NAME : synthetic_000313
TYPE : CTSP-D
DIMENSION : 100
GROUPS : 8
RELAXATION_LEVEL : 1
EDGE_WEIGHT_TYPE : EXPLICIT
EDGE_WEIGHT_FORMAT : FULL_MATRIX
EDGE_WEIGHT_SECTION
999999999 691133 391483 362504 411522 595858 613062 820143 325586 206132 403856 365812 322945 201812 610150 327227 749792 613622 184320 439720 300748 710455 427517 519795 127371 460222 443258 360174 646631 604169 227317 422997 501217 933772 321827 273448 272770 480229 575464 436031 157425 188606 332769 110451 596980 250846 294897 158609 595629 138338 731277 306216 145588 140622 175739 646177 446522 111991 662681 408226 393745 208796 106353 347426 436969 556637 302056 803969 555532 227096 200799 245318 663360 814676 518503 308949 269768 514602 249662 325008 643921 400924 321696 690630 133999 345515 478673 363645 232991 455379 319889 560385 634359 547637 367945 710909 544773 343376 524549 684523
691133 999999999 779617 814281 375507 618228 664000 130115 961037 672020 324793 899019 414521 532452 461106 674496 104710 803179 699501 485990 787725 149414 1117993 625480 818420 488930 284195 579638 340086 525725 916472 776364 622313 244166 924539 847652 423488 654693 185551 540093 709378 874361 492478 624692 444358 653576 465002 822360 718706 704221 132794 615021 558905 607631 623171 763180 736548 650061 337315 409074 297688 751388 775374 366285 1127875 145585 990759 190630 636625 471745 537479 913148 754591 123672 802193 914834 902753 237145 688966 851860 450737 522094 694582 791848 674386 694589 212830 329221 461175 661496 826866 666443 609559 507027 324175 204252 493272 1033561 288288 223774
391483 779617 999999999 63684 676329 942129 968502 885463 659097 592116 462307 168028 384560 321155 907037 708804 787404 994948 207516 309441 107666 866959 611428 248653 412059 779995 498978 715970 894079 923000 430697 812628 858668 984474 679693 651308 431802 847233 602330 260280 548821 483984 289852 312372 443962 167359 592908 326697 264799 529706 874870 674897 356560 295393 248541 299609 92154 492917 568840 692092 550480 599486 336974 439428 610622 695444 467640 802721 911021 399430 315218 356333 323817 891351 906091 667189 617390 712324 637006 709554 932740 735343 94814 338915 260736 729555 598509 504207 419385 825941 121841 259074 973459 359885 511785 690137 859809 508154 504924 878612
362504 814281 63684 999999999 681802 933518 957359 924553 609926 567438 492061 105908 408623 327015 909803 686850 828694 973857 185205 357604 62055 893349 550064 310636 366136 776478 530854 702929 906142 921135 375102 785476 846304 1026350 634396 611435 444088 831718 641509 311753 519247 434766 321809 298179 499975 172867 590254 277209 327979 500307 903251 657632 351709 286795 242921 361052 155838 469450 621397 694428 569621 566877 294730 462798 548817 721504 407851 848778 899562 406720 320888 297644 385789 929064 880867 622148 571214 729805 611662 671700 937402 727938 119938 399154 239712 706423 624813 523788 426241 809052 61137 322645 966980 417269 531228 736851 858226 447369 547269 899408
411522 375507 676329 681802 999999999 313413 353996 498601 612515 316715 303371 730810 323032 355806 231969 299701 469545 459930 510419 497898 632241 330764 808102 648309 529766 142787 305059 204428 235818 259740 631255 401733 275098 608219 567787 489625 248603 296798 373874 537010 367902 564899 423527 400313 575645 511195 119246 568202 750739 368799 358387 241566 335180 401180 440436 805484 679203 328931 550477 36732 180012 397843 515687 278654 820483 233485 704549 549158 307924 276905 361860 656744 809710 484039 436710 559629 557447 140585 323898 484242 256411 151963 581800 846576 463493 319251 228095 212478 256968 297017 665982 698279 328803 585723 206437 502837 199019 741175 406648 284025
595858 618228 942129 933518 313413 999999999 45774 715267 639117 406948 616519 958038 627008 627391 167659 296966 722500 199223 749443 806138 876272 507958 886432 952492 677690 173825 617974 235685 300741 100090 766518 297274 100730 806392 578283 512910 542895 138860 672477 841275 472376 677461 722181 635425 888923 775221 353543 747513 1053374 485552 539734 293078 585572 647913 693974 1108576 962154 484970 856487 281350 493389 461658 698435 587921 901475 503659 828587 808045 52926 557030 632785 821109 1114916 693972 251812 576646 602389 401423 376832 469345 195291 206937 851421 1150949 695806 292842 531643 524583 537863 167318 903613 1002405 45651 897888 518930 787434 126846 852615 717593 426486
613062 664000 968502 957359 353996 45774 999999999 760729 632568 417677 656147 977516 662987 657051 211869 301916 768261 158689 772534 842869 899136 553126 883726 987557 688080 212252 659032 254899 345034 143951 773663 283593 111914 851207 570748 509194 577350 138714 716506 876606 482042 682714 756403 659280 929559 802274 385209 761450 1087773 496439 584859 307212 612455 673368 719974 1143031 991879 501289 899773 320753 533920 465911 713579 625610 899000 548819 833271 853792 57862 588892 662279 831897 1150061 739330 225106 570126 599366 446350 383951 461342 237470 236751 878992 1185764 718433 294123 574843 563622 570089 167064 925202 1037360 71853 936375 558198 832552 172166 855154 759631 471306
820143 130115 885463 924553 498601 715267 760729 999999999 1090769 800739 443258 1013632 534475 656267 550949 798299 104215 907204 820573 582059 902357 209463 1247336 709293 947302 601716 401348 701070 420561 618214 1044750 896216 731200 114071 1053601 976468 550756 766504 283251 635626 839127 1004071 604119 750706 509689 769580 593220 948682 795209 834167 178857 739772 685983 732389 745171 834753 834466 780166 383851 530529 427274 880476 902529 489225 1257062 274213 1118839 150085 739621 598809 661043 1039018 822705 25135 915535 1044036 1032589 358202 816399 979046 533597 640685 804646 858501 798335 817577 341470 457154 589088 775799 941564 745576 700581 583425 452453 231810 594593 1161964 381915 293477
325586 961037 659097 609926 612515 639117 632568 1090769 999999999 295803 713083 560025 640815 526090 731109 354249 1035748 550592 475695 764981 552391 942666 257264 834063 248569 582562 748832 451048 816727 694998 248738 352620 541002 1204347 62769 129839 574971 500266 876830 758522 251659 175261 658353 435168 922499 557181 501605 332930 898843 257716 969221 390172 465736 465303 494807 945062 734328 315626 983331 591000 671062 214686 326648 655645 273034 816819 264438 1099880 586806 536062 525566 334586 965331 1080627 438769 62502 59292 746459 294889 171542 769369 518061 615206 988120 440757 350735 758260 653551 535675 471948 551489 870304 684696 872243 655742 1016563 653421 262736 839787 894266
206132 672020 592116 567438 316715 406948 417677 800739 295803 999999999 461582 570325 410340 331556 457315 121738 752955 407497 385141 572352 506049 646976 505478 683856 270841 303195 490499 178652 527602 434962 360877 221376 307749 913534 253240 175744 326522 280651 608861 584785 65833 275631 464969 284663 710773 438327 207846 344832 771168 78795 673784 115628 268707 308797 354767 824497 637653 99342 742694 296028 392997 81179 298900 406828 519176 526649 426205 822664 361609 302370 334264 414492 838510 789263 314034 244232 241163 451526 45131 187042 494577 237637 514211 869213 331389 139384 477841 385399 293446 254077 526018 729376 449020 681299 385755 749650 382920 454736 591637 599060
403856 324793 462307 492061 303371 616519 656147 443258 713083 461582 999999999 574366 91445 217391 519527 518963 357942 747542 377439 205849 463145 405160 826472 360566 526058 443902 42242 458239 465268 559134 617167 639081 568234 552257 691465 622291 138671 580415 173813 253730 473717 592442 172474 316687 275151 328818 299919 513033 463424 462023 412568 459453 259347 294617 302685 516360 432644 401057 281442 335426 124902 527541 470685 57446 834447 234589 689263 402786 607318 178137 221504 601402 517008 444146 701344 679753 653974 272877 495013 647438 533897 433495 373315 554778 358070 543304 138551 93427 177437 572556 502238 409358 631726 283200 98208 307058 500828 733963 130084 424157
365812 899019 168028 105908 730810 958038 977516 1013632 560025 570325 574366 999999999 486462 386716 952201 692021 920397 976838 220557 457886 111350 967972 464192 416329 332279 810817 614870 723148 961933 956420 313542 779557 865607 1118066 593385 583044 507201 845912 732005 414438 514335 389262 409794 331854 604407 245647 629054 240569 427720 496357 980240 671567 395652 329806 294168 455906 259242 477685 723520 738721 638526 554634 275171 538641 461060 796970 330480 945042 919769 464685 380690 228845 481693 1016646 877327 581959 529396 794506 612229 646437 982365 756884 215018 490986 268499 709128 701533 594019 482946 821189 72162 426496 994615 522425 601156 834021 894569 365195 641414 966948
322945 414521 384560 408623 323032 627008 662987 534475 640815 410340 91445 486462 999999999 128142 552152 485371 449194 736686 286104 180618 375707 484726 740139 326047 441311 453440 133662 441021 517671 582609 529639 606227 565732 643699 624513 559468 90496 570890 263558 214641 411766 510450 102969 228868 300864 240985 284118 423295 428000 397910 495032 429660 177412 205109 211255 482926 367132 336885 342627 348996 168303 468113 382450 54880 747598 312882 600864 491601 610202 108887 131727 510905 488188 534908 678065 612333 582337 330204 448437 591314 571839 429863 292262 524591 267193 509916 216274 122429 117101 558752 414546 376043 648214 281685 130015 391842 521089 645891 201671 494113
201812 532452 321155 327015 355806 627391 657051 656267 526090 331556 217391 386716 128142 999999999 585936 429121 574724 703798 170972 245506 281246 584757 612362 353524 314813 461033 259353 411663 579448 602658 401577 546007 550362 767198 516541 458060 120539 545360 390962 253365 316191 386041 136597 101043 397350 155405 274521 295654 445049 299619 599283 382522 64482 77232 93840 499586 334880 242026 461537 370940 253355 374063 254316 167083 619648 415978 472730 619494 600575 79714 6137 384218 511397 654901 629265 503923 468979 407804 374667 498479 612092 420828 227266 543972 142083 452733 323946 210551 99262 527659 317568 400329 656227 355078 217266 519860 539446 517750 327792 580331
610150 461106 907037 909803 231969 167659 211869 550949 731109 457315 519527 952201 552152 585936 999999999 377145 565811 366099 733554 721872 857985 342260 961378 874759 714074 154444 511052 282166 133173 67931 811596 422669 217019 639493 674905 601273 480538 261235 540304 764086 521307 731644 653924 620414 779462 740938 323217 768561 977711 529410 373818 345562 559289 625287 667105 1031950 911153 509112 728360 215400 395313 528957 716496 504427 975437 361888 880580 651735 203061 507876 591912 851817 1034604 528998 402883 670487 685249 266546 441708 571424 38306 219714 812782 1071981 683715 383583 410424 435309 487881 282698 890132 924510 149715 801720 428404 642436 77999 911285 601100 259719
327227 674496 708804 686850 299701 296966 301916 798299 354249 121738 518963 692021 485371 429121 377145 999999999 765513 287011 503117 658762 625852 622683 592507 782119 387771 232238 540535 103096 470494 341720 471748 120936 196237 907528 297829 224538 395775 163262 644571 678023 182404 381142 555299 397760 784288 550637 225242 465421 873938 198416 652211 61513 370464 419152 466231 928218 749257 217429 798118 268650 426449 164750 420359 469595 607249 530549 532050 842024 248073 383833 432824 531519 940484 783537 200595 293354 310788 440172 82721 196968 415442 171196 627538 972737 448808 24559 502865 431870 370359 135363 646878 829375 341186 765217 430125 782604 299308 555651 645965 562309
749792 104710 787404 828694 469545 722500 768261 104215 1035748 752955 357942 920397 449194 574724 565811 765513 999999999 905966 734159 481473 809481 244669 1176967 605726 875768 589500 315723 673842 443880 630391 970642 871254 723974 197737 1003061 927431 477226 755091 188696 534615 784979 936721 510745 672308 405528 678379 549120 869862 691038 778032 221245 705011 610467 651771 660354 730562 733532 721154 281020 504459 364787 830466 825821 408522 1185890 236061 1043864 85926 739913 524139 579070 958940 718636 119247 901472 992761 976805 335182 773551 936348 555089 619075 709081 754537 715963 786542 277494 387146 516822 760634 848606 641548 714238 479380 383634 130259 597156 1087909 282506 324359
613622 803179 994948 973857 459930 199223 158689 907204 550592 407497 747542 976838 736686 703798 366099 287011 905966 999999999 789934 916584 912852 702478 807787 1051360 661258 321260 757954 296188 498559 299115 732911 206669 185348 1001896 487974 442156 646757 167140 833432 943180 462870 638205 820054 682987 1022427 834603 452954 745003 1147328 480568 734379 322427 649612 702809 750160 1202291 1031879 504437 1009504 423499 632825 429056 702928 708170 823529 677658 782642 990392 167588 646953 708187 802407 1212512 886822 112003 490679 530153 574517 364684 383008 394502 314659 911857 1246324 735532 268125 687958 654287 630337 178145 933495 1100065 230190 1017570 650128 958394 312646 796852 862668 622671
184320 699501 207516 185205 510419 749443 772534 820573 475695 385141 377439 220557 286104 170972 733554 503117 734159 789934 999999999 323013 126840 755728 491510 360716 229037 595476 419546 517913 741454 740821 283299 605238 661310 929575 486971 450371 290778 646521 546565 300302 341443 306404 236774 114495 485785 84841 411104 166024 423528 322321 770132 472524 175255 109271 77250 471106 264918 286230 580749 519201 424260 392922 150611 333371 495604 586727 343593 770959 714705 246171 165260 239002 490445 820729 699170 474139 427499 576607 429885 506093 762986 544750 141309 514852 54570 523306 493763 381448 263739 623953 156637 394932 783754 419154 388212 665163 678340 389212 468663 749833
439720 485990 309441 357604 497898 806138 842869 582059 764981 572352 205849 457886 180618 245506 721872 658762 481473 916584 323013 999999999 352598 594045 814205 154725 535304 632334 227776 620548 671054 757277 604338 778835 746341 677249 759855 703319 269854 751200 302037 54109 561444 611709 108909 329817 163029 242883 464546 487703 257599 545066 595830 605486 309908 299707 275110 310838 252427 486842 266624 526244 327031 619285 462102 219253 818550 430234 666573 493312 790530 274930 244421 560992 312732 590151 854761 747104 709482 478574 613668 743774 738059 610442 243254 350152 335282 683142 339086 286861 288998 738497 389628 203614 825748 109604 293602 380696 696907 712216 200382 623690
300748 787725 107666 62055 632241 876272 899136 902357 552391 506049 463145 111350 375707 281246 857985 625852 809481 912852 126840 352598 999999999 858479 508775 333075 306616 721723 503556 644385 860046 866886 323314 723643 787779 1007089 574856 550170 400927 772197 620975 312870 457302 377147 298749 241188 505070 134722 536533 219568 366525 438384 870151 597822 298699 232796 191839 404953 192818 408426 619197 642972 530428 504823 233702 428368 508931 687123 362968 835534 841290 360500 275130 250949 428301 905302 819221 562493 512026 688268 550130 610088 886596 671533 110385 445327 180703 645183 591296 485385 379459 749158 39210 353142 910560 426185 492636 725082 804233 404761 531394 859788
710455 149414 866959 893349 330764 507958 553126 209463 942666 646976 405160 967972 484726 584757 342260 622683 244669 702478 755728 594045 858479 999999999 1127356 742523 836227 408410 371335 521060 211126 409867 937465 709734 531398 299567 898551 820389 465683 569384 311358 647071 695178 881941 577437 664703 578658 724220 442538 856272 840459 694030 31908 568307 595715 653630 678564 888139 836125 647478 481777 356207 331622 728155 805833 430730 1138781 171854 1012132 327489 535145 512405 590499 947709 882088 186908 718880 890357 886881 198603 654364 813243 324139 455928 776365 919928 721611 639341 268705 374538 497308 581667 896775 786838 491651 632740 367628 353636 390363 1052139 408551 84121
427517 1117993 611428 550064 808102 886432 883726 1247336 257264 505478 826472 464192 740139 612362 961378 592507 1176967 807787 491510 814205 508775 1127356 999999999 836767 301242 808041 867198 679549 1031152 932996 211839 607917 786460 1361093 319813 374539 699741 748150 999839 790866 444521 245503 721198 511351 977153 574417 689562 326709 874977 440588 1150458 615900 567741 536681 544997 910905 701006 480599 1066120 794100 820315 432672 359120 771535 15820 981046 148696 1228905 835122 653069 609327 259843 935244 1241339 695898 317510 284386 928907 520237 426606 999045 742364 605021 949182 483514 593854 905922 791160 660225 719459 489721 861050 931578 909826 795420 1131939 885449 104377 939819 1091368
519795 625480 248653 310636 648309 952492 987557 709293 834063 683856 360566 416329 326047 353524 874759 782119 605726 1051360 360716 154725 333075 742523 836767 999999999 589516 779203 381417 755711 825775 908049 637739 899522 887364 794968 839595 792871 410262 888521 439972 111411 661310 667033 231997 411901 214759 277196 604357 522063 103095 643309 742048 733304 415189 383034 344056 157255 161408 590254 349049 675009 480865 718510 511273 370497 838230 582287 688613 601460 933745 404457 350259 576924 162505 720460 981667 826666 783139 633285 727583 840929 891826 752436 231826 198555 393630 805919 492908 439469 421518 873536 361372 49999 974252 130108 446438 489965 846888 732402 337505 776174
127371 818420 412059 366136 529766 677690 688080 947302 248569 270841 526058 332279 441311 314813 714074 387771 875768 661258 229037 535304 306616 836227 301242 589516 999999999 560580 566441 446067 762365 700005 101761 457511 578575 1060841 268301 250785 398558 550216 699042 521694 206041 77665 434092 214298 697139 312478 410963 91977 650861 192140 857606 385117 266849 241958 260197 696604 485782 205513 774616 522405 521107 232216 78576 470651 310183 683877 176070 928022 632348 351831 312392 143838 717090 941990 556070 256017 205439 639356 305053 314240 749583 497361 367047 739579 200943 400113 605854 490477 359154 522865 310348 623861 719369 638722 494935 832408 643975 216271 642396 807490
460222 488930 779995 776478 142787 173825 212252 601716 582562 303195 443902 810817 453440 461033 154444 232238 589500 321260 595476 632334 721723 408410 808041 779203 560580 999999999 447558 131537 238723 145604 657497 302595 136122 704367 528560 453006 370435 165763 513162 667894 366912 577205 549607 481077 717599 612640 187087 617895 880433 374981 439602 193370 425024 489714 534114 935579 794361 356344 692508 108586 322106 376360 566284 414133 821951 357592 726200 672674 165159 387609 466678 699527 941539 583605 313947 523178 534516 255037 289813 429178 191408 65677 687486 977730 543571 243175 368558 351408 368033 174188 751770 829156 196344 724411 345951 637163 84573 756854 549429 339249
443258 284195 498978 530854 305059 617974 659032 401348 748832 490499 42242 614870 133662 259353 511052 540535 315723 757954 419546 227776 503556 371335 867198 381417 566441 447558 999999999 473627 446945 554838 658370 659543 576052 510076 725265 654725 174022 591269 132642 278819 506470 631843 209593 358205 271209 369578 317579 554927 483259 495610 376831 480043 299593 336548 344914 534844 464790 435048 257724 339192 125711 559090 512175 95875 875347 203433 730715 361725 612370 216480 263550 643480 533514 402625 717422 713757 689604 254889 521907 677221 522585 443308 411544 571551 400256 564602 111493 108674 213778 585352 542711 428967 630234 291990 110833 268556 498665 775299 106087 396159
360174 579638 715970 702929 204428 235685 254899 701070 451048 178652 458239 723148 441021 411663 282166 103096 673842 296188 517913 620548 644385 521060 679549 755711 446067 131537 473627 999999999 368292 256329 538924 197469 143400 808891 397170 321469 350837 133716 565948 647120 244254 454228 524101 405173 731191 550976 158943 512583 852594 255097 550955 63814 361921 420588 467635 907706 744346 249437 730246 170709 352260 246917 463037 415096 693738 437820 604853 752742 197038 351280 416428 588455 917274 685417 243802 391672 403521 343212 159547 299416 320116 68307 628167 951503 463696 118286 420980 366406 334338 118046 670305 804646 274921 722418 363226 700626 205908 633044 579666 459409
646631 340086 894079 906142 235818 300741 345034 420561 816727 527602 465268 961933 517671 579448 133173 470494 443880 498559 741454 671054 860046 211126 1031152 825775 762365 238723 446945 368292 999999999 201083 863236 535942 339355 506597 764780 688102 462745 381419 447117 718466 586670 791936 620398 633880 703144 733516 352084 803842 928497 590966 242228 426818 567080 632379 668762 980966 884702 558448 634615 240005 349979 605651 751297 464696 1044299 265809 935560 529443 333451 499805 585585 891948 980336 397979 528205 758727 766101 192539 521909 667429 113081 300083 799370 1018333 696596 481898 337132 395300 480633 398927 895225 874327 281243 737543 387745 532514 193487 970417 522755 127478
604169 525725 923000 921135 259740 100090 143951 618214 694998 434962 559134 956420 582609 602658 67931 341720 630391 299115 740821 757277 866886 409867 932996 908049 700005 145604 554838 256329 201083 999999999 794603 371434 162747 707402 636667 565766 504999 207542 594920 796746 500453 710557 682322 626494 825460 755794 330920 761017 1010456 510670 441496 319849 569447 634544 678435 1065221 933629 498005 781846 234981 434242 500968 709833 538153 947495 419807 861127 716251 139423 527048 608444 840807 1069377 596453 342219 633314 652487 320584 413420 530364 96078 203594 829797 1106292 689096 344367 459670 470844 507170 232051 897214 958018 83901 842334 464407 702553 63212 889271 649397 327576
227317 916472 430697 375102 631255 766518 773663 1044750 248738 360877 617167 313542 529639 401577 811596 471748 970642 732911 283299 604338 323314 937465 211839 637739 101761 657497 658370 538924 863236 794603 999999999 526428 666329 1157930 289489 298963 494385 634996 790906 583600 295045 94972 509643 300822 767364 367615 512301 117281 686477 283947 958535 476464 360175 325349 333340 727460 514560 305192 854355 623231 619910 308880 147528 563170 218294 783641 74739 1019950 719293 446787 398328 85894 750118 1040137 623985 279457 227045 740892 390040 363670 847601 593375 406989 768412 271838 481060 703660 587598 455681 606912 314418 666476 809328 702423 592390 921436 740088 117312 728492 909245
422997 776364 812628 785476 401733 297274 283593 896216 352620 221376 639081 779557 606227 546007 422669 120936 871254 206669 605238 778835 723643 709734 607917 899522 457511 302595 659543 197469 535942 371434 526428 999999999 208709 1002413 290034 236930 516704 163991 759749 796792 266718 431636 674515 505979 905212 659653 342484 543670 989569 285447 740519 179674 485498 529625 575918 1043416 858969 320615 917265 367343 542941 225982 504410 590297 623500 635205 576174 950178 244437 503972 549384 597177 1056536 879759 98559 290834 326252 539421 176246 181405 459801 255632 735585 1088064 551983 96378 616083 550908 490905 140088 740984 946177 342536 885698 548827 896163 347056 591385 765294 641839
501217 622313 858668 846304 275098 100730 111914 731200 541002 307749 568234 865607 565732 550362 217019 196237 723974 185348 661310 746341 787779 531398 786460 887364 578575 136122 576052 143400 339355 162747 666329 208709 999999999 830364 480901 413709 477731 44819 648196 777180 372808 576883 655438 548439 843346 693044 283012 650383 986267 386522 563170 195683 503441 563304 610165 1041527 884612 389516 825380 238918 450434 360939 602135 532505 801431 493424 727970 807711 54347 485115 555403 722236 1049702 711967 189048 478667 502755 390560 276399 372729 253031 136023 770041 1084787 607094 192613 502900 474820 466926 70286 813528 936873 145254 843673 470155 773249 145893 751885 679862 455837
933772 244166 984474 1026350 608219 806392 851207 114071 1204347 913534 552257 1118066 643699 767198 639493 907528 197737 1001896 929575 677249 1007089 299567 1361093 794968 1060841 704367 510076 808891 506597 707402 1157930 1002413 830364 999999999 1166593 1089275 663654 867480 386128 729819 952748 1118025 708340 862732 587074 875600 705796 1060735 874811 947974 267663 849771 798655 843724 854883 910383 928454 894169 454475 639020 541234 993532 1015103 600151 1370734 387543 1231885 197855 834662 711554 771825 1150742 895981 124468 1016963 1157149 1146272 467650 928220 1090567 617940 746850 906785 930282 909110 926192 455172 570459 702263 878459 1046232 827608 787682 666198 565908 305469 689929 1275193 479627 379915
321827 924539 679693 634396 567787 578283 570748 1053601 62769 253240 691465 593385 624513 516541 674905 297829 1003061 487974 486971 759855 574856 898551 319813 839595 268301 528560 725265 397170 764780 636667 289489 290034 480901 1166593 999999999 78168 552796 439540 850420 757845 219607 204156 651685 432180 913804 565062 461074 358194 909941 229655 925929 338161 453806 462283 496378 958070 750119 290420 966681 544124 639739 173151 342953 634329 335558 779404 316024 1070066 525781 517232 516748 373842 977152 1042388 376101 12928 63991 704367 245298 109408 713209 464962 628124 1001806 446723 292414 726223 625957 514588 411413 577970 878251 623911 868531 627500 990980 596994 319316 820072 846906
273448 847652 651308 611435 489625 512910 509194 976468 129839 175744 622291 583044 559468 458060 601273 224538 927431 442156 450371 703319 550170 820389 374539 792871 250785 453006 654725 321469 688102 565766 298963 236930 413709 1089275 78168 999999999 483929 374225 777922 705456 148606 204855 594484 381326 853484 523327 383535 342685 868727 161560 847799 261285 394046 410804 448977 918719 715288 222669 900081 466025 565182 97075 316735 565604 389843 702345 341685 995593 461152 451047 458923 377228 936396 964992 330816 70755 90294 626381 167405 64922 639531 388787 591202 963007 405017 222013 651171 553365 446756 345627 558429 833824 558299 812720 554545 918711 523604 354717 751738 768915
272770 423488 431802 444088 248603 542895 577350 550756 574971 326522 138671 507201 90496 120539 480538 395775 477226 646757 290778 269854 400927 465683 699741 410262 398558 370435 174022 350837 462745 504999 494385 516704 477731 663654 552796 483929 999999999 481409 304313 299589 335324 460595 179287 202105 388790 271229 195027 399063 510550 323395 481371 339446 135417 188291 214058 565783 430615 262394 417142 270019 134143 389731 351921 81677 708717 298964 568236 531825 523516 48319 126531 490119 572763 547052 587616 541084 515782 287443 362524 510831 503694 342346 336996 608415 256271 420333 211156 94656 40089 468706 437727 460024 566521 372172 100435 442425 442427 611688 267811 459794
480229 654693 847233 831718 296798 138860 138714 766504 500266 280651 580415 845912 570890 545360 261235 163262 755091 167140 646521 751200 772197 569384 748150 888521 550216 165763 591269 133716 381419 207542 634996 163991 44819 867480 439540 374225 481409 999999999 670550 779385 344242 544018 656658 535313 855288 683241 286791 625340 985918 359168 601003 174657 494864 552193 599449 1041071 877616 368260 844034 260078 466459 327239 578463 541268 763269 522123 694645 837948 86973 484330 550102 694052 1050343 747880 149518 437803 463907 420213 245540 330785 297555 148122 760550 1084772 592010 155828 524588 487187 467004 28732 796353 937628 184430 851188 483080 798839 188495 716973 696298 495509
575464 185551 602330 641509 373874 672477 716506 283251 876830 608861 173813 732005 263558 390962 540304 644571 188696 833432 546565 302037 620975 311358 999839 439972 699042 513162 132642 565948 447117 594920 790906 759749 648196 386128 850420 777922 304313 670550 999999999 356097 630850 763961 322231 490499 267598 489684 419489 686590 534032 621268 306021 583093 432199 468185 473747 579635 553948 561586 188444 410541 218668 681299 644497 228395 1007980 181570 863075 229091 676615 348414 394910 774462 572249 289268 807142 839258 817538 274452 636411 795785 542555 523998 521663 609874 530702 667738 146048 224571 344380 669380 660127 481395 676235 323361 223470 140860 546789 907756 102804 362035
436031 540093 260280 311753 537010 841275 876606 635626 758522 584785 253730 414438 214641 253365 764086 678023 534615 943180 300302 54109 312870 647071 790866 111411 521694 667894 278819 647120 718466 796746 583600 796792 777180 729819 757845 705456 299589 779385 356097 999999999 567879 599062 123302 325682 192481 216468 494216 466326 213794 550624 649339 627305 317197 295634 263851 268475 198925 494662 309648 563598 371283 625657 445876 259660 794284 482016 642375 544029 823069 296602 251010 534100 273651 643974 876408 744974 704701 526376 627532 749575 781777 641932 202486 309950 320840 702116 389520 329027 312845 765121 348386 161410 862853 118966 336112 431182 735510 687654 254240 674965
157425 709378 548821 519247 367902 472376 482042 839127 251659 65833 473717 514335 411766 316191 521307 182404 784979 462870 341443 561444 457302 695178 444521 661310 206041 366912 506470 244254 586670 500453 295045 266718 372808 952748 219607 148606 335324 344242 630850 567879 999999999 210530 452623 251821 708007 403027 252646 283445 743633 19124 720776 181444 251710 279169 322251 795705 601231 75244 751634 350912 420805 57874 240064 416998 457801 565255 360688 850837 426431 303056 317769 349871 811365 829128 363533 208631 193597 497505 99909 182330 558269 301658 476559 840389 289695 196593 507671 406357 298257 317051 474273 704822 514678 671046 407898 771468 447661 390029 603132 651862
188606 874361 483984 434766 564899 677461 682714 1004071 175261 275631 592442 389262 510450 386041 731644 381142 936721 638205 306404 611709 377147 881941 245503 667033 77665 577205 631843 454228 791936 710557 94972 431636 576883 1118025 204156 204855 460595 544018 763961 599062 210530 999999999 509251 287037 773039 390083 445848 157673 727147 202557 904958 390837 333647 315751 336792 772167 560501 236161 847342 552938 576799 216832 155793 536025 256858 736172 151204 992269 629202 415547 384121 173021 793053 997411 529067 192888 140190 683568 300722 269741 768431 512102 443354 814824 278223 389057 663126 549707 420603 515681 376684 700981 720950 715795 553546 899482 658190 179695 712099 847212
332769 492478 289852 321809 423527 722181 756403 604119 658353 464969 172474 409794 102969 136597 653924 555299 510745 820054 236774 108909 298749 577437 721198 231997 434092 549607 209593 524101 620398 682322 509643 674515 655438 708340 651685 594484 179287 656658 322231 123302 452623 509251 999999999 223931 264552 169083 372467 395130 331371 436180 585021 504093 201015 194210 176340 386629 264959 378145 345359 447668 270600 510479 364058 155963 726669 406286 575594 539439 702173 173307 135561 474932 394264 607822 753279 638975 602248 431886 506930 634948 674302 520741 202144 429511 237831 579482 309512 225108 189763 642052 337896 281435 745515 218486 232655 431069 620214 621363 235001 592650
110451 624692 312372 298179 400313 635425 659280 750706 435168 284663 316687 331854 228868 101043 620414 397760 672308 682987 114495 329817 241188 664703 511351 411901 214298 481077 358205 405173 633880 626494 300822 505979 548439 862732 432180 381326 202105 535313 490499 325682 251821 287037 223931 999999999 488483 153674 297416 198007 491893 233243 681861 362533 69198 30194 70607 543887 352994 185881 560569 406965 334945 308006 153998 263810 518731 500495 372578 719408 601518 153906 98254 288464 559649 747995 596822 419317 379982 477621 329779 429273 650528 430352 229975 588575 63398 419258 413035 296722 167539 513667 270723 454045 669394 437340 302532 620708 564122 417349 428792 651218
596980 444358 443962 499975 575645 888923 929559 509689 922499 710773 275151 604407 300864 397350 779462 784288 405528 1022427 485785 163029 505070 578658 977153 214759 697139 717599 271209 731191 703144 825460 767364 905212 843346 587074 913804 853484 388790 855288 267598 192481 708007 773039 264552 488483 999999999 404529 572261 650716 287737 692844 571646 726920 460154 458724 437209 325112 367491 632766 134993 609020 395649 765293 624737 316444 981388 439938 829377 390809 881788 408430 397398 723101 313301 523812 972837 901218 865953 516526 749283 889418 788290 708622 394721 349633 497837 808841 369849 368577 417947 846730 539988 241577 901412 85856 373196 282005 769818 874977 180416 628212
250846 653576 167359 172867 511195 775221 802274 769580 557181 438327 328818 245647 240985 155405 740938 550637 678379 834603 84841 242883 134722 724220 574417 277196 312478 612640 369578 550976 733516 755794 367615 659653 693044 875600 565062 523327 271229 683241 489684 216468 403027 390083 169083 153674 404529 999999999 425555 250372 345576 384111 735568 512764 189829 131794 84472 395454 199326 339405 505549 525692 397679 457744 234507 293789 577959 552695 425989 708521 744965 234807 149339 318595 413155 771902 750204 552155 507196 557195 483447 575846 767425 568337 77361 439841 118605 572468 456688 352164 254553 662888 173613 313467 806203 335434 359520 599863 692621 471353 404049 727478
294897 465002 592908 590254 119246 353543 385209 593220 501605 207846 299919 629054 284118 274521 323217 225242 549120 452954 411104 464546 536533 442538 689562 604357 410963 187087 317579 158943 352084 330920 512301 342484 283012 705796 461074 383535 195027 286791 419489 494216 252646 445848 372467 297416 572261 425555 999999999 452856 703516 251851 468218 163896 238546 303865 347514 758787 608852 209762 575204 113499 201207 288372 400295 256183 701781 319440 585425 622193 330094 203735 280068 540127 766722 581474 401432 451929 444967 245047 224537 387478 354267 148614 500489 801911 360623 248716 279364 209264 184883 275486 567736 653895 381707 564617 206747 558135 267972 621930 423588 401828
158609 822360 326697 277209 568202 747513 761450 948682 332930 344832 513033 240569 423295 295654 768561 465421 869862 745003 166024 487703 219568 856272 326709 522063 91977 617895 554927 512583 803842 761017 117281 543670 650383 1060735 358194 342685 399063 625340 686590 466326 283445 157673 395130 198007 650716 250372 452856 999999999 574956 267005 875046 454819 263810 218422 219632 618112 405489 263670 740441 566326 530037 317704 52569 461384 331677 695580 180509 914895 704645 350747 291688 91507 639838 945780 642070 346182 294604 663961 383287 405884 802483 557446 292766 660120 158641 480019 610217 493667 362593 598909 219829 552385 787502 585168 499190 813564 702347 226261 618792 836095
595629 718706 264799 327979 750739 1053374 1087773 795209 898843 771168 463424 427720 428000 445049 977711 873938 691038 1147328 423528 257599 366525 840459 874977 103095 650861 880433 483259 852594 928497 1010456 686477 989569 986267 874811 909941 868727 510550 985918 534032 213794 743633 727147 331371 491893 287737 345576 703516 574956 999999999 725123 838604 827281 504089 464635 421795 55272 173978 675110 421499 776953 583959 799866 572389 473345 874665 682778 729479 678337 1033447 501679 441177 617382 67782 808002 1074261 897063 850991 735969 815590 920102 994908 851968 283831 99011 464161 897359 594712 542463 519451 970018 386409 54293 1075893 212450 549459 569626 949080 771162 432811 876718
138338 704221 529706 500307 368799 485552 496439 834167 257716 78795 462023 496357 397910 299619 529410 198416 778032 480568 322321 545066 438384 694030 440588 643309 192140 374981 495610 255097 590966 510670 283947 285447 386522 947974 229655 161560 323395 359168 621268 550624 19124 202557 436180 233243 692844 384111 251851 267005 725123 999999999 719105 193250 235166 260835 303585 777083 582208 61203 738753 353554 413377 75227 222612 405025 453499 560765 351303 842683 440404 289520 301016 335715 792871 824685 381997 218197 198867 495838 116545 199027 566030 310193 457514 821755 270588 213567 500547 397094 285648 332317 455628 686595 527353 654662 398946 761649 456709 382232 591013 652779
731277 132794 874870 903251 358387 539734 584859 178857 969221 673784 412568 980240 495032 599283 373818 652211 221245 734379 770132 595830 870151 31908 1150458 742048 857606 439602 376831 550955 242228 441496 958535 740519 563170 267663 925929 847799 481371 601003 306021 649339 720776 904958 585021 681861 571646 735568 468218 875046 838604 719105 999999999 597245 613160 669651 692884 885220 840879 671384 469467 384917 347307 754938 825082 441788 1161670 183516 1033259 302092 567052 528706 604914 966547 878227 155829 750512 917554 913058 223297 682269 841840 355095 486268 785383 915884 737640 669194 278885 388733 514325 613067 908708 785359 523079 629136 382085 335923 422268 1073761 405815 114820
306216 615021 674897 657632 241566 293078 307212 739772 390172 115628 459453 671567 429660 382522 345562 61513 705011 322427 472524 605486 597822 568307 615900 733304 385117 193370 480043 63814 426818 319849 476464 179674 195683 849771 338161 261285 339446 174657 583093 627305 181444 390837 504093 362533 726920 512764 163896 454819 827281 193250 597245 999999999 327221 381058 428443 881982 709516 194267 737739 212377 365073 183399 406455 411231 630044 470559 541661 781032 250012 331210 386692 528229 893180 725542 249346 331923 341207 382121 96448 245379 383378 128152 590104 926270 417962 84832 441383 371377 316487 151430 621709 781297 334273 710707 369436 721092 269638 569423 585697 511307
145588 558905 356560 351709 335180 585572 612455 685983 465736 268707 259347 395652 177412 64482 559289 370464 610467 649612 175255 309908 298699 595715 567741 415189 266849 425024 299593 361921 567080 569447 360175 485498 503441 798655 453806 394046 135417 494864 432199 317197 251710 333647 201015 69198 460154 189829 238546 263810 504089 235166 613160 327221 999999999 66136 109095 558073 382911 177657 518357 344397 266701 309582 216557 203822 576116 432343 433575 661211 555184 87194 66245 355044 571046 682459 571046 441284 407942 408503 312419 433998 588140 378795 266621 602677 129915 393596 346488 229909 99044 475486 331266 461057 617173 419499 235383 566133 506518 477452 378967 582127
140622 607631 295393 286795 401180 647913 673368 732389 465303 308797 294617 329806 205109 77232 625287 419152 651771 702809 109271 299707 232796 653630 536681 383034 241958 489714 336548 420588 632379 634544 325349 529625 563304 843724 462283 410804 188291 552193 468185 295634 279169 315751 194210 30194 458724 131794 303865 218422 464635 260835 669651 381058 66136 999999999 47385 517112 330130 211028 532683 410499 322365 335885 177846 243637 543612 487162 395894 696643 615797 141250 73382 307219 532322 730500 619076 449427 410174 470222 353773 457897 654258 441669 209077 561835 67998 441218 397380 282009 157292 531447 265131 425795 680565 407150 288241 596407 571745 441061 403172 643810
175739 623171 248541 242921 440436 693974 719974 745171 494807 354767 302685 294168 211255 93840 667105 466231 660354 750160 77250 275110 191839 678564 544997 344056 260197 534114 344914 467635 668762 678435 333340 575918 610165 854883 496378 448977 214058 599449 473747 263851 322251 336792 176340 70607 437209 84472 347514 219632 421795 303585 692884 428443 109095 47385 999999999 473507 283260 256292 521165 451817 347195 378129 187979 256889 550681 509477 400093 700032 662480 170536 88065 302905 489573 744827 665952 483458 441607 500715 399840 498577 695182 487420 161705 518173 61502 488154 416642 304215 188818 578796 226463 384997 726054 379273 311000 596257 615453 445809 400461 673633
646177 763180 299609 361052 805484 1108576 1143031 834753 945062 824497 516360 455906 482926 499586 1031950 928218 730562 1202291 471106 310838 404953 888139 910905 157255 696604 935579 534844 907706 980966 1065221 727460 1043416 1041527 910383 958070 918719 565783 1041071 579635 268475 795705 772167 386629 543887 325112 395454 758787 618112 55272 777083 885220 881982 558073 517112 473507 999999999 212951 727938 455910 831916 637715 851596 618422 527748 909843 732796 767139 712934 1088719 556878 495621 655546 27039 848535 1128637 945231 898382 788436 869052 971051 1048755 907240 330167 44730 513726 951551 646120 596642 574691 1025069 421184 107443 1130958 256309 603578 606467 1003953 807755 479677 926610
