NAME : synthetic_000895
TYPE : CTSP-D
DIMENSION : 100
GROUPS : 8
RELAXATION_LEVEL : 1
EDGE_WEIGHT_TYPE : EXPLICIT
EDGE_WEIGHT_FORMAT : FULL_MATRIX
EDGE_WEIGHT_SECTION
999999999 538547 362693 92587 591511 541810 395291 652054 527808 402680 492638 380257 376004 406428 564688 332443 536940 130051 338695 411256 322565 287298 491795 212176 449911 249010 417214 292230 689156 305292 506808 473696 582204 211560 512536 579189 615875 199401 414538 282702 472416 691268 358033 279376 142957 536397 395725 265654 75847 184769 69308 412156 363850 513995 570989 323757 319733 507746 104181 397314 516875 548072 371932 328157 691330 417237 288168 475658 205112 510498 455628 219943 325092 477315 538906 211373 354920 432100 408449 673376 225675 629818 524960 542389 158704 338970 264337 617969 305333 485493 297238 798605 573776 676693 217289 461605 475449 593386 92956 415683
538547 999999999 765442 620081 331056 829275 143554 502285 432140 863389 251031 245899 385501 923196 702914 612889 288919 439077 852430 932891 353685 799355 225004 612552 376004 305179 660323 647203 594775 837543 55213 74531 337860 544259 975403 421003 807493 423524 473115 397017 874209 1086944 715091 373581 672044 1042718 178146 803622 573239 353955 517124 858433 766285 831911 1001541 856569 225251 109536 549550 709795 916618 952111 874668 264206 499546 255141 825926 92993 460096 997459 993868 518122 726735 750614 899501 398081 576759 218724 423333 985851 763504 450052 212638 490009 491958 776469 620068 891461 756547 873327 808595 582521 789531 976164 337755 432629 134912 674745 448492 155094
362693 765442 999999999 291254 644924 211593 634962 604276 880694 124001 811242 695643 419419 544842 343525 683646 614139 479996 224022 533828 667944 484586 803090 550131 478880 473404 198841 628580 587704 430308 716690 723008 913837 223638 219074 573492 332537 554603 374188 636369 114824 337571 68602 393342 386719 664354 682160 327468 416788 475747 318896 104847 1159 170539 236447 300116 597976 688708 271156 119736 160036 194338 554212 501522 655562 540693 379993 737476 307505 681348 430507 581400 630688 183271 176687 371610 230598 573894 765201 315721 357815 612412 647647 484522 521393 614654 606438 280977 579312 123734 205339 743439 286379 322557 533907 446731 756214 403914 392405 611707
92587 620081 291254 999999999 637295 486373 476568 675397 616836 315256 585132 472360 408052 362017 540625 392405 586526 222443 246225 362257 414318 255770 583978 259411 483530 320625 384216 338775 700301 248757 584669 558167 674569 198558 422936 610337 576638 289824 427396 372825 394864 609183 300469 321500 116077 494612 484910 186809 126492 269776 106637 327300 292405 453339 485327 236690 406499 579803 97261 347982 438121 467546 340609 391528 718741 472956 219835 562171 228682 481341 376100 295087 350658 430031 467474 258380 338075 492961 496311 606674 160270 659872 584723 558996 241021 347784 315569 561369 311931 410451 204651 823822 532169 612407 308207 484669 564639 578759 172272 488419
591511 331056 644924 637295 999999999 623769 334324 174179 731917 765261 559824 503797 237174 995126 447452 809355 59813 558430 808942 997628 584695 878532 535218 754037 167354 364096 474636 815329 269643 885674 284310 362790 660364 471883 862925 106918 556532 587742 272327 607071 730170 910469 579163 315980 732673 1126600 431987 816802 656643 454406 536056 749560 645346 643216 859537 845215 408449 226327 541719 548275 764158 797358 963418 278349 168800 182538 856037 392615 411242 1101760 995334 687076 879745 554664 724284 381715 415392 185699 686002 770158 797552 121170 122869 205176 634179 912421 784150 667693 883053 720057 768586 260311 553785 754591 485783 201076 440113 398887 505548 259402
541810 829275 211593 486373 623769 999999999 719559 528170 1028387 294517 930000 818667 445774 754933 204378 873014 611875 641341 424926 743070 814595 695812 916985 744364 477824 576812 169363 824479 480154 641543 775455 803727 1038907 350600 326648 529114 139701 715592 366299 792237 183137 290318 185965 467784 591197 871488 788219 538625 606201 608582 484304 265154 210662 47210 277453 506026 707751 734341 439471 146224 187961 208979 765756 574026 579146 578442 590985 824258 416993 891701 623662 760620 834481 79258 121648 476652 255266 615118 920888 156706 569131 553844 666066 426797 696276 822563 799886 76243 786896 159004 413442 644896 101348 149280 671280 428147 852994 272312 545243 675929
395291 143554 634962 476568 334324 719559 999999999 483684 400994 727263 240589 169477 292979 784564 618129 503727 277494 300978 710396 793419 257180 660761 219532 483797 310043 165028 550566 527368 565981 695857 115415 88078 350235 411586 840183 395457 716321 296453 384523 289079 746419 963583 589309 252441 530280 906578 99093 660139 432656 211056 374053 724088 635870 716744 871361 713116 92242 138660 407773 590685 789962 825393 738141 146157 495869 185684 683031 104859 327467 864676 850402 395753 603232 640302 778859 263588 464294 159869 352633 875900 620562 436623 216079 437004 360553 648805 498335 786526 626270 747662 666587 594095 692386 868494 201828 363087 136742 601869 304945 75797
652054 502285 604276 675397 174179 528170 483684 999999999 884579 728276 719565 650276 277311 1036848 329493 917090 214548 651843 800286 1035642 717485 929342 696035 840891 208012 465622 410439 910548 96207 920711 452857 526523 824168 484417 811387 88598 432289 696045 251184 731008 667590 818115 535674 377619 783741 1169415 582741 838065 724732 554087 587260 707273 604392 557819 790480 851735 543294 394669 578577 491261 694000 723780 1014825 388655 51869 304258 883602 556151 449995 1155561 1000818 789814 965241 472317 642087 444943 380680 324148 825319 658875 830799 53016 290025 121970 729796 988631 879170 556222 956196 652333 764692 148562 441543 640130 598737 191209 602506 267642 579109 408246
527808 432140 880694 616836 731917 1028387 400994 884579 999999999 930484 181221 236447 666531 755881 977506 336677 677061 401752 854308 773714 214231 649753 207229 432091 701715 470090 871662 407722 965132 721942 460061 375568 136666 678970 1039699 796216 1062053 328655 753646 245481 994165 1215817 860104 590196 589341 839018 301901 744078 501619 420321 561912 939509 881819 1011342 1098369 816243 351897 512879 609621 883907 1039292 1071930 693493 515920 896274 583171 737876 347009 613074 772309 909189 341430 485903 952995 1052084 558457 787751 560470 121919 1175664 687059 837562 610013 830058 378718 548710 398362 1102843 548586 1004353 816541 992192 1029171 1174413 357340 749929 299761 975415 489342 476679
402680 863389 124001 315256 765261 294517 727263 728276 930484 999999999 882208 766604 535533 477624 458284 694300 731950 530564 139853 462912 723416 443571 877060 557497 598362 562558 321453 630342 710306 374247 817291 815000 979095 320449 113691 696565 429970 602007 496215 685312 120777 299730 192602 497876 380898 585110 763086 275379 438780 548383 377580 29535 123885 247519 170901 224283 679288 794103 332603 240846 148735 167539 499877 602448 779561 651206 323407 826531 403806 613696 329343 608754 616004 291268 207505 465331 353164 682752 810770 347667 321660 736084 760927 608457 556277 588191 613079 348669 554985 145787 146121 867067 385797 362107 600858 568742 840197 521547 455659 712512
492638 251031 811242 585132 559824 930000 240589 719565 181221 882208 999999999 115844 527669 806833 850151 425476 507587 364174 831330 821313 188025 688436 26027 473816 550430 353338 764774 480216 804747 747244 281499 198110 111402 593113 995345 632307 943493 308893 618491 240425 926005 1148431 778164 467981 592693 909435 147559 744326 493137 335830 504816 885713 812290 920149 1041874 810516 222556 336370 549727 791438 971094 1005581 749177 375482 726836 426202 750944 168656 515825 851587 926068 371626 563625 851660 972262 453858 678180 398736 198692 1083526 692632 670460 437007 677592 377987 622381 460178 1001190 612004 932009 789635 819094 915541 1078983 281415 602742 120774 838797 426608 313227
380257 245899 695643 472360 503797 818667 169477 650276 236447 766604 115844 999999999 432220 716222 748960 369397 446826 254086 718500 729077 109473 594769 111661 388474 465288 244355 655255 410466 729221 647538 253376 173489 220557 478508 879839 561716 838564 208092 520944 157718 810437 1032967 663574 362583 488302 826278 74339 636990 387338 220046 389426 769917 696696 807275 926031 701166 117532 296948 434045 678506 855562 889975 661624 280450 664560 347382 647179 153410 402726 773784 821817 287826 492552 740864 857744 342026 569163 326409 185270 971120 587348 604510 384716 593635 279650 546893 385824 890819 531533 816715 676373 763516 808670 967256 166164 513938 122792 742769 311174 244864
376004 385501 419419 408052 237174 445774 292979 277311 666531 535533 527669 432220 999999999 769582 325220 646737 197077 378426 572039 770300 473482 657636 509122 564284 75479 205339 278589 635419 327094 656581 330944 369064 638953 234717 638442 203626 425252 429441 91544 476294 515501 715141 357700 100878 511239 902018 380140 582642 447795 286491 313231 522423 419989 452558 645927 608487 315010 288585 310966 338317 553988 588816 743205 152535 315330 132676 623947 393339 179371 883457 758750 518422 688204 368093 525961 167645 200635 169348 585997 601791 567287 254035 229649 178483 456159 711415 604149 506144 679171 509552 531471 422738 404653 591309 339155 92538 429637 311325 301920 236047
406428 923196 544842 362017 995126 754933 784564 1036848 755881 477624 806833 716222 769582 999999999 867425 423399 941984 484200 337785 22233 619270 123859 816196 333505 845019 653197 707792 348992 1057333 119346 899609 852129 861872 554708 525630 972286 875793 509121 787396 566663 597620 746095 590353 679608 263534 132610 758131 218750 353131 577259 459149 505629 545669 710893 614935 253379 697946 908043 459264 647742 625262 638430 63808 734339 1080661 823470 166190 846726 590367 136873 212227 435355 277900 724246 684543 613431 683189 838393 643156 825206 207700 1021884 931265 919197 437487 217022 357924 819069 208507 621921 341809 1185375 829426 839666 585460 846470 833051 916187 497775 816482
564688 702914 343525 540625 447452 204378 618129 329493 977506 458284 850151 748960 325220 867425 999999999 890094 448371 629902 566157 859759 772077 785028 832671 776851 328401 507472 159898 856663 275849 748525 647702 693336 961545 353194 517007 344744 109251 697647 233730 762558 368774 490979 283136 387433 656165 993946 702780 649733 638870 566484 496744 431705 343133 241347 478910 637174 631737 598322 463043 225672 385206 410439 864520 475201 379223 448433 701681 718247 382604 1000501 773486 765802 885743 168602 324332 424575 210194 484382 884381 329713 664429 361161 513576 242540 699021 888165 828061 226832 852401 348558 541954 440638 112074 311664 628099 272245 754832 68123 533755 559511
332443 612889 683646 392405 809355 873014 503727 917090 336677 694300 425476 369397 646737 423399 890094 999999999 749583 269331 587176 442449 259996 327938 442075 136830 709617 452242 748042 76217 973826 407954 610780 538714 454860 540293 790873 833009 947329 222294 710461 216606 785516 993683 687860 547092 314903 502381 434922 455569 267603 363005 396107 711278 684798 843097 864583 529710 413292 642387 436483 729417 827690 855275 360033 534186 946224 628314 435127 521880 511348 436710 595187 128497 149272 809723 859827 486186 680185 624560 235110 998834 397025 882608 707045 825011 193483 212167 82309 948962 214892 802157 557845 1053255 905802 1003972 323621 739209 491308 911581 359044 565101
536940 288919 614139 586526 59813 611875 277494 214548 677061 731950 507587 446826 197077 941984 448371 749583 999999999 499714 767496 945124 525679 824229 483503 695467 137337 305457 454977 756054 305887 834092 238468 312574 610551 429274 833125 132226 557400 528052 249320 547445 705170 894152 550325 265302 678895 1072960 375948 768303 600547 395484 483622 717980 614647 627248 835397 799831 349313 180388 492154 524356 741293 775312 908781 219486 219470 123700 806034 342316 363422 1046468 949431 627520 821108 539234 706048 329034 388151 126001 627969 762517 746711 163578 76358 212905 575110 854625 724918 661355 825647 696880 726250 316746 549684 748438 426038 183745 389152 406975 449510 201972
130051 439077 479996 222443 558430 641341 300978 651843 401752 530564 364174 254086 378426 484200 629902 269331 499714 999999999 467975 493838 193005 360341 364817 195839 443833 194334 498218 259294 705269 401453 416340 368736 452162 292418 641487 569979 696860 74950 441332 156537 592818 814126 464542 278188 237761 605629 279630 383198 136583 104521 161361 538375 481133 619087 697134 447148 213854 429619 209021 495128 637857 670280 437176 280228 683832 376038 395985 365484 247401 565350 569559 140877 321399 570415 653448 216970 422716 380134 285210 782073 335013 620321 470133 556278 77956 357553 227879 717296 331214 603727 426975 791624 658351 782972 101693 470679 358063 646360 97616 340332
338695 852430 224022 246225 808942 424926 710396 800286 854308 139853 831330 718500 572039 337785 566157 587176 767496 467975 999999999 323284 658110 309880 830141 451692 642723 547419 414279 517947 796837 236249 812033 795270 919418 338248 207751 755322 554397 532275 553941 614047 260002 424072 283670 511505 273870 447570 728318 142116 352700 511183 337913 167946 224570 379110 290728 84430 647739 798435 302886 340557 288005 303542 361207 604422 849791 670104 186150 801958 410840 473982 207549 518550 492794 407074 346924 463185 420143 697104 732539 487505 195444 799641 783349 678331 475643 458855 504874 484622 427361 284543 43836 945181 508683 501890 553746 624101 807785 624201 413249 710363
411256 932891 533828 362257 997628 743070 793419 1035642 773714 462912 821313 729077 770300 22233 859759 442449 945124 493838 323284 999999999 633490 134545 830168 348888 845777 659199 700430 367580 1054134 115117 908206 862343 878185 552335 507753 972439 865569 521461 785541 580943 583284 727936 581118 681765 268393 135286 769430 210052 361049 585003 461637 491225 534625 698608 597277 239145 707692 915320 459448 638732 609933 622268 84410 739413 1080028 827528 158217 857613 590935 150846 190526 450271 298005 714322 670203 616194 678410 843325 660100 810164 204938 1021779 936168 917290 449756 237717 375428 806211 227684 607791 329628 1184204 819227 825008 595377 845740 844977 909636 503322 823551
322565 353685 667944 414318 584695 814595 257180 717485 214231 723416 188025 109473 473482 619270 772077 259996 525679 193005 658110 633490 999999999 500432 197090 287066 519902 269334 659636 302341 789029 559867 355798 280015 261812 464818 834491 629385 852478 126256 555618 52624 781934 1004186 645978 387744 408222 724413 176723 561798 310899 208054 349940 730672 669059 797136 889235 630248 176411 393496 397439 669833 827156 860240 562320 331187 737708 414097 565369 262052 400621 669229 740416 184881 385046 739685 838302 348763 576887 400459 112957 961442 508366 675527 471314 646246 191657 440973 278907 889308 427745 791423 618053 840693 818199 960291 145079 562273 231928 775377 275765 327348
287298 799355 484586 255770 878532 695812 660761 929342 649753 443571 688436 594769 657636 123859 785028 327938 824229 360341 309880 134545 500432 999999999 696675 219191 732708 531465 625493 251731 956069 84412 775857 728395 748843 453842 515544 861180 806090 387001 682816 448031 557290 733842 519166 564518 146479 249666 634957 168500 230032 453988 344649 468363 485564 654953 600472 232563 574104 784934 351195 574356 591500 610806 85585 613702 971418 704271 126181 723286 479780 226220 267740 318759 198550 654560 642473 497271 589963 717824 533153 786079 126796 911338 810641 814190 315297 152493 253244 765252 126047 579612 297806 1077432 760015 797616 461636 738189 710432 828474 376984 693561
491795 225004 803090 583978 535218 916985 219532 696035 207229 877060 26027 111661 509122 816196 832671 442075 483503 364817 830141 830168 197090 696675 999999999 484126 529566 340257 750828 494336 781911 753345 255925 172942 130703 583349 990461 609053 927258 313586 600271 249704 917698 1139756 768172 452772 596636 921080 130288 746899 496287 329087 500405 879718 804122 908285 1035056 811932 209390 311161 544473 779729 962665 997351 759410 357510 702563 404676 755313 143333 504669 864574 930301 381899 577715 838365 962044 441927 664086 376373 219409 1071188 696238 646619 412358 656245 383909 635594 473194 987519 623966 923043 788034 794189 900143 1066144 277527 582468 95450 819826 422165 290884
212176 612552 550131 259411 754037 744364 483797 840891 432091 557497 473816 388474 564284 333505 776851 136830 695467 195839 451692 348888 287066 219191 484126 999999999 633485 390015 628474 80617 887755 289974 598184 538760 529884 423734 654372 761444 826262 189047 616323 234509 649981 856951 558477 463491 178429 437962 438716 323705 139582 300327 280447 574679 551275 712474 727752 397874 392077 618346 315142 602959 691757 718942 275384 476002 875308 571771 309247 528762 408982 386282 477671 102251 125755 684329 725623 397239 566973 575770 314200 865806 265028 812100 665131 739010 123944 165019 56368 819833 144207 667164 421410 983292 783353 871792 283448 654882 508986 804438 263049 531749
449911 376004 478880 483530 167354 477824 310043 208012 701715 598362 550430 465288 75479 845019 328401 709617 137337 443833 642723 845777 519902 732708 529566 633485 999999999 259623 318154 702589 269463 732047 320885 374403 660263 307416 697509 129353 435187 489306 112521 528690 568023 757649 414098 171534 586259 977431 405149 657515 520688 346764 388129 583243 479342 491199 698173 681847 351347 270059 386438 387037 603963 637976 818254 188878 242455 126286 699208 401588 254849 958373 832207 582057 758232 403646 569203 239658 251191 159654 630651 630635 642722 180096 188955 128348 521786 783451 671203 530939 751694 559557 602913 350355 422190 617727 393910 56629 442886 299105 372820 241528
249010 305179 473404 320625 364096 576812 165028 465622 470090 562558 353338 244355 205339 653197 507472 452242 305457 194334 547419 659199 269334 531465 340257 390015 259623 999999999 411583 452135 528017 554295 265390 252476 463025 249872 675686 380814 594592 230509 286360 271113 586342 806042 431959 120108 390992 781039 212625 507041 302386 90694 214917 560033 474355 568329 709280 555096 130939 259697 244568 440006 630557 665800 613856 86066 493990 181758 535193 264634 167246 748346 696719 326311 515682 498349 624560 103066 325167 188329 382237 730958 472995 430370 280395 381590 270500 549819 420823 647860 521650 589239 503584 601152 564318 725920 134621 296182 283373 506880 156150 167930
417214 660323 198841 384216 474636 169363 550566 410439 871662 321453 764774 655255 278589 707792 159898 748042 454977 498218 414279 700430 659636 625493 750828 628474 318154 411583 999999999 708948 388959 588784 606742 634425 874600 208121 401018 390337 199518 570157 205703 642232 259186 439569 131985 299480 498867 834903 621362 490523 489135 451699 351936 298533 198746 174237 386356 481280 542219 566895 313397 81158 290229 322902 704668 404827 462203 411081 542257 655164 259032 840633 621658 627738 732659 90327 251080 314295 86811 447557 768969 326056 504535 424160 503482 294232 561382 731944 681505 236822 696052 246613 386750 546147 160176 317946 514774 273912 684603 211073 400602 506675
292230 647203 628580 338775 815329 824479 527368 910548 407722 630342 480216 410466 635419 348992 856663 76217 756054 259294 517947 367580 302341 251731 494336 80617 702589 452135 708948 999999999 960859 332097 639004 572683 520102 503728 723500 829221 906853 232453 691436 252832 726393 930069 638537 534582 249447 434245 469663 383413 220196 361446 359960 648819 629718 792104 799573 457260 435210 664918 395566 683440 767482 793759 286078 537160 943094 632835 360581 559002 485831 372325 519082 131805 83415 764873 803385 469821 646619 633514 299366 944290 325271 879600 720272 811836 181788 143544 31416 899818 140922 744231 490737 1050909 863969 950723 333819 726951 533224 883166 336914 582188
689156 594775 587704 700301 269643 480154 565981 96207 965132 710306 804747 729221 327094 1057333 275849 973826 305887 705269 796837 1054134 789029 956069 781911 887755 269463 528017 388959 960859 999999999 939104 544074 614888 911226 503081 783234 174345 368122 755898 274939 798028 636035 765740 520069 427105 812985 1189137 664416 850366 763973 612857 621555 686731 587635 515389 752413 855724 618245 486164 605840 469500 657228 684294 1040784 457843 126143 381962 898534 644224 484061 1181370 1001957 845484 1009866 435322 599215 491053 379933 406313 899162 597448 849702 148882 382139 149072 782817 1028104 929744 496912 994421 618070 764656 164804 385591 577038 662612 234631 689716 208389 624753 491672
305292 837543 430308 248757 885674 641543 695857 920711 721942 374247 747244 647538 656581 119346 748525 407954 834092 401453 236249 115117 559867 84412 753345 289974 732047 554295 588784 332097 939104 999999999 809415 769077 814581 437226 437776 858192 759346 440019 670476 508404 491741 657650 472957 569703 165578 250058 680802 102927 265098 485235 350652 400750 431190 598554 524496 154468 613584 812770 345620 530019 522981 539722 125891 632153 965313 718126 51166 766868 477248 252667 188110 384272 282816 607539 578189 505111 564032 735530 603052 720785 89912 907355 828157 802208 369469 236054 330335 707861 210459 515181 231777 1069272 712984 733808 502788 731023 758491 796891 398223 720717
506808 55213 716690 584669 284310 775455 115415 452857 460061 817291 281499 253376 330944 899609 647702 610780 238468 416340 812033 908206 355798 775857 255925 598184 320885 265390 606742 639004 544074 809415 999999999 84683 377137 497181 928595 369842 752351 409942 418106 394271 824257 1035423 664782 323633 643930 1021963 180024 770028 547227 324191 479901 811310 717505 778906 952299 820168 206127 58238 509542 657756 866231 901698 853516 215360 453086 200073 794973 113126 413486 979968 960205 507979 716275 696967 847506 352958 523779 163575 437170 931927 732478 401214 162969 435932 475368 763088 610601 837058 741115 822692 768230 540274 734628 921981 317127 377502 160812 619741 414990 105037
473696 74531 723008 558167 362790 803727 88078 526523 375568 815000 198110 173489 369064 852129 693336 538714 312574 368736 795270 862343 280015 728395 172942 538760 374403 252476 634425 572683 614888 769077 84683 999999999 298016 499662 928029 440854 794298 349844 459953 322627 834311 1051006 676904 338350 603937 970393 103801 739344 504130 289137 457794 812057 723914 802361 959419 794817 155507 138261 493350 677067 877754 913202 802617 229874 530756 248284 759443 29828 415527 924141 929263 443761 652322 724512 865734 351666 548711 215385 354729 960322 697220 476133 239959 496869 418913 702388 545610 869369 682867 835324 751533 621305 772471 952262 267057 429933 77512 672042 385899 134022
582204 337860 913837 674569 660364 1038907 350235 824168 136666 979095 111402 220557 638953 861872 961545 454860 610551 452162 919418 878185 261812 748843 130703 529884 660263 463025 874600 520102 911226 814581 377137 298016 999999999 698638 1091416 737807 1054609 388069 729849 309388 1028649 1251403 883617 578806 668399 954348 258925 822741 572423 438433 601899 984277 914908 1027831 1141707 891825 332775 434376 648122 899062 1073872 1107977 801326 486851 828653 535251 823887 268242 623278 891039 998350 430758 601765 960879 1077780 562286 788173 506476 220765 1191642 768384 774069 537709 786835 451487 663503 505549 1110670 658759 1035708 878921 917408 1026280 1187637 380244 713135 221686 949976 524418 421092
211560 544259 223638 198558 471883 350600 411586 484417 678970 320449 593113 478508 234717 554708 353194 540293 429274 292418 338248 552335 464818 453842 583349 423734 307416 249872 208121 503728 503081 437226 497181 499662 698638 999999999 431420 427116 407638 365881 233490 441654 336551 557135 185077 178370 313660 686893 459972 354071 285758 261536 144415 314229 224574 332450 459859 374479 376056 473904 110647 205109 380942 416093 538083 282072 530354 335060 399193 513845 84315 678481 524852 419654 533617 278124 379237 148044 144005 364675 570304 496857 347439 474621 447353 365073 353390 539994 475486 426062 504712 340208 297059 632850 367400 495475 323153 296976 533010 384449 195312 392263
512536 975403 219074 422936 862925 326648 840183 811387 1039699 113691 995345 879839 638442 525630 517007 790873 833125 641487 207751 507753 834491 515544 990461 654372 697509 675686 401018 723500 783234 437776 928595 928029 1091416 431420 999999999 787798 466208 711868 591161 795124 148238 220743 283769 607400 475991 616069 876777 349373 543266 661946 490546 117539 218535 281380 89891 283574 792970 903763 445997 320663 140517 132745 559052 713386 863184 758244 389882 939888 515361 656659 342481 712841 700529 349440 211544 577608 447608 790724 919238 325539 403119 824218 866251 694701 663232 665935 708801 359926 634880 169321 233037 944424 426934 345403 713936 663483 953852 583852 568737 823647
579189 421003 573492 610337 106918 529114 395457 88598 796216 696565 632307 561716 203626 972286 344744 833009 132226 569979 755322 972439 629385 861180 609053 761444 129353 380814 390337 829221 174345 858192 369842 440854 737807 427116 787798 999999999 453204 611268 202003 643854 649280 818406 505678 300807 714823 1104832 494458 780498 650024 470299 516856 678166 573769 552379 776566 800346 454854 312056 513078 468166 680222 712177 946758 301786 113906 215770 823774 470297 382015 1087065 950530 706448 886530 464179 635223 368978 343451 235746 736874 671213 768533 50801 208577 102994 647787 912580 797806 568250 880952 636874 717357 221858 453434 654654 512790 131307 516147 293257 501796 320206
615875 807493 332537 576638 556532 139701 716321 432289 1062053 429970 943493 838564 425252 875793 109251 947329 557400 696860 554397 865569 852478 806090 927258 826262 435187 594592 199518 906853 368122 759346 752351 794298 1054609 407638 466208 453204 999999999 768005 334966 838092 322454 402091 287156 476165 688639 996801 796977 657276 686701 644650 551282 401058 331819 186112 412866 632536 722473 704341 511775 231939 326821 345182 880829 571318 480344 552397 709961 818237 453912 1011685 757312 827246 927091 151883 258103 503950 276181 588777 963316 229336 681051 467261 621761 351458 760856 922390 879875 130311 886433 298609 537874 531338 46371 209069 707434 379593 852945 164648 599293 661165
199401 423524 554603 289824 587742 715592 296453 696045 328655 602007 308893 208092 429441 509121 697647 222294 528052 74950 532275 521461 126256 387001 313586 189047 489306 230509 570157 232453 755898 440019 409942 349844 388069 365881 711868 611268 768005 999999999 499709 83307 667089 887967 539444 332102 283830 622589 250920 436332 185073 143045 236228 610857 555742 693832 769720 504192 204267 433037 283829 569428 712048 744228 456097 311894 724241 406218 442087 340718 315527 574423 617196 100888 306789 644004 728336 277174 492660 403737 210722 856947 383847 660650 488706 607850 71705 353447 202593 791440 333042 678313 492611 831104 730322 857715 102328 521889 324084 710594 170571 349748
414538 473115 374188 427396 272327 366299 384523 251184 753646 496215 618491 520944 91544 787396 233730 710461 249320 441332 553941 785541 555618 682816 600271 616323 112521 286360 205703 691436 274939 670476 418106 459953 729849 233490 591161 202003 334966 499709 999999999 553860 458037 645137 307486 169185 538744 919803 470933 586884 489675 359105 346666 479032 374545 378716 587731 601748 403431 372196 331786 276311 492864 526558 767930 243013 298241 218051 632634 484594 209467 908703 751421 582154 736860 291343 456781 224367 143680 254703 668556 520316 580604 245750 299786 131802 517290 753498 660700 422006 719649 448574 516675 399454 316687 508288 416401 72556 521176 221891 354564 326412
282702 397017 636369 372825 607071 792237 289079 731008 245481 685312 240425 157718 476294 566663 762558 216606 547445 156537 614047 580943 52624 448031 249704 234509 528690 271113 642232 252832 798028 508404 394271 322627 309388 441654 795124 643854 838092 83307 553860 999999999 749345 970624 618871 384685 359031 672053 218871 513387 263700 196481 317508 694056 637502 772213 852908 582884 201188 427478 365242 646439 794392 826799 509714 342361 754456 430970 515175 307119 384194 617466 690032 132396 334840 719099 809182 338102 561919 421449 129303 935936 459064 691484 498207 652516 142100 389698 228179 867693 375675 760101 574887 859264 801977 935963 137542 567268 280416 770453 247750 354446
472416 874209 114824 394864 730170 183137 746419 667590 994165 120777 926005 810437 515501 597620 368774 785516 705170 592818 260002 583284 781934 557290 917698 649981 568023 586342 259186 726393 636035 491741 824257 834311 1028649 336551 148238 649280 322454 667089 458037 749345 999999999 222787 159752 500743 478985 705868 796140 390805 521356 590566 432282 92062 113761 136343 130456 344284 712031 793358 384617 181946 45274 79678 617627 610013 719459 642023 440620 849648 419558 733968 447190 688858 720337 201378 86929 483898 317086 676480 877810 229143 432437 683234 745150 553221 630800 697480 706293 229708 663231 25464 260408 798069 281198 242273 648665 529207 869560 435642 506704 719622
691268 1086944 337571 609183 910469 290318 963583 818115 1215817 299730 1148431 1032967 715141 746095 490979 993683 894152 814126 424072 727936 1004186 733842 1139756 856951 757649 806042 439569 930069 765740 657650 1035423 1051006 1251403 557135 220743 818406 402091 887967 645137 970624 222787 999999999 374445 714049 680628 832506 1017096 566103 734888 813213 654289 282767 336497 267312 133370 503194 933184 1000471 606747 378135 177537 143946 779664 823724 868838 846020 608989 1067646 638805 876068 556658 904260 913842 355825 189188 703102 514808 881750 1098581 183503 617172 844114 942570 716564 848591 882636 912670 271920 850560 216929 442318 930343 380150 207538 871452 711635 1089397 557494 729287 931853
358033 715091 68602 300469 579163 185965 589309 535674 860104 192602 778164 663574 357700 590353 283136 687860 550325 464542 283670 581118 645978 519166 768172 558477 414098 431959 131985 638537 520069 472957 664782 676904 883617 185077 283769 505678 287156 539444 307486 618871 159752 374445 999999999 341511 406960 714028 643740 371605 420637 445880 304303 172580 68725 155997 289354 354240 560192 633613 257823 57912 201527 237020 593737 451019 586966 482661 424191 693236 264761 725577 491217 577763 649406 135410 194174 328915 163857 516904 748166 317570 393899 544104 587088 415997 514571 639696 614093 261383 603853 158480 258915 675058 240951 319302 506673 379906 715186 340569 371323 560301
279376 373581 393342 321500 315980 467784 252441 377619 590196 497876 467981 362583 100878 679608 387433 547092 265302 278188 511505 681765 387744 564518 452772 463491 171534 120108 299480 534582 427105 569703 323633 338350 578806 178370 607400 300807 476165 332102 169185 384685 500743 714049 341511 999999999 418153 811438 322733 503188 349259 190306 220496 489866 394136 464313 628678 537196 246328 296383 226881 338739 543038 578530 649841 109681 413945 158625 540785 357301 100845 789320 685917 418633 587628 388583 527716 68231 212756 186565 500672 623819 481766 351588 272008 278092 355720 611948 503330 536207 580163 499782 468870 521773 447562 616959 247267 192598 385232 387633 201564 218881
142957 672044 386719 116077 732673 591197 530280 783741 589341 380898 592693 488302 511239 263534 656165 314903 678895 237761 273870 268393 408222 146479 596636 178429 586259 390992 498867 249447 812985 165578 643930 603937 668399 313660 475991 714823 688639 283830 538744 359031 478985 680628 406960 418153 999999999 394067 517359 155051 101360 319740 198172 399573 387821 554889 550388 226959 448433 648263 207147 457877 519165 544725 231997 471075 825345 559952 158880 602413 333832 372268 333675 248698 244007 539861 558346 351116 454125 575049 467627 700878 100145 765047 667912 669629 216949 233764 232955 664658 197804 497867 242992 931620 643546 708942 338368 592532 595785 694836 234975 556291
536397 1042718 664354 494612 1126600 871488 906578 1169415 839018 585110 909435 826278 902018 132610 993946 502381 1072960 605629 447570 135286 724413 249666 921080 437962 977431 781039 834903 434245 1189137 250058 1021963 970393 954348 686893 616069 1104832 996801 622589 919803 672053 705868 832506 714028 811438 394067 999999999 873434 344401 479080 702314 590944 614161 665099 826207 705873 365463 818009 1033224 591849 771819 729007 737956 168470 863357 1213271 953615 293144 963000 722870 77194 276214 539684 353371 846174 792367 744905 813696 967479 733606 929392 339516 1154465 1060302 1051597 551961 290992 450340 932183 297485 730882 459093 1317950 950549 945557 705585 979077 945947 1044500 626626 942210
395725 178146 682160 484910 431987 788219 99093 582741 301901 763086 147559 74339 380140 758131 702780 434922 375948 279630 728318 769430 176723 634957 130288 438716 405149 212625 621362 469663 664416 680802 180024 103801 258925 459972 876777 494458 796977 250920 470933 218871 796140 1017096 643740 322733 517359 873434 999999999 659579 416207 217473 391763 763544 683155 780804 916467 719477 84239 222610 432599 652594 840764 875789 706535 227928 594740 282997 675222 90069 379109 824889 847876 341806 549937 709383 836887 315406 534563 258754 259587 943032 613771 535694 311749 533044 321597 601209 443055 858160 582911 800167 685151 692156 769932 937473 179779 456428 79754 691340 315107 174813
265654 803622 327468 186809 816802 538625 660139 838065 744078 275379 744326 636990 582642 218750 649733 455569 768303 383198 142116 210052 561798 168500 746899 323705 657515 507041 490523 383413 850366 102927 770028 739344 822741 354071 349373 780498 657276 436332 586884 513387 390805 566103 371605 503188 155051 344401 659579 999999999 251323 450311 293423 300763 328341 495649 432794 74226 585217 766478 276433 429035 423711 442399 228036 578137 884396 657745 52687 741056 405567 354425 190276 402916 352183 505613 476823 442916 471900 678954 622481 619940 58703 828492 770215 717760 371334 316752 373682 605047 285517 413805 130411 986275 610905 632385 479912 650946 739042 700182 355338 674947
75847 573239 416788 126492 656643 606201 432656 724732 501619 438780 493137 387338 447795 353131 638870 267603 600547 136583 352700 361049 310899 230032 496287 139582 520688 302386 489135 220196 763973 265098 547227 504130 572423 285758 543266 650024 686701 185073 489675 263700 521356 734888 420637 349259 101360 479080 416207 251323 999999999 224132 145129 452433 417944 575584 609532 319403 348702 554960 176111 463862 564567 593762 311509 386013 762862 478622 260080 501797 280223 446590 434485 169984 249278 545024 593335 281052 429598 489931 379840 731468 200038 700784 582491 616680 123117 264364 194044 681956 231474 536815 315541 870477 643774 736398 237697 534994 494485 668776 151101 463532
184769 353955 475747 269776 454406 608582 211056 554087 420321 548383 335830 220046 286491 577259 566484 363005 395484 104521 511183 585003 208054 453988 329087 300327 346764 90694 451699 361446 612857 485235 324191 289137 438433 261536 661946 470299 644650 143045 359105 196481 590566 813213 445880 190306 319740 702314 217473 450311 224132 999999999 174314 550640 476806 593391 706170 506107 136862 330984 216195 465110 635734 670048 534108 176060 583798 271892 472027 292395 192807 665689 640383 236171 425781 532742 639876 141919 368868 275658 318783 757803 409579 520175 366031 464841 179866 461725 330141 682697 434667 597292 467883 691205 610146 755530 63076 378888 296688 574114 98059 239942
69308 517124 318896 106637 536056 484304 374053 587260 561912 377580 504816 389426 313231 459149 496744 396107 483622 161361 337913 461637 349940 344649 500405 280447 388129 214917 351936 359960 621555 350652 479901 457794 601899 144415 490546 516856 551282 236228 346666 317508 432282 654289 304303 220496 198172 590944 391763 293423 145129 174314 999999999 382421 320026 459707 540291 340273 310143 473485 47740 338409 477445 510344 430161 284955 627897 367806 325356 464046 137882 570255 482327 277423 394396 416522 492108 154595 286660 386795 446494 621803 264450 567196 478873 475618 212181 407164 331350 560525 373066 442618 294349 734616 510141 623443 223401 396227 470813 524326 78256 382345
412156 858433 104847 327300 749560 265154 724088 707273 939509 29535 885713 769917 522423 505629 431705 711278 717980 538375 167946 491225 730672 468363 879718 574679 583243 560033 298533 648819 686731 400750 811310 812057 984277 314229 117539 678166 401058 610857 479032 694056 92062 282767 172580 489866 399573 614161 763544 300763 452433 550640 382421 999999999 104507 218107 158867 252264 679464 786225 336284 217467 123165 145405 526562 596034 758756 640986 349733 824568 398339 641923 358842 622104 637318 263993 178978 461000 335442 673302 820596 320220 345043 716640 749482 588254 567800 611309 630594 319202 577679 116782 170577 844666 357127 334080 604832 551576 839852 495663 459941 706327
363850 766285 1159 292405 645346 210662 635870 604392 881819 123885 812290 696696 419989 545669 343133 684798 614647 481133 224570 534625 669059 485564 804122 551275 479342 474355 198746 629718 587635 431190 717505 723914 914908 224574 218535 573769 331819 555742 374545 637502 113761 336497 68725 394136 387821 665099 683155 328341 417944 476806 320026 104507 999999999 169531 235558 300802 598974 689460 272287 119508 158965 193291 555127 502349 655692 541373 380857 738407 308417 682188 430984 582559 631788 182662 175528 372534 230937 574600 766338 314580 358790 612627 648265 484687 522549 615712 607584 279965 580376 122600 206065 743465 285674 321435 534988 447084 757184 403616 393513 612526
513995 831911 170539 453339 643216 47210 716744 557819 1011342 247519 920149 807275 452558 710893 241347 843097 627248 619087 379110 698608 797136 654953 908285 712474 491199 568329 174237 792104 515389 598554 778906 802361 1027831 332450 281380 552379 186112 693832 378716 772213 136343 267312 155997 464313 554889 826207 780804 495649 575584 593391 459707 218107 169531 999999999 237566 460846 698934 740429 413594 128769 144689 169134 723319 572596 609305 584807 547767 821602 404558 847745 576781 733759 798768 88559 84335 466404 255159 621131 901356 164433 528158 580260 677534 451403 670493 784607 768387 110448 749127 112672 369110 679631 145563 163885 655446 444406 848138 309413 524481 677408
570989 1001541 236447 485327 859537 277453 871361 790480 1098369 170901 1041874 926031 645927 614935 478910 864583 835397 697134 290728 597277 889235 600472 1035056 727752 698173 709280 386356 799573 752413 524496 952299 959419 1141707 459859 89891 776566 412866 769720 587731 852908 130456 133370 289354 628678 550388 705873 916467 432794 609532 706170 540291 158867 235558 237566 999999999 370029 832230 922618 493639 311421 96591 68568 647006 737429 842276 772003 475676 973643 543893 746425 431773 779471 781313 318602 155821 607900 447429 806235 979437 244625 484283 808827 875571 678822 726179 749411 783090 294879 717491 139749 310065 916234 378536 266198 761731 658468 991471 546978 617320 847432
323757 856569 300116 236690 845215 506026 713116 851735 816243 224283 810516 701166 608487 253379 637174 529710 799831 447148 84430 239145 630248 232563 811932 397874 681847 555096 481280 457260 855724 154468 820168 794817 891825 374479 283574 800346 632536 504192 601748 582884 344284 503194 354240 537196 226959 365463 719477 74226 319403 506107 340273 252264 300802 460846 370029 999999999 642527 812481 314791 412061 372310 387018 278006 620759 899856 694737 106475 798395 436972 389704 150375 475589 423261 483066 431213 481662 475947 718635 694464 571933 132924 846687 808097 730081 441237 384202 447878 567564 354637 368691 95404 998656 586453 586287 540748 669311 799205 692340 408925 721998
