NAME : synthetic_000538
TYPE : CTSP-D
DIMENSION : 100
GROUPS : 8
RELAXATION_LEVEL : 1
EDGE_WEIGHT_TYPE : EXPLICIT
EDGE_WEIGHT_FORMAT : FULL_MATRIX
EDGE_WEIGHT_SECTION
999999999 678821 569373 1000364 710295 340884 218312 115330 609715 352079 173569 752931 492529 314741 449253 439157 828096 477030 597861 800228 958212 716122 306275 745508 389497 930242 393966 607752 181543 754172 313756 800514 450440 920291 755562 286285 820097 554603 363796 670853 318450 945596 617041 618634 712589 346885 451595 724905 214811 727105 792359 782059 480462 857142 672499 448993 1027837 487907 648409 100446 522746 744490 173674 157982 142543 426117 665455 747888 789020 866832 615395 413144 543737 741815 429178 399029 243258 560440 172550 65347 481320 286249 732337 195802 489823 514556 664951 364113 253645 686269 262095 617650 232377 589237 256432 771337 545795 424269 756006 590675
678821 999999999 122479 467686 747440 440460 474869 670838 78773 340005 622281 520311 191134 373391 480754 539282 612257 213539 285576 657148 398869 534174 824539 66904 813954 365224 285052 414061 802995 467087 372500 425565 266038 315530 784018 964882 196218 223557 523450 29160 466863 404563 64214 68678 854392 334457 428557 879188 589489 745663 127858 660114 452828 334700 912210 478423 476978 193011 64943 628910 417486 138325 644227 585984 746566 252887 228960 243824 112717 309039 275885 366321 724229 755555 288532 612898 438598 288693 516324 664121 741967 624322 57669 660469 199827 620457 483532 662076 915299 468252 641300 382478 894199 174985 933672 622002 188812 752637 710327 410386
569373 122479 999999999 571976 744139 318040 376795 573442 43968 250905 532315 556367 77227 257531 365457 498957 652516 94064 202198 684654 506613 559322 742983 183843 746115 473032 182829 326163 705529 410817 276345 488610 206886 430463 784930 853907 311448 121843 466713 105535 396689 508422 59966 96284 837911 235359 313095 861766 505182 745940 250047 683254 425064 430251 881030 441980 585276 84038 79045 512729 312160 183262 523801 467228 649142 147407 279782 324404 222840 412461 199829 314027 691361 757489 224764 561302 326428 289848 414622 549606 696073 501854 180135 539278 80565 591254 502171 601679 799393 394182 518879 398538 778505 88921 825650 648086 173204 695990 721114 415909
1000364 467686 571976 999999999 661217 868824 783827 943193 535754 661537 874795 372245 611072 760369 936403 650482 399913 639272 753164 479489 72516 421063 1013810 442968 952377 104383 654450 881537 1059068 920026 701175 238412 561303 170821 672526 1271664 276740 688127 691865 496104 694597 63562 515428 476274 793447 681631 884202 817045 828692 646361 362420 498800 563218 148314 896312 602529 36293 604983 532630 988301 882279 560759 1030126 963857 1009037 639100 340213 263060 447316 159640 742799 588739 753059 647325 579157 736926 801840 440069 829257 1011621 813564 1043418 422951 1052482 627664 666111 424703 803290 1253978 931482 1053306 407043 1232658 641724 1226817 463497 476683 860824 580845 445736
710295 747440 744139 661217 999999999 835596 586198 600338 746851 578477 536773 292657 706917 700323 961734 297333 272107 723703 927479 193961 674985 249307 526695 788031 422886 670600 642951 1026970 647562 1143578 593956 437033 551102 718513 46888 880439 708512 842035 372031 767427 453730 647338 732982 690256 132239 616505 925636 155971 498623 21791 759906 170396 329376 598574 241303 328992 697440 693990 781119 767588 971967 884850 844375 786669 624276 663856 533382 572786 829185 640907 931933 457851 181400 33869 542228 311752 677330 460866 608556 761069 261472 926241 757354 871862 723714 200781 276534 351194 918571 1109367 916227 367637 901642 829348 824405 199653 574064 331344 89326 337066
340884 440460 318040 868824 835596 999999999 266720 403872 361712 266441 403595 749785 260253 137951 131107 540043 843644 232972 267256 848325 809218 732510 611422 499213 661134 776463 228616 267845 516562 414403 243119 733044 338983 742163 882036 595265 625147 248345 471362 421193 385078 806333 377546 403000 888331 229606 114317 907681 406107 845436 568075 838313 517006 721336 889492 508381 887044 264775 388233 250865 183984 456031 227772 191756 467278 233401 539113 607425 532959 712910 286277 391615 716258 859590 332531 556925 165694 482036 268781 293967 684612 184016 498060 235763 245875 641378 671644 562741 519390 349035 202859 583351 500293 295164 581525 812613 399149 652941 846507 578219
218312 474869 376795 783827 586198 266720 999999999 196875 412740 137169 160298 562490 300385 157917 397826 289540 646694 292348 459928 632938 740291 532390 376791 541692 405382 712083 194001 512192 329167 653519 102373 592076 232763 702263 633085 500575 603901 395290 214334 471097 135425 728185 416484 410770 626453 141798 374534 644739 146546 598633 581397 618441 295844 639573 622912 274109 810633 292760 453989 213286 436829 559154 275457 210378 272695 229425 447397 529692 587207 648572 473797 202065 452786 613256 211113 292530 101238 345040 45772 229637 417959 341808 525314 302331 303076 386616 475777 296156 470960 597772 334933 413146 449546 417436 463754 600109 328693 387512 610655 391888
115330 670838 573442 943193 600338 403872 196875 999999999 609614 331120 72075 667164 496749 337917 525569 342429 735954 487225 639298 701796 907594 626798 209321 737517 279178 881931 390772 669979 132319 815915 298867 730126 419009 880468 644939 329361 789486 583068 272085 667777 248614 892191 613164 605724 597876 338673 518150 609856 119522 617875 773729 682379 398125 805239 557469 362806 972945 489440 650842 201251 587523 755315 280988 247930 75836 426036 618924 701682 783393 820469 655030 356993 430396 632475 396028 291504 266328 506020 160315 176867 366306 388869 720119 305540 498506 408385 579869 251054 331722 752621 367761 545979 312291 609824 283685 674923 514866 308988 650598 514405
609715 78773 43968 535754 746851 361712 412740 609614 999999999 282623 565748 544207 117480 299673 404885 514045 639304 137106 225093 676113 469018 551058 773818 140110 772064 435343 219216 352511 741904 424306 311070 466567 225638 390107 786249 894908 270723 152598 487677 62121 422251 472225 20786 68006 845618 270949 352536 869866 536484 747372 206576 676269 434995 396689 894109 455257 547606 121918 42444 555224 346530 154667 567497 510474 685435 184775 259477 295025 180238 376129 219211 332012 704565 758361 245824 580833 367393 287255 452014 591597 714001 545611 136349 583138 123446 602749 495875 624572 841901 414943 562789 392245 820945 109354 865685 639911 172882 717801 718690 413590
352079 340005 250905 661537 578477 266441 137169 331120 282623 999999999 283350 487129 178826 128710 385915 291773 579373 179416 374455 581907 613393 467138 492095 406540 498851 583859 76529 455341 463108 584543 39773 488676 100747 569417 624092 636694 468048 297014 237504 338401 155407 603453 283991 274611 645893 38135 347480 667419 254335 586435 444265 571920 252898 514715 666865 249630 686252 168693 324790 327066 394447 433999 370991 303920 406729 110043 321563 401997 452686 519616 384402 125410 481604 600162 82588 332817 143213 233445 181372 352828 469067 404362 389054 394864 186861 393410 406568 361944 601485 540213 407181 323567 580014 306870 600788 546265 194103 457601 582592 313987
173569 622281 532315 874795 536773 403595 160298 72075 565748 283350 999999999 595091 457194 315281 531395 271172 664319 451204 618807 631424 840994 554846 216762 688329 258051 816065 350223 662922 188041 806844 256157 659335 363220 817326 582147 399968 730096 555562 200042 621672 180967 824853 567321 555536 543870 297544 516922 557686 47567 553536 719396 612384 326308 738530 514264 290774 905065 448596 607744 240485 583594 715497 320935 275494 134844 386010 554679 637103 734969 755379 633166 292051 372515 568247 339975 225484 249065 439945 137622 226505 315226 420575 669085 347402 461368 341364 507799 193610 403465 747510 403210 475312 383838 577242 352602 604007 457649 265739 583240 443075
752931 520311 556367 372245 292657 749785 562490 667164 544207 487129 595091 999999999 546423 614408 857680 330293 96839 570666 757137 140108 382367 50597 684144 545055 606054 378308 524138 874981 760758 966799 518832 144836 413726 429115 310953 990663 435133 672653 395148 545632 436572 354835 526030 478230 424105 521694 811794 448370 547783 280126 499758 149077 272513 308503 524231 304950 408523 534670 568928 774476 839991 657026 837310 771028 719212 530193 291361 303544 579564 352428 756069 368433 386863 283589 417538 406221 623002 276486 601285 784292 454452 888539 514161 863760 565475 311897 87983 471445 997818 948751 888063 167620 977751 645213 939390 108946 387374 509990 220867 173670
492529 191134 77227 611072 706917 260253 300385 496749 117480 178826 457194 546423 999999999 182577 330270 445271 643257 28309 220692 666721 549823 542396 669539 256154 677276 516845 106973 329662 628711 436768 201059 498308 156473 482053 749649 777487 365750 135123 405230 179292 330038 548086 127166 143725 792454 159663 279376 815613 431796 710747 314883 662625 380302 464824 827668 391761 627981 12933 156042 438238 295675 258782 453694 394869 572371 71198 292794 352716 297622 453736 225202 259512 638730 723113 169143 500899 249943 270734 337594 474239 636972 441242 247867 470694 19170 541847 482743 536794 724846 407201 455787 381490 703833 131025 748693 629885 161212 631995 692408 391505
314741 373391 257531 760369 700323 137951 157917 337917 299673 128710 315281 614408 182577 999999999 261437 406892 707420 163768 303658 710580 705786 595599 531824 438725 563178 674265 105919 356059 465889 495953 106381 606441 209432 648983 746519 597179 537487 245438 342080 361700 255103 699540 309662 320399 758692 92730 228175 778956 304437 709518 494818 700408 379321 612062 767911 371977 781809 180516 336301 255661 284319 429766 275869 213977 410962 126092 422648 497333 479904 609728 318432 253689 588997 723538 199493 432233 72954 352046 179822 292074 564604 285733 429550 295492 177042 508862 534898 446960 542286 441901 293318 449168 521297 275658 571003 674970 283761 540776 709019 441889
449253 480754 365457 936403 961734 131107 397826 525569 404885 385915 531395 857680 330270 261437 999999999 667902 953246 302203 234418 963887 871919 844732 734668 529286 789419 838382 334334 174240 629766 314007 367780 825770 444023 794991 1007882 676015 675582 259985 600881 456180 514196 872934 424120 460273 1018050 347896 52375 1037700 536223 970764 606556 955397 638779 792355 1020568 633164 950572 338884 419588 351386 94555 457300 303362 291708 583987 328224 622680 681990 553965 777249 253596 510906 846568 984722 442037 687587 296773 583571 398541 393584 815708 212248 535737 299839 312116 769680 783659 693809 587385 241636 241222 690076 570690 311047 671102 927628 486845 783702 968507 689701
439157 539282 498957 650482 297333 540043 289540 342429 514045 291773 271172 330293 445271 406892 667902 999999999 393794 456176 659699 361115 631462 286722 363918 595075 306617 612791 363204 746973 430466 873367 301301 417944 292316 632997 344161 661116 574887 577364 77796 551425 156420 610223 505516 472583 354129 328688 634442 375700 225550 309188 595230 342965 95505 532000 382621 61539 684144 432668 554133 481275 685352 666002 554726 494076 389724 389914 380974 453023 641636 560297 667313 185952 193460 323775 276491 87585 380134 267935 314986 481165 202966 630854 567775 582250 459333 102100 245942 153084 674084 831568 622332 245434 654720 575255 609328 332939 350516 224440 323597 205189
828096 612257 652516 399913 272107 843644 646694 735954 639304 579373 664319 96839 643257 707420 953246 393794 999999999 667452 853610 80468 426037 114341 729850 633137 642113 429040 619254 971782 819995 1062601 609637 207904 509233 488431 275712 1053111 511884 769286 465244 638278 516587 397377 620805 572786 402476 614721 907774 424583 617854 254295 582471 102222 351786 369506 513267 379690 435465 631493 662804 856482 936664 747716 922149 856616 782372 626246 383702 386071 665256 415416 852308 458113 406758 252641 512127 459799 712506 373181 683431 863525 482365 978031 602535 948962 662306 352447 173198 521616 1067676 1045326 976312 263681 1048151 741281 1000191 76228 484125 544765 185493 265536
477030 213539 94064 639272 723703 232972 292348 487225 137106 179416 451204 570666 28309 163768 302203 456176 667452 999999999 204610 689051 577802 565217 665479 277126 677844 544768 103691 307776 618570 420312 196479 525473 172693 509195 767006 760732 392357 121192 412037 199196 333760 576248 149333 170150 806012 154998 251498 828849 428395 728204 339054 684322 395522 493107 837658 404606 656018 37090 172565 418691 269918 269026 430747 373369 562464 69477 320612 381021 316885 481780 211225 271569 649447 740814 182472 507908 233776 294379 327151 455772 644314 414799 270881 446966 13716 554339 505170 540763 705344 387179 430001 404845 684469 127789 733457 652222 187436 636311 711899 413108
597861 285576 202198 753164 927479 267256 459928 639298 225093 374455 618807 757137 220692 303658 234418 659699 853610 204610 999999999 882728 683828 757619 835453 318361 862426 650269 298726 128536 763643 216104 380732 689985 376503 596948 970327 861954 479210 85996 611601 257061 529516 690118 245773 292408 1010531 342569 190486 1033280 605328 931431 399998 879955 599965 618915 1039844 609073 761523 233596 220678 515036 148085 227670 494331 457462 710263 269844 481463 519993 333685 594601 19699 475964 852538 943805 387075 707173 373220 485875 483271 557615 843500 430126 332518 499982 203786 758601 699126 734613 786322 192024 455553 596253 767400 115895 846085 845973 370559 830194 912470 609729
800228 657148 684654 479489 193961 848325 632938 701796 676113 581907 631424 140108 666721 710580 963887 361115 80468 689051 882728 999999999 502897 125333 675996 684265 582731 503972 630112 996356 775997 1095321 608410 275975 523064 560531 195302 1010595 574347 797217 436934 681662 498887 474376 658767 611635 322929 618854 920788 344671 586484 175229 639865 24464 338277 440358 435193 359429 515211 654402 703202 837413 955093 794647 907006 843132 742222 641469 428784 443582 719403 485636 883121 457145 341779 172725 522380 416122 707393 396934 666136 840537 420298 971057 653298 934257 685391 302346 183978 473799 1032380 1073000 966870 286508 1013524 773488 956446 36837 512440 485792 105809 276439
958212 398869 506613 72516 674985 809218 740291 907594 469018 613393 840994 382367 549823 705786 871919 631462 426037 577802 683828 502897 999999999 428012 991628 371540 936968 33693 600155 811981 1027396 848054 653165 239173 512649 98761 690993 1234103 205631 620812 665746 426925 660032 28722 448980 411820 806434 630764 819594 830736 795932 661925 290543 519956 540270 102475 904051 579471 78662 544528 463734 940345 815142 488620 978417 912873 975796 582410 292943 211398 374918 96405 672987 550798 750411 664475 531898 718895 751131 401587 786009 965682 805683 986332 352417 999947 565755 658014 421206 784435 1211250 860497 997481 386042 1189833 573564 1191065 482305 423672 848322 599503 426729
716122 534174 559322 421063 249307 732510 532390 626798 551058 467138 554846 50597 542396 595599 844732 286722 114341 565217 757619 125333 428012 999999999 636212 564311 556473 421988 510401 872045 716576 970006 496463 188926 401666 469272 272007 947838 465763 672210 354926 558082 402816 400967 533896 486994 379295 503071 800422 403928 507890 238703 525009 125962 237890 349268 476504 267142 457289 530190 578750 742510 832526 672153 807840 742276 676436 519751 307174 331319 601341 391764 757868 344696 336294 243804 402718 359592 598718 272054 569374 750202 404018 864129 533263 834637 561175 262261 61074 424131 958238 948144 862143 161381 938432 648160 895916 88875 387205 460145 185252 155031
306275 824539 742983 1013810 526695 611422 376791 209321 773818 492095 216762 684144 669539 531824 734668 363918 729850 665479 835453 675996 991628 636212 999999999 889073 110594 970914 563016 875486 149799 1020558 469135 781776 559342 983855 564042 361770 910009 772032 327655 826933 359827 971605 773381 756360 480264 510702 725709 484703 237828 547575 911213 652988 451536 890555 407187 412248 1047069 660173 816192 403776 794261 926084 479922 455113 165032 598715 722544 801434 936373 914973 849906 469539 345643 560557 536438 279704 464198 604458 352834 371595 265224 591806 867273 501809 675048 377437 605147 213325 421611 959114 568295 607188 409253 792392 305239 658043 648244 195377 598630 568073
745508 66904 183843 442968 788031 499213 541692 737517 140110 406540 688329 545055 256154 438725 529286 595075 633137 277126 318361 684265 371540 564311 889073 999999999 875671 338659 351871 444527 869621 477777 439332 436460 329815 280252 822507 1031483 166273 269318 583763 78429 530391 381635 129144 132973 899634 401361 477741 924664 654870 784735 82112 689406 505833 322703 962670 533728 447509 258827 111530 694381 458992 121961 707599 650418 813212 319444 257549 250647 47485 289678 305449 427196 776239 793822 352641 671307 504808 336234 583223 730049 798040 683203 31050 723101 263435 671996 517799 722503 980947 489156 701317 420492 959904 218375 1000502 650299 246932 811726 745012 452140
389497 813954 746115 952377 422886 661134 405382 279178 772064 498851 258051 606054 677276 563178 789419 306617 642113 677844 862426 582731 936968 556473 110594 875671 999999999 919056 574183 916870 255377 1058884 483791 715864 548856 939329 458115 472296 876412 791875 293359 820218 349851 914983 768664 745290 369993 524216 773863 374126 258882 444199 887983 559034 401014 838253 298133 363371 986835 666570 814365 480426 839380 926570 559911 525378 257463 608767 683950 758563 923130 866911 875087 448542 244193 456594 527243 219136 502518 567513 392977 453946 163491 667845 851265 583945 685692 294215 532951 156765 530602 1002132 646936 551193 517475 805564 415785 568078 629468 97350 499061 510261
930242 365224 473032 104383 670600 776463 712083 881931 435343 583859 816065 378308 516845 674265 838382 612791 429040 544768 650269 503972 33693 421988 970914 338659 919056 999999999 568802 778464 1003029 815647 623618 233584 483135 72145 688758 1207492 172518 587120 644094 393323 635144 46680 415322 378372 801260 600365 786049 825826 771454 658432 258040 519840 520340 80804 896229 559333 112282 511712 430103 910551 781450 456436 947518 882210 950909 550440 264841 182407 343299 64611 639513 524938 738334 661718 502801 700363 720657 376142 757842 936491 791191 954070 319100 968814 532646 643869 410495 765405 1182937 827403 965510 367943 1161499 539887 1165107 481340 392976 831777 597749 409137
393966 285052 182829 654450 642951 228616 194001 390772 219216 76529 350223 524138 106973 105919 334334 363204 619254 103691 298726 630112 600155 510401 563016 351871 574183 568802 999999999 385041 522970 510478 94118 505020 110853 545275 687747 680192 435981 220499 312884 278717 231872 593669 224303 225175 716528 52694 290722 738587 325477 649492 399788 622344 313930 506144 741422 316504 675992 98795 260120 350601 329927 365566 379425 315369 466536 35792 317072 391419 396151 504222 308212 185101 554935 662798 107781 408524 157444 253506 232816 382833 544917 390688 338415 400135 112249 463791 449330 438470 634560 468911 399110 356783 613246 231475 648631 593708 177861 534129 640358 355371
607752 414061 326163 881537 1026970 267845 512192 669979 352511 455341 662922 874981 329662 356059 174240 746973 971782 307776 128536 996356 811981 872045 875486 444527 916870 778464 385041 999999999 784405 146567 451659 814711 478757 724170 1071214 847903 607019 204707 690532 385460 604768 818552 373276 419106 1100957 419179 156596 1122673 658181 1032667 526533 991992 697596 747375 1119867 701545 889495 341954 349191 514109 85469 344674 474233 453946 734900 363207 605833 647515 456044 723099 139229 569638 936530 1045648 485276 783962 414556 600217 525406 557155 918411 386463 460110 472734 310967 848255 812384 802629 761132 85888 415453 711023 744137 243194 840386 959520 487723 896770 1018970 720773
181543 802995 705529 1059068 647562 516562 329167 132319 741904 463108 188041 760758 628711 465889 629766 430466 819995 618570 763643 775997 1027396 716576 149799 869621 255377 1003029 522970 784405 999999999 930964 431182 838182 548984 1005296 688558 234858 917712 711290 371417 800090 368121 1010562 745478 737619 617825 470955 629338 624791 231578 667273 904612 754554 501741 924930 553431 463720 1090047 621566 783076 281812 700118 887073 350343 339340 56484 558145 742504 824791 915594 942803 780087 479919 467457 681154 525844 360635 393261 627161 291437 243337 391269 464183 851910 369040 630060 473973 675814 302897 276699 864623 438127 655500 262609 739908 180485 753168 644275 323164 710612 620645
754172 467087 410817 920026 1143578 414403 653519 815915 424306 584543 806844 966799 436768 495953 314007 873367 1062601 420312 216104 1095321 848054 970006 1020558 477777 1058884 815647 510478 146567 930964 999999999 585813 889185 592554 753491 1186417 990020 643822 301791 821926 438162 737791 859254 443698 491962 1225478 550345 302668 1247993 800005 1147515 557606 1093445 815832 798286 1251407 824069 922329 449681 406832 659925 231457 359627 617109 599735 881335 483803 683622 710658 474558 767268 212870 690962 1065412 1159858 602714 916767 557861 699309 669223 702875 1052467 523414 500658 613765 419869 973122 912368 939644 900303 74986 553137 808956 884051 321906 984439 1058693 583045 1034590 1127896 824225
313756 372500 276345 701175 593956 243119 102373 298867 311070 39773 256157 518832 201059 106381 367780 301301 609637 196479 380732 608410 653165 496463 469135 439332 483791 623618 94118 451659 431182 585813 999999999 525892 140519 608771 640139 599078 506465 308087 239398 368910 153140 643189 314297 308673 654258 41571 333145 674965 231920 603148 480280 597295 274157 554443 668240 265645 725986 192486 352643 287317 385437 459410 332360 265139 374699 129909 361278 441769 484839 559359 392361 151845 486271 617181 122054 332303 105990 271207 144740 313164 467109 370140 423199 356608 205915 403386 436460 354381 562222 537313 371492 357496 540755 323906 564224 573288 233361 449781 603414 345190
800514 425565 488610 238412 437033 733044 592076 730126 466567 488676 659335 144836 498308 606441 825770 417944 207904 525473 689985 275975 239173 188926 781776 436460 715864 233584 505020 814711 838182 889185 525892 999999999 397009 285289 455685 1059271 304879 610074 466997 453510 484164 212420 446478 398569 567908 517224 776229 592390 612064 424903 378958 289538 336606 164726 664919 375178 273973 488388 482659 804297 792771 555377 857372 790022 791067 501154 208887 185816 464456 209699 685473 390068 515220 428412 408548 502842 631639 255426 635491 821373 575173 891040 406844 882178 517273 427807 186309 569455 1052584 881187 895452 184174 1031685 574376 1011428 250112 338942 623287 365154 217556
450440 266038 206886 561303 551102 338983 232763 419009 225638 100747 363220 413726 156473 209432 444023 292316 509233 172693 376503 523064 512649 401666 559342 329815 548856 483135 110853 478757 548984 592554 140519 397009 999999999 469898 594315 733220 371738 291415 262047 271363 200826 502870 220365 197476 636265 121904 398861 659569 326774 555511 356179 516567 223830 414171 674771 236553 585674 143558 267311 427750 432341 380056 469552 402888 493321 118420 221129 301256 377189 418932 381621 107184 485232 568136 23259 355438 241021 143224 278239 453427 489483 494447 308101 492670 172728 386562 340709 399326 701304 559479 500062 246195 679835 283968 695255 486421 96277 492200 540233 246944
920291 315530 430463 170821 718513 742163 702263 880468 390107 569417 817326 429115 482053 648983 794991 632997 488431 509195 596948 560531 98761 469272 983855 280252 939329 72145 545275 724170 1005296 753491 608771 285289 469898 999999999 739840 1201746 119471 539087 656252 342191 637720 118569 371068 339439 847358 581675 742644 872264 774396 707780 198189 574762 538327 120647 937501 576339 168921 478479 379369 893028 732869 393904 924487 860617 951713 523265 263185 182453 279093 77893 584945 525412 772268 712153 491164 720244 700763 380534 747909 921540 819842 922920 264514 944471 496390 674145 450001 783648 1170899 768930 936265 392955 1149427 490150 1161716 535401 375418 855654 649964 434499
755562 784018 784930 672526 46888 882036 633085 644939 786249 624092 582147 310953 749649 746519 1007882 344161 275712 767006 970327 195302 690993 272007 564042 822507 458115 688758 687747 1071214 688558 1186417 640139 455685 594315 739840 999999999 920397 736390 884695 418916 804780 500537 662893 771860 728339 131399 662164 971424 151021 544562 38999 791145 174173 373868 619317 248378 374860 708520 736737 819664 813908 1017118 921898 890890 833390 666939 708010 566275 601049 862702 662778 974387 502715 221121 28769 586103 357562 724088 499367 655366 806928 299427 973093 791661 918366 766679 247543 306624 394919 960975 1153245 963003 402278 944329 870816 864168 209276 613794 369297 91742 374109
286285 964882 853907 1271664 880439 595265 500575 329361 894908 636694 399968 990663 777487 597179 676015 661116 1053111 760732 861954 1010595 1234103 947838 361770 1031483 472296 1207492 680192 847903 234858 990020 599078 1059271 733220 1201746 920397 999999999 1104433 829279 596865 956349 577573 1219621 902788 904918 841959 633061 693544 846410 447356 900488 1078530 989281 725551 1132045 765759 688983 1300895 773353 932921 348620 763127 1025842 373727 404609 271467 712040 943079 1025933 1074642 1145064 880634 683594 699465 914172 711248 594765 527554 832880 455471 307647 621377 470353 1018594 376388 773804 708757 904467 537755 108258 917140 440210 875188 115256 867694 56562 987277 829259 551939 945169 842960
820097 196218 311448 276740 708512 625147 603901 789486 270723 468048 730096 435133 365750 537487 675582 574887 511884 392357 479210 574347 205631 465763 910009 166273 876412 172518 435981 607019 917712 643822 506465 304879 371738 119471 736390 1104433 999999999 419742 585659 223258 554593 215435 251851 222207 831284 476103 623246 856549 689686 701107 87179 584167 479532 163910 910491 514835 282535 363047 260390 786178 613688 285530 813343 750728 862787 411396 194109 135753 175492 125583 467868 442150 734021 707795 394239 659776 593054 308900 648979 816735 771710 806986 146977 832384 379300 631487 432098 719649 1067711 654896 821275 352859 1046277 371059 1066987 544042 275466 799270 651013 392294
554603 223557 121843 688127 842035 248345 395290 583068 152598 297014 555562 672653 135123 245438 259985 577364 769286 121192 85996 797217 620812 672210 772032 269318 791875 587120 220499 204707 711290 301791 308087 610074 291415 539087 884695 829279 419742 999999999 532322 197510 452365 624632 173192 216615 926683 268018 208639 949648 537752 845777 347317 794215 515169 549148 958769 525445 699274 148054 160489 480754 194335 208111 473230 426981 656393 189028 401187 445491 295066 528553 90302 392542 770636 858083 302903 628165 318063 400290 423735 521770 764620 427656 276827 483418 118867 675323 613492 658897 761782 276167 449459 510830 741878 51154 808392 760437 285507 754569 826481 523819
363796 523450 466713 691865 372031 471362 214334 272085 487677 237504 200042 395148 405230 342080 600881 77796 465244 412037 611601 436934 665746 354926 327655 583763 293359 644094 312884 690532 371417 821926 239398 466997 262047 656252 418916 596865 585659 532322 999999999 531738 86979 646728 482043 455034 417171 271874 570220 437033 152966 384931 594650 419466 130397 564070 429667 92412 724062 393250 529328 403518 624667 642077 476987 416666 326064 343305 395691 473873 631126 587463 620934 157194 247050 399625 242305 95872 308481 277793 237663 404023 232308 554472 558683 504516 417136 172333 308099 138742 603320 775968 545318 285516 583510 536246 546927 407574 336958 230183 401339 249460
670853 29160 105535 496104 767427 421193 471097 667777 62121 338401 621672 545632 179292 361700 456180 551425 638278 199196 257061 681662 426925 558082 826933 78429 820218 393323 278717 385460 800090 438162 368910 453510 271363 342191 804780 956349 223258 197510 531738 999999999 471470 433092 54615 79275 872204 329619 404172 896862 590576 766252 150447 684039 467191 363800 927223 491114 504850 183000 37182 617296 390731 117632 629335 572563 743608 245062 254600 272567 118357 337738 247037 374638 738550 776436 293132 622755 428980 307131 511347 653527 753488 605209 79558 644710 185550 635257 506323 669941 903964 439114 623071 404360 882994 147989 926554 646256 201640 761644 732536 430712
318450 466863 396689 694597 453730 385078 135425 248614 422251 155407 180967 436572 330038 255103 514196 156420 516587 333760 529516 498887 660032 402816 359827 530391 349851 635144 231872 604768 368121 737791 153140 484164 200826 637720 500537 577573 554593 452365 86979 471470 999999999 644034 419263 398295 503966 187545 483242 523968 136720 465263 551592 483796 164936 557573 515107 139467 724500 318748 464585 340010 537961 576721 408122 344546 315797 264327 374643 456736 577824 574688 539742 112741 333952 479774 178470 179256 223763 259088 167451 347780 314683 477081 507854 435372 340166 256612 348760 207026 568769 690375 470313 300306 548006 460231 532223 466738 288460 302551 475370 272237
945596 404563 508422 63562 647338 806333 728185 892191 472225 603453 824853 354835 548086 699540 872934 610223 397377 576248 690118 474376 28722 400967 971605 381635 914983 46680 593669 818552 1010562 859254 643189 212420 502870 118569 662893 1219621 215435 624632 646728 433092 644034 999999999 451883 412757 778940 622303 820718 803170 779366 634081 301970 491572 520069 88780 877290 559365 82804 542179 469499 930504 818754 500592 970598 904628 959520 577432 281949 202532 388278 96096 679960 536027 725349 636480 521415 697470 742662 386755 773800 954844 781768 981763 360750 992602 564545 634022 395882 763299 1198984 869376 992106 364895 1177605 578366 1175843 454060 416230 825533 571345 405120
617041 64214 59966 515428 732982 377546 416484 613164 20786 283991 567321 526030 127166 309662 424120 505516 620805 149333 245773 658767 448980 533896 773381 129144 768664 415322 224303 373276 745478 443698 314297 446478 220365 371068 771860 902788 251851 173192 482043 54615 419263 451883 999999999 48276 833537 275037 371749 857922 536666 733052 190670 659354 424415 376002 884212 446060 527602 129710 48968 565294 366928 160639 580013 521900 688995 190982 239925 274281 172019 355789 239655 325483 694892 743840 241477 574284 375775 272505 456815 600909 706480 561163 121610 596285 135625 592472 479348 619672 851825 435336 577713 375913 830772 130101 872507 622692 160078 712211 703114 398471
618634 68678 96284 476274 690256 403000 410770 605724 68006 274611 555536 478230 143725 320399 460273 472583 572786 170150 292408 611635 411820 486994 756360 132973 745290 378372 225175 419106 737619 491962 308673 398569 197476 339439 728339 904918 222207 216615 455034 79275 398295 412757 48276 999999999 793558 272190 408009 818150 521898 689657 174919 612659 387920 333976 847949 412092 490438 141870 92012 574015 408397 196340 595098 534360 681285 195745 191663 228895 180073 316982 287059 297857 659293 700146 220084 545003 381650 229419 453248 607532 674920 584846 114544 613020 157126 555983 433194 593596 859246 482813 599505 330130 837988 176514 872085 575696 122420 684463 657996 354337
712589 854392 837911 793447 132239 888331 626453 597876 845618 645893 543870 424105 792454 758692 1018050 354129 402476 806012 1010531 322929 806434 379295 480264 899634 369993 801260 716528 1100957 617825 1225478 654258 567908 636265 847358 131399 841959 831284 926683 417171 872204 503966 778940 833537 793558 999999999 682781 986834 25279 514030 148309 877694 300264 413168 728029 117970 401469 829674 779594 882355 783573 1039211 989774 863353 811830 605714 741725 649790 695702 942561 769544 1016975 534595 174445 150344 623780 334481 724322 565700 640112 769884 231945 955806 869478 890271 807863 252748 400278 350284 894383 1185340 941964 482992 879540 919662 785404 331466 673460 295736 217140 448122
346885 334457 235359 681631 616505 229606 141798 338673 270949 38135 297544 521694 159663 92730 347896 328688 614721 154998 342569 618854 630764 503071 510702 401361 524216 600365 52694 419179 470955 550345 41571 517224 121904 581675 662164 633061 476103 268018 271874 329619 187545 622303 275037 272190 682781 999999999 309356 704107 273414 624538 445480 609197 290987 533875 701541 287589 705042 151369 312216 311364 356904 418230 348503 282326 414488 88469 341583 419906 446338 535820 353510 163132 517354 638277 108706 366427 120387 261934 181919 340670 502205 373885 386412 371173 164346 430540 442301 392077 591677 504368 378547 356729 570259 282558 599917 583061 207524 487696 620623 349185
451595 428557 313095 884202 925636 114317 374534 518150 352536 347480 516922 811794 279376 228175 52375 634442 907774 251498 190486 920788 819594 800422 725709 477741 773863 786049 290722 156596 629338 302668 333145 776229 398861 742644 971424 693544 623246 208639 570220 404172 483242 820718 371749 408009 986834 309356 999999999 1007131 517263 933873 554594 913043 599954 740385 994491 596644 898250 288393 367691 357513 71224 408902 320002 297352 580873 281605 572107 630367 503303 724992 210087 471206 817035 947630 398409 659543 273630 536576 380921 400564 790299 242266 483727 320805 260988 736518 739404 670207 609864 235329 269264 644209 592135 259783 684509 884339 437341 762041 928996 645499
724905 879188 861766 817045 155971 907681 644739 609856 869866 667419 557686 448370 815613 778956 1037700 375700 424583 828849 1033280 344671 830736 403928 484703 924664 374126 825826 738587 1122673 624791 1247993 674965 592390 659569 872264 151021 846410 856549 949648 437033 896862 523968 803170 857922 818150 25279 704107 1007131 999999999 529297 171045 902938 322381 436830 752834 104590 424243 853245 802772 906768 797885 1060192 1014407 877945 827477 614836 764191 675024 720959 967662 794469 1039921 557320 191962 171968 646775 352293 743226 590509 657163 783094 243585 971834 894536 904719 830877 274899 425468 364466 901490 1207229 957443 508233 887074 943166 789908 354445 697857 304663 239090 473269
214811 589489 505182 828692 498623 406107 146546 119522 536484 254335 47567 547783 431796 304437 536223 225550 617854 428395 605328 586484 795932 507890 237828 654870 258882 771454 325477 658181 231578 800005 231920 612064 326774 774396 544562 447356 689686 537752 152966 590576 136720 779366 536666 521898 514030 273414 517263 529297 999999999 514623 682371 567866 278741 693458 493389 243287 859242 422357 578794 270759 581516 688331 349738 298283 180344 361102 511355 593445 701891 711283 618658 249104 340549 529397 303553 187032 244354 395616 137769 262468 290248 443035 634428 376871 437657 300625 460400 165911 450355 743580 428147 428130 430555 555762 399536 558468 419506 248880 541416 395616
727105 745663 745940 646361 21791 845436 598633 617875 747372 586435 553536 280126 710747 709518 970764 309188 254295 728204 931431 175229 661925 238703 547575 784735 444199 658432 649492 1032667 667273 1147515 603148 424903 555511 707780 38999 900488 701107 845777 384931 766252 465263 634081 733052 689657 148309 624538 933873 171045 514623 999999999 754487 152157 335563 587512 260201 337600 682520 697837 780911 782752 979035 883448 859039 800651 643187 669461 528948 565541 825243 630393 935442 464545 202034 14800 547476 328155 688456 460581 622138 777076 282403 939403 753937 886553 727811 215164 270086 369627 937544 1114569 929916 364316 920460 831818 844533 183403 574869 352199 69638 335541
792359 127858 250047 362420 759906 568075 581397 773729 206576 444265 719396 499758 314883 494818 606556 595230 582471 339054 399998 639865 290543 525009 911213 82112 887983 258040 399788 526533 904612 557606 480280 378958 356179 198189 791145 1078530 87179 347317 594650 150447 551592 301970 190670 174919 877694 445480 554594 902938 682371 754487 999999999 647487 501906 249410 949158 533829 365857 314905 186995 748911 539069 198625 768453 708612 848665 370648 227970 196653 89013 212658 387389 442332 766872 762381 379430 676399 556546 328079 624969 782401 796681 751802 70966 785568 325434 662785 484528 732218 1034129 570901 768343 394707 1012859 296983 1044503 607634 263256 817273 709223 430787
782059 660114 683254 498800 170396 838313 618441 682379 676269 571920 612384 149077 662625 700408 955397 342965 102222 684322 879955 24464 519956 125962 652988 689406 559034 519840 622344 991992 754554 1093445 597295 289538 516567 574762 174173 989281 584167 794215 419466 684039 483796 491572 659354 612659 300264 609197 913043 322381 567866 152157 647487 999999999 325243 454259 411699 344415 534695 650171 704499 821240 948904 798041 891703 828319 721536 634950 432736 451907 725604 499105 880891 446722 317639 150480 514835 395285 694975 394208 650674 823434 396395 957743 658378 919031 681127 280619 181100 452017 1012439 1069522 952927 284741 993730 771905 934937 40131 510424 462210 83308 271221
480462 452828 425064 563218 329376 517006 295844 398125 434995 252898 326308 272513 380302 379321 638779 95505 351786 395522 599965 338277 540270 237890 451536 505833 401014 520340 313930 697596 501741 815832 274157 336606 223830 538327 373868 725551 479532 515169 130397 467191 164936 520069 424415 387920 413168 290987 599954 436830 278741 335563 501906 325243 999999999 439703 460099 39338 595994 367388 473377 504697 643592 583581 571085 506204 455603 334528 285537 357781 551774 466428 605416 129127 271447 348887 213296 182029 369784 173867 331670 512537 294776 632791 477676 598088 396359 168150 184532 245570 726840 780135 628743 156183 706533 506546 676401 304691 265628 319924 329816 119102
857142 334700 430251 148314 598574 721336 639573 805239 396689 514715 738530 308503 464824 612062 792355 532000 369506 493107 618915 440358 102475 349268 890555 322703 838253 80804 506144 747375 924930 798286 554443 164726 414171 120647 619317 1132045 163910 549148 564070 363800 557573 88780 376002 333976 728029 533875 740385 752834 693458 587512 249410 454259 439703 999999999 820259 478752 171550 458242 398896 841753 742206 444472 882286 816191 873327 490946 193181 114747 338411 46167 610195 448567 659384 591705 432642 619569 654193 299294 685218 866073 711061 895210 297843 904464 481856 563947 333137 684654 1110445 802870 904997 287158 1089055 504925 1088767 414821 328411 751095 529334 328389
672499 912210 881030 896312 241303 889492 622912 557469 894109 666865 514264 524231 827668 767911 1020568 382621 513267 837658 1039844 435193 904051 476504 407187 962670 298133 896229 741422 1119867 553431 1251407 668240 664919 674771 937501 248378 765759 910491 958769 429667 927223 515107 877290 884212 847949 117970 701541 994491 104590 493389 260201 949158 411699 460099 820259 999999999 439204 932603 815127 933136 753579 1052083 1043670 834282 789305 551134 770240 722199 776445 1007475 859685 1048309 568564 189688 264662 659093 336037 723800 626490 628197 733958 205015 934504 933494 860194 841359 291971 487522 328673 828552 1205435 917469 557770 815595 957853 709689 439745 725721 249179 329838 519326
448993 478423 441980 602529 328992 508381 274109 362806 455257 249630 290774 304950 391761 371977 633164 61539 379690 404606 609073 359429 579471 267142 412248 533728 363371 559333 316504 701545 463720 824069 265645 375178 236553 576339 374860 688983 514835 525445 92412 491114 139467 559365 446060 412092 401469 287589 596644 424243 243287 337600 533829 344415 39338 478752 439204 999999999 635329 378979 494841 478630 643758 606287 547577 483914 418411 340457 321312 395207 580218 504970 615700 133127 249522 351573 222685 145065 355099 206970 306749 484030 264360 614581 506321 574838 406740 150106 217276 207310 692907 785223 608885 195486 672808 520493 639278 327490 289810 284650 339913 157933
