NAME : synthetic_000391
TYPE : CTSP-D
DIMENSION : 100
GROUPS : 8
RELAXATION_LEVEL : 1
EDGE_WEIGHT_TYPE : EXPLICIT
EDGE_WEIGHT_FORMAT : FULL_MATRIX
EDGE_WEIGHT_SECTION
999999999 655474 544541 541978 350450 183108 264565 169547 478096 531218 367449 439410 202053 316795 430846 338755 427151 184676 269060 348234 335915 185490 680491 530874 193406 322854 474220 409030 175328 510562 212011 432062 184155 469760 96966 426398 232644 644023 281843 127082 114992 502432 540355 330487 366910 205969 376055 393647 577720 263912 352442 525023 329935 492995 281001 428724 195488 179885 476586 251642 397552 322312 321439 197151 440156 334627 609198 487468 254732 408339 529734 447612 392802 271541 180841 360332 569901 323407 374325 627780 417795 316285 533209 292221 292037 213880 263568 382402 532681 46161 554671 330074 439972 165293 140369 496588 583057 477130 275886 150217
655474 999999999 583082 1190024 848833 836323 920013 576952 285134 441719 1001133 474116 845213 391801 286395 939477 455672 826468 386655 336861 778206 727457 908915 799769 515838 975302 1117452 402291 687271 180587 553233 447183 812629 641228 698176 1080553 707226 21612 821081 533982 722985 766319 893394 329970 354148 508711 784396 530540 779440 762108 482768 1177158 842991 1121740 927134 1076426 461406 475596 527500 900864 325863 723033 346921 771334 215560 873781 804517 826209 471938 671529 776759 957533 895110 843274 614422 758726 1223893 833319 287781 914400 1008894 637153 1183236 882335 915225 452314 918777 780224 128228 700488 691532 953839 449617 544253 728663 1141571 662017 577578 781711 531501
544541 583082 999999999 1005900 442852 682565 725513 375093 661022 820178 698228 140559 612214 591734 335289 874279 163165 597931 449969 360482 861532 723808 1162423 249809 592981 734210 957197 222091 415045 418182 648193 166639 566743 114933 640161 829988 381097 590458 825293 520841 659524 980688 361738 418820 310385 598989 894916 153124 1038299 409734 713367 974929 453317 996886 674564 905896 488078 473439 79034 665739 314381 316936 523621 741427 488532 878990 225963 307697 322038 194810 222858 517829 935233 511506 369361 873779 1003412 864510 418763 1127451 637318 253875 991287 833447 618803 412049 730660 898354 545466 578630 981047 853029 759129 594239 487506 973348 984297 867556 813460 559108
541978 1190024 1005900 999999999 599637 359164 288278 676281 970809 952265 336044 940270 396082 815755 971319 288075 934548 412159 807748 889748 525053 482306 804471 872107 681751 272870 77621 932400 597478 1052356 658774 941586 441195 900779 492485 193769 624941 1176661 423548 656750 468104 709210 808280 871417 904609 691169 556211 877358 785563 599500 784564 42226 580234 120267 332097 113713 729907 718253 957756 340491 936267 695587 844993 435071 974975 396692 965667 797669 783185 819945 886861 597324 432608 503062 659909 569092 74982 443989 915200 725810 447986 752444 18986 340092 395821 755746 285782 567129 1063659 495818 827979 250185 868572 651146 527196 51982 879981 827108 470561 659392
350450 848833 442852 599637 999999999 362299 357539 291262 765571 859290 268430 431829 254053 619701 565769 560920 437805 250983 508383 514440 663454 510939 1020573 272473 525785 332194 567893 468276 192357 671081 557404 447026 220601 328442 425724 409641 148968 845272 578310 438548 429013 847429 222282 538254 495262 537909 707041 359504 925124 95986 689367 563066 23684 622393 278308 517530 473037 449641 420290 285009 525168 136455 591103 499119 659435 616202 366031 198854 379906 248292 287930 111132 683315 109899 248908 695993 582059 625628 572667 961235 194527 223887 582677 543193 206126 430533 365952 715214 751387 346875 905110 519426 771288 503864 210924 577979 932910 824681 592031 477780
183108 836323 682565 359164 362299 999999999 88841 325343 639241 659340 241198 597159 111321 478273 612348 202667 588494 111378 451018 530585 327844 196088 686263 607706 344314 162789 293279 579612 268925 693664 337484 594687 142256 589909 154325 255384 313349 824111 226368 302776 135952 529001 582463 513417 546388 355546 372200 540799 611174 312052 479082 342013 338617 319456 146693 246338 374926 361436 623934 116133 577770 401544 496058 162775 620762 256524 696834 546346 427474 515468 614361 424617 324062 253829 317007 368234 387637 273288 557255 619339 334780 432587 350132 180945 200656 396637 84992 382112 711863 137034 615516 171546 568685 312845 197342 314784 656167 568984 252176 312767
264565 920013 725513 288278 357539 88841 999999999 388094 727851 746734 172485 653027 114330 566683 687070 215269 646731 127595 533608 607180 393012 276681 744321 620825 432983 79221 232109 644193 312150 772609 426010 653647 159414 625268 243066 166574 345726 908400 283907 388185 223933 596966 579469 594222 618897 444286 436234 591665 679506 330130 566974 265258 334704 273648 89778 181241 459276 444419 673200 72916 650916 425478 582466 237348 704617 299849 712944 552881 495850 546679 631131 397476 365365 248636 372033 436075 306995 327612 637993 673521 282831 471798 276644 217270 162535 474880 9706 446800 796695 219682 691153 166291 656411 401529 240550 249828 734222 651706 318281 400484
169547 576952 375093 676281 291262 325343 388094 999999999 474695 578898 429770 273477 288361 333958 311029 504322 263538 270165 217249 241323 493801 350257 819751 390267 264193 422958 616007 256120 110606 408470 310254 269498 248113 305522 265162 528923 142317 570367 450398 175613 284479 637551 426116 252640 239231 274523 530506 224215 705655 196281 420813 652642 279359 644744 367543 566837 187719 164434 307377 346886 271824 202215 300098 366338 374913 503899 458410 363642 111882 253511 383757 402159 560748 266673 42435 511594 691256 490442 291154 774806 432543 161959 664706 460425 342341 139355 390546 535317 469047 206011 666030 489268 494936 252197 158621 635891 683625 568655 440572 218728
478096 285134 661022 970809 765571 639241 727851 474695 999999999 175416 845453 522685 680149 161851 330529 698837 499864 662686 259896 305577 509480 489837 627193 812084 294945 795674 894567 439402 576861 288190 312059 495157 659149 671154 486797 894342 616860 264457 569768 352555 508876 481201 879015 253455 353111 283912 509633 546860 496414 669919 206481 965121 752398 887054 758335 859990 297050 319540 585878 728148 346681 667562 174614 536737 178447 617777 848539 811545 407765 666721 795613 876037 629032 724001 517129 484472 1015661 573432 243054 629632 884976 598625 967156 641559 767618 336485 724207 504276 178777 516048 410642 723449 164609 326423 591674 919844 386964 293841 526093 329735
531218 441719 820178 952265 859290 659340 746734 578898 175416 999999999 888684 679903 725126 246807 498306 666305 657146 709858 385771 459750 442942 477997 471042 947060 338760 822000 874644 598425 666958 463474 325144 653568 714436 816943 506791 910532 715291 420149 530387 421638 523403 351374 1001407 402106 509810 326183 428282 694102 345740 763899 181220 954253 842703 853721 795614 848399 391200 414467 742812 763943 508964 780454 301524 524045 350765 567430 993386 936031 537622 800864 933453 966010 559904 798690 619806 406521 1007026 519451 403102 486461 948966 723084 952045 612314 820640 452306 741072 420006 350903 558762 254772 702539 91645 365925 663760 900286 220589 156194 483369 385270
367449 1001133 698228 336044 268430 241198 172485 429770 845453 888684 999999999 658146 165607 684242 740664 380755 657804 182780 619886 669665 563771 437207 916765 539649 557667 101015 316505 671175 325396 837584 563544 666137 189584 586940 383817 142842 330796 992548 455891 493271 370873 767132 472238 671399 668571 569965 607434 588629 849609 290459 707474 297468 251464 379343 94993 270383 556002 536548 662150 126638 701104 381313 684482 402885 790654 471891 632984 463812 541172 505076 556138 263310 536709 187681 398811 606008 313712 500023 713364 845963 121609 453126 318248 389102 87715 549219 181844 617842 885394 332263 856639 327148 797116 527499 272978 321615 897284 808046 488445 517126
439410 474116 140559 940270 431829 597159 653027 273477 522685 679903 658146 999999999 544795 451712 203768 777148 22845 528231 310899 220155 739183 609269 1027861 325755 460816 675586 884179 83615 343661 298328 516825 28475 500367 167154 530915 777890 327396 478075 713572 395220 552500 847067 423278 278289 170384 465823 770040 72327 902155 370821 574371 913311 435114 916429 616718 833956 354619 342191 63214 602034 177430 295383 383124 632267 353518 768915 336504 357996 195096 206800 302658 527421 821147 472123 281421 747822 947536 749747 279741 995877 620654 209778 927343 731630 572686 279624 656673 772655 418591 478758 842656 762700 618642 465170 413075 902781 844665 728179 696900 430652
202053 845213 612214 396082 254053 111321 114330 288361 680149 725126 165607 544795 999999999 518771 596189 306870 539948 18784 460337 520157 433741 291378 793550 509746 392247 134629 345016 542193 201450 687947 400221 547291 45473 511049 224982 240835 231707 835470 336347 328448 216230 631291 475858 515481 525689 404590 478236 481279 712683 216615 544121 368530 230495 387947 81928 293684 393093 374612 561836 58533 558194 311435 521108 266264 632175 367841 601100 444189 399436 432348 518954 313408 435381 144388 266460 472035 404243 383579 558450 728238 234113 358346 382711 291301 98743 393323 120646 487701 726397 167037 709714 266700 633484 362275 132444 361308 746743 651686 358654 351527
316795 391801 591734 815755 619701 478273 566683 333958 161851 246807 684242 451712 518771 999999999 300534 551901 429649 501471 143619 237917 389810 339877 593956 701367 134826 633898 740452 375427 427972 313338 162430 427726 499023 576208 327095 733039 473066 374825 429769 192674 349970 422237 754670 178917 287870 124721 401235 455734 463287 523748 127237 808056 604630 737710 596593 703736 146923 170394 512872 566335 296843 534506 73791 385547 197684 482028 751059 689224 292795 555399 688554 728579 504600 569280 375566 375479 857845 441656 198777 576217 727589 476357 811166 494435 607500 205614 563264 398688 264271 354221 394848 571488 170401 166151 435271 765427 393232 277496 389917 167893
430846 286395 335289 971319 565769 612348 687070 311029 330529 498306 740664 203768 596189 300534 999999999 756718 182157 577582 191739 84491 657313 557869 894490 522394 363064 730462 904909 122554 417201 106077 416986 175298 558016 367345 500533 836867 428890 286052 662669 334110 525453 721407 610346 128496 72476 362726 678869 248974 763694 482716 427560 951843 561546 922670 676866 858683 266874 268389 264895 654299 40745 437406 226777 593127 154044 719222 540073 542554 199520 387942 501234 673128 758886 570651 343108 654058 993847 688965 101996 875043 734245 350924 961608 703404 653105 218115 687885 678703 215226 476778 692608 757043 450893 380355 469293 926973 684983 573026 634081 352862
338755 939477 874279 288075 560920 202667 215269 504322 698837 666305 380755 777148 306870 551901 756718 999999999 765581 311285 574234 672263 238294 212265 553249 810372 423654 279890 211005 747180 466546 822117 389889 770665 343559 787164 256396 310747 514219 923969 136026 423525 231791 431532 782613 641091 698611 430891 272621 727255 511510 514717 503854 296369 537364 189035 305045 195661 494635 489218 810772 285234 727402 603609 593154 168405 729304 112499 899328 748537 592960 715040 816865 611266 164821 451162 504968 283036 349681 157568 683284 477898 496707 629309 290206 57490 376849 539841 205621 283742 811301 298427 544829 55913 584843 395835 396965 236351 595336 539037 183122 413120
427151 455672 163165 934548 437805 588494 646731 263538 499864 657146 657804 22845 539948 429649 182157 765581 999999999 523029 289392 197396 722096 594232 1007526 344229 441523 671833 877178 61020 339674 278576 497682 9397 495978 186560 517317 775003 327183 459035 698979 377962 539342 827048 439404 255659 147555 446224 752311 80696 881400 372747 552749 908378 439892 907946 613343 827261 335135 323451 86057 597623 154871 301520 360718 618410 331054 754599 357917 373344 178813 220368 321725 535855 805871 472956 274700 729848 943581 734412 256904 976346 624451 214255 921955 719166 571668 260733 650071 754723 397263 467506 821198 752558 596229 446762 407722 896206 822732 706369 681232 412494
184676 826468 597931 412159 250983 111378 127595 270165 662686 709858 182780 528231 18784 501471 577582 311285 523029 999999999 441702 501419 427618 282582 787627 501635 375835 153031 359423 524451 185459 669189 385286 530283 33190 498068 212570 259344 218382 816759 332963 310676 205466 623338 471696 496717 507170 388234 472068 465374 704355 206921 529038 385355 227307 400414 100692 308279 374803 356171 546360 76833 539660 300524 502934 260022 613506 366918 592330 437669 381057 420080 510001 316460 434365 142544 249067 464939 421816 380362 539674 723382 245432 344204 399112 292323 111558 374548 133057 481309 707765 151186 699276 273601 618218 346118 115307 376347 735419 638950 353047 334524
269060 386655 449969 807748 508383 451018 533608 217249 259896 385771 619886 310899 460337 143619 191739 574234 289392 441702 999999999 111595 465769 369661 721115 561706 171502 588986 737213 238763 324001 248146 226161 288332 430331 432881 321280 693988 359420 375813 473253 152376 346521 542785 621594 67071 156033 171822 488363 312117 593368 413522 263499 792826 496565 747890 542082 694053 79686 89609 370949 515053 173885 407716 87038 407606 172014 529568 608341 554793 152252 415447 547721 619366 567500 476966 259498 463861 838561 497934 109201 694659 641772 341166 799980 519221 536028 77896 532600 488654 266063 314446 531808 580176 313811 188945 351247 760619 534416 417589 443088 163283
348234 336861 360482 889748 514440 530585 607180 241323 305577 459750 669665 220155 520157 237917 84491 672263 197396 501419 111595 999999999 576608 473753 828036 511188 282604 653635 822448 139435 351010 168096 337661 193981 483858 365990 416142 760015 370747 331704 578778 249663 441099 651528 587515 59402 50593 283341 599848 241737 698797 425805 364297 871243 507388 839035 601573 776763 183352 183987 283128 577720 62340 394309 165960 508687 151611 635379 543251 519239 135283 368338 493125 624387 676112 506769 277738 575408 914174 605858 65318 804202 672195 313330 880441 618913 582687 134570 607592 600217 238437 394325 632689 673040 400502 298055 396791 844791 630270 515246 550980 269472
335915 778206 861532 525053 663454 327844 393012 493801 509480 442942 563771 739183 433741 389810 657313 238294 722096 427618 465769 576608 999999999 153743 360010 866621 294278 471350 448686 686328 509035 696264 240983 724479 450786 799317 243043 531415 565876 759947 111799 344135 235252 204111 869699 529688 616090 294867 44496 708436 286622 589095 303272 534663 640549 417372 471988 432933 395812 402017 787324 442925 638279 657074 450648 167610 585985 128767 944846 820583 544138 742665 865637 742797 119955 563853 513859 45255 587971 81064 565270 297789 662624 650137 528113 194507 528104 464044 384276 54282 652421 321890 308122 285918 370704 279776 458476 473758 357462 304658 75698 311790
185490 727457 723808 482306 510939 196088 276681 350257 489837 477997 437207 609269 291378 339877 557869 212265 594232 282582 369661 473753 153743 999999999 509882 714431 211892 355279 405444 565807 356119 615454 178531 597786 302523 654168 89959 435243 412696 711798 105856 225200 81941 341066 715956 436690 505948 218752 196479 571148 421800 435371 303782 479767 488262 398139 342447 373763 291376 290099 652499 311321 532285 504252 381688 47248 518538 162434 794257 667120 415683 593827 714290 593785 211998 413774 365920 185215 531770 140822 477492 450799 524854 501716 479827 154938 389089 347124 269670 204357 599245 168205 420081 233652 390425 185202 304782 430893 460088 375068 90563 206412
680491 908915 1162423 804471 1020573 686263 744321 819751 627193 471042 916765 1027861 793550 593956 894490 553249 1007526 787627 721115 828036 360010 509882 999999999 1206637 569961 820135 738007 959732 855783 895147 515897 1007497 810544 1119253 595427 863920 913097 887570 461618 648942 591691 182672 1220677 770666 876093 563505 315582 1013362 132148 941874 467103 827035 998028 684430 827691 740239 674354 689430 1084187 799821 888966 1001706 667724 527609 775060 447724 1278150 1167594 841271 1073259 1202405 1102544 388429 923134 847573 324670 877113 416751 792673 78848 1020447 981438 813665 530072 886913 750379 735053 306550 804760 674844 217410 608765 464683 572282 812309 759412 253463 333980 434901 607518
530874 799769 249809 872107 272473 607706 620825 390267 812084 947060 539649 325755 509746 701367 522394 810372 344229 501635 561706 511188 866621 714431 1206637 999999999 653429 603461 838881 400380 358689 622504 700522 352610 468572 159184 624473 681698 303295 803255 800842 565740 636188 1025385 113544 558871 470248 663183 906909 273864 1095266 295681 804418 835451 292266 891112 547712 788078 565295 543969 277294 550288 488842 211039 647740 716139 660445 846883 93560 77981 409521 146260 27146 306259 911250 374235 359309 890693 853242 846192 576461 1157531 449202 229596 855143 783120 477652 496370 628414 913118 736517 547767 1056009 775197 870485 642465 418909 849770 1071902 955813 803415 608823
193406 515838 592981 681751 525785 344314 432983 264193 294945 338760 557667 460816 392247 134826 363064 423654 441523 375835 171502 282604 294278 211892 569961 653429 999999999 501921 606915 399162 335018 408159 56384 442493 377493 551588 192306 599525 387497 500513 309812 89726 215166 387815 688464 235832 323760 12594 317536 443403 448746 431984 163630 673431 507846 606811 467526 569380 106489 119562 515208 436624 344560 463431 169824 255523 306988 364949 716675 627341 271345 512657 645344 630037 398151 460142 300160 293419 723077 329906 273073 535128 610971 423917 676836 366589 484997 181365 429269 318324 387696 225433 402790 439511 248174 31479 325371 631728 419464 305065 275501 48061
322854 975302 734210 272870 332194 162789 79221 422958 795674 822000 101015 675586 134629 633898 730462 279890 671833 153031 588986 653635 471350 355279 820135 603461 501921 999999999 235698 676131 332171 821068 499163 679424 176334 628093 315868 106424 354132 964797 361395 449476 298617 675429 548890 646478 660181 513641 514255 610043 757959 326667 641505 240719 311354 292049 59667 185520 518074 501265 688788 76203 692659 422718 644182 316521 760964 373494 696865 531032 534057 547125 616834 351103 437377 231010 399974 514729 271971 404023 689831 748224 220073 481551 257504 290654 126068 524917 87358 524917 854431 280879 770366 226133 731195 470692 266038 246444 813399 730074 396969 466284
474220 1117452 957197 77621 567893 293279 232109 616007 894567 874644 316505 884179 345016 740452 904909 211005 877178 359423 737213 822448 448686 405444 738007 838881 606915 235698 999999999 871638 544253 983239 582515 883848 390476 855398 419287 184815 576616 1103692 346140 585440 394572 635746 783481 801701 839562 616070 480860 823611 713222 556538 707211 89262 546969 69352 291513 51503 658708 648013 905288 293497 870816 652770 771562 358255 902884 320778 932184 766727 720423 775782 851746 579511 359959 465305 602798 493007 141172 367653 845361 659768 435667 703347 79499 262500 361766 688003 227756 491852 990588 428175 753053 172712 791021 576574 472513 25649 804575 749968 393110 586127
409030 402291 222091 932400 468276 579612 644193 256120 439402 598425 671175 83615 542193 375427 122554 747180 61020 524451 238763 139435 686328 565807 959732 400380 399162 676131 871638 999999999 346973 222866 455543 55758 499884 244791 494048 781129 344484 404245 671480 343777 517290 780657 491132 198592 88888 402639 714266 128300 832120 394473 500346 908483 467561 898103 619013 822757 292996 284438 146614 600605 93852 334216 304784 593638 270043 727763 418175 423930 154305 269301 378875 571172 775810 490716 276258 691020 946248 704391 196731 931547 648390 245705 920769 698235 583844 222308 646661 715970 337723 452017 769124 738452 539837 407697 410096 891804 768563 652868 650330 374644
175328 687271 415045 597478 192357 268925 312150 110606 576861 666958 325396 343661 201450 427972 417201 466546 339674 185459 324001 351010 509035 356119 855783 358689 335018 332171 544253 346973 999999999 517113 370231 347318 156737 321171 266208 435608 57317 680889 442915 246783 277505 677205 365437 362994 344776 346932 550181 279922 751428 97159 498236 569779 176659 581951 273729 493338 281799 258562 361062 258382 377117 148133 403305 357857 485223 490627 441188 312248 218148 248777 359936 300611 553820 156093 74095 535221 604010 487812 401759 802799 321943 163663 584158 432148 237721 246656 316705 556899 579519 189086 723527 440360 579196 314820 72461 561657 747864 637075 444760 286961
510562 180587 418182 1052356 671081 693664 772609 408470 288190 463474 837584 298328 687947 313338 106077 822117 278576 669189 248146 168096 696264 615454 895147 622504 408159 821068 983239 222866 517113 999999999 456681 270549 651940 465104 569301 927368 532310 181435 717093 400279 594540 731219 713788 181965 175935 404685 711943 351113 763013 586635 432879 1035425 666301 995713 769483 938887 327829 335851 355354 745303 146163 543421 246041 654893 120095 772748 633302 646341 299152 491603 600280 778878 805431 672046 443242 686365 1079421 737955 138945 884945 836655 456996 1043766 766750 750468 297732 772582 710162 131429 556681 684233 828174 434634 431209 564808 1006215 668229 563809 683650 409590
212011 553233 648193 658774 557404 337484 426010 310254 312059 325144 563544 516825 400221 162430 416986 389889 497682 385286 226161 337661 240983 178531 515897 700522 56384 499163 582515 455543 370231 456681 999999999 498741 391691 603891 183335 591895 424992 536723 267852 135093 202340 333379 730118 288952 379670 54342 262203 497869 396878 465903 143962 653717 538167 576650 470664 548284 162813 174934 570693 439062 399818 505338 212945 225030 350302 321099 766512 670747 326231 561846 693604 658201 348969 483505 343442 237772 704723 282829 324325 479408 626866 471708 655295 332399 496494 237225 421158 262615 425190 234666 356435 411721 233577 58057 350825 607785 377832 267313 229617 92405
432062 447183 166639 941586 447026 594687 653647 269498 495157 653568 666137 28475 547291 427726 175298 770665 9397 530283 288332 193981 724479 597786 1007497 352610 442493 679424 883848 55758 347318 270549 498741 999999999 503452 194576 521596 782786 335626 450746 702729 380378 543811 827319 448345 252657 143759 446946 754287 90091 880983 381520 551416 915636 449003 914140 621036 834031 336024 324919 90925 605064 149327 310773 358201 622534 325263 758472 364912 382400 182119 229599 329908 545216 809253 481531 281678 731669 951089 737776 252418 977003 633432 223402 929088 723888 579883 262166 656898 756566 390172 472805 820023 758194 593631 448380 414980 903003 820930 704755 684432 414303
184155 812629 566743 441195 220601 142256 159414 248113 659149 714436 189584 500367 45473 499023 558016 343559 495978 33190 430331 483858 450786 302523 810544 468572 377493 176334 390476 499884 156737 651940 391691 503452 999999999 465855 226617 281388 186352 803645 359612 306648 222837 643528 440208 482680 486834 390036 495072 436284 723857 173733 534514 413055 196931 432802 119509 339154 367059 347232 516589 101679 519417 267454 495639 283724 601310 395786 559172 405058 359845 387476 476831 292019 463038 114163 223665 486686 447643 407051 525050 747717 235184 312877 427614 322817 108493 360355 165339 503994 695980 157503 715167 306626 622949 348849 89945 406761 749556 650224 377099 334068
469760 641228 114933 900779 328442 589909 625268 305522 671154 816943 586940 167154 511049 576208 367345 787164 186560 498068 432881 365990 799317 654168 1119253 159184 551588 628093 855398 244791 321171 465104 603891 194576 465855 999999999 566724 721128 279703 645208 751238 470350 583581 936581 262413 418534 321121 559551 835864 124301 1000263 301581 689355 868467 339674 898478 568694 803916 452780 434256 119125 562246 336171 206407 515423 666035 510992 802699 177405 201619 285996 81873 135535 403484 862417 401629 289078 816581 894958 793156 430305 1077816 522760 157855 885596 750371 509637 378226 631087 840489 582472 498351 951282 761432 746588 547008 392634 870383 960899 843630 744718 511831
96966 698176 640161 492485 425724 154325 243066 265162 486797 506791 383817 530915 224982 327095 500533 256396 517317 212570 321280 416142 243043 89959 595427 624473 192306 315868 419287 494048 266208 569301 183335 521596 226617 566724 999999999 409397 322893 684432 185265 169030 25241 421928 627222 387435 442357 202951 284895 488430 500561 347064 325888 482211 403537 426686 289657 379265 241748 234096 570833 257861 471011 414334 352513 101561 483873 238986 704541 577540 340791 504783 624423 513441 295965 333136 277788 271573 531273 226442 430416 538748 457994 412966 486590 204730 323555 283448 238598 292158 571350 79495 488588 258896 415663 160946 216958 443510 523258 426705 179595 166928
426398 1080553 829988 193769 409641 255384 166574 528923 894342 910532 142842 777890 240835 733039 836867 310747 775003 259344 693988 760015 531415 435243 863920 681698 599525 106424 184815 781129 435608 927368 591895 782786 281388 721128 409397 999999999 453144 1069741 419636 552120 389561 733762 614865 752225 766511 610853 571698 711023 815535 420291 731759 154650 391447 252571 162127 147266 621886 605730 788233 182570 799004 514725 746858 391973 865827 418363 775154 606285 640224 639432 697565 403631 475520 319588 504873 576337 173917 456616 795677 788616 255118 579613 175696 339023 211491 630916 170814 582751 958904 383055 837701 255157 820837 568079 371326 184845 883976 808760 460950 566372
232644 707226 381097 624941 148968 313349 345726 142317 616860 715291 330796 327396 231707 473066 428890 514219 327183 218382 359420 370747 565876 412696 913097 303295 387497 354132 576616 344484 57317 532310 424992 335626 186352 279703 322893 453144 999999999 702450 497551 298269 333378 734422 308316 390817 356840 399127 607218 258557 808411 55240 549824 594620 138074 618779 294496 525213 326144 302675 335139 284646 388179 92256 442311 412877 512609 544044 387829 255021 235463 202621 305931 259968 608053 146424 99940 592428 625129 542937 426627 860021 305870 127530 610535 482750 245448 281565 351426 614015 605507 245034 779437 484550 628838 368794 117536 592373 802823 691116 500852 339598
644023 21612 590458 1176661 845272 824111 908400 570367 264457 420149 992548 478075 835470 374825 286052 923969 459035 816759 375813 331704 759947 711798 887570 803255 500513 964797 1103692 404245 680889 181435 536723 450746 803645 645208 684432 1069741 702450 999999999 804477 521444 709124 745650 895222 321171 351903 493079 765506 532523 758215 757490 463356 1164385 838854 1106971 917350 1063153 449279 464191 532834 890706 324705 720968 332374 756023 203925 856833 810451 827751 466987 673013 780641 954491 877224 836978 608510 739872 1211493 815965 279853 893431 1002769 635816 1170130 866730 907029 443349 906973 761196 113141 688743 670174 939221 428802 529316 720544 1127939 640479 556475 764671 517567
281843 821081 825293 423548 578310 226368 283907 450398 569768 530387 455891 713572 336347 429769 662669 136026 698979 332963 473253 578778 111799 105856 461618 800842 309812 361395 346140 671480 442915 717093 267852 702729 359612 751238 185265 419636 497551 804477 999999999 330896 167723 315222 792222 540082 611652 314864 153242 673265 397549 512605 370642 429458 554852 323724 366075 325623 395839 395495 755314 338355 637735 589806 478670 85444 616267 56659 884043 748240 520741 687235 802837 649299 111338 473773 462163 156724 482793 47442 580062 393218 559106 596216 424820 85047 426567 452952 274889 164092 693039 254789 418949 177578 449753 285918 383284 371656 466993 404223 47098 310139
127082 533982 520841 656750 438548 302776 388185 175613 352555 421638 493271 395220 328448 192674 334110 423525 377962 310676 152376 249663 344135 225200 648942 565740 89726 449476 585440 343777 246783 400279 135093 380378 306648 470350 169030 552120 298269 521444 330896 999999999 194266 466277 598810 218409 280760 100999 375022 368593 531732 343934 251648 643185 421365 595530 408010 543047 73270 65789 444989 378723 307253 373760 194778 259024 318527 387545 631490 537981 200431 426769 558557 544431 432567 378887 210595 353259 690050 361318 261424 608564 535222 336689 649518 369508 415138 122444 386249 377971 409089 169066 490418 427897 332830 77206 244074 609072 508740 394742 306921 43117
114992 722985 659524 468104 429013 135952 223933 284479 508876 523403 370873 552500 216230 349970 525453 231791 539342 205466 346521 441099 235252 81941 591691 636188 215166 298617 394572 517290 277505 594540 202340 543811 222837 583581 25241 389561 333378 709124 167723 194266 999999999 421283 634738 412669 466822 225438 278329 508423 501176 354024 343167 458485 406368 401462 276091 355072 266983 259282 591180 244308 495666 425398 377032 82463 508849 219703 717798 586933 363641 519749 637090 512933 279027 332678 294535 267033 507924 210994 455657 532660 450288 428538 462474 180979 314926 308130 218875 286290 596016 88421 493814 233655 432739 184009 223357 418900 530531 437387 167522 191557
502432 766319 980688 709210 847429 529001 596966 637551 481201 351374 767132 847067 631291 422237 721407 431532 827048 623338 542785 651528 204111 341066 182672 1025385 387815 675429 635746 780657 677205 731219 333379 827319 643528 936581 421928 733762 734422 745650 315222 466277 421283 999999999 1042616 595372 698561 381733 162160 831101 82541 765590 298374 724190 825396 593911 674548 626886 492846 507368 902679 644876 713170 821911 495310 366442 611688 319138 1095947 988105 659152 891013 1020657 934207 276747 753907 666106 161126 776849 277401 620389 154019 863099 799378 714842 394928 727729 568703 588293 151188 652816 500557 127050 483427 317084 389618 637382 659710 182596 195924 278789 424864
540355 893394 361738 808280 222282 582463 579469 426116 879015 1001407 472238 423278 475858 754670 610346 782613 439404 471696 621594 587515 869699 715956 1220677 113544 688464 548890 783481 491132 365437 713788 730118 448345 440208 262413 627222 614865 308316 895222 792222 598810 634738 1042616 999999999 629280 551644 699361 912066 362854 1116705 280737 846922 769484 245588 840800 497979 734157 611636 588896 381394 506725 573998 225058 708632 710161 738991 833273 185661 68294 471259 222404 140600 217418 899743 332120 388349 898494 781560 839060 652451 1165929 368104 280543 790464 762775 423925 549802 587999 919376 820706 547930 1086064 741686 919841 672832 411398 791497 1107231 993529 801425 641498
330487 329970 418820 871417 538254 513417 594222 252640 253455 402106 671399 278289 515481 178917 128496 641091 255659 496717 67071 59402 529688 436690 770666 558871 235832 646478 801701 198592 362994 181965 288952 252657 482680 418534 387435 752225 390817 321171 540082 218409 412669 595372 629280 999999999 109919 234837 550542 294439 640910 445970 305701 855428 528867 813753 597407 757818 146460 153916 340936 571556 118345 426183 106574 474644 122274 596322 595909 561304 161597 413959 542175 649233 633311 518697 292914 525663 900327 564109 43839 748569 684541 350575 863201 586206 585887 122343 593699 550277 216595 376412 573765 646267 341245 255104 399461 824847 570903 456025 509321 230285
366910 354148 310385 904609 495262 546388 618897 239231 353111 509810 668571 170384 525689 287870 72476 698611 147555 507170 156033 50593 616090 505948 876093 470248 323760 660181 839562 88888 344776 175935 379670 143759 486834 321121 442357 766511 356840 351903 611652 280760 466822 698561 551644 109919 999999999 325677 641199 197653 747402 410917 413764 884051 490368 859881 605959 792549 220343 216695 233535 583980 32597 369083 216386 538257 190376 668303 497741 483416 127438 330204 451001 603476 711945 498201 270688 617178 925184 641073 110164 850657 661951 284235 894417 646762 580959 159411 620084 642084 269130 412328 682389 695777 451092 336365 397751 861156 680592 565336 586351 305614
205969 508711 598989 691169 537909 355546 444286 274523 283912 326183 569965 465823 404590 124721 362726 430891 446224 388234 171822 283341 294867 218752 563505 663183 12594 513641 616070 402639 346932 404685 54342 446946 390036 559551 202951 610853 399127 493079 314864 100999 225438 381733 699361 234837 325677 999999999 316542 450134 441219 443957 151458 683339 520066 614927 479647 579037 111226 126131 520950 448687 345524 474379 163853 263132 301409 369520 725580 637940 277904 521862 654776 642359 400855 472677 311013 292070 733195 333362 270891 530122 623559 433604 686476 373663 497494 186970 440456 316890 380494 237707 393511 447956 235645 42951 337881 640969 409152 294270 279288 60136
376055 784396 894916 556211 707041 372200 436234 530506 509633 428282 607434 770040 478236 401235 678869 272621 752311 472068 488363 599848 44496 196479 315582 906909 317536 514255 480860 714266 550181 711943 262203 754287 495072 835864 284895 571698 607218 765506 153242 375022 278329 162160 912066 550542 641199 316542 999999999 742032 244347 631663 303547 568109 684216 445090 516003 468241 421871 429993 819786 487103 661961 698008 465930 212081 598797 160434 984005 862148 575451 781034 905328 787090 133297 607984 552250 25792 621228 116042 584205 254331 706968 688440 560346 233131 572540 492569 427389 11154 660376 364140 272371 322827 362522 306571 501165 505528 323780 282669 120027 340063
393647 530540 153124 877358 359504 540799 591665 224215 546860 694102 588629 72327 481279 455734 248974 727255 80696 465374 312117 241737 708436 571148 1013362 273864 443403 610043 823611 128300 279922 351113 497869 90091 436284 124301 488430 711023 258557 532523 673265 368593 508423 831101 362854 294439 197653 450134 742032 999999999 891035 299908 572377 849164 362881 858759 550768 772904 340291 324026 83534 537641 214991 223057 392811 589904 387970 727413 301680 295799 172256 141443 253701 455763 782818 401838 223922 721080 881911 711930 306234 976409 548607 137873 863898 684439 503952 264290 595861 745594 462657 429657 837516 709172 625761 442933 351120 841397 844279 727013 660595 407672
577720 779440 1038299 785563 925124 611174 679506 705655 496414 345740 849609 902155 712683 463287 763694 511510 881400 704355 593368 698797 286622 421800 132148 1095266 448746 757959 713222 832120 751428 763013 396878 880983 723857 1000263 500561 815535 808411 758215 397549 531732 501176 82541 1116705 640910 747402 441219 244347 891035 999999999 841547 336136 802069 903375 668748 756903 706301 550835 567282 959659 727132 759252 894435 537075 448492 642931 399479 1163188 1060750 718796 958364 1089410 1013740 353275 833373 736214 243609 854391 358938 661762 142691 944972 867575 791927 476541 809477 626949 670831 233458 673383 578466 91734 564158 333118 454529 714509 736778 139666 202641 361318 489275
263912 762108 409734 599500 95986 312052 330130 196281 669919 763899 290459 370821 216615 523748 482716 514717 372747 206921 413522 425805 589095 435371 941874 295681 431984 326667 556538 394473 97159 586635 465903 381520 173733 301581 347064 420291 55240 757490 512605 343934 354024 765590 280737 445970 410917 443957 631663 299908 841547 999999999 595319 566894 83141 603425 267454 505062 377055 353656 371746 263155 441974 96299 495567 429797 567817 555567 385572 236298 290535 220457 303173 206137 621295 102779 154202 618614 593874 559148 481867 885762 253962 163001 584144 488738 209094 335626 336982 639139 660747 267611 817153 479986 676320 411188 130669 570432 842948 733100 520729 383923
352442 482768 713367 784564 689367 479082 566974 420813 206481 181220 707474 574371 544121 127237 427560 503854 552749 529038 263499 364297 303272 303782 467103 804418 163630 641505 707211 500346 498236 432879 143962 551416 534514 689355 325888 731759 549824 463356 370642 251648 343167 298374 846922 305701 413764 151458 303547 572377 336136 595319 999999999 783399 671476 692883 614413 677352 239245 260482 634333 582757 423878 622524 200987 350802 313561 415431 860986 784082 403362 660313 794005 793568 423050 622385 459250 278228 835526 369741 325647 452233 769487 575502 782877 447616 640066 311425 561609 298579 361787 378119 268778 534518 89795 187875 488063 732810 271906 154641 325203 211590
525023 1177158 974929 42226 563066 342013 265258 652642 965121 954253 297468 913311 368530 808056 951843 296369 908378 385355 792826 871243 534663 479767 827035 835451 673431 240719 89262 908483 569779 1035425 653717 915636 413055 868467 482211 154650 594620 1164385 429458 643185 458485 724190 769484 855428 884051 683339 568109 849164 802069 566894 783399 999999999 544188 148214 300368 106055 715981 703218 928734 311530 915999 662625 833880 432631 961704 407712 928977 760453 761048 787259 850768 557395 448888 468846 634245 579355 53361 453861 899266 748706 407445 722115 23277 344710 360959 737971 263999 579161 1051661 479022 840472 252596 868919 642425 500662 68143 891493 833647 476003 648487
329935 842991 453317 580234 23684 338617 334704 279359 752398 842703 251464 435114 230495 604630 561546 537364 439892 227307 496565 507388 640549 488262 998028 292266 507846 311354 546969 467561 176659 666301 538167 449003 196931 339674 403537 391447 138074 838854 554852 421365 406368 825396 245588 528867 490368 520066 684216 362881 903375 83141 671476 544188 999999999 600704 256595 496396 458354 435056 426948 262350 520835 140865 578218 475907 650567 592569 385774 219991 372301 258523 306645 123968 659703 86542 237337 673395 564513 602189 564335 938339 186492 225676 563480 519509 185414 418674 343031 692459 743214 324944 884397 496105 754191 485261 189873 557537 912832 805298 568902 459938
492995 1121740 996886 120267 622393 319456 273648 644744 887054 853721 379343 916429 387947 737710 922670 189035 907946 400414 747890 839035 417372 398139 684430 891112 606811 292049 69352 898103 581951 995713 576650 914140 432802 898478 426686 252571 618779 1106971 323724 595530 401462 593911 840800 813753 859881 614927 445090 858759 668748 603425 692883 148214 600704 999999999 344122 108978 668425 659958 941432 341306 890333 699037 774821 352166 909096 288798 983947 820656 744914 820252 902687 640912 317359 516901 635608 460052 194277 337007 856939 605720 499895 743848 131219 245754 417066 704604 267463 455755 993925 447906 714913 168117 773408 577660 509523 81161 767884 721811 370536 591179
281001 927134 674564 332097 278308 146693 89778 367543 758335 795614 94993 616718 81928 596593 676866 305045 613343 100692 542082 601573 471988 342447 827691 547712 467526 59667 291513 619013 273729 769483 470664 621036 119509 568694 289657 162127 294496 917350 366075 408010 276091 674548 497979 597407 605959 479647 516003 550768 756903 267454 614413 300368 256595 344122 999999999 240465 474008 455925 629263 31816 638520 363639 601626 309094 713980 386774 640880 476574 479170 487869 560260 309013 453103 173798 342764 513488 331145 411396 640360 758402 194444 421893 316965 304884 74942 475236 99438 526220 808120 242564 762181 255431 704166 436880 209422 303856 802463 713110 396380 428781
428724 1076426 905896 113713 517530 246338 181241 566837 859990 848399 270383 833956 293684 703736 858683 195661 827261 308279 694053 776763 432933 373763 740239 788078 569380 185520 51503 822757 493338 938887 548284 834031 339154 803916 379265 147266 525213 1063153 325623 543047 355072 626886 734157 757818 792549 579037 468241 772904 706301 505062 677352 106055 496396 108978 240465 999999999 616197 604574 854400 241999 824031 601285 731687 326605 861316 308127 881310 716289 672270 724279 800718 532323 355163 414250 552691 477975 158628 352795 801587 662929 390948 652030 107457 240593 311471 642583 177284 479370 950191 382568 740301 148069 762892 538583 421786 69054 790375 729329 371734 546086
