NAME : synthetic_000800
TYPE : CTSP-D
DIMENSION : 100
GROUPS : 8
RELAXATION_LEVEL : 1
EDGE_WEIGHT_TYPE : EXPLICIT
EDGE_WEIGHT_FORMAT : FULL_MATRIX
EDGE_WEIGHT_SECTION
999999999 221448 450705 658810 447903 304818 599409 385441 258562 682010 648869 469691 500332 352651 842693 695685 360582 386005 997119 357639 128446 272716 755838 688708 648269 829911 739294 248531 507880 784937 476494 608348 411577 341075 436922 352833 642321 121777 814840 487226 660893 533161 458886 878502 340499 635062 461094 157893 396070 191708 826918 310697 710738 539828 192052 318312 606650 140465 662919 597129 500650 835552 589096 538651 180576 275894 555361 214910 532895 520401 21239 539569 223064 328294 213831 589182 348881 458528 591156 249442 553470 681299 461385 352945 827975 673523 464562 589288 800998 764672 279750 464548 306222 620908 575612 144316 620466 472014 698581 663862
221448 999999999 552405 880187 612228 400968 813152 601998 463813 902209 756776 672119 506915 570264 1038240 914682 430820 556317 1200071 335558 349395 487606 973931 898294 808390 1029052 930246 339089 625566 955555 695230 739305 626795 479047 491019 501748 863641 182592 1027058 700394 855032 634653 628655 1067123 528003 786053 631375 135881 603068 123974 1040577 374694 765279 571626 374710 529534 827867 128516 698235 818544 662107 1026497 785925 760076 180212 467737 689854 351900 744200 668407 242685 691177 162981 417092 343488 675372 482186 675614 808604 184667 772934 749478 682805 573463 1011245 782199 640803 808191 980723 978208 108156 671668 521576 701045 792849 260154 839044 537356 871178 858972
450705 552405 999999999 680415 798836 740410 517018 418670 322835 658799 204929 723007 222666 563601 600139 791161 128472 739137 776506 285972 448821 540456 684012 551164 302856 606299 983935 691727 79587 455112 490132 196372 618177 743798 117023 742185 663499 567189 674865 683824 906054 83762 208303 602563 672130 266105 799342 417827 352633 609101 697176 180646 276930 183200 287082 356918 674066 429931 258825 653726 847554 573430 400298 610186 372198 618683 156740 641878 728938 166932 445180 191073 399569 135369 645352 139769 116424 634307 726855 389719 674254 238109 559806 456130 536415 230343 235115 566567 499433 643664 656749 699765 382561 173156 717131 592024 736812 88996 384964 905273
658810 880187 680415 999999999 525122 694653 185228 297781 448168 66630 725674 349052 889746 331908 423571 140116 728538 512668 480907 860671 531921 414408 153623 235256 536140 390216 440954 702071 650447 540191 203216 636065 298790 609542 777647 581054 17775 737220 267246 265455 394071 701517 477791 490804 469146 570426 502377 787616 339218 827227 260322 730790 904712 863433 550670 379369 73742 778605 922475 68996 535916 450273 331889 123238 779358 488404 609592 634823 261847 557488 637572 546999 832321 691600 647029 762167 599890 249327 170893 847854 154551 853326 199218 308782 493340 734175 451433 115833 499405 221530 927319 321560 374086 791876 179385 683292 143539 767131 493476 388166
447903 612228 798836 525122 999999999 244413 603275 456901 480138 583934 954917 176123 919979 271228 899187 463550 756747 62930 996124 798597 367542 260787 675587 699547 855208 871805 334220 290617 823479 939554 474903 883493 253703 143167 832877 114031 517649 429696 780930 260139 271480 866217 689721 958403 126707 865727 27253 602602 525762 502802 779221 720785 1075679 940247 520061 470532 451380 583104 1049775 459735 52851 912677 693496 424308 628452 184495 834369 260465 268388 781903 435110 789209 669565 716291 269508 932607 682494 287928 365173 696690 370588 1034508 382852 394562 935256 974963 676945 540875 924684 729462 597036 204068 440497 967321 352223 352131 400749 853692 862430 277663
304818 400968 740410 694653 244413 999999999 716789 520156 467589 742126 927428 376154 804887 371528 1003225 668727 662700 209340 1129148 656088 299976 303827 831271 816073 882047 981690 578578 62888 786697 996815 578243 872989 395864 102503 739831 134161 682769 230214 921390 442409 514649 819420 695576 1053257 228358 879998 269802 431827 569209 280227 925577 614712 1009423 843983 456479 493438 624427 410720 965791 625662 284848 1007411 764937 576021 470034 209842 820030 99356 470037 775641 302956 789944 498398 627855 95058 880175 629165 446109 560751 526986 547783 976581 511089 461033 1016135 950783 691865 673679 997110 868255 364133 392349 466878 913368 545423 164592 596823 772319 912270 520494
599409 813152 517018 185228 603275 716789 999999999 215070 351013 145121 542753 439572 734725 350053 295991 321803 583951 572459 413134 730676 484966 413378 173374 99431 350985 269659 602612 707738 477478 368025 138553 453038 350005 650363 622749 627318 172390 699614 215763 357799 543395 527737 309119 355719 513114 385325 586039 701642 214939 785296 227618 596581 724799 699583 449323 283667 217569 697096 747944 196196 628349 310379 146665 194204 683175 508619 429862 637564 377553 380012 579100 367157 734699 551293 648664 585372 452916 318173 313206 745206 270843 673110 220509 261801 339447 550273 282222 78616 336572 165299 878829 408267 293188 613599 313634 662096 300650 605679 312366 538830
385441 601998 418670 297781 456901 520156 215070 999999999 150763 305318 524629 329967 609411 185906 484688 382317 441724 411306 622885 564675 270037 220172 372099 308830 399115 465298 571071 503258 412405 487284 96483 443516 221114 468276 499641 450623 280054 484647 430819 273422 495774 462154 250115 533151 343818 412865 446966 497436 74238 570249 441926 437435 677208 595481 253452 81588 268857 490675 675517 251540 494705 487368 246390 199346 484921 320989 400114 433483 315201 344625 364881 346170 537667 402439 443808 528802 319699 222741 308705 551838 256395 629267 141207 63173 497057 541024 231315 207927 480248 379858 664313 301667 80669 562411 298572 449527 321240 498312 407211 494069
258562 463813 322835 448168 480138 467589 351013 150763 999999999 455185 477071 402303 483041 243032 584242 523626 311851 422674 739379 418931 172677 219583 517387 434491 415191 571390 669805 434171 343400 538622 247068 411882 301010 445014 379213 437096 430487 372135 563507 372182 590430 386373 228058 621478 354003 412491 478686 350927 139339 449999 577631 297458 598019 482711 102692 69849 414470 346083 579809 398769 527267 577964 330792 343529 335332 306623 360297 370143 419510 311672 240196 323931 387829 270425 377617 453119 208681 325540 437882 401318 388368 555309 274448 154021 573330 498245 224858 356799 548438 515315 536708 380887 76783 487861 425278 356544 456695 388711 452445 590384
682010 902209 658799 66630 583934 742126 145121 305318 455185 999999999 686702 408552 873713 373231 357654 201715 717764 567606 416436 857523 557830 452329 91698 174395 489457 324054 506777 745303 621998 481510 209052 597037 348146 660972 761435 633532 67765 768112 201722 323839 460698 672457 452052 425137 519974 526296 562067 802342 333028 857308 196470 725137 869723 841861 557613 385342 135712 794927 892882 124348 597355 385277 288155 166301 790157 533464 574920 676748 324713 525093 660892 512231 842835 682816 688752 730467 587270 301618 236354 856448 214676 817995 234465 329076 430050 693377 425211 99199 438010 155004 955782 379866 385252 758710 243856 718785 210062 746949 440282 454781
648869 756776 204929 725674 954917 927428 542753 524629 477071 686702 999999999 852252 347099 697966 516035 854799 327853 899001 685476 469195 628953 694425 684508 539491 213901 533289 1092326 882875 141418 332742 567794 89715 743438 919029 284806 913190 711008 767788 640810 797728 1019015 122145 274518 496255 829861 169563 951208 622601 450525 813203 665676 382932 189864 271116 471306 487105 739940 634857 240740 717988 1000010 480520 399067 687428 576600 783635 124546 828092 837843 180204 641243 182725 601599 340144 832908 101762 300781 747054 813501 589577 761519 139074 656414 577245 428943 25430 294769 610774 390961 624520 861558 825154 516661 103286 807117 786750 814739 236331 294489 1016877
469691 672119 723007 349052 176123 376154 439572 329967 402303 408552 852252 999999999 879040 159487 733454 295171 708589 172482 822546 785112 354518 206847 500084 532600 724366 704570 275708 402285 731963 791418 321886 772984 108988 278647 779608 247284 341874 496514 607060 85092 195448 779285 578522 795009 154229 741452 153532 626268 403923 582639 604438 683931 994242 884434 472563 369202 275315 609898 981297 284214 190645 749877 545365 252512 639679 205874 728153 347259 95708 673120 451403 675833 688180 666787 359262 846677 610684 122077 191375 712155 194573 948742 223878 275028 777244 869621 560967 371916 770238 556242 683947 31377 341532 881129 177552 424252 227517 790993 719545 197228
500332 506915 222666 889746 919979 804887 734725 609411 483041 873713 347099 879040 999999999 722399 817202 990860 171254 857327 993327 171588 552477 678550 904129 773354 511695 825523 1151114 746878 286924 658189 691988 386127 782622 835290 112298 841813 872371 592082 897531 855103 1071191 253314 428721 813778 796807 470044 926306 396148 552649 601517 919808 199212 272978 80577 407337 535875 875303 415450 195654 856195 971908 788143 622730 807796 349002 735571 363186 714287 902540 386479 504468 409372 345533 212920 713934 245346 290925 808528 915766 322257 864352 273914 748521 633705 746402 368156 455159 778601 708496 865945 614387 860432 555631 252629 904278 641774 930454 135522 596780 1071578
352651 570264 563601 331908 271228 371528 350053 185906 243032 373231 697966 159487 722399 999999999 643341 344621 551418 228633 759561 637270 225821 84701 460830 449341 584872 618924 428758 372072 574383 669423 213370 621437 62787 300318 621294 277631 318070 412039 550099 139952 348792 621028 426414 698642 164525 597243 261109 501144 256458 502323 554049 529578 835596 725570 318440 211702 267875 487466 821816 263978 309026 652568 424307 209322 506673 161694 574712 303712 187984 520458 332141 525222 557838 509627 315800 688409 451230 105891 238598 579347 203840 790626 139818 124438 670209 716313 411092 302274 657254 496981 604013 138200 183154 722965 222990 353027 268832 631733 591410 349224
842693 1038240 600139 423571 899187 1003225 295991 484688 584242 357654 516035 733454 817202 643341 999999999 557660 709264 868035 176376 872182 745199 699905 290335 200960 309508 35050 864410 987943 530286 195260 429971 442898 645995 942760 717127 920949 420339 955085 184593 650092 816071 567350 424694 68103 807471 354047 881630 911743 449958 1034237 206902 742515 702221 757388 663816 530134 484259 912618 756069 466780 923257 40747 253677 482665 881880 798361 454922 918157 664333 433213 824433 409182 928043 690217 928494 599798 592298 613058 586798 930934 553432 653595 516497 542228 101558 509431 405923 362053 132858 209528 1119086 702343 549941 615001 591203 929782 564903 682310 224051 810484
695685 914682 791161 140116 463550 668727 321803 382317 523626 201715 854799 295171 990860 344621 557660 999999999 824004 467644 594168 942557 567523 428455 272767 374777 672052 523476 310257 688514 769544 680301 301056 765740 291697 573364 880159 542252 150069 754693 389208 228151 275910 820798 596390 625525 441282 704496 437703 838729 439728 844627 376881 818539 1029109 972280 622166 460216 117260 826747 1040821 138312 461326 586545 467503 183125 838156 477819 735486 626973 199586 681693 674832 673570 890709 784734 639342 883858 700158 240522 109743 909564 142424 978312 249523 371047 631740 864867 571056 246381 638960 350093 946728 276408 446843 914937 125703 690972 76021 875065 632658 269024
360582 430820 128472 728538 756747 662700 583951 441724 311851 717764 327853 708589 171254 551418 709264 824004 999999999 694617 884692 163530 391127 509961 756455 634502 423869 711669 980043 608654 207556 577152 527788 324635 611441 681617 77595 685116 710938 468214 763513 683855 900193 206100 291950 718117 631932 390280 761506 299085 389404 498642 784102 56399 351432 184417 238743 366189 709546 313545 303112 691102 808006 685818 488070 640924 251577 572398 282511 567442 731317 281693 359968 306665 273764 41808 568829 244887 131037 637381 746095 262210 695069 326220 579366 463196 653522 353152 316017 620465 617574 726752 537148 689537 384987 272083 734311 504896 761833 112646 502428 900511
386005 556317 739137 512668 62930 209340 572459 411306 422674 567606 899001 172482 857327 228633 868035 467644 694617 999999999 973779 735756 304851 204963 659097 670532 806874 842093 379107 246240 765973 897515 439398 829484 224132 108085 770948 76102 503325 373832 759887 248836 309690 807840 636876 925154 69508 815332 75837 541504 477402 450641 760138 658159 1016065 878342 458595 417738 439543 522239 988759 445019 115633 879168 652876 403456 566440 122230 779610 206599 268164 727950 372799 736296 608215 654321 216743 873899 622718 266264 363004 635145 359363 975552 352857 348229 898459 919527 625384 515197 885873 707532 547443 194125 387705 908567 348601 296438 399281 792461 818453 314985
997119 1200071 776506 480907 996124 1129148 413134 622885 739379 416436 685476 822546 993327 759561 176376 594168 884692 973779 999999999 1047244 891278 826276 327570 314890 483943 174264 903119 1120858 706457 354809 551450 616317 749835 1058879 893499 1034093 484199 1104723 215523 737456 868344 742754 597639 191154 919256 527876 975497 1076936 601049 1187280 220636 916619 868096 932600 825632 679580 552148 1076456 926207 539797 1012555 206385 415444 571910 1049417 920094 630650 1050680 741082 609576 977913 585558 1096912 864587 1061745 772836 765765 709013 651783 1101165 630427 820986 623012 674210 257006 676721 577449 459150 294653 266684 1276063 792861 695565 786286 660045 1072409 622875 858566 398198 861799
357639 335558 285972 860671 798597 656088 730676 564675 418931 857523 469195 785112 171588 637270 872182 942557 163530 735756 1047244 999999999 436786 578546 904049 788948 586508 873798 1060803 595596 365324 739618 657470 480918 699879 698679 184390 709476 842898 433960 919466 776212 980489 353138 451683 881646 681562 551575 808638 231620 524554 434115 939140 134588 437589 241001 322709 483951 832529 252054 365308 815979 851385 849195 645830 761890 187541 617515 442601 571691 824453 445036 366451 469997 175529 184007 569523 373611 284785 734371 854604 151071 806302 429411 693277 572199 816998 493433 474416 758629 780946 880312 442849 771234 495714 392068 841282 491496 875024 233031 665813 981970
128446 349395 448821 531921 367542 299976 484966 270037 172677 557830 628953 354518 552477 225821 745199 567523 391127 304851 891278 436786 999999999 149863 634675 578408 587105 729098 628998 262302 489073 710873 355832 573015 286256 295120 468130 295329 515678 214650 700587 362942 549220 524577 398274 786998 245934 582206 374728 275961 295522 301336 710967 353323 723604 575432 161754 215283 478473 261757 689460 469354 419637 742466 494591 410949 285478 183326 520077 200920 409677 475919 107415 490791 334992 351642 207232 587678 334228 331609 463741 358150 425214 686883 333684 229656 741996 651930 396988 467594 718639 649197 398170 345410 195991 621679 448332 185708 492498 492861 624845 551431
272716 487606 540456 414408 260787 303827 413378 220172 219583 452329 694425 206847 678550 84701 699905 428455 509961 204963 826276 578546 149863 999999999 537724 512504 606002 677954 482496 296039 562756 705787 274866 624539 139313 248387 583685 232387 399966 327350 621036 214512 402284 605931 432349 751281 135561 612284 259210 425312 278760 417626 626881 481136 816756 690253 271382 213723 352007 410388 794631 347200 307720 705288 466561 291249 435121 100949 574666 226259 260481 523024 252832 531662 484854 468439 237911 672578 424610 188287 321213 507856 288357 774682 217926 158678 717036 714749 421717 374807 700390 567986 519350 195809 183859 707316 305387 269088 352499 600092 623877 404046
755838 973931 684012 153623 675587 831271 173374 372099 517387 91698 684508 500084 904129 460830 290335 272767 756455 659097 327570 904049 634675 537724 999999999 145523 476649 255415 582883 832447 637884 440543 279392 596192 438737 751625 792678 724494 158430 847436 116599 415466 542799 686617 475845 358379 610607 517594 653615 867984 385582 935716 106954 769925 872224 864995 618041 448179 226050 862094 903764 215890 688481 323185 290253 256725 852102 621977 581884 763359 415077 536827 734954 520447 904159 724360 775226 739741 625491 392953 324337 915755 305895 820419 321114 405065 374841 687864 449183 167092 389582 81071 1032641 471520 452728 765310 333003 801461 295383 772999 414638 536489
688708 898294 551164 235256 699547 816073 99431 308830 434491 174395 539491 532600 773354 449341 200960 374777 634502 670532 314890 788948 578408 512504 145523 999999999 331148 172291 673442 806249 499469 307273 237853 451606 447205 749657 663450 726393 228480 792691 131781 449133 620495 546915 345547 264308 612020 372128 681455 781664 295247 876942 150236 654427 727774 729289 528050 370505 288152 778748 761709 269274 722611 220640 151169 281786 759492 608042 439693 736070 464022 397203 668872 379292 809758 605878 747057 597615 505199 412597 389722 817948 353698 676032 317796 359329 258922 542470 319852 161117 264200 92664 968450 501539 383797 622163 392956 758060 370750 639908 271543 615275
648269 808390 302856 536140 855208 882047 350985 399115 415191 489457 213901 724366 511695 584872 309508 672052 423869 806874 483943 586508 587105 606002 476649 331148 999999999 323081 936417 849219 226996 153314 410830 133873 617137 850478 417671 837626 523307 769585 427101 656847 868995 259310 190281 302114 737991 45137 845980 673730 329619 834133 452052 466612 403725 448772 456217 393819 562643 679932 449712 540568 893810 277679 204573 520995 635272 704887 148870 785214 690380 143823 634565 119314 674039 414245 792801 290693 328536 607816 648236 670699 599021 352919 508193 460745 234929 213276 190341 425845 197318 412747 903181 694455 422976 307839 644747 767222 642894 378663 85745 865686
829911 1029052 606299 390216 871805 981690 269659 465298 571390 324054 533289 704570 825523 618924 35050 523476 711669 842093 174264 873798 729098 677954 255415 172291 323081 999999999 830809 968167 538874 220982 405799 456954 619203 918948 723276 896498 387481 940529 149919 620749 783354 578024 423516 102966 782552 368115 853741 904378 435012 1021059 172635 742685 721078 768063 654342 514795 452063 904458 772141 435016 894759 72511 243149 452942 876010 775528 465199 898186 633685 439657 811238 416254 923137 690785 908734 613710 591683 584857 554696 927092 522468 671718 489700 521258 132007 528113 403186 332688 159528 174720 1107616 673586 533244 630509 559488 912786 532121 690177 239050 777684
739294 930246 983935 440954 334220 578578 602612 571071 669805 506777 1092326 275708 1151114 428758 864410 310257 980043 379107 903119 1060803 628998 482496 582883 673442 936417 830809 999999999 623473 983382 970515 527965 1007607 368842 477219 1049003 447138 445450 749150 699409 300115 80358 1032818 818929 931750 402806 961670 309530 897015 643824 829006 687049 957867 1248114 1152078 746439 627053 386653 879709 1242664 407124 297289 891068 737998 415946 913100 465395 968053 585051 255949 912328 722112 910555 960477 938273 595556 1099693 875470 349926 290084 985192 337516 1200337 435928 527849 932359 1106891 797608 524117 935439 659108 926511 291081 602281 1133425 292019 672701 303243 1056922 912259 79537
248531 339089 691727 702071 290617 62888 707738 503258 434171 745303 882875 402285 746878 372072 987943 688514 608654 246240 1120858 595596 262302 296039 832447 806249 849219 968167 623473 999999999 741604 969873 569711 832261 405456 148235 685300 176667 689043 167428 917018 460402 555820 772119 660576 1035141 248791 844420 314146 369816 545801 219820 922895 559228 957515 788327 411809 467554 634267 348691 911342 633312 335400 989656 744186 580731 408909 214093 779050 70180 492842 736853 249000 752466 436103 575101 59451 831367 582846 457234 579152 464700 560725 926214 511399 447421 994776 906692 658960 670747 973824 863991 308140 414375 442932 864063 563413 105106 614617 719393 884391 561191
507880 625566 79587 650447 823479 786697 477478 412405 343400 621998 141418 731963 286924 574383 530286 769544 207556 765973 706457 365324 489073 562756 637884 499469 226996 538874 983382 741604 999999999 377763 471407 117109 624353 780986 190873 776391 634251 627344 618018 684537 907443 51259 173270 528624 697401 188192 821428 490076 340774 675358 641270 258013 264814 231627 330295 362878 652452 500832 272054 631234 870130 501610 348708 592865 445798 648452 78583 687411 727440 102760 499957 123708 475951 209748 692025 116458 159396 634074 714795 467353 662065 217255 550890 458487 461768 165741 199171 534852 424294 590873 728293 706533 391254 150056 706529 645340 720926 152264 310970 905990
784937 955555 455112 540191 939554 996815 368025 487284 538622 481510 332742 791418 658189 669423 195260 680301 577152 897515 354809 739618 710873 705787 440543 307273 153314 220982 970515 969873 377763 999999999 469568 272391 689977 954076 568566 937574 531389 904769 358502 715163 910997 404936 328276 164087 830808 189623 926714 821990 428573 974039 383448 619726 513306 590807 594122 503443 584436 827073 573142 563548 972656 155673 246584 559737 785045 806663 299183 903090 740931 296771 769673 272007 825229 567259 911751 425039 479377 669972 681218 822750 637729 466528 567754 550395 98149 322514 320400 446411 62470 363375 1047558 760268 530074 435082 681314 895102 667877 527647 86461 906575
476494 695230 490132 203216 474903 578243 138553 96483 247068 209052 567794 321886 691988 213370 429971 301056 527788 439398 551450 657470 355832 274866 279392 237853 410830 405799 527965 569711 471407 469568 999999999 481255 221962 513153 580579 490989 185442 569570 348908 247888 458570 522501 299549 485831 377607 434025 459951 593323 139382 657144 357123 528004 734008 671318 349744 177468 184138 586102 741326 164369 504695 439813 223547 121462 581376 370334 444777 499569 279574 389487 455583 385108 634140 489965 510792 586994 401092 200889 245775 648285 193734 684108 98868 127078 460358 580936 275626 112961 450427 296363 753435 290800 176208 619108 239410 527620 249574 574152 398453 455491
608348 739305 196372 636065 883493 872989 453038 443516 411882 597037 89715 772984 386127 621437 442898 765740 324635 829484 616317 480918 573015 624539 596192 451606 133873 456954 1007607 832261 117109 272391 481255 999999999 663996 856835 301859 848748 621475 729523 556638 715295 935336 133511 195028 431146 760018 88916 878222 603481 369304 783042 581234 374862 276172 318695 421992 413116 651285 613189 316508 629282 926955 409949 309590 600009 560287 717363 53284 773838 754199 101592 598266 97472 592095 325748 779654 156920 262176 664742 726589 584119 674910 224462 571853 498773 363353 99757 212206 521298 325125 538008 840517 745104 443095 174590 720652 740519 726875 258021 218851 932955
411577 626795 618177 298790 253703 395864 350005 221114 301010 348146 743438 108988 782622 62787 645995 291697 611441 224132 749835 699879 286256 139313 438737 447205 617137 619203 368842 405456 624353 689977 221962 663996 999999999 312893 680174 285975 287109 463178 536461 77330 289434 672186 469570 704753 171874 633221 238018 562134 294975 552996 537591 591037 887449 783551 380286 262296 229135 547974 876918 229801 282895 658997 443393 182019 568758 191413 619265 340180 125228 564179 391417 566852 619667 569711 352539 739542 507656 52218 183007 641486 156027 841408 129526 166397 681985 760694 451990 291068 672375 483883 655138 82180 235642 773875 167041 399558 215748 688859 615701 289385
341075 479047 743798 609542 143167 102503 650363 468276 445014 660972 919029 278647 835290 300318 942760 573364 681617 108085 1058879 698679 295120 248387 751625 749657 850478 918948 477219 148235 780986 954076 513153 856835 312893 999999999 759171 32028 598894 298515 847447 350244 412285 818476 670378 996503 141020 853549 167841 486690 526284 364649 849650 638764 1018680 865785 456829 456687 537564 466159 982794 540922 187207 950418 714533 494912 518698 147443 804971 131199 373831 756638 332960 768164 554349 643628 137233 882301 628667 360340 467032 582460 458783 981900 436070 406019 964416 941147 662844 600080 948490 794523 456058 297606 427801 916447 452146 222491 503312 786549 871773 418077
436922 491019 117023 777647 832877 739831 622749 499641 379213 761435 284806 779608 112298 621294 717127 880159 77595 770948 893499 184390 468130 583685 792678 663450 417671 723276 1049003 685300 190873 568566 580579 301859 680174 759171 999999999 762483 760304 542048 789036 750983 969531 170516 318077 718629 707611 378947 837085 364093 441197 567514 810903 127244 278791 107400 313478 428113 764223 380313 226052 744902 883880 690150 513430 697253 315663 648721 269438 644873 797919 283942 436943 307985 329448 116640 646141 190410 180073 703422 807222 313105 755438 258652 639636 526924 652115 309070 344246 666321 614836 756110 598738 759472 449394 211963 796128 581196 820881 48901 500888 969559
352833 501748 742185 581054 114031 134161 627318 450623 437096 633532 913190 247284 841813 277631 920949 542252 685116 76102 1034093 709476 295329 232387 724494 726393 837626 896498 447138 176667 776391 937574 490989 848748 285975 32028 762483 999999999 570771 319906 821824 320220 381185 815245 660116 975719 114839 842275 137621 502355 511147 389846 823458 644068 1018117 869523 456091 444059 508690 482145 984735 512650 160930 929627 696235 467817 532274 132788 797379 150478 342670 747979 343025 758598 569932 646333 158283 879839 626370 332249 436394 597753 429439 980186 411088 387820 945181 934869 651414 574985 930216 769029 483171 266962 414679 914191 421638 242798 472690 788166 856121 386881
642321 863641 663499 17775 517649 682769 172390 280054 430487 67765 711008 341874 872371 318070 420339 150069 710938 503325 484199 842898 515678 399966 158430 228480 523307 387481 445450 689043 634251 531389 185442 621475 287109 598894 760304 570771 999999999 721773 269413 257547 395879 685366 461419 487106 458194 556943 495394 770409 321583 811688 264112 713049 889289 846454 533013 361641 67950 761515 906302 58309 530055 445791 318807 108805 761910 475710 594283 621444 257007 541884 621086 531763 814866 673937 633610 746327 582399 238575 169117 830309 147490 837977 183724 291726 487275 719849 435148 100375 492076 221850 911574 313679 356521 776227 176192 668595 144644 750066 482590 390206
121777 182592 567189 737220 429696 230214 699614 484647 372135 768112 767788 496514 592082 412039 955085 754693 468214 373832 1104723 433960 214650 327350 847436 792691 769585 940529 749150 167428 627344 904769 569570 729523 463178 298515 542048 319906 721773 999999999 915230 532940 674926 650406 579867 993596 348337 756800 448795 204367 505537 90322 925472 414837 819610 640461 313504 425806 678136 183305 766219 671770 479816 949941 702335 614328 246428 290673 676646 169606 574252 642161 135213 661340 269550 439773 161737 704102 469021 514194 646158 298124 615605 793165 538066 442712 944943 792649 584679 680433 918982 863778 192083 499033 409246 734872 630171 77571 678676 580821 818329 679132
814840 1027058 674865 267246 780930 921390 215763 430819 563507 201722 640810 607060 897531 550099 184593 389208 763513 759887 215523 919466 700587 621036 116599 131781 427101 149919 699409 917018 618018 358502 348908 556638 536461 847447 789036 821824 269413 915230 999999999 521975 659050 663209 472619 251034 707067 471258 760106 912241 424832 1001057 25317 785076 830670 849455 658713 497810 337280 908844 872062 324408 797032 221830 276006 357025 890816 711614 552557 847064 525915 515274 794633 495152 941270 735977 858516 708929 635134 494353 437934 949659 415021 779597 411568 475298 279071 640057 447698 247844 300991 53136 1094409 577459 508699 730635 445575 876219 410409 762909 352497 652806
487226 700394 683824 265455 260139 442409 357799 273422 372182 323839 797728 85092 855103 139952 650092 228151 683855 248836 737456 776212 362942 214512 415466 449133 656847 620749 300115 460402 684537 715163 247888 715295 77330 350244 750983 320220 257547 532940 521975 999999999 222954 733550 523270 712381 214140 677093 238344 638902 347269 621975 519488 665455 948987 853028 455515 326971 191807 624471 942550 199597 275528 667536 470634 168001 646023 250241 673182 399059 48241 617561 467313 617827 696836 642274 411413 800621 575920 50689 118805 718764 111063 901743 149145 227741 696733 813602 503440 288110 691252 471161 724173 56142 302606 834569 103200 466024 154581 757420 646114 221735
660893 855032 906054 394071 271480 514649 543395 495774 590430 460698 1019015 195448 1071191 348792 816071 275910 900193 309690 868344 980489 549220 402284 542799 620495 868995 783354 80358 555820 907443 910997 458570 935336 289434 412285 969531 381185 395879 674926 659050 222954 999999999 956503 744913 882487 327031 892490 245187 818412 569186 756549 649057 877638 1171937 1072969 666194 549162 332450 801357 1164870 351331 242460 840369 673780 351970 833721 388422 894538 513370 181188 838828 643410 838012 881451 858407 524287 1023564 796754 273372 231087 905949 273481 1124619 363777 450368 878487 1034233 724294 465762 879100 615367 855278 210891 523851 1057487 229762 599181 251235 978106 849191 7739
533161 634653 83762 701517 866217 819420 527737 462154 386373 672457 122145 779285 253314 621028 567350 820798 206100 807840 742754 353138 524577 605931 686617 546915 259310 578024 1032818 772119 51259 404936 522501 133511 672186 818476 170516 815245 685366 650406 663209 733550 956503 999999999 224524 561004 739761 216908 865056 500637 391090 692856 686812 260863 215463 190099 363656 410108 703697 513151 220962 682488 913637 536768 396759 643948 454496 689011 112851 720465 776877 149865 526947 168191 479695 218300 724429 67394 190544 683203 765563 468198 712816 169627 601213 506825 493466 147557 250366 585869 455455 637722 739597 754336 437937 101957 757156 673517 771976 124966 344875 955169
458886 628655 208303 477791 689721 695576 309119 250115 228058 452052 274518 578522 428721 426414 424694 596390 291950 636876 597639 451683 398274 432349 475845 345547 190281 423516 818929 660576 173270 328276 299549 195028 469570 670378 318077 660116 461419 579867 472619 523270 744913 224524 999999999 443393 567372 184435 683807 496571 176018 646456 493865 319380 434460 390478 267038 219275 479380 500431 445160 458081 732482 406069 196644 420904 462383 527706 150001 597782 563828 94626 444716 99493 506121 267896 604915 287752 168181 472587 544459 507363 491905 384657 383509 303906 384158 291155 26898 362499 352429 438205 719355 551026 249332 319586 536950 577089 549051 297234 242891 742915
878502 1067123 602563 490804 958403 1053257 355719 533151 621478 425137 496255 795009 813778 698642 68103 625525 718117 925154 191154 881646 786998 751281 358379 264308 302114 102966 931750 1035141 528624 164087 485831 431146 704753 996503 718629 975719 487106 993596 251034 712381 882487 561004 443393 999999999 863144 344194 941604 937746 491788 1070174 272391 755412 677294 749517 694741 571869 550276 940047 736890 532337 984067 46093 292426 545748 905286 850847 450901 965813 728317 437297 861019 412487 949512 702703 975785 586363 607805 673861 652623 950430 617939 630614 575615 592743 67810 486549 427778 425059 106070 277621 1151834 763762 593722 598021 656572 972497 631491 680638 217748 876994
340499 528003 672130 469146 126707 228358 513114 343818 354003 519974 829861 154229 796807 164525 807471 441282 631932 69508 919256 681562 245934 135561 610607 612020 737991 782552 402806 248791 697401 830808 377607 760018 171874 141020 707611 114839 458194 348337 707067 214140 327031 739761 567372 863144 999999999 746031 129601 498186 408738 431920 708907 597665 948974 814894 394331 348254 397709 479962 923430 400369 176403 817075 587163 353892 518880 64834 710224 193250 244173 658474 325025 666788 563480 591166 205165 806050 555791 219819 332710 589457 319948 907893 296257 280646 834395 850274 555965 460146 820737 654241 532321 165754 318229 840754 317268 273605 368672 727542 750994 331027
635062 786053 266105 570426 865727 879998 385325 412865 412491 526296 169563 741452 470044 597243 354047 704496 390280 815332 527876 551575 582206 612284 517594 372128 45137 368115 961670 844420 188192 189623 434025 88916 633221 853549 378947 842275 556943 756800 471258 677093 892490 216908 184435 344194 746031 999999999 857820 650612 340785 817856 496115 435613 359414 405491 443608 398650 593065 657990 404578 570944 906073 321497 238804 547885 610460 709552 109648 782101 712588 117688 622496 95947 647081 383899 789116 245828 303979 627349 675338 642210 625115 308388 529606 472814 276586 170459 190861 458161 238549 455530 883198 712142 428429 262702 670992 758898 671927 338306 130002 889491
461094 631375 799342 502377 27253 269802 586039 446966 478686 562067 951208 153532 926306 261109 881630 437703 761506 75837 975497 808638 374728 259210 653615 681455 845980 853741 309530 314146 821428 926714 459951 878222 238018 167841 837085 137621 495394 448795 760106 238344 245187 865056 683807 941604 129601 857820 999999999 617049 517195 523899 757832 727130 1075861 944328 523699 465147 428670 597877 1052053 437738 48802 896026 680285 404205 641324 191583 829769 280443 243901 776706 447409 783195 683618 720692 290028 931767 683240 268970 340608 710420 348021 1033889 366118 385364 919959 970808 670118 521946 910301 708967 619262 182648 435234 966507 327997 371272 375942 856474 850681 251245
157893 135881 417827 787616 602602 431827 701642 497436 350927 802342 622601 626268 396148 501144 911743 838729 299085 541504 1076936 231620 275961 425312 867984 781664 673730 904378 897015 369816 490076 821990 593323 603481 562134 486690 364093 502355 770409 204367 912241 638902 818412 500637 496571 937746 498186 650612 617049 999999999 487695 205913 927341 242686 641910 452849 253615 419809 742301 21129 580095 730376 655060 898115 661553 672170 48530 433689 553974 355919 685576 533038 175024 556020 67659 282478 351589 543922 346644 606515 737573 95883 696437 622405 595935 479010 880369 648031 510166 705357 849000 865180 238961 619708 417122 570940 722441 268746 764809 408573 738250 821269
396070 603068 352633 339218 525762 569209 214939 74238 139339 333028 450525 403923 552649 256458 449958 439728 389404 477402 601049 524554 295522 278760 385582 295247 329619 435012 643824 545801 340774 428573 139382 369304 294975 526284 441197 511147 321583 505537 424832 347269 569186 391090 176018 491788 408738 340785 517195 487695 999999999 586505 439647 392747 605467 532680 234629 80245 323239 484018 606961 303723 565354 447050 199420 257741 468272 379153 325989 477487 388265 270448 376915 271995 519761 352425 486831 457222 261806 296583 375289 530486 322542 556970 210131 132032 449056 466803 157121 234075 428297 377495 675240 375820 102878 490477 366367 480777 384202 435418 345526 567316
191708 123974 609101 827227 502802 280227 785296 570249 449999 857308 813203 582639 601517 502323 1034237 844627 498642 450641 1187280 434115 301336 417626 935716 876942 834133 1021059 829006 219820 675358 974039 657144 783042 552996 364649 567514 389846 811688 90322 1001057 621975 756549 692856 646456 1070174 431920 817856 523899 205913 586505 999999999 1011947 442800 846149 658613 379930 507717 768431 187862 785820 761960 550744 1027260 780707 704430 254086 376980 731077 244080 662555 701243 209846 721914 259308 476101 233977 741458 520873 604186 735897 286028 705815 824491 628028 530675 1019250 838466 653805 768630 991806 950019 102213 586588 493168 770228 719896 158479 768623 610301 887902 761097
826918 1040577 697176 260322 779221 925577 227618 441926 577631 196470 665676 604438 919808 554049 206902 376881 784102 760138 220636 939140 710967 626881 106954 150236 452052 172635 687049 922895 641270 383448 357123 581234 537591 849650 810903 823458 264112 925472 25317 519488 649057 686812 493865 272391 708907 496115 757832 927341 439647 1011947 999999999 804637 855526 872554 674069 511045 332024 923480 896406 320552 793705 244952 297511 356689 906877 715738 576484 853125 521117 538509 806539 518670 957660 755944 864707 733119 655192 494017 431169 966594 411071 804399 414716 484065 302900 665090 468654 252243 325573 62369 1106173 575307 520717 755084 439585 884723 402327 785419 377762 642653
310697 374694 180646 730790 720785 614712 596581 437435 297458 725137 382932 683931 199212 529578 742515 818539 56399 658159 916619 134588 353323 481136 769925 654427 466612 742685 957867 559228 258013 619726 528004 374862 591037 638764 127244 644068 713049 414837 785076 665455 877638 260863 319380 755412 597665 435613 727130 242686 392747 442800 804637 999999999 405236 229273 211457 358323 706269 257236 352566 688869 772696 721202 512040 636322 195222 536363 330097 521064 713438 322959 311852 347774 219050 52746 521736 301270 151392 620802 735302 209347 685471 381717 570715 451358 692153 408302 341263 626566 657088 745731 480829 666787 373404 328405 722735 454760 753422 167584 542182 878407
710738 765279 276930 904712 1075679 1009423 724799 677208 598019 869723 189864 994242 272978 835596 702221 1029109 351432 1016065 868096 437589 723604 816756 872224 727774 403725 721078 1248114 957515 264814 513306 734008 276172 887449 1018680 278791 1018117 889289 819610 830670 948987 1171937 215463 434460 677294 948974 359414 1075861 641910 605467 846149 855526 405236 999999999 196726 562107 625226 912622 658655 85567 891037 1124178 665415 584222 855345 593383 895541 295216 912174 992165 347633 708563 357920 602368 382544 914671 148421 393353 898612 978590 582774 925932 51848 815513 722265 611159 192969 458799 788976 573879 813837 873420 969567 652726 115063 970673 854794 983488 238981 483146 1170573
539828 571626 183200 863433 940247 843983 699583 595481 482711 841861 271116 884434 80577 725570 757388 972280 184417 878342 932600 241001 575432 690253 864995 729289 448772 768063 1152078 788327 231627 590807 671318 318695 783551 865785 107400 869523 846454 640461 849455 853028 1072969 190099 390478 749517 814894 405491 944328 452849 532680 658613 872554 229273 196726 999999999 420643 527647 855451 470830 127262 835407 991198 726439 578138 790354 404534 756116 302867 750022 899460 334243 541093 355204 408724 224040 750886 169829 277549 804734 904146 387855 851873 193775 736485 627117 681786 290983 417372 749749 643611 821240 679727 863577 550531 173504 893688 683668 915902 97295 534486 1072775
192052 374710 287082 550670 520061 456479 449323 253452 102692 557613 471306 472563 407337 318440 663816 622166 238743 458595 825632 322709 161754 271382 618041 528050 456217 654342 746439 411809 330295 594122 349744 421992 380286 456829 313478 456091 533013 313504 658713 455515 666194 363656 267038 694741 394331 443608 523699 253615 234629 379930 674069 211457 562107 420643 999999999 172365 515179 251312 530425 500119 570703 653193 411216 444070 234094 336584 368710 357263 503675 330254 178890 348514 286151 197424 361738 426119 173112 412312 532047 298848 484258 525130 372675 251122 641302 494967 273894 459001 612788 612013 457224 455364 177369 460024 518622 318541 553200 333939 507973 666996
318312 529534 356918 379369 470532 493438 283667 81588 69849 385342 487105 369202 535875 211702 530134 460216 366189 417738 679580 483951 215283 213723 448179 370505 393819 514795 627053 467554 362878 503443 177468 413116 262296 456687 428113 444059 361641 425806 497810 326971 549162 410108 219275 571869 348254 398650 465147 419809 80245 507717 511045 358323 625226 527647 172365 999999999 348651 414244 615716 332054 513903 527225 279445 278251 405114 311272 364771 399956 372510 311571 298684 318762 457654 325914 408923 477496 250099 277749 379968 471130 328892 579540 213281 99593 528185 506091 207995 286965 506361 448676 598003 344362 30058 511930 368404 400631 395967 431320 418860 548355
