NAME : synthetic_000779
TYPE : CTSP-D
DIMENSION : 100
GROUPS : 8
RELAXATION_LEVEL : 1
EDGE_WEIGHT_TYPE : EXPLICIT
EDGE_WEIGHT_FORMAT : FULL_MATRIX
EDGE_WEIGHT_SECTION
999999999 183022 245981 737919 400191 587047 462461 834776 322452 625116 186918 131925 101561 886046 542529 747973 778205 761820 516202 668833 245781 827523 607431 381346 883097 491400 663352 721657 798074 654686 967466 555510 867545 240839 724739 508731 593071 289612 810143 180958 280278 111887 551820 753451 684521 942329 597155 196306 125134 732474 522125 719818 126457 826663 883046 207084 366151 227868 553270 794657 758353 380731 572698 560540 639731 831258 507208 786671 12651 268650 319318 349950 37040 412259 299131 679621 145762 404335 345389 379154 483457 600587 777751 241273 70882 322488 829531 465290 314379 595040 376704 259578 364111 339414 452492 721482 835271 249619 178544 778513
183022 999999999 151712 656830 548869 417531 279844 670191 153434 534941 133050 300024 218058 875418 361414 600151 663253 660560 334669 559081 402283 722844 433003 537544 899171 312937 486942 643260 651520 524426 819962 595274 825745 147806 753463 588909 536959 130434 793330 362965 319784 278462 389016 776798 515274 801609 585455 360011 154883 674682 339150 642682 200485 722811 732151 143858 185431 45944 424460 623313 601936 500211 433521 397066 456974 739330 356786 683623 171327 106439 273994 274374 169255 482445 457534 708042 187090 348672 317995 229321 329763 432858 650370 228731 125151 381330 758136 542980 398320 608810 262387 103297 213086 159695 312736 574327 693657 384373 105421 632144
245981 151712 999999999 798290 645646 495528 296656 747179 263177 675115 282211 377850 324595 1027086 406395 701773 789555 794083 334373 690350 491593 853779 498619 627327 1049979 375069 543879 785725 753108 643969 917013 741555 975009 5186 902474 724079 685689 99021 944886 413292 461653 357834 480643 926592 588822 905961 737143 442262 284851 821998 357429 785533 322709 854161 827016 294799 256719 165906 548560 688359 693227 616663 549397 330735 461599 875855 466207 815941 233866 235924 425704 423961 212900 619597 545112 856918 140901 499379 469521 350135 247400 513457 768794 377269 176525 519876 901534 678496 529016 759070 130945 238705 334685 178548 434787 677434 799234 489899 254964 734426
737919 656830 798290 999999999 776888 460873 646629 470219 542907 123564 559454 742703 661637 362423 573006 326370 157098 90456 682094 146449 744178 134889 500847 799902 468226 539367 528905 18772 330780 237942 421790 438874 230714 795680 437646 565355 162371 724185 292281 828980 505785 733139 423367 427978 464471 367303 273664 750633 612790 96495 640954 23143 621786 131342 393451 539811 579812 632729 280832 514531 383353 664776 307449 839552 691390 101432 382067 106297 735563 562391 418868 391805 757018 526588 771383 420968 830924 334266 400011 457102 835524 447624 218463 498862 735594 516722 106288 550193 567107 355259 865816 559857 470536 666770 380276 319005 314863 682572 578195 324098
400191 548869 645646 776888 999999999 854976 811515 1063598 633534 708571 456586 269656 331042 744442 858289 937905 885212 840603 870196 783528 154709 903611 888935 37467 684303 799260 947519 758118 978885 816756 1134731 384595 797032 640475 526915 259283 615893 675201 694882 270298 320808 288525 806226 561334 941347 1093160 525519 205970 399318 722238 863063 753948 351847 900983 1067053 464949 696991 582962 732859 1049515 969932 112249 769676 945715 980291 877835 741185 865325 412022 585392 458953 514387 435191 251839 105123 493472 535397 505790 437318 643166 874794 861720 913724 405419 469154 276938 830562 246694 224714 468218 776568 572839 634495 705041 678387 913049 999149 165858 474491 961074
587047 417531 495528 460873 854976 999999999 230564 253877 265810 360105 422531 672451 573303 803238 123799 222160 370303 407658 242969 314952 742724 445761 43624 858699 883682 123317 95754 458732 270243 227537 425108 695713 689125 495708 792079 766869 451600 397444 722279 752717 538048 653024 52851 799067 97831 421576 583202 717323 494763 534203 198795 461721 534984 448000 334674 407177 241363 372800 196695 207659 200694 765709 158346 399311 230546 493321 122827 419767 577433 318730 401344 347045 582517 673125 792666 756014 596868 386201 435144 217040 419965 19202 323862 450101 540928 594035 561831 728241 639977 652915 501436 327471 229266 318481 181191 202966 320519 698879 417592 253715
462461 279844 296656 646629 811515 230564 999999999 465606 185428 529144 356075 577646 488315 953429 116619 452523 586036 611866 59209 509763 673348 659414 218596 805097 1011804 112925 254080 639809 500791 435842 652082 761539 861734 298401 892411 795932 588615 200080 869253 642799 530162 556200 239625 907324 310327 651612 692041 635068 413552 701660 61892 641539 460800 661039 561980 350655 117637 236855 366024 399447 429273 745332 345421 195982 177302 698765 264875 628265 450495 227179 420158 381773 444935 690735 728062 850448 422873 451344 466760 225866 193349 249762 547289 427802 399510 594343 752448 751654 627523 744067 274678 239837 222148 126865 275145 432379 551058 645805 337025 484245
834776 670191 747179 470219 1063598 253877 465606 999999999 517275 426955 660987 909873 810450 831485 348987 148294 320770 384997 457119 347136 968021 383796 249347 1072746 937768 372124 213875 478137 141732 269972 204306 833430 690212 747635 886819 930919 543220 648423 762369 993438 742978 891640 283040 884086 158357 227855 688370 948840 733868 564760 416710 482978 769992 387706 127850 643586 495029 625958 332935 80626 98199 964229 294149 592866 378540 447854 332980 381173 825830 568783 605567 550522 832834 851787 1014226 860081 850718 562576 627141 456593 637127 237570 255634 669797 792366 789836 542403 899020 840371 769600 740091 576481 471094 568910 394197 165067 176073 918127 660269 146156
322452 153434 263177 542907 633534 265810 185428 517275 999999999 419389 177486 418158 321896 808008 228453 448568 526379 532385 244355 428123 502733 591102 284992 630059 852515 172432 341270 531825 500069 381416 667785 583073 735650 261542 722771 611150 448859 181390 723764 493530 344765 397579 235591 740596 363625 651317 530873 469711 243342 577653 230718 532212 288589 591586 579461 168765 68010 111109 285392 472933 448659 562103 287566 361403 346879 615474 206693 553724 312414 54180 239099 208390 316722 505574 556174 679312 338337 283876 286837 87430 323169 280426 506798 242500 275278 408916 648078 566630 442727 573845 323982 64867 72717 130651 171647 423079 543554 469038 163723 480833
625116 534941 675115 123564 708571 360105 529144 426955 419389 999999999 442839 641620 555034 443263 463727 279009 176645 139764 567875 83343 656168 206214 402471 727395 529555 425072 438935 112882 302281 160876 435390 414604 334060 672567 460935 526346 117096 600634 363118 729170 413554 630142 316727 460446 383062 388708 262005 656436 500325 175434 528177 113782 513918 204698 382632 422851 457483 509758 167716 453883 330697 598583 201865 723796 588932 206841 267052 165283 621861 439190 309374 275610 641967 466896 689179 433158 711555 228007 298863 333817 715695 349609 211435 390535 618143 436286 228903 502228 488677 344381 742530 436933 347091 543859 258616 262670 306231 596170 459987 289164
186918 133050 282211 559454 456586 422531 356075 660987 177486 442839 999999999 250109 150791 749083 404905 565115 591743 577502 415128 482694 326132 642718 449682 452579 767883 347208 507938 544099 614481 468247 783513 462311 709272 277892 620718 461529 424465 257324 668243 332459 189997 231117 381057 644464 517460 756729 457665 295994 72893 564340 406495 542739 113217 642022 700626 20266 240488 144846 367064 628554 579455 390344 388483 508173 523789 649662 328766 602064 181686 129045 150317 167709 199633 354463 379066 575241 274230 232489 189830 206141 450120 433550 590897 95684 176249 253426 655542 415685 277391 476860 395124 116424 193274 260502 270490 538560 650144 291657 27634 594961
131925 300024 377850 742703 269656 672451 577646 909873 418158 641620 250109 999999999 99500 835253 645773 807364 808220 781349 633867 698426 114963 847818 698490 249553 814529 590590 756349 725022 855141 701382 1022466 482732 839114 372717 652175 411232 586165 417504 765702 87979 241872 21566 631085 683523 767568 991170 558049 64424 177698 720090 634868 722304 140185 846317 942739 266565 472080 340945 603162 878662 825911 264499 630070 689394 753486 841357 576958 806835 144220 364587 335138 380671 165834 328139 167354 608837 266704 413618 343633 456247 613962 683647 818153 255340 202393 258823 823956 371835 231321 538102 508447 353316 443288 459702 516746 780902 886930 132709 256050 835833
101561 218058 324595 661637 331042 573303 488315 810450 321896 555034 150791 99500 999999999 788403 550253 709356 717361 694161 545850 607335 185376 760542 599949 319652 782303 494074 658007 644548 757574 605546 925485 454050 776635 319434 623442 409601 510100 344447 713956 184289 181750 81489 531629 652394 668188 895435 501729 147991 79042 647665 543615 642234 42296 759284 844857 167065 378812 254236 506332 779280 726933 292075 532025 614680 662200 758243 477587 719486 107973 269126 245755 286965 136691 311301 240443 578413 245009 328173 262270 356866 544389 584321 724198 164573 152942 221010 748261 365504 214083 495420 454405 257389 344060 375850 417636 682850 790426 167995 158455 738195
886046 875418 1027086 362423 744442 803238 953429 831485 808008 443263 749083 835253 788403 999999999 902364 688776 512321 446712 998765 501555 785218 461423 845726 778365 129686 858268 881081 357125 690685 593568 754303 365272 152498 1023224 224690 485377 364814 976680 84413 906512 606664 835015 758533 191782 821331 697081 291806 814286 773472 272829 961993 352819 759710 457153 744702 734046 862205 867519 608477 876854 745776 644307 644897 1149251 1031000 397336 703057 453212 888846 806919 601502 607668 916056 520157 787559 251582 1013795 530372 559262 735010 1127607 792863 576807 659475 911557 576624 298093 501441 607598 297318 1123431 799710 743767 938647 678833 681072 668565 727100 774990 685398
542529 361414 406395 573006 858289 123799 116619 348987 228453 463727 404905 645773 550253 902364 999999999 344055 492609 526539 119310 429462 730869 567728 103453 856603 973345 59781 138324 568898 390366 346512 537140 753902 797236 407565 868141 807231 541458 307681 819532 718659 555445 624947 149896 878964 194367 539109 661288 698135 471792 639146 75142 571378 516897 569808 447397 394197 176393 315590 296011 283726 316045 780347 265559 275749 136676 612986 199395 540139 531434 281305 428595 380341 530649 706406 783970 828936 524146 437603 470487 223322 298225 142243 447560 457244 486154 616960 676497 765256 657020 723191 391197 292879 228021 229073 234713 326091 441319 695243 392175 374821
747973 600151 701773 326370 937905 222160 452523 148294 448568 279009 565115 807364 709356 688776 344055 999999999 186634 245594 463132 198848 853798 258256 243590 949949 791883 342598 242722 332847 51533 125763 220204 688459 551760 701219 738527 790303 395650 606715 617346 893635 619902 790741 222126 735897 168422 204210 540804 839969 636661 419226 419080 337513 667532 261619 135573 546086 445409 559594 207154 189064 57260 834693 177333 616265 422917 318216 243620 246449 740503 494096 486096 433046 751754 716053 896767 711983 786616 432354 500971 372596 641814 203031 124161 557441 715173 661491 406862 760418 713272 622532 720709 499192 388590 530272 295492 26556 98949 800306 569588 32673
778205 663253 789555 157098 885212 370303 586036 320770 526379 176645 591743 808220 717361 512321 492609 186634 999999999 66920 609952 110030 829865 75710 403523 903941 623401 473311 417615 169455 179124 150845 269278 577691 369444 787878 592979 696615 280620 703476 446936 896177 587058 795231 347170 584520 346029 217759 415733 827434 655825 253555 566267 174741 675374 78276 236398 571484 545820 630419 241005 374356 243143 775106 245249 768038 593072 131702 330535 60560 773407 559391 473108 430998 790627 642440 864445 573786 847831 397217 469624 439657 779380 353402 65163 553565 761559 612497 221982 675271 664996 499332 834682 560399 455383 635105 354799 187766 158030 770609 604502 176128
761820 660560 794083 90456 840603 407658 611866 384997 532385 139764 577502 781349 694161 446712 526539 245594 66920 999999999 641018 104772 794615 66472 444358 861186 556647 500633 464973 103865 243972 180282 332482 519538 306336 791999 527528 641909 227457 712692 380228 868926 552411 769743 377511 518350 396149 278914 355706 795902 637565 186775 598188 109189 652818 65125 303281 557318 559639 631226 251255 434634 302822 729367 266447 799568 635597 86926 349115 25543 758030 559882 448406 411895 777126 593952 826209 509580 841678 367732 438580 444960 804293 392250 130200 529589 751149 572081 161946 623090 623996 438802 849028 559377 459915 648625 362083 242348 224946 734158 592899 239171
516202 334669 334373 682094 870196 242969 59209 457119 244355 567875 415128 633867 545850 998765 119310 463132 609952 641018 999999999 541395 731090 684648 220677 863374 1061184 142901 243307 676532 508852 462011 651488 817379 901783 336799 945235 854199 634392 242702 914915 697014 589119 612360 263724 959216 308570 656204 742914 692066 471777 742197 44181 678611 519117 686583 562572 409850 176735 292971 401666 385297 433180 804528 376228 158554 127806 727827 300927 655758 504039 286312 477410 437402 496891 749265 785931 903815 466909 505149 523579 279432 181108 261529 566378 486826 451454 653228 787010 810078 686683 797379 290049 298972 277216 177153 320254 445392 559961 704420 395769 493648
668833 559081 690350 146449 783528 314952 509763 347136 428123 83343 482694 698426 607335 501555 429462 198848 110030 104772 541395 999999999 722328 163870 354517 800693 597529 399681 382902 146445 219255 92355 354426 497939 376633 688362 539720 608598 200042 608115 425646 786397 479803 685300 279574 537166 320153 309953 344359 718575 546073 228739 499279 150122 565344 164015 299356 462429 454910 528392 146673 379935 252743 674824 165185 699701 545319 190411 245675 125618 664246 457052 363288 321017 681953 545828 758314 513782 742013 288732 361335 340701 701448 301346 130787 443609 653861 508504 247261 583338 561184 427181 744267 457082 355827 543863 257427 185062 223393 663728 496221 206711
245781 402283 491593 744178 154709 742724 673348 968021 502733 656168 326132 114963 185376 785218 730869 853798 829865 794615 731090 722328 999999999 860345 772893 136506 748718 673340 831507 725730 898819 739491 1062096 421711 809103 486434 585749 327345 582527 525463 722770 134385 242825 133947 697302 618865 834321 1025895 526390 52055 260546 707104 727905 722321 214229 858322 987369 338329 562361 439560 646694 944745 878868 165554 678816 797131 846308 845206 637091 820085 257754 451440 368075 420792 280528 265158 55254 545231 381206 433839 361229 526176 723991 751819 848418 298259 315307 229498 814490 294553 184135 490329 622429 439283 515265 560959 574661 827841 925531 62156 339450 880040
827523 722844 853779 134889 903611 445761 659414 383796 591102 206214 642718 847818 760542 461423 567728 258256 75710 66472 684648 163870 860345 999999999 479225 924900 579119 546964 492843 152394 243045 223575 296200 573559 312807 851863 567023 698993 288306 770192 403529 935384 618386 836210 421351 554548 420777 239753 408447 862124 703468 223290 641098 157427 719151 4278 284508 622499 614577 692232 306793 443019 313455 792013 316053 842912 668735 65130 400775 41056 823572 620900 514793 477713 842345 655483 891308 553193 905187 434199 504973 503779 852650 428984 134106 595970 815699 636859 163806 682238 688537 490141 904011 620947 519106 703859 419729 261810 211273 799703 657587 243574
607431 433003 498619 500847 888935 43624 218596 249347 284992 402471 449682 698490 599949 845726 103453 243590 403523 444358 220677 354517 772893 479225 999999999 891457 927036 124073 58703 499356 288292 265219 433816 738193 729954 499252 835657 807353 495117 399677 765054 776884 574087 678601 95328 842690 91963 435898 626783 745539 521003 575974 177085 502488 562775 481678 343977 435416 250842 387437 240092 191520 212787 801848 201088 372697 191355 529137 164636 455167 597301 338969 438586 385010 600489 712399 823734 799494 607350 427272 474016 246992 401073 53292 353427 483531 557716 631329 600559 768188 676289 696239 493059 348705 257647 320108 220578 227686 339488 730916 442565 273452
381346 537544 627327 799902 37467 858699 805097 1072746 630059 727395 452579 249553 319652 778365 856603 949949 903941 861186 863374 800693 136506 924900 891457 999999999 720307 798062 950145 781135 992045 830245 1149981 416698 827491 622184 562146 293944 638157 661754 727198 240725 330334 269528 810911 596535 946895 1109621 553310 185133 391597 748247 858115 777095 344298 922387 1080461 462415 692042 573543 743831 1055929 980185 139090 779518 933242 975991 901136 747182 886124 393503 580484 467182 522334 415283 278318 82215 527903 512492 519119 449041 644775 860469 866215 930303 408642 451365 292251 856720 278591 239555 498864 757992 568062 635315 695395 684292 924755 1013942 161393 468740 973954
883097 899171 1049979 468226 684303 883682 1011804 937768 852515 529555 767883 814529 782303 129686 973345 791883 623401 556647 1061184 597529 748718 579119 927036 720307 999999999 924720 967302 459632 798993 687331 874585 331809 278960 1045721 163099 428428 432846 1010562 176502 877368 604150 817635 835794 131006 912571 817598 321679 784306 780421 373008 1027369 454793 759213 574846 858863 755373 911946 897824 686987 977200 848017 594660 726572 1205623 1106182 516671 774954 566333 887667 843394 628197 645339 915915 487592 742185 205694 1019228 568748 582000 787611 1175584 875326 686397 673696 917852 562319 418464 454845 583210 291626 1155980 834693 794140 981679 742168 781447 781250 695155 795025 791884
491400 312937 375069 539367 799260 123317 112925 372124 172432 425072 347208 590590 494074 858268 59781 342598 473311 500633 142901 399681 673340 546964 124073 798062 924720 999999999 174527 533658 391967 323419 548421 697233 759062 375575 815208 748209 494892 276307 774755 665307 495665 569994 126706 827135 213776 544138 609668 641679 415283 599639 103766 535719 459761 548659 457988 335842 128259 267029 258790 315347 323999 720662 234602 300313 193930 587556 158052 516413 480698 226201 369261 321720 481790 646989 726101 775253 483818 381090 411650 163810 306203 142233 434472 397580 438084 557217 644502 706020 597253 669152 378590 237282 168247 196831 182783 321433 441499 636670 335661 374763
663352 486942 543879 528905 947519 95754 254080 213875 341270 438935 507938 756349 658007 881081 138324 242722 417615 464973 243307 382902 831507 492843 58703 950145 967302 174527 999999999 529277 280643 290964 410106 790042 759475 544877 881933 862588 537825 444937 801935 834136 632174 736342 148396 887512 74413 419587 673229 803878 579011 609207 202952 532814 621091 495690 322700 493867 302779 441126 283359 145444 200506 859937 241701 384087 180517 547070 218390 472913 653007 395411 496174 442218 655292 768799 882412 846972 657709 481824 530691 305687 423734 96246 361837 542137 611995 688941 624739 823994 734304 744945 527479 405478 316242 365741 276779 232541 331633 789619 500323 268796
721657 643260 785725 18772 758118 458732 639809 478137 531825 112882 544099 725022 644548 357125 568898 332847 169455 103865 676532 146445 725730 152394 499356 781135 459632 533658 529277 999999999 339887 238740 436270 421165 230643 783036 423734 547150 143705 712894 284522 811160 487662 715632 419692 415090 466294 382316 256080 732472 596557 86627 635848 5326 604878 148962 405170 524560 570327 619985 274868 520039 389481 646009 303560 833506 689243 120143 375873 121864 719464 549949 402431 376604 741172 507850 752749 405865 816177 317638 382678 446584 827677 446068 228926 482138 720320 498125 116261 531683 548443 338091 855246 547106 459703 656727 371229 324094 326322 664085 563238 332290
798074 651520 753108 330780 978885 270243 500791 141732 500069 302281 614481 855141 757574 690685 390366 51533 179124 243972 508852 219255 898819 243045 288292 992045 798993 391967 280643 339887 999999999 162216 169453 716172 548553 752585 755753 822697 419257 657826 623008 941765 662733 838839 273061 750875 206619 153072 563547 886366 685662 426358 465029 344886 715601 246859 88607 595278 496637 611078 252708 201613 80747 874168 226037 659933 460993 306562 294856 239462 790761 545398 530753 478612 802372 752388 940765 731697 838059 473166 543144 423666 688573 251041 114069 603752 766105 702017 400672 794582 754183 646436 770455 550372 439705 581109 345649 77233 51333 844386 619582 19564
654686 524426 643969 237942 816756 227537 435842 269972 381416 160876 468247 701382 605546 593568 346512 125763 150845 180282 462011 92355 739491 223575 265219 830245 687331 323419 290964 238740 162216 999999999 322704 563681 468556 642570 621465 664542 274742 555486 516860 788819 501537 686097 198308 621322 227862 289896 419523 729264 537067 320754 418803 242465 563280 225241 250309 448357 396366 488644 101617 293007 172164 711971 95326 620510 456557 266491 180548 193786 648517 418682 371793 321494 662978 591171 780255 592584 711011 311173 381683 296454 629102 212571 125955 447354 630272 539854 335474 634843 592077 500020 684533 421143 312573 485497 211854 105064 186250 684043 477003 144873
967466 819962 917013 421790 1134731 425108 652082 204306 667785 435390 783513 1022466 925485 754303 537140 220204 269278 332482 651488 354426 1062096 296200 433816 1149981 874585 548421 410106 436270 169453 322704 999999999 845760 602969 916755 859402 961532 547071 820323 699520 1109463 823072 1006558 436610 848829 343196 57259 684828 1051790 854383 516244 609161 441595 883380 300439 90434 764193 660340 778892 419307 284848 224552 1027462 395060 793553 581672 357928 463755 315778 960194 714084 694497 643807 971806 900121 1102250 842061 1006090 631491 703064 592793 832580 406287 224010 769532 935374 858149 456632 937477 910748 768487 925710 719327 608773 742282 515089 246456 136575 1006222 788950 189015
555510 595274 741555 438874 384595 695713 761539 833430 583073 414604 462311 482732 454050 365272 753902 688459 577691 519538 817379 497939 421711 573559 738193 416698 331809 697233 790042 421165 716172 563681 845760 999999999 414193 736928 170065 133985 299185 717150 310501 547241 282011 485933 643017 200808 755117 795439 165285 454234 461418 363412 791683 416147 434626 570113 797198 453709 649168 602839 515311 846536 735311 280097 558610 944433 890494 533113 573630 541088 560995 560316 344108 379978 589575 157135 422287 126117 695435 316301 296237 538869 899937 693877 623686 366788 595810 233040 467312 138109 251411 88640 857412 549597 540177 703593 522513 668743 720298 365561 489936 702114
867545 825745 975009 230714 797032 689125 861734 690212 735650 334060 709272 839114 776635 152498 797236 551760 369444 306336 901783 376633 809103 312807 729954 827491 278960 759062 759475 230643 548553 468556 602969 414193 999999999 971682 323652 546862 289436 912800 122570 918249 598920 834965 648913 298355 695103 545712 283037 829630 746840 160140 862237 227468 742382 308576 597256 691793 782301 810330 501466 740820 609018 688751 532889 1057069 919531 247915 601088 309136 868184 744119 559049 551406 893452 552638 821678 332065 982388 478074 524294 655185 1045093 676663 434581 628989 881498 584488 149144 550688 625206 328815 1058551 738900 666334 864898 587920 546995 522682 747795 732774 545053
240839 147806 5186 795680 640475 495708 298401 747635 261542 672567 277892 372717 319434 1023224 407565 701219 787878 791999 336799 688362 486434 851863 499252 622184 1045721 375575 544877 783036 752585 642570 916755 736928 971682 999999999 898014 719104 682406 99942 941092 408416 456898 352685 480285 922205 589280 905385 733154 437126 279939 818888 359342 782814 317661 852221 826812 290645 256415 163088 546873 689212 693094 611500 548103 335001 464158 873602 465107 813934 228714 233399 421787 420522 207822 614677 539969 852450 136903 495791 465455 348343 251886 513565 767512 372852 171348 515009 898790 673533 523995 754746 136123 235946 332824 179311 433083 676802 798561 484715 250696 733863
724739 753463 902474 437646 526915 792079 892411 886819 722771 460935 620718 652175 623442 224690 868141 738527 592979 527528 945235 539720 585749 567023 835657 562146 163099 815208 881933 423734 755753 621465 859402 170065 323652 898014 999999999 268456 348050 870463 201742 714286 448264 655804 741166 34430 835798 804560 208879 621229 626746 343874 915011 418420 602511 562982 827221 609953 785840 756429 598728 914182 791423 433344 641117 1082141 1003997 512870 675253 543662 729894 707256 489112 514531 758370 324699 580324 45650 863312 441382 441360 666559 1044891 786645 649858 525265 762830 402574 425666 292360 420965 148939 1013790 697549 670813 848850 633468 723392 748242 532064 648243 745111
508731 588909 724079 565355 259283 766869 795932 930919 611150 526346 461529 411232 409601 485377 807231 790303 696615 641909 854199 608598 327345 698993 807353 293944 428428 748209 862588 547150 822697 664542 961532 133985 546862 719104 268456 999999999 416014 717711 438974 460488 271832 419747 714209 302784 836843 913392 294501 369085 439572 494752 834375 542324 402290 695745 906843 458592 679130 606369 602277 935313 832963 166855 644533 966048 941672 662110 644268 664610 516731 577910 379365 427168 545214 107113 314818 234194 654112 381012 336837 584714 911465 767992 737734 372802 561298 208144 600018 45935 196148 222452 848543 565912 582362 719007 586898 768578 831952 281161 487869 807252
593071 536959 685689 162371 615893 451600 588615 543220 448859 117096 424465 586165 510100 364814 541458 395650 280620 227457 634392 200042 582527 288306 495117 638157 432846 494892 537825 143705 419257 274742 547071 299185 289436 682406 348050 416014 999999999 624074 280681 671290 346402 577964 403069 350643 488475 497770 145166 590659 469057 140036 598387 140041 472007 285516 498535 406127 499501 520895 255176 566598 446294 504042 296126 784451 673460 263799 342455 251261 592133 454944 275968 262658 615659 367180 609052 317901 698684 191991 248400 371894 764551 444128 324511 351798 599406 354488 238293 395773 404739 227285 770249 449538 381655 579090 314206 378419 421247 520749 446649 406260
289612 130434 99021 724185 675201 397444 200080 648423 181390 600634 257324 417504 344447 976680 307681 606715 703476 712692 242702 608115 525463 770192 399677 661754 1010562 276307 444937 712894 657826 555486 820323 717150 912800 99942 870463 717711 624074 999999999 893105 468796 447017 396166 384814 891902 490082 810873 691625 480184 285206 756241 261634 713181 330241 770853 730129 263737 161588 114350 463462 589342 596115 630261 460261 271954 370491 796393 375690 733528 276978 169911 382611 369049 264171 610889 580551 825494 224234 446445 429635 268273 200132 415582 678942 351243 219998 509679 829154 671784 528446 723393 146774 177023 254042 79568 350712 582875 704797 512161 230298 639388
810143 793330 944886 292281 694882 722279 869253 762369 723764 363118 668243 765702 713956 84413 819532 617346 446936 380228 914915 425646 722770 403529 765054 727198 176502 774755 801935 284522 623008 516860 699520 310501 122570 941092 201742 438974 280681 893105 999999999 839913 532436 764200 676740 175790 743956 642732 213179 748669 695292 198179 878429 279833 683686 399267 682376 652758 777798 784482 526693 803956 673867 590182 563990 1065024 949058 342048 620144 389867 812411 723262 519730 524235 839221 459590 729412 214082 935185 447086 478505 650598 1043198 712439 510114 580047 833020 507028 245357 448608 541723 232596 1039877 716217 659366 854411 594838 607951 604753 663122 693819 616310
180958 362965 413292 828980 270298 752717 642799 993438 493530 729170 332459 87979 184289 906512 718659 893635 896177 868926 697014 786397 134385 935384 776884 240725 877368 665307 834136 811160 941765 788819 1109463 547241 918249 408416 714286 460488 671290 468796 839913 999999999 325334 102928 713022 746769 848788 1078676 635774 93072 259571 803655 701928 808334 226164 933844 1029123 350006 542961 406845 690186 959795 910917 299931 716303 737660 819928 928070 660958 894428 193302 439399 423110 468453 204875 390217 166979 672470 283882 501217 430782 537972 658041 764664 906010 343275 248849 334168 908472 425700 298916 609425 540106 428870 524376 520349 601566 867132 974145 182243 335133 922404
280278 319784 461653 505785 320808 538048 530162 742978 344765 413554 189997 241872 181750 606664 555445 619902 587058 552411 589119 479803 242825 618386 574087 330334 604150 495665 632174 487662 662733 501537 823072 282011 598920 456898 448264 271832 346402 447017 532436 325334 999999999 236278 488002 475563 621799 785104 320823 244877 179432 478486 573207 484600 155123 616473 751288 186821 412562 334800 413522 729207 649921 227767 449339 694919 685480 605991 421575 577923 284062 307631 138342 193799 312061 164721 279364 402729 415307 192060 120008 333343 639652 543577 606816 102546 314566 64567 583155 226119 102310 314846 581638 295389 327452 447500 359064 594578 686594 184002 216734 644423
111887 278462 357834 733139 288525 653024 556200 891640 397579 630142 231117 21566 81489 835015 624947 790741 795231 769743 612360 685300 133947 836210 678601 269528 817635 569994 736342 715632 838839 686097 1006558 485933 834965 352685 655804 419747 577964 396166 764200 102928 236278 999999999 612168 686683 748444 975982 555075 84755 158382 713102 613527 713038 123238 834796 926216 248065 450976 319461 587299 859529 808403 277641 613408 668087 732130 831188 558876 795183 123980 343882 322250 366226 146695 333046 187326 612008 249797 402235 333312 437194 592921 664442 803829 241704 181906 258512 816103 379202 235047 538340 488590 332716 424019 438138 499088 764244 871300 145093 236039 819480
551820 389016 480643 423367 806226 52851 239625 283040 235591 316727 381057 631085 531629 758533 149896 222126 347170 377511 263724 279574 697302 421351 95328 810911 835794 126706 148396 419692 273061 198308 436610 643017 648913 480285 741166 714209 403069 384814 676740 713022 488002 612168 999999999 748822 137098 426131 532359 673751 453825 491950 220685 422317 492307 423185 346959 364676 223933 345836 150072 247966 214166 715395 116138 422253 272481 464227 70009 392034 542808 286088 350618 295905 549925 620955 746378 704611 572576 333434 383300 175054 432828 55577 307873 402380 509879 543045 526614 675770 589627 601085 500318 293526 188865 308148 129589 198980 320683 651869 378461 254774
753451 776798 926592 427978 561334 799067 907324 884086 740596 460446 644464 683523 652394 191782 878964 735897 584520 518350 959216 537166 618865 554548 842690 596535 131006 827135 887512 415090 750875 621322 848829 200808 298355 922205 34430 302784 350643 891902 175790 746769 475563 686683 748822 999999999 839099 793379 217676 653697 653175 332601 927919 409821 630332 550434 820024 633017 802623 778206 604179 914329 789726 467383 646009 1098485 1014215 498339 684090 533222 758305 727157 509597 532216 786675 356762 614163 74691 890869 457635 462277 681551 1063404 792853 643044 549379 789940 431945 408181 326034 452204 168511 1036059 717776 686515 867848 644705 721807 741074 564625 671874 740993
684521 515274 588822 464471 941347 97831 310327 158357 363625 383062 517460 767568 668188 821331 194367 168422 346029 396149 308570 320153 834321 420777 91963 946895 912571 213776 74413 466294 206619 227862 343196 755117 695103 589280 835798 836843 488475 490082 743956 848788 621799 748444 137098 839099 999999999 348562 628419 810796 590063 548564 265988 470138 629150 423752 254007 501410 337361 470421 240261 111094 127080 848291 196930 455101 254902 476532 200244 402597 675009 416420 483641 428335 680312 747970 883172 802989 693705 456897 512977 311325 489664 84166 288683 538727 638759 674761 557201 800492 722663 703670 584919 424999 324475 410586 262965 159342 257770 788399 513745 194432
942329 801609 905961 367303 1093160 421576 651612 227855 651317 388708 756729 991170 895435 697081 539109 204210 217759 278914 656204 309953 1025895 239753 435898 1109621 817598 544138 419587 382316 153072 289896 57259 795439 545712 905385 804560 913392 497770 810873 642732 1078676 785104 975982 426131 793379 348562 999999999 633270 1017819 826394 460960 612907 387633 853173 243969 100485 737045 649614 762056 389895 307423 223111 984752 370449 803360 596399 300931 445010 261032 935629 695222 659821 610854 948656 855246 1064456 788140 988543 593054 665286 572682 836940 402409 179437 736707 913802 817391 399497 890705 870082 716764 922726 699572 588858 734169 491984 228711 107963 968896 763943 171544
597155 585455 737143 273664 525519 583202 692041 688370 530873 262005 457665 558049 501729 291806 661288 540804 415733 355706 742914 344359 526390 408447 626783 553310 321679 609668 673229 256080 563547 419523 684828 165285 283037 733154 208879 294501 145166 691625 213179 635774 320823 555075 532359 217676 628419 633270 999999999 546678 482250 200547 710858 251021 470718 404964 641128 443072 590428 580235 390229 710364 591331 414362 432859 884840 796584 368173 466840 376636 599296 523176 311634 324234 626053 275166 540996 174596 722348 247271 268021 466893 853909 577821 465177 367683 620136 301696 307219 285283 342336 83718 837848 514944 472908 660269 427109 523512 563056 464905 483839 550972
196306 360011 442262 750633 205970 717323 635068 948840 469711 656436 295994 64424 147991 814286 698135 839969 827434 795902 692066 718575 52055 862124 745539 185133 784306 641679 803878 732472 886366 729264 1051790 454234 829630 437126 621229 369085 590659 480184 748669 93072 244877 84755 673751 653697 810796 1017819 546678 999999999 226410 719886 691095 729362 182793 860333 974618 310274 526682 399300 633658 921711 862015 212488 663465 752135 809736 850861 616259 821444 208546 417103 358011 408025 230186 297173 102947 579403 329483 430234 358026 500289 677495 727453 842081 282619 266613 245243 826010 333244 207005 517483 572872 405322 488358 519546 554643 813721 915493 89257 306052 867304
125134 154883 284851 612790 399318 494763 413552 733868 243342 500325 72893 177698 79042 773472 471792 636661 655825 637565 471777 546073 260546 703468 521003 391597 780421 415283 579011 596557 685662 537067 854383 461418 746840 279939 626746 439572 469057 285206 695292 259571 179432 158382 453825 653175 590063 826394 482250 226410 999999999 608797 467422 594742 47475 702520 772228 90795 301818 184276 436502 701150 651973 345430 459640 550150 585773 706259 401524 662537 123198 191149 194338 225780 146884 334749 314844 581122 240429 279402 222768 278822 484597 506072 658256 117975 138232 235262 704832 393869 245739 489207 409306 179169 265659 306207 342766 610107 720332 233523 79643 666180
732474 674682 821998 96495 722238 534203 701660 564760 577653 175434 564340 720090 647665 272829 639146 419226 253555 186775 742197 228739 707104 223290 575974 748247 373008 599639 609207 86627 426358 320754 516244 363412 160140 818888 343874 494752 140036 756241 198179 803655 478486 713102 491950 332601 548564 460960 200547 719886 608797 999999999 703036 81797 610395 219293 489935 545861 622801 656443 343139 605846 475693 610233 376518 897101 763825 172728 441860 200647 731765 588759 415996 401090 755509 470444 728400 330372 838570 331941 387236 496014 885094 522804 314729 491271 739432 477629 108503 485406 524719 276126 901286 584253 507551 706195 427796 409833 411357 644949 586222 418910
522125 339150 357429 640954 863063 198795 61892 416710 230718 528177 406495 634868 543615 961993 75142 419080 566267 598188 44181 499279 727905 641098 177085 858115 1027369 103766 202952 635848 465029 418803 609161 791683 862237 359342 915011 834375 598387 261634 878429 701928 573207 613527 220685 927919 265988 612907 710858 691095 467422 703036 999999999 638056 514255 643075 519923 399180 166121 295166 361194 346790 389810 792763 334271 201817 118659 684912 261188 612588 510302 277748 455574 412476 505581 730655 782259 874305 484737 477118 500543 252907 224037 217348 522290 471792 460216 636657 745473 790922 672593 767947 325617 290259 252897 188635 285227 401233 516085 697839 389384 449697
719818 642682 785533 23143 753948 461721 641539 482978 532212 113782 542739 722304 642234 352819 571378 337513 174741 109189 678611 150122 722321 157427 502488 777095 454793 535719 532814 5326 344886 242465 441595 416147 227468 782814 418420 542324 140041 713181 279833 808334 484600 713038 422317 409821 470138 387633 251021 729362 594742 81797 638056 999999999 602679 153966 410398 523253 571250 619741 276956 524528 394085 641814 306179 835435 692194 124058 377843 127142 717711 549833 400534 375352 739549 503537 749080 400543 815076 315654 380237 447187 829082 449196 234076 480063 718980 494524 116090 527054 544725 332944 855772 546869 460193 657452 372345 328552 331537 660630 562063 337183
126457 200485 322709 621786 351847 534984 460800 769992 288589 513918 113217 140185 42296 759710 516897 667532 675374 652818 519117 565344 214229 719151 562775 344298 759213 459761 621091 604878 715601 563280 883380 434626 742382 317661 602511 402290 472007 330241 683686 226164 155123 123238 492307 630332 629150 853173 470718 182793 47475 610395 514255 602679 999999999 717941 802992 127823 348411 231513 464170 740197 685727 300061 490202 596819 632465 717779 437019 678098 129271 237259 204546 244780 157016 299691 268123 557103 260866 287777 223639 318072 530124 545508 681919 123435 161719 203389 709821 357058 206525 469822 449837 225066 305811 353527 376593 641042 748237 186070 125239 696242
826663 722811 854161 131342 900983 448000 661039 387706 591586 204698 642022 846317 759284 457153 569808 261619 78276 65125 686583 164015 858322 4278 481678 922387 574846 548659 495690 148962 246859 225241 300439 570113 308576 852221 562982 695745 285516 770853 399267 933844 616473 834796 423185 550434 423752 243969 404964 860333 702520 219293 643075 153966 717941 999999999 288721 621813 615507 692407 307538 446665 316953 789338 317361 844893 671346 60966 401960 39992 822773 621065 513529 476795 841655 652673 889090 549274 904930 432705 503337 504232 854238 431300 137506 594713 815198 634578 159559 679169 686199 486559 904973 621025 519514 704771 420301 264891 215368 797619 657042 247221
883046 732151 827016 393451 1067053 334674 561980 127850 579461 382632 700626 942739 844857 744702 447397 135573 236398 303281 562572 299356 987369 284508 343977 1080461 858863 457988 322700 405170 88607 250309 90434 797198 597256 826812 827221 906843 498535 730129 682376 1029123 751288 926216 346959 820024 254007 100485 641128 974618 772228 489935 519923 410398 802992 288721 999999999 681635 570424 690538 341020 206981 134153 961899 312845 706763 497490 349578 377101 292555 875419 626664 619317 567029 886163 838862 1029371 805732 917776 561461 631644 506291 743670 315856 177413 692000 848918 790135 448145 879849 842384 724612 835394 632313 522118 651971 430716 162123 78985 932993 704795 107362
207084 143858 294799 539811 464949 407177 350655 643586 168765 422851 20266 266565 167065 734046 394197 546086 571484 557318 409850 462429 338329 622499 435416 462415 755373 335842 493867 524560 595278 448357 764193 453709 691793 290645 609953 458592 406127 263737 652758 350006 186821 248065 364676 633017 501410 737045 443072 310274 90795 545861 399180 523253 127823 621813 681635 999999999 233865 149769 347276 612479 561202 394678 369243 508441 515641 629687 310952 581859 201936 123838 133517 148006 219846 351501 390477 564612 292873 214298 175070 190251 453131 417707 570821 87595 195784 251091 636330 412928 278574 464962 404235 111224 178085 260814 251971 519530 630589 301084 41169 575773
