NAME : synthetic_000731
TYPE : CTSP-D
DIMENSION : 100
GROUPS : 8
RELAXATION_LEVEL : 1
EDGE_WEIGHT_TYPE : EXPLICIT
EDGE_WEIGHT_FORMAT : FULL_MATRIX
EDGE_WEIGHT_SECTION
999999999 328240 643188 293850 386682 572958 247876 430169 615311 355216 148408 362619 66893 305621 611966 343939 671095 546952 379226 173909 539886 380392 442699 459290 215182 681654 476255 211246 588246 646385 382369 565825 356774 384475 406304 661919 574437 640644 581737 627682 102016 477680 90937 282499 171209 471652 670755 654805 370456 241440 157171 171331 157222 631456 258443 356988 361152 297508 140588 196460 286164 582990 402583 612797 639660 220974 477429 541945 340862 271250 594515 177731 125077 607262 260091 261030 597285 618472 483722 264255 27949 244696 438003 488332 536053 652729 149377 450730 141305 249949 124406 707823 324270 265309 346467 464389 198163 443875 241093 154588
328240 999999999 937881 104407 652317 888381 460387 753144 524844 245373 364825 166694 383626 75007 841450 671351 647643 488363 661097 398369 215326 688802 131076 774796 541999 977991 790185 530145 834294 799211 707848 582361 669536 343745 650487 631029 453160 935443 547946 698264 416384 797337 265803 364175 261791 387468 750052 898324 364248 531630 437925 183818 430416 878733 492299 204557 496527 621106 416475 156043 401193 901231 728729 818031 718839 112923 741763 842991 483066 597368 769705 495667 220675 906394 491420 425173 728161 904884 277331 502011 308978 233303 759292 702885 779545 946655 476134 123730 304600 292504 421635 998739 139163 583120 156557 545950 336033 718663 503390 472031
643188 937881 999999999 861289 693364 143754 752953 460013 886221 816827 728840 884984 622613 937445 260950 367810 812826 814699 277276 725257 1151647 265939 1017661 211559 454019 40497 192542 436779 212102 468011 441560 712136 535720 755138 746690 820541 906505 2566 792763 635541 609593 488674 676084 876689 805817 821044 631321 214943 716789 408374 653719 812968 665330 201558 454295 851519 880941 485942 523480 782066 857835 163589 427906 331692 622455 849274 722563 104027 863817 405456 409383 467660 719785 41547 456192 544028 510004 50538 951860 444069 650228 737186 254800 333574 238089 10080 540900 1046065 762156 686328 524806 66290 865171 530654 875064 596862 615929 225946 435309 576433
293850 104407 861289 999999999 657447 823776 477704 723449 434759 145606 372186 86032 357765 161751 748049 623991 549098 391625 584184 407062 295309 622659 158483 711682 495566 901711 725716 475260 744294 696881 674547 479433 649692 240745 664103 533179 368042 858922 449114 593937 392853 771488 212524 411288 287065 291641 645688 807043 259986 462212 430320 200891 425245 788470 408862 110750 538858 590946 350306 97432 442660 838768 694078 720990 614450 135034 748848 770403 522754 548398 669522 441465 170077 832119 407461 332547 624917 825385 214565 418930 269097 134237 701370 608843 689751 869647 442133 185595 317384 193433 362153 920001 45786 558918 70355 441847 247813 638106 426490 447504
386682 652317 693364 657447 999999999 562237 197671 248118 998348 740656 288195 736601 321333 596562 800523 334866 1037804 927312 543106 254081 828917 470880 782335 485372 324200 718930 503459 373175 756080 916359 252642 925826 157682 769021 53599 1031244 960693 691057 955610 958033 288774 250097 476913 340531 392104 857187 991964 813525 751487 459877 231160 469367 234062 788345 548215 738079 253796 220049 451688 565949 300052 554413 268839 833412 963974 542140 91618 597554 247258 335379 851297 374686 503564 651934 551747 604099 892153 697051 863061 547219 414572 631132 439749 723520 719896 703132 285884 771580 347787 634106 419535 756034 695707 191964 719928 808057 571099 598216 505587 250831
572958 888381 143754 823776 562237 999999999 643315 321630 919656 803625 635052 860650 539834 877029 365017 254694 868877 844462 261506 626071 1103689 201142 982248 113903 364786 159872 98265 361872 310976 561341 309793 759882 405174 757784 615833 873606 927823 142034 833087 705890 520485 346635 622579 777454 723450 833483 711223 336414 721191 361962 553530 744086 565412 317065 436530 832541 766300 366712 474018 736004 754063 26294 293631 430045 696913 790083 584573 97720 750474 310092 495955 395908 667736 107871 439412 534400 587600 170494 944002 426662 585426 710820 140579 392035 314396 152021 449602 1003930 676077 667196 466749 198312 835113 414545 848675 634914 589979 241064 404699 479046
247876 460387 752953 477704 197671 643315 999999999 378831 856115 579184 108910 560878 199022 401073 795762 389169 918705 790625 537974 75973 631400 495357 591320 543109 308528 785611 562288 343778 760590 868774 355557 813649 275374 625141 190113 909207 808671 750433 828233 870800 182442 403939 327100 151945 198596 709344 911698 824598 614935 418118 113418 280881 105181 799553 477582 569003 132566 279191 361123 393389 117262 643229 377447 812402 881253 353550 283397 649631 113410 349305 810334 326923 341713 712189 480285 503402 828732 743317 689699 480278 272412 476276 504669 691250 714790 763032 229080 577117 160398 493089 332221 819019 519250 230010 544227 709569 446039 601941 445277 186467
430169 753144 460013 723449 248118 321630 378831 999999999 968849 761921 415631 787159 369853 716630 612067 155265 970156 892548 379346 392718 956879 286900 872331 265692 244617 481128 280994 285903 561622 764882 53837 854205 104004 757144 301043 968253 950113 457900 904613 851041 336768 54604 512908 529228 523547 845367 874474 610368 729349 357784 328790 576395 339299 586252 462059 774363 481275 132678 413548 626050 496088 310676 45096 658782 850974 641236 263000 373284 469216 210533 696324 309839 553490 419586 465976 547598 759932 471987 900245 456586 454353 651375 219283 568421 536904 469310 281318 876823 472175 631476 387055 519254 751043 171469 771683 725826 553639 417480 415237 281168
615311 524844 886221 434759 998348 919656 856115 968849 999999999 293336 748044 358218 678081 593825 665447 825222 157125 77008 662185 780146 614865 746848 465374 832446 726875 923027 837618 683037 693504 503317 915020 187667 932445 231192 1021318 137185 79419 884624 99798 316731 709672 1023283 529558 829379 695204 148710 359670 733420 247079 615913 772231 614795 772524 727071 512967 324145 946601 853262 561570 480505 853973 942997 927582 604724 340905 563040 1087118 832765 928153 758984 522360 661494 516347 875101 509166 421509 426200 837451 270612 520354 588218 381398 847224 554043 652427 890853 722529 520571 708372 365373 591872 923591 390610 842685 369532 289368 428707 680223 558189 750328
355216 245373 816827 145606 740656 803625 579184 761921 293336 999999999 470305 90885 421929 307346 665434 639869 403551 246221 547404 504161 396575 606056 236917 697419 519690 857119 708512 487062 671125 583073 709558 338196 703779 101858 755988 387573 233240 814656 303589 459819 456572 813875 264311 538139 405682 147032 512025 729230 130933 448274 509566 323055 507434 713706 367926 46200 659105 633677 353825 190288 564794 822166 726481 627700 481693 269747 831883 736248 641385 565352 565752 457020 238712 793055 365318 273118 506785 775472 141977 378012 327303 111860 696722 527689 618427 824151 488252 285208 424303 137568 376511 869920 106272 611103 93139 319484 217544 591031 399586 505721
148408 364825 728840 372186 288195 635052 108910 415631 748044 470305 999999999 454093 118096 313227 737013 383358 814552 683435 487852 34877 551262 463633 494332 526583 274920 764534 545298 296675 707249 789233 380072 711717 319766 517340 291920 804432 699860 726277 722616 776090 120251 451724 220303 150458 110171 600902 819038 773038 508403 356416 87563 181321 76504 748625 397545 460764 212744 293735 277938 285348 143054 639417 402434 745572 788000 253979 378680 624888 192462 326238 734527 271385 232892 689702 399735 409252 743257 712203 582491 401883 169804 367639 494521 621889 657884 738802 188000 485617 60824 386424 253220 795028 412600 246765 437399 612662 344311 553402 371999 156124
362619 166694 884984 86032 736601 860650 560878 787159 358218 90885 454093 999999999 428669 236395 747612 677416 483291 323209 610786 488916 306014 660316 147214 751082 551657 925461 763679 525512 750096 672920 736604 426037 719159 192448 745583 466171 287619 882722 384215 550085 464023 836963 274872 497291 372537 222313 602313 810007 221487 499709 507205 286440 503019 793386 431178 44702 624803 655687 394612 170703 528644 877541 755142 713016 572166 220960 828193 799543 608595 601749 653609 493047 237769 858778 429082 342785 597128 845792 129167 441418 336035 149842 745536 608825 696520 892775 507018 194362 400997 198898 411901 940610 41680 627167 16705 410007 271283 659279 456719 517179
66893 383626 622613 357765 321333 539834 199022 369853 678081 421929 118096 428669 999999999 352194 619150 298474 727274 608335 372402 132318 590824 356745 502915 427819 175169 659667 445811 186016 590179 674080 324268 619297 291928 448000 343500 719017 639364 620049 640392 671983 35355 415552 157766 267088 184146 535924 712678 656195 431905 238959 95597 212364 98426 631958 281873 423812 322980 237532 163287 260813 260981 547329 345297 627576 682258 272566 411612 519367 302573 230817 618043 157260 190900 584729 284292 304877 631073 602588 550489 285591 94679 311085 401180 504041 540315 632431 95201 507186 139661 313086 136381 688363 389818 201692 412403 511589 254484 438020 254303 89915
305621 75007 937445 161751 596562 877029 401073 716630 593825 307346 313227 236395 352194 999999999 861506 648256 710846 553179 663484 344948 240320 680754 198813 763138 520416 976994 779549 515355 849754 836268 674235 639042 627656 400973 590629 694917 524010 934950 610859 748713 382110 757918 261961 293892 204779 452871 799850 915086 416899 529074 392825 140468 384062 894252 504205 270343 426534 586531 414220 173374 332404 887926 695799 843881 768197 88181 684302 839297 414054 576636 801702 481163 220013 903857 503902 449179 768466 907669 351734 513335 291603 272745 743432 724868 795133 946585 447151 176533 252444 329281 413617 1000154 203672 545232 224325 591214 357721 724121 508429 436714
611966 841450 260950 748049 800523 365017 795762 612067 665447 665434 737013 747612 619150 861506 999999999 472065 570381 600909 260573 745773 1042653 332055 892138 352510 492221 287360 341768 452306 54242 207526 574362 481093 653985 582933 849632 580680 699967 260465 567085 385057 620854 655883 608648 886010 782945 630249 374527 68119 544767 380859 683522 762034 693295 64457 361125 707310 928195 580694 471901 690195 879056 390994 569769 71269 369194 776714 854398 269827 908610 466836 153699 469745 644828 271658 360717 416377 257457 211921 784684 353125 607523 614171 396053 139319 81509 261088 566693 930952 750726 555816 488973 274968 738708 611782 741737 384993 505864 202309 370897 609582
343939 671351 367810 623991 334866 254694 389169 155265 825222 639869 383358 677416 298474 648256 472065 999999999 818413 748389 226816 372301 883822 140116 779746 156252 129436 398282 175311 152877 424824 612865 106982 702508 182475 622400 386717 817283 812213 365357 756428 695879 273961 208324 412100 523232 477814 708750 719253 479933 591788 209431 299836 509886 311732 454909 313386 658453 514412 118757 286073 528899 499373 256761 110241 512741 695711 564844 382475 267082 497878 75748 544699 184402 456364 326424 317269 404389 605267 365287 781145 306962 362420 533238 115546 416009 393502 377844 203865 792626 428495 504414 265652 433068 644991 162941 663078 573415 424341 271614 267302 227504
671095 647643 812826 549098 1037804 868877 918705 970156 157125 403551 814552 483291 727274 710846 570381 818413 999999999 160442 625564 843695 761231 718373 606452 795945 739028 846479 797591 691018 607230 383897 917225 115957 950183 314479 1067608 19943 233305 811578 99995 189919 754873 1024590 595088 915740 780054 261023 221317 636256 310996 612647 822841 706795 825330 634500 508932 443124 1022738 867428 586826 573779 934932 893887 926452 503200 210979 665927 1122400 775549 1003236 760753 418337 676234 593083 808501 505023 435024 315054 762525 416949 513833 646321 464973 818714 481616 574737 815944 753055 661233 783983 430801 618883 841122 508810 865776 491490 245254 473358 628551 555815 787038
546952 488363 814699 391625 927312 844462 790625 892548 77008 246221 683435 323209 608335 553179 600909 748389 160442 999999999 586150 714717 603278 670143 446980 756094 651149 852052 761520 606865 626065 451167 838732 138288 857696 167355 951834 142978 102141 813035 64398 275704 639122 947026 463529 772482 637213 100951 323909 669027 176534 539034 703178 559676 704029 661245 435984 283865 885907 777969 486854 425217 794903 867581 851090 543081 300308 513331 1015394 758589 867027 682499 462877 585877 454122 802311 432179 345008 371993 766428 261295 443351 520348 320659 770434 484279 583046 819632 649177 501532 646762 297672 517523 853983 350083 768493 331899 218866 356401 605775 481278 678157
379226 661097 277276 584184 543106 261506 537974 379346 662185 547404 487852 610786 372402 663484 260573 226816 625564 586150 999999999 492687 874486 96424 740992 171279 231928 317626 175447 194505 222639 386087 333673 512288 402692 496759 591011 627833 667049 274883 579561 482340 368606 429747 401525 638272 548417 571998 500203 286878 459896 137852 427180 544399 437515 261999 179962 579332 670535 324878 249695 505136 627255 283119 334492 290507 479119 575381 602612 189029 651275 207831 317883 216508 444369 248376 182337 275222 382253 244307 686092 169762 381966 461834 194029 189282 179072 285828 309385 768810 509967 413344 255919 337679 589258 352588 600167 383641 340133 65620 158043 351519
173909 398369 725257 407062 254081 626071 75973 392718 780146 504161 34877 488916 132318 344948 745773 372301 843695 714717 492687 999999999 581606 461708 528255 519847 271976 760022 538795 299048 713916 806389 360121 739504 294227 549169 257046 833971 733013 722702 752710 800099 124919 426303 251189 151777 140435 633442 842080 779165 539139 365065 72542 215298 60660 754476 414182 495256 190832 275587 295464 319966 134745 629057 382531 757479 811308 288121 344252 621239 170405 320256 750055 276783 266162 685483 416610 432618 762945 710948 617249 417806 197478 400489 485575 634598 665790 735281 186063 518474 93770 417245 268593 791544 447439 227182 472220 637676 371755 557893 385567 148853
539886 215326 1151647 295309 828917 1103689 631400 956879 614865 396575 551262 306014 590824 240320 1042653 883822 761231 603278 874486 581606 999999999 904103 160478 990071 754845 1191880 1005502 744864 1039594 978725 914044 722568 867741 497051 817678 742304 535639 1149230 667506 852057 621656 998201 481117 503923 441366 507982 904199 1102198 527441 746530 632676 380506 623642 1083751 702418 350454 631623 826452 631554 369857 545605 1116418 935476 1013224 874827 319167 913980 1057689 623303 810629 957456 710384 436001 1120777 701233 627796 903140 1117548 344880 712355 522373 428538 974051 903348 985059 1160293 685188 112631 490870 486900 636941 1211781 305695 785517 307326 715995 542534 930674 716478 676592
380392 688802 265939 622659 470880 201142 495357 286900 746848 606056 463633 660316 356745 680754 332055 140116 718373 670143 96424 461708 904103 999999999 781124 91365 189736 302983 103408 171215 285593 478443 244446 604085 321977 567225 521378 719827 745980 263374 667975 578582 343958 335732 423212 612436 540257 647320 596584 342822 532150 160923 391227 551442 402587 317590 243100 633290 626281 250982 273233 535504 595518 217226 242671 373344 575533 593100 522344 162672 608111 146722 409749 203107 468179 228091 246391 341917 478148 249263 747352 233862 389987 510596 100853 282705 253421 275800 276124 803285 496234 468843 267804 331866 634179 286984 648088 474619 390485 131775 206575 313540
442699 131076 1017661 158483 782335 982248 591320 872331 465374 236917 494332 147214 502915 198813 892138 779746 606452 446980 740992 528255 160478 781124 999999999 870153 650683 1058135 884198 632529 892447 819883 825060 562930 792878 336766 781385 587968 387404 1015322 510775 691670 536992 918451 367687 492587 392739 349668 743833 953511 367839 620599 564443 313016 557568 936149 563865 191050 625218 739690 508742 250868 530613 997239 845257 859294 714386 240493 872156 928009 612413 704433 800750 598495 323460 989246 562212 481719 743696 980661 195854 574037 420119 282269 859459 752982 838384 1025859 592076 55196 434576 337976 519926 1075444 154329 704359 150789 556355 402051 793375 583793 592586
459290 774796 211559 711682 485372 113903 543109 265692 832446 697419 526583 751082 427819 763138 352510 156252 795945 756094 171279 519847 990071 91365 870153 999999999 253450 242607 19185 248098 300061 525757 237246 683237 328551 657659 538263 798638 834357 209108 750772 646208 410016 305278 509018 671621 611835 736772 659044 345290 622201 251379 447546 630515 459339 321551 333715 724475 669983 274518 361464 622936 650473 127086 227239 406415 640663 676180 522224 112200 653120 200346 457312 282054 554213 170181 336914 432516 537194 211707 838709 324291 471537 601478 46764 337669 283340 221592 339479 890900 565259 560183 353191 276902 724360 319133 738673 554855 481684 176642 297928 371434
215182 541999 454019 495566 324200 364786 308528 244617 726875 519690 274920 551657 175169 520416 492221 129436 739028 651149 231928 271976 754845 189736 650683 253450 999999999 489618 271776 49916 454070 592618 191204 623813 211384 512590 367732 735317 705857 451457 667245 640043 156728 298254 283253 422900 358686 600969 671163 517109 485289 136446 201727 383329 212981 491942 232564 535070 440696 128424 168939 399937 405874 372192 207045 516520 644198 436140 396518 350026 421889 56300 528313 65521 327227 414783 236370 307748 568391 438990 659588 229605 233030 410550 226068 401768 410733 464001 86920 663190 311808 387404 143284 520250 518038 133887 536915 499021 309097 294452 186883 124064
681654 977991 40497 901711 718930 159872 785611 481128 923027 857119 764534 925461 659667 976994 287360 398282 846479 852052 317626 760022 1191880 302983 1058135 242607 489618 999999999 223423 474157 241616 494856 466369 747397 561312 794819 772438 854680 944595 42814 828868 667065 645755 506298 715827 911665 843234 860006 660709 235082 756414 447998 688158 851788 699845 225191 494792 891931 912517 515428 563224 822231 891918 175074 451460 358612 653151 888841 744128 140312 895716 439805 438677 505511 759647 74957 496688 584394 540632 85624 991904 484566 689177 777683 283622 369411 272421 33106 576536 1086436 799037 726787 564020 38642 905667 561176 915555 633793 656422 266353 475634 611180
476255 790185 192542 725716 503459 98265 562288 280994 837618 708512 545298 763679 445811 779549 341768 175311 797591 761520 175447 538795 1005502 103408 884198 19185 271776 223423 999999999 265011 288704 519476 254362 685624 346388 666513 556451 800755 841257 190101 754618 644783 428439 318927 524385 690572 629900 744582 656132 331638 630654 264315 466529 647556 478313 308287 343163 736364 689152 293433 375806 637741 669558 113899 243582 397681 638527 692396 539019 94230 672300 219076 451348 298743 569524 151119 346247 441773 533679 193911 849487 333550 488001 613929 63860 334144 274999 202563 358010 905672 583549 571553 368570 257784 737572 338224 751487 557886 493586 173591 308956 390303
211246 530145 436779 475260 373175 361872 343778 285903 683037 487062 296675 525512 186016 515355 452306 152877 691018 606865 194505 299048 744864 171215 632529 248098 49916 474157 265011 999999999 416944 544748 232067 575562 260367 472989 415687 687701 664929 434216 620911 590155 176458 340268 265846 446900 369090 560534 621276 481380 444059 86796 232681 382548 243074 456472 183332 505726 476332 176847 133237 382141 433789 372625 245562 472807 594283 428828 446375 333862 456956 78650 481170 34482 310951 399295 187172 262208 519039 416773 628272 180037 223854 380468 229188 355773 371147 446562 114898 648912 325674 352054 113765 502421 494044 183661 511449 450047 272287 259211 137281 157362
588246 834294 212102 744294 756080 310976 760590 561622 693504 671125 707249 750096 590179 849754 54242 424824 607230 626065 222639 713916 1039594 285593 892447 300061 454070 241616 288704 416944 999999999 256619 525411 512453 607232 594024 805997 616346 723025 211369 596637 425689 589252 604422 592569 857203 759422 647623 419437 66575 555419 351279 649484 744051 659666 44514 345742 711341 893155 536032 449927 680706 848095 337008 519924 121059 411540 763567 807247 215588 873860 424776 197386 437134 630906 219534 345912 411849 299026 162040 795729 336883 586090 611630 344303 145968 54760 213291 531836 928857 724708 554552 464065 233895 738249 569228 743101 407669 498426 160005 348882 574125
646385 799211 468011 696881 916359 561341 868774 764882 503317 583073 789233 672920 674080 836268 207526 612865 383897 451167 386087 806389 978725 478443 819883 525757 592618 494856 519476 544748 256619 999999999 719759 316274 785439 485774 960283 397369 553303 467421 403804 194017 686376 814170 613391 928792 807594 506747 171682 265348 452364 459446 756015 765407 763622 270347 392208 628833 996766 704523 511399 664103 931198 587633 720225 136379 173484 760386 983223 463751 976404 585076 68828 549981 638704 475783 389813 397852 79942 418393 676970 388785 633233 566396 563350 196869 247520 468463 648742 866445 786910 507921 537858 481114 675507 724602 671524 264920 486539 351609 423908 691670
382369 707848 441560 674547 252642 309793 355557 53837 915020 709558 380072 736604 324268 674235 574362 106982 917225 838732 333673 360121 914044 244446 825060 237246 191204 466369 254362 232067 525411 719759 999999999 801294 95398 703553 306206 915127 896393 439297 851050 800518 292435 108313 463083 502681 485624 791692 825058 577317 675603 304634 292517 533769 303648 552706 408777 722843 467416 87834 360127 577296 472150 303051 22411 617783 801027 596716 285130 348470 453608 156968 651516 256255 504470 400289 412694 493801 711909 448133 848403 403469 405710 599368 190626 522924 497240 451232 232997 831313 434295 578421 334031 503625 701039 133334 721289 673193 500301 376160 361913 237521
565825 582361 712136 479433 925826 759882 813649 854205 187667 338196 711717 426037 619297 639042 481093 702508 115957 138288 512288 739504 722568 604085 562930 683237 623813 747397 685624 575562 512453 316274 801294 999999999 835109 238716 957072 115751 239302 710723 87870 137763 645543 908634 494750 820881 685844 216372 187273 548702 223736 496744 714561 617588 717687 543789 393154 382440 922305 752151 474196 488298 837263 784479 810496 418437 162315 584382 1009421 668275 902473 644879 335300 561464 497932 704840 389250 321853 238595 662377 389514 397949 542201 377639 704675 378642 475042 715975 640363 615688 685265 335380 506338 745075 444025 751483 430877 129772 367749 518874 440016 675434
356774 669536 535720 649692 157682 405174 275374 104004 932445 703779 319766 719159 291928 627656 653985 182475 950183 857696 402692 294227 867741 321977 792878 328551 211384 561312 346388 260367 607232 785439 95398 835109 999999999 711515 211134 946185 905938 533420 876779 848754 256928 132100 444851 426414 429375 800726 877633 662241 687477 344171 235220 488759 244729 637268 443691 711053 378070 83839 370895 552653 392562 398315 113245 692226 851691 556704 200530 440595 365589 201554 718366 274205 481850 494311 447524 517275 769897 540226 837926 440316 383123 591958 282566 589331 574716 545475 215623 793103 378408 580278 340719 598363 681043 92684 703107 710336 506680 452544 397564 202295
384475 343745 755138 240745 769021 757784 625141 757144 231192 101858 517340 192448 448000 400973 582933 622400 314479 167355 496759 549169 497051 567225 336766 657659 512590 794819 666513 472989 594024 485774 703553 238716 711515 999999999 790727 300416 194431 753119 215480 357980 480277 810835 298383 605516 470087 89256 410179 648676 38714 418291 541570 393707 541614 635084 324128 147791 718605 635257 343853 259806 627571 778356 718220 539778 379838 351544 858523 682451 699776 551251 473100 447309 286918 735122 320840 225336 408252 710972 201882 333408 357226 153379 663505 448401 543319 761714 498068 386385 479535 134928 371985 804090 206006 620115 194879 220944 204935 532082 363594 523112
406304 650487 746690 664103 53599 615833 190113 301043 1021318 755988 291920 745583 343500 590629 849632 386717 1067608 951834 591011 257046 817678 521378 781385 538263 367732 772438 556451 415687 805997 960283 306206 957072 211134 790727 999999999 1060250 980235 744375 982941 995014 313415 300287 494652 319480 388697 877904 1030441 864197 775397 501834 249158 470123 249570 838968 586167 750216 217689 270435 484408 575830 277715 607982 322429 880754 1001885 542987 98615 650462 214660 383231 896005 414181 517407 705237 589578 636367 933417 749870 873497 585848 433767 648439 492817 768965 768703 756476 320947 766922 348622 656006 452382 809492 704208 238479 728878 842069 597084 647439 544968 282505
661919 631029 820541 533179 1031244 873606 909207 968253 137185 387573 804432 466171 719017 694917 580680 817283 19943 142978 627833 833971 742304 719827 587968 798638 735317 854680 800755 687701 616346 397369 915127 115751 946185 300416 1060250 999999999 213474 819243 84961 203457 747156 1022762 584561 903463 767763 243868 237403 647014 298826 610502 814614 693575 816847 644588 506429 426472 1011766 863739 581018 560119 923301 898431 924793 514272 225342 651442 1116446 780981 992367 758403 429490 672029 581288 815275 502513 429846 326821 770367 397823 511675 636805 451949 820397 488304 582530 823873 747108 642827 772755 419537 612980 850136 492413 860975 474686 245453 464696 632868 553327 780414
574437 453160 906505 368042 960693 927823 808671 950113 79419 233240 699860 287619 639364 524010 699967 812213 233305 102141 667049 733013 535639 745980 387404 834357 705857 944595 841257 664929 723025 553303 896393 239302 905938 194431 980235 213474 999999999 904741 156832 375595 672425 1004045 485631 771175 638910 105221 422255 768046 220870 604989 731446 556093 730665 759366 505521 257626 892198 829403 537547 423469 798028 950058 910484 643619 400187 499867 1050809 845275 874348 742650 564223 640408 466970 891957 501913 409014 474123 859087 191949 513911 546727 332691 844878 579468 678268 911883 692381 442566 656302 327748 566144 948295 322813 814534 300270 315530 399300 692328 548399 716675
640644 935443 2566 858922 691057 142034 750433 457900 884624 814656 726277 882722 620049 934950 260465 365357 811578 813035 274883 722702 1149230 263374 1015322 209108 451457 42814 190101 434216 211369 467421 439297 710723 533420 753119 744375 819243 904741 999999999 791251 634512 607028 486714 673605 874132 803255 819152 630489 215003 714782 405882 651169 810436 662779 201355 451995 849299 878444 483511 520999 779636 855290 162093 425695 331131 621505 846781 720411 101470 861313 402911 408590 465103 717316 39175 453901 541831 509072 49559 949759 441768 647700 734888 252414 332131 236847 12604 538338 1043681 759591 684081 522290 68842 862860 528192 872783 595260 613613 223736 432910 573879
581737 547946 792763 449114 955610 833087 828233 904613 99798 303589 722616 384215 640392 610859 567085 756428 99995 64398 579561 752710 667506 667975 510775 750772 667245 828868 754618 620911 596637 403804 851050 87870 876779 215480 982941 84961 156832 791251 999999999 219845 669529 959217 502399 819237 683560 162462 265542 634922 215187 547553 735903 608825 737660 629219 443202 343526 928754 795338 508129 475232 839624 857075 861982 505497 244334 566506 1042046 743783 909481 694097 422795 602863 497608 783444 439302 359615 326434 743478 325659 449466 556097 367365 768816 459457 557161 797024 673323 565162 689554 336676 539723 828063 408999 789694 392014 198326 385982 592341 489742 705017
627682 698264 635541 593937 958033 705890 870800 851041 316731 459819 776090 550085 671983 748713 385057 695879 189919 275704 482340 800099 852057 578582 691670 646208 640043 667065 644783 590155 425689 194017 800518 137763 848754 357980 995014 203457 375595 634512 219845 999999999 693123 904122 570176 899284 767508 351031 52232 449435 334044 504719 764139 708209 769196 449504 409901 505567 988834 764946 513606 586994 910391 731708 806099 316087 24611 685289 1035710 609603 968537 649472 231533 583836 582689 635448 406331 367535 127619 585003 525024 411389 607676 478101 675397 313888 399194 637755 674069 742998 758878 426927 544883 658773 562979 773136 552851 165409 437130 471441 453707 713474
102016 416384 609593 392853 288774 520485 182442 336768 709672 456572 120251 464023 35355 382110 620854 273961 754873 639122 368606 124919 621656 343958 536992 410016 156728 645755 428439 176458 589252 686376 292435 645543 256928 480277 313415 747156 672425 607028 669529 693123 999999999 381562 192680 270459 204003 568591 732440 654672 462982 240196 71152 241699 77475 630072 295226 459004 311508 205057 180193 296021 258855 526594 313821 633245 702456 304568 378406 505781 291329 210394 628358 152226 226254 570831 297976 327726 646739 592148 585727 297837 129618 345446 380630 510878 540903 619518 70939 540079 155620 345385 150286 675686 425145 167369 447755 534762 283699 434021 263214 55697
477680 797337 488674 771488 250097 346635 403939 54604 1023283 813875 451724 836963 415552 757918 655883 208324 1024590 947026 429747 426303 998201 335732 918451 305278 298254 506298 318927 340268 604422 814170 108313 908634 132100 810835 300287 1022762 1004045 486714 959217 904122 381562 999999999 562237 555772 561109 899208 926806 650427 783357 412329 366513 618313 376325 626811 516629 825291 495929 181287 467057 674063 520395 332212 98402 705068 903675 684859 245339 408311 485725 265134 745455 363644 601905 449427 520545 602110 811348 505180 951502 511112 502615 702955 260147 618244 582483 497549 330055 921062 510004 684381 440061 544848 800259 214285 821317 780142 606968 464752 469817 325902
90937 265803 676084 212524 476913 622579 327100 512908 529558 264311 220303 274872 157766 261961 608648 412100 595088 463529 401525 251189 481117 423212 367687 509018 283253 715827 524385 265846 592569 613391 463083 494750 444851 298383 494652 584561 485631 673605 502399 570176 192680 562237 999999999 329269 198004 383995 616370 658633 288121 267896 246306 154560 245104 636886 247646 266750 427946 381020 152607 116819 342875 635559 482235 598889 584605 173900 567911 579100 408299 336746 568459 231527 45245 643198 247946 215834 556084 645740 393633 256023 63090 154235 494446 476050 538390 685133 232202 383124 190690 166151 155835 738415 238139 352570 259112 404812 133227 462382 247125 243694
282499 364175 876689 411288 340531 777454 151945 529228 829379 538139 150458 497291 267088 293892 886010 523232 915740 772482 638272 151777 503923 612436 492587 671621 422900 911665 690572 446900 857203 928792 502681 820881 426414 605516 319480 903463 771175 874132 819237 899284 270459 555772 329269 999999999 135700 680754 944947 923129 604769 506042 224147 215092 212316 898797 540117 516570 132643 421695 420810 348887 42039 779924 524904 892176 913302 276376 417846 772662 120878 471974 876842 421834 323196 837058 541955 538514 878108 861472 624786 545362 296407 452255 637055 767979 807387 886699 336316 467619 142220 486055 398933 942963 456648 372384 481582 733994 462154 703837 518305 300510
171209 261791 805817 287065 392104 723450 198596 523547 695204 405682 110171 372537 184146 204779 782945 477814 780054 637213 548417 140435 441366 540257 392739 611835 358686 843234 629900 369090 759422 807594 485624 685844 429375 470087 388697 767763 638910 803255 683560 767508 204003 561109 198004 135700 999999999 546495 814152 825972 469074 411186 194887 86178 184800 802557 426582 387348 253845 398213 311099 215471 159125 730235 507823 781955 782333 156739 480618 702928 236766 413637 759254 338464 187915 768347 427868 412102 752854 784166 501551 433130 176841 316745 584130 657574 707259 815571 274764 379519 51395 350692 295407 871318 331047 353029 356243 602102 331132 613550 412060 252536
471652 387468 821044 291641 857187 833483 709344 845367 148710 147032 600902 222313 535924 452871 630249 708750 261023 100951 571998 633442 507982 647320 349668 736772 600969 860006 744582 560534 647623 506747 791692 216372 800726 89256 877904 243868 105221 819152 162462 351031 568591 899208 383995 680754 546495 999999999 402227 697632 117007 502667 628820 466344 628461 686485 405136 183057 798028 724228 432488 331931 705272 854967 806018 579920 374975 416267 946975 754177 779653 638498 505902 535569 368524 803825 401643 307331 426926 775055 174052 413917 444136 233459 745173 501944 599710 827017 587312 403607 560081 223336 460957 866433 249454 709367 230966 248610 294079 601948 446752 612078
670755 750052 631321 645688 991964 711223 911698 874474 359670 512025 819038 602313 712678 799850 374527 719253 221317 323909 500203 842080 904199 596584 743833 659044 671163 660709 656132 621276 419437 171682 825058 187273 877633 410179 1030441 237403 422255 630489 265542 52232 732440 926806 616370 944947 814152 402227 999999999 435656 385918 534930 803583 756647 809101 438619 444274 557790 1031654 794060 552329 636989 954897 737332 829395 303658 32010 735384 1067635 613920 1011295 676934 222071 617278 630521 634644 440868 409790 123624 580973 576065 444814 651651 528637 690899 322107 399227 632723 709885 795214 803915 476554 583061 649487 615045 804876 605041 212979 483145 482667 486408 750197
654805 898324 214943 807043 813525 336414 824598 610368 733420 729230 773038 810007 656195 915086 68119 479933 636256 669027 286878 779165 1102198 342822 953511 345290 517109 235082 331638 481380 66575 265348 577317 548702 662241 648676 864197 647014 768046 215003 634922 449435 654672 650427 658633 923129 825972 697632 435656 999999999 610329 417417 714058 810408 724380 25309 411462 770406 957120 593779 516483 745371 913522 361330 570153 133350 432505 829177 861225 247941 937963 485338 218102 502462 696613 234162 411518 474526 321957 170389 850545 402746 652648 673780 391212 201541 120244 212989 596245 991018 791091 616089 530599 217070 799585 628901 803572 452961 562294 222722 415412 638223
370456 364248 716789 259986 751487 721191 614935 729349 247079 130933 508403 221487 431905 416899 544767 591788 310996 176534 459896 539139 527441 532150 367839 622201 485289 756414 630654 444059 555419 452364 675603 223736 687477 38714 775397 298826 220870 714782 215187 334044 462982 783357 288121 604769 469074 117007 385918 610329 999999999 385764 526657 396585 527499 596578 289300 176989 713600 609728 317517 265235 624534 742045 689616 502506 354873 360699 840073 644888 694368 521818 437198 419792 282500 697088 285900 190918 375857 672463 240358 298334 343961 154965 629257 409866 504632 723312 475961 415802 474375 121979 346856 765495 229683 596902 221768 188562 181825 494124 330119 503258
241440 531630 408374 462212 459877 361962 418118 357784 615913 448274 356416 499709 238959 529074 380859 209431 612647 539034 137852 365065 746530 160923 620599 251379 136446 447998 264315 86796 351279 459446 304634 496744 344171 418291 501834 610502 604989 405882 547553 504719 240196 412329 267896 506042 411186 502667 534930 417417 385764 999999999 304878 407073 314059 393344 104397 473659 549779 260333 115389 376879 498204 378026 314614 394284 508252 440901 532917 311447 529884 148187 396963 91800 312014 375323 108308 196045 432284 379697 590126 98836 244367 350169 248481 273922 301467 417514 191265 643969 374138 310707 118187 471297 473258 270331 487312 369166 231203 202482 57897 234657
157171 437925 653719 430320 231160 553530 113418 328790 772231 509566 87563 507205 95597 392825 683522 299836 822841 703178 427180 72542 632676 391227 564443 447546 201727 688158 466529 232681 649484 756015 292517 714561 235220 541570 249158 814614 731446 651169 735903 764139 71152 366513 246306 224147 194887 628820 803583 714058 526657 304878 999999999 255106 11897 689152 365707 507214 244971 206253 251343 336584 204350 556575 314876 699131 773574 325119 322581 549747 225196 248367 697132 214011 272537 613746 368536 398237 717483 640449 632662 367992 184741 400499 413039 577838 602804 663759 117903 560818 143606 406880 221279 720007 466778 159233 490601 605268 350056 491801 332237 77693
171331 183818 812968 200891 469367 744086 280881 576395 614795 323055 181321 286440 212364 140468 762034 509886 706795 559676 544399 215298 380506 551442 313016 630515 383329 851788 647556 382548 744051 765407 533769 617588 488759 393707 470123 693575 556093 810436 608825 708209 241699 618313 154560 215092 86178 466344 756647 810408 396585 407073 255106 999999999 247141 788131 400954 302398 338950 446075 296089 134567 243255 753691 555334 753422 724647 72927 559445 712476 322352 439625 722217 349050 127409 777662 401485 367688 705270 786522 415401 408924 162903 241858 608226 630409 690301 822400 307533 305899 121809 283296 289019 877086 245010 405098 270196 543668 279630 607624 395809 296248
157222 430416 665330 425245 234062 565412 105181 339299 772524 507434 76504 503019 98426 384062 693295 311732 825330 704029 437515 60660 623642 402587 557568 459339 212981 699845 478313 243074 659666 763622 303648 717687 244729 541614 249570 816847 730665 662779 737660 769196 77475 376325 245104 212316 184800 628461 809101 724380 527499 314059 11897 247141 999999999 699512 372692 504027 235757 217644 257236 332317 192932 568471 326025 708178 778946 317773 325654 561344 215826 260041 705181 223595 269636 625402 375450 402684 724196 651835 629062 375234 184404 399052 424915 586548 612698 675367 128529 553021 133696 407170 227685 731620 462370 170318 486378 609609 352152 502273 340100 89072
631456 878733 201558 788470 788345 317065 799553 586252 727071 713706 748625 793386 631958 894252 64457 454909 634500 661245 261999 754476 1083751 317590 936149 321551 491942 225191 308287 456472 44514 270347 552706 543789 637268 635084 838968 644588 759366 201355 629219 449504 630072 626811 636886 898797 802557 686485 438619 25309 596578 393344 689152 788131 699512 999999999 390201 754309 932060 568561 493612 725209 888900 342360 545784 134976 433626 808028 836400 226496 912930 460031 218149 477848 675350 217258 390392 455960 321910 154608 836934 381306 629745 655631 367250 186739 99253 200653 571310 972891 767249 598359 507150 210978 782021 603601 786587 443861 542822 197624 392700 613211
258443 492299 454295 408862 548215 436530 477582 462059 512967 367926 397545 431178 281873 504205 361125 313386 508932 435984 179962 414182 702418 243100 563865 333715 232564 494792 343163 183332 345742 392208 408777 393154 443691 324128 586167 506429 505521 451995 443202 409901 295226 516629 247646 540117 426582 405136 444274 411462 289300 104397 365707 400954 372692 390201 999999999 399371 604643 360158 119697 337004 540093 455984 419001 355421 415873 417828 626189 368987 584265 251975 337135 174007 285175 427604 3918 98826 351954 416822 507594 10241 249757 282893 340053 231157 291272 462307 265831 594382 399719 233386 145727 511584 410920 364104 420907 266766 161820 229515 46900 306852
356988 204557 851519 110750 738079 832541 569003 774363 324145 46200 460764 44702 423812 270343 707310 658453 443124 283865 579332 495256 350454 633290 191050 724475 535070 891931 736364 505726 711341 628833 722843 382440 711053 147791 750216 426472 257626 849299 343526 505567 459004 825291 266750 516570 387348 183057 557790 770406 176989 473659 507214 302398 504027 754309 399371 999999999 641106 644209 373133 175650 545637 850245 740628 671182 527575 242674 829645 768357 624102 583171 610520 474304 234741 826470 397031 307704 552775 811258 126909 409573 329521 125289 721255 568953 658156 859089 496662 239009 410964 166011 393081 905951 66673 618517 48718 365548 242804 625578 427848 510428
