NAME : synthetic_000899
TYPE : CTSP-D
DIMENSION : 100
GROUPS : 8
RELAXATION_LEVEL : 1
EDGE_WEIGHT_TYPE : EXPLICIT
EDGE_WEIGHT_FORMAT : FULL_MATRIX
EDGE_WEIGHT_SECTION
999999999 585685 760475 288514 421029 260483 243869 634962 440048 623001 451311 692130 392370 292366 308802 378191 745429 302780 748764 728570 519120 429858 397181 764315 537019 368750 376949 176521 570710 506610 665419 408849 475779 32781 344329 730180 470246 319740 125895 540655 473959 482492 543613 387414 721953 533222 406241 648279 564224 787607 496619 545648 396212 539837 273874 470876 199379 282583 34226 491386 185558 386529 294878 424802 353148 524669 65014 115177 68357 414261 571565 398408 720016 262106 98923 788265 398741 581828 353101 369729 731240 268966 408930 286125 568205 459063 274229 229326 415440 265724 213749 254319 38105 693854 243601 433061 473296 473305 848712 682960
585685 999999999 809287 297192 853601 789471 355837 161469 303360 284300 437577 720274 625470 717065 754756 207691 656092 706059 686556 807828 80686 992904 930406 703759 227393 776382 626174 625884 311223 399991 671609 204656 675967 607414 580215 626940 1026444 538335 563715 735635 688336 188730 243171 817167 140822 232048 538233 278644 53116 220427 436771 786610 438229 805172 707429 734896 702664 807032 562948 404156 718766 648591 296311 291369 291080 748303 521754 480627 641135 416966 698121 867113 706752 753956 655970 202590 241238 297379 270863 898671 171579 853760 471444 719413 723898 391116 414163 581798 979452 377086 577118 708112 574926 149693 779924 677124 424988 761959 266469 97508
760475 809287 999999999 730667 531634 676176 788984 686551 960406 551076 1062614 89508 1115967 1052568 1068774 748265 197477 512360 159890 44384 741779 825767 721192 152069 582257 499615 386636 600854 502990 1076119 137715 662875 1198887 790769 1059966 222256 822414 444971 868152 241058 1201868 898443 987978 526557 910417 972884 1087388 572656 756171 833645 381349 275784 430720 303025 548809 1213747 956966 670859 778002 412441 934699 1119712 768639 545202 864831 1260546 732958 693491 739545 1022560 189802 588234 111033 617063 851438 918971 863294 520171 839333 701262 797909 900411 399329 1046542 200954 1038081 901460 532458 821952 595647 547665 1014769 722373 765106 981008 1166199 399642 347669 915833 862937
288514 297192 730667 999999999 604148 506580 80672 363953 238264 390387 332123 644999 428055 457756 491791 89748 641347 455856 658872 713091 233288 703223 649561 676698 295106 530949 425800 351994 358735 348780 603373 141897 501931 310538 372372 617538 739265 332140 279739 575992 509278 221914 303715 566659 433951 289881 372756 408804 278250 503448 367621 610568 299948 619774 447368 538992 420468 525937 266172 344793 430730 442079 37974 220525 136507 572039 224865 187076 345434 292487 568147 605658 653102 479833 361711 499758 151670 361937 114682 618572 447863 556686 331958 457614 582176 308315 189905 329823 689369 144131 320208 439209 279290 412477 493143 482896 344322 562347 561238 394448
421029 853601 531634 604148 999999999 194625 607295 823354 822092 739699 862509 508435 809178 672883 672591 678487 628416 149136 609889 488075 773333 294445 190093 617770 694681 77561 257611 262405 671610 909461 512894 649082 890753 435737 763967 630299 291705 323553 545780 300194 887095 826054 905999 37489 992473 892729 827099 770118 811936 998654 518785 255872 448933 229263 158838 874935 563225 177928 453719 539416 527468 799840 631542 581175 721191 932146 442452 442687 361654 823076 373603 57633 556099 162326 468677 1039617 752236 690772 709227 173299 944617 417788 427256 663973 345679 862151 679288 276006 291376 480684 284244 630660 394108 903654 550260 844906 509504 189838 1076906 944549
260483 789471 676176 506580 194625 999999999 486205 796591 694556 742686 711704 633003 630375 482375 479794 592211 730155 168425 720174 635581 713370 209900 143093 731661 676553 182671 317663 166709 678268 766735 624094 589887 709459 265671 589535 724713 238253 330761 376363 435127 704467 721759 791883 173572 930174 780209 659918 772110 756472 965972 550235 410391 457496 391298 135429 687872 372661 22214 294702 560714 335433 618241 525154 555904 600865 746026 301882 322372 193069 674738 495256 152766 674589 61073 284890 987890 640867 694831 595362 112675 909560 230235 449450 473164 476418 719126 533965 233049 198162 416957 229819 440243 245109 869248 355705 661850 533426 332709 1037378 885804
243869 355837 788984 80672 607295 486205 999999999 439506 214812 471018 279303 705540 350107 378922 413769 153208 711665 463141 727129 768347 301160 671590 628596 744768 375672 538446 459113 346328 438883 310263 666098 221691 426200 259571 293877 688912 710435 368787 208552 617710 432728 238941 305711 570122 485944 294021 301694 489165 345006 569995 437541 646036 360728 651737 448460 460158 348772 507009 215632 417093 363082 362940 61108 298252 115259 495170 186923 166619 308075 238179 618408 601121 717385 468737 301842 556094 155798 442444 109993 598822 515632 504533 390176 379216 628917 265167 115090 342704 657326 193348 330385 362336 244744 482272 424589 404706 413569 590600 622289 450897
634962 161469 686551 363953 823354 796591 439506 999999999 448109 137425 583223 599987 753261 817622 853072 289123 517190 683543 550535 691539 151438 1006011 930405 566841 129757 746220 574954 629986 186323 553514 551085 227119 812108 662023 703272 487657 1034173 499829 643654 653299 823214 337623 402651 789305 224855 390646 673538 123380 122982 175510 340998 710344 377810 733281 693270 865114 784301 811069 619411 310117 793073 773619 379125 243968 410160 884940 570183 520921 679023 557462 603134 847123 578867 751525 719487 236782 368460 167582 384405 898509 123633 901676 405346 818324 633078 538917 524612 569757 993642 384127 569431 801817 615223 84023 855704 806992 337289 700787 256023 179521
440048 303360 960406 238264 822092 694556 214812 448109 999999999 534907 135229 872868 330225 456754 495955 215346 852031 677701 874156 945692 299107 868772 835216 892155 446243 753074 662946 560783 529432 117703 828858 308862 373707 446874 292355 825790 909966 569765 359201 814212 386620 114804 115088 784932 387338 110599 237600 541833 326166 516371 585390 848467 531973 856928 663254 435825 476655 715954 407388 557923 504788 355847 202257 423295 103554 445614 392695 380429 507923 114417 804362 815003 875794 681366 470000 464258 98375 524743 123767 806467 472908 676340 565415 461676 819584 91457 175393 555851 854261 382388 544101 459982 449641 453024 557995 378982 564184 798179 541920 371999
623001 284300 551076 390387 739699 742686 471018 137425 534907 999999999 666351 465641 810978 845487 877836 339718 379801 609858 413128 558048 242734 951944 867441 429416 95587 664611 483453 580077 68208 648329 416985 250964 878251 653367 757192 350273 975312 422556 658308 537514 887625 434778 511739 708256 362201 498217 741766 30419 235118 288950 228670 597262 292600 622557 625810 923250 795137 754251 614499 202525 796907 827805 416497 198495 474547 950455 561189 508407 655154 635162 480696 770596 442491 691359 716203 368155 443441 49003 446346 836114 247925 878983 312458 844560 512525 626068 573384 509795 940681 357655 513081 823479 596578 214043 859069 865845 232331 597906 372481 316810
451311 437577 1062614 332123 862509 711704 279303 583223 135229 666351 999999999 977122 218226 379868 417924 335430 968240 726290 987916 1044176 433654 863113 845630 1005852 575557 799941 737514 601247 656394 72347 935325 430784 245592 448238 196722 943107 906898 647978 342676 897005 259718 248906 220119 826577 511188 223280 119860 674675 461394 647094 696712 924419 631938 929007 705901 313332 428498 733840 417088 671553 463564 246602 294204 539605 202218 315606 420138 425008 518750 41209 896428 846619 984591 710066 452128 587697 223206 653204 230142 819528 605674 648628 663490 386934 907847 48032 183684 613581 848566 469752 599888 394351 471290 587245 506865 259527 674146 866604 666713 501051
692130 720274 89508 644999 508435 633003 705540 599987 872868 465641 977122 999999999 1037513 982746 1000917 660000 141394 465379 110578 93379 652361 798216 694081 113245 493482 464967 327049 540523 415349 988992 48981 573846 1119784 723316 981157 158508 799719 372981 794946 208244 1123335 809393 898829 497287 823158 883744 1005441 488364 667162 750774 292039 258810 345489 289371 500699 1137430 890545 630337 707348 322996 870620 1042432 682930 456092 778275 1182809 660142 618125 676801 937344 138235 562630 50800 572437 785817 833794 775451 432954 752433 671263 713271 850817 315383 977176 162827 951580 818939 467670 792948 512562 482279 946076 654112 679568 919732 1088593 310710 318774 833513 775351
392370 625470 1115967 428055 809178 630375 350107 753261 330225 810978 218226 1037513 999999999 190963 223164 472389 1057322 694925 1070271 1089966 602304 738696 745751 1087572 715671 760796 750406 567571 785631 288089 1002020 560610 84346 373864 56853 1035747 784416 674072 266709 916536 85902 441764 433526 777201 717553 434233 98369 825414 638092 843431 784311 929917 699875 927187 666182 112410 277186 652078 363001 765694 317787 29032 396765 648100 343126 146178 393867 424889 447567 218649 934088 779812 1055095 647253 345708 794476 386848 787342 369443 725031 797006 504447 725482 200291 937495 263020 238738 607340 724732 531059 591790 220733 425325 772958 340959 54959 759981 861048 872071 701084
292366 717065 1052568 457756 672883 482375 378922 817622 456754 845487 379868 982746 190963 999999999 39204 528874 1027533 581207 1033899 1020927 674483 560457 580665 1050056 751196 637188 669180 462625 806187 452133 954083 599649 249143 263251 185187 1009996 606330 609765 194963 832004 239525 552669 570698 645132 830559 567313 270991 865518 716271 936994 765879 833479 669876 825058 547757 209691 109771 502582 275430 754431 147765 166678 438614 659020 427194 268977 324636 372260 325429 364258 863880 635130 1008606 512059 209632 906000 479131 812605 446203 563899 885132 322048 688232 10055 860431 415936 303407 521597 547030 513426 506065 42224 330401 854768 153720 198331 741542 758736 979182 804801
308802 754756 1068774 491791 672591 479794 413769 853072 495955 877836 417924 1000917 223164 39204 999999999 564762 1050102 588413 1055300 1036081 710973 543344 570185 1071200 783999 641071 683604 473691 837013 490245 973667 633548 273979 278022 222291 1033307 589076 628290 222466 844615 262902 591521 609896 646388 869171 606516 307327 898431 753085 974469 791420 843288 694159 833507 554003 226026 113640 499203 295502 781134 145370 197126 473948 689358 465382 284987 346929 396466 334613 403053 879452 632295 1028255 513595 219063 944489 517475 843984 483929 555278 922314 304157 711156 35351 874556 454593 341595 536506 530313 541059 521183 56352 346858 891550 135083 223590 767218 767523 1017402 843019
378191 207691 748265 89748 678487 592211 153208 289123 215346 339718 335430 660000 472389 528874 564762 999999999 636819 529369 658814 735677 147983 791278 734797 676814 245324 603358 480016 433670 322219 332979 615162 95355 538534 399729 419730 610761 826603 386167 361367 618306 547982 158135 247382 641143 344260 232437 402293 353105 192102 417449 370655 659148 324798 671740 524492 584796 501863 611001 355272 342726 515010 490469 92108 207955 136121 610778 314611 275730 434983 300579 599987 684199 661227 562302 449188 410170 116971 320619 107578 703506 362691 646071 359264 529834 618359 300943 237507 402482 777533 200704 394736 514494 368792 329065 576939 527080 349989 618595 472685 304801
745429 656092 197477 641347 628416 730155 711665 517190 852031 379801 968240 141394 1057322 1027533 1050102 636819 999999999 562230 37915 223610 597976 910184 807685 50838 431335 575796 412998 614384 345157 969726 117406 543592 1136516 777912 1000469 29538 916148 430976 834031 333035 1141962 773465 859928 612359 741738 845202 1012850 396652 603813 650330 274176 390069 359803 421172 594857 1162967 944413 730793 754827 296964 929754 1065994 678024 429277 766063 1203482 703314 655483 742276 930489 256605 679596 93166 669109 843144 741459 753709 358794 738414 782421 619661 935535 339316 1023129 288299 937010 826744 535992 903551 526663 548746 994025 708555 590283 983746 1110605 298100 439889 730800 696608
302780 706059 512360 455856 149136 168425 463141 683543 677701 609858 726290 465379 694925 581207 588413 529369 562230 999999999 551781 473200 626084 357089 262107 563236 556599 75458 151391 128192 542698 769349 455674 501405 778513 324539 645663 557554 372502 187322 428217 272524 776728 677651 758554 111894 845531 745096 701445 640110 665508 857995 400107 258103 317395 245602 36765 771949 474987 168689 332147 415674 445048 689269 484179 439775 575750 826742 310222 301905 256037 686048 328216 163651 506335 107425 371575 894601 604944 560937 562577 232355 803104 388051 301730 573340 311510 722498 542628 126890 348379 331773 135648 539849 269928 762134 481994 735710 386608 180503 934718 798027
748764 686556 159890 658872 609889 720174 727129 550535 874156 413128 987916 110578 1070271 1033899 1055300 658814 37915 551781 999999999 187583 626397 895252 791988 18000 460529 560615 404954 611302 375335 991739 97435 566725 1150358 780989 1013442 65415 899480 431150 841508 311420 1155339 798649 885918 595715 775324 871089 1028776 431030 633978 686472 291408 366018 370603 396956 585423 1174626 948111 719696 759799 316674 931932 1078010 695996 450861 786027 1216430 709271 662794 742143 949625 236325 662374 60081 659116 845635 776654 775782 389857 758707 767611 654874 930039 347309 1029169 266023 957917 842163 534105 889128 539231 547472 999465 711442 624823 984622 1123084 314551 420327 767278 729693
728570 807828 44384 713091 488075 635581 768347 691539 945692 558048 1044176 93379 1089966 1020927 1036081 735677 223610 473200 187583 999999999 737900 782368 677826 183068 582102 457730 352595 565779 506099 1060415 141215 653055 1173332 758336 1034325 245376 778555 416567 838786 200838 1175837 888255 978159 483740 913884 963035 1064606 581218 754799 843894 374276 232389 413918 259162 509816 1185997 923716 629695 747310 406276 900401 1092781 751029 536128 848385 1233822 703668 665994 705047 1003775 157250 544848 131414 576948 817987 926100 849415 524135 823549 658269 805874 861068 381173 1014662 163247 1021276 879560 499628 778723 575218 515040 982575 690526 771752 945461 1139467 390610 305460 926718 865723
519120 80686 741779 233288 773333 713370 301160 151438 299107 242734 433654 652361 602304 674483 710973 147983 597976 626084 626397 737900 999999999 918453 853463 643973 167104 696045 545706 548683 254346 408587 604173 125072 660673 542821 552967 569383 951014 457654 509315 657830 671782 193077 269337 736998 219547 255625 522108 245360 45115 270202 364363 707813 359178 725840 628164 713978 649845 730453 498702 331973 662625 623091 240079 212877 259466 733506 454405 410385 571431 406672 622839 787593 642184 676229 594999 274664 217024 243954 234472 821637 214928 788064 392797 675863 647622 390451 376620 502385 905193 298613 498136 661555 505490 181172 724693 655850 350782 681813 329921 173006
429858 992904 825767 703223 294445 209900 671590 1006011 868772 951944 863113 798216 738696 560457 543344 791278 910184 357089 895252 782368 918453 999999999 104594 904611 886447 334651 507367 376073 887012 925453 797824 796269 807834 422118 709678 908516 45882 535676 520802 590837 799284 910433 973471 301005 1133072 963028 790232 981504 962190 1174452 754107 550011 664497 523708 332054 768714 461609 197755 461650 766706 420929 719963 717328 765784 782845 827938 484887 516181 363631 830184 660956 237534 844205 261483 411205 1193086 827315 903872 781522 127764 1117907 239189 653928 550407 635728 878850 698136 442166 14576 624655 439567 522562 427332 1077792 408468 757285 738662 480448 1244708 1089911
397181 930406 721192 649561 190093 143093 628596 930405 835216 867441 845630 694081 745751 580665 570185 734797 807685 262107 791988 677826 853463 104594 999999999 801061 807286 231925 409525 304792 801216 903291 694557 729239 820726 397401 710012 806794 110665 446429 505024 486470 813961 864731 934106 196798 1071213 922602 785372 897415 896030 1101897 662101 445452 576578 419308 241822 790214 474296 123800 431039 676843 434071 730352 668226 687443 742914 849396 443154 465401 328830 809910 557111 132978 740380 178941 403211 1127536 783595 818826 738013 31954 1045812 276327 563115 570838 531464 855855 671356 360957 101378 555553 361011 539966 385717 1005202 436684 771292 648086 375999 1174955 1026265
764315 703759 152069 676698 617770 731661 744768 566841 892155 429416 1005852 113245 1087572 1050056 1071200 676814 50838 563236 18000 183068 643973 904611 801061 999999999 477953 570116 417500 625202 392544 1009738 107621 584713 1167771 796466 1030752 79962 908048 446135 857928 318310 1172691 816566 903783 604513 791551 888961 1046434 446849 651241 701148 309293 371325 387790 402081 597223 1191731 963689 730753 775720 334654 947142 1095177 713849 468861 803982 1233720 725421 679233 756813 967536 244308 670835 62731 670643 860948 792039 793782 406862 776674 777095 670242 943014 364080 1045257 272755 975897 859784 548420 898714 556572 561947 1015428 726900 640582 999482 1140315 332377 427978 781637 746120
537019 227393 582257 295106 694681 676553 375672 129757 446243 95587 575557 493482 715671 751196 783999 245324 431335 556599 460529 582102 167104 886447 807286 477953 999999999 617769 445229 510917 87338 561584 444684 155393 783601 566465 661733 402580 912755 371444 565618 527438 792779 351935 433968 661026 335445 419738 647617 114465 174354 305110 217342 583221 248093 605374 568049 827891 703600 689914 526268 185256 707000 732318 320910 120729 380906 855656 473888 421868 573730 543155 481338 719881 479371 628920 627948 361249 352358 78950 352525 775519 253125 797922 275703 750473 509805 536726 477878 446401 874514 274610 447390 730012 512806 212813 769444 770566 210627 571448 385709 286177
368750 776382 499615 530949 77561 182671 538446 746220 753074 664611 799941 464967 760796 637188 641071 603358 575796 75458 560615 457730 696045 334651 231925 570116 617769 999999999 185697 199237 596670 844009 463193 571958 843735 387590 713027 574946 341121 246402 494642 259822 841198 752626 833871 43646 915086 820371 771645 695020 734482 921437 446266 228832 372933 208703 95379 833385 528842 173540 399734 465553 496000 753650 559547 503760 651193 889284 381913 376375 315728 759899 327061 109198 510079 130961 428667 962057 680307 615626 638017 207003 867278 412814 352517 628822 303593 797037 616264 201353 328598 404564 210837 595249 338180 826308 526620 799630 435769 152398 999507 867095
376949 626174 386636 425800 257611 317663 459113 574954 662946 483453 737514 327049 750406 669180 683604 480016 412998 151391 404954 352595 545706 507367 409525 417500 445229 185697 999999999 214490 415251 768029 310828 427396 834645 406143 696415 407052 520169 94134 491398 166158 835626 637313 724720 228769 760174 710154 737239 513842 579681 750326 261211 186941 197144 194011 182234 840920 571125 319676 397543 282118 548123 750352 460764 339407 559635 891280 357666 326928 352912 696306 196839 294708 363523 256781 465392 799978 576595 434712 540193 381091 697961 525745 171594 662699 191260 723904 559713 147624 499113 282946 163234 630387 339079 657299 594674 797357 252159 138682 830659 710920
176521 625884 600854 351994 262405 166709 346328 629986 560783 580077 601247 540523 567571 462625 473691 433670 614384 128192 611302 565779 548683 376073 304792 625202 510917 199237 214490 999999999 517227 647101 520687 424479 651400 200972 517768 603925 404819 187190 300984 371221 650016 572420 648699 225830 766705 635965 573362 609050 591260 799307 401039 370979 302902 363836 104654 647294 360262 182289 204571 406893 334922 562716 375524 390187 461083 701184 182707 180557 139670 561452 411157 255293 574516 128716 254633 822770 495181 532948 450995 272955 742928 323688 301332 455395 402939 599839 417674 79916 363856 250932 70441 422328 142247 702578 380208 609374 381661 297299 871079 721529
570710 311223 502990 358735 671610 678268 438883 186323 529432 68208 656394 415349 785631 806187 837013 322219 345157 542698 375335 506099 254346 887012 801216 392544 87338 596670 415251 517227 999999999 645734 366369 227828 856617 601891 730519 316176 909548 355531 615443 472727 865014 438233 521090 640316 407860 506789 722554 98591 258726 350769 161723 531735 225303 556455 559429 897181 749441 689257 564763 134575 748602 800561 388868 148173 458277 927954 510690 457474 598735 622569 418694 702932 397471 625954 666007 422808 433797 20227 429708 770024 305679 821596 244354 804589 449616 619091 546894 445219 875966 305257 449241 781800 542351 268728 810176 840580 164277 530387 434136 360020
506610 399991 1076119 348780 909461 766735 310263 553514 117703 648329 72347 988992 288089 452133 490245 332979 969726 769349 991739 1060415 408587 925453 903291 1009738 561584 844009 768029 647101 645734 999999999 945413 426528 306357 506606 269007 943492 968645 676166 404833 923261 321355 216162 165513 872920 458111 172321 190076 653527 430535 600269 702576 954650 646500 961356 751392 377451 498134 788711 472520 675375 532246 316818 311325 540891 212404 373004 469453 467647 574782 95830 916900 896974 992792 761027 515799 533543 216028 640370 236890 876276 562674 715521 679455 459129 930782 47653 232889 652004 910881 491716 639130 465968 523264 548127 577243 326057 681137 900732 613138 453281
665419 671609 137715 603373 512894 624094 666098 551085 828858 416985 935325 48981 1002020 954083 973667 615162 117406 455674 97435 141215 604173 797824 694557 107621 444684 463193 310828 520687 366369 945413 999999999 527792 1083665 697150 945442 126686 802132 345757 764127 215810 1087683 763188 852398 498331 774183 837336 966990 440006 618494 702718 245628 272722 305371 303834 489794 1103551 864598 623132 678804 276007 846420 1007895 641200 409967 735494 1147745 630077 586147 654316 895859 139740 565080 54597 563092 760774 785112 731113 383994 709280 670193 664734 836570 277051 948863 170920 908729 780190 445182 791729 473980 459182 918328 627636 630833 897374 1053734 265235 323622 785598 726371
408849 204656 662875 141897 649082 589887 221691 227119 308862 250964 430784 573846 560610 599649 633548 95355 543592 501405 566725 653055 125072 796269 729239 584713 155393 571958 427396 424479 227828 426528 527792 999999999 629708 435285 506442 517090 827912 336864 419106 551048 638513 235568 325222 612573 344568 310109 494899 267763 166794 381513 282176 597088 251355 612896 503104 672731 559181 606564 392422 252590 566556 576987 165613 117825 230794 701443 343893 295951 455982 395780 524623 662604 571995 551590 492368 398298 210866 227500 202232 697366 324783 676787 286108 599458 546028 395864 322538 377348 783210 173835 373072 580633 391022 286169 629226 615540 263240 565167 448676 297971
475779 675967 1198887 501931 890753 709459 426200 812108 373707 878251 245592 1119784 84346 249143 273979 538534 1136516 778513 1150358 1173332 660673 807834 820726 1167771 783601 843735 834645 651400 856617 306357 1083665 629708 999999999 456314 139008 1114396 853703 757778 350421 1000757 15922 488289 465568 859266 756585 468855 138597 891027 693662 889989 862845 1014260 780461 1011463 749374 75069 347561 730935 446873 843188 388288 91224 468747 722453 404916 72833 478214 508832 529511 259343 1017700 859982 1136469 728568 424620 833189 443649 857187 432578 801208 846403 570520 806798 259138 1021450 293549 312155 691686 794160 611288 676136 285340 509185 825194 402853 50813 838650 945295 912076 744919
32781 607414 790769 310538 435737 265671 259571 662023 446874 653367 448238 723316 373864 263251 278022 399729 777912 324539 780989 758336 542821 422118 397401 796466 566465 387590 406143 200972 601891 506606 697150 435285 456314 999999999 328328 762793 463963 351395 111219 568785 453611 496338 553450 403374 742231 543706 394937 678309 587927 812187 529359 571716 428986 564776 293812 447416 167448 287881 44510 523958 152778 366065 313705 455463 364683 502355 92609 144962 74443 412662 601543 409334 751740 274522 66162 809793 412232 612705 367034 371444 756025 246456 441659 256597 597342 459385 276466 258717 407579 296675 243301 224260 69576 719146 211018 412070 506008 498248 871722 704360
344329 580215 1059966 372372 763967 589535 293877 703272 292355 757192 196722 981157 56853 185187 222291 419730 1000469 645663 1013442 1034325 552967 709678 710012 1030752 661733 713027 696415 517768 730519 269007 945442 506442 139008 328328 999999999 978912 755051 618838 218539 862437 142241 400140 401142 731159 678370 400175 86526 772278 590065 799550 727490 877130 643078 875158 617971 166669 252281 611496 313602 708980 291560 70741 341834 592060 293544 203029 341217 370116 402671 187101 878719 736940 998450 602812 307079 755148 339684 732621 318867 687851 751727 480327 668806 193021 882661 236462 183944 554503 695462 474222 539051 205520 375738 726247 324006 110877 703153 809238 831740 659213
730180 626940 222256 617538 630299 724713 688912 487657 825790 350273 943107 158508 1035747 1009996 1033307 610761 29538 557554 65415 245376 569383 908516 806794 79962 402580 574946 407052 603925 316176 943492 126686 517090 1114396 762793 978912 999999999 915948 418774 815945 338924 1120103 745956 832085 612649 712201 817402 989635 367142 574738 621298 251552 397804 340691 428905 589284 1142092 928693 726238 738466 272757 915076 1044957 653939 403668 740890 1181844 686377 637740 729436 905639 262116 680232 113968 663797 828342 712095 727538 329588 713098 780821 590296 926352 322179 1005805 295180 911297 803917 524873 901463 505875 537143 977113 693668 560799 969916 1089276 275794 443307 701961 667081
470246 1026444 822414 739265 291705 238253 710435 1034173 909966 975312 906898 799719 784416 606330 589076 826603 916148 372502 899480 778555 951014 45882 110665 908048 912755 341121 520169 404819 909548 968645 802132 827912 853703 463963 755051 915948 999999999 555644 564336 591538 845165 948955 1013557 303858 1166946 1002866 835282 1005137 994350 1204120 772233 547032 685500 519404 350891 814524 507377 223107 502583 786446 466678 765778 754692 792394 822590 873736 523516 552578 403198 873565 663764 237229 846839 284196 455389 1225646 866232 926882 820428 140304 1147746 284943 672906 596279 636892 921880 740347 466671 59687 655190 465394 568439 465732 1107388 454253 803160 757867 480950 1275621 1123114
319740 538335 444971 332140 323553 330761 368787 499829 569765 422556 647978 372981 674072 609765 628290 386167 430976 187322 431150 416567 457654 535676 446429 446135 371444 246402 94134 187190 355531 676166 345757 336864 757778 351395 618838 418774 555644 999999999 423216 249298 759855 543269 630590 289588 674572 616030 654049 452794 493596 675102 219479 278771 130316 287746 204761 769444 518843 338910 334379 231060 501125 676325 367509 258005 466666 817411 288047 249506 311355 606801 260077 349219 400345 274441 415174 718138 482635 373656 446693 415568 621136 510867 118696 604214 264508 632624 472987 107288 525462 188891 118596 573233 281898 580187 553487 723077 203051 232454 753528 625801
125895 563715 868152 279739 545780 376363 208552 643654 359201 658308 342676 794946 266709 194963 222466 361367 834031 428217 841508 838786 509315 520802 505024 857928 565618 494642 491398 300984 615443 404833 764127 419106 350421 111219 218539 815945 564336 423216 999999999 657114 349148 426600 471304 512707 690612 463401 283758 680013 553413 778530 570958 666430 475458 662277 399746 349780 140802 398549 96555 559532 155407 262048 269392 467496 292158 401663 135198 178718 185542 309404 681615 520477 818442 385278 111764 762451 343822 623011 301904 480211 724035 317160 494809 191772 681506 358567 183851 345257 506238 318814 329543 166635 158808 690201 216212 308896 546605 595898 830140 657727
540655 735635 241058 575992 300194 435127 617710 653299 814212 537514 897005 208244 916536 832004 844615 618306 333035 272524 311420 200838 657830 590837 486470 318310 527438 259822 166158 371221 472727 923261 215810 551048 1000757 568785 862437 338924 591538 249298 657114 999999999 1001781 776280 865676 289862 860095 850743 901841 566130 685060 823210 312498 62533 300107 92362 309207 1006798 731361 429920 562623 343206 705873 916487 612632 444968 712110 1057386 523746 492638 510862 855857 76808 354567 256210 376191 625604 888484 723337 492905 690481 464466 776073 660248 265687 825179 45577 880503 722113 312170 585990 431980 327895 792455 503129 737298 748493 963497 316814 110615 906353 810366
473959 688336 1201868 509278 887095 704467 432728 823214 386620 887625 259718 1123335 85902 239525 262902 547982 1141962 776728 1155339 1175837 671782 799284 813961 1172691 792779 841198 835626 650016 865014 321355 1087683 638513 15922 453611 142241 1120103 845165 759855 349148 1001781 999999999 501020 479812 855975 770389 482870 150249 900794 705269 902990 868572 1014318 785125 1011034 747131 59148 340088 725819 445701 849367 380709 87550 476635 729768 415101 62944 478560 510565 526338 272204 1019897 855469 1140674 724810 419886 847058 454803 865899 442543 794902 859013 561429 811019 249563 1023108 307587 319374 691928 785698 616120 676327 276761 507939 837390 393182 42729 844311 944760 925840 758189
482492 188730 898443 221914 826054 721759 238941 337623 114804 434778 248906 809393 441764 552669 591521 158135 773465 677651 798649 888255 193077 910433 864731 816566 351935 752626 637313 572420 438233 216162 763188 235568 488289 496338 400140 745956 948955 543269 426600 776280 501020 999999999 90099 788566 279164 74987 351427 438426 214732 402302 517570 817247 481008 829593 669168 549230 556914 741975 453178 487504 579981 466304 197232 353307 134460 560335 425573 399410 547005 228955 756249 826978 806657 699169 531725 355596 84142 430807 129434 834384 358156 737924 515701 556443 775521 202811 252839 551334 896194 355751 542019 550265 483263 338423 637527 491928 498806 775690 431634 259387
543613 243171 987978 303715 905999 791883 305711 402651 115088 511739 220119 898829 433526 570698 609896 247382 859928 758554 885918 978159 269337 973471 934106 903783 433968 833871 724720 648699 521090 165513 852398 325222 465568 553450 401142 832085 1013557 630590 471304 865676 479812 90099 999999999 868538 292917 15128 336678 512222 281364 435207 606860 905863 571033 917621 747994 533159 591489 812719 512184 576499 619032 460657 274465 442777 191282 534766 491333 471417 610365 215227 846298 903977 895284 773446 581008 368800 153786 512218 197771 904469 399323 787875 605704 575879 865404 172460 288379 633176 959051 442177 623047 574870 549109 387551 672837 478406 588408 862756 448232 288221
387414 817167 526557 566659 37489 173572 570122 789305 784932 708256 826577 497287 777201 645132 646388 641143 612359 111894 595715 483740 736998 301005 196798 604513 661026 43646 228769 225830 640316 872920 498331 612573 859266 403374 731159 612649 303858 289588 512707 289862 855975 788566 868538 999999999 956272 855257 792994 738665 775892 964428 489641 251858 416521 228067 121771 845286 535783 159798 419690 509129 501029 768567 594077 546528 683896 902078 406742 405828 329758 786995 360401 67847 543654 133073 439036 1004073 714780 659270 671817 174859 910125 401874 396153 636409 334726 825669 643192 238687 296178 443622 246790 602955 359447 869147 526894 813967 479328 179658 1042248 908491
721953 140822 910417 433951 992473 930174 485944 224855 387338 362201 511188 823158 717553 830559 869171 344260 741738 845531 775324 913884 219547 1133072 1071213 791551 335445 915086 760174 766705 407860 458111 774183 344568 756585 742231 678370 712201 1166946 674572 690612 860095 770389 279164 292917 956272 999999999 288101 623716 345740 180987 153923 552617 913708 567907 933939 847666 821873 826864 947809 697728 520317 845990 743105 428757 421508 404955 826739 658770 619387 779206 500136 816600 1007139 803378 894754 787764 76924 352341 390275 390042 1039485 140727 988628 599781 833938 844539 463160 528137 721914 1119547 517668 717524 825960 712998 155930 905927 765671 544397 893981 155530 49750
533222 232048 972884 289881 892729 780209 294021 390646 110599 498217 223280 883744 434233 567313 606516 232437 845202 745096 871089 963035 255625 963028 922602 888961 419738 820371 710154 635965 506789 172321 837336 310109 468855 543706 400175 817402 1002866 616030 463401 850743 482870 74987 15128 855257 288101 999999999 338139 499133 268857 427983 591785 891084 555952 902953 734877 535444 585422 800951 502089 561454 612274 460998 261216 427682 180280 538689 480152 459242 599681 215589 831210 891200 880288 761085 572549 364467 140796 498103 185354 892839 390744 779495 590630 572270 850363 175307 281258 619533 948633 427734 609534 570408 537975 377764 666752 480137 573304 848259 443618 281021
406241 538233 1087388 372756 827099 659918 301694 673538 237600 741766 119860 1005441 98369 270991 307327 402293 1012850 701445 1028776 1064606 522108 790232 785372 1046434 647617 771645 737239 573362 722554 190076 966990 494899 138597 394937 86526 989635 835282 654049 283758 901841 150249 351427 336678 792994 623716 338139 999999999 753798 555125 753688 738680 921641 661794 922210 676271 198298 336827 682075 373386 717111 375317 126856 337673 592236 267448 211417 391701 411412 469090 123616 911422 803854 1018686 668070 382600 700589 305090 722264 295462 761884 709112 564010 690275 279094 918419 165132 186883 600999 775891 493070 586047 292011 433796 687180 410089 142071 714875 857280 778829 609598
648279 278644 572656 408804 770118 772110 489165 123380 541833 30419 674675 488364 825414 865518 898431 353105 396652 640110 431030 581218 245360 981504 897415 446849 114465 695020 513842 609050 98591 653527 440006 267763 891027 678309 772278 367142 1005137 452794 680013 566130 900794 438426 512222 738665 345740 499133 753798 999999999 232153 263353 258445 626183 322919 651737 655853 937804 817730 783858 638858 232725 820498 842993 433205 224873 486355 963484 585914 533392 681880 644712 508168 800958 463167 721105 740595 346581 452691 79397 458479 866051 225263 905913 342876 864858 540346 633249 588892 539338 970170 383567 542400 844476 622587 193803 882826 880154 262575 627794 346702 302096
564224 53116 756171 278250 811936 756472 345006 122982 326166 235118 461394 667162 638092 716271 753085 192102 603813 665508 633978 754799 45115 962190 896030 651241 174354 734482 579681 591260 258726 430535 618494 166794 693662 587927 590065 574738 994350 493596 553413 685060 705269 214732 281364 775892 180987 268857 555125 232153 999999999 225452 384230 736881 389184 756067 668768 749139 693778 773290 543797 351604 707072 659725 284028 242232 296842 766413 499493 455275 616321 436973 646217 827725 653724 718339 639939 231510 251289 245397 273214 864159 170629 833172 421884 717890 672410 416561 416507 542907 949002 340593 539220 704266 550428 138499 769038 691055 372941 714333 284972 132614
787607 220427 833645 503448 998654 965972 569995 175510 516371 288950 647094 750774 843431 936994 974469 417449 650330 857995 686472 843894 270202 1174452 1101897 701148 305110 921437 750326 799307 350769 600269 702718 381513 889989 812187 799550 621298 1204120 675102 778530 823210 902990 402302 435207 964428 153923 427983 753688 263353 225452 999999999 511010 881559 553200 905425 866647 951518 918651 981278 768272 481364 932459 867254 509175 418243 511504 961595 722657 676604 837210 630787 769002 1021642 723239 922974 865145 104877 461469 330707 490916 1069951 56751 1056471 580253 939151 800284 599395 634446 742224 1161740 549905 741062 927014 771872 96736 994349 894133 509563 874977 83542 147002
496619 436771 381349 367621 518785 550235 437541 340998 585390 228670 696712 292039 784311 765879 791420 370655 274176 400107 291408 374276 364363 754107 662101 309293 217342 446266 261211 401039 161723 702576 245628 282176 862845 529359 727490 251552 772233 219479 570958 312498 868572 517570 606860 489641 552617 591785 738680 258445 384230 511010 999999999 370567 101284 394867 422143 891117 691182 558065 500063 32626 681927 793867 404628 164354 495078 930369 446287 395174 507856 658269 264008 554637 290576 493465 595520 576901 487225 181937 468023 631931 463583 721361 100836 762344 292672 667533 552604 322496 744221 255740 330599 735069 462393 424940 740011 837961 24524 369377 594003 503190
545648 786610 275784 610568 255872 410391 646036 710344 848467 597262 924419 258810 929917 833479 843288 659148 390069 258103 366018 232389 707813 550011 445452 371325 583221 228832 186941 370979 531735 954650 272722 597088 1014260 571716 877130 397804 547032 278771 666430 62533 1014318 817247 905863 251858 913708 891084 921641 626183 736881 881559 370567 999999999 348646 31120 294462 1015732 729648 402314 570416 400454 701487 927941 646219 495250 745430 1068075 536086 510277 508768 883212 136958 312479 308630 354459 624679 944464 760253 551954 725222 426027 833541 639477 315166 826117 102788 910719 746039 322641 546338 466699 338144 792910 509172 794361 740004 974930 373090 78280 964466 863960
396212 438229 430720 299948 448933 457496 360728 377810 531973 292600 631938 345489 699875 669876 694159 324798 359803 317395 370603 413918 359178 664497 576578 387790 248093 372933 197144 302902 225303 646500 305371 251355 780461 428986 643078 340691 685500 130316 475458 300107 785125 481008 571033 416521 567907 555952 661794 322919 389184 553200 101284 348646 999999999 366976 334782 804052 592073 467046 400962 104025 581710 707407 337920 146983 434575 845993 347735 297792 406589 591994 275294 478118 356914 403015 495133 604348 436343 243630 409632 545592 500864 621069 34816 665927 295049 607654 474936 226028 653923 169272 232690 637844 361551 460251 639323 752529 79577 326455 633554 518292
539837 805172 303025 619774 229263 391298 651737 733281 856928 622557 929007 289371 927187 825058 833507 671740 421172 245602 396956 259162 725840 523708 419308 402081 605374 208703 194011 363836 556455 961356 303834 612896 1011463 564776 875158 428905 519404 287746 662277 92362 1011034 829593 917621 228067 933939 902953 922210 651737 756067 905425 394867 31120 366976 999999999 281187 1010647 719937 381979 565872 424062 690581 924245 654768 513946 753576 1063794 533972 510983 499696 887836 167802 286429 339363 337157 615662 966403 770374 576682 734201 400960 856712 621241 334281 817453 133821 916848 749124 321391 520485 476599 336575 784084 504066 817239 727078 971149 396101 66544 988092 884220
273874 707429 548809 447368 158838 135429 448460 693270 663254 625810 705901 500699 666182 547757 554003 524492 594857 36765 585423 509816 628164 332054 241822 597223 568049 95379 182234 104654 559429 751392 489794 503104 749374 293812 617971 589284 350891 204761 399746 309207 747131 669168 747994 121771 847666 734877 676271 655853 668768 866647 422143 294462 334782 281187 999999999 740750 440795 138402 304516 435602 410089 659591 473678 449370 562457 796103 286955 284093 223473 666091 363967 160108 540970 74617 338260 899181 594210 577124 550866 210824 811188 351654 322259 539724 347895 704207 522321 125862 322460 330740 130618 506180 242839 770308 445962 705782 407164 216618 941990 800868
470876 734896 1213747 538992 874935 687872 460158 865114 435825 923250 313332 1137430 112410 209691 226026 584796 1162967 771949 1174626 1185997 713978 768714 790214 1191731 827891 833385 840920 647294 897181 377451 1103551 672731 75069 447416 166669 1142092 814524 769444 349780 1006798 59148 549230 533159 845286 821873 535444 198298 937804 749139 951518 891117 1015732 804052 1010647 740750 999999999 316878 708664 445336 873594 356458 97438 508438 758410 455132 59323 483472 520267 517691 321897 1029203 840174 1157140 712816 406322 898713 497870 899193 481662 772964 906196 529624 828260 219610 1030422 360709 350449 695037 755501 636327 679322 250312 506687 883129 360297 58128 866678 944132 977070 807808
