NAME : synthetic_000565
TYPE : CTSP-D
DIMENSION : 100
GROUPS : 8
RELAXATION_LEVEL : 1
EDGE_WEIGHT_TYPE : EXPLICIT
EDGE_WEIGHT_FORMAT : FULL_MATRIX
EDGE_WEIGHT_SECTION
999999999 599765 645633 248552 423584 64298 416386 322903 49149 756259 406810 331471 520350 254333 215124 553416 289124 391983 593687 531841 274432 124607 481457 529781 89399 164672 239912 822969 145832 682604 416817 419271 353972 572572 528626 218745 720338 527436 421289 452709 419498 556879 303377 516574 341126 559660 523952 46341 142857 304391 279846 319206 433289 642157 426318 469113 215804 476140 648120 362567 505540 522129 452564 587366 337289 496685 524553 345600 184577 419089 257236 520304 353345 401793 379951 330591 207878 687421 119066 382167 451245 499746 195904 648483 691890 346201 566981 341166 571536 63784 519762 597036 366845 299421 537876 326265 368876 494543 608086 479730
599765 999999999 555644 480287 789520 536434 769607 922154 647737 505762 964439 865028 459348 392825 706071 82665 560609 579575 86959 401186 471228 477249 714684 649186 618612 658951 824028 451865 645905 244491 860885 893664 300441 546467 199354 817197 398382 678239 281698 246051 350682 846014 812178 90384 265239 486485 570657 637026 535463 403295 687378 918127 759474 428992 339751 695284 617687 888129 234457 375612 227861 272304 441270 475276 743749 838296 619125 772624 496499 547087 358623 115221 892921 903164 780226 897057 639604 453825 680425 912602 268916 610987 716787 54474 502622 718947 293914 314289 721915 540926 484558 706297 840461 438165 886586 598682 386302 718762 453325 893813
645633 555644 999999999 397507 470267 618308 450832 865509 667210 173720 1038875 975308 135348 653907 562711 476390 832286 910294 471743 863382 371922 561791 324894 208188 586065 557009 736199 312836 561100 369247 579168 1063683 388952 78362 695663 814042 240107 241840 336315 347559 278352 430235 948839 497839 473115 92956 144891 690486 706937 715352 480734 892326 422485 934691 280894 314059 817542 562968 352651 736218 337014 287756 200610 84156 960578 470937 183415 976657 461864 241282 467731 454420 706845 665240 1004892 750556 823356 148322 764667 1025247 325218 200859 595795 553049 101340 454024 261937 389833 255450 592082 127751 215794 1009996 352454 504341 361188 750711 317931 102783 568304
248552 480287 397507 999999999 322464 223028 304859 509802 274195 511633 649142 579544 272227 316219 236431 410056 462225 554080 440992 591696 25988 174487 300125 307266 199823 201002 388168 591093 195331 482057 381804 666207 180484 325894 498091 435114 487400 315364 222970 262170 191371 414573 551417 389983 231576 311145 283043 293976 321181 385151 207143 525149 303429 690358 201147 282407 428758 414838 447277 427248 310602 309669 204841 339412 568314 383157 294222 582255 64370 182967 150903 373097 422477 424111 612493 439198 431278 444322 367600 629968 250270 271005 256341 516204 444873 244607 347089 166275 364343 195027 271226 378555 612678 58294 432054 140879 439916 310290 361926 420296
423584 789520 470267 322464 999999999 448595 21275 468608 407230 639532 697991 673947 421148 611981 217023 712742 708751 810621 736505 900018 323783 441899 149632 264964 334225 259683 350770 764859 277948 730291 109918 789260 491931 398136 820414 469206 670621 235717 511387 550246 450779 141483 674660 700903 553448 433962 329738 447376 557517 678786 145399 510554 48089 1003561 462633 156958 639031 102269 698905 729090 587065 565266 388232 469560 748420 73125 286928 749606 339980 271209 472016 676479 261578 201721 787707 320005 628916 593052 510810 714781 530915 270292 248598 818385 563225 82742 583787 479214 248981 415078 399858 293311 746804 353165 116518 190883 740040 160081 507045 108103
64298 536434 618308 223028 448595 999999999 438700 386964 113390 717758 455727 372178 488493 194341 253808 492002 261616 362478 532806 478251 247623 66999 487246 521625 124776 199049 302441 776280 179520 627812 455851 447490 300696 548407 465360 280930 674721 523583 370053 399118 376168 575129 336047 454165 280211 529288 505578 101648 110216 249508 303215 381782 451735 587870 381805 472988 208747 511466 593682 306664 451718 471900 420469 554563 345513 520878 512624 359265 159753 403207 200775 459569 408747 451005 389615 390675 208888 647945 160555 423266 399764 488417 241516 585651 656646 367666 518138 288779 570058 34129 490864 591229 392923 266368 564779 325232 314216 499708 572162 515532
416386 769607 450832 304859 21275 438700 999999999 476620 402344 619504 702335 675144 400048 598396 214444 692540 699645 801117 715992 885588 305251 429276 132723 246588 327013 253777 356289 744179 271454 709034 128433 789286 472597 378137 802950 472136 649676 218320 491005 529760 429961 142543 673954 681183 535292 413226 309615 442021 548187 665621 136649 517325 31403 988488 441809 138543 632152 123501 677673 715207 566236 544159 366963 448873 744330 82709 267680 746406 324964 249941 454986 656350 274379 218176 784162 330950 622837 572474 507129 716896 510281 250468 247453 798069 543150 71033 562534 460019 234413 404932 378881 278028 745849 333948 129564 171257 726367 143933 486271 129333
322903 922154 865509 509802 468608 386964 476620 999999999 274475 1008154 250092 274140 763484 565112 302938 872683 518924 607970 911738 813353 533390 445065 598240 692855 316573 314186 129398 1099478 315659 985209 386444 393553 660058 787186 844648 116667 995882 674631 720824 756539 700754 603839 309697 837707 660710 795342 723810 290000 424560 600743 389225 51469 506655 922601 710046 595989 416939 449648 950263 658377 808671 816067 701942 828829 436096 526385 701996 418829 459569 624464 571820 838411 224462 305191 457300 159097 391868 944975 273505 294550 750346 678299 269830 970103 935651 434170 856011 646023 703266 381457 753943 742782 373451 568079 544284 504389 660925 611411 858098 449380
49149 647737 667210 274195 407230 113390 402344 274475 999999999 785548 375007 308700 545989 302140 191951 599870 319799 422252 639699 575731 300133 171070 479656 538062 85123 148991 191999 858112 132749 723973 388781 406372 395381 592297 577531 173527 754928 532503 460962 493825 453880 544537 288776 563827 387540 583960 539846 41068 181497 349733 267944 272955 422139 686249 461446 468941 236085 450643 689293 408162 546628 560652 478946 613241 342296 480137 535696 346142 212552 434365 301305 566282 311456 365067 382935 284602 223057 717652 107466 358201 490933 510693 166644 696010 719027 334113 604363 382095 574398 107921 543297 602972 356655 328595 518759 332410 413817 493072 636092 453805
756259 505762 173720 511633 639532 717758 619504 1008154 785548 999999999 1160545 1087260 244687 708660 708897 439040 897257 961818 419064 868460 485844 654568 496889 380971 710402 694454 880211 145050 695172 273550 747135 1164215 441420 241396 679876 944690 112248 415126 373357 365381 343599 603868 1053791 474105 512342 214816 309909 802490 790838 761121 633848 1030060 592267 922138 339922 484940 901097 734507 273107 769115 330954 285054 308336 179977 1046028 643892 354506 1065987 573233 390516 537854 429754 865998 830187 1089821 905007 911370 70650 873892 1138156 350278 369320 739558 486520 76427 615597 239259 447892 428654 696804 255477 387655 1109066 457267 677977 510595 783468 490581 150530 739937
406810 964439 1038875 649142 697991 455727 702335 250092 375007 1160545 999999999 105667 920496 573152 500866 934112 447056 504197 976541 749045 675049 522717 811910 891745 453050 488394 347857 1229692 480793 1082647 628094 175925 756418 962555 839065 232774 1127143 879561 825614 854746 826278 837865 165739 891788 728230 957811 906066 360588 429064 580611 592288 199289 730162 848831 833124 806009 358417 693167 1048780 629541 907242 927257 853747 987742 290288 761920 894732 261127 587394 801243 655958 904853 471818 552760 288168 407110 332991 1092508 295424 76642 855396 869895 464954 1017357 1093826 648771 972920 744467 914871 469302 916830 950031 186440 703445 785073 689203 626490 825524 1011067 693480
331471 865028 975308 579544 673947 372178 675144 274140 308700 1087260 105667 999999999 851662 472505 463963 838158 341390 400779 880899 643716 605503 438307 773547 842925 392333 440714 336438 1148343 429626 993301 618430 121576 670618 900843 734832 209057 1046898 834452 740964 767901 747800 815416 60353 794836 635870 890632 848391 285619 331406 476615 553594 224663 700572 744244 753757 765384 253883 684648 959968 524614 819832 843023 783964 918746 190807 742311 842511 164324 515906 742905 569026 810121 475770 554611 197056 415135 228984 1018066 213390 51090 770382 817493 429033 918408 1023356 615074 889802 659454 873391 390604 850407 905265 101529 630853 771134 637473 521286 787201 939491 685846
520350 459348 135348 272227 421148 488493 400048 763484 545989 244687 920496 851662 999999999 518752 465020 376988 697094 775034 382166 735921 246241 429743 296816 201244 468258 449789 635684 349188 450770 322659 522866 935591 255775 90270 577569 701343 250783 234867 209459 228212 145436 423684 822134 389597 341259 42427 116638 566045 573593 580729 393254 785576 377143 812340 149616 280121 684433 521846 295908 603217 231719 188218 68055 67255 828145 442602 169457 845126 335786 153684 332388 349160 627831 599051 872431 663459 691173 183170 639221 902154 204330 169807 495164 467502 173805 382959 183156 255681 271332 464014 26368 249202 881307 222278 484670 269581 617663 295448 94930 527588
254333 392825 653907 316219 611981 194341 598396 565112 302140 708660 573152 472505 518752 999999999 439548 372851 190688 256625 415907 290232 330964 172162 615572 617082 315016 383929 494058 730629 365090 547904 637233 504723 269481 598440 279841 451252 638383 629129 335348 346664 377470 723489 419366 327301 197984 561007 575602 276790 147304 68956 470930 550413 604781 397719 377177 598240 226175 687512 517765 117595 391152 428671 457193 576049 360761 680790 599268 387262 275791 489101 188557 349336 602790 641812 401097 584490 247101 638639 300488 519799 358996 578286 432234 446542 662871 529246 477368 265811 678610 218080 530680 688554 450394 327270 727839 452626 128075 626123 581201 692113
215124 706071 562711 236431 217023 253808 214444 302938 191951 708897 500866 463963 465020 439548 999999999 641071 504236 607078 674392 728809 254835 269507 311443 394156 129581 55626 173550 808215 74739 716788 202533 575958 412295 484362 687080 268092 705521 379555 459388 498475 423031 356870 459985 616041 443915 494744 420922 232757 356096 500599 91427 332638 237695 837179 433727 305145 426978 261020 682217 556024 546977 543677 406936 528976 531607 289352 400855 532588 209614 321973 350717 604362 187397 205182 570700 204232 414926 647923 293896 507747 486616 376722 35920 746064 635211 151168 577781 397703 414006 223859 453605 449668 531667 291826 326902 201524 564833 325093 559950 264611
553416 82665 476390 410056 712742 492002 692540 872683 599870 439040 934112 838158 376988 372851 641071 999999999 553962 587348 43065 440047 398727 428968 633647 566615 562456 596500 768474 403127 584791 197009 787719 877520 229734 464561 243217 772155 336578 595837 202140 165051 269458 765190 788323 47267 212345 404889 487996 593631 506774 397230 616126 872538 681253 484052 258314 614308 598633 812355 177432 381062 145331 190750 358840 394967 732424 759524 536497 759688 432794 465899 301699 36964 828461 834163 771412 836680 618391 382481 643647 887208 187307 528533 654413 106403 428867 644241 216066 244152 639328 491984 402080 623648 823012 364269 807533 522327 393605 637424 374738 818086
289124 560609 832286 462225 708751 261616 699645 518924 319799 897257 447056 341390 697094 190688 504236 553962 999999999 102877 596563 304742 482729 289050 746184 769376 376542 452784 491544 921237 433511 736038 705752 338807 456147 771348 403713 403884 828972 775597 524092 537078 560683 836739 281532 507076 388516 739515 740112 279970 151539 157659 563469 488336 713294 409717 561691 731060 102103 765232 706739 191828 581833 619037 632384 757617 184814 781440 756109 215187 406474 644589 365300 534058 626534 684510 219646 589530 127941 826928 252574 380233 548699 733162 483988 615077 848711 628656 667797 450774 823615 295708 706192 840484 289277 489057 824373 582297 185497 758266 765796 768847
391983 579575 910294 554080 810621 362478 801117 607970 422252 961818 504197 400779 775034 256625 607078 587348 102877 999999999 628330 253965 573017 384077 843582 861032 479167 555440 590054 972774 536122 778417 808628 367346 525571 853323 400071 495391 885539 869148 589621 597009 634078 937239 340865 540143 449514 817355 826696 382134 253116 200879 665247 573385 814056 346185 633638 827940 195355 868056 751734 206343 637229 678603 712579 832674 216790 883147 846058 248164 501443 734633 443320 573056 727179 786527 235302 688117 217976 892368 349623 431252 611561 823779 586821 633124 918522 730089 726635 522345 917742 396400 786296 932470 327395 575698 926466 679140 194252 855386 837425 871688
593687 86959 471743 440992 736505 532806 715992 911738 639699 419064 976541 880899 382166 415907 674392 43065 596563 628330 999999999 472926 427976 469105 650469 577128 599899 631241 805737 371495 620186 163509 815057 920584 262098 467052 272979 812408 312564 607684 225456 186271 287937 782239 831244 89487 252656 406408 496156 634453 549553 439603 645448 912574 703185 510192 276326 631334 641697 837078 149288 421988 155128 193965 371543 392831 775368 780462 546323 802691 467508 482920 340018 73417 861717 864659 814252 871923 661430 366912 685501 930028 206116 540220 689051 85781 416007 670450 209879 276693 649473 531779 407991 630983 866076 392534 827933 547163 434275 653427 369071 842850
531841 401186 863382 591696 900018 478251 885588 813353 575731 868460 749045 643716 735921 290232 728809 440047 304742 253965 472926 999999999 601300 462377 890586 874001 602178 673205 764980 843112 654128 635983 927416 620927 484595 824328 201847 696732 773113 891639 527466 517406 591565 1005602 583403 398225 398089 775071 818039 542783 396469 228768 760534 787410 889943 110578 586414 872243 403746 977555 617424 172884 540156 589054 686445 779655 468285 967441 851467 500009 560773 747378 445079 440993 885116 929148 489222 860020 430385 804999 540138 679024 538720 833615 719462 448011 843380 817438 630808 488637 941189 505547 754325 943745 578959 588115 1015147 732097 164140 899954 772613 982199
274432 471228 371922 25988 323783 247623 305251 533390 300133 485844 675049 605503 246241 330964 254835 398727 482729 573017 427976 601300 999999999 196718 289294 288129 225140 222598 410637 566677 218144 462062 389666 691763 170840 300847 499476 460320 462988 298333 206473 246151 169330 408049 577151 381287 230326 285232 259721 319918 343796 399660 217543 549644 301146 697989 179591 270962 452174 419016 427435 439502 292951 289105 178863 313424 592505 381297 273447 606877 90020 161903 156946 361798 439239 436859 636732 458620 455329 418713 393460 655940 232607 250819 276718 505113 418910 248813 325017 157269 347721 220280 245417 359645 638118 37023 430354 136361 452521 298713 336037 424590
124607 477249 561791 174487 441899 66999 429276 445065 171070 654568 522717 438307 429743 172162 269507 428968 289050 384077 469105 462377 196718 999999999 459835 480780 151654 214186 350283 710050 196041 560968 465255 509647 233702 494475 423186 343303 608842 486546 303193 332126 311723 559042 400341 392785 216628 471242 456386 166829 147116 237276 299364 443572 437885 569352 316829 443962 256385 515426 526785 289720 384744 405118 362078 494875 398787 511954 468639 415387 117549 357453 134025 395712 441384 473763 443101 431856 261589 584430 227460 489369 332858 445242 265908 525065 595217 359238 451573 221847 534626 63679 434040 551695 454542 209647 558223 295249 299754 471485 510620 520000
481457 714684 324894 300125 149632 487246 132723 598240 479656 496889 811910 773547 296816 615572 311443 633647 746184 843582 650469 890586 289294 459835 999999999 117040 396321 334383 472929 627937 347992 617754 259481 881930 434147 256966 779983 579219 538562 86173 433452 468731 364191 131770 764583 630867 510330 300802 191028 515700 596590 684516 220388 635502 101836 986729 375372 19522 693117 238092 589073 727371 495767 464740 281459 335019 818413 148227 142457 824860 343417 167780 445966 599467 405413 350818 860520 459328 688366 455776 587121 818459 446390 130724 347247 735481 421257 164593 473679 424179 105056 453418 272465 146476 834654 305695 187998 164618 740030 13664 373390 243412
529781 649186 208188 307266 264964 521625 246588 692855 538062 380971 891745 842925 201244 617082 394156 566615 769376 861032 577128 874001 288129 480780 117040 999999999 452949 403966 564532 514757 413567 522887 374772 944429 395154 143974 741085 659928 429189 35334 376094 405955 303852 228342 826834 571594 479105 194949 85198 569582 625926 685138 304267 726062 216878 962624 313385 108069 730330 355054 496970 720803 422753 384529 208295 226624 864644 262926 31824 874958 364457 128127 433366 535240 513290 464119 908139 563098 729704 343296 643838 890288 382073 40633 429696 662907 305920 262502 384247 388416 72769 489711 175025 71553 894152 290282 298085 205755 734437 109745 264935 360335
89399 618612 586065 199823 334225 124776 327013 316573 85123 710402 453050 392333 468258 315016 129581 562456 376542 479167 599899 602178 225140 151654 396321 452949 999999999 76287 206032 790170 56971 668682 332082 491493 344121 510266 574838 235314 686532 447515 404268 440036 387387 467750 373885 530948 353507 504954 456210 119379 227043 373459 190538 327157 344283 711356 396051 385015 305141 389435 633744 429904 492104 500299 402299 535415 422663 407313 450841 428539 143961 350755 261045 527095 290022 327101 464379 281321 296429 643746 191813 441188 433835 425828 117360 663483 641965 256954 541442 329934 489772 96966 463872 517926 441658 256957 448770 247287 438038 409626 560150 393257
164672 658951 557009 201002 259683 199049 253777 314186 148991 694454 488394 440714 449789 383929 55626 596500 452784 555440 631241 673205 222598 214186 334383 403966 76287 999999999 188559 786107 19553 682877 256802 547556 369764 479253 633380 258378 682671 393940 421594 459843 391847 395699 430208 569398 395040 482768 419556 188274 303266 445063 118992 336262 273148 781553 401907 325203 379475 313270 648045 500408 509883 510668 387759 515643 491287 332796 406340 494715 163768 316218 301375 560090 234775 259756 531808 240901 369282 630834 255309 487077 449850 381516 57932 700526 622658 185127 547588 355158 432781 168518 441281 464749 500495 258746 373298 200939 509253 347966 544187 317152
239912 824028 736199 388168 350770 302441 356289 129398 191999 880211 347857 336438 635684 494058 173550 768474 491544 590054 805737 764980 410637 350283 472929 564532 206032 188559 999999999 974531 192868 868337 283061 457026 548153 657862 767772 127657 871153 547291 605025 642146 579509 490075 351603 736788 559209 666836 594414 222220 368558 540892 260423 162581 385160 875549 589304 469586 394937 349072 833408 599403 693389 697158 575191 700597 456378 414074 573017 447465 343108 495258 467052 733044 145144 220017 487429 98067 374131 817801 240592 371506 634000 549199 140853 869383 807250 308342 735252 533758 577664 287858 625507 616134 423174 446323 438406 375039 604525 486296 730478 350011
822969 451865 312836 591093 764859 776280 744179 1099478 858112 145050 1229692 1148343 349188 730629 808215 403127 921237 972774 371495 843112 566677 710050 627937 514757 790170 786107 974531 999999999 783819 208084 869672 1213849 479997 371266 644376 1025218 103695 549748 408870 387210 404235 741325 1109059 446441 533726 330994 437264 869122 833909 773471 741266 1116235 718806 880610 396816 614283 940764 862978 226153 770442 339681 307353 401507 295307 1084213 776090 486132 1107205 647353 502661 581728 406313 976415 947962 1126770 1009781 954609 172235 936389 1199413 380374 497713 835991 419095 211502 731854 259304 490064 567874 760448 367087 528603 1158195 533319 812825 617908 784127 622988 258149 868568
145832 645905 561100 195331 277948 179520 271454 315659 132749 695172 480793 429626 450770 365090 74739 584791 433511 536122 620186 654128 218144 196041 347992 413567 56971 19553 192868 783819 999999999 675926 276331 534574 359482 483754 616508 252963 680225 404943 413414 451179 386698 412968 417008 556674 381348 484834 425533 171183 283817 425866 135702 334900 289981 762615 396446 338084 361083 332776 641026 481377 501810 504385 387498 517122 474742 351072 414592 478884 153039 321247 287628 548570 249653 277727 515637 251888 351382 630672 239826 476726 442061 389653 71872 688248 624185 202130 542418 344917 444921 149152 443360 475738 486711 253540 392047 208895 490123 361504 544698 336674
682604 244491 369247 482057 730291 627812 709034 985209 723973 273550 1082647 993301 322659 547904 716788 197009 736038 778417 163509 635983 462062 560968 617754 522887 668682 682877 868337 208084 675926 999999999 823224 1046119 328723 389736 436483 896845 161592 557112 264437 230148 294428 746125 948424 242167 359190 330687 437696 727031 666891 582758 668240 993815 689973 672719 283379 600233 768038 832522 34955 573210 177364 173214 342214 305235 907851 760618 491084 933147 526014 460049 427043 205524 899212 887359 948831 920681 784892 236358 787333 1043779 234864 492459 738346 216274 290515 677532 146519 341879 590687 618826 348401 562485 990699 425171 804576 553404 586354 617283 271399 838351
416817 860885 579168 381804 109918 455851 128433 386444 388781 747135 628094 618430 522866 637233 202533 787719 705752 808628 815057 927416 389666 465255 259481 374772 332082 256802 283061 869672 276331 823224 999999999 737922 560456 505937 870038 409452 773512 345609 590050 629747 535589 222041 628171 770866 611280 538811 437271 429801 558508 700356 176099 432804 157974 1034591 547398 266711 624783 66243 790729 754570 670874 654140 483796 574638 717821 144686 396103 714459 381844 370023 522922 750887 165710 94782 753864 229515 610543 698568 482467 654553 612453 378587 222288 894101 670725 146118 677056 546720 356989 424998 503006 401892 700601 423459 157850 270985 764042 269648 611524 67804
419271 893664 1063683 666207 789260 447490 789286 393553 406372 1164215 175925 121576 935591 504723 575958 877520 338807 367346 920584 620927 691763 509647 881930 944429 491493 547556 457026 1213849 534574 1046119 737922 999999999 733914 991524 742460 329382 1114747 938483 805081 827873 821108 930659 117689 832005 687148 975986 943061 376271 380486 491962 663646 343065 813596 711915 825750 872573 279109 804164 1014129 530620 878115 906525 867536 1001911 155234 858792 941564 123911 601839 837960 632410 852997 597238 675843 132687 536708 261228 1094045 301457 104200 833484 916600 541951 948003 1104084 726911 954606 724268 979418 471805 936898 1009088 55664 713313 889156 738775 524132 895519 1019560 805530
353972 300441 388952 180484 491931 300696 472597 660058 395381 441420 756418 670618 255775 269481 412295 229734 456147 525571 262098 484595 170840 233702 434147 395154 344121 369764 548153 479997 359482 328723 560456 733914 999999999 341580 347570 568527 381184 417003 71172 98748 110636 561903 629542 210448 86609 297019 333885 398689 354518 327541 387209 666269 465118 568468 108605 414695 462925 589007 294168 347494 151571 172895 202007 308566 607459 545011 370206 629100 206443 273735 101876 192807 599631 604503 650781 610653 475477 370947 461106 721549 99916 354530 427420 335754 393425 419185 220706 14616 465470 290188 271714 462786 678271 138818 593908 301394 361958 440711 311854 594636
572572 546467 78362 325894 398136 548407 378137 787186 592297 241396 962555 900843 90270 598440 484362 464561 771348 853323 467052 824328 300847 494475 256966 143974 510266 479253 657862 371266 483754 389736 505937 991524 341580 999999999 667818 736712 285544 179229 299174 318456 232775 372031 875945 479003 427898 61028 68738 616873 640932 662351 402548 814237 350908 902099 238136 244094 750854 493644 367170 687802 319831 274203 141512 85450 892632 404950 114866 907581 390141 163183 410172 437918 629807 590207 936918 672694 755333 199439 691386 950498 294597 127980 517508 551590 165129 377394 261264 339996 204048 520920 70020 172831 938320 285026 441728 282837 702156 251734 122745 499130
528626 199354 695663 498091 820414 465360 802950 844648 577531 679876 839065 734832 577569 279841 687080 243217 403713 400071 272979 201847 499476 423186 779983 741085 574838 633380 767772 644376 616508 436483 870038 742460 347570 667818 999999999 731089 579580 764176 370071 349859 440815 905207 677356 205814 270229 613079 673992 555347 425119 258499 694598 830163 800512 242529 433067 760664 480950 910108 420057 212197 360747 410680 538882 611623 587842 880586 714716 618671 488196 621299 348855 250362 864357 892172 619268 853888 506089 619969 579440 778243 373415 700595 687763 247179 662646 741145 447381 356363 812243 481940 599244 806858 692730 476100 929607 635837 218350 787176 598771 915366
218745 817197 814042 435114 469206 280930 472136 116667 173527 944690 232774 209057 701343 451252 268092 772155 403884 495391 812408 696732 460320 343303 579219 659928 235314 258378 127657 1025218 252963 896845 409452 329382 568527 736712 731089 999999999 921631 647047 633179 666749 621716 610244 225341 734999 559871 736646 677869 180327 308795 484723 359516 100962 499144 806075 629986 573235 302279 475648 862086 542147 719486 731856 636356 768200 338105 535805 663977 325833 378011 574060 474769 739014 270001 347142 365634 213396 277890 878599 156851 246227 663099 639286 232179 866581 875128 416501 774491 555082 682097 281024 695255 717424 296226 492214 562998 459128 544487 592844 794226 476808
720338 398382 240107 487400 670621 674721 649676 995882 754928 112248 1127143 1046898 250783 638383 705521 336578 828972 885539 312564 773113 462988 608842 538562 429189 686532 682671 871153 103695 680225 161592 773512 1114747 381184 285544 579580 921631 999999999 464516 310085 292062 301106 657484 1008630 375270 440456 237983 347767 766561 735701 685002 640223 1012541 625547 820550 294019 523713 843710 770263 164019 686605 248361 210427 299458 203577 987855 686612 399040 1010051 543852 404360 482357 332120 875586 849511 1030838 907679 856647 91999 834479 1097986 282622 407851 732913 376098 144612 633522 161601 390488 488123 658100 270816 452346 1059141 429649 725606 517310 700649 534811 165174 775940
527436 678239 241840 315364 235717 523583 218320 674631 532503 415126 879561 834452 234867 629129 379555 595837 775597 869148 607684 891639 298333 486546 86173 35334 447515 393940 547291 549748 404943 557112 345609 938483 417003 179229 764176 647047 464516 999999999 402425 433723 330401 193009 820794 599119 499430 230045 119760 565631 629876 697659 288493 709533 187777 982356 340414 80955 732188 322792 530774 735419 452864 416000 236998 261926 863950 229170 66433 873035 369220 144514 448411 563779 488818 436485 907073 540691 730273 378452 639223 881017 410083 67465 415397 693444 340430 241296 417440 409375 49676 490904 208828 70815 889152 304613 263244 201187 748820 77125 300253 327964
421289 281698 336315 222970 511387 370053 491005 720824 460962 373357 825614 740964 209459 335348 459388 202140 524092 589621 225456 527466 206473 303193 433452 376094 404268 421594 605025 408870 413414 264437 590050 805081 71172 299174 370071 633179 310085 402425 999999999 39858 72246 564519 700442 197728 140928 247709 304692 466601 425632 389644 422435 729590 479186 602941 63310 413998 533773 611697 229514 403560 88401 102071 169686 253163 678151 557385 347961 700041 262061 266343 172872 166743 645219 642615 721347 661556 546564 303292 530607 791948 29980 336342 478198 307110 329544 445103 149566 81515 448526 357648 229811 439037 749439 169885 605422 321719 418086 437982 250846 617462
452709 246051 347559 262170 550246 399118 529760 756539 493825 365381 854746 767901 228212 346664 498475 165051 537078 597009 186271 517406 246151 332126 468731 405955 440036 459843 642146 387210 451179 230148 629747 827873 98748 318456 349859 666749 292062 433723 39858 999999999 104632 600197 725573 165650 148703 263232 331064 497427 447452 396148 462289 764012 517342 587246 93787 449361 553601 650828 195499 404339 52839 82015 197769 263431 697024 595117 376829 720034 299045 301060 199016 130857 684592 682450 739674 700170 567822 296868 559346 818724 24201 366891 516715 268871 328955 484656 130721 111733 478680 388926 250852 466525 772214 209655 642923 361004 418768 472715 255278 656604
419498 350682 278352 191371 450779 376168 429961 700754 453880 343599 826278 747800 145436 377470 423031 269458 560683 634078 287937 591565 169330 311723 364191 303852 387387 391847 579509 404235 386698 294428 535589 821108 110636 232775 440815 621716 301106 330401 72246 104632 999999999 495748 711891 268961 195827 186416 233209 465786 447537 437426 374762 714434 415825 670883 11865 344851 558085 552314 260236 458096 136289 121313 98073 198680 702976 492614 275758 722521 243738 196463 196277 235484 604785 594762 746917 627204 567869 273155 534724 798868 82293 264149 445955 372081 288762 389536 155764 111888 376312 357754 162763 367024 765832 133192 540000 264700 472568 368089 205198 558128
556879 846014 430235 414573 141483 575129 142543 603839 544537 603868 837865 815416 423684 723489 356870 765190 836739 937239 782239 1005602 408049 559042 131770 228342 467750 395699 490075 741325 412968 746125 222041 930659 561903 372031 905207 610244 657484 193009 564519 600197 495748 999999999 815822 761581 634981 422530 311713 583952 685245 791888 277359 647739 123737 1104929 506991 150955 772626 170809 718304 838409 627521 596008 412795 454876 886693 77752 259008 888940 447712 299465 564504 730824 387315 315261 926653 449945 764095 570793 649627 856054 577997 254076 389412 867230 530681 210882 603365 551223 176003 541061 398378 219843 887864 429123 81639 273727 850369 129679 493234 174042
303377 812178 948839 551417 674660 336047 673954 309697 288776 1053791 165739 60353 822134 419366 459985 788323 281532 340865 831244 583403 577151 400341 764583 826834 373885 430208 351603 1109059 417008 948424 628171 117689 629542 875945 677356 225341 1008630 820794 700442 725573 711891 815822 999999999 744239 589642 862065 826466 259523 282468 419703 546833 263528 697667 683925 717160 755065 196925 694280 915570 466387 776886 802419 754125 888805 134510 744985 824215 111452 487131 721215 527666 761362 495279 571619 148297 438142 173134 983989 184731 101125 729455 799234 426509 865897 992019 610597 849877 619056 861785 358215 822552 891401 72505 600054 776867 621148 462629 778157 907680 695966
516574 90384 497839 389983 700903 454165 681183 837707 563827 474105 891788 794836 389597 327301 616041 47267 507076 540143 89487 398225 381287 392785 630867 571594 530948 569398 736788 446441 556674 242167 770866 832005 210448 479003 205814 734999 375270 599119 197728 165650 268961 761581 744239 999999999 177661 420933 496185 555538 463487 350157 597104 835711 671903 448263 258723 611381 553376 798936 220290 333891 160964 210118 363413 414754 686133 751141 542456 713622 406560 464038 270135 44732 803047 812786 724861 808183 573569 414412 603074 843558 189630 532440 627287 132663 458151 629423 242957 224154 644308 456286 413587 631835 777682 348679 799669 510022 346503 635610 398112 804596
341126 265239 473115 231576 553448 280211 535292 660710 387540 512342 728230 635870 341259 197984 443915 212345 388516 449514 252656 398089 230326 216628 510330 479105 353507 395040 559209 533726 381348 359190 611280 687148 86609 427898 270229 559871 440456 499430 140928 148703 195827 634981 589642 177661 999999999 381968 420071 381845 307731 249044 435289 660200 531383 483535 192297 491103 409868 646362 326982 263486 194073 230719 288615 391395 551665 611560 455083 575814 234905 355150 93722 179364 629669 644803 593708 631986 425967 442863 434764 685984 162065 438492 452655 310321 470459 476180 279388 90946 548411 279679 357947 547643 631661 205872 660624 366457 278010 517887 391394 651799
559660 486485 92956 311145 433962 529288 413226 795342 583960 214816 957811 890632 42427 561007 494744 404889 739515 817355 406408 775071 285232 471242 300802 194949 504954 482768 666836 330994 484834 330687 538811 975986 297019 61028 613079 736646 237983 230045 247709 263232 186416 422530 862065 420933 381968 999999999 110881 605112 615531 622719 419057 819013 388230 849620 189760 285745 726315 532760 307124 644506 260802 214210 109165 35905 869844 448705 163662 886558 375140 175856 374804 379154 651782 618639 914142 690196 732780 159916 678669 940967 239868 170246 526006 490760 140471 402942 200243 297395 260359 504212 41491 232196 921875 262920 488316 295785 658974 297520 73160 538404
523952 570657 144891 283043 329738 505578 309615 723810 539846 309909 906066 848391 116638 575602 420922 487996 740112 826696 496156 818039 259721 456386 191028 85198 456210 419556 594414 437264 425533 437696 437271 943061 333885 68738 673992 677869 347767 119760 304692 331064 233209 311713 826466 496185 420071 110881 999999999 566952 603493 641884 336899 752460 282732 901829 241388 177019 711746 426097 411937 672453 343042 302547 135142 144204 851084 339244 53427 864280 345844 105488 387631 458010 561965 521521 895191 605941 714209 265030 641774 897397 306892 60455 454820 581823 233537 309224 299791 329404 154728 476148 90289 135770 890785 251261 377863 220055 686520 187048 182643 431637
46341 637026 690486 293976 447376 101648 442021 290000 41068 802490 360588 285619 566045 276790 232757 593631 279970 382134 634453 542783 319918 166829 515700 569582 119379 188274 222220 869122 171183 727031 429801 376271 398689 616873 555347 180327 766561 565631 466601 497427 465786 583952 259523 555538 381845 605112 566952 999999999 146493 319339 306857 281285 461146 653358 472547 504322 195024 491710 692662 377848 550222 567714 498354 633129 303761 520374 565654 309161 230293 461743 300642 561207 348486 404540 345141 317692 182169 733710 74833 336187 496525 540736 207707 686720 737876 373230 612821 386113 608591 109044 565028 635744 324841 345508 559404 364670 382570 529003 654166 494872
142857 535463 706937 321181 557517 110216 548187 424560 181497 790838 429064 331406 573593 147304 356096 506774 151539 253116 549553 396469 343796 147116 596590 625926 227043 303266 368558 833909 283817 666891 558508 380486 354518 640932 425119 308795 735701 629876 425632 447452 447537 685245 282468 463487 307731 615531 603493 146493 999999999 176275 412159 406123 561766 507022 450917 581957 110948 616478 634441 234267 497639 526574 506528 637535 255550 630095 614879 275260 261474 504013 253955 479124 492944 544304 299634 464152 121004 720241 154460 380502 453613 591203 338604 588295 735164 477180 574899 345610 677113 144343 579295 696359 324845 355906 673357 433590 237794 608900 650752 620285
304391 403295 715352 385151 678786 249508 665621 600743 349733 761121 580611 476615 580729 68956 500599 397230 157659 200879 439603 228768 399660 237276 684516 685138 373459 445063 540892 773471 425866 582758 700356 491962 327541 662351 258499 484723 685002 697659 389644 396148 437426 791888 419703 350157 249044 622719 641884 319339 176275 999999999 536635 580934 672670 338430 436114 667195 222867 752206 554684 58520 436641 477724 520853 635970 340573 748157 666814 369816 344201 557062 254253 378873 657123 700383 377045 634298 247700 691838 328976 520780 410958 646123 490711 457768 719057 596055 525785 325607 747184 276979 593866 756544 439943 395005 794904 521459 64726 695077 638857 756686
279846 687378 480734 207143 145399 303215 136649 389225 267944 633848 592288 553594 393254 470930 91427 616126 563469 665247 645448 760534 217543 299364 220388 304267 190538 118992 260423 741266 135702 668240 176099 663646 387209 402548 694598 359516 640223 288493 422435 462289 374762 277359 546833 597104 435289 419057 336899 306857 412159 536635 999999999 421809 154289 865888 386246 213735 495647 217810 634493 588472 506678 495808 341157 454272 610217 217973 312787 613668 206657 243422 346910 579175 235392 220425 650800 271207 486754 576128 374216 598148 446919 289213 127346 722471 558762 66476 524598 373170 322588 269768 378855 358407 617804 253036 261605 123690 598887 234050 487507 222723
319206 918127 892326 525149 510554 381782 517325 51469 272955 1030060 199289 224663 785576 550413 332638 872538 488336 573385 912574 787410 549644 443572 635502 726062 327157 336262 162581 1116235 334900 993815 432804 343065 666269 814237 830163 100962 1012541 709533 729590 764012 714434 647739 263528 835711 660200 819013 752460 281285 406123 580934 421809 999999999 546730 895628 723189 632118 386332 496898 958959 637626 816592 827031 722323 851726 392985 570674 733480 373996 471103 651069 574104 839160 273253 354200 411756 208189 360429 965450 252006 243317 759401 709357 297890 967411 958777 470920 868576 652594 740245 380836 777524 778585 324961 583064 590555 532410 639135 648858 879597 496878
433289 759474 422485 303429 48089 451735 31403 506655 422139 592267 730162 700572 377143 604781 237695 681253 713294 814056 703185 889943 301146 437885 101836 216878 344283 273148 385160 718806 289981 689973 157974 813596 465118 350908 800512 499144 625547 187777 479186 517342 415825 123737 697667 671903 531383 388230 282732 461146 561766 672670 154289 546730 999999999 991438 427606 108894 648982 144780 659202 720827 551762 527482 347835 423647 764434 80190 239087 767504 329506 229928 454310 645428 305765 249015 804847 362054 640704 546784 528019 743055 497091 222948 271784 786161 516037 88048 543685 453060 203011 417712 355133 246694 769261 327422 129255 164950 732374 112739 461385 150494
642157 428992 934691 690358 1003561 587870 988488 922601 686249 922138 848831 744244 812340 397719 837179 484052 409717 346185 510192 110578 697989 569352 986729 962624 711356 781553 875549 880610 762615 672719 1034591 711915 568468 902099 242529 806075 820550 982356 602941 587246 670883 1104929 683925 448263 483535 849620 901829 653358 507022 338430 865888 895628 991438 999999999 664449 968022 510397 1083434 659123 281454 602188 652058 767946 850536 562974 1069765 938486 594313 663613 837857 541043 492867 995331 1038450 579243 970584 536864 862498 649733 776932 610046 922018 828708 467531 904895 921274 689732 574359 1031563 614527 832554 1031071 673535 681822 1117890 831227 273704 995499 839503 1088184
426318 339751 280894 201147 462633 381805 441809 710046 461446 339922 833124 753757 149616 377177 433727 258314 561691 633638 276326 586414 179591 316829 375372 313385 396051 401907 589304 396816 396446 283379 547398 825750 108605 238136 433067 629986 294019 340414 63310 93787 11865 506991 717160 258723 192297 189760 241388 472547 450917 436114 386246 723189 427606 664449 999999999 356062 561221 564177 249079 455344 124433 110175 106388 199976 706150 504309 284928 726091 252202 207601 198416 224606 615890 606323 749994 637841 571503 269327 540895 804841 71019 273900 456306 360609 287083 401356 146034 111401 385966 364191 168278 375793 770389 143161 551642 276529 469843 379122 204258 569991
469113 695284 314059 282407 156958 472988 138543 595989 468941 484940 806009 765384 280121 598240 305145 614308 731060 827940 631334 872243 270962 443962 19522 108069 385015 325203 469586 614283 338084 600233 266711 872573 414695 244094 760664 573235 523713 80955 413998 449361 344851 150955 755065 611381 491103 285745 177019 504322 581957 667195 213735 632118 108894 968022 356062 999999999 679626 249599 571276 709560 476720 446116 262858 320378 806335 163056 130711 813374 327128 148510 427437 580071 407864 356350 848690 460061 675427 442049 576371 810835 427075 116575 341055 716282 408978 161856 455766 404776 108867 439305 256170 146807 824722 286710 204631 148829 722298 27887 358631 255061
