NAME : synthetic_000593
TYPE : CTSP-D
DIMENSION : 100
GROUPS : 8
RELAXATION_LEVEL : 1
EDGE_WEIGHT_TYPE : EXPLICIT
EDGE_WEIGHT_FORMAT : FULL_MATRIX
EDGE_WEIGHT_SECTION
999999999 560823 254445 839570 409060 287950 559095 645200 398332 596796 740656 70128 644197 244359 519688 631830 479996 690083 779609 306338 451438 906405 503735 793944 714904 194165 279759 259130 568958 448432 723582 836589 296988 666038 119725 489301 301292 775674 221352 467128 201235 338334 367351 879542 232287 745001 667509 588644 363716 256774 757176 637748 30059 556989 642110 608570 552007 380261 206552 534575 654212 242957 531788 518263 461693 531682 278363 708382 455592 687514 626493 208187 143420 587190 406647 234071 642971 519231 329062 366159 575589 183767 686879 443550 548568 443753 421955 655429 220144 572816 445644 445990 900462 130674 75183 596885 814268 904449 503272 558648
560823 999999999 306409 730659 878803 695285 266780 381490 787426 1004863 244877 542655 489979 317300 176190 79714 222896 796000 725264 822477 133944 748033 67880 572771 797457 373928 709794 740487 942208 448243 633419 465162 562417 154153 493791 71663 356855 282393 690986 219877 359588 634152 196509 620446 777704 184182 288090 996423 830878 653360 229057 406154 566048 985758 82553 761944 165014 814013 710396 35309 530338 463446 29342 854851 838101 83871 328907 913194 297549 927575 734526 764556 661426 206103 687659 356046 584806 233406 241602 692825 60789 473595 737367 769075 570981 540491 275134 454886 479760 263232 516951 573011 799652 448335 562424 728085 563957 785796 709163 248413
254445 306409 999999999 738302 601634 433945 351549 461802 536475 756098 497833 242338 504863 20981 290948 377900 263346 682405 699020 528282 202789 787614 250959 641776 696901 79603 441500 454135 706085 347847 621698 632438 334731 417692 202610 234964 174454 534489 405299 249292 53278 406247 114599 718110 474703 490574 448829 747513 552987 391453 509787 465536 260927 727766 387932 619849 316106 547434 416376 280370 529591 224886 277434 630363 595484 281483 113038 755208 272379 752712 614533 458941 363894 358437 473834 94694 547588 304601 85929 459244 323075 203443 650092 543398 481144 399760 229096 497972 227712 362243 386646 420985 806511 151402 262852 594757 652107 802799 534441 345140
839570 730659 738302 999999999 800491 1119596 464930 351319 660028 763160 600855 886682 245489 758475 884280 709077 531156 296035 83220 854400 650353 85569 757363 187662 264937 800227 1115931 771495 683936 399707 117839 394479 560107 636993 887079 725756 909763 594848 747578 541291 755795 559529 694736 219412 894762 782818 466842 758511 778035 1082240 910920 324616 867411 785176 763938 359758 565714 725077 795100 703633 211676 597712 730217 605185 653914 649725 629610 448705 480452 499363 304484 922644 981645 526726 528999 665981 197322 504975 675934 581319 674321 657068 226834 577693 293131 399234 523175 275787 619529 467466 394283 405950 70035 840539 903112 336112 220031 65368 434505 482841
409060 878803 601634 800491 999999999 621558 756810 783262 141185 202597 983238 475283 712851 602463 892254 932098 712136 536781 719697 126646 747237 884460 838667 848395 571022 574694 600048 151896 210187 540523 711617 978237 337305 934119 528785 814121 703547 1009963 197894 704559 558636 283640 688730 935345 224153 1052260 863188 195739 48650 610186 1101270 759585 429838 154950 960124 452715 801863 79471 202513 845630 697172 417855 853308 224238 156699 821059 549914 460952 649875 415628 501806 272675 458999 816440 280024 526642 644153 738053 640992 235958 870248 406674 581600 223131 543415 461750 641341 749372 399474 772303 483449 435062 838186 531297 471518 467943 882104 854214 365988 766250
287950 695285 433945 1119596 621558 999999999 784282 888741 656008 823641 920006 233087 909878 414235 581607 774694 696796 977603 1063322 496459 627291 1182253 628014 1056158 1002758 354726 27402 495116 814382 721952 1002356 1065917 584934 833527 239644 628506 341401 957810 474879 682780 392727 623217 538025 1138018 398547 867742 882712 816429 586424 42741 833455 887831 258136 776437 764908 895204 747192 620655 440284 680709 925420 522744 667050 780764 716559 699049 513405 987651 695423 962036 914361 350742 167583 791374 689163 469682 922278 738091 519558 644484 731511 463814 974566 715323 831944 728659 654866 913411 502548 795553 728360 732891 1182530 291392 217722 884511 1071818 1184861 789045 778725
559095 266780 351549 464930 756810 784282 999999999 123592 637490 837956 231016 574324 223228 372009 421530 258349 88806 548024 458880 737727 195910 488216 293561 318626 544662 429849 790159 645888 765428 233589 366807 281937 419548 209575 547468 262964 496366 254149 600442 102803 391953 478246 264630 381512 724455 358253 111147 830095 713545 742067 467159 142244 577301 830545 310696 528751 102210 681267 634954 238757 263968 359350 265287 672549 674760 184857 281458 680824 110513 704162 492196 728288 693455 75790 511256 326584 322320 48770 268004 534347 213356 401021 482355 594754 327502 331023 137268 189497 384251 15525 305174 365432 534368 494914 594720 492538 318295 521776 499855 18744
645200 381490 461802 351319 783262 888741 123592 999999999 652727 835083 271762 669662 127339 482699 543054 358008 207371 483173 357627 783679 319434 367160 414721 195213 472968 537520 892435 690904 758091 243051 265614 199127 454308 289549 649493 385055 615236 278783 649637 220581 496801 499632 384504 259652 784815 439000 125106 827820 744115 847199 562098 33585 666625 835332 412767 482819 217896 704681 689388 356649 170137 421570 383739 664685 679815 303144 376376 630035 193473 661521 437211 795358 784904 175939 516260 421183 241600 170914 382019 549990 323822 472513 409330 596168 283740 326817 234165 80354 447569 121449 302700 358479 419378 597394 689458 445815 195366 404579 479321 138940
398332 787426 536475 660028 141185 656008 637490 652727 999999999 220258 867301 468456 575627 541906 824913 833123 602503 403920 579736 213926 653640 743714 755099 708610 437496 527480 638665 164843 173565 412330 570443 844820 226356 825666 512421 727567 665786 891635 181917 596630 501891 159621 607113 795137 289641 952715 740237 211679 120653 635952 1014738 627364 425178 198489 866402 317597 692774 65694 216903 752953 558135 325865 764073 125067 63486 722261 463835 351437 534785 315126 363966 333890 488428 701856 140499 450172 503490 624058 559298 103516 771354 333073 443388 85537 403648 327198 532643 613999 313851 652788 350337 298385 699274 500866 470881 329716 742852 714610 225715 648648
596796 1004863 756098 763160 202597 823641 837956 835083 220258 999999999 1068970 665568 739759 760888 1045078 1047427 812235 470805 679972 329114 870920 848626 974440 854174 504603 743309 802423 339108 80346 605689 698307 1016499 442449 1034303 715332 946417 879276 1090426 375964 807584 719984 371188 826997 934810 426750 1166231 934613 8587 238503 811098 1232973 806290 620466 51858 1082785 404723 901989 217132 394203 970105 713544 545483 982192 171169 166907 937207 683571 345883 741100 291595 461263 475270 659837 906434 326886 670422 647001 830077 779260 312376 985994 552902 536474 243224 561158 511200 743838 784096 534063 852809 536646 477933 785171 710413 664221 433245 891603 806172 360442 850854
740656 244877 497833 600855 983238 920006 231016 271762 867301 1068970 999999999 739463 398941 514562 416632 173441 274503 753793 622189 955054 295495 592647 309586 417708 744552 575624 931506 864905 996233 464068 532312 250719 646369 90931 699609 298152 591093 38203 817643 284400 548550 707757 385253 436696 931258 190166 147449 1061111 938758 877368 327169 305247 753060 1061280 217814 746930 190259 909056 848043 246538 441486 574533 267216 903209 905633 220960 468765 896969 333533 924893 704794 928650 861262 166896 742263 509655 513303 245260 414516 764489 193491 606972 680917 825770 544597 560873 344524 350429 597626 216196 535029 595152 663305 649142 760101 710039 395208 643273 727745 218742
70128 542655 242338 886682 475283 233087 574324 669662 468456 665568 739463 999999999 680819 227493 481006 617385 490613 751512 830308 367267 445030 950212 481320 828826 775155 168765 229754 326984 638893 489947 769583 855371 357545 660029 59599 471164 248737 775743 290851 477061 190914 403992 356736 912500 285060 725930 679341 657476 430909 197454 725895 665499 45445 624926 621770 671659 554650 449490 273171 519595 694462 289670 513319 588256 531808 523774 294221 775640 476813 755995 686796 252794 121814 593803 473372 248997 689388 531241 325065 434505 564509 230849 744178 512894 598952 496099 439308 687531 269803 587080 495342 501586 949452 94445 20695 658196 846579 951914 567555 571610
644197 489979 504863 245489 712851 909878 223228 127339 575627 739759 398941 680819 999999999 525594 639295 476855 285668 358474 236122 732005 404872 283505 512977 150496 346606 572797 909749 640761 660687 199165 143754 277197 405100 413937 671566 481018 672256 404425 605176 295860 529070 434396 451541 238248 748445 564325 252429 733033 678386 870191 683891 94214 669290 745759 530745 366259 325346 633381 649163 461323 42998 404139 487456 568648 593433 407549 402126 509153 238019 543990 316992 766372 787444 291160 435338 442869 115369 260457 436265 476937 436043 461679 283046 509155 178602 252399 281647 50125 429202 228023 233512 277798 315514 621839 699162 329691 176021 306148 379390 241718
244359 317300 20981 758475 602463 414235 372009 482699 541906 760888 514562 227493 525594 999999999 290028 390471 283654 698652 718513 525322 219103 808225 259387 662733 713727 61166 422269 453627 712625 366842 641727 652621 345028 433213 185083 245642 156237 551465 405253 269593 45256 415638 129746 739087 468419 501389 468486 752310 553870 371669 515365 486513 248756 731366 398038 634794 334492 550411 413939 292698 550059 235990 288098 638543 601709 296758 131490 768552 293356 764852 630748 450720 348496 377501 484118 108378 567258 324869 105325 467471 337017 209796 667684 551927 499471 416356 250076 518918 236751 382549 403934 436702 826561 134884 247805 610345 673086 823047 547680 365347
519688 176190 290948 884280 892254 581607 421530 543054 824913 1045078 416632 481006 639295 290028 999999999 243544 354942 909987 869158 813783 236775 909626 128361 737654 916766 326943 600687 743649 991918 555123 779608 641106 612896 327503 423566 158694 245860 452974 695260 346441 334555 686169 229211 791071 750901 300391 461064 1036492 843628 542525 252628 563774 515445 1018075 209180 862837 326310 838201 703132 190254 676654 503681 163253 912055 882346 241423 368194 1008959 417914 1014912 844584 727443 587134 372936 749454 374981 721630 379356 273186 742080 236087 492474 860630 824596 688443 635397 382546 610457 511955 421704 615348 664107 954141 391037 497874 832216 732250 942652 793133 404696
631830 79714 377900 709077 932098 774694 258349 358008 833123 1047427 173441 617385 476855 390471 243544 999999999 241302 804236 712689 883070 187089 717676 147572 540302 802254 448728 788944 798398 981458 468541 620185 409706 606788 87206 570133 147662 436569 209445 749146 242951 431146 676425 264577 578495 843460 120168 247927 1039109 884840 732684 208855 386725 638751 1031506 55010 778476 160526 864266 771666 97800 519033 514315 107655 891802 880596 111168 385495 930785 317326 949519 746048 832837 737173 185829 724868 417569 580408 237934 306057 735215 61922 531275 740318 807777 580908 564700 305150 436256 532964 250420 539890 598439 776493 523439 637417 743248 526601 760346 735587 239726
479996 222896 263346 531156 712136 696796 88806 207371 602503 812235 274503 490613 285668 283654 354942 241302 999999999 573113 514284 680560 119221 562968 231260 399371 574967 342102 703278 590590 743879 228043 424723 369162 377571 223187 461179 198312 408506 305243 543175 14062 305303 443447 177213 467002 658488 356367 188732 804058 666742 654451 444339 219510 496406 799601 285747 540506 90284 639811 573741 189387 321947 300117 212518 653050 646107 140312 201869 692362 76290 709204 511772 658314 610927 109820 486957 245949 368009 41295 179281 501715 183564 333564 515456 570478 348091 323491 70808 261854 323125 98899 298843 357154 601177 408653 511172 506120 402601 591179 494297 81946
690083 796000 682405 296035 536781 977603 548024 483173 403920 470805 753793 751512 358474 698652 909987 804236 573113 999999999 214108 614891 679392 380583 797609 422584 34633 720309 967384 545959 393134 354882 257974 618073 393971 755760 771068 764340 853908 761915 536555 576864 678529 357616 686241 490360 676077 905836 606344 466755 524404 946688 1012586 449608 720097 497127 854109 87953 643865 469049 583466 762367 318406 478254 784601 322899 381656 712931 571013 159121 499577 205523 67910 713179 819664 623529 300558 591032 243284 567195 650415 353190 752663 529745 79846 318440 225022 282847 529277 408560 490609 558363 298402 262563 314406 735421 763153 93316 461791 335492 194061 566133
779609 725264 699020 83220 719697 1063322 458880 357627 579736 679972 622189 830308 236122 718513 869158 712689 514284 214108 999999999 777328 632638 168775 744830 231512 184222 755851 1058152 696309 600719 352712 92505 439576 492849 647162 835079 712236 872720 621158 674705 522800 711446 486084 667242 284490 821438 796447 480436 675304 698538 1027226 918979 326778 808180 702011 766746 276609 561089 645062 722466 695784 194944 540684 721484 522207 571802 642266 587579 369248 455003 418714 221586 851158 920115 527170 451228 620666 152071 493551 643461 504202 672031 599509 143614 496632 231388 335958 495498 277543 560923 464108 334967 337937 123710 790599 845815 253661 269063 135318 354022 477484
306338 822477 528282 854400 126646 496459 737727 783679 213926 329114 955054 367267 732005 525322 813783 883070 680560 614891 777328 999999999 695991 935443 775344 876145 647761 488376 474405 92790 332480 543146 754941 982449 330098 896433 424178 754167 607251 984998 137534 671014 480166 300716 627083 964742 98011 1002226 847835 322346 102557 486928 1037063 764211 322513 280550 904946 527446 767409 153785 112289 791262 723501 380620 795258 327760 256882 773819 497848 562820 627517 522549 569710 146349 336393 789091 326166 466548 680887 711645 580928 273181 822170 352437 647480 297737 576737 481230 610739 762181 357488 753171 498556 461370 899597 435100 360442 535218 906700 912586 428030 744352
451438 133944 202789 650353 747237 627291 195910 319434 653640 870920 295495 445030 404872 219103 236775 187089 119221 679392 632638 695991 999999999 680810 118263 514104 684061 280133 637621 611673 808435 325856 543613 456088 428478 215265 404118 85106 311727 332552 562342 109857 254466 500237 89876 576830 657444 306458 267141 862482 699614 584555 362613 335512 461276 852034 213294 638743 123426 681210 584584 99315 441033 330486 112724 721467 704157 80383 198663 788448 182033 800025 615558 648490 566668 171631 554390 230780 484863 149078 122392 558893 126735 344423 626454 635453 455569 413725 150363 379723 347768 200219 391336 445162 720368 353828 465585 606176 514114 710168 579928 181924
906405 748033 787614 85569 884460 1182253 488216 367160 743714 848626 592647 950212 283505 808225 909626 717676 562968 380583 168775 935443 680810 999999999 781435 177565 348800 853617 1179952 851150 769463 460330 184953 364583 634279 639972 946753 751165 955757 581311 825439 574394 809486 638376 733757 171911 972709 780084 470303 844011 861041 1143869 912711 346098 933505 870741 772638 445323 585054 808510 872665 723793 259027 663507 750897 690677 738872 670300 682445 531085 521237 582595 389971 999018 1049356 541943 611065 721291 265050 532283 719738 662804 689392 722846 312388 661978 366627 471895 565005 301163 686439 488069 464193 481844 91452 898628 967383 421388 197629 63778 518560 504933
503735 67880 250959 757363 838667 628014 293561 414721 755099 974440 309586 481320 512977 259387 128361 147572 231260 797609 744830 775344 118263 781435 999999999 609296 801998 313272 642877 696416 915138 444064 654428 518810 533362 218684 430635 33339 289033 347503 646936 224291 303293 606336 149938 663462 725456 245162 335286 965918 790298 586217 262724 435774 507001 952422 140733 756616 198078 777137 663056 65879 551201 429241 42370 830375 808526 113646 291505 905864 299334 916311 733819 709710 598643 245225 664166 312151 599270 252540 197741 664354 117531 431994 743980 743518 573590 530908 268612 482815 442844 293417 508933 561809 827098 386881 500723 724260 604160 815135 695459 276527
793944 572771 641776 187662 848395 1056158 318626 195213 708610 854174 417708 828826 150496 662733 737654 540302 399371 422584 231512 876145 514104 177565 609296 999999999 399856 713387 1056960 785964 773920 349580 164657 209002 552551 462447 816973 580035 803029 409138 752210 411870 670507 576160 574943 88804 896700 603599 292758 848154 816849 1015897 735444 180004 818650 866184 595233 457805 411586 769235 796973 549843 152675 554558 577072 685275 719063 496858 544685 581608 369581 625232 402178 915810 937021 366852 568458 587094 207932 365104 567098 614063 513505 611883 342892 635904 305013 394933 413293 143932 579673 316541 378760 416185 246156 766366 847490 424618 39208 225567 497399 334146
714904 797457 696901 264937 571022 1002758 544662 472968 437496 504603 744552 775155 346606 713727 916766 802254 574967 34633 184222 647761 684061 348800 801998 399856 999999999 737801 993147 577531 427252 362363 236147 599129 418058 750616 792794 768667 869556 751023 566769 579524 695411 385507 695332 464348 707451 901175 597261 500667 558072 971120 1011007 439407 744846 531463 853053 120316 642410 502770 613934 764334 305211 497916 787250 357531 416109 713944 584686 185287 502891 234582 88420 743867 846287 619647 330871 606840 231424 566580 661124 383981 752258 550942 63639 351966 228543 297437 534681 396336 511549 554258 310687 280307 280605 755779 787347 119338 438980 302191 224224 563036
194165 373928 79603 800227 574694 354726 429849 537520 527480 743309 575624 168765 572797 61166 326943 448728 342102 720309 755851 488376 280133 853617 313272 713387 737801 999999999 361936 423482 700430 403178 682705 711257 348335 493796 123985 302406 141133 612579 376890 328076 44467 414809 190547 791710 424087 557403 528289 734790 526558 312349 563236 539440 194256 710519 453394 651492 395463 528855 379249 350965 594649 245079 344596 631796 589198 357301 171180 778601 345785 770598 652572 402333 288705 438035 485372 135213 606141 383396 165532 462285 396615 205420 695360 546888 531451 441304 303532 569473 239254 440915 431937 457893 867295 74760 188697 629717 725523 865260 558544 424016
279759 709794 441500 1115931 600048 27402 790159 892435 638665 802423 931506 229754 909749 422269 600687 788944 703278 967384 1058152 474405 637621 1179952 642877 1056960 993147 361936 999999999 476558 794978 719700 999034 1072054 576038 845848 243124 642141 358350 969152 458337 689316 398208 611628 547986 1139653 376397 884046 890181 795313 565928 58179 852985 890500 250461 754766 780757 884180 756352 601531 422216 694135 924087 518317 681305 763630 698596 710690 516279 973443 698965 946675 904837 328266 151244 799769 676497 471970 918717 744543 527388 630757 744392 459066 966468 699949 826808 722744 659120 914782 497284 801784 723402 725723 1178123 295538 212823 874505 1073539 1181091 777581 785214
259130 740487 454135 771495 151896 495116 645888 690904 164843 339108 864905 326984 640761 453627 743649 798398 590590 545959 696309 92790 611673 851150 696416 785964 577531 423482 476558 999999999 320005 450634 668974 889707 237602 808329 378625 673599 551659 894307 49526 581436 409223 213141 546921 874687 130307 918112 755730 331142 104967 477898 959025 671566 281700 297974 822646 458009 678267 126233 55695 708401 633479 290504 713942 289457 222429 688299 413011 513400 535884 479400 495645 170917 327964 698544 248436 384894 593442 620790 499849 194626 737045 267281 571321 238246 489083 391177 520385 670117 268322 661359 407601 373037 819463 379489 325135 461418 815914 831129 354041 652875
568958 942208 706085 683936 210187 814382 765428 758091 173565 80346 996233 638893 660687 712625 991918 981458 743879 393134 600719 332480 808435 769463 915138 773920 427252 700430 794978 320005 999999999 532215 617986 937669 381830 964664 684711 886120 839181 1016678 348625 739968 673644 308823 769729 854465 426061 1099394 859936 74858 231934 797899 1171043 728820 594791 105845 1018706 324907 833021 193868 375553 907172 633865 488784 920555 93543 111245 872071 626344 277148 671326 224835 381324 474118 647702 835240 256928 617138 566875 759775 722476 250918 920459 502920 457126 173682 482126 436363 676662 705516 480095 780075 462042 402602 707476 674332 639964 353006 811409 727994 281317 778906
448432 448243 347847 399707 540523 721952 233589 243051 412330 605689 464068 489947 199165 366842 555123 468541 228043 354882 352712 543146 325856 460330 444064 349580 362363 403178 719700 450634 532215 999999999 281883 440268 213052 437929 487570 410962 522220 484750 411697 228876 358755 256927 333209 437368 552161 580563 329559 597957 501068 683776 672303 221373 474646 600690 513787 313814 310685 462254 453961 413580 205790 206247 434029 439141 444506 367552 235447 464978 151780 481187 290009 568211 591842 305452 280128 268045 203502 233781 300993 308945 411601 264810 308868 362893 136142 97913 175524 221090 230796 248027 72255 132340 465332 440841 507309 280533 374272 465059 268575 247877
723582 633419 621698 117839 711617 1002356 366807 265614 570443 698307 532312 769583 143754 641727 779608 620185 424723 257974 92505 754941 543613 184953 654428 164657 236147 682705 999034 668974 617986 281883 999999999 363975 449386 555026 769333 622055 793923 532931 641752 433801 638255 455844 582438 237515 788943 704602 389155 692729 684931 964788 826550 234434 751129 714038 674254 296606 468989 633968 688748 604307 103317 481149 630199 532315 572725 550662 512323 416958 368661 460831 240174 814482 866118 434686 433786 548291 80651 402470 561421 483936 579785 540546 178240 492074 181894 286943 410407 185358 503438 371776 279632 297655 184841 722705 786222 265366 203863 183178 349365 385359
836589 465162 632438 394479 978237 1065917 281937 199127 844820 1016499 250719 855371 277197 652621 641106 409706 369162 618073 439576 982449 456088 364583 518810 209002 599129 711257 1072054 889707 937669 440268 363975 999999999 652690 322863 829405 496746 767380 229228 848721 383198 673849 695159 537688 196012 983676 439903 188977 1009671 940378 1023601 577542 219051 856314 1021070 460780 639167 333545 899163 888496 453202 308008 619424 479183 845332 867275 408200 561428 775020 381004 814255 586821 993379 973504 284570 706024 606711 381581 327873 547687 743277 405025 668681 538587 783000 455567 517639 416199 232666 645368 270364 495010 547069 446601 776851 875642 603354 174450 422648 656356 287299
296988 562417 334731 560107 337305 584934 419548 454308 226356 442449 646369 357545 405100 345028 612896 606788 377571 393971 492849 330098 428478 634279 533362 552551 418058 348335 576038 237602 381830 213052 449386 652690 999999999 600665 379492 504612 488980 672706 200087 371102 312603 73398 388258 641337 344299 726360 526625 434006 294214 553066 790607 434180 326870 424724 640656 315004 467810 262771 244424 527691 401199 110210 539841 299220 275769 495987 245281 431469 312842 422286 329638 366072 431614 479786 139133 241389 370161 401473 341360 130995 545044 143982 390768 211772 267723 162722 307206 432802 109364 435051 174502 154921 615994 348381 369335 300655 580951 623292 213976 428972
666038 154153 417692 636993 934119 833527 209575 289549 825666 1034303 90931 660029 413937 433213 327503 87206 223187 755760 647162 896433 215265 639972 218684 462447 750616 493796 845848 808329 964664 437929 555026 322863 600665 999999999 617524 208227 501790 128828 759958 229755 469690 666498 303489 495444 865779 150798 170459 1026192 888185 791011 273968 320738 676460 1022564 138258 738325 132903 862589 787076 156193 456844 518654 176315 872932 868610 136495 401723 890387 293367 913449 701285 859861 781510 134022 708074 439697 523123 205153 337189 724626 103346 544722 687582 791807 536917 535811 293489 369672 540035 197919 510181 570198 702961 568092 680532 702104 446069 685418 706323 192623
119725 493791 202610 887079 528785 239644 547468 649493 512421 715332 699609 59599 671566 185083 423566 570133 461179 771068 835079 424178 404118 946753 430635 816973 792794 123985 243124 378625 684711 487570 769333 829405 379492 617524 999999999 422838 189153 736546 339384 447296 155918 433272 314491 898454 344031 675783 648984 707112 483346 198933 670400 648208 101987 676252 571367 694302 518642 498374 326276 472657 688680 297488 464485 629120 575903 481043 273774 806087 456061 789779 704950 312378 168054 560263 504090 230102 690107 502358 288123 469379 519518 241971 757740 550494 604863 505408 416006 673974 281497 559343 501605 514797 951732 52557 74470 678045 832240 952447 592876 543018
489301 71663 234964 725756 814121 628506 262964 385055 727567 946417 298152 471164 481018 245642 158694 147662 198312 764340 712236 754167 85106 751165 33339 580035 768667 302406 642141 673599 886120 410962 622055 496746 504612 208227 422838 999999999 293698 336343 624074 191104 288078 577317 127089 636172 707381 255779 310883 937917 765918 586281 287711 405186 494387 925330 153054 723741 170280 751235 641933 52428 518898 401975 42489 800644 780167 88609 265049 873217 265997 884131 700633 693500 590245 218590 634090 288708 566282 220781 173751 635573 104881 407718 710645 714007 540269 498335 235464 451764 416606 263607 476181 529450 795574 376907 490995 691258 576012 783967 663531 246350
301292 356855 174454 909763 703547 341401 496366 615236 665786 879276 591093 248737 672256 156237 245860 436569 408506 853908 872720 607251 311727 955757 289033 803029 869556 141133 358350 551659 839181 522220 793923 767380 488980 501790 189153 293698 999999999 629287 507470 394951 177536 555927 231777 874705 531672 526375 578620 870818 656269 300610 498186 623790 289298 844440 423853 788142 435102 663199 503193 346049 699530 383835 329557 772282 728083 372642 287406 918198 435228 911246 786001 501411 344496 483271 626417 262883 720984 447608 236410 603206 398487 346508 823904 687744 655539 572119 391277 660575 379684 504134 560098 591532 978500 172668 262650 764782 809605 973793 697663 485909
775674 282393 534489 594848 1009963 957810 254149 278783 891635 1090426 38203 775743 404425 551465 452974 209445 305243 761915 621158 984998 332552 581311 347503 409138 751023 612579 969152 894307 1016678 484750 532931 229228 672706 128828 736546 336343 629287 999999999 847481 315864 584853 732380 422398 420615 963411 211971 159025 1082672 966047 915155 349929 312324 788601 1084221 251289 759329 223994 934988 878882 284681 446241 604393 305137 923375 928247 258831 502228 908051 360268 937827 715351 961818 897557 195941 764294 543778 519653 273539 450684 788457 231646 638665 687439 847473 557759 580450 374321 354891 627936 238854 554697 614486 655292 685870 796403 722332 383786 634176 745154 243744
221352 690986 405299 747578 197894 474879 600442 649637 181917 375964 817643 290851 605176 405253 695260 749146 543175 536555 674705 137534 562342 825439 646936 752210 566769 376890 458337 49526 348625 411697 641752 848721 200087 759958 339384 624074 507470 847481 999999999 533760 361106 188641 497410 841015 147273 868797 710743 367731 149668 454090 909567 631491 246355 337931 773164 449102 630356 159021 47855 658944 600343 243135 664421 306080 244047 639173 363693 518705 490140 489096 482194 177814 307453 651587 236009 335369 564513 574111 450324 183793 687856 217920 555266 242948 460372 359100 473254 632369 220276 615865 373526 344176 798341 336247 291356 448576 780977 808604 342628 606897
467128 219877 249292 541291 704559 682780 102803 220581 596630 807584 284400 477061 295860 269593 346441 242951 14062 576864 522800 671014 109857 574394 224291 411870 579524 328076 689316 581436 739968 228876 433801 383198 371102 229755 447296 191104 394951 315864 533760 999999999 291402 437960 163927 480232 647562 359519 202303 799365 658872 640426 443704 231896 483258 794131 285603 542249 97340 632836 563647 185697 331366 290949 207800 649592 641189 138704 189279 693778 77672 709570 514811 646761 597511 121300 483073 233058 375481 55324 165239 496427 183854 322819 520574 566399 351927 323067 63988 273457 313529 112958 298797 356400 611326 394780 497637 508239 415660 601742 493421 95946
201235 359588 53278 755795 558636 392727 391953 496801 501891 719984 548550 190914 529070 45256 334555 431146 305303 678529 711446 480166 254466 809486 303293 670507 695411 44467 398208 409223 673644 358755 638255 673849 312603 469690 155918 288078 177536 584853 361106 291402 999999999 381272 167399 749562 423400 543767 493089 711420 510102 350799 560400 497648 207809 689403 440958 611132 364417 508082 368908 333643 550484 206336 330562 601767 562492 333800 127082 740734 304167 734511 610699 406424 312720 404938 450981 90909 561677 346513 134226 431134 376026 172589 652158 515811 487462 398448 262641 526664 203274 403622 388466 415971 822833 103465 211559 588512 683331 820844 520139 387182
338334 634152 406247 559529 283640 623217 478246 499632 159621 371188 707757 403992 434396 415638 686169 676425 443447 357616 486084 300716 500237 638376 606336 576160 385507 414809 611628 213141 308823 256927 455844 695159 73398 666498 433272 577317 555927 732380 188641 437960 381272 999999999 461626 664571 335445 795517 582110 362822 245358 594503 862707 476267 368310 356185 711654 272823 533658 205386 236441 599263 423498 182866 612042 225889 204282 566055 318677 372833 375176 358205 298558 365714 462678 542235 71339 313726 380520 464460 414758 58815 614900 209443 368622 138430 276222 182068 373998 468096 178887 493595 201711 160657 609705 407450 413100 266181 607572 620145 165953 489165
367351 196509 114599 694736 688730 538025 264630 384504 607113 826997 385253 356736 451541 129746 229211 264577 177213 686241 667242 627083 89876 733757 149938 574943 695332 190547 547986 546921 769729 333209 582438 537688 388258 303489 314491 127089 231777 422398 497410 163927 167399 461626 999999999 644156 581229 379621 349886 818447 640362 495285 412609 394995 375181 803749 279001 635366 209756 627578 514846 167850 483066 281577 168533 687079 661844 167080 143516 780271 214285 785705 619822 568824 478069 255739 522588 162277 515805 215863 47984 518857 208636 282058 641871 599758 468924 407983 172041 434475 293823 272394 389040 435777 764507 264629 377177 605679 579546 757091 563930 254203
879542 620446 718110 219412 935345 1138018 381512 259652 795137 934810 436696 912500 238248 739087 791071 578495 467002 490360 284490 964742 576830 171911 663462 88804 464348 791710 1139653 874687 854465 437368 237515 196012 641337 495444 898454 636172 874705 420615 841015 480232 749562 664571 644156 999999999 985451 626679 332842 929049 904490 1097312 762573 252574 903742 948769 632505 534121 465904 856348 885755 601076 241251 641490 628281 767306 803632 549847 625058 649042 446063 695444 477655 1004317 1022302 418244 655321 668354 292282 429795 640470 701657 559908 698307 412090 721037 392049 483587 489025 224976 666791 376634 467559 504359 259360 847281 931453 502582 66252 233356 580947 394908
232287 777704 474703 894762 224153 398547 724455 784815 289641 426750 931258 285060 748445 468419 750901 843460 658488 676077 821438 98011 657444 972709 725456 896700 707451 424087 376397 130307 426061 552161 788943 983676 344299 865779 344031 707381 531672 963411 147273 647562 423400 335445 581229 985451 999999999 960550 835593 419853 194132 389872 983781 768953 242490 378503 860115 588142 741271 238230 100317 748526 745496 366097 749441 411175 341301 737189 464116 640838 614215 604406 624827 48552 240177 768285 377424 427027 711454 693061 537562 323792 784127 324983 699600 367370 607431 505352 591239 773229 340638 739558 518721 491313 944987 362904 275215 590747 924464 955588 483599 728711
745001 184182 490574 782818 1052260 867742 358253 439000 952715 1166231 190166 725930 564325 501389 300391 120168 356367 905836 796447 1002226 306458 780084 245162 603599 901175 557403 884046 918112 1099394 580563 704602 439903 726360 150798 675783 255779 526375 211971 868797 359519 543767 795517 379621 626679 960550 999999999 316708 1157949 1004982 826663 137957 470748 750092 1151003 104447 886025 269894 984363 890579 212024 607282 634482 213301 1009105 999512 231299 505107 1038330 431222 1059684 850438 948339 843765 282503 842547 536058 673919 347004 423133 854257 182061 650879 838228 925765 685605 677823 422747 519326 653079 347487 652576 711932 847383 631502 745506 850116 583365 828578 848905 340571
667509 288090 448829 466842 863188 882712 111147 125106 740237 934613 147449 679341 252429 468486 461064 247927 188732 606344 480436 847835 267141 470303 335286 292758 597261 528289 890181 755730 859936 329559 389155 188977 526625 170459 648984 310883 578620 159025 710743 202303 493089 582110 349886 332842 835593 316708 999999999 926981 820823 840155 444378 158333 684671 930241 302725 600801 144693 786635 745793 270923 295241 470309 297814 766475 774061 222445 389175 750195 221489 779148 557770 839301 799610 95596 609685 433854 366178 148447 363161 636737 227375 512080 533637 692266 398918 423616 247117 204905 495305 96182 398032 457349 532532 596553 699903 563835 278857 514984 586643 108934
588644 996423 747513 758511 195739 816429 830095 827820 211679 8587 1061111 657476 733033 752310 1036492 1039109 804058 466755 675304 322346 862482 844011 965918 848154 500667 734790 795313 331142 74858 597957 692729 1009671 434006 1026192 707112 937917 870818 1082672 367731 799365 711420 362822 818447 929049 419853 1157949 926981 999999999 230934 803662 1224505 799125 612400 47649 1074390 399708 893843 208841 386309 961675 707078 536941 973724 164386 158543 928860 675026 343823 733023 289785 456162 468390 652412 898448 318945 661840 640843 822028 770706 304007 977661 544315 531747 235341 554441 503651 735602 777207 525491 844966 529061 470461 781159 702032 656223 427839 885500 801984 353815 842938
363716 830878 552987 778035 48650 586424 713545 744115 120653 238503 938758 430909 678386 553870 843628 884840 666742 524404 698538 102557 699614 861041 790298 816849 558072 526558 565928 104967 231934 501068 684931 940378 294214 888185 483346 765918 656269 966047 149668 658872 510102 245358 640362 904490 194132 1004982 820823 230934 999999999 572834 1052942 721391 385503 194628 912334 438242 756211 55430 157767 797833 664783 370878 805247 226250 155447 773886 501972 462583 605784 420969 484308 242274 421627 771874 251157 478213 614935 693498 592667 202834 823036 358332 563531 206170 512609 426195 595936 713255 351952 729061 446829 401316 818881 484301 428093 449973 849663 833673 344880 722505
256774 653360 391453 1082240 610186 42741 742067 847199 635952 811098 877368 197454 870191 371669 542525 732684 654451 946688 1027226 486928 584555 1143869 586217 1015897 971120 312349 58179 477898 797899 683776 964788 1023601 553066 791011 198933 586281 300610 915155 454090 640426 350799 594503 495285 1097312 389872 826663 840155 803662 572834 999999999 794808 846711 226718 765067 723578 865337 704469 604063 422435 638432 886479 486579 625029 760060 697480 656417 472390 961969 654003 938130 882702 343337 151268 748706 661732 428998 884939 695745 476994 618648 689102 428083 941308 691819 795972 693495 613191 872897 467182 753249 692335 698928 1145741 250157 183860 853436 1031085 1147562 759861 736364
757176 229057 509787 910920 1101270 833455 467159 562098 1014738 1232973 327169 725895 683891 515365 252628 208855 444339 1012586 918979 1037063 362613 912711 262724 735444 1011007 563236 852985 959025 1171043 672303 826550 577542 790607 273968 670400 287711 498186 349929 909567 443704 560400 862707 412609 762573 983781 137957 444378 1224505 1052942 794808 999999999 592235 756784 1212748 158865 984536 368755 1038934 924831 264284 726398 689495 250781 1083895 1066377 305124 552756 1136580 520534 1153268 953665 965057 836460 393871 916713 574865 788972 445525 460279 921284 261068 694611 949152 998037 788687 766638 502292 641611 704315 458905 742494 799707 976909 633062 743873 949766 717143 959183 936426 448560
637748 406154 465536 324616 759585 887831 142244 33585 627364 806290 305247 665499 94214 486513 563774 386725 219510 449608 326778 764211 335512 346098 435774 180004 439407 539440 890500 671566 728820 221373 234434 219051 434180 320738 648208 405186 623790 312324 631491 231896 497648 476267 394995 252574 768953 470748 158333 799125 721391 846711 592235 999999999 660207 807687 441197 450065 241374 680661 672358 379806 137158 408662 406640 635560 652603 325967 374434 596816 193657 628740 403990 781309 778808 202455 489738 418529 208066 186530 388504 525184 349757 461654 375768 568664 252025 300440 236455 49532 434644 143244 277040 331210 393499 596558 684976 413083 186630 380039 449144 159384
30059 566048 260927 867411 429838 258136 577301 666625 425178 620466 753060 45445 669290 248756 515445 638751 496406 720097 808180 322513 461276 933505 507001 818650 744846 194256 250461 281700 594791 474646 751129 856314 326870 676460 101987 494387 289298 788601 246355 483258 207809 368310 375181 903742 242490 750092 684671 612400 385503 226718 756784 660207 999999999 579597 646528 638629 565613 404673 227751 541101 680297 270057 536827 546017 488387 541116 295863 738024 475649 716724 656430 213123 118678 602346 436459 250883 670574 536227 339369 395518 583817 210676 716513 472263 576981 472487 440604 679229 247899 590707 473836 475303 928721 124445 46055 626887 838245 932386 533316 576056
556989 985758 727766 785176 154950 776437 830545 835332 198489 51858 1061280 624926 745759 731366 1018075 1031506 799601 497127 702011 280550 852034 870741 952422 866184 531463 710519 754766 297974 105845 600690 714038 1021070 424724 1022564 676252 925330 844440 1084221 337931 794131 689403 356185 803749 948769 378503 1151003 930241 47649 194628 765067 1212748 807687 579597 999999999 1064872 425419 889776 181665 352114 951349 722005 523361 962205 181726 156188 920699 660925 382437 730428 329403 481101 426899 613843 896988 320615 644817 658286 819718 755810 297943 969767 525749 558490 239171 567755 509002 730158 788416 509934 845645 533870 476855 811037 674019 622568 451113 902879 830974 369020 842590
642110 82553 387932 763938 960124 764908 310696 412767 866402 1082785 217814 621770 530745 398038 209180 55010 285747 854109 766746 904946 213294 772638 140733 595233 853053 453394 780757 822646 1018706 513787 674254 460780 640656 138258 571367 153054 423853 251289 773164 285603 440958 711654 279001 632505 860115 104447 302725 1074390 912334 723578 158865 441197 646528 1064872 999999999 825707 210675 894499 792895 114501 572729 543775 110730 930244 915892 147732 410478 977792 362013 994915 794885 846552 739368 239588 763005 438450 633016 286920 324128 770444 102258 555579 791517 845193 629974 608667 345477 490725 560772 303525 584313 641972 831437 527327 641274 790905 581221 815344 778921 291977
608570 761944 619849 359758 452715 895204 528751 482819 317597 404723 746930 671659 366259 634794 862837 778476 540506 87953 276609 527446 638743 445323 756616 457805 120316 651492 884180 458009 324907 313814 296606 639167 315004 738325 694302 723741 788142 759329 449102 542249 611132 272823 635366 534121 588142 886025 600801 399708 438242 865337 984536 450065 638629 425419 825707 999999999 618402 383048 495849 727361 331429 406863 747793 245959 299529 680661 511133 152374 464699 178704 56752 625434 735500 604392 213266 526437 257745 540735 596251 265514 723470 454965 133242 232073 202491 227476 488830 415502 416611 540786 247947 200461 388687 661161 682429 37018 496440 407079 107400 545881
