NAME : synthetic_000363
TYPE : CTSP-D
DIMENSION : 100
GROUPS : 8
RELAXATION_LEVEL : 1
EDGE_WEIGHT_TYPE : EXPLICIT
EDGE_WEIGHT_FORMAT : FULL_MATRIX
EDGE_WEIGHT_SECTION
999999999 100792 150083 157003 254376 988240 333384 93222 189708 961927 681035 117892 551049 569584 286063 380753 595787 842643 748944 989700 121177 114594 594771 707982 375060 710722 413270 330977 78970 734204 817680 910828 821713 671553 613414 136022 245977 788256 677218 889910 808294 800950 515626 855242 732422 623945 289945 265275 500455 508273 577786 996643 486601 911935 1113694 283448 785202 516210 454395 687625 159146 468396 446720 167884 506393 870421 753982 359409 784877 774521 600737 608118 280453 221192 19401 428192 534631 385630 810519 222396 645313 58753 833938 225790 392447 140474 211543 887899 756263 717354 627132 421511 995185 683963 368905 538013 690054 331403 476499 571823
100792 999999999 62091 78573 158739 996965 233151 192514 131632 988903 622682 77029 616315 655608 185478 478007 675187 833800 781808 1015450 215971 23603 511811 682751 370878 636345 383939 235489 179733 698656 749675 925151 789099 709936 633363 213741 156741 780992 650688 906789 841341 807796 561579 824820 688835 584575 218293 316442 546058 495829 659035 1007412 460037 886646 1131852 226073 725718 524187 431949 735150 90218 533336 525637 268060 595265 807717 768235 271380 751679 793828 642055 613596 362994 320370 113223 381451 599217 409023 762631 290785 583608 55028 770809 128553 376223 97489 118510 837887 721607 664238 713237 509678 1017597 755089 291466 630511 749351 276694 572155 581845
150083 62091 999999999 21361 150060 958841 189776 243204 170219 960531 561894 61352 616051 673133 154879 511260 686095 788181 758067 986268 251324 72472 450682 631205 332766 574285 333585 181065 225993 643430 687689 890177 734524 690165 603505 235526 160869 736323 598826 873247 817300 769627 548415 770868 631235 528615 237613 313435 532904 451206 671802 970270 409723 834300 1098096 256261 664621 489246 383760 721040 38388 533951 537733 310042 616361 746145 734116 211402 697032 762247 624831 576249 381466 359065 157188 324591 598640 385084 703753 300895 522355 92516 709211 78313 331948 149021 121651 778403 666586 604374 730430 530894 986548 758178 229398 655647 743321 218642 602089 547205
157003 78573 21361 999999999 166778 937700 193716 249160 191561 940362 544109 52981 601749 663888 165196 507971 674784 766824 738643 965991 250496 91986 439152 610179 311811 560030 312375 178082 230052 623031 671950 869288 713993 671459 583275 229966 179753 714962 577832 852498 797802 748504 531168 750218 611548 508380 257885 299410 515685 429851 661072 949195 388533 813398 1077293 277368 647169 468482 362441 703399 17544 520039 527076 311339 608397 729362 713340 202409 676511 741736 606660 555227 373430 358628 161676 304554 584288 366024 684637 290753 505106 98281 692476 82307 310612 169372 141045 759628 646143 585831 720988 523179 966046 744565 215447 648997 727432 198985 597293 526442
254376 158739 150060 166778 999999999 1088000 126142 339133 120294 1101152 620271 209633 765391 813747 62422 634959 831193 905042 902820 1126073 373627 140334 456936 735024 468634 597839 448723 168754 331956 734164 721750 1023974 826355 837286 744302 371903 32629 855649 702256 1008856 961693 899789 697937 864570 711139 618855 112980 462841 682450 574776 815779 1100808 522116 932869 1232643 150942 716712 626030 502002 870140 183597 683003 681953 421634 753904 789443 869764 229102 789152 900513 773134 709174 520983 475494 269553 419194 748030 531521 774608 445535 576349 213600 752754 110824 459311 149233 43759 843710 757736 670177 871340 668290 1124495 906758 278159 789175 893378 316587 730026 683696
988240 996965 958841 937700 1088000 999999999 1026378 1012066 1126523 181876 651257 919936 617850 799404 1052549 935169 727214 221767 311985 171332 935762 1018787 865002 409321 626629 790766 641892 965698 985694 465108 739077 91824 414268 392809 380395 882329 1110134 250984 435534 121824 279425 189267 534727 388136 525411 539801 1192940 743369 544443 513661 747117 22403 573688 333304 164078 1215067 653060 473593 588088 439528 920453 651078 747372 972999 831285 692588 236793 910729 429496 228760 455147 383368 824586 957357 972154 688452 619625 604279 547184 807613 683315 965246 691599 977247 629155 1093662 1074801 567212 450354 603429 804153 828200 138077 638295 849560 880245 528767 777392 920338 416801
333384 233151 189776 193716 126142 1026378 999999999 425663 243893 1058933 509661 246692 778702 854812 63989 700897 861542 830667 872933 1081914 440968 224867 332574 651096 431758 475510 386319 61382 411861 640074 601031 969913 731572 816100 707241 423658 158384 784649 618690 957960 930071 841736 691852 770610 610354 526984 228093 481295 676859 515542 849248 1041025 452751 841711 1177983 271537 602006 584147 439808 858255 203690 699327 715838 498370 800951 670939 820711 122482 695120 855740 758039 658704 566238 548440 343691 339807 761161 514933 667759 481592 464611 279609 634617 111838 410549 263475 157473 733356 663525 562272 911516 716032 1076681 923525 181726 842436 895004 251241 790939 639708
93222 192514 243204 249160 339133 1012066 425663 999999999 254526 969052 757727 205764 522994 512223 376119 305048 547938 882856 752861 997753 79655 203138 684264 762461 422175 795964 476375 424178 28255 795765 899147 930337 880370 671210 632273 129742 326111 827799 733042 907298 811180 828405 511105 912023 799461 689367 355606 269868 496809 556882 527560 1018567 545875 964435 1127947 338981 861896 548224 511693 677327 249708 443166 402985 88957 445379 948622 775492 451345 844285 791097 598845 639954 239216 144073 87995 501418 507848 409221 879777 210456 724189 151131 912548 318931 447516 205470 295451 958068 816978 790620 568864 363571 1006374 645932 457520 470104 666441 411118 403104 600575
189708 131632 170219 191561 120294 1126523 243893 254526 999999999 1120533 713879 207835 737438 758190 180154 559419 785494 958358 913183 1147059 308592 108637 568458 800306 499902 705423 503529 276852 255941 809414 826396 1055818 901079 840615 764868 324394 92212 906375 767794 1037813 972733 937262 690425 938016 793431 693995 101515 442401 674951 621138 767411 1137378 579574 1002714 1262882 96182 813868 654626 553965 863931 208026 654439 636397 342859 693846 890775 899071 331364 863576 925178 772128 743285 470156 398144 208646 489891 720692 540611 862499 408548 671712 176089 853819 186640 501680 49901 87719 934892 832765 760327 815608 609626 1149062 872582 370428 722511 873844 383427 657219 712427
961927 988903 960531 940362 1101152 181876 1058933 969052 1120533 999999999 758043 913202 509052 673378 1074788 840674 598399 350719 216903 29913 889838 1011989 951195 510584 632951 900107 675343 1000825 944941 580297 868554 134297 551200 301586 357124 841465 1119060 354561 529027 123232 161082 248107 461573 533090 642425 628294 1198143 701008 474731 548179 621020 164030 619408 491618 174892 1213834 780171 476251 623573 321531 922820 560865 648888 916229 715970 832563 241711 952430 557153 203377 373710 401600 756222 891172 944110 735498 515296 580325 681455 758758 782627 949400 825769 992776 648626 1081966 1081185 715107 570994 717911 668217 729096 55702 495748 892991 758962 393117 808195 809433 419563
681035 622682 561894 544109 620271 651257 509661 757727 713879 758043 999999999 565655 760315 924796 562883 895237 889047 429510 655710 770289 716302 634038 230591 247736 395982 142065 302185 453983 731117 186613 158584 632719 258549 649328 506992 664498 651714 407397 229986 635749 693625 510000 625177 296595 129773 143454 732020 596514 617614 317262 891334 671583 263812 371643 815335 771075 104230 418787 296326 719242 533745 715736 791919 780642 904674 191686 533369 391767 230372 578862 633090 417930 729037 804565 676158 257414 746912 491947 160834 650564 45708 628004 156737 527304 351045 707341 631821 223819 203877 57194 967294 842088 750972 885397 344052 961160 802402 349894 948244 436762
117892 77029 61352 52981 209633 919936 246692 205764 207835 913202 565655 999999999 555762 612171 215889 455224 624743 757986 707472 939550 199229 99261 478514 610220 293958 592839 311571 229183 184089 629656 700232 848249 719157 637157 557145 176985 217045 704917 578470 830039 766933 730772 492010 754164 623332 516876 288335 253215 476471 420039 610479 930392 387230 814452 1055109 300692 669629 447209 357911 665239 46278 473429 476411 261542 556005 754053 691388 247695 681887 717350 570411 536568 321020 307313 117943 316470 538398 334159 699455 239615 528937 62349 717436 135145 300624 174108 177252 775981 652307 603881 669403 470676 941282 697410 251904 596190 684548 215828 544317 504904
551049 616315 616051 601749 765391 617850 778702 522994 737438 509052 760315 555762 999999999 191329 765313 333129 133583 596844 306991 538903 446145 639288 843470 597385 400310 875030 498186 736836 505621 669772 916571 526037 713121 225365 303872 415127 770904 550387 586292 496355 351488 482252 136720 725071 712742 623970 833266 302622 142813 443065 143794 614807 502812 738794 683141 833055 840240 344607 476847 187522 586612 83059 142348 449636 213540 924720 410316 715480 690630 396800 173256 382095 284794 411118 531649 572373 17544 291921 791391 329059 755244 564023 898942 678234 444902 689960 731296 861800 679360 755534 216850 220791 558537 145356 673677 264452 144744 575700 303253 345447
569584 655608 673133 663888 813747 799404 854812 512223 758190 673378 924796 612171 191329 999999999 827993 232994 75404 788173 487594 702512 449601 676059 978255 781344 540729 1028765 641656 823622 504254 851071 1083031 707847 899735 411274 494147 441906 811585 741533 767711 677609 524348 672524 319676 913437 890033 794762 859227 381905 321331 611170 52551 794373 661668 929407 848050 848565 1011263 520763 631375 360192 651913 209797 143230 425003 70065 1098010 600370 815477 875545 584174 364376 568925 292771 372878 551430 711565 196894 435525 970871 373360 914215 600582 1070100 745706 587557 708349 774077 1043580 862290 926300 57645 148880 726233 190997 784172 87946 280591 691061 155741 530087
286063 185478 154879 165196 62422 1052549 63989 376119 180154 1074788 562883 215889 765313 827993 999999999 661841 839961 863501 881944 1098829 399898 172999 394729 688919 442435 536232 410737 109086 365026 683691 660712 991931 775735 820422 719559 389525 94929 815535 656229 978264 940118 865669 687955 814355 657825 569056 169484 463734 672645 539051 826108 1066223 481588 883948 1200601 210874 657855 598537 464517 857885 179165 684141 692070 453534 771106 729213 839751 171158 738797 872575 759025 678037 536286 505568 298575 373649 747803 515498 718896 455434 518467 236782 692641 87618 427540 202248 94730 786647 707253 613917 885265 685584 1095527 908815 224364 809734 887833 275669 754489 655474
380753 478007 511260 507971 634959 935169 700897 305048 559419 840674 895237 455224 333129 232994 661841 999999999 291307 870946 631847 870582 262110 494711 892622 811910 500888 973137 593415 683015 305171 868813 1051575 844451 936050 546365 575946 279512 626266 818069 790203 816115 681147 777188 402369 958425 893650 786508 660633 298793 394678 611623 266408 934972 638389 991377 1013726 643064 993179 550057 603173 519796 500401 284284 191792 216603 163206 1082742 709522 690904 905394 707236 480221 625418 166447 161346 365479 649560 325556 421169 977698 251006 873736 425120 1050264 589085 544488 510051 592291 1055523 885132 911078 283628 112524 888641 407434 674980 170509 468648 595981 98459 582085
595787 675187 686095 674784 831193 727214 861542 547938 785494 598399 889047 624743 133583 75404 839961 291307 999999999 725350 416045 627451 479173 696785 959136 730955 516514 999620 616723 825750 536566 803129 1046215 635919 846539 342546 436109 462822 831928 680521 719629 605563 450749 606293 269492 858016 845394 754698 885315 380978 274115 572395 25563 721588 628596 869949 772969 878351 971308 476384 600571 287691 661442 178140 149607 463872 132305 1056514 534025 811912 824205 515313 301627 515604 315345 415143 576927 689197 144002 408451 924521 385744 881808 620564 1030102 755204 562652 736103 793368 995261 812887 886435 83702 190374 651488 118560 775788 162913 205392 679879 225759 478998
842643 833800 788181 766824 905042 221767 830667 882856 958358 350719 429510 757986 596844 788173 863501 870946 725350 999999999 341797 356093 812661 853886 645603 190679 467865 569107 457161 769323 855027 243376 522387 216944 200770 389738 298571 756131 930033 55193 219515 229668 348461 132238 478245 183199 304003 323007 1014324 626992 482127 337983 739561 242308 382927 156219 385836 1041252 435001 337446 405020 458700 750363 601373 700030 860461 801901 482385 198728 711110 210341 233119 424130 249581 733167 856434 828842 491068 592263 479673 332399 694325 462133 810256 477305 794757 457579 931246 897406 364796 229203 381930 808509 776078 331450 665933 650068 857007 557615 588802 879644 292610
748944 781808 758067 738643 902820 311985 872933 752861 913183 216903 655710 707472 306991 487594 881944 631847 416045 341797 999999999 246190 673493 805191 815048 426634 441218 793456 501745 817669 729098 505051 791660 220296 511626 86045 169325 625948 918359 311735 432414 190164 59569 210312 244748 509026 562994 513717 994967 485980 257829 385046 435422 308004 460344 497460 384233 1007754 704604 292917 454942 128964 721203 348629 441107 699329 519935 774385 145030 775195 502612 109515 157144 244601 539799 674769 730780 570310 310065 373391 624057 542434 669377 739724 758429 797179 465456 872757 879613 678209 504508 628587 494597 522080 259271 334975 718701 568316 224114 626839 610193 243926
989700 1015450 986268 965991 1126073 171332 1081914 997753 1147059 29913 770289 939550 538903 702512 1098829 870582 627451 356093 246190 999999999 918616 1038466 967225 522555 657565 912279 697372 1023448 973512 590338 876824 139602 556846 331156 382779 869945 1144374 364387 542369 134889 190849 261800 490931 536861 652435 642980 1223849 729390 503985 569513 650201 151497 639807 491816 145544 1240074 788715 500470 645172 351380 948447 590735 678796 945481 745544 838467 262350 974251 564729 226332 403163 423611 785756 920718 971971 756183 545192 607265 688220 787546 796197 976467 832953 1017343 672028 1108877 1106677 718841 579988 728672 696680 758990 34464 523895 914501 788269 422093 830901 839098 443355
121177 215971 251324 250496 373627 935762 440968 79655 308592 889838 716302 199229 446145 449601 399898 262110 479173 812661 673493 918616 999999999 233305 666054 700762 359494 767239 424392 428268 59476 739043 863392 853102 820983 591636 555508 57115 366820 757484 672445 829646 731711 753476 431466 851156 747410 636665 409727 192447 417200 493092 460133 941778 489605 900550 1049539 399676 819778 476159 454399 597869 245473 365398 331546 65961 385588 907981 699001 444703 785630 713449 519243 567234 165273 108145 104344 458946 430635 335318 829365 131081 685886 163116 872633 329616 389702 258748 331498 908180 759467 744921 507018 301070 927599 572685 440125 416881 588820 378916 356405 526925
114594 23603 72472 91986 140334 1018787 224867 203138 108637 1011989 634038 99261 639288 676059 172999 494711 696785 853886 805191 1038466 233305 999999999 515293 700749 392378 642824 402218 233277 193092 714861 758011 947468 805685 733474 656232 234560 135551 801324 668541 929300 864716 829567 585176 841741 703481 600316 194841 339819 569656 516029 680347 1029406 478407 904349 1154370 202604 736542 546364 451040 758748 106041 556278 547189 282428 615036 817515 790635 273820 768218 816557 665642 635439 383745 335732 129245 396540 622224 432280 776212 313065 594173 76258 780549 126541 396384 78026 98489 850867 737933 676805 733703 529547 1040426 777673 298550 649279 772690 290880 589696 604101
594771 511811 450682 439152 456936 865002 332574 684264 568458 951195 230591 478514 843470 978255 394729 892622 959136 645603 815048 967225 666054 515293 999999999 455737 443518 146401 345648 291611 661839 409513 274292 834581 488211 788161 650150 625263 489551 614947 429990 832761 861935 705905 719977 526710 358257 326189 560112 606676 708547 433808 955316 884103 359500 601829 1028214 604074 295745 536544 375201 850470 435627 781092 836155 731744 942651 349237 713884 241645 458049 757580 753522 570733 730633 769128 596436 271100 827514 552134 386517 642407 188739 536273 314894 390980 398574 576355 480908 435833 429462 287510 1028507 867224 951970 982823 226976 994947 918663 296727 964505 574401
707982 682751 631205 610179 735024 409321 651096 762461 800306 510584 247736 610220 597385 781344 688919 811910 730955 190679 426634 522555 700762 700749 455737 999999999 341311 389734 298859 589811 734207 78652 366986 385178 124226 438475 303932 643786 762105 160643 32769 388071 457048 262815 462392 150626 137099 132514 846655 532768 460017 208463 739213 428642 222991 204314 572814 877253 278970 265435 253674 511553 594915 575404 667169 756704 778208 348271 292938 529612 94774 338369 441840 216807 656246 763857 696816 315879 587670 392317 200567 598365 275501 667607 331849 626753 316001 778772 732241 265333 82663 208497 813898 733434 503456 701010 469386 835619 604360 419724 841536 251984
375060 370878 332766 311811 468634 626629 431758 422175 499902 632951 395982 293958 400310 540729 442435 500888 516514 467865 441218 657565 359494 392378 443518 341311 999999999 488821 100927 377277 393941 382055 553819 557510 461787 386358 277126 302583 487834 413781 313020 541103 498647 437364 282512 491662 397507 287925 568910 203965 269602 134743 514000 637684 138286 542302 765674 588971 492417 157440 102596 434681 294414 338390 402005 416485 513197 581935 401895 339023 426841 431879 333624 243559 335755 427834 361814 172770 384168 108616 481331 264476 378581 343113 549802 359829 46884 468049 450957 560084 401598 410219 588407 446910 655927 541458 287155 568657 487110 190133 552430 215248
710722 636345 574285 560030 597839 790766 475510 795964 705423 900107 142065 592839 875030 1028765 536232 973137 999620 569107 793456 912279 767239 642824 146401 389734 488821 999999999 388330 429926 771471 325761 127939 774505 387715 781950 639659 720708 630434 548994 371790 777787 833234 652060 742968 423185 265575 279862 703594 676934 733847 437098 999451 811415 372277 496591 954732 746761 163443 541842 399051 850133 553620 822893 890825 833116 1001774 204002 674325 374269 364314 719717 759991 552296 807302 864638 709669 324264 860518 593369 267531 722821 124743 653596 171071 522750 441955 708878 618666 302557 340785 187540 1074771 932838 892719 1006284 344889 1056791 929184 388324 1035706 566899
413270 383939 333585 312375 448723 641892 386319 476375 503529 675343 302185 311571 498186 641656 410737 593415 616723 457161 501745 697372 424392 402218 345648 298859 100927 388330 999999999 326751 448470 320993 458195 583600 408728 458911 332497 369762 473049 407040 266948 571838 555797 455788 374860 443012 323476 213055 557231 294624 363114 129230 614650 655833 76200 502958 791778 584332 402246 209043 53806 514812 296683 438710 502667 486393 613445 491744 435339 277129 371739 472003 415050 273802 427064 505706 403763 75156 482441 208275 404993 348696 280912 369887 458175 338075 54180 480236 440257 483789 342993 323219 689214 545466 690983 637202 218317 668554 576078 135640 649790 259787
330977 235489 181065 178082 168754 965698 61382 424178 276852 1000825 453983 229183 736836 823622 109086 683015 825750 769323 817669 1023448 428268 233277 291611 589811 377277 429926 326751 999999999 406912 579719 553140 910100 671404 763159 650895 403551 201148 723438 557380 898590 874277 781563 643940 710342 551288 466214 278557 444831 629210 455848 814826 980509 392010 781101 1117941 319310 548790 527290 379985 807716 183162 659178 682608 489410 772840 620721 761813 62820 634805 797494 707018 599932 539889 536404 338134 278563 719347 465303 610643 452637 409454 273543 584060 107094 353407 286714 189376 677788 603210 505446 879591 688975 1017640 882121 120539 816948 848469 192639 769624 582179
78970 179733 225993 230052 331956 985694 411861 28255 255941 944941 731117 184089 505621 504254 365026 305171 536566 855027 729098 973512 59476 193092 661839 734207 393941 771471 448470 406912 999999999 767658 873466 904439 852162 648080 606222 103914 321485 799994 704798 881658 787649 801562 488434 883781 771671 661496 357456 244626 473940 528655 516968 992418 517745 936189 1102842 344382 835236 520778 483512 656118 229127 424816 389800 89712 438729 922202 749257 431247 816099 765484 575877 612598 224087 144187 68805 474480 490103 382296 852152 187385 698012 133504 886222 303140 419304 206134 288668 930511 788836 763474 561365 355379 981657 631619 434886 466578 648237 385519 402193 573450
734204 698656 643430 623031 734164 465108 640074 795765 809414 580297 186613 629656 669772 851071 683691 868813 803129 243376 505051 590338 739043 714861 409513 78652 382055 325761 320993 579719 767658 999999999 290848 451340 92194 516699 380768 682740 763007 225977 83508 457123 534359 334542 533766 130683 62133 115619 846974 581631 530338 257502 810362 485673 249964 202242 629141 880653 202341 331110 284724 589680 608988 643267 732455 797923 844551 269624 369760 517595 55115 414954 517919 292285 709201 809641 724733 319531 659335 447652 123015 645223 222025 689497 253797 629354 349391 792383 736067 192509 23575 139013 885564 795657 569106 777112 459863 902057 681815 426016 903992 324842
817680 749675 687689 671950 721750 739077 601031 899147 826396 868554 158584 700232 916571 1083031 660712 1051575 1046215 522387 791660 876824 863392 758011 274292 366986 553819 127939 458195 553140 873466 290848 999999999 737233 324844 794053 652916 813526 754238 514291 359293 745376 823971 624811 780744 353708 229939 293620 829022 752802 773759 473840 1049004 760800 422390 420845 900636 871560 88613 573188 454811 865552 663878 873753 950498 928603 1063258 78818 659897 495258 312268 705277 783581 562792 885175 955528 814813 406564 903530 650531 192134 804976 178692 762097 53848 641570 508389 826879 740501 198118 297799 164925 1125007 1000359 853531 1038774 459726 1119732 952171 488030 1106245 586139
910828 925151 890177 869288 1023974 91824 969913 930337 1055818 134297 632719 848249 526037 707847 991931 844451 635919 216944 220296 139602 853102 947468 834581 385178 557510 774505 583600 910100 904439 451340 737233 999999999 417683 301074 298330 800684 1044605 225676 406580 30495 190721 130624 445179 398869 513373 508832 1126295 660725 455412 454372 655616 90797 520209 358125 208730 1146215 649158 401235 530143 348252 851862 560214 656081 888070 739462 699261 157162 857784 425128 140634 364240 314826 737046 870570 894199 636646 527897 525340 548729 723802 660053 890842 693403 913725 564993 1020998 1008232 580911 440574 589972 713394 736977 118278 548947 797102 788468 438852 718999 828607 343392
821713 789099 734524 713993 826355 414268 731572 880370 901079 551200 258549 719157 713121 899735 775735 936050 846539 200770 511626 556846 820983 805685 488211 124226 461787 387715 408728 671404 852162 92194 324844 417683 999999999 538041 412809 764226 855195 205080 149088 429256 531325 317813 580071 39466 130120 207725 939168 656242 578831 331088 856122 436052 335350 114069 575938 972792 239668 388366 368789 611101 699703 695886 789066 878163 899329 281621 368342 609126 37508 410889 551234 331126 780386 886786 811591 411222 704416 516515 132951 721442 299552 778385 277702 721469 432859 883364 828156 168026 68630 203330 929970 856553 531755 808633 551757 956603 707316 517654 964487 369797
671553 709936 690165 671459 837286 392809 816100 671210 840615 301586 649328 637157 225365 411274 820422 546365 342546 389738 86045 331156 591636 733474 788161 438475 386358 781950 458911 763159 648080 516699 794053 301074 538041 999999999 142428 545639 851007 350522 437808 271705 140965 265167 160687 541519 570357 505877 925464 406898 174522 354413 359950 390543 428800 541021 470238 935953 709467 252663 417151 73255 654219 262750 356172 615324 438903 785259 193225 724953 523352 172945 72555 231682 454639 589586 653052 531252 226823 305803 639021 460843 657220 665701 765701 734255 416723 798705 811774 700042 520065 629194 423853 437182 345208 276360 671044 489128 170010 575852 527535 215778
613414 633363 603505 583275 744302 380395 707241 632273 764868 357124 506992 557145 303872 494147 719559 575946 436109 298571 169325 382779 555508 656232 650150 303932 277126 639659 332497 650895 606222 380768 652916 298330 412809 142428 999999999 502557 761951 248853 299613 276539 223804 203828 179715 422268 431740 363558 841103 363067 183729 217282 447666 386321 292595 435275 500490 857464 569234 124078 285746 212707 565731 302802 401511 593011 503960 647061 143617 606882 393548 161254 138563 90191 449105 579571 596503 401116 297255 227842 503760 427259 514918 596038 626119 636477 297672 727685 724064 568748 386522 487992 519806 478163 384256 397284 549845 559600 301377 459126 581114 75821
136022 213741 235526 229966 371903 882329 423658 129742 324394 841465 664498 176985 415127 441906 389525 279512 462822 756131 625948 869945 57115 234560 625263 643786 302583 720708 369762 403551 103914 682740 813526 800684 764226 545639 502557 999999999 370080 700973 615587 777795 684696 698927 386816 794225 692141 581355 423027 140755 372062 436019 445945 888836 433642 843441 998938 419091 767523 420076 398269 556539 221355 332608 313254 116675 382402 856135 645750 412766 728985 661611 473709 511447 149257 144304 116645 407648 398791 279990 774453 87487 635386 158732 821108 311977 333588 275877 332244 853345 703014 691541 499524 296753 877850 548273 401757 420234 554857 333185 367344 471561
245977 156741 160869 179753 32629 1110134 158384 326111 92212 1119060 651714 217045 770904 811585 94929 626266 831928 930033 918359 1144374 366820 135551 489551 762105 487834 630434 473049 201148 321485 763007 754238 1044605 855195 851007 761951 370080 999999999 880066 729340 1028832 977481 921496 708624 893227 741090 647537 84569 469144 693096 597754 815719 1122537 547253 960963 1253107 119402 748601 645228 525935 881549 197162 688130 682375 411053 750281 821727 889636 261042 817909 919385 785650 729824 519289 465654 262523 446610 753666 545743 805415 447261 607969 211492 785009 135548 480987 127714 39800 874977 786565 701218 869231 664869 1143608 910859 308856 783613 901395 342723 722426 703080
788256 780992 736323 714962 855649 250984 784649 827799 906375 354561 407397 704917 550387 741533 815535 818069 680521 55193 311735 364387 757484 801324 614947 160643 413781 548994 407040 723438 799994 225977 514291 225676 205080 350522 248853 700973 880066 999999999 184978 231331 326998 112955 428377 197861 288096 289111 964163 571868 431499 285326 693776 269420 334014 190703 413372 990245 425794 282291 354243 421587 698352 551106 649389 805296 752810 481995 166743 666317 204640 207158 378905 194975 678780 801508 774305 444878 544948 424530 329765 639212 436143 756552 472734 745089 404954 878476 846864 373080 216533 364350 764016 724583 343777 626603 605112 808414 520120 540147 828942 238187
677218 650688 598826 577832 702256 435534 618690 733042 767794 529027 229986 578470 586292 767711 656229 790203 719629 219515 432414 542369 672445 668541 429990 32769 313020 371790 266948 557380 704798 83508 359293 406580 149088 437808 299613 615587 729340 184978 999999999 407508 466414 280969 450257 178990 132549 104275 813889 507476 446867 182120 726866 454307 191356 236011 598332 844534 272765 248288 222838 510358 562650 560197 650125 729211 761935 347649 304200 497356 115673 349775 435779 210232 632681 737744 666323 283119 575827 369424 205641 572456 253828 636193 328108 593995 285881 746555 699516 275927 95712 196606 802056 714491 524692 694802 437010 819428 600989 386987 822775 241570
889910 906789 873247 852498 1008856 121824 957960 907298 1037813 123232 635749 830039 496355 677609 978264 816115 605563 229668 190164 134889 829646 929300 832761 388071 541103 777787 571838 898590 881658 457123 745376 30495 429256 271705 276539 777795 1028832 231331 407508 999999999 160443 126978 417974 412801 519255 508161 1109973 637473 428581 442847 625346 118958 510749 376376 225070 1128935 656967 384016 518765 317879 835019 531832 627242 863386 709689 710201 139209 847429 434213 116206 335947 300231 710953 844851 873039 627346 498471 504285 558755 699851 661332 871347 702851 898962 550781 1002158 992059 594450 447770 594927 682933 708192 120568 518482 787070 758453 408361 706756 799139 326057
808294 841341 817300 797802 961693 279425 930071 811180 972733 161082 693625 766933 351488 524348 940118 681147 450749 348461 59569 190849 731711 864716 861935 457048 498647 833234 555797 874277 787649 534359 823971 190721 531325 140965 223804 684696 977481 326998 466414 160443 999999999 217047 301532 524429 594146 553570 1054313 544977 315106 435967 471810 271843 510879 504417 332584 1067268 736014 347879 507668 165316 780345 400088 489533 756259 561877 801767 164866 830686 526258 120618 213427 291795 595450 730358 790083 622827 356547 432808 650010 600725 710122 799290 788082 855670 521346 932324 938805 699232 531436 662962 525817 570141 207510 358869 773529 607716 249592 682823 654011 296367
800950 807796 769627 748504 899789 189267 841736 828405 937262 248107 510000 730772 482252 672524 865669 777188 606293 132238 210312 261800 753476 829567 705905 262815 437364 652060 455788 781563 801562 334542 624811 130624 317813 265167 203828 698927 921496 112955 280969 126978 217047 999999999 375795 308179 396461 381190 1004068 561892 382594 326761 622328 201047 390574 288445 336472 1025871 536200 285129 402079 330963 731239 498118 597018 794214 692657 594620 72268 728388 317193 101076 309427 194249 652883 782724 785222 506778 479852 419271 442303 627597 534698 776636 584521 789149 440571 904586 885913 485692 327276 470838 688421 675931 246297 539258 667536 745959 429616 591418 775443 229174
515626 561579 548415 531168 697937 534727 691852 511105 690425 461573 625177 492010 136720 319676 687955 402369 269492 478245 244748 490931 431466 585176 719977 462392 282512 742968 374860 643940 488434 533766 780744 445179 580071 160687 179715 386816 708624 428377 450257 417974 301532 375795 999999999 594044 576080 487719 779314 250396 15540 308097 276839 535976 371035 612867 627523 786429 703760 208058 347588 173579 514517 123274 222236 454759 324662 788033 307247 614405 556255 306034 88134 249314 295448 430350 496780 449976 125575 179815 655029 301050 621774 514427 762419 600469 323659 646634 668925 726046 543935 619142 351811 300243 503173 264046 566817 380775 205663 468414 401697 210606
855242 824820 770868 750218 864570 388136 770610 912023 938016 533090 296595 754164 725071 913437 814355 958425 858016 183199 509026 536861 851156 841741 526710 150626 491662 423185 443012 710342 883781 130683 353708 398869 39466 541519 422268 794225 893227 197861 178990 412801 524429 308179 594044 999999999 169056 245719 977308 682891 593776 359083 868629 410241 368654 75124 547821 1010572 270971 408785 401255 614043 735708 712068 806738 907319 915846 304471 364296 648144 75568 404971 559758 344832 805020 914265 844703 448396 717176 540974 162045 748736 338206 812898 304436 759210 464734 919542 865811 182052 107148 240742 941656 876042 510334 814959 590542 972879 711455 554690 983550 385326
732422 688835 631235 611548 711139 525411 610354 799461 793431 642425 129773 623332 712742 890033 657825 893650 845394 304003 562994 652435 747410 703481 358257 137099 397507 265575 323476 551288 771671 62133 229939 513373 130120 570357 431740 692141 741090 288096 132549 519255 594146 396461 576080 169056 999999999 110788 824097 600763 571402 284182 851248 546222 260015 244095 689283 859901 141886 369547 295931 642881 598628 680802 766660 808465 879505 215325 429962 488533 100599 475338 566915 341940 731045 824206 724426 307466 701396 474386 84081 661932 169529 684557 195808 609867 359800 780022 716556 162587 75212 78053 926941 826272 631049 825447 433591 936940 733062 412608 934444 370833
623945 584575 528615 508380 618855 539801 526984 689367 693995 628294 143454 516876 623970 794762 569056 786508 754698 323007 513717 642980 636665 600316 326189 132514 287925 279862 213055 466214 661496 115619 293620 508832 207725 505877 363558 581355 647537 289111 104275 508161 553570 381190 487719 245719 110788 999999999 731590 491713 481236 183656 758604 558511 149835 315011 702479 765066 216705 279816 185758 575913 494646 584966 666766 697679 779894 303417 396362 404605 170380 441440 490874 274506 622777 713741 615398 204239 611357 370100 193800 552029 156695 577444 275545 513749 249227 677630 620452 272738 139123 131759 834614 723023 626580 745183 345898 837075 659961 310708 830782 293907
289945 218293 237613 257885 112980 1192940 228093 355606 101515 1198143 732020 288335 833266 859227 169484 660633 885315 1014324 994967 1223849 409727 194841 560112 846655 568910 703594 557231 278557 357456 846974 829022 1126295 939168 925464 841103 423027 84569 964163 813889 1109973 1054313 1004068 779314 977308 824097 731590 999999999 534648 763779 681283 867616 1205053 631644 1045299 1334577 46668 827339 726017 609946 952809 275425 750210 735952 444160 795174 898302 970771 340287 901930 999582 858657 811725 570148 499441 308541 531093 816308 621620 887141 505411 687771 269262 861812 220099 563877 151363 118158 955679 870541 782493 916700 710796 1223891 970250 390927 824024 967472 427288 758549 783957
265275 316442 313435 299410 462841 743369 481295 269868 442401 701008 596514 253215 302622 381905 463734 298793 380978 626992 485980 729390 192447 339819 606676 532768 203965 676934 294624 444831 244626 581631 752802 660725 656242 406898 363067 140755 469144 571868 507476 637473 544977 561892 250396 682891 600763 491713 534648 999999999 235191 325417 370139 749332 342240 725721 858228 538583 695042 289615 306548 422934 284633 220635 239181 233786 338243 784644 506589 433684 623007 521268 335653 378781 132533 232085 246514 352677 285226 147380 684747 67388 575121 266485 751829 377272 246178 397364 429416 763321 599856 613651 436611 260595 737104 445178 403129 388837 432927 312732 359503 337292
500455 546058 532904 515685 682450 544443 676859 496809 674951 474731 617614 476471 142813 321331 672645 394678 274115 482127 257829 503985 417200 569656 708547 460017 269602 733847 363114 629210 473940 530338 773759 455412 578831 174522 183729 372062 693096 431499 446867 428581 315106 382594 15540 593776 571402 481236 763779 235191 999999999 300353 280114 546185 361637 614463 639752 770945 697626 202284 337280 189094 499048 119741 217940 441501 322941 782475 315015 600177 554235 315687 102049 248989 283373 418104 481642 438145 130260 165732 651033 286580 613234 498969 756367 585140 311422 631223 653394 722790 541106 612859 355607 294561 515660 274567 553036 379554 219815 454578 397547 209035
508273 495829 451206 429851 574776 513661 515542 556882 621138 548179 317262 420039 443065 611170 539051 611623 572395 337983 385046 569513 493092 516029 433808 208463 134743 437098 129230 455848 528655 257502 473840 454372 331088 354413 217282 436019 597754 285326 182120 442847 435967 326761 308097 359083 284182 183656 681283 325417 300353 999999999 575580 527172 75352 407745 662572 705912 400103 105154 75919 418159 413144 401389 483647 548332 596726 487058 307182 404903 297591 345269 324188 147120 451771 555710 495632 188050 429776 190780 367705 390357 314400 473121 458945 463955 119645 593289 563446 444625 274846 315133 651608 542092 562298 569874 344990 654018 492752 264746 650265 141531
577786 659035 671802 661072 815779 747117 849248 527560 767411 621020 891334 610479 143794 52551 826108 266408 25563 739561 435422 650201 460133 680347 955316 739213 514000 999451 614650 814826 516968 810362 1049004 655616 856122 359950 447666 445945 815719 693776 726866 625346 471810 622328 276839 868629 851248 758604 867616 370139 280114 575580 999999999 741958 629603 882501 795745 859704 975309 481741 600668 307775 648111 176560 134070 442657 106757 1061176 550095 802763 832941 532895 315432 524997 297499 393121 559079 686291 151716 406713 931138 370959 882799 604232 1034147 741992 560481 717863 777414 1002751 820761 890353 76027 167476 673774 144118 768168 138721 228499 673077 200265 487315
996643 1007412 970270 949195 1100808 22403 1041025 1018567 1137378 164030 671583 930392 614807 794373 1066223 934972 721588 242308 308004 151497 941778 1029406 884103 428642 637684 811415 655833 980509 992418 485673 760800 90797 436052 390543 386321 888836 1122537 269420 454307 118958 271843 201047 535976 410241 546222 558511 1205053 749332 546185 527172 741958 999999999 588604 355701 144174 1226531 674612 483415 602038 434185 931885 650698 746199 977768 827930 714708 243226 926081 450795 231036 454759 394137 827590 960924 980331 703862 617209 611856 568993 812984 703160 974785 713502 990142 641617 1103857 1086896 589511 471255 624199 797564 827149 117699 630246 864975 876093 521421 791443 917798 426158
486601 460037 409723 388533 522116 573688 452751 545875 579574 619408 263812 387230 502812 661668 481588 638389 628596 382927 460344 639807 489605 478407 359500 222991 138286 372277 76200 392010 517745 249964 422390 520209 335350 428800 292595 433642 547253 334014 191356 510749 510879 390574 371035 368654 260015 149835 631644 342240 361637 75352 629603 588604 999999999 427250 726998 659619 356352 177163 35933 491190 372879 453342 528108 549479 640891 445548 377743 337834 298806 417421 395352 220514 473804 564204 476262 116597 488444 228167 343542 402194 253241 444851 414406 411877 100143 556421 515191 422425 271113 273066 705368 579488 630965 634839 276966 697453 562571 206138 686393 216875
911935 886646 834300 813398 932869 333304 841711 964435 1002714 491618 371643 814452 738794 929407 883948 991377 869949 156219 497460 491816 900550 904349 601829 204314 542302 496591 502958 781101 936189 202242 420845 358125 114069 541021 435275 843441 960963 190703 236011 376376 504417 288445 612867 75124 244095 315011 1045299 725721 614463 407745 882501 355701 427250 999999999 487768 1077493 341224 442506 457865 611583 798386 734073 831033 954393 937319 365201 353317 719247 147876 389201 568601 367780 843156 957805 900489 514683 732523 580543 231893 792531 413327 871918 369672 826260 519592 982339 932505 236051 179164 315601 953571 903563 462873 817235 660883 993633 710317 620295 1009776 410507
1113694 1131852 1098096 1077293 1232643 164078 1177983 1127947 1262882 174892 815335 1055109 683141 848050 1200601 1013726 772969 385836 384233 145544 1049539 1154370 1028214 572814 765674 954732 791778 1117941 1102842 629141 900636 208730 575938 470238 500490 998938 1253107 413372 598332 225070 332584 336472 627523 547821 689283 702479 1334577 858228 639752 662572 795745 144174 726998 487768 999999999 1353906 815394 608862 738187 495745 1059833 732155 822075 1079962 890823 851379 364002 1064830 592701 339245 540921 523469 922964 1057819 1096585 843050 688851 728297 708510 918904 847256 1096133 852196 1122436 773722 1227145 1216575 723699 614159 767324 841712 902589 125188 668594 1003933 933798 567594 927307 984171 550909
283448 226073 256261 277368 150942 1215067 271537 338981 96182 1213834 771075 300692 833055 848565 210874 643064 878351 1041252 1007754 1240074 399676 202604 604074 877253 588971 746761 584332 319310 344382 880653 871560 1146215 972792 935953 857464 419091 119402 990245 844534 1128935 1067268 1025871 786429 1010572 859901 765066 46668 538583 770945 705912 859704 1226531 659619 1077493 1353906 999999999 867646 745083 636247 959965 294647 750108 729727 427925 783044 939968 989908 380040 935421 1017168 867792 832493 563165 482887 302680 562811 816379 634679 924745 504027 727249 272228 903343 251365 587283 143232 145038 994376 904182 820609 905733 699713 1241333 967331 428203 809084 969895 457584 741431 803018
