NAME : synthetic_000566
TYPE : CTSP-D
DIMENSION : 100
GROUPS : 8
RELAXATION_LEVEL : 1
EDGE_WEIGHT_TYPE : EXPLICIT
EDGE_WEIGHT_FORMAT : FULL_MATRIX
EDGE_WEIGHT_SECTION
999999999 843646 315702 279234 626343 735051 540938 823172 363214 1098868 660143 222485 977948 133135 510278 959471 767896 914153 812277 743526 1021419 1020611 900519 266439 503912 840459 913315 798793 1093959 381541 837179 777263 671246 465934 1088126 645565 598362 744680 604602 355465 748415 373601 328394 406998 780134 951685 794690 402413 207218 976361 577683 245293 756092 66415 363768 594518 574313 899041 577022 233512 583854 472817 867932 476424 757272 680410 741850 666530 1046762 995374 982299 110610 399701 817492 414528 540618 304525 742616 663847 613360 725957 518534 1027260 991857 814995 288792 553632 639350 621902 705076 816570 833827 897620 909184 614489 780880 599293 800596 784141 972093
843646 999999999 620128 622445 665962 528436 680494 490846 487967 347019 183653 622275 342214 841026 674929 145721 101982 487306 119989 575004 185997 197113 449467 612864 454098 516748 408660 145248 373000 481647 495578 535645 244172 502981 270926 488968 469180 337823 239109 628642 328143 520868 726575 471563 115960 116204 734851 734311 712773 143353 542296 637169 797703 850178 596232 251202 817312 364059 519704 635557 458192 619435 381946 503055 138863 247836 588470 731656 204444 380457 168673 827855 725632 819440 435432 303273 565548 259579 191886 740192 402557 340406 185022 334199 389020 605732 348289 214987 541805 398292 357739 291187 447389 379423 764043 130339 322885 397454 330448 450447
315702 620128 999999999 45873 330485 419564 255837 779611 170006 816808 451608 172634 681827 246393 225714 756785 526900 851379 628751 430029 777396 768870 826315 302091 459827 524835 821204 537318 805073 153230 792948 461762 402132 155544 828999 330070 570102 648805 396919 51711 648239 100249 474887 150744 530290 735916 499978 170378 352323 762788 262826 82565 480805 362099 410683 403537 342513 595493 576534 104394 271353 535583 561282 463664 576497 407452 429385 384524 810022 694833 780667 375758 162032 539034 287975 349479 292064 613454 428246 341023 659216 281874 791103 698206 732602 51073 280699 405345 629091 637952 721751 539280 585719 604141 350737 599727 320176 723529 682253 662330
279234 622445 45873 999999999 376118 459131 301652 752093 150073 836484 448231 127376 706404 225660 271449 755412 532802 826907 622253 471745 785865 779335 803217 258381 427955 562437 800629 549187 827106 143064 765624 501217 415187 186745 841735 367463 538394 627133 392261 97353 627210 105345 429611 151564 538680 737302 545443 208745 306456 763852 303921 37547 526630 321772 369111 395088 384931 623288 541900 58631 304622 494932 590683 428356 568829 421900 471682 430390 816809 721358 779227 332792 200984 584906 262140 339612 251334 596642 431423 386581 633517 282041 797652 721812 709857 17143 293321 407702 594345 612048 700714 562800 618586 632723 395882 592419 335871 699943 661874 693715
626343 665962 330485 376118 999999999 187976 88573 994860 434272 710398 563628 499580 550090 519812 117437 810800 565032 1045024 730205 162209 760550 738298 1012853 620383 717890 290734 992663 531816 680657 398803 1006426 218464 425879 251069 775421 178630 819841 838292 529051 280634 834102 345912 798647 366693 550821 773408 169933 237890 681489 799678 132381 413037 162880 681641 716400 554250 174944 448735 841221 434749 215500 833026 406098 737771 691984 419700 152204 70948 802095 544447 832832 701736 236946 214360 540980 520480 599251 778288 507186 79209 870730 427551 786721 572566 922382 377159 362431 495617 892006 852042 902192 442037 391949 448599 103425 709886 361782 918811 861693 471741
735051 528436 419564 459131 187976 999999999 256557 924822 455452 525003 470015 562841 363825 649675 274557 667661 433995 959633 613202 46571 594138 568565 924556 660387 694137 111286 896668 384951 493668 419338 934767 42213 312382 280125 598536 96831 782588 760526 452136 381311 754471 387382 838714 383189 413347 625553 206450 392821 740699 650312 157989 495865 274851 780843 734528 483307 362756 262608 814052 513387 171821 835706 219975 724912 585121 301484 60153 231351 636981 356702 687917 790455 388732 291139 533868 467105 627787 690496 405496 265137 804460 382497 623282 386680 840062 453202 304623 402259 860691 788512 815491 268582 204593 261441 288376 598784 280067 839939 776666 285137
540938 680494 255837 301652 88573 256557 999999999 967905 381573 764272 557312 428090 607027 431870 30997 826211 578513 1024990 731509 240550 793287 774091 994626 554281 674621 365619 978607 555658 738314 348456 980110 292728 436373 213018 817552 215682 780464 817222 515915 204350 814012 290134 729913 320468 568459 792461 253799 149359 608043 819356 141662 337343 224980 597751 656478 537186 137058 506669 797205 359809 222786 777164 464738 689571 688647 432977 232785 129157 833281 605771 849090 620020 148387 283725 495570 496564 537782 763250 507299 87676 843641 404938 816757 628521 902283 305196 351173 492101 849015 823961 884556 486723 459981 508759 103130 708403 361883 897066 843823 541015
823172 490846 779611 752093 994860 924822 967905 999999999 610523 824925 456881 665620 831707 894513 948274 459566 534788 97728 370859 967810 623388 651419 103594 561702 330205 953870 147310 606423 857581 634545 14043 947552 616794 754889 716906 849661 225589 165901 473823 817676 173303 696235 539998 654226 563991 497225 1118168 945512 620942 500221 863649 740738 1153522 791202 460311 444494 1093959 838475 248891 724399 786557 373969 845969 348056 366878 629531 978476 1065742 610608 869554 465794 747313 936537 1193203 491637 474391 534479 242853 522745 1050048 124338 567332 598500 824794 102709 736971 635387 523058 213395 144048 134617 754980 911439 854543 1069623 365269 647923 93487 161205 930839
363214 487967 170006 150073 434272 455452 381573 610523 999999999 737864 307625 142071 625460 354153 356264 614551 406347 681385 476507 481634 660770 658440 656368 205793 296809 541997 651970 435644 735632 36711 623748 494448 310297 186845 725201 358707 405762 479107 250969 207555 478754 91701 383270 72554 417331 600321 592140 335320 293873 626223 323851 153685 596240 382852 284639 249211 493573 556188 417648 148537 283780 398757 530972 308252 422311 320494 485971 500027 688204 646868 638165 373925 326425 648390 119655 193135 172643 446627 302315 468949 489480 155321 668770 637283 562689 133248 198958 277814 469944 468295 552294 482568 572501 568331 484242 446095 245368 553530 513054 638855
1098868 347019 816808 836484 710398 525003 764272 824925 737864 999999999 489189 879890 161609 1061455 773068 377305 362058 803066 461194 561868 211347 178103 766006 907863 788925 444745 718618 308474 48536 717335 827590 504639 427805 666156 134715 549378 814882 681429 530525 804051 671500 732251 1046664 693043 339118 332480 696437 871922 1008476 337257 629058 862681 783823 1120556 916364 555914 884867 262419 864767 869083 567820 957069 305028 836966 485796 418462 575503 755880 241225 177724 380460 1108410 865103 778979 727954 593677 861235 604944 454734 789014 747191 584484 244358 138417 722272 822414 546056 477183 888588 744249 690340 283083 335608 264865 812682 476627 501431 733299 668963 274916
660143 183653 451608 448231 563628 470015 557312 456881 307625 489189 999999999 439196 427746 661763 545274 307476 127135 490061 179456 514177 365675 370343 455557 432133 304140 497939 430899 189652 502191 305393 466195 491065 159914 356644 442317 401900 353238 291422 56657 467698 284939 351364 558344 300875 151778 293078 668702 583629 532749 318733 431773 459507 713939 666734 427715 69299 693021 403989 397576 456085 348263 472508 402327 350732 131850 172767 525564 633797 387694 461058 331223 645272 574584 747587 252876 119622 384704 220622 65972 629520 340285 170547 368210 429545 370047 431198 206195 68891 432991 326828 345809 316592 465407 419929 651801 152967 202255 370171 306699 499138
222485 622275 172634 127376 499580 562841 428090 665620 142071 879890 439196 999999999 765255 237377 398197 741872 545411 747947 597530 581364 799038 798134 728316 133545 335461 659305 732750 577357 877186 165252 679526 604052 452209 282718 865822 467262 443441 559167 383190 224345 561082 176333 302276 195899 557826 731786 667591 331938 182337 756921 414421 95639 652895 241227 248727 375086 510825 692346 438499 72959 396768 375728 664687 325306 542468 462171 583018 556286 824805 785345 765054 236044 324820 710520 202409 320169 136986 543366 441365 513643 553925 296915 805311 777753 637269 122976 338280 416870 489899 532293 633087 621674 701562 703754 523231 566305 384648 625151 596851 771555
977948 342214 681827 706404 550090 363825 607027 831707 625460 161609 427746 765255 999999999 928195 617569 429429 309733 828808 461654 400266 291447 257325 790951 811912 730783 284372 748551 239339 131286 600065 836990 343044 321243 527443 257741 394041 777436 673694 455289 663440 664498 605233 965820 571600 280776 380492 536592 721194 910296 395931 475153 735756 622922 1006130 838655 485811 724871 101362 823823 744907 420970 898301 144024 776072 468097 308840 413894 594414 333095 38487 441041 999381 714852 620040 637631 511290 767211 594070 376648 628394 735722 480003 326885 23597 730574 693689 427014 394650 855801 728204 699550 144122 176367 103273 651916 466835 380613 738223 670621 129812
133135 841026 246393 225660 519812 649675 431870 894513 354153 1061455 661763 237377 928195 999999999 402375 968612 755026 980262 828522 651527 1009120 1003709 962349 335148 565574 759027 968752 774362 1050896 359926 908531 691494 640740 401545 1066926 567355 669471 795661 605110 271440 797852 330922 441606 375223 762450 954212 684221 285769 309431 980240 492188 204531 637712 199515 448103 602291 448704 841499 656704 205700 515143 568519 806624 547666 773776 647556 647934 552317 1038801 941108 992183 240900 284804 699391 438704 546253 360186 780619 652172 496886 787216 502251 1019499 944443 872428 240734 518940 627979 705465 765693 869413 785447 828004 849835 495282 797657 561452 859707 833684 905990
510278 674929 225714 271449 117437 274557 30997 948274 356264 773068 545274 398197 617569 402375 999999999 820480 573056 1007330 721260 262608 793851 775844 977556 525244 650901 385017 962844 553976 748728 324024 960648 312478 430915 194617 821583 223789 757604 799603 501882 174096 796699 264581 700243 297507 564509 788097 284413 122547 577699 815137 144845 306887 255383 566866 628627 521766 148307 518081 773068 329437 220331 750100 476684 664512 677010 428520 255891 159978 833165 618124 843594 589024 120589 314469 471772 479197 509759 747622 497710 115838 824169 388653 816264 638582 884794 275448 339265 481400 825077 804235 867850 493125 475821 521060 128428 697307 353705 879089 827127 557026
959471 145721 756785 755412 810800 667661 826211 459566 614551 377305 307476 741872 429429 968612 820480 999999999 247700 427489 151726 714074 167402 199239 391050 713795 521800 645473 342483 282939 416510 612775 460194 671512 389866 646218 258835 633183 506071 339339 363944 768645 329346 656710 803566 606562 259979 48937 873413 877466 810381 41002 687911 766937 939489 959185 677102 367127 963032 476425 557670 763087 603895 674906 501864 569819 204751 393510 727813 875824 151050 467299 23885 932047 868689 958680 545202 422822 667650 277206 331391 885501 404705 474981 139424 414905 359085 738427 490991 352767 566703 408253 327778 415988 564646 490337 909415 182345 467802 372791 315826 552202
767896 101982 526900 532802 565032 433995 578513 534788 406347 362058 127135 545411 309733 755026 573056 247700 999999999 547837 182702 480470 254561 252834 510703 553286 429302 433799 475747 72401 375707 395351 541783 444826 142207 403520 322018 388940 468187 371413 171531 532103 362887 429139 685073 381238 29586 215899 640203 634570 654249 243110 440495 550495 699754 780217 554569 194436 715340 303779 515371 551034 356264 597848 312272 476625 168517 146013 493579 631394 284022 345279 270624 762200 625989 723912 372610 236742 506006 292340 104103 638720 430390 253006 264850 308717 437593 516480 250140 128622 546188 421206 408531 220629 378179 319872 662499 174895 221902 442396 374683 396911
914153 487306 851379 826907 1045024 959633 1024990 97728 681385 803066 490061 747947 828808 980262 1007330 427489 547837 999999999 370332 1004120 594825 625784 37857 650333 414747 978064 85260 616688 839633 702365 85418 978827 647608 812765 685880 890906 315971 207773 516722 886465 211181 763376 636860 718717 575771 470645 1158544 1013839 714054 468392 912775 818376 1200359 884428 553042 490781 1154664 847318 344055 803310 832466 471061 859565 437753 380758 659226 1015599 1115925 575821 867206 428875 841370 1004750 1236513 564794 528428 620292 269499 554138 1104512 194272 620407 566243 819281 122798 811181 682701 558605 310773 215920 144257 767608 925590 863122 1125112 373025 689271 128644 183949 936615
812277 119989 628751 622253 730205 613202 731509 370859 476507 461194 179456 597530 461654 828522 721260 151726 182702 370332 999999999 659370 276536 297392 332656 563038 371869 616464 294722 247886 490204 479313 375628 626251 306275 535266 369317 559550 366745 220264 232025 646709 210367 528740 652882 478197 208629 161276 818394 763057 659010 178982 600493 630143 873087 809640 525733 227445 868108 477136 418318 624237 515592 529163 490790 420344 55089 314714 672083 798952 279316 499755 172786 781450 754019 900880 397844 283415 517247 144531 224358 799836 286021 349447 262191 454096 269090 605117 382402 239882 434358 283801 237919 398837 556806 492890 822810 31404 370467 277482 210647 566358
743526 575004 430029 471745 162209 46571 240550 967810 481634 561868 514177 581364 400266 651527 262608 714074 480470 1004120 659370 999999999 638451 612269 969245 684765 730363 128812 941911 431441 528493 445088 977938 58158 357502 300297 640159 126532 821178 804010 494390 388088 798128 408143 864025 409080 459912 671793 159881 384208 761439 696448 167952 509040 230177 792107 763692 525031 333792 299903 851267 527789 201422 868128 257706 759525 630692 346922 14215 194925 681448 390085 734253 804466 381121 244639 566280 506361 654268 734786 450111 234967 846817 419587 668036 423490 884125 467392 342470 446041 898661 830520 859907 312552 233420 297080 257017 644637 321109 883678 820871 311571
1021419 185997 777396 785865 760550 594138 793287 623388 660770 211347 365675 799038 291447 1009120 793851 167402 254561 594825 276536 638451 999999999 35398 558253 797385 637640 547164 509871 243608 253128 649752 624860 588073 377760 644139 94124 583319 642904 490986 418752 778146 480885 681362 912259 634487 247298 126165 792104 871125 897677 126705 651627 804621 868615 1031371 782060 434580 926209 361825 694344 805522 573857 800803 396094 686662 314824 375146 652655 818851 43482 326444 169168 1010872 863024 877971 618549 484189 749983 419701 358462 838941 557349 507489 35778 272546 521559 769775 497126 382957 710765 557627 489782 325925 451229 372854 863307 299315 461508 534079 472993 420734
1020611 197113 768870 779335 738298 568565 774091 651419 658440 178103 370343 798134 257325 1003709 775844 199239 252834 625784 297392 612269 35398 999999999 588940 802386 651190 517623 541084 231891 218665 645551 653356 560803 367200 631904 73823 562180 661795 514908 421434 767342 504835 674317 922740 628514 241599 155326 764386 856695 903076 159171 632583 799506 842391 1032821 792153 439629 905776 330791 712956 801410 556646 816082 366283 700158 331601 363314 626483 795164 75788 291842 202733 1013902 848761 850124 622475 487096 754960 441685 356779 817039 581242 503913 71075 237978 549158 763526 488171 381266 731426 580509 517275 299986 419786 341256 841399 317927 450509 561133 498755 386903
900519 449467 826315 803217 1012853 924556 994626 103594 656368 766006 455557 728316 790951 962349 977556 391050 510703 37857 332656 969245 558253 588940 999999999 635268 398088 941578 50971 579286 802294 676095 94802 943213 612311 782940 649697 857009 304685 178718 483981 860150 180949 736693 632058 691203 538507 433698 1124254 987153 703023 432010 880510 796047 1167311 873196 542102 458918 1125230 809719 337491 781661 799592 467447 822226 424610 344073 623746 980848 1083693 540015 829349 393094 831234 978033 1202722 541193 498361 603265 235474 519137 1073354 175329 589723 530078 781443 93816 787253 650422 524283 309135 196736 110669 730252 888260 825506 1094206 335826 655708 103495 151195 898876
266439 612864 302091 258381 620383 660387 554281 561702 205793 907863 432133 133545 811912 335148 525244 713795 553286 650333 563038 684765 797385 802386 635268 999999999 237700 747718 646992 599425 912203 241259 575745 699822 490723 385462 873905 563557 336117 478399 381883 353330 482310 278834 179749 277356 571718 712521 785232 465202 100972 735370 522470 228920 777727 249640 117554 362941 643227 751380 321557 206439 489088 244100 729512 213687 509079 503094 688262 680698 817048 836844 735603 218447 457942 833754 180722 316552 47429 479928 453909 641081 460250 332216 797714 821092 548789 251110 394869 430886 370627 439194 550135 672672 774633 764500 652100 531867 439811 534608 517959 837781
503912 454098 459827 427955 717890 694137 674621 330205 296809 788925 304140 335461 730783 565574 650901 521800 429302 414747 371869 730363 637640 651190 398088 237700 999999999 754056 409409 493753 804911 327044 344136 726264 430825 467223 725012 604186 110446 243193 278108 502587 248096 387759 282199 354264 455489 532260 863266 629370 314208 550850 594571 413282 880699 481505 160672 245946 790299 697590 123335 395859 531274 168548 688633 49022 324682 445236 738129 786703 647580 763003 540910 443302 620705 928445 179131 234911 205551 258669 355427 760977 222819 311735 629368 733401 311106 413881 389848 340469 174493 201617 313381 610632 746688 712986 777743 343553 420794 296934 283100 791960
840459 516748 524835 562437 290734 111286 365619 953870 541997 444745 497939 659305 284372 759027 385017 645473 433799 978064 616464 128812 547164 517623 941578 747718 754056 999999999 908772 372135 407929 507210 962622 72929 338885 378509 535562 194990 833471 787982 492345 489137 780856 482981 923300 471516 408334 599726 252275 504013 833112 622158 266875 598429 339200 883884 812274 525391 462451 189399 869569 614695 262540 905123 151371 789343 597548 325454 140241 320989 590646 268731 663398 890848 499990 336304 606447 520297 711727 713140 431997 363569 838182 445601 579457 307966 862722 555161 368406 435046 913185 824267 835708 229568 109560 182497 385278 607357 333396 864886 798904 183991
913315 408660 821204 800629 992663 896668 978607 147310 651970 718618 430899 732750 748551 968752 962844 342483 475747 85260 294722 941911 509871 541084 50971 646992 409409 908772 999999999 542569 755731 669278 140886 913572 584410 768571 600703 832666 324864 174098 464077 852623 173446 728851 657057 681914 502747 386139 1098435 978635 719987 383337 860328 795823 1144757 889340 560017 441422 1110997 771254 362838 782624 778074 494754 785511 440584 312289 595199 953871 1063254 490568 787018 343625 848939 969474 1178196 539991 484766 612296 215360 492568 1055440 189410 574190 481069 738267 98653 784297 630844 499770 340264 209294 100089 693553 851528 786890 1076832 301416 632791 114372 138951 859041
798793 145248 537318 549187 531816 384951 555658 606423 435644 308474 189652 577357 239339 774362 553976 282939 72401 616688 247886 431441 243608 231891 579286 599425 493753 372135 542569 999999999 315863 419112 613178 390695 135334 400684 292570 353253 538159 443567 223961 535532 434955 443901 740582 399449 42818 242458 591056 627687 700104 268274 414553 570940 656638 816365 611013 251771 690822 232111 584501 574294 333698 662015 243026 540062 239633 131693 445097 595036 280591 274071 303704 802021 619537 676078 419499 285720 552763 364326 146659 608276 502785 280444 263033 240053 508443 533699 256733 168735 616728 493576 478938 151035 309066 248154 632477 243998 218656 513740 445908 324715
1093959 373000 805073 827106 680657 493668 738314 857581 735632 48536 502191 877186 131286 1050896 748728 416510 375707 839633 490204 528493 253128 218665 802294 912203 804911 407929 755731 315863 999999999 713119 860827 470693 425682 652253 182007 525082 836739 710171 539803 789427 700364 724005 1056442 687046 350514 370271 658225 851287 1012259 377229 605952 854780 746990 1118368 926831 566984 855550 232183 885864 862400 549284 973435 274687 852331 510638 415141 541845 723256 285715 139202 421287 1108336 844792 739722 733622 601211 866118 632484 462316 758665 775352 584481 287305 110306 754880 813625 540346 483640 911934 771287 723006 266345 298369 232227 782026 503334 494721 765203 699830 232700
381541 481647 153230 143064 398803 419338 348456 634545 36711 717335 305393 165252 600065 359926 324024 612775 395351 702365 479313 445088 649752 645551 676095 241259 327044 507210 669278 419112 713119 999999999 647547 458586 289747 150363 710661 322539 434715 497853 249269 184110 496844 61795 419428 36149 403952 595745 555738 311568 326808 622104 287202 155594 561090 406115 321249 252417 463898 527665 449044 155871 247851 434466 501027 341242 426098 298889 449339 465165 678926 620128 636558 400577 302509 612708 148059 197378 209194 460370 292253 435492 512217 142382 659606 612765 582280 125962 173233 268054 501072 491329 570221 456427 540634 539355 451427 449616 219510 573971 530400 608498
837179 495578 792948 765624 1006426 934767 980110 14043 623748 827590 466195 679526 836990 908531 960648 460194 541783 85418 375628 977938 624860 653356 94802 575745 344136 962622 140886 613178 860827 647547 999999999 957114 626068 767094 718135 860266 239632 174815 484278 830808 181765 709207 553339 666967 570874 498751 1128782 958635 634861 500987 875068 754432 1164803 805103 474266 455274 1106505 845286 262680 738157 797616 387244 853380 362098 373545 638688 988696 1077329 611140 874938 465720 761148 949650 1204140 504977 486028 548484 250512 531963 1062034 136486 578968 599390 829722 106573 750461 646493 532759 226573 156601 138128 762199 918961 861332 1081708 371125 658408 99442 167328 937321
777263 535645 461762 501217 218464 42213 292728 947552 494448 504639 491065 604052 343044 691494 312478 671512 444826 978827 626251 58158 588073 560803 943213 699822 726264 72929 913572 390695 470693 458586 957114 999999999 331597 321377 585923 137009 812118 782432 477252 423457 776003 428276 877648 422468 422245 627874 204279 432167 781260 651829 200116 537895 282877 822957 771701 509202 391379 243281 845046 555289 210735 870753 201514 758414 601323 319647 71178 253011 631323 332104 690946 832316 428379 290222 569345 496532 666396 710598 425630 292681 828540 414640 618580 366375 860505 495155 336469 424545 890830 813231 835053 262696 175279 239775 314957 613676 308223 861157 796838 253792
671246 244172 402132 415187 425879 312382 436373 616794 310297 427805 159914 452209 321243 640740 430915 389866 142207 647608 306275 357502 377760 367200 612311 490723 430825 338885 584410 135334 425682 289747 626068 331597 999999999 266814 427032 253279 499476 451266 156375 400481 444644 309849 646554 267123 135122 357370 514661 496090 589462 384485 299134 438359 566845 693146 521438 189853 573268 269592 539076 443071 214492 592882 257875 471824 273659 14423 369509 493666 413022 347312 412830 682672 487716 595873 317273 198309 445978 379019 94128 498090 499590 159424 394780 330553 528910 400027 121948 96469 579687 485424 503639 185144 316419 284398 521665 288780 83770 529646 465262 362542
465934 502981 155544 186745 251069 280125 213018 754889 186845 666156 356644 282718 527443 401545 194617 646218 403520 812765 535266 300297 644139 631904 782940 385462 467223 378509 768571 400684 652253 150363 767094 321377 266814 999999999 687667 184813 570613 605018 309954 138066 602084 107863 565134 116430 401091 618792 405385 231345 461366 646026 137457 221288 413941 506187 471459 328087 342485 440010 590503 236490 117999 584273 405781 486751 488308 269014 303130 319482 679828 539589 669880 512351 222651 463773 289911 284584 357637 553515 315971 296334 630623 194590 661590 544401 690196 177712 155299 296802 641564 610955 673277 385944 431881 448597 315060 509596 183191 684596 632560 507500
1088126 270926 828999 841735 775421 598536 817552 716906 725201 134715 442317 865822 257741 1066926 821583 258835 322018 685880 369317 640159 94124 73823 649697 873905 725012 535562 600703 292570 182007 710661 718135 585923 427032 687667 999999999 602908 734765 584972 492302 824571 574873 736427 996177 691917 308000 219915 786622 908337 974727 217833 677065 863360 868798 1102042 865533 511604 946220 346166 786032 866258 605013 889849 385681 773977 405017 421611 654294 828586 111611 286435 257444 1084178 900693 871529 693615 557917 826503 513098 425168 854598 651341 570061 119637 235265 615298 826269 548915 449507 803665 651380 583572 333386 431355 353817 878846 390819 509024 627984 567108 385580
645565 488968 330070 367463 178630 96831 215682 849661 358707 549378 401900 467262 394041 567355 223789 633183 388940 890906 559550 126532 583319 562180 857009 563557 604186 194990 832666 353253 525082 322539 860266 137009 253279 184813 602908 999999999 696308 687658 376063 296167 682347 291317 741945 286390 373338 595120 268516 329662 644265 621282 81941 403558 313721 689013 638701 405268 343774 295336 725463 420145 75535 741812 254739 633011 525229 245445 133950 242699 624461 396113 654983 696788 323995 345732 439904 382682 531140 621580 340775 255977 727352 294194 608794 414872 769519 360389 218065 333013 773277 710332 746767 271110 263152 299357 280313 541445 202030 767933 707000 343337
598362 469180 570102 538394 819841 782588 780464 225589 405762 814882 353238 443441 777436 669471 757604 506071 468187 315971 366745 821178 642904 661795 304685 336117 110446 833471 324864 538159 836739 434715 239632 812118 499476 570613 734765 696308 999999999 181183 343122 612354 189365 495989 333607 460158 496774 526318 959921 739407 398521 540459 693653 523339 982194 568825 237506 309655 898582 757028 51699 505558 625645 177598 753398 122474 330847 513752 829870 889456 645459 812102 521790 526556 730699 1028014 286774 315636 309996 228888 413812 866095 136506 402178 628724 776903 227258 524322 478711 404008 80245 119151 238402 669545 814750 772907 883554 343947 503926 210634 218566 852179
744680 337823 648805 627133 838292 760526 817222 165901 479107 681429 291422 559167 673694 795661 799603 339339 371413 207773 220264 804010 490986 514908 178718 478399 243193 787982 174098 443567 710171 497853 174815 782432 451266 605018 584972 687658 181183 999999999 311777 681793 10105 558219 510298 512511 400860 367460 956040 808617 557304 377053 706232 621805 994817 724534 400736 284334 947042 675095 229837 608527 626945 358705 681237 280688 205686 463873 814959 909232 486353 711008 352004 686451 799488 1032524 366016 320658 441475 79658 357154 896954 66371 412753 471428 668400 85245 610917 476422 358308 229613 69377 74050 590696 746485 691204 917448 208086 485628 80568 39937 768276
604602 239109 396919 392261 529051 452136 515915 473823 250969 530525 56657 383190 455289 605110 501882 363944 171531 516722 232025 494390 418752 421434 483981 381883 278108 492345 464077 223961 539803 249269 484278 477252 156375 309954 492302 376063 343122 311777 999999999 415029 306755 296801 516709 246250 191601 349629 644558 533389 482822 375356 396672 402994 683651 612654 387054 33479 650143 419639 382984 399437 315744 443865 412258 321709 181034 170683 504833 599822 442367 486291 387653 592546 524281 720750 201346 65662 334556 249260 78715 591449 352434 118236 422863 459665 394513 375190 166799 62421 423321 336384 373317 332555 472318 435125 613019 203674 174130 392211 332960 514239
355465 628642 51711 97353 280634 381311 204350 817676 207555 804051 467698 224345 663440 271440 174096 768645 532103 886465 646709 388088 778146 767342 860150 353330 502587 489137 852623 535532 789427 184110 830808 423457 400481 138066 824571 296167 612354 681793 415029 999999999 680620 123777 526592 172035 532623 744840 450466 127842 403694 771951 223343 133140 429328 405732 460674 425412 293121 573327 621192 155482 245098 584843 537150 509136 595991 404045 386419 333230 812572 673861 792502 422430 118898 487803 327176 373534 341773 641926 437562 289317 695914 297271 793997 680987 766334 102265 282204 415880 673736 674903 753889 523098 556658 580874 299106 618700 316882 758081 713890 634993
748415 328143 648239 627210 834102 754471 814012 173303 478754 671500 284939 561082 664498 797852 796699 329346 362887 211181 210367 798128 480885 504835 180949 482310 248096 780856 173446 434955 700364 496844 181765 776003 444644 602084 574873 682347 189365 10105 306755 680620 999999999 556947 517222 510843 392291 357360 950625 807215 562305 367001 701941 622484 990169 729064 406442 279904 944308 666635 238471 609515 622242 366718 673140 286592 196630 457133 809168 905027 476267 701869 342118 691387 798075 1027447 366639 317545 444786 70705 350517 893334 76468 409277 461329 659065 88385 610906 471978 352212 239201 79152 73542 582450 738473 682738 913964 198566 480340 85616 35895 759669
373601 520868 100249 105345 345912 387382 290134 696235 91701 732251 351364 176333 605233 330922 264581 656710 429139 763376 528740 408143 681362 674317 736693 278834 387759 482981 728851 443901 724005 61795 709207 428276 309849 107863 736427 291317 495989 558219 296801 123777 556947 999999999 458572 50552 434073 636422 507537 250491 353564 663215 243821 130787 506850 407555 370495 304348 402634 525501 509130 140089 220453 488206 495049 399949 476763 316670 410818 410212 712929 621886 680588 409561 241388 560270 209215 251160 253883 518360 329118 377640 573736 181733 693864 619872 642887 90360 188019 305901 561346 552909 630171 461201 528130 535825 392646 499889 231041 634875 590137 600380
328394 726575 474887 429611 798647 838714 729913 539998 383270 1046664 558344 302276 965820 441606 700243 803566 685073 636860 652882 864025 912259 922740 632058 179749 282199 923300 657057 740582 1056442 419428 553339 877648 646554 565134 996177 741945 333607 510298 516709 526592 517222 458572 999999999 455573 707584 812113 964429 629931 135001 831643 702211 396280 954365 276757 130779 490785 810590 913662 294738 373297 667039 166198 895171 235488 603759 659926 867730 857508 925335 993573 822947 227446 623473 1011253 329572 455839 211597 538939 594237 815829 470049 493533 906697 972635 560450 424795 562977 573589 326922 452572 571834 831448 943929 927584 825492 623779 605945 543470 549366 1003129
406998 471563 150744 151564 366693 383189 320468 654226 72554 693043 300875 195899 571600 375223 297507 606562 381238 718717 478197 409080 634487 628514 691203 277356 354264 471516 681914 399449 687046 36149 666967 422468 267123 116430 691917 286390 460158 512511 246250 172035 510843 50552 455573 999999999 387446 586861 521516 296742 361954 613574 252287 171505 529384 435120 356360 254161 440473 496604 477115 176127 211733 467873 468814 371387 426292 275128 413450 434055 665249 590465 630432 431932 287577 580010 175464 201564 245194 470194 280122 406718 530893 131652 646088 585055 597495 135304 147003 256605 528732 510387 583775 427586 506865 507897 423597 449385 192327 590083 543509 575846
780134 115960 530290 538680 550821 413347 568459 563991 417331 339118 151778 557826 280776 762450 564509 259979 29586 575771 208629 459912 247298 241599 538507 571718 455489 408334 502747 42818 350514 403952 570874 422245 135122 401091 308000 373338 496774 400860 191601 532623 392291 434073 707584 387446 999999999 224035 619792 631066 672660 250897 428892 558099 681780 794655 577395 216967 704812 274490 543607 559814 345680 623993 283873 502402 197405 136046 473254 616031 280071 316063 282098 778160 622647 704087 391065 255641 524643 321699 118282 625722 459968 262442 261395 280339 466423 522671 250642 142212 575026 450785 437150 192021 349867 290566 649701 202761 217995 471457 403681 367423
951685 116204 735916 737302 773408 625553 792461 497225 600321 332480 293078 731786 380492 954212 788097 48937 215899 470645 161276 671793 126165 155326 433698 712521 532260 599726 386139 242458 370271 595745 498751 627874 357370 618792 219915 595120 526318 367460 349629 744840 357360 636422 812113 586861 224035 999999999 830638 850058 810800 27237 652866 750983 898594 954771 683747 357171 928847 428523 578006 748531 569696 690432 454819 580953 208379 359659 685652 837321 119484 418371 63717 929827 841418 916163 539343 411619 665715 299320 307816 849074 433664 455390 103971 366031 395425 720492 464344 330578 590946 435156 363674 370166 517079 442261 873145 188707 437790 408072 347736 503449
794690 734851 499978 545443 169933 206450 253799 1118168 592140 696437 668702 667591 536592 684221 284413 873413 640203 1158544 818394 159881 792104 764386 1124254 785232 863266 252275 1098435 591056 658225 555738 1128782 204279 514661 405385 786622 268516 959921 956040 644558 450466 950625 507537 964429 521516 619792 830638 999999999 398816 849835 854989 270081 582539 93818 850923 876568 673731 275992 440847 986030 604041 334712 989213 400968 887745 788312 504739 146626 134861 835410 519418 893357 871599 399427 85944 691043 649273 761290 889059 605886 192671 995726 558638 822806 560188 1037549 545820 484827 599988 1035274 978535 1014308 466970 360840 434663 202715 802920 470466 1036234 974775 428169
402413 734311 170378 208745 237890 392821 149359 945512 335320 871922 583629 331938 721194 285769 122547 877466 634570 1013839 763057 384208 871125 856695 987153 465202 629370 504013 978635 627687 851287 311568 958635 432167 496090 231345 908337 329662 739407 808617 533389 127842 807215 250491 629931 296742 631066 850058 398816 999999999 499802 877295 247727 236328 353802 462975 577657 546691 181204 624225 746815 259007 304973 703663 584208 634035 714101 496899 378005 266563 908094 725335 901153 490804 9177 415315 454881 496733 460079 766658 546718 211620 823653 415207 890202 741057 893354 219556 386475 526790 799377 802676 880313 589035 589832 628845 212095 736193 413221 885359 840137 670871
207218 712773 352323 306456 681489 740699 608043 620942 293873 1008476 532749 182337 910296 309431 577699 810381 654249 714054 659010 761439 897677 903076 703023 100972 314208 833112 719987 700104 1012259 326808 634861 781260 589462 461366 974727 644265 398521 557304 482822 403694 562305 353564 135001 361954 672660 810800 849835 499802 999999999 833174 595461 270882 833017 170375 161042 463494 680968 847102 372822 248262 571540 265669 823655 279404 605703 601526 763658 736845 916703 934398 831793 129197 493787 891352 281693 417520 148270 567523 554788 692299 530774 430300 897422 920013 621346 304343 489367 531677 415977 510695 626395 769949 866338 859829 700383 628081 535059 605923 597232 931792
976361 143353 762788 763852 799678 650312 819356 500221 626223 337257 318733 756921 395931 980240 815137 41002 243110 468392 178982 696448 126705 159171 432010 735370 550850 622158 383337 268274 377229 622104 500987 651829 384485 646026 217833 621282 540459 377053 375356 771951 367001 663215 831643 613574 250897 27237 854989 877295 833174 999999999 679608 777223 923774 978596 703933 381997 955670 448371 592145 774541 596576 706962 475980 599312 228726 386655 710358 863299 110663 433373 45280 953035 868653 940622 563366 436793 688735 312131 334796 875536 442827 482038 98469 380378 399436 747015 491554 357444 603017 445565 368004 392772 537415 461740 899634 207915 465007 412902 354892 520772
577683 542296 262826 303921 132381 157989 141662 863649 323851 629058 431773 414421 475153 492188 144845 687911 440495 912775 600493 167952 651627 632583 880510 522470 594571 266875 860328 414553 605952 287202 875068 200116 299134 137457 677065 81941 693653 706232 396672 223343 701941 243821 702211 252287 428892 652866 270081 247727 595461 679608 999999999 341152 290282 624847 608446 422045 276326 377024 717692 359838 85020 719390 336628 617910 560905 294487 168722 203183 691643 477936 710503 636557 242113 334368 421053 389558 495091 645907 376601 199452 739698 296829 675169 495659 790179 299442 230100 364116 767607 721289 769845 348365 343681 381256 222739 579302 230581 786777 729365 424324
245293 637169 82565 37547 413037 495865 337343 740738 153685 862681 459507 95639 735756 204531 306887 766937 550495 818376 630143 509040 804621 799506 796047 228920 413282 598429 795823 570940 854780 155594 754432 537895 438359 221288 863360 403558 523339 621805 402994 133140 622484 130787 396280 171505 558099 750983 582539 236328 270882 777223 341152 999999999 562260 285459 342600 402763 415331 654574 523578 22988 339279 469289 622873 409756 575994 445923 509088 466333 834300 751808 790642 295430 229181 620921 255845 346733 226977 595883 447733 421441 624297 297786 815009 750574 703253 43602 317256 423594 575727 602701 695738 591801 652477 664420 429913 599773 361261 692566 657631 726804
756092 797703 480805 526630 162880 274851 224980 1153522 596240 783823 713939 652895 622922 637712 255383 939489 699754 1200359 873087 230177 868615 842391 1167311 777727 880699 339200 1144757 656638 746990 561090 1164803 282877 566845 413941 868798 313721 982194 994817 683651 429328 990169 506850 954365 529384 681780 898594 93818 353802 833017 923774 290282 562260 999999999 815789 876846 710514 202696 524972 1004033 584770 367937 994816 483858 900596 838818 558537 215968 97056 911582 607836 960330 841058 356402 61683 703851 679752 758930 931965 654083 143204 1029728 587097 898052 646469 1078127 529934 518534 645147 1054733 1011454 1056721 542728 448691 520062 142439 855165 512010 1075378 1016512 518849
66415 850178 362099 321772 681641 780843 597751 791202 382852 1120556 666734 241227 1006130 199515 566866 959185 780217 884428 809640 792107 1031371 1032821 873196 249640 481505 883884 889340 816365 1118368 406115 805103 822957 693146 506187 1102042 689013 568825 724534 612654 405732 729064 407555 276757 435120 794655 954771 850923 462975 170375 978596 624847 285459 815789 999999999 331400 599134 637383 931322 542803 269804 623966 430408 902142 449021 755090 703284 791258 724758 1054424 1025569 981480 49772 459701 876936 415493 547402 293249 729434 676901 672698 700400 536458 1034942 1018861 790692 328762 579328 652626 584837 680098 794730 862345 935426 942232 674912 778296 625625 775506 764372 1007894
363768 596232 410683 369111 716400 734528 656478 460311 284639 916364 427715 248727 838655 448103 628627 677102 554569 553042 525733 763692 782060 792153 542102 117554 160672 812274 560017 611013 926831 321249 474266 771701 521438 471459 865533 638701 237506 400736 387054 460674 406442 370495 130779 356360 577395 683747 876568 577657 161042 703933 608446 342600 876846 331400 999999999 360460 753195 790209 213254 320758 563167 127021 773850 120231 475430 535136 768802 779953 795885 867335 697105 289221 570034 930752 207870 327517 119024 419173 465049 744033 370621 373005 777129 844744 461477 359766 446202 444987 259073 350905 467930 706579 825212 804529 756737 496062 487005 445749 440610 881202
594518 251202 403537 395088 554250 483307 537186 444494 249211 555914 69299 375086 485811 602291 521766 367127 194436 490781 227445 525031 434580 439629 458918 362941 245946 525391 441422 251771 566984 252417 455274 509202 189853 328087 511604 405268 309655 284334 33479 425412 279904 304348 490785 254161 216967 357171 673731 546691 463494 381997 422045 402763 710514 599134 360460 999999999 670039 452365 349582 397324 342728 412590 445516 290351 173741 204162 535212 625160 455625 517414 390488 576750 537533 748912 184267 56100 315516 226064 109533 614623 322154 133568 436181 489473 368138 377945 192097 95394 389848 305516 348361 365133 505745 467919 635725 197357 204036 364902 307730 547099
