NAME : synthetic_000964
TYPE : CTSP-D
DIMENSION : 100
GROUPS : 8
RELAXATION_LEVEL : 1
EDGE_WEIGHT_TYPE : EXPLICIT
EDGE_WEIGHT_FORMAT : FULL_MATRIX
EDGE_WEIGHT_SECTION
999999999 607175 462013 954129 867176 575664 539896 362458 376783 1000561 950771 1056986 1090637 211788 482103 869993 363544 1141963 823680 316086 229086 900497 535717 944258 565338 706044 1200965 889281 579235 342312 1090738 783287 371851 584286 943239 217522 901079 1075320 745678 633085 761367 658026 789956 833589 1045263 265895 371296 584180 841382 683184 889696 537197 346884 809058 1063760 955936 1106667 736377 531092 965920 511746 898825 187458 382198 776673 937811 585650 853236 503246 600605 1015534 1071735 731602 953731 667628 328618 934278 972441 854267 265237 341038 661557 891632 335092 1119987 980917 1009415 370439 1022739 1044723 932510 942524 968257 397771 685012 746747 982205 819201 932325 199797
607175 999999999 150893 361284 424705 202330 263310 387932 416363 578309 691212 553973 498650 427764 442460 586617 267224 576547 454498 590460 378242 714823 89997 648993 473982 590395 613448 500449 219530 268552 587363 618841 238046 261194 507847 391970 295687 515863 164823 222557 519247 324831 199723 613723 554849 481320 242876 572646 349005 595529 365434 195394 546139 693066 576292 829173 576035 627826 397548 782041 596768 361265 530393 524306 286827 691407 147154 565381 328121 263315 485296 606834 146922 347805 60497 281334 336537 511523 272698 589716 383738 117019 619516 506777 521436 383768 405139 427050 452830 529917 809731 678591 674696 391136 182644 342787 475237 222583 348350 569939
462013 150893 999999999 511460 529309 176224 199829 308992 285096 625734 681845 637385 630723 300273 336778 579217 117461 692598 471372 448135 233470 682628 113515 649857 389126 527414 742910 529334 257565 138442 671763 573342 110280 223731 557863 244810 439611 627894 285502 228371 491037 308458 328767 585901 632230 334630 122687 479144 467518 524891 496034 142262 408521 638560 652885 785486 673601 566161 311691 752905 483937 496214 379908 392541 351105 677581 151027 558100 310017 302984 580839 673984 292405 492402 209699 133458 472606 573490 395667 443080 243705 205111 610266 368284 658506 519444 547511 294574 570233 618552 763976 670032 676340 264479 244653 426346 558394 357365 496725 419971
954129 361284 511460 999999999 315150 513242 583561 664643 768861 656313 866031 544444 318176 756612 774027 773050 628413 447762 626145 948228 728946 927047 419224 810652 782884 861839 415149 637343 413996 612146 565934 862440 583263 561047 597874 745289 171662 421691 305372 495714 750412 583457 270839 830441 562457 841936 582867 883547 235727 876691 181328 526636 900866 942992 580388 1050867 515864 893956 715104 982503 927643 155542 891366 874822 439183 874302 462964 755180 542277 422559 460549 629304 222888 163071 306365 637560 224642 572196 281710 950099 741873 374895 804041 862568 303968 238362 198216 780083 361482 511799 1036347 853566 831120 741384 412630 350810 491733 242596 38679 931174
867176 424705 529309 315150 999999999 626591 687600 515365 814048 917435 1086642 831849 631652 655397 859759 984655 634365 758653 840937 966142 674552 1125477 416054 1037347 897757 1013998 730226 870874 296156 561779 857833 1037476 542342 685111 851180 696146 447987 725312 490502 638845 932648 741276 482213 1024235 845283 846645 532781 995233 91655 1020018 133847 619179 933070 1113908 865178 1244212 815902 1050971 820599 1189490 1011171 159609 868515 920718 649735 1090358 570842 964290 370318 267315 747927 910110 308536 463196 407079 612940 512396 836285 531338 951111 769266 512853 1017571 892670 619115 539603 509302 823191 660721 800179 1225990 1073818 1061162 793758 575449 120442 767460 470824 277127 911886
575664 202330 176224 513242 626591 999999999 70336 484557 272375 453994 510176 484127 536345 454068 260845 406367 217535 570022 295262 457065 364354 520831 243323 475444 276790 388094 639102 354182 400875 302478 518305 419406 279149 59011 388026 366660 388540 502741 217248 58527 325594 134746 261761 421131 474876 371925 294138 377279 548383 393429 558084 39874 403209 491912 494499 631251 531092 425634 203863 589818 414527 550146 443196 370868 201010 507374 56013 385071 478787 447317 439882 509693 332786 438519 226842 270042 397575 408628 305600 471797 264727 138369 438152 368828 573427 439461 482411 284036 455092 469978 611093 498056 501883 242422 121069 543660 407685 295223 511590 473823
539896 263310 199829 583561 687600 70336 999999999 495863 209804 466769 485540 518059 596047 442223 190509 384907 200171 620022 295665 393383 343586 482800 289174 457715 210786 333548 695134 359431 446343 304505 551525 374323 286533 44616 405625 341599 457147 552549 286504 106989 292068 124282 330347 386453 505541 316964 303127 310222 612019 335230 624548 68706 337956 442039 523893 586807 571659 371966 135432 553101 344327 617523 393088 303670 247213 480100 123130 364238 509840 492864 482919 532729 399755 506436 294019 259601 463027 432838 369897 411891 211624 208704 414803 305395 635021 503502 548522 221354 509564 507618 565636 474090 484110 179515 185945 599257 445080 363781 581623 420147
362458 387932 308992 664643 515365 484557 495863 999999999 474995 934003 980977 934744 878620 159935 570007 880763 311660 963897 779769 553814 234396 969142 297936 953271 644117 794807 994291 838293 252593 194332 968787 853708 209334 527465 865523 255984 665186 903764 552668 537324 785526 613735 586592 877707 932433 439664 192796 713023 504669 784536 560494 448443 545477 908651 953548 1060546 962306 832711 575199 1039870 682235 574704 421970 554888 653067 974752 458003 860048 145122 258114 870599 978258 458929 713155 440251 252365 715920 878714 660117 520126 417785 490671 910580 510513 895333 762357 773150 478147 840306 912923 1037809 969687 979712 472534 543950 395991 855368 606346 635041 462818
376783 416363 285096 768861 814048 272375 209804 474995 999999999 634696 575491 712111 805817 359411 108805 493215 186392 826899 456695 184706 252746 533076 398611 567495 192821 341957 904521 522029 532801 294682 744255 414287 297609 250863 583221 237345 658600 759555 486968 316787 384591 303351 532431 459167 696215 118277 313238 240473 752127 324452 777809 247206 132488 452576 712708 604682 771623 376578 155372 601304 210984 775938 201534 108201 454859 563360 311567 476576 546297 575223 685831 713231 563216 709510 464346 231019 669947 617800 577792 202596 57217 402699 515047 96486 844444 711652 754654 11662 718710 705578 581256 566835 591592 30290 393138 708239 643765 565766 760965 219287
1000561 578309 625734 656313 917435 453994 466769 934003 634696 999999999 258368 158706 425297 905863 547786 218045 664789 341028 178015 786234 810065 356242 657710 201233 482752 427281 450468 112781 796532 756437 170102 368970 732484 424739 70475 808352 486495 300779 439749 397997 293746 343892 437301 300343 130598 752969 746909 538931 825884 457902 800749 492961 727816 432607 129570 468873 234400 433999 482117 383542 629926 780382 835934 683905 291540 275083 476040 216601 903886 838216 217120 95808 622164 497007 553084 721518 432466 84154 387361 822764 660665 461399 230780 711182 473419 430721 486613 643818 325088 182300 463881 249281 209615 608748 397923 881323 169835 446613 681304 852674
950771 691212 681845 866031 1086642 510176 485540 980977 575491 258368 999999999 417023 675771 910923 468681 104680 675907 599243 246001 678584 804707 106490 750780 58701 385658 260708 708587 229659 905895 788049 427064 180433 771722 458181 285827 795866 694960 555942 596806 471545 197311 375436 611904 117801 388916 685554 788465 393097 997877 290760 985321 539957 626197 208043 387195 210540 492643 245560 426892 125756 486597 968610 767556 583271 438626 20418 554453 126010 988845 951594 467795 346080 778540 717695 687296 737201 652189 327116 584501 724657 619646 581796 72126 623624 724684 661594 719715 580899 571034 439206 206567 12824 50931 558385 515596 1027348 414659 631820 884547 771350
1056986 553973 637385 544444 831849 484127 518059 934744 712111 158706 417023 999999999 276377 933758 640945 367812 701591 182348 280178 880017 848248 513350 641604 359568 589110 562673 291826 230849 760604 775016 34402 514009 747639 473453 152757 850765 384901 147551 394356 425713 423729 408764 375622 449495 28109 828055 759748 660514 740793 591544 706145 523774 821037 583233 37384 627469 77154 575275 570146 542246 746054 683360 907994 778674 286974 433496 488166 362026 880559 797520 84356 88932 559613 381373 514350 751913 322554 106527 309014 910541 727013 444261 385091 798368 322610 307283 357380 722518 187602 32695 622081 407763 368278 683457 393091 814735 79386 373186 574520 930866
1090637 498650 630723 318176 631652 536345 596047 878620 805817 425297 675771 276377 999999999 924965 767139 606143 729013 132193 478924 989133 863681 761803 585807 617072 741351 763812 115691 457315 654383 763383 285367 734979 732968 556478 390421 873263 216895 129445 345313 489061 628465 529774 302325 681591 301943 908219 739777 831634 547264 787814 498093 568598 932804 812244 313352 882440 221699 786002 696180 801202 902287 472642 977503 895984 358513 689722 510600 594344 786242 679236 208684 364839 430894 177955 441089 762919 162857 348910 236572 1007345 800981 429232 630489 901345 49119 116285 123278 817386 107195 246476 873706 665012 630516 775535 415964 648797 261145 276218 355118 1009679
211788 427764 300273 756612 655397 454068 442223 159935 359411 905863 910923 933758 924965 999999999 464620 816918 242067 992405 737788 404533 107854 883463 346037 891608 545709 697696 1038808 800995 368796 162575 968150 765018 192545 482012 841422 122155 722785 928023 582080 512112 713721 566439 623049 799960 926692 298066 185215 599258 630876 682517 680724 414347 404507 810124 946827 962693 973003 733745 487056 953286 554214 691005 267145 421165 646809 901822 445812 797436 293719 388882 880262 963698 536797 774301 487391 184395 763781 862626 692856 366657 304361 504903 843899 373605 949115 811021 832439 359525 869600 916460 939376 900694 917481 365320 543347 534974 855423 648921 732119 306263
482103 442460 336778 774027 859759 260845 190509 570007 108805 547786 468681 640945 767139 464620 999999999 390371 264260 771932 371718 239787 356990 424272 446276 463708 84120 233785 857885 435355 593964 381208 671421 305486 377772 218396 502594 343274 644948 705621 475748 287999 281590 240777 518565 351690 622352 217495 394590 145639 789885 217947 807698 250678 180877 345540 637097 498075 705900 269217 72126 492589 154922 802422 300494 137825 408824 455949 312067 374951 626222 638816 625292 631850 584990 692948 480421 318963 645661 541093 551679 275016 160449 399209 410346 164053 809299 683409 731725 112807 672388 638452 474756 460433 487103 99470 371886 761847 578512 551820 771541 309577
869993 586617 579217 773050 984655 406367 384907 880763 493215 218045 104680 367812 606143 816918 390371 999999999 578926 545349 147288 614894 711980 157437 646294 75011 311290 217686 652730 148855 801240 688876 385300 151760 671439 355516 220124 704554 603337 494373 495993 366908 108833 271671 513593 82356 340639 607514 687999 341883 896492 249267 885883 437050 559383 215581 344467 281020 444955 218512 339823 209551 436219 869903 690790 515381 339432 105800 449938 21367 885153 846921 403189 313674 676229 629887 583575 640046 564993 266163 491532 657777 533038 477787 33058 551487 655244 578964 637310 499843 499311 384030 269585 92188 100576 473237 411879 923464 347743 535264 789643 698906
363544 267224 117461 628413 634365 217535 200171 311660 186392 664789 675907 701591 729013 242067 264260 578926 999999999 778589 495726 334011 146894 658361 225126 653077 333781 483490 838169 559072 347720 118340 735799 542278 113744 240260 601416 149680 548433 712108 385755 276044 478873 324371 431062 568928 692365 218063 130399 409746 578420 474308 610357 177818 298710 597307 711897 748983 746856 521590 263552 729021 395923 611678 263263 288695 416830 668257 222159 558928 363035 389344 654887 725715 409866 601275 324523 61304 575666 624804 492445 326269 135937 300013 607132 258317 760280 621597 654240 193760 659203 686876 726307 665140 679218 173596 321668 525107 624777 461839 614137 302765
1141963 576547 692598 447762 758653 570022 620022 963897 826899 341028 599243 182348 132193 992405 771932 545349 778589 999999999 439273 1005013 920429 694323 666331 541568 732542 728305 109504 401438 754730 829863 178304 686943 800178 576880 325587 927151 325067 67477 413111 515787 589094 531334 377306 625745 210444 936986 809237 813946 672223 755427 625810 606672 946830 759384 214690 809587 109668 744880 699806 724566 893366 600694 1011919 906888 372809 615501 556443 537483 884196 783992 150629 262790 534392 297129 524039 820056 261718 279207 303871 1029329 831155 487559 564807 919278 165141 223426 249889 838091 123741 161515 803810 589834 550622 796910 456956 767674 204641 359282 483793 1040137
823680 454498 471372 626145 840937 295262 295665 779769 456695 178015 246001 280178 478924 737788 371718 147288 495726 439273 999999999 611163 638765 301430 522562 197083 311799 289292 540917 65641 672928 594722 307159 256268 573138 256409 132308 635606 457074 380123 350832 245384 150764 171384 366658 208601 257814 574965 588613 380363 751950 316153 739602 331722 552422 334646 269878 425498 352760 308164 304674 356799 466371 723235 657922 508844 192804 251188 328845 129035 766967 717552 289352 260312 533206 485589 444743 554445 421396 174762 344947 646247 483214 340977 179152 534311 527436 438885 496969 465863 372004 285620 412129 233191 221860 430760 274035 784613 234633 387986 642392 674869
316086 590460 448135 948228 966142 457065 393383 553814 184706 786234 678584 880017 989133 404533 239787 614894 334011 1005013 611163 999999999 321231 611668 558928 684529 306131 420018 1085955 674231 673996 412033 910821 500679 426385 432815 742336 298805 842809 938005 671288 500234 508647 475053 716879 561558 861856 120702 438299 288851 912375 392545 943853 431360 58993 511114 876793 651167 943609 444084 309875 672024 203542 944350 142269 102357 635233 662759 495432 602146 657870 711840 860832 871432 736921 893933 642121 354740 854639 780817 762365 51612 206748 586440 629787 88237 1028404 896203 939355 173044 899926 876495 628112 672493 705524 214672 577726 853688 815821 750162 938204 116615
229086 378242 233470 728946 674552 364354 343586 234396 252746 810065 804707 848248 863681 107854 356990 711980 146894 920429 638765 321231 999999999 775758 309729 786852 437865 589881 975128 702935 378630 118606 882491 657249 145980 385377 747525 22849 672027 854544 518376 422878 607739 467612 562100 692967 839223 205325 148846 493119 635829 574932 678602 324571 311110 702416 858782 855019 892392 626016 379734 845515 452547 685024 198335 322141 562831 795231 365191 692807 339685 409454 800126 872406 506059 724659 438653 100859 706073 771554 627877 291640 197005 435638 738368 276660 891958 752886 780490 253556 799510 833109 831725 794655 812545 257604 464751 556372 771160 590832 708983 241524
900497 714823 682628 927047 1125477 520831 482800 969142 533076 356242 106490 513350 761803 883463 424272 157437 658361 694323 301430 611668 775758 999999999 764105 156458 340416 194564 802989 305404 921698 774810 526301 118889 762158 464027 372607 764257 758479 646870 642081 492301 195757 390183 663558 101388 485422 634918 779311 322861 1039217 219539 1032642 544711 563464 110348 485810 124089 590028 167598 397214 70744 411811 1017876 713991 522650 489702 86372 570952 172972 992630 968114 556599 447583 817368 786452 719745 719122 721798 417057 646275 660294 582794 613350 131318 566885 810920 736370 794713 536601 655354 532989 112235 111255 156616 520744 550041 1056603 501773 687086 942158 712483
535717 89997 113515 419224 416054 243323 289174 297936 398611 657710 750780 641604 585807 346037 446276 646294 225126 666331 522562 558928 309729 764105 999999999 712566 492178 622700 701049 573356 157883 193406 675246 660833 164118 300442 587534 326377 378034 605845 254783 279846 568909 376518 289195 664435 641417 442930 164830 585916 354438 623439 385262 221970 521125 730749 662787 873247 665503 661140 414177 833139 595827 387100 480397 505984 367957 749039 196364 624927 246359 204440 574403 691477 196339 428937 144722 221022 423104 594466 362461 550744 356325 198978 678658 480784 606525 470172 487671 408062 542648 618273 852651 738429 738746 377748 259828 315651 562539 310643 399713 522119
944258 648993 649857 810652 1037347 475444 457715 953271 567495 201233 58701 359568 617072 891608 463708 75011 653077 541568 197083 684529 786852 156458 712566 999999999 383349 276168 650795 173348 865852 762098 370811 200642 744051 426622 227173 779526 639274 497495 546880 432737 182915 341437 559779 129185 331488 681119 760477 405681 947920 307586 933493 507603 629928 245847 330598 268049 435623 268841 414588 184307 500238 916226 764197 586170 387839 73936 516468 94200 953724 911079 409144 291232 730042 660833 641569 714102 595258 268463 529537 728511 607889 537130 54820 623590 665989 603761 661799 573921 512359 381124 262648 48334 26486 547906 470367 981574 355958 578511 829987 771283
565338 473982 389126 782884 897757 276790 210786 644117 192821 482752 385658 589110 741351 545709 84120 311290 333781 732542 311799 306131 437865 340416 492178 383349 999999999 152182 824568 372188 645752 452094 617761 221556 445167 222989 444106 425165 641292 667888 478443 287269 203441 213274 517781 268268 568349 299900 462323 100919 822799 140540 834665 278702 249179 265514 581357 418114 658062 189149 78001 409094 161413 826936 382054 204964 385158 372474 332283 297251 690102 691653 583023 570999 609480 686122 503543 391776 633495 485646 540113 347073 242806 411086 329327 240285 785895 667364 719209 196902 641567 590215 395022 377753 406030 180897 371250 806414 532849 550038 784543 387934
706044 590395 527414 861839 1013998 388094 333548 794807 341957 427281 260708 562673 763812 697696 233785 217686 483490 728305 289292 420018 589881 194564 622700 276168 152182 999999999 830130 331859 779562 601742 585607 80814 592996 329205 409940 576805 705088 669365 558711 378406 139411 280339 591015 147344 537664 440664 610235 132483 933668 31642 937818 401469 369980 113844 545700 266128 637994 38758 220563 260432 225970 926981 519432 328535 431207 243810 443413 212818 834138 826014 578631 522491 713749 743390 609332 542508 683803 456269 595490 467581 394084 507397 222395 372350 811513 709835 766028 344592 657948 572173 243168 255957 293487 332498 454031 931133 523728 620285 869476 518315
1200965 613448 742910 415149 730226 639102 695134 994291 904521 450468 708587 291826 115691 1038808 857885 652730 838169 109504 540917 1085955 975128 802989 701049 650795 824568 830130 999999999 507153 769196 876840 286918 792068 846514 653734 432618 983978 331893 160805 457525 588608 691555 617548 415759 732424 319912 1010465 853743 909871 649409 856362 596458 673233 1028626 865762 324031 918841 218509 848380 786030 833982 985958 570638 1082101 990209 450818 724713 617657 644091 901267 793094 252131 371474 545638 290112 556337 874272 278429 386731 347307 1106956 903507 539621 673021 998906 111468 231976 231930 915959 186039 270025 912831 699089 660079 874269 520566 756282 307741 390865 453458 1112815
889281 500449 529334 637343 870874 354182 359431 838293 522029 112781 229659 230849 457315 800995 435355 148855 559072 401438 65641 674231 702935 305404 573356 173348 372188 331859 507153 999999999 719937 655644 254228 285535 633182 319014 78092 700207 465929 347471 381375 301322 193221 235337 390060 225744 205891 640306 648305 434172 780529 360938 763295 391828 615674 358671 214934 427821 306612 344930 369347 350887 523019 745325 723356 571875 222675 239862 383259 137616 819207 763609 255879 198995 566101 488044 484454 617179 422559 124638 356472 710246 548854 384408 174603 598547 506410 433151 491441 531096 350457 241946 417618 217498 194098 496269 317872 821911 200151 406995 657030 739898
579235 219530 257565 413996 296156 400875 446343 252593 532801 796532 905895 760604 654383 368796 593964 801240 347720 754730 672928 673996 378630 921698 157883 865852 645752 779562 769196 719937 999999999 265903 792838 818699 247898 458284 726068 400083 437488 700950 366531 434361 726302 533144 387534 821771 764482 553676 237326 736708 262173 779326 312747 379676 644579 888275 785954 1031128 772857 818111 567933 990532 738402 324715 572492 636413 505096 904834 352075 779892 132543 46571 686022 819938 223557 480543 246903 319329 495543 727261 459592 656537 483632 336242 833850 604435 664341 539392 540399 540865 634299 734035 1010511 893427 891809 516125 402174 179950 683607 398115 383191 615894
342312 268552 138442 612146 561779 302478 304505 194332 294682 756437 788049 775016 763383 162575 381208 688876 118340 829863 594722 412033 118606 774810 193406 762098 452094 601742 876840 655644 265903 999999999 809414 659507 30543 339119 689979 137788 564232 765601 419730 358877 591958 425505 461172 683646 769166 291348 30286 526162 519071 592629 560557 263942 388673 715535 789637 867047 812029 639890 381566 845539 505601 566610 306761 387873 488252 781355 287127 668393 252572 300903 719265 809040 389418 616332 328873 63664 602898 708159 530480 391474 239004 342428 718153 349732 788627 650088 673617 299999 707025 756660 844432 776929 788458 286979 382833 445558 696210 487730 591299 350112
1090738 587363 671763 565934 857833 518305 551525 968787 744255 170102 427064 34402 285367 968150 671421 385300 735799 178304 307159 910821 882491 526301 675246 370811 617761 585607 286918 254228 792838 809414 999999999 533834 782021 506937 176702 884910 410027 156182 426960 459862 447417 441013 406905 467522 49416 860537 794107 686818 767106 615010 730813 557982 851828 600818 40851 637483 68642 596530 600990 551196 773529 707621 940775 809229 321373 444408 522568 381132 913522 829300 110638 84559 589798 403150 546945 786255 346540 132399 338965 942008 759985 478212 400308 829760 329485 327721 375134 754572 205467 59298 633291 418529 377259 715771 427426 843665 113580 403130 597104 963208
783287 618841 573342 862440 1037476 419406 374323 853708 414287 368970 180433 514009 734979 765018 305486 151760 542278 686943 256268 500679 657249 118889 660833 200642 221556 80814 792068 285535 818699 659507 533834 999999999 648092 360937 362442 645530 699278 631731 565627 398791 112344 296201 593031 72282 487623 517451 665312 213236 953910 110338 952772 439211 450084 80688 493190 212567 590736 68321 279705 188268 306261 939985 597409 408171 424171 163151 472355 152832 882963 865265 540091 464767 732028 733278 630423 602669 670968 409265 587436 547961 463921 525235 149101 451009 783596 692293 749858 417961 627913 527223 191828 176330 215771 401876 466002 961612 484375 619883 873573 597711
371851 238046 110280 583263 542342 279149 286533 209334 297609 732484 771722 747639 732968 192545 377772 671439 113744 800178 573138 426385 145980 762158 164118 744051 445167 592996 846514 633182 247898 30543 782021 648092 999999999 318897 665436 163747 533717 736118 389554 334507 576625 405324 430804 669374 742298 305892 17250 523349 496298 585399 536007 241485 399371 706521 762890 857234 783575 631426 372434 832895 508289 541253 327850 395291 461203 765678 260501 650743 249438 285608 690828 783235 360408 585841 298395 71717 572393 682516 500325 408880 243779 312957 701254 359714 758104 619589 643087 303950 677208 728815 834853 760396 770480 286886 354919 427823 668668 457247 563014 370912
584286 261194 223731 561047 685111 59011 44616 527465 250863 424739 458181 473453 556478 482012 218396 355516 240260 576880 256409 432815 385377 464027 300442 426622 222989 329205 653734 319014 458284 339119 506937 360937 318897 999999999 362505 384288 426692 509438 258690 69741 269642 86451 300591 365130 461039 360388 334937 323904 606149 335087 614214 81855 376329 432978 479474 573069 527209 366666 154453 533479 368342 605460 437260 340129 204239 454258 114280 334433 531444 504809 438746 488955 388891 474555 283171 298198 428122 388812 334327 453428 255711 188097 386542 345333 596510 467124 514061 262259 467865 463044 552723 446329 453106 220657 153566 602665 400517 333718 561764 463675
943239 507847 557863 597874 851180 388026 405625 865523 583221 70475 285827 152757 390421 841422 502594 220124 601416 325587 132308 742336 747525 372607 587534 227173 444106 409940 432618 78092 726068 689979 176702 362442 665436 362505 999999999 746792 426693 274580 370329 331107 271150 285237 369722 300158 127992 701122 679569 510349 759794 438934 736681 427416 683467 433826 138179 492158 228700 422769 434095 410932 597884 716963 783260 640130 221066 299348 407561 211915 833625 767810 183992 130019 553532 441708 482860 657044 376310 46828 323482 776257 605345 390957 241552 664048 439454 379920 437365 592888 285221 164884 483992 274814 242448 556110 327709 812476 129427 380804 621063 802327
217522 391970 244810 745289 696146 366660 341599 255984 237345 808352 795866 850765 873263 122155 343274 704554 149680 927151 635606 298805 22849 764257 326377 779526 425165 576805 983978 700207 400083 137788 884910 645530 163747 384288 746792 999999999 684327 860928 528194 425052 599344 464970 572434 683122 841026 183752 168058 477106 656329 560972 698340 327140 289923 688792 860340 841249 896534 612490 369664 833706 433834 704331 175613 302349 566476 785916 370928 685682 362534 431501 804556 872647 522481 737076 452179 111364 716777 772020 637017 268819 182828 444385 730336 256192 902466 763397 792318 237370 806933 836411 817889 786029 805035 244333 470586 578237 774237 601744 726040 218860
901079 295687 439611 171662 447987 388540 457147 665186 658600 486495 694960 384901 216895 722785 644948 603337 548433 325067 457074 842809 672027 758479 378034 639274 641292 705088 331893 465929 437488 564232 410027 699278 533717 426692 426693 684327 999999999 281544 171678 357513 586934 432784 126822 663376 400020 747416 538375 740242 357697 722451 321260 411466 790614 779963 419226 882516 368935 735242 580066 812482 794171 298707 808085 759328 275365 703619 347447 585956 569411 462862 300642 466073 214015 52868 235526 572971 65270 402605 112381 852594 641837 256748 633908 754880 230151 102945 109683 670213 215015 352864 868687 682554 659559 629226 273127 443979 325284 93370 194809 844322
1075320 515863 627894 421691 725312 502741 552549 903764 759555 300779 555942 147551 129445 928023 705621 494373 712108 67477 380123 938005 854544 646870 605845 497495 667888 669365 160805 347471 700950 765601 156182 631731 736118 509438 274580 860928 281544 999999999 351415 448348 530751 464885 318114 573143 173907 869513 745588 751019 636644 695723 594422 539562 879910 706103 184212 764988 95637 687619 633506 681697 829011 570057 944468 840170 305339 571055 490048 484868 828827 732216 91668 235576 483812 262549 465265 754365 216368 229878 244321 962024 763680 423181 516051 852110 175066 185821 225313 770765 67393 119042 757769 545788 508976 729544 390445 725310 147432 303094 455466 972661
745678 164823 285502 305372 490502 217248 286504 552668 486968 439749 596806 394356 345313 582080 475748 495993 385755 413111 350832 671288 518376 642081 254783 546880 478443 558711 457525 381375 366531 419730 426960 565627 389554 258690 370329 528194 171678 351415 999999999 191291 455365 278914 46071 542024 397974 577656 397553 578815 401142 572319 390621 239935 618939 645374 419441 763826 411964 592035 413095 703336 627019 375927 640979 587793 159291 601305 176254 476093 486850 404697 322182 454430 184841 222690 119998 417643 190021 364996 110780 681945 471427 86855 528678 583295 374683 235853 270848 498589 289431 368562 747292 583990 570663 457557 107361 442573 317077 78949 310835 675984
633085 222557 228371 495714 638845 58527 106989 537324 316787 397997 471545 425713 489061 512112 287999 366908 276044 515787 245384 500234 422878 492301 279846 432737 287269 378406 588608 301322 434361 358877 459862 398791 334507 69741 331107 425052 357513 448348 191291 999999999 296849 102842 231921 391168 416349 422223 348926 387839 556354 388346 559437 98368 444430 475140 435981 607527 473614 414179 222645 559517 436797 548947 496141 409080 144262 470601 83900 345553 522207 480145 382892 451592 335512 404993 232058 328312 358436 350521 264712 518714 315714 129031 399490 412327 528232 397761 444346 328342 403360 411932 588516 459096 458945 286499 84639 564556 349544 264826 498390 525022
761367 519247 491037 750412 932648 325594 292068 785526 384591 293746 197311 423729 628465 713721 281590 108833 478873 589094 150764 508647 607739 195757 568909 182915 203441 139411 691555 193221 726302 591958 447417 112344 576625 269642 271150 599344 586934 530751 455365 296849 999999999 194473 481506 95552 399089 498682 593537 245595 847615 167816 844180 351058 452366 193029 407894 311576 498748 157618 232047 264239 337933 830705 581969 408215 311868 189465 375216 93819 800423 772663 439726 387533 625502 621137 525941 540176 559107 317230 475110 550469 425444 419818 131320 443239 676674 581385 638685 391098 521891 432784 293522 186973 207298 365136 358257 861382 384620 507934 762045 590434
658026 324831 308458 583457 741276 134746 124282 613735 303351 343892 375436 408764 529774 566439 240777 271671 324371 531334 171384 475053 467612 390183 376518 341437 213274 280339 617548 235337 533144 425505 441013 296201 405324 86451 285237 464970 432784 464885 278914 102842 194473 999999999 313387 289360 393225 419600 421316 309107 658039 293417 658962 166254 416435 373245 410190 504713 469249 314744 168703 458044 373004 647389 500402 375783 172104 372832 181228 250398 613503 579330 385817 414214 436481 475498 334237 383353 421046 316275 328271 502838 320797 229457 303406 391113 573545 454159 506474 313802 432528 402686 485674 363310 367915 274758 173696 667233 341311 344098 589726 522195
789956 199723 328767 270839 482213 261761 330347 586592 532431 437301 611904 375622 302325 623049 518565 513593 431062 377306 366658 716879 562100 663558 289195 559779 517781 591015 415759 390060 387534 461172 406905 593031 430804 300591 369722 572434 126822 318114 46071 231921 481506 313387 999999999 564828 382288 623711 438007 617582 391232 606176 373716 285610 664225 673368 403532 786471 385461 623167 454531 722557 668676 356707 686965 632601 174243 617810 222172 494434 512434 422670 298788 442207 186542 177081 147153 461558 144643 358601 73794 727896 517434 132886 545764 628821 330036 190983 224788 544064 253770 347742 770829 599154 582574 502909 147285 445441 301180 33464 280555 722043
833589 613723 585901 830441 1024235 421131 386453 877707 459167 300343 117801 449495 681591 799960 351690 82356 568928 625745 208601 561558 692967 101388 664435 129185 268268 147344 732424 225744 821771 683646 467522 72282 669374 365130 300158 683122 663376 573143 542024 391168 95552 289360 564828 999999999 422509 568126 686397 278291 938186 178595 932361 446426 508681 133799 426706 221842 526583 140556 313458 168778 372594 917948 649925 465620 391717 104259 470424 88333 895552 868107 481599 395886 716247 693666 618370 630128 629788 346661 550995 607212 504806 511982 76831 505823 730567 647326 705477 464224 574430 464792 206077 110980 146218 443140 448847 955303 425889 589286 844385 653552
1045263 554849 632230 562457 845283 474876 505541 932433 696215 130598 388916 28109 301943 926692 622352 340639 692365 210444 257814 861856 839223 485422 641417 331488 568349 537664 319912 205891 764482 769166 49416 487623 742298 461039 127992 841026 400020 173907 397974 416349 399089 393225 382288 422509 999999999 812823 754851 637664 753944 566828 721083 514693 802864 556167 21486 599369 104721 549472 552091 514139 724173 698724 893417 760173 281126 405412 482039 335322 882445 802384 102488 66957 567765 399546 517676 743950 339048 83061 318363 893398 712953 443008 357439 781116 348735 326786 378503 706445 209656 55537 594027 379671 340178 667909 389051 824498 81178 382237 591570 915319
265895 481320 334630 841936 846645 371925 316964 439664 118277 752969 685554 828055 908219 298066 217495 607514 218063 936986 574965 120702 205325 634918 442930 681119 299900 440664 1010465 640306 553676 291348 860537 517451 305892 360388 701122 183752 747416 869513 577656 422223 498682 419600 623711 568126 812823 999999999 317634 322381 794765 418701 828175 340479 106624 545695 829651 694765 885868 471899 272823 700916 261402 829728 83671 126426 564177 672274 401930 591619 538333 591217 798662 831098 626312 799554 535793 234347 765407 735105 675624 108508 107249 491117 627840 77289 944635 808993 848296 109508 825544 820445 671252 677562 704594 145121 492386 733492 758294 656402 829620 103323
371296 242876 122687 582867 532781 294138 303127 192796 313238 746909 788465 759748 739777 185215 394590 687999 130399 809237 588613 438299 148846 779311 164830 760477 462323 610235 853743 648305 237326 30286 794107 665312 17250 334937 679569 168058 538375 745588 397553 348926 593537 421316 438007 686397 754851 317634 999999999 540126 489076 602584 530305 256891 412760 723767 775536 874484 794546 648660 389673 850045 524088 536324 336053 409785 473729 782520 273609 667265 233270 273621 701845 796569 360314 590214 302849 84833 578584 695985 508308 419296 258883 322734 717910 373335 764004 625821 647935 319339 686018 740478 852102 777107 786917 303137 366733 417216 680649 463707 561636 379325
584180 572646 479144 883547 995233 377279 310222 713023 240473 538931 393097 660514 831634 599258 145639 341883 409746 813946 380363 288851 493119 322861 585916 405681 100919 132483 909871 434172 736708 526162 686818 213236 523349 323904 510349 477106 740242 751019 578815 387839 245595 309107 617582 278291 637664 322381 540126 999999999 921651 103814 934707 377283 241422 225175 648488 372456 732737 155350 175113 384420 94580 927311 396722 202343 479190 376294 432517 333201 771853 782030 663407 631732 709698 784190 603805 463442 730131 554665 637325 337512 297097 512001 351130 249172 877240 762481 815439 239744 729532 665235 348954 388066 424369 240507 471511 901293 610959 649586 885431 391388
841382 349005 467518 235727 91655 548383 612019 504669 752127 825884 997877 740793 547264 630876 789885 896492 578420 672223 751950 912375 635829 1039217 354438 947920 822799 933668 649409 780529 262173 519071 767106 953910 496298 606149 759794 656329 357697 636644 401142 556354 847615 658039 391232 938186 753944 794765 489076 921651 999999999 941125 63338 544381 875548 1031255 773920 1158925 726294 970094 746548 1102401 943160 86522 824088 859921 560097 1002048 492374 876311 363821 246669 657007 818635 222113 375523 324441 564393 422468 744650 439683 901396 710761 428683 929316 835194 537950 451361 424180 761860 571436 709242 1141136 985058 971504 729971 489507 126125 675934 379276 197048 867028
683184 595529 524891 876691 1020018 393429 335230 784536 324452 457902 290760 591544 787814 682517 217947 249267 474308 755427 316153 392545 574932 219539 623439 307586 140540 31642 856362 360938 779326 592629 615010 110338 585399 335087 438934 560972 722451 695723 572319 388346 167816 293417 606176 178595 566828 418701 602584 103814 941125 999999999 947322 403790 343939 128190 575284 280301 666483 53211 214293 282874 195969 937244 496048 303416 450181 273422 449249 244094 829129 825610 605375 552916 722520 762023 617389 532239 703430 485046 613927 440835 378199 517259 253943 348490 835194 730801 786462 326194 682466 600303 256921 286414 324582 317394 466460 934387 550786 636146 883096 493193
889696 365434 496034 181328 133847 558084 624548 560494 777809 800749 985321 706145 498093 680724 807698 885883 610357 625810 739602 943853 678602 1032642 385262 933493 834665 937818 596458 763295 312747 560557 730813 952772 536007 614214 736681 698340 321260 594422 390621 559437 844180 658962 373716 932361 721083 828175 530305 934707 63338 947322 999999999 558568 904271 1031428 740435 1154034 686266 973287 759939 1093841 962168 25877 862382 885996 546799 990734 502394 866250 422006 302680 621852 786834 225356 331876 331259 601756 384295 718097 413473 935846 739597 430423 918360 864144 485295 408622 376108 787996 530836 674042 1137119 972547 956248 754123 486793 189396 645074 356920 143291 904859
537197 195394 142262 526636 619179 39874 68706 448443 247206 492961 539957 523774 568598 414347 250678 437050 177818 606672 331722 431360 324571 544711 221970 507603 278702 401469 673233 391828 379676 263942 557982 439211 241485 81855 427416 327140 411466 539562 239935 98368 351058 166254 285610 446426 514693 340479 256891 377283 544381 403790 558568 999999999 379462 508804 534347 651748 569973 439727 202172 614466 405596 552419 409083 349896 239750 536112 64559 415903 449639 426245 478461 549499 334704 462609 229770 230227 425366 448441 335145 442878 233373 155637 468243 343417 604269 468577 509080 258799 490306 509304 630960 528065 534087 218074 152813 530617 447099 318837 522156 441195
346884 546139 408521 900866 933070 403209 337956 545477 132488 727816 626197 821037 932804 404507 180877 559383 298710 946830 552422 58993 311110 563464 521125 629928 249179 369980 1028626 615674 644579 388673 851828 450084 399371 376329 683467 289923 790614 879910 618939 444430 452366 416435 664225 508681 802864 106624 412760 241422 875548 343939 904271 379462 999999999 466208 817816 610318 884759 396433 250891 625835 164945 903558 161383 44239 577811 610940 443913 546076 639332 684379 802250 812648 693038 841279 595694 327977 800453 721848 707693 98624 164840 535051 575326 40414 972620 841403 885557 121044 842589 817603 586997 619646 651467 161413 523253 823193 757005 697616 892317 150297
809058 693066 638560 942992 1113908 491912 442039 908651 452576 432607 208043 583233 812244 810124 345540 215581 597307 759384 334646 511114 702416 110348 730749 245847 265514 113844 865762 358671 888275 715535 600818 80688 706521 432978 433826 688792 779963 706103 645374 475140 193029 373245 673368 133799 556167 545695 723767 225175 1031255 128190 1031428 508804 466208 999999999 559973 152664 660340 76439 334168 161510 308511 1019032 621637 427510 504852 187837 546026 221911 946495 934821 614466 527630 809706 813813 707178 656349 751337 480397 668101 560969 505967 602696 202965 473968 861043 772104 829805 454384 705063 598548 129510 208877 253768 444816 544693 1035433 558704 700413 953868 616390
1063760 576292 652885 580388 865178 494499 523893 953548 712708 129570 387195 37384 313352 946827 637097 344467 711897 214690 269878 876793 858782 485810 662787 330598 581357 545700 324031 214934 785954 789637 40851 493190 762890 479474 138179 860340 419226 184212 419441 435981 407894 410190 403532 426706 21486 829651 775536 648488 773920 575284 740435 534347 817816 559973 999999999 597709 105897 556139 567282 511721 735984 717906 910579 774905 301823 404318 502528 340438 903916 823818 119839 51598 588851 417349 539155 763866 357647 96046 339172 909026 730451 464310 359508 796716 359234 343794 394438 722827 224808 69602 593196 378462 337671 684621 410002 845334 102547 403130 609993 931933
955936 829173 785486 1050867 1244212 631251 586807 1060546 604682 468873 210540 627469 882440 962693 498075 281020 748983 809587 425498 651167 855019 124089 873247 268049 418114 266128 918841 427821 1031128 867047 637483 212567 857234 573069 492158 841249 882516 764988 763826 607527 311576 504713 786471 221842 599369 694765 874484 372456 1158925 280301 1154034 651748 610318 152664 597709 999999999 703182 229102 485482 87852 447765 1139753 768583 573746 612958 194154 683440 297024 1094742 1077687 675737 555902 936837 910503 837494 808380 845796 535311 770279 702097 658447 731393 253223 621371 931516 859894 918244 606165 776523 649134 23524 219755 260300 597415 669422 1171846 621584 810482 1065605 760468
