NAME : synthetic_000921
TYPE : CTSP-D
DIMENSION : 100
GROUPS : 8
RELAXATION_LEVEL : 1
EDGE_WEIGHT_TYPE : EXPLICIT
EDGE_WEIGHT_FORMAT : FULL_MATRIX
EDGE_WEIGHT_SECTION
999999999 566931 438443 740368 344556 815957 632793 290219 483858 400011 452438 887665 452617 862096 150862 487122 378110 609687 193671 371080 178214 679961 570016 563572 229643 409004 322916 223043 807617 885907 505434 444212 922889 830798 199674 783099 436667 924922 530108 569408 144723 577076 427695 394344 407091 539069 732247 359887 431509 401727 653916 612738 514170 237830 827728 272610 588784 343160 838827 349776 490436 607423 559653 683140 84046 816483 132177 412325 901391 564037 514773 1064720 202722 729732 910851 810903 917804 605315 382393 582470 246223 357524 311522 185941 101767 603235 874487 611334 328242 1027502 592295 788965 492331 667701 436559 402406 609446 431572 481185 680468
566931 999999999 485075 453759 414827 267577 73895 578568 134744 254300 456050 456781 135403 412737 590016 83644 515945 53607 566028 607201 456078 265703 189897 248791 359444 248679 252436 682976 240805 449218 62524 403920 542621 268058 521209 398491 204966 441622 586047 507470 481721 79046 159241 173295 364725 131240 354657 224972 152400 173114 416219 99376 565076 516290 419001 706848 580863 602273 388928 297131 76533 328739 11659 438286 527341 368299 530047 594201 334997 86962 295989 528352 415652 311043 424257 520643 355549 239484 505288 149225 413439 559325 280565 444465 488326 513473 333513 334309 397542 515607 234345 343478 359205 161587 213343 457163 495045 421771 566474 525697
438443 485075 999999999 351568 112978 739370 555133 672062 350462 535229 719069 549872 473437 543420 327294 455507 702134 537979 272996 165743 501208 397574 341345 290098 286900 539303 418482 364880 674210 552628 455347 681296 547134 658805 245096 439130 528192 621640 841831 133387 295913 549465 345172 380476 122060 561722 400313 446221 461398 354895 266805 580205 820662 207830 892793 353555 875975 180077 526106 218994 439991 270882 487117 847268 354469 849250 522673 767136 761387 417033 659913 995930 484053 781449 613244 409024 729605 677836 65444 382993 210668 711066 451782 497325 453529 847730 647232 271050 588191 995426 667253 823008 686095 645150 273354 41885 180306 683633 82955 251399
740368 453759 351568 999999999 403524 612269 490978 903415 372903 648864 863857 216764 535954 229020 661981 486708 889123 487473 610721 513685 736513 199854 269813 224787 526652 647853 568195 713399 513070 222968 470885 814637 195576 465110 573775 122708 614687 308611 997784 243023 598373 532466 419398 480059 333906 580785 123185 572406 537977 450109 87864 545200 975751 541560 851017 704929 1008570 530927 221899 403542 465388 147619 463151 891721 662195 789686 785076 965641 572293 368013 735254 828497 705060 752162 306629 75030 503254 693240 415743 305025 494689 916761 609705 728276 718654 952585 402120 142108 761512 858041 687864 769960 788470 593690 353133 367797 190711 826474 381068 149234
344556 414827 112978 403524 999999999 679292 488022 561658 282627 429046 607209 576621 379736 560819 259833 370924 589184 468417 211124 192430 389998 392638 308313 272729 173968 433777 310569 323465 627436 577218 374974 570517 593963 623241 171149 466392 426756 633914 729088 230179 199877 470117 261480 285207 76620 472831 419948 341021 365285 263596 315732 503525 707983 142280 806364 328098 764145 189527 540272 122777 358447 286791 414601 745401 262695 767867 416108 654594 719151 360547 556550 939625 371565 694987 622866 470823 701345 584949 96240 342045 102659 598713 341812 385652 346676 738180 630034 289244 475551 930428 573641 740796 578469 569091 203894 71094 265928 572110 187533 336397
815957 267577 739370 612269 679292 999999999 193791 763304 396665 441833 578103 513440 363340 465623 854109 334401 669272 215615 832515 871554 679512 415785 406756 466965 622801 433158 493054 948511 108098 502670 320396 531910 619159 175567 788011 512991 393430 445982 682536 737439 744801 238927 426799 433390 623148 283029 490556 456909 384451 438606 608120 203259 665934 783831 277808 973782 649326 868044 449982 564058 337255 530418 270463 425835 785999 208979 756426 739234 132090 322503 397102 260892 640170 225580 430077 660517 218432 279543 766620 361504 680790 721432 508873 667796 727471 563759 281579 534732 578518 257654 287563 202142 465362 155070 475559 715743 712875 554640 817816 724640
632793 73895 555133 490978 488022 193791 999999999 620957 206356 291250 474844 461123 186150 414337 662012 145744 546636 23114 639131 680449 511507 293758 241932 303310 430929 284076 312856 755645 177726 452325 128876 423337 555315 217666 594471 419504 239864 429762 599149 569504 553203 74240 233027 242558 435892 139251 381491 280862 206181 245451 464249 61747 579199 590042 363681 780198 585134 675880 392105 370952 145209 378696 76875 414770 596982 307536 587120 623207 269515 142757 301050 454485 471141 261344 412121 552904 303152 217477 577609 196952 487027 593656 335894 499754 550058 510694 299970 383915 436026 442578 216310 284665 369379 103307 285463 528562 552902 443404 635747 577473
290219 578568 672062 903415 561658 763304 620957 999999999 560664 329853 229479 998681 443182 962347 439213 497511 123666 600680 474928 646043 172360 783810 669504 689440 392552 337360 347853 511458 793950 993867 520056 253008 1059764 838560 467058 909811 381237 1007783 255988 789663 392099 548664 502243 444788 599088 488690 857752 360610 427227 469375 825744 576269 244943 501260 677966 561719 323282 619895 937702 505257 512017 756853 567742 487704 355201 690145 161904 125456 877780 617782 377720 975450 198843 605350 991245 978274 923903 495478 629295 661544 461408 78580 309003 178309 224401 363860 912062 762075 186025 917933 484502 666161 321921 609116 553298 630992 818153 231050 732810 884015
483858 134744 350462 372903 282627 396665 206356 560664 999999999 276625 492027 438019 164242 402334 480382 121364 526118 188009 449705 474932 410735 223405 110774 148640 258648 275223 212828 568544 350235 433252 112622 442198 503544 357190 404117 352860 242010 453239 626042 381001 376777 201668 59905 116203 229995 227425 301811 206389 165089 92080 316313 230444 604078 394088 547367 587562 635685 471555 377751 170461 101087 230308 136708 536337 430291 500302 476375 604386 444062 84173 366434 657095 372711 437082 437624 446084 441634 346604 371262 103009 294700 559983 252546 400211 422080 581510 390834 236180 398841 648848 338195 474641 416263 294929 79152 322500 375109 454832 432137 415392
400011 254300 535229 648864 429046 441833 291250 329853 276625 999999999 215428 699335 123081 658289 482640 179709 262002 271369 482420 594559 241907 491494 385410 424080 280236 9139 119405 580313 464497 692931 201610 165781 774774 508915 446835 624881 51398 693926 349434 613408 378512 218841 231359 172940 422605 160575 575269 89248 113886 203825 586851 247411 327490 461206 430051 618662 361691 578303 633841 317593 198285 503844 242933 320228 396140 416482 318492 340571 550079 309366 131246 674668 204865 329760 676766 722488 594058 205304 523296 363978 366932 305156 99416 230518 301616 317161 585708 509666 144883 630805 192285 389005 151792 286885 307035 495567 622642 178342 615291 674765
452438 456050 719069 863857 607209 578103 474844 229479 492027 215428 999999999 909996 335075 867437 580067 390491 107599 459367 598739 744929 276792 705344 600710 639100 437615 217350 308710 669531 630369 903069 411147 52132 988595 685845 574788 839233 255742 897199 134017 812325 497114 401153 445058 385098 616884 335804 790084 294220 328629 415749 799889 418643 112062 599890 453286 716028 156936 723522 843268 511111 410419 718157 444391 258226 487307 472607 327055 163264 703279 520988 181822 765004 265832 391937 879736 937689 765212 298773 694641 577857 524624 161321 270360 271627 355496 150816 774726 723946 136507 701092 290559 450806 112742 432374 517779 677578 827070 37519 794064 883066
887665 456781 549872 216764 576621 513440 461123 998681 438019 699335 909996 999999999 576484 48364 834716 520175 958576 468029 787660 715425 845297 215269 330230 324367 660120 695557 650844 898634 405389 11194 499025 858070 106810 340752 746304 111169 654671 100909 1041679 455905 754619 524653 496719 554036 500615 586136 157208 641746 586201 529522 287010 522725 1020422 718892 783287 896910 1037548 729404 69021 537892 501069 289837 468293 874769 817248 715952 905994 1037375 433380 389974 752229 681889 808604 701881 106036 208896 344807 678599 610352 338379 652015 995693 690287 835294 845578 968164 245477 287536 833052 728629 677206 702397 815964 550776 457393 557432 405228 874494 591025 365170
452617 135403 473437 535954 379736 363340 186150 443182 164242 123081 335075 576484 999999999 535232 500249 56655 384533 163782 486401 563909 325395 370282 268038 312637 272255 119073 129736 597189 363872 569984 78784 283762 653521 399861 444558 504285 79767 571438 468365 530350 390526 124500 134039 94543 352923 97011 455549 95054 21125 118573 480412 160156 446679 448775 428500 628085 473370 552941 510800 257660 75513 394541 124701 379689 425839 395920 400985 463261 454932 186555 202833 614943 285009 317831 554364 608270 486812 205302 475860 242843 345717 425870 149762 313651 365714 417303 468915 400412 263232 585317 194232 368121 252515 217792 213862 437727 531523 298823 556206 576766
862096 412737 543420 229020 560819 465623 414337 962347 402334 658289 867437 48364 535232 999999999 816369 478689 918644 421912 770955 709093 811994 183211 297422 299165 633211 654202 614664 884135 357643 38395 457171 815407 153675 293731 728521 109436 612694 80634 998498 459032 732195 478997 461755 517637 484262 541151 143291 603661 545805 494337 288065 476030 977375 702842 734962 885059 992949 721373 24659 512885 460098 276155 424321 827370 794048 667676 874618 997478 388614 349252 707409 639420 774604 653622 77641 236008 302601 631739 601618 300813 630855 956918 653432 801736 815749 922606 201531 274773 793947 683865 630593 654048 771849 502935 427986 547382 410545 832273 590533 378011
150862 590016 327294 661981 259833 854109 662012 439213 480382 482640 580067 834716 500249 816369 999999999 520033 517766 639397 54693 227369 304642 641525 542957 520514 231309 490807 379386 97990 826654 834796 533813 563175 853644 837571 88708 725187 507627 886701 670570 460552 109816 619320 434099 420806 334498 595379 677579 419269 479879 416905 574130 655747 653233 121148 910522 137810 725080 198728 794867 317012 517082 545392 585318 790390 92812 889230 278131 558950 921278 564540 609473 1111908 315494 805403 874540 727035 921658 682057 264041 566528 189944 502969 384196 308724 227485 729737 863338 548158 447214 1085532 669123 861246 600806 717125 414917 298972 506866 554273 352648 578314
487122 83644 455507 486708 370924 334401 145744 497511 121364 179709 390491 520175 56655 478689 520033 999999999 441147 122631 500573 560538 372435 315520 217147 266097 288811 175515 169265 615152 321310 513579 22562 338871 598434 351562 456889 449800 134755 514942 523298 499531 410535 101699 110605 99291 333486 107922 401797 141407 70292 109774 435716 137439 501737 456372 437467 642413 525755 552319 454283 248492 21325 348624 74370 414978 452125 396949 446522 519891 414506 130512 248566 592052 332009 326037 497906 557944 439007 226928 465574 188578 352433 482112 196967 360821 405939 466111 415575 354475 319237 570040 217885 369943 303652 201777 185180 422709 495939 354567 538396 536672
378110 515945 702134 889123 589184 669272 546636 123666 526118 262002 107599 958576 384533 918644 517766 441147 999999999 528587 544475 704143 216426 747463 636883 667009 415235 267286 320972 600531 711935 952589 463296 140355 1029495 762739 527415 878858 311089 955866 152808 807886 449178 472485 472326 411636 612070 408533 827929 319803 372882 440345 818132 495291 136084 557149 560282 649219 211421 680288 894090 509644 458872 741572 504481 365112 427006 577237 246643 78834 790226 569410 273691 867406 220987 494704 938731 963997 845291 393165 668813 620848 496547 54512 279476 215484 290531 241572 845054 747161 127780 805785 383468 554544 210336 518524 536348 660255 829232 117219 771359 890371
609687 53607 537979 487473 468417 215615 23114 600680 188009 271369 459367 468029 163782 421912 639397 122631 528587 999999999 616956 660777 489174 292579 232211 292983 408234 264447 289931 733244 200303 459572 105940 407588 559916 238005 572403 421170 220089 441220 585301 556508 530478 58623 211677 219629 417982 123753 381151 258267 183608 223107 456816 57976 565062 568473 372501 758169 573600 655711 399137 350376 122402 370346 54937 411303 573986 318898 564632 605613 292467 130501 288422 475952 448778 267314 423604 551211 324152 212365 558846 188330 465257 574905 313432 477432 527134 501003 316695 375711 416251 462035 209846 294986 355739 112198 266818 510508 541717 427185 619090 568775
193671 566028 272996 610721 211124 832515 639131 474928 449705 482420 598739 787660 486401 770955 54693 500573 544475 616956 999999999 177736 328394 598821 504246 477770 214146 490075 372345 119101 798947 788129 512534 577484 803400 805989 45647 677514 502291 842735 696723 406137 104790 601466 407684 401567 287102 582939 630824 411877 466766 393916 522965 637684 678452 69309 905287 141942 747929 149590 749945 281770 495533 497867 562262 796776 119787 880076 313038 591117 893247 533669 612004 1092060 332965 798019 831072 674767 888722 676278 209444 530685 155039 534364 383012 330705 255155 746493 826415 500363 463416 1069704 663529 852100 609586 700648 380054 245723 452858 570600 298446 524225
371080 607201 165743 513685 192430 871554 680449 646043 474932 594559 744929 715425 563909 709093 227369 560538 704143 660777 177736 999999999 488775 558991 490632 445831 315474 600690 475741 226061 817132 718293 565946 716269 708926 808908 179049 604800 601368 787090 853832 278409 255860 660861 452498 469998 253657 659293 565917 511363 547594 451527 430922 694828 834304 147001 992379 201338 899215 28719 691574 312434 549204 435479 606816 914775 293207 956735 485160 757449 907649 551628 725473 1131677 484816 881463 778436 566232 883848 767353 111353 528251 227693 700267 498748 488781 422292 886882 806018 435955 608528 1122808 755485 929373 736725 760340 396002 167280 331188 713217 144724 397611
178214 456078 501208 736513 389998 679512 511507 172360 410735 241907 276792 845297 325395 811994 304642 372435 216426 489174 328394 488775 999999999 630173 515178 528238 220215 251015 205502 392754 689191 841376 393945 266044 899620 723827 311216 751147 286856 863768 368346 617387 233163 445913 350869 299303 426924 396537 698885 231462 305763 318851 656883 478959 350092 341853 658668 439546 420632 464419 787542 335098 382308 591315 446594 505630 212446 653396 76962 269951 779497 478134 343256 916550 40456 565973 847950 811029 811160 443255 461200 513664 290972 212848 175919 11776 78744 427393 784785 596334 150069 871828 430505 626538 315279 525748 391423 459851 645883 253940 564689 712060
679961 265703 397574 199854 392638 415785 293758 783810 223405 491494 705344 215269 370282 183211 641525 315520 747463 292579 598821 558991 630173 999999999 115002 121090 450649 488553 436114 714888 321563 211206 296069 654019 283314 283623 555014 134372 449846 246169 838593 347657 552770 342098 281621 339604 316673 396562 89037 428724 377615 314466 195666 350546 816942 532342 651439 720606 840504 566959 159342 331930 295123 132955 276264 702338 613718 589840 691763 826067 392070 186234 558668 644990 593353 553961 233277 259151 340712 502912 448042 127542 453334 782832 475950 620111 632555 777099 251110 135124 620895 666749 498837 570256 618026 395489 244841 392134 311694 668953 459793 311593
570016 189897 341345 269813 308313 406756 241932 669504 110774 385410 600710 330230 268038 297422 542957 217147 636883 232211 504246 490632 515178 115002 999999999 61610 340394 383391 322224 622554 333558 326198 201079 550252 392803 318604 459199 242117 347565 355315 734623 331439 448241 268707 167337 226438 237546 312226 191056 317162 272215 200210 226337 287222 712743 440902 604643 633631 741404 493750 273191 227072 195862 138871 197919 624177 507312 549467 577197 715160 420056 103074 465560 657824 478374 499065 340942 340813 393730 427321 380006 45842 353041 670566 362538 505109 518818 683253 322824 144419 509611 664402 421022 526427 520084 344010 133485 325089 311418 563740 415518 336663
563572 248791 290098 224787 272729 466965 303310 689440 148640 424080 639100 324367 312637 299165 520514 266097 667009 292983 477770 445831 528238 121090 61610 999999999 335772 423123 347077 594092 390057 322367 252633 589857 371387 369402 433924 223621 390646 366484 773052 270549 433219 326916 195276 256114 197622 366494 171493 348561 313636 226735 170052 347169 751027 411510 665480 600814 784158 451583 276471 213910 244882 82554 256047 678490 494894 610827 584860 744314 473718 162867 513961 715684 493692 559208 354059 298687 439628 483480 334485 107373 332775 697070 388448 518947 522659 729925 360370 88394 539230 724482 476532 587609 564884 405016 136827 278647 249817 601736 360660 276918
229643 359444 286900 526652 173968 622801 430929 392552 258648 280236 437615 660120 272255 633211 231309 288811 415235 408234 214146 315474 220215 450649 340394 335772 999999999 286835 163294 326514 597892 657940 302541 404445 701113 613155 172886 557684 292663 695305 556411 397722 122302 388659 206693 189540 206991 368836 506146 201457 252661 186540 443574 425031 535548 181942 693657 355877 594205 298245 609753 124354 285860 386366 354381 600238 171716 666480 259080 481028 692568 341453 411474 880827 198387 585288 681208 599949 698878 464944 257130 354261 88424 425486 183316 214590 192004 574416 648939 390811 303651 856199 452398 638530 421382 487235 206922 245023 425705 403735 357779 492330
409004 248679 539303 647853 433777 433158 284076 337360 275223 9139 217350 695557 119073 654202 490807 175515 267286 264447 490075 600690 251015 488553 383391 423123 286835 999999999 125084 588537 456733 689044 197164 167005 771866 501729 454174 622179 44401 688984 351232 615870 386328 211326 231401 173819 425872 152337 572813 93086 111288 204646 586767 239414 329358 468098 421420 626653 361689 584702 629797 321224 194535 503291 237240 314134 404599 407480 327576 345670 541949 305617 124797 665576 214003 320812 671779 721279 586663 196326 528330 361011 373164 311260 107110 239635 310704 315132 579358 509125 151957 621667 183298 379984 149088 278165 307910 499858 624347 180559 619663 675781
322916 252436 418482 568195 310569 493054 312856 347853 212828 119405 308710 650844 129736 614664 379386 169265 320972 289931 372345 475741 205502 436114 322224 347077 163294 125084 999999999 477272 489942 646016 189933 266008 714135 520466 333951 563653 130066 662203 439218 504225 271180 254233 154937 97037 309865 218794 511903 39883 108654 122111 497758 289822 417249 345219 532969 511941 463647 460148 590033 203850 177386 420617 243592 439201 299848 509845 277961 397564 582371 273794 249776 743183 165518 426379 645999 643106 607972 303968 404216 313979 248416 350051 41510 194160 237204 429560 579287 426197 193583 710110 291194 481860 267957 345709 215415 378176 518403 271680 497519 575368
223043 682976 364880 713399 323465 948511 755645 511458 568544 580313 669531 898634 597189 884135 97990 615152 600531 733244 119101 226061 392754 714888 622554 594092 326514 588537 477272 999999999 917321 899667 628137 655579 908106 925036 164736 787816 605617 957340 752877 493443 206807 715164 525388 515866 400084 692708 742639 517154 576969 510194 626477 751543 736606 182585 1008488 50716 810421 199516 863718 400868 611256 609100 678794 886047 186561 987112 355216 634834 1011730 652581 706508 1207198 407743 903375 946152 773588 1007822 780047 299472 649634 274028 580439 482064 398120 314130 820008 945031 611174 539077 1182245 767112 959125 695839 813504 499142 345670 543826 645478 368432 613604
807617 240805 674210 513070 627436 108098 177726 793950 350235 464497 630369 405389 363872 357643 826654 321310 711935 200303 798947 817132 689191 321563 333558 390057 597892 456733 489942 917321 999999999 394600 302249 580833 511246 69502 753505 408904 413328 339101 745460 657158 719730 246037 392555 414028 564163 305541 390194 458551 383877 411565 516851 217864 727165 744322 383047 937665 720158 816829 342369 520623 317209 444534 247987 511923 767351 314498 764847 786170 94682 267792 449327 326378 648842 317611 322905 557486 135134 340965 708563 291246 644265 761379 513621 677434 727055 637908 176490 448278 608056 345549 345710 304587 519362 199765 425433 655136 627890 602481 749071 633084
885907 449218 552628 222968 577218 502670 452325 993867 433252 692931 903069 11194 569984 38395 834796 513579 952589 459572 788129 718293 841376 211206 326198 322367 657940 689044 646016 899667 394600 999999999 492292 851099 117936 329783 746496 113498 647929 91183 1034523 460667 753648 516420 492200 549110 501028 578208 157308 636319 579999 524953 291080 513981 1013317 719497 772891 898570 1029817 731894 60491 536157 494646 290596 460762 865624 816095 705480 902643 1031407 422200 383588 744388 670720 804470 691972 95501 217897 333632 669774 612627 332965 651328 990097 685260 831296 842652 960006 234288 288505 827328 717445 668515 692069 808422 541307 454429 559374 410394 867690 595116 371802
505434 62524 455347 470885 374974 320396 128876 520056 112622 201610 411147 499025 78784 457171 533813 22562 463296 105940 512534 565946 393945 296069 201079 252633 302541 197164 189933 628137 302249 492292 999999999 359362 578499 330535 468357 430439 155647 492656 543555 493409 424709 95174 113523 113690 333353 115176 383057 163343 92848 118983 422661 128979 522087 466188 437858 654115 544508 558804 432821 253524 17111 335135 54282 426165 468121 394387 467654 542004 395974 110164 264895 579530 353554 326823 475588 541368 418039 234138 468558 169934 362436 504524 218799 382368 425885 483121 393228 340952 341705 560446 226016 367860 322098 194413 182684 423930 487519 375480 538000 525870
444212 403920 681296 814637 570517 531910 423337 253008 442198 165781 52132 858070 283762 815407 563175 338871 140355 407588 577484 716269 266044 654019 550252 589857 404445 167005 266008 655579 580833 851099 359362 999999999 937189 635329 550448 788043 204203 845084 184613 770181 474001 349494 396732 337394 575738 284170 739134 247979 278037 368211 752107 367741 162923 573175 425098 700475 198099 696070 791258 469719 358953 669538 392261 244488 470534 438190 325648 207334 655458 469316 134853 727179 247921 354761 827625 888200 715428 253874 660216 526604 492502 194573 229781 258977 344085 170630 723293 675351 116622 666543 244737 414948 70080 383912 470913 640168 783031 23155 757967 837567
922889 542621 547134 195576 593963 619159 555315 1059764 503544 774774 988595 106810 653521 153675 853644 598434 1029495 559916 803400 708926 899620 283314 392803 371387 701113 771866 714135 908106 511246 117936 578499 937189 999999999 447292 765047 150686 732987 198275 1121708 435119 783896 614661 559332 619109 521214 673640 202233 709916 660888 592066 281642 616237 1100103 734099 886899 900406 1122073 726459 169891 576795 578236 315567 553808 970084 847591 820043 955087 1107879 540003 468338 838370 787188 864956 802590 207663 151507 450380 772086 611178 410856 679913 1063285 754860 890329 891376 1056092 352006 311566 902371 835178 769755 805669 899627 648964 508213 562456 381849 952254 574067 327036
830798 268058 658805 465110 623241 175567 217666 838560 357190 508915 685845 340752 399861 293731 837571 351562 762739 238005 805989 808908 723827 283623 318604 369402 613155 501729 520466 925036 69502 329783 330535 635329 447292 999999999 760343 354517 457530 270428 804540 628537 733262 290936 406521 436934 555356 354208 342068 492411 418597 429682 478534 267910 785669 747766 452162 941868 782236 811045 280312 524564 343567 413305 277265 579166 784523 383500 798079 838437 108561 273035 506503 363736 683376 386517 254519 503723 87523 402802 698538 281276 651011 810629 548019 712172 755654 701391 106994 416361 653684 395620 406461 374024 576433 261022 426789 643693 594978 656346 729898 593252
199674 521209 245096 573775 171149 788011 594471 467058 404117 446835 574788 746304 444558 728521 88708 456889 527415 572403 45647 179049 311216 555014 459199 433924 172886 454174 333951 164736 753505 746496 468357 550448 765047 760343 999999999 636620 463998 799547 678390 378297 78362 558080 362597 358176 245885 541380 589227 373052 425259 349537 485911 594194 659393 38379 866165 185787 726641 153551 707228 236155 451315 456826 517629 763853 117249 839341 306543 578819 847761 488055 577375 1047844 310605 758102 787651 639506 843094 637268 184995 485208 109423 521678 347581 311998 243259 720530 781134 459544 438501 1026546 624629 811397 578697 657551 334455 213620 422651 545048 281689 494237
783099 398491 439130 122708 466392 512991 419504 909811 352860 624881 839233 111169 504285 109436 725187 449800 878858 421170 677514 604800 751147 134372 242117 223621 557684 622179 563653 787816 408904 113498 430439 788043 150686 354517 636620 999999999 583945 190066 972649 349933 647648 473320 408780 468451 390743 529687 52262 559239 511022 441553 179193 478713 950954 608581 767106 785761 974869 618442 99537 434063 429303 179796 409327 832416 710746 702631 808481 957214 459148 320572 692703 715032 715881 675267 186104 149209 384580 633182 499267 261450 544383 912625 604291 741639 746048 911039 282465 177155 751694 750066 629808 685410 752385 518092 359965 446264 301130 802699 482708 270188
436667 204966 528192 614687 426756 393430 239864 381237 242010 51398 255742 654671 79767 612694 507627 134755 311089 220089 502291 601368 286856 449846 347565 390646 292663 44401 130066 605617 413328 647929 155647 204203 732987 457530 463998 583945 999999999 645968 388748 596553 400435 167514 204175 151541 411171 110736 535308 91208 77320 181235 556971 196678 367117 474507 403273 641394 394038 587207 588388 309217 154751 471988 193457 319163 424804 382911 363807 389245 499491 265264 132670 631106 248281 297990 628701 687369 542667 174462 522561 322496 375653 355577 126110 275229 341151 340552 535007 477853 196199 590915 161569 355035 174490 239049 283173 490067 601632 219861 609873 650073
924922 441622 621640 308611 633914 445982 429762 1007783 453239 693926 897199 100909 571438 80634 886701 514942 955866 441220 842735 787090 863768 246169 355315 366484 695305 688984 662203 957340 339101 91183 492656 845084 198275 270428 799547 190066 645968 999999999 1025609 539560 798938 499740 513141 565621 557311 564206 221511 647229 584260 544927 368558 490958 1005032 775297 722100 960012 1014654 798613 95535 577973 498081 352386 453260 833928 859776 653597 929355 1034495 350668 390033 729642 591402 825312 650170 17641 308906 256635 643740 678743 350230 699235 996905 699293 853108 873062 940249 165573 351478 833839 643628 644223 643040 796560 507864 488496 623999 491178 863295 670451 457815
530108 586047 841831 997784 729088 682536 599149 255988 626042 349434 134017 1041679 468365 998498 670570 523298 152808 585301 696723 853832 368346 838593 734623 773052 556411 351232 439218 752877 745460 1034523 543555 184613 1121708 804540 678390 972649 388748 1025609 999999999 940344 600035 526694 578781 518612 744257 461679 923733 427189 462459 549151 933188 540578 22076 707041 513095 801771 71376 830604 974487 639184 543490 851902 574415 300192 579682 547237 398138 135874 811810 653637 298781 842750 369040 476406 1008059 1071671 880550 405628 812830 711205 640900 178233 399532 366591 443279 143510 897562 857680 253727 770692 399946 529808 229771 545709 650686 800036 957168 171316 914180 1014547
569408 507470 133387 243023 230179 737439 569504 789663 381001 613408 812325 455905 530350 459032 460552 499531 807886 556508 406137 278409 617387 347657 331439 270549 397722 615870 504225 493443 657158 460667 493409 770181 435119 628537 378297 349933 596553 539560 940344 999999999 425508 581124 396319 445032 196214 607255 322189 524935 522814 415500 171017 606716 918645 341192 926168 477091 967849 299359 445837 301306 480666 215419 512439 910037 485742 875287 646267 877012 735956 426768 728953 983530 595736 816924 534159 288867 688310 726433 197056 377208 332799 822259 541972 612198 576834 930490 595946 212720 687705 994840 717371 850851 764953 668346 316637 167002 53402 775599 139012 120215
144723 481721 295913 598373 199877 744801 553203 392099 376777 378512 497114 754619 390526 732195 109816 410535 449178 530478 104790 255860 233163 552770 448241 433219 122302 386328 271180 206807 719730 753648 424709 474001 783896 733262 78362 647648 400435 798938 600035 425508 999999999 509560 327632 311411 264472 485904 597863 311013 370225 308726 511332 545992 581032 109433 803706 240973 648447 231257 709677 221478 408084 469548 476682 692003 63835 780765 233666 501621 814411 460562 507586 1002236 232392 697559 785815 667941 818322 574840 243489 467657 104005 444430 279222 233716 167698 643644 764330 473091 361055 975763 561983 752772 504888 607309 316527 258637 464821 467916 345452 535775
577076 79046 549465 532466 470117 238927 74240 548664 201668 218841 401153 524653 124500 478997 619320 101699 472485 58623 601466 660861 445913 342098 268707 326916 388659 211326 254233 715164 246037 516420 95174 349494 614661 290936 558080 473320 167514 499740 526694 581124 509560 999999999 208639 199924 427654 65350 431124 218790 145583 211332 495038 36441 506485 558042 345727 743385 515301 653299 455933 348437 111700 407445 70891 360382 548208 299792 522336 548975 333977 165955 229932 492861 405874 235817 482131 598695 375375 161091 563708 228241 454098 519791 272099 434137 489736 443610 374015 413050 363178 468532 156741 273603 297116 100103 276187 518709 571137 369365 631893 603773
427695 159241 345172 419398 261480 426799 233027 502243 59905 231359 445058 496719 134039 461755 434099 110605 472326 211677 407684 452498 350869 281621 167337 195276 206693 231401 154937 525388 392555 492200 113523 396732 559332 406521 362597 408780 204175 513141 578781 396319 327632 208639 999999999 60852 223271 216700 357127 153289 127830 32876 355493 242329 556722 357049 548054 548001 592995 445759 437210 140162 96974 273120 156780 513718 378017 507002 416582 550050 487184 136351 334712 687494 312975 436607 497507 493730 492500 334027 355428 162912 254342 504157 195529 340383 362999 544241 447083 278901 344598 672231 324016 480174 377731 307849 79895 312103 398238 407584 428108 445923
394344 173295 380476 480059 285207 433390 242558 444788 116203 172940 385098 554036 94543 517637 420806 99291 411636 219629 401567 469998 299303 339604 226438 256114 189540 173819 97037 515866 414028 549110 113690 337394 619109 436934 358176 468451 151541 565621 518612 445032 311411 199924 60852 999999999 261238 189344 417036 92447 80935 30888 414838 236117 496541 359116 522473 543473 534440 459731 493003 163358 97505 333460 166920 468221 354516 487715 368622 489500 508291 178988 284097 691342 260154 411468 549534 554476 524211 299759 381358 216946 255288 444176 136346 288333 320248 488525 488183 339212 283966 668375 288538 460127 322020 299434 134119 343992 451156 347588 462995 501964
407091 364725 122060 333906 76620 623148 435892 599088 229995 422605 616884 500615 352923 484262 334498 333486 612070 417982 287102 253657 426924 316673 237546 197622 206991 425872 309865 400084 564163 501028 333353 575738 521214 555356 245885 390743 411171 557311 744257 196214 264472 427654 223271 261238 999999999 439937 343722 333416 341850 234419 246942 458784 722595 218626 770733 403967 772890 256218 463659 106025 317942 210958 366255 729363 328290 727442 463624 682071 654139 300962 543665 881770 402565 659394 546321 403819 631250 556571 144435 274599 160959 627894 346612 420819 394906 738517 556854 213663 491492 877709 546175 701112 574359 523929 151880 92727 219219 580378 204911 285347
539069 131240 561722 580785 472831 283029 139251 488690 227425 160575 335804 586136 97011 541151 595379 107922 408533 123753 582939 659293 396537 396562 312226 366494 368836 152337 218794 692708 305541 578208 115176 284170 673640 354208 541380 529687 110736 564206 461679 607255 485904 65350 216700 189344 439937 999999999 485363 179937 116176 209272 536473 87677 441361 545775 333569 724455 451920 649013 517744 350101 126671 448726 120370 312124 518421 298989 473476 484513 389643 213189 166295 525660 357357 222307 546623 649392 437352 119250 568502 276083 442629 456707 228282 384835 446928 382560 439210 454497 302686 491392 110844 271238 232354 129636 292986 527792 602524 304153 644676 640882
732247 354657 400313 123185 419948 490556 381491 857752 301811 575269 790084 157208 455549 143291 677579 401797 827929 381151 630824 565917 698885 89037 191056 171493 506146 572813 511903 742639 390194 157308 383057 739134 202233 342068 589227 52262 535308 221511 923733 322189 597863 431124 357127 417036 343722 485363 999999999 508172 461541 389843 152682 439073 901961 562219 735818 742426 927471 578081 126042 382824 381036 133599 365145 791318 660713 672876 756325 906167 449546 273961 646731 705636 663646 640494 214006 172897 383446 591887 458334 213241 495000 861179 552654 689382 694072 865223 284047 131851 700597 734928 587865 654307 705139 482293 307718 404196 277056 753371 449778 258001
359887 224972 446221 572406 341021 456909 280862 360610 206389 89248 294220 641746 95054 603661 419269 141407 319803 258267 411877 511363 231462 428724 317162 348561 201457 93086 39883 517154 458551 636319 163343 247979 709916 492411 373052 559239 91208 647229 427189 524935 311013 218790 153289 92447 333416 179937 508172 999999999 74682 122365 506025 253747 405114 383306 493417 551703 445948 496625 579006 228350 153087 425588 215269 405146 339353 469962 306428 398000 549935 257198 215809 705134 191007 386564 630653 646883 579711 264411 435952 303378 284898 354140 55618 219784 270947 405631 556228 431313 192455 670938 251691 441977 240944 307858 223573 406791 535615 256718 526616 589588
431509 152400 461398 537977 365285 384451 206181 427227 165089 113886 328629 586201 21125 545805 479879 70292 372882 183608 466766 547594 305763 377615 272215 313636 252661 111288 108654 576969 383877 579999 92848 278037 660888 418597 425259 511022 77320 584260 462459 522814 370225 145583 127830 80935 341850 116176 461541 74682 999999999 107960 479651 181280 440610 430297 445370 608316 470598 536001 521272 244048 86213 394771 142148 388191 404938 414453 381032 451712 475311 196554 206905 635949 265329 335200 567323 610977 505740 220059 461518 250113 327651 412659 129884 294045 344910 417827 485506 400633 249580 605825 208506 386578 251804 238694 207474 424881 526018 291833 543930 573305
401727 173114 354895 450109 263596 438606 245451 469375 92080 203825 415749 529522 118573 494337 416905 109774 440345 223107 393916 451527 318851 314466 200210 226735 186540 204646 122111 510194 411565 524953 118983 368211 592066 429682 349537 441553 181235 544927 549151 415500 308726 211332 32876 30888 234419 209272 389843 122365 107960 999999999 384141 246671 527077 347313 542770 535322 565321 442762 469770 140837 101891 303222 168604 496151 356021 505233 385547 517868 506213 163743 313458 698315 280661 431393 529160 524667 516372 323221 359236 194838 243493 471600 162844 308250 333496 519187 474846 308950 312570 679051 312456 477932 352644 311434 103265 319526 420738 378233 437703 471141
653916 416219 266805 87864 315732 608120 464249 825744 316313 586851 799889 287010 480412 288065 574130 435716 818132 456816 522965 430922 656883 195666 226337 170052 443574 586767 497758 626477 516851 291080 422661 752107 281642 478534 485911 179193 556971 368558 933188 171017 511332 495038 355493 414838 246942 536473 152682 506025 479651 384141 999999999 512888 911112 453772 827918 619220 948443 446819 274919 322091 414590 87809 424219 848521 575115 770214 702591 893441 587092 329315 682729 840634 626928 724131 363194 157172 529709 653017 330043 268566 407892 843023 539064 649116 635393 897333 433183 82099 691239 861448 646299 748408 731452 567416 282888 280816 124381 762372 304051 116544
612738 99376 580205 545200 503525 203259 61747 576269 230444 247411 418643 522725 160156 476030 655747 137439 495291 57976 637684 694828 478959 350546 287222 347169 425031 239414 289822 751543 217864 513981 128979 367741 616237 267910 594194 478713 196678 490958 540578 606716 545992 36441 242329 236117 458784 87677 439073 253747 181280 246671 512888 999999999 520980 593750 319627 779586 524591 687781 453716 382447 145892 425929 94496 354122 584557 269951 555622 570604 302818 184356 241858 456425 439142 212051 473319 609174 350068 155988 596431 244384 489825 544012 306310 467194 524538 449303 357021 431387 390297 432603 154576 244627 311016 65568 306934 550438 594326 388548 662282 623800
514170 565076 820662 975751 707983 665934 579199 244943 604078 327490 112062 1020422 446679 977375 653233 501737 136084 565062 678452 834304 350092 816942 712743 751027 535548 329358 417249 736606 727165 1013317 522087 162923 1100103 785669 659393 950954 367117 1005032 22076 918645 581032 506485 556722 496541 722595 441361 901961 405114 440610 527077 911112 520980 999999999 687633 503129 785231 78359 811291 953328 617441 521868 829842 553435 291379 561956 535072 382530 129597 794659 632128 279412 830679 349505 462476 987497 1049657 862292 388091 792167 689521 620370 166478 377639 347943 425777 137994 878000 835619 232475 759839 382021 516906 209973 527499 628615 778890 935281 149300 893325 992555
237830 516290 207830 541560 142280 783831 590042 501260 394088 461206 599890 718892 448775 702842 121148 456372 557149 568473 69309 147001 341853 532342 440902 411510 181942 468098 345219 182585 744322 719497 466188 573175 734099 747766 38379 608581 474507 775297 707041 341192 109433 558042 357049 359116 218626 545775 562219 383306 430297 347313 453772 593750 687633 999999999 874253 194105 753305 123798 682075 223841 449078 429056 513537 780349 154897 844658 341755 610901 838056 477200 592372 1044423 338138 765040 763909 606036 829139 646003 146859 469641 103945 553700 362836 341781 276916 743717 763680 431461 463383 1026304 633578 816820 597794 658024 320990 177942 386402 569010 243397 457947
827728 419001 892793 851017 806364 277808 363681 677966 547367 430051 453286 783287 428500 734962 910522 437467 560282 372501 905287 992379 658668 651439 604643 665480 693657 421420 532969 1008488 383047 772891 437858 425098 886899 452162 866165 767106 403273 722100 513095 926168 803706 345727 548054 522473 770733 333569 735818 493417 445370 542770 827918 319627 503129 874253 999999999 1044667 459083 981320 717058 683605 452874 742258 413732 213571 825805 68830 730694 610931 398106 502798 315616 336387 626819 111479 705780 908714 492664 229009 901909 560274 772558 614472 526684 648460 727187 372115 558880 747519 519003 258751 241781 81700 357589 260715 620539 860137 913736 446919 975597 940957
272610 706848 353555 704929 328098 973782 780198 561719 587562 618662 716028 896910 628085 885059 137810 642413 649219 758169 141942 201338 439546 720606 633631 600814 355877 626653 511941 50716 937665 898570 654115 700475 900406 941868 185787 785761 641394 960012 801771 477091 240973 743385 548001 543473 403967 724455 742426 551703 608316 535322 619220 779586 785231 194105 1044667 999999999 858531 177916 865478 417694 637082 608965 703373 928110 229986 1020941 404657 684787 1031623 670988 746467 1233622 452592 938245 949564 761965 1023151 815768 289237 663462 293816 630134 519666 444401 361247 866177 956404 610575 584257 1211646 802926 992951 738615 842589 515085 339828 528922 691088 346040 597098
