NAME : synthetic_000248
TYPE : CTSP-D
DIMENSION : 100
GROUPS : 8
RELAXATION_LEVEL : 1
EDGE_WEIGHT_TYPE : EXPLICIT
EDGE_WEIGHT_FORMAT : FULL_MATRIX
EDGE_WEIGHT_SECTION
999999999 612469 474914 683478 621259 713119 512310 826035 678050 342104 334151 437961 912758 293999 640802 455481 788394 80601 459649 854795 419247 323033 978007 954332 263128 710209 671916 693209 784814 261565 193829 305232 380386 798900 273036 833987 498286 561527 789977 371713 783654 742255 284637 341573 922598 904806 658439 690798 442851 640850 225225 796249 560059 458941 594794 596480 478099 988477 383649 546953 805883 42223 645678 478647 279226 421128 576737 866353 385370 767529 720524 713474 987425 799658 471925 328280 643004 321187 696668 93351 961338 649016 277411 249385 399936 912885 796694 455608 105720 667973 314817 646521 899237 543987 1030740 517303 853530 480315 718799 311986
612469 999999999 712618 485941 541869 667632 665184 964109 757038 473278 834528 178740 999414 322158 208378 923278 1155029 551612 880868 1220689 260185 308923 902973 891236 867483 1120929 1077127 89090 423166 861928 425744 891714 691779 1021393 352865 774908 998421 923775 1089302 710184 1093077 710447 881195 352615 986559 1276749 1084668 1132718 931514 855802 517190 776211 1019354 235645 657983 303675 885539 808450 310784 66741 711406 595375 403660 591243 338877 697953 221114 1227046 471976 436354 141305 882644 945105 1006091 445340 846818 964966 844465 452078 537436 839246 42284 632643 371520 872695 873776 1037245 952689 558312 979165 363587 1014117 654553 856146 940055 453234 574646 465354 419746 312556
474914 712618 999999999 419038 306577 318322 85431 351746 222546 250793 306678 617891 438235 485985 590780 304297 442951 418916 233313 508134 456461 457585 539111 513409 510521 420026 377290 750754 589101 646815 524473 469263 99306 344585 447109 410667 387910 222448 382221 118902 383860 328033 490803 378908 449778 564189 393908 445545 332586 173548 289387 361398 361984 477008 181862 480271 223568 599302 409508 656152 409640 434600 444572 137371 548186 55808 530536 514430 241625 556901 737645 239677 535488 338975 281056 334786 252363 340789 460413 416868 546075 726581 197521 545493 284641 467505 350891 354954 382692 267046 382081 306302 571816 145833 592369 296647 565530 265274 510863 468200
683478 485941 419038 999999999 114743 200096 335892 522912 329574 345881 691064 507491 534427 482525 285729 718824 815307 603251 650697 870915 344413 433390 417550 405310 844193 820078 780340 474382 175722 930211 598804 827437 470345 613631 467662 290929 803413 632183 715391 497650 724938 239698 837302 364561 515777 924115 803316 855360 743698 481437 464781 300271 780855 324915 263255 183718 642375 344250 342303 462388 225932 644150 82291 289751 557593 444746 266830 872865 304239 141441 432466 472624 459231 592153 213199 715895 632044 719053 48366 591701 358249 475183 493652 578505 689724 388926 636931 766761 580144 635184 390904 702241 219868 549882 456796 168598 170968 209127 103753 451759
621259 541869 306577 114743 999999999 129069 222361 430320 227348 279567 588961 525805 457726 465310 360349 608851 702481 543274 539411 759254 348454 417979 394321 376138 756063 705458 665624 546843 289858 855729 567259 733144 365321 509797 441845 250185 693174 517593 605726 392667 614533 171698 745969 336917 444845 813005 688602 740643 634980 369453 396476 238739 667646 341566 149803 244447 530142 369017 329518 505937 199934 580058 164880 183502 542033 336195 322468 761676 236333 255927 513563 367502 424117 489808 159125 614840 517910 618699 160360 533421 354985 539121 402257 557384 582556 347739 531495 657872 515684 521707 359707 587637 286734 435234 441713 118448 263551 144893 214806 435753
713119 667632 318322 200096 129069 999999999 237111 324026 146227 380295 623233 654518 336097 587067 478365 617701 644547 638796 544350 694457 476449 540982 273100 252650 813957 665649 629864 666956 363333 930961 681505 780787 401964 422837 560704 126156 698866 495699 534381 427632 545908 42916 798718 457305 319996 745285 658536 709495 648119 314699 489116 109737 657586 470570 137249 366071 530264 285505 454657 633930 95133 671027 274375 238620 663476 363648 446894 694717 339069 328618 629091 286622 297636 399742 277715 650932 474159 656331 247275 630616 248248 662538 465727 676542 602580 220534 448208 669807 607885 471548 478075 549619 261802 414984 323405 242658 277192 259924 301142 558314
512310 665184 85431 335892 222361 237111 999999999 336976 165761 231834 386221 589034 409851 472347 526505 389715 502385 447273 318636 564565 417453 437188 474603 449628 580320 491496 450021 695369 508001 706733 531045 544356 165670 361714 436103 338644 473327 298114 424869 190765 429645 251571 563396 352827 414961 620168 470132 522141 417768 191368 303977 293097 445286 432036 99902 412345 308297 521183 375102 612950 330501 470490 366939 73985 541124 126536 470148 569283 208665 475179 676968 233252 477806 350095 221603 413852 311707 419220 378602 442568 473277 675079 242787 543590 368766 405602 374544 440228 412404 321160 361962 374809 487076 216867 528018 227503 480133 202955 430341 450367
826035 964109 351746 522912 430320 324026 336976 999999999 207071 568167 599526 914578 101899 807871 790594 531502 388376 770410 465422 418874 736858 770470 323230 300462 823280 449515 429034 976050 686470 976983 866828 767066 446161 130527 772433 290335 590242 362471 261232 458183 277572 288955 796188 684563 129567 460793 467236 508475 566790 190044 635463 246798 516311 743348 308106 674121 443073 466031 700457 920623 345679 786093 592112 401804 877794 404906 749322 414766 541187 651970 943881 112662 284812 104414 527190 626682 289404 635007 570707 767912 381389 965496 548769 880562 547516 259459 160250 581599 734271 269890 696288 358870 538039 318102 363743 511696 581142 506376 625017 784615
678050 757038 222546 329574 227348 146227 165761 207071 999999999 380644 524608 712007 256691 614889 585940 498300 498326 612195 424404 548785 533064 574395 316710 290929 733007 521450 486926 770048 501643 867489 687238 690106 320033 284117 581865 195803 575395 360276 389555 341333 400551 131039 712737 487828 255785 600162 517200 567439 531061 170144 466766 142923 525256 537657 103808 468889 407359 392471 499288 713949 213789 636195 391782 212432 687772 276916 542783 549376 348009 466719 739626 143371 314156 263124 322633 552998 330285 559644 377933 606997 329590 758669 407156 694148 492297 244967 307451 551322 577647 326255 502379 406651 403064 283218 369895 304897 423383 301850 433316 589654
342104 473278 250793 345881 279567 380295 231834 568167 380644 999999999 390823 367155 635529 240653 390925 459731 686154 263714 410476 752995 213131 207824 651911 629948 505858 647796 603985 522984 470989 584337 307649 499121 218566 588313 204320 505197 539976 451387 632925 237939 634166 414188 503497 128361 636413 808914 611529 659974 473434 415297 119128 474524 550205 240719 281540 303672 413506 648018 163173 412856 469677 301326 321429 168616 309656 226709 323610 760330 43283 447601 521418 464874 669352 578972 132714 410143 498964 410668 365569 253917 626383 492694 176960 313894 414135 592458 597862 495972 236881 515891 132054 542741 558165 387714 703194 177467 516849 138695 397158 219751
334151 834528 306678 691064 588961 623233 386221 599526 524608 390823 999999999 686824 699058 527992 781147 122008 463606 333180 146761 527777 583904 527875 840165 814127 224775 378581 342546 897838 844602 387149 488624 168582 224513 532179 490281 716667 171343 261360 488375 197511 478498 634676 196662 487088 719336 575328 325683 356651 109809 412667 317463 666253 225910 618797 485989 692571 169525 905860 533437 768830 715804 312843 692628 405539 554919 259795 713396 540134 416899 816578 904761 493491 830416 541099 500238 28413 349708 35785 724329 342188 852009 861604 213864 534952 69014 767254 521241 125764 306708 376142 472114 330996 869296 281757 892861 535339 852443 494391 766771 527875
437961 178740 617891 507491 525805 654518 589034 914578 712007 367155 686824 999999999 966538 159138 294464 785976 1049880 382664 752678 1117351 179734 165524 915339 899229 697020 1003415 959851 265464 506151 683831 248037 726460 576061 950549 196662 774892 855656 811760 1000074 589831 1001271 696631 713174 239025 959865 1173009 962261 1007478 789670 778585 376385 763648 886981 185246 608330 333305 760795 850580 214575 118810 718583 424364 430930 517202 160845 591500 261192 1125246 381028 507547 306515 819873 949079 939064 389786 695723 865022 692295 488285 369027 863679 218818 499718 193191 732438 873258 962062 809500 394273 882636 237749 904403 710361 753192 959078 414784 637453 410450 474936 160940
912758 999414 438235 534427 457726 336097 409851 101899 256691 635529 699058 966538 999999999 871439 814286 633277 473512 853341 566715 495187 786990 831081 250889 232382 922034 543108 525597 1002609 684826 1073399 940072 867063 535604 218594 838012 264028 692009 464370 346009 549886 363285 294921 895632 744510 35678 531112 564424 603579 668566 287041 713396 236216 617300 788816 360091 700817 544500 409216 755060 961116 328786 872023 610451 466924 943918 493102 780122 489068 604280 651551 965167 206668 202811 194867 576779 726468 390375 734671 580058 849790 321792 996650 635595 949420 648394 201197 246814 683477 817621 369988 758957 458064 507146 418427 282739 554378 562009 556174 631718 846335
293999 322158 485985 482525 465310 587067 472347 807871 614889 240653 527992 159138 871439 999999999 359254 629111 905112 229525 599158 973087 149109 49144 858719 839372 545387 852969 809749 400033 535634 551258 128662 570536 431252 827787 40347 712720 697354 665402 864724 441993 864357 626282 559174 129977 869773 1028220 809931 853848 631664 654722 221908 691281 731278 184280 512380 343759 608684 822242 140294 255665 665226 273795 420749 406336 76731 452261 301455 981732 267398 526509 426651 705500 884352 819143 309353 536610 724818 533158 478491 215302 819208 356770 346751 96272 574947 807015 836181 651191 237137 744241 112522 758376 700616 612761 906897 346882 638364 327549 483419 30784
640802 208378 590780 285729 360349 478365 526505 790594 585940 390925 781147 294464 814286 359254 999999999 847965 1028752 565447 793186 1091017 221684 320262 699062 688707 867569 1010639 967640 188956 219374 902266 487077 874921 597222 863602 369891 576653 929642 812344 947245 620610 953571 520287 872839 309312 798072 1146528 981858 1032633 863493 708619 477328 583797 932902 181910 495146 117421 792669 600136 262493 204980 511282 611858 205096 456255 413732 591038 68145 1095529 371141 229099 153796 721549 743444 845371 309784 799365 837701 799256 247445 551093 632880 191203 567529 444422 804364 674409 882941 886225 558576 847662 332778 896835 446388 736358 734307 299325 366936 325795 211642 334216
455481 923278 304297 718824 608851 617701 389715 531502 498300 459731 122008 785976 633277 629111 847965 999999999 344493 449256 73944 407342 666186 622807 803740 777604 323086 256759 221779 980305 883444 492419 602328 254756 254752 445282 589909 694102 84677 170871 382338 229192 370548 620904 289292 571017 657818 453907 203679 235886 35289 357193 410006 640844 105747 697993 484096 749671 92083 890016 615005 859050 704711 432411 733901 429427 663428 274304 781741 419993 476896 852839 981095 435406 786042 458459 549472 134984 255776 143835 757367 457073 827148 947119 290638 645877 56493 730167 429733 53076 420188 281409 560060 220470 875157 221927 854732 577814 869627 539466 804754 625206
788394 1155029 442951 815307 702481 644547 502385 388376 498326 686154 463606 1049880 473512 905112 1028752 344493 999999999 767346 328846 68187 897119 885227 711592 688590 662050 103790 124504 1193394 990926 832459 909497 590583 474372 258082 864804 659285 345821 240002 127736 463335 110896 624675 626544 813723 508007 123182 154744 163003 369368 334161 686320 607592 257378 919400 552678 914652 311449 848556 848621 1097358 700712 759754 862085 572901 955444 459479 971071 78333 683126 956363 1178285 362532 671795 283988 721119 479322 191317 488250 862435 772159 766562 1169525 562832 944560 394620 646321 228547 368419 733891 181886 812201 147245 896020 299016 751377 729884 921619 703724 917245 892844
80601 551612 418916 603251 543274 638796 447273 770410 612195 263714 333180 382664 853341 229525 565447 449256 767346 999999999 440387 834930 343837 251909 906278 883068 315874 696860 656360 628994 704716 339281 156677 344251 330107 753526 202780 761163 503772 532859 756450 326353 751731 669400 330583 262526 861103 887018 647488 684483 442736 589586 149725 725305 554996 383642 524695 517123 456184 911408 305804 485180 730601 46419 565095 407609 231835 367765 500346 845679 306977 687129 652418 658583 918036 752049 392233 334169 609328 328701 616091 14533 886682 586190 225026 206992 392764 842652 753907 458749 36393 633144 236172 622001 819557 504510 958650 437613 773131 401224 638306 243056
459649 880868 233313 650697 539411 544350 318636 465422 424404 410476 146761 752678 566715 599158 793186 73944 328846 440387 999999999 395670 621432 587592 730910 704758 368684 257614 216214 933439 817703 533585 587191 305920 195973 388234 559127 620207 155038 114796 342203 173184 332906 547064 337833 528553 589921 446907 211293 254843 107067 286346 377308 567012 139995 651010 411504 691115 23212 816072 570404 818071 630919 431036 669572 362623 640754 208608 728125 406959 422774 786453 930600 365705 714341 398880 489542 169936 203203 178994 690456 446103 753390 902375 252983 626371 83841 657331 375820 126920 408021 229626 520503 188244 802569 150626 782168 515053 798755 478067 739058 591942
854795 1220689 508134 870915 759254 694457 564565 418874 548785 752995 527777 1117351 495187 973087 1091017 407342 68187 834930 395670 999999999 963377 952863 740352 718508 720738 155188 185570 1257676 1046117 891015 977569 648651 542173 289344 932790 699697 401100 308148 161991 531414 148876 671875 684815 880782 530566 56060 209601 204091 430301 389803 754469 649613 314823 985048 609681 976170 378810 884130 915166 1163530 745050 826706 920563 636062 1023619 526463 1034294 14225 749035 1011380 1241361 408855 696977 315674 784593 542315 255786 551124 918487 839887 800166 1234534 631018 1012741 458972 678321 259810 427469 801630 243478 879625 215431 940893 365399 777004 791777 970563 766818 973599 960625
419247 260185 456461 344413 348454 476449 417453 736858 533064 213131 583904 179734 786990 149109 221684 666186 897119 343837 621432 963377 999999999 103301 741013 723872 649297 860900 817090 314576 386532 680784 276737 661335 431595 778747 150804 598487 743384 664125 836894 450145 839565 518201 656671 96864 780133 1019408 824490 872636 676387 608652 268552 585083 760439 39805 429606 194743 625619 688184 51187 200276 544528 390255 276321 344096 218303 438623 157919 970198 214848 377724 322242 644935 772544 765883 210472 598822 708122 597482 334699 329457 693627 281143 376121 243725 617164 696171 791992 698138 338175 723502 115286 754970 558595 598117 786382 235357 492985 231227 335565 119926
323033 308923 457585 433390 417979 540982 437188 770470 574395 207824 527875 165524 831081 49144 320262 622807 885227 251909 587592 952863 103301 999999999 811905 792891 565097 837892 794334 380419 489114 583543 173767 584607 411024 795973 50040 666290 694576 646632 838858 424374 839363 580709 576085 86583 828276 1008399 796845 842299 628090 623027 212846 646174 722745 140785 471190 296821 595405 773393 91227 242412 617769 297874 371899 368753 124997 428047 259449 960977 229392 479042 400775 670318 838536 786198 263555 538949 701671 536288 429533 237378 771244 339772 334798 145342 570131 761277 805686 648522 252773 719992 75770 739388 651496 589627 859691 299704 589535 282352 435336 18370
978007 902973 539111 417550 394321 273100 474603 323230 316710 651911 840165 915339 250889 858719 699062 803740 711592 906278 730910 740352 741013 811905 999999999 26163 1049632 768453 743874 884881 521617 1181263 954587 1006491 635633 453697 833336 147024 875253 648841 584414 657685 600802 237772 1029425 729367 215552 779288 780305 824967 837880 449340 756787 182272 813170 730095 383775 601205 711662 166780 723839 879490 196763 935785 499745 499367 935332 592919 684363 735332 611414 493630 836724 378183 57916 427642 549771 868577 593187 875449 451704 898957 83237 890131 716843 949188 803996 73580 483382 856634 873958 578797 750726 668435 300114 582258 53431 512237 372911 532566 491472 829517
954332 891236 513409 405310 376138 252650 449628 300462 290929 629948 814127 899229 232382 839372 688707 777604 688590 883068 704758 718508 723872 792891 26163 999999999 1023918 744124 719106 875499 516792 1156146 933627 980542 610147 430987 813347 126657 849223 622965 561677 632055 577916 215862 1003579 709768 197584 758243 755361 800303 811733 423375 733718 158121 787423 714022 359732 588543 685528 178865 705425 866140 181408 912114 487601 475797 915886 567355 671737 713756 589819 487782 828504 352651 56071 404828 530119 842539 567915 849429 441296 875919 91855 879468 692075 929189 777841 47438 460711 830505 850525 553807 730718 643357 301684 556155 78966 493476 371386 512546 483030 810384
263128 867483 510521 844193 756063 813957 580320 823280 733007 505858 224775 697020 922034 545387 867569 323086 662050 315874 368684 720738 649297 565097 1049632 1023918 999999999 565776 537556 944360 976692 170411 456667 72720 415281 756364 517194 918556 321498 483230 704863 392141 693458 831766 36610 558265 941124 761877 511210 527098 293921 635049 395697 871028 405917 688579 678813 801693 391859 1099461 605180 801050 908801 272702 827166 580060 540864 457181 800253 734175 543644 953407 965575 715717 1044493 765746 635187 199133 571507 190267 869136 330090 1053512 901920 353859 511929 285414 977886 744500 293660 312608 597862 535185 543492 1042690 506167 1102882 677308 1013358 635852 902932 557755
710209 1120929 420026 820078 705458 665649 491496 449515 521450 647796 378581 1003415 543108 852969 1010639 256759 103790 696860 257614 155188 860900 837892 768453 744124 565776 999999999 43813 1166026 995222 735972 844794 493579 429864 324644 812697 698817 245946 198662 205335 413883 187884 651940 529770 772385 575874 197706 54608 63194 277117 351345 631348 645151 160012 886665 557774 900137 245038 893861 810858 1060527 732431 684650 858136 556353 897422 424038 949532 168869 651106 961385 1156168 399417 733890 348367 700856 390993 191495 399593 865509 703080 815772 1138785 506390 883712 310757 699459 297310 272967 665139 196393 767608 117849 924464 275369 811995 715874 941432 685299 918978 843692
671916 1077127 377290 780340 665624 629864 450021 429034 486926 603985 342546 959851 525597 809749 967640 221779 124504 656360 216214 185570 817090 794334 743874 719106 537556 43813 999999999 1122397 955155 707967 803207 466088 386063 308936 769457 668202 222491 155355 200245 370208 183831 617841 502041 728600 557253 233102 39752 81679 245269 316949 588260 614150 133395 842905 518805 857542 202586 864519 767044 1016714 699280 645360 816905 513963 854841 380375 906292 198319 607425 921486 1112819 370298 711682 331063 657880 356747 156999 365555 825396 662262 788055 1095045 463327 841514 273955 673693 283445 243916 624211 166133 723908 80298 889872 233365 788829 673511 904623 642510 878564 800244
693209 89090 750754 474382 546843 666956 695369 976050 770048 522984 897838 265464 1002609 400033 188956 980305 1193394 628994 933439 1257676 314576 380419 884881 875499 944360 1166026 1122397 999999999 381224 945888 509976 964975 740453 1043355 427275 765184 1057932 967603 1119944 760826 1125006 709033 956324 411008 986826 1313613 1132602 1181868 990938 882989 580997 772735 1073056 282555 675555 302401 936281 776900 365618 147908 699446 673743 394051 622389 423823 742032 228104 1263187 515076 400453 62381 902271 930617 1026297 473833 911911 1002226 910173 434584 614616 816089 47049 690625 456686 931691 862558 1061232 1012712 632866 1014546 426059 1055929 619106 896144 918134 473324 537720 492492 393803 386681
784814 423166 589101 175722 289858 363333 508001 686470 501643 470989 844602 506151 684826 535634 219374 883444 990926 704716 817703 1046117 386532 489114 521617 516792 976692 995222 955155 381224 999999999 1042434 662880 968683 630550 784545 533707 424771 968089 805704 889697 657381 899623 397696 974322 444567 661592 1099038 977342 1029400 906258 656929 583347 449087 950832 352891 438957 192438 810958 398105 407221 424305 357737 749314 152070 455119 602191 609548 246117 1047848 435066 34925 325622 645011 572863 762158 345891 867732 807661 869898 129764 691498 446152 398519 637499 629449 850337 513740 808823 929461 688306 810905 471883 877428 238909 723715 548249 309286 157363 350268 78692 506279
261565 861928 646815 930211 855729 930961 706733 976983 867489 584337 387149 683831 1073399 551258 902266 492419 832459 339281 533585 891015 680784 583543 1181263 1156146 170411 735972 707967 945888 1042434 999999999 436201 242401 547883 918439 533510 1043812 491048 648359 872994 528585 862050 953969 206204 601800 1090010 931652 681439 696084 464033 787120 465514 999780 576218 720452 800986 856189 556531 1214385 644799 798193 1025939 293665 899599 692445 523108 591335 838300 904487 626358 1023496 977152 866827 1181575 926185 717017 363930 736756 354799 947942 353160 1176690 900437 465991 490640 451716 1111491 908242 464071 354204 763187 575423 712411 1140360 663738 1234690 761765 1101176 722198 974009 571567
193829 425744 524473 598804 567259 681505 531045 866828 687238 307649 488624 248037 940072 128662 487077 602328 909497 156677 587191 977569 276737 173767 954587 933627 456667 844794 803207 509976 662880 436201 999999999 494368 449830 868433 131731 807578 659685 671106 886878 452955 883960 717983 476592 234600 942641 1030948 797072 836139 597711 697959 235407 780269 707808 312803 589168 470558 601006 932235 259813 362140 765811 189019 542498 474818 87223 480562 430092 987619 344940 652470 543649 758635 975091 863448 408144 490606 741463 485271 599254 146562 921982 464314 349681 55796 545989 897875 872635 614374 182273 763662 209194 762631 818463 632062 1004668 450215 759762 423533 608079 156815
305232 891714 469263 827437 733144 780787 544356 767066 690106 499121 168582 726460 867063 570536 874921 254756 590583 344251 305920 648651 661335 584607 1006491 980542 72720 493579 466088 964975 968683 242401 494368 999999999 378864 694061 538916 879833 248873 419290 637090 353666 625173 795444 36260 567025 887742 689376 439060 454396 224044 581060 397778 830564 333905 699711 644054 800851 329104 1065527 614554 824980 874787 305689 817410 552663 575139 418533 806942 662152 533620 943509 981857 661876 998135 704730 623575 140717 507024 132798 855762 357586 1015220 924163 333844 548239 222081 933911 680834 222248 333501 533205 546077 475044 1018273 448967 1059416 663580 994197 621871 893027 579372
380386 691779 99306 470345 365321 401964 165670 446161 320033 218566 224513 576061 535604 431252 597222 254752 474372 330107 195973 542173 431595 411024 635633 610147 415281 429864 386063 740453 630550 547883 449830 378864 999999999 423634 391041 503292 338884 235709 437906 27368 435947 417175 397761 342593 548254 597553 392964 441585 275834 260661 216694 455959 335728 458889 265207 495815 196301 686707 381240 630797 495939 341193 480042 181879 485244 43535 532315 550605 227228 600754 735600 333502 633847 421961 294897 251250 294585 255914 506333 329859 638341 711083 105084 477809 219953 564754 425097 299051 293729 315364 338833 328372 644817 183253 689016 323351 628855 284723 551962 418472
798900 1021393 344585 613631 509797 422837 361714 130527 284117 588313 532179 950549 218594 827787 863602 445282 258082 753526 388234 289344 778747 795973 453697 430987 756364 324644 308936 1043355 784545 918439 868433 694061 423634 999999999 789704 412345 492127 275311 130718 428060 147195 394338 726028 713202 251923 333440 348281 385575 479866 173079 633037 364115 410972 791446 368500 746194 365026 594787 736812 972044 461635 761680 674674 434659 892109 388642 815283 285975 569635 749643 1017282 142428 413908 26342 576302 557232 189922 566125 661996 753492 511046 1027694 528590 890040 472051 389627 29740 491201 717190 165304 720243 246911 656977 258226 493362 570410 693051 556106 717345 808035
273036 352865 447109 467662 441845 560704 436103 772433 581865 204320 490281 196662 838012 40347 369891 589909 864804 202780 559127 932790 150804 50040 833336 813347 517194 812697 769457 427275 533707 533510 131731 538916 391041 789704 999999999 686755 659004 625072 825062 401656 824549 598983 529199 105249 837319 987905 769795 813876 593076 616711 181822 663160 691706 189406 480168 341299 568497 803504 128264 286124 641561 248486 410809 371690 105913 412513 308238 941462 233860 522049 449643 668932 857103 781492 283726 499703 684789 496526 467524 188275 796732 385503 306563 115854 536032 779716 797653 612846 205790 704351 82630 718046 687116 572764 882323 323656 628031 300813 476997 40599
833987 774908 410667 290929 250185 126156 338644 290335 195803 505197 716667 774892 264028 712720 576653 694102 659285 761163 620207 699697 598487 666290 147024 126657 918556 698817 668202 765184 424771 1043812 807578 879833 503292 412345 686755 999999999 770845 552357 537931 527044 552233 91775 900555 583112 237988 745625 701343 749779 726832 354918 611485 54484 718085 589918 242891 471239 603076 198143 579065 746394 67369 791784 372382 355811 789229 461895 554102 697389 464495 392627 721705 299754 174191 386479 403463 744935 511767 751180 331678 753503 135409 765767 577942 802604 687264 99232 441117 747125 729375 502768 604127 588951 248109 477722 198025 367019 298105 385943 378924 683758
498286 998421 387910 803413 693174 698866 473327 590242 575395 539976 171343 855656 692009 697354 929642 84677 345821 503772 155038 401100 743384 694576 875253 849223 321498 245946 222491 1057932 968089 491048 659685 248873 338884 492127 659004 770845 999999999 229034 410045 312961 395807 700326 285132 647373 718751 440609 191886 205847 67000 426100 482140 717065 89423 776272 566518 832842 168809 967830 692314 933475 784358 480880 818426 514087 726145 358972 863009 414814 558995 937512 1060645 501311 854416 508486 633231 170650 303767 177257 842041 513153 902570 1023598 367327 706293 126278 801853 472820 46163 477976 327090 634844 250041 957557 293969 925323 662155 953436 623574 889401 695701
561527 923775 222448 632183 517593 495699 298114 362471 360276 451387 261360 811760 464370 665402 812344 170871 240002 532859 114796 308148 664125 646632 648841 622965 483230 198662 155355 967603 805704 648359 671106 419290 235709 275311 625072 552357 229034 999999999 230343 223442 222665 489987 451890 577534 490260 362929 172101 224060 205923 199984 446322 497948 165810 688956 374625 702650 91842 750481 614548 864183 573675 529580 664700 359585 715506 225962 750941 317422 452944 772545 957515 272703 626099 287712 502615 284709 88407 293779 676066 536619 680810 940854 323092 705004 197868 575788 261568 219439 498385 114832 574498 92974 757500 82533 698109 519045 764943 487426 728321 653733
789977 1089302 382221 715391 605726 534381 424869 261232 389555 632925 488375 1000074 346009 864724 947245 382338 127736 756450 342203 161991 836894 838858 584414 561677 704863 205335 200245 1119944 889697 872994 886878 637090 437906 130718 825062 537931 410045 230343 999999999 434054 17654 510591 671534 761122 380364 210963 239668 268351 413862 238849 654580 487645 322201 854809 457495 830866 320243 724031 791032 1035320 583113 756622 769078 498481 922360 412576 893655 160812 622442 854834 1099490 247935 544104 156852 646419 509609 147259 518777 763381 758920 641016 1099920 537589 915685 421623 520027 101042 419879 721044 123467 763687 162486 778966 254872 623740 648537 809642 627482 818740 848703
371713 710184 118902 497650 392667 427632 190765 458183 341333 237939 197511 589831 549886 441993 620610 229192 463335 326353 173184 531414 450145 424374 657685 632055 392141 413883 370208 760826 657381 528585 452955 353666 27368 428060 401656 527044 312961 223442 434054 999999999 431009 441819 373518 359234 563915 586352 374894 422537 249329 270175 223453 478948 313177 478658 290596 520606 175585 711936 399401 648396 521265 333778 506654 209241 492861 65153 555196 540372 249759 627731 757420 345689 654358 428048 320314 224458 288589 229319 533460 327308 662285 730526 103581 483683 192972 586296 427628 272544 290208 310737 353739 316413 671790 179567 710997 349720 656193 310709 578832 430848
783654 1093077 383860 724938 614533 545908 429645 277572 400551 634166 478498 1001271 363285 864357 953571 370548 110896 751731 332906 148876 839565 839363 600802 577916 693458 187884 183831 1125006 899623 862050 883960 625173 435947 147195 824549 552233 395807 222665 17654 431009 999999999 523002 659839 762486 397538 199667 223084 250955 401533 246185 652601 501528 307523 858205 465734 837500 311318 739344 793225 1038463 596439 750865 777339 502934 920981 412108 899232 148835 624860 864800 1105444 260000 560927 173161 651236 499170 142683 508340 772798 754524 656675 1104334 534365 913690 411215 535970 117653 406876 716529 120583 764420 150130 792245 252695 640486 654525 821761 632535 828090 848881
742255 710447 328033 239698 171698 42916 251571 288955 131039 414188 634676 696631 294921 626282 520287 620904 624675 669400 547064 671875 518201 580709 237772 215862 831766 651940 617841 709033 397696 953969 717983 795444 417175 394338 598983 91775 700326 489987 510591 441819 523002 999999999 814935 496345 277795 721432 648239 698451 652457 300918 519733 67082 654108 512980 153380 408595 531554 271335 495281 676839 84112 700057 315804 264320 702469 376920 489636 671380 373958 363334 670431 263055 258152 370305 317159 662724 461058 668574 285978 661778 222778 705094 487980 714706 609603 180774 420832 673565 637605 456172 516416 537591 272670 411260 289503 283678 299294 298739 338845 597858
284637 881195 490803 837302 745969 798718 563396 796188 712737 503497 196662 713174 895632 559174 872839 289292 626544 330583 337833 684815 656671 576085 1029425 1003579 36610 529770 502041 956324 974322 206204 476592 36260 397761 726028 529199 900555 285132 451890 671534 373518 659839 814935 999999999 563830 915561 725630 475236 490628 259270 609004 397414 852107 370034 695554 662634 802785 361045 1084004 611144 814557 893201 289538 823793 567461 559226 438661 805127 698298 539720 950068 975391 689807 1022621 736099 630639 169782 539932 161272 863976 344419 1035801 914667 344271 531262 254114 957218 713429 258138 323463 566205 541775 509748 1032057 478347 1082528 671757 1005376 630111 899551 569789
341573 352615 378908 364561 336917 457305 352827 684563 487828 128361 487088 239025 744510 129977 309312 571017 813723 262526 528553 880782 96864 86583 729367 709768 558265 772385 728600 411008 444567 601800 234600 567025 342593 713202 105249 583112 647373 577534 761122 359234 762486 496345 563830 999999999 741730 936637 734119 781390 580376 540658 171993 561305 666767 133315 384608 254936 533899 698437 47574 289539 536774 308284 312409 283176 206178 354319 242069 888283 144231 429356 418826 585514 754447 702647 179650 501967 627179 500661 367594 248761 691661 376277 280474 220474 521262 677096 723907 601967 251163 644242 27438 669501 584392 515727 777949 218583 527955 197606 382135 102430
922598 986559 449778 515777 444845 319996 414961 129567 255785 636413 719336 959865 35678 869773 798072 657818 508007 861103 589921 530566 780133 828276 215552 197584 941124 575874 557253 986826 661592 1090010 942641 887742 548254 251923 837319 237988 718751 490260 380364 563915 397538 277795 915561 741730 999999999 566748 595808 635870 693077 306684 718918 215646 645748 780191 357393 686005 568052 375191 750069 950171 304143 881468 593417 468039 943187 505234 766354 524552 603492 628787 947788 225866 167137 227544 570758 747027 418902 755062 560457 856980 287693 982392 646232 949909 670678 168436 280568 708640 825703 399431 757268 488236 477493 440397 247082 545947 534807 550378 611058 843951
904806 1276749 564189 924115 813005 745285 620168 460793 600162 808914 575328 1173009 531112 1028220 1146528 453907 123182 887018 446907 56060 1019408 1008399 779288 758243 761877 197706 233102 1313613 1099038 931652 1030948 689376 597553 333440 987905 745625 440609 362929 210963 586352 199667 721432 725630 936637 566748 999999999 252052 237191 474819 443662 809134 696558 357174 1041108 663650 1031490 430911 926823 971156 1219571 792987 877617 974880 691853 1078089 582329 1090043 51349 805088 1064243 1297062 458899 733832 359534 840420 588500 311835 597152 971843 892295 841882 1290562 685349 1066794 506940 719477 304509 470196 854080 299233 935309 269999 988795 421385 813823 847238 1020566 822571 1027053 1016024
658439 1084668 393908 803316 688602 658536 470132 467236 517200 611529 325683 962261 564424 809931 981858 203679 154744 647488 211293 209601 824490 796845 780305 755361 511210 54608 39752 1132602 977342 681439 797072 439060 392964 348281 769795 701343 191886 172101 239668 374894 223084 648239 475236 734119 595808 252052 999999999 52058 222866 348017 588025 647092 105404 851691 543567 873482 201480 898326 773976 1023240 730407 633825 836801 531250 852006 391608 919384 223168 617701 944015 1125122 405013 749069 370130 672600 337255 189658 345770 847629 654166 822895 1103940 463260 837285 258529 709641 323022 218372 616441 201573 727971 112634 919464 253632 825812 690513 931760 658039 900153 801883
690798 1132718 445545 855360 740643 709495 522141 508475 567439 659974 356651 1007478 603579 853848 1032633 235886 163003 684483 254843 204091 872636 842299 824967 800303 527098 63194 81679 1181868 1029400 696084 836139 454396 441585 385575 813876 749779 205847 224060 268351 422537 250955 698451 490628 781390 635870 237191 52058 999999999 249148 397761 632078 695684 130743 900470 595439 924750 247534 946186 821935 1070801 780239 668294 888745 582913 893668 441905 969824 218288 667313 996071 1175220 451970 792008 408714 723636 364913 238244 372938 899687 691851 869691 1152634 507820 877869 292210 755044 358810 240240 654537 247793 774442 161130 970095 305688 869515 742064 983234 709285 952201 846778
442851 931514 332586 743698 634980 648119 417768 566790 531061 473434 109809 789670 668566 631664 863493 35289 369368 442736 107067 430301 676387 628090 837880 811733 293921 277117 245269 990938 906258 464033 597711 224044 275834 479866 593076 726832 67000 205923 413862 249329 401533 652457 259270 580376 693077 474819 222866 249148 999999999 392030 415491 673801 119090 709326 513543 767745 126568 922206 625321 866636 736072 422545 755876 453951 662185 299070 796697 443334 493226 876177 993833 470475 820711 493342 568960 115765 290137 123847 781224 451475 860273 956609 300347 643157 59374 764301 463874 23218 415529 315566 567928 251469 904296 256564 889033 599047 896819 559926 827625 629470
640850 855802 173548 481437 369453 314699 191368 190044 170144 415297 412667 778585 287041 654722 708619 357193 334161 589586 286346 389803 608652 623027 449340 423375 635049 351345 316949 882989 656929 787120 697959 581060 260661 173079 616711 354918 426100 199984 238849 270175 246185 300918 609004 540658 306684 443662 348017 397761 392030 999999999 462935 300450 365410 623315 219989 592083 265541 552863 565506 804227 382485 601851 531384 265231 719418 221841 655931 392317 397563 622308 861166 80824 429038 165622 410847 440344 160157 448383 528827 588381 481300 864498 365203 717971 365118 376094 183548 409532 553208 156985 547276 236742 573207 135720 499222 410411 591376 391320 583862 634989
225225 517190 289387 464781 396476 489116 303977 635463 466766 119128 317463 376385 713396 221908 477328 410006 686320 149725 377308 754469 268552 212846 756787 733718 395697 631348 588260 580997 583347 465514 235407 397778 216694 633037 181822 611485 482140 446322 654580 223453 652601 519733 397414 171993 718918 809134 588025 632078 415491 462935 999999999 576151 510600 305244 376245 406011 386827 763254 219364 451733 581191 183688 436451 258938 269408 245360 409275 763623 161856 561870 590754 525670 769456 628273 251594 330913 510902 329251 482974 142205 737095 544208 124959 261115 357338 693719 637336 436181 119506 532021 154939 539154 677123 399926 809065 296539 635723 257714 511739 215452
796249 776211 361398 300271 238739 109737 293097 246798 142923 474524 666253 763648 236216 691281 583797 640844 607592 725305 567012 649613 585083 646174 182272 158121 871028 645151 614150 772735 449087 999780 780269 830564 455959 364115 663160 54484 717065 497948 487645 478948 501528 67082 852107 561305 215646 696558 647092 695684 673801 300450 576151 999999999 663701 580061 201617 473594 549587 252602 561485 743448 98882 754034 378770 317824 767221 413855 555198 647764 435443 415570 732578 246639 194883 338653 382703 694593 457576 701031 344819 718346 186668 770002 534808 778675 635168 117971 392367 693899 692577 448943 580742 534768 292944 423669 235503 350274 334643 363867 395758 663159
560059 1019354 361984 780855 667646 657586 445286 516311 525256 550205 225910 886981 617300 731278 932902 105747 257378 554996 139995 314823 760439 722745 813170 787423 405917 160012 133395 1073056 950832 576218 707808 333905 335728 410972 691706 718085 89423 165810 322201 313177 307523 654108 370034 666767 645748 357174 105404 130743 119090 365410 510600 663701 999999999 790542 531207 829856 141182 916183 709325 956028 738052 537848 804601 496427 767772 345252 868017 328269 562727 918822 1070586 435467 788345 429040 628021 234682 226945 242887 822373 562752 846542 1041536 388306 750821 162239 740418 389901 113030 525766 247985 657598 165056 919008 242948 861738 651839 922043 615837 872427 726042
458941 235645 477008 324915 341566 470570 432036 743348 537657 240719 618797 185246 788816 184280 181910 697993 919400 383642 651010 985048 39805 140785 730095 714022 688579 886665 842905 282555 352891 720452 312803 699711 458889 791446 189406 589918 776272 688956 854809 478658 858205 512980 695554 133315 780191 1041108 851691 900470 709326 623315 305244 580061 790542 999999999 435245 163268 654222 669094 85887 180915 533337 430060 252091 358094 249367 463000 118832 991437 236462 346210 286047 655222 764079 777477 216661 634441 729338 633360 310464 369260 679145 252260 409036 276680 649994 688482 805936 731322 377794 743695 153792 778849 534582 620561 773990 234451 466192 237382 306267 156413
594794 657983 181862 263255 149803 137249 99902 308106 103808 281540 485989 608330 360091 512380 495146 484096 552678 524695 411504 609681 429606 471190 383775 359732 678813 557774 518805 675555 438957 800986 589168 644054 265207 368500 480168 242891 566518 374625 457495 290596 465734 153380 662634 384608 357393 663650 543567 595439 513543 219989 376245 201617 531207 435245 999999999 377764 398932 421504 395480 612885 230734 552592 311622 117319 585966 226422 447478 612305 246590 404671 648791 226780 393346 350800 219361 513684 368877 519099 309909 518203 376082 661642 335060 593494 466497 318161 387959 535600 491516 372035 399876 439957 391089 292186 436846 204749 390998 198545 364583 486680
596480 303675 480271 183718 244447 366071 412345 674121 468889 303672 692571 333305 700817 343759 117421 749671 914652 517123 691115 976170 194743 296821 601205 588543 801693 900137 857542 302401 192438 856189 470558 800851 495815 746194 341299 471239 832842 702650 830866 520606 837500 408595 802785 254936 686005 1031490 873482 924750 767745 592083 406011 473594 829856 163268 377764 999999999 688831 519958 215434 278831 408063 562524 101957 343944 412077 485268 83196 980372 275882 183172 271190 604129 641953 727956 201913 712976 724036 713839 156444 503512 541097 296501 479338 438352 709312 570156 765626 790790 503385 733126 281906 785137 377057 625000 640340 184931 305146 215467 143554 314133
