NAME : synthetic_000450
TYPE : CTSP-D
DIMENSION : 100
GROUPS : 8
RELAXATION_LEVEL : 1
EDGE_WEIGHT_TYPE : EXPLICIT
EDGE_WEIGHT_FORMAT : FULL_MATRIX
EDGE_WEIGHT_SECTION
999999999 841904 290436 258332 888318 915905 910282 100755 258515 571581 589599 936664 854619 577887 540436 738371 531033 793395 872650 854691 266383 216811 579238 246118 767994 215447 173009 214025 419984 578654 572976 859470 63481 36494 677404 513550 967401 908406 960924 258230 920736 328510 516510 917116 181802 106752 455928 858602 913720 634326 434123 622227 300722 429255 892535 800443 327056 417187 915839 831399 1005500 694080 696444 515304 922029 685213 540685 917685 903458 532954 106875 450396 292187 656170 788503 831425 682635 445508 620279 643819 573769 712863 729602 907954 549047 819415 336769 599362 942185 593971 420471 507032 649340 623827 1076308 289983 349334 270874 716472 552071
841904 999999999 551678 584209 971251 355730 177956 860762 670081 566730 252332 506818 890021 606199 933116 475283 1137435 231144 119981 117141 575618 814125 1030629 643398 863806 674197 759865 813221 499549 310297 288699 543850 896977 816423 810642 552666 621212 66762 143412 602125 531844 578349 831064 740188 840255 830008 458483 248989 133703 408398 475273 584045 647110 607225 261857 192007 572901 809050 933434 333391 953388 1284902 1264344 822028 633856 917439 754214 821412 660384 494423 818818 650116 584977 1262266 55181 1023682 482480 446510 341540 606665 1102345 233323 250854 611043 854970 714268 688067 582268 253446 890276 875665 350768 294338 223079 931768 556190 925501 838351 1065610 450056
290436 551678 999999999 32992 834840 662991 629922 316689 203982 414229 299533 715778 777974 439190 584026 531463 692625 524094 588178 570423 24167 309107 660583 141832 704320 157929 247434 318880 211774 308134 292112 659700 347269 264945 614817 351987 772748 618270 673460 84904 708724 152052 511470 769674 319107 294682 227617 590557 628659 407892 210665 467905 200124 305101 624658 525059 160992 432115 839416 580472 911885 858047 848886 505530 739226 670443 485924 798657 732374 339983 277098 353181 108717 825904 498592 817654 482192 203384 369010 496664 696214 441404 462715 720677 546668 683473 286778 446785 669383 595488 477053 222193 386687 333708 956208 49291 470619 354410 761954 338076
258332 584209 32992 999999999 843138 693571 662758 283893 196660 431507 332199 743047 788647 454318 578867 556364 675738 556058 621157 603397 12447 280927 652088 120899 712947 131944 227148 300352 232321 339805 324797 684361 315989 232247 622511 368773 797222 650841 706416 66988 734974 148585 510863 788653 288721 267811 252173 622481 661648 434480 233940 485496 186084 315124 656599 557533 170140 427514 850413 610700 925222 841894 833958 505386 762218 673002 490942 814435 753966 361127 244566 360827 100868 808959 531266 821241 505951 229824 398581 513650 683553 473459 494362 744118 546302 700619 285185 463877 701752 595324 468675 251394 417705 365504 972763 62636 455178 328250 758366 362258
888318 971251 834840 843138 999999999 696476 864881 986255 667980 452014 862145 560944 82556 415162 384323 497020 604356 746605 886948 876800 833330 1070357 419564 958895 130627 957492 719887 676252 642745 728139 775742 467477 880491 903235 220799 502703 468418 1002916 970105 909782 521955 986863 373115 294597 1051693 784100 652838 758522 913028 577148 656980 411090 1028638 529860 769390 785267 674112 472068 72292 663830 162774 631160 594937 373512 415090 213356 356634 203147 372011 543238 974952 482320 942392 640454 932371 121930 491080 683705 655464 382204 506906 741399 720766 428597 343074 266165 572665 423393 821322 304520 485267 921797 695343 913722 273872 785867 587667 1127639 299043 575737
915905 355730 662991 693571 696476 999999999 192321 970630 675793 420662 434846 158085 614424 447054 787351 240880 1033991 160367 238816 238693 681559 970467 883342 795739 617127 818309 777552 802556 497084 357471 386779 229625 954827 902673 595804 448756 275700 355485 293043 741045 190523 760167 687637 423073 982075 862627 459981 109774 246445 289307 481806 402888 830091 536003 94577 185657 590670 709489 643518 84526 639555 1152534 1124551 678858 302727 710389 599421 514634 338578 404267 934606 553705 743817 1139701 346759 777580 286752 472044 296960 409453 971803 235298 207451 282317 698562 430861 643221 415234 129657 717631 775675 555401 276783 453854 597412 639978 859303 1011181 870041 372391
910282 177956 629922 662758 864881 192321 999999999 946610 700272 516020 347435 350070 782337 551151 894693 374897 1123589 139422 60072 71273 652139 920948 993034 744800 771632 772438 798857 839652 516939 333448 338342 408588 958644 890167 734269 522130 467531 164574 105475 695847 380671 692138 791682 606638 940759 878077 474760 106434 54162 356488 495526 516918 763153 596180 100255 115260 604966 791182 817973 201087 823460 1257937 1233366 782556 490446 847131 707041 694929 523077 466573 906706 628452 687872 1240103 189049 933870 401208 474373 317930 532716 1074302 203964 197942 468877 809555 599636 693712 522044 75700 837302 859193 466813 275319 343729 787666 620802 926955 953125 1003425 424458
100755 860762 316689 283893 986255 970630 946610 999999999 340861 651506 611366 1004393 950304 661591 641183 808844 622325 838417 904300 886631 294737 129254 679053 225699 864449 192718 267144 314183 482868 621842 608674 933095 138821 83776 773289 591193 1043168 927505 987699 258976 991223 305588 615515 1003100 87643 207455 514409 904641 944508 697393 493275 703725 258515 511436 938775 841117 393769 516303 1011855 886668 1100052 782457 787100 613995 1000518 784755 635820 1008416 984536 603778 42685 537931 281892 743784 809406 931485 754249 499043 673700 727075 670315 756168 775895 985239 648469 906720 426643 680806 985077 693852 521165 513956 697553 638335 1167689 331327 448913 177352 817079 617576
258515 670081 203982 196660 667980 675793 700272 340861 999999999 313101 429734 682357 622278 320925 382235 482950 497868 570970 672780 654876 191049 405045 456653 297946 540404 291834 101763 143141 183994 370368 381917 601906 284359 258671 448380 255310 709097 733161 767916 256932 664613 344440 318087 662240 391580 187322 225711 632709 714203 387731 204750 364142 370694 171182 665568 585687 97409 231157 684450 591762 767695 660779 649397 313382 663524 484551 311346 669889 645410 279146 319201 198389 295823 630496 614903 633988 426719 227658 389231 386610 494049 496485 507004 649468 353628 566085 95557 341237 719765 402652 273102 396630 426518 477799 829562 160456 274793 461614 562111 304209
571581 566730 414229 431507 452014 420662 516020 651506 313101 999999999 414409 384751 382392 40348 378691 189099 615299 377210 514139 499190 419827 698187 477014 552406 325829 560321 406175 408813 204407 283844 329001 293849 593293 570772 253464 62896 397348 613587 610390 497271 361236 561173 275772 358156 692840 491731 204683 419963 550378 161838 212895 54092 614354 142850 445960 408469 267384 288882 440601 346209 502898 742776 717571 266662 350465 352827 191472 385017 333032 91230 625889 139324 522256 726429 518861 473332 135461 235699 226040 82465 559519 336342 327120 336850 294022 269281 246863 32607 505254 325074 355067 470052 272596 467596 541996 369173 440821 751301 498911 127009
589599 252332 299533 332199 862145 434846 347435 611366 429734 414409 999999999 539418 787522 454010 738416 412657 915818 275644 298040 281183 323400 575139 831931 400097 739115 429205 513505 571699 278821 134893 86464 525896 644748 564440 667273 377072 631034 318809 376638 354440 547887 344705 641783 694781 597242 580059 244253 337748 336536 294653 254684 451122 415720 403578 369328 260706 334998 599484 841275 366402 886213 1071400 1054554 633306 619371 759856 578189 755979 630401 325209 569939 453778 342325 1045190 199068 887326 389261 222366 216558 479979 892993 201444 231475 596787 671033 637066 463852 440220 400968 713111 662327 122284 192604 54543 894938 304697 696799 605865 892144 287716
936664 506818 715778 743047 560944 158085 350070 1004393 682357 384751 539418 999999999 481022 398253 712806 199744 969383 288025 393548 391254 730618 1023966 803576 855716 499049 873694 781507 791993 521652 433016 473530 106707 966716 929374 496757 431399 117619 511986 451029 798978 39034 833856 620445 274416 1028994 867995 492823 257964 404074 308907 512984 348781 900582 521596 250764 322641 611407 662984 502147 181185 487960 1071284 1040615 612440 150599 608635 533455 368491 190913 403874 972445 524002 809481 1063221 490644 653543 256229 513245 353321 343509 896662 341316 310669 133334 623883 302926 629283 367592 286567 633342 724449 652312 354055 569526 440025 683678 819530 1070160 767451 386827
854619 890021 777974 788647 82556 614424 782337 950304 622278 382392 787522 481022 999999999 347684 382660 415251 622793 664588 804681 794669 778284 1027138 435742 906620 88952 907515 683184 646519 579331 652947 701061 385813 852367 866651 177224 436757 392798 920926 887575 855608 441989 929447 349381 220773 1011298 752993 585992 675986 830559 499308 591836 337980 974721 473547 686856 703342 618581 444826 62194 581280 153967 669562 634196 347787 337468 213635 314528 136320 293978 473101 935889 429477 886374 674398 851857 179947 411359 617026 578135 308273 528504 661058 639851 349650 324473 183779 528396 352257 738918 294938 469157 852084 616863 838336 248664 729576 575608 1083869 336383 503096
577887 606199 439190 454318 415162 447054 551151 661591 320925 40348 454010 398253 347684 999999999 344847 209539 586944 413009 551279 536633 442998 714927 442780 574934 287707 580905 408850 404097 233203 324004 368858 301580 595456 579594 213430 89447 399071 652275 646973 520809 371695 588280 242735 342113 707238 492918 238369 453153 586896 199710 244391 49715 638954 150289 477942 445261 286583 266337 407002 375739 473498 710040 683992 233735 348359 312614 156188 360147 326329 129474 638075 131892 547787 694939 558695 433419 160354 269385 266007 65972 527432 375068 364774 337042 258509 248453 245484 31945 537228 287321 330487 506701 312321 507380 518868 392679 421684 769092 459734 167044
540436 933116 584026 578867 384323 787351 894693 641183 382235 378691 738416 712806 382660 344847 999999999 546540 259636 755730 891000 875475 572895 744862 98436 674840 297218 663196 391266 328878 461723 628689 663625 606862 519296 562956 236757 380783 674918 985029 987984 638249 679206 726540 103167 542824 717622 433749 494165 797924 928129 539201 484989 385135 748221 334855 822738 786113 437714 151953 433870 719585 533289 365578 339148 112310 615126 171927 188898 495134 577437 439065 639372 285925 677799 352642 881772 300298 503108 517568 593622 378352 184830 709688 703649 614116 89298 450893 299004 375470 882004 90462 120559 747095 641182 792602 630979 537293 207658 802191 181597 483515
738371 475283 531463 556364 497020 240880 374897 808844 482950 189099 412657 199744 415251 209539 546540 999999999 795001 249837 391149 380282 543938 835966 642468 673131 397168 688216 581804 593028 328247 284029 331770 128309 767264 732307 361657 231918 241441 505994 478391 616088 182533 661064 447336 283061 837967 668286 304211 269382 419692 128852 322757 163091 724191 322253 287259 288303 415081 475451 458292 179469 484956 911655 883725 438641 213722 475756 358999 352419 218690 205569 778339 327926 631359 899009 439327 559347 56496 328449 198116 168621 731102 250778 226778 192929 457691 239886 430307 177634 344850 477336 540021 508005 222116 455763 483116 495135 629343 884602 634272 194330
531033 1137435 692625 675738 604356 1033991 1123589 622325 497868 615299 915818 969383 622793 586944 259636 795001 999999999 984348 1112182 1095536 674333 747248 187051 738242 544077 716326 449962 375717 640548 827141 853124 864171 483593 564223 494650 601483 934521 1194976 1210149 719547 936707 808565 349329 799964 709310 441627 680114 1032942 1151436 768179 665114 631914 807478 532061 1060320 1010823 584128 332541 665452 961460 764404 166970 165461 357616 874758 410545 437314 745721 836988 657343 637718 495339 761113 133282 1083509 494405 747288 696050 810099 629603 98652 928057 927145 873577 346604 709864 452344 618759 1119480 347331 264550 894371 856497 967241 869841 655124 223154 799292 315837 700381
793395 231144 524094 556058 746605 160367 139422 838417 570970 377210 275644 288025 664588 413009 755730 249837 984348 999999999 142193 130509 544595 826614 854120 650322 645612 675096 671250 707741 386989 216575 236225 313280 838147 776196 601982 382864 397027 256339 234636 597533 307721 608483 652649 509054 841734 752883 345688 66504 174602 217097 367175 380734 679179 458375 100568 39310 477978 652041 705423 107252 722482 1118615 1094204 643516 404582 713497 568518 590738 429649 327729 800267 489402 596116 1100685 205396 807393 267752 349696 182902 398418 934952 82839 64225 381565 671082 485765 558014 384527 149378 699893 720040 397159 145151 293533 701558 507743 789401 864206 868192 286249
872650 119981 588178 621157 886948 238816 60072 904300 672780 514139 298040 393548 804681 551279 891000 391149 1112182 142193 999999999 18039 611007 873153 989417 697774 787618 726312 769291 814134 491646 302536 299885 441296 923085 850967 743865 512967 509833 119940 97976 650510 421268 641936 787847 639605 894602 846176 449207 137203 41508 352366 469040 521302 712693 581081 144250 106357 576128 779839 843689 229280 855443 1251331 1228095 778705 527620 854924 705520 725024 557449 455684 863731 617283 640226 1231810 129253 949490 409730 445225 302094 539932 1067604 184171 187357 505336 807975 624132 673916 523825 134214 838600 847722 414725 256123 289253 826031 582670 909800 903465 1008727 412045
854691 117141 570423 603397 876800 238693 71273 886631 654876 499190 281183 391254 794669 536633 875475 380282 1095536 130509 18039 999999999 593211 856183 973869 680650 776015 709057 751306 796306 473900 284592 281884 434931 905069 833077 730864 496881 506741 126956 114928 633135 417741 625412 772348 632916 877374 828144 431462 133447 59528 337353 451233 507492 696244 564187 144718 93094 558185 763291 834575 222782 848209 1235281 1212238 763208 522557 841471 690444 717316 551358 439425 846120 600839 623192 1215534 118845 937693 397010 427296 285456 526663 1051579 167494 172097 500069 792827 614906 656514 509515 142003 823926 831134 398619 239199 273906 821009 564708 892577 886861 994709 395640
266383 575618 24167 12447 833330 681559 652139 294737 191049 419827 323400 730618 778284 442998 572895 543938 674333 544595 611007 593211 999999999 293351 647311 132676 703041 144336 227083 299524 220143 328226 313988 671946 323102 241243 612809 357148 784817 642182 696817 77851 722527 156281 503401 776778 300889 271492 239741 610989 651600 422038 221555 473782 196670 304740 645114 546444 159706 421282 839987 598609 914315 840196 831736 497782 749904 664664 481875 803063 741776 348939 255775 351026 109498 807603 522432 812646 493574 217388 386385 502036 680374 462061 482742 731771 538781 689007 277848 452234 690559 587760 463786 245901 405849 357865 961270 50697 453072 340684 751920 349850
216811 814125 309107 280927 1070357 970467 920948 129254 405045 698187 575139 1023966 1027138 714927 744862 835966 747248 826614 873153 856183 293351 999999999 791542 176607 944319 152160 356028 416387 508791 613513 590719 963509 265930 186260 852285 635599 1075986 880011 948920 229526 1015532 236238 706911 1055923 44726 316907 532299 893010 911562 715307 513239 752050 171098 566347 926849 823251 430985 609517 1089277 888671 1172584 909100 912513 704150 1038735 877072 714500 1071732 1027780 636603 109990 601773 233088 870744 766347 1025958 784353 510725 677986 778216 790159 743853 767256 1021439 741351 963341 498877 729525 967755 788695 624353 463601 693690 591986 1231439 340964 563088 57661 924288 641636
579238 1030629 660583 652088 419564 883342 993034 679053 456653 477014 831931 803576 435742 442780 98436 642468 187051 854120 989417 973869 647311 791542 999999999 739714 357784 724808 447919 378216 553825 725024 758817 697091 548314 605965 314948 478730 758988 1083015 1086419 707878 768970 797442 201602 617231 760363 474916 587902 895933 1026565 637634 577560 482089 812762 429159 920457 884549 522010 235477 479011 816776 578263 269323 241528 210746 698754 223921 286621 559641 659357 536979 683031 381827 748515 259684 978985 314905 600261 610086 691687 473904 95789 807961 802069 699529 185076 530393 381795 473143 979688 170528 183558 834726 739229 885838 682949 615681 230188 847853 149017 581421
246118 643398 141832 120899 958895 795739 744800 225699 297946 552406 400097 855716 906620 574934 674840 673131 738242 650322 697774 680650 132676 176607 739714 999999999 829249 33063 294144 367866 352405 438327 414268 801404 309599 210870 738100 489665 914481 709818 775570 57044 849631 82782 616001 909450 197329 301226 369444 716662 736609 548800 352383 606394 73382 433777 750450 646648 289477 526553 968575 714704 1044865 905122 901413 611327 881019 782049 604138 935081 873783 481070 183087 477465 58421 869702 594048 931264 624024 344785 505905 634535 759592 567630 591453 862506 651535 821499 392122 584771 791149 700533 559027 293083 519077 420361 1093551 183372 526689 215710 856207 479904
767994 863806 704320 712947 130627 617127 771632 864449 540404 325829 739115 499049 88952 287707 297218 397168 544077 645612 787618 776015 703041 944319 357784 829249 999999999 828527 597342 558721 512704 606336 653051 396137 764424 780951 92053 373873 427100 900244 875520 779679 460639 856322 260454 267018 927173 665603 523999 665563 816850 461122 527437 289065 898630 399283 680562 683200 543682 356326 148219 572787 242919 604183 569922 258962 367866 133978 229896 201879 324874 416853 851165 352145 811994 605384 821905 162237 381400 554730 537705 261868 452488 631255 613161 375073 235706 197466 445582 298897 735764 208073 380337 794092 579883 791586 334374 655392 487025 1001355 277403 451522
215447 674197 157929 131944 957492 818309 772438 192718 291834 560321 429205 873694 907515 580905 663196 688216 716326 675096 726312 709057 144336 152160 724808 33063 828527 999999999 277231 349683 363809 461437 439599 816264 278855 179730 736916 497427 929150 740724 805327 77570 866354 115139 608619 918270 168353 276624 384005 741550 765466 565612 365884 614411 91173 436681 775464 672675 294334 516875 969623 736546 1047976 882961 880272 604368 894040 776234 601483 940712 885314 492568 150080 478067 90001 847044 624365 925738 637893 360940 526174 641929 741069 592281 615355 876020 644061 828633 387129 592412 817302 692878 545843 324437 541534 451119 1099748 194047 507980 196607 844785 494181
173009 759865 247434 227148 719887 777552 798857 267144 101763 406175 513505 781507 683184 408850 391266 581804 449962 671250 769291 751306 227083 356028 447919 294144 597342 277231 999999999 74582 284510 466893 474132 698289 187123 183614 506145 351570 803516 824191 863298 270038 762555 359625 351698 745618 333053 86494 325566 733559 810790 489336 304168 454831 366373 263432 766584 684781 193901 253627 744712 693524 833291 616674 610500 349418 755827 521837 368755 744703 735171 379560 255502 279198 311636 582929 704775 670289 525373 324620 490183 474779 465621 595540 607139 742890 385756 647402 164771 432187 820317 432780 271634 462984 526398 558067 903301 217687 233120 413672 572295 405815
214025 813221 318880 300352 676252 802556 839652 314183 143141 408813 571699 791993 646519 404097 328878 593028 375717 707741 814134 796306 299524 416387 378216 367866 558721 349683 74582 999999999 322899 512243 525012 702521 205915 234321 469713 361305 803103 876260 909850 344615 769877 434200 303429 729691 388783 108073 365264 767670 855460 513340 345112 452653 439596 270938 799821 724606 240450 204211 706935 719756 799079 542295 535923 302741 752095 471370 336093 719562 727698 398752 310516 272301 386212 508815 758043 617409 536732 369815 524927 468671 391746 635696 644321 741138 335378 630122 162733 430931 855427 379965 208330 529922 564672 618631 875910 285358 158855 473547 507908 430905
419984 499549 211774 232321 642745 497084 516939 482868 183994 204407 278821 521652 579331 233203 461723 328247 640548 386989 491646 473900 220143 508791 553825 352405 512704 363809 284510 322899 999999999 191458 212690 455056 457771 409443 428190 143915 567276 559913 587959 296125 509692 356815 368465 557944 509745 367499 42440 449050 532870 214993 24567 257364 411413 129521 482111 402075 93587 320669 639469 412591 706321 793560 776061 360446 530449 503680 315780 589392 521646 128808 450894 182334 318725 768290 444900 643061 275671 56456 205733 286733 614322 312990 323011 512791 399920 472851 188841 236991 535884 444935 383820 292016 242584 332300 745845 169812 425999 558908 622745 134897
578654 310297 308134 339805 728139 357471 333448 621842 370368 283844 134893 433016 652947 324004 628689 284029 827141 216575 302536 284592 328226 613513 725024 438327 606336 461437 466893 512243 191458 999999999 49014 403851 625590 560358 537299 253741 513247 369080 397630 383987 435228 404992 528415 563525 626726 544881 149440 282850 344008 161088 167906 317549 473997 297963 316985 221840 273593 499611 706429 277417 751817 975566 955797 519575 495382 634134 457795 622070 502718 197989 583770 343202 386502 952345 256513 757050 255941 142725 85992 345968 793648 134587 154583 473435 555056 502814 378617 307881 364045 594248 565795 224738 81541 185584 763377 291367 616168 653711 772660 157019
572976 288699 292112 324797 775742 386779 338342 608674 381917 329001 86464 473530 701061 368858 663625 331770 853124 236225 299885 281884 313988 590719 758817 414268 653051 439599 474132 525012 212690 49014 999999999 449689 623235 552043 582280 294567 557863 351248 390694 362131 477953 373597 564883 612127 606992 548169 173329 302448 341137 210019 188158 364778 443874 329775 336189 233449 284562 529719 754913 310353 800810 1004797 986266 556199 541958 676847 497586 671082 550391 240886 569198 377739 359895 980274 233630 802273 304868 158244 133758 393554 824175 153855 179547 519790 592825 551825 401483 354217 378065 633474 594609 179642 119531 138640 812072 283035 638240 627990 812352 202044
859470 543850 659700 684361 467477 229625 408588 933095 601906 293849 525896 106707 385813 301580 606862 128309 864171 313280 441296 434931 671946 963509 697091 801404 396137 816264 698289 702521 455056 403851 449689 999999999 885061 855209 390237 346902 113137 561123 513660 744363 72584 788872 515805 198435 964656 784379 432301 305191 460335 255704 450542 251908 852368 435248 309290 352036 539694 562679 413923 212173 414971 964624 933913 507974 94329 502544 429574 286716 116580 329543 903651 431204 759598 956764 517604 553446 179500 456755 318402 242626 790410 343020 314148 71292 518141 203292 540706 272488 356962 526771 622513 628542 333368 564197 388311 622908 719974 1012541 661699 322118
63481 896977 347269 315989 880491 954827 958644 138821 284359 593293 644748 966716 852367 595456 519296 767264 483593 838147 923085 905069 323102 265930 548314 309599 764424 278855 187123 205915 457771 625590 623235 885061 999999999 99291 675624 538180 990625 963230 1012980 320476 948683 391972 507393 929785 226200 102956 495973 902560 964370 669479 474078 641814 363340 450518 936260 847258 364192 408824 912642 870351 1004994 643746 648288 507308 942863 672770 541605 923915 921748 563324 159266 464861 355208 605168 843086 815871 710977 488582 661584 661294 533873 758860 774031 930007 538003 830861 350299 619217 987416 580482 401873 566494 693271 680922 1081018 341741 318836 316101 690215 586272
36494 816423 264945 232247 903235 902673 890167 83776 258671 570772 564440 929374 866651 579594 562956 732307 564223 776196 850967 833077 241243 186260 605965 210870 780951 179730 183614 234321 409443 560358 552043 855209 99291 999999999 689692 511239 964408 883073 937842 226179 914839 293503 533349 920612 154897 131051 443464 841869 891815 624427 421883 622486 264307 429732 875917 781680 318010 434346 928249 818304 1016288 728050 729684 531583 920605 703006 552142 924891 903628 526775 77071 454823 258593 690381 763508 850395 677113 430843 606078 645271 604159 694903 712781 905807 566679 823856 343049 599563 924387 612613 442493 477853 633106 596811 1084091 269493 376977 241954 740788 543191
677404 810642 614817 622511 220799 595804 734269 773289 448380 253464 667273 496757 177224 213430 236757 361657 494650 601982 743865 730864 612809 852285 314948 738100 92053 736916 506145 469713 428190 537299 582280 390237 675624 689692 999999999 294084 444441 851947 835696 689083 460386 766868 178381 306068 835325 575888 442891 630041 776019 402668 444450 226764 807885 310420 648910 637831 453897 269649 238568 541088 329392 577544 545675 175239 384131 114596 137977 264012 344420 342178 759480 261813 722014 572853 765655 220053 334237 473121 475360 204528 410538 577386 562582 385859 160145 215644 353529 231132 706393 147340 301165 714320 520047 720765 411796 565718 409088 909307 274296 380438
513550 552666 351987 368773 502703 448756 522130 591193 255310 62896 377072 431399 436757 89447 380783 231918 601483 382864 512967 496881 357148 635599 478730 489665 373873 497427 351570 361305 143915 253741 294567 346902 538180 511239 294084 999999999 453854 604287 610664 434692 411165 499890 278419 421019 630809 437843 150165 432954 551342 167469 155086 116988 552081 90380 461771 409944 204664 269276 496347 369277 562435 738400 715577 269372 409409 382785 204130 446726 394017 58289 564677 107203 460264 718999 501982 513231 175509 181002 213011 144888 554704 329948 326430 394639 302841 331860 198714 95110 520428 340700 337240 420672 260524 431329 604301 306530 412057 688543 518930 102736
967401 621212 772748 797222 468418 275700 467531 1043168 709097 397348 631034 117619 392798 399071 674918 241441 934521 397027 509833 506741 784817 1075986 758988 914481 427100 929150 803516 803103 567276 513247 557863 113137 990625 964408 444441 453854 999999999 628803 568634 857444 89516 901777 591925 173994 1076487 889038 545268 373304 521463 368493 563321 350527 965462 540114 367929 433583 650513 650152 404209 290052 378065 1021292 988729 584898 60341 549213 509904 267840 102263 440699 1014508 530803 872719 1017290 601939 571201 291633 569876 428625 335508 854241 440270 410141 62912 588721 231886 643041 372557 403980 589298 705792 737368 439677 666264 323174 735622 807562 1125322 703366 434970
908406 66762 618270 650841 1002916 355485 164574 927505 733161 613587 318809 511986 920926 652275 985029 505994 1194976 256339 119940 126956 642182 880011 1083015 709818 900244 740724 824191 876260 559913 369080 351248 561123 963230 883073 851947 604287 628803 999999999 93059 668831 540608 644030 882382 759351 906535 895296 518301 257041 111153 452757 535880 626594 712413 663402 261354 217693 635810 864931 961367 349002 974945 1340121 1318684 873287 647515 960986 803293 844203 677348 546039 885544 704431 651398 1318424 120221 1061448 519629 508002 391437 647419 1157001 277250 289416 625261 904939 741682 747693 626737 238013 938483 932060 416976 343867 289631 945893 622150 985248 903454 1111909 501602
960924 143412 673460 706416 970105 293043 105475 987699 767916 610390 376638 451029 887575 646973 987984 478391 1210149 234636 97976 114928 696817 948920 1086419 775570 875520 805327 863298 909850 587959 397630 390694 513660 1012980 937842 835696 610664 568634 93059 999999999 731046 483185 714526 884817 711434 972899 938749 545548 211599 60093 448900 565024 615370 784309 679027 204507 201946 670890 877786 923445 306451 928331 1348926 1325477 875674 594139 947768 801861 800176 627622 553514 946448 715196 717375 1329602 183429 1037725 501634 540269 400068 632752 1165182 282145 284540 572880 904398 705030 771315 618914 165575 934154 945679 485855 354047 357475 890322 671466 1007492 975757 1102813 509955
258230 602125 84904 66988 909782 741045 695847 258976 256932 497271 354440 798978 855608 520809 638249 616088 719547 597533 650510 633135 77851 229526 707878 57044 779679 77570 270038 344615 296125 383987 362131 744363 320476 226179 689083 434692 857444 668831 731046 999999999 792679 90005 573946 853692 245136 293208 312460 663991 689988 491832 295558 551152 119113 382101 697914 595325 237128 487908 917388 659520 992118 886421 880538 568775 824128 737675 556841 880833 817178 424618 216784 427534 41598 852200 551283 886310 567057 287745 449850 579568 733987 514714 537810 805554 609467 766524 348503 529732 739967 658534 525284 255323 464264 379444 1038930 128204 502656 271651 818772 422919
920736 531844 708724 734974 521955 190523 380671 991223 664613 361236 547887 39034 441989 371695 679206 182533 936707 307721 421268 417741 722527 1015532 768970 849631 460639 866354 762555 769877 509692 435228 477953 72584 948683 914839 460386 411165 89516 540608 483185 792679 999999999 831470 588389 236484 1018908 848927 483271 284392 434310 300858 502727 321989 897022 500723 280586 344104 597504 634406 463445 200627 451141 1036064 1005081 580554 113345 571610 502104 330235 152530 388091 960362 499819 805112 1028653 512475 614660 238118 505419 352713 314290 862536 353687 323280 94937 590579 264177 607471 341830 320057 598535 694712 657522 358663 580994 407166 674618 791513 1062960 730077 374973
328510 578349 152052 148585 986863 760167 692138 305588 344440 561173 344705 833856 929447 588280 726540 661064 808565 608483 641936 625412 156281 236238 797442 82782 856322 115139 359625 434200 356815 404992 373597 788872 391972 293503 766868 499890 901777 644030 714526 90005 831470 999999999 659427 912553 265843 377500 364546 673937 679335 533294 351076 614148 71119 457057 707075 600457 313008 575578 990726 682013 1061695 975507 970056 653909 873073 820892 637455 946187 869928 481696 263357 505199 48927 940979 531418 968703 615920 336185 480592 643544 823971 527013 553138 853318 694853 829498 433760 593772 743612 743864 614580 228677 486505 357072 1102509 201195 592475 261629 906526 472900
516510 831064 511470 510863 373115 687637 791682 615515 318087 275772 641783 620445 349381 242735 103167 447336 349329 652649 787847 772348 503401 706911 201602 616001 260454 608619 351698 303429 368465 528415 564883 515805 507393 533349 178381 278419 591925 882382 884817 573946 588389 659427 999999999 474767 684730 411448 398142 695399 824964 436045 390809 284759 688775 239369 720613 682948 356844 99331 407787 618254 503325 467358 441803 9144 533288 170186 88373 441675 498412 336696 606999 188029 611526 452440 780116 319193 402077 423235 490946 280556 284758 606711 600493 529808 35546 377696 225684 273796 779911 84604 123020 658244 538516 696216 589889 463017 230991 764561 255393 381121
917116 740188 769674 788653 294597 423073 606638 1003100 662240 358156 694781 274416 220773 342113 542824 283061 799964 509054 639605 632916 776778 1055923 617231 909450 267018 918270 745618 729691 557944 563525 612127 198435 929785 920612 306068 421019 173994 759351 711434 853692 236484 912553 474767 999999999 1049199 826843 548260 503625 658664 402967 561584 304105 969292 492334 506927 548192 625468 550580 230471 410353 216921 870599 836628 469377 124097 397449 404675 94609 84535 430916 980151 466734 876402 870412 711146 400481 308732 577490 478638 277777 712970 529025 502180 141688 463322 99852 580854 326465 552284 453129 596161 784304 505166 738753 200179 726086 703015 1109358 543919 442825
181802 840255 319107 288721 1051693 982075 940759 87643 391580 692840 597242 1028994 1011298 707238 717622 837967 709310 841734 894602 877374 300889 44726 760363 197329 927173 168353 333053 388783 509745 626726 606992 964656 226200 154897 835325 630809 1076487 906535 972899 245136 1018908 265843 684730 1049199 999999999 285688 536189 908236 933656 720108 516282 746295 205468 557447 942245 840336 427327 586344 1073284 899379 1158589 869943 874272 682463 1037262 854827 697349 1061133 1024490 635907 78283 589799 255588 831328 791263 1002995 785166 516586 687273 771522 755260 758899 781168 1020653 718642 955066 483255 723555 984984 765269 597098 489561 705766 617355 1220866 345634 530812 89983 895684 644014
106752 830008 294682 267811 784100 862627 878077 207455 187322 491731 580059 867995 752993 492918 433749 668286 441627 752883 846176 828144 271492 316907 474916 301226 665603 276624 86494 108073 367499 544881 548169 784379 102956 131051 575888 437843 889038 895296 938749 293208 848927 377500 411448 826843 285688 999999999 407629 816007 887668 574999 385932 539614 367629 349238 849295 764822 275009 312173 813747 778427 904960 607601 606576 410635 840689 579386 440627 821757 819121 465925 208120 362051 333258 571138 775247 725058 611847 404058 573106 558684 475320 675724 688667 828136 443445 727962 247558 517107 902200 487835 313721 516580 607756 621225 979278 276312 246215 372961 610385 491487
455928 458483 227617 252173 652838 459981 474760 514409 225711 204683 244253 492823 585992 238369 494165 304211 680114 345688 449207 431462 239741 532299 587902 369444 523999 384005 325566 365264 42440 149440 173329 432301 495973 443464 442891 150165 545268 518301 545548 312460 483271 364546 398142 548260 536189 407629 999999999 408386 490432 184019 21897 254696 423672 159353 441674 360018 132656 356868 644900 375471 706973 831515 813231 389796 511836 525117 339067 586182 506266 118321 480775 210188 330434 806957 404038 660674 254605 31050 165757 284907 651219 270858 281575 493113 428214 467730 229593 236430 494825 471657 421354 271544 200895 298465 740255 191350 467096 580423 650404 110460
858602 248989 590557 622481 758522 109774 106434 904641 632709 419963 337748 257964 675986 453153 797924 269382 1032942 66504 137203 133447 610989 893010 895933 716662 665563 741550 733559 767670 449050 282850 302448 305191 902560 841869 630041 432954 373304 257041 211599 663991 284392 673937 695399 503625 908236 816007 408386 999999999 155686 265486 430078 416185 744754 512730 34135 78925 541002 701801 712156 94954 720017 1162666 1137061 686325 390481 743467 609331 590495 420904 380268 866613 540142 662266 1146300 237121 827790 298909 413986 243481 430214 979481 149338 129089 368275 711468 493481 615056 423053 88154 737153 769576 459887 209369 350807 688855 573772 843269 930329 900694 340966
913720 133703 628659 661648 913028 246445 54162 944508 714203 550378 336536 404074 830559 586896 928129 419692 1151436 174602 41508 59528 651600 911562 1026565 736609 816850 765466 810790 855460 532870 344008 341137 460335 964370 891815 776019 551342 521463 111153 60093 689988 434310 679335 824964 658664 933656 887668 490432 155686 999999999 388974 510351 555327 749880 620887 153724 142017 617595 818962 867614 250513 875302 1289420 1265804 815821 543494 887915 741850 746103 575442 494416 903786 656261 678856 1270340 156986 978995 441860 486679 341630 572863 1105669 223990 224980 521739 844395 648630 714583 558821 126935 874065 886906 451357 296179 324522 841095 623760 950136 940961 1042794 451071
634326 408398 407892 434480 577148 289307 356488 697393 387731 161838 294653 308907 499308 199710 539201 128852 768179 217097 352366 337353 422038 715307 637634 548800 461122 565612 489336 513340 214993 161088 210019 255704 669479 624427 402668 167469 368493 452757 448900 491832 300858 533294 436045 402967 720108 574999 184019 265486 388974 999999999 204495 175904 597432 249462 294526 246964 307272 436480 550301 206524 591693 901540 877297 426904 342540 509137 353154 461335 345398 116421 664462 274660 505019 883637 363015 618188 94854 204703 79283 200046 717862 175819 165284 321764 455618 342493 355062 174137 353026 486750 504347 381866 118765 342331 602557 374788 578538 762212 659162 83524
434123 475273 210665 233940 656980 481806 495526 493275 204750 212895 254684 512984 591836 244391 484989 322757 665114 367175 469040 451233 221555 513239 577560 352383 527437 365884 304168 345112 24567 167906 188158 450542 474078 421883 444450 155086 563321 535880 565024 295558 502727 351076 390809 561584 516282 385932 21897 430078 510351 204495 999999999 264489 408455 151462 463414 380970 110925 344832 651389 397290 715790 818049 800450 382671 528662 522968 335656 596712 521864 130668 459985 203738 315296 792837 420566 660781 272023 32580 187617 294407 638661 291750 303017 510316 421804 479019 213337 245182 516386 466276 408231 272216 222232 308338 751922 172387 450370 562010 644502 128448
622227 584045 467905 485496 411090 402888 516918 703725 364142 54092 451122 348781 337980 49715 385135 163091 631914 380734 521302 507492 473782 752050 482089 606394 289065 614411 454831 452653 257364 317549 364778 251908 641814 622486 226764 116988 350527 626594 615370 551152 321989 614148 284759 304105 746295 539614 254696 416185 555327 175904 264489 999999999 668009 193008 439216 414945 321376 314904 394354 334707 452404 750694 723616 275970 301077 334409 196630 332289 281275 137451 678769 180386 575735 737012 538901 443258 118237 285473 249728 30361 569163 350932 337279 288888 297017 215602 292756 22924 498275 320968 378128 514911 293596 503041 488525 423110 470862 805287 487510 165125
300722 647110 200124 186084 1028638 830091 763153 258515 370694 614354 415720 900582 974721 638954 748221 724191 807478 679179 712693 696244 196670 171098 812762 73382 898630 91173 366373 439596 411413 473997 443874 852368 363340 264307 807885 552081 965462 712413 784309 119113 897022 71119 688775 969292 205468 367629 423672 744754 749880 597432 408455 668009 999999999 501208 777960 671491 356214 599818 1036496 751335 1110907 974130 971339 683982 934842 854223 674968 998684 929927 538813 218495 546497 93237 938212 601008 1003259 677364 396736 547776 696788 831283 597502 623331 915576 724318 883589 464340 646908 814717 773346 632329 298742 555534 426871 1156331 246417 598223 191450 929580 533475
429255 607225 305101 315124 529860 536003 596180 511436 171182 142850 403578 521596 473547 150289 334855 322253 532061 458375 581081 564187 304740 566347 429159 433777 399283 436681 263432 270938 129521 297963 329775 435248 450518 429732 310420 90380 540114 663402 679027 382101 500723 457057 239369 492334 557447 349238 159353 512730 620887 249462 151462 193008 501208 999999999 542990 481810 145035 201826 535289 454981 611388 677752 657841 231210 493120 376821 188492 505635 474282 133068 487817 53130 413106 655161 554109 519412 265874 183867 279317 215639 495688 396959 398338 479697 270446 397621 108470 170123 600804 315468 268664 421083 324989 457818 665245 256326 331034 621211 493244 172190
892535 261857 624658 656599 769390 94577 100255 938775 665568 445960 369328 250764 686856 477942 822738 287259 1060320 100568 144250 144718 645114 926849 920457 750450 680562 775464 766584 799821 482111 316985 336189 309290 936260 875917 648910 461771 367929 261354 204507 697914 280586 707075 720613 506927 942245 849295 441674 34135 153724 294526 463414 439216 777960 542990 999999999 108819 574325 729964 720615 108072 723828 1187964 1161842 711581 390206 762906 633892 595948 423149 410162 900745 568952 695893 1172303 256512 842575 321174 447728 276401 451613 1005123 183362 163145 368693 735629 503430 646210 447319 59309 759891 797569 491594 243222 380126 687457 607889 872993 963917 921013 371758
800443 192007 525059 557533 785267 185657 115260 841117 585687 408469 260706 322641 703342 445261 786113 288303 1010823 39310 106357 93094 546444 823251 884549 646648 683200 672675 684781 724606 402075 221840 233449 352036 847258 781680 637831 409944 433583 217693 201946 595325 344104 600457 682948 548192 840336 764822 360018 78925 142017 246964 380970 414945 671491 481810 108819 999999999 490905 678282 744529 143596 761771 1147640 1123873 673805 442822 748649 599935 630046 468504 353484 802096 515484 591177 1128860 168384 844766 303916 360774 202950 433724 963892 89244 83689 419873 702462 524899 578551 417582 144648 732549 746282 382990 160084 271955 740205 512279 812277 858777 902376 310676
