NAME : synthetic_000254
TYPE : CTSP-D
DIMENSION : 100
GROUPS : 8
RELAXATION_LEVEL : 1
EDGE_WEIGHT_TYPE : EXPLICIT
EDGE_WEIGHT_FORMAT : FULL_MATRIX
EDGE_WEIGHT_SECTION
999999999 521360 491044 582476 843397 500148 813128 428864 689100 812843 533189 336746 408397 375380 658423 646834 731954 540290 835571 826636 148719 519131 350235 491023 463637 93739 282264 989582 253650 941610 204244 243914 535351 143964 366928 862911 636980 477021 919759 725348 372607 492734 771643 722927 538830 211290 412777 504915 442096 648738 150226 249850 719770 803251 637028 357539 153699 604157 583177 58188 1014792 299534 526792 506520 184381 382163 477875 855541 526592 418692 885014 863892 788043 741216 352540 736043 403756 430761 708838 500243 931092 807615 613763 635724 443839 106661 474812 219370 688666 260429 230445 426345 328731 562804 745928 706161 760425 521757 335364 804319
521360 999999999 30526 134207 322372 193193 688377 757549 363942 427247 401501 639407 361366 603697 154131 314854 585530 351284 702880 788754 372656 278357 407584 337551 413174 428871 524597 476320 746284 556305 654659 586531 756026 642478 160746 350463 364442 394099 537890 601560 683747 407565 433021 235929 46268 325201 394222 126817 743348 282083 629858 714104 734788 497208 738281 550357 639809 266505 413656 465385 513282 282072 716480 170586 497689 202879 108483 379421 118980 312059 725366 542835 268541 230531 664460 726486 758798 443268 274291 312047 416120 346892 157443 382973 145425 495576 704922 356883 227446 261014 668119 220606 810528 96183 613903 475907 379938 369040 502471 661377
491044 30526 999999999 150641 352854 190021 682002 730370 367432 439139 388426 611915 346080 577908 182380 317268 578922 347370 697259 778147 342328 275015 388093 329541 401056 398454 497044 504908 715845 569983 624500 557579 732392 611959 132470 378700 362327 377149 551003 593657 656467 391373 439871 262573 65787 294775 373179 119345 716864 287470 599405 683922 720448 502130 719541 524814 609332 267207 410919 435208 540178 257237 693608 162182 470750 177525 93969 402117 117296 297953 721935 549985 299054 260204 636979 713419 730917 428262 289147 298943 444926 367042 171535 379612 131454 465181 680399 329696 250302 230789 638156 200765 780257 113505 606809 473425 390260 356123 476753 655857
582476 134207 150641 999999999 294487 119655 819273 869453 483565 526173 535708 750212 314989 721843 96760 437102 716817 257260 833034 922363 438972 188553 379716 260463 348328 496057 635750 481016 824350 646901 741393 688336 880126 716114 222023 366506 492177 527241 630700 733814 795423 541095 544803 140894 87947 411767 523520 260635 858417 400112 708555 799819 868936 612244 870173 669518 717165 392079 312416 524349 534577 298382 842333 304346 515498 325037 242027 436440 250518 264770 853001 652355 234926 173242 775205 860683 866943 390090 370043 446246 420861 418593 264617 511943 140064 578656 826783 384167 109260 331241 758169 351405 893430 38026 745535 603295 484432 503247 621247 791511
843397 322372 352854 294487 999999999 413238 809610 1049643 454041 416192 609054 935667 607801 887727 198930 430582 719133 527741 816008 940498 694786 469762 674137 543755 634047 751182 823281 196567 1066745 492518 972376 894684 1019403 964220 478537 120320 499661 628727 484494 744526 977687 635616 472043 183743 307128 646141 655265 380705 1030022 388383 950601 1031888 922197 539678 962308 834002 960840 413744 568784 786982 263517 583266 974813 408129 802970 502771 391553 247438 357581 558245 816236 553899 59589 124264 960260 903532 1056637 679601 303031 534382 142216 269639 290511 523193 424394 815866 976693 666014 236780 582972 984015 494759 1129035 296299 748629 589877 401460 580361 788805 777428
500148 193193 190021 119655 413238 999999999 868658 831989 556370 618180 566609 713259 195334 696882 216408 506662 765582 158119 884640 958273 367038 85275 261265 147915 231795 421739 602105 600654 750274 744768 676703 641071 863834 640240 177943 485167 552180 546126 727151 778767 758847 562156 626208 247160 158631 360221 527805 308550 825926 475078 637155 733051 892247 690217 876579 647526 644413 457055 221040 442412 653423 202246 830533 350203 409147 326209 279426 547588 307226 145185 910942 735979 353817 290388 737672 888538 824241 271258 463135 478639 540443 524352 348679 569063 80378 514872 806662 287850 201320 272393 696416 368720 822631 131289 792857 663078 572142 535119 599894 843402
813128 688377 682002 819273 809610 868658 999999999 615934 358326 413279 314372 578948 976410 502018 791947 392971 103110 1020773 22926 144391 741484 951230 982170 992994 1043479 754587 551093 781677 849142 429100 751710 631146 476627 815849 724890 716376 329542 356601 417064 93591 586597 338586 343581 869634 733517 665936 410535 562950 578518 435300 784015 787263 200649 285236 318768 484998 795740 430271 1085460 797237 738805 829982 435459 519820 941476 564526 589580 595948 569563 940068 78818 304598 801268 821434 587806 166237 650440 1051572 508363 394526 761633 552301 568515 308297 796259 709620 487008 841733 888322 711391 738253 510262 859450 782020 76465 223060 411612 341841 487485 32771
428864 757549 730370 869453 1049643 831989 615934 999999999 704588 833299 493514 119349 806808 164808 911583 687778 583398 922134 637620 555769 488061 880691 763098 875386 870513 449749 233777 1134145 291116 929387 241767 197812 157851 327441 657416 1019460 637624 448614 909168 560845 74040 450477 765194 992944 794961 472535 402502 669509 37760 715032 300275 235707 441453 758781 319615 217128 305543 672400 975778 460946 1130026 664444 185469 642127 613143 555644 663404 956061 692310 801590 694383 813422 1007646 984138 94522 471897 39726 846316 804858 534961 1086512 900778 763208 621676 755873 347030 129058 609780 976911 560904 214813 555074 267721 837214 579543 638053 792928 509052 260899 624951
689100 363942 367432 483565 454041 556370 358326 704588 999999999 131899 211077 612097 703788 542963 441425 51112 265135 714354 367074 486461 566086 641641 731429 696605 763952 603759 522846 459263 829921 252988 723626 611953 627344 754844 454085 371084 66983 259432 231085 290590 643679 254880 83697 515285 404464 487124 317940 254915 675254 83496 729185 777089 474471 135588 533351 496416 741533 102998 777320 650195 437401 581482 579458 221735 754246 325820 289275 268789 250704 658969 376632 188843 443065 464213 632650 452956 724583 785133 151084 193774 426024 215884 220349 85239 496576 609889 600280 624556 538713 489138 723182 270689 870382 448731 294700 136142 88416 198291 465026 326946
812843 427247 439139 526173 416192 618180 413279 833299 131899 999999999 340556 743150 784935 672994 462407 166520 340055 774842 415039 554278 683744 702132 821781 764480 839832 725021 654745 368675 961189 133838 854977 743812 748441 884333 546413 310059 197352 390804 113315 369369 773858 385406 75568 522415 459803 606568 449839 343696 803014 167819 859265 908755 565657 129026 641034 627359 871564 209694 834813 771105 331108 677481 700360 321516 864656 438960 378906 183752 331822 737092 406291 138424 422876 461522 763354 539335 854432 867123 156218 324205 349453 146910 269902 211696 570424 737702 725335 729943 556823 597913 854874 388060 1002232 496306 366604 220202 53149 329808 596746 380529
533189 401501 388426 535708 609054 566609 314372 493514 211077 340556 999999999 403306 662577 332438 531094 198648 215953 713666 333744 391664 438607 646330 668007 683049 730067 460942 322357 655201 635751 446287 529681 412501 422747 572416 412917 551424 144111 57688 425006 220895 433305 46440 275740 614888 447763 359915 123729 275829 464315 232453 543899 579549 333689 284512 353909 287503 556340 197192 778285 506327 642356 515630 375619 232739 638745 251292 294612 469541 289649 627414 372772 344551 581560 581132 423038 325098 513916 737253 325742 89540 614038 414416 323647 129097 490520 439326 391255 530460 621279 397981 525715 199559 669594 497684 238406 174823 299445 32477 260476 295233
336746 639407 611915 750212 935667 713259 578948 119349 612097 743150 403306 999999999 695033 78036 793525 590026 528390 806795 601639 546678 375510 763474 655476 760673 760158 342184 114878 1027800 272570 847990 186057 92965 199472 266420 538232 910538 545826 352718 827036 510137 45598 357826 678922 874451 676253 354567 299031 554982 114875 613775 234718 210298 431609 680927 324829 115827 243769 569634 861742 359753 1027826 549485 198106 529767 517708 438264 547146 854086 578094 687241 657501 738432 892256 866978 25065 456676 120978 738862 701069 432351 978347 799112 651816 532324 636794 242808 140720 499442 857813 442899 166170 441036 281731 718142 530294 562061 699539 413911 151208 581929
408397 361366 346080 314989 607801 195334 976410 806808 703788 784935 662577 695033 999999999 700319 411736 652685 875619 138303 995003 1044732 319524 150117 76891 90946 69255 358614 597492 795978 659539 916063 608793 609000 873329 551591 254341 679688 685151 627455 897051 883234 738736 645233 780993 435661 339530 356181 590152 449056 809697 628381 558110 657884 962291 839337 921709 659201 562078 600874 174784 358456 847987 155212 848757 483358 262159 411932 414513 734991 455987 50860 1029271 890783 548571 484195 717017 965349 790092 82193 634860 583286 735725 706832 517302 697782 215953 462037 812303 197558 385473 279537 633134 467322 735524 323422 900054 790977 735336 634574 616257 955248
375380 603697 577908 721843 887727 696882 502018 164808 542963 672994 332438 78036 700319 999999999 756851 524120 450356 803002 524781 476044 384545 754061 668525 758846 767580 361669 103445 969345 347570 774437 254535 141552 173028 328782 519225 855002 476195 285037 753705 432175 100903 288107 606939 839617 643382 347636 237721 508920 142297 550556 296362 285479 362147 606091 264361 53880 306763 507691 860906 387657 965549 549147 153600 479644 548350 400820 505335 791574 531298 686924 580411 662948 847298 826804 92661 385170 181638 751361 640101 370199 921889 736325 599864 461423 618090 272325 112150 510032 827253 433706 238038 394474 359711 687884 452373 486521 631028 345920 101229 504348
658423 154131 182380 96760 198930 216408 791947 911583 441425 462407 531094 793525 411736 756851 999999999 400158 691706 346505 803533 905499 511394 281354 476082 354588 443540 568588 678725 384332 892614 574945 804153 739918 906239 786528 291634 271525 462530 533106 560445 711800 837820 544654 491963 84728 121890 473031 541317 260052 897014 359237 776133 863372 863440 561452 878552 703319 785536 362180 396766 600865 439057 386451 865482 300398 605685 356351 253993 351509 242664 361527 817529 595150 139393 83020 818576 851475 912918 486345 309804 444130 324298 340911 223507 484352 226825 643146 856522 470617 97305 400248 818754 368044 958947 98672 721203 570459 426398 499014 655641 762342
646834 314854 317268 437102 430582 506662 392971 687778 51112 166520 198648 590026 652685 524120 400158 999999999 295096 664491 403717 514360 520347 591896 680498 646098 712957 559866 495231 457314 797349 295358 691447 583020 621143 718431 403101 358566 69080 239185 273631 317986 624002 238065 132280 476736 356316 442131 291845 203880 660210 42996 693803 746264 491726 186663 539557 475266 706053 51903 727692 606137 443990 530848 573797 170790 706196 277862 238174 270903 200229 607938 417954 239568 413780 429100 611607 473048 705400 734021 131626 160963 418409 215770 176913 92612 445885 571266 589583 575242 497128 440364 692579 224168 840907 401598 324866 170447 115416 178927 440454 362730
731954 585530 578922 716817 719133 765582 103110 583398 265135 340055 215953 528390 875619 450356 691706 295096 999999999 917942 119742 221404 650511 848250 883515 890581 942298 667709 483364 706981 791617 383895 690094 568529 460553 747782 623241 631938 229395 262960 367995 29999 543296 245347 265816 770489 630793 573231 321798 459921 547370 337939 716753 730864 228107 219908 321526 424165 728848 329541 982616 711667 670930 730766 414836 416741 850978 463742 486471 517543 466816 838509 157164 256733 707234 724172 540934 199880 614373 951569 416219 292701 681679 470094 468690 207355 693406 631210 457752 746144 787643 613922 679556 408682 809903 679455 29777 129397 328840 241554 418133 79659
540290 351284 347370 257260 527741 158119 1020773 922134 714354 774842 713666 806795 138303 803002 346505 664491 917942 999999999 1037464 1104282 435530 72963 213036 49304 119972 481376 702533 722958 793233 899845 736660 725193 974640 684196 305069 617019 708576 687748 882715 929683 851618 704609 784265 345418 315151 455524 661418 464761 921576 633191 688501 788035 1031974 848327 1005533 757705 693309 614575 64706 487542 783031 257710 945833 505394 400459 465665 434159 693666 464662 122540 1065645 893969 471216 404416 829930 1030842 908591 172631 619176 627653 664888 675021 506008 724789 224542 583523 914945 322891 292232 369691 759885 514130 868822 280788 944574 818987 729545 683039 712039 996472
835571 702880 697259 833034 816008 884640 22926 637620 367074 415039 333744 601639 995003 524781 803533 403717 119742 1037464 999999999 150694 762851 967577 1001746 1010304 1061837 776506 573989 782565 871968 423613 774617 654069 497141 838764 742904 720595 341862 377222 412567 113845 608976 359254 347224 880387 747754 686979 432018 578022 600144 445629 806935 810070 217758 286222 337904 507920 818662 442687 1102121 819307 737775 849319 456498 535147 962967 583073 605316 598429 583937 958160 56763 301043 809256 831068 610350 183140 672341 1070586 516043 412370 764230 556159 580028 321250 812923 732208 508627 862214 900194 731320 761119 528305 882002 795963 95353 233282 416286 360537 510339 41525
826636 788754 778147 922363 940498 958273 144391 555769 486461 554278 391664 546678 1044732 476044 905499 514360 221404 1104282 150694 999999999 779506 1037693 1040622 1072046 1113399 782175 548228 922938 818501 573265 730355 615731 402315 803910 801132 852497 446817 418088 561430 196474 543065 400668 482468 986137 834855 710469 456812 661941 518188 557353 771459 756356 115587 427599 236779 474722 782223 544652 1168760 820795 881971 892611 370424 618173 974542 639201 684201 735394 672265 1013185 191527 448985 927737 942397 549503 91355 593732 1115250 637524 480121 900534 689656 684389 423823 881925 720139 429557 891074 1000025 769385 712480 590509 816088 884467 192075 350784 548285 423278 491301 176074
148719 372656 342328 438972 694786 367038 741484 488061 566086 683744 438607 375510 319524 384545 511394 520347 650511 435530 762851 779506 999999999 400386 284012 388024 385004 57263 281103 841908 385892 815376 309855 290400 557211 277161 219841 715174 520702 387625 793760 649358 419288 405165 649719 578405 391004 80204 330996 361858 490188 516802 271022 366024 682911 688831 622731 347954 278984 474082 487826 94017 868951 178575 536109 368316 200473 245470 332897 712726 382608 313998 807350 748441 639672 593925 397561 692693 473207 366827 569499 387490 783117 666497 469472 523327 303055 149658 495683 125509 546792 111870 330347 296207 456611 417087 668979 603201 630704 420396 309576 727538
519131 278357 275015 188553 469762 85275 951230 880691 641641 702132 646330 763474 150117 754061 281354 591896 848250 72963 967577 1037693 400386 999999999 225898 73999 164332 450785 655746 662784 772635 827621 708075 685731 924011 662529 243690 552872 636815 622812 810336 860691 808788 639330 711314 291372 242352 409157 599951 393020 877653 560328 663518 761955 968274 775470 946739 706821 669463 542178 135905 463498 720138 222906 893125 434160 399790 401056 363075 624446 392295 110734 994818 821008 411737 345527 787259 965948 869719 211599 546612 559340 603708 604180 433117 653379 155810 550023 865329 299913 239457 321195 729838 447196 847085 209422 875202 747500 656655 615280 660131 926454
350235 407584 388093 379716 674137 261265 982170 763098 731429 821781 668007 655476 76891 668525 476082 680498 883515 213036 1001746 1040622 284012 225898 999999999 167210 114380 313698 565081 858751 596732 954587 553770 566271 841044 490930 277470 739627 706260 627701 934840 888586 697763 645740 811334 506391 392398 335478 583810 479820 769050 660167 500391 599781 952219 866105 902223 631350 503227 628667 240829 305317 907567 153378 820004 509711 190194 422612 444549 786206 490031 118604 1039318 920023 614610 551640 676209 958013 743546 83388 676282 594379 798110 754372 559009 716721 264703 416078 779433 158689 457454 271819 579209 480151 672985 383316 906399 808065 770705 642128 591243 963050
491023 337551 329541 260463 543755 147915 992994 875386 696605 764480 683049 760673 90946 758846 354588 646098 890581 49304 1010304 1072046 388024 73999 167210 999999999 90450 432962 657702 736692 743931 892060 687776 678126 930996 634917 270921 626070 686549 654348 874208 901078 805308 671533 769267 364849 306034 411220 624855 443666 875527 617005 639356 738929 996698 831588 966330 714447 644103 595284 102200 438436 793594 211188 903175 482608 352530 432880 411445 694549 445911 74113 1040444 879341 485728 419525 783596 996763 861229 139220 610120 598684 677519 672199 494596 701672 200641 535413 870930 273923 312560 326784 711144 483743 819528 278143 916594 795878 717489 653086 669339 969620
463637 413174 401056 348328 634047 231795 1043479 870513 763952 839832 730067 760158 69255 767580 443540 712957 942298 119972 1061837 1113399 385004 164332 114380 90450 999999999 421010 664503 826531 711093 969478 666454 672883 940606 605034 319506 714709 748136 695845 950998 950473 803418 713566 839581 455266 386232 424754 659223 509089 874554 686799 613863 713425 1031453 899516 990797 727196 616984 661375 130005 416807 882559 224407 916725 545122 303061 478999 475182 779137 514312 105298 1095249 949637 575867 509793 781736 1034345 852568 52918 687438 649685 767149 754370 570492 761526 269602 524319 879408 260875 402882 348787 691518 533660 787341 363082 967063 855146 791309 701678 684654 1021868
93739 428871 398454 496057 751182 421739 754587 449749 603759 725021 460942 342184 358614 361669 568588 559866 667709 481376 776506 782175 57263 450785 313698 432962 421010 999999999 259520 895879 329428 855194 257303 252587 531900 220248 277081 769223 554595 406966 833427 664057 384102 423773 686963 635618 448044 119388 345912 411723 455393 559496 215421 312013 680900 722180 611348 331452 222882 515584 530671 46523 921165 227880 515124 414720 193162 290514 384289 762581 433210 358931 823356 782434 696366 651066 362582 693413 431673 397054 616895 418894 837453 715146 520357 555174 359568 103441 470141 161063 603683 168693 279266 337167 400958 474346 684196 630512 672269 446020 298699 742897
282264 524597 497044 635750 823281 602105 551093 233777 522846 654745 322357 114878 597492 103445 678725 495231 483364 702533 573989 548228 281103 655746 565081 657702 664503 259520 999999999 921763 314399 767641 209330 90144 276241 265097 425769 802433 458550 266664 746141 470612 159739 275951 595486 759574 561385 247165 204920 442705 224073 514828 233645 257239 438893 606587 355714 75275 245634 469506 759571 288134 925619 447281 255978 419643 448711 323897 433448 752739 466035 585267 627122 666199 778874 752529 139943 457025 234585 647925 598732 334600 870778 698347 542143 448182 524630 176188 214910 406597 743134 334577 203494 329650 347991 603439 491447 492461 608163 326186 65421 547655
989582 476320 504908 481016 196567 600654 781677 1134145 459263 368675 655201 1027800 795978 969345 384332 457314 706981 722958 782565 922938 841908 662784 858751 736692 826531 895879 921763 999999999 1194145 390722 1093799 1002055 1077930 1098087 637041 126745 520633 689757 391116 735724 1066101 691671 441312 380246 474350 782369 731649 492503 1109474 423210 1080412 1152542 929059 496542 992567 917477 1091564 463049 765196 935859 77189 754149 1030803 505425 972651 620991 514482 190999 469208 745617 769163 488651 251742 318550 1051169 904593 1147307 870438 330687 599619 60865 243528 384452 542373 599959 946399 1043963 832503 433152 732592 1101539 596525 1250120 475617 734315 581876 380219 632490 876755 748966
253650 746284 715845 824350 1066745 750274 849142 291116 829921 961189 635751 272570 659539 347570 892614 797349 791617 793233 871968 818501 385892 772635 596732 743931 711093 329428 314399 1194145 999999999 1078723 106402 225004 442835 110260 603319 1069441 767805 579131 1057036 775907 277718 589516 905821 962875 770889 421085 514999 701693 322165 810949 116516 62272 703110 920260 591292 367456 107237 764806 834066 309396 1208695 551867 457859 691036 413558 573209 681628 1040086 725085 672071 927268 980151 1014639 974030 269193 728946 252682 673639 886775 637128 1138575 987756 809922 759304 688905 250890 396613 473011 932549 493695 112140 601168 76266 800919 796474 806849 912337 636994 378912 850158
941610 556305 569983 646901 492518 744768 429100 929387 252988 133838 446287 847990 916063 774437 574945 295358 383895 899845 423613 573265 815376 827621 954587 892060 969478 855194 767641 390722 1078723 999999999 972324 857622 829145 1006771 679880 374593 311305 500993 21908 413665 874968 492627 173072 625644 586160 737446 563891 477376 896825 301208 980521 1024173 610167 172067 703502 732612 992914 341675 958319 901487 330892 811088 781457 455203 998062 571399 512536 245146 464999 867659 397288 127395 512469 560937 866532 579534 953854 998241 282123 445974 392345 235949 399081 319595 700742 862747 813858 863718 665346 731342 970215 519204 1115487 619452 404354 292497 186629 441894 706687 398485
204244 654659 624500 741393 972376 676703 751710 241767 723626 854977 529681 186057 608793 254535 804153 691447 690094 736660 774617 730355 309855 708075 553770 687776 666454 257303 209330 1093799 106402 972324 999999999 121565 376234 85830 519373 969934 661409 472918 950634 675575 204480 483521 799419 877535 682295 331253 408639 602086 264127 705763 59408 59520 615944 814186 510878 267079 63776 659650 783066 250337 1106231 485170 382284 589195 385264 473966 583861 936602 625640 614150 829214 874180 921810 884328 190081 639635 210054 634838 782908 531027 1039073 883842 709349 652923 610041 162917 322515 413870 850463 410613 27652 498680 156892 715515 696285 701361 806308 530621 274405 751054
243914 586531 557579 688336 894684 641071 631146 197812 611953 743812 412501 92965 609000 141552 739918 583020 568529 725193 654069 615731 290400 685731 566271 678126 672883 252587 90144 1002055 225004 857622 121565 999999999 291593 188188 470361 880828 548097 356707 836093 554137 131963 366095 685314 818157 619779 281045 294311 516269 203153 600949 155744 167128 502737 696706 405301 146149 166675 555242 778218 267520 1008926 467512 285891 497233 424830 391955 503136 836913 539881 604213 708353 756266 847687 816743 110763 524510 183988 649609 682712 422081 949617 782988 619533 538090 567283 151135 231541 412066 797213 368699 113502 406187 258434 658468 574868 582240 696653 415957 153949 629886
535351 756026 732392 880126 1019403 863834 476627 157851 627344 748441 422747 199472 873329 173028 906239 621143 460553 974640 497141 402315 557211 924011 841044 930996 940606 531900 276241 1077930 442835 829145 376234 291593 999999999 460603 685901 972053 561633 392079 810316 434639 171796 387651 675678 990393 798171 519872 366691 649954 122212 654907 430058 383808 290285 657127 165691 217208 437886 617205 1033139 554508 1063686 721825 48084 615158 714235 555309 652260 891760 670674 859430 553504 706733 984358 971058 187924 322607 197390 924018 747992 486030 1035930 836811 728902 542112 784187 437536 61764 682719 982673 604974 352036 538330 425205 844742 451304 537606 714727 446193 264125 490035
143964 642478 611959 716114 964220 640240 815849 327441 754844 884333 572416 266420 551591 328782 786528 718431 747782 684196 838764 803910 277161 662529 490930 634917 605034 220248 265097 1098087 110260 1006771 85830 188188 460603 999999999 495971 972418 695793 514765 984903 735621 288870 527424 833862 855284 665151 318323 448867 606169 349876 727969 32454 111755 690717 854955 590123 332322 22742 681964 726337 199161 1116381 441607 464304 599364 312847 478130 583774 950540 629192 562656 892154 915596 911009 868466 273241 712697 294936 569586 798805 561096 1041399 899541 715327 689898 579775 152031 405461 363110 823912 386529 112651 511582 184787 693612 756465 746771 833842 568892 329847 812752
366928 160746 132470 222023 478537 177943 724890 657416 454085 546413 412917 538232 254341 519225 291634 403101 623241 305069 742904 801132 219841 243690 277470 270921 319506 277081 425769 637041 603319 679880 519373 470361 685901 495971 999999999 511029 431549 383482 659707 632269 583811 400623 533880 359557 172160 190722 356709 203026 649836 383060 487192 577813 726931 589020 703061 469618 496082 351242 368893 309611 672507 131568 652879 232354 338827 162048 167711 530717 215099 215274 775756 642581 422072 374320 562907 726203 651747 333653 406066 330541 576866 492128 291413 443643 98954 356643 628757 197694 331115 109626 536325 214631 671682 197662 648427 536668 494684 383573 421953 702720
862911 350463 378700 366506 120320 485167 716376 1019460 371084 310059 551424 910538 679688 855002 271525 358566 631938 617019 720595 852497 715174 552872 739627 626070 714709 769223 802433 126745 1069441 374593 969934 880828 972053 972418 511029 999999999 425927 580631 367864 659087 950032 584402 373394 286070 350996 656093 617654 367902 996315 319967 955228 1028905 845510 437640 898112 802342 966273 354955 664208 809120 168300 629939 925713 383607 847663 496294 388644 131278 344416 628952 715658 444862 156137 219391 934328 823895 1030807 756352 227086 488041 69148 164591 261389 448912 477983 820940 934727 707158 336088 605871 978400 474649 1126539 356704 660735 503071 304801 526090 760108 683733
636980 364442 362327 492177 499661 552180 329542 637624 66983 197352 144111 545826 685151 476195 462530 69080 229395 708576 341862 446817 520702 636815 706260 686549 748136 554595 458550 520633 767805 311305 661409 548097 561633 695793 431549 425927 999999999 193500 289511 250880 576968 188224 138233 541101 408222 440748 253787 243825 608276 111622 669298 713982 422680 168131 473011 430058 681701 100826 772626 601113 502193 553903 513862 203957 713868 288931 275117 331505 245931 642850 361108 227940 482300 495653 566159 404008 657785 765157 199741 136863 484212 277323 239316 23535 486034 553426 533631 589228 558787 452665 660023 231295 806466 455538 259028 111469 155390 132666 399656 300452
477021 394099 377149 527241 628727 546126 356601 448614 259432 390804 57688 352718 627455 285037 533106 239185 262960 687748 377222 418088 387625 622812 627701 654348 695845 406966 266664 689757 579131 500993 472918 356707 392079 514765 383482 580631 193500 999999999 479520 263377 385238 18071 329120 617737 439833 310340 66051 273273 421476 267462 486334 523516 346142 341440 345513 237163 498777 226805 751972 451866 681973 477044 346568 233045 588097 222091 285616 508144 290707 595129 419984 401706 596535 589688 373540 343190 466509 699710 359091 94347 645444 452811 338852 181719 467766 382059 354447 485144 619171 356030 469602 178339 614511 489488 282407 232458 346849 61196 206346 340643
919759 537890 551003 630700 484494 727151 417064 909168 231085 113315 425006 827036 897051 753705 560445 273631 367995 882715 412567 561430 793760 810336 934840 874208 950998 833427 746141 391116 1057036 21908 950634 836093 810316 984903 659707 367864 289511 479520 999999999 397887 854309 471310 151289 613094 568521 715750 542265 457010 876791 280133 958684 1002584 595087 153303 686483 711580 971075 320221 941602 879733 334346 790796 762546 434242 976867 549949 492221 237219 445007 848846 388701 113021 502185 548987 845708 564909 933362 979242 264088 424079 389334 223564 380506 298019 681983 840839 794256 842810 651803 710176 948624 497568 1094031 602652 389306 273088 165745 420286 685338 385958
725348 601560 593657 733814 744526 778767 93591 560845 290590 369369 220895 510137 883234 432175 711800 317986 29999 929683 113845 196474 649358 860691 888586 901078 950473 664057 470612 735724 775907 413665 675575 554137 434639 735621 632269 659087 250880 263377 397887 999999999 523142 245411 294835 791469 647177 573226 318808 475251 524440 360969 704257 714727 198125 249873 292782 408756 716230 349861 994388 707315 700372 736447 389502 431728 849605 471474 500494 545947 483356 847311 159702 286418 731263 746505 521701 170159 592659 958146 441495 302397 709665 497922 489505 228168 705330 623190 434170 748400 807205 617816 664065 417736 791868 696226 20854 156016 356885 248821 405810 79010
372607 683747 656467 795423 977687 758847 586597 74040 643679 773858 433305 45598 738736 100903 837820 624002 543296 851618 608976 543065 419288 808788 697763 805308 803418 384102 159739 1066101 277718 874968 204480 131963 171796 288870 583811 950032 576968 385238 854309 523142 999999999 388799 707809 919038 720990 400011 335130 597200 71291 649428 258566 216542 427478 706108 313593 149154 266170 605953 906192 399278 1064199 594147 180547 570820 555406 482090 590327 890271 620153 731753 665412 762476 935016 910727 21734 454868 81505 781136 738002 468380 1017498 835119 692434 562314 682387 283098 119548 542562 902873 488363 180711 482932 274318 763178 542785 586141 731654 446283 189995 592063
492734 407565 391373 541095 635616 562156 338586 450477 254880 385406 46440 357826 645233 288107 544654 238065 245347 704609 359254 400668 405165 639330 645740 671533 713566 423773 275951 691671 589516 492627 483521 366095 387651 527424 400623 584402 188224 18071 471310 245411 388799 999999999 321717 629162 453479 328114 80289 285358 422276 268583 498598 533163 330413 330768 334080 242004 511029 229618 768900 468475 681871 495003 341453 244266 605635 238970 299162 508342 302007 612666 402282 390661 604769 599661 377959 326633 469742 717646 361088 102310 648491 453035 346604 174620 484086 396703 352407 503176 631748 374086 479346 193785 623160 503249 264512 219349 342927 59345 214078 322812
771643 433021 439871 544803 472043 626208 343581 765194 83697 75568 275740 678922 780993 606939 491963 132280 265816 784265 347224 482468 649719 711314 811334 769267 839581 686963 595486 441312 905821 173072 799419 685314 675678 833862 533880 373394 138233 329120 151289 294835 707809 321717 999999999 559408 470619 570652 391230 332306 734019 152783 807492 851599 490434 70030 565720 563171 819891 183346 846224 733433 406283 662537 627602 302157 837790 409329 367314 252932 325311 735101 344220 110125 471434 502617 698291 464505 787726 862751 183543 273535 418300 208938 280636 147402 570665 690586 654498 707478 588658 572384 797634 354380 943469 511910 293003 144642 70721 269361 535341 310845
722927 235929 262573 140894 183743 247160 869634 992944 515285 522415 614888 874451 435661 839617 84728 476736 770489 345418 880387 986137 578405 291372 506391 364849 455266 635618 759574 380246 962875 625644 877535 818157 990393 855284 359557 286070 541101 617737 613094 791469 919038 629162 559408 999999999 198543 546502 625864 344765 979195 434797 846724 936390 946563 629399 963134 786241 855638 441654 385052 664857 444969 438342 949877 384899 653562 438806 338314 389429 327159 388126 891892 658533 131070 67257 899516 933953 993221 502890 375865 528379 324344 389739 301965 563419 280912 715366 940223 524435 53262 469182 893264 452421 1030936 162108 800130 647113 491369 582926 738389 839461
538830 46268 65787 87947 307128 158631 733517 794961 404464 459803 447763 676253 339530 643382 121890 356316 630793 315151 747754 834855 391004 242352 392398 306034 386232 448044 561385 474350 770889 586160 682295 619779 798171 665151 172160 350996 408222 439833 568521 647177 720990 453479 470619 198543 999999999 351143 438271 172933 781968 321676 654390 741496 781008 536217 783528 590383 663867 309225 376012 481696 517476 279961 759298 216692 499167 243265 154318 395505 163977 289054 769326 579820 250065 203316 701318 772754 794769 420271 304525 358299 413544 368266 190989 427262 127988 521269 746159 360251 184515 279397 697044 265150 837061 49928 659298 519652 414469 415303 542276 706235
211290 325201 294775 411767 646141 360221 665936 472535 487124 606568 359915 354567 356181 347636 473031 442131 573231 455524 686979 710469 80204 409157 335478 411220 424754 119388 247165 782369 421085 737446 331253 281045 519872 318323 190722 656093 440748 310340 715750 573226 400011 328114 570652 546502 351143 999999999 256655 294093 468523 440491 304686 390375 618091 608856 567453 303885 314756 396934 513313 164814 804883 202435 493263 295461 278951 171174 268361 644351 316144 339609 730313 668584 593585 553663 378596 625536 464022 415182 497726 307287 724817 596331 403276 443159 286411 170454 459710 180954 521027 88373 346809 218508 486008 384651 592549 523170 553683 340827 260143 650920
412777 394222 373179 523520 655265 527805 410535 402502 317940 449839 123729 299031 590152 237721 541317 291845 321798 661418 432018 456812 330996 599951 583810 624855 659223 345912 204920 731649 514999 563891 408639 294311 366691 448867 356709 617654 253787 66051 542265 318808 335130 80289 391230 625864 438271 256655 999999999 283405 378661 314756 420626 460369 372556 406656 349282 186063 433072 270874 724734 389988 729165 436636 324532 248720 530956 202452 287763 555295 303984 561655 477670 467106 618297 604492 321348 375315 416592 658915 402883 133380 684292 500226 365299 244341 447804 316438 321494 435654 621655 312808 406404 173808 552703 486678 338709 298506 403636 122015 148659 397393
504915 126817 119345 260635 380705 308550 562950 669509 254915 343696 275829 554982 449056 508920 260052 203880 459921 464761 578022 661941 361858 393020 479820 443666 509089 411723 442705 492503 701693 477376 602086 516269 649954 606169 203026 367902 243825 273273 457010 475251 597200 285358 332306 344765 172933 294093 283405 999999999 651001 180384 587965 661137 609500 390502 618785 455049 599180 152311 528805 454916 511185 333803 607891 43769 526794 128492 35318 350985 23654 404060 602668 441844 338400 321109 579609 600368 675945 530619 210187 186820 437049 304912 109409 260524 243040 454248 602853 388900 346536 262412 610984 114512 758777 222658 488004 354535 291729 243361 409014 536597
442096 743348 716864 858417 1030022 825926 578518 37760 675254 803014 464315 114875 809697 142297 897014 660210 547370 921576 600144 518188 490188 877653 769050 875527 874554 455393 224073 1109474 322165 896825 264127 203153 122212 349876 649836 996315 608276 421476 876791 524440 71291 422276 734019 979195 781968 468523 378661 651001 999999999 688724 321142 264592 403767 725754 282244 196054 327501 646839 976617 470192 1103447 664338 147807 621940 625525 540663 646670 929590 673467 802114 656906 779765 989401 968038 92869 434148 75916 852425 779424 509855 1062859 874261 742030 591682 748679 354261 91516 613724 965016 556716 238162 536507 303103 825351 542972 604935 763666 481284 242256 587851
648738 282083 287470 400112 388383 475078 435300 715032 83496 167819 232453 613775 628381 550556 359237 42996 337939 633191 445629 557353 516802 560328 660167 617005 686799 559496 514828 423210 810949 301208 705763 600949 654907 727969 383060 319967 111622 267462 280133 360969 649428 268583 152783 434797 321676 440491 314756 180384 688724 999999999 704624 761783 533817 215142 578764 500285 716723 46151 695739 605284 415002 513023 607965 154198 696894 271557 215623 241030 172540 582335 458296 262855 370838 386377 636059 515579 730933 710226 93338 181439 381660 185769 137051 135130 417981 578625 620985 562761 456414 430158 708482 222464 857505 365432 367714 212411 114699 209323 463023 404805
150226 629858 599405 708555 950601 637155 784015 300275 729185 859265 543899 234718 558110 296362 776133 693803 716753 688501 806935 771459 271022 663518 500391 639356 613863 215421 233645 1080412 116516 980521 59408 155744 430058 32454 487192 955228 669298 486334 958684 704257 258566 498598 807492 846724 654390 304686 420626 587965 321142 704624 999999999 99774 658268 827147 557977 300124 12447 658525 732818 201008 1096883 441215 432759 579259 327847 459545 566867 929783 611207 566315 860475 887685 898271 857516 242336 680251 269282 580513 777323 535433 1024315 878221 696726 662791 573972 134864 374265 365885 816997 377577 87057 490441 185609 684702 725091 717902 809199 541322 298648 781202
249850 714104 683922 799819 1031888 733051 787263 235707 777089 908755 579549 210298 657884 285479 863372 746264 730864 788035 810070 756356 366024 761955 599781 738929 713425 312013 257239 1152542 62272 1024173 59520 167128 383808 111755 577813 1028905 713982 523516 1002584 714727 216542 533163 851599 936390 741496 390375 460369 661137 264592 761783 99774 999999999 641006 863825 529877 306818 96658 715740 832590 300495 1164193 539265 397016 647615 424323 533146 643205 994043 684714 665752 865475 923392 981321 943676 207268 666723 198799 679464 840147 585462 1098033 941004 768125 704579 667567 221172 335858 465261 908787 468747 53965 556899 97640 774321 735239 749214 860725 582301 320761 788607
719770 734788 720448 868936 922197 892247 200649 441453 474471 565657 333689 431609 962291 362147 863440 491726 228107 1031974 217758 115587 682911 968274 952219 996698 1031453 680900 438893 929059 703110 610167 615944 502737 290285 690717 726931 845510 422680 346142 595087 198125 427478 330413 490434 946563 781008 618091 372556 609500 403767 533817 658268 641006 999999999 447994 125079 364331 668827 512175 1095793 717554 896705 808074 255987 566412 874015 567223 627169 738304 623123 934193 271531 482781 902388 909034 434025 34638 479040 1029379 621721 422840 899686 688132 649176 399178 813663 613111 314438 798958 954686 683656 597607 524194 700605 830933 205827 347310 548855 366145 385097 222774
803251 497208 502130 612244 539678 690217 285236 758781 135588 129026 284512 680927 839337 606091 561452 186663 219908 848327 286222 427599 688831 775470 866105 831588 899516 722180 606587 496542 920260 172067 814186 696706 657127 854955 589020 437640 168131 341440 153303 249873 706108 330768 70030 629399 536217 608856 406656 390502 725754 215142 827147 863825 447994 999999999 534438 566389 839594 238468 910861 768673 454500 715373 609411 356755 881544 454881 424832 312748 385886 794553 278020 60827 540737 572613 698582 419496 784172 920619 253541 303405 478477 273246 347647 167534 631852 716551 642081 755148 658291 618877 810055 397920 952889 578693 244089 120832 139873 286129 543760 252584
637028 738281 719541 870173 962308 876579 318768 319615 533351 641034 353909 324829 921709 264361 878552 539557 321526 1005533 337904 236779 622731 946739 902223 966330 990797 611348 355714 992567 591292 703502 510878 405301 165691 590123 703061 898112 473011 345513 686483 292782 313593 334080 565720 963134 783528 567453 349282 618785 282244 578764 557977 529877 125079 534438 999999999 281031 567660 548809 1067681 643152 968200 766542 135247 578259 803148 551734 629979 802101 635990 899272 393304 577168 935453 933259 323128 158315 358072 982603 671064 435759 957221 749068 677381 450643 796368 531690 195956 744826 964362 642846 490198 518783 582942 832773 306183 421526 615755 384050 313586 336245
357539 550357 524814 669518 834002 647526 484998 217128 496416 627359 287503 115827 659201 53880 703319 475266 424165 757705 507920 474722 347954 706821 631350 714447 727196 331452 75275 917477 367456 732612 267079 146149 217208 332322 469618 802342 430058 237163 711580 408756 149154 242004 563171 786241 590383 303885 186063 455049 196054 500285 300124 306818 364331 566389 281031 999999999 311567 456817 816638 362157 915048 506287 189556 425972 522359 347523 451538 741117 477448 643392 562248 624446 793433 773006 136415 383392 230656 713518 588941 319239 869465 685966 546461 416501 568248 251392 159139 472691 774460 388018 255432 340597 389312 635256 429410 448361 584006 298353 48283 483975
