NAME : synthetic_000466
TYPE : CTSP-D
DIMENSION : 100
GROUPS : 8
RELAXATION_LEVEL : 1
EDGE_WEIGHT_TYPE : EXPLICIT
EDGE_WEIGHT_FORMAT : FULL_MATRIX
EDGE_WEIGHT_SECTION
999999999 755704 606269 1135614 437053 314653 730016 50202 1022121 715447 668360 755858 511123 511960 1032713 473669 826983 920067 605058 1000555 711349 342953 905675 598359 292970 682199 364897 1033602 669436 992356 444060 458592 833852 268024 483183 231730 952934 291080 635962 440857 141418 777017 881522 785978 728356 52019 509663 1035174 814424 902614 585970 597713 923790 689536 905542 531425 947711 511762 657064 466863 789752 648918 895020 622993 989435 1037755 665355 754190 1203729 974428 739809 813223 219065 655340 854394 900106 736938 1022097 566285 95753 871604 573120 528837 1119496 256076 319001 221370 712540 722919 617400 750715 527107 864205 961087 1087857 1040867 995140 1079485 388227 516798
755704 999999999 464158 667817 345522 453950 256488 714002 367462 930187 171993 801122 264971 598882 534310 449151 650119 367457 300847 557952 310620 820940 209047 883253 563544 578715 847669 703056 826450 550750 776050 357144 85850 518690 349980 550713 300145 466193 162184 419812 857040 925845 558097 472582 876781 807446 791029 606911 901990 155213 170233 433369 630005 761353 161187 506483 1014390 600832 312941 289107 71151 260057 611077 135678 840187 538631 98088 255286 662161 1081187 722090 902211 701673 256368 161013 883725 138605 408553 206021 844267 468306 771776 709558 472207 549541 436744 582579 554120 49787 653054 805458 849264 489679 234733 567086 371606 320662 708596 427270 240281
606269 464158 999999999 531626 276559 473357 243138 591528 507751 468806 540123 340615 289891 167634 440194 137556 255092 370484 165241 398742 188440 469658 465039 437973 313676 128437 488022 432822 364275 390884 373183 526477 487737 528652 201475 386323 456749 396233 310624 188566 632701 461732 275565 181745 412765 644704 362846 430209 441066 528513 376456 32077 323464 297293 524222 85184 561663 169488 157379 362736 534290 204938 294559 423153 451577 444949 448454 262137 610016 624392 266662 441140 429671 209410 435590 442970 563808 480439 450097 657271 274092 322469 269600 581130 354202 408653 386178 128753 414672 189845 344023 420901 261732 533339 496468 533367 503450 475056 250761 353100
1135614 667817 531626 999999999 744835 949998 467763 1117156 354451 794098 830974 605906 706709 666265 133653 661979 386212 300490 559418 136276 453817 973697 486228 839124 844451 493066 985587 188207 713678 144737 853140 941153 614385 1015391 675434 909329 391584 894846 624242 699587 1162944 733423 265580 350146 717644 1175599 814581 102123 668910 589343 722128 537941 256761 627685 578948 612684 694757 667461 502391 788188 722330 535763 278035 738503 415560 129225 731164 451665 120424 765962 541325 670311 959359 531659 516483 563464 806301 289288 805191 1188896 266334 742603 725665 307422 880484 894037 914340 449783 643042 602991 615564 860352 271418 515388 110210 372040 401155 134984 758676 750158
437053 345522 276559 744835 999999999 206922 299746 403871 586263 662528 331072 586103 80889 323237 626532 166947 531075 494024 185821 609201 293879 480770 469979 588307 218891 400916 508525 687808 567928 600666 456013 253196 412700 270705 76333 212717 516359 155630 202803 110775 520159 681948 522479 416001 627780 486409 486010 651391 680483 477948 183837 249951 583057 528523 479309 256417 812052 324804 242738 100171 397647 219423 555200 234318 728116 631683 275473 323004 793682 867000 525504 680125 356156 225242 419815 707383 381051 590630 218853 516718 480465 490054 423244 685722 205693 149285 240325 405162 303626 416402 586733 540376 482410 527986 678569 604315 558159 720616 86055 121043
314653 453950 473357 949998 206922 999999999 494159 268067 763079 786773 353750 748723 249288 473348 829038 344446 727868 688085 390696 814861 496820 507812 627414 691269 270032 590153 536881 893874 705394 806322 536699 150689 536623 68773 281373 186441 690984 94146 362772 286992 437866 822684 728856 622594 768096 366382 585780 857701 834761 606669 290197 450105 788117 685382 611044 433463 970874 474377 447690 178061 480183 417535 759946 318409 920653 834182 358905 515590 993690 1017877 700001 834103 351286 422537 574050 881270 422650 777139 254929 409046 686756 614793 550665 866901 215280 66063 224899 601398 428188 580411 747445 629829 689259 674858 879667 777524 728166 927446 227472 227928
730016 256488 243138 467763 299746 494159 999999999 700619 296130 707510 387092 559849 245192 404771 339713 294630 394147 194668 128071 338988 58632 683891 222941 681079 466143 336955 706264 461412 602847 330731 605450 473393 255631 562035 247122 498951 232188 455371 158409 299937 794660 691559 306624 216224 646355 777144 602872 386464 659913 287784 256389 218778 378396 528520 282733 311435 764993 406730 91327 323740 326670 81173 357524 280227 583919 344779 283812 24519 500232 833773 477962 660319 604731 74907 192801 631084 383972 292185 340841 802216 226027 565605 511398 389765 480337 445427 516956 305817 213360 429071 565301 661499 242193 291139 387563 317797 278144 476857 343275 283034
50202 714002 591528 1117156 403871 268067 700619 999999999 990126 735048 621683 763404 475109 509983 1010698 456172 820634 892583 577701 981428 685273 371399 869546 619915 282169 675190 395331 1022290 682777 973126 462396 409917 793424 218781 455261 207972 920152 253061 599478 418501 190338 793203 867045 768908 743066 99471 526789 1017616 826970 862631 545010 580524 912403 696698 865906 520478 961809 509979 631196 426144 745853 619458 883506 580250 989300 1015782 622232 724526 1181291 991864 741937 825844 233291 625725 817678 907225 690717 992737 521486 145543 851786 585803 537275 1089021 237458 277732 205886 702936 682760 618094 758818 549086 845956 923433 1065309 1008099 961528 1066400 362532 476607
1022121 367462 507751 354451 586263 763079 296130 990126 999999999 930654 539427 755808 518885 675320 240273 587524 538656 146036 424200 298931 330931 971345 159076 930491 762225 556185 991936 467858 830170 296045 880932 704275 293283 831825 541608 792506 72385 739714 400325 596057 1090691 894929 393976 379469 859816 1070310 867403 338137 846545 249328 483148 492432 448983 745504 238864 588285 920200 677154 381592 585152 403937 375533 446453 477557 673449 242170 454348 271619 310895 993553 673556 847437 900292 368866 207309 778535 496893 66772 552334 1096956 301493 816423 772461 106285 775561 723711 812186 512246 362315 668672 763657 924097 331078 165627 244257 27488 50545 445633 638107 536323
715447 930187 468806 794098 662528 786773 707510 735048 930654 999999999 982062 188399 714667 341664 772983 502090 415214 784618 629363 705981 649767 382336 923394 119593 518865 377943 369426 613625 104712 701984 272691 900468 956497 810572 611000 612732 895696 692669 771476 552601 642064 81280 561480 551185 76461 722294 209701 706248 149073 995162 818766 498157 541110 185184 990242 426823 249195 339917 625856 762693 999123 673207 525806 869810 430389 775902 901870 723550 908588 260955 261991 147362 502037 677938 899888 274805 1017598 885087 876798 701697 635570 173741 240301 976347 577382 726125 581818 419432 880419 279163 178855 190077 607828 990909 821267 958045 940055 672613 587612 774880
668360 171993 540123 830974 331072 353750 387092 621683 539427 982062 999999999 879321 267800 640565 697399 480358 762539 531102 378988 714141 430259 804093 380781 916195 539543 666079 832666 848013 882585 706458 787085 221648 251093 408000 371351 497713 471952 398285 240005 433985 787313 991442 693040 596669 938964 720128 815569 763017 978802 313735 164728 508067 764450 830104 321913 557812 1101774 642349 412987 238741 152866 357628 742276 117237 960045 701951 103300 394113 831962 1163720 806772 978743 664183 356908 332877 980500 70713 579758 114662 762365 611905 813002 746940 643933 508307 360913 535018 651490 188005 717177 881988 870794 629244 400286 733632 543065 492320 860100 416277 210802
755858 801122 340615 605906 586103 748723 559849 763404 755808 188399 879321 999999999 620487 275575 586612 419294 228196 610406 505584 518815 501228 465443 764921 249175 502666 223375 463756 427093 118902 515105 333300 837759 814916 787060 520785 599328 726929 657002 650993 477163 715341 139154 376308 379061 111988 775090 271345 517955 100871 845492 714843 372595 352809 66789 839456 330104 225971 274638 488458 683254 871944 541219 338170 762825 265551 589359 789032 572299 720191 284451 83483 101093 537363 544761 747780 144276 904421 706488 784135 765707 456186 193157 227036 794679 561632 683471 577575 255871 752245 170178 9789 293605 427455 830800 633890 783296 769591 486137 526992 683736
511123 264971 289891 706709 80889 249288 245192 475109 518885 714667 267800 620487 999999999 373022 582526 212659 535425 438805 155518 573341 253388 558329 394638 649040 298671 418305 585653 669333 616075 564838 525131 246374 332002 317558 103670 291652 447639 222339 124890 167492 599526 726671 504046 397806 673535 561418 549592 618201 718243 397753 108882 259182 569630 567595 399389 293114 845546 374785 209649 82776 318998 171001 543165 160911 735181 587648 199735 266338 745301 904442 552897 718058 436871 175370 343292 732059 310277 529074 164031 593649 448472 545203 479166 620955 286391 204889 320664 413476 222738 454274 622291 605768 455167 450480 631987 535275 487569 696418 163021 63486
511960 598882 167634 666265 323237 473348 404771 509983 675320 341664 640565 275575 373022 999999999 591248 160428 318163 536866 302502 540925 353315 310367 627708 284455 233951 178028 325847 534853 244762 533848 205753 569072 635728 511896 269352 328455 624044 381427 437350 212520 506846 358999 400806 329231 304661 541117 198297 564375 362721 683248 477818 186619 427490 212143 679994 94604 497966 1983 314557 423187 665683 352043 400004 529222 479405 595673 562654 425573 756849 547928 235529 362168 306201 357806 594350 411844 677852 646566 535292 543343 426176 173915 110731 746796 290873 408357 311535 217358 549294 110983 274112 257098 408004 695867 647116 700990 670800 586199 254958 433330
1032713 534310 440194 133653 626532 829038 339713 1010698 240273 772983 697399 586612 582526 591248 999999999 561170 358421 166885 440864 70503 332740 901606 357143 799475 745930 430708 916610 231865 681988 72363 789412 812295 482565 895645 560686 802962 265281 779547 493991 592390 1071492 722710 212071 262279 697551 1075188 759284 99049 664752 461275 591450 440299 241021 594249 451032 524735 716165 592703 384303 662780 589625 411887 249712 606087 451012 5151 597860 322005 171155 789512 511485 665929 869268 407233 384478 576679 672846 173576 673789 1092181 166307 693823 666000 225967 776639 775638 811728 384445 509438 546745 595687 810128 183417 392360 56280 262416 281979 205400 648791 622738
473669 449151 137556 661979 166947 344446 294630 456172 587524 502090 480358 419294 212659 160428 561170 999999999 386037 464747 171200 526916 257408 390943 509931 438790 184860 245838 414552 570336 404363 518736 327861 418751 495441 395548 109012 249560 526403 261945 287118 58881 513241 516735 411641 312810 462967 514560 342705 561801 513590 549804 318398 124371 461021 361662 548056 90882 645199 162172 205973 265436 513241 224121 432115 370145 576378 566142 405028 318530 732309 700138 360871 513245 315188 230766 469183 543076 519379 572894 374982 531092 398294 332798 267158 673699 218828 278581 252362 260458 400443 249466 419823 400520 390561 576192 616892 610608 572632 611849 117299 273001
826983 650119 255092 386212 531075 727868 394147 820634 538656 415214 762539 228196 535425 318163 358421 386037 999999999 396349 388413 290802 339776 606433 571081 452919 538716 145533 614312 224156 328569 286956 478756 778147 644727 781389 455277 624409 518685 647956 522671 441436 824044 364894 149269 181831 339402 858337 433606 292899 310110 662414 606504 281253 129451 241792 654919 304285 385297 318719 349553 612981 720667 405016 110895 646565 199923 361164 662599 399225 496227 457810 155948 311139 624354 406079 564147 244878 771803 484993 687048 861501 237352 358715 350391 569359 588969 662724 616201 126497 605068 229264 237306 476137 207657 632978 406054 565992 558200 280436 502801 596714
920067 367457 370484 300490 494024 688085 194668 892583 146036 784618 531102 610406 438805 536866 166885 464747 396349 999999999 315083 197400 209752 838933 201361 785883 646124 410648 858118 359235 684234 191405 742528 656365 318579 756216 437381 688356 125397 649624 337518 482559 976234 749452 256417 233433 713871 965958 725700 245121 702205 305330 432906 358879 318306 599470 295613 453624 780424 538638 263897 515135 423810 274638 311201 443175 544843 171266 432530 172526 310566 853437 527898 703055 779935 268784 220724 638965 506022 110013 513075 988515 159497 672389 630508 211009 666956 640090 703324 366393 343100 524028 618142 781689 189222 250241 203857 173440 161986 351908 531864 471313
605058 300847 165241 559418 185821 390696 128071 577701 424200 629363 378988 505584 155518 302502 440864 171200 388413 315083 999999999 424165 108731 562136 338732 586338 338100 287760 585691 513857 525612 415627 493410 401639 333231 456020 122460 373406 359622 339036 145422 171871 666685 626328 348528 242354 576516 651321 499143 467322 606179 382593 218699 133620 414429 462105 380060 208308 724900 304481 57028 238013 370214 52927 388269 261788 588069 446014 284263 152581 608760 788808 429894 606274 477063 59567 298612 601584 399070 417857 298664 675215 296507 473120 412925 516704 353222 335088 389785 272859 251100 352510 509160 557991 301056 405086 493319 445754 405100 541844 217001 212008
1000555 557952 398742 136276 609201 814861 338988 981428 298931 705981 714141 518815 573341 540925 70503 526916 290802 197400 424165 999999999 319961 850701 397748 736643 710213 373764 864322 169006 616877 8539 734626 811016 515076 879871 539316 773520 312341 758680 497142 563544 1031316 654028 148339 217076 630202 1041152 701206 48997 595240 502136 595233 403306 170775 529231 492257 481365 645687 542258 367188 655375 618007 402874 180868 615591 381958 72183 612251 325267 216410 719051 445306 596440 828014 399142 417653 506183 696146 233642 679362 1055503 130072 633361 609243 295296 745071 758297 779198 328341 527836 488206 528014 750456 137058 440685 115396 323059 335993 154583 622454 619025
711349 310620 188440 453817 293879 496820 58632 685273 330931 649767 430259 501228 253388 353315 332740 257408 339776 209752 108731 319961 999999999 641090 276789 626007 436722 278330 662326 425560 545172 311455 556504 493692 314028 563051 230601 479655 273177 447726 192736 272813 766812 633017 264681 166550 588039 756710 550561 364968 601333 345999 287168 166736 335219 470151 340719 261748 707213 355245 54306 335578 381441 83755 312243 318359 532778 337891 327841 74162 500080 775685 419415 601732 571971 80955 250123 574160 433341 316132 371940 778802 196335 510398 457922 416611 457422 442905 493719 247499 265306 371837 506669 608894 206534 345065 384750 354789 319961 447020 323249 301117
342953 820940 469658 973697 480770 507812 683891 371399 971345 382336 804093 465443 558329 310367 901606 390943 606433 838933 562136 850701 641090 999999999 900867 262828 264612 480812 29191 830131 358487 843754 132900 651009 878103 505323 473165 322698 913844 424764 664236 403987 259967 452085 708276 639493 409646 342835 194676 872328 500712 936599 664583 480200 727265 405430 935638 385422 625906 308930 593336 565489 877326 615047 701343 714942 725066 906037 756238 707244 1066886 643279 477839 499276 158775 621703 859458 605180 859725 948919 689431 319569 736318 272374 257341 1049927 301126 464596 283538 524038 775247 377216 458021 192563 718368 966963 957483 995707 960482 884826 395515 600047
905675 209047 465039 486228 469979 627414 222941 869546 159076 923394 380781 764921 394638 627708 357143 509931 571081 201361 338732 397748 276789 900867 999999999 902795 667773 546883 924346 560491 819240 392158 827580 554466 134895 695492 440581 682213 96941 616515 270071 504009 988017 900893 445280 391629 858788 955737 825805 444422 862530 104516 339433 441615 512420 740964 94529 534203 955254 629667 313582 450272 245921 285821 501181 326298 737437 360628 299208 202903 462766 1026802 681542 863137 808967 279166 53611 815836 338080 206929 401323 986696 346309 787188 734081 263175 670895 595344 706966 509444 209067 647342 771391 884412 374236 68301 378874 162667 111618 552278 534888 399706
598359 883253 437973 839124 588307 691269 681079 619915 930491 119593 916195 249175 649040 284455 799475 438790 452919 785883 586338 736643 626007 262828 902795 999999999 421241 376586 249964 668681 130551 731487 160322 814054 919272 709132 546557 511165 887534 597984 721516 482213 522477 193331 588471 556205 160098 603655 105664 744640 251051 964648 756543 463268 582368 211972 960863 378044 366422 282495 593460 687365 949673 634752 562384 808501 512711 802988 843819 699971 947876 380470 298517 249439 388082 640254 873223 369454 957956 891720 806571 582310 648455 115627 173726 987794 477629 633688 477725 422455 833705 261866 239732 71298 623229 971071 851397 957369 933469 727335 507700 705874
292970 563544 313676 844451 218891 270032 466143 282169 762225 518865 539543 502666 298671 233951 745930 184860 538716 646124 338100 710213 436722 264612 667773 421241 999999999 393202 293124 741151 443190 702135 267837 398958 626928 292267 227295 97005 697454 177101 413050 166259 330115 560026 588628 494346 506073 331177 315795 743468 579659 689485 402250 306949 631275 436494 689784 238860 716742 234286 383175 300885 616518 388235 602445 451759 711749 750889 493638 490635 917043 758079 469381 578807 141379 395021 621463 643136 595342 752717 424888 346258 582406 349263 288148 852800 59665 214114 78062 420937 520053 344682 499683 360402 573350 730519 801710 783843 742539 786562 136862 336240
682199 578715 128437 493066 400916 590153 336955 675190 556185 377943 666079 223375 418305 178028 430708 245838 145533 410648 287760 373764 278330 480812 546883 376586 393202 999999999 492554 356915 275171 367421 361122 652874 591643 640876 327519 479272 518159 507039 432163 303311 684589 355090 228161 179621 311905 714550 328587 392096 323986 623688 503386 159689 249544 194144 617988 160123 437519 178892 265776 490189 649712 319475 222300 548864 330542 434685 571935 350346 589952 502800 143410 324299 482895 322657 526595 315014 686240 515343 578255 719380 273092 265658 235597 611230 443618 524374 470669 46527 530192 116744 228501 380252 249451 613928 485055 583353 562953 408258 363125 481536
364897 847669 488022 985587 508525 536881 706264 395331 991936 369426 832666 463756 585653 325847 916610 414552 614312 858118 585691 864322 662326 29191 924346 249964 293124 492554 999999999 838400 353371 857528 136101 680198 903880 533788 499191 351868 935379 453954 690294 429757 273606 441750 720591 654938 401648 361713 192550 884614 493294 961770 692267 499935 736972 405848 960644 404550 615538 324308 615401 594000 904607 638618 711560 742793 725856 920968 783937 729409 1080694 629866 481230 491808 187294 645233 883589 601313 887951 968131 718008 335552 751953 271815 263962 1068998 330269 493786 312696 536621 801686 385751 455946 181691 733210 990743 972288 1016556 982094 893786 423044 628107
1033602 703056 432822 188207 687808 893874 461412 1022290 467858 613625 848013 427093 669333 534853 231865 570336 224156 359235 513857 169006 425560 830131 560491 668681 741151 356915 838400 999999999 539987 172481 702909 914925 669982 954134 612522 818805 479258 824690 616791 618455 1041493 549336 165677 272440 537511 1068471 657021 133446 483286 663988 712606 449197 109894 457028 654449 502303 506969 535664 460638 751863 767435 507915 138784 741107 229296 231419 744738 454095 308359 578599 370862 484739 839460 505985 574678 375368 838748 402242 797448 1075308 236240 580912 574523 455844 785820 832036 816406 321713 667372 452952 436870 697550 219726 607286 254992 491706 504720 59045 680592 723265
669436 826450 364275 713678 567928 705394 602847 682777 830170 104712 882585 118902 616075 244762 681988 404363 328569 684234 525612 616877 545172 358487 819240 130551 443190 275171 353371 539987 999999999 612269 230511 811269 851889 734979 512639 539558 793330 611445 668469 457263 614786 117302 469929 451070 62910 683277 164806 621456 145181 890468 718592 393854 457464 87739 885573 325372 279063 243161 521212 667934 895670 568874 439223 769207 383785 685203 800305 619018 824796 315016 172639 143929 450847 573538 795292 248249 916206 786479 779240 669141 538375 97089 155258 879519 502771 642627 512240 317978 776711 174514 109623 177144 511452 886879 732208 857471 838071 598845 496851 677266
992356 550750 390884 144737 600666 806322 330731 973126 296045 701984 706458 515105 564838 533848 72363 518736 286956 191405 415627 8539 311455 843754 392158 731487 702135 367421 857528 172481 612269 999999999 728113 802626 508585 871335 530808 765207 307661 750181 488933 555186 1023517 650747 143019 209294 626326 1033033 695157 56560 592461 496461 587016 395206 168762 524579 486630 473672 644616 535193 358649 646888 611117 394397 177583 607586 382565 74587 604475 317161 223173 718040 440982 593644 820260 390681 411311 504762 688862 231219 671189 1047510 121648 627705 602972 295430 736825 749766 770992 321840 520317 482171 524254 744681 129155 435957 120005 320509 332239 160539 614039 610604
444060 776050 373183 853140 456013 536699 605450 462396 880932 272691 787085 333300 525131 205753 789412 327861 478756 742528 493410 734626 556504 132900 827580 160322 267837 361122 136101 702909 230511 728113 999999999 665891 823028 550864 427706 353627 828666 444726 614474 358809 384464 333254 589149 529694 286151 454414 66260 752816 375107 875722 634013 390157 602514 272581 873407 294763 505277 203954 514237 551561 838377 545473 577594 686005 592169 793607 724396 627279 950957 530400 345603 373772 229355 551732 791066 474395 835051 852132 674279 438772 626671 140181 128466 952169 321610 481939 318941 406286 727777 251055 326133 93540 606238 895301 844562 906489 875475 758661 371247 576682
458592 357144 526477 941153 253196 150689 473393 409917 704275 900468 221648 837759 246374 569072 812295 418751 778147 656365 401639 811016 493692 651009 554466 814054 398958 652874 680198 914925 811269 802626 665891 999999999 442991 191606 325381 328541 632329 226363 319077 360598 586793 927308 749972 643990 872685 509363 708636 857432 930408 512011 224203 497832 815975 778540 518295 509106 1063448 570452 454342 165490 365410 409939 789539 228179 977051 817304 259353 490291 966929 1116479 778631 929964 497338 412972 501372 960569 292357 730421 153235 554122 690026 726735 660411 810484 351353 186780 367824 653826 345537 667639 837976 757242 698889 590568 857797 714129 663007 940163 314507 192576
833852 85850 487737 614385 412700 536623 255631 793424 293283 956497 251093 814916 332002 635728 482565 495441 644727 318579 333231 515076 314028 878103 134895 919272 626928 591643 903880 669982 851889 508585 823028 442991 999999999 602254 405019 622698 231089 543074 214350 474150 930369 945026 536938 463247 898383 885311 832043 563348 915221 70128 248508 459038 607716 781088 75447 541419 1020222 637707 330714 367292 111043 284780 591947 219756 826323 486472 183806 246334 597047 1089303 733395 915599 767134 279538 98110 885146 203697 341236 291549 920704 441474 805424 746064 395459 618367 515693 652618 561445 111028 677375 820144 890826 466145 149959 509305 294095 244324 668851 490091 317063
268024 518690 528652 1015391 270705 68773 562035 218781 831825 810572 408000 787060 317558 511896 895645 395548 781389 756216 456020 879871 563051 505323 695492 709132 292267 640876 533788 954134 734979 871335 550864 191606 602254 999999999 343010 198141 759710 133872 431506 340287 400525 852027 789813 684117 797889 318239 604820 922056 869074 672375 357364 507263 847286 722256 677044 481857 1005955 512722 513042 246734 541226 484731 818850 383021 971080 900793 422416 583691 1061046 1049510 743502 868308 346550 489876 642054 923132 478147 845817 316307 363766 751150 641520 579739 935674 233234 122358 231979 655330 494774 621402 785061 644384 752603 742051 946715 846183 796744 989318 278593 296354
483183 349980 201475 675434 76333 281373 247122 455261 541608 611000 371351 520785 103670 269352 560686 109012 455277 437381 122460 539316 230601 473165 440581 546557 227295 327519 499191 612522 512639 530808 427706 325381 405019 343010 999999999 251855 474432 219460 191104 69844 550373 623864 447499 341366 570488 530041 448429 580231 617393 464887 209988 174026 507198 466082 464575 191340 746518 271115 177052 163652 410784 166333 479226 261954 652926 565824 298130 271449 729736 803884 456362 617147 368630 172907 394223 637371 411469 538970 266708 555422 409709 441715 375854 636882 234033 220665 270642 329694 302965 352885 522121 505362 409897 503257 613989 561816 518539 646453 96509 164829
231730 550713 386323 909329 212717 186441 498951 207972 792506 612732 497713 599328 291652 328455 802962 249560 624409 688356 373406 773520 479655 322698 682213 511165 97005 479272 351868 818805 539558 765207 353627 328541 622698 198141 251855 999999999 724215 103170 415408 210605 307887 656133 661186 561694 602387 278193 406693 810040 676630 689243 381716 373593 709126 533291 691014 320481 813712 328942 425384 267005 595190 418011 680184 426276 803063 808036 469391 523236 973702 854553 563887 675772 169727 424514 632426 739196 559815 790797 384940 305123 643829 444914 384763 888679 37719 143114 39293 502801 512266 439438 596470 447151 638261 740698 857735 811984 767322 861260 156499 311767
952934 300145 456749 391584 516359 690984 232188 920152 72385 895696 471952 726929 447639 624044 265281 526403 518685 125397 359622 312341 273177 913844 96941 887534 697454 518159 935379 479258 793330 307661 828666 632329 231089 759710 474432 724215 999999999 669033 328213 531220 1024558 865336 381468 347877 827143 1001536 819140 356955 821093 197912 410834 438548 443638 710831 187472 534256 903693 625933 320919 512998 342059 309364 436481 406114 670176 268377 384163 207995 366006 976438 643695 821864 836677 302604 139133 762517 433024 110155 480720 1029106 283593 772442 724936 178218 708428 652309 745014 476386 291773 626861 734228 876716 313117 128349 283157 87957 46824 465587 570886 464038
291080 466193 396233 894846 155630 94146 455371 253061 739714 692669 398285 657002 222339 381427 779547 261945 647956 649624 339036 758680 447726 424764 616515 597984 177101 507039 453954 824690 611445 750181 444726 226363 543074 133872 219460 103170 669033 999999999 346445 207674 393470 728745 661491 556884 674192 342319 492390 799139 741746 611628 295997 376119 716924 593061 614481 348002 878130 382374 395272 177198 504703 374994 688299 335993 837208 784693 378981 478571 947794 924328 610904 741060 272891 380852 564619 791306 462446 745912 287527 378088 628925 520650 456609 840293 125403 39968 142347 522115 432070 489773 655440 537480 628129 670570 832326 756868 709629 861807 145516 226262
635962 162184 310624 624242 202803 362772 158409 599478 400325 771476 240005 650993 124890 437350 493991 287118 522671 337518 145422 497142 192736 664236 270071 721516 413050 432163 690294 616791 668469 488933 614474 319077 214350 431506 191104 415408 328213 346445 999999999 260663 722960 771068 457357 358026 720715 686306 628849 544804 751600 276647 98102 278881 527941 607084 277383 345830 869649 439290 173179 184838 228402 117662 504691 125777 720050 498956 140634 172601 648047 934029 574866 751696 553736 116929 218432 744402 254077 417229 182436 718375 383173 610707 547908 504512 407622 326089 442800 413943 113337 496601 654582 687083 397078 325689 538774 414935 366028 634606 276392 136689
440857 419812 188566 699587 110775 286992 299937 418501 596057 552601 433985 477163 167492 212520 592390 58881 441436 482559 171871 563544 272813 403987 504009 482213 166259 303311 429757 618455 457263 555186 358809 360598 474150 340287 69844 210605 531220 207674 260663 999999999 495149 571175 456793 354276 517009 484879 382135 601067 570477 533003 276074 169259 510048 418497 532350 149750 702907 214105 218703 210672 480213 222138 481309 328183 633715 597460 365780 324441 763209 756877 419701 570085 306005 228933 459373 601908 477694 587902 325157 506015 433645 380877 314257 687535 185278 221453 221262 315165 372783 307069 477441 438298 429145 568084 647263 617589 576395 657463 62309 223835
141418 857040 632701 1162944 520159 437866 794660 190338 1090691 642064 787313 715341 599526 506846 1071492 513241 824044 976234 666685 1031316 766812 259967 988017 522477 330115 684589 273606 1041493 614786 1023517 384464 586793 930369 400525 550373 307887 1024558 393470 722960 495149 999999999 711885 900640 814240 668367 108290 449996 1060976 758704 997115 687131 631243 933421 651780 998901 550294 885623 506114 713160 569655 898049 715391 905479 729133 966294 1076357 772210 819179 1242104 902906 714920 757319 203627 722113 939063 858018 853753 1082712 679715 66773 906178 523535 493353 1182609 317219 427935 281051 721396 819733 600209 708754 452516 894394 1047693 1127613 1111629 1068891 1091898 454249 616954
777017 925845 461732 733423 681948 822684 691559 793203 894929 81280 991442 139154 726671 358999 722710 516735 364894 749452 626328 654028 633017 452085 900893 193331 560026 355090 441750 549336 117302 650747 333254 927308 945026 852027 623864 656133 865336 728745 771068 571175 711885 999999999 513905 517618 54718 787348 267369 649923 70397 978726 826860 492842 485447 164510 973072 433851 173864 357510 615479 781624 996020 666127 473193 876672 355055 725258 905965 705416 850172 199464 221737 68713 560102 670235 881679 196305 1021931 845557 890482 769567 595279 211562 272449 933190 619530 759824 628056 391547 876398 274963 131315 260141 566472 967327 768478 922417 908295 607920 612801 788688
881522 558097 275565 265580 522479 728856 306624 867045 393976 561480 693040 376308 504046 400806 212071 411641 149269 256417 348528 148339 264681 708276 445280 588471 588628 228161 720591 165677 469929 143019 589149 749972 536938 789813 447499 661186 381468 661491 457357 456793 900640 513905 999999999 106766 486439 919026 553736 164063 459189 543368 551403 288233 71963 382191 534852 352023 526228 401979 296138 586458 625778 345226 55906 582799 292233 215277 589930 303407 362871 599605 299659 460244 697078 343811 447595 384564 689832 337654 635922 929484 99086 485132 462661 420168 629643 667551 661738 184252 518338 340841 385165 602364 71356 502416 262946 421013 417750 200672 518517 558832
785978 472582 181745 350146 416001 622594 216224 768908 379469 551185 596669 379061 397806 329231 262279 312810 181831 233433 242354 217076 166550 639493 391629 556205 494346 179621 654938 272440 451070 209294 529694 643990 463247 684117 341366 561694 347877 556884 358026 354276 814240 517618 106766 999999999 480721 825518 504212 249210 473738 480912 449562 188447 172484 366039 473578 264455 563788 330723 191439 480048 542396 242858 147411 483794 367697 266795 494382 218818 430033 635181 295899 474463 610966 242176 382532 425172 599090 336063 533472 838889 97082 444771 409459 431616 531636 561778 564940 134024 429396 295577 386416 557841 80315 455336 318357 406862 390695 305218 415303 453518
728356 876781 412765 717644 627780 768096 646355 743066 859816 76461 938964 111988 673535 304661 697551 462967 339402 713871 576516 630202 588039 409646 858788 160098 506073 311905 401648 537511 62910 626326 286151 872685 898383 797889 570488 602387 827143 674192 720715 517009 668367 54718 486439 480721 999999999 740473 219892 629926 91869 934038 774534 443416 464779 117974 928683 381157 219398 303146 568022 727564 946634 617634 449795 824641 359782 700399 854583 661139 832168 252287 187795 90335 510438 621955 837647 210216 970567 812768 837186 724486 562719 158737 218165 902873 565642 705156 574829 351076 827193 224117 102501 220664 534582 925785 745409 887267 870907 596526 558180 735310
52019 807446 644704 1175599 486409 366382 777144 99471 1070310 722294 720128 775090 561418 541117 1075188 514560 858337 965958 651321 1041152 756710 342835 955737 603655 331177 714550 361713 1068471 683277 1033033 454414 509363 885311 318239 530041 278193 1001536 342319 686306 484879 108290 787348 919026 825518 740473 999999999 520633 1074643 828441 953946 637608 637856 958904 709431 956779 567485 959690 540759 702406 518502 841755 696191 930289 674909 1015095 1080198 717307 801425 1246327 982752 764169 827168 239013 702681 904698 919259 788811 1068937 618297 48761 912848 588242 548514 1166867 299603 370822 263796 746817 774339 643604 769429 532469 904403 1011690 1130622 1089417 1044102 1115639 434326 568302
509663 791029 362846 814581 486010 585780 602872 526789 867403 209701 815569 271345 549592 198297 759284 342705 433606 725700 499143 701206 550561 194676 825805 105664 315795 328587 192550 657021 164806 695157 66260 708636 832043 604820 448429 406693 819140 492390 628849 382135 449996 267369 553736 504212 219892 520633 999999999 715827 309017 881007 657901 384286 560458 213715 877925 292647 439061 196325 512841 584338 855866 549583 536981 709996 533566 763240 746537 623374 916607 465197 291986 307668 293498 555477 792625 410515 859578 834171 704763 504906 600132 79603 95243 932888 372629 528026 374145 374949 741895 213000 263687 58888 577641 894009 813462 893633 865716 713971 404056 604837
1035174 606911 430209 102123 651391 857701 386464 1017616 338137 706248 763017 517955 618201 564375 99049 561801 292899 245121 467322 48997 364968 872328 444422 744640 743468 392096 884614 133446 621456 56560 752816 857432 563348 922056 580231 810040 356955 799139 544804 601067 1060976 649923 164063 249210 629926 1074643 715827 999999999 588283 548921 642844 437519 165147 534468 538944 510781 628727 565589 410564 700534 666747 448364 182371 663943 357387 98241 661028 373364 203376 701558 448847 589579 857371 444876 465730 491722 745130 271731 727156 1087388 170950 645232 625829 322475 780557 800121 814069 348291 576811 503465 527427 762900 171922 485188 124567 360956 377876 108675 660928 665158
814424 901990 441066 668910 680483 834761 659913 826970 846545 149073 978802 100871 718243 362721 664752 513590 310110 702205 606179 595240 601333 500712 862530 251051 579659 323986 493294 483286 145181 592461 375107 930408 915221 869074 617393 676630 821093 741746 751600 570477 758704 70397 459189 473738 91869 828441 309017 588283 999999999 944768 814173 472977 425156 151983 938555 426084 137082 361514 589295 778736 972815 642088 415171 862567 284785 667039 889310 671863 786715 186584 182046 1712 595648 645630 846806 126110 1004827 794606 882169 813878 545283 241393 293112 879355 639279 770369 651513 354898 853114 264583 97050 312516 515930 927809 708687 873996 862799 541492 617306 781253
902614 155213 528513 589343 477948 606669 287784 862631 249328 995162 313735 845492 397753 683248 461275 549804 662414 305330 382593 502136 345999 936599 104516 964648 689485 623688 961770 663988 890468 496461 875722 512011 70128 672375 464887 689243 197912 611628 276647 533003 997115 978726 543368 480912 934038 953946 881007 548921 944768 999999999 318051 501636 612039 816143 10526 588646 1043701 685231 371497 436516 164302 331442 599186 289842 835416 464671 253296 273357 559457 1114210 762788 945259 830341 325531 98499 905995 259143 305385 361226 988775 445094 849778 792609 345333 683535 584926 718254 589880 179875 716403 851330 939894 472019 89530 481062 244812 198806 656697 552983 386047
585970 170233 376456 722128 183837 290197 256389 545010 483148 818766 164728 714843 108882 477818 591450 318398 606504 432906 218699 595233 287168 664583 339433 756543 402250 503386 692267 712606 718592 587016 634013 224203 248508 357364 209988 381716 410834 295997 98102 276074 687131 826860 551403 449562 774534 637608 657901 642844 814173 318051 999999999 344482 621115 665377 321831 393465 937830 479639 259561 119109 214928 206714 596918 52111 805718 596385 91671 270600 743339 999282 643052 814103 537084 207692 285829 818314 201679 506645 84909 674085 480269 651082 585554 588961 382799 267325 414722 491301 138440 552474 717414 714342 493139 384721 635358 494796 444232 731843 269294 70177
597713 433369 32077 537941 249951 450105 218778 580524 492432 498157 508067 372595 259182 186619 440299 124371 281253 358879 133620 403306 166736 480200 441615 463268 306949 159689 499935 449197 393854 395206 390157 497832 459038 507263 174026 373593 438548 376119 278881 169259 631243 492842 288233 188447 443416 637856 384286 437519 472977 501636 344482 999999999 340890 328529 497680 95900 593729 188555 130208 333398 503276 175050 312210 391082 479315 445185 416443 239092 611114 656445 298707 473039 429555 179835 410081 474558 531856 468807 418573 652701 275662 348177 292659 569884 343198 386191 376550 156012 383780 219818 375928 442821 266589 509866 496382 517465 485366 488819 231444 322191
923790 630005 323464 256761 583057 788117 378396 912403 448983 541110 764450 352809 569630 427490 241021 461021 129451 318306 414429 170775 335219 727265 512420 582368 631275 249544 736972 109894 457464 168762 602514 815975 607716 847286 507198 709126 443638 716924 527941 510048 933421 485447 71963 172484 464779 958904 560458 165147 425156 612039 621115 340890 999999999 371073 603292 392438 476867 428390 363884 651521 697542 414510 28941 653570 226540 242930 661428 375370 367831 550395 284885 426393 730898 413428 517202 336378 761769 388638 705358 966267 167054 486947 474158 462388 676006 725499 706519 212481 590294 351467 362281 604607 141594 567356 283533 475327 477117 158716 572299 625933
689536 761353 297293 627685 528523 685382 528520 696698 745504 185184 830104 66789 567595 212143 594249 361662 241792 599470 462105 529231 470151 405430 740964 211972 436494 194144 405848 457028 87739 524579 272581 778540 781088 722256 466082 533291 710831 593061 607084 418497 651780 164510 382191 366039 117974 709431 213715 534468 151983 816143 665377 328529 371073 999999999 810749 274765 285910 211059 451144 626921 831576 501617 352120 714558 320012 597467 742865 543179 737844 338480 86557 151606 471296 505739 719681 210654 858746 700491 731621 700982 451627 134135 160956 792746 495625 620491 511065 234447 711929 113321 63190 244171 424395 808069 644537 772886 755020 515552 465886 630357
905542 161187 524222 578948 479309 611044 282733 865906 238864 990242 321913 839456 399389 679994 451032 548056 654919 295613 380060 492257 340719 935638 94529 960863 689784 617988 960644 654449 885573 486630 873407 518295 75447 677044 464575 691014 187472 614481 277383 532350 998901 973072 534852 473578 928683 956779 877925 538944 938555 10526 321831 497680 603292 810749 999999999 585412 1036701 681976 367478 439928 173366 328540 590701 295001 826984 454408 259223 267668 548943 1107362 756635 939061 830795 322528 91776 898734 268259 294863 366996 991248 436428 845857 789109 335176 684742 588282 719631 583723 183421 711667 845375 936811 463520 79933 470610 234541 188350 646799 553470 389312
531425 506483 85184 612684 256417 433463 311435 520478 588285 426823 557812 330104 293114 94604 524735 90882 304285 453624 208308 481365 261748 385422 534203 378044 238860 160123 404550 502303 325372 473672 294763 509106 541419 481857 191340 320481 534256 348002 345830 149750 550294 433851 352023 264455 381157 567485 292647 510781 426084 588646 393465 95900 392438 274765 585412 999999999 556056 96587 220679 353159 574165 257465 363631 443876 489328 529444 475120 332818 694050 612612 270008 425827 346780 263208 500037 452207 590945 563634 457118 577492 358464 265355 204646 664576 285670 367419 314711 182696 456762 161546 331121 351507 344763 602244 581014 613359 581079 548270 206054 355660
