NAME : synthetic_000768
TYPE : CTSP-D
DIMENSION : 100
GROUPS : 8
RELAXATION_LEVEL : 1
EDGE_WEIGHT_TYPE : EXPLICIT
EDGE_WEIGHT_FORMAT : FULL_MATRIX
EDGE_WEIGHT_SECTION
999999999 70315 400099 233258 471380 472379 385465 463313 81673 608347 176753 623600 542167 208804 610566 655369 489827 340822 361778 553762 537997 274712 710363 635635 25218 364519 311882 285928 291410 370766 213827 488014 341238 497396 505408 732742 487764 451753 648286 311509 379110 760628 77748 212925 448620 67098 386087 23680 442351 441127 262626 533707 362766 583028 494196 59044 537030 332641 298966 647708 421780 469100 94217 157913 51758 684457 198324 575394 121191 369933 477386 579188 644311 265732 524345 370241 466709 472554 326493 546964 53434 603177 176770 527321 94878 378206 499236 213192 674170 427499 464104 325424 249177 19163 561219 478797 502066 326817 299718 432310
70315 999999999 441565 173257 464627 512361 455777 393577 71210 670004 202271 656794 612255 150716 679922 662294 425798 283551 369718 623578 536371 207716 723692 667509 85458 412360 266311 243867 323279 418437 278140 497206 402798 567368 529622 803019 471859 484594 718598 315186 420140 775649 72592 232645 518825 36877 315804 57562 512090 486735 277077 480909 351002 651604 564506 12338 515665 320070 364706 717255 353154 402784 80441 138917 60508 709961 128369 625803 121892 387291 481172 648941 661865 303633 589920 427236 524074 469060 321602 589835 64524 600959 107215 522855 163065 423064 569418 174059 744364 471492 527878 269599 181912 86261 630181 541743 567698 391615 337928 432085
400099 441565 999999999 611605 855016 72641 383564 730562 375645 313920 243840 231247 505207 590940 590403 365316 681771 722115 208152 430541 912567 630488 381392 245830 374920 57481 451804 683254 127582 53394 241372 236251 523423 401559 161949 634187 378786 79780 548169 233441 21488 419453 477843 225260 434592 407008 682960 393957 458566 692780 630683 629116 754497 592251 445057 430733 438955 307135 459959 488818 676105 687338 494288 557775 381248 310261 522216 198903 332302 156981 845731 550842 304938 138271 603805 129923 643624 301178 271266 148315 377193 374234 528972 906361 332048 32213 418233 399077 547486 34803 583043 509816 605766 382151 403094 236687 291030 484631 104373 808900
233258 173257 611605 999999999 382383 681192 602477 297546 235962 841253 368649 819965 751041 25445 809880 795610 380957 110669 513194 777711 460575 64794 864788 829496 254476 584859 323208 107074 489484 590876 447074 637541 504683 720496 686092 944215 574179 649019 863873 456647 590118 918284 172203 393989 660948 205282 211313 228453 648217 535140 277834 485217 270806 776145 709562 185192 604871 438966 483858 872849 278245 344117 158481 137726 233235 865558 120987 798572 281462 540228 422808 783059 809152 473337 699680 600183 605409 592602 451686 759845 237149 721839 90431 441300 327485 594617 719939 270664 893492 642497 631914 290857 53602 252083 789106 711986 734905 505646 507332 368959
471380 464627 855016 382383 999999999 927301 654881 643376 532704 980552 648105 1085080 748124 379585 769899 1124594 751648 353251 830738 825698 78426 433474 1181628 1098502 495253 809425 697743 278326 759379 815665 624318 957922 467883 773008 975141 923502 932813 916074 866822 777888 835456 1232007 400209 684175 685628 499615 564989 486649 656936 363673 226190 866550 115331 725520 734647 469599 971693 783868 496874 915195 641861 710597 387136 325731 510591 1152573 494807 1002479 582695 841296 71892 760069 1115576 729953 623129 788372 483372 933685 786197 994496 514156 1065582 454495 59469 523210 828297 762655 625879 907274 877014 557172 671945 433672 485699 856146 854267 852381 497434 762421 55111
472379 512361 72641 681192 927301 999999999 431495 786703 445380 296859 312596 161074 538507 661006 622303 330316 729368 791472 242382 452070 984311 697778 332057 176618 447180 121505 502788 754781 192784 115746 310475 231053 584753 431290 129900 649616 393437 61933 567113 279525 93292 364534 550126 290661 476431 477345 743415 465754 503415 756372 702663 664567 827102 628942 480147 501734 450326 348771 521943 498187 731768 738249 566522 630155 452253 246406 588420 151257 400561 190471 917205 583180 255791 208751 650425 176749 700839 310230 313593 80744 448189 357890 597225 978370 404529 99690 449475 459074 560874 54425 635491 562821 673391 454539 418886 250270 305337 545205 174435 880894
385465 455777 383564 602477 654881 431495 999999999 847551 437784 340779 394051 579682 160430 577045 238788 748552 859347 697453 526862 179749 685914 654028 762275 597162 374097 327200 647392 614766 394164 330452 220782 606666 199103 122870 545491 347519 707772 463092 262985 512391 377087 796022 430647 417761 66497 444618 771524 401619 77541 368147 447034 869953 592074 224546 108736 444391 768973 577781 158039 275017 803596 844885 443997 480039 416320 674047 583458 422058 436299 493319 616382 202353 685650 360395 220241 255821 282294 648632 549721 459621 414414 747584 561294 689450 297510 352309 118531 552680 291026 380007 206511 681972 629477 370635 202941 233639 210698 161909 366132 600207
463313 393577 730562 297546 643376 786703 847551 999999999 413733 1017140 507806 887506 1005346 316421 1073461 774570 134229 290128 558257 1009528 720348 232850 857394 891469 473454 726206 288594 375842 604694 730998 651378 653044 786135 954706 740770 1195063 519038 736525 1109433 510325 710819 910993 436492 511910 911551 403077 86276 446017 905621 832033 575272 283021 545201 1044557 956180 404325 518511 452077 754959 1100899 55240 90834 428967 430729 432051 901413 265225 929456 430572 604341 697229 1042469 823670 606717 978405 768996 896243 576914 482738 866717 434294 680432 294143 697743 550528 725899 958491 333632 1133039 765257 913464 226347 247864 477154 1011026 898371 934257 780315 634415 644218
81673 71210 375645 235962 532704 445380 437784 413733 999999999 620047 133216 587157 597579 215668 670569 592502 423329 346488 299277 595875 603011 259235 652892 597550 74079 350444 232156 314087 254453 356341 238425 426796 417347 541358 458638 784308 410657 415228 697528 245397 354158 704694 133512 161874 503224 34340 344096 58202 501284 522744 335682 455984 420053 646249 545655 63731 457983 256447 370632 687210 367175 407184 145624 207943 29981 638988 159511 564301 50803 316082 545684 637133 590708 237381 594670 373269 545151 401971 254478 523885 29018 533675 155831 590382 141327 359121 545780 132606 719871 406692 537242 251403 233696 82888 597623 494672 525568 399563 271375 497984
608347 670004 313920 841253 980552 296859 340779 1017140 620047 999999999 509438 364138 353401 817067 419839 605490 984473 949085 522067 238147 1018994 876592 580816 380636 586792 297099 753026 885644 422591 293491 394936 527835 539539 256235 421637 391394 687709 357861 325486 544101 327694 594301 677878 507094 342720 643259 958213 613253 377818 708181 760524 941798 903442 444981 314693 657722 745942 618941 492227 236000 964697 985094 694245 747847 612961 460042 779235 170984 590804 470653 949046 387282 513196 412806 509147 248599 612838 605948 583192 257241 609435 649744 773447 1020276 515787 304886 275429 684557 303509 282503 526922 806757 850741 589354 192193 130916 130530 501226 389358 927198
176753 202271 243840 368649 648105 312596 394051 507806 133216 509438 999999999 454522 552200 348806 632792 481183 485898 478876 190195 526028 714047 386874 533893 465305 152984 224319 260064 446133 121257 229817 173325 313642 436189 476648 329894 726442 342125 282347 637212 147066 222388 583926 251033 38163 460188 166160 450113 163286 467506 574595 435569 477560 539200 616703 494412 192591 398893 193364 377829 610632 455802 480808 266154 330786 144035 509784 279773 436652 88518 193365 652238 595791 467567 106394 585882 261196 568700 309432 173759 391681 140023 436138 285132 703827 153897 229783 485413 177201 652738 275915 539505 305037 362020 162833 518650 391663 430856 407840 139529 608348
623600 656794 231247 819965 1085080 161074 579682 887506 587157 364138 454522 999999999 668174 801580 748396 254231 810948 928689 329847 568653 1143548 829178 217156 17791 598438 282576 598922 900652 333812 276789 471467 249787 742864 559476 146912 750499 422138 172329 675850 381438 249966 231753 700946 426180 617594 620580 855695 614546 647357 915613 861458 720593 982737 761279 613443 647013 466443 435527 680642 594472 832338 827356 716951 781329 598054 98609 718072 194046 539051 287862 1076895 710627 154887 357950 794524 331576 855376 339075 405107 122176 594002 323352 732574 1137020 561884 260401 578928 576515 661140 214968 785886 661259 806036 606564 528895 370437 420962 702930 324263 1039604
542167 612255 505207 751041 748124 538507 160430 1005346 597579 353401 552200 668174 999999999 725791 85501 867134 1019663 840321 672065 116515 764978 805599 868779 685959 532340 453336 807371 751935 539945 455091 379066 738650 282723 108706 663092 193248 854541 581356 119811 663358 503627 895868 581201 573855 94367 603134 927872 559457 103068 410895 562803 1029200 704008 93827 60946 601209 916200 731547 274388 177406 962373 1004764 593324 622362 575395 766329 740490 486323 596720 633727 698406 45950 793328 508709 164177 375973 294374 789879 701870 546184 573639 878560 716278 773068 456741 476745 89483 713051 159154 493166 204993 842400 781700 528242 162614 297774 249677 261256 509114 693143
208804 150716 590940 25445 379585 661006 577045 316421 215668 817067 348806 801580 725791 999999999 784966 783647 393657 133000 498603 752274 457268 85653 851431 811436 230466 562994 320235 111506 469942 569053 422615 623922 480839 695056 669246 918944 566869 630159 838495 442175 569466 904680 146766 375401 635592 183984 230193 204885 623003 515613 260783 491947 266059 751456 684165 162407 599789 428167 459093 847422 293905 358348 133054 115375 211083 849104 116299 776510 262548 523876 416214 757971 794464 452701 675722 576799 583252 581860 439145 739249 215053 711960 79568 438889 302731 573294 694494 260736 868063 621445 608210 292426 68752 227732 763753 687601 710066 481153 486832 362610
610566 679922 590403 809880 769899 622303 238788 1073461 670569 419839 632792 748396 85501 784966 999999999 951559 1093782 893764 756998 183483 778290 866915 951548 766148 602804 538781 885453 801708 624680 540492 459478 824112 319169 191057 747700 153898 939367 666176 121032 747252 589041 977425 643181 655807 172643 673632 994086 629186 169295 416037 601486 1108569 737679 45716 146383 669358 1000983 814632 326372 210151 1032262 1077129 654130 677322 646964 846843 808239 563078 673044 719055 714601 39599 876439 592999 150345 461345 293650 875221 785471 626832 645494 963952 781628 788857 529243 562113 172928 789732 164138 577772 212771 918221 843788 597864 228241 378346 327715 307154 594136 715695
655369 662294 365316 795610 1124594 330316 748552 774570 592502 605490 481183 254231 867134 783647 951559 999999999 670306 893608 293917 782299 1193090 784605 86001 242283 632893 421354 503858 893460 389698 418154 578848 167557 873507 760826 204270 977797 256197 286631 896719 347156 371701 137301 724386 443535 799706 626220 766642 638475 823867 1034078 916582 549042 1012532 956078 807864 656109 272709 357386 809827 824266 722434 697835 737656 800438 614011 188078 677863 435600 542107 290792 1132663 912237 100850 426046 968720 494850 999773 205692 344616 348370 610468 99735 705423 1181637 627293 396262 778634 525662 888556 374021 945026 562444 766201 643114 748204 580180 634979 836950 403510 1087478
489827 425798 681771 380957 751648 729368 859347 134229 423329 984473 485898 810948 1019663 393657 1093782 670306 999999999 402897 489785 1008397 829786 321194 755210 812648 493281 687745 231459 475418 562422 691717 648181 566327 828596 956421 664691 1203528 414816 673921 1115454 450199 663870 807606 483950 479892 925335 423557 189990 468696 924487 898683 652726 149967 646429 1069470 966079 434125 403955 381578 788788 1095464 111520 44575 480761 499211 448060 812666 307367 877947 424303 540063 799659 1059968 729674 572460 1014172 741393 948245 483099 416076 806823 449185 572838 346441 808289 564615 682862 962914 310622 1134500 716419 953343 180912 327395 499557 1003749 874511 916147 816461 595190 745862
340822 283551 722115 110669 353251 791472 697453 290128 346488 949085 478876 928689 840321 133000 893764 893608 402897 999999999 617090 875186 430309 110263 965512 937847 363071 695495 404081 100526 599440 701519 554249 739314 579968 817770 793024 1033362 662326 758322 955847 560584 700627 1019399 273517 503309 752931 315948 213555 337812 737272 581251 320369 529583 258480 857436 802591 295339 686826 536274 568012 970692 291661 360358 258002 218091 343743 971723 216495 909167 391246 646726 408463 869493 912483 583863 774124 709720 666870 688736 552294 870310 347678 815399 196184 407886 433718 705278 815806 368543 987492 753116 704698 360056 127442 359888 889242 819228 840128 586744 617801 356155
361778 369718 208152 513194 830738 242382 526862 558257 299277 522067 190195 329847 672065 498603 756998 293917 489785 617090 999999999 616631 899221 511882 354323 334905 339738 236309 269800 605995 132761 237654 321042 127521 610929 578175 184059 822893 182614 184574 734342 56565 195705 406866 430541 152042 588385 333279 526376 344582 604295 759560 623726 423121 718998 749928 611249 363000 244352 108329 549163 685461 503031 501919 443975 507129 320151 356706 401231 393322 248639 52290 839163 717834 295964 167024 738282 310064 742225 125197 75534 317665 316584 246502 422950 887722 341854 221080 591884 252276 739615 240231 701375 331911 490666 350096 595917 436825 488563 578347 163017 793637
553762 623578 430541 777711 825698 452070 179749 1009528 595875 238147 526028 568653 116515 752274 183483 782299 1008397 875186 616631 999999999 850448 826666 776070 586312 539211 384926 786040 794061 488994 385287 360639 666790 359029 57428 580665 206275 798305 501425 118063 617138 433156 799239 605508 540797 140355 607863 937160 567312 171590 508404 624429 1000962 769033 206849 94093 611694 859921 689506 331905 95563 962757 998432 619603 658537 578114 667261 748937 380629 585129 573050 782004 149328 702164 462654 278248 307823 398745 727155 657061 448177 575655 803745 730522 856189 461127 405666 63240 697864 126746 412561 309111 827998 801604 537347 46216 202378 148535 328326 455612 770645
537997 536371 912567 460575 78426 984311 685914 720348 603011 1018994 714047 1143548 764978 457268 778290 1193090 829786 430309 899221 850448 999999999 511895 1247917 1157497 561130 864854 774436 356750 822174 871019 677285 1025906 491645 800059 1038279 932119 1006607 976430 881609 847322 893582 1297571 469677 750800 710172 570555 642697 554642 679433 363264 282332 944945 191671 733011 757564 540601 1046677 856350 528700 936774 719798 788566 457523 398023 579633 1214135 572043 1051736 652371 907397 69962 772377 1180494 791418 628792 838593 485905 1004861 857303 1048901 583056 1136650 531366 24657 582638 884786 788133 700601 923340 932891 566541 749694 512025 551214 883789 895529 889351 525000 823112 105704
274712 207716 630488 64794 433474 697778 654028 232850 259235 876592 386874 829178 805599 85653 866915 784605 321194 110263 511882 826666 511895 999999999 857545 837517 292899 608979 294067 155312 504994 614776 485855 632226 565643 769807 690625 998399 552064 660773 916564 455647 609088 911582 224401 407288 714236 233465 146686 265240 703232 599901 342427 433857 325655 834316 762014 220050 577046 427577 541915 921229 215642 282706 212802 201006 263642 867969 111247 822603 298366 544202 478793 838993 806155 493206 760296 631592 668904 579391 445032 777706 267200 705441 103537 491386 369471 616329 770361 260960 944780 662788 693139 252164 25862 292508 835615 749028 775403 564768 526339 424936
710363 723692 381392 864788 1181628 332057 762275 857394 652892 580816 533893 217156 868779 851431 951548 86001 755210 965512 354323 776070 1247917 857545 999999999 201512 686865 438868 582581 959837 431028 434664 611278 227576 902332 760667 222497 964170 340524 301936 886900 410048 392158 54316 782333 497466 808481 687077 846555 695156 835175 1068089 968368 635022 1071335 960141 811275 716592 358710 430301 838571 808628 804725 781970 796411 860210 672242 128938 749082 410058 602103 340529 1185599 912824 76643 465558 981922 506465 1024667 283308 413403 329586 668518 185719 774360 1237662 672973 413540 779382 596984 874652 382287 964093 642325 838132 696716 738685 574298 627537 864305 438764 1142226
635635 667509 245830 829496 1098502 176618 597162 891469 597550 380636 465305 17791 685959 811436 766148 242283 812648 937847 334905 586312 1157497 837517 201512 999999999 610513 298059 603021 911362 345076 292350 486629 248909 759515 577263 150948 767647 419620 183891 693283 387535 264084 214526 712809 436149 635301 631149 861237 626117 665006 932045 875294 719533 995550 779069 631232 657892 462191 439403 697169 611580 836368 829945 728719 793193 609107 80996 726320 210971 549040 294662 1091054 728396 142006 370260 812193 348441 872505 337532 409785 139962 605065 315032 741669 1150736 575419 275494 596717 583412 678325 230790 803306 665431 814599 618786 546448 388217 438682 719640 336841 1053362
25218 85458 374920 254476 495253 447180 374097 473454 74079 586792 152984 598438 532340 230466 602804 632893 493281 363071 339738 539211 561130 292899 686865 610513 999999999 339703 306146 310500 266469 345938 193308 465406 343293 483330 480831 721611 470661 426641 636228 290562 353916 736875 102948 189723 438310 70870 398361 28152 433885 451928 283996 530037 387292 576778 482739 73225 521306 315443 297384 632498 430064 474614 119369 183130 45728 659679 210003 550997 105006 346342 499804 570476 620323 240544 522065 346990 471178 452444 307377 521874 45422 582496 192551 550846 78097 353167 486029 206433 660924 402432 463738 324448 267151 10695 545006 457767 482588 326061 274511 455426
364519 412360 57481 584859 809425 121505 327200 726206 350444 297099 224319 282576 453336 562994 538781 421354 687745 695495 236309 384926 864854 608979 438868 298059 339703 999999999 456299 650118 125498 6308 189206 285349 466533 351978 218870 590413 415141 137111 502983 249416 50486 476763 441732 214381 379803 379631 672927 361202 402798 636648 583958 647206 711673 538752 392741 400912 476422 324605 403203 449671 672690 689604 458421 520590 351916 365579 503640 213871 311692 189398 797300 499182 362419 119834 547373 77853 586192 342251 289314 185417 347942 425305 506004 859533 288958 25367 367791 392582 505411 68214 525714 511151 583687 345895 361102 200659 252332 427561 92697 762074
311882 266311 451804 323208 697743 502788 647392 288594 232156 753026 260064 598922 807371 320235 885453 503858 231459 404081 269800 786040 774436 294067 582581 603021 306146 456299 999999999 429901 331039 460302 429485 368147 649027 736133 452233 985482 259836 450113 896477 223727 433402 636851 337900 249950 713888 247121 264522 288277 717301 751013 538255 225513 582824 865460 751125 269354 283145 163664 600204 870430 233416 235732 342269 386513 261600 615662 203936 649335 214483 316875 727744 849711 541591 341364 821893 510760 777303 299295 194267 581797 261115 417656 243273 757209 364755 451761 744250 99885 912721 486568 767001 62435 281108 315030 778371 644207 687152 629624 363731 675402
285928 243867 683254 107074 278326 754781 614766 375842 314087 885644 446133 900652 751935 111506 801708 893460 475418 100526 605995 794061 356750 155312 959837 911362 310500 650118 429901 999999999 567035 656337 492343 732271 485175 736717 772376 944226 678358 728425 869107 549880 661965 1012757 210162 475951 667118 280253 292912 289454 649234 480728 220019 588323 171115 764116 717406 253732 710742 539007 477908 889573 367394 435621 193407 138319 302977 952683 226548 861304 363666 628415 324325 779047 901189 546172 678105 654413 567640 692608 548849 831100 307044 823044 191070 336570 371915 662929 733257 372064 902401 711968 608318 397699 155939 304841 811293 754812 770800 494694 580514 270616
291410 323279 127582 489484 759379 192784 394164 604694 254453 422591 121257 333812 539945 469942 624680 389698 562422 599440 132761 488994 822174 504994 431028 345076 266469 125498 331039 567035 999999999 129314 193721 227650 488125 448067 216106 695062 314706 161486 605976 128888 106899 478098 368109 98095 455654 287360 555554 281107 471632 644835 540546 523920 653353 617184 479240 313314 376303 203174 425121 562562 550587 565075 383866 448441 264258 393489 395794 325742 208207 103810 758004 585622 360111 37022 606796 188107 617596 255302 169152 272874 260204 364717 404635 813548 242289 121484 461067 272081 613702 161664 572152 386734 480624 275209 471515 320702 368879 453503 34509 716868
370766 418437 53394 590876 815665 115746 330452 730998 356341 293491 229817 276789 455091 569053 540492 418154 691717 701519 237654 385287 871019 614776 434664 292350 345938 6308 460302 656337 129314 999999999 195184 283821 471489 353143 215228 590518 415717 133173 503316 252105 48575 472171 447997 219293 382407 385631 678093 367380 405782 641875 590172 650035 717967 540971 394596 407008 476884 327279 408229 448959 677401 693883 464683 526875 357981 360286 509267 207960 317342 190085 803435 500894 358157 124945 550676 79184 590692 342100 291874 179130 354003 423468 511849 865733 295262 21947 369163 397400 505197 62193 529658 515443 589506 352152 360797 199172 251366 432421 97013 768278
213827 278140 241372 447074 624318 310475 220782 651378 238425 394936 173325 471467 379066 422615 459478 578848 648181 554249 321042 360639 677285 485855 611278 486629 193308 189206 429485 492343 193721 195184 999999999 420581 295111 308250 389136 556420 496421 314442 467769 297790 225001 654036 283286 197786 286864 255437 582442 220657 294994 456867 398156 650185 531283 444112 321853 265805 556505 359210 231750 450043 603316 637799 299788 355749 224833 551187 396143 379993 224491 297531 609200 422489 536656 156798 419825 166292 423907 446042 333117 371690 221785 558432 384207 672846 120934 211135 315256 338071 486389 257377 380380 468279 460041 195009 359686 265016 289642 259862 175385 575571
488014 497206 236251 637541 957922 231053 606666 653044 426796 527835 313642 249787 738650 623922 824112 167557 566327 739314 127521 666790 1025906 632226 227576 248909 465406 285349 368147 732271 227650 283821 420581 999999999 715527 636842 113846 870039 174199 171247 784363 182618 235251 280779 557798 275979 663000 460795 632086 471444 683713 871920 749031 470839 846427 823196 677987 490520 224712 207986 652314 722756 598598 586159 571371 634628 447417 248388 522829 372651 376142 125250 965204 784514 174841 264621 824802 362995 844277 89659 187194 284630 443808 140920 547114 1014708 460855 262458 652981 371268 782811 256781 795180 430021 612138 475602 638680 470861 525827 680377 246475 920254
341238 402798 523423 504683 467883 584753 199103 786135 417347 539539 436189 742864 282723 480839 319169 873507 828596 579968 610929 359029 491645 565643 902332 759515 343293 466533 649027 485175 488125 471489 295111 715527 999999999 308533 679898 467705 777622 601374 402460 579387 510694 942547 349860 470627 218675 408333 702522 363924 189076 174884 282656 873329 421706 279638 266950 394688 835044 629040 63798 447350 751400 804699 357255 367989 388631 831071 525741 606112 438747 591752 423003 301103 826625 451103 195092 411590 132511 735945 609585 628990 388665 852502 492456 497161 289902 491329 296516 549149 441405 530420 127592 666573 544615 334986 392309 426495 409133 40506 470364 412773
497396 567368 401559 720496 773008 431290 122870 954706 541358 256235 476648 559476 108706 695056 191057 760826 956421 817770 578175 57428 800059 769807 760667 577263 483330 351978 736133 736717 448067 353143 308250 636842 308533 999999999 557226 250083 760654 476099 160659 574815 401660 787284 548294 493533 92219 552415 881565 511381 126537 464768 568982 953319 713832 202011 58758 555553 822398 645820 277350 152986 908494 945423 562318 601115 522876 657624 693246 378801 532423 536910 731157 152158 685440 419584 253316 274126 360756 692438 614319 437478 520512 775763 674160 805020 405319 374386 20012 646258 178588 387411 272763 776473 744813 481206 83783 189113 142414 275817 415610 718056
505408 529622 161949 686092 975141 129900 545491 740770 458638 421637 329894 146912 663092 669246 747700 204270 664691 793024 184059 580665 1038279 690625 222497 150948 480831 218870 452233 772376 216106 215228 389136 113846 679898 557226 999999999 779373 287351 82530 696391 237474 170566 265257 580825 297047 595633 492815 710435 493124 620250 845776 756603 579042 868120 751817 603676 520875 338504 288711 616124 628074 685631 680553 596041 660679 473374 180349 579399 261037 408715 146444 974031 708312 147537 248026 765729 290843 802940 202228 258838 171946 469419 228792 597070 1029562 457542 193545 574820 434064 690721 169936 744439 514617 668309 489985 548411 379600 434791 642007 218788 932952
732742 803019 634187 944215 923502 649616 347519 1195063 784308 391394 726442 750499 193248 918944 153898 977797 1203528 1033362 822893 206275 932119 998399 964170 767647 721611 590413 985482 944226 695062 590518 556420 870039 467705 250083 779373 999999999 1004453 702262 89510 822935 637965 982172 774053 743605 284502 792076 1118822 749133 296280 569572 750240 1203377 888641 199122 238907 791735 1066033 894821 466318 156148 1150835 1190781 786358 815488 763580 848197 930896 556837 779243 779036 868497 166640 892634 668095 303618 513731 446979 932612 862739 634693 761582 1005245 907932 942754 644799 610498 241240 894263 89525 614016 366554 1024381 974344 718120 231479 400182 344929 450935 661800 869175
487764 471859 378786 574179 932813 393437 707772 519038 410657 687709 342125 422138 854541 566869 939367 256197 414816 662326 182614 798305 1006607 552064 340524 419620 470661 415141 259836 678358 314706 415717 496421 174199 777622 760654 287351 1004453 999999999 331513 916195 199208 370376 393316 542258 306995 770106 440062 515995 466235 784983 914938 746202 302641 817720 931527 793763 469255 61748 155227 717975 864670 467613 441648 552131 608807 438200 405008 453232 541251 366591 225757 952930 900268 317961 347410 916054 490837 910037 85185 168379 455377 435597 161683 487345 991824 494483 397234 774472 307925 920335 406805 875633 313649 537021 481335 776176 613861 666942 747771 345615 903260
451753 484594 79780 649019 916074 61933 463092 736525 415228 357861 282347 172329 581356 630159 666176 286631 673921 758322 184574 501425 976430 660773 301936 183891 426641 137111 450113 728425 161486 133173 314442 171247 601374 476099 82530 702262 331513 999999999 618014 226479 90697 341210 528922 255053 513133 448484 697209 442313 537733 769301 694102 604718 812143 669636 521707 474740 388584 292389 537730 553001 681371 684606 544848 609307 425738 238569 550143 211974 367663 133905 910751 626719 225654 186617 683316 208318 722766 248477 257959 133091 421685 302986 562531 969000 393793 111746 493425 413979 614236 88940 662800 511147 637099 434964 470828 302111 357346 562947 153659 871794
648286 718598 548169 863873 866822 567113 262985 1109433 697528 325486 637212 675850 119811 838495 121032 896719 1115454 955847 734342 118063 881609 916564 886900 693283 636228 502983 896477 869107 605976 503316 467769 784363 402460 160659 696391 89510 916195 618014 999999999 733668 551114 907470 692653 654134 203070 706365 1034219 663962 220311 523584 682474 1113978 823819 163371 154557 707128 977838 805407 392768 95408 1064487 1103362 705527 737760 677501 774215 845999 483875 691164 691050 815776 111258 814087 578734 263316 425868 403465 845217 773422 557519 675383 920740 824275 890423 558904 523623 152560 805791 43743 529335 316651 935970 892166 633152 148598 316853 261807 380776 572855 811930
311509 315186 233441 456647 777888 279525 512391 510325 245397 544101 147066 381438 663358 442175 747252 347156 450199 560584 56565 617138 847322 455647 410048 387535 290562 249416 223727 549880 128888 252105 297790 182618 579387 574815 237474 822935 199208 226479 733668 999999999 217156 462877 377841 109910 576126 279064 474409 293131 589053 721504 574114 397995 665450 736858 603126 308961 258764 75189 519184 691449 455124 458812 390771 453304 267689 412492 344860 427802 195194 94325 788294 708648 352505 155287 717614 316659 711630 162900 40293 358125 264275 291950 366389 835277 300959 239227 587051 196835 742253 267642 676449 284679 434269 301114 600353 448356 497420 548894 163180 741919
379110 420140 21488 590118 835456 93292 377087 710819 354158 327694 222388 249966 503627 569466 589041 371701 663870 700627 195705 433156 893582 609088 392158 264084 353916 50486 433402 661965 106899 48575 225001 235251 510694 401660 170566 637965 370376 90697 551114 217156 999999999 431907 456857 204233 430233 385543 662450 372732 452971 678752 611512 614216 734357 589233 443094 409334 431156 291564 447039 494830 656482 668697 473270 536867 359845 326224 500927 218937 310864 145909 826995 549442 316100 116786 597125 127758 632574 295034 255738 169783 355788 374942 507516 887116 312296 27491 417730 378812 552114 54765 574100 490877 584344 361248 407626 243494 296901 472336 82897 789683
760628 775649 419453 918284 1232007 364534 796022 910993 704694 594301 583926 231753 895868 904680 977425 137301 807606 1019399 406866 799239 1297571 911582 54316 214526 736875 476763 636851 1012757 478098 472171 654036 280779 942547 787284 265257 982172 393316 341210 907470 462877 431907 999999999 833325 547959 839561 738946 900755 745924 867421 1110173 1017276 685266 1122303 988192 839556 768331 408816 484475 878928 826096 858486 834952 847605 911611 723466 134264 802934 425423 653891 390747 1234683 939168 118132 511779 1014622 540937 1062842 337562 467166 351079 719701 235974 827853 1287699 720384 451653 806392 650913 892850 416833 999702 696509 892051 746598 760182 599108 651003 903983 483700 1191925
77748 72592 477843 172203 400209 550126 430647 436492 133512 677878 251033 700946 581201 146766 643181 724386 483950 273517 430541 605508 469677 224401 782333 712809 102948 441732 337900 210162 368109 447997 283286 557798 349860 548294 580825 774053 542258 528922 692653 377841 456857 833325 999999999 285638 490048 102237 353710 87754 478851 419038 204861 548944 289007 611575 538171 73156 587270 389096 319821 700665 401827 457099 16780 80386 110391 760416 177298 651675 182726 442776 412223 614763 717824 343241 542022 444274 464764 535474 387991 624609 113992 667141 142597 457437 162402 455788 547848 246649 721661 505117 477026 337163 200732 95917 617299 547406 566785 344272 377307 364523
212925 232645 225260 393989 684175 290661 417761 511910 161874 507094 38163 426180 573855 375401 655807 443535 479892 503309 152042 540797 750800 407288 497466 436149 189723 214381 249950 475951 98095 219293 197786 275979 470627 493533 297047 743605 306995 255053 654134 109910 204233 547959 285638 999999999 483264 195901 459394 198039 492702 611643 473057 460170 574453 641728 515016 223829 364813 162100 411253 622467 458602 478306 300294 364716 176687 477357 297768 422227 112896 157227 689436 618159 432189 94831 615275 261605 603055 271675 139175 370920 172789 398003 307738 740246 191395 215726 503521 178289 667464 258860 571026 300337 383114 199792 530350 394624 437221 441142 123609 645097
448620 518825 434592 660948 685628 476431 66497 911551 503224 342720 460188 617594 94367 635592 172643 799706 925335 752931 588385 140355 710172 714236 808481 635301 438310 379803 713888 667118 455654 382407 286864 663000 218675 92219 595633 284502 770106 513133 203070 576126 430233 839561 490048 483264 999999999 509049 834594 465555 35138 372567 487743 936388 631579 161569 50759 507656 831524 642581 194777 230534 868259 910408 502702 534874 481163 714020 646914 448101 502633 552844 641663 135869 732123 422842 177478 304856 270462 708770 613926 495839 479374 803774 623457 715834 362456 404349 78142 619081 235309 427241 184338 748265 690044 434397 175331 255253 219161 188627 426367 630549
67098 36877 407008 205282 499615 477345 444618 403077 34340 643259 166160 620580 603134 183984 673632 626220 423557 315948 333279 607863 570555 233465 687077 631149 70870 379631 247121 280253 287360 385631 255437 460795 408333 552415 492815 792076 440062 448484 706365 279064 385543 738946 102237 195901 509049 999999999 329322 45141 504749 503992 306461 467310 386532 647332 553171 30016 485659 286917 365534 700475 359240 404031 113091 174315 30632 673161 141378 593419 85086 350419 514134 641346 625038 268818 590787 398270 533402 434334 286775 555323 33910 566172 130189 557540 147475 389406 555667 150255 730421 437469 531033 258405 207652 76148 612034 516282 544701 393622 303014 465814
386087 315804 682960 211313 564989 743415 771524 86276 344096 958213 450113 855695 927872 230193 994086 766642 189990 213555 526376 937160 642697 146686 846555 861237 398361 672927 264522 292912 555554 678093 582442 632086 702522 881565 710435 1118822 515995 697209 1034219 474409 662450 900755 353710 459394 834594 329322 999999999 370432 827176 745789 489102 325114 463475 964068 880260 327132 525685 425227 673236 1029747 78470 146893 345321 344725 359279 878603 188358 881226 367557 568533 616271 963955 805987 553149 895624 709635 811000 563297 452061 824089 361907 677085 212559 620691 476265 675113 884384 284372 1059285 717213 830025 204268 161735 401088 940964 836054 869099 697979 583001 562866
23680 57562 393957 228453 486649 465754 401619 446017 58202 613253 163286 614546 559457 204885 629186 638475 468696 337812 344582 567312 554642 265240 695156 626117 28152 361202 288277 289454 281107 367380 220657 471444 363924 511381 493124 749133 466235 442313 663962 293131 372732 745924 87754 198039 465555 45141 370432 999999999 460499 464749 281962 510409 376416 602502 510311 45260 514820 311309 320452 660641 403211 448949 102975 167638 28519 672822 182093 573635 100207 355249 495163 597218 630210 257636 545667 371916 489967 453125 306433 541665 30702 584187 164482 543265 106229 373513 513962 189516 688879 422516 486115 302653 239451 31323 573150 484622 510163 348628 291908 449081
442351 512090 458566 648217 656936 503415 77541 905621 501284 377818 467506 647357 103068 623003 169295 823867 924487 737272 604295 171590 679433 703232 835175 665006 433885 402798 717301 649234 471632 405782 294994 683713 189076 126537 620250 296280 784983 537733 220311 589053 452971 867421 478851 492702 35138 504749 827176 460499 999999999 338468 463688 941163 606478 149199 78131 501301 846102 653522 172492 258273 863706 907964 490731 519298 477831 743163 640456 480717 504242 570843 611321 136851 758656 437690 147329 329593 235330 726171 626035 525993 476314 824630 615109 685697 359961 427710 111134 620971 256102 453125 149407 749142 679506 429186 208811 288167 253670 162258 443671 601825
441127 486735 692780 535140 363673 756372 368147 832033 522744 708181 574595 915613 410895 515613 416037 1034078 898683 581251 759560 508404 363264 599901 1068089 932045 451928 636648 751013 480728 644835 641875 456867 871920 174884 464768 845776 569572 914938 769301 523584 721504 678752 1110173 419038 611643 372567 503992 745789 464749 338468 999999999 261518 967448 360625 370514 414381 482288 969028 761404 235203 587177 807076 868090 419582 402203 492769 1002146 591891 780928 556100 746789 302259 412874 993199 608190 265961 585126 122716 882734 747093 803061 494085 1005099 552243 375355 420878 660976 449548 653761 566341 701948 206976 755786 584246 441795 547237 599584 578668 215389 631141 312367
262626 277077 630683 277834 226190 702663 447034 575272 335682 760524 435569 861458 562803 260783 601486 916582 652726 320369 623726 624429 282332 342427 968368 875294 283996 583958 538255 220019 540546 590172 398156 749031 282656 568982 756603 750240 746202 694102 682474 574114 611512 1017276 204861 473057 487743 306461 489102 281962 463688 261518 999999999 738747 145125 560835 538346 277947 792032 592109 293042 717727 554688 618702 197282 155766 309084 931896 353228 776460 382051 628299 217486 583601 899787 509306 468125 562288 349514 734994 588387 768754 312035 865789 311101 275708 300312 603327 561352 450633 719677 651770 398002 529112 329275 273633 649952 632384 634424 301781 540830 178231
533707 480909 629116 485217 866550 664567 869953 283021 455984 941798 477560 720593 1029200 491947 1108569 549042 149967 529583 423121 1000962 944945 433857 635022 719533 530037 647206 225513 588323 523920 650035 650185 470839 873329 953319 579042 1203377 302641 604718 1113978 397995 614216 685266 548944 460170 936388 467310 325114 510409 941163 967448 738747 999999999 756017 1089760 971869 486079 276460 322931 825473 1081518 250188 192188 550117 583061 484823 707623 385889 815814 439899 475411 907756 1072242 619886 542981 1047405 711427 1000376 382057 358619 736576 484688 449470 428298 924887 590268 637081 962685 324981 1127608 662329 992283 211781 433007 538480 989511 844569 891681 854789 558369 853980
362766 351002 754497 270806 115331 827102 592074 545201 420053 903442 539200 982737 704008 266059 737679 1012532 646429 258480 718998 769033 191671 325655 1071335 995550 387292 711673 582824 171115 653353 717967 531283 846427 421706 713832 868120 888641 817720 812143 823819 665450 734357 1122303 289007 574453 631579 386532 463475 376416 606478 360625 145125 756017 999999999 695472 682017 356559 856369 669373 437251 861910 538470 606735 275071 212221 399172 1046808 380410 911272 470443 731664 153232 722329 1006590 625532 598251 697297 468311 819859 672524 897078 402859 951756 339700 174709 422935 729163 705880 510603 861916 778362 528917 558396 323289 378238 795010 774417 778360 444222 658720 99505
583028 651604 592251 776145 725520 628942 224546 1044557 646249 444981 616703 761279 93827 751456 45716 956078 1069470 857436 749928 206849 733011 834316 960141 779069 576778 538752 865460 764116 617184 540971 444112 823196 279638 202011 751817 199122 931527 669636 163371 736858 589233 988192 611575 641728 161569 647332 964068 602502 149199 370514 560835 1089760 695472 999999999 148867 641404 992888 802221 292428 247696 1004656 1051354 621852 642150 621588 859269 779588 580143 651762 714276 669615 59252 884374 584166 104679 462379 248034 870268 774266 639185 620348 963745 751518 743783 505210 562830 182391 768446 207013 582182 168427 895779 811651 571245 252945 391079 343489 271032 587922 671479
494196 564506 445057 709562 734647 480147 108736 956180 545655 314693 494412 613443 60946 684165 146383 807864 966079 802591 611249 94093 757564 762014 811275 631232 482739 392741 751125 717406 479240 394596 321853 677987 266950 58758 603676 238907 793763 521707 154557 603126 443094 839556 538171 515016 50759 553171 880260 510311 78131 414381 538346 971869 682017 148867 999999999 553128 855440 671815 245462 180669 911964 952473 551151 584620 524692 711164 692188 435671 542163 572784 689435 106884 735515 448276 194599 315559 306170 728934 641812 491272 522714 818033 669912 763792 405900 416310 39264 657975 185046 433850 217097 787775 737609 479354 134185 244230 200130 238469 448271 679542
59044 12338 430733 185192 469599 501734 444391 404325 63731 657722 192591 647013 601209 162407 669358 656109 434125 295339 363000 611694 540601 220050 716592 657892 73225 400912 269354 253732 313314 407008 265805 490520 394688 555553 520875 791735 469255 474740 707128 308961 409334 768331 73156 223829 507656 30016 327132 45260 501301 482288 277947 486079 356559 641404 553128 999999999 514123 316536 355427 705280 363252 411910 83246 144357 49491 701169 139281 614228 114490 379268 484426 638147 654122 292984 580774 415137 517079 464318 316762 578951 53552 596166 119349 527534 150979 411889 557737 175094 732685 460434 519245 275299 194243 74352 618085 529421 555369 382628 327308 435929
