NAME : synthetic_000628
TYPE : CTSP-D
DIMENSION : 100
GROUPS : 8
RELAXATION_LEVEL : 1
EDGE_WEIGHT_TYPE : EXPLICIT
EDGE_WEIGHT_FORMAT : FULL_MATRIX
EDGE_WEIGHT_SECTION
999999999 440557 99186 533489 232860 781720 590329 478729 650912 606364 60233 227576 143546 302045 359115 390240 256009 649858 283662 245396 659203 498588 598457 631114 510010 301276 100846 425117 397489 704018 168236 228807 556830 509395 157954 268340 588398 431102 581204 451127 371341 160885 524423 572362 427621 173723 446668 110436 525592 607793 651098 775306 304860 311066 300325 547660 276488 683775 515745 243854 770236 307964 252376 632167 441055 551348 617779 175789 377340 101065 412076 241577 528940 494260 310905 175482 460026 611872 185716 426434 685718 725771 201038 506430 206492 63895 649213 122921 312536 594264 261104 387907 354927 460011 397793 842021 693820 269466 766187 225703
440557 999999999 396757 242378 605611 850140 1009703 267516 840033 353797 426795 664380 411243 723454 793093 827129 600502 668512 602228 685759 664153 90891 974443 230162 500309 156909 408962 861491 314283 1029707 353445 528058 294075 523778 589826 708199 961893 379603 912604 888716 307458 283269 922593 199692 518261 441010 865618 515302 196652 360576 629296 840815 166603 751620 567596 957529 714397 1061590 929640 537233 944810 697059 557951 515085 700560 856996 975446 376409 515641 414390 716718 202410 484069 920202 131984 270534 184040 227629 335563 817736 736277 937728 616716 938717 524771 498306 1013876 335540 615751 510798 644210 619811 735581 560590 306851 939468 1008016 295958 925602 522476
99186 396757 999999999 451526 331943 693329 613108 390501 579680 516241 43931 276719 217877 390219 436866 436262 221427 554613 237236 313018 563148 440354 591192 563699 411325 281796 175984 469707 302298 674582 71937 167767 469877 411598 200503 325482 579636 332675 552016 498031 276360 153392 530191 501309 333065 255083 468894 120087 449881 517080 553478 686476 291713 373843 233781 562243 350971 678381 533529 337503 698520 304472 347971 533264 380975 511124 601203 76609 286073 178727 366810 195578 429782 523674 265078 167808 382303 541260 91807 426462 593821 661429 294777 543708 301655 122662 636525 150670 409589 495096 359314 316776 346586 367733 303246 758303 659755 301157 691428 318838
533489 242378 451526 999999999 747076 659149 1017895 81271 703583 111435 493757 723679 565772 835533 887971 875944 591309 475393 577206 764397 466044 166282 940187 160745 325997 349774 546524 907152 192300 954202 383020 513576 52548 355418 648340 774329 926458 230905 850046 936637 207724 415104 911911 99571 392325 603537 881635 564722 51082 118212 424932 649406 367779 823890 522785 956814 802374 1023417 935302 705220 791868 700704 723624 290155 621028 783202 926556 392867 416976 551958 660698 317855 296204 942564 275006 409357 78628 127505 361699 809342 548368 803600 733143 971253 682490 573583 967748 470989 786700 299156 782065 541508 727543 427163 185943 753633 926451 498241 767122 687683
232860 605611 331943 747076 999999999 992771 588880 700877 834083 829476 290686 256048 194465 146511 234474 362261 419534 874246 456879 209548 885012 680878 663909 821851 741201 449210 202048 392999 627614 807148 400587 427278 776424 738912 250109 252402 657920 663737 692104 407360 601436 335326 569928 770153 652602 169385 466799 285751 731148 831641 879886 987218 442685 258129 495871 570506 197510 738199 535320 107246 951158 411728 91843 865007 615955 685021 700849 408536 598639 196506 566629 433065 761338 489059 492113 344080 670031 807920 417043 498384 903930 894416 82120 479336 91308 232511 721778 278724 111950 827009 39252 582345 456337 681290 627338 1043814 806699 337971 952744 107985
781720 850140 693329 659149 992771 999999999 833749 596102 234562 586125 722514 791201 910965 981052 973286 849517 585428 184124 546115 857957 193376 807605 665456 810447 349903 859581 869313 860731 537794 555932 649573 565493 615586 328024 755475 833692 653643 471480 531865 885485 549548 805823 713741 757581 367723 948390 767710 707026 707237 578336 236583 9807 879022 876927 497958 768903 902158 709439 772579 1025395 213625 647260 1032651 385258 408394 466469 615416 627905 407586 871993 479629 762862 368401 821980 785822 813870 677885 777455 646210 663469 113874 283016 927153 867755 987489 762035 649428 831814 1089667 362129 1007362 414626 627877 328108 544869 96158 520112 959285 179972 1007384
590329 1009703 613108 1017895 588880 833749 999999999 940869 600916 1043010 586603 369136 698703 459197 380472 226632 426728 828576 442263 386171 848203 1046822 181910 1156404 803074 887132 668830 196795 829675 350425 660920 504592 1016868 779809 432431 345930 189820 815379 308115 188632 811007 747541 122921 1090124 686643 703958 144582 496597 1032171 1040341 873076 834078 893046 330770 502074 67577 391383 199141 82593 691552 673648 318625 679597 954465 465802 367541 240536 641801 635485 665627 396708 808547 841881 100694 878178 762668 964716 1129284 680979 211405 807696 590903 513336 115531 662359 526570 226489 713076 691722 904963 566583 518402 290847 679161 834947 828267 374020 851183 695602 685853
478729 267516 390501 81271 700877 596102 940869 999999999 626488 128618 433899 656826 528463 779410 826914 805525 514972 412084 499177 701076 405004 211998 859827 240205 253612 339989 504262 835955 112133 873001 319645 437628 79883 281805 582515 708205 846059 150719 768824 865619 129967 377866 833343 175701 312057 567848 806167 498751 117053 131107 366900 586484 359638 758467 443378 879053 740677 942742 858311 669018 718091 624901 686186 247720 539757 701932 845584 325986 335707 509497 579897 285365 228228 867611 259294 374814 84345 207507 298895 731422 483430 726545 679742 897586 643039 513151 886825 431419 750130 244770 734136 460296 650132 347930 106261 688987 845362 482714 694461 650819
650912 840033 579680 703583 834083 234562 600916 626488 999999999 663763 597293 605175 791750 796698 775433 636791 414563 292966 377781 671341 313175 821676 430913 864203 381145 806138 748452 643708 534707 330324 557669 422115 672639 350640 585381 640978 419168 477680 297326 666398 535425 718373 482467 801784 322803 824515 544725 556571 743484 657352 354297 236041 823320 678854 350617 537045 712987 476609 542977 885841 119332 448803 889037 490722 218287 233442 381126 531789 328162 749850 276912 703304 417132 595557 745354 729737 695655 830769 562041 442019 240094 100059 760198 641818 846848 615650 415926 729479 939612 448984 841708 263687 420226 281906 542454 233491 294582 874303 118959 869353
606364 353797 516241 111435 829476 586125 1043010 128618 663763 999999999 559953 777216 656217 906116 951213 921290 621899 406765 601421 824200 393939 275303 947429 228254 284205 455315 632697 950521 221123 940980 444693 546455 61230 314843 704147 829072 933445 228134 845731 980339 244790 505310 930722 187588 377337 695324 913018 620706 159243 8185 349639 576321 474046 879788 541026 979145 864769 1027133 960930 796711 739937 732098 814123 202549 616161 775116 927094 448652 415834 637954 666003 411105 246729 975345 377389 501594 181905 196931 424434 831829 480659 762363 807393 1007824 771256 638615 968740 559427 877957 225836 862629 541634 752798 403956 217895 682111 910732 602067 712427 778624
60233 426795 43931 493757 290686 722514 586603 433899 597293 559953 999999999 239669 194492 346346 394226 401302 216453 589625 238861 271864 599002 475660 576534 602200 450798 301344 151237 435331 346202 670153 115868 176837 513120 449598 163918 286795 565580 375633 547116 463061 320279 164407 509900 540773 367390 228558 442023 90059 490554 560854 591195 715993 308789 334063 247204 538631 308684 663185 508594 303655 716576 286305 312536 575578 391466 511483 590651 118836 317358 152865 369065 224385 470687 494495 294859 179586 423384 580662 135570 407955 625776 675092 251067 511939 266562 79832 624358 145815 372753 536652 316883 333637 330974 399949 347174 784136 657509 299049 711349 285353
227576 664380 276719 723679 256048 791201 369136 656826 605175 777216 239669 999999999 329967 191715 189514 163007 208202 704820 247090 66851 719564 715327 412408 840418 607193 528811 299773 197720 556461 551136 341151 254971 736687 595291 76216 52243 405341 567705 436462 224391 532427 388321 323381 777810 497850 337912 229859 159043 725417 776846 725872 787184 532328 103422 304762 334797 111129 491002 300668 343363 717735 161334 336557 751839 389712 433662 446127 331184 438727 296512 328987 462491 637486 270268 532945 403017 657425 817774 362578 243268 718128 653967 174022 279208 308778 166387 469160 348102 367967 706325 250516 378673 202673 513990 559364 828301 550828 482169 723768 333511
143546 411243 217877 565772 194465 910965 698703 528463 791750 656217 194492 329967 999999999 321911 401178 481787 399136 767630 427204 320804 774737 487920 728547 629796 615217 254745 43325 516440 471563 843182 267226 370461 599892 619770 276894 356119 719421 518910 720883 538336 446137 151089 647666 580442 548110 40665 559535 251433 545115 659318 761086 904012 248514 386055 441416 663967 334956 811850 630238 140559 911047 441930 158059 720016 584031 693786 752380 285332 503440 42487 555451 247953 627510 599015 301211 156503 487450 617368 276704 555346 810130 868481 218131 602644 117241 195854 781661 97433 221743 688028 233287 528119 489668 584378 469665 976018 834432 157532 905772 122409
302045 723454 390219 835533 146511 981052 459197 779410 796698 906116 346346 191715 321911 999999999 88409 236874 395818 886073 435126 125372 899598 791380 558561 928311 774028 570561 315183 262876 691887 715600 462105 429767 858102 765997 230821 159569 554807 716225 609467 272056 666140 442148 459988 871764 671673 306035 352471 301246 826811 907123 901910 976756 567145 139262 488327 450675 86457 625050 415995 253421 908511 349984 236536 911133 581399 616715 602618 461785 613584 309888 520142 535438 800279 362528 600934 453746 761805 910868 481902 407093 904285 843002 106744 345617 235953 269104 617505 388057 235125 868528 114039 566978 386616 692780 693151 1019852 720633 475310 915158 254335
359115 793093 436866 887971 234474 973286 380472 826914 775433 951213 394226 189514 401178 88409 999999999 168639 396091 893672 434316 129401 908670 856471 496100 990211 795662 643379 389227 188126 732751 660333 507269 444044 906511 784419 251595 141053 494004 750090 561928 191840 707698 509913 396137 931284 687239 389075 288419 332447 883356 951550 915377 969804 641590 96766 493748 379485 86515 556213 345914 341603 882441 327725 324916 938632 566549 578751 544427 502682 628152 384213 499524 599189 825050 287844 666972 522580 816833 970874 528088 359271 904753 812203 183099 265270 322723 314421 554891 458295 321631 893857 202400 564666 356053 703413 734845 1004191 668956 557061 892177 341929
390240 827129 436262 875944 362261 849517 226632 805525 636791 921290 401302 163007 481787 236874 168639 999999999 310666 794585 342460 162424 811687 876373 327464 998771 723452 691507 456137 35041 700416 492928 496868 378737 884913 706731 237475 125864 325507 702820 399364 61792 677834 551105 227501 935099 607926 482996 119851 316428 881087 920178 825618 847223 694604 104139 407532 213850 164796 389181 179333 465193 736689 211641 453000 873532 442415 424508 376382 483755 549731 452329 370001 625021 757752 127061 695522 565720 812834 975032 518214 200838 794151 662086 287215 121101 436786 329390 386253 509492 466104 825747 340730 460423 221928 614789 704164 869541 503081 637652 749848 459967
256009 600502 221427 591309 419534 585428 426728 514972 414563 621899 216453 208202 399136 395818 396091 310666 999999999 497730 39319 274169 513043 627017 374412 730719 413027 501222 356813 335662 404661 454190 247311 77883 592006 397260 172168 255105 362161 397498 331284 365330 385005 374402 325783 664119 298439 426014 291542 149047 605733 619922 521853 581015 512263 303117 98956 366965 319144 461725 344151 475436 531999 110272 476936 562866 196617 295802 380526 224185 239704 356784 156576 407861 447086 353564 473082 389030 538563 703057 264977 221017 509961 478669 346809 386306 436476 208023 416832 362241 525542 515132 428236 171174 138035 309427 409571 628084 441059 515493 533215 459921
649858 668512 554613 475393 874246 184124 828576 412084 292966 406765 589625 704820 767630 886073 893672 794585 497730 999999999 460126 769391 20719 623768 682228 628269 170762 687944 728110 812583 359072 615496 500699 456565 432768 154112 655300 752790 668792 292642 554732 840273 373312 648707 705685 574140 222285 806872 734702 592979 523214 399224 62977 174460 707809 800692 400058 761098 814742 744212 756321 892058 341939 583241 901934 211326 364907 481154 642750 482554 275867 731482 437616 595215 184966 794866 611463 655009 494225 595068 493472 632564 73919 381260 817365 837882 855764 642029 682114 681331 962341 180985 894197 334289 577108 193990 365803 278253 580659 797697 311702 873431
283662 602228 237236 577206 456879 546115 442263 499177 377781 601421 238861 247090 427204 435126 434316 342460 39319 460126 999999999 313255 475780 623118 373523 720987 381543 511738 384329 365626 387613 438455 252197 74622 574660 364280 210879 293264 360609 374756 316686 394987 369642 390453 334906 653975 265505 455928 312617 180835 594682 599013 485861 541696 524001 340606 65284 379881 358137 460212 359885 509601 495845 134652 511909 532525 160888 273983 373519 227161 207643 384719 130317 415056 416827 375380 477671 404632 528483 692349 267824 232248 471058 444909 385175 410749 470584 240277 411657 383407 561832 484223 466502 131894 151503 273703 393038 589292 422674 536326 496125 493655
245396 685759 313018 764397 209548 857957 386171 701076 671341 824200 271864 66851 320804 125372 129401 162424 274169 769391 313255 999999999 783779 743167 454902 873130 666962 542507 297900 196473 604842 602885 381888 316310 780873 656352 122227 42858 449323 620895 491988 217547 580038 403956 360383 812394 559772 320644 257900 203935 762400 824314 788855 853897 543559 66765 369576 362420 45377 528656 327298 307103 783227 225060 296924 809325 456385 494419 493687 375607 500864 293716 394774 486723 695934 285482 556281 417825 695106 852233 403021 292772 784079 718281 129321 283475 276468 192662 513080 357383 319471 764714 196624 445030 263358 577604 607162 895063 605108 477664 789786 300274
659203 664153 563148 466044 885012 193376 848203 405004 313175 393939 599002 719564 774737 899598 908670 811687 513043 20719 475780 783779 999999999 616976 702599 617182 170417 688318 735688 830104 357290 636176 507544 469853 422210 157161 668777 767928 689140 291160 575304 857938 372751 653247 725340 564275 232416 814229 753222 605026 514509 386274 45646 183594 708294 816144 414922 780697 829151 764831 775594 900640 359497 600182 910909 195955 383989 501679 663323 490186 287616 739175 456430 597086 180117 813597 610970 659117 487904 584140 499529 651373 88150 400639 829348 856420 864661 653132 702733 687245 971735 168921 905624 351264 594954 206835 363791 288760 601319 800842 328770 881945
498588 90891 440354 166282 680878 807605 1046822 211998 821676 275303 475660 715327 487920 791380 856471 876373 627017 623768 623118 743167 616976 999999999 996473 143046 461590 238635 480571 909995 286982 1036888 386005 551076 218780 488033 639439 761874 983406 346910 923795 938163 287796 349453 952580 109047 499399 520321 904315 560438 116189 282681 578757 798029 251401 807688 580569 991242 775010 1082792 965334 618873 920203 729665 639172 452668 703059 863483 992175 405295 507196 486103 728224 257308 439255 961477 190483 338614 130004 137218 365843 847577 694532 921060 684943 983506 603686 551784 1031884 404752 698604 455479 718805 621446 764614 539770 279234 899850 1012746 383419 898465 603305
598457 974443 591192 940187 663909 665456 181910 859827 430913 947429 576534 412408 728547 558561 496100 327464 374412 682228 373523 454902 702599 996473 999999999 1089895 685026 872961 691631 312260 747925 173772 621660 446781 930462 658435 451930 412170 14046 720710 133591 320222 733499 740522 100048 1022653 574105 743583 207744 490676 962492 943591 732677 666706 882711 419392 419117 132808 476843 87348 157870 755688 494779 291026 748224 831912 336486 202824 58810 598071 531595 689736 281490 781902 725276 222185 847494 755601 897915 1060083 638935 173206 651864 411490 582343 263499 721126 536697 58976 718237 774371 782808 650894 406040 245562 557369 754248 652469 193649 867923 518293 745888
631114 230162 563699 160745 821851 810447 1156404 240205 864203 228254 602200 840418 629796 928311 990211 998771 730719 628269 720987 873130 617182 143046 1089895 999999999 485494 381678 620613 1031516 346576 1111639 502285 653013 195874 515271 764202 888806 1076361 390881 1005039 1060355 357606 488183 1055365 67249 552260 662842 1016592 682619 127776 236407 574120 800647 394206 936223 670809 1097676 907148 1174433 1074052 761758 951084 837782 781984 430100 777367 939695 1079366 517680 574034 626164 813104 392909 453940 1075850 329822 478243 192504 33577 481094 951310 701971 964194 822416 1101126 746016 680546 1120198 544241 841607 448318 859425 696886 868560 587718 339522 905927 1084587 525613 925699 746067
510010 500309 411325 325997 741201 349903 803074 253612 381145 284205 450798 607193 615217 774028 795662 723452 413027 170762 381543 666962 170417 461590 685026 485494 999999999 517914 578081 747167 188539 661197 349286 352424 291918 30663 546331 658407 670993 122059 573181 776520 202630 487060 683889 425388 117368 655394 687505 473070 369584 278255 147320 340634 537881 708912 316262 736388 711823 759790 723898 746109 465871 515605 758009 152054 348553 500399 657896 335477 173901 581981 409121 427151 40473 750244 440860 492035 331640 451927 338516 593924 236029 480598 693439 788748 711663 513910 699433 524380 820423 102988 765504 284880 523373 127780 195410 439607 629839 632007 441353 727225
301276 156909 281796 349774 449210 859581 887132 339989 806138 455315 301344 528811 254745 570561 643379 691507 501222 687944 511738 542507 688318 238635 872961 381678 517914 999999999 255387 726392 334042 949724 262296 437833 394416 534444 457383 568801 861343 398366 828401 752290 315994 140540 810555 339799 499688 284109 742611 391283 316642 460445 661255 850969 20274 609136 491633 839972 567639 960169 809780 380958 919303 585527 401515 575285 635918 781341 881747 288864 479247 260673 636891 103012 513721 793258 81559 125797 273643 373589 251167 707576 747606 898545 464088 807289 367866 363205 917719 185743 460195 557791 487976 560006 628308 542558 328514 941341 932212 149221 905006 365886
100846 408962 175984 546524 202048 869313 668830 504262 748452 632697 151237 299773 43325 315183 389227 456137 356813 728110 384329 297900 735688 480571 691631 620613 578081 255387 999999999 491075 440848 802913 228958 327142 577910 581548 241559 330334 682170 485283 680359 514320 415053 133279 612944 568183 507737 79148 527875 209949 529306 635368 723200 862456 252536 364302 398093 631510 317130 775708 598277 169892 867754 403279 184528 687109 540804 651932 713868 245566 461993 5554 512921 231074 591866 569980 290814 142383 468951 606092 240053 518597 769328 825199 208722 576226 139627 156086 743953 76686 248664 653645 238967 484836 450843 543357 439463 933570 793521 182400 862571 151002
425117 861491 469707 907152 392999 860731 196795 835955 643708 950521 435331 197720 516440 262876 188126 35041 335662 812583 365626 196473 830104 909995 312260 1031516 747167 726392 491075 999999999 729952 481521 529344 406062 915146 729530 271687 160751 311701 730480 394425 29853 707728 585958 212519 967567 630926 517111 108906 349704 913149 949241 845565 858808 729568 135751 430905 191452 195671 368418 158333 496977 740191 232322 484222 897943 455915 425419 364016 515595 573269 487243 382626 659286 782174 100075 729799 600599 844874 1007475 550635 202743 809307 663802 319529 87296 469375 364048 370386 544513 494939 849797 369867 479261 236249 635922 733876 877066 493991 672482 754783 492291
397489 314283 302298 192300 627614 537794 829675 112133 534707 221123 346202 556461 471563 691887 732751 700416 404661 359072 387613 604842 357290 286982 747925 346576 188539 334042 440848 729952 999999999 765183 230456 327897 187367 210086 484006 608434 734183 66479 658812 759739 26184 327979 721401 279936 212858 512145 696179 400955 219203 220462 327811 528642 354259 659285 331266 767458 646237 831128 747172 610263 634240 514854 625377 251021 430791 593119 734486 230603 227790 445625 468482 251583 179914 757991 254772 329311 162628 315071 211849 619790 424026 634168 596849 789063 580201 422894 775613 374914 689498 226179 658057 350419 538838 252803 7748 625738 738490 459169 613515 591485
704018 1029707 674582 954202 807148 555932 350425 873001 330324 940980 670153 551136 843182 715600 660333 492928 454190 615496 438455 602885 636176 1036888 173772 1111639 661197 949724 802913 481521 765183 999999999 688378 511913 935150 631561 574611 561427 171224 724587 123055 491886 756131 827957 269962 1045118 565219 864100 373791 593595 984384 935881 673475 559303 962335 576979 462649 306505 630884 168937 330983 890674 359394 404054 885913 795124 334853 173409 117764 662366 537624 801978 313986 851417 701251 395268 910944 842377 924919 1079755 702074 310127 569382 277700 725059 437219 853947 647333 124095 815913 919012 748531 799056 416218 356486 537116 772355 523223 35895 969009 388306 878769
168236 353445 71937 383020 400587 649573 660920 319645 557669 444693 115868 341151 267226 462105 507269 496868 247311 500699 252197 381888 507544 386005 621660 502285 349286 262296 228958 529344 230456 688378 999999999 177602 399278 352691 265471 391427 609305 263179 567856 558313 204474 161150 569638 438247 283074 306926 518326 182123 384583 445416 494258 642147 276307 440870 229478 606228 421054 708937 579652 396941 674623 344818 409310 464797 374979 519162 625295 26799 243900 232763 374914 163119 364569 575867 226001 172097 316451 478172 21433 464645 545517 645446 366426 599381 363043 193923 662773 182313 472291 428284 429336 301737 382251 321473 231327 720266 670195 317464 664319 378037
228807 528058 167767 513576 427278 565493 504592 437628 422115 546455 176837 254971 370461 429767 444044 378737 77883 456565 74622 316310 469853 551076 446781 653013 352424 437833 327142 406062 327897 511913 177602 999999999 515087 340382 198959 305995 434063 324422 390686 435905 307698 319590 402818 586348 243463 402472 368542 141547 527875 544751 472912 559972 450481 356503 71669 444749 361563 533751 422022 466428 541434 187284 471399 498779 214831 345031 448057 152555 184619 328281 200279 340552 383658 430142 403069 333391 460774 625235 193260 298378 479006 498286 363513 461448 427670 197792 485995 317207 525933 452413 442685 159670 215550 263022 332600 618785 495058 468839 537774 449324
556830 294075 469877 52548 776424 615586 1016868 79883 672639 61230 513120 736687 599892 858102 906511 884913 592006 432768 574660 780873 422210 218780 930462 195874 291918 394416 577910 915146 187367 935150 399278 515087 999999999 322186 662397 788084 916589 211379 834804 944846 207796 448806 907647 143008 370156 638567 883498 578633 103038 67169 379873 605802 413041 838350 517040 954335 820331 1012178 934403 740157 756317 702169 757944 240780 604861 766096 913688 405867 401283 583242 649375 353336 258784 945228 317032 444387 120828 162477 378425 806662 506345 772325 757674 975867 715677 592538 955161 503667 821549 253776 810354 527261 726023 401764 182488 710762 906246 541586 730453 722253
509395 523778 411598 355418 738912 328024 779809 281805 350640 314843 449598 595291 619770 765997 784419 706731 397260 154112 364280 656352 157161 488033 658435 515271 30663 534444 581548 729530 210086 631561 352691 340382 322186 999999999 536814 645989 644420 144181 544987 758685 221623 496141 659861 454643 98853 659603 666821 466058 398271 308864 141914 318982 554217 696107 299237 712859 701461 732265 701299 748233 436643 497396 759399 174830 322043 471900 630185 336895 157676 585237 384492 441111 69732 729380 458885 501956 358321 481721 343587 571686 214528 450182 688350 768645 713048 509474 671648 530921 821183 125319 761944 261461 502952 101406 217301 415745 599999 643907 412662 729419
157954 589826 200503 648340 250109 755475 432431 582515 585381 704147 163918 76216 276894 230821 251595 237475 172168 655300 210879 122227 668777 639439 451930 764202 546331 457383 241559 271687 484006 574611 265471 198959 662397 536814 999999999 125989 443088 498735 454647 299199 459526 316942 371390 701638 441453 292164 289080 83781 649429 704022 671486 750695 462027 175953 259006 391175 166097 534957 358657 318589 701719 170649 316420 687487 367099 439278 478025 256538 383071 239185 316574 387600 574519 336430 458112 331893 581501 741600 286874 278755 674940 644310 174881 350189 280798 94444 505791 280646 359179 643226 256389 340991 218125 461961 486586 800162 569634 422061 704270 305439
268340 708199 325482 774329 252402 833692 345930 708205 640978 829072 286795 52243 356119 159569 141053 125864 255105 752790 293264 42858 767928 761874 412170 888806 658407 568801 330334 160751 608434 561427 391427 305995 788084 645989 125989 999999999 406709 619946 451889 184485 584295 428921 317527 826774 548186 358615 215411 209689 775077 828764 775341 830011 571064 51184 353060 320201 73276 485810 285138 349285 751055 192346 339478 803619 428608 457172 451476 382325 489007 326492 364081 507240 689081 245308 577442 443256 707242 866719 412818 251351 763809 684206 171946 246528 317951 210367 470424 385279 362241 757911 238980 423751 227182 563121 611267 867274 564395 511792 758854 341983
588398 961893 579636 926458 657920 653643 189820 846059 419168 933445 565580 405341 719421 554807 494004 325507 362161 668792 360609 449323 689140 983406 14046 1076361 670993 861343 682170 311701 734183 171224 609305 434063 916589 644420 443088 406709 999999999 706774 121962 320932 719850 729397 99253 1009116 560061 735019 205659 480204 948923 929598 719040 654781 871256 415550 405631 137182 472379 99700 159829 748705 484997 280628 741571 817930 322458 189984 53847 585579 517612 680355 267536 769845 711240 224071 835210 744451 884437 1046496 626445 164420 638917 401883 576176 266520 713849 526938 63887 707759 768689 768816 645635 392027 234672 543342 740524 641887 188818 857834 508032 738643
431102 379603 332675 230905 663737 471480 815379 150719 477680 228134 375633 567705 518910 716225 750090 702820 397498 292642 374756 620895 291160 346910 720710 390881 122059 398366 485283 730480 66479 724587 263179 324422 211379 144181 498735 619946 706774 999999999 623426 760325 82488 380985 702597 326263 161439 559561 687199 418129 266786 225114 262897 462297 418493 671127 313310 751213 663961 801599 733484 655152 573418 507126 669047 202109 393484 554863 702626 256850 190059 489730 439257 311743 115858 749822 320050 383973 218632 358044 247640 604061 357669 577630 626098 783737 623178 448045 744154 424041 732761 169575 691949 316174 525720 197494 73410 559916 696254 518843 551568 636244
581204 912604 552016 850046 692104 531865 308115 768824 297326 845731 547116 436462 720883 609467 561928 399364 331284 554732 316686 491988 575304 923795 133591 1005039 573181 828401 680359 394425 658812 123055 567856 390686 834804 544987 454647 451889 121962 623426 999999999 410213 647702 705336 197998 938048 468487 742517 285892 470815 877316 841214 607620 533131 840662 473129 345080 248434 523457 189985 262058 772235 365766 284091 768358 715428 230002 74192 88020 542135 433724 679510 196050 730973 613653 322518 791754 719823 815784 973839 582228 203153 520729 283501 610313 368213 735009 525045 128075 692866 804041 667080 686434 308543 237179 445890 665704 520643 115068 845954 387508 759761
451127 888716 498031 936637 407360 885485 188632 865619 666398 980339 463061 224391 538336 272056 191840 61792 365330 840273 394987 217547 857938 938163 320222 1060355 776520 752290 514320 29853 759739 491886 558313 435905 944846 758685 299199 184485 320932 760325 410213 999999999 737472 612011 221925 996560 660149 537378 124937 378155 942333 979070 873906 883746 755055 153729 460271 193708 211596 370416 163055 512673 760782 261324 499051 927413 482098 445021 374122 544847 602619 510340 408575 686679 811658 100041 757170 626547 874065 1036482 579634 224434 835888 683378 336636 73684 486507 390743 377303 569551 506333 879203 382098 507417 263356 664677 763644 899881 506220 695010 776220 508909
371341 307458 276360 207724 601436 549548 811007 129967 535425 244790 320279 532427 446137 666140 707698 677834 385005 373312 369642 580038 372751 287796 733499 357606 202630 315994 415053 707728 26184 756131 204474 307698 207796 221623 459526 584295 719850 82488 647702 737472 999999999 303555 704219 290476 212623 486749 676240 376261 229832 244508 345341 540557 336092 635046 315262 749432 621186 817420 728436 584581 637803 494955 599575 275218 421293 583394 721813 205217 220664 419801 455553 229944 198264 737760 238247 305366 168821 326991 185736 601864 436151 634296 570813 768095 554326 397232 762715 349702 663674 248343 631878 340184 520348 254138 27149 635840 730246 437405 618195 565784
160885 283269 153392 415104 335326 805823 747541 377866 718373 505310 164407 388321 151089 442148 509913 551105 374402 648707 390453 403956 653247 349453 740522 488183 487060 140540 133279 585958 327979 827957 161150 319590 448806 496141 316942 428921 729397 380985 705336 612011 303555 999999999 674106 434978 438100 190026 603154 253289 396307 508520 634374 798052 145512 470323 381865 701659 431308 827329 670922 291434 835636 450671 309146 578765 529385 664120 753005 186622 403534 138822 519567 97995 493982 653059 158989 15216 337012 473032 160390 572362 698925 804850 335576 666754 267401 222686 787519 56614 372769 550387 372103 459880 494998 478396 325220 879271 813082 156320 825469 273455
524423 922593 530191 911911 569928 713741 122921 833343 482467 930722 509900 323381 647666 459988 396137 227501 325783 705685 334906 360383 725340 952580 100048 1055365 683889 810555 612944 212519 721401 269962 569638 402818 907647 659861 371390 317527 99253 702597 197998 221925 704219 674106 999999999 988486 568271 659570 107995 420977 929430 927666 750533 713742 818637 321152 390634 55733 379580 168391 64226 664751 561936 225927 656149 834682 343466 249429 152198 548176 519005 610565 275617 724809 723131 126852 792766 689316 862912 1027045 588538 105065 685094 480613 489103 171332 631380 461095 158754 646524 679363 785164 555015 399034 187966 558808 727087 712509 285104 792634 581823 655952
572362 199692 501309 99571 770153 757581 1090124 175701 801784 187588 540773 777810 580442 871764 931284 935099 664119 574140 653975 812394 564275 109047 1022653 67249 425388 339799 568183 967567 279936 1045118 438247 586348 143008 454643 701638 826774 1009116 326263 938048 996560 290476 434978 988486 999999999 487317 615170 950762 619445 60763 195663 522458 747816 354510 874751 603575 1031081 847436 1107185 1007711 715497 891224 771541 735225 383341 710661 872973 1012172 452753 507623 573733 745915 337924 395761 1010315 279262 426135 125592 39965 416934 884547 647348 901839 766557 1036188 697456 619742 1052985 491505 796212 396382 807081 630032 801865 523615 272794 852379 1018304 487555 866621 699137
427621 518261 333065 392325 652602 367723 686643 312057 322803 377337 367390 497850 548110 671673 687239 607926 298439 222285 265505 559772 232416 499399 574105 552260 117368 499688 507737 630926 212858 565219 283074 243463 370156 98853 441453 548186 560061 161439 468487 660149 212623 438100 568271 487317 999999999 586777 570137 373948 427419 372741 230319 359983 518375 598065 200405 620217 605023 651568 607048 670208 426909 398952 679809 269414 239458 397828 550701 262901 59189 510901 294960 399650 155304 632879 431556 446240 375107 519473 278677 476938 262461 421790 597881 671432 633694 420865 592371 465305 740070 220315 673505 169666 406008 43107 220575 443500 536094 591918 409097 651648
173723 441010 255083 603537 169385 948390 703958 567848 824515 695324 228558 337912 40665 306035 389075 482996 426014 806872 455928 320644 814229 520321 743583 662842 655394 284109 79148 517111 512145 864100 306926 402472 638567 659603 292164 358615 735019 559561 742517 537378 486749 190026 659570 615170 586777 999999999 567572 277088 581537 698546 801054 941556 275798 383826 473898 672671 329339 825499 638393 101693 943846 460790 120403 760681 614472 718652 770060 324341 541126 76415 582588 285766 667991 603580 336062 194321 525052 651536 316896 570602 848459 899286 207101 604088 83767 219124 797894 137633 183172 728649 208634 561249 508614 622502 510202 1012159 856769 169604 939416 84309
446668 865618 468894 881635 466799 767710 144582 806167 544725 913018 442023 229859 559535 352471 288419 119851 291542 734702 312617 257900 753222 904315 207744 1016592 687505 742611 527875 108906 696179 373791 518326 368542 883498 666821 289080 215411 205659 687199 285892 124937 676240 603154 107995 950762 570137 567572 999999999 352024 893592 910860 772852 766469 748666 214150 375958 105323 273469 273130 70824 564660 636654 181329 554820 839545 371099 320516 256804 500084 515349 524928 297549 664202 724773 62913 733963 618299 825738 990194 538682 104387 724506 558721 387221 103203 532810 382807 266623 569555 574853 790427 449880 407885 164173 568814 701028 778103 385340 709847 652804 557037
110436 515302 120087 564722 285751 707026 496597 498751 556571 620706 90059 159043 251433 301246 332447 316428 149047 592979 180835 203935 605026 560438 490676 682619 473070 391283 209949 349704 400955 593595 182123 141547 578633 466058 83781 209689 480204 418129 470815 378155 376261 253289 420977 619445 373948 277088 352024 999999999 566548 620680 604004 701468 398339 259725 211026 448724 246070 576733 418553 329335 675328 199650 332624 610325 341429 442389 508115 172767 317411 209435 305567 313095 499039 405066 383334 268505 498492 659408 203554 320194 619189 625743 224386 423894 290324 59443 540278 227566 385315 567339 302107 298523 245844 399053 403363 759506 583649 378337 674018 313089
525592 196652 449881 51082 731148 707237 1032171 117053 743484 159243 490554 725417 545115 826811 883356 881087 605733 523214 594682 762400 514509 116189 962492 127776 369584 316642 529306 913149 219203 984384 384583 527875 103038 398271 649429 775077 948923 266786 877316 942333 229832 396307 929430 60763 427419 581537 893592 566548 999999999 166545 474056 697525 333487 823719 543510 972583 798676 1046854 949674 682860 834823 713766 701940 341007 649902 812212 951615 397601 446934 534820 685352 298317 341912 953583 247110 388950 68280 97714 363163 825756 595736 843535 722688 980334 662337 570100 992471 452849 764155 348672 767210 569271 743232 464278 212042 801256 957632 465862 810863 665841
607793 360576 517080 118212 831641 578336 1040341 131107 657352 8185 560854 776846 659318 907123 951550 920178 619922 399224 599013 824314 386274 282681 943591 236407 278255 460445 635368 949241 220462 935881 445416 544751 67169 308864 704022 828764 929598 225114 841214 979070 244508 508520 927666 195663 372741 698546 910860 620680 166545 999999999 341893 568533 479279 879544 538285 976309 865078 1023033 958334 799849 732912 730067 817143 194544 611789 770411 922837 448890 412033 640603 662233 414766 240469 973256 382152 505023 187341 205111 425291 829086 473103 755828 808788 1006001 774108 639323 964492 562395 881036 218356 864596 537674 750308 398782 217499 674345 905501 606851 705291 781709
651098 629296 553478 424932 879886 236583 873076 366900 354297 349639 591195 725872 761086 901910 915377 825618 521853 62977 485861 788855 45646 578757 732677 574120 147320 661255 723200 845565 327811 673475 494258 472912 379873 141914 671486 775341 719040 262897 607620 873906 345341 634374 750533 522458 230319 801054 772852 604004 474056 341893 999999999 226776 681388 824450 422953 805499 834194 797559 798691 890127 404686 614047 901312 150476 407334 533585 695538 478789 288418 726940 478195 573067 147991 834062 582556 639334 450589 541249 484537 672487 133783 443901 827513 875966 854961 649447 735526 671189 963049 126102 902170 366622 612201 212434 333857 332485 638997 778783 374174 871307
775306 840815 686476 649406 987218 9807 834078 586484 236041 576321 715993 787184 904012 976756 969804 847223 581015 174460 541696 853897 183594 798029 666706 800647 340634 850969 862456 858808 528642 559303 642147 559972 605802 318982 750695 830011 654781 462297 533131 883746 540557 798052 713742 747816 359983 941556 766469 701468 697525 568533 226776 999999999 870441 873537 492819 769005 898201 711742 772235 1019049 219787 644188 1026454 375481 405613 467062 617138 620641 400577 865175 477240 754467 358855 821126 777020 806004 668334 767660 638577 662162 104630 287609 922027 866810 981214 756227 651513 824426 1083682 352331 1002107 410040 625455 320682 535696 105930 523449 951312 186079 1000997
304860 166603 291713 367779 442685 879022 893046 359638 823320 474046 308789 532328 248514 567145 641590 694604 512263 707809 524001 543559 708294 251401 882711 394206 537881 20274 252536 729568 354259 962335 276307 450481 413041 554217 462027 571064 871256 418493 840662 755055 336092 145512 818637 354510 518375 275798 748666 398339 333487 479279 681388 870441 999999999 610296 505783 846971 567295 969808 816370 370773 936929 594224 391580 595495 650800 794721 892645 303021 496946 257674 650099 120081 533898 798353 101697 130379 292215 387429 266176 716193 767190 915222 461050 811290 359488 367617 928210 186180 449149 578065 481672 575570 637622 561172 348753 960430 945343 133124 922956 356269
311066 751620 373843 823890 258129 876927 330770 758467 678854 879788 334063 103422 386055 139262 96766 104139 303117 800692 340606 66765 816144 807688 419392 936223 708912 609136 364302 135751 659285 576979 440870 356503 838350 696107 175953 51184 415550 671127 473129 153729 635046 470323 321152 874751 598065 383826 214150 259725 823719 879544 824450 873537 610296 999999999 401670 314873 60759 487240 279817 361326 786483 230960 348905 854526 469865 485475 463471 432490 538876 360037 402783 551854 739862 230996 621685 484287 756059 914663 462209 270038 809813 717123 183793 222910 333680 256039 478314 424117 362797 808679 237386 469823 260073 612075 662048 907426 582955 543292 795809 356542
300325 567596 233781 522785 495871 497958 502074 443378 350617 541026 247204 304762 441416 488327 493748 407532 98956 400058 65284 369576 414922 580569 419117 670809 316262 491633 398093 430905 331266 462649 229478 71669 517040 299237 259006 353060 405631 313310 345080 460271 315262 381865 390634 603575 200405 473898 375958 211026 543510 538285 422953 492819 505783 401670 999999999 438171 414878 504128 420199 537826 469947 199720 542478 467275 147601 291151 411663 202802 142366 399376 149121 391006 351604 438848 448557 394946 478807 641165 241081 290807 416074 428357 429210 475127 499010 268524 451624 384394 596270 418942 509449 88084 212902 210519 337178 548483 442543 534265 466106 520816
547660 957529 562243 956814 570506 768903 67577 879053 537045 979145 538631 334797 663967 450675 379485 213850 366965 761098 379881 362420 780697 991242 132808 1097676 736388 839972 631510 191452 767458 306505 606228 444749 954335 712859 391175 320201 137182 751213 248434 193708 749432 701659 55733 1031081 620217 672671 105323 448724 972583 976309 805499 769005 846971 314873 438171 999999999 375213 177128 35187 669460 613917 261588 659245 887593 398231 303687 190731 585974 569737 628714 329340 757745 775358 93669 826672 716862 905517 1069982 625788 147677 740825 531917 491658 131461 637932 483799 186424 670524 677388 838081 552070 451572 229411 612066 772916 766175 325904 813022 634657 662093
