NAME : synthetic_000522
TYPE : CTSP-D
DIMENSION : 100
GROUPS : 8
RELAXATION_LEVEL : 1
EDGE_WEIGHT_TYPE : EXPLICIT
EDGE_WEIGHT_FORMAT : FULL_MATRIX
EDGE_WEIGHT_SECTION
999999999 884295 245102 559094 708882 646307 227744 915427 708954 662355 429113 687155 934075 477647 374580 693395 420124 324714 214318 1018551 812327 905065 653433 514526 633708 199446 277464 673552 91893 167736 357588 252119 454658 1080022 747763 564641 670964 774553 787053 618599 517580 460327 380878 557091 891487 894398 779893 944060 924702 816170 312367 846246 712470 322825 498505 510478 784160 604550 904991 841908 900069 666566 433883 684078 651296 424634 823498 483439 225127 813571 162647 508413 442059 98768 554572 673050 965654 883711 630549 213283 266959 261083 971819 206761 651253 796888 492776 254900 152271 489894 180432 541360 949918 901000 957712 675743 382297 326730 331789 532885
884295 999999999 639195 532602 570952 688537 691495 195989 206406 535097 488287 705148 61034 533427 617551 397151 967335 629927 671028 340845 131697 25426 598299 754669 532753 774250 913333 565617 855625 850446 534368 745892 907001 537083 235654 545665 427028 585423 227091 270587 427824 901766 850676 330381 400458 242472 259034 386271 571567 201046 910448 393535 373238 644472 729761 639422 392005 570563 26842 170016 193212 494151 1022631 498339 239269 459779 226250 402794 730604 453572 765499 376809 491271 881146 479218 424673 453464 263668 539108 879341 700458 734867 419368 679335 565525 100005 546342 900933 890571 843156 704352 540314 581703 18876 385296 348086 909745 611554 607026 351575
245102 639195 999999999 385296 545623 526810 114783 678272 467205 490405 206707 568667 689181 294435 225455 483807 480621 171002 36158 790481 570032 659991 501936 439661 461443 194871 361479 509112 229129 253796 121691 209320 470671 875983 512440 394635 468856 610607 552318 374569 296630 470235 386512 312819 679396 662019 549508 726806 743576 579420 378258 635027 499362 182953 413855 379992 575322 445431 659974 602843 663018 482502 519624 501082 407107 179584 589971 239140 166318 614884 157154 263746 226329 255767 360209 469279 758376 653181 458941 300287 176444 206439 757642 46785 489149 552452 319464 338876 282243 461594 66286 368179 768335 655905 740358 454499 423110 156250 159044 287866
559094 532602 385296 999999999 160417 185812 498423 453113 483203 105845 203614 219785 593635 566611 184535 642509 456718 521200 417777 824082 548966 558023 124241 222632 76666 579827 446543 753074 485700 439385 391572 321576 385421 525777 563377 655590 135279 225348 595896 319316 156838 847353 346196 369286 789675 410307 306263 812643 366340 603656 763507 755698 194088 538057 199188 690842 245994 67008 539263 604774 439300 108394 513537 125273 413441 328904 356010 349943 550890 773131 538232 303976 470889 614294 59954 646900 416263 697129 702071 681923 294010 310129 849340 389531 105031 434271 67471 722412 653349 826968 415287 631603 391534 551259 423384 585804 405861 239667 235242 320318
708882 570952 545623 160417 999999999 138359 658838 438566 576928 59035 359616 139632 629662 713804 337159 762123 530393 679352 577828 893950 621086 595256 62576 272797 85776 739984 557731 888063 629942 575192 547716 462023 448240 404102 658818 797430 153107 66018 685757 420895 295197 1006906 437146 493400 887215 385217 313807 901184 221051 686258 923752 858191 198347 696436 264371 840835 194640 104420 570053 679355 428081 89230 585215 77171 514989 478759 355732 489726 711304 885645 697771 438228 618896 769934 198178 770964 311202 778704 838602 841225 441930 451486 938003 548492 57867 482797 226515 882103 810762 984746 573667 774777 245833 588095 342454 702344 491512 397624 393453 448665
646307 688537 526810 185812 138359 999999999 641332 571352 664271 154626 377550 42115 748717 743998 301773 828321 405280 681253 553974 998068 722520 713530 91149 153246 156406 713460 454344 936373 559848 495340 559475 394255 321056 529463 745369 836166 261572 177385 776395 501246 342499 997032 325205 555096 972893 519537 438178 993489 334999 781734 895803 939897 318031 697022 155934 864545 329719 125191 690650 779742 559987 195216 458005 194247 596211 506795 483580 533479 691583 958715 666305 489224 648455 720160 244694 832546 445342 875271 884959 805514 387276 385742 1030314 517791 123364 594898 227039 848605 766317 984918 539171 811503 357495 706467 480312 771515 373701 370607 367771 506082
227744 691495 114783 498423 658838 641332 999999999 756325 501231 602894 310734 683243 735656 250428 339686 465922 559429 98249 89275 794400 604342 709827 616285 549297 574110 89389 427142 452988 255696 307463 159817 301138 562059 977249 530239 341047 574604 723420 568560 442117 397709 355993 477800 361760 663916 746334 637413 717003 852761 599381 267276 618659 600043 99864 524470 301026 676997 559532 714587 627717 741408 592991 591266 611608 452536 244684 673926 291980 52764 586162 75428 332112 219162 192637 469984 445312 859018 661413 407322 199770 277878 301418 744341 130808 602780 613814 433279 233455 199495 351263 120575 316645 877286 706677 835912 450712 505939 270735 273676 351159
915427 195989 678272 453113 438566 571352 756325 999999999 350318 418854 488426 578171 235297 654338 588767 564812 909462 716508 713642 531825 314040 210843 480974 669830 426378 844755 883994 730945 868268 845886 597425 730754 838249 341485 407111 690017 322652 435298 409401 316534 405198 1021217 797022 410246 594783 56342 148198 582256 389050 388957 1003066 584700 261755 733176 649557 774654 244220 470049 178757 362037 15375 380540 966244 377988 344393 511653 98454 469125 802915 640363 824550 424326 589432 933162 414199 588793 259930 459083 696923 954613 689677 718915 615285 709995 450597 179253 489612 983256 953184 970788 737507 679026 395851 204715 190288 508344 857052 605063 599973 407117
708954 206406 467205 483203 576928 664271 501231 350318 999999999 526350 364106 691583 239033 327055 505407 217631 861832 430823 495040 350624 103527 218819 582924 688211 513033 579427 783473 381138 693849 702125 351554 611443 814873 674375 81911 344109 424227 612759 112776 163924 338352 695482 746191 158548 310462 374101 320920 329495 651712 125378 706726 281824 391581 444287 660100 434993 444809 539082 232730 139222 340029 488608 913708 499827 73009 291919 320093 230004 535734 317209 576504 226903 290717 693591 423329 239533 569999 216549 346703 681159 564969 601782 366246 511422 551212 171067 470783 700100 697596 637676 533484 336448 668357 217487 513109 158822 801569 479051 475448 199666
662355 535097 490405 105845 59035 154626 602894 418854 526350 999999999 301252 170692 594969 654842 288215 706790 515854 621211 523252 850615 576039 559939 63534 261362 29184 685142 528657 830365 586327 535546 489148 419731 436788 431859 608226 738875 108532 120709 636576 367584 236281 949363 414905 436640 836794 368552 283569 852973 262389 638855 868659 806570 163430 638370 247053 781805 182202 64864 536517 633972 406989 40948 571934 41164 462372 419731 329324 431109 655500 831906 643950 380018 559887 719675 139256 714852 329098 731912 780666 787687 395903 408714 889843 495370 31762 443068 173222 828045 759109 926392 521123 716093 287601 552842 348804 647464 471977 345408 341022 391163
429113 488287 206707 203614 359616 377550 310734 488426 364106 301252 999999999 416088 545346 366451 141659 473324 497728 320048 242618 714066 454873 512068 327760 346535 273879 397771 426691 562768 380188 364388 188292 257650 452982 669340 433420 459450 263894 421393 471524 220325 90382 649104 382215 214160 644447 465373 350781 678411 542853 489177 577882 605163 292679 337292 317357 488334 368651 270128 504328 501716 473054 285726 549843 304245 291754 129710 394838 166914 363319 609047 363623 140323 270921 459067 163067 471680 551673 577694 510781 505796 212196 246725 713649 228180 307464 391495 150512 542793 488659 625155 256221 434435 567186 506655 534732 423351 437503 123325 118749 166150
687155 705148 568667 219785 139632 42115 683243 578171 691583 170692 416088 999999999 764698 782410 343769 861065 431478 722253 595991 1020708 745680 729847 109312 186858 178989 755565 489105 972547 600147 534635 599455 435257 346733 510610 773113 873620 279214 162962 803063 529706 376436 1038858 358336 587949 1001278 524823 450703 1020020 313319 806963 937918 969278 332189 738129 193323 903883 334257 155347 705761 803376 567591 211502 482445 206927 624896 544816 494129 569392 733579 990194 708420 523723 686741 761782 277016 866219 433601 900322 921367 847565 429097 426934 1056887 559892 141959 613737 265814 890681 808143 1026278 581285 849192 334473 722726 473998 803517 404001 412508 409623 539516
934075 61034 689181 593635 629662 748717 735656 235297 239033 594969 545346 764698 999999999 563066 676435 406326 1027361 669216 720070 296821 145438 35612 658285 815694 593158 816338 971304 573025 908626 905869 580753 802965 967596 570643 248952 565106 487147 642023 230723 325996 487358 927953 910622 377460 379286 286882 316515 356596 620195 199274 945542 379154 432548 682994 790755 661683 447678 631276 60709 163368 235761 554040 1082507 557785 283938 509628 280455 450868 772606 444357 810357 429063 529341 926795 540194 435531 495223 241342 551536 919474 757262 792071 387180 730472 625571 160569 607014 939042 933771 866593 754863 562489 628857 42454 425287 363700 969544 668377 663940 403033
477647 533427 294435 566611 713804 743998 250428 654338 327055 654842 366451 782410 563066 999999999 472547 221760 774297 152974 299743 559601 418964 545444 690360 697013 630211 298388 655134 214997 501489 542633 196015 501428 758592 941210 324123 101012 586784 769966 356860 354118 418627 369636 675638 254210 417349 662976 574749 472963 863697 390959 387370 372168 586848 156816 668507 129831 660527 633617 559632 424848 641436 630240 814052 647418 310604 237835 595547 227247 259616 335930 317725 282117 95753 427392 516986 197915 825800 434439 164506 381077 463499 497062 498089 337716 666766 482666 516959 390432 413913 316451 344628 74347 885535 544387 783817 221624 715979 410776 410620 281102
374580 617551 225455 184535 337159 301773 339686 588767 505407 288215 141659 343769 676435 472547 999999999 607415 356823 386090 252232 855623 594240 642122 285905 224756 259379 412534 298109 680874 302463 262747 277440 144404 311749 708184 575043 571444 303506 403173 613183 356332 190924 695591 240798 355385 783958 555933 442288 819289 550334 630618 595739 743832 352532 400809 196639 582221 418231 232982 631159 642396 573720 292353 409808 309662 432796 253045 490857 302427 389812 743803 366651 281744 381596 432808 187286 602941 596051 719351 628591 508266 110526 132483 854293 217050 279294 518423 118891 550450 474472 685916 240025 545200 575549 636268 595449 560444 296971 69372 67171 307790
693395 397151 483807 642509 762123 828321 465922 564812 217631 706790 473324 861065 406326 221760 607415 999999999 945382 371607 498799 339650 265938 400211 756528 819642 688385 519990 840776 168500 706828 737570 364953 674855 915260 892003 161606 174300 614260 806186 175897 343561 486030 543247 836956 273235 198155 591344 535407 251666 861810 209048 596278 152981 592076 377529 790481 273836 652890 705724 423676 246004 555434 672979 990993 686877 255204 355270 537455 306508 480477 136443 536718 341301 257917 648513 584122 30719 786907 223204 146095 600874 631404 667956 278430 530327 727198 386525 611722 606663 635608 475454 543587 182351 879766 401744 730719 61436 885030 559592 557689 322436
420124 967335 480621 456718 530393 405280 559429 909462 861832 515854 497728 431478 1027361 774297 356823 945382 999999999 645416 482137 1211484 950924 992388 468834 257596 497653 585755 142822 989275 334762 262060 585909 273295 84772 932765 929655 874944 590528 580933 968345 712281 540460 873351 116888 709234 1131194 866940 761862 1170233 740162 986832 731149 1089291 650470 653621 268818 856296 693869 453093 978631 999182 895436 544855 56822 554649 789417 593254 811779 649851 589713 1080970 535103 636476 697416 518332 497496 936103 840896 1074535 938581 631246 314492 278745 1204382 440378 488284 867381 424307 674083 572079 892181 441001 848393 762774 986196 864657 904510 60714 388672 391355 663129
324714 629927 171002 521200 679352 681253 98249 716508 430823 621211 320048 722253 669216 152974 386090 371607 645416 999999999 163324 704725 531828 646149 643969 606936 593575 152350 517873 355568 352901 400586 134820 378241 640496 965158 449551 242996 576105 741441 486400 400221 396927 330365 556122 308429 568917 713486 610735 623247 858036 518674 286579 523654 591941 17760 580186 210946 669079 586182 654435 549251 702163 605087 680546 623483 391739 218555 641885 248155 110246 488897 165232 298050 140173 277809 483010 349635 846947 574393 309274 250337 347380 376323 649561 205666 626057 560944 460824 271233 271102 305794 205194 218427 881741 643734 816227 361437 589646 317560 319133 310838
214318 671028 36158 417777 577828 553974 89275 713642 495040 523252 242618 595991 720070 299743 252232 498799 482137 163324 999999999 812320 598290 691432 532689 460033 494192 162223 356608 512427 208473 242941 144735 216236 478525 911758 536829 398059 504174 643105 576499 408220 332657 444548 394082 342851 695861 697870 585515 744949 777846 604562 346106 651108 535297 172375 435206 374267 611138 476693 692229 629166 698410 516453 518050 534998 437012 211352 625767 269250 137672 627342 121928 297003 241078 219899 394602 482442 794234 675762 463486 265579 189633 215318 774909 43106 520984 585603 351347 304964 246152 440376 45162 372034 802674 687503 776488 473173 426360 184073 187420 320424
1018551 340845 790481 824082 893950 998068 794400 531825 350624 850615 714066 1020708 296821 559601 855623 339650 1211484 704725 812320 999999999 275638 322069 911512 1035887 842479 855819 1127487 456193 1019438 1037962 668964 955692 1165496 866298 283154 509010 742820 916703 243684 509775 686741 868829 1096278 502993 172970 581971 592342 114824 912367 225249 934651 207765 696587 712584 1008226 605589 727260 874217 353737 219331 531435 810387 1262672 817985 423599 628655 565253 567760 814850 275722 867899 575077 576551 982481 765157 367264 791680 138266 463046 940155 909511 946664 123057 836922 878758 413199 818475 946291 972944 797132 855029 520658 922506 328670 722012 343764 1151040 825895 822602 548355
812327 131697 570032 548966 621086 722520 604342 314040 103527 576039 454873 745680 145438 418964 594240 265938 950924 531828 598290 275638 999999999 134598 636401 763150 567155 681550 879060 434262 795794 801709 455032 707477 899559 653522 105145 420049 468879 647876 96383 239710 416306 782622 834438 258962 286217 351311 330841 285720 661929 75704 803558 271652 425593 544704 735960 516288 464471 598580 157956 58392 307577 536132 1004006 544516 166557 393352 314191 331786 637925 326464 679679 322829 391701 796822 490405 293993 559911 159962 409230 781949 661014 697415 321802 613852 603731 151915 546448 799445 799997 721166 636317 417074 675440 135854 495872 219408 891208 573687 569796 295448
905065 25426 659991 558023 595256 713530 709827 210843 218819 559939 512068 729847 35612 545444 642122 400211 992388 646149 691432 322069 134598 999999999 623197 780095 557848 791735 937543 568263 877749 873588 553571 769716 932277 550198 239739 553358 451981 608765 226969 293544 452652 912584 875694 349691 390945 259913 282679 373285 591333 198384 925024 386776 397798 660376 755180 648414 414869 595809 32128 164894 209578 518998 1047624 522978 257299 480432 248283 422628 748034 449091 784156 398453 506857 900171 504632 428515 470092 253142 543827 896034 724164 758745 405447 700634 590450 125221 571644 916778 908563 852787 725392 549160 600820 7176 401047 353731 934705 635257 630766 372847
653433 598299 501936 124241 62576 91149 616285 480974 582924 63534 327760 109312 658285 690360 285905 756528 468834 643969 532689 911512 636401 623197 999999999 211393 69902 694783 495433 873660 572576 515788 515437 404354 387297 466619 664586 778202 171338 123439 694130 421798 275916 968205 374589 484165 892947 429796 347035 910998 282538 697726 878651 861520 226962 660630 201975 815007 241093 57824 599954 694071 469393 104313 523984 103248 516983 452855 392498 471272 668241 884105 650827 422924 594701 717908 175402 762944 372103 791056 823118 793463 386994 394158 947870 500982 32907 505615 183805 835133 760335 949735 525163 754539 307075 616112 399718 698179 429155 349797 345986 436796
514526 754669 439661 222632 272797 153246 549297 669830 688211 261362 346535 186858 815694 697013 224756 819642 257596 606936 460033 1035887 763150 780095 211393 999999999 246397 610229 302246 903589 424536 354738 502190 268170 176061 675656 765053 795372 347178 324661 800422 526193 349860 902656 172023 553966 985147 623264 525540 1014326 484971 812155 787025 947653 408075 620705 29179 806571 442497 201591 761791 817083 656688 293802 312591 301459 615844 471438 574658 513429 595445 955000 560072 481178 605115 596681 276002 818181 583491 904649 851299 691825 274878 262273 1050460 419227 232374 655794 217526 735942 646171 900254 435613 769270 508222 773388 609306 768364 221298 290399 289492 503834
633708 532753 461443 76666 85776 156406 574110 426378 513033 29184 273879 178989 593158 630211 259379 688385 497653 593575 494192 842479 567155 557848 69902 246397 999999999 656133 504871 808705 558262 508476 462045 392117 420225 457444 594712 715583 106929 149315 624235 352146 212349 921268 394004 416802 823103 377984 286557 841121 291000 627977 839701 791840 166248 610663 229650 756559 196564 44874 535630 624688 413877 47460 554074 57891 447299 394156 333989 407872 626683 815114 614821 357833 534968 690569 113355 695503 352370 721352 758625 758543 367478 380997 877992 466195 38827 438551 144040 798944 729933 898983 491939 692471 316217 550818 368163 629642 451912 316232 311841 370278
199446 774250 194871 579827 739984 713460 89389 844755 579427 685142 397771 755565 816338 298388 412534 519990 585755 152350 162223 855819 681550 791735 694783 610229 656133 999999999 446170 479448 257870 324412 247414 348820 600560 1065729 601565 374842 661540 805175 638640 529691 485773 294927 518068 446267 715478 835460 726772 771350 938065 670745 183894 670371 688462 143250 587304 312544 765256 638898 797928 700910 829900 677269 610326 695860 534986 333365 763066 378356 43733 630335 51732 420429 290546 129942 554737 496196 947587 726455 439432 110408 335351 351818 796217 195681 683197 699359 513540 145034 118909 306513 175339 353662 962750 788893 925141 513188 537340 345482 349057 438631
277464 913333 361479 446543 557731 454344 427142 883994 783473 528657 426691 489105 971304 655134 298109 840776 142822 517873 356608 1127487 879060 937543 495433 302246 504871 446170 999999999 868850 192277 121885 476059 172073 185792 959681 844372 754382 580672 617054 884041 647014 488830 731288 132639 625981 1032646 847951 736293 1076008 777591 906033 588343 989281 636529 524342 299335 727353 692517 463837 927927 922636 869152 548983 164740 562504 713323 499392 785623 559769 453174 974152 396320 556894 585951 375536 472292 828398 857226 989298 819453 488461 218516 181736 1108705 317420 506509 814962 396689 531262 429290 751971 312940 728193 801828 931906 869552 805427 109641 305430 309429 584278
673552 565617 509112 753074 888063 936373 452988 730945 381138 830365 562768 972547 573025 214997 680874 168500 989275 355568 512427 456193 434262 568263 873660 903589 808705 479448 868850 999999999 708423 754414 408369 716419 972858 1052877 330104 114522 747450 938055 342363 483910 597762 415994 890220 396370 285761 754823 690687 346898 1009064 374139 503585 248487 733737 353384 874687 173043 800051 819175 592108 410775 721011 800388 1028674 815956 406123 433721 697547 403164 448555 183033 510910 450928 299512 608022 698278 142319 944713 368297 52297 534376 678186 711986 359121 551635 846893 551902 711253 528251 582014 342911 556768 140935 1028468 569957 891516 222602 930971 622071 621499 439419
91893 855625 229129 485700 629942 559848 255696 868268 693849 586327 380188 600147 908626 501489 302463 706828 334762 352901 208473 1019438 795794 877749 572576 424536 558262 257870 192277 708423 999999999 76339 350475 168236 364217 1010605 741440 595725 604836 695018 781353 585714 464191 539075 289206 536981 904189 842723 727690 953416 848373 808119 396846 859362 650587 355558 409647 554770 719284 526254 874531 830762 852907 594035 354187 610925 630705 402479 773477 464040 271100 833826 210458 479567 449418 185757 488020 689672 898363 882271 661963 296847 191987 178494 983349 183179 572862 763604 421267 340139 239324 561493 164599 570734 873540 873121 895399 681546 293251 265572 270746 505797
167736 850446 253796 439385 575192 495340 307463 845886 702125 535546 364388 534635 905869 542633 262747 737570 262060 400586 242941 1037962 801709 873588 515788 354738 508476 324412 121885 754414 76339 999999999 373718 118665 287975 964882 756405 640327 565410 639120 796401 580048 441058 611538 213155 543616 932665 816132 701575 979000 795587 820988 471883 888477 615279 405922 342093 608409 680089 473224 867598 840867 830638 547386 286502 563372 635207 411169 749087 473086 331559 868462 274438 479894 480087 261916 449845 722965 855404 899860 706039 371912 156274 130491 1010424 207508 519255 755141 378505 415530 315355 630496 198011 614512 820595 868500 857705 706805 217801 242224 247161 507035
357588 534368 121691 391572 547716 559475 159817 597425 351554 489148 188292 599455 580753 196015 277440 364953 585909 134820 144735 668964 455032 553571 515437 502190 462045 247414 476059 408369 350475 373718 999999999 312937 564931 832324 392162 296257 441303 608817 431886 282405 262196 465123 482955 203990 558993 589408 482834 605548 723264 459828 411920 514929 457773 152523 473952 306494 535005 457658 556832 484612 582612 471472 628989 489766 296815 87280 517145 132553 205537 498149 231823 173174 111520 346794 350234 352432 713980 531875 356513 357196 271907 307167 636738 168379 495732 454446 334507 386936 358971 437535 186201 269705 746938 550088 685630 333241 526416 214761 214645 191389
252119 745892 209320 321576 462023 394255 301138 730754 611443 419731 257650 435257 802965 501428 144404 674855 273295 378241 216236 955692 707477 769716 404354 268170 392117 348820 172073 716419 168236 118665 312937 999999999 262362 847342 672543 602257 446746 526924 712152 477479 327615 643680 177934 453913 864144 699452 585297 906097 681164 733974 520729 821322 496837 388325 249207 588665 561431 358694 761600 750627 715591 429837 316333 446150 541499 328326 633352 388156 340691 809692 297435 385002 424362 329013 331252 664336 737174 817559 665521 424307 46491 11931 939266 173181 405183 648639 259925 468561 378032 649256 180819 575652 706286 764287 739040 636822 214553 134718 139058 412400
454658 907001 470671 385421 448240 321056 562059 838249 814873 436788 452982 346733 967596 758592 311749 915260 84772 640496 478525 1165496 899559 932277 387297 176061 420225 600560 185792 972858 364217 287975 564931 262362 999999999 849425 886240 859589 516863 497306 924014 659862 484344 893743 84443 667044 1095247 793853 691684 1131038 656048 940251 758722 1054657 577429 650687 190622 850600 616787 375386 916756 950055 824579 467661 137221 476383 741922 560106 741418 613004 598333 1051632 548913 593288 675714 549891 430842 908532 759284 1030048 921239 658966 295577 264289 1166013 435512 408271 807060 360718 702877 603295 905811 441504 832922 678502 925872 785206 870581 76400 355962 357667 619024
1080022 537083 875983 525777 404102 529463 977249 341485 674375 431859 669340 510610 570643 941210 708184 892003 932765 965158 911758 866298 653522 550198 466619 675656 457444 1065729 959681 1052877 1010605 964882 832324 847342 849425 999999999 740614 995790 409995 352254 747328 587312 580120 1290822 841190 687035 936187 303005 367235 923148 198581 729013 1242049 925056 377268 982870 668443 1069106 300699 496329 518141 703228 346336 417532 986640 401572 648893 746639 355330 724909 1029008 978327 1032962 670741 860177 1124763 525590 913023 118391 800524 1013616 1174709 818619 835907 955636 893402 453193 508746 589339 1210600 1157329 1250965 921073 980400 180812 544503 161394 832537 895504 753782 748809 664291
747763 235654 512440 563377 658818 745369 530239 407111 81911 608226 433420 773113 248952 324123 575043 161606 929655 449551 536829 283154 105145 239739 664586 765053 594712 601565 844372 330104 741440 756405 392162 672543 886240 740614 999999999 316420 506062 694172 40011 244260 415731 681961 815101 220441 228568 437866 396305 249736 728811 69232 711330 200503 472480 460731 736650 413863 523469 620188 262262 100870 398721 570519 980284 581706 150135 345961 390251 284752 558547 240590 605457 293424 311842 722361 503431 189070 640343 145165 304092 697156 626358 663513 286242 558290 632959 231888 548150 711331 720468 618920 578024 315023 744662 240879 580310 114747 869083 543019 539806 267272
564641 545665 394635 655590 797430 836166 341047 690017 344109 738875 459450 873620 565106 101012 571444 174300 874944 242996 398059 509010 420049 553358 778202 795372 715583 374842 754382 114522 595725 640327 296257 602257 859589 995790 316420 999999999 663273 850832 340857 412073 503253 369654 776650 316219 351279 706191 628955 410707 934056 375393 426140 307742 656533 242287 766682 99750 727087 722371 572489 411881 678426 711583 914164 728055 348916 329746 643064 307782 340869 258342 402282 359729 190398 504646 603256 144181 883310 397482 66280 441342 564507 597994 430851 437123 753039 512192 609526 441704 483433 303596 442521 26667 954813 553615 835678 202032 816787 510827 510508 352899
670964 427028 468856 135279 153107 261572 574604 322652 424227 108532 263894 279214 487147 586784 303506 614260 590528 576105 504174 742820 468879 451981 171338 347178 106929 661540 580672 747450 604836 565410 441303 446746 516863 409995 506062 663273 999999999 191954 532673 271014 179328 906420 481221 351091 734320 276991 180071 748110 282024 533272 841647 705800 60897 593780 327251 716147 114736 148527 429177 527018 309572 67766 647330 75976 363811 361899 228238 359544 627139 735031 625976 305021 494744 714996 116845 624913 294697 625885 699480 768977 413640 434944 784936 483935 138514 334536 187334 806516 748637 876031 511464 642220 305636 444911 292344 553753 540721 344290 339265 310439
774553 585423 610607 225348 66018 177385 723420 435298 612759 120709 421393 162962 642023 769966 403173 806186 580933 741441 643105 916703 647876 608765 123439 324661 149315 805175 617054 938055 695018 639120 608817 526924 497306 352254 694172 850832 191954 999999999 718595 462794 352087 1069950 493322 541849 921347 379731 326502 931520 160855 716227 988843 894558 222839 758667 319935 898014 194928 170340 581525 706248 426647 139726 634494 122797 554810 537194 362449 544063 775982 925995 763327 491119 675797 835952 258594 816813 270644 807236 889466 906876 507637 516524 968140 614202 123879 503511 291999 947605 876727 1046295 639495 828868 184819 601595 312929 745605 545652 463461 459254 499305
787053 227091 552318 595896 685757 776395 568560 409401 112776 636576 471524 803063 230723 356860 613183 175897 968345 486400 576499 243684 96383 226969 694130 800422 624235 638640 884041 342363 781353 796401 431886 712152 924014 747328 40011 340857 532673 718595 999999999 276679 450652 709164 853520 259388 203043 444440 412763 217094 745759 34678 744173 181126 496000 497103 772188 439734 543027 651240 252797 71062 402322 598154 1019228 608588 184578 385869 402107 324561 595830 231139 643650 331890 349729 760383 536048 205570 650765 106203 321704 732824 665923 703056 253926 598217 662158 240423 583136 745877 757486 644412 617840 341950 760631 229243 588425 139733 907822 582232 578961 305442
618599 270587 374569 319316 420895 501246 442117 316534 163924 367584 220325 529706 325996 354118 356332 343561 712281 400221 408220 509775 239710 293544 421798 526193 352146 529691 647014 483910 585714 580048 282405 477479 659862 587312 244260 412073 271014 462794 276679 999999999 177153 711964 595569 99993 471724 314659 220640 493327 525276 286156 686682 439722 250271 417044 498458 481813 316580 376106 288839 291503 302054 331714 765943 344670 95201 198933 244359 152600 487346 464750 512556 111450 277817 624625 259420 355525 472716 379125 438751 639048 431562 466745 530031 412172 390738 178467 308717 666919 640678 666880 438168 394842 545026 288507 429761 282823 652931 342772 338431 91062
517580 427824 296630 156838 295197 342499 397709 405198 338352 236281 90382 376436 487358 418627 190924 486030 540460 396927 332657 686741 416306 452652 275916 349860 212349 485773 488830 597762 464191 441058 262196 327615 484344 580120 415731 503253 179328 352087 450652 177153 999999999 727288 423599 213004 638671 378598 263586 665367 461118 462465 663981 603056 202962 414575 321811 546071 279509 221792 440666 468656 389898 212620 595299 230356 266096 185503 309416 195645 449884 617586 453165 147390 323922 549441 100518 490076 462172 554803 547210 594589 285141 315948 701716 318399 249849 328235 132488 630752 578793 698268 346435 480131 484894 446627 444350 429979 482267 199884 194785 163629
460327 901766 470235 847353 1006906 997032 355993 1021217 695482 949363 649104 1038858 927953 369636 695591 543247 873351 330365 444548 868829 782622 912584 968205 902656 921268 294927 731288 415994 539075 611538 465123 643680 893743 1290822 681961 369654 906420 1069950 709164 711964 727288 999999999 812047 613273 701007 1025936 930091 762173 1188385 743826 156190 661663 920713 312743 878736 269955 997570 910780 928191 779903 1007854 934735 892459 953204 679300 546798 956297 566411 307454 598893 346524 620125 434147 362719 812144 512709 1173102 765724 406202 248298 628295 646439 775103 483842 952372 851913 784409 211376 311672 74187 467225 367278 1212051 911942 1138312 569479 828139 626479 629262 628093
380878 850676 386512 346196 437146 325205 477800 797022 746191 414905 382215 358336 910622 675638 240798 836956 116888 556122 394082 1096278 834438 875694 374589 172023 394004 518068 132639 890220 289206 213155 482955 177934 84443 841190 815101 776650 481221 493322 853520 595569 423599 812047 999999999 594886 1019826 756072 649006 1057424 654161 871363 679663 978542 540244 566255 173398 766344 588143 350518 862207 883114 782771 440334 172021 451791 673593 482658 698934 537562 514681 973106 466351 521689 594132 473583 383486 829192 743506 959721 838776 580330 212170 180073 1091945 351071 389721 750754 309285 624496 526457 822589 357227 749986 677886 869530 762137 793972 60074 277576 279767 548092
557091 330381 312819 369286 493400 555096 361760 410246 158548 436640 214160 587949 377460 254210 355385 273235 709234 308429 342851 502993 258962 349691 484165 553966 416802 446267 625981 396370 536981 543616 203990 453913 667044 687035 220441 316219 351091 541849 259388 99993 213004 613273 594886 999999999 431628 412663 320615 464285 617897 280080 594586 393688 340493 324540 525043 382350 410996 432642 353002 297579 396333 404976 759875 420108 94288 134514 343369 73693 402935 404758 435302 73907 179566 550766 310948 278787 571947 365472 348574 553573 407514 444514 499629 355650 455505 253404 341079 578551 561187 567130 378933 297544 638594 346132 529750 217076 648650 322936 319612 50250
891487 400458 679396 789675 887215 972893 663916 594783 310462 836794 644447 1001278 379286 417349 783958 198155 1131194 568917 695861 172970 286217 390945 892947 985147 823103 715478 1032646 285761 904189 932665 558993 864144 1095247 936187 228568 351279 734320 921347 203043 471724 638671 701007 1019826 431628 999999999 635910 614283 61174 946854 211133 776408 45271 698908 574042 956331 443420 745654 847800 421971 233171 590022 799040 1178830 810071 376682 537948 600263 482397 676939 103315 734147 505210 454790 844728 729753 219461 845676 138084 298420 791071 819489 856501 80744 726112 861422 437804 770160 792920 829377 628390 740413 366927 960984 395672 780596 227334 1070529 742738 740279 481521
894398 242472 662019 410307 385217 519537 746334 56342 374101 368552 465373 524823 286882 662976 555933 591344 866940 713486 697870 581971 351311 259913 429796 623264 377984 835460 847951 754823 842723 816132 589408 699452 793853 303005 437866 706191 276991 379731 444440 314659 378598 1025936 756072 412663 635910 999999999 115033 626982 334314 426980 999182 622955 216547 730580 604089 786699 190578 422265 228284 402783 51440 331357 923762 327446 357406 502440 72417 465373 794580 675353 812126 416820 592012 917761 375878 613606 211175 502285 718060 945789 659954 687541 660852 690962 400167 206009 451601 976343 940657 978635 718801 693331 342119 253377 144696 532899 815922 577689 572539 402658
779893 259034 549508 306263 313807 438178 637413 148198 320920 283569 350781 450703 316515 574749 442288 535407 761862 610735 585515 592342 330841 282679 347035 525540 286557 726772 736293 690687 727690 701575 482834 585297 691684 367235 396305 628955 180071 326502 412763 220640 263586 930091 649006 320615 614283 115033 999999999 616516 333017 403782 894455 593682 120502 628152 504170 702097 134968 328585 256496 388280 133780 243288 818604 244411 284607 395554 49933 364393 686741 636642 701390 312692 496622 805228 266005 553675 254698 490525 649290 837176 545333 573404 652447 577211 315051 180585 341425 869113 829618 886889 605130 613231 348381 275502 209160 474454 709056 462692 457544 302143
944060 386271 726806 812643 901184 993489 717003 582256 329495 852973 678411 1020020 356596 472963 819289 251666 1170233 623247 744949 114824 285720 373285 910998 1014326 841121 771350 1076008 346898 953416 979000 605548 906097 1131038 923148 249736 410707 748110 931520 217094 493327 665367 762173 1057424 464285 61174 626982 616516 999999999 946640 215313 836415 102965 708706 629144 985803 503886 750139 868332 405202 228409 579014 814182 1219061 824086 399830 578173 597745 520393 732101 164196 788293 538185 504450 900112 752738 275396 838046 126171 359126 849186 860830 897999 36875 773591 878919 436757 797714 851981 886215 689563 789080 425439 959401 378779 770982 272321 1109520 781618 778880 513216
924702 571567 743576 366340 221051 334999 852761 389050 651712 262389 542853 313319 620195 863697 550334 861810 740162 858036 777846 912367 661929 591333 282538 484971 291000 938065 777591 1009064 848373 795587 723264 681164 656048 198581 728811 934056 282024 160855 745759 525276 461118 1188385 654161 617897 946854 334314 333017 946640 999999999 735940 1120011 926699 277602 875691 480783 993507 209230 322551 560502 718336 385750 261759 792987 243381 606865 643602 349184 637185 905502 968627 899595 581898 773768 980240 383371 877394 150911 820476 963945 1043404 658283 670339 982023 753051 276334 510119 433568 1082450 1018085 1157761 779572 914699 25216 584498 216144 800389 706176 605183 600585 583302
816170 201046 579420 603656 686258 781734 599381 388957 125378 638855 489177 806963 199274 390959 630618 209048 986832 518674 604562 225249 75704 198384 697726 812155 627977 670745 906033 374139 808119 820988 459828 733974 940251 729013 69232 375393 533272 716227 34678 286156 462465 743826 871363 280080 211133 426980 403782 215313 735940 999999999 778322 196050 493402 529715 784247 474353 536249 656867 225861 36961 382873 599700 1038427 609232 198352 409849 389173 348046 627757 252770 674628 350922 381072 791562 544126 239059 635560 93570 355099 765886 687589 724594 252003 624950 665400 226697 594629 779473 789642 678973 645260 376624 749896 201287 571565 174411 926487 602672 599215 323941
312367 910448 378258 763507 923752 895803 267276 1003066 706726 868659 577882 937918 945542 387370 595739 596278 731149 286579 346106 934651 803558 925024 878651 787025 839701 183894 588343 503585 396846 471883 411920 520729 758722 1242049 711330 426140 841647 988843 744173 686682 663981 156190 679663 594586 776408 999182 894455 836415 1120011 778322 999999999 733507 865383 270104 765431 333841 942566 822792 935696 812136 988693 859920 746245 878532 674928 499092 927289 534329 214584 679365 229499 582604 420048 213600 737049 567680 1123675 817329 479087 100005 513287 525391 854960 378691 867043 846009 697363 57592 160423 207490 356634 414157 1144553 923183 1097372 607410 689679 529182 532823 596854
846246 393535 635027 755698 858191 939897 618659 584700 281824 806570 605163 969278 379154 372168 743832 152981 1089291 523654 651108 207765 271652 386776 861520 947653 791840 670371 989281 248487 859362 888477 514929 821322 1054657 925056 200503 307742 705800 894558 181126 439722 603056 661663 978542 393688 45271 622955 593682 102965 926699 196050 733507 999999999 672983 528825 918726 401303 722972 815054 416680 223604 578857 769522 1136470 781199 344542 496129 582990 441664 631735 72338 688882 466785 410033 799559 695906 174257 830907 141016 256986 746657 776911 813843 125943 681706 830377 420876 733785 749084 784489 589631 695733 322676 941717 390851 767467 184788 1028673 701164 698820 443840
712470 373238 499362 194088 198347 318031 600043 261755 391581 163430 292679 332189 432548 586848 352532 592076 650470 591941 535297 696587 425593 397798 226962 408075 166248 688462 636529 733737 650587 615279 457773 496837 577429 377268 472480 656533 60897 222839 496000 250271 202962 920713 540244 340493 698908 216547 120502 708706 277602 493402 865383 672983 999999999 609701 388047 716674 77286 208927 373594 483984 248705 122899 707289 125262 337529 373949 167803 361369 651917 707081 656088 305974 498366 750559 165960 605386 259218 584619 687663 797496 461225 484937 745345 518967 194745 284559 240434 833349 781299 885891 546882 637097 298865 390662 245302 530814 599946 386531 381394 305982
322825 644472 182953 538057 696436 697022 99864 733176 444287 638370 337292 738129 682994 156816 400809 377529 653621 17760 172375 712584 544704 660376 660630 620705 610663 143250 524342 353384 355558 405922 152523 388325 650687 982870 460731 242287 593780 758667 497103 417044 414575 312743 566255 324540 574042 730580 628152 629144 875691 529715 270104 528825 609701 999999999 594174 203082 686838 602866 669147 560810 718878 622492 687668 640904 406772 236287 659055 265208 102959 491931 161375 315461 153655 270984 500306 354582 864668 583417 308457 237283 358820 386854 654766 215230 642968 576615 477318 256463 261200 289124 212678 218590 899414 658071 833806 370021 598471 332001 333728 327924
498505 729761 413855 199188 264371 155934 524470 649557 660100 247053 317357 193323 790755 668507 196639 790481 268818 580186 435206 1008226 735960 755180 201975 29179 229650 587304 299335 874687 409647 342093 473952 249207 190622 668443 736650 766682 327251 319935 772188 498458 321811 878736 173398 525043 956331 604089 504170 985803 480783 784247 765431 918726 388047 594174 999999999 778776 426210 184848 737424 789595 636167 277066 324896 286124 587623 442356 553588 484252 571326 925864 537577 452167 576374 578219 250593 789002 573055 876598 822401 671113 252298 242447 1021893 394941 219632 630585 189756 715076 626911 875024 412235 740619 504565 748526 595853 739274 227182 263075 261984 474938
510478 639422 379992 690842 840835 864545 301026 774654 434993 781805 488334 903883 661683 129831 582221 273836 856296 210946 374267 605589 516288 648414 815007 806571 756559 312544 727353 173043 554770 608409 306494 588665 850600 1069106 413863 99750 716147 898014 439734 481813 546071 269955 766344 382350 443420 786699 702097 503886 993507 474353 333841 401303 716674 203082 778776 999999999 790236 757766 666148 510647 762351 758340 890749 775721 430469 362496 720779 356759 286363 345533 349166 411799 222221 438852 643205 243504 954295 496877 145326 361412 556112 586313 521383 416545 792505 599196 638096 355637 410211 205057 415613 99267 1015365 648301 910814 300296 800584 516479 517163 410863
