NAME : synthetic_000309
TYPE : CTSP-D
DIMENSION : 100
GROUPS : 8
RELAXATION_LEVEL : 1
EDGE_WEIGHT_TYPE : EXPLICIT
EDGE_WEIGHT_FORMAT : FULL_MATRIX
EDGE_WEIGHT_SECTION
999999999 514778 524169 774706 597163 686363 811408 316441 744765 714130 194052 463537 922199 638369 685471 783672 321129 772880 419160 25254 491752 947502 777536 379954 982958 417473 353099 819132 914077 371933 490765 197685 206361 300118 814986 183719 257393 893206 702386 478776 414351 222105 503780 682063 91708 327547 230177 311958 320424 144642 81043 850830 1038935 769847 433779 593809 672588 440535 398194 452300 874867 652009 983856 329072 246207 379926 244883 632542 939484 571910 622123 727610 575016 236752 518735 184630 747357 691545 813981 679918 290090 525990 754274 682785 843282 492751 944060 681446 803731 67319 708806 230833 100017 560741 814532 695473 396276 753204 55618 213420
514778 999999999 378198 823747 105414 345055 760388 255262 271792 758164 382157 130484 489966 255691 326068 269132 327826 258217 329349 529322 235755 521950 276382 433825 619489 191158 248612 855404 413841 369534 261730 657683 429398 666403 774254 350356 386432 700377 796327 179374 656638 391579 525042 187583 516841 283327 678198 698209 279772 656608 450420 556930 613048 276015 711069 555828 358352 505743 238781 116789 807958 172078 583217 361727 374516 191807 738184 304695 463702 624578 487019 768365 371668 617999 113307 554271 662272 253525 299522 209032 337356 457889 241150 320145 338744 662308 685673 179377 573126 545453 723343 394871 581242 417981 520511 748333 284610 642553 472882 348366
524169 378198 999999999 447139 473960 214996 386796 250203 384984 382803 330983 250709 464926 633684 704035 543104 568490 532165 107879 520965 142555 480496 459255 175603 474088 209613 512267 477501 558609 154167 116469 548660 325012 476668 399403 473919 267984 383784 428200 198952 384524 302450 174052 537561 461983 529060 550478 511465 519736 653566 444079 329158 561969 611395 442752 178976 186727 191766 179408 269556 439322 350367 494119 195454 277970 240723 643658 178689 531223 262388 119949 392276 59815 461998 483708 428755 291982 311144 567893 348276 236235 87031 535945 230782 515818 344766 420937 403871 281077 506428 345931 294456 524868 45198 294506 374696 575424 279037 468677 505802
774706 823747 447139 999999999 921051 591658 154692 639294 794750 67350 633384 694143 777467 1078047 1148165 975338 953482 965157 505853 757891 589223 775332 875875 441079 677197 642638 916068 44937 943886 492579 562848 673433 588313 537267 139066 820574 566060 378484 86174 644557 381819 595995 313048 983592 684488 922741 652313 555688 912505 848818 716408 524269 821211 1054180 397340 268251 558830 359765 600828 711067 189997 785763 744151 526142 585258 662519 746507 586497 882641 216511 356509 55732 469024 576464 925167 599372 219917 725078 996940 775379 576541 366000 973315 620376 921382 288563 492457 839227 425581 722347 101957 585110 716201 411972 520140 82336 982247 255867 731319 861755
597163 105414 473960 921051 999999999 405294 849622 358700 276895 856264 480526 233063 499219 173793 241634 198857 362703 190021 432956 613970 331946 532515 249775 539018 650111 295976 286444 951149 377041 474737 358386 751897 530144 768025 864276 422030 489668 770769 897067 277836 761927 492742 627120 86348 608866 323053 774070 799213 322761 735028 539036 612169 618607 175858 816156 652806 424965 610078 343766 221383 894077 193280 601546 467052 476936 296962 828767 374465 447459 725944 576903 866029 460287 717770 96445 652796 750504 286708 227184 228433 441509 556424 164657 376573 300768 767324 743041 169313 642132 634103 819879 496698 670969 511266 578069 847245 300092 728260 559843 410955
686363 345055 214996 591658 405294 999999999 482929 373346 204293 536915 495788 267403 251949 579086 646337 394188 634781 385228 284631 688958 195889 270629 286215 385086 301991 280954 562244 610348 357928 346872 195802 746428 507701 687403 499997 587347 447578 367212 597386 225385 599296 476928 379602 438571 641067 589949 752367 722449 582893 826147 605731 211976 357613 489840 657350 348431 33352 406205 289114 288628 515217 222216 297829 378594 451166 322867 840862 54354 318181 451211 240862 542728 157898 666807 457095 625484 385384 139942 412113 198926 402188 288454 399598 31217 329762 553879 340827 269835 238680 683380 492253 471776 707988 216317 175483 535010 613707 355274 631641 607466
811408 760388 386796 154692 849622 482929 999999999 616997 686758 150062 644963 636233 641061 1015746 1086051 876196 940051 866832 471540 798476 526081 635637 768796 442219 527842 595704 891587 147839 821715 478183 501183 744683 610142 617844 18336 822780 574073 224126 219714 583256 462823 608083 310162 902728 726275 904213 729027 642401 894363 906223 743114 381278 674841 965402 494080 229090 452108 371597 560925 655774 63703 693782 598434 518724 591680 623686 827481 489489 751897 245003 273398 142492 389547 644436 868879 652052 99574 621895 894935 677550 570356 323605 878895 513521 807740 367096 338482 745712 285258 768203 121076 597336 769563 343916 382731 166537 956429 127696 762060 860885
316441 255262 250203 639294 358700 373346 616997 999999999 435855 571965 139280 158534 605760 473691 539649 511009 323290 499459 147427 322239 177462 631158 479393 204786 673810 102289 277322 677685 611590 146935 181004 417214 177412 411860 626623 225594 131170 633557 593564 163276 407916 139270 326248 442753 287044 287409 433549 444257 277478 459523 237624 554139 722812 531250 460020 389197 363062 286185 84813 154714 675040 350250 669347 120182 119888 70912 505013 319050 627203 424550 367867 584119 285868 366104 319532 305412 530109 377727 541083 373312 83558 293733 488268 367511 545576 428090 661766 388700 524845 324504 547175 141070 355165 294542 516336 557999 343312 523084 263450 255752
744765 271792 384984 794750 276895 204293 686758 435855 999999999 738386 574684 281315 223006 438667 497912 196094 599479 188733 412676 754017 290443 256107 82040 528569 377433 334322 520347 814386 180475 474637 308311 849402 604749 818889 703966 603368 547879 552493 796123 275678 758450 568225 558900 274912 722899 554745 862364 853662 550761 889400 669826 370622 344332 303523 817069 543672 236376 571324 368414 292970 716856 100362 324767 492207 544384 367026 939543 212194 196785 641596 440374 744805 339482 785534 359677 732379 589599 73841 210322 66019 495839 469431 209160 174579 130944 728877 499067 107729 428291 759794 694515 566712 791009 401524 343420 735330 554153 559062 695029 609560
714130 758164 382803 67350 856264 536915 150062 571965 738386 999999999 568241 628278 734197 1012013 1082053 915760 886664 905396 438794 698103 524318 734388 818876 374306 646301 575982 848797 107661 892210 425286 497884 621985 524387 488580 140407 754825 500306 361636 73935 579205 331946 530791 245716 920115 624711 855657 602746 509662 845432 793591 653738 488218 785914 992037 354878 203923 503751 293366 533844 644917 202916 725058 708603 459130 519407 595405 698945 528236 835419 149957 298183 13480 407798 523416 858770 541881 183877 667593 938068 716154 509691 300279 912579 564751 866412 236213 472343 778679 389150 663663 46864 519885 659416 349289 479916 19723 914965 219628 669425 795774
194052 382157 330983 633384 480526 495788 644963 139280 574684 568241 999999999 297531 737145 569808 630009 645589 333720 634156 225198 193775 303976 760933 618481 202846 789918 240403 319703 675839 750861 181278 300081 278835 57637 291166 651022 188738 71059 705606 572323 300262 328439 37481 335218 566547 148860 313272 296947 320520 303121 330470 113314 656804 851233 656029 370826 418973 480368 277049 211956 292123 707153 489444 793614 137523 55060 209795 365751 442617 764630 419042 433456 581439 381009 237593 424202 172324 571412 514876 675891 512510 96050 340704 620945 494436 684694 377347 751681 526928 611514 188729 554027 48401 217108 368961 620479 551283 382543 573032 138440 231213
463537 130484 250709 694143 233063 267403 636233 158534 281315 628278 297531 999999999 469195 383971 454187 357314 367451 345674 199925 472734 110565 497590 320950 308644 565308 66963 296138 726525 454131 244789 135052 575746 334460 563672 649411 331863 282751 595723 665846 53788 536747 296569 394670 308460 443969 322763 591758 597135 315561 608150 388654 473789 590573 392589 592856 426701 270110 377355 114099 22050 686285 192019 545996 243888 275061 87739 663221 216755 476172 494105 363990 638647 251980 521789 233010 462994 539434 230483 386875 217003 230498 328143 337687 250973 387166 535678 596501 230585 472366 479503 594192 297095 511704 292369 435719 618178 351069 522211 413768 346027
922199 489966 464926 777467 499219 251949 641061 605760 223006 734197 737145 469195 999999999 655573 710481 377001 814962 374598 535117 927452 433246 33429 264366 636943 182232 505361 736570 785138 219007 597989 439786 996101 754634 939311 659391 800986 694663 451304 802776 444292 846833 721955 620367 487137 884947 769706 1003146 974343 764849 1064946 843035 262970 123321 494125 904209 571983 278222 653825 525565 486065 651837 318612 108915 627802 696401 544766 1090056 299540 121392 678412 462335 736787 405956 918322 582498 875343 557699 242027 376240 281235 646785 531007 403005 245105 251883 793976 361786 329961 355820 925867 687382 717758 952713 459146 258479 737115 774321 522036 868946 813050
638369 255691 633684 1078047 173793 579086 1015746 473691 438667 1012013 569808 383971 655573 999999999 70377 301190 339789 297974 577440 659584 491379 688977 393498 672137 815873 437880 286406 1110442 499152 608853 517236 817759 625437 860282 1029764 454691 597395 944245 1047327 434733 880604 591218 774842 170012 673400 316519 844538 888087 321652 761000 598244 785417 770022 205226 930803 810649 598473 749166 483104 367126 1062407 364543 761521 592002 581307 426253 882026 547432 586203 875144 742349 1022503 626495 803361 155712 735600 917328 457996 319052 397872 556239 712063 266607 550319 428394 899877 916381 332365 815670 688638 978155 597687 726806 673672 751619 1001540 259866 896712 613834 428100
685471 326068 704035 1148165 241634 646337 1086051 539649 497912 1082053 630009 454187 710481 70377 999999999 344388 375122 343122 646795 707679 561751 743735 446409 739818 875223 507377 332607 1180700 541652 676873 587594 869997 686409 919066 1100100 502930 661100 1012348 1116816 505083 945150 653146 844247 223778 726550 358763 897841 945909 365294 801895 650894 850963 821852 235833 994382 880887 666557 817524 552195 437137 1132525 429197 817731 658739 644491 494534 930219 616047 633891 944622 812659 1092596 696735 860832 224386 792840 987578 522186 357720 461223 621504 782210 312257 617154 474630 966945 981992 393571 883685 738912 1048378 660070 777043 744048 817742 1071461 294717 966793 664878 472637
783672 269132 543104 975338 198857 394188 876196 511009 196094 915760 645589 357314 377001 301190 344388 999999999 561264 11648 540021 798440 418750 409306 119758 656219 552670 423653 485301 998191 198141 594859 442902 923605 688400 920726 892952 614921 639309 748585 968367 380439 888256 650249 714347 136892 784565 521910 942531 953946 521567 924773 719337 565636 481227 117172 945606 715006 424181 713979 468790 356799 909369 192742 485896 599854 630332 441196 1006101 389385 290161 805464 618838 923328 508523 877067 294426 815937 777704 254438 30440 200037 587421 630126 36186 363194 130800 874820 692623 139422 624028 814247 873793 651922 849711 568946 539331 910688 496012 748798 741971 607209
321129 327826 568490 953482 362703 634781 940051 323290 599479 886664 333720 367451 814962 339789 375122 561264 999999999 552671 470254 345234 459498 846180 599272 512403 929980 370079 79311 993815 733976 464418 475394 515720 389294 592058 949357 154035 392250 946440 899327 413544 660156 368240 642793 433617 380263 45441 546579 612796 51890 427553 306744 840092 938283 510564 698066 711661 636886 593984 389732 346158 998326 499386 903114 427792 372754 331653 564408 584026 790922 736976 688062 899347 594106 528862 266868 462704 853254 574201 588876 535793 376973 617012 526356 617103 657531 710492 959774 504694 829570 381779 865659 378372 418736 613608 801854 871263 80582 845267 313351 112879
772880 258217 532165 965157 190021 385228 866832 499459 188733 905396 634156 345674 374598 297974 343122 11648 552671 999999999 528502 787537 407343 407140 114515 644659 549016 412006 476378 988240 201269 583260 431558 912237 676857 909105 883529 604655 627699 741047 957724 368844 876670 638706 703217 131556 773333 512996 931093 942335 512505 914152 708280 558926 480576 119920 934004 704420 414954 702584 457145 345211 900445 181809 483399 588208 618753 429610 994872 379475 290793 794543 608684 913030 498008 865503 285963 804431 768221 245344 41739 190074 575800 619194 31367 354166 131517 863433 686400 128348 616084 803154 863558 640355 838559 558300 532150 900215 488171 739514 730979 597354
419160 329349 107879 505853 432956 284631 471540 147427 412676 438794 225198 199925 535117 577440 646795 540021 470254 528502 999999999 417436 123877 555139 476275 117226 568512 139654 420078 541670 592825 63571 104397 461810 226050 409637 481902 367608 166646 490598 470059 161395 349639 199287 197456 507321 362226 433130 468043 444711 423397 552078 338510 431695 641917 589294 407744 246111 263849 177844 95196 212711 528596 352869 579112 94991 173971 156723 556323 235677 583438 297879 221525 450140 155872 383725 422491 340859 383022 341969 567761 362136 129464 148021 525919 290453 538868 337589 528281 402835 388721 405983 409454 192389 427432 149918 395592 426783 485124 375667 363546 400915
25254 529322 520965 757891 613970 688958 798476 322239 754017 698103 193775 472734 927452 659584 707679 798440 345234 787537 417436 999999999 495488 952169 789033 371421 983673 424112 375101 802466 925005 367593 493157 172547 198913 276106 801573 205034 253076 885942 684417 485350 393868 218597 492419 699289 73416 350426 204957 287216 343063 137530 84646 848919 1043146 787485 411496 583320 674070 428723 402232 462467 862058 662579 986744 325511 243542 387763 222615 635466 947858 557471 615808 711580 573203 213123 537365 163648 736652 699138 828811 689609 289435 518672 769603 686515 854976 474241 939535 693509 799196 42699 694107 226542 74829 556271 813009 679274 419689 743604 59035 236479
491752 235755 142555 589223 331946 195889 526081 177462 290443 524318 303976 110565 433246 491379 561751 418750 459498 407343 123877 495488 999999999 457009 352430 241068 496870 90417 394184 620030 470907 184446 26471 567360 323311 528689 539490 394645 264030 490472 566401 57179 473320 289368 300247 398433 451742 416608 577480 563549 408295 632986 411567 384666 547673 475876 531528 320982 187050 295249 93599 131073 575744 229527 492326 202920 264054 131672 660054 141588 468285 396662 253480 534118 142069 497449 342799 447842 428974 221678 445852 238325 214345 224694 406780 191074 415304 456109 500686 280402 370484 492663 488291 285817 519606 182558 346390 515408 453341 411678 437520 417980
947502 521950 480496 775332 532515 270629 635637 631158 256107 734388 760933 497590 33429 688977 743735 409306 846180 407140 555139 952169 457009 999999999 297495 654136 155760 531564 767975 781106 245702 617501 462155 1016816 776649 956461 653967 829444 716564 439020 804104 470776 859842 744640 631275 520463 908159 800868 1022993 991403 795869 1089699 867934 254813 93021 526472 916755 578705 294626 667343 549955 514948 643208 350983 77514 648663 718987 571490 1111092 320489 144012 685202 469912 736374 420987 937301 615402 895910 555436 272401 407781 313542 669512 543037 435776 266948 283029 803964 344352 363230 350872 949537 687524 740105 975690 471835 255209 738188 806453 519469 893875 842355
777536 276382 459255 875875 249775 286215 768796 479393 82040 818876 618481 320950 264366 393498 446409 119758 599272 114515 476275 789033 352430 297495 999999999 593364 435421 381407 520214 896001 137925 536255 373150 896484 653786 876051 785997 623751 599353 631637 875555 327484 825182 616283 633229 223844 764421 556122 911748 910408 553591 921708 706163 446822 376530 233891 883571 622503 318080 641580 420813 327820 798700 129356 372407 549284 593708 408687 984148 291168 197754 718650 520701 825526 416916 838770 342516 782337 671578 151446 129912 114176 546784 545004 140222 256256 66245 800802 573126 97606 508729 798775 775341 615986 831843 478808 421584 815397 544924 641101 730573 624336
379954 433825 175603 441079 539018 385086 442219 204786 528569 374306 202846 308644 636943 672137 739818 656219 512403 644659 117226 371421 241068 654136 593364 999999999 648198 243289 477323 481618 708232 64292 220604 375430 173664 302400 448589 383228 131870 514907 390081 276115 232498 166282 133320 616954 304628 482180 375595 337408 471905 495953 305665 497908 737049 701067 290526 216543 359510 82251 195391 317832 504312 470023 669701 86059 149557 246331 470202 341224 694003 224578 247355 387056 235274 286571 516495 257342 369682 456937 684246 479197 135497 148404 641061 395921 655642 228770 574604 519670 435274 349250 355250 155689 361841 198156 465365 358878 543544 373580 327018 423093
982958 619489 474088 677197 650111 301991 527842 673810 377433 646301 789918 565308 182232 815873 875223 552670 929980 549016 568512 983673 496870 155760 435421 648198 999999999 582945 854722 675679 400819 625500 493609 1022712 794438 943288 545752 889308 735153 312448 719289 526688 826954 767214 594180 651782 930720 884673 1023793 977221 878320 1119714 901944 163858 152110 668908 880530 523893 311008 641899 589084 585572 523734 458425 84948 663197 741603 624853 1117696 356149 299759 626927 424914 645795 416118 934473 723369 902814 462451 367560 554747 422047 694351 515234 575643 314475 431927 757542 204502 483666 259502 974328 600329 760750 995765 451435 187170 653646 900946 426700 927653 908791
417473 191158 209613 642638 295976 280954 595704 102289 334322 575982 240403 66963 505361 437880 507377 423653 370079 412006 139654 424112 90417 531564 381407 243289 582945 999999999 307087 676952 511416 179109 105452 516014 272429 498185 607751 306471 218429 577334 609462 61305 470053 235107 336968 373859 388887 327807 530473 531921 319228 561159 339467 474933 623771 458904 526001 377961 275584 314680 47903 74603 648920 252089 572953 176933 212302 41981 605378 226889 524935 437272 328392 586923 225479 457967 283252 400941 501587 275441 453030 272791 165866 278338 404545 271386 447281 471354 590888 294355 459498 426761 544368 234586 457092 254063 436637 564738 368255 487964 365191 328219
353099 248612 512267 916068 286444 562244 891587 277322 520347 848797 319703 296138 736570 286406 332607 485301 79311 476378 420078 375101 394184 767975 520214 477323 854722 307087 999999999 954851 655294 423526 412253 538523 377277 597909 901954 170358 368086 884168 867337 344895 647571 350046 603180 360843 396380 36619 567196 622155 37389 475036 320612 769927 859876 441241 690440 665363 566237 559573 333011 274354 948043 420347 825885 391294 349095 271795 597685 512710 711612 700493 632203 861076 532566 536958 191943 469115 801560 496390 513452 456887 343119 568091 450876 543255 578919 688201 891898 425427 764495 406588 824497 359093 444667 557428 731849 834448 66238 791063 333089 141700
819132 855404 477501 44937 951149 610348 147839 677685 814386 107661 675839 726525 785138 1110442 1180700 998191 993815 988240 541670 802466 620030 781106 896001 481618 675679 676952 954851 999999999 958530 531405 593821 718234 631546 581854 130025 862485 607968 370018 128890 676030 426603 638399 351768 1011538 729055 962364 696949 599916 952163 893756 760223 527615 822382 1080164 441188 299840 578011 400940 636222 744041 168360 810288 745808 566094 627064 698365 790862 608807 893366 257544 380410 94641 495214 621370 958525 644206 229329 746082 1018939 798180 616872 398979 997571 639813 939305 333496 484684 863460 430236 767078 132589 627495 761093 440261 526741 124771 1020946 263963 775399 903409
914077 413841 558609 943886 377041 357928 821715 611590 180475 892210 750861 454131 219007 499152 541652 198141 733976 201269 592825 925005 470907 245702 137925 708232 400819 511416 655294 958530 999999999 655007 488428 1027413 783287 999338 839702 761671 727152 654174 954571 454358 936947 746338 731089 332079 898051 691490 1041253 1034092 689370 1058457 841653 462592 298879 308417 995606 706310 391235 747928 547626 462730 842264 262557 322199 672559 722942 541496 1116503 380833 104791 808256 598550 897198 508511 965450 472583 911368 729523 251342 184572 238632 674873 640342 232618 333396 76542 903368 575000 235527 543379 933464 846667 745285 965834 569935 447286 891395 676362 695994 866332 762058
371933 369534 154167 492579 474737 346872 478183 146935 474637 425286 181278 244789 597989 608853 676873 594859 464418 583260 63571 367593 184446 617501 536255 64292 625500 179109 423526 531405 655007 999999999 167004 400324 170845 346199 486461 345561 114623 524388 447114 214427 293517 149857 179663 552901 307818 431355 405501 381254 421215 499451 292873 483295 703506 637357 350749 249097 324780 141165 131207 253604 538334 410952 639466 43868 126610 182671 495119 298790 646958 277618 252210 437549 209633 320454 453148 279428 397233 404620 623240 422376 93344 161659 578772 353650 599611 292975 572178 459473 431835 352266 401731 141206 371064 188829 448377 411133 489682 395543 316774 382856
490765 261730 116469 562848 358386 195802 501183 181004 308311 497884 300081 135052 439786 517236 587594 442902 475394 431558 104397 493157 26471 462155 373150 220604 493609 105452 412253 593821 488428 167004 999999999 557294 314852 512951 514381 403056 254923 471962 539980 82545 452034 282489 274376 424776 446204 433254 566037 547952 424649 630361 410027 374553 551618 501823 510448 294625 182601 271282 96306 154824 551571 252439 493611 189978 256833 144428 650757 142569 481057 370400 229274 507712 120762 484199 367900 437010 404554 237667 469645 258995 207383 198224 431727 195207 435058 432023 487075 304072 354338 488066 461991 278027 513580 157329 336487 488941 472647 388134 435918 428533
197685 657683 548660 673433 751897 746428 744683 417214 849402 621985 278835 575746 996101 817759 869997 923605 515720 912237 461810 172547 567360 1016816 896484 375430 1022712 516014 538523 718234 1027413 400324 557294 999999999 244893 139433 743907 368963 303371 872478 591901 573725 291635 281189 464052 838239 144750 517099 33634 134000 508990 186082 219517 873259 1103652 927679 287105 556173 725080 402080 481450 570928 807734 767213 1039700 368302 305165 488084 95007 696653 1035066 500385 617513 635031 607218 100375 684955 120960 701778 786164 953973 788780 354270 518454 898064 751002 962612 385943 944237 805659 806977 133945 629164 282890 97740 573578 840772 602301 587779 716798 205450 404688
206361 429398 325012 588313 530144 507701 610142 177412 604749 524387 57637 334460 754634 625437 686409 688400 389294 676857 226050 198913 323311 776649 653786 173664 794438 272429 377277 631546 783287 170845 314852 244893 999999999 238149 614937 240950 60127 687223 523824 329124 271436 38153 300385 615630 136991 370249 258068 269075 360150 328690 133098 654114 865206 704847 313201 388707 488987 238712 236576 332024 673148 524437 804216 131245 60369 247785 336800 456235 790340 376933 416901 537740 379697 188949 478015 128602 542270 541288 718490 544738 109425 319919 665322 509831 719704 324305 741282 565043 601011 181427 513452 38037 201382 358439 619039 506775 439873 547158 153493 283998
300118 666403 476668 537267 768025 687403 617844 411860 818889 488580 291166 563672 939311 860282 919066 920726 592058 909105 409637 276106 528689 956461 876051 302400 943288 498185 597909 581854 999338 346199 512951 139433 238149 999999999 615553 438261 281606 762985 454490 548672 156656 275290 359056 853250 216659 583593 115210 35117 574255 324065 285884 786663 1038624 942274 147717 447114 661853 303213 455723 564224 679963 747828 970010 327048 292044 480049 210462 642473 993040 377228 523778 501349 536474 64251 715302 129493 584229 750129 950450 763565 333305 428550 899399 697354 940847 252801 843926 792315 711186 233459 499566 271544 209708 492587 757230 468858 655301 603082 283720 479363
814986 774254 399403 139066 864276 499997 18336 626623 703966 140407 651022 649411 659391 1029764 1100100 892952 949357 883529 481902 801573 539490 653967 785997 448589 545752 607751 901954 130025 839702 486461 514381 743907 614937 615553 999999999 830264 580299 240892 207733 596636 459854 613971 315825 918183 729077 913996 727517 639376 904093 907468 747712 399587 692965 981489 489222 237733 468993 376225 572184 668747 64604 709909 616607 526430 598145 635008 825597 505724 770147 245827 287559 131679 404018 643830 882243 653355 115509 638745 911884 694083 578128 333882 895333 530502 825328 363761 355426 761996 303591 770612 116373 603174 771069 357052 401049 157915 967007 145004 766235 868761
183719 350356 473919 820574 422030 587347 822780 225594 603368 754825 188738 331863 800986 454691 502930 614921 154035 604655 367608 205034 394645 829444 623751 383228 889308 306471 170358 862485 761671 345561 403056 368963 240950 438261 830264 999999999 254532 857695 760918 363311 509294 225506 516443 505020 228898 148376 398358 459687 140058 313981 153964 777606 922414 591274 545274 594020 581520 461871 307571 315130 883557 505168 876235 304096 235428 264509 427637 533353 800142 605040 588926 767890 511462 375338 338431 308822 742680 560842 644786 537349 252579 506068 583500 576443 687784 565069 887229 526170 750427 236368 738231 236246 274390 517312 739538 738301 219679 739635 163688 43185
257393 386432 267984 566060 489668 447578 574073 131170 547879 500306 71059 282751 694663 597395 661100 639309 392250 627699 166646 253076 264030 716564 599353 131870 735153 218429 368086 607968 727152 114623 254923 303371 60127 281606 580299 254532 999999999 637115 507888 272850 284530 35769 264608 573911 195583 366929 314607 314639 356607 386022 178940 596534 805079 662411 333423 347916 429015 207682 179537 282647 636173 470204 744189 72656 19502 198444 396121 396129 731772 350588 365326 513389 321330 239549 445777 184613 500436 483227 669125 488973 52588 270941 617794 449788 664971 320299 686796 512637 546450 239454 484575 26584 261087 303445 561050 483775 433190 502449 202398 295794
893206 700377 383784 378484 770769 367212 224126 633557 552493 361636 705606 595723 451304 944245 1012348 748585 946440 741047 490598 885942 490472 439020 631637 514907 312448 577334 884168 370018 654174 524388 471962 872478 687223 762985 240892 857695 637115 999999999 435276 543039 619837 672865 408432 805482 819444 904928 863940 792829 896156 1010125 816013 191600 463527 852273 663516 316835 345805 470850 557839 617594 211675 589064 389759 568234 650725 614804 963284 397255 570061 394459 272185 357688 352337 773971 813670 763378 189273 501800 761546 563231 614891 367304 759453 397513 656642 532306 114669 634692 128702 863977 320214 663378 874576 340684 210575 373668 943812 162329 838986 889308
702386 796327 428200 86174 897067 597386 219714 593564 796123 73935 572323 665846 802776 1047327 1116816 968367 899327 957724 470059 684417 566401 804104 875555 390081 719289 609462 867337 128890 954571 447114 539980 591901 523824 454490 207733 760918 507888 435276 999999999 619247 300618 535412 272618 964637 611270 871169 569695 471619 860855 769835 648184 560219 857681 1039585 312499 253524 564048 307880 564959 680989 266541 776289 780379 476139 527355 624625 662735 584400 901425 172194 356639 77957 460149 496394 892547 523513 257182 724127 991759 769944 524564 342246 963161 624090 925460 210696 546257 830000 461322 647465 118973 524689 639084 399425 550525 66065 933536 292650 661463 802979
478776 179374 198952 644557 277836 225385 583256 163276 275678 579205 300262 53788 444292 434733 505083 380439 413544 368844 161395 485350 57179 470776 327484 276115 526688 61305 344895 676030 454358 214427 82545 573725 329124 548672 596636 363311 272850 543039 619247 999999999 507839 292553 350171 347884 449038 369586 586944 582960 361823 622445 400705 426604 563165 428339 565176 376509 223932 338674 93485 75023 632829 199241 513630 222435 268755 100792 664093 172392 464418 448348 310613 589260 198194 511736 285627 457023 486124 214709 408836 216146 220517 278988 364988 213137 392660 498905 547053 245709 420658 487460 544004 291093 517287 239644 388343 569755 401889 468556 426452 382168
414351 656638 384524 381819 761927 599296 462823 407916 758450 331946 328439 536747 846833 880604 945150 888256 660156 876670 349639 393868 473320 859842 825182 232498 826954 470053 647571 426603 936947 293517 452034 291635 271436 156656 459854 509294 284530 619837 300618 507839 999999999 297731 232822 842861 322813 641639 270979 179582 631516 469756 373381 665470 935776 928832 58661 310409 569924 193196 422662 543400 524391 702500 863317 294925 302011 464995 367095 561845 915498 226978 402041 344751 441786 195978 727310 230238 435901 685825 916476 711018 324638 317120 872249 615010 886769 96293 708306 752118 581884 354230 343612 289138 341598 388018 639838 312223 710931 457919 381165 552461
222105 391579 302450 595995 492742 476928 608083 139270 568225 530791 37481 296569 721955 591218 653146 650249 368240 638706 199287 218597 289368 744640 616283 166282 767214 235107 350046 638399 746338 149857 282489 281189 38153 275290 613971 225506 35769 672865 535412 292553 297731 999999999 298147 578063 164215 345832 295467 306670 335587 352807 143245 630390 833921 667200 342838 382733 459575 239624 200708 293914 670418 486928 774275 107058 25772 209722 371959 424693 755023 381562 401028 543982 354793 227057 442407 166430 535543 505617 680341 507722 75171 306689 627191 477694 682268 342253 721956 527149 581626 207214 516578 10920 231147 338640 594623 513868 413996 537948 166921 267681
503780 525042 174052 313048 627120 379602 310162 326248 558900 245716 335218 394670 620367 774842 844247 714347 642793 703217 197456 492419 300247 631275 633229 133320 594180 336968 603180 351768 731089 179663 274376 464052 300385 359056 315825 516443 264608 408432 272618 350171 232822 298147 999999999 697786 421761 610695 455934 390955 600513 608153 433477 433180 704621 776123 287447 92830 348083 64174 292357 409067 372898 521870 631363 215143 282684 352414 555095 350259 697734 100489 169297 257907 223092 365698 619946 356987 244579 485065 739912 521721 266504 91216 705137 399665 689787 174399 484935 574928 352847 465140 222946 287353 471283 163318 407038 231994 669320 254685 453106 556027
682063 187583 537561 983592 86348 438571 902728 442753 274912 920115 566547 308460 487137 170012 223778 136892 433617 131556 507321 699289 398433 520463 223844 616954 651782 373859 360843 1011538 332079 552901 424776 838239 615630 853250 918183 505020 573911 805482 964637 347884 842861 578063 697786 999999999 695137 397033 860401 884689 397994 818731 625037 635501 600313 89545 897841 716198 462798 685153 421731 299696 943518 216425 594063 548058 561687 378899 914846 416774 416419 795054 632932 929251 516735 803597 169501 738857 803162 306022 160181 244106 524930 622480 100809 408010 259478 844077 766187 173634 677169 720035 881804 581751 757011 571691 604095 912256 364195 778425 645609 491439
91708 516841 461983 684488 608866 641067 726275 287044 722899 624711 148860 443969 884947 673400 726550 784565 380263 773333 362226 73416 451742 908159 764421 304628 930720 388887 396380 729055 898051 307818 446204 144750 136991 216659 729077 228898 195583 819444 611270 449038 322813 164215 421761 695137 999999999 377121 171308 233742 368514 192139 75786 791102 997813 784432 344035 513377 623751 357773 360532 436742 789915 635924 938486 267875 189987 356580 221540 588628 913445 484544 551166 638187 516569 152409 540367 94004 666305 663700 814998 660153 238926 452870 757884 641290 830662 401320 877011 671248 736898 44759 621032 170058 68253 494836 756014 605868 448566 674400 67563 267546
327547 283327 529060 922741 323053 589949 904213 287409 554745 855657 313272 322763 769706 316519 358763 521910 45441 512996 433130 350426 416608 800868 556122 482180 884673 327807 36619 962364 691490 431355 433254 517099 370249 583593 913996 148376 366929 904928 871169 369586 641639 345832 610695 397033 377121 999999999 546701 606394 10333 444655 301808 795916 893027 476726 682283 676604 592521 564262 349768 301341 961721 454555 857678 396637 347584 290354 572417 539469 746816 706481 648905 868158 552669 521535 228387 454201 815958 528825 550032 490831 346845 580686 487455 571996 615160 686985 916316 460966 787010 383954 833086 355462 421755 574249 757715 840745 71755 806905 312022 114156
230177 678198 550478 652313 774070 752367 729027 433549 862364 602746 296947 591758 1003146 844538 897841 942531 546579 931093 468043 204957 577480 1022993 911748 375595 1023793 530473 567196 696949 1041253 405501 566037 33634 258068 115210 727517 398358 314607 863940 569695 586944 270979 295467 455934 860401 171308 546701 999999999 104274 538400 216364 246961 872044 1108747 949928 261364 547124 729889 395419 493951 588030 791680 782392 1043476 376148 318350 504429 99549 703638 1045748 485960 613542 615628 609645 90696 709468 130001 690013 797722 972826 802760 366527 515185 917769 758290 977717 366577 938906 822213 802867 165274 612042 296013 130178 573094 840379 583026 617696 706503 234680 434992
311958 698209 511465 555688 799213 722449 642401 444257 853662 509662 320520 597135 974343 888087 945909 953946 612796 942335 444711 287216 563549 991403 910408 337408 977221 531921 622155 599916 1034092 381254 547952 134000 269075 35117 639376 459687 314639 792829 471619 582960 179582 306670 390955 884689 233742 606394 104274 999999999 597265 319924 306058 820061 1073383 973864 159931 477829 696812 336355 489869 597258 703932 782033 1004574 361654 324370 512964 191210 677584 1028128 404275 556766 522170 571259 85263 744606 153293 612344 785048 983745 798086 366648 462208 932245 732463 975306 275633 875444 826188 743565 244649 523077 303469 216687 526860 790951 489985 678148 632218 301306 499918
320424 279772 519736 912505 322761 582893 894363 277478 550761 845432 303121 315561 764849 321652 365294 521567 51890 512505 423397 343063 408295 795869 553591 471905 878320 319228 37389 952163 689370 421215 424649 508990 360150 574255 904093 140058 356607 896156 860855 361823 631516 335587 600513 397994 368514 10333 538400 597265 999999999 439350 293069 788314 888158 478624 672314 666656 585049 553976 340524 294272 951967 450478 852108 386389 337266 281438 565300 532151 743455 696228 639541 857941 543850 512338 228865 444913 806291 523658 549908 486557 336553 570871 487346 565283 613139 676679 908299 458024 778592 376077 822945 345198 413962 564917 750087 830497 81073 797406 303742 107348
144642 656608 653566 848818 735028 826147 906223 459523 889400 793591 330470 608150 1064946 761000 801895 924773 427553 914152 552078 137530 632986 1089699 921708 495953 1119714 561159 475036 893756 1058457 499451 630361 186082 328690 324065 907468 313981 386022 1010125 769835 622445 469756 352807 608153 818731 192139 444655 216364 319924 439350 999999999 221942 982485 1180654 905247 471508 700681 810765 543997 539760 596923 969886 796536 1123970 458660 378271 524178 168207 772774 1083999 661645 742970 806913 707325 273835 652370 254172 852295 835782 954957 824558 425444 644349 894553 823987 987333 560318 1069119 825349 929030 147413 795638 359853 137054 686930 947072 774143 507402 862418 196075 333690
81043 450420 444079 716408 539036 605731 743114 237624 669826 653738 113314 388654 843035 598244 650894 719337 306744 708280 338510 84646 411567 867934 706163 305665 901944 339467 320612 760223 841653 292873 410027 219517 133098 285884 747712 153964 178940 816013 648184 400705 373381 143245 433477 625037 75786 301808 246961 306058 293069 221942 999999999 770078 959093 713990 402354 521543 591660 371555 318136 378930 806184 579115 903365 249566 166460 303274 289873 552023 863367 507973 544263 667170 494304 222288 467439 157274 675036 614535 749764 605633 209246 449407 691446 602640 772232 442141 864502 611205 724243 95185 644873 152637 132002 481404 733684 635657 373394 679137 25954 193873
850830 556930 329158 524269 612169 211976 381278 554139 370622 488218 656804 473789 262970 785417 850963 565636 840092 558926 431695 848919 384666 254813 446822 497908 163858 474933 769927 527615 462592 483295 374553 873259 654114 786663 399587 777606 596534 191600 560219 426604 665470 630390 433180 635501 791102 795916 872044 820061 788314 982485 770078 999999999 297737 673821 718234 360341 203726 483745 470317 495604 388981 421864 220442 523878 605385 516335 967886 257616 379653 463071 264151 488793 275823 781865 668587 754973 305566 329680 576334 391480 560838 358308 579690 237439 467256 594172 131029 462031 99118 835489 441676 622846 853910 299794 38318 494233 823530 269408 795212 802462
1038935 613048 561969 821211 618607 357613 674841 722812 344332 785914 851233 590573 123321 770022 821852 481227 938283 480576 641917 1043146 547673 93021 376530 737049 152110 623771 859876 822382 298879 703506 551618 1103652 865206 1038624 692965 922414 805079 463527 857681 563165 935776 833921 704621 600313 997813 893027 1108747 1073383 888158 1180654 959093 297737 999999999 597697 991755 644947 378858 744784 640962 607968 674067 441398 77313 736163 808199 663936 1198237 409228 194846 750774 538832 786526 502156 1022028 703941 982692 603216 365059 475503 404128 758924 618800 510568 356801 351078 874865 356607 449975 396853 1039600 739317 829051 1065068 549182 308945 791643 897217 567075 985045 935368
769847 276015 611395 1054180 175858 489840 965402 531250 303523 992037 656029 392589 494125 205226 235833 117172 510564 119920 589294 787485 475876 526472 233891 701067 668908 458904 441241 1080164 308417 637357 501823 927679 704847 942274 981489 591274 662411 852273 1039585 428339 928832 667200 776123 89545 784432 476726 949928 973864 478624 905247 713990 673821 597697 999999999 984334 788613 517256 766949 506564 385508 1002730 271629 603001 634480 650501 466308 1003852 475997 405236 871790 699896 1000603 585258 892976 253239 828347 866004 351127 123917 290915 612960 697577 94577 458649 246645 926817 802590 220472 725589 808888 952223 670734 845989 642748 645411 985190 436963 839265 734295 575635
433779 711069 442752 397340 816156 657350 494080 460020 817069 354878 370826 592856 904209 930803 994382 945606 698066 934004 407744 411496 531528 916755 883571 290526 880530 526001 690440 441188 995606 350749 510448 287105 313201 147717 489222 545274 333423 663516 312499 565176 58661 342838 287447 897841 344035 682283 261364 159931 672314 471508 402354 718234 991755 984334 999999999 360164 627745 251145 478894 598832 553729 760523 918777 349869 349903 519263 351053 620323 973867 269079 455944 366878 499679 201692 778581 250050 476747 744474 973971 769398 376468 373733 929123 673368 945291 131315 755782 809881 632445 369955 373183 335092 351688 445128 693647 335428 752569 501188 406786 588180
593809 555828 178976 268251 652806 348431 229090 389197 543672 203923 418973 426701 571983 810649 880887 715006 711661 704420 246111 583320 320982 578705 622503 216543 523893 377961 665363 299840 706310 249097 294625 556173 388707 447114 237733 594020 347916 316835 253524 376509 310409 382733 92830 716198 513377 676604 547124 477829 666656 700681 521543 360341 644947 788613 360164 999999999 315190 156780 338910 444227 289558 523221 569414 289931 364842 401617 646507 331559 660794 106507 110112 213300 206630 457275 658755 449817 153588 471180 738256 516420 341470 99638 710429 373532 673673 233915 398463 576930 272295 557055 167527 372198 563904 146304 338924 196590 730771 161880 542113 631866
