NAME : synthetic_000073
TYPE : CTSP-D
DIMENSION : 100
GROUPS : 8
RELAXATION_LEVEL : 1
EDGE_WEIGHT_TYPE : EXPLICIT
EDGE_WEIGHT_FORMAT : FULL_MATRIX
EDGE_WEIGHT_SECTION
999999999 714245 577541 854099 420201 287133 639302 99681 601723 943616 383181 1073907 351828 935625 978458 170886 734218 781664 904448 626558 224936 498855 606886 414803 662996 376810 111799 889429 747858 572297 597779 693337 629042 755462 573154 378972 624844 302368 564331 911822 751114 436995 187719 135321 590863 111247 30706 133685 543306 740796 648723 281158 661589 277887 717571 508247 658250 380131 123533 196553 173606 211877 341537 895971 841725 96320 788430 759132 732272 370252 567753 880033 754918 537073 313537 849436 326045 103638 852947 868345 627364 883199 908577 445925 875421 185057 429134 989562 248571 226487 870456 286048 890840 574113 746038 521451 271112 565445 764117 821075
714245 999999999 180448 296307 359163 741751 343207 734166 694170 286187 417180 395481 659358 667616 303163 701021 27763 207469 285553 92418 520741 578176 283329 735907 382651 433591 602503 200562 233116 469839 583647 537925 386134 164190 289059 474892 195127 791000 542306 364651 187386 503741 528219 661095 549639 752360 703879 594208 605698 78100 797215 707330 595029 735826 62014 379750 256109 496203 725742 842099 549243 612790 387805 265235 545798 620359 95933 327994 403598 350941 482451 516942 296997 550405 458153 315658 563197 813019 163388 192446 489106 326134 194459 466278 273534 848916 546267 297103 853052 595596 379969 712295 229215 173813 114928 697708 553866 650360 634447 231607
577541 180448 999999999 296507 184288 665234 201635 581111 705962 465722 366733 575407 605911 566969 483597 600005 207915 211027 332249 97389 417736 400328 131696 691951 245796 383156 468862 380886 191499 302341 415710 391574 446303 317314 122543 430838 268737 616818 562304 525215 333137 323385 401980 551675 382234 598299 572811 448376 612146 171965 805743 632282 436600 562173 222880 387720 344548 454083 613108 682373 428912 446922 294953 440210 442564 489969 276042 447840 291039 254023 313824 436062 228973 376144 381036 301004 504624 669795 343832 372475 331752 328680 354396 285959 442348 691984 365867 475986 687063 507217 345540 638080 408309 13622 276262 686815 383339 476188 492921 393556
854099 296307 296507 999999999 434652 961735 246859 839719 976142 491362 657810 542717 900200 411310 481159 893853 309758 93657 79664 311771 712804 522723 251588 984750 253721 674534 750738 397809 107330 386049 476521 377585 679661 449389 284154 721274 486639 823455 826117 622894 475140 493706 690067 843660 446778 854827 853772 720879 884417 218228 1078490 928783 454896 774199 355603 655165 551932 744312 903210 926425 718942 689654 591440 500481 305959 773386 346095 620278 217916 550497 399365 253431 112961 476941 677082 27863 799169 937844 378133 411787 368495 32641 292154 462208 525068 940766 531184 448160 917223 803470 93540 934572 449561 305645 400149 968363 619384 560995 446869 500193
420201 359163 184288 434652 999999999 569720 228052 407611 701319 637938 339793 753962 540229 575779 660192 481293 385501 367454 489223 268086 314913 262290 187022 630044 260589 352347 320659 558707 329482 224020 315821 348917 513819 470840 153213 397666 381465 432857 578031 673042 480382 168208 270041 426571 288473 423662 421752 286629 609407 355858 791818 540585 360221 378044 390548 417481 450898 419106 480543 502712 301607 265185 235991 605692 462123 344255 452118 565071 328686 206624 228741 484023 335006 258266 318544 429280 443758 503487 520980 546991 275899 463263 538683 136334 601116 514113 206184 656259 504074 411112 451924 546901 580279 187365 438452 660181 199548 349421 445807 548203
287133 741751 665234 961735 569720 999999999 795745 386781 349402 897948 325851 1028795 115957 1139632 940038 118097 752853 874570 992150 673407 255585 736516 743557 136024 830201 310064 294016 871209 855975 773838 828617 901986 502935 718721 711427 275406 587502 589333 370689 818196 704747 654911 307024 169861 813589 397169 257590 351673 321472 793818 373900 34482 888517 561621 720762 408155 586956 258628 164926 468936 275062 466166 370437 843140 1030479 273276 788003 656840 897721 411394 773421 1053517 883398 764497 287189 965205 183336 343695 840133 844434 829974 993844 926588 650273 812705 450323 661283 963608 527539 160100 1003261 30101 855116 656430 728666 261988 502708 815025 987566 764796
639302 343207 201635 246859 228052 795745 999999999 610604 890758 619616 535826 708553 757913 371190 626460 709340 369615 219827 319548 287145 540191 279588 70158 847193 44250 550870 545781 525847 167062 145992 252132 195324 646931 501736 91278 598697 469806 577674 752908 707081 521276 247618 498083 654565 218819 624150 644190 506273 796793 291572 987472 765712 253379 529530 399882 579856 545535 621560 707691 688605 529653 455979 443330 606447 248877 569763 433789 645796 102803 406168 159758 258867 133977 237304 530973 231706 658363 713376 493263 526402 148745 267953 458656 217908 616713 704749 284384 606970 675014 636148 235163 771959 565440 215170 455235 861815 385278 330253 294408 573761
99681 734166 581111 839719 407611 386781 610604 999999999 696544 981558 448730 1109426 448597 878242 1013442 270436 756515 775059 896736 643187 291829 433031 588426 514029 628488 445237 161370 919724 736201 524117 532998 637924 697629 795178 555574 455308 669434 203132 649452 964855 793921 385970 233209 231307 530741 19076 129760 143027 633899 750649 746827 380541 597448 182945 745675 575416 711419 459898 222669 117112 232041 156368 387261 937114 792808 160219 815468 817876 696469 408169 517569 837325 734626 475994 379339 831890 413710 107078 882341 900977 576773 866940 926251 402322 920028 116890 369720 1020325 157155 315425 845428 385519 926737 579995 779924 617994 226088 490604 699864 864990
601723 694170 705962 976142 701319 349402 890758 696544 999999999 733633 361583 850600 251618 1261414 779324 439638 692147 882487 978709 664723 444246 936980 823993 219733 933205 349102 556771 744380 884829 925310 1011068 1048423 323350 596122 799531 305417 500060 886799 152003 605449 572931 841825 521742 466440 986869 711207 571201 608690 94039 766914 103051 336354 1060405 847153 647917 321423 454517 285876 495356 796897 500218 721924 466347 677604 1139615 546229 696963 462134 990286 495116 929929 1140859 932864 948914 393084 989141 293279 679928 724753 714632 976095 1008282 836403 822752 639474 782063 863747 815255 850268 384020 1043993 333874 709038 693173 628422 87869 729991 1024618 1146865 607915
943616 286187 465722 491362 637938 897948 619616 981558 733633 999999999 585237 131960 793963 900804 45708 890010 258436 433202 436133 371508 727056 864347 565517 850307 655140 598220 833856 95798 478510 753357 866561 809944 418739 188273 574200 624373 321215 1063544 593931 163618 195821 788962 756918 862511 832533 1000452 927314 838554 665959 328208 829955 864467 872974 1008107 247419 490287 311197 639552 926828 1095181 770488 877511 602099 56607 787862 847297 190297 271594 661980 575013 766291 743142 542570 835871 646256 518194 715671 1046583 126370 94073 768038 509843 204112 751597 94226 1098378 831328 86549 1113966 778702 584875 867977 57686 457931 203363 770319 824766 935614 901064 133540
383181 417180 366733 657810 339793 325851 535826 448730 361583 585237 999999999 717188 244555 904075 624953 304798 427303 566511 678590 354995 158722 582372 471994 327040 576945 16818 287382 549367 556534 563746 651542 687073 248933 400106 444805 64143 266428 598809 244746 532479 389466 485792 219510 280818 626368 467335 360580 318182 269728 473521 453893 291371 699390 549438 394965 126686 281975 87400 343713 565301 216711 410220 106811 532882 784086 291845 462679 376740 637425 133600 568489 791337 595113 590387 69874 665475 146143 485760 516882 523719 614601 690431 600747 464008 506949 560587 511653 644639 602433 193467 712267 296059 538114 355532 405143 326009 397059 670941 785287 455026
1073907 395481 575407 542717 753962 1028795 708553 1109426 850600 131960 717188 999999999 923665 952694 95998 1021967 368636 503568 474726 485884 858496 967295 661623 977644 739848 730129 963678 195256 553917 848745 959872 891282 543159 319494 674863 755823 452949 1183865 715964 251044 327780 897698 886787 994329 926102 1128229 1058109 966587 787923 420693 943845 995463 959481 1128493 367306 620756 441842 770662 1058700 1222106 901098 1000748 732585 185660 848031 977612 301959 390598 736205 704444 862128 795363 614146 935011 778117 570554 846899 1176610 233031 209442 856962 554422 254961 860185 217734 1226073 940341 101703 1238883 910655 633529 998879 183123 569257 329503 892657 945479 1033501 976311 264043
351828 659358 605911 900200 540229 115957 757913 448597 251618 793963 244555 923665 999999999 1116009 837053 188094 667500 809801 922996 599549 234240 740617 699495 89818 795880 227759 320950 773585 797180 757280 825954 885301 390653 619507 669343 184468 491857 644168 254938 706837 603597 651396 305044 217300 806766 462361 321153 377020 209171 717842 299531 91359 882090 608571 631881 304271 483018 163451 243908 545852 277112 493791 315980 738384 1001129 306329 696428 545813 860714 355410 758927 1016659 831566 761784 227741 906585 101316 428368 744331 745892 812153 932745 837298 640221 706428 530600 665073 862998 600241 148879 950346 91085 753747 595584 634021 169623 515457 824401 977047 660430
935625 667616 566969 411310 575779 1139632 371190 878242 1261414 900804 904075 952694 1116009 999999999 892312 1040861 688994 471788 478574 638701 888235 447301 439709 1205823 328255 918562 863245 805995 435348 367470 348606 242357 1012585 831574 462135 965915 827858 766395 1124073 1022682 854988 498779 833090 983942 347531 886289 948733 812889 1167537 595805 1357264 1112372 285206 736934 729474 950768 902178 988414 1027716 920362 865243 726612 806977 905193 124622 887343 740226 992319 276000 772104 369849 157921 370700 402315 892701 383788 1019037 985224 782821 817138 311169 398333 703452 494078 925837 942611 508881 859368 885134 983919 319222 1118755 855967 580551 781847 1229745 664566 412832 188940 893617
978458 303163 483597 481159 660192 940038 626460 1013442 779324 45708 624953 95998 837053 892312 999999999 929460 275854 430523 420673 392228 764047 878894 575875 894506 660027 638318 868054 102971 478386 763736 876049 813599 463915 225467 587041 665777 359417 1089014 639339 203603 235895 806743 791193 900620 842105 1032241 962958 870619 711351 335517 875656 906399 879149 1033610 271921 533003 354036 681458 965178 1126114 805860 905179 637326 101969 782369 882191 208233 317301 662074 608752 776922 734391 541050 848328 684657 508554 757369 1081032 139782 113889 775205 497162 189252 769253 139933 1130080 849312 45772 1143067 818284 574156 910018 87762 476829 233529 815638 850458 947522 902143 177288
170886 701021 600005 893853 481293 118097 709340 270436 439638 890010 304798 1021967 188094 1040861 929460 999999999 715882 811024 931822 623652 183105 626380 662873 244175 740767 292294 181959 851243 786723 673495 720732 800623 525053 704253 629678 273891 570281 472157 425440 830615 694210 548904 211385 57118 707738 281918 140700 238383 391863 744023 479698 110414 781986 443584 689469 413801 584988 265651 55907 359773 179687 350467 314310 837631 935880 159502 759410 670838 809520 353480 671912 963907 807359 657080 246674 894461 194235 240291 817478 826505 729826 925195 892425 547726 811133 343430 551873 947986 416130 111359 926901 115187 842362 592944 706101 356105 391440 702504 882458 759667
734218 27763 207915 309758 385501 752853 369615 756515 692147 258436 427303 368636 667500 688994 275854 715882 999999999 223998 292153 117734 536933 605936 310544 742194 408551 443464 622420 173492 253715 497328 611087 563977 379316 142996 316715 483290 192122 816750 540145 339485 167493 531278 547493 677342 577071 774829 723065 615858 605120 94305 795164 718382 621874 761508 46547 381792 247124 504065 742185 865330 567595 637305 404098 237880 567961 639748 68224 310999 427514 368340 509981 536929 318354 578123 471425 330581 572794 833731 136087 164745 516017 338469 176736 493829 247209 871692 573779 270929 877304 609219 396088 723199 201453 200976 93068 699184 579196 678061 659913 206953
781664 207469 211027 93657 367454 874570 219827 775059 882487 433202 566511 503568 809801 471788 430523 811024 223998 999999999 122801 218188 628722 498051 198775 893549 242552 583285 675386 337482 53120 365818 469243 388946 587470 366371 226837 629651 394360 777840 732518 551099 391351 453017 611208 762394 436760 791088 779158 649771 790773 129989 984834 841260 460220 726194 268466 561521 461205 652591 823347 867989 638940 629898 504212 433839 355350 697302 269144 534726 232651 463283 379585 316323 110754 457033 588553 109072 709057 869580 311901 346336 362100 125939 248796 418330 454075 880552 493446 403874 863983 717484 172505 846943 385536 218627 316503 875071 561059 549527 472848 423425
904448 285553 332249 79664 489223 992150 319548 896736 978709 436133 678590 474726 922996 478574 420673 931822 292153 122801 999999999 324147 749088 598020 313934 1004832 330511 695407 798141 346472 162147 461904 555096 457249 671021 422192 344466 740643 480669 891892 827109 578166 448629 563548 733538 883912 524888 912549 901935 772451 889089 211965 1081680 958516 534481 841420 338594 660990 539271 763225 945284 987889 760973 750013 622564 452370 379894 819997 313678 594593 297492 581804 475395 322192 187796 553261 705224 105320 823034 991998 332725 364581 446870 80826 232399 530567 480864 1001057 602324 384249 981835 836386 160591 964073 400087 338886 375307 978077 680560 639144 525451 463071
626558 92418 97389 311771 268086 673407 287145 643187 664723 371508 354995 485884 599549 638701 392228 623652 117734 218188 324147 999999999 441273 497307 220033 680736 330062 371795 515121 290629 222484 398626 512322 481397 378957 220314 217266 416604 189488 699018 515449 428221 237088 418112 442211 580770 478682 661246 617558 504186 572714 120739 766884 639313 530797 643782 126056 343491 263481 439118 644767 750280 464947 520390 309409 343666 514333 533858 184055 358969 364812 270360 410393 497141 277546 473527 386544 324463 500268 724073 252896 279415 425179 344126 283245 380922 345004 757470 460281 388654 760699 521765 381151 644631 313857 87627 178909 657185 461581 573576 581466 296247
224936 520741 417736 712804 314913 255585 540191 291829 444246 727056 158722 858496 234240 888235 764047 183105 536933 628722 749088 441273 999999999 506967 488420 322760 575025 153775 130965 680136 606002 525593 591724 653949 406670 539003 456066 165749 406048 455771 367418 687540 532339 417159 77584 140414 572821 310138 203730 171095 365964 561370 517400 225744 648172 410609 513402 284855 434454 174173 205277 407674 61584 278918 132941 677366 776739 133303 584098 534198 642279 170916 526546 798187 629904 527545 88860 714475 152497 328068 645023 656983 581086 744444 713662 406478 654727 402192 431595 778848 447376 96201 749781 232041 676313 410318 535000 381268 287185 591673 743969 601076
498855 578176 400328 522723 262290 736516 279588 433031 936980 864347 582372 967295 740617 447301 878894 626380 605936 498051 598020 497307 506967 999999999 308473 827762 269575 592054 444433 775990 445936 136866 99967 213171 775433 714879 292463 632413 639624 329325 826594 921715 728141 97094 436506 569773 102315 440036 516014 388526 848924 547291 1019470 714543 164418 292961 623175 674701 711139 651175 603010 474318 466422 286980 475609 840516 374689 467090 674052 824266 321265 455824 123887 430896 410468 50533 543937 504147 656310 539544 740118 770467 169096 539865 726466 125994 842075 495971 75672 865983 443312 594721 489925 720875 807349 409702 676059 883966 235026 88762 266883 792010
606886 283329 131696 251588 187022 743557 70158 588426 823993 565517 471994 661623 699495 439709 575875 662873 310544 198775 313934 220033 488420 308473 999999999 788176 114407 487448 507418 473735 151894 187958 301074 261505 576788 437638 33816 535476 400245 579299 684641 644433 456125 254813 453222 609585 267040 603367 608774 473213 729962 240975 921574 712540 312525 528062 337187 511079 476030 558533 665659 675247 483919 438125 383614 548419 316337 530851 376816 577578 166305 345044 201065 319363 148041 273524 471802 243679 599041 687611 439449 471580 206508 278527 418028 219664 556193 689290 295889 559979 667936 583467 265328 718688 509966 145178 392468 797507 367984 371927 362154 511247
414803 735907 691951 984750 630044 136024 847193 514029 219733 850307 327040 977644 89818 1205823 894506 244175 742194 893549 1004832 680736 322760 827762 788176 999999999 885396 310274 399904 837652 882760 846859 914278 974946 435974 683043 758309 264220 560326 714219 276413 750251 665087 739581 391349 285800 895579 525988 384356 457197 213352 797441 238019 133764 970929 682199 704429 367674 542431 241618 296561 602352 362214 574174 404568 793996 1090822 382925 766470 591704 949980 443485 848381 1105835 918720 850035 316446 991968 189136 478635 810376 809174 901821 1017358 908331 729175 759949 584594 752122 923282 659804 233343 1037071 129200 813762 681269 701928 132130 600133 910682 1066338 717219
662996 382651 245796 253721 260589 830201 44250 628488 933205 655140 576945 739848 795880 328255 660027 740767 408551 242552 330511 330062 575025 269575 114407 885396 999999999 591761 573301 560572 189569 132709 227309 155527 691178 542834 133959 639426 513731 581305 796194 747165 562895 253454 529410 685316 195621 641134 669582 531079 839303 327059 1029415 800767 219634 535486 440476 623443 589419 662162 736622 700794 561294 472541 482570 644145 207147 597467 471411 688963 69435 446207 145831 223447 142948 223228 569712 234579 696953 732876 529015 562575 119590 270303 487533 228441 655742 718132 286163 638602 683435 671193 225197 807059 601850 259348 495734 902929 402400 309571 252454 613924
376810 433591 383156 674534 352347 310064 550870 445237 349102 598220 16818 730129 227759 918562 638318 292294 443464 583285 695407 371795 153775 592054 487448 310274 591761 999999999 283937 563850 573128 576366 662739 700286 252926 413842 459961 48082 280483 599671 236784 542079 402594 495758 218630 270565 638008 463678 353360 317402 258085 490253 440171 275596 711352 551058 410705 131454 293102 71277 332696 561378 213377 412695 117494 545459 798906 287040 478102 385087 652655 147040 580854 806811 611393 601192 66265 682114 129620 478789 531668 537962 627656 707152 616556 474824 518875 555926 520674 658631 599907 180970 728695 280196 551709 372028 419952 311223 402349 680473 798094 467413
111799 602503 468862 750738 320659 294016 545781 161370 556771 833856 287382 963678 320950 863245 868054 181959 622420 675386 798141 515121 130965 444433 507418 399904 573301 283937 999999999 778188 643810 495936 538963 621816 536263 645961 473613 295976 516654 331163 494548 807837 642539 368050 76941 125419 526634 179954 103956 57883 485953 630112 618951 275412 600548 290408 605990 414063 553988 302422 164788 277983 70675 174403 232653 787051 761889 24275 676807 658404 642693 259351 493463 794453 655097 475474 217975 747608 265236 213027 741575 757427 552146 780586 796870 369172 767635 274271 369937 878440 316412 174115 772562 281526 780557 464805 635220 484857 209566 521299 701458 712975
889429 200562 380886 397809 558707 871209 525847 919724 744380 95798 549367 195256 773585 805995 102971 851243 173492 337482 346472 290629 680136 775990 473735 837652 560572 563850 778188 999999999 382750 661683 774352 715031 421563 154611 484297 595816 283789 988928 597523 234119 173829 703882 701716 818830 740365 938364 875473 777440 668466 234307 844415 837044 779019 933587 174257 470553 296831 613438 883784 1031018 718348 806970 550376 106819 692358 793519 106815 294133 566287 519228 674793 648530 446771 745737 604728 424290 687880 991098 37925 29770 674504 417656 119524 666384 139817 1035945 746468 100601 1045933 740949 491333 841110 54184 374362 145304 770672 750744 845080 805560 142588
747858 233116 191499 107330 329482 855975 167062 736201 884829 478510 556534 553917 797180 435348 478386 786723 253715 53120 162147 222484 606002 445936 151894 882760 189569 573128 643810 382750 999999999 313018 416128 337511 600191 396515 182374 620424 408165 730730 736814 588870 420345 403854 582750 736371 383642 751726 747024 614918 791981 160570 986327 823246 407787 679812 295129 563483 478727 643601 795881 825981 611615 588261 486110 475352 315239 666349 306324 560371 183751 445245 326778 283855 65302 404362 572512 109506 695936 832964 354874 389264 309067 138485 299780 369945 492980 839413 443657 453537 819705 697250 159192 829095 428741 201598 346683 872136 518609 496468 423765 458619
572297 469839 302341 386049 224020 773838 145992 524117 925310 753357 563746 848745 757280 367470 763736 673495 497328 365818 461904 398626 525593 136866 187958 846859 132709 576366 495936 661683 313018 999999999 113964 128397 721393 618900 181818 621548 563245 454745 800038 826746 635390 138181 466843 616534 80112 534660 583570 446489 833233 428490 1015637 747500 140122 411915 521084 635047 638116 642808 660562 584755 498895 368448 459820 735046 269690 520081 564217 746533 187332 430366 13769 313985 274144 91613 540636 367283 663713 630752 627371 659365 56331 403003 601935 127076 741106 603964 161966 747045 561899 620233 354607 753900 697589 314045 575863 883432 302067 185391 221935 694267
597779 583647 415710 476521 315821 828617 252132 532998 1011068 866561 651542 959872 825954 348606 876049 720732 611087 469243 555096 512322 591724 99967 301074 914278 227309 662739 538963 774352 416128 113964 999999999 123735 825490 732633 295760 705664 673608 420907 892900 940520 748848 174759 524767 663805 34036 539926 614163 484182 920823 540544 1097340 805279 64457 388767 635041 733133 747862 725697 699640 571807 555658 386048 545248 848878 284718 562127 677782 857657 261672 520361 101929 346526 369159 64317 620040 454531 737688 639482 740414 772648 108342 488637 710786 188472 855070 594005 169694 858192 537944 682520 428866 811654 811028 427160 689793 962925 330932 85870 166954 808146
693337 537925 391574 377585 348917 901986 195324 637924 1048423 809944 687073 891282 885301 242357 813599 800623 563977 388946 457249 481397 653949 213171 261505 974946 155527 700286 621816 715031 337511 128397 123735 999999999 829555 697059 270499 746218 659994 541473 919348 902211 716491 256426 594963 743571 110860 646746 706389 570811 955653 482181 1140319 875818 79519 506127 595144 750908 735777 767866 785996 686774 626963 484969 584739 799642 162017 645824 626919 838932 160348 553477 128748 222828 280368 164579 667112 352938 791092 745002 684012 717715 73237 384558 637278 252922 811185 707920 268235 790575 656457 748631 317500 882220 757056 404685 650481 1009086 422245 206230 102016 768910
629042 386134 446303 679661 513819 502935 646931 697629 323350 418739 248933 543159 390653 1012585 463915 525053 379316 587470 671021 378957 406670 775433 576788 435974 691178 252926 536263 421563 600191 721393 825490 829555 999999999 272953 560770 253792 193110 842503 176431 316317 249581 679431 467652 515089 795409 716196 604627 565856 248085 462907 424591 472029 861490 791269 333336 122285 133640 259467 572810 814074 465589 650505 330195 362133 887990 539959 376034 155984 736637 331992 729737 875369 656498 771128 318356 696471 332491 730111 401404 391874 762885 710548 513806 649875 326214 808849 713087 496749 851207 418898 757100 474251 388632 432680 307462 351899 626446 863132 931549 288321
755462 164190 317314 449389 470840 718721 501736 795178 596122 188273 400106 319494 619507 831574 225467 704253 142996 366371 422192 220314 539003 714879 437638 683043 542834 413842 645961 154611 396515 618900 732633 697059 272953 999999999 437330 443447 134004 886095 446959 207920 26504 631382 569023 675176 698974 814143 739043 652167 517018 237201 697543 684731 749896 830787 103059 316038 143454 460355 739713 909631 582250 696857 413926 142043 709972 659146 109727 172416 567253 387617 630704 679914 460876 693124 459193 471489 535456 858529 129418 126417 643978 476634 241266 594946 130638 912066 672621 245064 930593 593192 537745 688626 138111 306558 49945 618110 647940 793020 795271 77497
573154 289059 122543 284154 153213 711427 91278 555574 799531 574200 444805 674863 669343 462135 587041 629678 316715 226837 344466 217266 456066 292463 33816 758309 133959 459961 473613 484297 182374 181818 295760 270499 560770 437330 999999999 507862 389736 551358 662255 645080 454327 230945 419752 576196 261926 570684 574964 439491 705582 254965 896196 680644 314134 499424 339290 489716 465463 530792 632031 643673 450558 406135 353863 553950 340146 497059 384235 570207 192741 315998 193998 347789 181814 261680 441867 277003 569247 654301 448961 480131 209221 311611 435880 194622 559359 657335 272914 573521 637641 551389 299071 686820 517810 135155 394046 770740 336297 361447 372331 512482
378972 474892 430838 721274 397666 275406 598697 455308 305417 624373 64143 755823 184468 965915 665777 273891 483290 629651 740643 416604 165749 632413 535476 264220 639426 48082 295976 595816 620424 621548 705664 746218 253792 443447 507862 999999999 312176 620601 204609 556881 430049 536783 238809 261302 681673 473153 353123 336048 216580 533984 394158 241314 755476 574061 448495 139976 314766 23257 319604 569533 227332 438466 161729 570309 846555 295155 514262 396949 700582 193897 625667 854838 659256 643516 91181 729251 92070 478215 564954 569039 673404 753907 654275 517335 541542 561957 559933 688445 611850 165436 776360 245305 580260 419581 453675 263868 434512 720445 843438 491911
624844 195127 268737 486639 381465 587502 469806 669434 500060 321215 266428 452949 491857 827858 359417 570281 192122 394360 480669 189488 406048 639624 400245 560326 513731 280483 516654 283789 408165 563245 673608 659994 193110 134004 389736 312176 999999999 774181 348058 301314 126416 548883 439928 541396 641356 688490 607388 526944 413212 270625 603091 553298 701252 719460 148704 193781 75812 330271 605843 785189 451267 581752 284002 271471 703365 528671 206282 184775 553115 261602 573366 686405 466059 625911 325274 503366 404207 728274 252876 257522 598076 517659 348380 514740 251016 786161 587639 378213 809786 459277 564282 557408 272111 255449 142170 508657 539308 723407 761542 196332
302368 791000 616818 823455 432857 589333 577674 203132 886799 1063544 598809 1183865 644168 766395 1089014 472157 816750 777840 891892 699018 455771 329325 579299 714219 581305 599671 331163 988928 730730 454745 420907 541473 842503 886095 551358 620601 774181 999999999 823159 1075494 890513 330056 382119 428825 430957 195376 331753 284706 817096 787385 943665 581488 482064 55437 817255 721929 829394 629943 425726 169856 394658 193817 513619 1026277 703442 340570 882115 942390 641713 520608 444035 760132 711226 379555 534345 809364 596365 280442 951026 975184 496540 845607 970983 361466 1016103 195541 295143 1087638 121076 502800 806489 586702 1006335 620222 860726 812017 238780 354744 578501 961321
564331 542306 562304 826117 578031 370689 752908 649452 152003 593931 244746 715964 254938 1124073 639339 425440 540145 732518 827109 515449 367418 826594 684641 276413 796194 236784 494548 597523 736814 800038 892900 919348 176431 446959 662255 204609 348058 823159 999999999 479029 424606 729775 442594 433766 866421 666366 535705 538512 72048 615468 255035 345400 938056 777710 495970 174618 304240 193271 479625 759886 428542 642984 351146 537392 1000978 490210 545934 325445 850352 372598 805939 998341 786840 832832 295153 839831 238569 656424 576164 567899 848276 858096 686124 706675 500590 749386 756331 672953 806590 338035 895973 345732 565040 549185 477523 176699 638021 915264 1019601 464564
911822 364651 525215 622894 673042 818196 707081 964855 605449 163618 532479 251044 706837 1022682 203603 830615 339485 551099 578166 428221 687540 921715 644433 750251 747165 542079 807837 234119 588870 826746 940520 902211 316317 207920 645080 556881 301314 1075494 479029 999999999 193630 836487 732410 812633 906835 983924 891250 823729 549899 428793 695843 786603 956938 1020747 307377 416906 253860 567253 874195 1081532 739425 882974 577630 127429 904064 817098 282629 161381 766623 560153 838594 867321 654160 900834 600290 648021 642923 1015329 245771 213621 850935 645606 353499 800502 97838 1080853 877157 248543 1108879 720683 715518 789133 179967 514357 252023 654252 840141 1000642 999097 133324
751114 187386 333137 475140 480382 704747 521276 793921 572931 195821 389466 327780 603597 854988 235895 694210 167493 391351 448629 237088 532339 728141 456125 665087 562895 402594 642539 173829 420345 635390 748848 716491 249581 26504 454327 430049 126416 890513 424606 193630 999999999 642983 565702 666936 715349 812943 733797 651084 495155 261797 673973 670965 767784 835344 125541 299417 123119 446123 731144 909091 577575 699985 409942 145062 732955 654891 136200 146036 589161 385761 646955 704022 484382 707840 450626 496996 521797 854480 151822 144658 662040 502602 265994 606917 126499 910774 683797 259411 931728 582919 563058 674688 150400 321845 75039 596976 653089 807498 815323 71322
436995 503741 323385 493706 168208 654911 247618 385970 841825 788962 485792 897698 651396 498779 806743 548904 531278 453017 563548 418112 417159 97094 254813 739581 253454 495758 368050 703882 403854 138181 174759 256426 679431 631382 230945 536783 548883 330056 729775 836487 642983 999999999 350132 491811 158888 396490 450039 315359 753104 482272 925782 631014 233610 282483 543980 577719 618993 555952 531123 448949 381187 230571 378985 761480 407160 391733 599426 732946 317536 358737 131807 451930 381255 110467 449138 479312 564222 492684 667053 695853 191316 515557 665270 37513 760340 467365 42665 797382 429983 507774 478199 637399 731452 331067 595167 790718 165886 185844 333556 708850
187719 528219 401980 690067 270041 307024 498083 233209 521742 756918 219510 886787 305044 833090 791193 211385 547493 611208 733538 442211 77584 436506 453222 391349 529410 218630 76941 701716 582750 466843 524767 594963 467652 569023 419752 238809 439928 382119 442594 732410 565702 350132 999999999 156617 508029 252199 175661 98785 443353 558914 593597 281471 583248 335271 529958 345479 478693 249549 213295 350304 32187 201590 155966 710151 725788 92273 600856 584671 598136 182607 466411 752626 599178 460452 152667 688810 229369 289839 665230 680741 523016 720711 722678 343533 690938 348521 360842 801878 383865 158221 718164 287872 703670 396824 558482 457559 211311 519480 681287 636219
135321 661095 551675 843660 426571 169861 654565 231307 466440 862511 280818 994329 217300 983942 900620 57118 677342 762394 883912 580770 140414 569773 609585 285800 685316 270565 125419 818830 736371 616534 663805 743571 515089 675176 576196 261302 541396 428825 433766 812633 666936 491811 156617 999999999 650657 245157 104939 182474 409029 700414 515806 154962 724951 396536 653406 398514 562762 257840 65040 331342 125682 296307 273335 811497 879438 103689 723970 654969 754240 310712 614873 908237 754995 600095 216323 843419 195518 222683 784134 795086 672863 874709 854073 490661 786916 318180 495107 916918 383828 97670 874248 160684 813052 545254 673541 386788 334979 646580 825362 734241
590863 549639 382234 446778 288473 813589 218819 530741 986869 832533 626368 926102 806766 347531 842105 707738 577071 436760 524888 478682 572821 102315 267040 895579 195621 638008 526634 740365 383642 80112 34036 110860 795409 698974 261926 681673 641356 430957 866421 906835 715349 158888 508029 650657 999999999 538782 605792 473145 895996 506613 1074446 789317 75358 395276 601174 704914 715847 702103 689014 576276 539378 380204 520575 814873 272561 550182 643748 825155 234227 494293 68457 330358 338161 54798 597304 425455 716781 637701 706394 738616 78557 460019 677386 166688 821171 597661 162008 824414 545600 664980 402705 795710 776991 393800 655971 940614 321177 114257 174833 774378
111247 752360 598299 854827 423662 397169 624150 19076 711207 1000452 467335 1128229 462361 886289 1032241 281918 774829 791088 912549 661246 310138 440036 603367 525988 641134 463678 179954 938364 751726 534660 539926 646746 716196 814143 570684 473153 688490 195376 666366 983924 812943 396490 252199 245157 538782 999999999 141862 161977 649762 768167 759865 392288 604373 180253 764275 594013 730476 477391 232411 98198 250624 168594 406334 956091 802693 178000 833995 836853 708793 427199 527746 848301 749117 483987 397862 846622 430010 99889 900952 919712 586713 881798 944220 414137 939065 97934 378562 1038962 140425 331321 859166 397105 945579 597370 798733 631922 239009 494912 706565 884021
30706 703879 572811 853772 421752 257590 644190 129760 571201 927314 360580 1058109 321153 948733 962958 140700 723065 779158 901935 617558 203730 516014 608774 384356 669582 353360 103956 875473 747024 583570 614163 706389 604627 739043 574964 353123 607388 331753 535705 891250 733797 450039 175661 104939 605792 141862 999999999 138596 513499 733394 618042 250796 677547 305444 704724 484559 638155 353281 95581 226476 157195 229933 325669 878824 852282 83707 775687 737205 738996 356554 579673 888517 756729 552551 291428 850102 297197 125508 839338 853744 639134 883377 898339 456647 857310 214019 444777 975279 279168 197671 873392 255759 875232 568691 731373 490775 284737 585198 779831 803272
133685 594208 448376 720879 286629 351673 506273 143027 608690 838554 318182 966587 377020 812889 870619 238383 615858 649771 772451 504186 171095 388526 473213 457197 531079 317402 57883 777440 614918 446489 484182 570811 565856 652167 439491 336048 526944 284706 538512 823729 651084 315359 98785 182474 473145 161977 138596 999999999 534743 614920 673791 333294 546415 240039 603604 443829 570920 345263 215873 258256 110314 117006 246447 794120 714460 78896 673699 679234 600477 265434 443173 749974 621240 421161 251365 715907 315687 221465 740180 758346 502378 749794 787406 319414 777289 259904 314665 878032 287075 228935 736843 339409 783817 445895 637090 538977 153535 464169 647908 722212
543306 605698 612146 884417 609407 321472 796793 633899 94039 665959 269728 787923 209171 1167537 711351 391863 605120 790773 889089 572714 365964 848924 729962 213352 839303 258085 485953 668466 791981 833233 920823 955653 248085 517018 705582 216580 413212 817096 72048 549899 495155 753104 443353 409029 895996 649762 513499 534743 999999999 677128 194349 300335 969116 774689 561818 229253 373798 198909 447484 739855 424712 644876 375579 609412 1045636 478175 614121 397354 896252 402867 838142 1046862 839368 859179 306517 896899 221094 629399 646390 638908 883526 916675 755039 732838 572638 727205 776509 744790 790054 318482 951077 299558 636696 599406 545994 104763 647807 937012 1054505 536372
740796 78100 171965 218228 355858 793818 291572 750649 766914 328208 473521 420693 717842 595805 335517 744023 94305 129989 211965 120739 561370 547291 240975 797441 327059 490253 630112 234307 160570 428490 540544 482181 462907 237201 254965 533984 270625 787385 615468 428793 261797 482272 558914 700414 506613 768167 733394 614920 677128 999999999 869846 759659 544846 733053 138496 449123 333885 556107 764089 853680 582887 618816 429931 318520 475697 649755 146908 404740 338783 390563 441772 442928 225697 514319 507152 237666 619362 836122 201974 235541 440200 248237 184057 444973 333668 862732 524846 319098 859024 642502 302407 764925 274877 171174 187256 766513 555202 612900 575127 298067
648723 797215 805743 1078490 791818 373900 987472 746827 103051 829955 453893 943845 299531 1357264 875656 479698 795164 984834 1081680 766884 517400 1019470 921574 238019 1029415 440171 618951 844415 986327 1015637 1097340 1140319 424591 697543 896196 394158 603091 943665 255035 695843 673973 925782 593597 515806 1074446 759865 618042 673791 194349 869846 999999999 370101 1148718 907853 750860 423399 556641 372856 533448 839238 568978 789632 555842 774377 1236296 605390 799306 558497 1087837 587194 1019580 1239520 1033418 1034360 477306 1091171 365048 716459 825735 814645 1067550 1110692 938253 908900 735737 822025 945132 912732 895784 444995 1145412 366092 807644 793121 730720 136136 804536 1106083 1237554 706476
281158 707330 632282 928783 540585 34482 765712 380541 336354 864467 291371 995463 91359 1112372 906399 110414 718382 841260 958516 639313 225744 714543 712540 133764 800767 275596 275412 837044 823246 747500 805279 875818 472029 684731 680644 241314 553298 581488 345400 786603 670965 631014 281471 154962 789317 392288 250796 333294 300335 759659 370101 999999999 864449 551028 686289 375068 553634 224947 163348 469179 249943 449271 337349 809803 1002095 256146 753570 625222 867935 378301 747490 1023893 851498 741030 253355 932563 149275 346915 805858 810346 803482 960952 892110 624975 779663 451972 639052 929681 526214 129593 971309 6404 821300 623319 694356 250426 482059 794473 962755 731429
661589 595029 436600 454896 360221 888517 253379 597448 1060405 872974 699390 959481 882090 285206 879149 781986 621874 460220 534481 530797 648172 164418 312525 970929 219634 711352 600548 779019 407787 140122 64457 79519 861490 749896 314134 755476 701252 482064 938056 956938 767784 233610 583248 724951 75358 604373 677547 546415 969116 544846 1148718 864449 999999999 451727 649709 774503 776492 776126 762152 635268 614529 450019 594069 859324 230432 623933 686837 883531 236989 566717 132558 296537 354025 125270 671805 430831 791847 703939 746631 779776 106025 463059 706908 241925 868391 657694 232771 858214 600162 740306 396932 870839 818789 448973 704992 1015178 393615 133431 102639 823771
277887 735826 562173 774199 378044 561621 529530 182945 847153 1008107 549438 1128493 608571 736934 1033610 443584 761508 726194 841420 643782 410609 292961 528062 682199 535486 551058 290408 933587 679812 411915 388767 506127 791269 830787 499424 574061 719460 55437 777710 1020747 835344 282483 335271 396536 395276 180253 305444 240039 774689 733053 907853 551028 451727 999999999 761835 671339 775386 584485 400915 184398 350318 140941 461612 970892 667411 302501 826777 888704 597692 467194 401964 721465 662488 342125 486373 760910 554954 275304 895681 919774 456637 797113 916475 312066 960851 208009 250370 1032370 150687 464108 760531 556528 950898 565382 805297 774676 183343 330129 550989 906102
717571 62014 222880 355603 390548 720762 399882 745675 647917 247419 394965 367306 631881 729474 271921 689469 46547 268466 338594 126056 513402 623175 337187 704429 440476 410705 605990 174257 295129 521084 635041 595144 333336 103059 339290 448495 148704 817255 495970 307377 125541 543980 529958 653406 601174 764275 704724 603604 561818 138496 750860 686289 649709 761835 999999999 340920 200771 468557 718432 856765 548043 633457 381565 217614 607426 622093 70978 266353 464203 348225 533276 578955 358928 598419 443358 375916 539165 818559 136690 158031 543687 384625 205903 506861 220129 861790 586044 274787 871954 581122 440902 690900 189798 213641 55368 657206 578610 698529 692811 174098
508247 379750 387720 655165 417481 408155 579856 575416 321423 490287 126686 620756 304271 950768 533003 413801 381792 561521 660990 343491 284855 674701 511079 367674 623443 131454 414063 470553 563483 635047 733133 750908 122285 316038 489716 139976 193781 721929 174618 416906 299417 577719 345479 398514 704914 594013 484559 443829 229253 449123 423399 375068 774503 671339 340920 999999999 179091 151353 458534 691953 343390 530943 212728 435145 827302 418148 399964 257166 676378 221018 641946 823777 612514 675485 196281 667796 227712 610044 442736 442426 681036 687423 542110 550990 404596 687013 608523 558773 728932 304482 722668 378320 449481 374579 334510 317964 510682 763283 852035 356895
