NAME : synthetic_000920
TYPE : CTSP-D
DIMENSION : 100
GROUPS : 8
RELAXATION_LEVEL : 1
EDGE_WEIGHT_TYPE : EXPLICIT
EDGE_WEIGHT_FORMAT : FULL_MATRIX
EDGE_WEIGHT_SECTION
999999999 487339 454125 260959 746831 179294 609039 773644 676363 30760 235085 146100 792058 99129 776432 136896 318661 853309 530303 496721 339818 502428 615770 76215 245254 893971 845577 126886 613282 868090 740159 561715 300885 674685 494807 911871 541438 852564 334684 132887 74639 86086 820313 444427 473478 655069 38139 754803 845925 991613 105219 405494 182022 584520 253159 669674 617790 980991 154405 779338 941677 578992 410136 640374 47810 355180 867724 48640 243045 570760 198489 365462 606878 337359 400240 280909 857088 286865 324687 573169 774233 351944 87038 473408 82326 860431 425461 876718 151486 494389 575761 525576 411956 620765 911442 447751 133268 515831 341747 878230
487339 999999999 328296 316814 471364 615216 545885 502001 332034 480320 273599 372251 308633 389487 412805 351183 639188 403116 452540 525196 463608 443754 783974 550623 627483 520339 386164 552012 668951 508153 379796 75516 435559 357858 554428 500335 554399 406076 325239 491530 494272 402525 351183 187212 176758 244849 520602 545550 496113 597845 450192 661875 328692 789706 234742 285340 502514 573830 384713 311773 524040 635949 696062 246026 458512 643947 392519 521864 459870 193012 626939 407553 372791 483710 318727 264385 440554 286770 383202 243863 418542 364705 553896 158613 411967 458724 107794 390723 462093 338769 227358 509912 143091 134405 477904 639482 602108 545470 156600 437062
454125 328296 999999999 194977 293857 631116 224968 319841 659443 468269 253766 310248 571122 395985 348857 371620 735257 705306 127625 201079 203479 699630 468838 530153 683474 846014 681636 571671 341279 835490 316108 378089 205025 239930 233781 498801 226596 710757 526690 368982 506760 383533 486996 141228 476389 571869 467937 305943 405448 561538 359438 396785 285126 484501 320792 613542 196918 559422 458241 451009 530496 309221 438620 574227 407128 400897 539844 502513 266429 223836 649343 134429 681730 650706 53884 196213 453845 458231 149201 565171 746775 115233 471332 175551 422215 780395 384711 587848 333248 40322 551209 181682 409792 417902 516976 349250 586770 219852 343914 495652
260959 316814 194977 999999999 486083 436487 380590 513235 607651 273615 82512 115602 618211 202436 519764 182029 543540 719441 289476 294208 169399 563958 506492 337175 488878 817167 702977 376707 436814 799251 484043 389198 130647 415591 308517 660643 336934 721972 378667 197878 311790 188600 597054 200477 398684 545950 278329 499804 586539 735494 174155 351640 92346 499312 171174 577244 374512 727483 272568 556774 691333 400285 382601 540001 214989 328608 648036 308906 143086 330634 454558 144744 591279 477891 141485 53030 608532 307245 101136 502277 704515 111038 289718 237236 228131 764109 314039 674241 162764 234878 494874 306492 323841 444725 666604 343934 394180 316369 239301 637221
746831 471364 293857 486083 999999999 922177 275762 30990 772959 759432 532153 601628 560440 682105 140546 653649 1014501 721904 268753 374343 471376 909634 606077 823013 969876 908519 690879 861360 436891 909251 139748 475268 486883 114986 408474 273185 360122 730931 761960 661320 795958 672929 385004 339933 647982 665603 761674 106202 139656 298214 653295 627621 572408 645273 579004 713723 213846 310103 733772 369228 302313 425389 671345 678165 700245 649546 427735 794947 552507 278929 939938 410793 840295 905681 347446 476100 257328 701988 438059 705512 837560 405262 764732 337387 708944 831768 568738 506683 625950 253614 686064 327673 602427 479877 318745 558333 879858 376698 566625 321586
179294 615216 631116 436487 922177 999999999 787302 949626 732099 162877 397157 320929 904625 244764 943301 279211 175022 939211 709572 672616 515667 488662 764550 107610 85309 941952 937175 64183 782048 912113 906701 684946 478337 844840 668151 1072771 717006 936467 370954 299979 128446 249615 962229 607608 554132 736878 177935 933473 1015802 1156858 283076 549151 350667 726016 386568 740477 797062 1143585 231212 921657 1101600 748987 543235 718141 227100 495139 1006428 130880 417551 728400 19927 544545 634716 290574 577315 449264 1016168 355569 503980 639482 823914 531052 205736 631956 217885 922490 532331 1004256 325792 671213 647748 703283 509306 742263 1067087 603834 65144 690973 459334 1031325
609039 545885 224968 380590 275762 787302 999999999 282261 877817 630612 456424 482140 748404 577039 401258 561543 916711 896872 97897 126364 274731 921855 330824 680222 852661 1054535 869950 735115 163783 1046893 383897 585935 309191 313122 150634 546666 93848 903734 744713 492460 674380 557012 616182 360370 700762 784587 611003 205897 415368 572037 504293 373829 471364 369646 534860 828516 64573 585767 652816 588865 576701 149635 416135 789411 561712 407047 665933 656741 372679 400042 806871 245370 906135 857469 258962 402256 522465 674569 289139 786980 961354 269961 597374 387707 600471 984891 609293 732604 462694 207264 772042 85421 634752 616434 586766 297635 732678 117614 567642 581652
773644 502001 319841 513235 30990 949626 282261 999999999 801751 786794 561013 628836 583721 710388 155635 682392 1043802 745798 285352 387555 491872 940587 610311 849767 998305 934422 714472 889135 440207 935777 160986 504822 509224 144914 420656 275728 370096 755008 792833 685686 823807 700655 403144 370469 678670 693983 787744 94104 137237 289926 679021 642015 600387 651543 609106 742175 223024 305671 763182 389765 303324 431186 685610 706903 726839 666004 443855 821891 575299 309380 967522 433047 870423 936230 373645 504675 266505 732680 461977 735394 865170 429619 789656 368330 737163 857302 599663 524709 650541 279519 715837 340464 633383 508102 325344 570988 906494 388253 597508 332187
676363 332034 659443 607651 772959 732099 877817 801751 999999999 655989 538417 616135 313780 583716 679138 552321 671236 241725 784499 853088 772006 312578 1103993 713305 703990 218004 256158 681404 998568 194573 654351 300791 737212 658529 880350 709198 884437 234341 361218 735528 646478 609276 501599 518883 212400 110475 714457 860221 758119 810182 686165 958469 579609 1103600 459157 63235 833041 775627 527568 480052 721702 964770 986849 94884 668183 930533 511223 691140 743975 501777 735313 724884 135165 479535 644940 556144 655250 390913 693352 106888 99075 681399 760479 490174 594520 190615 293797 450115 715817 670789 112867 840604 286177 294814 663317 949370 748555 873993 371779 619860
30760 480320 468269 273615 759432 162877 630612 786794 655989 999999999 238707 158054 782340 91501 783800 129632 291829 838344 549630 520510 364051 474005 645510 71059 222067 873110 831651 104937 639820 846642 747336 553823 324028 683742 519938 916634 565351 837237 309464 161985 45845 88334 818298 449543 456035 638781 63791 771186 854921 998333 129854 435844 189098 614792 245611 651578 636997 986519 130011 777377 946061 605213 440839 623325 70340 385759 864827 41654 268538 573747 181113 385921 582659 306782 414490 288281 861061 265284 343978 553941 753317 369730 114350 476531 68562 841523 412863 870780 177952 508347 557454 547888 397202 612664 914140 476977 126443 540034 330910 879965
235085 273599 253766 82512 532153 397157 456424 561013 538417 238707 999999999 100324 581924 152588 546154 121598 483575 668722 362263 375797 250028 481447 586506 308382 438334 751683 655091 334080 519173 731919 509570 348917 209230 448516 390921 677944 417940 670203 296308 217934 268793 150683 588332 210924 326802 485545 261974 558642 619079 760066 177774 421406 56752 576739 89327 512925 444407 747842 204642 547387 707440 482659 448527 477126 196521 392120 637016 278712 205744 335734 413548 226613 513401 401318 204309 57604 622557 224875 183550 431899 636556 190255 287192 238384 179611 702846 248088 652731 189239 291050 426483 385661 252312 407214 676407 421289 364912 398033 166663 643178
146100 372251 310248 115602 601628 320929 482140 628836 616135 158054 100324 999999999 680879 95790 630924 91209 434831 762107 396450 381013 231398 512407 551061 222198 375440 832625 749964 261655 513066 810697 594771 447748 188012 528652 386973 768133 425694 762992 326254 122055 197240 75323 687312 301479 404038 573406 167047 613901 699877 846348 77942 362983 43752 532079 157649 596852 483227 836536 179945 646426 798276 476978 382891 562855 101811 324745 736448 193592 152928 429952 339096 237172 574235 393379 256511 136795 714223 259141 193001 509329 715143 215183 187644 333042 118335 788453 334923 753050 99718 350299 506726 402375 332356 506376 770025 380240 279328 402054 249345 738221
792058 308633 571122 618211 560440 904625 748404 583721 313780 782340 581924 680879 999999999 693166 435699 655170 895972 162987 672706 769675 746814 595643 1039259 851205 902859 363818 130973 843716 898811 373346 422913 233131 725877 459228 803929 420412 787375 172868 562764 799717 790956 708625 207434 445130 364447 219210 826549 662851 501850 517135 758821 949085 637293 1055375 539097 254576 690037 479415 674454 201308 426587 871143 986619 243178 765752 938092 203175 823358 759524 352219 913858 682748 439059 715346 583370 567561 374663 553059 668508 324010 328863 643445 861623 404340 713815 284614 372647 136388 769556 562915 304708 741282 395784 174765 366686 914631 899747 786343 451486 325704
99129 389487 395985 202436 682105 244764 577039 710388 583716 91501 152588 95790 693166 999999999 698598 38311 341412 754978 489685 476774 325989 438018 637213 162515 288017 801706 746822 181500 607617 776898 661982 463429 282902 600965 482195 828604 521474 754422 257811 168827 116320 30512 726894 362848 377509 557692 135220 701708 771642 912110 119686 439291 110860 613973 154798 573957 575822 899117 89281 685986 857690 571701 453098 543651 84917 395232 773336 133139 241241 484731 260977 332565 523051 301798 343211 206336 772430 200014 288095 479081 682269 308487 177542 387853 27042 765400 326498 779662 165532 435211 480476 497917 313907 522402 824562 465966 216917 497761 242618 789836
776432 412805 348857 519764 140546 943301 401258 155635 679138 783800 546154 630924 435699 698598 999999999 665465 1013285 598651 370182 481495 548206 856012 731020 851871 980157 793465 566624 880051 564962 797586 36699 395684 553779 109111 517605 152723 476182 608354 729216 711292 814897 695473 247951 336152 585880 569045 797252 246273 83345 215734 693704 725692 595028 765742 572490 617269 336833 210605 734988 237287 184434 549153 769273 584848 732635 739749 288272 822563 614887 229234 959537 481095 762830 882485 396505 495770 121213 677762 497649 625696 733270 463638 808924 316930 725561 715163 518902 369321 675192 313333 604914 437573 554186 385236 185685 663100 908944 488359 537893 182551
136896 351183 371620 182029 653649 279211 561543 682392 552321 129632 121598 91209 655170 38311 665465 999999999 363652 718888 471473 466881 321005 423641 642024 200538 316792 770275 710206 215305 602153 746183 628793 425181 277436 569468 475131 793562 511128 718536 239139 189196 151182 57294 689129 329330 344036 522663 172147 677503 739606 878185 138706 450583 90190 622020 116526 540326 556452 864453 91747 648247 822407 565875 467654 509223 116830 409444 735370 171286 243876 449228 294635 319632 497419 303505 319948 177830 737005 175816 274675 446868 651176 291627 212199 352756 62619 732105 289694 741358 178958 410064 447333 484762 278501 484173 788442 471036 254370 488387 205174 753306
318661 639188 735257 543540 1014501 175022 916711 1043802 671236 291829 483575 434831 895972 341412 1013285 363652 999999999 899719 830900 810722 655054 383157 929249 265654 90225 864917 903824 195949 931616 832402 976748 698893 614103 924229 811418 1128433 855632 894968 333253 450863 246129 359731 989569 680879 531662 701854 332088 1041156 1091325 1219853 421639 715190 451342 893683 440953 694007 917209 1201368 280841 950697 1154945 897042 712730 680022 362101 662151 1028076 277754 560323 787205 159206 671392 553774 191761 683322 540800 1069534 353025 627668 595034 752792 649587 370369 696383 316758 859446 539561 1010964 469658 773684 608381 835773 508955 751036 1113437 764056 238597 830692 486490 1074112
853309 403116 705306 719441 721904 939211 896872 745798 241725 838344 668722 762107 162987 754978 598651 718888 899719 999999999 815712 906269 864401 553730 1173412 902876 922586 208016 33010 882854 1041454 224041 585259 334695 838124 618066 938965 576922 928057 11451 573934 884013 838272 775466 366342 570141 385762 202333 890152 823187 664401 670276 838647 1064310 720174 1184657 608504 206058 840950 631208 717843 363838 579890 1011869 1099035 221737 834775 1047059 352247 877326 862510 496891 945273 804795 376625 709789 709383 666675 534500 584532 784249 304941 208930 763127 930890 531416 771592 130540 429846 270116 857584 702678 293254 881958 441389 287761 520215 1038089 945491 924388 515742 481483
530303 452540 127625 289476 268753 709572 97897 285352 784499 549630 362263 396450 672706 489685 370182 471473 830900 815712 999999999 111599 212593 824130 374440 603830 770773 966082 790112 654566 226201 957081 345500 496834 238304 268060 148051 522087 115965 821980 647747 422574 592021 471770 558938 265726 603978 693869 536308 235497 403485 564251 427408 359603 381486 401594 438483 736807 87494 571309 561918 527721 553468 198944 403380 697560 482524 380910 610596 578712 304859 320641 728787 165762 809333 763559 161750 306937 488488 577918 205717 691821 869957 181330 528474 295732 514158 898201 512328 670241 390050 114903 677402 71146 537293 531285 553670 293395 658176 121144 469745 541646
496721 525196 201079 294208 374343 672616 126364 387555 853088 520510 375797 381013 769675 476774 481495 466881 810722 906269 111599 999999999 157026 855327 269904 565030 741895 1045014 882316 623589 147309 1033349 457098 578541 196648 379595 36622 633051 44914 911789 671769 374084 565477 453615 667067 340211 659673 769932 494943 323608 511677 671997 391527 254833 378449 292184 461705 810165 167627 680703 558516 634551 664319 112119 298262 770904 450450 283296 719149 543250 255104 418483 692406 149488 862794 769192 208219 328437 600070 600386 193904 754815 943129 186842 477338 376324 498076 980585 568182 775883 346842 207252 742556 47220 588309 618971 665253 184025 615581 22308 511899 653088
339818 463608 203479 169399 471376 515667 274731 491872 772006 364051 250028 231398 746814 325989 548206 321005 655054 864401 212593 157026 999999999 729010 337097 408110 585053 977434 844743 466703 281703 961304 517017 529726 43582 439234 156846 699831 201643 868139 542292 218059 409281 300872 685956 302202 565729 703168 338141 448086 597228 756646 234688 202354 237409 331743 339355 737725 296361 757756 411265 648483 731613 245716 241199 699519 293830 198551 738746 386228 98425 416654 535438 69382 760499 624407 169214 217308 656603 471379 80409 667914 867455 103566 322652 343298 345517 920423 478489 780552 189875 235336 659177 189464 491158 579961 720119 177517 459170 176042 407669 699126
502428 443754 699630 563958 909634 488662 921855 940587 312578 474005 481447 512407 595643 438018 856012 423641 383157 553730 824130 855327 729010 999999999 1061182 508786 437095 485777 565604 455021 1000196 452355 823451 468005 686478 798602 872122 929904 896003 546717 187082 606740 445737 468509 745620 583623 271329 378016 537772 972679 939356 1030520 557628 874223 493864 1044370 393766 353098 895816 1002182 352947 713720 949658 963740 890496 353906 515997 832406 770189 496291 664558 635053 485476 707257 180811 200323 663145 526973 870871 257632 664899 271796 379547 668493 588352 575309 434420 489881 341114 727688 601734 726745 291778 860092 307209 499993 896832 891457 525232 877635 356386 853352
615770 783974 468838 506492 606077 764550 330824 610311 1103993 645510 586506 551061 1039259 637213 731020 642024 929249 1173412 374440 269904 337097 1061182 999999999 663921 846345 1303815 1150264 733338 170419 1289915 711494 842384 377307 637195 235336 877482 259220 1178542 874115 483753 690403 608052 933293 603980 900980 1028180 597511 525600 745391 899914 523608 215567 567371 58051 675726 1065820 394615 915501 726381 902111 907515 181867 229212 1026930 579487 270012 984782 652164 398161 688380 783936 379132 1097470 938399 466021 553592 852045 804212 412167 1001583 1197498 422624 559897 642050 650459 1242399 812106 1044345 474370 477156 991605 303326 826828 885668 916704 171261 699958 254747 744222 909567
76215 550623 530153 337175 823013 107610 680222 849767 713305 71059 308382 222198 851205 162515 851871 200538 265654 902876 603830 565030 408110 508786 663921 999999999 183265 929029 897250 71003 675286 901462 815524 623747 371097 750591 560619 986176 609402 901374 358440 192611 67020 157722 889356 518786 518505 702123 70426 829993 921839 1066841 176505 449560 256919 628043 316092 712532 691305 1055696 186472 848435 1015777 641960 447618 685761 123104 396514 935849 29730 309950 643929 127453 438377 631930 325546 476272 356120 930938 323106 398672 613499 809380 426793 104831 546627 138710 900879 480327 941248 218241 570437 618374 595998 462896 682457 984484 500254 57157 583363 399779 950577
245254 627483 683474 488878 969876 85309 852661 998305 703990 222067 438334 375440 902859 288017 980157 316792 90225 922586 770773 741895 585053 437095 846345 183265 999999999 907108 923528 118388 857009 875855 943459 692882 545733 885945 739913 1103040 786646 918854 348654 374042 178752 300571 978297 644375 542878 721295 252540 988671 1055584 1190913 350379 631363 398600 809039 410907 719375 857955 1175075 247570 938390 1130822 823188 626909 700920 291575 577724 1019883 200076 488168 758790 68981 607800 596232 236963 630296 493792 1045146 350063 565420 618533 791408 590054 286452 664488 261427 894355 535360 1010409 396358 722946 629332 769917 508261 748086 1092801 683491 149863 761079 471180 1055188
893971 520339 846014 817167 908519 941952 1054535 934422 218004 873110 751683 832625 363818 801706 793465 770275 864917 208016 966082 1045014 977434 485777 1303815 929029 907108 999999999 240581 893993 1187273 34778 776272 469250 944901 799195 1074700 783057 1072594 196700 573206 952700 862050 827263 570868 705142 428654 275653 932090 1005602 863639 877618 903578 1168807 795121 1307401 675163 239988 1003683 838787 744095 564155 787107 1155042 1198831 277915 886188 1143266 559761 907586 956242 659639 943703 925763 311505 674650 839065 764725 738466 607830 897596 323822 119794 882441 978360 671159 812280 79208 504098 478128 932156 851181 326022 1027374 500851 440168 727298 1154842 962220 1064945 585801 687791
845577 386164 681636 702977 690879 937175 869950 714472 256158 831651 655091 749964 130973 746822 566624 710206 903824 33010 790112 882316 844743 565604 1150264 897250 923528 240581 999999999 879744 1016126 255586 553764 315485 819590 588003 915416 543918 903134 44009 575174 871557 833361 766345 333382 548136 383050 202418 882031 792653 631816 637391 827018 1045457 707547 1162681 598154 213736 813338 598379 713310 331319 546977 987001 1080850 223808 825383 1029578 319382 871161 846032 470350 943898 784041 391249 715130 687557 650479 501545 581729 764842 309112 233970 742813 921689 508824 764323 162543 420526 237745 844280 677712 295517 856995 434515 265643 487279 1017342 941188 900104 505831 448482
126886 552012 571671 376707 861360 64183 735115 889135 681404 104937 334080 261655 843716 181500 880051 215305 195949 882854 654566 623589 466703 455021 733338 71003 118388 893993 879744 999999999 739071 865041 843422 622319 427582 782292 621540 1008831 668318 880492 320845 256430 65522 188483 898359 544144 497141 680672 136230 875481 953079 1093298 232063 519560 289065 698309 322508 686496 741933 1079757 169302 857749 1037594 705087 518408 662641 173517 466841 942779 82356 369787 664383 79486 490704 590354 264034 518046 387023 952134 298322 448904 585904 775092 474582 175583 568050 154502 871114 471104 941601 278007 611573 593043 652029 449250 679935 1002929 568280 70365 642716 396544 967142
613282 668951 341279 436814 436891 782048 163783 440207 998568 639820 519173 513066 898811 607617 564962 602153 931616 1041454 226201 147309 281703 1000196 170419 675286 857009 1187273 1016126 739071 999999999 1176682 547561 718863 325061 475778 128339 709273 114683 1047560 815465 483031 685601 582027 777053 482371 806808 913060 605034 355235 575817 729610 510165 278235 516308 216156 606456 954283 228342 745663 692830 748225 738949 36548 313240 914973 569658 325865 827482 656955 371714 546834 801972 292946 1010091 905657 354584 474107 686174 744035 335678 901261 1087451 332679 578730 516339 626630 1121136 715223 891700 461971 338922 888626 160140 735601 755968 750365 200117 721063 125474 659046 745407
868090 508153 835490 799251 909251 912113 1046893 935777 194573 846642 731919 810697 373346 776898 797586 746183 832402 224041 957081 1033349 961304 452355 1289915 901462 875855 34778 255586 865041 1176682 999999999 778983 460959 927857 798564 1062357 793723 1062024 212590 544548 930052 834446 802955 580766 694317 406816 263624 906229 1004704 869562 889679 880615 1150721 773981 1292092 653623 224103 997392 851333 717226 571685 799080 1143975 1179937 263023 861596 1123952 572649 880515 937116 654966 913488 911191 279712 642576 826452 747149 747438 581447 881828 301382 95573 867761 952995 661501 786716 93790 485372 493038 910370 842234 305438 1017120 480084 435857 739167 1138818 933621 1053584 565493 698822
740159 379796 316108 484043 139748 906701 383897 160986 654351 747336 509570 594771 422913 661982 36699 628793 976748 585259 345500 457098 517017 823451 711494 815524 943459 776272 553764 843422 547561 778983 999999999 366315 521127 78700 493495 182860 454519 594599 694186 676375 778288 659005 246028 299472 554055 544779 761241 245382 117307 251607 658092 697813 558643 744269 535906 593102 319340 244580 698335 229510 214623 529868 741237 559689 696521 710185 290650 786186 581451 193766 922907 449288 734219 846888 362623 459405 143102 642038 464339 597294 711842 430365 773427 280368 688938 698567 485179 367566 640277 281708 576753 414344 520376 359629 208248 637056 872578 465204 502250 198093
561715 75516 378089 389198 475268 684946 585935 504822 300791 553823 348917 447748 233131 463429 395684 425181 698893 334695 496834 578541 529726 468005 842384 623747 692882 469250 315485 622319 718863 460959 366315 999999999 504106 360311 609690 462250 604280 338630 374768 566808 566058 477291 292514 238674 197327 199686 595378 559767 478260 562583 525690 730028 404167 851345 308660 245581 537100 534924 453785 255447 482988 687273 765382 207522 533662 714367 329196 595245 531899 201007 695921 470432 368047 534124 376619 337375 403010 346187 449631 231480 376828 428530 629205 202585 485319 402328 159334 319313 537068 381935 211396 558767 191068 59109 432304 703619 674375 597827 225802 389644
300885 435559 205025 130647 486883 478337 309191 509224 737212 324028 209230 188012 725877 282902 553779 277436 614103 838124 238304 196648 43582 686478 377307 371097 545733 944901 819590 427582 325061 927857 521127 504106 999999999 444743 199362 703763 241548 841420 499606 184707 368867 258261 676539 284646 529123 671824 301819 472219 607673 765450 195726 226317 194092 368684 298419 704935 324633 764266 367796 638081 735435 288970 261391 667145 254159 212434 729072 348078 66814 405639 497978 76177 721566 580864 161953 181080 657980 428869 60174 632299 833495 92412 290517 325643 302890 889686 443414 766553 153625 241108 624353 224947 454324 556295 720441 213287 423563 216653 369944 697120
674685 357858 239930 415591 114986 844840 313122 144914 658529 683742 448516 528652 459228 600965 109111 569468 924229 618066 268060 379595 439234 798602 637195 750591 885945 799195 588003 782292 475778 798564 78700 360311 444743 999999999 416103 260796 378941 626557 656768 604429 716839 595668 304511 243381 534615 551738 693861 206427 171248 322356 588753 619118 494654 668329 484132 599732 249130 319526 643881 280378 292588 456203 662537 563822 629912 631671 353277 721583 506196 164891 861664 371992 725509 804683 288401 395633 221495 599795 388927 590558 724825 354912 703458 232914 628007 723417 457503 423416 568356 204230 571083 337672 491756 366435 286517 558700 807747 388464 461861 273672
494807 554428 233781 308517 408474 668151 150634 420656 880350 519938 390921 386973 803929 482195 517605 475131 811418 938965 148051 36622 156846 872122 235336 560619 739913 1074700 915416 621540 128339 1062357 493495 609690 199362 416103 999999999 668928 57706 944303 687182 368270 565405 457564 703448 371031 684065 799275 490223 353312 546448 706488 390162 224035 388483 255874 478470 838746 198801 715841 566230 670753 700128 91793 266931 799560 449605 256517 755581 540221 251765 453366 688037 165102 885949 778501 235935 346723 636414 615758 207386 780829 971443 205901 469128 408100 502205 1011217 593033 811853 343571 242378 769171 80950 611782 651378 701597 150377 609428 33271 533479 689642
911871 500335 498801 660643 273185 1072771 546666 275728 709198 916634 677944 768133 420412 828604 152723 793562 1128433 576922 522087 633051 699831 929904 877482 986176 1103040 783057 543918 1008831 709273 793723 182860 462250 703763 260796 668928 999999999 625715 587848 825449 855558 944558 828588 213207 467459 659574 600002 935175 369368 139964 101654 834670 878393 729865 914391 692158 645974 483048 73519 855648 229227 31793 695934 921985 619852 869838 892291 226838 956560 763474 344652 1088023 632147 812290 983275 544392 631478 59785 782164 646570 677180 744689 612655 950307 440827 855208 703959 607868 313607 819525 464552 655636 588470 642906 432979 61790 815328 1042837 639078 643538 95458
541438 554399 226596 336934 360122 717006 93848 370096 884437 565351 417940 425694 787375 521474 476182 511128 855632 928057 115965 44914 201643 896003 259220 609402 786646 1072594 903134 668318 114683 1062024 454519 604280 241548 378941 57706 625715 999999999 933999 713332 418060 610352 498457 674191 367708 694633 798400 539230 298632 499297 658241 436267 279982 422370 289771 502845 839738 147071 669487 602818 643433 656514 83880 322322 800425 495256 314017 725593 587840 299456 435159 736817 192600 898708 813031 241832 369104 596441 642040 237373 787844 972930 228010 520737 401723 542895 1006587 602849 786121 391304 225427 774881 46152 624309 641970 661476 204062 659602 26751 549720 652212
852564 406076 710757 721972 730931 936467 903734 755008 234341 837237 670203 762992 172868 754422 608354 718536 894968 11451 821980 911789 868139 546717 1178542 901374 918854 196700 44009 880492 1047560 212590 594599 338630 841420 626557 944303 587848 933999 999999999 570262 884970 836543 775245 377002 574951 383627 199830 889533 831910 674559 681399 839314 1067680 721255 1189287 608815 200980 848149 642376 716034 373972 590985 1017773 1102133 218453 834629 1049890 363386 876021 864995 503694 942305 808994 368939 704711 714056 669127 545139 582209 787909 300664 198592 767160 930645 536492 770714 119104 429955 281457 858865 708693 289641 887927 440614 292930 531284 1042232 943520 930049 515967 492423
334684 325239 526690 378667 761960 370954 744713 792833 361218 309464 296308 326254 562764 257811 729216 239139 333253 573934 647747 671769 542292 187082 874115 358440 348654 573206 575174 320845 815465 544548 694186 374768 499606 656768 687182 825449 713332 570262 999999999 426041 291576 287844 667255 424521 198410 372806 372161 813908 811484 922266 376024 688936 306782 857758 210761 371403 723579 898962 180291 630054 849275 778942 706781 352271 339973 648562 702230 339528 477844 500522 374694 522860 273801 159410 485998 344701 765683 71432 479797 270335 454249 485330 421693 424865 258837 551538 218460 679724 418076 557214 280684 679104 184369 422971 802489 704520 389086 694046 195347 761016
132887 491530 368982 197878 661320 299979 492460 685686 735528 161985 217934 122055 799717 168827 711292 189196 450863 884013 422574 374084 218059 606740 483753 192611 374042 952700 871557 256430 483031 930052 676375 566808 184707 604429 368270 855558 418060 884970 426041 999999999 207342 138432 793715 398313 524105 695296 122198 654944 773313 926559 50496 276383 164015 454496 278938 718057 509243 920832 255178 753200 886577 449461 286078 684453 96595 228940 844200 174120 119785 528497 319886 257620 686401 459804 317059 239211 804704 364910 223880 628976 834602 256105 105901 434417 174214 909846 456901 866293 36101 408619 627203 407390 453445 624962 863645 315002 241543 391783 371176 834873
74639 494272 506760 311790 795958 128446 674380 823807 646478 45845 268793 197240 790956 116320 814897 151182 246129 838272 592021 565477 409281 445737 690403 67020 178752 862050 833361 65522 685601 834446 778288 566058 368867 716839 565405 944558 610352 836543 291576 207342 999999999 123274 837890 479162 453196 637011 99098 811096 887676 1028413 175515 479762 223597 658860 261829 646466 679215 1015247 120598 797135 973499 650943 483314 620250 115979 428982 883133 50633 314195 600361 144828 429278 565206 269534 453239 321508 888135 256706 386705 547113 742420 411374 147979 503733 89449 834333 418800 884818 223784 546568 552363 592123 399684 624311 939589 522311 108797 585164 340629 904278
86086 402525 383533 188600 672929 249615 557012 700655 609276 88334 150683 75323 708625 30512 695473 57294 359731 775466 471770 453615 300872 468509 608052 157722 300571 827263 766345 188483 582027 802955 659005 477291 258261 595668 457564 828588 498457 775245 287844 138432 123274 999999999 734248 361335 401321 579775 118090 688209 766797 910008 89175 409056 101095 584143 169717 597620 558542 898320 119151 693274 858119 546324 422609 566464 59578 364765 781641 128035 213442 486225 267076 311771 551579 330441 330081 200078 773234 228701 267937 504003 708057 290505 155427 388912 44646 789393 345871 791176 135365 423305 504603 476589 335566 536395 826821 436869 214250 474272 260673 793128
820313 351183 486996 597054 385004 962229 616182 403144 501599 818298 588332 687312 207434 726894 247951 689129 989569 366342 558938 667067 685956 745620 933293 889356 978297 570868 333382 898359 777053 580766 246028 292514 676539 304511 703448 213207 674191 377002 667255 793715 837890 734248 999999999 398051 482812 394571 849677 491088 302447 311446 762093 883604 644682 959248 576149 438721 552869 275105 733663 40980 221455 754876 925033 415919 784581 884451 52858 859835 724950 271055 974974 616943 612528 826568 516992 555054 168164 636569 616367 481452 532118 585342 874955 359857 751612 491676 450970 121687 759395 465380 460008 630084 483486 247779 162176 834497 943456 679584 507121 119497
444427 187212 141228 200477 339933 607608 360370 370469 518883 449543 210924 301479 445130 362848 336152 329330 680879 570141 265726 340211 302202 583623 603980 518786 644375 705142 548136 544144 482371 694317 299472 238674 284646 243381 371031 467459 367708 574951 424521 398313 479162 361335 398051 999999999 342823 430692 468396 390302 411396 549273 371247 504546 262452 614602 240934 472343 321235 536986 400743 358256 497267 449903 542988 433031 402865 496713 449691 489205 327904 130203 623615 237646 547662 565763 139432 164716 412872 362512 225498 426611 605580 198647 486506 41137 389737 640395 252835 482372 363227 153281 411818 322910 281767 282580 468681 470171 575545 359873 230376 437768
473478 176758 476389 398684 647982 554132 700762 678670 212400 456035 326802 404038 364447 377509 585880 344036 531662 385762 603978 659673 565729 271329 900980 518505 542878 428654 383050 497141 806808 406816 554055 197327 529123 534615 684065 659574 694633 383627 198410 524105 453196 401321 482812 342823 999999999 183876 511160 719734 669166 759799 475176 747836 367211 897297 246808 196448 664039 732234 332609 448358 680178 771766 775307 167350 460773 718699 513051 493839 532544 369762 560922 523527 205376 352202 452803 348501 600294 198849 488825 105518 311243 480416 555051 324407 391157 388074 91891 483979 503649 495208 103406 653002 74869 235039 628749 742230 559903 681342 160283 585701
655069 244849 571869 545950 665603 736878 784587 693983 110475 638781 485545 573406 219210 557692 569045 522663 701854 202333 693869 769932 703168 378016 1028180 702123 721295 275653 202418 680672 913060 263624 544779 199686 671824 551738 799275 600002 798400 199830 372806 695296 637011 579775 394571 430692 183876 999999999 692393 755200 647743 701247 648071 897015 533226 1032271 416675 48331 736654 667288 516444 371194 613352 880403 928537 24123 639340 874017 408024 677117 687133 398674 742991 650369 221293 514152 563516 493065 545469 382379 623056 109342 177153 607119 734788 398156 572922 218160 238585 354167 671420 579122 93619 753510 244222 185948 555488 880324 743771 790072 324122 511817
38139 520602 467937 278329 761674 177935 611003 787744 714457 63791 261974 167047 826549 135220 797252 172147 332088 890152 536308 494943 338141 537772 597511 70426 252540 932090 882031 136230 605034 906229 761241 595378 301819 693861 490223 935175 539230 889533 372161 122198 99098 118090 849677 468396 511160 692393 999999999 764590 864865 1012848 109527 384534 206777 563598 287469 707442 623680 1003462 192004 808702 965320 571610 385797 677909 65652 332588 897722 54718 239841 596300 197815 370580 644709 367888 414236 303800 881221 324993 332095 611148 812357 361400 50594 499116 120166 898329 461640 908869 148430 508250 613589 526506 448940 654481 936712 432050 121941 513131 377319 904407
754803 545550 305943 499804 106202 933473 205897 94104 860221 771186 558642 613901 662851 701708 246273 677503 1041156 823187 235497 323608 448086 972679 525600 829993 988671 1005602 792653 875481 355235 1004704 245382 559767 472219 206427 353312 369368 298632 831910 813908 654944 811096 688209 491088 390302 719734 755200 764590 999999999 230000 376146 655065 577317 590870 569761 618155 802819 156412 395464 763270 474458 396394 350267 620226 766040 707149 606728 533914 803441 539023 359008 952138 397437 918139 949097 358515 501068 360239 749590 432786 786104 929698 403305 760604 397929 727764 929827 635276 612746 621251 267630 767610 276826 667199 571079 419446 502619 885661 320085 620630 425575
845925 496113 405448 586539 139656 1015802 415368 137237 758119 854921 619079 699877 501850 771642 83345 739606 1091325 664401 403485 511677 597228 939356 745391 921839 1055584 863639 631816 953079 575817 869562 117307 478260 607673 171248 546448 139964 499297 674559 811484 773313 887676 766797 302447 411396 669166 647743 864865 230000 999999999 160817 759230 763070 665824 784924 650394 695779 353425 170448 811905 300588 166394 564974 806848 664311 801067 782191 333969 892827 671223 311011 1032501 532795 844728 963917 456308 566727 143112 758971 554347 707545 808740 520516 873529 395447 798677 784778 602053 419738 737331 367145 686628 465502 637307 465536 194111 695624 978995 515134 619288 209342
991613 597845 561538 735494 298214 1156858 572037 289926 810182 998333 760066 846348 517135 912110 215734 878185 1219853 670276 564251 671997 756646 1030520 899914 1066841 1190913 877618 637391 1093298 729610 889679 251607 562583 765450 322356 706488 101654 658241 681399 922266 926559 1028413 910008 311446 549273 759799 701247 1012848 376146 160817 999999999 909433 923851 809923 941463 780894 746985 511566 40689 944291 330144 90601 721111 967628 721263 948112 942885 318038 1037439 827959 432851 1172738 691285 913942 1079238 610741 710754 159701 876733 710736 778807 843553 676750 1024620 526469 938974 798802 705613 402416 890467 524354 757267 625591 740824 534467 150521 856011 1123845 674867 737315 191964
105219 450192 359438 174155 653295 283076 504293 679021 686165 129854 177774 77942 758821 119686 693704 138706 421639 838647 427408 391527 234688 557628 523608 176505 350379 903578 827018 232063 510165 880615 658092 525690 195726 588753 390162 834670 436267 839314 376024 50496 175515 89175 762093 371247 475176 648071 109527 655065 759230 909433 999999999 320938 121601 497362 231399 669802 514864 901639 207552 721314 865273 475437 333508 636678 59538 275759 811757 152458 138689 501048 302595 261877 635925 415754 305965 207740 782146 314452 222678 579769 785232 251887 115651 405101 127944 861722 410144 830102 49552 399698 578433 420550 405289 584313 839484 353088 230951 410727 324135 809014
405494 661875 396785 351640 627621 549151 373829 642015 958469 435844 421406 362983 949085 439291 725692 450583 715190 1064310 359603 254833 202354 874223 215567 449560 631363 1168807 1045457 519560 278235 1150721 697813 730028 226317 619118 224035 878393 279982 1067680 688936 276383 479762 409056 883604 504546 747836 897015 384534 577317 763070 923851 320938 999999999 388738 179146 506681 928877 422170 930274 528140 847083 910050 257212 43778 891543 372970 54661 936462 439245 216314 616599 568482 268700 932332 735987 369754 404194 840330 622077 280984 852467 1055811 305899 345086 545629 448831 1115089 665358 981309 273764 422148 845892 302053 673082 781386 905053 79500 484466 257294 587556 887902
182022 328692 285126 92346 572408 350667 471364 600387 579609 189098 56752 43752 637293 110860 595028 90190 451342 720174 381486 378449 237409 493864 567371 256919 398600 795121 707547 289065 516308 773981 558643 404167 194092 494654 388483 729865 422370 721255 306782 164015 223597 101095 644682 262452 367211 533226 206777 590870 665824 809923 121601 388738 999999999 552394 120638 558064 466811 798994 181588 603759 759719 479852 412003 523398 141130 354370 693553 227543 173315 389594 367981 230214 543988 390746 232406 99271 675241 236950 185241 472722 678414 201437 230521 292359 137183 749221 294658 709436 138198 324402 469109 394980 294274 462736 730140 398244 313939 400187 209905 697637
584520 789706 484501 499312 645273 726016 369646 651543 1103600 614792 576739 532079 1055375 613973 765742 622020 893683 1184657 401594 292184 331743 1044370 58051 628043 809039 1307401 1162681 698309 216156 1292092 744269 851345 368684 668329 255874 914391 289771 1189287 857758 454496 658860 584143 959248 614602 897297 1032271 563598 569761 784924 941463 497362 179146 552394 999999999 665183 1068178 431857 955358 703215 926621 944898 220364 184046 1029667 551029 231532 1011300 618294 379925 707218 745106 382172 1089973 913104 475275 548798 886174 789002 410384 999657 1198639 425230 523330 653927 625206 1248317 810212 1067529 449002 497279 990809 330928 822618 897182 951174 155496 661030 280452 738565 941835
253159 234742 320792 171174 579004 386568 534860 609106 459157 245611 89327 157649 539097 154798 572490 116526 440953 608504 438483 461705 339355 393766 675726 316092 410907 675163 598154 322508 606456 653623 535906 308660 298419 484132 478470 692158 502845 608815 210761 278938 261829 169717 576149 240934 246808 416675 287469 618155 650394 780894 231399 506681 120638 665183 999999999 439244 516686 764315 163527 535446 719923 570018 531598 405522 227828 474274 621323 287191 290369 348206 400060 313510 425939 331117 276995 133947 634249 139892 271528 352274 558050 274961 324181 255568 177382 630941 178997 625188 257007 354232 349181 468344 174707 367666 682617 509858 368453 484007 92905 645832
669674 285340 613542 577244 713723 740477 828516 742175 63235 651578 512925 596852 254576 573957 617269 540326 694007 206058 736807 810165 737725 353098 1065820 712532 719375 239988 213736 686496 954283 224103 593102 245581 704935 599732 838746 645974 839738 200980 371403 718057 646466 597620 438721 472343 196448 48331 707442 802819 695779 746985 669802 928877 558064 1068178 439244 999999999 781643 712517 526079 416846 658587 921181 959169 39316 657119 903852 449453 688672 716786 445619 745344 687100 185506 503777 602812 524753 592030 389888 658051 101115 133238 643677 751499 441200 587351 191982 264878 390874 695867 622324 94182 795203 264613 234220 600295 915199 751536 830612 348170 556790
