NAME : synthetic_000273
TYPE : CTSP-D
DIMENSION : 100
GROUPS : 8
RELAXATION_LEVEL : 1
EDGE_WEIGHT_TYPE : EXPLICIT
EDGE_WEIGHT_FORMAT : FULL_MATRIX
EDGE_WEIGHT_SECTION
999999999 412037 946191 622976 485311 238020 537249 508750 312286 866530 504028 1002440 164174 928898 831049 85542 192573 612779 278500 478048 440852 651349 319415 676702 785357 747887 172548 753307 790234 529739 766228 541395 544279 127073 378186 930115 1027747 891379 575147 760319 884473 182648 156010 491586 599093 911519 628901 895013 607801 130528 539728 790138 404680 527602 820394 321306 913622 832715 728762 955977 396840 715998 449138 398147 668160 710600 600295 373814 347070 587877 514809 315888 381908 728082 372383 616482 646746 947345 654468 911795 619994 365485 921381 592314 440756 667330 768833 934932 595525 819806 168440 788955 561565 834957 898938 172300 848221 473420 597669 705949
412037 999999999 548875 334429 257977 347466 444908 105401 103736 565332 169881 632321 433689 517062 491480 378025 278393 238702 378983 145167 465037 475243 122756 377655 381289 338215 259872 343849 378527 487307 469778 412693 472161 397488 269927 528979 627731 537109 178927 350118 596444 377008 356687 321178 190461 626955 429385 538815 556216 288025 594400 378102 409950 300949 524561 210881 571379 420679 413219 608307 366032 318058 473561 461282 352841 298994 654476 481315 541033 204785 308944 448607 479232 316206 225296 603512 557908 536415 244416 518361 358351 92249 608946 607175 418535 260461 457204 527835 234427 523968 352122 539385 341511 429542 496882 308689 494691 172063 302865 399855
946191 548875 999999999 403275 683395 889108 657735 444163 637426 340610 565938 538125 982430 168747 573873 924213 773897 336048 803100 572460 954109 819634 668314 623820 170638 303828 776974 303235 217090 934341 349582 828185 904918 895535 637726 32231 391438 550019 452863 219869 377581 924659 905473 751605 403728 394213 772203 544976 976391 815944 1069357 234914 743670 505022 679017 739054 231583 212534 321770 598400 860157 383712 960562 807517 348097 274876 1118174 849828 942971 358410 528518 978494 993795 266199 614263 1037458 949393 243287 357079 395618 437592 627722 322353 1057646 722057 366827 318202 298706 509849 678752 900583 762491 502387 129395 59701 803780 538421 485230 616362 345829
622976 334429 403275 999999999 581201 655444 258021 264226 365179 246574 468583 767861 710476 482029 696682 629807 431790 160666 419715 453979 797895 788113 443138 644026 311033 416053 452669 421280 379428 821165 145688 740978 804500 540379 258937 403364 685602 714353 396052 338866 270760 666590 637784 649274 356136 300331 739134 712868 888140 497741 927840 396879 343132 107669 768349 539649 295163 424522 107552 783826 699412 461593 806612 406181 55983 333418 988509 449944 545633 186783 129449 765636 804783 349150 252043 937219 885294 542041 365225 618730 42201 424737 299299 941588 319390 393734 145889 569025 482793 767838 637888 813635 99133 350689 382088 456856 680753 170788 588316 83231
485311 257977 683395 581201 999999999 288587 698896 319128 299830 792570 122678 536714 411493 588271 353741 412479 448460 452185 581214 128950 273121 218928 212262 193086 517447 392245 408258 395141 471021 255188 704622 160840 230771 535728 513520 655633 602142 419112 232731 463563 827833 349113 352696 71292 284424 858372 176066 423778 311504 408035 386191 458143 644575 558596 335194 164464 773803 494204 643768 478060 187146 323777 278840 686351 588673 409142 437306 695851 733162 416080 566920 331498 325677 417225 470583 366508 304149 573066 326430 480850 609925 190947 828230 379937 660011 317843 686273 538762 179719 334604 341251 314087 598763 554014 624204 470843 377661 428520 119110 635648
238020 347466 889108 655444 288587 999999999 662137 451857 290266 898919 353826 825201 123350 830638 641819 152740 313379 585485 448957 335421 208553 419803 224711 479287 718807 634887 266537 639264 698045 292484 799455 307867 306262 336483 470929 866519 881388 707668 454805 677935 925889 63765 82119 272865 494937 955686 403222 712361 371446 234508 323148 691384 556598 586582 611812 153902 916297 732381 748370 765519 160004 582283 217486 573286 686003 622777 386972 563202 563080 552151 583041 113749 168587 636713 442944 385748 408826 830992 549269 760558 667804 261788 946874 366697 585749 552552 792116 805662 442259 611255 69589 567088 627316 764317 834088 317590 666233 485100 407684 731126
537249 444908 657735 258021 698896 662137 999999999 432195 409693 414638 612583 1000585 671801 738690 902099 578555 359952 392234 266042 589494 848198 917761 504948 815173 566366 650480 401794 656212 628281 898738 335905 844070 892103 420656 194686 659995 934721 931756 579042 587223 414242 648294 614351 755593 554398 433272 873196 931438 975188 443255 975835 643478 142093 178648 955712 597943 508041 675146 339900 1003465 758943 679891 857583 186433 310868 571208 1039868 233245 330836 403421 157836 775156 829311 588983 232248 1012390 987320 795919 581383 857263 220535 510753 472389 1005974 104440 609241 358098 818436 658713 955146 619548 981364 161743 607925 639726 369712 893813 293438 744979 314143
508750 105401 444163 264226 319128 451857 432195 999999999 196524 476613 204357 585965 538884 422760 470799 480694 355647 139331 431003 190655 555723 523912 227478 389076 278057 259487 346870 265470 284379 566270 386030 479824 546571 478797 290490 425052 556773 504859 146871 252152 510493 482409 461863 388729 127726 541108 475029 505245 629214 380802 682889 287419 431790 263860 524748 310089 472164 329423 325973 577014 456556 261196 563778 490563 269643 205251 740724 518847 591655 103518 279036 550432 577198 223798 248694 681218 623047 450237 169860 456663 296401 191890 516189 689344 431101 193319 369157 449528 228869 524192 457456 558259 299154 327079 393167 386701 465139 138831 326935 316728
312286 103736 637426 365179 299830 290266 409693 196524 999999999 609191 246771 730910 355055 617353 581577 287603 177058 310430 290556 218798 447333 516814 95263 453322 473913 441687 156143 447360 478638 490085 509392 435706 482465 294117 217514 619874 731248 631478 280371 448096 635678 305072 279154 349386 294192 665436 475787 633670 565743 185507 577364 479512 344759 301441 603131 190082 632694 522011 459496 701651 353325 420844 456530 387696 396944 399003 640371 400657 450182 281523 301422 400996 443428 416811 177447 604798 577979 639254 347917 620962 378512 109717 658150 601202 361169 364189 502977 631520 325692 602528 277348 605086 342986 523264 588321 206652 588477 194996 373823 441446
866530 565332 340610 246574 792570 898919 414638 476613 609191 999999999 672138 842301 956997 488730 824063 876170 674236 340385 642166 663761 1029705 983325 681479 813954 364334 521890 697835 525127 450082 1042746 100946 953190 1022183 776523 493288 360242 717132 822109 577361 420288 41113 912417 884016 863293 527804 68581 933355 818736 1104005 743149 1158194 472481 541246 339744 914354 775492 117100 479344 152117 883440 930471 591339 1038055 596831 213448 447214 1216861 643715 742275 376530 355108 1007458 1043234 454453 494152 1157319 1093785 563338 512703 689979 246793 657538 58225 1165957 508454 537472 108136 609701 660945 913934 883865 977805 309938 374404 358523 697571 797873 414260 774183 167795
504028 169881 565938 468583 122678 353826 612583 204357 246771 672138 999999999 499199 468856 483203 337317 445255 418891 332116 537115 28199 388273 319621 188278 208750 397925 285609 387639 289420 357984 377755 586279 281620 353294 525283 439637 539226 531568 391799 113076 346386 708088 405403 398760 193926 163431 738534 270969 394771 433176 401106 506567 347507 578748 458412 357451 202042 651184 386259 524748 459896 294666 228482 394880 628072 471526 291069 559200 645043 696907 296384 469822 423394 430436 300914 395057 489033 421800 478042 209612 412272 500148 146235 706578 502501 588292 205737 566661 451877 92092 356851 389527 369651 496745 436707 507338 446194 348410 327550 133018 518056
1002440 632321 538125 767861 536714 825201 1000585 585965 730910 842301 499199 999999999 947745 369404 189445 939244 907932 612140 1009213 526132 762803 509394 687066 351882 482486 352273 882033 346868 398893 691462 806079 588403 654550 1021006 876455 508079 170151 120127 454124 435802 883164 884854 885419 566882 458377 906611 484463 114493 688791 899204 828390 378002 1017491 822173 269821 688338 754038 363667 751234 93826 706241 325004 764295 1076514 733677 434507 851214 1103822 1171447 597323 842794 858416 836161 418812 834333 749971 638209 295474 421282 153073 809946 643257 842224 785918 1014838 394679 774150 239540 409416 270050 874671 366264 845876 467962 496340 937150 159293 717980 417624 763038
164174 433689 982430 710476 411493 123350 671801 538884 355055 956997 468856 947745 999999999 936704 764999 94274 311929 664235 428119 448036 292557 535285 315193 602617 813892 743661 272716 748371 801267 388102 856162 422708 408805 287265 492906 961900 999527 830592 563410 777853 980164 63614 77024 395297 599315 1008956 522533 835213 462132 229097 379381 796541 549214 628149 734538 266850 987201 838356 810413 888816 273170 696073 299842 551947 747930 723818 438432 532187 511074 633524 620145 158487 224133 739045 474684 462856 507037 942062 654790 879219 716115 358581 1008380 435290 582904 660948 853102 919823 559290 733985 82345 687035 666515 861227 929646 303897 788967 545275 530500 790526
928898 517062 168747 482029 588271 830638 738690 422760 617353 488730 483203 369404 936704 999999999 417241 892384 776899 362051 834227 497131 861020 691239 623944 491883 173013 197631 769624 194038 138716 826784 473287 717110 794368 900426 674292 138844 228664 386382 375990 172015 528364 875187 861511 650775 337399 548823 646756 380938 858871 802718 966391 140293 799040 567761 525152 676772 390248 98381 429372 431138 773673 266019 866341 863084 433662 218360 1009552 900832 986865 368825 591340 906564 911507 200856 641879 921638 825345 75794 281979 228546 522366 578913 480398 946343 784326 278565 440322 129963 408556 524951 854546 614186 577058 131724 131043 807894 379312 508533 501176 448178
831049 491480 573873 696682 353741 641819 902099 470799 581577 824063 337317 189445 764999 417241 999999999 763150 755888 536055 869500 365454 573460 326315 523994 163844 463506 302194 724872 299105 379794 503986 767157 399465 467172 862015 753757 541651 306068 69470 325220 404596 864923 702829 705857 378703 348324 892007 297233 75563 506739 736607 642489 357375 896042 728665 109102 511710 756543 364979 706610 125013 517682 237354 575058 950729 674457 379162 668820 972596 1030857 511943 746369 670037 646766 370045 709640 569151 459378 360893 331471 205540 736901 483454 837066 603215 899254 303009 738117 304708 257175 108980 694624 204499 759057 469017 519897 783454 41653 609424 235473 712141
85542 378025 924213 629807 412479 152740 578555 480694 287603 876170 445255 939244 94274 892384 763150 999999999 219243 597511 334079 421011 355712 568849 270086 605356 758633 704780 182729 709903 754663 444197 775228 458055 458961 197425 402855 905721 975217 825577 527228 727817 897585 97742 70625 412575 556943 925852 548340 829581 522303 137781 457632 752311 454959 542758 746016 251532 912790 794738 732305 888127 312160 665616 364095 458217 670246 675637 519164 439692 424206 569120 533291 233707 299248 692117 387678 531809 561282 904702 612846 857031 632552 316300 928925 508564 488767 622676 774189 887779 537345 745437 83182 710017 579994 807296 873860 209839 782807 469161 528064 711263
192573 278393 773897 431790 448460 313379 359952 355647 177058 674236 418891 907932 311929 776899 755888 219243 999999999 437848 140383 390694 514728 653319 238815 620235 621107 611740 47554 617581 639280 582894 574141 556711 585469 123568 186692 760833 905139 807515 456846 605074 691903 290620 256255 482136 466952 718960 618568 809874 662904 83510 635739 643037 243763 335054 770251 299092 724479 684922 538348 877186 438583 596434 524073 261641 478660 560666 699804 257818 284705 417742 322338 422910 481825 579358 180192 688813 687914 805748 518702 796747 427565 273834 729393 674994 274593 537183 577654 802382 501590 769646 262628 762006 369140 671155 730858 31054 764366 290909 539335 514967
612779 238702 336048 160666 452185 585485 392234 139331 310430 340385 332116 612140 664235 362051 536055 597511 437848 999999999 475718 323398 694986 646808 361039 490036 191985 260031 442040 265576 238755 703123 255171 612832 681961 559668 313175 323750 543463 554288 244027 198003 375979 610984 587597 522939 199464 406442 597031 552962 763631 482254 821834 252304 437644 214215 609438 448068 333304 286609 193042 624215 595851 301111 703003 501483 144528 179237 879199 538793 625387 36328 236635 687220 715890 196784 283599 817265 753915 410235 204584 465951 201392 329212 377666 826840 424908 233076 234557 427718 330485 608938 584560 658796 234104 240710 294667 467764 520229 151051 440636 188834
278500 378983 803100 419715 581214 448957 266042 431003 290556 642166 537115 1009213 428119 834227 869500 334079 140383 475718 999999999 509249 653329 790492 369055 743776 667414 689821 187507 695839 701665 723143 547566 695994 725841 155968 165465 795360 987537 916086 555249 663711 651928 418641 384283 619301 554567 675669 754074 917755 803201 214454 772105 709468 127308 312364 893663 437741 712606 749321 525912 987269 578855 688321 662623 125035 473728 627112 835897 117505 162266 465422 292285 554927 616206 646352 192483 828296 828206 873426 600761 886737 402011 397695 699930 813436 164538 623175 558958 878499 612398 893060 392474 892494 334027 716417 768054 131367 873663 325942 663940 500023
478048 145167 572460 453979 128950 335421 589494 190655 218798 663761 28199 526132 448036 497131 365454 421011 390694 323398 509249 999999999 384244 336373 160961 235712 403005 300190 359589 304369 368549 381002 575717 289781 358707 497394 414118 546666 554526 419538 122045 354039 698904 384850 376623 199541 168761 729451 288697 422427 440245 373570 505781 359539 552507 438581 384891 182084 647645 399397 514819 487867 288229 248037 391315 601169 459928 298329 560288 617611 668865 287233 449080 410400 421478 309624 369644 494219 432439 495592 218996 436021 484114 118258 700036 505419 562768 218586 557343 471789 117491 384290 367804 394486 477594 443777 514514 418025 376159 307601 158440 506835
440852 465037 954109 797895 273121 208553 848198 555723 447333 1029705 388273 762803 292557 861020 573460 355712 514728 694986 653329 384244 999999999 276683 357496 414953 786090 665356 467190 668214 743618 99024 934805 175698 127849 544951 653653 927058 856437 642923 501314 734367 1061393 258204 286810 211911 551394 1091929 283803 648900 169582 439928 130381 731141 754330 747486 511212 259600 1026505 767317 877717 686548 99269 595679 9417 776333 817805 679243 193041 769072 771620 658920 748606 137467 82995 688495 619401 177204 216744 842814 597243 736833 818152 373420 1071476 160276 780752 590347 921597 804946 452582 510761 275235 440315 789186 824790 895323 522459 607278 629509 369790 864872
651349 475243 819634 788113 218928 419803 917761 523912 516814 983325 319621 509394 535285 691239 326315 568849 653319 646808 790492 336373 276683 999999999 425539 199413 668623 515841 609638 516414 603018 188740 901979 112577 152702 725410 732052 788815 629413 393647 406024 608633 1020815 482898 499771 171236 456388 1050917 49984 400293 180425 600754 319879 584723 861187 774232 243726 354797 948864 611076 839739 424848 262137 435961 275155 900434 789011 560804 342594 906882 936161 612107 783696 401274 358661 562687 689348 243035 135987 653483 481369 518258 819697 409154 1012958 277042 877845 462578 880368 604873 324646 243364 487078 164015 813670 694713 760283 672288 365648 643411 210625 834931
319415 122756 668314 443138 212262 224711 504948 227478 95263 681479 188278 687066 315193 623944 523994 270086 238815 361039 369055 160961 357496 425539 999999999 382260 499077 434736 202540 439836 487229 395545 583758 341027 387280 338121 312508 647132 708606 579953 257550 462813 710736 256367 238763 256188 287293 740999 386535 582998 470685 212914 487876 483663 436127 390322 532023 97928 692890 525895 529698 647499 261229 397301 366508 475128 468049 409125 550087 483626 522773 327470 392460 327394 362058 424790 272707 510724 482808 634632 343190 592382 461336 46432 727203 508543 454496 352590 573704 618253 277944 531419 232925 524043 432033 546123 614815 263543 536560 273124 301171 514321
676702 377655 623820 644026 193086 479287 815173 389076 453322 813954 208750 351882 602617 491883 163844 605356 620235 490036 743776 235712 414953 199413 382260 999999999 479624 321230 584728 321181 408717 354411 741085 245324 318610 718294 647543 592551 444150 232006 247985 418573 853155 540982 545671 215060 290756 882428 156695 237417 372118 591009 495646 389342 787311 652585 150107 355450 767621 413380 678477 286317 354359 240999 417360 836794 634540 375161 529770 853185 902021 458700 666646 506568 485476 374153 602887 435535 334339 454936 301678 327278 680384 347101 837872 464632 796072 278616 716137 407972 161442 149502 534129 169730 688217 501430 564932 645723 193579 524153 81135 677878
785357 381289 170638 311033 517447 718807 566366 278057 473913 364334 397925 482486 813892 173013 463506 758633 621107 191985 667414 403005 786090 668623 499077 479624 999999999 163740 619338 165806 85749 770789 323958 666892 742783 744338 505146 148056 378207 457955 285144 61309 405447 755400 737075 586894 234720 431121 619756 454487 817065 656090 903576 108167 626910 394749 559550 568439 293835 120154 271458 519245 691144 241014 792780 691066 265474 109293 954158 729562 817189 204334 418333 807893 823887 105978 475042 876901 794011 231194 192021 329413 352141 457758 373699 894950 611541 206688 291794 262608 349267 559183 731808 632426 404632 50048 115755 651729 435080 341778 460261 286405
747887 338215 303828 416053 392245 634887 650480 259487 441687 521890 285609 352273 743661 197631 302194 704780 611740 260031 689821 300190 665356 515841 434736 321230 163740 999999999 597497 6035 87494 636203 468216 528050 605252 733549 542145 273237 297810 304625 180395 103167 562781 681404 669520 456729 148794 589813 468390 302148 674265 626107 774107 69056 679180 471832 395970 481018 457471 101961 409287 371130 576623 80250 670968 740805 384568 82885 819912 772671 849471 247436 493158 708999 714186 69544 503219 735992 645825 199960 93800 206910 458030 388725 535687 758004 672418 82713 438164 190662 213087 395595 661927 469297 494041 180286 244444 642662 276873 377033 313822 417707
172548 259872 776974 452669 408258 266537 401794 346870 156143 697835 387639 882033 272716 769624 724872 182729 47554 442040 187507 359589 467190 609638 202540 584728 619338 597497 999999999 603208 631149 535636 597099 511411 538662 139141 220376 762115 887250 778680 435325 598767 717642 246631 212578 438711 450310 745451 576081 781348 615701 45551 588491 633265 290090 361431 734337 254872 741582 675586 557542 847427 391351 576371 476538 309195 496473 551773 652591 304744 326645 418713 351070 376939 435098 570020 205739 641285 641329 794270 503796 776182 452428 241425 751810 627459 319899 520331 598243 787550 473438 733733 218107 722319 397872 669270 731412 62825 735358 300901 503609 535250
753307 343849 303235 421280 395141 639264 656212 265470 447360 525127 289420 346868 748371 194038 299105 709903 617581 265576 695839 304369 668214 516414 439836 321181 165806 6035 603208 999999999 87719 638262 472282 529889 607127 739339 548174 272439 291781 300432 185003 105690 566056 686045 674340 459233 154230 592960 469159 297862 675701 631696 776417 68326 685179 477567 393745 485423 459635 99273 413566 366583 579858 80482 673765 746819 389416 87943 821902 778702 855502 253248 498933 712807 717545 73958 509254 737547 646806 194800 99445 201115 463286 393777 538362 759837 678372 87512 442097 184804 215752 393377 666691 467947 499624 180726 244001 648496 273212 383036 315297 422236
790234 378527 217090 379428 471021 698045 628281 284379 478638 450082 357984 398893 801267 138716 379794 754663 639280 238755 701665 368549 743618 603018 487229 408717 85749 87494 631149 87719 999999999 719111 407327 612027 688997 762706 544918 187114 306765 372322 246526 41060 491195 740402 725539 537660 203109 516800 555318 368798 759562 664017 855622 22569 674986 451873 478273 544670 376772 48146 352512 433546 652247 167744 749636 738392 339206 79648 902991 774036 857029 238683 474745 778868 788415 62548 510167 820867 732319 172669 149651 246057 421468 442786 458548 841806 663453 153271 375610 190258 294412 477932 718962 554863 467430 93035 157482 670312 350225 377858 399345 365249
529739 487307 934341 821165 255188 292484 898738 566270 490085 1042746 377755 691462 388102 826784 503986 444197 582894 703123 723143 381002 99024 188740 395545 354411 770789 636203 535636 638262 719111 999999999 951714 110564 36930 626524 704562 905615 798344 573041 487286 715237 1076733 348274 373886 184352 539248 1107352 207009 579386 80255 513783 141525 704265 815827 782541 430785 300796 1028371 737246 892196 610306 144319 561271 94299 843430 834742 661817 183886 840274 850665 666806 786502 235892 181038 668544 666877 116252 118948 800627 578905 681564 845595 400374 1080559 124751 839439 567515 935425 758038 424742 430387 361660 352193 824064 805322 874783 594365 540664 658028 325852 882010
766228 469778 349582 145688 704622 799455 335905 386030 509392 100946 586279 806079 856162 473287 767157 775228 574141 255171 547566 575717 934805 901979 583758 741085 323958 468216 597099 472282 407327 951714 999999999 865457 932575 678261 394852 361181 696513 772686 498120 372098 126981 811960 783358 774644 451005 157325 852193 770007 1015227 642368 1063970 428672 452997 240633 851102 678795 172254 443910 62648 837746 835738 530469 943303 511484 117166 388204 1123459 557849 656205 290173 257319 908689 945804 398804 393959 1067016 1007769 543949 443826 653065 147627 561673 155294 1074035 422409 470476 32968 583478 583800 850645 783335 908060 213606 346778 350485 597944 744614 314401 695248 69952
541395 412693 828185 740978 160840 307867 844070 479824 435706 953190 281620 588403 422708 717110 399465 458055 556711 612832 695994 289781 175698 112577 341027 245324 666892 528050 511411 529889 612027 110564 865457 999999999 77307 620734 653215 798968 689459 468896 386453 610061 988606 370689 388459 91809 438662 1019134 108665 475025 151787 498446 251976 596515 775566 713264 335843 258440 931848 628564 804597 510965 149569 452096 176384 810391 749435 557621 292461 813285 836311 576787 719922 291297 254096 563290 612412 210044 145217 690124 474926 571909 768661 334136 988192 229954 795236 461792 847052 647503 318465 335381 375748 270046 754086 699649 768516 573363 434623 584673 215936 796443
544279 472161 904918 804500 230771 306262 892103 546571 482465 1022183 353294 654550 408805 794368 467172 458961 585469 681961 725841 358707 127849 152702 387280 318610 742783 605252 538662 607127 688997 36930 932575 77307 999999999 635954 698779 875843 762253 536188 460795 686420 1056837 364932 388341 159496 512950 1087430 170111 542545 84177 519640 177049 673645 814225 770206 394047 295694 1004473 705847 872419 573411 150015 529402 124828 844384 815920 633588 215184 843283 857891 645721 775217 261273 210844 639662 659868 135743 103681 766767 550762 645877 830299 387926 1058708 152813 836490 538291 915334 723449 395074 393644 375850 316546 811517 776205 845275 598714 503992 643868 293196 863118
127073 397488 895535 540379 535728 336483 420656 478797 294117 776523 525283 1021006 287265 900426 862015 197425 123568 559668 155968 497394 544951 725410 338121 718294 744338 733549 139141 739339 762706 626524 678261 620734 635954 999999999 283412 883173 1025218 916874 574135 728629 790457 292217 260038 557288 587491 815940 696268 919661 706363 127743 653340 766213 283276 437703 866978 374609 835342 808192 647891 985158 485946 714926 553802 271826 590339 683960 715557 246761 227597 540626 421418 430090 494894 702586 289989 722149 739622 928593 640149 914937 530635 379149 833145 701684 320412 657679 685090 924038 612115 866375 270735 848782 466894 794378 853458 92682 873511 410871 637239 623363
378186 269927 637726 258937 513520 470929 194686 290490 217514 493288 439637 876455 492906 674292 753757 402855 186692 313175 165465 414118 653653 732052 312508 647543 505146 542145 220376 548174 544918 704562 394852 653215 698779 283412 999999999 630388 839143 792822 429589 505765 508370 462472 429429 566382 418132 534635 689356 793609 781490 265081 781627 554579 142345 154380 793741 403838 553971 592980 366355 864929 564313 551628 663031 200095 311233 473489 845584 230583 312591 306434 138288 584529 636765 492689 44672 817882 795294 717533 458066 744994 247230 322910 549761 811290 148664 483023 402308 727088 499677 793153 433273 808553 184421 553567 603463 206363 751997 167171 572435 341237
930115 528979 32231 403364 655633 866519 659995 425052 619874 360242 539226 508079 961900 138844 541651 905721 760833 323750 795360 546666 927058 788815 647132 592551 148056 273237 762115 272439 187114 905615 361181 798968 875843 883173 630388 999999999 364304 518118 426234 192857 398351 903455 885055 723355 377949 416507 741585 513119 946675 800211 1041270 204202 740625 502337 646795 715560 255075 180596 328384 567084 833773 352857 933384 804722 349201 248405 1089492 846207 938137 343571 526016 954191 968144 238577 605050 1007957 919041 214155 329820 364375 439460 605721 345886 1028629 720401 338311 329026 268540 480908 646530 879841 730416 502370 102958 32436 791014 506256 474295 586414 351282
1027747 627731 391438 685602 602142 881388 934721 556773 731248 717132 531568 170151 999527 228664 306068 975217 905139 543463 987537 554526 856437 629413 708606 444150 378207 297810 887250 291781 306765 798344 696513 689459 762253 1025218 839143 364304 999999999 246059 453489 347752 756922 935928 930314 648026 438197 777485 595372 239129 809280 912085 939246 291306 974490 757550 408752 732892 618366 261093 648131 256661 785550 312033 859525 1036829 643002 367545 970232 1069722 1147275 538269 780096 933528 922080 348742 800795 872304 764089 153856 387804 121314 727470 662348 708775 904640 965655 367981 663636 116595 440315 408807 920972 507203 774138 349741 359645 935794 265043 672977 489316 664312
891379 537109 550019 714353 419112 707668 931756 504859 631478 822109 391799 120127 830592 386382 69470 825577 807515 554288 916086 419538 642923 393647 579953 232006 457955 304625 778680 300432 372322 573041 772686 468896 536188 916874 792822 518118 246059 999999999 363611 402530 863206 768038 769876 447066 378403 889075 366127 6948 573902 792857 711079 349815 935056 755541 162861 574092 746440 349241 713907 72166 586312 253679 644527 991678 687214 386224 736220 1015849 1078124 533743 774529 738568 716041 374162 749368 635914 525256 322561 352089 161151 755580 537738 830321 670688 935861 323680 742338 264178 305930 162938 758868 261417 783386 456006 499585 835862 43393 641801 300110 721919
575147 178927 452863 396052 232731 454805 579042 146871 280371 577361 113076 454124 563410 375990 325220 527228 456846 244027 555249 122045 501314 406024 257550 247985 285144 180395 435325 185003 246526 487286 498120 386453 460795 574135 429589 426234 453489 363611 999999999 233378 615095 501042 489636 302954 52209 645093 356043 364664 538045 458707 618579 237649 571922 409579 378543 300904 546568 277921 435554 435605 407544 141518 507866 628088 388334 177997 669986 652523 717513 211392 425528 532438 542545 188188 385899 596055 520902 378896 97118 340859 432522 211138 607398 611886 574176 97800 475238 360703 86853 377994 481830 417653 443299 323648 394300 486847 322452 285620 197245 432811
760319 350118 219869 338866 463563 677935 587223 252152 448096 420288 346386 435802 777853 172015 404596 727817 605074 198003 663711 354039 734367 608633 462813 418573 61309 103167 598767 105690 41060 715237 372098 610061 686420 728629 505765 192857 347752 402530 233378 999999999 461309 717879 701573 532036 185541 487855 560004 399443 759476 632908 849618 58435 634789 410860 499120 525587 354434 88608 315709 466054 640917 179712 740767 698322 299662 55757 898951 734371 818152 199331 433765 762701 775471 46771 471770 819851 735112 212563 137212 283618 380963 419483 432675 838951 622852 148364 340952 231283 291686 498743 695516 571197 426404 90475 160967 636046 377592 338956 401210 327270
884473 596444 377581 270760 827833 925889 414242 510493 635678 41113 708088 883164 980164 528364 864923 897585 691903 375979 651928 698904 1061393 1020815 710736 853155 405447 562781 717642 566056 491195 1076733 126981 988606 1056837 790457 508370 398351 756922 863206 615095 461309 999999999 937213 908120 898305 566011 30622 970873 859840 1139042 763129 1190365 513592 545950 356907 954801 805729 149086 520344 184539 924548 962263 631827 1069849 599075 243604 487701 1249567 646082 744377 411867 370256 1035451 1072784 495181 512569 1191686 1129884 603216 552237 730924 265226 688444 68639 1199508 511780 577283 141561 650099 699234 954377 908439 1017549 323961 415219 397814 714101 838880 440802 812165 196679
182648 377008 924659 666590 349113 63765 648294 482409 305072 912417 405403 884854 63614 875187 702829 97742 290620 610984 418641 384850 258204 482898 256367 540982 755400 681404 246631 686045 740402 348274 811960 370689 364932 292217 462472 903455 935928 768038 501042 717879 937213 999999999 34493 336347 537945 966476 466941 772585 425613 207586 361156 735171 533601 589682 674999 203364 937506 776809 763925 826933 221849 632868 266500 543672 701335 663471 423377 529053 519774 579257 583607 138126 202685 678363 439620 434077 466201 879410 593208 815606 675076 298420 962469 411001 565175 598715 807135 856620 495714 674439 29318 630851 629253 802222 871119 288846 726243 498619 467937 745065
156010 356687 905473 637784 352696 82119 614351 461863 279154 884016 398760 885419 77024 861511 705857 70625 256255 587597 384283 376623 286810 499771 238763 545671 737075 669520 212578 674340 725539 373886 783358 388459 388341 260038 429429 885055 930314 769876 489636 701573 908120 34493 999999999 346822 524156 937200 480818 774184 452312 173135 393552 721255 499127 558790 683250 198298 911773 763232 736380 830512 241759 624275 295394 509318 673818 647765 456188 495092 487611 556681 552123 171594 235294 663209 407589 463586 490736 868530 579811 810690 645129 282764 934701 441875 530771 586836 779348 847831 490182 682679 12713 643557 598014 784539 852822 254367 727587 471007 470396 717012
491586 321178 751605 649274 71292 272865 755593 388729 349386 863293 193926 566882 395297 650775 378703 412575 482136 522939 619301 199541 211911 171236 256188 215060 586894 456729 438711 459233 537660 184352 774644 91809 159496 557288 566382 723355 648026 447066 302954 532036 898305 336347 346822 999999999 354897 928870 139030 452451 240741 431378 317978 523810 692307 621964 339280 184146 845087 558506 714065 499352 139555 384884 216478 730071 658368 478148 367272 735810 765338 486763 629003 291535 274089 485469 524743 295224 236860 630975 395258 527523 676853 244859 899337 309032 710344 385056 756751 593182 243745 338730 334484 297528 662669 622347 692203 501443 408149 493058 159000 705452
599093 190461 403728 356136 284424 494937 554398 127726 294192 527804 163431 458377 599315 337399 348324 556943 466952 199464 554567 168761 551394 456388 287293 290756 234720 148794 450310 154230 203109 539248 451005 438662 512950 587491 418132 377949 438197 378403 52209 185541 566011 537945 524156 354897 999999999 595818 406418 378520 590245 477786 669842 197242 559514 380353 412610 341617 494671 239082 388357 450461 456559 134128 558128 618154 343870 129784 721730 645761 716212 169434 398124 577317 590217 142186 375979 648247 572742 348490 55909 332440 394331 241794 556580 663896 558401 70236 427053 337447 133234 412089 517147 459333 411367 275034 345768 497639 339603 263399 246469 387152
911519 626955 394213 300331 858372 955686 433272 541108 665436 68581 738534 906611 1008956 548823 892007 925852 718960 406442 675669 729451 1091929 1050917 740999 882428 431121 589813 745451 592960 516800 1107352 157325 1019134 1087430 815940 534635 416507 777485 889075 645093 487855 30622 966476 937200 928870 595818 999999999 1000964 885596 1169609 790972 1220935 539276 567356 384261 982773 836121 162983 544620 215159 949697 992810 659747 1100393 619039 274125 515637 1280167 666025 764020 442370 396843 1065449 1103057 522657 540073 1222294 1160321 624085 581251 754793 293301 718925 74057 1230130 532538 606052 172120 672155 729015 982355 937649 1046384 350278 438775 417873 740706 865412 470664 842082 227134
628901 429385 772203 739134 176066 403222 873196 475029 475787 933355 270969 484463 522533 646756 297233 548340 618568 597031 754074 288697 283803 49984 386535 156695 619756 468390 576081 469159 555318 207009 852193 108665 170111 696268 689356 741585 595372 366127 356043 560004 970873 466941 480818 139030 406418 1000964 999999999 372513 215697 570120 345422 537390 820544 727146 227410 322470 899107 564745 789918 404310 251302 388840 283930 861556 739433 511654 375039 869708 902640 562419 737112 398364 362761 513892 646194 279130 178615 611558 431847 481351 771104 367006 962993 309545 836059 413445 830475 564543 274822 226958 468249 164641 766287 646627 712733 638899 334622 596204 160863 785265
895013 538815 544976 712868 423778 712361 931438 505245 633670 818736 394771 114493 835213 380938 75563 829581 809874 552962 917755 422427 648900 400293 582998 237417 454487 302148 781348 297862 368798 579386 770007 475025 542545 919661 793609 513119 239129 6948 364664 399443 859840 772585 774184 452451 378520 885596 372513 999999999 580579 795873 717553 346323 935794 754986 169809 578145 742398 345040 711419 72033 591770 252722 650554 992632 685260 384010 742877 1017079 1079847 532797 774102 743978 721803 371691 750250 642631 532034 316655 351273 155122 754177 540568 826532 677335 936319 322934 739551 258194 308302 169886 763221 268365 782550 451898 494847 838321 46809 641900 304715 719661
607801 556216 976391 888140 311504 371446 975188 629214 565743 1104005 433176 688791 462132 858871 506739 522303 662904 763631 803201 440245 169582 180425 470685 372118 817065 674265 615701 675701 759562 80255 1015227 151787 84177 706363 781490 946675 809280 573902 538045 759476 1139042 425613 452312 240741 590245 1169609 215697 580579 999999999 594037 149012 743164 894799 854378 420701 377795 1083635 773412 954770 602439 224354 596511 162540 923179 898773 707781 162434 920389 930813 727478 859329 306173 245527 712736 743025 63434 58387 826396 625359 696652 914243 472073 1139620 97216 917870 611118 997489 780090 467897 420394 440240 331565 895693 848505 916690 674578 545999 727990 360444 945918
130528 288025 815944 497741 408035 234508 443255 380802 185507 743149 401106 899204 229097 802718 736607 137781 83510 482254 214454 373570 439928 600754 212914 591009 656090 626107 45551 631696 664017 513783 642368 498446 519640 127743 265081 800211 912085 792857 458707 632908 763129 207586 173135 431378 477786 790972 570120 795873 594037 999999999 557656 665018 326045 406979 739427 247799 785727 707517 602255 860342 370359 600222 449156 338961 540964 584406 621445 329206 338617 457557 396572 341542 401962 602285 251287 615901 623082 824399 532321 798883 497907 255947 796967 599720 357691 547214 643179 815132 489788 738826 180022 721331 443386 705842 769180 83089 749464 343838 510034 580172
539728 594400 1069357 927840 386191 323148 975835 682889 577364 1158194 506567 828390 379381 966391 642489 457632 635739 821834 772105 505781 130381 319879 487876 495646 903576 774107 588491 776417 855622 141525 1063970 251976 177049 653340 781627 1041270 939246 711079 618579 849618 1190365 361156 393552 317978 669842 1220935 345422 717553 149012 557656 999999999 841575 877786 877799 563499 389980 1151882 875625 1006375 744722 228454 700485 121422 896350 946871 795326 64216 886070 880921 785619 878738 224004 158484 803161 748307 106968 207155 941656 712571 822896 948431 503156 1199062 66436 905490 703005 1050162 899473 561474 563148 383433 478001 919493 940022 1010034 640738 680031 759766 466294 994018
790138 378102 234914 396879 458143 691384 643478 287419 479512 472481 347507 378002 796541 140293 357375 752311 643037 252304 709468 359539 731141 584723 483663 389342 108167 69056 633265 68326 22569 704265 428672 596515 673645 766213 554579 204202 291306 349815 237649 58435 513592 735171 721255 523810 197242 539276 537390 346323 743164 665018 841575 999999999 686462 466268 456286 537657 399242 42580 373234 411309 640881 148808 736973 749555 358097 82759 888074 784389 866033 249413 488882 769864 777702 63759 518764 804783 714881 164062 142148 225484 439021 438625 481117 826440 675955 141788 397118 175419 280108 455951 714347 533660 483205 113923 175688 674091 327668 387413 382729 385360
404680 409950 743670 343132 644575 556598 142093 431790 344759 541246 578748 1017491 549214 799040 896042 454959 243763 437644 127308 552507 754330 861187 436127 787311 626910 679180 290090 685179 674986 815827 452997 775566 814225 283276 142345 740625 974490 935056 571922 634789 545950 533601 499127 692307 559514 567356 820544 935794 894799 326045 877786 686462 999999999 238649 934487 519263 623631 723108 442571 1007180 672305 692496 763734 64271 399111 607166 941969 106844 203869 437077 215212 666671 725177 626160 186438 925535 914065 847351 597690 883810 315952 453960 599471 914373 37912 623292 469584 860837 641507 933895 506015 946016 246635 673307 716314 245794 894307 302160 710914 416024
527602 300949 505022 107669 558596 586582 178648 263860 301441 339744 458412 822173 628149 567761 728665 542758 335054 214215 312364 438581 747486 774232 390322 652585 394749 471832 361431 477567 451873 782541 240633 713264 770206 437703 154380 502337 757550 755541 409579 410860 356907 589682 558790 621964 380353 384261 727146 754986 854378 406979 877799 466268 238649 999999999 788109 488193 400781 499260 213616 826949 651521 502721 756574 302544 162787 392783 940307 344968 439428 224873 23784 699426 744470 410711 155832 898591 858454 621522 404059 678629 93058 382417 395755 898382 218480 432180 248181 641582 492730 787559 560465 821293 41711 439104 478664 357865 718441 130986 587479 187917
820394 524561 679017 768349 335194 611812 955712 524748 603131 914354 357451 269821 734538 525152 109102 746016 770251 609438 893663 384891 511212 243726 532023 150107 559550 395970 734337 393745 478273 430785 851102 335843 394047 866978 793741 646795 408752 162861 378543 499120 954801 674999 683250 339280 412610 982773 227410 169809 420701 739427 563499 456286 934487 788109 999999999 499617 853379 468048 789347 181738 471310 323027 511268 985164 751917 467141 582850 1002475 1052113 581591 803778 622082 589732 460668 749081 481043 368849 469942 407978 314049 806913 497208 931107 517913 941843 380766 823523 413799 297031 605 671232 98567 821628 569596 623778 795559 149897 662667 230925 792340
321306 210881 739054 539649 164464 153902 597943 310089 190082 775492 202042 688338 266850 676772 511710 251532 299092 448068 437741 182084 259600 354797 97928 355450 568439 481018 254872 485423 544670 300796 678795 258440 295694 374609 403838 715560 732892 574092 300904 525587 805729 203364 198298 184146 341617 836121 322470 578145 377795 247799 389980 537657 519263 488193 499617 999999999 781342 578544 623417 636711 163561 429825 268594 552211 562390 470166 452164 554927 581368 413076 490008 241103 268354 483659 366175 414904 394801 677576 395603 612866 558828 118971 819751 411272 540879 398653 667444 653529 292578 499025 188394 474606 529904 612947 683130 317492 531394 370331 276984 609071
