NAME : synthetic_000516
TYPE : CTSP-D
DIMENSION : 100
GROUPS : 8
RELAXATION_LEVEL : 1
EDGE_WEIGHT_TYPE : EXPLICIT
EDGE_WEIGHT_FORMAT : FULL_MATRIX
EDGE_WEIGHT_SECTION
999999999 651688 542545 63609 552140 774888 749901 384020 643784 731745 544695 904347 244105 656536 775204 231744 649735 795651 707879 484456 510949 420938 620320 357891 400940 174092 779160 192862 648811 172285 586131 302196 507926 996256 804375 890228 928517 339226 301915 390945 844752 512173 875334 571718 639275 901262 727828 752760 282930 371301 174999 530796 177240 300732 240730 79811 620364 919719 464587 841558 414618 360075 837096 298920 795603 61656 225353 238305 528541 753789 934158 394252 783104 899696 543562 860097 438887 198188 652220 690481 452850 817893 229859 840722 963244 74408 314149 480345 466073 452236 388560 676360 848527 450372 202431 491855 717809 330340 801625 483927
651688 999999999 816199 588081 723037 778189 552928 1009409 184018 154037 546274 880527 883389 193146 1022090 800552 363239 531304 218989 336955 344004 1057093 792153 299737 732459 603512 343425 509607 137695 624692 99196 666360 143763 523137 452087 976397 461957 360803 457480 289373 525024 613712 908746 88561 962146 775746 966655 248075 929291 935672 535342 953467 781178 790905 763631 730956 904322 1099629 417816 321153 403789 830382 665084 881008 591225 606631 652497 566895 676250 416132 609636 351870 293200 531032 206140 622806 779863 453746 690388 853310 281648 820943 426526 676585 554450 703155 337542 312652 342664 877206 266586 949818 371361 906087 576436 308993 149310 439436 904912 567378
542545 816199 999999999 542041 118705 325570 482181 531268 680415 788234 302252 429791 525085 683405 240454 383128 543283 554555 710653 870964 480305 589800 117600 588306 141881 382580 690529 665549 718370 376018 816672 244360 714643 839657 631213 363868 791020 722604 755809 558653 621503 216109 374815 783241 145978 496736 188336 736972 571117 381076 664749 198897 438755 281835 334361 544523 92133 377543 400187 790501 414086 243550 496263 400912 504346 581638 318935 346730 156158 601602 672886 474591 736706 690146 848042 560883 107564 555561 250023 164865 536935 351641 607636 491731 761327 493493 607173 504137 473828 179778 614974 146265 756101 221660 371547 861648 775362 404645 281017 254792
63609 588081 542041 999999999 537845 751189 707434 441930 583176 669510 509817 881566 304346 596159 779524 271689 597319 749648 647833 430361 458271 481359 609684 294946 400549 160191 722702 146243 586904 166256 522971 297749 444319 940985 752917 878469 872850 281085 255105 329832 796244 486363 857608 508213 649922 868976 729788 692960 345236 415632 134457 553265 225038 324905 268411 143185 624783 919185 417993 782342 365919 383740 799243 345276 754005 43592 224075 213124 509742 701905 887121 339312 724346 849185 482905 817720 442986 134695 627376 681618 394417 795499 167302 803614 911283 126122 250540 424941 412703 471928 325282 681300 791294 475615 179409 435876 655649 283067 789441 453621
552140 723037 118705 537845 999999999 240067 364196 614743 576159 682293 189387 361630 584843 577858 301053 437590 429653 436329 601481 815016 380648 674748 77901 523256 177423 379877 574478 643455 616518 379855 733706 253779 633463 720980 512619 340873 672425 674787 722217 485255 503230 109568 324072 698820 253000 400763 245067 625306 635045 468310 647268 314856 483890 341994 382175 570922 188637 405304 305688 675177 330814 320478 385872 473403 388209 580395 329573 326625 46819 483749 557065 396826 622594 571896 776553 446634 176349 522100 140032 150895 450606 276419 570311 382575 643231 516747 552222 411005 381713 280946 545959 227984 638999 324097 358651 802508 669943 342669 251813 155962
774888 778189 325570 751189 240067 999999999 261302 851154 601776 691126 267404 130630 824845 597496 343757 677509 422488 325188 600624 953316 451865 910695 208132 661779 417489 600828 526353 836246 648459 604729 817755 487218 728614 602319 426637 201328 572617 832635 898342 611069 384631 265003 131280 781127 398874 173799 307405 607519 875110 702568 844824 516579 722415 581925 621732 802462 338948 348088 409711 625666 457484 557487 208795 712411 253588 794720 559976 538780 249532 421880 400502 524342 587623 446391 885810 286665 412232 707546 124098 190893 550638 46979 748293 199447 509544 747709 705919 497957 476583 505027 674998 338468 572774 547197 573869 935499 682130 506523 150609 302492
749901 552928 482181 707434 364196 261302 999999999 939113 369262 444300 222105 335549 873717 361640 587436 732330 191150 72849 353543 788086 283994 999137 388874 521418 504558 590142 266396 748724 416312 602525 611024 525774 537496 360681 166524 459324 319949 697317 781767 464096 139709 296806 379357 575298 601572 223279 541785 353259 927417 804136 764369 678892 758566 656534 675031 800591 535481 609306 292187 364581 346900 655469 115057 790030 48143 749179 578281 520690 336344 161873 199834 396013 329048 208172 696222 110302 525116 621084 241082 414093 387465 293519 646727 125481 279151 747931 577672 333166 325602 638000 522555 555615 311670 680524 555441 765745 437229 425438 410324 293839
384020 1009409 531268 441930 614743 851154 939113 999999999 960636 1061768 717709 960976 142792 970863 685532 219217 908298 1002707 1017246 868105 783798 60347 647028 709809 442395 412628 1057114 575064 977709 392047 956197 416831 868051 1256178 1046017 882322 1194016 722644 682218 725683 1064413 644965 904689 936924 536206 1015498 660074 1058264 127297 150513 554638 383207 228242 282675 271267 310064 559579 841139 711073 1138826 679475 294274 990654 149544 975497 444012 384037 466635 621032 1001444 1138777 692907 1078699 1129522 924259 1039631 439209 565364 752558 693339 765138 881337 607226 989441 1200054 316113 679605 771945 747743 355072 743244 600180 1129315 318247 445104 875873 1047344 604851 806878 645906
643784 184018 680415 583176 576159 601776 369262 960636 999999999 109047 389716 699277 849969 14773 867786 742654 181191 348141 66844 468761 201997 1014080 638802 296230 619994 548617 179463 549010 47237 568860 253915 574502 211331 389968 275146 801997 322152 432918 532394 253466 346849 467417 731112 221596 825136 591826 813622 112492 900621 864020 572460 839488 737724 710753 696546 717732 763360 932658 284942 203786 292885 739956 481074 819953 407207 612849 581160 495552 530439 234890 435840 267745 151594 362237 353258 439967 663076 453943 523285 694107 196304 643051 447829 492598 397943 678732 354010 193631 222157 770109 274013 803903 230002 804292 515541 442384 95485 357063 734742 425659
731745 154037 788234 669510 682293 691126 444300 1061768 109047 999999999 494347 779556 946925 104831 970666 845013 269736 408562 90967 485771 310966 1114026 742843 375462 728980 649140 201777 617697 84217 669764 249910 681857 251963 369100 317519 892409 308438 484182 584110 342229 390238 574200 817880 228664 932498 661041 917117 101595 996491 969361 642455 948534 836738 816996 800542 808020 870158 1028903 393969 167117 400830 847589 549442 923249 475803 695574 685382 599188 637012 290819 468077 370791 144119 386521 357533 496854 772122 536570 621660 795628 297159 730047 522269 561620 403622 772187 427808 301263 330388 879017 347784 909521 219120 912972 617151 457964 14434 461388 829454 533456
544695 546274 302252 509817 189387 267404 222105 717709 389716 494347 999999999 394266 652356 390473 478516 510278 241089 285287 412312 687484 202939 777599 249105 394744 289507 377090 389062 577459 431824 387269 569418 303678 473998 553928 341233 446455 499135 565303 633089 345320 348490 87855 394347 533264 442128 359638 424030 435996 705955 585293 588489 485093 537909 435472 452937 588099 378024 555305 144584 488419 190141 438149 293542 568407 261779 553060 358315 308360 146356 305196 421246 257467 434475 415366 627218 327151 317519 447478 153230 307132 290944 314379 484785 296470 486944 534224 438608 242307 216819 432151 409267 415323 456158 473112 344141 670558 482327 243816 366507 71837
904347 880527 429791 881566 361630 130630 335549 960976 699277 779556 394266 999999999 944438 693117 377126 797824 518106 383591 688659 1075485 568033 1019591 314492 786360 537420 730257 598282 966488 746501 733538 928037 613363 843232 630605 487260 160269 614431 959031 1026983 734104 430447 395569 78360 891500 471504 147692 358123 688514 993468 810865 975290 606892 845462 699888 743221 929870 420889 323619 533574 691666 583341 670282 242804 827136 310162 925072 687363 668937 376887 495154 416736 649049 662159 481179 1001901 316903 526066 837538 254726 272331 669867 86491 877569 230389 533420 875255 832468 615888 596766 608391 797765 404316 633173 648857 703867 1056667 772109 635760 175617 432882
244105 883389 525085 304346 584843 824845 873717 142792 849969 946925 652356 944438 999999999 861209 717930 147481 817761 931983 909811 726686 686055 177024 632331 584127 407540 305016 961520 433288 862739 286583 824683 350603 740459 1168943 963442 888364 1104227 583322 539836 606076 990012 590839 897163 807506 567942 978691 682857 952590 53840 194339 412392 424282 116989 244932 204370 167971 575097 873370 620366 1036824 581733 283750 939054 134371 914103 302866 296693 368389 580337 916134 1070754 584556 976848 1052203 787145 979409 420704 432852 714480 689725 653711 860533 471323 939578 1120889 181058 548808 667621 646252 369772 616903 623918 1033345 344987 340388 735196 932600 501399 806029 581507
656536 193146 683405 596159 577858 597496 361640 970863 14773 104831 390473 693117 861209 999999999 867865 752603 175588 338199 52580 482841 206955 1024600 639360 310201 625776 559207 165265 563330 55454 579332 266167 582327 225818 375199 262889 798108 307405 447687 547148 266656 334969 469538 726325 234418 827731 583644 813963 98304 912054 872832 586708 844687 748566 719185 705965 730141 765526 930400 290099 189530 300518 747503 472599 829569 398613 626185 590562 505239 532421 223832 423217 278021 136880 348893 366490 429817 668306 467414 521514 693579 207539 638252 461917 484244 383726 690686 368230 201825 229660 776101 288351 805324 215230 810726 525860 456372 92110 366665 731962 428625
775204 1022090 240454 779524 301053 343757 587436 685532 867786 970666 478516 377126 717930 867865 999999999 590064 706569 657639 885397 1106959 678319 737173 230028 819343 379491 621253 837675 905701 910323 613288 1034759 483034 934430 942073 752942 235669 906896 960838 996186 784432 721227 409040 299659 999842 150631 502228 56071 903300 756214 541053 904366 302382 651343 491533 550574 767951 154956 156155 606055 939680 631589 439385 552411 584476 590630 817929 555478 587180 347666 737164 744099 696850 893143 785925 1075795 629735 336929 795753 355608 176887 751646 337410 847539 543202 851381 720125 842842 711171 682233 348470 843824 98884 893936 374581 611698 1096327 959169 636107 205240 456670
231744 800552 383128 271689 437590 677509 732330 219217 742654 845013 510278 797824 147481 752603 590064 999999999 690319 792909 798488 698547 564637 275727 486996 503178 260496 197582 838346 417552 761204 176483 754895 206672 661951 1039511 830711 746974 976552 545015 526744 513146 852779 445230 752150 732633 443256 831426 550415 839246 199079 145070 403254 313672 63657 101407 57719 191008 441141 743274 492704 919609 460269 150917 793772 80684 771404 291437 164998 247668 432957 785088 930774 474977 859482 916577 735348 836460 276796 373005 567106 546711 547913 713571 421530 793942 986373 158650 480746 553009 528578 244480 536945 493099 910538 231078 227952 701541 830579 386130 663028 438765
649735 363239 543283 597319 429653 422488 191150 908298 181191 269736 241089 518106 817761 175588 706569 690319 999999999 185893 180620 605844 139048 965919 482475 360566 513477 514705 152864 607444 228401 531835 420077 495925 350246 351355 156235 623490 286615 530535 622201 303639 209890 327708 550842 384533 682653 414400 654363 197094 871091 791269 626726 721778 700952 636015 637050 713133 617946 759323 197841 248554 238228 652233 305431 760323 232988 635064 525718 449381 387436 104822 304955 259330 193440 253802 507616 276103 549019 488329 353701 530175 223790 462777 502209 316332 313972 665486 420632 177328 184784 662408 354147 652264 223957 701171 478751 582205 260094 322229 559731 296281
795651 531304 554555 749648 436329 325188 72849 1002707 348141 408562 285287 383591 931983 338199 657639 792909 185893 999999999 320151 791641 305774 1062470 461667 540458 572167 641808 216273 778926 393646 655548 598885 587163 535009 287964 103936 518420 249317 713549 802697 482879 66970 364601 435618 564416 674385 253819 612960 311378 985806 870265 796272 750747 815906 720704 736075 850460 608309 672642 331686 308114 384250 722374 143229 853274 73971 790258 635442 572645 407155 117761 139476 424694 280664 135592 690891 92030 594730 654217 313787 485514 403607 352835 674902 155731 206956 798921 599172 352137 350729 708216 537084 627983 250713 750514 606403 767827 403471 466626 475598 356929
707879 218989 710653 647833 601481 600624 353543 1017246 66844 90967 412312 688659 909811 52580 885397 798488 180620 320151 999999999 527052 243259 1071618 659099 362766 661281 606672 125038 615843 90283 626526 302580 623333 273365 325736 234117 801945 258833 498528 598257 318696 307247 495009 727035 273608 853425 571415 832485 45725 961026 915926 639261 878128 796405 761492 750672 780937 790019 939807 325676 136968 342147 787519 459785 874627 385932 678276 635368 550830 557129 202576 390649 325469 86033 312494 406558 409826 702164 519661 534030 709544 257019 639250 514497 471867 340910 740719 420791 245637 271636 811888 340849 827369 165988 847680 572795 500100 83840 412405 740010 456897
484456 336955 870964 430361 815016 953316 788086 868105 468761 485771 687484 1075485 726686 482841 1106959 698547 605844 791641 527052 999999999 511254 901843 892699 294393 747267 533270 648098 293507 436933 550977 237781 651509 259683 849818 737845 1131309 784756 155996 191438 342308 805970 720004 1081755 257424 1006060 1004001 1051655 566429 759679 843568 315497 945441 655334 732544 684321 558748 962797 1220032 543684 649835 498523 786870 902415 774734 834073 424094 601412 536697 771902 691718 898892 430315 611330 829472 132096 881767 796982 334861 839914 964403 406990 1000053 281716 911843 866513 555565 264122 461916 478926 862144 278347 1017025 691904 876901 524416 27962 477834 472469 1047317 671993
510949 344004 480305 458271 380648 451865 283994 783798 201997 310966 202939 568033 686055 206955 678319 564637 139048 305774 243259 511254 999999999 840037 448307 237488 419032 381293 275466 473802 238111 399478 368337 381278 276760 487032 294879 643101 420412 413343 498681 180104 342917 271081 582894 331896 625762 493419 623045 279354 738883 675621 491899 637741 569933 520478 513961 575446 565330 758022 83151 355435 104631 544591 395353 638148 331796 496150 399780 318843 334094 243698 436712 121225 295425 391828 434314 387607 461353 351459 351508 509512 104824 497457 369344 403885 453014 528822 294574 49725 46158 569502 239347 608422 347332 604720 345696 490857 297482 185866 566739 226540
420938 1057093 589800 481359 674748 910695 999137 60347 1014080 1114026 777599 1019591 177024 1024600 737173 275727 965919 1062470 1071618 901843 840037 999999999 705995 757379 502718 465466 1114052 608361 1029853 445269 1000681 476089 914818 1314509 1104785 938215 1251968 760035 713384 775873 1123950 705226 962405 982711 588965 1075511 713835 1113112 143734 208734 586627 435664 277560 342843 329376 343611 615165 892122 768398 1194577 735524 354277 1051001 209204 1035689 478952 440694 521893 681342 1059861 1198748 746595 1134437 1188853 964166 1099873 499005 608890 812748 751049 818110 940433 648235 1049784 1259253 357356 724360 826777 803165 412428 790534 654086 1186240 374396 498849 911095 1099623 659523 863945 705776
620320 792153 117600 609684 77901 208132 388874 647028 638802 742843 249105 314492 632331 639360 230028 486996 482475 461667 659099 892699 448307 705995 999999999 600507 229205 450319 620713 719156 680823 448502 806872 318674 707442 749544 547498 269914 706141 752681 799425 561470 528245 180251 265174 771604 212746 380184 175039 679541 680365 497320 722225 310613 538185 387400 434290 633555 146823 327453 377034 722542 405751 355812 387492 512822 404347 651685 395539 400552 121542 524495 570605 472586 672807 596193 852468 456469 212136 599010 148058 73454 523785 234521 647661 381822 665991 580229 630071 481824 453238 297340 622692 170787 681600 339245 431363 879986 731037 420463 181538 228667
357891 299737 588306 294946 523256 661779 521418 709809 296230 375462 394744 786360 584127 310201 819343 503178 360566 540458 362766 294393 237488 757379 600507 999999999 476547 308064 455256 255236 294069 329103 253919 392530 158821 675201 512540 837044 606233 176471 262260 57621 570455 425930 788970 229636 728897 726345 763545 408488 630857 641577 277652 689715 481568 503337 469865 435723 680403 927271 252791 499597 204828 548755 631810 583849 569272 320123 363673 282262 479186 461536 665517 137453 444608 610300 261011 624593 526485 161167 546327 671470 137100 708698 151952 639888 662895 404611 60854 188931 196956 608668 33775 732840 518185 631676 284638 279895 361816 183772 752925 377739
400940 732459 141881 400549 177423 417489 504558 442395 619994 728980 289507 537420 407540 625776 379491 260496 513477 572167 661281 747267 419032 502718 229205 476547 999999999 241763 666227 527046 651933 234359 718927 103589 616666 842964 630100 495938 786580 595151 620772 456214 636839 207786 493803 687888 259856 575462 329239 694249 457623 300878 525035 221366 309271 164874 205985 406470 225467 519423 335961 760433 331784 151375 548639 297756 537510 439849 177078 212815 178661 591594 703987 381008 702604 704327 737376 600456 50059 422582 311215 294277 451229 453079 475797 547179 776051 354204 486474 430184 400045 150611 506248 282014 736451 187803 233686 740336 715183 298335 409160 221195
174092 603512 382580 160191 379877 600828 590142 412628 548617 649140 377090 730257 305016 559207 621253 197582 514705 641808 606672 533270 381293 465466 450319 308064 241763 999999999 656723 287159 565089 21180 561509 138307 466283 866035 663653 719709 800563 377320 386135 315586 695853 338763 702042 537636 496096 729912 570703 648774 357627 333516 283681 414441 189908 201160 161944 211119 467001 759294 318860 732116 277311 253727 670630 277679 634149 201480 70029 69452 354715 615066 781273 281297 672079 755263 551300 699385 286217 198426 478350 521859 352695 643806 251941 673453 822275 157819 292511 363009 341243 331138 341790 523577 728452 343704 36017 531481 634717 196396 630788 312955
779160 343425 690529 722702 574478 526353 266396 1057114 179463 201777 389062 598282 961520 165265 837675 838346 152864 216273 125038 648098 275466 1114052 620713 455256 666227 656723 999999999 710377 213974 674940 427300 647323 390592 220253 117578 725599 151336 606892 705037 403862 189202 476738 645629 397510 826615 469762 787850 100314 1014336 942924 732268 872880 845336 787509 786223 847253 761040 873277 346329 102058 379890 804871 359501 910026 288383 757224 673359 593986 534390 104591 267127 385187 64434 187617 530303 299572 701154 602571 482132 660946 329929 559889 606040 371997 218480 802359 515704 299077 316544 814849 439007 791496 72201 853848 621160 621582 200044 460839 673183 447989
192862 509607 665549 146243 643455 836246 748724 575064 549010 617697 577459 966488 433288 563330 905701 417552 607444 778926 615843 293507 473802 608361 719156 255236 527046 287159 710377 999999999 540985 299080 429023 423642 371058 930412 762437 982633 861441 159667 109510 307558 815936 574067 952132 422914 783234 933816 853774 661495 466486 560768 25868 695335 368179 469089 413921 265318 752447 1038732 458379 752794 403260 527307 851417 489518 796750 131513 356430 320419 609023 710975 910252 354331 698971 860432 367436 856889 572899 130103 712717 792452 385614 882349 105356 857658 915733 266074 195408 430355 428311 613000 274997 808939 773315 619299 294017 303259 605019 333915 893926 533779
648811 137695 718370 586904 616518 648459 416312 977709 47237 84217 431824 746501 862739 55454 910323 761204 228401 393646 90283 436933 238111 1029853 680823 294069 651933 565089 213974 540985 999999999 585755 213587 600879 185778 414208 316827 848435 348163 415067 515217 258544 389316 507271 778002 183601 863687 638679 855823 130425 912378 886568 565267 872525 752537 734854 717222 724644 802730 977837 319737 218524 321372 766801 527770 839652 453827 613973 602218 515872 570404 278972 476325 287657 174678 400304 316500 485232 696283 454741 568170 737520 213644 689955 443047 539359 431049 688282 348446 221987 251922 801254 267941 844488 255228 834221 533283 409906 69863 378547 780422 464146
172285 624692 376018 166256 379855 604729 602525 392047 568860 669764 387269 733538 286583 579332 613288 176483 531835 655548 626526 550977 399478 445269 448502 329103 234359 21180 674940 299080 585755 999999999 582439 132136 487393 883183 679699 718331 818033 394981 400240 336725 710499 344719 703188 558701 485315 737322 563577 668411 339548 312484 294023 398925 170700 182130 141120 201490 458600 753407 335207 751295 295167 235968 680654 256519 645966 205709 58055 83372 357006 631485 795017 301330 691218 770600 571245 711321 276958 216217 483110 519249 373116 647048 269322 683139 838068 147133 312713 382380 360082 315828 362841 515138 746787 326673 53989 549764 655337 215378 629610 321463
586131 99196 816672 522971 733706 817755 611024 956197 253915 249910 569418 928037 824683 266167 1034759 754895 420077 598885 302580 237781 368337 1000681 806872 253919 718927 561509 427300 429023 213587 582439 999999999 642243 102424 617691 528994 1011264 554688 273683 366469 262830 600747 626621 949035 36630 961370 833986 978765 337434 867864 894839 454886 936897 728828 757119 723440 665942 907304 1124311 430298 416111 404012 801565 725508 835536 652820 536297 617443 534935 687133 488255 689346 342193 382889 613890 107669 690909 768030 391851 719774 872385 283161 862396 356617 736372 642999 643634 276595 327279 354396 857454 220519 956123 462716 882641 538551 209821 243214 420619 934921 578382
302196 666360 244360 297749 253779 487218 525774 416831 574502 681857 303678 613363 350603 582327 483034 206672 495925 587163 623333 651509 381278 476089 318674 392530 103589 138307 647323 423642 600879 132136 642243 999999999 541272 840534 629544 588508 779555 497585 518626 380791 647999 240616 577761 613452 360967 631879 432403 660601 403770 295638 421447 297777 239475 140188 149259 317167 329035 621459 302280 734893 281816 165951 588475 267358 564743 337804 76925 114908 237778 585790 724531 316812 675328 712765 650812 629833 149704 322227 370010 388312 390667 527211 375911 589117 783227 262976 394863 380883 352679 216158 424165 385592 719252 240599 131207 646203 667622 227077 500197 232100
507926 143763 714643 444319 633463 728614 537496 868051 211331 251963 473998 843232 740459 225818 934430 661951 350246 535009 273365 259683 276760 914818 707442 158821 616666 466283 390592 371058 185778 487393 102424 541272 999999999 599053 478180 918789 532130 232219 332195 160889 546658 527304 859653 72289 859155 758028 878385 315849 785915 799701 396480 835039 639865 658972 627758 587204 805473 1027280 332300 404196 302965 701951 652541 742610 581894 463325 519462 435688 587071 432396 639283 240056 359229 570020 159377 626106 665696 310008 625983 774039 184168 774105 283648 662699 608970 559923 193783 232156 257357 755973 125102 854698 439345 781842 441430 234384 240646 318435 840450 478775
996256 523137 839657 940985 720980 602319 360681 1256178 389968 369100 553928 630605 1168943 375199 942073 1039511 351355 287964 325736 849818 487032 1314509 749544 675201 842964 866035 220253 930412 414208 883183 617691 840534 599053 999999999 212873 782004 68972 822640 921749 624114 221932 639511 696010 593074 962207 483766 899152 283840 1222343 1133283 952435 1033475 1052059 979398 985141 1062351 896076 942743 548613 201984 589162 989297 396849 1107267 351480 976312 875625 800626 688405 254779 214774 602085 239829 156185 724763 318245 870999 822529 601739 772268 549768 621908 826227 407968 97566 1015795 735477 516130 530727 985544 658009 915781 159989 1026872 830093 822414 374629 672538 752133 622030
804375 452087 631213 752917 512619 426637 166524 1046017 275146 317519 341233 487260 963442 262889 752942 830711 156235 103936 234117 737845 294879 1104785 547498 512540 630100 663653 117578 762437 316827 679699 528994 629544 478180 212873 999999999 621796 159808 677715 772144 456578 73137 427322 539389 496639 758820 354285 706179 216956 1017125 921105 782156 822821 846463 767722 775548 865972 692579 774660 344834 204454 390552 776584 245609 896755 177890 791026 668056 596458 477957 51543 161281 415534 181460 97997 627519 182244 658574 644442 401932 578321 377227 455992 657094 258158 159078 817127 573175 333167 340835 773180 502882 716793 146928 814319 627646 712475 314433 475086 576408 409164
890228 976397 363868 878469 340873 201328 459324 882322 801997 892409 446455 160269 888364 798108 235669 746974 623490 518420 801945 1131309 643101 938215 269914 837044 495938 719709 725599 982633 848435 718331 1011264 588508 918789 782004 621796 999999999 760112 1000913 1056704 790398 572729 414997 86294 974733 358211 304961 233213 808529 933248 732457 987359 507222 801807 645703 697333 902156 323082 163680 590919 823636 632943 605236 386437 761482 444766 920803 665405 667467 373660 621009 570522 701352 787619 629031 1073466 464291 470575 858673 293306 201688 737017 165946 904600 374788 685793 849281 875083 686660 662676 528237 854098 289485 768688 564096 699452 1115489 883330 667554 89061 461249
928517 461957 791020 872850 672425 572617 319949 1194016 322152 308438 499135 614431 1104227 307405 906896 976552 286615 249317 258833 784756 420412 1251968 706141 606233 786580 800563 151336 861441 348163 818033 554688 779555 532130 68972 159808 760112 999999999 754411 853348 555179 188142 585969 675115 528838 917979 470670 861722 218352 1157476 1073578 883466 982229 987482 919041 922775 995257 851729 918013 484430 142961 523340 931094 373958 1045520 319039 907906 812167 735844 637565 195107 211058 534266 173496 133957 661173 297577 816637 753781 559569 734041 481051 596606 757260 385889 107166 949196 666524 448206 463555 931266 589150 874642 92939 972020 764697 757524 312704 606205 723222 565393
339226 360803 722604 281085 674787 832635 697317 722644 432918 484182 565303 959031 583322 447687 960838 545015 530535 713549 498528 155996 413343 760035 752681 176471 595151 377320 606892 159667 415067 394981 273683 497585 232219 822640 677715 1000913 754411 999999999 100184 233314 739462 586153 957657 272402 854751 902630 906127 542902 620340 690070 185068 790066 504521 576602 528909 416818 813873 1079822 426637 633054 375692 630880 808188 622357 745032 281664 445669 383174 633659 627806 834490 311090 584313 774305 207966 799273 644521 178895 714192 825447 310601 879613 125761 816327 821764 407205 126724 364222 373423 706721 176519 868869 662799 720995 369252 156557 472799 333912 914771 539707
301915 457480 755809 255105 722217 898342 781767 682218 532394 584110 633089 1026983 539836 547148 996186 526744 622201 802697 598257 191438 498681 713384 799425 262260 620772 386135 705037 109510 515217 400240 366469 518626 332195 921749 772144 1056704 853348 100184 999999999 319818 831948 642743 1019585 368928 879592 980403 942945 642793 570440 670212 127674 798858 477678 575046 521255 372162 844883 1123658 501139 733089 447526 632563 890198 599028 829814 240324 456148 409218 684307 721663 927056 387969 683916 869347 286379 886267 668290 201004 776899 872851 399299 945121 152156 897668 918611 375464 204152 450837 456166 715952 269278 901012 762058 724422 387434 205839 572834 392128 968951 598825
390945 289373 558653 329832 485255 611069 464096 725683 253466 342229 345320 734104 606076 266656 784432 513146 303639 482879 318696 342308 180104 775873 561470 57621 456214 315586 403862 307558 258544 336725 262830 380791 160889 624114 456578 790398 555179 233314 319818 999999999 513498 383734 739480 232829 701888 670522 728405 364130 654918 646517 328763 674166 498386 501790 474569 466180 650250 886481 201383 454412 157964 542740 574927 593228 511891 359580 363138 277764 439956 405379 608507 89567 397705 554484 291405 566997 505471 201209 498096 630984 79865 657849 202555 583157 608389 430040 116995 131343 140662 595127 63968 701063 468823 621386 287359 325291 328078 157884 707683 334989
844752 525024 621503 796244 503230 384631 139709 1064413 346849 390238 348490 430447 990012 334969 721227 852779 209890 66970 307247 805970 342917 1123950 528245 570455 636839 695853 189202 815936 389316 710499 600747 647999 546658 221932 73137 572729 188142 739462 831948 513498 999999999 429714 488242 567926 740989 291280 677551 289269 1043850 933764 834559 817532 873469 783083 796360 902490 674965 729953 380419 267814 430521 786479 187918 914878 131232 835806 693334 627215 473597 114265 95110 463990 251988 68670 698043 116002 660488 694342 380255 550462 433637 408641 710949 200198 140274 851927 630493 385703 388966 774241 563412 693887 205954 816403 660110 781019 387407 514456 535206 419635
512173 613712 216109 486363 109568 265003 296806 644965 467417 574200 87855 395569 590839 469538 409040 445230 327708 364601 495009 720004 271081 705226 180251 425930 207786 338763 476738 574067 507271 344719 626621 240616 527304 639511 427322 414997 585969 586153 642743 383734 429714 999999999 378196 591377 358551 393626 353309 520864 643699 507605 581446 397315 479920 362502 387520 545426 295993 502769 197031 575700 226597 358696 348551 496889 330839 529925 305798 274616 63137 392632 496383 294305 521122 497589 673744 394687 231587 447007 141028 247550 343543 309955 490944 348780 569412 490644 460778 302146 273230 346049 446055 337433 544011 387594 310103 705782 561646 252560 328642 48832
875334 908746 374815 857608 324072 131280 379357 904689 731112 817880 394347 78360 897163 726325 299659 752150 550842 435618 727035 1081755 582894 962405 265174 788970 493803 702042 645629 952132 778002 703188 949035 577761 859653 696010 539389 86294 675115 957657 1019585 739480 488242 378196 999999999 912408 401002 219113 283596 731213 944630 754183 958966 541568 803053 652298 699358 894780 354566 249496 538204 742387 584173 618106 301177 775519 361700 900732 653637 644583 347889 541204 484254 651800 708395 543499 1016535 378627 476503 825156 243478 211365 680870 88074 868310 289359 599657 840730 831021 628614 606639 549988 803448 332771 686294 589017 678359 1064495 809394 627623 102850 420779
571718 88561 783241 508213 698820 781127 575298 936924 221596 228664 533264 891500 807506 234418 999842 732633 384533 564416 273608 257424 331896 982711 771604 229636 687888 537636 397510 422914 183601 558701 36630 613452 72289 593074 496639 974733 528838 272402 368928 232829 567926 591377 912408 999999999 928257 798114 943884 310655 851908 871144 448731 906756 708967 731107 699316 651398 873573 1088312 394774 392519 369844 774238 689921 813316 617431 524215 591546 507940 652176 454884 657437 309297 355942 583126 132951 656401 736716 375164 683378 836742 248232 825767 343810 700708 614519 626560 258784 291294 318733 827946 195874 921957 436294 854038 513305 229752 220432 389933 898560 543278
639275 962146 145978 649922 253000 398874 601572 536206 825136 932498 442128 471504 567942 827731 150631 443256 682653 674385 853425 1006060 625762 588965 212746 728897 259856 496096 826615 783234 863687 485315 961370 360967 859155 962207 758820 358211 917979 854751 879592 701888 740989 358551 401002 928257 999999999 571548 126322 878121 605672 390654 779274 153301 505539 347054 407332 625553 66250 306764 546053 927693 559670 292374 595206 434186 616547 686017 427373 472652 296328 733501 781606 619178 875527 808927 989576 666847 211369 682303 360786 208165 682568 409776 735615 588431 878611 579963 743757 650111 619806 199510 756676 68927 889890 223988 492168 998269 919798 546092 298159 399611
901262 775746 496736 868976 400763 173799 223279 1015498 591826 661041 359638 147692 978691 583644 502228 831426 414400 253819 571415 1004001 493419 1075511 380184 726345 575462 729912 469762 933816 638679 737322 833986 631879 758028 483766 354285 304961 470670 902630 980403 670522 291280 393626 219113 798114 571548 999999999 472972 565038 1030428 868722 946184 689958 871070 740091 774326 938575 512544 468537 479358 557665 533556 721240 111631 873113 185572 912343 699361 663100 398585 370730 269398 592962 534196 336786 917251 175408 576783 803772 264553 363408 598228 165453 837082 99603 386368 883880 778661 543098 529863 675040 732005 509319 496889 717669 699053 982751 655193 600313 297441 417366
727828 966655 188336 729788 245067 307405 541785 660074 813622 917117 424030 358123 682857 813963 56071 550415 654363 612960 832485 1051655 623045 713835 175039 763545 329239 570703 787850 853774 855823 563577 978765 432403 878385 899152 706179 233213 861722 906127 942945 728405 677551 353309 283596 943884 126322 472972 999999999 851344 723414 512606 853084 278666 610443 450362 508096 724029 109503 193469 550278 889907 575529 400941 514231 550834 547894 768877 506081 534389 291729 688416 705305 640784 842329 743298 1019780 590314 288956 742250 305990 127858 695673 307607 793717 505717 810064 674990 787566 655454 626433 313547 787889 59936 845536 343955 559815 1040816 905470 580440 182517 400791
752760 248075 736972 692960 625306 607519 353259 1058264 112492 101595 435996 688514 952590 98304 903300 839246 197094 311378 45725 566429 279354 1113112 679541 408488 694249 648774 100314 661495 130425 668411 337434 660601 315849 283840 216956 808529 218352 542902 642793 364130 289269 520864 731213 310655 878121 565038 851344 999999999 1004072 954432 684949 909034 838650 799537 790571 825404 813892 950745 360316 91301 380805 823757 453809 914693 380991 723690 675471 591633 582030 194517 366550 368035 45461 285381 443259 397782 733748 565191 549240 726685 301028 644096 560221 466165 306492 784633 466490 286354 311005 844770 386497 849145 125645 881429 614547 539175 100890 453591 750409 485160
282930 929291 571117 345236 635045 875110 927417 127297 900621 996491 705955 993468 53840 912054 756214 199079 871091 985806 961026 759679 738883 143734 680365 630857 457623 357627 1014336 466486 912378 339548 867864 403770 785915 1222343 1017125 933248 1157476 620340 570440 654918 1043850 643699 944630 851908 605672 1030428 723414 1004072 999999999 220850 444201 458240 170677 293625 256525 203778 616852 912178 673828 1088811 634695 328055 992080 172686 967670 338676 350533 421720 631885 969718 1124554 636095 1028900 1106007 826118 1032948 468287 476744 766020 735977 704516 910077 512485 992478 1174647 226257 593168 719654 698704 409897 663248 663980 1086079 381700 393196 769669 982208 553869 852084 635005
371301 935672 381076 415632 468310 702568 804136 150513 864020 969361 585293 810865 194339 872832 541053 145070 791269 870265 915926 843568 675621 208734 497320 641577 300878 333516 942924 560768 886568 312484 894839 295638 799701 1133283 921105 732457 1073578 690070 670212 646517 933764 507605 754183 871144 390654 868722 512606 954432 220850 999999999 545302 239698 194187 155477 172078 317223 410212 697174 597744 1030190 573842 149625 848818 73307 838146 432368 284877 371439 478098 879021 1003891 598933 970482 1000305 879081 901300 291999 517257 607397 542829 673150 731802 566366 846934 1071628 296912 622876 671104 644302 204653 675306 452678 1014806 168986 359236 846604 954973 508039 656440 514251
174999 535342 664749 134457 647268 844824 764369 554638 572460 642455 588489 975290 412392 586708 904366 403254 626726 796272 639261 315497 491899 586627 722225 277652 525035 283681 732268 25868 565267 294023 454886 421447 396480 952435 782156 987359 883466 185068 127674 328763 834559 581446 958966 448731 779274 946184 853084 684949 444201 545302 999999999 687130 351779 459294 402795 244577 750471 1039531 473049 776229 417965 518013 865668 473424 812291 113362 351903 322021 614152 730643 928600 371623 721999 880118 392596 873045 569894 143442 720982 795315 406013 890652 126246 871634 936241 249095 218489 449429 446128 605352 298565 807034 795821 609942 293659 326315 629693 345874 898470 542414
530796 953467 198897 553265 314856 516579 678892 383207 839488 948534 485093 606892 424282 844687 302382 313672 721778 750747 878128 945441 637741 435664 310613 689715 221366 414441 872880 695335 872525 398925 936897 297777 835039 1033475 822821 507222 982229 790066 798858 674166 817532 397315 541568 906756 153301 689958 278666 909034 458240 239698 687130 999999999 377329 230112 290247 503486 187020 458220 554624 970311 553062 170735 694923 289975 702671 584099 344901 411665 345080 789792 871392 601710 914029 886192 948580 759725 176412 611746 448913 334855 672487 536374 665610 690158 957703 464060 692213 651112 620849 83375 720834 219299 941009 82604 421039 941634 934887 516880 439647 425559
177240 781178 438755 225038 483890 722415 758566 228242 737724 836738 537909 845462 116989 748566 651343 63657 700952 815906 796405 655334 569933 277560 538185 481568 309271 189908 845336 368179 752537 170700 728828 239475 639865 1052059 846463 801807 987482 504521 477678 498386 873469 479920 803053 708967 505539 871070 610443 838650 170677 194187 351779 377329 999999999 160090 104476 128274 500971 803684 503454 921939 465449 213286 826888 121692 799643 238556 180491 251673 474596 799151 954887 470942 861877 935402 701214 865048 331392 339629 608162 600601 541488 760262 384390 827896 1003976 102835 452405 552898 530781 307403 515013 553808 917263 294735 224682 660270 822349 386052 716589 467683
300732 790905 281835 324905 341994 581925 656534 282675 710753 816996 435472 699888 244932 719185 491533 101407 636015 720704 761492 732544 520478 342843 387400 503337 164874 201160 787509 469089 734854 182130 757119 140188 658972 979398 767722 645703 919041 576602 575046 501790 783083 362502 652298 731107 347054 740091 450362 799537 293625 155477 459294 230112 160090 999999999 60982 278774 340904 643595 442281 874784 419357 59384 709400 134523 692846 354295 139676 224035 342156 724830 856269 447844 815118 848864 751975 757069 176045 398125 475633 445760 522227 616472 450843 708642 919831 235466 492881 517361 490039 152419 536605 393784 859427 150783 219000 731785 802658 356778 562110 363775
240730 763631 334361 268411 382175 621732 675031 271267 696546 800542 452937 743221 204370 705965 550574 57719 637050 736075 750672 684321 513961 329376 434290 469865 205985 161944 786223 413921 717222 141120 723440 149259 627758 985141 775548 697333 922775 528909 521255 474569 796360 387520 699358 699316 407332 774326 508096 790571 256525 172078 402795 290247 104476 60982 999999999 218224 398612 701543 439992 869376 410201 119759 736057 124209 713876 295668 115403 201361 376060 730485 873694 429755 809322 860537 711258 778890 226939 352139 510182 496170 503578 658510 403485 736247 930589 174512 453369 505061 479566 213387 503553 452369 858416 209667 187220 685073 786121 339511 612214 381336
79811 730956 544523 143185 570922 802462 800591 310064 717732 808020 588099 929870 167971 730141 767951 191008 713133 850460 780937 558748 575446 343611 633555 435723 406470 211119 847253 265318 724644 201490 665942 317167 587204 1062351 865972 902156 995257 416818 372162 466180 902490 545426 894780 651398 625553 938575 724029 825404 203778 317223 244577 503486 128274 278774 218224 999999999 614828 917411 522498 913258 475500 335872 881633 243955 844974 135359 242544 280359 553175 816098 989740 462273 854261 959796 622340 910116 437569 277224 682363 700619 524523 843524 309624 884319 1025049 54839 393499 548254 531707 430344 466933 669401 917505 421101 245202 567538 793974 391061 814767 522933
