NAME : synthetic_000692
TYPE : CTSP-D
DIMENSION : 100
GROUPS : 8
RELAXATION_LEVEL : 1
EDGE_WEIGHT_TYPE : EXPLICIT
EDGE_WEIGHT_FORMAT : FULL_MATRIX
EDGE_WEIGHT_SECTION
999999999 524446 292559 213323 202317 297220 421839 382076 254441 296659 283252 494770 413700 483258 674046 652061 263364 332084 152046 130626 577824 419194 27561 148921 602024 572107 78717 706983 423530 346838 115714 527646 279006 235718 220763 642639 393207 355798 506081 199304 535441 343901 520191 535563 359251 404101 277675 665320 610263 233050 459561 474671 281285 412572 472334 345612 102713 702205 492062 89454 391548 204346 342806 463118 397411 92044 496714 408517 308504 512833 184120 319116 160479 457031 229282 209682 485999 377143 521369 506636 706590 230189 625118 523371 170453 209986 728207 73993 517856 432438 120915 388850 658429 672809 722563 220016 312378 722978 154825 521912
524446 999999999 618879 392366 691221 719398 458521 350495 777160 812576 805105 413403 166557 209781 181650 483455 567879 332934 376762 396766 294768 820666 504237 671392 284388 611779 446133 183567 710755 502427 420342 526745 802863 657759 573931 158659 435495 756368 1024823 665463 118031 330722 563491 170481 286108 427017 405073 515011 746514 623034 159695 583974 805726 308033 629753 229458 569878 727178 613890 574594 840285 320224 247376 507680 509863 462962 758419 559630 652334 169052 706653 832627 470761 210949 541256 320636 1002506 421128 569053 67978 269011 692637 336770 109469 665465 506045 205823 452486 800057 408111 581810 552107 747367 408558 778818 339687 724584 820953 498352 635917
292559 618879 999999999 234038 208699 130004 692262 626637 344331 461227 426083 361753 458104 671435 707353 898898 555920 571268 311759 306815 782313 680568 312967 292515 797862 336706 315306 776154 713051 159907 277797 801326 405766 512150 512727 676352 251708 624464 618318 167872 680763 582398 800767 543206 580021 267122 542288 917736 902360 74211 627978 761457 389241 358828 763285 389635 387796 987906 780870 215714 629229 373245 372726 739598 679380 366528 786433 696487 33688 522767 360101 485112 178674 647258 521512 340454 610046 642316 297822 633455 863554 486727 833880 563816 414408 499661 816633 321690 804475 305219 404159 677025 948831 894103 1011707 444976 124895 1014676 160566 264228
213323 392366 234038 999999999 313313 327039 500382 416999 424266 498530 477432 283407 242355 439767 505762 682066 427786 361784 112219 122264 552169 625799 212068 326189 565990 391185 169995 560752 600075 177993 110411 608759 466988 439458 398498 473823 190678 560240 699260 281345 447107 371742 617739 350203 360563 198859 355022 703839 750126 230668 394507 592152 461946 201607 607879 169300 308497 809474 616444 213881 604218 154788 157362 552904 504000 226520 670176 533268 266206 327631 381871 522328 83347 416325 390129 114196 682374 447747 337940 401093 629888 442088 604062 354714 383665 357500 595374 180524 698673 222659 326650 515424 785270 666829 842058 240846 332391 856659 110635 362073
202317 691221 208699 313313 999999999 127657 618560 584342 136121 253943 217716 540829 553626 679506 818322 853330 430661 534298 319349 302215 777960 495742 229870 103851 800952 544789 270615 867685 561723 346072 274535 721290 197073 350269 381829 786355 427114 447488 414783 41752 720877 546121 708761 663375 559939 441834 478396 865610 773336 136841 650399 656386 180915 500822 644152 480436 254971 882204 669549 121753 433659 383629 470192 655850 586869 294214 633475 589656 200647 640868 163901 277427 230008 653367 403849 372058 404336 576406 503735 685206 897796 310113 826049 666583 239408 395280 897000 269972 643434 478504 265330 570119 828760 874922 895641 418878 145911 887000 203213 472776
297220 719398 130004 327039 127657 999999999 718708 670656 245833 372033 333106 491624 565837 742924 823224 943731 547257 617393 373378 361596 848637 623215 323467 231000 868131 454030 348379 885561 686218 289625 331223 824864 309870 475651 499534 791701 380766 575069 503629 103844 767804 629101 816714 660911 635543 396189 572447 958906 893421 96406 706004 768544 289346 481281 760765 494110 370612 995807 783869 207771 559338 439333 479533 760303 693955 386485 758541 701874 104685 639594 291124 394115 251220 717453 517544 415958 498544 672861 420372 725243 949454 437417 898839 675679 366138 504043 922018 351163 769836 434319 383316 682183 946565 953517 1012515 494195 18264 1007108 224729 374863
421839 458521 692262 500382 618560 718708 999999999 110816 620229 578968 595008 726009 491605 264823 638012 246820 229028 151286 392085 390507 272754 443866 395271 535885 306930 881968 377739 605471 287982 678353 416991 109365 607217 356502 271090 617025 672465 395603 767159 620724 373709 145956 120669 591050 182917 674873 150008 252273 290528 646353 300906 125455 623472 603607 173602 477163 371873 311427 155380 511183 500356 348180 493060 55310 67071 332574 315805 114804 715500 576363 523649 588167 518315 253106 234915 391961 739516 52900 828928 395766 455550 414220 295647 540010 438638 228688 589403 372424 359792 682620 367979 117146 303201 308302 350210 259622 733373 378017 532280 861722
382076 350495 626637 416999 584342 670656 110816 999999999 610182 591851 600675 623392 382379 170320 531276 273572 263483 55622 316321 319822 216827 507843 354516 515123 248080 787294 322286 505526 371550 593010 349082 203180 608691 383714 291692 509149 577724 450968 793398 579268 274743 45257 227301 480241 72783 578749 113543 291139 401314 589632 196132 235215 621352 499900 279286 372645 359042 412645 265118 467994 550061 262218 389650 164394 159795 290130 411589 210113 652943 465658 517121 605098 448462 152988 252839 303958 766937 71208 734809 289980 386004 435642 255703 429362 441996 230595 495196 319711 454435 583366 360698 204546 412377 293502 455759 181698 683634 487251 466471 773334
254441 777160 344331 424266 136121 245833 620229 610182 999999999 127744 87766 671373 654959 731660 919322 865058 404402 567075 400845 380474 818835 399415 277800 105846 845563 680781 333088 958598 500056 480306 358532 713199 64046 294557 355920 887509 558194 363688 281366 177772 789328 578494 692057 771517 601651 572525 497434 872461 723878 272962 712004 631644 44918 621119 608210 583162 251739 848898 639035 211050 324723 458041 576035 647966 576038 333263 566921 567036 333837 748709 96964 148743 343977 705565 387686 458010 269227 586355 639842 761059 957848 240338 863180 767281 186822 391936 981798 328269 568417 608297 252871 548639 785251 903423 853670 468969 263069 835626 320069 607899
296659 812576 461227 498530 253943 372033 578968 591851 127744 999999999 40624 765272 710268 733917 969048 825555 350885 557406 448226 426678 807728 282722 311743 178937 837420 794638 370583 996126 407547 584394 411952 659737 65582 225256 308160 937889 654551 258705 212293 293562 806216 567852 631591 832176 598747 667959 479064 828378 634891 387621 724182 566092 89863 700036 533683 642149 246160 770609 568166 290057 201526 494526 638697 596886 525313 350127 468101 506016 454590 809427 116731 24530 425917 708695 345644 505515 190265 554296 750949 786257 962682 166072 847430 819244 152377 361732 1012194 362789 463013 701620 238006 489540 699828 878630 768314 481796 389600 743210 406417 725351
283252 805105 426083 477432 217716 333106 595008 600675 87766 40624 999999999 738600 696114 736779 957295 841816 369316 563296 435238 413866 815038 321120 301207 152438 843870 760996 359870 988363 439008 553931 396741 679914 24981 247226 324147 925870 626844 293384 223410 258216 804646 574108 653866 816609 602702 640590 487230 846069 665914 353061 723860 589735 49464 678202 560014 626581 246701 798666 593476 265470 241517 485337 621936 616101 544104 345632 501698 527981 418021 793790 99132 61037 401950 711193 360226 492918 205074 567297 718278 781982 965301 188331 856303 806466 158811 372618 1006752 352904 498551 675026 241403 510813 729904 890413 798478 480016 350507 775417 380937 690302
494770 413403 361753 283407 540829 491624 726009 623392 671373 765272 738600 999999999 265144 570279 414918 850490 701820 575083 382617 398569 680110 909143 495323 586810 680010 199569 451916 507902 874390 202037 392712 826518 723942 722740 677311 389676 113778 843417 952719 500386 520037 581650 846648 263363 553025 99004 598255 878324 1001274 413199 512515 835725 713833 124100 861451 251289 591843 1035610 862997 475418 886315 393345 233749 781254 746867 506369 941977 784484 390415 253169 649605 789693 341462 555637 664509 351353 939494 674142 162669 462873 681812 724695 729265 313742 663780 629493 562299 462519 973474 63654 610028 768688 1026609 800561 1076218 480558 486313 1100650 359011 239691
413700 166557 458104 242355 553626 565837 491605 382379 654959 710268 696114 265144 999999999 305970 265069 588131 530407 342650 262163 283734 414978 771657 399423 551488 415264 457237 341203 319733 693743 335979 299403 582901 689780 592751 522006 233124 270481 704787 919407 523258 258791 346237 609677 124534 309608 263008 389394 616886 779286 469746 247881 611348 688655 147663 646717 73248 482129 792218 640505 445024 773883 226139 86310 546300 525977 375571 752812 570467 491769 102761 597180 732441 325045 292855 497037 205492 899668 443327 411154 202373 431397 615436 464179 113005 573838 459716 358530 349978 790322 248030 497352 557927 794555 535418 837513 286576 569293 869425 352657 473704
483258 209781 671435 439767 679506 742924 264823 170320 731660 733917 736779 570279 305970 999999999 380439 283557 427665 181578 369548 382267 114253 676492 457161 629256 126428 756830 409229 340767 541406 597031 412326 319460 740996 540626 449110 363066 555948 617843 941897 665071 109381 173244 358890 368757 135877 552395 264287 313453 544274 651896 58327 387866 750081 448834 438352 329781 490078 517459 417264 557884 714067 303634 350213 308103 324929 398452 578256 375588 702097 360396 645273 749877 497157 26227 411254 331330 916559 239217 707823 142055 228765 587735 166119 309831 581560 382883 325931 410893 621726 545724 496252 372408 540291 233883 569496 263501 752813 613154 521143 761494
674046 181650 707353 505762 818322 823224 638012 531276 919322 969048 957295 414918 265069 380439 999999999 632406 746361 514515 522084 543430 442343 998070 657339 815189 422273 608071 598478 103093 892128 565231 561918 699857 952197 830091 749367 31968 480309 932946 1179929 787107 273861 512372 739005 164813 467747 467541 585415 664897 923695 728328 337194 763290 952089 353043 810230 338021 732627 893863 793127 709914 1013099 475553 348407 685649 690934 624637 940053 740896 740812 184609 858164 990428 588976 386578 718222 464383 1159197 602180 577063 242295 343140 860853 473470 152168 827079 682227 163434 606308 981705 436925 746162 733636 920620 540488 947593 511369 824916 993151 616393 654516
652061 483455 898898 682066 853330 943731 246820 273572 865058 825555 841816 850490 588131 283557 632406 999999999 474956 328192 587393 592372 190784 667156 624618 776951 210816 1031375 595534 563875 496318 853506 621996 182667 853834 602096 517887 622343 825367 628073 1010271 850730 367108 316826 227307 649608 321530 823734 374958 32567 380703 863192 341808 294104 869751 727454 348237 603690 614570 286292 311004 739538 734120 529087 623384 234421 302618 560142 495994 333609 925828 642704 768939 834269 720308 295303 481648 567872 982336 279256 980733 416520 336073 660347 162264 589437 685113 473208 525161 592571 538107 821269 612209 345529 344316 112971 344535 454286 956936 403320 739242 1027966
263364 567879 555920 427786 430661 547257 229028 263483 404402 350885 369316 701820 530407 427665 746361 474956 999999999 247693 319895 306026 477814 253342 244162 334684 510224 815739 261581 742622 172727 592822 319392 310857 383486 127491 49390 719165 618315 191187 539095 443727 521791 254842 287667 651194 296329 625753 166257 477516 347786 494760 437349 228468 401645 593932 213712 485374 176721 451909 239290 346206 286850 315687 493510 246785 174811 203387 242448 162878 571262 631238 307762 359327 407819 405976 37656 353421 511700 211175 763051 520817 649318 185392 511175 615617 217941 72804 742477 251825 271745 645643 165332 144265 399308 534073 465469 243934 564101 461091 410548 774966
332084 332934 571268 361784 534298 617393 151286 55622 567075 557406 563296 575083 342650 181578 514515 328192 247693 999999999 260717 264477 252277 499345 304589 469311 280578 734959 269173 499496 378061 538232 293903 252906 569659 359114 267532 490131 525259 438748 762996 527558 274553 11827 271710 447924 49062 526819 82735 346473 436636 535196 190648 268704 580908 452416 306051 325878 318193 460860 297935 416440 533122 207009 341867 206594 184497 240789 426176 231515 597788 431691 476057 572186 392978 158757 229742 249185 737216 100924 682248 278635 408151 407120 296166 400911 405718 201593 495852 267214 467367 532912 321931 221591 454035 340764 501313 126296 630061 528725 411245 719232
152046 376762 311759 112219 319349 373378 392085 316321 400845 448226 435238 382617 262163 369548 522084 587393 319895 260717 999999999 21571 476163 533129 137417 295337 494876 503237 80123 557752 492622 288614 44818 501162 430315 347573 294899 490634 299985 466369 658123 299271 401842 271561 507815 385031 268464 306583 244543 606880 637912 283335 334288 480339 431155 281080 495673 196076 225057 699223 504381 199402 522456 66121 195918 443510 392509 125999 561494 421078 339686 362439 336115 470296 133090 344089 282387 57729 637910 339976 449944 366134 580463 360771 526921 371330 313299 248249 582096 89746 591616 325753 241747 403206 673355 584424 730701 135163 383457 744546 153928 473324
130626 396766 306815 122264 302215 361596 390507 319822 380474 426678 413866 398569 283734 382267 543430 592372 306026 264477 21571 999999999 487044 514450 115880 274814 506811 512973 59033 578221 478594 295075 30441 499840 409149 328496 278859 512013 312367 447855 636672 283878 418683 275659 504459 406569 275969 319737 241440 610929 629594 273723 349189 474278 410269 299795 487315 217477 204434 695279 497546 181354 502204 81417 216942 440814 387275 108059 548246 413667 333468 383966 314736 448731 128983 356534 268390 79055 616399 339028 459828 384415 596109 340275 537346 392797 291968 235310 601820 68942 577409 340557 221347 395406 666854 593316 725292 138182 372411 737342 146880 479859
577824 294768 782313 552169 777960 848637 272754 216827 818835 807728 815038 680110 414978 114253 442343 190784 477814 252277 476163 487044 999999999 713284 550822 719603 34221 869150 507692 378894 560708 711210 517435 286105 821825 600188 508306 431641 669682 660613 1010212 766569 177253 241172 332504 463350 218641 665826 328677 223069 515756 759483 168907 379422 833184 560133 434952 443235 570460 458190 406006 657276 762500 411144 463750 299074 339627 488883 584145 387076 812412 458265 728320 821477 606329 136011 469421 441871 983765 269029 820678 229255 184082 652469 52012 402558 656881 447226 346424 507989 628353 658087 573877 389754 497702 120675 514319 359105 859326 565987 629395 875382
419194 820666 680568 625799 495742 623215 443866 507843 399415 282722 321120 909143 771657 676492 998070 667156 253342 499345 533129 514450 713284 999999999 414642 394332 746990 988887 458143 995959 174361 764491 516726 485052 345343 186461 250302 970277 811582 67088 381054 526739 773898 505598 443960 894952 548323 821880 419171 659863 384604 608059 689802 374792 369971 814148 325204 718842 318195 534486 363812 469649 89870 547913 723608 435712 377298 407184 208927 336272 684268 874043 332144 272339 579574 656106 279849 578818 353152 445370 939131 774150 891803 194526 739409 863523 266256 316086 995080 447565 190621 848250 299842 328255 453211 748477 519091 489464 641478 482628 571436 932845
27561 504237 312967 212068 229870 323467 395271 354516 277800 311743 301207 495323 399423 457161 657339 624618 244162 304589 137417 115880 550822 414642 999999999 173080 575275 581872 58871 687298 408246 356620 106918 501551 298676 228977 203977 626151 397140 349856 522806 226465 511528 316403 495035 522447 332198 407263 250410 638024 589447 256295 434677 450895 302512 407612 450437 333231 96582 678288 469030 115973 392874 184172 331942 437268 372333 64518 481064 385079 330560 499846 202460 333409 169160 430943 208891 194087 501858 350114 530415 484177 681323 230456 597928 507580 176915 187058 707036 51753 503990 433869 114860 365468 636236 645334 699782 193699 338335 701711 167782 534845
148921 671392 292515 326189 103851 231000 535885 515123 105846 178937 152438 586810 551488 629256 815189 776951 334684 469311 295337 274814 719603 394332 173080 999999999 745334 619844 227424 853026 458694 406104 253552 634538 140800 246982 285334 783457 475702 344238 373072 132420 684279 480936 618300 669663 501369 489201 404191 786654 672913 218406 607756 562635 137238 526261 546723 480366 164400 786382 573902 113128 337254 352200 474246 568869 498177 231239 530103 496295 292039 646824 67876 203456 249576 603076 311174 352688 356576 497780 574656 655368 854272 206419 765218 663350 135581 308019 875958 222886 539609 523181 171079 477049 729882 808530 797320 365878 249189 786405 228570 554028
602024 284388 797862 565990 800952 868131 306930 248080 845563 837420 843870 680010 415264 126428 422273 210816 510224 280578 494876 506811 34221 746990 575275 745334 999999999 871706 530352 353732 594897 720765 537062 318608 850111 631785 539772 413597 675308 693913 1040985 788237 166520 269799 365379 454570 244021 670704 358718 243382 547764 777744 175003 413286 860957 561974 468925 448783 598501 485502 439681 679776 795446 429222 469401 333089 373769 514195 618270 421289 828510 451120 755998 851574 623375 151041 500918 457719 1014692 302306 824172 221762 150064 683452 52595 393518 686110 477824 318205 531167 662476 661064 602507 423892 527921 124175 542230 382351 878329 595219 647140 881224
572107 611779 336706 391185 544789 454030 881968 787294 680781 794638 760996 199569 457237 756830 608071 1031375 815739 734959 503237 512973 869150 988887 581872 619844 871706 999999999 554250 704256 986425 225353 496554 987586 741493 807719 782270 584785 209705 927123 954252 503410 715380 743191 1001718 462211 720993 208806 742183 1057565 1140949 408171 700308 981073 725653 309813 998788 428107 674806 1193316 1006189 522465 949232 534901 408147 936177 892278 612406 1057879 923682 351741 452675 687509 818871 412737 739810 778225 490844 946579 829102 53358 658440 880621 795433 919486 513308 726402 747122 759922 564177 1083942 211113 693020 906114 1174242 989810 1229037 624641 442050 1246428 417841 84951
78717 446133 315306 169995 270615 348379 377739 322286 333088 370583 359870 451916 341203 409229 598478 595534 261581 269173 80123 59033 507692 458143 58871 227424 530352 554250 999999999 628961 432409 331395 59584 486460 356797 271761 229194 567307 360056 391934 581666 259561 457487 280921 485554 464644 290457 368739 228212 611384 596879 269483 382826 448433 359774 357224 455333 276132 145581 673620 469465 149584 443590 125909 275950 424332 364642 58195 503634 384862 337792 442128 260962 392152 148988 383044 224175 135714 560722 328896 501680 427972 630267 281470 556300 448848 233250 194709 649585 10605 530436 392250 162714 365788 638643 607505 699671 148702 361405 707048 157345 514405
706983 183567 776154 560752 867685 885561 605471 505526 958598 996126 988363 507902 319733 340767 103093 563875 742622 499496 557752 578221 378894 995959 687298 853026 353732 704256 628961 999999999 875528 642803 600514 653440 985754 838184 752381 120157 562721 932927 1208359 839650 231816 495064 695960 247214 450658 551073 577144 596387 882027 789423 310363 728512 988113 432483 779058 391793 753300 836875 757791 753538 1019969 503139 406043 648344 664031 646511 916958 714708 809838 262622 889759 1016194 642269 353372 718282 500753 1186073 576455 670571 221816 252055 874815 401853 212914 848922 684126 60451 635551 959944 523357 765036 710040 871893 464011 892556 521712 888976 942284 670007 746174
423530 710755 713051 600075 561723 686218 287982 371550 500056 407547 439008 874390 693743 541406 892128 496318 172727 378061 492622 478594 560708 174361 408246 458694 594897 986425 432409 875528 999999999 762409 491002 313657 459840 211774 204635 867009 790714 154567 546438 582956 645993 381247 270869 811267 425997 798324 308880 487360 227367 647006 565166 202371 482714 765299 151032 653579 325260 368384 189644 498129 253640 486024 662916 269716 221400 374442 73382 173934 724732 792372 412139 405437 575854 524479 210274 525029 518090 302359 934007 656154 743380 260153 581140 770943 324297 244907 866746 422352 99087 818369 309173 171463 293085 583171 361317 408520 703990 336537 576028 942818
346838 502427 159907 177993 346072 289625 678353 593010 480306 584394 553931 202037 335979 597031 565231 853506 592822 538232 288614 295075 711210 764491 356620 406104 720765 225353 331395 642803 762409 999999999 275402 786613 536859 582523 557924 535394 92570 702198 760754 304644 583060 547821 795660 400578 533316 107864 532728 876657 924501 213520 545863 768825 524166 212190 782256 278488 449512 987342 792492 301976 727847 331576 258518 730883 681122 389552 834322 708728 189583 382058 472506 608906 187461 575799 555517 289071 749527 625685 174671 530179 762785 571776 763142 430508 503957 525696 688628 341016 859471 145758 467750 690479 961689 829351 1019316 418767 284720 1032400 193055 184822
115714 420342 277797 110411 274535 331223 416991 349082 358532 411952 396741 392712 299403 412326 561918 621996 319392 293903 44818 30441 517435 516726 106918 253552 537062 496554 59584 600514 491002 275402 999999999 526351 390532 330265 288447 530266 300605 450775 620091 254757 446613 305184 529463 420304 306282 309180 267285 640219 649665 243347 378408 496947 390202 300929 507560 230228 201343 719615 519408 154838 499171 110114 227093 466418 410896 116650 561781 435106 303886 397531 297903 434631 101326 386655 281805 99813 600665 366020 443743 410860 624936 336706 567772 410367 283442 250695 625921 70120 589296 332764 219114 416483 688838 623725 748292 167713 341980 758532 117400 459586
527646 526745 801326 608759 721290 824864 109365 203180 713199 659737 679914 826518 582901 319460 699857 182667 310857 252906 501162 499840 286105 485052 501551 634538 318608 987586 486460 653440 313657 786613 526351 999999999 694343 434483 357897 682312 777889 448336 835598 725586 426978 245364 48103 673146 274710 779659 259255 175279 230085 754415 367268 111488 712348 703079 166382 575821 470200 209670 130369 617100 554273 455608 592794 65670 137168 439826 316210 155863 824244 660543 616236 666123 627673 315800 325662 499081 807410 161212 934750 460183 467016 493683 289806 618376 527964 326850 628159 480867 359299 785657 464179 170692 220865 275899 255322 367924 839880 294209 641496 969456
279006 802863 405766 466988 197073 309870 607217 608691 64046 65582 24981 723942 689780 740996 952197 853834 383486 569659 430315 409149 821825 345343 298676 140800 850111 741493 356797 985754 459840 536859 390532 694343 999999999 263960 337211 920630 611601 316007 232274 238138 806068 580665 669502 809207 607818 625562 495148 858909 686301 333325 726160 606211 24673 666866 577993 619451 251667 817371 610860 253634 266370 482669 614038 630074 557964 346591 523538 543635 396618 786369 96922 85063 389786 715229 372321 488040 216300 577818 699489 781763 969114 205800 863975 800865 168836 382569 1005577 350406 521355 660489 248123 526119 749745 899773 818329 481994 327114 796373 367793 669828
235718 657759 512150 439458 350269 475651 356502 383714 294557 225256 247226 722740 592751 540626 830091 602096 127491 359114 347573 328496 600188 186461 228977 246982 631785 807719 271761 838184 211774 582523 330265 434483 263960 999999999 92124 801005 626107 120912 412272 373052 627058 367992 406892 717001 405513 636120 276593 603849 430431 442831 542422 342521 284326 628291 314612 536487 133264 554872 346951 296723 183010 366980 540088 371843 300557 222035 283206 281094 520577 695505 202361 232347 396000 517216 130891 395157 385121 336966 757085 618374 766604 59272 635763 689774 112774 157979 844203 261197 294888 662013 114916 264358 490848 660966 559201 318897 493578 543072 389996 755526
220763 573931 512727 398498 381829 499534 271090 291692 355920 308160 324147 677311 522006 449110 749367 517887 49390 267532 294899 278859 508306 250302 203977 285334 539772 782270 229194 752381 204635 557924 288447 357897 337211 92124 999999999 721104 589022 184063 502858 395826 537528 276188 336281 644905 314478 597335 184855 521945 394204 449770 452785 277806 354618 573941 262323 471645 129041 501142 288582 300671 268126 300374 477890 293146 221014 171979 277171 212016 526796 624155 259099 318386 371223 425995 38890 334494 476023 247122 730040 531408 674608 145377 544521 613302 170069 68314 756110 218914 301674 619330 116630 193200 447334 571712 513899 239285 516546 507796 371690 738211
642639 158659 676352 473823 786355 791701 617025 509149 887509 937889 925870 389676 233124 363066 31968 622343 719165 490131 490634 512013 431641 970277 626151 783457 413597 584785 567307 120157 867009 535394 530266 682312 920630 801005 721104 999999999 451415 904897 1148609 755169 259056 488475 720396 134841 444061 438916 559420 654695 904282 696695 317038 742459 920400 323255 788412 306056 702183 878996 772360 678016 984005 444815 316464 665687 668434 594200 916184 718095 709852 153881 826743 959361 557026 367404 690465 432958 1127990 579721 552224 222535 345423 831009 465508 120272 796439 654253 178559 575225 957497 409096 715889 710280 903175 534048 932001 482582 793520 976207 584452 628846
393207 435495 251708 190678 427114 380766 672465 577724 558194 654551 626844 113778 270481 555948 480309 825367 618315 525259 299985 312367 669682 811582 397140 475702 675308 209705 360056 562721 790714 92570 300605 777889 611601 626107 589022 451415 999999999 746995 839558 386615 527046 533531 792402 316951 512024 15425 534105 850771 934928 299861 501179 773318 600945 130771 793140 226598 493402 983871 798980 365641 783306 326266 206014 726815 684322 417085 860609 717303 281999 300154 539663 679040 235051 537214 580663 282230 826714 619628 157088 471673 701877 623149 720938 353124 559421 547605 611485 370484 889347 53554 511769 700180 966300 789826 1020209 416068 376598 1038983 249806 205916
355798 756368 624464 560240 447488 575069 395603 450968 363688 258705 293384 843417 704787 617843 932946 628073 191187 438748 466369 447855 660613 67088 349856 344238 693913 927123 391934 932927 154567 702198 450775 448336 316007 120912 184063 904897 746995 999999999 393570 475754 712976 445615 410784 828213 487477 757032 357422 623537 380125 553057 628530 341463 339994 747436 297501 651757 253838 522933 335313 411055 106051 480852 656533 394020 330549 340383 209720 294478 630112 807234 286428 253883 516264 596657 215112 511762 365171 391614 876857 711247 836570 138605 689461 797338 211191 250723 933612 381340 205390 782845 235454 283602 446936 703200 514820 423347 593297 485916 509293 873052
506081 1024823 618318 699260 414783 503629 767159 793398 281366 212293 223410 952719 919407 941897 1179929 1010271 539095 762996 658123 636672 1010212 381054 522806 373072 1040985 954252 581666 1208359 546438 760754 620091 835598 232274 412272 502858 1148609 839558 393570 999999999 456400 1017251 772952 801263 1040017 806153 853889 682522 1009250 765395 550254 934625 732565 239299 898997 690834 849991 457673 913558 728336 485825 293813 706318 845273 776676 707700 562400 589829 679757 602817 1017198 322227 193269 621732 917072 541658 715712 28401 749225 916041 998297 1170397 357847 1047346 1029451 362629 563164 1224398 574208 570160 889591 448379 665866 833816 1073124 900067 693350 518057 862976 599176 877536
199304 665463 167872 281345 41752 103844 620724 579268 177772 293562 258216 500386 523258 665071 787107 850730 443727 527558 299271 283878 766569 526739 226465 132420 788237 503410 259561 839650 582956 304644 254757 725586 238138 373052 395826 755169 386615 475754 456400 999999999 700815 539369 715753 630195 549976 401446 476874 864462 789606 95277 633045 666188 222493 463931 657350 450021 267015 893171 680951 111282 468231 364853 438706 660595 593166 290736 655489 599446 162039 607861 197399 317339 198235 639106 414535 349156 446080 576442 462074 662871 879689 337340 815599 635925 265214 402345 870880 260537 667735 438367 279511 579780 843003 866968 909127 408113 121250 903298 170722 432100
535441 118031 680763 447107 720877 767804 373709 274743 789328 806216 804646 520037 258791 109381 273861 367108 521791 274553 401842 418683 177253 773898 511528 684279 166520 715380 457487 231816 645993 583060 446613 426978 806068 627058 537528 259056 527046 712976 1017251 700815 999999999 268596 467535 288050 225602 520646 355630 399012 653231 673031 84749 497189 812472 406372 547310 304746 560061 620235 526622 599896 805296 337299 325009 417482 432427 459478 685575 483123 713236 284922 709206 824032 516741 121896 501203 352751 993041 345288 669889 57178 182796 669707 218795 226999 654638 469584 221578 461448 728751 506819 568872 478919 647409 290683 673750 324713 775443 719568 543081 731806
343901 330722 582398 371742 546121 629101 145956 45257 578494 567852 574108 581650 346237 173244 512372 316826 254842 11827 271561 275659 241172 505598 316403 480936 269799 743191 280921 495064 381247 547821 305184 245364 580665 367992 276188 488475 533531 445615 772952 539369 268596 999999999 265817 449514 44778 534842 91403 335409 433405 546715 185329 265643 592069 458642 304684 331767 329308 453981 295114 428258 540894 216962 348141 201132 183079 252578 427748 231104 609051 433713 487259 582434 404013 151135 238119 258754 747072 97257 690583 274917 398795 416655 284695 401437 416335 210865 490120 279005 469345 540302 332804 222082 449130 328961 495298 137496 641731 523918 422483 728380
520191 563491 800767 617739 708761 816714 120669 227301 692057 631591 653866 846648 609677 358890 739005 227307 287667 271710 507815 504459 332504 443960 495035 618300 365379 1001718 485554 695960 270869 795660 529463 48103 669502 406892 336281 720396 792402 410784 801263 715753 467535 265817 999999999 704867 300070 795060 263300 216564 186069 750389 403816 69445 688487 724125 121101 597497 454930 191849 83725 609303 516212 467166 613575 65640 122790 435552 269291 125894 822184 691262 595341 636561 630361 353003 307193 511130 772955 173059 948588 497870 514290 466120 337669 651623 505563 313680 672407 479093 312048 803199 447225 143578 185743 323583 229606 377852 832301 260482 642326 979687
535563 170481 543206 350203 663375 660911 591050 480241 771517 832176 816609 263363 124534 368757 164813 649608 651194 447924 385031 406569 463350 894952 522447 669663 454570 462211 464644 247214 811267 400578 420304 673146 809207 717001 644905 134841 316951 828213 1040017 630195 288050 449514 704867 999999999 408604 304744 503718 680539 881441 566871 312411 714444 806853 188417 753959 190091 606455 879467 744146 560544 898348 350638 195509 644147 632361 500079 867747 679151 576569 22840 718044 854669 433392 363427 618733 329138 1020914 546287 425515 234096 427955 739956 506790 61060 697676 581486 299551 473643 906509 276190 621790 668132 890600 578730 928258 407440 661947 965246 460228 499702
359251 286108 580021 360563 559939 635543 182917 72783 601651 598747 602702 553025 309608 135877 467747 321530 296329 49062 268464 275969 218641 548323 332198 501369 244021 720993 290457 450658 425997 533316 306282 274710 607818 405513 314478 444061 512024 487477 806153 549976 225602 44778 300070 408604 999999999 512188 130510 343537 472915 549609 141589 305872 617884 429185 347131 301820 356261 484378 335623 439855 581072 207922 319410 237037 225809 270364 472311 274626 608148 393564 512902 614373 401459 111769 277188 246368 780740 138109 668957 230204 364261 451927 266110 359043 446498 247564 446816 290153 514024 514922 361572 266245 485135 317973 528267 141907 647227 560010 422063 710825
404101 427017 267122 198859 441834 396189 674873 578749 572525 667959 640590 99004 263008 552395 467541 823734 625753 526819 306583 319737 665826 821880 407263 489201 670704 208806 368739 551073 798324 107864 309180 779659 625562 636120 597335 438916 15425 757032 853889 401446 520646 534842 795060 304744 512188 999999999 538012 849507 939641 315079 497078 777263 615136 120355 798076 222626 503696 986293 803211 378675 794767 330045 202186 729434 688193 425357 867845 721979 297360 288454 552812 692431 246945 534175 588123 286138 840867 622112 157132 464894 694221 634220 716880 342441 571110 554659 600472 379228 897095 38130 522041 705060 970056 786178 1023317 419743 392014 1042999 262564 211222
277675 405073 542288 355022 478396 572447 150008 113543 497434 479064 487230 598255 389394 264287 585415 374958 166257 82735 244543 241440 328677 419171 250410 404191 358718 742183 228212 577144 308880 532728 267285 259255 495148 276593 184855 559420 534105 357422 682522 476874 355630 91403 263300 503718 130510 538012 999999999 387648 403098 497440 271115 239253 507899 479806 263515 358419 245903 454702 265436 366083 450604 207968 371172 199374 150217 186276 364102 186399 565764 485498 403826 492889 368564 241434 147010 251921 656440 100789 688867 355374 490151 325613 369073 462122 328642 119671 576222 223357 402886 549736 247184 171398 432204 406022 487322 118398 586558 504986 382274 717094
665320 515011 917736 703839 865610 958906 252273 291139 872461 828378 846069 878324 616886 313453 664897 32567 477516 346473 606880 610929 223069 659863 638024 786654 243382 1057565 611384 596387 487360 876657 640219 175279 858909 603849 521945 654695 850771 623537 1009250 864462 399012 335409 216564 680539 343537 849507 387648 999999999 358928 880056 371536 285182 875515 754968 337458 630448 623284 257114 299424 753508 729509 550036 649950 232745 303303 573742 482468 330019 944066 673283 775919 836190 739420 324100 486688 589702 981162 289432 1006610 447871 367241 662587 194680 620537 690596 480683 557407 607941 523735 847922 619996 343387 318885 142449 315454 472761 972484 375421 757611 1052495
610263 746514 902360 750126 773336 893421 290528 401314 723878 634891 665914 1001274 779286 544274 923695 380703 347786 436636 637912 629594 515756 384604 589447 672913 547764 1140949 596879 882027 227367 924501 649665 230085 686301 430431 394204 904282 934928 380125 765395 789606 653231 433405 186069 881441 472915 939641 403098 358928 999999999 842442 587251 167948 708800 881921 142286 758175 523232 154321 139112 693991 471929 610187 772286 238967 255147 540347 175682 217662 918672 866452 632785 632673 745865 537152 380983 653771 737344 336150 1087609 681859 694728 483636 515466 830493 542515 403809 858058 588338 201884 952586 510106 234855 68839 489518 134981 521260 910567 113710 752219 1109101
233050 623034 74211 230668 136841 96406 646353 589632 272962 387621 353061 413199 469746 651896 728328 863192 494760 535196 283335 273723 759483 608059 256295 218406 777744 408171 269483 789423 647006 213520 243347 754415 333325 442831 449770 696695 299861 553057 550254 95277 673031 546715 750389 566871 549609 315079 497440 880056 842442 999999999 613092 707185 317736 390443 705279 397829 322432 934578 725029 149261 555357 348563 383472 691159 627948 315002 720316 641280 77830 545286 285921 411627 156411 626749 461772 322484 540678 598212 366917 629653 855107 414836 810248 580037 342294 442912 825628 274093 736650 352822 337927 621643 891429 867019 955602 409907 102436 955477 130962 337767
459561 159695 627978 394507 650399 706004 300906 196132 712004 724182 723860 512515 247881 58327 337194 341808 437349 190648 334288 349189 168907 689802 434677 607756 175003 700308 382826 310363 565166 545863 378408 367268 726160 542422 452785 317038 501179 628530 934625 633045 84749 185329 403816 312411 141589 497078 271115 371536 587251 613092 999999999 426107 733473 391616 473649 274600 478229 569569 455935 528733 720553 268318 295168 348694 355723 379973 607611 406186 659412 303213 629511 741549 457043 51749 416468 290634 910138 267333 651771 94899 247555 585560 219804 254434 572206 384867 305279 385853 650270 489220 486391 400515 587747 289520 620270 244179 714932 661456 482158 707020
474671 583974 761457 592152 656386 768544 125455 235215 631644 566092 589735 835725 611348 387866 763290 294104 228468 268704 480339 474278 379422 374792 450895 562635 413286 981073 448433 728512 202371 768825 496947 111488 606211 342521 277806 742459 773318 341463 732565 666188 497189 265643 69445 714444 305872 777263 239253 285182 167948 707185 426107 999999999 625892 715421 56505 590940 401431 227554 29940 562618 446801 447219 605432 81214 89109 394972 207643 66771 780960 699107 535477 570188 596241 377648 252542 491170 704229 168410 927730 521001 563332 401481 391399 664462 444822 264921 709803 440965 251486 788549 392062 86411 193204 384971 251408 357563 784698 265744 605734 953614
281285 805726 389241 461946 180915 289346 623472 621352 44918 89863 49464 713833 688655 750081 952089 869751 401645 580908 431155 410269 833184 369971 302512 137238 860957 725653 359774 988113 482714 524166 390202 712348 24673 284326 354618 920400 600945 339994 239299 222493 812472 592069 688487 806853 617884 615136 507899 875515 708800 317736 733473 625892 999999999 660497 598825 617604 262790 838641 631228 248065 290974 485607 611401 647757 575622 353500 547015 562727 378646 784017 104986 108145 383091 724173 388860 488759 225796 592685 684554 786618 977651 226883 876100 800368 184943 397320 1009332 353981 545379 650580 260782 544957 771851 913372 840426 489399 306310 819232 360078 652808
412572 308033 358828 201607 500822 481281 603607 499900 621119 700036 678202 124100 147663 448834 353043 727454 593932 452416 281080 299795 560133 814148 407612 526261 561974 309813 357224 432483 765299 212190 300929 703079 666866 628291 573941 323255 130771 747436 898997 463931 406372 458642 724125 188417 429185 120355 479806 754968 881921 390443 391616 715421 660497 999999999 743313 127365 502047 912394 743164 413235 800068 279640 110550 658908 626931 407079 830814 666178 391696 170363 583333 723886 277407 433207 557306 240517 882831 552124 263518 349747 576354 637617 610102 222355 582841 521135 480741 367660 864210 100619 519600 651038 905230 680798 953728 363579 480570 979540 301136 327914
472334 629753 763285 607879 644152 760765 173602 279286 608210 533683 560014 861451 646717 438352 810230 348237 213712 306051 495673 487315 434952 325204 450437 546723 468925 998788 455333 779058 151032 782256 507560 166382 577993 314612 262323 788412 793140 297501 690834 657350 547310 304684 121101 753959 347131 798076 263515 337458 142286 705279 473649 56505 598825 743313 999999999 621127 390396 240785 38615 557966 401225 469207 634422 135920 121621 399298 151141 77148 780726 737694 513565 535767 604296 426563 243902 512554 662436 209274 945457 568305 618987 372193 447791 706000 422342 263674 762155 446982 194990 811725 378892 93036 186226 441137 251779 380912 777494 251871 611332 966893
345612 229458 389635 169300 480436 494110 477163 372645 583162 642149 626581 251289 73248 329781 338021 603690 485374 325878 196076 217477 443235 718842 333231 480366 448783 428107 276132 391793 653579 278488 230228 575821 619451 536487 471645 306056 226598 651757 849991 450021 304746 331767 597497 190091 301820 222626 358419 630448 758175 397829 274600 590940 617604 127365 621127 999999999 419942 785232 619133 372732 715336 171288 20629 532471 503038 315750 716276 544033 423165 167306 527963 664724 251823 311900 450202 142166 830825 426110 378346 251744 484428 554899 494388 186147 509367 413093 428345 285507 751701 217582 435994 529717 779499 563553 827047 245876 498108 854007 279454 432486
