NAME : synthetic_000520
TYPE : CTSP-D
DIMENSION : 100
GROUPS : 8
RELAXATION_LEVEL : 1
EDGE_WEIGHT_TYPE : EXPLICIT
EDGE_WEIGHT_FORMAT : FULL_MATRIX
EDGE_WEIGHT_SECTION
999999999 261753 748058 602926 646395 416518 760200 1028227 297324 1086042 873185 800469 783363 937028 317442 820712 782396 735663 780232 148803 233452 758514 873214 435906 331919 850070 655128 636401 671150 726142 606079 821205 532026 701959 1097034 830558 388642 626760 759681 548832 628850 387074 734705 863736 889015 1073857 747710 786323 889014 701513 719543 795142 858909 1048508 933102 558427 643286 135169 98238 390190 634778 1064088 209767 830511 89553 240685 330147 681936 464828 689937 705023 904573 869163 427834 976637 693239 783713 434669 803320 937072 745073 965220 462544 856737 732792 617703 39800 458610 490654 609677 844728 697066 712241 928382 392914 732477 569465 536873 1080730 864025
261753 999999999 678767 465234 521269 452078 498640 942806 491172 953387 800934 541863 823897 817917 383572 892090 552573 539831 528116 217343 36508 688925 829605 456739 70283 930968 648346 400208 413890 573465 362863 798743 376555 504401 926238 598549 287733 521702 513723 297333 367852 455045 519510 631842 878341 911777 649209 861603 836896 698024 603335 533524 705569 912440 934924 548996 608863 127708 328938 382045 704380 941570 180937 884331 241485 291960 390118 677773 437862 773568 444516 676616 784262 394688 919406 487915 644684 209380 541634 773487 511656 778927 384897 868086 820290 679003 224100 505150 590136 391510 588845 704927 643164 736306 476277 780481 603451 459984 935535 637217
748058 678767 999999999 253257 198256 363590 826780 280439 642649 381787 125656 744973 331087 231439 455814 444355 538097 389640 669831 601325 703480 10505 160294 336623 680959 491361 176126 538028 673794 248063 567599 169314 336203 393796 478651 566411 392929 169372 618146 605267 710091 415825 462338 580013 249261 436703 84408 438071 160514 179867 141665 843755 274229 355791 316088 218501 127112 712874 705741 359678 369443 345886 557829 395906 658597 509455 442641 178284 284768 422695 730320 579273 124411 320224 240646 420857 207153 533841 819274 346050 544554 437547 298190 286235 450701 345753 721637 351751 438209 468711 735292 210254 36320 438074 432948 332365 286717 220684 401650 554515
602926 465234 253257 999999999 59418 341277 579999 484654 603748 491680 357775 510581 531011 352702 390314 635997 330526 197932 440172 456661 495719 261266 413279 316826 452054 683537 329977 291798 425964 124463 316911 414071 91067 182504 496009 370741 214403 87717 390281 352014 457986 393989 251726 394144 497324 471099 196127 618872 410305 367127 141170 599629 255999 451893 563276 278546 259207 530657 591771 279816 497786 477046 393763 600266 519810 395346 380851 352648 234693 568730 483297 411559 332037 235067 481528 200390 183185 290591 578116 335344 323088 377802 164876 520068 609222 467573 568616 366974 488369 220540 511316 390774 225450 350324 422041 511307 378825 135921 480196 376303
646395 521269 198256 59418 999999999 349732 629551 425685 623327 441488 298777 553048 493214 298168 411631 601415 359175 215754 480018 498477 550901 205585 357196 323291 510327 649223 296531 340591 476111 101408 369349 363198 150060 209550 461497 394923 258977 50160 428969 408622 511913 404610 280361 414779 445579 432690 136868 586832 352839 328582 82503 647538 218612 402860 512060 261899 224048 581244 628343 300013 476164 423968 439090 562102 561104 428813 400927 316168 242925 544377 532929 425693 272621 253586 422616 232902 138202 349961 624294 301433 358086 357620 191652 473256 582489 446683 613477 367338 484697 270683 548828 354481 173504 336838 430972 478242 361512 138586 434360 393687
416518 452078 363590 341277 349732 999999999 813358 638812 282830 737926 481534 785242 378764 584236 100122 440086 652315 536150 729018 286937 460898 373267 464889 27903 489585 479032 240276 561327 669901 450837 561981 406936 334311 514809 799706 697561 225562 306866 686199 553135 669885 55679 577807 724758 472591 765097 392913 409553 484186 285391 391792 841834 560061 706861 517178 149883 242176 427040 354897 85262 252569 706077 278035 435108 329845 182944 86924 266105 107265 323279 724383 748007 487839 113543 571750 524950 475633 425267 831360 643843 633285 707197 186434 441881 370183 226936 399781 53269 164337 497327 803578 280668 331633 685970 81300 331885 157496 211281 748202 710615
760200 498640 826780 579999 629551 813358 999999999 995563 960689 902416 909887 129953 1103995 828705 793235 1202478 339623 463357 195946 692709 527400 833300 982423 801942 428370 1248789 901502 288963 154111 595603 265328 992672 518222 445184 784402 348884 587817 667682 238777 260277 145087 844549 389640 366652 1075110 796533 754117 1180785 973522 943101 691343 35132 670736 862010 1141610 828219 834499 625316 823718 728123 1040404 916241 630184 1172973 732758 725930 792991 926900 738052 1114702 96714 411169 873758 707949 1030112 415302 666976 392217 57969 689939 309448 629348 648179 1100036 1159554 1010191 722737 860875 977131 359551 186399 964072 803007 582339 873097 1077486 919678 682990 858183 393167
1028227 942806 280439 484654 425685 638812 995563 999999999 911026 201856 157342 889692 467509 169532 734001 565758 664884 532379 811879 881018 970349 270055 202759 612792 935680 602950 417279 722088 852843 410347 761820 282259 575664 553417 375753 674449 663725 421182 762128 816229 903972 688415 606033 674320 289943 329537 293598 576895 173434 391402 343488 1004435 328091 209902 328121 489611 396680 987977 985681 640083 577865 154387 834957 506720 938831 789894 720694 402824 565142 605484 904120 652938 160333 600463 114554 583572 333464 774787 973789 338752 687940 436265 572985 366097 615272 563712 1001221 619609 685473 663259 862664 415479 316025 465567 702155 498352 534129 495591 254639 644527
297324 491172 642649 603748 623327 282830 960689 911026 999999999 1020214 755182 966490 559123 866649 213462 567383 880318 786449 925319 274805 478189 651885 723996 310721 554782 588061 496191 760413 839201 722198 746167 655215 570645 759561 1080186 928389 424037 584552 891011 712058 817239 228050 813611 958842 704342 1046696 675739 532082 747324 531180 672723 993595 838778 989582 732768 424391 517273 395110 199278 324372 399702 987397 330844 590801 257670 240849 223056 515455 383240 436212 885810 989508 765821 370264 832612 762812 754767 577871 992509 922556 852781 979528 438929 653359 472611 393261 310254 291872 250505 709413 997859 515406 612307 954015 209792 506282 383437 486008 1031030 949873
1086042 953387 381787 491680 441488 737926 902416 201856 1020214 999999999 295966 783807 647306 153753 822733 752523 562794 459353 708592 937435 985314 373734 377314 710181 931512 792748 551765 657475 774834 380602 702545 453594 577300 489407 181662 558854 700313 459726 663642 768241 835530 792191 522643 549953 480753 139293 346769 759433 346826 539934 366566 904819 253615 42300 525965 598734 508825 1022026 1060385 716644 734712 47884 880204 694391 999278 859584 810190 545829 645490 774156 819096 517887 267861 671734 312679 517379 309145 760718 870929 212713 595268 285680 624543 554547 790802 715402 1054082 731802 819245 612950 746400 568259 409018 327155 811589 670169 666762 554058 58359 520288
873185 800934 125656 357775 298777 481534 909887 157342 755182 295966 999999999 816548 355679 169676 576700 465001 598119 453134 739272 726780 826608 115151 95785 455458 799773 508110 265193 625022 760146 314614 659683 161556 446352 465870 430432 618222 516813 282538 687727 705310 803411 531478 528595 625687 210246 384334 162136 468282 72177 246315 222663 923400 283532 280877 270862 332564 239490 838190 828793 483965 439866 252698 683412 408821 783672 633973 563384 254530 408996 478253 814857 615268 43379 445439 123883 495265 248789 646492 895974 332064 612561 433026 423110 274425 496072 421947 847109 463404 535142 559549 798877 273593 161919 447201 545847 374982 382454 345453 330247 597557
800469 541863 744973 510581 553048 785242 129953 889692 966490 783807 816548 999999999 1041524 720864 781206 1145257 225108 363553 77895 711369 574963 750391 895184 769922 474162 1192517 839885 226426 129973 503112 224351 913701 465052 352344 658403 225440 564252 596278 128893 256775 178540 823238 288041 239729 994150 672758 667269 1126481 883346 877690 605082 122738 561931 744313 1060998 776955 769724 669117 851632 701570 994868 800639 642981 1110790 759416 726228 778768 863154 698362 1068341 102572 282590 778084 674211 933339 324313 568932 388912 87388 572679 204110 505689 607412 1026147 1111437 964339 761323 828504 949264 296218 59923 901199 725037 459655 852728 1020138 873367 628571 737312 267495
783363 823897 331087 531011 493214 378764 1103995 467509 559123 647306 355679 1041524 999999999 523850 470101 113387 851927 705831 970913 664212 836215 331417 270271 368867 852473 160290 202549 819956 950467 569575 838692 194391 585877 702645 784890 885510 557277 446693 920557 856311 971523 397150 773391 902493 183933 739287 414490 112604 300896 164644 464503 1126298 603821 635852 184163 284958 271809 805735 706480 441853 159583 601433 655643 69270 701397 560563 458673 178372 392827 148939 1008066 906099 392753 434106 357356 725948 537885 750108 1106965 670437 850989 766003 470481 110640 148653 168234 772053 329250 309154 748362 1041165 140396 334876 768855 390744 52868 221830 422008 685369 878703
937028 817917 231439 352702 298168 584236 828705 169532 866649 153753 169676 720864 523850 999999999 669155 634196 495861 366821 643142 788233 848340 224221 263662 556473 802079 677656 405329 560656 688635 256424 602359 330642 442024 390382 261105 504919 554466 310430 593783 661152 742567 638604 439142 505118 376926 215471 193335 636299 236106 399175 218843 836573 158936 124455 433383 446208 357655 878805 908451 563653 593976 127077 733275 578374 849491 707832 656569 402570 492026 639513 738544 485070 131147 519095 239773 420327 178856 634682 805441 176093 520065 277271 474566 443774 660863 572586 906041 578970 669610 505959 693178 428707 256558 301004 658298 539525 518066 402312 170489 475400
317442 383572 455814 390314 411631 100122 793235 734001 213462 822733 576700 781206 470101 669155 999999999 520267 674616 574380 732594 195331 386373 465831 564120 122783 430950 555426 340381 564892 658697 509496 557165 507039 360123 548502 871204 721988 220571 375212 694285 535103 648164 74812 605104 751520 572323 839391 475971 487659 582696 385389 465860 823974 628770 789690 615660 248054 338603 339529 255148 111641 330753 793350 202908 522086 232216 94444 13415 366185 177410 395263 709927 780091 580159 158052 670419 553452 545416 401137 817775 712307 649921 766620 225471 539445 441284 309283 302710 141799 206568 508027 806575 379799 422230 740615 92771 420830 252526 276163 828856 740961
820712 892090 444355 635997 601415 440086 1202478 565758 567383 752523 465001 1145257 113387 634196 520267 999999999 960587 815562 1076079 715221 900679 444785 375691 436423 926991 47840 306093 921661 1049846 680875 937772 303567 684789 810927 895272 995317 640052 553718 1026271 950539 1066995 445455 881749 1013099 275938 849312 527532 35302 405934 274022 576504 1226039 717202 743386 252499 375177 377841 859792 735917 513672 189547 705865 717014 59167 744551 614201 510530 285265 475756 132050 1107289 1017836 503445 514151 452453 833331 650959 838051 1208138 783423 957963 879302 559851 199667 96450 213193 814569 387228 330503 850309 1147252 246984 447159 882221 432027 125234 293251 519673 792938 989779
782396 552573 538097 330526 359175 652315 339623 664884 880318 562794 598119 225108 851927 495861 674616 960587 999999999 148462 147677 661781 589060 542232 681063 631608 499288 1008397 655414 153117 222514 290463 195734 707263 318356 149800 452972 48781 456403 407402 100848 270094 290783 699243 79100 81465 784888 460399 456508 945731 666874 687429 396432 343215 336930 522428 851506 608964 583069 667072 808762 576205 828311 577250 589337 920566 720112 643977 668706 675331 551972 899048 259097 124044 558247 539014 712055 130418 349333 349490 310630 350354 43561 294430 465901 823717 938978 798094 742839 686814 809852 175059 200816 713635 522943 246394 728829 837270 709090 463400 519135 85094
735663 539831 389640 197932 215754 536150 463357 532379 786449 459353 453134 363553 705831 366821 574380 815562 148462 999999999 286147 600128 575391 393783 533815 512780 501566 863402 511906 198226 321942 142140 243240 558803 217011 35448 391402 179756 369086 265399 234670 310777 378173 587127 75513 199085 636630 384130 308197 801972 520654 541742 247974 473550 211715 417211 703307 473578 439349 637039 744692 467916 690772 464526 529615 774143 662233 561267 566456 530488 430916 759792 371903 213635 414539 425940 569999 58630 205489 331468 444439 252277 159463 239330 352660 675365 798219 660980 697661 564395 686180 158896 347286 568665 374972 196662 615915 693251 573960 333849 425555 179075
780232 528116 669831 440172 480018 729018 195946 811879 925319 708592 739272 77895 970913 643142 732594 1076079 147677 286147 999999999 679779 563035 674992 818727 712085 464107 1123551 770136 168209 122633 426429 179927 838875 401686 276306 588607 152949 512870 524548 51777 231703 190217 769817 210680 172248 918774 600660 591231 1058311 806438 806606 529322 196240 484224 668706 985619 711165 699227 652938 823558 646846 930233 724348 609225 1040120 731695 684484 729108 792636 637810 1003145 131290 218834 700578 616503 855668 249019 491360 353643 163017 496783 126724 433454 547349 952359 1045471 899701 740572 770074 892055 232954 74561 830835 650870 386595 799515 951221 808956 562625 663200 197687
148803 217343 601325 456661 498477 286937 692709 881018 274805 937435 726780 711369 664212 788233 195331 715221 661781 600128 679779 999999999 208476 611812 731051 302058 279978 749474 518767 523880 581746 580601 500491 683009 390190 567644 952152 710520 242390 478009 652406 454606 551761 270003 606986 743103 754348 927728 599032 682296 745476 566715 570889 726447 712535 900083 802300 419655 500626 145192 146990 246927 525828 915291 72445 717300 63251 103993 205962 546674 320345 588776 623796 780890 721529 281559 832753 562059 636180 326160 728398 791731 627613 824301 313742 728152 634211 504614 120335 334964 394223 486786 749063 565454 565310 789321 284087 615621 444180 388311 932812 740215
233452 36508 703480 495719 550901 460898 527400 970349 478189 985314 826608 574963 836215 848340 386373 900679 589060 575391 563035 208476 999999999 713735 852242 467649 100926 938444 665413 436639 447722 606005 399031 818767 408048 539982 960916 634987 310829 549209 549478 332796 399623 459490 555853 668272 897358 945869 676907 869499 860524 715090 632590 562429 738616 944570 952681 565352 628976 98285 307070 395122 711981 972609 184205 895237 223454 292811 393985 694763 454758 779772 476622 713102 811202 411486 943922 523857 676318 245497 571920 807462 548095 814330 407335 884363 826261 687506 197362 513489 592436 427809 622849 720625 667618 771957 479039 791547 614828 483564 968435 673718
758514 688925 10505 261266 205585 373267 833300 270055 651885 373734 115151 750391 331417 224221 465831 444785 542232 393783 674992 611812 713735 999999999 152015 346383 690790 491579 181946 544703 680525 251882 574792 165078 344992 398783 473510 569838 403239 178179 623269 613253 717497 425287 466921 582907 243790 431146 86677 439327 151130 183081 146013 849967 272786 348393 310639 227582 135631 723344 715999 370037 374245 337275 568326 395501 669047 519847 452640 182599 295111 426223 736918 581303 114585 330682 230534 426135 208037 543028 825205 343120 549440 435760 308607 283163 453360 351057 732125 360745 445780 475680 739977 213470 46807 437438 442134 334356 293876 231074 394626 557131
873214 829605 160294 413279 357196 464889 982423 202759 723996 377314 95785 895184 270271 263662 564120 375691 681063 533815 818727 731051 852242 152015 999999999 441389 836192 417155 228485 694558 830406 392338 725854 79575 496336 542866 522877 704204 541921 329566 766964 765249 868894 509308 608631 713618 114470 476310 228535 382157 30644 194355 291260 997994 376743 367837 176291 316292 230425 852922 819235 484180 375429 331202 695868 318147 783992 632568 550720 208733 411088 403498 886364 705730 138722 451798 108616 571327 333865 693071 972151 427773 692239 528567 444964 180595 415738 362316 850638 437050 489177 626343 881058 215559 191764 541658 518886 296905 341371 369839 417371 686127
435906 456739 336623 316826 323291 27903 801942 612792 310721 710181 455458 769922 368867 556473 122783 436423 631608 512780 712085 302058 467649 346383 441389 999999999 490687 476982 219254 544967 656644 424554 547601 385612 314516 492325 772004 676331 215546 279788 668378 542115 659313 83427 556331 703029 453538 737280 365034 407117 459934 265822 364105 829771 532618 679019 500270 125276 216473 439243 377847 78337 251876 678519 286928 427748 348141 198595 109372 246106 82134 324491 711763 725265 460967 95731 547644 503417 448168 416774 818244 616375 613785 680514 166223 426277 371280 224483 417383 58977 180017 479659 786601 263409 304337 659859 107901 323966 147197 185152 720310 688249
331919 70283 680959 452054 510327 489585 428370 935680 554782 931512 799773 474162 852473 802079 430950 926991 499288 501566 464107 279978 100926 690790 836192 490687 999999999 967601 668662 346172 347415 551103 305610 811670 361162 466248 891943 543772 300711 517511 453028 236012 298738 499228 473347 576813 893139 880600 643198 897780 840964 717984 592810 463268 680113 889905 952226 571668 622899 197410 398286 413383 741756 923056 233096 915226 309584 343413 435941 698031 460891 812851 375702 622919 779616 418691 920811 446810 625409 172126 471696 743390 457197 740603 396643 888758 859750 715036 294379 542824 636234 347116 522592 727637 646317 696326 522627 811538 635064 467486 909767 584362
850070 930968 491361 683537 649223 479032 1248789 602950 588061 792748 508110 1192517 160290 677656 555426 47840 1008397 863402 1123551 749474 938444 491579 417155 476982 967601 999999999 353725 968650 1096378 728633 984291 347204 731424 858724 938540 1043157 683376 601465 1073818 996070 1112729 480775 929547 1060923 313280 892358 574761 69975 447055 321842 624141 1272591 763696 784948 282474 420904 425582 894476 762954 554789 226598 745742 754390 99289 776169 649758 546262 333086 519642 160931 1153774 1065547 547316 557237 488854 881066 698166 882257 1254961 829055 1005652 925460 604832 238241 117371 252569 845682 425857 359607 897361 1194830 294813 494711 928984 465445 172385 336181 566272 834462 1037571
655128 648346 176126 329977 296531 240276 901502 417279 496191 551765 265193 839885 202549 405329 340381 306093 655414 511906 770136 518767 665413 181946 228485 219254 668662 353725 999999999 617569 747927 381893 636183 166660 383507 505623 654666 691387 368429 248054 720216 655180 769759 281642 576418 710538 235738 612827 245969 290332 251137 49691 282633 923750 441563 528823 287482 100620 72558 650515 594984 275206 195001 512384 494121 271679 567097 416558 327128 29441 210684 254511 805529 718424 284716 253955 336931 527487 365042 553467 904537 518077 651949 604658 275759 220170 288703 170013 635869 208796 269997 546004 841167 62854 161992 599231 290415 181903 117284 220562 575803 688384
636401 400208 538028 291798 340591 561327 288963 722088 760413 657475 625022 226426 819956 560656 564892 921661 153117 198226 168209 523880 436639 544703 694558 544967 346172 968650 617569 999999999 135861 313642 47121 703718 238872 170572 577030 198350 344829 379292 130624 121219 182015 601644 141351 231634 786160 575731 466848 901942 686745 657369 404199 307832 408981 615375 852648 551226 548820 517070 669975 478782 768609 662464 451949 889178 579389 519985 561177 641914 472217 842203 192350 276894 590727 449262 746939 141106 388897 201752 287028 448670 111463 418477 381348 811747 885553 738089 596639 603264 724769 71619 242668 679597 514046 370981 631332 796430 647097 403173 622332 238192
671150 413890 673794 425964 476111 669901 154111 852843 839201 774834 760146 129973 950467 688635 658697 1049846 222514 321942 122633 581746 447722 680525 830406 656644 347415 1096378 747927 135861 999999999 447283 112089 839030 365104 299463 675059 249116 445650 513666 133042 127512 70667 704689 252635 276449 921668 680553 602583 1028738 822416 789188 539888 176217 533187 733338 988070 676396 680570 540619 721667 585127 890540 784084 513848 1019522 629452 599709 657084 773117 589456 964688 57616 325514 725200 561570 881557 269300 520988 261405 161607 562688 183011 516002 498855 945960 1009073 860181 631885 715596 834224 205664 175177 810404 649437 467774 733837 924724 769369 530174 735047 296015
726142 573465 248063 124463 101408 450837 595603 410347 722198 380602 314614 503112 569575 256424 509496 680875 290463 142140 426429 580601 606005 251882 392338 424554 551103 728633 381893 313642 447283 999999999 351853 416958 199544 151331 371662 318531 338212 148627 374682 406422 494752 505501 216373 333401 494492 347850 166063 669448 380295 407056 106672 608786 133966 339265 561168 359665 310014 648701 716231 397974 569020 372737 516553 637097 643810 519386 499268 397611 343802 634700 501101 337177 278205 351935 434599 180652 77883 381064 581515 211129 299902 257400 285717 534203 670517 540259 691238 468636 585279 252923 489230 435227 235665 235431 532118 560786 457886 239558 362653 309144
606079 362863 567599 316911 369349 561981 265328 761820 746167 702545 659683 224351 838692 602359 557165 937772 195734 243240 179927 500491 399031 574792 725854 547601 305610 984291 636183 47121 112089 351853 999999999 730915 253081 213916 624114 238565 339945 404543 153626 74934 143731 599053 188450 271420 814009 622523 499682 916658 719499 677867 437502 288306 452683 660367 880109 564356 569295 483058 645102 477838 778978 706463 429577 907696 553584 505338 554536 661588 478663 853054 169533 318193 626754 452115 782463 185239 428362 174470 272344 494650 152688 465597 387833 836082 897287 748579 566284 606433 726241 100134 251698 698745 541788 418097 628496 812663 657696 418104 668263 280587
821205 798743 169314 414071 363198 406936 992672 282259 655215 453594 161556 913701 194391 330642 507039 303567 707263 558803 838875 683009 818767 165078 79575 385612 811670 347204 166660 703718 839030 416958 730915 999999999 489289 563019 591705 734787 512278 326684 787235 763298 871838 447224 631652 747364 83798 545769 251419 306963 109682 124527 310882 1010683 424836 441466 149205 263412 189891 811187 761582 437095 296593 408253 653997 247996 732819 581795 493780 142024 367448 324079 896009 744237 200112 410010 182605 589858 369597 679110 986988 484646 713804 583223 415338 120328 337522 284686 801089 373745 415384 633391 904596 140959 189694 591267 453954 217836 271862 345332 490979 721211
532026 376555 336203 91067 150060 334311 518222 575664 570645 577300 446352 465052 585877 442024 360123 684789 318356 217011 401686 390190 408048 344992 496336 314516 361162 731424 383507 238872 365104 199544 253081 489289 999999999 188937 566178 364369 152716 166835 355806 274865 387090 380921 245737 392749 573083 545656 285760 664093 495698 426245 232207 541266 333394 536691 637769 312519 318079 449364 531849 258148 529816 565047 322531 654788 453236 344523 353116 409422 237118 603342 422610 420004 422179 220833 569689 193564 268271 200315 523730 407501 299269 434123 148296 588242 646707 499287 495838 371087 494010 169169 475702 446221 305265 399620 410484 559638 408316 165153 561973 381056
701959 504401 393796 182504 209550 514809 445184 553417 759561 489407 465870 352344 702645 390382 548502 810927 149800 35448 276306 567644 539982 398783 542866 492325 466248 858724 505623 170572 299463 151331 213916 563019 188937 999999999 426330 188277 339488 257602 224547 279051 352244 564587 70823 212021 642531 418135 314983 795934 531500 538052 253019 457623 238774 447149 709368 460878 433305 602146 712774 443840 679668 492548 496736 771428 629463 531691 541062 525704 411046 749914 351666 233289 428854 403171 585100 30163 221992 296027 430184 284802 150802 274770 329558 677679 789491 649577 663780 545451 667962 125199 341806 564022 376131 232009 593695 687492 561233 317452 457420 195930
1097034 926238 478651 496009 461497 799706 784402 375753 1080186 181662 430432 658403 784890 261105 871204 895272 452972 391402 588607 952152 960916 473510 522877 772004 891943 938540 654666 577030 675059 371662 624114 591705 566178 426330 999999999 435748 709785 496093 550467 696460 741831 855381 435681 418674 634222 47061 416313 897274 494116 654831 407916 781141 242909 165881 686628 677711 597740 1013527 1087502 760055 847734 224504 887276 839251 1015382 889440 859917 655931 696951 897291 711072 378021 392138 713534 478960 448476 325794 720540 745397 160749 492252 159444 653022 703465 920500 824402 1061539 805276 908180 549734 613097 684926 495696 207671 878943 799315 761207 595096 123691 391322
830558 598549 566411 370741 394923 697561 348884 674449 928389 558854 618222 225440 885510 504919 721988 995317 48781 179756 152949 710520 634987 569838 704204 676331 543772 1043157 691387 198350 249116 318531 238565 734787 364369 188277 435748 999999999 504378 444114 117419 311669 319348 745217 120196 33360 810598 447936 483369 981580 688324 721490 425203 347557 347186 519789 876854 649153 618851 714300 857497 622495 867819 577164 638075 953728 768752 692465 715869 710216 596077 937762 277530 80024 577166 584524 728571 173074 370451 397051 312805 348883 86894 280724 511153 852638 976878 837772 790959 730897 853813 223833 189218 748408 553646 234289 774723 872891 749509 505178 511886 46934
388642 287733 392929 214403 258977 225562 587817 663725 424037 700313 516813 564252 557277 554466 220571 640052 456403 369086 512870 242390 310829 403239 541921 215546 300711 683376 368429 344829 445650 338212 339945 512278 152716 339488 709785 504378 999999999 245690 473811 327575 444376 259254 390055 534820 593024 685495 372286 613528 549725 417557 335624 616477 470391 661837 651582 273247 322786 325508 380501 140311 462978 681229 180186 622342 305604 192240 216402 397718 164855 536879 499430 566249 503633 126227 633181 340053 395379 201427 606753 549341 430075 584352 97242 588316 583210 433923 354855 274080 389400 287612 587110 428290 356946 551419 288606 519787 347197 172735 692691 526342
626760 521702 169372 87717 50160 306866 667682 421182 584552 459726 282538 596278 446693 310430 375212 553718 407402 265399 524548 478009 549209 178179 329566 279788 517511 601465 248054 379292 513666 148627 404543 326684 166835 257602 496093 444114 245690 999999999 473968 437571 545156 362293 328377 464484 410120 464359 127717 538338 329055 282167 93448 687103 254229 423170 475871 212071 175884 571170 601886 264448 426038 437503 423152 515806 539614 401143 363838 268813 201607 494455 570974 475835 262763 218040 404784 279622 170333 365304 665185 338022 404430 401252 164834 432461 532878 396532 595611 321026 436700 308169 594477 307132 139193 383114 387685 429951 311465 99050 458497 443667
759681 513723 618146 390281 428969 686199 238777 762128 891011 663642 687727 128893 920557 593783 694285 1026271 100848 234670 51777 652406 549478 623269 766964 668378 453028 1073818 720216 130624 133042 374682 153626 787235 355806 224547 550467 117419 473811 473968 999999999 217056 203690 728534 159161 143483 867044 559851 539456 1008941 754751 756122 477566 243191 435007 623250 933886 663151 649032 635796 797769 605132 882587 677809 580882 989723 706543 650609 690176 742382 592732 955176 160770 192493 649193 573120 804466 197414 440041 327312 211677 451175 75217 393133 502810 900944 997110 852079 719889 725914 848379 188873 121188 780627 599400 345482 758286 901568 761530 514757 619778 164274
548832 297333 605267 352014 408622 553135 260277 816229 712058 768241 705310 256775 856311 661152 535103 950539 270094 310777 231703 454606 332796 613253 765249 542115 236012 996070 655180 121219 127512 406422 74934 763298 274865 279051 696460 311669 327575 437571 217056 999999999 117471 584556 261471 344117 847015 693291 543481 927249 761454 699541 482830 289564 516117 725954 912131 575365 592053 421313 595605 467886 783379 769680 386374 924579 503418 473106 534227 682062 480443 857731 175045 391598 674982 448749 829014 252151 484136 134894 282824 563055 226770 538570 391893 863028 903132 753409 509245 600985 716854 155842 296510 718030 576703 491391 613259 826341 663531 434631 736221 354639
628850 367852 710091 457986 511913 669885 145087 903972 817239 835530 803411 178540 971523 742567 648164 1066995 290783 378173 190217 551761 399623 717497 868894 659313 298738 1112729 769759 182015 70667 494752 143731 871838 387090 352244 741831 319348 444376 545156 203690 117471 999999999 700019 313208 347037 955243 745655 643257 1044076 862970 813241 581169 176683 589795 793698 1021012 691861 705168 495559 686526 584625 900785 842566 487434 1040049 594770 581340 647985 796177 597869 975137 77260 396130 770407 566172 926180 322452 570626 247239 176723 624454 249809 582468 509080 974633 1020479 870784 590331 718131 833272 243865 232504 832594 683402 534207 728435 942537 780800 549519 797657 366183
387074 455045 415825 393989 404610 55679 844549 688415 228050 792191 531478 823238 397150 638604 74812 445455 699243 587127 769817 270003 459490 425287 509308 83427 499228 480775 281642 601644 704689 505501 599053 447224 380921 564587 855381 745217 259254 362293 728534 584556 700019 999999999 626017 773135 507977 820706 447894 412881 530123 323441 447468 874099 615682 761568 548036 198939 292126 414341 316718 123587 255943 759691 275400 447827 304250 168986 65624 305223 161709 320864 757914 797863 539671 161417 617159 573346 531265 453211 865487 699473 678391 762203 235038 470678 367081 234752 374906 73799 137566 539964 844311 314531 384740 740362 29761 347207 183384 266032 803245 759953
734705 519510 462338 251726 280361 577807 389640 606033 813611 522643 528595 288041 773391 439142 605104 881749 79100 75513 210680 606986 555853 466921 608631 556331 473347 929547 576418 141351 252635 216373 188450 631652 245737 70823 435681 120196 390055 328377 159161 261471 313208 626017 999999999 147122 710339 435090 382040 866716 595883 608819 320908 398775 281765 480978 777109 530259 504118 626486 753614 503743 749452 531473 534892 842134 667230 580631 598501 596522 475925 820047 299952 176273 490050 465009 645456 52920 280962 310766 369212 311246 83967 277214 391503 747154 859897 719274 695668 610730 733627 128142 273089 634839 445838 229920 655433 758296 630480 385358 484538 136294
863736 631842 580013 394144 414779 724758 366652 674320 958842 549953 625687 239729 902493 505118 751520 1013099 81465 199085 172248 743103 668272 582907 713618 703029 576813 1060923 710538 231634 276449 333401 271420 747364 392749 212021 418674 33360 534820 464484 143483 344117 347037 773135 147122 999999999 821682 433923 496236 1000278 696552 739081 439756 362467 349434 511939 887563 671819 637990 747656 890091 650831 889655 570778 670662 970304 801550 723698 745147 728473 622266 958864 300850 49172 583932 612084 733166 199845 379970 430370 326777 343089 120205 267467 538542 866063 997268 859780 824153 756934 879648 256319 196830 766514 569066 223016 802542 891510 772241 529446 500988 30003
889015 878341 249261 497324 445579 472591 1075110 289943 704342 480753 210246 994150 183933 376926 572323 275938 784888 636630 918774 754348 897358 243790 114470 453538 893139 313280 235738 786160 921668 494492 814009 83798 573083 642531 634222 810598 593024 410120 867044 847015 955243 507977 710339 821682 999999999 587377 328437 288761 140821 187755 389580 1092649 489754 475606 66850 335918 270276 885929 824552 510687 321743 433390 729202 216834 801652 651749 559328 207689 443674 330586 978505 815984 253153 486728 176567 669920 441955 762535 1068456 542231 793111 642938 496506 76535 332318 317427 870875 434235 457180 716118 983427 193460 272290 655296 511059 224411 326269 427962 524819 794812
1073857 911777 436703 471099 432690 765097 796533 329537 1046696 139293 384334 672758 739287 215471 839391 849312 460399 384130 600660 927728 945869 431146 476310 737280 880600 892358 612827 575731 680553 347850 622523 545769 545656 418135 47061 447936 685495 464359 559851 693291 745655 820706 435090 433923 587377 999999999 377695 851760 447414 611431 374041 795279 215241 119694 639589 639593 557663 994704 1060722 728806 805034 179816 864363 793078 990837 861501 827818 613137 663824 853381 719490 396494 346618 682379 431994 442347 295079 708576 760102 138566 497646 167217 624236 656905 875855 782200 1039082 768590 869182 543003 630261 641396 455292 214389 843579 754576 720953 563348 80992 405395
747710 649209 84408 196127 136868 392913 754117 293598 675739 346769 162136 667269 414490 193335 475971 527532 456508 308197 591231 599032 676907 86677 228535 365034 643198 574761 245969 466848 602583 166063 499682 251419 285760 314983 416313 483369 372286 127717 539456 543481 643257 447894 382040 496236 328437 377695 999999999 519999 219954 258731 62775 769468 195698 314224 395141 261910 182778 697684 715905 370417 440894 318892 547556 479928 659382 515617 463457 253978 298731 498817 658232 494904 136604 326157 286019 343090 123431 486067 743672 272745 465123 359079 285843 369840 529413 415082 718046 391926 491874 399700 655090 288744 84187 356404 469000 413071 345903 210970 355354 470468
786323 861603 438071 618872 586832 409553 1180785 576895 532082 759433 468282 1126481 112604 636299 487659 35302 945731 801972 1058311 682296 869499 439327 382157 407117 897780 69975 290332 901942 1028738 669448 916658 306963 664093 795934 897274 981580 613528 538338 1008941 927249 1044076 412881 866716 1000278 288761 851760 519999 999999999 412718 262843 566422 1204948 712098 748392 272633 352578 362785 827073 701084 484861 157544 713335 685581 78706 710725 581809 478181 271952 449989 96968 1086044 1006622 505167 487360 464926 817533 643267 812648 1187813 780657 941661 875005 535701 212336 62002 182818 780613 356456 295859 830837 1130074 234225 438046 876008 398666 108773 266341 499004 797919 977597
889014 836896 160514 410305 352839 484186 973522 173434 747324 346826 72177 883346 300896 236106 582696 405934 666874 520654 806438 745476 860524 151130 30644 459934 840964 447055 251137 686745 822416 380295 719499 109682 495698 531500 494116 688324 549725 329055 754751 761454 862970 530123 595883 696552 140821 447414 219954 412718 999999999 220151 282546 988154 355677 337909 199249 334666 245835 864525 837505 499087 404431 300619 707887 348187 799593 648362 569281 233306 425131 433758 877866 686948 115502 464839 87810 560440 318043 694134 961550 403170 679749 504444 453384 209807 446341 390537 865448 458628 515204 619589 867388 242831 194648 519295 540870 327336 365902 377029 387411 668639
701513 698024 179867 367127 328582 285391 943101 391402 531180 539934 246315 877690 164644 399175 385389 274022 687429 541742 806606 566715 715090 183081 194355 265822 717984 321842 49691 657369 789188 407056 677867 124527 426245 538052 654831 721490 417557 282167 756122 699541 813241 323441 608819 739081 187755 611431 258731 262843 220151 999999999 303579 964528 453228 520314 237943 150063 108627 699517 638932 324287 195094 498232 543349 233658 613961 464001 372281 20360 260372 243182 846799 744181 272354 303642 302597 561306 381395 600589 944349 525906 686363 616771 324107 170777 271058 175717 683125 249759 295067 585754 876631 30398 175646 615112 329497 154771 147762 265726 568516 715799
719543 603335 141665 141170 82503 391792 691343 343488 672723 366566 222663 605082 464503 218843 465860 576504 396432 247974 529322 570889 632590 146013 291260 364105 592810 624141 282633 404199 539888 106672 437502 310882 232207 253019 407916 425203 335624 93448 477566 482830 581169 447468 320908 439756 389580 374041 62775 566422 282546 303579 999999999 706736 170393 329750 456399 277105 212906 660159 695306 356078 474563 345660 514651 531518 632722 494532 454101 295654 289792 537082 595478 441616 192887 309967 346210 280786 86813 431478 681066 253441 403531 327945 258197 427607 570782 446974 687915 399266 508184 337429 593972 332526 129728 317924 471241 458150 370069 190734 365240 414999
795142 533524 843755 599629 647538 841834 35132 1004435 993595 904819 923400 122738 1126298 836573 823974 1226039 343215 473550 196240 726447 562429 849967 997994 829771 463268 1272591 923750 307832 176217 608786 288306 1010683 541266 457623 781141 347557 616477 687103 243191 289564 176683 874099 398775 362467 1092649 795279 769468 1204948 988154 964528 706736 999999999 677968 864941 1159310 852568 855907 660301 858169 756684 1066177 920394 663352 1195406 767075 758023 823443 948695 764435 1140394 119002 404924 886423 735301 1042557 428135 678454 422843 36787 692995 316543 628137 674139 1119535 1184948 1035870 757609 888743 1005872 379214 173316 986121 821014 581841 902822 1100902 945152 706368 859105 390165
858909 705569 274229 255999 218612 560061 670736 328091 838778 253615 283532 561931 603821 158936 628770 717202 336930 211715 484224 712535 738616 272786 376743 532618 680113 763696 441563 408981 533187 133966 452683 424836 333394 238774 242909 347186 470391 254229 435007 516117 589795 615682 281765 349434 489754 215241 195698 712098 355677 453228 170393 677968 999999999 211420 553033 446920 376350 782653 845750 517435 636346 253835 649599 666611 775624 646987 617648 449409 455751 694408 581700 333914 240390 470908 384427 267882 84469 508557 646622 83825 361615 163565 410209 544985 724274 610136 824414 569474 678251 360386 534745 483469 279880 166431 640244 606569 537556 352943 230034 320152
1048508 912440 355791 451893 402860 706861 862010 209902 989582 42300 280877 744313 635852 124455 789690 743386 522428 417211 668706 900083 944570 348393 367837 679019 889905 784948 528823 615375 733338 339265 660367 441466 536691 447149 165881 519789 661837 423170 623250 725954 793698 761568 480978 511939 475606 119694 314224 748392 337909 520314 329750 864941 211420 999999999 524797 570393 482110 982507 1024760 682474 715407 63069 841919 685984 962193 823926 777312 524838 612283 758045 778034 481340 248388 637151 314429 475177 268911 718932 831294 172075 554293 250367 587944 547499 776906 694888 1016123 702935 793997 570651 707946 549334 380877 289864 781802 655729 642264 518788 49555 482133
933102 934924 316088 563276 512060 517178 1141610 328121 732768 525965 270862 1060998 184163 433383 615660 252499 851506 703307 985619 802300 952681 310639 176291 500270 952226 282474 287482 852648 988070 561168 880109 149205 637769 709368 686628 876854 651582 475871 933886 912131 1021012 548036 777109 887563 66850 639589 395141 272633 199249 237943 456399 1159310 553033 524797 999999999 388005 330032 936967 864356 561997 338447 478127 781131 194816 847011 698817 603000 258303 497950 332413 1044977 881106 314205 541213 213954 736770 507648 825261 1135221 602412 859929 703683 555862 79409 324671 340051 916927 475043 482687 782464 1050191 236863 338633 717805 548045 233410 364659 489548 573317 860507
558427 548996 218501 278546 261899 149883 828219 489611 424391 598734 332564 776955 284958 446208 248054 375177 608964 473578 711165 419655 565352 227582 316292 125276 571668 420904 100620 551226 676396 359665 564356 263412 312519 460878 677711 649153 273247 212071 663151 575365 691861 198939 530259 671819 335918 639593 261910 352578 334666 150063 277105 852568 446920 570393 388005 999999999 93208 550047 503037 174769 219758 564126 393528 351484 469714 318493 234641 129703 111233 292029 733616 686179 341444 154312 422369 478641 363918 465409 836004 528862 599494 604552 185831 319142 334505 189364 537721 133290 231414 480741 784198 156166 189742 591192 214602 251222 100422 148556 614220 652647
