NAME : synthetic_000053
TYPE : CTSP-D
DIMENSION : 100
GROUPS : 8
RELAXATION_LEVEL : 1
EDGE_WEIGHT_TYPE : EXPLICIT
EDGE_WEIGHT_FORMAT : FULL_MATRIX
EDGE_WEIGHT_SECTION
999999999 299788 335851 791816 646897 741975 775224 438794 195830 808544 283637 209309 558277 625778 583911 411960 294549 274025 170277 338303 665205 601662 577500 187035 842201 733524 569901 533066 505398 178746 706043 352130 765356 642631 353618 257387 496635 473574 100525 590081 406356 299887 259708 675122 612575 731545 691905 564298 77502 148237 666704 407966 988248 702073 624002 659229 493924 334647 607428 382518 277930 547927 194745 518176 404515 433072 732150 250696 493845 824715 721119 746692 869835 564018 613727 816724 831816 859766 286150 451354 895111 206005 24023 88786 838753 270649 701671 795462 627345 699303 116367 817076 673475 606880 738397 430033 598990 176669 131099 234765
299788 999999999 635602 688755 416360 710217 749953 607262 397058 812129 121860 116909 661987 638091 294828 523675 170971 573340 218604 271751 665327 361131 313555 156956 572691 818307 299645 451723 230397 183357 781869 107959 586483 359593 535739 408054 222483 230141 237229 583260 315509 599643 495789 749526 324556 463605 605884 323102 299056 279166 582308 124801 766629 782109 735445 471937 216106 359950 468913 612811 549424 524208 494500 586727 223016 500072 692032 468025 458561 621035 541408 469655 652457 588805 624741 548588 721330 587621 180687 220384 629031 401150 276158 364474 677299 471734 415516 701844 509282 493917 247197 876294 539299 581173 768358 221899 301053 216617 418891 462138
335851 635602 999999999 1010560 954575 908794 931896 463295 347758 933954 604739 538644 625663 772361 916798 521609 605812 64425 472417 614120 815596 911516 898604 508731 1163726 784072 896670 770649 832810 491996 771905 679562 1038147 972850 402399 413695 824010 791769 415757 760829 675707 38415 290248 748553 944883 1054064 908855 876363 356562 413234 885705 740142 1278339 763871 664904 944202 824689 557044 869526 327814 203706 741366 141107 636126 708143 580726 907482 323463 708169 1109491 997360 1073173 1161109 712483 763917 1137917 1052554 1182434 589954 766919 1214045 355110 359447 283568 1095545 350954 1032565 1006652 874439 991506 415184 883533 925700 790123 847823 739819 934491 474592 228960 306716
791816 688755 1010560 999999999 386828 179427 200781 609644 668513 288342 808823 769542 482276 288432 595902 506496 542226 976360 627428 461249 256844 962871 890425 800641 537034 476505 522532 259249 818751 823519 443330 784889 212605 567007 629684 597985 816392 867118 695607 266614 395459 975121 723063 431330 590932 505632 102160 934415 720961 888684 126488 753082 406287 453042 511361 273428 564773 465201 222449 739997 814463 270370 910292 414288 902463 437342 159464 687740 305228 286707 226798 549621 341032 327408 288655 522890 42016 556141 865597 872389 539674 659659 783623 879259 163179 661398 590271 26196 179518 302403 842276 443169 156250 230470 334158 889539 662350 854340 907937 703897
646897 416360 954575 386828 999999999 504843 542460 708283 622939 629505 533032 527741 660790 521140 217180 589340 353166 901821 485068 347631 520679 599531 525255 566924 228360 747032 150371 302429 465327 593508 707109 481281 202933 180309 678994 580187 465225 526442 549536 463118 299736 916161 715177 681480 207056 141866 356735 576404 602013 683080 345926 428265 350899 713107 722045 114161 220112 438355 207763 791434 800138 411375 822775 568407 587714 523652 480276 676927 373536 209662 167542 183399 236128 510530 511396 203718 401461 249841 591885 538978 268177 619314 628744 731636 300036 661972 207122 409996 256619 94602 643047 756820 242148 434634 633476 564690 281608 627481 777987 683900
741975 710217 908794 179427 504843 999999999 40607 471984 585907 124786 822039 768103 325426 138730 690464 387662 544553 883729 594174 447525 96730 1027188 958740 792627 689575 297305 616404 261253 879701 811912 265093 815222 371546 676918 510158 511656 875706 916353 655554 153216 394897 876133 618853 255701 692490 639379 149252 994711 665741 860490 159174 798122 585075 275104 341924 393908 637487 408350 301714 610735 706176 196440 826606 277416 932721 329991 24752 587955 258447 454704 370679 683303 512543 196360 145531 672123 209295 710033 873966 916297 700408 575724 739077 824196 340933 559346 711569 157169 250224 437936 814124 267979 265695 136271 154794 926902 756253 838964 843029 606518
775224 749953 931896 200781 542460 40607 999999999 487426 614703 89990 861172 806355 334621 159623 730230 410328 583672 908978 630118 486035 116426 1067794 999340 830303 722804 284107 656092 301693 920304 849235 255611 855201 402052 715710 531038 540350 916302 956815 690431 185143 434499 899997 642807 251161 731876 675653 185830 1035299 698573 896043 197765 838553 606629 266173 342425 430648 677939 442886 340832 627790 728581 233007 853908 296727 972591 356724 63292 613170 296310 483061 404122 719690 539643 220848 168805 705988 224937 743007 912717 956641 731660 604343 773045 856399 363949 584269 749436 176236 289150 473160 849805 242422 301876 172879 139967 967046 796127 875882 873638 632136
438794 607262 463295 609644 708283 471984 487426 999999999 244123 475991 665556 587135 163049 333715 779766 119634 464354 455435 392884 393632 375279 967120 920395 587569 936597 324403 725934 429117 836210 592480 309168 705418 706545 808906 85319 202279 828673 834449 407738 343061 415893 436935 200814 285259 799083 842395 516456 928748 371507 586851 498616 731146 957373 301552 205181 647365 688623 283699 544353 141624 263628 350485 422142 196798 797455 190333 476788 192435 351651 791962 676655 876612 851652 283369 328789 911986 650301 958118 692891 820254 972843 234747 450970 488794 733355 168720 865248 598487 525395 702687 550557 421873 576105 379415 387664 811499 827228 603284 479984 211557
195830 397058 347758 668513 622939 585907 614703 244123 999999999 635562 433402 353567 365538 457765 627806 223025 296196 308333 180661 275592 499785 745997 707468 348655 842617 541030 591068 423297 626375 351054 515541 483575 691297 672856 159698 74353 618169 613052 171351 433096 332103 310595 101402 485517 652541 736397 566363 707517 127710 343262 542453 521173 934150 510838 429272 600735 532426 209323 522155 216001 177573 403635 242708 336013 564385 259021 580427 70985 363683 764657 651256 761837 817937 395216 447039 816771 710292 862654 454439 595686 888921 10912 206937 256523 747842 79866 732753 666768 526829 650173 306435 628116 577979 457421 558900 582409 661750 359907 262326 67098
808544 812129 933954 288342 629505 124786 89990 475991 635562 999999999 918985 859573 314355 183636 812191 418782 642798 917000 674413 542815 148435 1140290 1073337 880628 812683 219909 738436 373451 992747 897855 200474 918920 491987 800645 531884 562021 988310 1025551 730174 230398 497846 904305 649798 206726 815211 764120 273937 1106809 731095 937058 283633 907059 692272 211422 302885 518689 755533 484526 425349 617551 730475 287977 868101 302081 1035119 377669 149488 623960 353605 572517 493907 808063 628607 244586 196318 795722 308691 832928 968151 1023735 821622 624823 808886 885651 451261 594702 836088 263019 374198 562305 891552 158900 390357 231683 90044 1031969 877559 922588 897638 643765
283637 121860 604739 808823 533032 822039 861172 665556 433402 918985 999999999 79919 742572 740793 386117 597803 277503 540428 275792 376284 770940 318800 295057 97235 672151 906882 406004 566885 228845 112993 872275 79148 707753 454483 586773 463374 220082 190007 262051 688723 427836 572113 523029 839798 415708 566156 723819 281068 313889 203942 699828 148453 881356 871422 815242 593242 322261 449071 590000 645863 558423 631574 467210 675076 131901 585955 804938 502378 566314 739894 662799 566188 768916 687789 727457 649284 842041 685176 59220 167888 729580 440117 260388 321452 799016 512820 505388 821225 629314 613564 190068 972033 660542 690107 869405 149620 374674 136076 376785 491951
209309 116909 538644 769542 527741 768103 806355 587135 353567 859573 79919 999999999 669236 678858 410519 523092 228042 474883 200753 320685 711141 397193 368688 40088 689598 836099 416288 519341 296237 66657 802433 142827 687634 476086 507629 385250 287460 266383 182232 629319 378720 504518 443271 770009 440345 580427 679707 359131 234319 162400 655056 201647 878637 801080 741384 573616 332945 381739 556163 565992 480661 574308 398890 605164 211049 515555 752406 422461 510071 728584 642169 586444 763119 623596 665613 665471 804872 704508 110976 245931 745901 360380 185491 258745 774912 433067 531339 779894 591120 600557 133342 904616 626909 633870 805647 229433 411468 100343 314282 412074
558277 661987 625663 482276 660790 325426 334621 163049 365538 314355 742572 669236 999999999 194129 775503 148303 498454 614870 468527 406535 230502 1020934 965557 678413 883790 175505 711843 359875 880451 688700 151826 767660 614918 791181 230082 301320 873872 891874 503847 224747 401570 598302 351984 124484 789711 801594 400382 983552 483541 701882 387809 779415 860151 146074 73479 578989 692834 303252 469753 303921 424201 256915 575231 92581 871993 163841 334772 333629 287403 703124 592961 840452 764083 163412 193738 860922 520403 905553 779635 882073 912120 354768 565466 621694 623390 305417 842343 466943 437866 634184 660714 265616 483371 262611 225230 879681 831427 705704 621738 353925
625778 638091 772361 288432 521140 138730 159623 333715 457765 183636 740793 678858 194129 999999999 675414 250756 467324 749474 491181 366525 43234 977582 913655 698639 731193 226023 604472 227349 830855 715290 186303 745789 437484 675875 372151 383541 825716 857795 546540 60755 329553 740378 483185 162780 683376 662499 212321 942677 548436 753422 204232 739741 675322 192913 226735 423136 607044 301233 315332 472027 569171 121394 695294 138710 860305 198797 143360 453742 183830 525649 422538 704539 586367 62590 13360 710444 326281 752664 788317 853864 752146 447233 625621 704202 434383 424780 719589 272815 272713 475502 707929 247750 310089 86998 130892 859559 737979 739527 718523 472826
583911 294828 916798 595902 217180 690464 730230 779766 627806 812191 386117 410519 775503 675414 999999999 669872 331966 856867 455206 386140 685574 384263 309920 450052 287198 893887 74362 448484 257981 475771 853888 316560 420023 69051 728827 609009 259579 325826 502295 614679 374439 879461 728660 824631 29863 186321 549393 363568 563770 572728 533433 250241 523614 857875 844744 324168 95383 496310 390435 829101 800146 555271 776675 684965 403380 618026 666938 693890 500393 415019 384107 180438 424344 648416 663632 265430 614523 299336 439691 343214 344976 627923 561510 656179 516937 687582 120823 617356 442245 311631 542024 921825 443040 594629 799932 374027 66611 507808 709331 694576
411960 523675 521609 506496 589340 387662 410328 119634 223025 418782 597803 523092 148303 250756 669872 999999999 367491 499771 322441 285924 293990 884582 832667 530928 817548 322159 612945 310546 747649 540702 294096 627266 589493 695351 123984 154596 740618 753711 355582 243931 300265 489730 232775 263363 687737 724494 409197 846699 336327 554208 389444 644394 840549 290156 218755 527877 581048 175625 425610 234071 318569 239475 449345 116733 728281 72698 387732 205238 233429 674111 558446 759479 733460 191365 242414 793055 548050 839111 633000 742293 853348 212114 418161 479221 620930 175992 750658 498113 408782 583146 512646 405718 460127 277151 338209 737813 720389 557422 484176 224986
294549 170971 605812 542226 353166 544553 583672 464354 296196 642798 277503 228042 498454 467324 331966 367491 999999999 550785 133432 100824 495356 523206 467170 258430 558036 649670 296345 291633 382044 281643 612634 278894 478450 377193 403765 279640 375422 396402 196377 413155 151256 567517 396774 580420 356370 448801 451666 486254 250153 354094 427028 281503 694155 613278 571811 368422 236683 195370 333210 498765 470583 354895 471069 419185 393034 334875 527638 361941 289381 532322 433304 470309 575814 417888 453967 532200 578289 576962 330020 389513 608295 296030 277577 380894 559185 356380 437246 552060 364795 405733 309241 705581 403354 412909 597448 392825 369688 313186 425437 362760
274025 573340 64425 976360 901821 883729 908978 455435 308333 917000 540428 474883 614870 749474 856867 499771 550785 999999999 417474 565635 792584 847220 834194 444565 1107773 779543 838878 730900 768623 427638 764252 615467 993274 913999 386348 378568 759825 727346 357899 733290 629107 39084 267289 739079 885213 997709 874268 812003 300644 349080 850534 676478 1230386 756870 660105 896398 765524 516574 825943 328625 191984 709376 80393 616059 643888 553844 880791 295862 671907 1062313 951603 1015650 1112630 688301 740234 1082032 1018220 1126166 525588 702496 1158874 316843 297333 219167 1054211 324709 973501 973895 833804 942337 350790 877274 884415 760661 832942 675451 873015 410180 164550 277225
170277 218604 472417 627428 485068 594174 630118 392884 180661 674413 275792 200753 468527 491181 455206 322441 133432 417474 999999999 168897 526846 574999 531591 211802 691334 636420 426769 368212 448963 225579 603507 312693 595235 505695 318208 191236 440984 442044 69958 447061 236972 434144 281410 571184 481516 581851 529332 536541 117000 266559 504038 343382 820955 601756 540632 490061 360345 189948 437502 395151 345762 397740 337945 406657 407037 316937 581599 251147 338114 655985 551144 602237 702556 432752 478259 665515 666599 710136 311147 427391 741727 183727 158038 258988 668665 253315 565826 632804 459096 531727 220058 707830 504209 457910 613963 419110 484452 248428 298358 247209
338303 271751 614120 461249 347631 447525 486035 393632 275592 542815 376284 320685 406535 366525 386140 285924 100824 565635 168897 999999999 395026 620133 561303 346640 569962 551795 334533 203371 476511 367388 514172 379624 430644 417894 345762 234942 470383 495365 238678 312785 68099 575865 367991 482153 405869 466376 365504 583750 275708 427540 340327 378950 664777 515257 479280 330770 295534 110627 269236 452238 452541 255301 489380 323314 493786 242980 431729 329992 190186 496797 387636 495459 547176 317362 353168 544251 499613 590467 426763 489467 614602 271726 326922 427073 500695 316774 475804 468227 290386 377389 381073 605326 335350 314107 496627 493530 434699 396457 463402 336361
665205 665327 815596 256844 520679 96730 116426 375279 499785 148435 770940 711141 230502 43234 685574 293990 495356 792584 526846 395026 999999999 999008 933623 732289 723955 234025 613324 237960 851756 749696 196312 772540 420816 681719 415263 425478 846944 881623 583992 82243 352737 783598 526388 178487 691744 660773 191438 964755 588040 790677 188194 763231 652260 204634 254517 417701 621603 337245 313012 514311 612394 141671 738008 181453 888158 241085 104271 496807 207108 508120 410074 703589 568270 104809 52774 704165 292726 745185 819802 878816 741778 489316 664360 744615 409108 467878 722814 239063 266509 468024 744899 237387 298105 91206 114472 885949 749375 774738 759952 515830
601662 361131 911516 962871 599531 1027188 1067794 967120 745997 1140290 318800 397193 1020934 977582 384263 884582 523206 847220 574999 620133 999008 999999999 74356 414631 627669 1171920 449720 767265 147569 425157 1134257 262806 802144 439322 893075 766199 152073 133116 575982 919141 648065 881386 839281 1102278 401344 552662 900351 38510 631183 498491 880302 241704 894607 1135390 1094395 699655 398115 717750 744270 960955 877222 858023 778568 942292 203482 857798 1005920 816283 793835 798852 763906 528376 804190 934557 964474 613402 986468 631024 321924 151266 682063 751692 578736 629414 899410 824035 457710 981771 793736 694072 499344 1222425 806698 909779 1108337 172532 325891 437825 682837 807294
577500 313555 898604 890425 525255 958740 999340 920395 707468 1073337 295057 368688 965557 913655 309920 832667 467170 834194 531591 561303 933623 74356 999999999 392244 557797 1112432 375572 699914 85133 406875 1074249 226990 727935 365589 849264 721605 92057 107353 540487 854584 584806 866620 803743 1042526 327272 479846 829730 60439 598662 489522 810120 189251 822145 1075816 1038855 625980 326062 662534 672834 923422 848231 793315 762039 884541 203328 801837 937111 778340 729845 724601 689892 456877 730488 872617 900662 542649 913449 562116 311735 133692 612985 712334 553873 615039 825184 783839 386014 909660 722731 619814 483445 1159723 734383 843744 1044095 166216 252088 424746 669866 770858
187035 156956 508731 800641 566924 792627 830303 587569 348655 880628 97235 40088 678413 698639 450052 530928 258430 444565 211802 346640 732289 414631 392244 999999999 729644 847849 456375 547846 324080 26681 815232 170989 724287 515883 506005 387457 315280 287136 179837 650984 407369 475602 433167 782934 479896 620509 709133 377278 224226 122677 684274 234643 917812 813368 749682 610575 373022 398816 589620 556766 463468 597521 370432 618458 219496 528739 777720 415416 534185 766767 678791 626370 802018 641886 685501 705539 836659 744504 105787 264434 785973 356382 164172 226319 810547 428520 570872 810203 623045 638637 96971 919513 660227 657470 823755 243268 449499 60594 281913 403418
842201 572691 1163726 537034 228360 689575 722804 936597 842617 812683 672151 689598 883790 731193 287198 817548 558036 1107773 691334 569962 723955 627669 557797 729644 999999999 956273 274729 523917 528862 755986 917074 603750 324467 218200 906624 804527 532550 601171 750281 676403 526716 1125473 937710 893784 258445 110730 541783 617440 807424 851675 538124 537075 279703 924040 942080 308268 356820 665373 417421 1018294 1020178 629727 1027632 792017 686741 751232 664975 899881 598057 260159 318904 107181 227230 728579 722857 25890 535554 21766 726601 621879 57862 839870 821707 921736 395467 886437 175599 563047 458622 256002 817294 953677 427198 644309 832109 655044 317827 788980 972072 905570
733524 818307 784072 476505 747032 297305 284107 324403 541030 219909 906882 836099 175505 226023 893887 322159 649670 779543 636420 551795 234025 1171920 1112432 847849 956273 999999999 824767 449847 1027927 859506 40166 925649 654463 898621 400895 476288 1021964 1046065 676160 284276 531296 759694 522381 70099 903816 888487 424577 1135428 658381 876362 422219 930560 880612 36644 119461 648638 819767 459255 541298 456443 587571 340175 745408 232078 1034099 320931 317304 506917 393774 741328 644005 930423 801108 245609 235660 935875 506114 977648 947007 1038487 975440 530267 740262 797069 636257 479272 943985 454456 497690 700310 834596 101170 531845 312921 144210 1039018 954537 877895 796035 527119
569901 299645 896670 522532 150371 616404 656092 725934 591068 738436 406004 416288 711843 604472 74362 612945 296345 838878 426769 334533 613324 449720 375572 456375 274729 824767 999999999 377162 315146 482894 784670 345066 352462 83372 680194 564878 315257 377672 481093 543837 313706 858728 690413 755918 79050 164521 475032 426084 540398 577816 459148 285773 479986 788998 779822 252168 84055 442522 316099 784619 766688 485139 758499 620392 444555 557461 592804 654246 432353 356334 314472 176883 373271 579797 592923 249993 542111 291052 463052 391589 330140 590033 548807 647821 449752 645321 142174 543688 367918 244600 542724 850073 369040 522629 727775 419082 140862 516257 698876 656838
533066 451723 770649 259249 302429 261253 301693 429117 423297 373451 566885 519341 359875 227349 448484 310546 291633 730900 368212 203371 237960 767265 699914 547846 523917 449847 377162 999999999 619696 569534 409683 555285 280604 449002 420885 358292 615445 655123 436386 166823 140635 733778 492284 382287 456035 444114 162133 734245 463437 630693 136967 536870 531387 414770 419675 221227 383940 214326 115266 536605 584122 110070 660782 268229 673179 238784 241504 454548 77599 363834 247960 484464 422944 208605 215969 501088 298809 545680 621060 655110 553264 415594 524469 620893 325474 431506 494317 265047 104354 276851 584153 473366 156411 146755 351902 666237 511729 599275 651409 468011
505398 230397 832810 818751 465327 879701 920304 836210 626375 992747 228845 296237 880451 830855 257981 747649 382044 768623 448963 476511 851756 147569 85133 324080 528862 1027927 315146 619696 999999999 341788 989874 153597 665943 321389 765933 638174 8802 73388 461530 772147 501540 799554 723811 958077 280566 439649 753901 115896 521048 430824 733538 105596 780671 991327 953761 559825 254839 577405 598787 842359 771676 710962 694187 799656 170564 716750 858513 697347 647036 670498 625925 423436 682235 788852 817795 510768 843662 536274 257583 97680 585946 630868 481488 549987 763149 701886 353349 837029 647711 558987 418846 1076340 662505 762355 961499 133857 211553 363763 605439 690572
178746 183357 491996 823519 593508 811912 849235 592480 351054 897855 112993 66657 688700 715290 475771 540702 281643 427638 225579 367388 749696 425157 406875 26681 755986 859506 482894 569534 341788 999999999 827569 190150 749910 541873 509807 394263 333015 300551 186198 668779 429339 459748 431526 795386 505628 646959 731172 388442 224455 97254 706220 256069 944385 825394 759310 636350 399460 414550 613793 555287 456643 616264 355278 631377 225922 541786 797462 415968 553523 793014 704408 652516 828512 657741 702229 731933 859882 770750 107510 276630 812383 359337 157235 208544 835692 430695 596568 832660 646438 664857 77074 933034 684297 676356 839290 252761 473931 33973 263810 402928
706043 781869 771905 443330 707109 265093 255611 309168 515541 200474 872275 802433 151826 186303 853888 294096 612634 764252 603507 514172 196312 1134257 1074249 815232 917074 40166 784670 409683 989874 827569 999999999 889422 617125 858458 381373 448691 983995 1009001 645419 244216 492222 746082 503315 32478 863720 848624 387543 1097922 630162 847350 384290 893101 845780 10956 110347 609244 780134 423741 501635 445684 572694 300013 726645 197308 998742 286883 283867 485455 353915 704337 605721 890488 764359 205773 195714 896533 474387 938487 913404 1001837 936811 504690 711855 772043 601612 457207 903838 422041 458452 661178 804929 113826 493409 273279 116698 1002979 914666 846784 773297 505752
352130 107959 679562 784889 481281 815222 855201 705418 483575 918920 79148 142827 767660 745789 316560 627266 278894 615467 312693 379624 772540 262806 226990 170989 603750 925649 345066 555285 153597 190150 889422 999999999 666130 385554 630468 503914 144802 129691 314574 690584 421424 646090 578154 857046 345586 500333 706045 224297 371879 282968 683077 70463 824555 889528 841033 552595 263480 466757 562988 698999 621243 631189 540658 693847 118168 606616 796462 554090 565559 690535 622125 496943 715044 696758 732445 581716 815592 615697 124364 115170 661500 489081 328286 397276 760137 561321 433670 799409 606234 566914 266839 984241 632289 687604 876164 113940 299228 215015 452845 545693
765356 586483 1038147 212605 202933 371546 402052 706545 691297 491987 707753 687634 614918 437484 420023 589493 478450 993274 595235 430644 420816 802144 727935 724287 324467 654463 352462 280604 665943 749910 617125 666130 999999999 377821 701485 632085 665333 724311 664832 391810 364765 1000395 768401 598099 408441 299511 229985 778305 706182 830728 233539 620063 251071 625392 661665 114547 414695 483871 169959 817208 859471 361231 918679 529742 778117 516995 347528 730088 356359 88403 45503 342660 149370 451692 432005 310407 214249 343732 766903 734879 329675 684844 751372 853832 97304 708677 390707 238585 181221 108392 786845 639105 131943 355067 520927 758187 483832 783308 893024 742006
642631 359593 972850 567007 180309 676918 715710 808906 672856 800645 454483 476086 791181 675875 69051 695351 377193 913999 505695 417894 681719 439322 365589 515883 218200 898621 83372 449002 321389 541873 858458 385554 377821 999999999 763566 647969 323770 391195 557173 615658 395503 935154 772626 830452 41372 118726 531328 421908 617572 638482 517955 319250 459462 863251 858154 293757 148706 525665 375309 867820 847766 558447 833630 699253 471479 638703 652737 736715 508698 361737 346412 111707 364902 654884 664804 196391 581587 230695 508492 409746 275949 672089 620788 717507 472963 728218 60145 589938 426694 270821 606431 919092 419511 592055 796054 441376 113504 574305 769856 738917
353618 535739 402399 629684 678994 510158 531038 85319 159698 531884 586773 507629 230082 372151 728827 123984 403765 386348 318208 345762 415263 893075 849264 506005 906624 400895 680194 420885 765933 509807 381373 630468 701485 763566 999999999 127790 758135 760031 326550 367913 380025 372429 121947 354552 750125 807545 531377 854593 287384 501752 510849 660405 952105 374853 283471 630427 635413 241689 533847 115778 198719 360944 345272 234400 718557 192714 511103 108005 346305 783746 667591 839052 841817 314389 364631 881403 671370 927787 611655 744639 946596 150739 366161 404061 739172 83415 821563 621802 522829 684576 465939 495155 574868 400950 446799 734169 772095 519521 397159 127667
257387 408054 413695 597985 580187 511656 540350 202279 74353 562021 463374 385250 301320 383541 609009 154596 279640 378568 191236 234942 425478 766199 721605 387457 804527 476288 564878 358292 638174 394263 448691 503914 632085 647969 127790 999999999 630395 633274 208137 358969 282223 377588 137203 417893 631685 701312 495982 727752 182225 400696 472490 532667 878364 444686 368716 547318 514482 148603 462160 220161 227428 331087 315902 264023 595260 184902 506421 98579 294502 708597 593699 729920 763701 320971 372744 778879 639899 825157 492131 618499 848118 64069 264153 326187 683760 81911 707007 595328 462554 598811 360221 560088 514342 383894 486578 609269 649265 408086 335624 110017
496635 222483 824010 816392 465225 875706 916302 828673 618169 988310 220082 287460 873872 825716 259579 740618 375422 759825 440984 470383 846944 152073 92057 315280 532550 1021964 315257 615445 8802 333015 983995 144802 665333 323770 758135 630395 999999999 68741 453078 767152 496283 790753 715478 952155 282773 442235 750705 119153 512505 422171 730179 97730 782768 985376 947213 558607 253166 570745 596045 834163 763090 706008 685386 793405 163935 710226 854634 689133 641926 671050 625025 426812 683560 783313 812632 514172 841650 540264 249205 91824 589763 622713 472729 541198 762477 693811 356966 834477 644734 558642 410071 1070945 660171 757715 956421 127658 214897 355068 596654 682274
473574 230141 791769 867118 526442 916353 956815 834449 613052 1025551 190007 266383 891874 857795 325826 753711 396402 727346 442044 495365 881623 133116 107353 287136 601171 1046065 377672 655123 73388 300551 1009001 129691 724311 391195 760031 633274 68741 999999999 443400 800596 528946 760095 706896 976810 350003 509848 796825 94607 499434 382171 775350 118493 849435 1009680 965349 615349 309757 589240 645248 828228 747043 740002 655824 815224 101476 729456 896130 683441 674923 734005 682927 495259 748607 812051 844550 582624 894123 608986 204421 27569 658435 618667 450215 508257 821075 690966 425573 884128 692452 618800 376770 1100248 711366 793981 988675 63537 283408 317569 562914 674702
100525 237229 415757 695607 549536 655554 690431 407738 171351 730174 262051 182232 503847 546540 502295 355582 196377 357899 69958 238678 583992 575982 540487 179837 750281 676160 481093 436386 461530 186198 645419 314574 664832 557173 326550 208137 453078 443400 999999999 505954 306776 377988 263585 613524 529931 640024 596745 537578 62591 206898 571466 357806 888662 642698 573800 558899 409284 247574 507451 385014 312202 459626 277577 451113 393158 362459 644117 240686 402266 724549 620601 657793 770234 486330 533945 724600 735102 768485 285233 425188 802009 178189 88362 189113 738622 250853 616976 700324 528603 599543 161780 753086 574028 519459 665390 411144 524719 201874 229923 231318
590081 583260 760829 266614 463118 153216 185143 343061 433096 230398 688723 629319 224747 60755 614679 243931 413155 733290 447061 312785 82243 919141 854584 650984 676403 284276 543837 166823 772147 668779 244216 690584 391810 615658 367913 358969 767152 800596 505954 999999999 271691 727260 470604 218441 622771 604796 176917 884541 513466 712110 163123 682315 635479 250009 270400 368159 546499 258430 259187 475214 559795 61308 674470 148156 806026 180104 147649 438203 125673 480203 372943 646437 541179 62250 49153 655095 307263 697992 737756 797372 699476 423008 588010 671499 399283 410076 659982 255797 219738 421622 666063 308278 261387 38010 189568 804092 677225 694324 689826 456236
406356 315509 675707 395459 299736 394897 434499 415893 332103 497846 427836 378720 401570 329553 374439 300265 151256 629107 236972 68099 352737 648065 584806 407369 526716 531296 313706 140635 501540 429339 492222 421424 364765 395503 380025 282223 496283 528946 306776 271691 999999999 637655 418768 461205 390048 428062 301838 613129 342821 493474 276922 410629 602779 494695 471847 268841 291695 138690 201418 491759 506536 211078 553975 312209 538350 243958 377241 380198 146043 433784 322550 461055 486041 288299 316421 501429 433173 547819 481162 526164 567872 326949 395006 495113 432912 363515 450406 403572 222653 318169 447194 574919 267252 266281 460383 534179 429898 459499 530925 388920
299887 599643 38415 975121 916161 876133 899997 436935 310595 904305 572113 504518 598302 740378 879461 489730 567517 39084 434144 575865 783598 881386 866620 475602 1125473 759694 858728 733778 799554 459748 746082 646090 1000395 935154 372429 377588 790753 760095 377988 727260 637655 999999999 257305 721899 907447 1015866 873278 845824 318469 384111 849965 705716 1240204 738336 640281 906058 787110 519916 831952 305095 174254 706428 105692 605048 678312 547211 874272 289184 672071 1071433 959473 1035158 1122914 680000 731647 1099658 1017091 1144217 559496 735599 1175717 318190 323651 252116 1058430 317191 994922 971613 837417 953239 383335 858427 888561 755966 818955 709267 897886 443730 198774 271818
259708 495789 290248 723063 715177 618853 642807 200814 101402 649798 523029 443271 351984 483185 728660 232775 396774 267289 281410 367991 526388 839281 803743 433167 937710 522381 690413 492284 723811 431526 503315 578154 768401 772626 121947 137203 715478 706896 263585 470604 418768 257305 999999999 476424 753106 832822 622004 800931 209339 405808 599537 619111 1015354 496751 404266 684519 633304 285668 598445 123762 92044 452931 223333 348814 652042 290513 617258 38639 424588 845597 730493 859571 900871 422695 474362 911944 765076 958060 537955 688248 982565 100744 277097 294275 817375 61708 832371 718079 596615 735914 375985 617088 648687 500262 566321 672648 763129 434837 280275 34311
675122 749526 748553 431330 681480 255701 251161 285259 485517 206726 839798 770009 124484 162780 824631 263363 580420 739079 571184 482153 178487 1102278 1042526 782934 893784 70099 755918 382287 958077 795386 32478 857046 598099 830452 354552 417893 952155 976810 613524 218441 461205 721899 476424 999999999 834949 823209 369631 1065880 599017 815888 364621 861036 830590 33497 96193 585596 749906 391276 477228 423912 548028 272282 699613 164860 966279 254474 272512 457345 324296 685828 584830 864731 746208 176220 170968 872854 464222 915287 880982 969542 914900 474641 680617 742033 587039 428846 876600 411181 435454 638220 773284 142624 472357 249487 117921 970579 884974 814768 744279 477655
612575 324556 944883 590932 207056 692490 731876 799083 652541 815211 415708 440345 789711 683376 29863 687737 356370 885213 481516 405869 691744 401344 327272 479896 258445 903816 79050 456035 280566 505628 863720 345586 408441 41372 750125 631685 282773 350003 529931 622771 390048 907447 753106 834949 999999999 160061 549225 382702 591141 602573 534371 278636 500108 868038 858117 317772 121193 515388 391128 851846 825790 564171 804961 698537 430179 634005 668650 717940 511276 397830 374582 151414 403749 658810 671873 237163 607701 270116 468989 368406 316286 652370 590297 685426 504666 710894 90998 613095 442928 300358 571751 928685 440197 601208 806215 400005 76145 537671 738425 719124
731545 463605 1054064 505632 141866 639379 675653 842395 736397 764120 566156 580427 801594 662499 186321 724494 448801 997709 581851 466376 660773 552662 479846 620509 110730 888487 164521 444114 439649 646959 848624 500333 299511 118726 807545 701312 442235 509848 640024 604796 428062 1015866 832822 823209 160061 999999999 490187 537498 697589 742201 481890 435742 342467 854730 863568 245652 247499 565862 347911 917462 913775 553227 917499 709084 589683 660922 614648 795354 514190 262951 278847 44185 255046 652364 652926 85582 512764 128462 621754 528466 165622 734082 711000 811012 387621 783106 99042 530518 394985 204192 707241 895877 373821 575795 772733 559965 229457 680166 861355 800226
691905 605884 908855 102160 356735 149252 185830 516456 566363 273937 723819 679707 400382 212321 549393 409197 451666 874268 529332 365504 191438 900351 829730 709133 541783 424577 475032 162133 753901 731172 387543 706045 229985 531328 531377 495982 750705 796825 596745 176917 301838 873278 622004 369631 549225 490187 999999999 869742 620221 792734 25294 680260 463006 396028 439002 244885 504501 363420 159172 643249 713620 170545 808143 324443 824192 338665 124504 586358 203114 316808 223476 534150 376847 239162 208988 523751 143952 562488 779270 799709 555143 557530 684416 778920 223069 560302 563798 103598 107691 288850 746170 412196 116443 139013 291940 814111 615787 761174 806667 602290
564298 323102 876363 934415 576404 994711 1035299 928748 707517 1106809 281068 359131 983552 942677 363568 846699 486254 812003 536541 583750 964755 38510 60439 377278 617440 1135428 426084 734245 115896 388442 1097922 224297 778305 421908 854593 727752 119153 94607 537578 884541 613129 845824 800931 1065880 382702 537498 869742 999999999 592970 463789 849293 204875 879962 1098931 1057025 673853 370000 680459 714663 922527 839413 823530 742590 905433 169454 820583 973711 777827 759069 778543 739139 515751 786444 898911 929527 601901 958961 622073 286418 113255 672876 713196 541261 593731 875606 785531 444831 952822 763604 670670 463187 1186944 778165 875904 1073511 136566 308590 402097 647502 768895
77502 299056 356562 720961 602013 665741 698573 371507 127710 731095 313889 234319 483541 548436 563770 336327 250153 300644 117000 275708 588040 631183 598662 224226 807424 658381 540398 463437 521048 224455 630162 371879 706182 617572 287384 182225 512505 499434 62591 513466 342821 318469 209339 599017 591141 697589 620221 592970 999999999 218629 595147 418224 936002 626443 550558 603658 470223 259775 544097 332692 250963 472586 220963 441073 442731 355623 656414 191570 420190 769889 662810 716712 817708 486600 536439 781647 761456 825999 329563 479953 858269 136776 81928 159366 775504 206702 677522 723570 560521 646876 179541 740672 608162 531114 660957 463494 587138 232214 188568 179192
148237 279166 413234 888684 683080 860490 896043 586851 343262 937058 203942 162400 701882 753422 572728 554208 354094 349080 266559 427540 790677 498491 489522 122677 851675 876362 577816 630693 430824 97254 847350 282968 830728 638482 501752 400696 422171 382171 206898 712110 493474 384111 405808 815888 602573 742201 792734 463789 218629 999999999 767491 350961 1033355 843966 769186 718557 494874 453728 686642 527110 411647 664114 284010 655493 295024 567790 848137 398734 604620 878527 785319 748806 916528 693203 740804 827411 926646 866760 178072 356306 907776 353171 136884 134827 913191 418873 693547 895705 715086 750388 46641 956772 756224 724223 871827 327497 571064 68004 185403 382376
666704 582308 885705 126488 345926 159174 197765 498616 542453 283633 699828 655056 387809 204232 533433 389444 427028 850534 504038 340327 188194 880302 810120 684274 538124 422219 459148 136967 733538 706220 384290 683077 233539 517955 510849 472490 730179 775350 571466 163123 276922 849965 599537 364621 534371 481890 25294 849293 595147 767491 999999999 658420 472838 392312 429817 236271 485599 338733 143245 623474 691297 150029 783966 308858 801244 318229 134826 563612 178883 321522 222070 525596 382170 225101 199437 519238 167973 559113 755060 777781 554060 533718 659157 753780 236628 537830 552463 128861 91453 283198 720922 415920 110938 125198 293986 791670 599605 736137 781746 579308
407966 124801 740142 753082 428265 798122 838553 731146 521173 907059 148453 201647 779415 739741 250241 644394 281503 676478 343382 378950 763231 241704 189251 234643 537075 930560 285773 536870 105596 256069 893101 70463 620063 319250 660405 532667 97730 118493 357806 682315 410629 705716 619111 861036 278636 435742 680260 204875 418224 350961 658420 999999999 765526 894071 852856 508424 208158 476175 530712 737102 669177 621640 600029 700627 159475 616148 778050 592158 556650 637873 577227 429980 658643 694748 726520 515636 781410 548327 194395 119517 594921 525523 383944 460057 715750 596387 365314 769329 576870 517404 331561 982917 598070 675493 870633 138349 229185 282983 515662 585709
988248 766629 1278339 406287 350899 585075 606629 957373 934150 692272 881356 878637 860151 675322 523614 840549 694155 1230386 820955 664777 652260 894607 822145 917812 279703 880612 479986 531387 780671 944385 845780 824555 251071 459462 952105 878364 782768 849435 888662 635479 602779 1240204 1015354 830590 500108 342467 463006 879962 936002 1033355 472838 765526 999999999 854978 901941 334151 561208 729762 418713 1067872 1105624 610163 1153629 777657 923551 768022 563732 976829 607419 169768 285267 367338 118428 696850 671644 286887 383761 285377 939686 866489 239594 928401 971728 1075046 244377 956484 437294 430396 431993 289230 992585 848978 381495 597784 739811 896277 571772 978359 1118582 987783
702073 782109 763871 453042 713107 275104 266173 301552 510838 211422 871422 801080 146074 192913 857875 290156 613278 756870 601756 515257 204634 1135390 1075816 813368 924040 36644 788998 414770 991327 825394 10956 889528 625392 863251 374853 444686 985376 1009680 642698 250009 494695 738336 496751 33497 868038 854730 396028 1098931 626443 843966 392312 894071 854978 999999999 100951 616044 783363 423357 508119 437274 565170 304883 720074 196369 998319 285609 293601 479521 357607 712754 613453 896443 772875 209472 201879 903352 484388 945488 912027 1002227 944259 500012 708223 767256 610900 451429 909064 431924 465456 668238 801794 120498 501067 279901 127500 1002970 918334 844248 767812 499800
624002 735445 664904 511361 722045 341924 342425 205181 429272 302885 815242 741384 73479 226735 844744 218755 571811 660105 540632 479280 254517 1094395 1038855 749682 942080 119461 779822 419675 953761 759310 110347 841033 661665 858154 283471 368716 947213 965349 573800 270400 471847 640281 404266 96193 858117 863568 439002 1057025 550558 769186 429817 852856 901941 100951 999999999 635006 763498 376683 525373 337537 468126 312358 626858 159806 944950 237024 355837 390586 350822 750056 643291 903343 810978 213847 230423 919836 546825 963799 851546 955497 967851 418712 632399 683685 661008 363637 908108 493222 489385 689515 728922 218783 531760 306619 213683 952934 901647 775433 680139 410629
659229 471937 944202 273428 114161 393908 430648 647365 600735 518689 593242 573616 578989 423136 324168 527877 368422 896398 490061 330770 417701 699655 625980 610575 308268 648638 252168 221227 559825 636350 609244 552595 114547 293757 630427 547318 558607 615349 558899 368159 268841 906058 684519 585596 317772 245652 244885 673853 603658 718557 236271 508424 334151 616044 635006 999999999 305874 399183 109634 745694 773797 322939 819990 488377 665583 457647 369202 645887 298188 166264 69653 289457 217215 421195 414640 287309 290371 329838 652380 624646 333185 595291 644111 747148 207648 626946 320596 296183 151234 55635 675211 651112 128978 336179 528282 646757 390216 669877 788413 655915
