NAME : synthetic_000809
TYPE : CTSP-D
DIMENSION : 100
GROUPS : 8
RELAXATION_LEVEL : 1
EDGE_WEIGHT_TYPE : EXPLICIT
EDGE_WEIGHT_FORMAT : FULL_MATRIX
EDGE_WEIGHT_SECTION
999999999 658489 547178 767181 573747 670353 791313 170774 528827 591917 813685 706371 221736 420330 436913 586063 492972 860886 215289 413027 1057862 374247 661842 469897 957057 887829 952887 547248 437999 876781 1157930 506053 113994 411575 533762 1016308 1198530 227074 988090 273383 266229 807280 445628 764273 935780 484559 112067 705856 575758 1145880 808199 615146 902043 645917 1160715 581362 1166329 770849 155749 474820 639193 660473 515809 887497 545955 286019 434091 768153 832168 680057 608347 751130 442208 605193 741817 71196 917456 872420 543260 429994 733201 515814 779835 1044128 83493 677021 287672 374275 737259 318860 1042048 917750 1011058 659334 459924 1076654 477264 419259 990451 344528
658489 999999999 149797 958033 542949 135378 134020 559012 826356 361532 704666 53417 657651 432974 239017 79967 538452 202661 574989 534668 644406 624719 887076 341546 621127 537618 386582 138252 815563 235231 788397 388545 643454 363724 373456 685798 859234 476418 764493 391612 392281 383847 657800 649975 365553 464432 554842 894791 829374 787467 209219 682214 253376 27767 859419 868765 799163 377341 539231 406077 74763 824703 601649 650951 278488 384337 575226 615802 406743 154950 538714 153685 225174 599382 399378 640091 500279 547731 615576 254836 928993 783840 862800 783792 600378 662793 702632 301645 584416 379870 566208 334179 604295 189295 591408 646693 585762 250205 519575 696824
547178 149797 999999999 814553 403839 254866 261484 478095 676707 235963 589666 202601 517302 283242 196618 131224 391736 330890 435953 384928 612577 475322 740298 192961 559774 475215 419972 16602 666475 331548 746696 244571 515214 214350 233964 626443 810163 344300 678409 273795 287288 336658 508139 532485 400831 317909 453598 750251 680659 741974 261968 540884 358911 156761 798763 719539 757061 315340 412670 258772 188246 680297 455260 561629 142211 261956 425718 503564 363068 138256 404611 204006 107928 461296 318925 518085 461269 477214 470751 217344 784646 634353 726623 708362 479906 529742 557930 240371 469729 243987 557297 377944 567755 133648 442475 621554 437549 128600 505972 548956
767181 958033 814553 999999999 417111 1067936 1029324 890818 241378 606147 385973 1006519 546199 548018 906765 942387 425113 1084100 581081 457958 799057 420015 105428 624323 668766 669034 948115 829573 343969 1032087 796151 570232 654074 624390 584742 682401 783505 658947 547567 742246 783122 739839 351490 400611 945749 497676 802592 67440 191425 776169 932948 276972 1065472 970005 717348 193617 797999 707630 674432 557228 1002452 135067 361858 538601 679713 728956 414528 444319 744476 842438 429168 914565 797671 363528 657399 697716 752118 637740 344037 919360 34613 251761 147474 611678 706138 319815 479946 886699 452840 682369 869618 956221 770987 798148 389558 828237 387239 780716 840818 423263
573747 542949 403839 417111 999999999 658704 612778 625872 341278 189841 245294 590346 392994 182407 528616 534370 82324 669245 360656 162063 533014 239428 357856 224260 411553 362998 570710 419644 385733 622872 604138 161712 473658 246378 170170 461486 634230 371746 414597 413800 456629 363730 206280 191943 563522 109549 549841 356480 320928 589395 523798 140142 656365 556550 590798 366686 611213 325340 426484 160719 591857 286950 98992 319291 264679 395761 154727 194990 377413 426012 38286 500116 407904 57736 275644 507564 424446 338186 92760 545002 389889 297006 323117 472285 491328 133337 375509 526360 166199 339182 557855 566565 490228 381798 139908 557813 120161 396647 514369 323817
670353 135378 254866 1067936 658704 999999999 205193 542501 917471 485634 834703 121355 712428 527190 234254 125626 643462 251755 629574 627093 774444 707549 990581 443804 755905 672663 499302 239168 893918 319096 919754 498978 678249 452440 488752 820237 991747 523946 899692 427238 413995 518430 750011 779000 478386 570314 559857 1002989 926778 919573 325933 795445 324920 111401 993637 963287 930556 512694 575747 510780 67750 933256 707045 785815 395748 425882 669812 746447 540806 290325 658725 278539 286454 716140 534292 666259 632904 683078 723900 240410 1037479 876906 981402 919129 626049 783777 766333 296079 714192 439000 690788 444577 735648 323737 689281 775065 686472 309480 646288 770575
791313 134020 261484 1029324 612778 205193 999999999 692662 921209 423199 736258 95869 778717 533180 371901 212235 623807 70167 697098 633428 595733 729600 967791 438000 600142 522327 300549 254961 921191 114039 743198 472653 771807 471274 451224 660105 818695 602554 762172 522176 525129 369015 754118 686334 280174 551129 688550 969249 917851 745653 141523 752615 123948 152148 829501 959778 754008 376717 667951 496567 180277 899595 684861 655993 359927 513633 670972 647178 385879 186887 600925 122207 353268 665859 412916 770586 466307 539446 694634 386788 1002642 877365 920815 770141 731198 719640 818812 435130 619929 503581 501914 245327 561634 231181 683475 592176 674900 377884 462022 807063
170774 559012 478095 890818 625872 542501 692662 999999999 661669 590254 871123 600655 353729 448902 321328 480584 552992 759500 310059 479269 1051839 475097 787337 464619 966874 889824 897885 473175 582170 790445 1167393 517304 254543 410914 539101 1030488 1217293 255142 1027882 232351 199874 784160 547426 816539 878887 521821 88425 825975 702013 1157903 736576 699139 811535 541149 1188096 715488 1176697 752171 217763 492873 524125 772211 591977 918413 521035 251058 511933 811179 810537 616349 654932 676535 370810 668746 733314 215456 903707 879956 619760 308374 856240 640695 880604 1077391 191782 746524 425394 257567 777300 304385 1017911 855780 1004880 606019 539947 1066802 553510 353577 965659 472116
528827 826356 676707 241378 341278 917471 921209 661669 999999999 515607 455959 878599 310264 393505 726316 793656 301174 984160 356935 291900 844619 215030 136757 485698 714217 685252 911809 689361 105733 949476 882684 449521 417047 465736 473794 748597 890909 448453 648027 541960 579215 704897 168569 437831 904190 371108 573307 186861 56922 864621 852090 241682 982627 832450 832589 53892 887295 666618 450121 424668 856725 167765 246906 594814 561513 531951 251295 470604 717840 740192 371904 819661 633058 312400 616807 460609 756455 656563 248559 735492 208788 44842 297750 714481 472653 325312 241238 694911 460464 494656 887498 905822 806736 697945 237817 872004 247818 612065 847742 189562
591917 361532 235963 606147 189841 485634 423199 590254 515607 999999999 354041 405976 469652 182456 401070 365972 215175 479465 407435 254604 466936 357615 546876 125987 376707 300231 409970 252558 538379 435714 577165 90508 516667 182627 59921 440888 628189 365273 459843 358065 394277 223590 357715 296610 398911 153413 532905 546247 503683 567697 337326 329434 469115 378256 603345 547925 586445 184401 436350 124980 417895 476788 270079 343737 96321 339238 279573 269222 245954 236330 178892 310544 277592 242809 150070 538404 325847 289736 275451 420514 579514 470788 502361 499593 509945 301591 480160 419274 234735 286985 453371 395396 419955 192063 282880 484936 269350 276714 402873 445713
813685 704666 589666 385973 245294 834703 736258 871123 455959 354041 999999999 742839 617908 424966 747767 718499 321962 777217 598613 401083 413668 454693 390915 444540 282845 289144 587284 606266 540165 708625 428617 379489 708825 480543 372301 301501 435247 616995 193640 655731 698013 391097 396716 58402 588929 351173 794881 356139 409163 409985 614257 225481 740396 724635 379009 451908 432620 368490 670089 391853 767166 312343 301611 152834 449908 637249 381207 89396 387946 559517 217594 614170 623562 208560 325189 745507 374538 258022 275922 766072 376688 422825 240157 259431 732495 143918 584577 755606 120521 580220 485225 606030 385042 518398 357464 442755 338657 617565 459824 524285
706371 53417 202601 1006519 590346 121355 95869 600655 878599 405976 742839 999999999 710596 485440 279329 120985 588926 159062 627835 587115 654672 677823 937258 393261 641826 559830 378781 191500 868783 207300 800631 438296 694619 416812 421821 705099 873520 528524 792319 442005 440565 404637 710091 689306 357795 514948 601097 943831 880758 801036 204587 730107 219758 60494 877768 920541 811449 403013 590347 457063 84651 873743 651879 680757 326928 435446 627355 653572 425674 184686 584345 158624 277276 646211 430072 690147 515341 572469 665069 293178 977913 835888 908269 807801 650259 707550 755972 343275 623232 432646 569570 324377 616737 224456 643055 654592 636958 302341 525461 750212
221736 657651 517302 546199 392994 712428 778717 353729 310264 469652 617908 710596 999999999 287781 488829 601605 311104 848188 83153 234518 914028 163847 441059 370425 799884 741274 870659 524066 228962 841021 996001 379319 107986 319567 410240 853101 1027173 188979 802469 288769 313979 693155 230447 574060 856791 329438 266061 484280 354929 981749 755988 405694 870968 654074 982389 363683 1003363 653696 155811 344773 663537 439103 316437 712153 458586 287293 239849 585835 714859 627235 430683 707035 434500 411796 614641 151577 786950 720638 342048 491509 512052 294510 560350 862866 162832 475898 71854 440883 558931 278116 918696 846291 868801 594764 261085 936374 280554 409591 869670 122992
420330 432974 283242 548018 182407 527190 533180 448902 393505 182456 424966 485440 287781 999999999 361136 402169 127668 598893 225645 101693 640103 197073 464741 95496 536727 468679 584760 295875 388302 575672 737648 91951 336768 76423 122691 596295 779768 200473 579719 231457 274230 406003 224943 369009 571721 73796 378172 481440 399667 725782 483651 290531 607628 439024 745025 437128 746104 366851 265429 57632 464665 413121 187744 472710 181214 213358 143020 362279 428351 360438 207436 441712 249764 233402 330221 361780 505057 452313 210050 375331 515942 351430 484602 631291 336983 312803 304252 350055 328515 156825 634710 563479 593675 322177 162250 660256 161164 232834 584705 279158
436913 239017 196618 906765 528616 234254 371901 321328 726316 401070 747767 279329 488829 361136 999999999 159674 488403 438227 407630 449389 809134 511384 818128 306115 752368 668381 601854 184724 687230 473179 942203 371308 445837 286399 375495 819024 1004217 300337 859239 200063 181028 533136 565634 689376 581588 423321 327521 839627 745114 936931 430265 650723 492371 219993 989849 776164 952486 510570 344925 367941 204426 772527 548768 742410 306571 202899 493150 667441 559605 324591 541280 369753 124299 585035 509654 432282 657765 668047 571070 20756 873913 689661 844466 894440 392126 661788 548269 64364 632210 231730 752452 554413 764170 328988 517301 818151 519933 132022 701512 561704
586063 79967 131224 942387 534370 125626 212235 480584 793656 365972 718499 120985 601605 402169 159674 999999999 517837 279069 518458 502573 700563 585457 865052 318187 665114 580478 459389 114996 773644 315166 841559 373958 578477 328026 364878 731072 909694 415815 796892 325047 320842 431172 625752 661810 438524 444732 480218 877379 801837 839115 282907 670379 333133 60721 904858 838839 852212 418232 474350 385190 63496 807667 581419 681070 273353 320120 545016 631402 455900 202112 535807 224193 168025 591955 431951 571954 552538 586907 598359 175001 911874 752647 857384 821888 531875 660937 651489 223018 598156 324228 629546 408530 658425 224383 564072 705253 561000 192507 581035 651647
492972 538452 391736 425113 82324 643462 623807 552992 301174 215175 321962 588926 311104 127668 488403 517837 999999999 685048 279005 80156 609191 161844 348701 199681 490663 437452 619457 406207 326346 648334 685173 151473 391616 202230 173332 542341 716373 297853 496304 351167 394333 418891 144016 271320 610069 74020 474203 359626 294044 670737 550936 162891 681515 548274 673111 336428 692424 379165 348180 132997 578637 290124 63602 401524 264393 334212 75928 277079 435850 440400 119614 519127 374213 115799 332358 426085 492947 414373 82797 502875 394148 256484 356964 554489 411071 193876 297065 477376 248507 279657 626635 608966 565320 397581 69565 633090 54240 358860 580911 249140
860886 202661 330890 1084100 669245 251755 70167 759500 984160 479465 777217 159062 848188 598893 438227 279069 685048 999999999 766763 698339 599076 795767 1026079 503448 618585 545264 289234 324815 987188 89742 746320 534725 841972 538864 511798 675091 823616 672650 787600 592228 594660 397114 817945 729760 270753 613239 757492 1025361 978839 750667 164395 808282 79322 218395 840147 1021459 757025 411048 738117 560107 240309 956115 745106 686226 422787 583776 734934 689020 410297 244808 654938 169544 423421 720763 452033 840677 481031 565430 753519 452240 1058355 940024 971066 789892 801252 770690 887393 501986 663788 573539 497785 235967 569120 288351 746359 592125 736976 448048 463229 874375
215289 574989 435953 581081 360656 629574 697098 310059 356935 407435 598613 627835 83153 225645 407630 518458 279005 766763 999999999 198849 863690 166393 478227 299057 755373 691392 800071 442208 291716 761977 954565 317213 114046 244923 347515 811939 991034 107306 775207 207963 236422 630407 239141 549895 785393 279620 222259 515974 393587 941449 678934 401951 791449 571090 950447 410733 962492 591659 93646 283211 580390 462588 300739 677639 385760 205208 218890 555615 653320 549499 396347 628512 351453 390064 555861 147129 730599 673097 328314 411215 546480 332313 574533 832645 136360 461810 141773 362000 525789 195208 860317 773213 817608 518746 245050 884599 262086 326515 810176 169787
413027 534668 384928 457958 162063 627093 633428 479269 291900 254604 401083 587115 234518 101693 449389 502573 80156 698339 198849 999999999 680420 103213 369192 195554 565366 507800 664556 397469 290373 671318 761908 171394 311598 174654 200575 618990 795004 225025 576426 290603 333208 472664 123406 351272 653240 102249 398206 390640 300139 747932 577068 222133 703762 540551 752682 336267 769407 432667 270198 140560 565390 324701 113605 480536 276999 275390 43823 357036 492130 457379 198492 538332 345645 193173 389417 345938 557411 486484 141027 461541 424789 250167 411836 634340 331437 268498 229522 429249 327890 225418 690435 648318 635599 417335 68861 703308 76642 326472 642870 191123
1057862 644406 612577 799057 533014 774444 595733 1051839 844619 466936 413668 654672 914028 640103 809134 700563 609191 599076 863690 680420 999999999 770839 800746 592002 131991 172762 316011 625220 910560 509954 147574 551901 976419 649432 524187 126940 224586 831875 281959 820031 852598 276054 737553 411710 331475 585542 998992 769086 805908 151803 455450 602986 530323 671812 248924 851392 158359 302102 902113 583874 719166 720409 628826 260861 531312 801722 684995 374785 249531 498496 495135 496135 702358 539724 319037 1001712 151476 194934 613532 829878 790344 805043 652141 244193 975240 520671 906235 847733 384770 752195 113766 364811 47052 482589 672776 29263 653147 711634 136026 856672
374247 624719 475322 420015 239428 707549 729600 475097 215030 357615 454693 677823 163847 197073 511384 585457 161844 795767 166393 103213 770839 999999999 320218 292554 650918 599275 767581 486500 191624 772070 842887 274307 262406 261011 303732 700500 869933 239634 641202 328658 367402 573892 72752 412456 756389 204577 387986 353646 239367 827740 678786 242659 804237 628123 822806 265855 849737 533892 257341 242620 648903 297239 154152 555252 377262 317764 85918 427155 592584 557221 277714 638434 421505 250544 489354 303250 653884 575942 178815 520462 385468 180460 408335 702744 300603 312181 136089 480332 402480 279674 787447 751520 727120 518169 100810 794883 120862 399595 740956 88821
661842 887076 740298 105428 357856 990581 967791 787337 136757 546876 390915 937258 441059 464741 818128 865052 348701 1026079 478227 369192 800746 320218 999999999 547674 668773 655674 915134 754579 241035 980655 817077 499002 548859 540903 517357 692354 814450 559851 572197 646492 686455 705249 254965 389955 910539 422700 698990 53394 86132 797832 881517 223789 1014151 896929 751573 93072 820270 670033 571805 481542 926533 80940 285431 541317 611214 634129 325372 430186 713469 781808 377813 857414 713813 311216 619172 592508 734654 625031 273244 829628 72108 146973 183723 638481 601538 289380 374528 794228 430400 590105 859459 917405 767866 737876 302853 829397 304184 695361 825511 318221
469897 341546 192961 624323 224260 443804 438000 464619 485698 125987 444540 393261 370425 95496 306115 318187 199681 503448 299057 195554 592002 292554 547674 999999999 502279 426208 501137 206948 483778 480966 703007 65387 402304 58324 76791 565939 752945 242851 574466 232783 270300 337807 317453 386238 486756 126680 407156 559194 487880 693315 390249 354546 512705 349720 725862 527291 712230 300978 315333 67154 379014 489515 263279 460628 88551 213838 234422 368595 362402 265458 235167 346748 183889 281608 273437 420026 448337 415406 280401 323423 593693 442720 545369 618731 389225 356645 394908 311147 333186 160999 572190 475873 544963 228296 249864 609217 244588 174330 520692 373669
957057 621127 559774 668766 411553 755905 600142 966874 714217 376707 282845 641826 799884 536727 752368 665114 490663 618585 755373 565366 131991 650918 668773 502279 999999999 84802 363250 574345 782872 534255 201363 453690 869187 557217 428985 66691 253138 734336 180691 734766 770704 237526 613074 279817 372640 475771 907211 637483 674586 191037 459645 472551 560418 647089 239818 719896 210254 246968 801926 483017 694585 588418 504613 130227 455500 715919 565674 243709 216294 467097 373287 486382 636724 412858 242987 897391 139091 87021 487595 772983 659220 675278 522382 171380 873698 389525 786950 783002 256163 663022 209521 400224 103150 440753 551281 160657 531367 641958 197430 734919
887829 537618 475215 669034 362998 672663 522327 889824 685252 300231 289144 559830 741274 468679 668381 580478 437452 545264 691392 507800 172762 599275 655674 426208 84802 999999999 308673 489698 744958 463791 278380 381960 804403 482525 355380 151317 336000 662885 242629 657473 692246 155286 568822 268807 314390 412858 832994 630258 650726 270617 383450 445606 491820 563338 324593 697030 288064 162257 732156 413087 610745 574743 460330 153081 374226 638798 513361 226206 136450 383185 325655 406054 553804 375024 160048 830459 85819 31330 446927 689034 655321 643987 526705 248462 804865 367723 734287 700179 226739 587192 203985 337938 127921 356097 502164 195697 482763 559834 171793 685788
952887 386582 419972 948115 570710 499302 300549 897885 911809 409970 587284 378781 870659 584760 601854 459389 619457 289234 800071 664556 316011 767581 915134 501137 363250 308673 999999999 426072 945683 199601 461342 496155 899989 555732 465575 409187 539761 732409 543037 683788 703811 209885 763473 554065 21062 563187 868148 899973 890162 467507 177363 692094 216031 413814 563095 936419 471876 246090 805468 530037 456950 836531 665916 461655 414653 668858 688346 509598 203673 281837 542447 235219 527101 606944 296760 912659 226899 336707 663460 621189 929098 867325 814317 530856 877943 629994 888068 655456 496021 634774 209574 55222 292706 294473 688824 305797 673266 545332 180983 855632
547248 138252 16602 829573 419644 239168 254961 473175 689361 252558 606266 191500 524066 295875 184724 114996 406207 324815 442208 397469 625220 486500 754579 206948 574345 489698 426072 999999999 677313 329868 760243 259903 518695 225543 249941 640985 824258 348373 694355 274125 285168 349573 520811 549086 406615 332518 451666 765087 694158 755771 264378 556335 356275 143219 813547 732673 770647 329257 415549 273211 172918 695182 469779 577628 158646 263232 438660 520140 375849 144398 420819 205311 105532 477161 334083 520188 474083 492191 485648 205352 799511 647248 742545 723858 481609 545947 566297 231247 486321 248773 567967 382675 580660 144293 455930 633703 451415 127996 516887 558877
437999 815563 666475 343969 385733 893918 921191 582170 105733 538379 540165 868783 228962 388302 687230 773644 326346 987188 291716 290373 910560 191624 241035 483778 782872 744958 945683 677313 999999999 961690 960725 460688 330272 452140 488637 822876 974695 393826 733767 492888 525823 744529 182491 514397 935976 385876 494876 292218 162253 943464 867168 316551 994127 818159 919117 150510 966075 705004 380534 430853 837136 271001 286743 670073 567245 486026 259091 542157 760465 747569 421103 828618 607510 370864 657268 372908 809944 718042 298048 693764 312489 120804 401577 799546 390527 401471 157111 648269 526710 457963 943079 933734 870137 707708 256875 936864 272990 584519 900084 125627
876781 235231 331548 1032087 622872 319096 114039 790445 949476 435714 708625 207300 841021 575672 473179 315166 648334 89742 761977 671318 509954 772070 980655 480966 534255 463791 199601 329868 961690 999999999 657026 502120 846280 523783 476097 589047 734539 675033 706400 603942 612679 321081 786666 664149 181013 579486 778624 975883 939369 661664 99254 759241 33497 258060 752326 983406 667710 340140 744146 530886 291811 907691 705540 608720 394808 593025 704729 621971 331275 215623 604464 134511 434574 671116 385058 849610 395731 485739 710992 489677 1008036 904817 912630 705608 811291 714558 873801 534501 599211 574279 408053 146241 480924 253997 713103 502578 701753 457757 373991 854606
1157930 788397 746696 796151 604138 919754 743198 1167393 882684 577165 428617 800631 996001 737648 942203 841559 685173 746320 954565 761908 147574 842887 817077 703007 201363 278380 461342 760243 960725 657026 999999999 655053 1068553 758340 630211 142919 79068 935653 248637 935115 970388 411626 799289 446460 477624 675322 1108494 778007 837453 20460 602679 644650 676686 815574 123889 880508 10828 431634 1002991 684285 863111 740068 692436 291053 652461 916343 758854 420149 386108 639646 566009 642007 830464 597346 437885 1097597 289042 287727 672684 962944 793781 847199 649705 186489 1074512 559615 978827 976780 441022 863912 253287 511426 184147 620217 742272 155746 722209 837417 283093 924211
506053 388545 244571 570232 161712 498978 472653 517304 449521 90508 379489 438296 379319 91951 371308 373958 151473 534725 317213 171394 551901 274307 499002 65387 453690 381960 496155 259903 460688 502120 655053 999999999 427256 107114 30969 515456 701212 281055 514283 288283 328047 314082 284669 321260 483938 78533 453895 506419 445342 644209 406625 296469 534924 399803 670792 487134 663889 274900 350317 34548 432771 436360 213771 402156 112936 269225 202639 304954 336409 290722 170144 370629 248494 219428 238909 450357 414280 367794 227044 388746 540705 405309 484532 560969 423340 292747 392000 376123 269642 213434 543165 477686 505178 248916 211851 571181 202326 239656 492964 360941
113994 643454 515214 654074 473658 678249 771807 254543 417047 516667 708825 694619 107986 336768 445837 578477 391616 841972 114046 311598 976419 262406 548859 402304 869187 804403 899989 518695 330272 846280 1068553 427256 999999999 345385 456941 925957 1105004 171353 887872 253460 264811 738161 332887 661506 884341 393423 170472 592266 462729 1055480 768866 504616 874107 635402 1064020 470094 1076504 700018 104273 393869 637147 546479 408365 791390 485850 259180 327647 668633 761764 638940 509771 715239 418819 500466 666135 43650 841500 786572 435336 444159 619970 402449 666217 945911 65043 569682 176038 389635 639246 272192 970036 869854 930156 612154 352231 996914 370442 394022 919399 230963
411575 363724 214350 624390 246378 452440 471274 410914 465736 182627 480543 416812 319567 76423 286399 328026 202230 538864 244923 174654 649432 261011 540903 58324 557217 482525 555732 225543 452140 523783 758340 107114 345385 999999999 128374 620102 806577 184527 621204 181170 221153 396049 297726 422926 540734 138115 350480 557853 474537 748176 436687 364325 554598 367726 777413 510886 767416 359300 257071 88690 391001 489453 263602 509267 141086 162111 217521 409850 420707 308707 264896 389320 173341 301097 331287 362085 506451 470614 285009 301385 592358 424625 558109 668060 330963 379445 350197 280020 374786 106592 630511 528292 602420 275215 238141 666988 237577 156771 578999 335817
533762 373456 233964 584742 170170 488752 451224 539101 473794 59921 372301 421821 410240 122691 375495 364878 173332 511798 347515 200575 524187 303732 517357 76791 428985 355380 465575 249941 488637 476097 630211 30969 456941 128374 999999999 491729 678246 307768 497715 308201 346562 283327 310837 313902 453556 103506 478301 522090 467059 619885 379676 308784 509110 386490 649857 509748 639224 244268 378040 65497 421767 452019 233644 383859 94988 289165 229815 293710 305859 267084 171715 345927 251376 227422 209316 479216 384980 342536 244189 393778 556120 429294 492664 542064 451402 296592 422743 385433 258291 234723 513155 447834 477333 224291 237010 542928 225985 245522 462751 390860
1016308 685798 626443 682401 461486 820237 660105 1030488 748597 440888 301501 705099 853101 596295 819024 731072 542341 675091 811939 618990 126940 700500 692354 565939 66691 151317 409187 640985 822876 589047 142919 515456 925957 620102 491729 999999999 187466 795187 155029 798675 835156 301955 658311 310766 420785 532942 969347 657096 705760 129623 518895 508280 613725 711987 173866 749993 150572 313184 861723 543777 759553 613321 550867 153786 521405 779761 616213 280769 279569 532272 423306 548558 703116 456500 309540 955384 194303 152351 531838 839633 676113 711546 534938 123387 932839 423590 836521 849338 299499 726284 230558 450585 122097 506796 600016 155165 579966 708075 232918 782489
1198530 859234 810163 783505 634230 991747 818695 1217293 890909 628189 435247 873520 1027173 779768 1004217 909694 716373 823616 991034 795004 224586 869933 814450 752945 253138 336000 539761 824258 974695 734539 79068 701212 1105004 806577 678246 187466 999999999 979613 243358 985726 1022462 478543 821261 462594 555745 714020 1154922 771963 842715 73076 677681 658441 754739 886146 69344 883946 69105 495037 1044858 728591 933775 740371 716951 315044 708622 966780 787870 442866 453908 708511 596804 715035 889628 620549 495752 1136049 358976 339706 695175 1024893 784568 858041 639843 176720 1115051 574013 1004914 1035964 468273 912953 332227 589304 257333 686666 769169 234566 749161 895082 360593 947988
227074 476418 344300 658947 371746 523946 602554 255142 448453 365273 616995 528524 188979 200473 300337 415815 297853 672650 107306 225025 831875 239634 559851 242851 734336 662885 732409 348373 393826 675033 935653 281055 171353 184527 307768 795187 979613 999999999 779160 100756 132131 580442 307769 563235 716173 270777 178604 592129 478352 924387 597743 446511 703055 470431 945490 501349 944352 543826 73297 251433 476796 532552 338420 673130 320846 98326 260213 560421 605207 467870 402203 543893 251281 413621 514974 180258 690509 648754 366002 304007 624496 418309 632570 831589 146887 491421 248534 255532 527415 100839 815037 700499 784970 442123 288348 850202 300469 226228 763499 268895
988090 764493 678409 547567 414597 899692 762172 1027882 648027 459843 193640 792319 802469 579719 859239 796892 496304 787600 775207 576426 281959 641202 572197 574466 180691 242629 543037 694355 733767 706400 248637 514283 887872 621204 497715 155029 243358 779160 999999999 802139 842312 393158 587180 228752 551498 508400 957576 531182 599416 228607 624963 418827 734210 788573 185369 640596 250459 389418 838766 535628 834932 497273 487050 116982 552712 783121 562949 219958 377554 609957 379801 643354 736849 390843 365784 922160 316730 222795 463162 879092 545808 616004 401411 66639 905358 335760 773833 879044 251850 726698 382483 577627 272669 576410 541558 309996 521947 736551 377071 714766
273383 391612 273795 742246 413800 427238 522176 232351 541960 358065 655731 442005 288769 231457 200063 325047 351167 592228 207963 290603 820031 328658 646492 232783 734766 657473 683788 274125 492888 603942 935115 288283 253460 181170 308201 798675 985726 100756 802139 999999999 43167 554792 391668 599106 665998 305035 185063 674890 567740 925762 535040 510400 629823 382398 958041 593942 944453 521613 149502 267113 383855 611938 402132 690436 290442 19065 331492 589017 580895 407553 438184 477756 169774 463249 501232 248538 672701 647801 428273 203262 708190 509100 702161 849212 209024 542726 349283 155406 554281 75801 789657 646480 773028 389325 358753 835501 366970 146187 737445 367433
266229 392281 287288 783122 456629 413995 525129 199874 579215 394277 698013 440565 313979 274230 181028 320842 394333 594660 236422 333208 852598 367402 686455 270300 770704 692246 703811 285168 525823 612679 970388 328047 264811 221153 346562 835156 1022462 132131 842312 43167 999999999 584287 432003 641192 685417 347667 166498 715842 606762 961510 549133 553408 637047 380204 996162 631682 979866 552409 164654 308274 376295 653491 445064 729877 321424 60880 373704 630323 610664 424243 480559 490456 179722 506336 534607 252756 704030 683683 471294 180138 748955 547542 744933 888431 212503 585822 378114 127307 595444 117801 818175 664222 805699 409948 401122 867210 409684 159049 765921 401020
807280 383847 336658 739839 363730 518430 369015 784160 704897 223590 391097 404637 693155 406003 533136 431172 418891 397114 630407 472664 276054 573892 705249 337807 237526 155286 209885 349573 744529 321081 411626 314082 738161 396049 283327 301955 478543 580442 393158 554792 584287 999999999 562095 351459 206043 370478 737820 690552 681376 408312 233047 482276 351675 410056 475649 727781 422160 40006 653120 348570 457643 626727 460775 289115 264554 537228 491177 307629 26736 230655 333832 251110 427360 397567 88092 757611 124630 170458 456353 553885 720049 660722 608984 403646 727011 420812 701183 572111 290050 491990 235352 217517 231109 208604 488404 286402 471599 437879 183386 662701
445628 657800 508139 351490 206280 750011 754118 547426 168569 357715 396716 710091 230447 224943 565634 625752 144016 817945 239141 123406 737553 72752 254965 317453 613074 568822 763473 520811 182491 786666 799289 284669 332887 297726 310837 658311 821261 307769 587180 391668 432003 562095 999999999 359438 754036 207332 460540 284466 179529 783202 690513 176697 819541 663929 770973 213356 805533 522535 329680 257839 688668 225604 108727 508886 395219 379167 83166 379594 578275 574990 243179 655230 467013 201944 474968 374477 630392 543248 126613 576311 317167 126905 335671 650509 373090 252814 188238 539587 358852 335850 763940 752544 695552 533558 74894 762924 90506 446859 719839 127644
764273 649975 532485 400611 191943 779000 686334 816539 437831 296610 58402 689306 574060 369009 689376 661810 271320 729760 549895 351272 411710 412456 389955 386238 279817 268807 554065 549086 514397 664149 446460 321260 661506 422926 313902 310766 462594 563235 228752 599106 641192 351459 359438 999999999 553961 295329 741569 361898 395734 429075 568159 198203 696450 669382 411575 440599 451696 325221 618332 334266 711359 309241 258305 156985 392195 580522 335009 44502 351504 507015 161715 564639 565181 162266 279113 697022 351510 237614 234547 707672 386524 401110 260983 291141 682355 113188 545307 697345 66457 523458 471167 568582 377927 465146 313007 440088 293519 559170 440453 486782
935780 365553 400831 945749 563522 478386 280174 878887 904190 398911 588929 357795 856791 571721 581588 438524 610069 270753 785393 653240 331475 756389 910539 486756 372640 314390 21062 406615 935976 181013 477624 483938 884341 540734 453556 420785 555745 716173 551498 665998 685417 206043 754036 553961 999999999 552311 850105 896551 883712 483221 156338 687101 199067 392771 577362 929826 488224 240546 789118 517574 435887 832415 657811 466860 399681 651274 678012 509600 202507 262592 536211 214395 508196 601275 291407 896371 234775 341492 656181 600853 926092 859591 813474 541591 861356 626855 875507 635552 494664 618065 227132 35139 306193 276743 679254 322442 664056 526738 195708 844161
484559 464432 317909 497676 109549 570314 551129 521821 371108 153413 351173 514948 329438 73796 423321 444732 74020 613239 279620 102249 585542 204577 422700 126680 475771 412858 563187 332518 385876 579486 675322 78533 393423 138115 103506 532942 714020 270777 508400 305035 347667 370478 207332 295329 552311 999999999 449285 432718 367088 662551 483182 229122 612440 474349 676769 408649 683392 330491 331854 59553 505152 362942 137381 403696 191263 286790 126787 289823 390189 369084 133678 448698 305558 163050 287836 422488 457887 393703 153721 438916 467189 326828 421760 561533 401105 241761 331028 417930 256640 229997 590285 548513 539931 326955 133693 607350 123796 292049 542076 293070
112067 554842 453598 802592 549841 559857 688550 88425 573307 532905 794881 601097 266061 378172 327521 480218 474203 757492 222259 398206 998992 387986 698990 407156 907211 832994 868148 451666 494876 778624 1108494 453895 170472 350480 478301 969347 1154922 178604 957576 185063 166498 737820 460540 741569 850105 449285 999999999 737910 613616 1097973 715532 615760 802453 540623 1122487 627140 1117465 703585 131262 426555 531168 684786 509663 850731 473309 201432 428682 739008 763649 589965 580744 656947 346201 589896 680067 135293 853683 820837 537546 319490 768026 552304 794764 1009427 105933 666580 337865 264057 705914 246921 973069 829714 951942 573725 456483 1015660 470913 325100 920938 383746
705856 894791 750251 67440 356480 1002989 969249 825975 186861 546247 356139 943831 484280 481440 839627 877379 359626 1025361 515974 390640 769086 353646 53394 559194 637483 630258 899973 765087 292218 975883 778007 506419 592266 557853 522090 657096 771963 592129 531182 674890 715842 690552 284466 361898 896551 432718 737910 999999999 132518 758463 876633 217117 1009346 906153 707928 146159 780729 656874 609071 492224 937842 70093 296142 508419 616905 661547 347159 404065 696900 782490 371482 855988 731186 304995 606219 635833 711385 599213 279519 852114 34546 190280 134849 596956 642783 270056 419802 819278 408307 614941 833063 905372 738172 738267 322344 798017 320443 713975 801422 361341
575758 829374 680659 191425 320928 926778 917851 702013 56922 503683 409163 880758 354929 399667 745114 801837 294044 978839 393587 300139 805908 239367 86132 487880 674586 650726 890162 694158 162253 939369 837453 445342 462729 474537 467059 705760 842715 478352 599416 567740 606762 681376 179529 395734 883712 367088 613616 132518 999999999 819017 840975 205207 972743 837303 783121 46642 841671 644108 487232 423826 864259 111570 234056 552176 558263 556266 257018 431125 692564 734064 347722 812075 645601 284271 593616 506377 724931 621239 229359 755609 157582 61332 241019 666026 515588 285261 288598 717917 424261 514844 854201 887439 769544 690897 238229 833774 243890 625894 816371 232120
1145880 787467 741974 776169 589395 919573 745653 1157903 864621 567697 409985 801036 981749 725782 936931 839115 670737 750667 941449 747932 151803 827740 797832 693315 191037 270617 467507 755771 943464 661664 20460 644209 1055480 748176 619885 129623 73076 924387 228607 925762 961510 408312 783202 429075 483221 662551 1097973 758463 819017 999999999 604688 627177 682119 814491 107703 861886 22674 426642 991206 672955 862092 721062 676717 274469 644789 906928 744035 403747 383233 637530 551363 642483 824009 581303 430606 1085003 287269 277961 656592 957651 774012 829456 629840 166112 1062419 542144 963568 970387 425477 854048 261173 516615 184486 616827 727031 163460 706963 830400 287822 908507
808199 209219 261968 932948 523798 325933 141523 736576 852090 337326 614257 204587 755988 483651 430265 282907 550936 164395 678934 577068 455450 678786 881517 390249 459645 383450 177363 264378 867168 99254 602679 406625 768866 436687 379676 518895 677681 597743 624963 535040 549133 233047 690513 568159 156338 483182 715532 876633 840975 604688 999999999 659992 132733 236481 687981 885241 613501 246923 668857 436521 280114 808442 607371 522110 302489 522253 609159 526656 247438 129949 505210 60582 369458 571865 289318 775633 324900 402317 612299 448900 908808 807353 814387 630248 738489 615772 784955 486962 502689 497124 365699 125623 420448 162012 616515 453161 604627 390560 323205 762767
615146 682214 540884 276972 140142 795445 752615 699139 241682 329434 225481 730107 405694 290531 650723 670379 162891 808282 401951 222133 602986 242659 223789 354546 472551 445606 692094 556335 316551 759241 644650 296469 504616 364325 308784 508280 658441 446511 418827 510400 553408 482276 176697 198203 687101 229122 615760 217117 205207 627177 659992 999999999 792725 695085 604086 251657 649814 446555 485211 287754 729130 148451 108654 354745 403727 494180 187225 229033 491523 565762 154866 638882 534567 88138 395695 544609 519937 416286 82142 665493 250122 203309 194074 484009 538300 85037 364386 640193 219462 440947 648997 693634 565497 521497 159296 630462 146044 520363 611365 302451
902043 253376 358911 1065472 656365 324920 123948 811535 982627 469115 740396 219758 870968 607628 492371 333133 681515 79322 791449 703762 530323 804237 1014151 512705 560418 491820 216031 356275 994127 33497 676686 534924 874107 554598 509110 613725 754739 703055 734210 629823 637047 351675 819541 696450 199067 612440 802453 1009346 972743 682119 132733 792725 999999999 274279 774809 1016731 687290 371951 771507 563422 304225 941175 738877 638224 427018 619447 737481 654077 360789 247248 637940 165957 460117 704598 417456 876459 421471 514563 744429 508132 1041478 937988 945650 731571 837855 747795 904763 554641 631703 602460 425603 165566 503219 286452 746092 521468 734867 483720 394354 886372
645917 27767 156761 970005 556550 111401 152148 541149 832450 378256 724635 60494 654074 439024 219993 60721 548274 218395 571090 540551 671812 628123 896929 349720 647089 563338 413814 143219 818159 258060 815574 399803 635402 367726 386490 711987 886146 470431 788573 382398 380204 410056 663929 669382 392771 474349 540623 906153 837303 814491 236481 695085 274279 999999999 885704 875892 826332 402502 531139 415392 47646 836121 611730 674493 291927 376352 581866 636086 433242 180201 553965 181398 219707 613442 423018 630248 527248 572854 626656 234643 940476 790435 877788 808911 590293 678570 701301 283605 604198 375964 593964 361136 631511 212385 599084 674270 594307 244725 547275 697995
1160715 859419 798763 717348 590798 993637 829501 1188096 832589 603345 379009 877768 982389 745025 989849 904858 673111 840147 950447 752682 248924 822806 751573 725862 239818 324593 563095 813547 919117 752326 123889 670792 1064020 777413 649857 173866 69344 945490 185369 958041 996162 475649 770973 411575 577362 676769 1122487 707928 783121 107703 687981 604086 774809 885704 999999999 823408 117607 486782 1008610 696203 933291 678900 668907 273219 688672 938996 742547 396575 452832 706098 554268 720467 872091 572342 480407 1096600 363602 321874 645925 1010356 719438 801149 574878 120475 1077419 520646 956625 1017797 424804 883999 362049 609524 271591 680530 722447 265695 702595 875678 382114 898357
581362 868765 719539 193617 366686 963287 959778 715488 53892 547925 451908 920541 363683 437128 776164 838839 336428 1021459 410733 336267 851392 265855 93072 527291 719896 697030 936419 732673 150510 983406 880508 487134 470094 510886 509748 749993 883946 501349 640596 593942 631682 727781 213356 440599 929826 408649 627140 146159 46642 861886 885241 251657 1016731 875892 823408 999999999 884514 690403 503974 464341 901611 145745 277880 596625 599893 583505 294116 476684 739102 776826 394034 855337 680229 330839 639966 513589 771489 667448 274662 785826 162867 86765 269552 707234 526240 330942 294098 746186 470456 544807 900598 933249 815380 733921 277524 879363 284911 659793 862928 243409
