NAME : synthetic_000694
TYPE : CTSP-D
DIMENSION : 100
GROUPS : 8
RELAXATION_LEVEL : 1
EDGE_WEIGHT_TYPE : EXPLICIT
EDGE_WEIGHT_FORMAT : FULL_MATRIX
EDGE_WEIGHT_SECTION
999999999 707939 359575 382039 223954 441670 689997 71847 273055 318825 348486 243237 179578 375655 233899 460388 520277 53292 123862 483990 596236 506388 612551 325701 408565 89542 329797 530004 440859 558902 396604 344959 403112 332149 333148 708302 647958 430855 176268 397747 354096 254500 647651 288103 397465 140772 399797 595206 201587 347795 323438 612481 640913 252036 674132 375471 83481 558078 546255 350359 277286 397546 198558 658172 879197 299757 595667 388300 584609 583791 642891 618921 186151 683526 497791 651716 649509 496939 329001 372147 476698 542551 210155 98972 521463 308751 515546 219076 469800 448992 355919 551049 218871 397110 333560 757992 366841 118860 466118 394185
707939 999999999 488652 909928 898218 386949 134761 779322 798117 1026407 1019334 476642 868347 974519 586801 257545 215098 692100 823936 444260 602004 861092 935541 635363 340785 726064 940025 286212 288320 356746 637796 380265 1108582 852944 636430 908107 411742 788169 769875 330874 446342 936693 902956 949997 793166 738641 1100032 169794 599561 465276 713018 99886 759962 621047 770673 688662 713215 335570 333625 1050887 706393 312171 652472 894921 202230 569948 219337 520044 453580 173821 881073 117201 603399 611470 668637 334474 463146 522190 1031265 1069352 336510 292009 518990 804293 265374 404783 493112 492862 795594 574301 352209 215708 542603 633752 733305 216876 403658 792131 251825 686557
359575 488652 999999999 424855 467255 110381 539348 412306 593000 631435 572351 173082 454671 499693 136608 249457 397096 381388 431924 124856 263797 383200 471858 538596 156070 321892 471445 221332 212488 548931 592547 162304 697911 370238 147778 491046 291089 304146 324690 182194 51158 612025 460468 647654 305278 307482 740522 462357 165619 33997 583984 391569 368334 150670 394721 202477 418117 534904 210369 692729 547775 237416 201424 459425 604501 471579 496969 509349 225034 451015 443481 452640 178785 341182 229063 308119 289935 148873 617464 643923 454135 490967 171836 450858 230413 275405 596111 271243 318381 134558 250693 277574 142790 590504 602225 450106 96659 477453 341673 203655
382039 909928 424855 999999999 233415 533894 943188 355999 635303 391420 240120 469938 272218 104167 330515 658350 782432 435331 313488 511310 492494 201810 283329 706551 569577 294788 113682 644867 623993 884604 777150 542356 407838 59611 280659 421730 658587 186976 207279 584450 463779 496704 348002 548882 153430 246447 526101 856032 328340 445103 704075 810982 433594 291136 465204 246335 461457 877559 623759 494840 657794 622417 274963 366272 1027291 672278 877310 752928 577915 844050 355818 858669 331518 576205 352561 704665 630459 463558 345572 339286 790828 846925 428198 385468 655266 592579 874533 523661 217796 391143 607781 702158 387292 777394 712651 866311 506433 451282 722758 258791
223954 898218 467255 233415 999999999 572325 897508 165246 425019 179224 125966 421752 49880 177720 333213 641706 727732 269651 108128 584811 635112 419955 512966 534477 570364 173416 135148 677426 614782 781838 604706 519136 231943 213311 366757 642118 750276 372627 142966 570738 485097 263658 570729 315973 332382 163207 309629 803643 310022 471367 513273 799267 622944 318504 656702 373359 281319 780194 676641 271323 468256 587163 266034 586964 1051536 519424 810094 610207 674772 791860 574523 820951 301843 725094 505509 775194 736702 566636 152293 177025 697295 761824 379237 178065 677266 517177 738049 430607 412301 500320 554436 716004 360378 605893 517542 910795 514719 243328 670421 392517
441670 386949 110381 533894 572325 999999999 452301 501630 647131 731197 680667 214774 556115 610060 239112 172677 329670 453715 528036 85268 271216 474717 553781 561808 92481 418132 581681 111131 137474 502719 606093 144999 801155 480058 254215 548035 213565 401290 430910 128887 89191 696139 529995 727312 407761 410273 834287 385205 264020 101014 618275 293441 409529 259592 429509 302581 488026 485782 105898 785644 587751 190051 306683 525189 494265 489923 427575 507813 170921 374824 510117 366138 274702 326463 291795 210250 229891 159749 720686 749344 413634 436918 234598 537885 123058 271046 573948 301660 409161 192905 224853 172030 224902 603421 637970 340550 81579 555337 282183 299718
689997 134761 539348 943188 897508 452301 999999999 761675 733820 1006854 1022285 482345 861897 995902 612878 290106 170061 664681 811837 523619 696804 921950 1005487 557377 383353 724279 957549 370270 326894 242372 547257 400835 1092756 884265 683717 995109 523868 843449 780967 361444 491105 897370 981672 903540 842327 745734 1065723 94836 618845 510547 636043 171605 850465 652361 865000 741576 679453 223092 425829 1017668 637198 321162 673176 975988 316876 499954 113965 434080 553256 106212 961238 86761 619262 718365 743705 449968 573307 603551 1018873 1060795 251423 191249 526111 780778 343042 381884 382646 471087 856705 645197 344329 296995 559518 543102 655298 350791 445104 757818 227270 742888
71847 779322 412306 355999 165246 501630 761675 999999999 279572 247158 285388 311195 116850 331753 279481 530393 592032 106690 57821 537121 634190 504536 608293 369804 474990 99260 285969 594438 509676 625657 440321 413202 331282 313510 363182 716163 703121 435984 164970 466164 412843 201839 651321 243253 399223 141812 333673 666864 248033 404509 353545 683464 662900 288083 696700 396189 116214 625762 607164 284596 307674 468386 230356 663823 948881 354729 666569 446278 636204 655480 649251 690768 233890 723221 525057 711810 700954 541990 257667 301699 545661 612069 275307 40918 587497 380580 574346 290880 476310 487972 427488 618878 276757 441382 359980 824424 429860 97482 537964 415746
273055 798117 593000 635303 425019 647131 733820 279572 999999999 398077 520912 432799 376130 601826 489112 597391 584106 227635 324403 709437 849055 777789 883258 188406 584073 359546 557386 707867 593581 528037 236779 514781 482256 592753 599665 981320 860665 703691 440625 559134 570880 226440 920520 202389 669617 410120 385220 645654 458219 571513 121290 719291 909413 516321 942076 646448 191004 537777 741202 347706 99131 529498 467678 931204 993676 234073 621722 312872 810224 636926 915942 687348 442547 932164 763773 845293 873489 740329 441166 490910 483368 548531 421830 251103 689739 415337 422786 350050 742802 703567 477103 703195 453071 239940 113098 910212 565603 184533 548786 664654
318825 1026407 631435 391420 179224 731197 1006854 247158 398077 999999999 170486 555309 177384 305636 494911 776111 837764 342877 205652 752946 813520 589009 674632 556671 715758 313632 278642 830924 753830 855980 620479 656977 89228 384853 543035 811257 919719 548831 315153 709919 642220 176177 738286 219269 508639 324546 134736 912029 467585 630745 511409 930222 800702 487577 834302 552426 333788 858635 836929 107505 473245 715103 431443 755768 1193650 565398 908807 658880 846382 900807 744313 937390 456496 903634 684718 938745 909417 740983 55276 98207 782699 850221 516772 226298 826859 626988 784858 537223 587727 676548 674646 861129 509436 622765 508400 1063426 665800 261849 784538 571653
348486 1019334 572351 240120 125966 680667 1022285 285388 520912 170486 999999999 544033 169296 142275 443577 762058 852725 391755 227652 683496 708217 441928 517817 649120 687001 298086 128857 788626 733708 907170 718224 639240 168118 251454 454507 660741 845306 417358 251911 689944 595931 323546 586610 373581 378838 280739 299242 928677 424089 580705 620219 919926 669619 421681 702086 446078 399252 905810 782694 277893 576821 709614 375291 605443 1167080 639664 935857 731604 767096 916853 595482 944858 417912 796229 571395 877284 826354 654949 116610 99490 823150 887776 500903 289456 790848 642674 859698 556470 452806 584839 678581 831652 478038 719736 621993 1021065 629021 349428 795055 463404
243237 476642 173082 469938 421752 214774 482345 311195 432799 555309 544033 999999999 392081 514452 146209 221569 315833 244718 350275 278622 436807 497825 598742 365523 166011 249459 475358 289564 198644 421586 420126 102007 634567 410329 253803 644752 428281 412547 298746 154980 140310 493182 603584 519783 397786 264455 643026 391115 141702 144888 412748 378128 534177 190567 562585 316897 276766 412136 313181 593595 378481 165586 195108 606379 638364 298868 408097 342931 378348 379106 590096 402080 139029 512149 388808 418934 441011 320834 556134 593039 325746 378056 43770 342205 278936 127020 441715 98229 439240 303282 139273 307888 83979 418198 431503 514949 133675 348561 256383 327346
179578 868347 454671 272218 49880 556115 861897 116850 376130 177384 169296 392081 999999999 225755 318400 613469 691853 222649 59116 575661 640472 449240 546197 485101 546642 143112 181822 658172 588346 738479 555202 491806 245737 244040 367923 669838 742371 394747 139541 544199 467561 226572 599983 278157 354908 147324 297691 767550 292095 455276 463395 770170 640478 310206 674459 382829 232398 737557 661526 254653 418380 556306 254153 615215 1027278 471572 771628 562956 669044 755883 602073 787149 281922 730734 515904 762451 732190 564282 165670 201007 655669 720996 350896 128202 655920 480296 690969 392236 435184 500986 520827 692555 337532 556432 467728 891408 493719 193687 635482 402470
375655 974519 499693 104167 177720 610060 995902 331753 601826 305636 142275 514452 225755 999999999 387769 718589 830283 427147 279197 597160 593152 303459 375656 699152 634311 298790 45995 720984 686278 913545 770047 598136 309979 136032 363462 519702 750696 290229 220884 644479 532934 434580 445413 486795 254869 260266 438424 905497 377602 515355 685106 874735 537708 354752 569198 339346 446215 908824 705547 412353 639360 675396 323512 464606 1104080 675094 921164 761787 670463 893482 455191 913658 376639 678187 453543 792039 725532 556118 255152 241486 822958 883183 470919 352149 728272 629454 887519 551664 321924 483884 653680 773179 436638 770846 690818 947974 572345 418540 770815 353978
233899 586801 136608 330515 333213 239112 612878 279481 489112 494911 443577 146209 318400 387769 999999999 331020 452293 265263 295731 259849 363211 354294 457404 472238 247253 186059 353654 345262 298517 567794 535243 212238 562540 271416 119398 517609 426829 268939 192322 256850 152496 480918 469447 519363 251987 171576 604513 525564 32312 138169 502505 486986 424808 44480 456390 178972 303043 558199 343737 557014 461151 291923 68286 474641 724135 415224 548241 474969 357346 513591 458419 528830 47876 449803 277298 444051 421909 263570 482050 510235 471909 523017 111160 319161 347439 273170 582387 224878 298470 216153 279270 389415 63079 534046 518406 578257 186648 352706 392698 192794
460388 257545 249457 658350 641706 172677 290106 530393 597391 776111 762058 221569 613469 718589 331020 999999999 157144 452111 571580 254411 439582 632520 718591 469147 93391 470570 683214 138730 37164 336608 497380 122819 856064 600274 393778 720372 323065 553418 512330 74182 201015 701668 699915 721781 552410 481320 858613 214646 342338 220464 538391 157891 582065 367474 601388 451496 478346 318275 194227 809139 518537 68177 395631 696071 418878 395907 254980 385392 316020 203764 680748 203555 345889 483595 462060 276235 359524 331985 777702 814320 254284 267632 262766 558759 110205 182072 425210 257488 567489 362363 120290 107043 285074 494012 559179 313042 155127 555515 114243 453107
520277 215098 397096 782432 727732 329670 170061 592032 584106 837764 852725 315833 691853 830283 452293 157144 999999999 496379 641845 411407 595969 778682 868939 420630 244949 554646 790927 281049 192472 190525 426764 243996 923253 723041 534308 876659 461813 696957 613377 215001 346369 733436 854070 742810 691508 577402 900287 75966 455167 365239 498045 153617 739165 493744 758506 595056 512885 170050 339992 851795 491494 162923 509402 851005 415201 354862 99882 308366 467098 64130 835497 104023 454284 635921 617016 401559 503976 489123 849011 890768 131871 117392 359398 611999 250382 211865 304671 301239 714584 517295 176637 220678 395773 422813 518395 373326 300437 591694 59703 598978
53292 692100 381388 435331 269651 453715 664681 106690 227635 342877 391755 244718 222649 427147 265263 452111 496379 999999999 164146 503782 628176 556573 663042 272862 410224 142195 381190 534270 436453 519713 343806 343324 430177 385260 372500 755099 664310 479492 229382 394900 369023 250023 695958 275083 447190 193178 408166 569938 233498 365381 270633 599250 682037 289516 714842 418869 37788 520374 555981 358898 224595 386482 240044 705832 870099 250148 565951 340559 605165 558867 690359 597513 217728 713756 536965 661904 669816 524173 360271 406030 441596 508619 219122 116635 522803 287970 468455 199242 517832 481340 340770 548280 238598 344396 281281 757262 375342 104196 445011 437025
123862 823936 431924 313488 108128 528036 811837 57821 324403 205652 227652 350275 59116 279197 295731 571580 641845 164146 999999999 555570 636877 476398 577376 426349 510112 110203 233976 625927 548541 681863 496604 451667 284716 276983 363093 693253 722559 414095 143522 504553 438855 204108 625761 252323 375506 134491 308809 717183 266428 428411 406616 726795 651504 295687 685518 387480 173337 681487 633932 261636 361222 511897 237481 639632 988371 412532 719051 504087 652198 705648 625703 738963 254130 726849 519515 737003 716362 552249 207751 249048 600495 666412 311209 73359 621353 429981 632145 340874 454797 493232 473692 655491 304648 497777 411775 858060 460726 140012 586543 407288
483990 444260 124856 511310 584811 85268 523619 537121 709437 752946 683496 278622 575661 597160 259849 254411 411407 503782 555570 999999999 186221 422544 491581 637368 177731 445846 574248 158099 220754 587395 684807 225485 816559 462485 233731 471641 167037 357618 441876 214087 138697 736838 459903 772088 371723 428400 864362 462868 289892 138786 689946 357693 329173 266425 347243 267474 539946 570181 117510 816823 656885 275314 321512 453115 523013 566713 507846 589774 101453 453025 438705 438961 303420 242934 224381 195050 166038 79943 736371 760203 498824 520794 288409 575714 181709 351865 658859 372384 357959 132964 308828 230454 265875 682301 709113 356477 154882 601416 366079 259443
596236 602004 263797 492494 635112 271216 696804 634190 849055 813520 708217 436807 640472 593152 363211 439582 595969 628176 636877 186221 999999999 338474 371460 802319 363387 535435 583882 326800 406703 773606 855229 404974 861889 460279 273864 309004 213259 307710 501053 399496 301910 835217 317919 877288 339077 502391 938142 643555 395342 292951 847114 526308 159352 346375 168839 263225 665905 756316 271309 894153 809911 460912 403834 305224 636203 734705 690840 767097 149475 634303 293892 614902 411043 90263 139945 286612 166447 117790 785302 798214 684821 706690 433177 674991 355211 529326 842675 534846 286837 147246 491560 399823 396563 853060 865055 462504 331849 714560 552072 245119
506388 861092 383200 201810 419955 474717 921950 504536 777789 589009 441928 497825 449240 303459 354294 632520 778682 556573 476398 422544 338474 999999999 106815 809408 539147 418316 314722 577048 595449 916248 876726 536835 609578 206651 247030 222481 536528 85381 339578 564722 432952 675143 150880 725932 109802 367691 723595 845407 370274 413795 824300 768071 241972 310333 270919 184372 589857 904833 539852 689393 779133 616606 332436 167127 942601 760522 878294 827141 458414 833990 155306 835189 381238 409824 209578 597771 497648 353300 545585 541062 819967 865228 465435 541124 595788 624119 936667 578510 65558 289588 619080 645424 417086 876083 836644 771782 479206 601732 721652 179792
612551 935541 471858 283329 512966 553781 1005487 608293 883258 674632 517817 598742 546197 375656 457404 718591 868939 663042 577376 491581 371460 106815 999999999 916023 625876 524087 396170 649378 681439 1013757 983140 630376 685627 302218 345367 150909 582120 189734 443672 653967 522738 772767 79746 824206 216615 473204 809234 932993 475023 504142 931074 846077 235958 414028 254889 282059 696032 1001497 606246 778093 885865 708579 438742 101205 1000141 866482 968818 931711 509046 921863 99455 918943 486496 425398 267580 650412 537590 415738 627750 617139 917612 960182 568194 643971 670981 723994 1039368 682219 159503 361834 715057 720497 519655 982455 943342 826961 568513 705715 813296 273554
325701 635363 538596 706551 534477 561808 557377 369804 188406 556671 649120 365523 485101 699152 472238 469147 420630 272862 426349 637368 802319 809408 916023 999999999 482044 411774 653157 596864 475313 341212 70955 417651 644953 654297 591566 989439 768471 727163 499389 450279 502898 399106 938185 385259 699959 461026 566192 474076 447587 509804 78673 566790 892850 510578 922886 648990 253700 352215 640580 524788 90321 405704 477596 944930 835759 73558 443699 126308 732480 466628 928835 520342 434039 876246 745303 738150 791237 685990 591138 640752 306190 367958 374300 359711 573464 296170 235835 267523 762146 666677 354502 575787 418520 71701 98292 773309 483101 301987 396294 664225
408565 340785 156070 569577 570364 92481 383353 474990 584073 715758 687001 166011 546642 634311 247253 93391 244949 410224 510112 177731 363387 539147 625876 482044 999999999 403938 600894 125053 56462 411612 521838 69411 791881 512273 301109 632486 286468 460099 435281 36493 108191 659166 609156 685033 459681 407587 808020 307134 263114 127629 543308 241465 497852 280288 519283 358234 441133 395213 159302 758667 516413 97591 314283 606076 481193 409005 344499 419504 257989 295988 590552 296694 269214 418181 372133 261434 312040 249970 712231 745813 321496 347415 199759 507403 112960 186557 481733 234023 474156 272459 134782 145918 209993 518957 563548 349524 63256 514283 193396 359716
89542 726064 321892 294788 173416 418132 724279 99260 359546 313632 298086 249459 143112 298790 186059 470570 554646 142195 110203 445846 535435 418316 524087 411774 403938 999999999 253984 517369 445234 618082 482365 348724 387943 243307 263929 623970 612743 344809 87675 401087 328995 299827 561520 342422 310121 51272 418634 630594 156306 318276 412799 627564 564943 189993 598634 298080 172559 614745 524002 370977 366704 414387 131821 572823 884263 379518 638467 463897 543198 618775 557814 647538 143933 624716 426011 626852 607604 445591 308393 343756 530147 593087 207866 140175 513968 344869 588940 260121 384432 389666 381019 549800 195908 482623 423092 750140 352346 189322 497110 317490
329797 940025 471445 113682 135148 581681 957549 285969 557386 278642 128857 475358 181822 45995 353654 683214 790927 381190 233976 574248 583882 314722 396170 653157 600894 253984 999999999 692061 651736 870197 724053 561800 295168 124072 341110 535372 731571 288790 178703 609323 501880 396107 461683 448480 250687 217284 413113 866412 341048 484900 639427 840146 540781 323492 573230 324358 400254 865855 679655 383358 593627 637879 287602 479897 1074526 629345 880668 716335 652018 854411 469285 876105 338897 670870 445663 769270 709103 538308 231933 226880 780253 841142 431649 307132 697865 588084 842300 508876 323958 466779 614306 741740 399452 724851 645322 921271 539715 373658 731648 340586
530004 286212 221332 644867 677426 111131 370270 594438 707867 830924 788626 289564 658172 720984 345262 138730 281049 534270 625927 158099 326800 577048 649378 596864 125053 517369 692061 999999999 122265 469066 630559 194235 903881 591185 364770 626316 184573 507290 537569 149218 192768 782333 617598 809302 516258 514415 928097 319303 367455 208104 661829 201138 480467 369099 494746 410765 565757 449561 59095 878936 637293 192448 413478 610262 383175 523318 369620 521367 187774 310840 596095 288173 376480 356567 382444 141316 223436 236716 823615 854284 391443 397429 319888 628355 30667 301432 563689 358079 511794 288630 242436 73539 321489 627369 682348 233416 165205 638104 249652 406325
440859 288320 212488 623993 614782 137474 326894 509676 593581 753830 733708 198644 588346 686278 298517 37164 192472 436453 548541 220754 406703 595449 681439 475313 56462 445234 651736 122265 999999999 367299 508296 96875 832293 566254 357399 684286 302748 516556 482896 44147 164492 686476 663105 708927 516008 453175 840383 251710 311657 183945 541648 188475 546959 333641 566913 414696 464642 349690 172420 790902 518913 70183 364244 659438 439837 401758 291134 399682 288357 240759 644065 240232 316213 454235 425394 263403 335685 297198 753332 788733 281430 300045 237697 539725 98266 181336 448749 247315 530385 325661 120906 112195 255719 505111 562289 321784 118951 540492 145369 416109
558902 356746 548931 884604 781838 502719 242372 625657 528037 855980 907170 421586 738479 913545 567794 336608 190525 519713 681863 587395 773606 916248 1013757 341212 411612 618082 870197 469066 367299 999999999 316275 386654 944944 825387 669423 1039216 651571 831557 692830 376594 498219 720513 1008853 716270 818943 653279 891063 190262 560782 515095 417627 331017 908720 612112 930797 732571 522726 21694 527460 845871 428907 315683 611553 1008309 554553 300062 137409 215257 652319 190200 992324 244586 555001 820199 777048 592077 692500 661565 878840 925444 96283 73576 459656 633883 438501 294765 140339 362413 855170 678954 299283 411115 505294 312133 434953 550330 455782 594962 222454 740204
396604 637796 592547 777150 604706 606093 547257 440321 236779 620479 718224 420126 555202 770047 535243 497380 426764 343806 496604 684807 855229 876726 983140 70955 521838 482365 724053 630559 508296 316275 999999999 461094 707995 724559 654606 1052844 807457 793847 569921 488114 553781 457715 1003244 438718 767566 531358 621310 471007 511971 562319 115573 578173 952137 574867 981471 713247 324350 330783 677909 582072 147447 438117 544401 1009378 839882 121497 433587 118419 776939 465066 993213 520881 498949 926107 805129 771514 833569 737975 656961 706775 301668 356041 433416 429100 605215 335646 192244 322106 828137 723232 389468 602079 479254 4166 127509 791680 529925 369804 411982 727902
344959 380265 162304 542356 519136 144999 400835 413202 514781 656977 639240 102007 491806 598136 212238 122819 243996 343324 451667 225485 404974 536835 630376 417651 69411 348724 561800 194235 96875 386654 461094 999999999 735481 483491 290969 653119 351951 454060 389703 52989 111884 593006 622377 617533 447582 358502 744733 315098 220776 128442 476528 280703 526732 251628 551157 352578 373282 372842 227305 695277 448399 81165 274640 621658 536709 345334 342624 364302 315882 303226 605680 316593 223537 468358 390955 330550 373633 287722 656616 692401 291876 329931 140959 443921 179908 126462 438982 164761 473637 294082 89017 206117 162694 458427 496578 414140 73282 447517 185547 357849
403112 1108582 697911 407838 231943 801155 1092756 331282 482256 89228 168118 634567 245737 309979 562540 856064 923253 430177 284716 816559 861889 609578 685627 644953 791881 387943 295168 903881 832293 944944 707995 735481 999999999 414142 597433 828847 982202 580844 374713 788197 712908 256714 754726 293388 541457 390989 153440 997925 537288 700179 597721 1011509 833927 550148 866824 598707 422465 947409 906234 155048 560588 796601 496498 773532 1271870 654599 995987 748062 906655 986596 763482 1021967 527506 951231 728289 1006029 968390 797957 80490 68632 870938 938326 594604 313583 901582 711861 873908 622158 617621 730672 757764 937731 583197 710371 593809 1137142 739448 351070 869202 617146
332149 852944 370238 59611 213311 480058 884265 313510 592753 384853 251454 410329 244040 136032 271416 600274 723041 385260 276983 462485 460279 206651 302218 654297 512273 243307 124072 591185 566254 825387 724559 483491 414142 999999999 229336 428855 614720 166704 155885 526248 407382 470587 357468 521988 127548 193290 518877 796777 268745 388978 655487 753737 419803 232807 452793 203446 413488 818195 572676 483368 609271 563332 215359 373661 974201 617484 817764 696598 534446 784789 361319 799970 271932 546912 321692 657043 589607 420088 344615 346964 731450 787361 368605 346271 600433 533072 817244 464898 203959 347854 548235 646727 327743 724648 665028 815372 449287 410503 663355 218527
333148 636430 147778 280659 366757 254215 683717 363182 599665 543035 454507 253803 367923 363462 119398 393778 534308 372500 363093 233731 273864 247030 345367 591566 301109 263929 341110 364770 357399 669423 654606 290969 597433 229336 999999999 398240 391228 163225 228419 322800 192923 562798 351489 606317 158633 228608 665214 603164 145284 173480 620213 539198 309823 83670 342412 63320 409927 657840 343497 620686 578035 371527 134868 355892 746695 534415 633435 591865 312601 591520 339632 597305 160068 363972 164714 428717 372260 201006 518772 537022 573160 618304 226067 404099 376676 378627 695328 341315 186052 133607 372081 424636 177799 653386 635592 586195 238655 448707 476415 74171
708302 908107 491046 421730 642118 548035 995109 716163 981320 811257 660741 644752 669838 519702 517609 720372 876659 755099 693253 471641 309004 222481 150909 989439 632486 623970 535372 626316 684286 1039216 1052844 653119 828847 428855 398240 999999999 519422 280197 552361 665220 541257 894585 74374 944698 317851 575445 945912 933014 541949 525038 1014675 827450 149717 478994 148822 340854 790652 1024479 574746 911870 971160 724651 517742 55509 942715 932572 975332 987122 458262 922767 67765 910600 555840 333615 262197 594869 469432 391712 767040 760216 944965 978714 622332 754488 652322 762681 1083928 737340 239883 360675 741733 699810 574857 1051625 1028990 769497 583530 811967 825735 325216
647958 411742 291089 658587 750276 213565 523868 703121 860665 919719 845306 428281 742371 750696 426829 323065 461813 664310 722559 167037 213259 536528 582120 768471 286468 612743 731571 184573 302748 651571 807457 351951 982202 614720 391228 519422 999999999 487734 607555 319368 295293 901816 531142 935644 510167 595202 1031327 490413 456615 300188 828473 353749 370155 432545 373350 412467 699479 631586 130370 983698 799592 371745 488296 518420 423474 695472 544142 701736 80730 483533 507148 450742 469870 201040 327013 78406 52123 195043 902207 924731 575895 579074 445772 741256 214383 472907 748217 513866 477291 267479 418178 242032 429091 804473 848488 250078 295062 764160 433967 399962
430855 788169 304146 186976 372627 401290 843449 435984 703691 548831 417358 412547 394747 290229 268939 553418 696957 479492 414095 357618 307710 85381 189734 727163 460099 344809 288790 507290 516556 831557 793847 454060 580844 166704 163225 280197 487734 999999999 272306 484090 352722 616810 216830 666203 40254 295607 681721 764896 285436 333362 744734 693282 253145 225055 286273 102074 513964 820393 474868 643886 700025 534382 249573 228123 880603 676821 796295 742278 407472 753354 213334 756764 296772 389686 168263 542377 454312 296033 510607 513610 735276 781388 380067 474316 523858 538975 851324 493306 40707 226522 535096 573198 331706 793104 757745 712562 398958 531995 639366 101625
176268 769875 324690 207279 142966 430910 780967 164970 440625 315153 251911 298746 139541 220884 192322 512330 613377 229382 143522 441876 501053 339578 443672 499389 435281 87675 178703 537569 482896 692830 569921 389703 374713 155885 228419 552361 607555 272306 999999999 439426 344811 347618 486641 395599 234751 40282 437106 689077 172222 330243 499654 670152 508156 175538 542181 245611 257994 687957 534553 393307 453459 463114 124259 499515 915174 465656 702218 548170 532587 677100 485151 700700 166683 591316 378449 632405 595019 425912 294652 319249 602076 662541 254987 202267 539095 409394 671762 330788 312890 361652 436951 579746 227329 570140 509403 770560 377122 262184 554357 265399
397747 330874 182194 584450 570738 128887 361444 466164 559134 709919 689944 154980 544199 644479 256850 74182 215001 394900 504553 214087 399496 564722 653967 450279 36493 401087 609323 149218 44147 376594 488114 52989 788197 526248 322800 665220 319368 484090 439426 999999999 131788 644826 639911 668396 481240 409319 797464 280825 268688 150938 513434 231004 532235 293443 554233 382016 424013 360604 190385 747997 488176 61455 321721 637484 483825 376941 314882 384262 293873 269330 621817 275516 272775 454657 403964 289282 346848 285408 709202 744594 285662 313634 193593 496687 130997 154114 445240 210100 500239 304627 99436 153592 212120 485151 533853 362385 85604 499070 160870 384934
354096 446342 51158 463779 485097 89191 491105 412843 570880 642220 595931 140310 467561 532934 152496 201015 346369 369023 438855 138697 301910 432952 522738 502898 108191 328995 501880 192768 164492 498219 553781 111884 712908 407382 192923 541257 295293 352722 344811 131788 999999999 608556 511543 640952 351518 322415 745202 412486 175632 19455 552734 347907 415850 178449 441128 250688 404345 484003 195089 696619 518792 186267 220716 510323 572973 433837 446210 465891 239373 401045 494414 404566 185801 373349 279078 299012 303034 184308 632486 662078 403710 439852 150984 449500 196076 229379 548478 235956 368457 182526 200728 240245 136120 551530 571640 425844 46274 469199 290628 253173
254500 936693 612025 496704 263658 696139 897370 201839 226440 176177 323546 493182 226572 434580 480918 701668 733436 250023 204108 736838 835217 675143 772767 399106 659166 299827 396107 782333 686476 720513 457715 593006 256714 470587 562798 894585 901816 616810 347618 644826 608556 999999999 825621 52388 577663 335721 170608 803877 449186 601874 344580 846218 855557 489622 889563 590866 224061 726260 800509 126116 310956 635407 431609 840356 1118733 421382 791727 512355 836692 793508 826860 836716 434667 924542 722168 906093 901546 743793 225192 273125 657987 725887 463462 161757 772015 532184 633553 446127 657500 689444 588132 798274 473002 460425 339005 1007109 620587 146156 686288 610650
647651 902956 460468 348002 570729 529995 981672 651321 920520 738286 586610 603584 599983 445413 469447 699915 854070 695958 625761 459903 317919 150880 79746 938185 609156 561520 461683 617598 663105 1008853 1003244 622377 754726 357468 351489 74374 531142 216830 486641 639911 511543 825621 999999999 876198 252134 511958 873001 914312 491301 494058 959422 817548 168656 428505 182134 290498 730680 995216 570001 839616 915157 697435 462193 21461 953422 884170 953648 943352 462775 903605 24549 895898 504346 360818 238208 603141 483842 380916 693511 686096 913465 951381 577548 688867 641543 725377 1045096 692804 178159 337637 709717 690342 529273 1002242 972967 779681 555839 747918 800710 277319
288103 949997 647654 548882 315973 727312 903540 243253 202389 219269 373581 519783 278157 486795 519363 721781 742810 275083 252323 772088 877288 725932 824206 385259 685033 342422 448480 809302 708927 716270 438718 617533 293388 521988 606317 944698 935644 666203 395599 668396 640952 52388 876198 999999999 627328 381244 182839 811189 487268 635480 323520 862037 902585 530977 936546 636924 244384 723517 830518 147454 295183 654541 473511 890675 1136100 416248 795462 504169 872685 801234 877023 846680 472310 966103 767304 936393 937587 782901 271090 317397 659496 726946 493067 202367 797343 547547 621089 464473 706910 730790 605585 821097 506675 441755 315132 1030579 649956 171992 698409 656650
397465 793166 305278 153430 332382 407761 842327 399223 669617 508639 378838 397786 354908 254869 251987 552410 691508 447190 375506 371723 339077 109802 216615 699959 459681 310121 250687 516258 516008 818943 767566 447582 541457 127548 158633 317851 510167 40254 234751 481240 351518 577663 252134 627328 999999999 260082 641473 761211 264655 332067 714522 696732 292872 207509 326154 105508 480864 808662 487788 603654 669398 528586 223844 264765 893911 652060 790145 720598 429485 749508 250471 755935 274577 423346 199161 560983 479508 316057 470713 474464 722812 771430 362665 437013 530819 524790 832518 473679 80292 244463 525385 579619 315043 766985 726944 728131 397287 495789 633078 112408
140772 738641 307482 246447 163207 410273 745734 141812 410120 324546 280739 264455 147324 260266 171576 481320 577402 193178 134491 428400 502391 367691 473204 461026 407587 51272 217284 514415 453175 653279 531358 358502 390989 193290 228608 575445 595202 295607 40282 409319 322415 335721 511958 381244 260082 999999999 439725 653254 146963 309265 463808 639193 521851 163750 555739 255697 223823 648668 515246 393902 417766 429747 106906 523728 888627 425949 665011 508007 522466 641309 508901 666426 138675 592384 386454 615453 585988 419625 310500 339876 562980 623978 220931 181689 514060 371622 631487 291604 335605 359128 401418 553033 197803 531490 474271 747824 351517 236535 518707 275410
399797 1100032 740522 526101 309629 834287 1065723 333673 385220 134736 299242 643026 297691 438424 604513 858613 900287 408166 308809 864362 938142 723595 809234 566192 808020 418634 413113 928097 840383 891063 621310 744733 153440 518877 665214 945912 1031327 681721 437106 797464 745202 170608 873001 182839 641473 439725 999999999 971781 574914 735773 506278 1007391 932573 603181 966324 679774 387655 896869 940063 49488 476656 794006 545388 890431 1277352 591677 961208 682054 960852 961205 878900 1002940 562169 1028405 812717 1044115 1024871 859350 183373 208646 828190 896132 608655 300825 920763 695387 801683 607314 720995 797783 748929 950838 609508 624292 497941 1157543 763505 308685 851371 699289
595206 169794 462357 856032 803643 385205 94836 666864 645654 912029 928677 391115 767550 905497 525564 214646 75966 569938 717183 462868 643555 845407 932993 474076 307134 630594 866412 319303 251710 190262 471007 315098 997925 796777 603164 933014 490413 764896 689077 280825 412486 803877 914312 811189 761211 653254 971781 999999999 529596 431723 552564 145931 792040 566302 809324 662825 585090 168655 377904 923582 550462 234113 583907 910121 371378 412918 56711 354452 506960 12019 894907 54396 529163 675426 676262 422849 536438 542233 924117 966182 169533 122468 434776 685977 289494 287332 323858 376362 780729 576678 252155 250246 470168 466912 572367 361321 366217 663599 134766 665650
201587 599561 165619 328340 310022 264020 618845 248033 458219 467585 424089 141702 292095 377602 32312 342338 455167 233498 266428 289892 395342 370274 475023 447587 263114 156306 341048 367455 311657 560782 511971 220776 537288 268745 145284 541949 456615 285436 172222 268688 175632 449186 491301 487268 264655 146963 574914 529596 999999999 163240 474931 499690 453618 62992 485582 201424 271286 552303 369506 527117 432879 297922 54342 497495 743093 393045 549121 456876 388268 517581 481361 536113 15771 482081 306582 471271 452966 295758 456857 486829 465618 519514 101165 287460 367534 266386 567899 209035 317429 248202 279636 407580 59428 510947 490377 600861 205177 320397 395472 216772
347795 465276 33997 445103 471367 101014 510547 404509 571513 630745 580705 144888 455276 515355 138169 220464 365239 365381 428411 138786 292951 413795 504142 509804 127629 318276 484900 208104 183945 515095 562319 128442 700179 388978 173480 525038 300188 333362 330243 150938 19455 601874 494058 635480 332067 309265 735773 431723 163240 999999999 557479 367017 401803 161436 427815 231312 401328 501190 206268 687428 522447 204517 205985 493217 589648 441761 465038 477069 240224 420255 477246 424016 174431 367266 263057 308595 304628 176186 619703 648392 420206 457571 149865 441889 213031 242098 562453 242305 349413 168035 216711 258045 128928 560179 576081 440441 65596 464139 309156 234003
323438 713018 583984 704075 513273 618275 636043 353545 121290 511409 620219 412748 463395 685106 502505 538391 498045 270633 406616 689946 847114 824300 931074 78673 543308 412799 639427 661829 541648 417627 115573 476528 597721 655487 620213 1014675 828473 744734 499654 513434 552734 344580 959422 323520 714522 463808 506278 552564 474931 557479 999999999 642535 927084 537175 958252 674133 242625 429442 702593 467858 46281 473096 497415 967759 912880 145017 522341 203945 787598 545003 951913 598423 460252 924649 779352 802638 848140 732739 550788 600755 384858 446461 414251 335231 639876 360522 304220 317628 781645 706962 420930 645413 454533 118821 20840 846041 537798 271349 471442 690678
612481 99886 391569 810982 799267 293441 171605 683464 719291 930222 919926 378128 770170 874735 486986 157891 153617 599250 726795 357693 526308 768071 846077 566790 241465 627564 840146 201138 188475 331017 578173 280703 1011509 753737 539198 827450 353749 693282 670152 231004 347907 846218 817548 862037 696732 639193 1007391 145931 499690 367017 642535 999999999 681388 521555 694876 592882 622193 309379 255011 958068 631293 215119 552587 810756 275081 497682 202606 459852 381775 142633 796394 98554 503614 546831 580858 281975 402446 437173 933716 971153 285310 258676 420074 709729 176006 314536 455888 400410 702514 484251 258494 127652 442843 574296 663206 220836 304549 700750 171383 591700
640913 759962 368334 433594 622944 409529 850465 662900 909413 800702 669619 534177 640478 537708 424808 582065 739165 682037 651504 329173 159352 241972 235958 892850 497852 564943 540781 480467 546959 908720 952137 526732 833927 419803 309823 149717 370155 253145 508156 532235 415850 855557 168656 902585 292872 521851 932573 792040 453618 401803 927084 681388 999999999 393395 34032 266863 719299 892831 427324 893188 885959 593045 442628 152400 793613 830677 836564 876035 308745 782186 144133 766951 468893 192169 147790 445225 320713 250174 763574 766529 816377 845246 518910 703298 507456 643736 964192 630865 216838 233790 615701 553987 474449 950486 943175 620200 454588 753596 690886 247512
252036 621047 150670 291136 318504 259592 652361 288083 516321 487577 421681 190567 310206 354752 44480 367474 493744 289516 295687 266425 346375 310333 414028 510578 280288 189993 323492 369099 333641 612112 574867 251628 550148 232807 83670 478994 432545 225055 175538 293443 178449 489622 428505 530977 207509 163750 603181 566302 62992 161436 537175 521555 393395 999999999 425840 138440 327092 602367 361029 556886 494698 332232 58359 434540 751084 455686 590458 517776 358867 554371 418397 567594 76998 435162 247497 457229 422252 256563 469947 494466 516164 566715 155407 328785 374373 317569 626374 268282 255593 199889 322160 418577 107539 573815 552329 600120 217808 369217 434317 153877
674132 770673 394721 465204 656702 429509 865000 696700 942076 834302 702086 562585 674459 569198 456390 601388 758506 714842 685518 347243 168839 270919 254889 922886 519283 598634 573230 494746 566913 930797 981471 551157 866824 452793 342412 148822 373350 286273 542181 554233 441128 889563 182134 936546 326154 555739 966324 809324 485582 427815 958252 694876 34032 425840 999999999 300575 752179 914492 439970 927062 917437 615381 475721 163513 795752 859976 855056 903559 317378 799729 158277 782426 500947 184857 179094 450036 322529 269775 796854 799287 839291 866246 548664 737134 522576 669910 989561 659762 249330 260369 639932 568037 504834 979752 974529 623060 478481 787157 711594 281151
375471 688662 202477 246335 373359 302581 741576 396189 646448 552426 446078 316897 382829 339346 178972 451496 595056 418869 387480 267474 263225 184372 282059 648990 358234 298080 324358 410765 414696 732571 713247 352578 598707 203446 63320 340854 412467 102074 245611 382016 250688 590866 290498 636924 105508 255697 679774 662825 201424 231312 674133 592882 266863 138440 300575 999999999 455540 720842 382798 637479 630983 432627 178991 296131 788786 593795 694490 653500 331891 651288 279973 654928 215062 352569 133078 459012 386186 217443 522483 535037 636323 680895 288014 436707 425606 441938 758193 403022 122739 145007 434830 474562 239511 712167 688766 623907 296908 486857 537655 19812
