NAME : synthetic_000797
TYPE : CTSP-D
DIMENSION : 100
GROUPS : 8
RELAXATION_LEVEL : 1
EDGE_WEIGHT_TYPE : EXPLICIT
EDGE_WEIGHT_FORMAT : FULL_MATRIX
EDGE_WEIGHT_SECTION
999999999 322813 422970 364104 346387 403528 569744 632778 354891 101909 423219 590111 620566 429232 381215 677095 207795 715442 233651 427359 528954 119419 293327 318916 290666 239488 397308 442212 349049 694125 260058 109922 422617 413587 446813 393313 351949 430295 317781 149762 706180 661540 161571 321859 279268 497035 429984 193520 154708 187467 579454 173046 124773 216742 416186 366485 436001 383520 234314 474072 524809 639892 659571 637756 608440 123893 142368 572866 367944 400578 462669 560848 508977 395395 494655 520570 412794 364639 554037 465955 307645 317227 590291 274248 567083 528139 286995 641159 349937 179370 438451 588133 533464 540389 493759 329565 401800 504269 49031 413215
322813 999999999 452728 668499 487878 553569 811537 884791 392063 264992 712349 882944 859603 213836 423480 937288 353349 1009700 545844 454398 847377 407289 220041 439224 93769 88548 658488 363925 337446 954647 405020 309205 515399 731114 696215 150143 674725 414517 19578 310789 971177 587114 334552 566700 259008 536552 209795 388837 377373 229134 789432 466252 440349 403192 685480 579480 573201 681710 384010 258020 838924 923986 924450 927629 893286 201257 457146 795772 610538 682988 691602 472902 264550 123204 787285 820283 90129 167349 809010 779332 428267 609153 572295 552603 628546 445121 494250 888057 557140 473744 725364 878002 797345 745912 816528 534912 681064 819686 301795 689627
422970 452728 999999999 722920 764397 824520 974832 1029176 739842 483365 495802 636130 1025213 663341 41757 1065471 616175 748073 599014 814116 703444 366899 607713 133238 359007 446659 800320 775984 709973 1081501 181782 518132 832433 726217 853526 601253 627638 62921 433454 552672 651331 258723 263062 326099 622860 85108 328923 252045 576456 536019 416991 382754 427418 636590 812210 280889 855934 498424 647148 709315 672358 649146 1044717 665970 625099 386391 525600 986048 781789 460398 369220 193231 716996 393447 559367 870310 504102 312718 951977 787568 718588 701484 168779 380922 175879 169898 248700 549743 772140 386857 815453 948775 926003 376613 730586 752184 790438 813296 458382 803519
364104 668499 722920 999999999 354550 354154 283266 318065 475737 403878 405966 499762 327891 702755 684097 346038 362724 592880 131975 512556 333927 360257 546002 592726 652255 580071 144982 616267 518293 361253 541202 362170 436751 99669 190267 691807 158142 750697 667951 372565 664603 980104 478700 458250 506377 776284 794032 472677 303508 461119 669781 341024 298922 312297 130038 527178 383154 357751 350604 736279 362055 563774 323935 544955 537837 483515 222166 318052 184934 414015 559349 893377 782507 756241 435495 156658 754792 728731 248194 119117 377648 71454 888397 379156 818333 861914 495807 652167 253901 337677 97772 228714 216216 648010 241809 257374 97710 162173 369705 110055
346387 487878 764397 354550 999999999 66288 348869 426089 140271 285107 672028 809704 390995 420850 722917 483528 151722 919773 320848 158966 673518 442955 284672 665302 523072 411975 249408 280864 199848 500118 606427 246442 89952 453212 258726 436987 472946 763233 497530 214431 959721 988171 507225 634491 238732 841510 678809 538721 192603 265726 890453 473513 405460 129755 282152 691981 92607 622368 118849 439721 692467 870684 477107 858231 841002 391973 309707 319733 189331 663535 770419 879864 489654 606668 726480 451755 551386 618497 360557 467239 59813 285383 928580 565789 913417 847318 622167 919698 110243 476309 346133 476435 362042 856346 591470 99030 298367 508916 306394 298485
403528 553569 824520 354154 66288 999999999 298448 375513 190603 348682 701945 830966 336897 477192 782893 433747 216457 936163 345156 185763 683519 493212 347300 721745 589336 478214 229362 322736 253691 449786 662709 308126 90565 453795 224934 497506 487731 825378 563474 278176 985978 1051624 565062 678389 301842 900318 745096 593649 248830 332010 931130 518777 450942 187943 260720 738431 34796 651681 183206 492373 706290 893232 429740 878849 864372 456288 349928 263244 173108 696432 811361 944023 542376 672750 751827 429794 615582 684717 315957 459058 125340 290175 989820 606643 970070 911407 672208 952032 100874 520875 327476 443887 322643 898657 595573 103779 282843 498880 366184 279960
569744 811537 974832 283266 348869 298448 999999999 77292 486966 562991 687065 762414 50838 769506 934050 135314 458643 837691 381439 481728 577884 608594 627739 850798 825250 726987 174617 621119 548392 151526 794978 515684 383201 348947 122941 782278 437559 993114 817367 503487 930778 1225473 715894 737073 581593 1036858 979491 723355 443353 582511 952840 604559 549455 408433 164946 805570 303085 639839 429504 788295 615279 826091 132581 803658 803192 666275 449305 57518 205065 696787 842523 1129017 838280 921163 709676 228783 885211 914920 44136 312951 404174 277624 1143303 657633 1087605 1096480 765522 928847 256005 602806 188681 191888 77780 931262 475718 277669 192007 334375 553281 178360
632778 884791 1029176 318065 426089 375513 77292 999999999 564253 632696 710399 769512 49541 846608 988958 58441 532769 834601 430830 558106 579764 662293 704040 902446 895387 799440 235619 698062 625668 74283 848043 585375 459449 365555 189815 858732 462775 1050607 890059 575361 938265 1282596 773590 776313 657948 1087918 1048634 777133 513226 656127 979652 652833 601883 481674 218061 845243 379139 665379 504353 865576 620178 832189 60929 807964 811417 734031 505926 121133 275059 723617 873400 1188807 915559 992682 725324 223648 959765 983708 78744 319230 481085 327708 1196907 697207 1134308 1156476 811453 944849 331494 650380 220328 162581 103535 960989 477893 352776 238802 331209 619642 225660
354891 392063 739842 475737 140271 190603 486966 564253 999999999 264027 741118 892488 527066 287349 700005 622112 154268 1009411 413755 74519 775776 469689 172941 660192 446987 331177 386095 142746 63841 638483 603771 245126 126624 570855 398771 312655 572894 727235 405423 205204 1031468 940186 501722 672023 133774 822057 596724 544064 229477 204624 931104 513474 448755 180425 418837 720747 197589 693839 142341 301863 788970 950393 616517 941492 919613 353473 373813 453808 326029 726676 812470 827682 351878 515067 803269 586836 441242 542371 500433 592786 98502 404409 895306 613459 902424 796160 641843 979520 248289 518047 480615 615571 502310 893277 702580 233311 432000 635417 306705 433639
101909 264992 483365 403878 285107 348682 562991 632696 264027 999999999 523115 688319 612845 334331 442438 682378 133941 812754 284644 338210 614690 221162 192297 396514 262713 176448 400385 341161 250558 699727 339779 47335 349084 470899 442889 305159 426042 478737 265686 70676 807623 703111 237718 422738 177541 563263 416517 280899 119643 85961 679110 274632 221553 165153 425284 464418 377689 481844 166287 377534 614665 739546 667730 736384 708093 108384 200543 555822 358142 501512 563305 595393 415274 361804 593434 555316 350954 352135 555010 516407 235766 344266 645056 376060 640678 562754 382204 743052 318997 280783 461487 614183 539993 639338 568865 296727 418345 557523 55256 427622
423219 712349 495802 405966 672028 701945 687065 710399 741118 523115 999999999 170609 728589 851267 472239 724287 587968 297388 357453 803819 215534 311115 715394 375084 645760 643623 543623 853279 753763 736358 359646 514152 761850 345381 593973 810920 249514 549436 700895 550253 290363 737964 384690 173788 696396 508302 727844 335979 511710 608993 270615 252312 302195 564317 534772 216929 736151 50463 599716 896773 178869 216690 699728 216242 185246 519929 368278 724012 564652 35581 178664 689006 929899 739240 75154 497050 799316 675257 648870 398157 662475 436726 626214 159858 510022 664967 259564 251235 607363 245337 498403 576582 614949 257786 274114 598914 502943 403183 467875 515741
590111 882944 636130 499762 809704 830966 762414 769512 892488 688319 170609 999999999 796959 1019195 618657 770754 742079 126782 488869 950951 192786 480735 880043 527088 815522 813922 644583 1011512 910638 779820 520546 675561 899401 414945 688850 980256 346349 694300 871410 709878 168787 860434 554077 332764 858446 632466 891997 503984 665123 773744 301339 421545 466796 712751 628490 357450 863901 206614 750151 1064182 149760 64093 745867 49007 42965 690104 519354 807500 677413 200970 273454 826614 1098416 907592 96058 546072 969776 841602 720321 451288 807859 547755 745543 330374 613379 805742 418391 197485 732004 414390 578695 617222 685610 313785 292303 727262 596132 439587 633134 607282
620566 859603 1025213 327891 390995 336897 50838 49541 527066 612845 728589 796959 999999999 811756 984492 104041 506355 867215 430626 516798 609563 658786 672531 900764 874844 775592 225234 658159 589385 117566 845147 565573 418091 386744 173775 826616 479310 1043811 865790 552557 965682 1276160 766572 784118 626325 1086772 1029359 773603 493247 630475 995939 653772 599415 456867 214146 852789 337688 682152 476601 828910 648532 860231 110256 836903 838320 716568 499791 75618 255321 739664 886996 1179838 878927 970166 748047 254812 932189 964901 79925 345720 447739 326708 1193614 704704 1136699 1147305 814324 967601 302874 651867 231254 203213 113663 975398 507268 324888 239790 362508 603846 226164
429232 213836 663341 702755 420850 477192 769506 846608 287349 334331 851267 1019195 811756 999999999 631802 903664 341058 1144670 602908 322368 947951 541045 156789 634555 305742 227803 647693 191044 223668 920421 591950 358714 410019 785009 671060 64121 754736 627712 233400 335719 1128684 797116 504791 729101 197805 747888 409107 559221 401696 253277 970915 599116 553508 393674 679180 755140 484722 812672 358888 47899 948926 1067833 896074 1066624 1036428 339632 528888 739651 590326 826743 864015 683569 81464 316260 923546 837709 204619 378064 778689 821389 365848 633789 786087 697126 839127 656881 668424 1055049 519214 605989 733383 879404 776150 928256 896398 500064 684917 864234 388403 689794
381215 423480 41757 684097 722917 782893 934050 988958 700005 442438 472239 618657 984492 631802 999999999 1025790 574984 733790 559222 774370 676228 326714 570646 100339 329805 411988 759485 739164 671271 1041902 143156 476740 791431 689945 812558 570501 592534 77311 404493 511523 644342 296159 221395 299940 584479 122327 316351 212089 534752 496620 416686 344902 387526 594976 771744 261282 814374 471402 605825 678292 646769 635476 1005215 650766 610213 346760 484751 944809 740420 436670 357510 221144 688021 373215 538401 832596 479834 292485 911588 751169 677424 661341 210178 349428 208853 194285 218710 544639 730405 349311 775999 910628 885895 374779 699178 710434 750310 777826 416795 763332
677095 937288 1065471 346038 483528 433747 135314 58441 622112 682378 724287 770754 104041 903664 1025790 999999999 586514 827736 466577 616541 578752 699304 759904 936935 944996 851260 282469 756374 683267 17372 883808 635169 517889 379412 241073 914736 480779 1089385 942012 627016 938875 1320714 813221 801772 713904 1121475 1097194 813701 563393 709206 994754 685802 638281 534734 260952 870705 437580 681269 558828 923189 621000 832286 24922 806850 813245 781853 546101 178548 326750 740036 892040 1229241 973149 1043447 733324 228141 1013520 1032023 128303 327057 537908 365619 1232292 723370 1164323 1197125 841843 951877 386937 682839 250394 153602 143708 978388 478565 407817 277193 331506 666633 264891
207795 353349 616175 362724 151722 216457 458643 532769 154268 133941 587968 742079 506355 341058 574984 586514 999999999 861043 275396 222788 635710 318033 185078 523331 376968 270846 313942 271744 169885 603807 465181 99734 217094 449129 346074 336781 434266 612664 360152 63571 878184 836617 363941 519175 143755 694976 533208 400888 76967 124262 778285 359737 294563 53700 343823 569978 244300 541289 33349 373564 645156 798907 575091 791063 767928 240253 222796 442722 261012 572796 659236 728144 420087 466571 651496 497314 427052 471262 458336 481749 102460 293015 778796 459322 770031 695603 493471 825270 203801 364146 394052 542979 449585 741079 570704 181564 346182 524755 162482 352184
715442 1009700 748073 592880 919773 936163 837691 834601 1009411 812754 297388 126782 867215 1144670 733790 827736 861043 999999999 599994 1065340 261573 607220 1003936 645701 941773 940599 737223 1131802 1030430 834615 643081 798280 1008776 500018 777149 1106462 448460 807982 998105 831650 156025 960285 680241 456138 981048 736215 1015089 629593 784140 897832 375371 547946 591524 829062 717563 474411 968100 332140 867238 1189365 231006 99245 803297 84218 123766 816740 638418 886797 775759 327283 379337 935348 1224173 1033013 222726 612463 1096430 965961 794217 525239 922022 647973 844969 457107 706491 916379 540806 241444 835883 540743 661823 675375 759933 399141 362576 833163 685788 504709 757692 695728
233651 545844 599014 131975 320848 345156 381439 430830 413755 284644 357453 488869 430626 602908 559222 466577 275396 599994 999999999 465936 362226 232795 447484 471616 523561 458177 211197 545143 443486 482742 417509 248005 410538 186257 265816 584073 159561 623367 543784 267189 641033 854262 348824 362214 413090 657176 662988 347134 203384 352355 599342 223154 171704 234486 216545 429249 379096 307045 274057 640664 375720 550073 446189 537384 520626 355148 91293 402300 214655 354320 481990 764646 684117 628041 407020 288495 633916 597831 354683 233858 322784 103922 766296 283736 706169 732878 384256 608341 249962 221376 217318 359904 327388 571257 295786 241707 192160 273843 244244 205513
427359 454398 814116 512556 158966 185763 481728 558106 74519 338210 803819 950951 516798 322368 774370 616541 222788 1065340 465936 999999999 825310 540534 234636 734558 515156 399556 406336 143840 116976 632109 677989 317437 98725 610528 409153 358658 622959 800787 469029 277645 1094000 1011978 575926 741962 201217 896465 661932 617685 294740 278441 1001067 582285 516448 239514 438858 792225 179140 755645 205007 326511 841400 1010102 613909 999871 979654 427725 435541 441542 346741 791050 881951 899028 375343 577555 863674 608903 495477 609733 501379 626122 143319 442533 968880 681193 976943 867741 714316 1045377 267646 586536 503927 628417 508351 963826 746897 257964 456657 667868 379628 456126
528954 847377 703444 333927 673518 683519 577884 579764 775776 614690 215534 192786 609563 947951 676228 578752 635710 261573 362226 825310 999999999 444241 797433 576493 796514 767592 477128 906813 804977 587480 550269 590041 760707 238874 515834 919205 202887 753393 839594 617803 360176 950978 548086 377352 767822 721978 901710 509440 560828 694873 459123 388514 407193 596685 456492 429798 714246 205031 636187 989318 45458 253546 553910 228360 235653 646292 420633 625930 518401 248435 389151 896211 1029271 897445 180686 356156 937333 843328 534822 264934 683103 393383 840350 332787 725505 870457 457924 383243 582663 381076 400254 425150 500301 457762 102316 582183 424940 248648 562570 434580
119419 407289 366899 360257 442955 493212 608594 662293 469689 221162 311115 480735 658786 541045 326714 699304 318033 607220 232795 540534 444241 999999999 411310 242862 352274 333827 434420 561570 467580 715516 186387 225505 525556 380750 488171 499805 296368 390802 397877 265206 589084 621467 120816 203130 398650 428899 465690 114898 252562 306193 461733 59419 61380 315173 445401 252037 527322 275998 340312 587086 432632 527189 678984 527250 495851 209850 160787 622359 420397 285710 344005 533126 619095 453730 384686 512894 496373 404093 585098 439869 412533 334634 534942 156577 486219 501725 179264 521994 422938 66788 449998 588603 559185 423589 428471 405542 423601 472212 168062 436645
293327 220041 607713 546002 284672 347300 627739 704040 172941 192297 715394 880043 672531 156789 570646 759904 185078 1003936 447484 234636 797433 411310 999999999 550122 283297 169609 495782 168626 117694 776958 499353 207777 298312 628536 522922 154914 601367 585471 234400 180789 999506 785912 401820 609621 46211 692374 427385 452760 245273 106411 861913 466371 413570 238290 526617 645310 362233 673763 205423 193223 800902 931758 750593 928265 900309 234387 376888 603254 439993 693704 748922 671917 237204 343244 785434 682370 269852 376455 633026 664602 225707 477231 752386 567360 778713 641512 560088 932911 373009 472680 578783 726564 627806 820783 742146 352517 530642 707445 247520 536135
318916 439224 133238 592726 665302 721745 850798 902446 660192 396514 375084 527088 900764 634555 100339 936935 523331 645701 471616 734558 576493 242862 550122 999999999 349743 407282 676973 717574 639731 952725 59054 423597 740087 593235 730893 577217 494404 177047 421871 461384 567839 391767 159458 201619 556186 186109 377821 130093 473289 463196 356809 251730 301353 535636 686870 171533 754598 371942 551902 682259 547827 548728 915716 561865 521964 316388 403606 865220 662837 339527 277620 321473 699013 416282 443365 738332 509126 339263 826038 654628 625005 575044 295674 249145 248326 294443 118614 472597 660511 255361 686569 817277 798990 313227 598952 641743 663726 680084 361025 677007
290666 93769 359007 652255 523072 589336 825250 895387 446987 262713 645760 815522 874844 305742 329805 944996 376968 941773 523561 515156 796514 352274 283297 349743 999999999 115816 662784 441462 399471 962337 320016 310018 563951 704065 705573 242782 636923 321999 74688 323309 893954 504844 261550 491215 314120 442976 156241 313443 382189 257418 703446 408884 394924 420741 686931 497492 612980 619388 409859 350903 783870 852874 930087 858599 822733 168740 432394 815859 620664 614569 609973 390449 358289 104774 720904 807717 160710 96001 817719 756558 465343 599385 482368 486342 534853 361011 414184 807386 577057 416403 719301 871402 802348 659795 775672 554583 678157 794916 283816 688093
239488 88548 446659 580071 411975 478214 726987 799440 331177 176448 643623 813922 775592 227803 411988 851260 270846 940599 458177 399556 767592 333827 169609 407282 115816 999999999 571411 333212 284344 868629 364173 220823 448946 643844 610294 174090 590257 419416 90799 224244 911731 616303 279452 508382 198401 531765 268113 334339 289691 147348 744515 393246 360717 318733 597958 529748 500413 609824 302699 275672 761409 858122 837945 859813 827030 123977 370224 713369 524646 616094 639995 502332 297095 195805 717888 731736 175787 211347 723089 691377 353276 520615 585014 485178 620807 471905 443103 833589 474158 400596 637034 789705 710585 701601 732641 451767 592977 731947 214711 601701
397308 658488 800320 144982 249408 229362 174617 235619 386095 400385 543623 644583 225234 647693 759485 282469 313942 737223 211197 406336 477128 434420 495782 676973 662784 571411 999999999 528617 439508 299765 620785 353327 318461 238838 54635 649736 300634 818590 662193 347731 808779 1050931 541343 572295 451230 863081 814725 549045 282105 432833 800794 432987 375840 260464 32781 639895 253158 494097 290389 674049 506663 708551 267346 689920 682337 499431 274735 191102 60168 547927 686282 955052 722960 761974 578157 202582 737656 749560 156899 232948 289839 110376 968860 493229 915732 922581 594844 792715 139185 431721 98230 231953 139609 775679 381423 152796 54873 271059 384449 50598
442212 363925 775984 616267 280864 322736 621119 698062 142746 341161 853279 1011512 658159 191044 739164 756374 271744 1131802 545143 143840 906813 561570 168626 717574 441462 333212 528617 999999999 101904 772293 665647 340112 241055 709806 539394 239720 704640 752163 381524 303064 1142032 946297 566452 763845 164601 860757 573077 615577 348151 259619 1020027 612403 552836 311214 561382 804593 320965 808280 271452 186339 916885 1066957 752428 1060397 1035744 401217 493483 583331 468493 835199 904464 831883 233742 482799 919467 729579 384481 529641 637842 734072 240833 544816 918209 714151 947326 802424 720893 1082187 390285 617985 623361 757263 641823 979894 838263 375903 574743 776861 393534 576356
349049 337446 709973 518293 199848 253691 548392 625668 63841 250558 753763 910638 589385 223668 671271 683267 169885 1030430 443486 116976 804977 467580 117694 639731 399471 284344 439508 101904 999999999 699791 585283 243147 189265 610337 456145 249537 602920 692670 352063 204707 1043187 899271 484084 670646 87909 793593 545065 530327 246452 176577 928494 516204 454829 210097 472010 714687 261430 708178 170355 239922 814993 966599 676947 959569 935460 325691 392015 516606 380007 736612 811522 785762 289893 460620 819089 637715 381139 493501 560254 636795 149881 446908 860535 617692 876940 754853 632760 985680 304266 521479 531571 670701 560544 889231 737213 287370 482691 679755 300019 485450
694125 954647 1081501 361253 500118 449786 151526 74283 638483 699727 736358 779820 117566 920421 1041902 17372 603807 834615 482742 632109 587480 715516 776958 952725 962337 868629 299765 772293 699791 999999999 899797 652522 533415 392005 258432 931769 493984 1105750 959381 644386 947654 1336967 829736 816104 730939 1137087 1114489 829819 580756 726541 1006927 701444 654434 552063 278040 885007 453050 693803 576059 939711 630129 841009 37496 815282 822421 799122 562756 192814 344110 752633 905006 1245801 989683 1060814 744063 239521 1030825 1049307 145649 338559 554725 382137 1248166 737869 1179349 1213714 857015 962233 404030 698405 266167 162825 160851 991057 487912 424969 293875 341246 683862 281674
260058 405020 181782 541202 606427 662709 794978 848043 603771 339779 359646 520546 845147 591950 143156 883808 465181 643081 417509 677989 550269 186387 499353 59054 320016 364173 620785 665647 585283 899797 999999999 365473 681711 547542 674453 536823 451472 214056 388849 403599 578674 439304 102064 187904 502980 243209 372045 72013 414311 409100 384413 201791 246172 476728 631609 178907 695595 348836 493432 639833 525187 548680 862979 558864 520256 264966 346639 808230 605229 324776 291052 359744 659544 397620 431716 689454 480726 325303 771152 608634 566615 520353 348864 217731 307363 330369 102283 488657 601731 206317 633710 767488 744741 340896 563856 582863 609243 636105 302739 622405
109922 309205 518132 362170 246442 308126 515684 585375 245126 47335 514152 675561 565573 358714 476740 635169 99734 798280 248005 317437 590041 225505 207777 423597 310018 220823 353327 340112 243147 652522 365473 999999999 316675 433653 395565 336283 396165 517267 310947 39925 802112 744023 264215 428550 182885 596076 463810 301758 72332 105589 687224 273061 212786 121488 378574 475715 338482 470361 129228 399315 593128 729178 620650 724144 697820 153492 170176 508955 310811 495236 569372 637672 440175 408674 582005 511646 393454 399349 507728 476686 201727 300398 682176 374608 670413 604939 396900 742665 272946 278381 416213 568889 492930 648814 538240 250813 372394 518398 62934 381397
422617 515399 832433 436751 89952 90565 383201 459449 126624 349084 761850 899401 418091 410019 791431 517889 217094 1008776 410538 98725 760707 525556 298312 740087 563951 448946 318461 241055 189265 533415 681711 316675 999999999 536232 315474 438796 561230 826416 527767 280141 1049670 1046441 580822 720485 256499 911838 716700 616125 273037 310561 977567 559265 491403 210455 350274 776369 80415 712246 188355 419292 780768 960509 515519 947871 930876 450971 398238 342885 260640 753017 857556 935743 468853 637774 816421 519831 567546 659919 403804 545470 115096 369605 993516 653298 987085 903618 704119 1009146 183839 562419 416691 534294 412168 942765 676362 179653 371080 586056 379063 368969
413587 731114 726217 99669 453212 453795 348947 365555 570855 470899 345381 414945 386744 785009 689945 379412 449129 500018 186257 610528 238874 380750 628536 593235 704065 643844 238838 709806 610337 392005 547542 433653 536232 999999999 277138 768974 104210 761310 728376 450206 582634 984930 501511 432481 591355 770301 837132 484597 383318 537023 615536 346842 322601 401396 217625 500479 482579 301859 440688 820899 271041 478933 355040 457885 455033 537107 274071 392612 283678 360649 513179 906558 865739 808837 361315 154650 819632 772874 308113 61463 473497 168001 886294 357407 801687 876322 485399 580857 353565 341692 163793 235843 273529 599055 142985 356700 186104 91907 429329 195737
446813 696215 853526 190267 258726 224934 122941 189815 398771 442889 593973 688850 173775 671060 812558 241073 346074 777149 265816 409153 515834 488171 522922 730893 705573 610294 54635 539394 456145 258432 674453 395565 315474 277138 999999999 677765 348182 870760 701017 386066 854530 1103135 593652 626633 477381 916995 858959 602616 323413 468248 853290 487552 429970 293862 60397 694341 242358 544851 319397 694363 547808 752934 229016 733255 727504 544744 328002 136496 85680 599490 739448 1006195 743896 803035 625729 209856 772805 794115 112808 260861 306858 164334 1022171 547488 970195 973639 649451 841843 152194 486323 118995 219265 105102 828792 417271 171028 92812 294694 431023 81680
393313 150143 601253 691807 436987 497506 782278 858732 312655 305159 810920 980256 826616 64121 570501 914736 336781 1106462 584073 358658 919205 499805 154914 577217 242782 174090 649736 239720 249537 931769 536823 336283 438796 768974 677765 999999999 730809 564499 169721 319559 1083715 733144 453516 681469 200831 685552 345995 508371 388307 231951 918434 558773 518049 390463 680197 703838 509121 774428 359465 108128 917423 1026792 905505 1027016 995510 292958 504674 756546 594547 784890 813995 619524 123031 253258 884271 832921 145600 313953 787936 809131 378995 624943 722186 654346 777123 592772 617191 1007088 527889 565885 730591 879712 782588 875437 873461 507431 682911 851530 356651 688955
351949 674725 627638 158142 472946 487731 437559 462775 572894 426042 249514 346349 479310 754736 592534 480779 434266 448460 159561 622959 202887 296368 601367 494404 636923 590257 300634 704640 602920 493984 451472 396165 561230 104210 348182 730809 999999999 665499 669609 420655 508496 886026 415164 328462 569357 668702 760838 392134 360546 501752 517069 254527 243624 394028 288111 396321 519854 202918 433616 794362 219552 409869 456740 393125 382720 475043 226272 475396 331069 260877 411390 811216 836195 741126 277664 258534 764626 698062 399502 164531 480440 201444 785446 254232 698046 781665 383864 494056 387626 248559 248890 339814 365747 498389 142889 384723 255837 185849 377588 268158
430295 414517 62921 750697 763233 825378 993114 1050607 727235 478737 549436 694300 1043811 627712 77311 1089385 612664 807982 623367 800787 753393 390802 585471 177047 321999 419416 818590 752163 692670 1105750 214056 517267 826416 761310 870760 564499 665499 999999999 394973 549214 713628 232376 277261 377251 604840 128532 272655 278425 580116 522621 479911 414773 452162 637964 832687 337372 855584 548635 644715 672515 724074 709295 1069412 725400 684669 375752 544750 1000847 795758 513877 429940 145802 676638 343567 615148 901390 458068 263941 972623 822271 714323 723906 168093 425547 220853 117517 295644 612334 779918 419687 840677 978447 948135 439474 774959 759184 812723 850131 460558 825485
317781 19578 433454 667951 497530 563474 817367 890059 405423 265686 700895 871410 865790 233400 404493 942012 360152 998105 543784 469029 839594 397877 234400 421871 74688 90799 662193 381524 352063 959381 388849 310947 527767 728376 701017 169721 669609 394973 999999999 315006 957306 568215 321016 553028 271882 517181 193526 374919 380377 235970 773207 456503 433092 408963 688642 564228 583938 671205 391419 277583 830198 911595 928741 915737 881015 194782 454311 802873 615356 671084 676505 453937 283645 110034 775936 820707 98646 148735 813820 777561 438140 609854 552756 541048 609239 425983 479402 873283 563852 464019 727028 879729 801384 729639 810918 541525 683317 817536 299548 692179
149762 310789 552672 372565 214431 278176 503487 575361 205204 70676 550253 709878 552557 335719 511523 627016 63571 831650 267189 277645 617803 265206 180789 461384 323309 224244 347731 303064 204707 644386 403599 39925 280141 450206 386066 319559 420655 549214 315006 999999999 839036 773769 301929 468148 150435 631708 479041 340863 69479 88766 726938 311825 250174 97699 375106 515631 307017 505607 95616 373965 622955 764431 613798 758623 733147 178212 197321 492564 300439 532267 608920 665849 416946 417677 617035 517221 390826 415787 498853 489579 165916 307027 715241 413129 707432 633238 436757 781023 253827 316962 418135 570070 486578 688634 561375 231365 372346 531975 102129 380212
706180 971177 651331 664603 959721 985978 930778 938265 1031468 807623 290363 168787 965682 1128684 644342 938875 878184 156025 641033 1094000 360176 589084 999506 567839 893954 911731 808779 1142032 1043187 947654 578674 802112 1049670 582634 854530 1083715 508496 713628 957306 839036 999999999 840576 636649 404533 983196 625446 945454 582405 802035 893515 245799 533135 589339 854487 794136 400180 1019632 338439 890061 1175280 318227 106673 914015 133726 127614 790793 658506 975218 838488 306878 290231 829291 1205155 976261 234190 714771 1053413 903248 888859 620049 952288 708606 726176 432519 582463 814045 480084 104307 888778 526864 746146 785281 854142 279182 460780 882285 761718 608056 752737 773224
661540 587114 258723 980104 988171 1051624 1225473 1282596 940186 703111 737964 860434 1276160 797116 296159 1320714 836617 960285 854262 1011978 950978 621467 785912 391767 504844 616303 1050931 946297 899271 1336967 439304 744023 1046441 984930 1103135 733144 886026 232376 568215 773769 840576 999999999 509588 576041 811801 229903 391989 507574 809188 737482 594780 640968 682648 865405 1064785 521392 1080773 747268 869322 837083 916735 861595 1300450 882851 841967 596687 776900 1233040 1027914 703516 586994 114444 829907 483553 794479 1128672 602354 419922 1204737 1046288 936839 955519 115318 636981 258682 144441 504474 736320 1010333 645255 1071398 1206787 1179935 563619 985224 989304 1044425 1071787 689561 1057274
161571 334552 263062 478700 507225 565062 715894 773590 501722 237718 384690 554077 766572 504791 221395 813221 363941 680241 348824 575926 548086 120816 401820 159458 261550 279452 541343 566452 484084 829736 102064 264215 580822 501511 593652 453516 415164 277261 321016 301929 636649 509588 999999999 232148 402876 335520 353734 54963 316233 308412 466202 163338 180779 377888 555584 250469 597392 360805 392798 552581 530607 591613 793687 597053 561338 168733 267664 724572 519765 353106 360592 416127 576467 355091 459768 632651 418153 295607 695485 560684 465777 447606 431459 226091 406492 384186 163754 555119 509244 170262 565785 707396 671379 423732 542868 489485 536185 592876 201813 548804
321859 566700 326099 458250 634491 678389 737073 776313 672023 422738 173788 332764 784118 729101 299940 801772 519175 456138 362214 741962 377352 203130 609621 201619 491215 508382 572295 763845 670646 816104 187904 428550 720485 432481 626633 681469 328462 377251 553028 468148 404533 576041 232148 999999999 600129 349594 559288 178194 449867 506375 259125 161228 229126 510814 573428 68967 713123 172357 539326 776359 346859 363432 778610 371993 334173 389542 328816 762918 575278 138348 140881 519002 803752 578367 244199 585761 649672 509924 705200 492969 610012 462395 468262 79440 370148 493747 86229 325952 596538 158184 556010 666954 674146 222472 410406 582458 545080 511037 370803 558722
279268 259008 622860 506377 238732 301842 581593 657948 133774 177541 696396 858446 626325 197805 584479 713904 143755 981048 413090 201217 767822 398650 46211 556186 314120 198401 451230 164601 87909 730939 502980 182885 256499 591355 477381 200831 569357 604840 271882 150435 983196 811801 402876 600129 999999999 706752 462961 451283 209717 95055 855650 451143 394330 195926 482345 640037 317757 653104 161343 229952 773384 911852 704756 907017 880468 240413 347646 557072 394892 676470 740532 698477 276346 381717 764788 639905 314150 409103 587175 625333 179599 436769 772665 552839 790903 667422 556300 920346 327080 457036 535680 682479 582354 815385 708734 306747 487299 668307 231192 492411
497035 536552 85108 776284 841510 900318 1036858 1087918 822057 563263 508302 632466 1086772 747888 122327 1121475 694976 736215 657176 896465 721978 428899 692374 186109 442976 531765 863081 860757 793593 1137087 243209 596076 911838 770301 916995 685552 668702 128532 517181 631708 625446 229903 335520 349594 706752 999999999 400759 315210 651561 618888 382364 435676 487403 712738 872801 292181 932352 519183 725304 793663 687145 637058 1099937 656966 615931 468988 589561 1051208 848433 474046 359257 204616 800417 471658 564691 918745 584912 391582 1011786 831730 797425 760796 118731 415580 92814 193391 284936 521567 843613 438694 871099 998574 984408 346282 759985 824282 849336 854259 535126 862670
429984 209795 328923 794032 678809 745096 979491 1048634 596724 416517 727844 891997 1029359 409107 316351 1097194 533208 1015089 662988 661932 901710 465690 427385 377821 156241 268113 814725 573077 545065 1114489 372045 463810 716700 837132 858959 345995 760838 272655 193526 479041 945454 391989 353734 559288 462961 400759 999999999 394474 536142 413089 729419 515838 517592 576629 837691 546484 768158 710225 566089 446874 883062 920598 1081567 930875 892293 315666 571969 971371 774555 693870 655247 281341 437957 92858 801480 950549 210437 65521 970572 892556 620696 745549 401213 574757 492029 258972 474293 850253 732868 523012 866452 1017406 953979 686527 894009 710404 827106 928915 431605 837598
193520 388837 252045 472677 538721 593649 723355 777133 544064 280899 335979 503984 773603 559221 212089 813701 400888 629593 347134 617685 509440 114898 452760 130093 313443 334339 549045 615577 530327 829819 72013 301758 616125 484597 602616 508371 392134 278425 374919 340863 582405 507574 54963 178194 451283 315210 394474 999999999 346155 356309 412155 137996 175447 408990 560296 195922 626887 315818 427834 606962 488975 539576 793154 546005 509599 221644 274711 736251 533223 303312 305664 422614 631289 403619 410692 622983 471484 339707 699992 545141 501165 449440 420056 180313 377315 391968 109223 500219 530567 143646 563970 700088 673964 369961 512486 511962 538395 574567 238857 551474
154708 377373 576456 303508 192603 248830 443353 513226 229477 119643 511710 665123 493247 401696 534752 563393 76967 784140 203384 294740 560828 252562 245273 473289 382189 289691 282105 348151 246452 580756 414311 72332 273037 383318 323413 388307 360546 580116 380377 69479 802035 809188 316233 449867 209717 651561 536142 346155 999999999 158235 708428 289014 222222 63062 308269 503881 281348 464707 89950 438046 569162 722066 549226 714109 691121 224680 145830 437094 238516 497297 588793 704648 482454 480085 574695 447799 459114 471661 435742 421028 160337 237558 742762 386722 721577 671858 431125 750837 202794 292847 349256 501496 421593 672319 499105 181057 304006 463599 119658 312312
187467 229134 536019 461119 265726 332010 582511 656127 204624 85961 608993 773744 630475 253277 496620 709206 124262 897832 352355 278441 694873 306193 106411 463196 257418 147348 432833 259619 176577 726541 409100 105589 310561 537023 468248 231951 501752 522621 235970 88766 893515 737482 308412 506375 95055 618888 413089 356309 158235 999999999 761046 360440 307174 174500 461212 545191 355675 567401 155520 294629 696806 825347 697034 821921 793898 149948 275684 566932 382688 587471 646463 625908 334717 343112 679056 605850 304908 353051 580909 577720 207991 395791 690686 461711 701064 593997 461276 828173 328059 366652 506155 657674 570563 720606 643798 305799 459870 619955 141134 467304
579454 789432 416991 669781 890453 931130 952840 979652 931104 679110 270615 301339 995939 970915 416686 994754 778285 375371 599342 1001067 459123 461733 861913 356809 703446 744515 800794 1020027 928494 1006927 384413 687224 977567 615536 853290 918434 517069 479911 773207 726938 245799 594780 466202 259125 855650 382364 729419 412155 708428 761046 999999999 419415 486644 768772 795747 216805 965924 314273 798096 1018737 414573 281339 970238 307645 269982 633662 581663 986593 813599 256290 120036 586936 1041456 773031 278650 767663 863916 695363 916029 668768 868268 691022 480474 324793 336751 573665 303056 141593 844389 415708 764823 847133 882568 43675 537434 832185 764788 672750 628485 778023
173046 466252 382754 341024 473513 518777 604559 652833 513474 274632 252312 421545 653772 599116 344902 685802 359737 547946 223154 582285 388514 59419 466371 251730 408884 393246 432987 612403 516204 701444 201791 273061 559265 346842 487552 558773 254527 414773 456503 311825 533135 640968 163338 161228 451143 435676 515838 137996 289014 360440 419415 999999999 68069 349638 439695 219733 553411 216581 378722 644849 375024 468734 664334 468257 437344 269269 171443 623650 427181 227984 299843 559784 677594 509009 325523 487707 555088 455864 577464 407604 448956 327065 547402 101768 483061 529481 162190 469795 440437 7534 435424 566022 549300 383631 379535 425089 414822 436590 220034 428296
124773 440349 427418 298922 405460 450942 549455 601883 448755 221553 302195 466796 599415 553508 387526 638281 294563 591524 171704 516448 407193 61380 413570 301353 394924 360717 375840 552836 454829 654434 246172 212786 491403 322601 429970 518049 243624 452162 433092 250174 589339 682648 180779 229126 394330 487403 517592 175447 222222 307174 486644 68069 999999999 282128 385599 287491 485539 260291 312139 597895 400967 518251 617832 514831 486811 239146 106064 565045 365164 282462 366813 594457 633534 498521 371898 451990 530399 454514 525011 380841 381656 274183 595032 164790 541192 563005 225328 531414 374141 71024 388753 527359 498622 451369 380770 358221 363091 414404 166342 376236
216742 403192 636590 312297 129755 187943 408433 481674 180425 165153 564317 712751 456867 393674 594976 534734 53700 829062 234486 239514 596685 315173 238290 535636 420741 318733 260464 311214 210097 552063 476728 121488 210455 401396 293862 390463 394028 637964 408963 97699 854487 865405 377888 510814 195926 712738 576629 408990 63062 174500 768772 349638 282128 999999999 290179 565964 219614 516153 39769 424947 608850 771261 522786 761736 740664 273504 196047 395428 208436 551962 648911 759146 472076 513662 624516 444165 478956 513478 406447 431410 99751 241798 801965 445637 783824 726418 493985 806945 156334 353100 340546 489281 396772 733262 527142 133858 292568 474469 178242 298494
416186 685480 812210 130038 282152 260720 164946 218061 418837 425284 534772 628490 214146 679180 771744 260952 343823 717563 216545 438858 456492 445401 526617 686870 686931 597958 32781 561382 472010 278040 631609 378574 350274 217625 60397 680197 288111 832687 688642 375106 794136 1064785 555584 573428 482345 872801 837691 560296 308269 461212 795747 439695 385599 290179 999999999 641668 283389 485934 321207 706019 487860 692570 244094 672986 667109 522049 287943 191041 92950 541142 682929 970757 754816 787087 565531 170063 765702 772352 139953 205781 322432 112682 980339 494038 922707 938442 600577 782003 171915 437885 67056 200224 117279 772131 358812 185528 32421 242346 406376 22051
366485 579480 280889 527178 691981 738431 805570 845243 720747 464418 216929 357450 852789 755140 261282 870705 569978 474411 429249 792225 429798 252037 645310 171533 497492 529748 639895 804593 714687 885007 178907 475715 776369 500479 694341 703838 396321 337372 564228 515631 400180 521392 250469 68967 640037 292181 546484 195922 503881 545191 216805 219733 287491 565964 641668 999999999 773029 227753 592237 802884 395443 377208 847515 390760 350645 417056 390588 830739 641191 182184 112481 473562 826835 576431 278480 654126 658025 503077 773967 560677 664151 530268 410628 148137 304414 450744 86724 310005 659425 218043 624930 735366 743011 175510 471577 644536 613564 577597 415345 627211
