NAME : synthetic_000082
TYPE : CTSP-D
DIMENSION : 100
GROUPS : 8
RELAXATION_LEVEL : 1
EDGE_WEIGHT_TYPE : EXPLICIT
EDGE_WEIGHT_FORMAT : FULL_MATRIX
EDGE_WEIGHT_SECTION
999999999 499652 655820 573614 450570 415890 500326 393059 403194 693572 382635 129299 630027 446970 802171 363353 267930 499729 176106 704282 67978 759531 217557 588365 619412 238716 248403 265733 334328 495225 512771 418355 601163 378409 713364 129098 352674 501854 580727 374162 463505 562149 117527 329235 439630 510997 177664 215478 238161 311032 418943 721851 556854 318306 368763 164946 352841 253001 489363 578599 116450 672750 715768 428213 379544 482772 438965 319927 254269 430959 299424 707001 521401 469684 328446 562288 424005 323739 523192 675043 521313 777827 753277 335214 517179 303873 707216 280403 277651 328468 419162 399030 794429 290786 276163 519386 102160 201351 260166 280067
499652 999999999 207506 77468 462814 844165 674880 492898 157695 310864 562494 610096 383246 794877 743064 790819 423939 586914 359454 538385 439716 264107 367939 265780 235335 738079 286944 734330 247105 630570 340666 498783 428838 826440 696605 608416 408831 684084 85590 869026 243519 120113 406730 513897 355218 91573 654424 298131 718422 769784 594407 641757 197037 353988 467794 567039 195132 438772 144988 150964 608121 222277 747343 254356 442553 555683 264086 659587 352426 888984 781262 247272 97751 305106 620629 149986 720556 814438 345634 620667 644587 698413 310170 639196 989981 413634 207572 355469 652627 739371 523002 809338 761826 565920 636394 635298 567678 581972 702413 779287
655820 207506 999999999 191158 458503 1032213 684657 700328 365007 435526 768934 747489 555838 994633 929750 978074 625972 578457 543926 715329 589650 154714 475523 156051 381767 886737 479117 909214 452067 632742 536979 512699 614993 1009318 891806 776532 449347 695370 193618 1029891 241766 97647 582253 718864 560508 148821 824697 440554 848126 948566 621050 829578 369884 417048 501166 750751 304743 520198 341580 77222 770785 16973 946726 275748 650012 548994 275052 736424 552076 1069709 951220 51842 281536 506612 686661 313063 923666 979129 292415 813819 851738 883421 381730 706143 1165918 475854 168563 436820 845142 928767 730508 1000396 952238 766265 830331 628335 703295 686833 884185 933056
573614 77468 191158 999999999 526686 905489 743575 530042 204557 262692 604648 686160 365924 847275 738630 852817 476505 651563 426500 525131 515037 201930 445190 293077 197176 812306 351185 802112 298450 697619 348032 566615 423840 890533 701393 678994 479806 753088 8445 940442 300368 134692 476663 560435 379437 135839 724120 375109 794917 835915 665219 638420 178832 427315 538452 632172 270807 514841 156902 162533 680112 201926 757712 317346 479762 620348 325269 736133 409046 953826 850488 217303 94406 321311 696263 122271 768973 885056 394818 623083 673876 692381 242769 714969 1056469 487605 136781 430885 712094 800370 557957 868958 761125 619079 694938 700684 644031 659429 767586 852492
450570 462814 458503 526686 999999999 861506 226190 744645 515180 771573 772939 462172 808844 895420 1112904 810750 617152 124979 479830 944200 394401 611664 248844 310110 692956 602359 478100 702221 532193 175066 724438 62681 826751 818700 1041634 572558 101711 236870 534837 760055 229515 415909 468478 712540 691281 392728 617172 325056 523361 749978 169513 1015540 643436 158377 89390 610670 292245 198553 571967 405548 550623 470137 1068963 209400 707167 93861 201681 329973 553023 863037 720449 502391 551770 676140 271908 607683 861631 727311 172949 979797 902410 1075618 769376 289606 931309 147426 603339 191300 725038 778742 777697 848386 1119266 709171 720617 174551 425680 342561 707895 655464
415890 844165 1032213 905489 861506 999999999 863748 455551 703124 924872 377712 415196 794853 154002 762853 54415 437742 892034 488380 783574 480506 1106322 633138 990843 871874 316440 557310 163804 609897 874081 687536 822355 728419 55245 669342 289274 766560 861767 910611 231972 870022 934696 452943 384628 607206 883402 244557 612109 418206 116589 797567 727587 817872 734171 775724 282181 745825 663056 774571 957002 311101 1049016 628181 836739 488879 880541 848580 641213 497502 84349 172158 1080502 827297 667882 678067 848102 231763 202429 937665 678630 449599 763221 1014816 675338 185930 717090 1041560 696205 194815 105149 451749 46713 735130 304246 213681 900913 442236 549335 156004 278706
500326 674880 684657 743575 226190 863748 999999999 864692 699263 976731 873287 450081 992312 934355 1259750 820077 732151 112898 597675 1113797 468556 837823 371758 534828 896395 560661 622185 700205 693704 54327 895322 177198 997474 813168 1179630 593791 267764 11242 751907 707994 453008 639737 565597 815366 847933 612730 627866 468869 462170 747170 89874 1167691 842121 328545 209076 663145 488333 286716 767584 630883 565633 696146 1195171 428482 836347 138134 422976 228398 682777 843199 700371 728089 757065 846126 185681 812988 922558 691885 396177 1126808 1010632 1227225 984713 189700 887826 277636 827866 342315 771171 801655 895461 862776 1259993 789383 772882 71787 430746 316901 724235 610737
393059 492898 700328 530042 744645 455551 864692 999999999 335333 479629 83111 508473 339653 347389 409217 414877 132552 833533 268933 344480 401254 727066 503962 721620 438848 546417 271241 433640 253687 846415 237891 738106 273787 466273 320685 387020 645564 868609 532385 596795 632064 608416 300440 79805 164688 564826 402710 419606 599664 441130 776327 332892 394981 586321 687276 286892 497006 581882 375959 637573 411083 715172 330486 612548 50438 808835 626865 710727 191911 528977 490682 739089 437706 230061 711275 438720 257299 538460 732091 284381 161741 386637 577672 721016 637653 609692 654221 554348 278778 361930 33568 410056 401843 162284 258112 865916 493044 592267 376534 556019
403194 157695 365007 204557 515180 703124 699263 335333 999999999 299247 405104 527122 294569 642874 616746 651060 271950 630527 237016 431121 355808 406477 341803 400027 220576 638314 159165 608022 93971 663415 213990 534206 314269 690650 559649 492746 435680 706786 208875 754128 336024 273815 293189 357823 206147 232933 534899 247528 637955 638857 611516 515989 158325 372305 492069 434959 223691 426482 86414 303559 498454 379939 603941 329513 285055 600538 342956 630809 205657 754617 659063 404651 125481 168883 603769 159409 565695 696840 443482 487881 488737 575112 350159 620266 859152 421993 339014 357350 508961 597988 365752 665636 630417 414532 491379 674434 489099 533015 569502 673269
693572 310864 435526 262692 771573 924872 976731 479629 299247 999999999 562714 820801 169455 826974 533688 878452 495505 894529 519120 312450 652031 359699 636143 555399 80951 921085 445244 863435 359697 935286 241853 803313 251421 925617 523266 765952 708969 985299 256395 1020403 554202 397127 578020 541636 318480 394284 802237 545162 931215 885454 892483 442278 141127 649201 767727 689955 488431 718064 216246 423810 777049 441124 592115 564619 438692 863415 574757 928399 458015 990316 918634 442664 220181 257072 898538 164125 736673 961288 654165 444256 576509 485817 107432 915689 1098903 705032 291429 642000 734042 823839 495081 881471 564586 620633 713802 941996 784742 832249 815501 950345
382635 562494 768934 604648 772939 377712 873287 83111 405104 562714 999999999 485302 420436 264405 438300 340181 159500 852647 293492 409940 404745 803715 526197 778958 521411 502046 316000 373425 317323 859982 320927 759892 351091 392772 344314 349741 671922 876186 607502 534694 681679 674926 310068 60432 247248 629187 356270 451302 566405 374575 787006 376219 476235 616141 708447 248811 545146 597749 453019 703190 376854 784266 335659 658914 128575 829921 673085 702318 233355 453933 429429 809698 513848 312405 709688 518250 174236 477882 777389 326001 138697 423837 660669 717406 561826 632050 731707 581667 212692 289026 74050 331571 423320 106515 193024 881273 476882 583912 314471 504841
129299 610096 747489 686160 462172 415196 450081 508473 527122 820801 485302 999999999 759226 488206 916598 370167 390206 478361 305187 830026 172610 863386 276992 659542 745520 145294 375743 251408 462471 458885 641779 415617 728944 366592 825382 150758 377639 448801 693693 301460 533052 658427 246802 437981 567733 608903 178527 313650 110835 299054 382428 840674 682846 364149 373227 240837 443427 271060 613536 670945 120863 764122 820940 495819 500738 468909 504022 235896 383004 404238 260220 799300 641468 598946 264942 685076 488799 265221 571671 792708 621804 895103 877001 264548 469207 328684 816318 330629 333528 352608 531542 412699 905857 383806 339795 485740 44246 134155 274731 197096
630027 383246 555838 365924 808844 794853 992312 339653 294569 169455 420436 759226 999999999 683029 377748 752613 390706 925077 455665 159545 603020 510753 627756 648262 179436 838545 394954 755963 309668 957602 118656 828752 82646 802822 356800 677371 730137 999516 362599 917899 615131 494231 512862 411642 199250 474774 706662 530041 865926 771044 903823 280857 188597 666598 786141 589198 516630 714085 243719 524395 693816 565050 423876 615437 307858 895030 627922 905101 376848 866465 812827 574378 286580 160592 885065 243813 590710 858479 721831 277133 414071 330396 276866 900187 975440 714679 437514 649997 611987 698806 348213 749592 404683 494882 591222 968948 729179 797369 702901 860186
446970 794877 994633 847275 895420 154002 934355 347389 642874 826974 264405 488206 683029 999999999 612713 151635 371268 945393 461461 651469 501195 1049020 651844 976551 783322 425919 516679 260268 549388 936371 585280 865305 610145 197402 520444 340607 795435 934073 851246 376963 863646 897510 443394 291600 510073 848000 310480 608074 521245 227272 859262 583932 735082 752722 815490 284799 730857 699467 703364 922987 369175 1010906 475901 834010 389717 929431 847124 723809 442953 238052 294878 1039720 761291 574495 751411 772939 92910 336359 944529 536217 306161 615841 923881 752350 332452 748009 979709 714713 170428 139704 334895 113670 583585 228958 176802 961763 503619 618117 216654 400488
802171 743064 929750 738630 1112904 762853 1259750 409217 616746 533688 438300 916598 377748 612713 999999999 742208 537050 1215403 663966 221489 806323 887544 889802 1007499 557165 940091 640042 803351 581013 1235842 405038 1117783 315281 795295 95366 787313 1020352 1264702 736203 958643 952716 860388 704538 479146 422035 833301 794313 795959 1003405 795388 1170124 101389 559874 957289 1069103 686049 832739 973237 598076 891238 813648 939926 143260 944358 426912 1188100 958159 1118536 577358 846852 856826 951008 651902 447889 1115989 616789 531886 905152 1060043 133426 319053 47874 635359 1126779 945124 991873 814906 930856 641715 700522 385062 717633 41692 544785 624169 1252703 902235 1000437 743924 940428
363353 790819 978074 852817 810750 54415 820077 414877 651060 878452 340181 370167 752613 151635 742208 999999999 387982 844562 434350 749303 427296 1053350 580200 936503 823604 283643 503885 121565 558172 828445 643089 772880 688629 53587 647602 238206 714974 818528 858044 226378 815850 880588 398533 341052 561964 829255 195415 557837 383370 79500 751623 700679 768686 681421 725645 227813 691423 612200 723685 902773 261523 994889 611568 782687 445222 832205 794592 600220 445630 114102 145151 1026472 775605 621399 634589 797600 211587 184856 884228 651056 424901 739414 966686 632846 222884 665649 989080 643381 144986 54636 413985 44653 716689 258702 164821 855012 394673 504144 103216 252441
267930 423939 625972 476505 617152 437742 732151 132552 271950 495505 159500 390206 390706 371268 537050 387982 999999999 702523 137991 440974 269792 678413 373383 623827 436566 450371 157879 369062 178202 714270 272983 607812 346070 432445 451179 288282 516964 736057 480722 528962 523184 529695 168378 100317 191461 481586 315959 293375 489078 389961 643858 454214 380768 459398 556709 198716 386561 449861 337685 556470 307193 641964 463020 499719 111651 678392 513854 581525 76023 497258 425123 669817 392775 241336 579919 410565 297741 469515 617984 408003 285356 510792 579657 590162 605077 479394 610180 426020 243174 333617 163651 397680 532276 142595 224067 734072 369742 463614 320000 469726
499729 586914 578457 651563 124979 892034 112898 833533 630527 894529 852647 478361 925077 945393 1215403 844562 702523 999999999 564764 1055556 454837 732611 329615 426180 815366 605853 575692 728775 638283 58618 835595 97827 938214 844696 1140110 609417 196571 124139 659732 760150 354229 540208 542786 792951 796358 517706 649232 419710 514410 776699 103910 1120011 764383 260551 146739 664571 410526 255256 691737 528802 583730 589195 1162294 334221 800042 31244 326659 290354 644752 881762 737534 620262 674422 786723 234992 730446 922543 736148 287239 1081978 986717 1180026 894194 247237 937709 224465 727052 284575 777157 819378 865743 885214 1219162 778417 775838 50056 449957 345896 744269 658204
176106 359454 543926 426500 479830 488380 597675 268933 237016 519120 293492 305187 455665 461461 663966 434350 137991 564764 999999999 540849 150159 623489 235425 515091 446760 403467 77858 375620 159439 577788 339728 469840 432465 467655 582096 255823 379265 602084 432607 517495 404003 446358 59000 233063 271234 395163 298883 158460 414176 410333 508682 575253 384656 322666 418779 208076 269651 313217 321093 469127 261787 560700 598790 376497 238693 540447 390164 462568 87990 529734 424443 592128 360821 295074 453846 395799 404603 460678 491730 532001 423206 633838 583841 465877 630615 341413 563180 288546 302789 384869 300985 456730 662663 243407 289506 597035 273573 348303 343170 436648
704282 538385 715329 525131 944200 783574 1113797 344480 431121 312450 409940 830026 159545 651469 221489 749303 440974 1055556 540849 999999999 690864 666542 742972 804141 337725 886380 495794 777941 420093 1083320 219998 958016 117462 802280 219783 724765 859041 1120117 521966 940937 762876 651943 592346 424266 270519 629871 744973 645159 930043 783388 1024158 132025 346949 795040 912486 627376 654431 829318 395228 682366 746163 724594 293502 759667 334547 1026442 772780 1002873 453933 862412 834888 733728 443271 268844 990143 402886 559474 882808 870365 147495 351103 173637 415433 1003571 969189 837808 594379 773929 620760 698876 337407 736902 252358 506079 600422 1097009 806332 889132 720377 899164
67978 439716 589650 515037 394401 480506 468556 401254 355808 652031 404745 172610 603020 501195 806323 427296 269792 454837 150159 690864 999999999 696909 153237 520389 575425 299673 210106 333158 297576 456942 488575 367906 582515 444760 720965 196380 294253 471456 522424 440396 395617 496851 101804 347173 421390 446023 245184 149142 283139 377913 382813 720807 512764 254781 316983 216398 285818 201231 442150 512447 184383 606545 730336 360468 379485 435183 371370 313890 237120 498330 367390 641020 468874 442739 310142 512951 469336 391033 457261 676005 542367 778532 705078 320475 585157 246984 646852 216604 330769 389531 430452 461260 802069 323952 326265 479378 133303 198312 324502 343936
759531 264107 154714 201930 611664 1106322 837823 727066 406477 359699 803715 863386 510753 1049020 887544 1053350 678413 732611 623489 666542 696909 999999999 601996 310430 332123 996564 550076 998415 500380 786367 525803 664305 583001 1089959 864858 871689 595464 848433 197774 1131402 389286 211755 670533 761227 570443 256778 918087 549969 968754 1033815 771776 791610 346620 556915 649548 830795 423822 656910 351116 210841 870307 146136 927589 420373 677210 702921 421860 877090 610716 1152762 1045033 122218 289870 508182 829891 293556 969942 1077492 447076 785049 864465 839849 277223 849301 1254070 617307 75045 571769 913441 1001284 753515 1070331 915419 820972 896492 782559 819851 817479 966233 1039592
217557 367939 475523 445190 248844 633138 371758 503962 341803 636143 526197 276992 627756 651844 889802 580200 373383 329615 235425 742972 153237 601996 999999999 382797 555428 420999 250600 482257 323262 346072 525787 234434 627307 595873 812119 346269 147134 377613 453428 573169 256247 391678 219659 465997 476189 345268 394290 98141 373084 528218 281892 796558 495804 101581 183365 367708 178845 86589 420131 400394 330132 491807 832785 219183 470740 305023 228034 294352 315534 647283 511490 527300 426266 476684 262489 478933 613820 529288 306009 756542 658314 856263 666761 279546 729082 106061 564032 63384 481659 542746 536280 614489 891773 460340 475606 363661 233033 216085 477198 470938
588365 265780 156051 293077 310110 990843 534828 721620 400027 555399 778958 659542 648262 976551 1007499 936503 623827 426180 515091 804141 520389 310430 382797 999999999 489160 803796 466560 852431 468462 481892 603187 367977 694198 960697 957169 715956 319212 545758 299072 955123 126552 158387 539542 722954 606173 174492 764903 378999 750998 895713 477254 906112 460381 302414 364349 710187 246384 406549 410099 132174 704675 164650 1003751 163725 673368 397574 156187 610279 547837 1017029 887705 194292 361685 563873 556772 408290 916294 909294 138947 882896 881222 963356 519714 576097 1105539 354786 319144 331000 815331 891638 754224 964565 1024869 754798 803486 475687 615738 578227 836846 853551
619412 235335 381767 197176 692956 871874 896395 438848 220576 80951 521411 745520 179436 783322 557165 823604 436566 815366 446760 337725 575425 332123 555428 489160 999999999 850060 371193 800667 287819 855395 208711 723500 251281 868954 532899 697547 628669 904887 192232 954952 478666 331157 505274 493307 274194 322303 735727 465059 856210 825307 811850 459992 62685 568589 687341 626227 408065 637154 136061 359633 707037 389693 596753 487237 393798 784317 497832 848053 391722 933772 854891 396710 141246 209055 817758 85727 695377 896230 580707 453056 553550 509750 143116 834969 1041633 624192 258343 561084 678630 769019 458642 829797 583865 568552 658869 862533 708529 753014 755122 881288
238716 738079 886737 812306 602359 316440 560661 546417 638314 921085 502046 145294 838545 425919 940091 283643 450371 605853 403467 886380 299673 996564 420999 803796 850060 999999999 480252 165683 562299 578612 719920 552335 796329 262132 845564 162190 521436 557287 819436 157744 677246 795488 345537 468168 640312 745042 145788 447840 102290 204285 504977 875812 788088 509443 512985 259636 581994 415259 723699 809751 145046 903519 828187 640154 551928 600146 648669 333058 465947 283555 144841 938395 758791 682223 377290 797720 453609 131311 716856 825992 627546 925479 987110 371071 332011 472938 945580 475783 306862 286931 562332 328273 923211 395560 321056 606261 188317 262355 214867 53125
248403 286944 479117 351185 478100 557310 622185 271241 159165 445244 316000 375743 394954 516679 640042 503885 157879 575692 77858 495794 210106 550076 250600 466560 371193 480252 999999999 451608 87492 596141 283759 478311 382323 539891 564784 333657 381973 627804 356998 595240 365688 381613 134715 257948 226524 331556 376354 155995 486003 484739 532314 546047 308751 320166 429179 281025 229149 335717 243592 406467 339423 495619 590936 343372 230115 548897 357611 511230 82645 602861 501390 525675 283136 236086 494958 318099 450830 538245 462414 506646 432514 605826 506870 508961 705304 351842 487963 291500 366869 452653 304795 523137 643518 290178 351479 612676 340860 402418 416474 514280
265733 734330 909214 802112 702221 163804 700205 433640 608022 863435 373425 251408 755963 260268 803351 121565 369062 728775 375620 777941 333158 998415 482257 852431 800667 165683 451608 999999999 519718 710288 640165 660966 701608 116620 708003 136779 609560 698372 808175 163280 728469 812978 328579 354055 557864 761297 88081 474916 263005 48016 633815 748873 741804 581673 615316 174627 612039 504495 687616 832487 152914 926179 682541 693576 451759 717877 704528 478987 409774 165226 57190 959282 733386 610393 514547 762863 294012 104887 788264 698599 485159 793958 942857 512221 256781 559839 938800 544284 162014 121858 442087 165849 782553 271960 180703 737144 279550 385536 59467 144119
334328 247105 452067 298450 532193 609897 693704 253687 93971 359697 317323 462471 309668 549388 581013 558172 178202 638283 159439 420093 297576 500380 323262 468462 287819 562299 87492 519718 999999999 663825 202686 540467 304060 598726 513191 410478 441914 700043 302840 669827 385504 357609 218324 266966 159099 312201 450176 225231 572384 548649 604075 483350 226176 378180 493647 345503 255645 409789 167926 385923 419271 467621 548455 370663 204944 609957 384896 595434 112578 662978 572165 494112 217437 153751 576287 243146 473536 611691 489672 448245 412771 543430 426666 591049 768388 418148 432906 354758 415463 504816 285948 571985 588973 320790 397680 678307 428178 488575 478869 593707
495225 630570 632742 697619 175066 874081 54327 846415 663415 935286 859982 458885 957602 936371 1235842 828445 714270 58618 577788 1083320 456942 786367 346072 481892 855395 578612 596141 710288 663825 999999999 863898 132027 966402 825001 1157900 597099 228147 65566 705891 729932 403802 590507 550280 801094 820155 565337 634141 440865 483285 757858 77154 1142146 802517 291115 171489 659808 447887 264575 728711 580598 570030 643937 1176571 381004 815607 84425 374665 252504 660836 858590 714736 675543 715185 814769 201703 771226 919202 709791 343046 1102545 996023 1201960 939605 210499 908958 245685 778237 309404 770377 806659 877921 870227 1237727 780482 770626 27812 434861 324756 730171 630025
512771 340666 536979 348032 724438 687536 895322 237891 213990 241853 320927 641779 118656 585280 405038 643089 272983 835595 339728 219998 488575 525803 525787 603187 208711 719920 283759 640165 202686 863898 999999999 738099 102623 692058 356131 558863 639110 901889 347416 801369 549410 459900 396048 302927 82341 429558 588749 427670 747880 657150 805901 303756 179205 575108 692843 471689 435739 612356 196689 490886 575165 548998 409832 543489 198821 806448 556945 794932 258897 756286 696781 565272 255449 49196 778044 233418 494822 741912 657006 280071 345016 362172 342025 792399 865281 618632 450785 554512 500359 588766 253595 643223 421711 384392 479734 877258 612682 684779 588286 741954
418355 498783 512699 566615 62681 822355 177198 738106 534206 803313 759892 415617 828752 865305 1117783 772880 607812 97827 469840 958016 367906 664305 234434 367977 723500 552335 478311 660966 540467 132027 738099 999999999 840722 777572 1042955 535170 99002 187034 574928 709545 276882 463307 451023 699871 698538 435541 577882 322413 469278 708949 109280 1022242 671018 162995 51515 581792 316393 166718 597554 455633 511453 525085 1066086 251355 703682 70802 246201 268559 548425 819181 675577 558147 583188 689172 210277 639235 837233 679533 233048 984363 892699 1082265 808173 227619 883231 128443 651624 186935 695612 743850 770565 811939 1121829 689299 692803 140298 381902 290372 670849 605428
601163 428838 614993 423840 826751 728419 997474 273787 314269 251421 351091 728944 82646 610145 315281 688629 346070 938214 432465 117462 582515 583001 627307 694198 251281 796329 382323 701608 304060 966402 102623 840722 999999999 740043 281911 634158 741732 1003941 421703 864680 647658 545330 486445 350228 161700 519719 659247 529290 832280 712887 907955 214631 245508 677731 795411 540918 537249 713804 284101 576130 653196 625539 345735 643397 249863 909046 656646 892183 347543 802731 758782 637949 336660 151647 877280 302571 517344 805580 755266 202188 333195 269836 358828 891202 911329 721036 508678 657001 551460 635701 277380 682494 337398 434131 530687 979857 702515 780153 646403 813804
378409 826440 1009318 890533 818700 55245 813168 466273 690650 925617 392772 366592 802822 197402 795295 53587 432445 844696 467655 802280 444760 1089959 595873 960697 868954 262132 539891 116620 598726 825001 692058 777572 740043 999999999 700808 249675 725509 810898 896042 180577 838142 912193 427280 391229 610482 860625 202458 581801 364179 68725 748842 754262 812987 696076 731914 259584 717493 620785 765495 933312 268588 1026218 663869 803985 495047 834196 815377 589255 486249 64818 117432 1058462 815795 668807 627563 839952 264006 147495 901593 704643 478328 792854 1012064 624194 173366 675832 1027165 658418 191835 104343 466389 83775 769409 308043 212361 852039 396016 500391 125151 223521
713364 696605 891806 701393 1041634 669342 1179630 320685 559649 523266 344314 825382 356800 520444 95366 647602 451179 1140110 582096 219783 720965 864858 812119 957169 532899 845564 564784 708003 513191 1157900 356131 1042955 281911 700808 999999999 693881 946709 1184152 699973 863359 893240 816020 619488 387407 356883 784626 699833 720545 910322 700113 1090386 91671 525160 884478 993415 592730 768184 893991 552797 847006 720588 903235 75032 881990 343450 1113613 896051 1031408 497168 753133 761463 917494 610587 393297 1031098 582029 437907 809793 999641 79858 223789 97446 629249 1041235 852502 915795 790587 856263 546412 605418 294461 623833 81166 450642 528951 1175763 812485 912950 648582 845318
129098 608416 776532 678994 572558 289274 593791 387020 492746 765952 349741 150758 677371 340607 787313 238206 288282 609417 255823 724765 196380 871689 346269 715956 697547 162190 333657 136779 410478 597099 558863 535170 634158 249675 693881 999999999 477295 593466 685513 261896 591759 681116 202376 310278 478703 629520 48949 339375 216782 181985 519947 718651 636474 446412 487561 101295 476881 374017 576035 699513 30011 793505 682785 556805 390219 595727 567750 386096 308246 301961 174698 827092 616572 522393 411003 651061 338083 206092 652145 669261 481953 770033 837141 412556 390683 427817 814946 408743 182777 209993 405090 276778 773060 244195 189620 622953 163049 277588 135686 184551
352674 408831 449347 479806 101711 766560 267764 645564 435680 708969 671922 377639 730137 795435 1020352 714974 516964 196571 379265 859041 294253 595464 147134 319212 628669 521436 381973 609560 441914 228147 639110 99002 741732 725509 946709 477295 999999999 276426 488219 678770 207585 387491 366776 611567 600304 353656 523180 226871 451399 656923 185596 924290 574853 64002 59029 510646 220610 106714 500742 384628 456923 463405 971719 175093 609389 168058 174354 291084 454535 772367 631467 498084 489342 590199 238390 545241 760246 642013 202620 886975 802320 984347 719001 257834 845555 49755 574885 91230 625007 681126 678414 751569 1025152 607463 620076 238853 338088 270979 611824 574095
501854 684084 695370 753088 236870 861767 11242 868609 706786 985299 876186 448801 999516 934073 1264702 818528 736057 124139 602084 1120117 471456 848433 377613 545758 904887 557287 627804 698372 700043 65566 901889 187034 1003941 810898 1184152 593466 276426 999999999 761432 703652 463228 649920 569119 818491 853781 622556 626890 475020 458239 745178 95989 1172995 850345 336691 217573 664131 496868 292127 775683 641275 565113 706919 1199050 438386 840777 149273 433040 224485 687533 840167 697638 738929 765766 852696 183944 821652 923392 688409 407159 1131860 1013744 1232460 994020 186832 883566 284901 838105 349600 771554 800817 899215 861396 1264609 791425 773566 82517 430487 316160 723251 607031
580727 85590 193618 8445 534837 910611 751907 532385 208875 256395 607502 693693 362599 851246 736203 858044 480722 659732 432607 521966 522424 197774 453428 299072 192232 819436 356998 808175 302840 705891 347416 574928 421703 896042 699973 685513 488219 761432 999999999 947057 308278 140738 483151 563846 380579 143622 730491 382926 802555 841729 673621 636183 176339 435760 546855 637902 279203 523229 158085 167998 686861 203835 756858 325526 482175 628521 333366 744489 413836 959430 856762 217926 95478 321746 704676 119448 772479 891546 402198 621472 675186 689818 234708 723377 1062299 496048 131123 439302 717025 805476 560017 873859 759079 623251 699756 708882 651641 667558 773277 859427
374162 869026 1029891 940442 760055 231972 707994 596795 754128 1020403 534694 301460 917899 376963 958643 226378 528962 760150 517495 940937 440396 1131402 573169 955123 954952 157744 595240 163280 669827 729932 801369 709545 864680 180577 863359 261896 678770 703652 947057 999999999 828728 936275 464124 517283 719223 885051 219657 589360 246648 163262 658023 908498 894805 664678 670671 330964 726171 572370 836619 952670 261096 1046808 832709 792018 614818 755778 801186 479703 563300 165842 106131 1081134 878316 769928 528278 911819 434640 59459 872738 858272 639590 951747 1095949 520068 179985 630034 1076057 630094 322041 259266 604509 263924 935650 434858 341721 757720 343011 419229 220676 104748
463505 243519 241766 300368 229515 870022 453008 632064 336024 554202 681679 533052 615131 863646 952716 815850 523184 354229 404003 762876 395617 389286 256247 126552 478666 677246 365688 728469 385504 403802 549410 276882 647658 838142 893240 591759 207585 463228 308278 828728 999999999 186765 422090 623458 536560 164810 640661 258430 625491 772420 382982 852012 436075 179649 260332 591277 136623 284256 371530 179156 579551 255938 932875 37474 586318 323275 33371 495809 448328 893428 762502 290807 338786 504904 445152 393051 808442 783298 107630 823183 793659 911103 542852 464634 980436 235958 374878 205632 699197 772517 665428 845466 965643 646940 688557 404009 489213 454936 715102 727023
562149 120113 97647 134692 415909 934696 639737 608416 273815 397127 674926 658427 494231 897510 860388 880588 529695 540208 446358 651943 496851 211755 391678 158387 331157 795488 381613 812978 357609 590507 459900 463307 545330 912193 816020 681116 387491 649920 140738 936275 186765 999999999 485395 623708 474945 51681 729030 347837 761536 851854 568172 759277 305645 345848 443426 653395 215319 445181 263359 30986 676293 114354 867372 213394 558358 509438 217199 665689 455336 972848 855794 146367 208947 425165 619302 251784 827431 884681 268077 739583 762483 815164 366826 638653 1069751 406543 188365 360014 747500 831169 639303 902762 880203 669387 732724 590141 614438 606443 787094 840767
117527 406730 582253 476663 468478 452943 565597 300440 293189 578020 310068 246802 512862 443394 704538 398533 168378 542786 59000 592346 101804 670533 219659 539542 505274 345537 134715 328579 218324 550280 396048 451023 486445 427280 619488 202376 366776 569119 483151 464124 422090 485395 999999999 250841 324754 433747 247721 164774 355361 366486 478164 619170 443025 316005 399509 171000 293496 287714 378223 506072 205567 599179 630375 391249 277682 520590 404140 415283 138936 487472 374537 631757 415459 352388 411678 452488 396968 408398 501230 574226 445776 676783 641581 422242 585168 324204 612764 279207 277152 352263 330358 425130 700550 240909 267133 571285 216666 298614 302135 380206
329235 513897 718864 560435 712540 384628 815366 79805 357823 541636 60432 437981 411642 291600 479146 341052 100317 792951 233063 424266 347173 761227 465997 722954 493307 468168 257948 354055 266966 801094 302927 699871 350228 391229 387407 310278 611567 818491 563846 517283 623458 623708 250841 999999999 223209 576828 323751 390949 524970 362820 728589 408391 443699 555709 648456 209325 486840 538280 412839 651335 335473 734509 386533 600009 104297 769998 614132 649104 175527 454828 411153 761045 471964 285678 654220 481507 208746 458820 718155 358990 195266 460048 635058 662577 563817 571913 690578 521260 201282 287164 94857 340350 467908 83904 180495 822107 426225 530453 297321 476575
439630 355218 560508 379437 691281 607206 847933 164688 206147 318480 247248 567733 199250 510073 422035 561964 191461 796358 271234 270519 421390 570443 476189 606173 274194 640312 226524 557864 159099 820155 82341 698538 161700 610482 356883 478703 600304 853781 380579 719223 536560 474945 324754 223209 999999999 437554 507420 379461 672024 574885 758076 324291 231472 536766 650989 389980 411842 561905 222550 505491 495985 574100 398047 525166 120511 768351 539204 732493 185843 674850 614519 594523 285139 65459 719789 278240 421340 659773 642780 289577 294708 384375 413819 733097 783794 574666 496379 512115 418677 507516 186115 563366 431032 303346 398122 835490 540853 619391 505961 661062
510997 91573 148821 135839 392728 883402 612730 564826 232933 394284 629187 608903 474774 848000 833301 829255 481586 517706 395163 629871 446023 256778 345268 174492 322303 745042 331556 761297 312201 565337 429558 435541 519719 860625 784626 629520 353656 622556 143622 885051 164810 51681 433747 576828 437554 999999999 677396 297214 712947 800193 537398 731930 287965 307115 411194 601944 167123 403227 235618 75018 624887 165661 833268 184365 515140 486572 191065 624887 406668 921211 804188 198036 188692 391662 580441 238438 779147 833258 260061 709565 720926 788987 378054 599635 1018072 368141 223169 317793 696752 780027 596295 851748 851231 620330 682188 567171 565044 560970 735513 789955
177664 654424 824697 724120 617172 244557 627866 402710 534899 802237 356270 178527 706662 310480 794313 195415 315959 649232 298883 744973 245184 918087 394290 764903 735727 145788 376354 88081 450176 634141 588749 577882 659247 202458 699833 48949 523180 626890 730491 219657 640661 729030 247721 323751 507420 677396 999999999 388193 221154 134160 557143 730521 675336 493970 531172 118339 525636 418884 617023 747746 66566 841671 683516 605646 411609 636798 616533 413481 344407 253304 127053 875128 659474 554610 443232 692249 320010 161941 700280 680607 482606 779815 876425 443073 341935 473544 860396 456471 166790 174086 417369 236207 777657 249802 178506 660479 199559 311012 96369 154623
215478 298131 440554 375109 325056 612109 468869 419606 247528 545162 451302 313650 530041 608074 795959 557837 293375 419710 158460 645159 149142 549969 98141 378999 465059 447840 155995 474916 225231 440865 427670 322413 529290 581801 720545 339375 226871 475020 382926 589360 258430 347837 164774 390949 379461 297214 388193 999999999 420713 517299 379110 701438 404125 166716 273187 332862 137642 184730 329025 363340 331217 457461 744851 226686 382566 393074 239438 383425 227997 638801 513266 491888 342354 378556 356929 392359 558625 539170 337020 662544 578017 761327 583222 373074 730054 195939 503053 135879 441690 514092 452707 587044 799460 399080 431907 456898 270486 290138 457848 492956
238161 718422 848126 794917 523361 418206 462170 599664 637955 931215 566405 110835 865926 521245 1003405 383370 489078 514410 414176 930043 283139 968754 373084 750998 856210 102290 486003 263005 572384 483285 747880 469278 832280 364179 910322 216782 451399 458239 802555 246648 625491 761536 355361 524970 672024 712947 221154 420713 999999999 304587 411747 932452 793547 449841 434493 317632 546240 348779 724369 772337 189762 864535 899411 588017 597296 511394 594817 233794 489083 385070 247052 899955 751973 706174 281655 795867 540408 231220 652211 883515 698464 984977 987824 273547 425979 405373 923737 420025 387943 381543 619766 428000 989707 460974 399133 511076 151010 181418 305830 149111
311032 769784 948566 835915 749978 116589 747170 441130 638857 885454 374575 299054 771044 227272 795388 79500 389961 776699 410333 783388 377913 1033815 528218 895713 825307 204285 484739 48016 548649 757858 657150 708949 712887 68725 700113 181985 656923 745178 841729 163262 772420 851854 366486 362820 574885 800193 134160 517299 304587 999999999 681479 746290 767648 628100 663205 204027 653813 552095 716409 872143 200019 965508 669915 737892 464084 765880 749073 524854 437093 121577 67825 998220 764332 630188 561489 791418 273674 112606 834128 696130 476337 788818 968100 558769 220577 607229 972696 590552 162660 97132 446018 124049 772466 279053 183141 784774 327564 433108 70195 173643
418943 594407 621050 665219 169513 797567 89874 776327 611516 892483 787006 382428 903823 859262 1170124 751623 643858 103910 508682 1024158 382813 771776 281892 477254 811850 504977 532314 633815 604075 77154 805901 109280 907955 748842 1090386 519947 185596 95989 673621 658023 382982 568172 478164 728589 758076 537398 557143 379110 411747 681479 999999999 1077882 756510 243284 126770 583274 404398 196939 681547 562136 492916 633700 1106794 354889 747255 108853 351235 186539 593362 783456 639401 666997 673584 756707 131207 729280 842771 635846 341925 1037121 923780 1137442 904572 143389 836298 189532 756458 254171 693485 729536 807365 793279 1170648 705562 693945 103391 357780 248451 653116 556908
721851 641757 829578 638420 1015540 727587 1167691 332892 515989 442278 376219 840674 280857 583932 101389 700679 454214 1120011 575253 132025 720807 791610 796558 906112 459992 875812 546047 748873 483350 1142146 303756 1022242 214631 754262 91671 718651 924290 1172995 636183 908498 852012 759277 619170 408391 324291 731930 730521 701438 932452 746290 1077882 999999999 459873 860893 974150 617693 733282 880976 496770 790153 743474 840005 166702 844217 342622 1092275 857949 1034420 487646 810051 804213 851806 550978 347109 1028927 516891 496404 852752 959433 50274 278333 60084 546575 1040496 912865 897300 718281 835492 587110 654736 313688 681221 123875 481513 568172 1158298 823208 917169 689587 880835
556854 197037 369884 178832 643436 817872 842121 394981 158325 141127 476235 682846 188597 735082 559874 768686 380768 764383 384656 346949 512764 346620 495804 460381 62685 788088 308751 741804 226176 802517 179205 671018 245508 812987 525160 636474 574853 850345 176339 894805 436075 305645 443025 443699 231472 287965 675336 404125 793547 767648 756510 459873 999999999 513656 633122 567196 354650 578528 75741 335802 645418 380135 584268 441103 347692 733532 452535 787461 332154 877767 795534 392620 99324 166432 758290 57066 649008 836283 540862 446166 520973 513557 201202 775273 985126 567906 271591 504187 623763 714237 417583 776629 582902 516070 604334 810763 645851 691207 697461 819880
318306 353988 417048 427315 158377 734171 328545 586321 372305 649201 616141 364149 666598 752722 957289 681421 459398 260551 322666 795040 254781 556915 101581 302414 568589 509443 320166 581673 378180 291115 575108 162995 677731 696076 884478 446412 64002 336691 435760 664678 179649 345848 316005 555709 536766 307115 493970 166716 449841 628100 243284 860893 513656 999999999 119947 468989 161347 104620 439039 347247 428966 432192 910802 142899 548846 231826 147222 320306 394651 746303 608579 467574 430446 526198 273599 486059 712450 623653 208456 823966 744457 920964 663517 292897 825335 61028 530204 38201 582730 644309 619414 715988 962601 556674 576222 302634 321709 275871 578328 560936
368763 467794 501166 538452 89390 775724 209076 687276 492069 767727 708447 373227 786141 815490 1069103 725645 556709 146739 418779 912486 316983 649548 183365 364349 687341 512985 429179 615316 493647 171489 692843 51515 795411 731914 993415 487561 59029 217573 546855 670671 260332 443426 399509 648456 650989 411194 531172 273187 434493 663205 126770 974150 633122 119947 999999999 531538 279299 116123 558741 439003 464623 514630 1015685 230109 653371 121691 227708 250819 498080 775121 632125 548781 548229 643765 194600 604093 786301 638233 237302 935680 841451 1034116 777962 213529 842215 77747 631386 138921 645555 695423 719638 764131 1072546 637885 642395 184662 337493 253411 623207 566093
164946 567039 750751 632172 610670 282181 663145 286892 434959 689955 248811 240837 589198 284799 686049 227813 198716 664571 208076 627376 216398 830795 367708 710187 626227 259636 281025 174627 345503 659808 471689 581792 540918 259584 592730 101295 510646 664131 637902 330964 591277 653395 171000 209325 389980 601944 118339 332862 317632 204027 583274 617693 567196 468989 531538 999999999 464402 415417 513425 675196 128058 767605 582954 559239 293495 647170 571661 469290 235149 321970 228794 799505 560440 439073 486348 588610 259560 271629 665254 568196 382583 668804 768283 490738 424558 463247 768938 430854 114378 181460 304031 254407 672081 144153 111271 684179 240443 354208 135463 272948
