NAME : synthetic_000769
TYPE : CTSP-D
DIMENSION : 100
GROUPS : 8
RELAXATION_LEVEL : 1
EDGE_WEIGHT_TYPE : EXPLICIT
EDGE_WEIGHT_FORMAT : FULL_MATRIX
EDGE_WEIGHT_SECTION
999999999 538060 588160 342471 253852 471450 351119 392690 182498 401809 517896 133306 389201 103850 614670 384207 413424 438082 251379 462157 354131 388182 517510 317340 596995 38482 233649 197221 385337 559411 545846 653319 364106 634051 496080 276571 539172 563375 237892 668206 292324 434613 680422 558642 755252 547983 245961 590207 514255 445041 546225 234264 433662 567418 418338 525097 451551 281002 587397 390684 403849 297205 432147 225995 567093 576487 532303 474660 389737 183145 285055 587428 108233 441244 89273 485362 379409 347416 196532 479441 383344 529760 257996 462289 669146 478896 332780 536027 436739 432163 176318 632019 357573 519490 490600 241841 580062 413877 268636 565490
538060 999999999 57111 757969 489650 1009397 620824 891086 587068 699568 531481 421236 267403 615455 480364 868770 752093 242761 764164 447175 353179 746773 406499 319783 564793 515726 415436 384109 826287 575927 777651 740613 181325 96136 608689 697342 657523 569100 709693 178750 803504 798358 711588 743210 242191 52306 520645 113078 138462 622346 503329 737426 792990 768145 840393 1061332 341683 560728 202511 628229 753682 465555 346349 338116 394776 734788 808397 461825 644308 363037 816653 265781 537995 430370 625939 610426 902693 771106 503899 1017498 446873 769871 779544 803138 144776 223740 726562 94589 931467 281723 696028 714090 194241 601275 371044 375636 46058 789801 578663 715783
588160 57111 999999999 814750 521996 1059564 647506 946155 643017 756494 536485 474543 288965 668321 523023 908985 809166 296150 808782 499554 409478 776873 454674 376860 612251 564219 472287 439627 882878 626011 794659 791127 236593 57887 620267 753825 667311 618761 750872 126287 857572 827630 759545 756543 185102 47879 553889 76301 184584 677845 552077 791672 821970 782308 897276 1112607 393622 591635 233494 684824 782781 493620 399479 381082 385785 788392 828935 469110 701025 416166 863876 245102 581902 483565 675213 664567 956063 806622 560420 1067345 502366 787946 832745 830109 87717 273571 760406 136452 986810 335049 749012 764757 236547 653938 373170 412459 48891 846904 611133 726550
342471 757969 814750 999999999 596200 429013 679768 189933 183444 153329 860167 371614 698263 245456 583040 568241 112843 559503 439372 441841 432142 679074 523956 444245 504924 380418 342577 381625 71846 451584 861972 453636 580490 844656 836022 68150 876819 461301 492537 922265 182963 713731 510600 884986 998475 786891 586373 842929 675288 281019 488489 164286 715364 889557 83852 439324 506256 616871 714850 216601 695992 639432 487718 533329 895033 353323 835877 814619 198890 423390 397565 887462 445070 435343 329047 337487 261082 607366 255281 443095 375983 845133 210851 748447 902372 600918 616999 715377 212106 530710 216086 443531 625051 384883 819619 570247 788988 80340 600297 897572
253852 489650 521996 596200 999999999 627076 144259 623719 430931 646575 265848 287659 241906 353272 754410 401577 664364 512520 336272 622279 488359 257845 651487 432480 770323 216434 404976 339500 636128 744596 337865 866475 373683 578401 245747 530408 292438 745521 256186 556272 521523 310108 880021 331697 646895 474416 33028 491157 533302 665915 709913 474080 305157 347328 670738 692217 570642 72296 620978 621893 265949 50824 555886 180758 349387 802606 347320 231449 624944 284006 412125 419381 155462 598557 288436 695742 588278 286561 416302 630151 556312 324638 480540 318983 582548 541361 238648 532102 667561 526127 410907 842495 300875 720682 276401 120249 535654 667477 89169 328051
471450 1009397 1059564 429013 627076 999999999 615958 251910 480966 582029 862704 593422 838158 402765 984587 314057 538237 882450 294294 831265 771583 529695 907249 755213 922217 496508 649806 645486 384200 870768 721437 882140 833379 1105295 791373 431590 810678 879473 382301 1135437 257819 532404 939529 770177 1223924 1018903 598764 1058774 975382 704166 894950 313775 537985 760917 419033 69009 864866 596969 1039913 636803 543369 677445 844530 688359 976337 781174 670709 849977 621442 649662 215035 1033795 497332 818012 384845 760441 168419 435882 566302 14422 753471 705763 255694 569457 1139868 925507 479575 1002146 258369 866191 327620 872527 827200 807279 903320 682709 1050982 489844 570500 801686
351119 620824 647506 679768 144259 615958 999999999 669227 533526 752902 251168 417872 359068 435380 896596 337126 761921 656779 325653 761026 629090 136439 793707 574337 907843 319537 537987 475294 707953 879413 199770 993242 516618 705033 176518 618584 204547 881048 236653 664354 570858 182793 1011661 207566 753129 599633 124978 607266 674589 788292 848766 536633 176526 216942 746251 684504 713574 77780 762748 738618 138356 155483 698356 325000 398565 923027 203312 256885 739169 422797 408066 505773 242952 737518 351912 822674 616536 202554 536001 615718 692034 185057 527364 182617 699460 685409 149305 670535 711015 670103 473687 970216 438570 850942 340043 263130 666339 756342 82721 217884
392690 891086 946155 189933 623719 251910 669227 999999999 307637 341491 886989 475012 780851 291603 770290 466550 291603 718590 367121 624718 595279 630423 705565 595146 694751 429292 487367 507155 134105 641490 825433 635542 709788 983111 841071 216351 873716 651158 444771 1042275 102317 653019 696150 860590 1124705 912368 604628 962655 827135 470938 676532 159643 656462 859186 167172 251849 678741 622340 877265 406276 646891 672885 659205 615279 957662 533972 787546 854530 388780 532953 298167 978290 469408 615822 335490 527381 89000 544131 396111 266331 553649 808524 143660 690465 1032185 761452 569461 862450 44187 694393 217049 627826 733058 574781 881183 634276 927098 240241 600068 881953
182498 587068 643017 183444 430931 480966 533526 307637 999999999 219395 689383 188180 514972 119648 509990 508091 233557 413101 367546 354154 293923 560967 427316 288076 464351 216457 179979 203940 244400 418596 726988 486139 406586 677476 675832 116181 720212 425031 389829 745403 233477 603705 522601 741080 824510 611970 426540 665723 519585 278017 425871 169342 603717 749513 266807 515361 384611 463241 572213 216615 577299 469938 364359 350669 713481 401813 710472 639494 212364 240872 361021 704213 290727 339023 209442 325949 337269 506629 89300 492848 274441 710712 225445 634349 730000 456258 502012 554924 346028 391585 161149 467265 443438 366601 638594 390910 621438 242363 451115 747825
401809 699568 756494 153329 646575 582029 752902 341491 219395 999999999 899107 377451 695813 328410 445684 696309 62074 475224 560087 319205 349827 776217 401401 380417 358045 434901 301120 360216 211447 304036 946032 302646 534996 777283 892255 165726 937707 314387 598049 873734 331189 816671 357518 960445 941441 736304 644286 796911 596298 133539 350019 297271 817221 968885 194763 592263 402492 682130 619796 80731 792796 682631 386732 542099 903079 204517 928049 844654 61172 415081 531508 869714 510035 318771 420387 188591 414347 715411 240198 596045 269904 929681 352176 848781 843528 512534 715956 641259 358512 440771 332425 291090 600997 235684 831147 592539 723622 116711 670444 966707
517896 531481 536485 860167 265848 862704 251168 886989 689383 899107 999999999 524704 281036 618784 924329 587636 922464 659045 569087 817122 680018 373151 825012 621034 965436 479775 628609 560420 901777 949968 288060 1089339 503607 592503 104580 793557 138047 948568 480461 507626 785184 405652 1091490 235468 586323 492748 282392 474497 630500 900313 901145 739579 398366 263183 935941 930604 741619 269211 716299 864813 368136 220736 731923 370269 182374 1037433 339500 71491 870602 500666 650663 325822 421129 793417 552955 921637 845840 452086 661293 863345 765078 287796 743371 387629 560191 673689 399505 608490 930504 684949 676212 1063817 403818 938952 163761 310189 570780 929457 294496 197757
133306 421236 474543 371614 287659 593422 417872 475012 188180 377451 524704 999999999 327371 194361 495321 514290 408345 304816 384193 349070 228223 486856 394972 185916 492549 130837 120556 66417 431135 461904 617614 578827 241463 515891 529456 304231 578291 463914 361871 567265 383441 537256 594059 618005 650264 438500 295265 487663 383818 379496 436120 317991 535033 631834 454950 642167 323829 340519 454758 340225 500886 314774 305191 165836 529236 516676 615585 467858 345946 58416 416963 516209 197608 326438 220935 408083 481553 462686 137440 602555 275759 602894 358321 559924 559161 345601 438614 408770 517053 300000 274818 554933 259058 433815 455666 215627 460568 426553 337999 615710
389201 267403 288965 698263 241906 838158 359068 780851 514972 695813 281036 327371 999999999 489332 648051 641583 732653 380838 560731 553112 419356 490488 551191 361894 698316 354617 399060 335834 755092 689047 510351 838906 226047 346729 345387 630440 395866 686214 489781 314507 681360 540360 832042 477556 405229 241192 274861 250176 350913 667144 633247 621402 534494 501903 781092 898787 468609 307574 437989 645066 495495 207113 461154 166721 210083 800621 541400 209593 655124 281399 628085 198494 340884 530127 461976 678178 767101 528265 458475 843438 512263 502470 646971 541532 342138 393177 479269 332998 824658 409303 565430 812515 125305 687892 146382 155450 311521 753630 329365 452504
103850 615455 668321 245456 353272 402765 435380 291603 119648 328410 618784 194361 489332 999999999 616048 389492 328712 480872 248824 459671 376287 447907 526703 353980 579244 142095 251729 242781 283022 535312 622139 605444 435781 710245 590771 183217 631364 541187 271550 756841 193705 488419 642167 641760 841733 631115 341602 677745 572879 397614 536741 132069 488873 647682 317560 448730 472826 371418 637499 335352 464537 398640 452523 323700 670768 519368 600928 577588 329746 252419 250751 686691 200041 441963 92056 445416 288117 388803 179617 412768 378710 605505 164669 520370 752172 523704 387548 600992 335336 466963 80729 586818 445792 485428 594298 344977 654924 320996 355151 652873
614670 480364 523023 583040 754410 984587 896596 770290 509990 445684 924329 495321 648051 616048 999999999 996029 507041 267726 857808 156444 269129 980364 102924 322265 114471 623507 381189 430167 650832 158676 1092103 303617 422045 509996 967013 558008 1019080 147273 852275 647230 727843 1031531 251765 1080266 678910 532235 771762 592899 341949 313662 95668 671332 1028986 1098788 639674 1009938 185059 819365 297860 368995 993741 762757 198597 578637 839599 347328 1099400 854169 388171 475727 866588 736747 692886 174655 687430 264027 827206 957424 436488 997307 237352 1079043 730340 1052465 590501 264551 933783 387460 795146 239392 671088 281373 522781 223150 790913 644825 475164 562391 822669 1067747
384207 868770 908985 568241 401577 314057 337126 466550 508091 696309 587636 514290 641583 389492 996029 999999999 677059 816644 140668 841262 738328 224980 900722 700144 967551 384362 616714 580076 561103 924585 409508 989233 717195 962676 502220 531563 512822 930237 159824 955787 397337 219628 1029967 461335 1046585 862834 368689 887339 877776 784053 922183 404481 225605 449879 602991 381692 835746 346746 957937 719192 236365 445002 816353 531083 730197 897768 357055 591496 710813 554822 172829 819450 335899 821550 309039 833775 385950 136000 563454 309119 760833 394345 360253 256062 977064 855553 188132 890348 497486 814190 364062 972214 674569 874653 665018 497427 914316 647275 320817 495947
413424 752093 809166 112843 664364 538237 761921 291603 233557 62074 922464 408345 732653 328712 507041 677059 999999999 532410 544869 381103 405756 774296 463385 432311 416955 448981 345570 399724 158212 362846 950823 344303 583485 832052 908859 149377 952554 373467 591197 924383 295803 811969 404698 969148 994267 787066 659068 846722 652939 193851 411384 272795 813073 975886 135931 543451 462674 694134 679318 142527 791096 703416 446434 574178 937360 243016 928978 871102 122847 451319 507970 911974 520848 380203 418768 247483 369817 707749 274190 552474 329691 934206 322730 845489 896563 570648 712924 697066 304287 498857 317513 336227 643913 293936 864011 620376 777812 56167 680330 978173
438082 242761 296150 559503 512520 882450 656779 718590 413101 475224 659045 304816 380838 480872 267726 816644 532410 999999999 688873 204684 127888 757051 175443 127261 331668 432510 234407 242339 630936 336264 845320 499666 155445 306368 707761 507778 759860 330340 660576 421293 645714 809747 475599 827348 476285 289770 534861 353349 121458 384265 267566 580159 806116 847749 637287 923720 100403 582158 159129 398768 768495 512350 103589 331822 572823 492279 859633 588331 416461 262137 719821 478193 486712 187621 524688 368496 749343 751427 323802 892954 209954 833536 632210 825439 378961 43264 718789 168293 754445 38965 554988 472984 255809 358545 523188 395561 256026 576549 590325 811154
251379 764164 808782 439372 336272 294294 325653 367121 367546 560087 569087 384193 560731 248824 857808 140668 544869 688873 999999999 702443 603637 264158 763854 568685 827180 258191 480471 448599 441668 783970 460326 850030 601804 859767 502150 397038 526257 789677 89130 869161 281809 286285 889741 499687 959478 764480 306541 796158 758768 644066 782512 275357 289516 495759 483439 361676 701386 302682 835454 579699 280383 385852 681682 427798 684168 759818 420532 555849 571884 429712 82416 751166 226984 683170 170498 693371 300252 177211 423636 295954 621768 443553 240227 323529 882706 729143 204559 775787 404641 683542 228097 832589 572235 734049 612418 407473 808664 519495 276209 525403
462157 447175 499554 441841 622279 831265 761026 624718 354154 319205 817122 349070 553112 459671 156444 841262 381103 204684 702443 999999999 137363 835911 82666 196297 149177 473757 230640 286675 512133 136602 959372 296069 334078 504190 847905 409486 899400 133147 700045 625323 575820 886125 279509 952829 676180 494437 636234 558025 318082 200686 87742 517533 884004 969469 506515 859140 106048 683262 315954 238576 849951 636961 101510 454896 757350 290340 961942 749521 258267 338527 710156 676689 545928 23914 532315 170806 676738 807640 280185 843750 80973 945479 576175 908979 580079 227474 786761 367031 652627 165886 515094 269285 430625 154428 699423 520832 457246 433551 683895 944299
354131 353179 409478 432142 488359 771583 629090 595279 293923 349827 680018 228223 419356 376287 269129 738328 405756 127888 603637 137363 999999999 711332 167332 58992 286407 358375 124927 162133 503737 270685 826143 420541 208887 427618 710879 382152 762474 268746 589106 530493 527358 762642 413310 817578 593580 394018 504113 456669 247271 270984 223417 463059 760018 834853 509460 808822 97794 551554 283230 275743 724640 500877 78068 318014 626282 392854 831339 612776 292504 206880 623850 556513 425032 113528 434085 267297 631130 690847 205784 782820 97885 812638 517697 783342 495582 168778 665483 291485 629885 99269 444752 393957 299643 270296 565690 384140 374456 448943 554015 808028
388182 746773 776873 679074 257845 529695 136439 630423 560967 776217 373151 486856 490488 447907 980364 224980 774296 757051 264158 835911 711332 999999999 878556 660994 977907 366597 606105 550597 693726 943824 196544 1041265 627323 833912 280718 625499 288029 946936 188733 799268 540576 52906 1068193 240719 888481 729046 228663 740180 788770 832653 922789 521430 49087 233476 734554 598582 802215 186095 875605 775990 16934 283576 785259 431194 532244 961969 158230 389511 773115 505941 341345 642211 290805 813283 356218 873531 564051 93858 584362 526825 761284 179937 497430 74126 832334 789518 62313 789479 668637 765365 463420 1020159 558669 907020 476002 376624 792685 758865 170334 272405
517510 406499 454674 523956 651487 907249 793707 705565 427316 401401 825012 394972 551191 526703 102924 900722 463385 175443 763854 82666 167332 878556 999999999 219407 158433 524308 284058 329230 594481 173688 989195 338634 325499 451227 865372 489709 917390 165390 754266 580864 653483 929940 305120 977651 623410 456756 668898 519451 270090 279500 97584 593615 927282 996033 589176 937242 83470 716514 249836 320904 891770 660134 95758 476010 747475 353059 996562 755348 340613 373292 777311 652762 592197 89976 593392 242763 755306 857624 347727 919453 153961 976122 651624 950396 529935 183047 832784 318569 734237 142352 586960 312833 425999 215840 695599 542255 409167 516105 720015 965553
317340 319783 376860 444245 432480 755213 574337 595146 288076 380417 621034 185916 361894 353980 322265 700144 432311 127261 568685 196297 58992 660994 219407 999999999 345224 316557 108203 120194 514568 329425 770330 477078 159323 401818 652423 388202 704100 327651 547383 493370 519545 712820 471836 760441 561962 355953 449498 417023 232569 316901 281881 453708 709907 778135 524905 796598 141237 497108 285703 311904 673830 443307 124531 259865 569867 444211 777155 553874 326832 155067 595472 505845 378546 172494 401702 319480 622993 645152 199068 765755 151007 757082 505168 732207 464312 170416 617260 271169 632233 115047 427728 450645 244267 326201 508062 326125 346740 470780 500792 750168
596995 564793 612251 504924 770323 922217 907843 694751 464351 358045 965436 492549 698316 579244 114471 967551 416955 331668 827180 149177 286407 977907 158433 345224 999999999 612602 372225 432572 568656 54109 1106755 190736 475429 606051 997081 490704 1048568 43707 833470 738239 664487 1027212 147457 1101341 777461 615174 783349 677798 427791 224867 65166 613642 1025446 1117641 552427 941208 233259 830070 398292 288520 992397 785921 237777 604069 899511 234812 1107681 897360 306050 486322 825359 809856 687123 173089 659582 169560 759274 944375 404928 935553 216838 1092639 673019 1051487 685618 341477 926710 475871 715320 295921 623409 167529 574340 123179 844207 669976 566100 473104 829667 1093277
38482 515726 564219 380418 216434 496508 319537 429292 216457 434901 479775 130837 354617 142095 623507 384362 448981 432510 258191 473757 358375 366597 524308 316557 612602 999999999 243190 197211 423814 577381 516440 678210 346145 611862 459900 314143 503806 580692 231043 639711 328277 414931 702230 526579 727674 522712 210161 562494 500942 471066 559408 271600 413420 536411 456702 552467 454537 247285 577292 419372 381683 259044 435743 194157 529380 604423 505953 436184 419641 171674 301624 553090 77985 451978 111741 508865 412572 334079 219515 503758 396810 500633 292578 440614 643500 471984 314113 519651 473420 430015 212369 656195 330696 540929 452866 205014 558751 451044 236816 531818
233649 415436 472287 342577 404976 649806 537987 487367 179979 301120 628609 120556 399060 251729 381189 616714 345570 234407 480471 230640 124927 606105 284058 108203 372225 243190 999999999 68215 411450 341476 737627 463595 239828 502541 642636 283323 692564 343377 471088 582197 411474 655923 475068 736435 656417 445726 414641 503535 339787 272499 316846 345782 653943 750982 424994 689616 222344 460449 393408 246012 620417 427707 202255 258764 608586 409146 736141 567003 256503 127951 498953 568600 315608 208793 310310 293908 515017 577216 91368 660692 155388 723044 398029 679499 559960 277671 556224 376262 524957 216394 322245 438936 299878 315969 539551 319256 446724 377560 458485 732403
197221 384109 439627 381625 339500 645486 475294 507155 203940 360216 560420 66417 335834 242781 430167 580076 399724 242339 448599 286675 162133 550597 329230 120194 432572 197211 68215 999999999 446810 405150 674422 531380 203034 476035 575136 317414 625308 406274 428253 541762 422074 601497 541050 671197 620586 408031 350981 462161 330173 340336 374258 355647 599062 686439 465385 690831 257414 397533 396018 310786 564270 360407 238823 190777 544265 477187 675424 499081 319858 59755 477484 512433 262967 263543 282535 361997 523481 528739 127894 655328 217036 660175 401934 623180 526335 284168 503664 359762 547361 234943 320658 506542 245371 383004 474008 251067 420055 426156 397347 666040
385337 826287 882878 71846 636128 384200 707953 134105 244400 211447 901777 431135 755092 283022 650832 561103 158212 630936 441668 512133 503737 693726 594481 514568 568656 423814 411450 446810 999999999 514832 882356 501568 647638 913972 870548 129428 908871 524949 505090 988483 163847 724187 562882 909803 1065972 853893 623216 908937 746157 343799 555739 172940 726516 912293 41945 385733 578035 649841 786581 282299 710631 681643 559537 588856 947344 399953 851815 859997 263635 485142 388278 947130 481837 506278 356550 399643 216717 615829 322483 398575 447471 865394 202110 760204 970366 672490 631425 785729 147072 602419 234532 494264 687828 446907 871321 621044 858174 106151 631179 925496
559411 575927 626011 451584 744596 870768 879413 641490 418596 304036 949968 461904 689047 535312 158676 924585 362846 336264 783970 136602 270685 943824 173688 329425 54109 577381 341476 405150 514832 999999999 1078973 165284 470661 624643 976344 439189 1027367 11489 794085 752294 613256 992273 143038 1076272 796925 624853 755727 688176 441807 171050 77859 563778 990801 1091577 498342 888668 235863 801810 422512 235530 958682 763217 235730 583966 893884 189590 1077320 883230 252711 461369 779042 812110 653256 159028 618023 115487 707043 906566 364637 884205 188384 1064467 623057 1017718 702947 352559 891104 490673 661596 298394 576039 139233 567063 69137 835419 649063 581446 418997 799903 1070163
545846 777651 794659 861972 337865 721437 199770 825433 726988 946032 288060 617614 510351 622139 1092103 409508 950823 845320 460326 959372 826143 196544 989195 770330 1106755 516440 737627 674422 882356 1078973 999999999 1192513 698569 852407 184876 804302 155384 1080487 381101 785647 733413 189926 1211427 62807 868456 747841 323445 742115 850091 986853 1047092 709418 183909 41886 922406 789890 907963 277178 938719 935731 180936 333044 893522 515124 470140 1120845 61754 337890 935457 620849 537877 608467 438765 935748 533485 1022079 760456 288714 734581 717537 891359 16983 689918 154586 832107 870829 256114 839537 864280 861591 648959 1169653 611138 1050673 438566 450021 821251 940575 281136 106899
653319 740613 791127 453636 866475 882140 993242 635542 486139 302646 1089339 578827 838906 605444 303617 989233 344303 499666 850030 296069 420541 1041265 338634 477078 190736 678210 463595 531380 501568 165284 1192513 999999999 627109 789814 1106194 466035 1155947 173246 875782 917393 633790 1086472 73042 1196285 962039 789077 873117 852529 607043 208911 241520 598033 1085948 1209178 473408 887300 399454 917022 586036 270456 1057072 891202 397395 719349 1046736 101682 1184163 1025121 278486 590613 829560 972220 756143 316089 695443 170806 713782 992191 458722 896316 326853 1177147 654186 1115296 868220 517583 984421 655934 645028 461260 626588 26808 720179 151160 984905 781984 746711 395768 911378 1194518
364106 181325 236593 580490 373683 833379 516618 709788 406586 534996 503607 241463 226047 435781 422045 717195 583485 155445 601804 334078 208887 627323 325499 159323 475429 346145 239828 203034 647638 470661 698569 627109 999999999 274758 554385 518320 606382 466740 557526 342399 622442 680204 613388 677023 418358 206402 399680 263739 162603 476097 410269 556278 675865 698425 663637 883380 243538 445464 248323 469757 637168 366329 237663 196277 424142 601504 717235 432893 483856 183960 647413 347683 381335 312227 453176 476075 722154 634524 325333 842049 306581 687653 599252 691990 323414 173449 596026 173994 750279 183346 516074 600360 100747 478139 370123 253618 219205 617290 457373 658872
634051 96136 57887 844656 578401 1105295 705033 983111 677476 777283 592503 515891 346729 710245 509996 962676 832052 306368 859767 504190 427618 833912 451227 401818 606051 611862 502541 476035 913972 624643 852407 789814 274758 999999999 677482 785714 724194 616596 804008 143009 897046 884834 753403 813930 172376 105537 610081 122544 186504 690616 548665 830800 879222 839789 926195 1156859 398506 648428 212943 703038 840002 550879 407105 432933 437604 794514 886820 525749 720066 457918 912747 292603 633312 490378 722030 672764 996912 862248 592517 1113466 516117 845760 873971 887649 80635 276908 816540 138186 1022934 344246 790678 763876 288446 658164 428886 467330 56042 872321 667569 783565
496080 608689 620267 836022 245747 791373 176518 841071 675832 892255 104580 529456 345387 590771 967013 502220 908859 707761 502150 847905 710879 280718 865372 652423 997081 459900 642636 575136 870548 976344 184876 1106194 554385 677482 999999999 771734 52125 976147 413170 603057 741142 307679 1115134 137188 684588 574579 250152 563428 694850 908939 934258 702186 300351 164042 907196 860102 782153 220871 782648 866864 273408 215043 770246 393026 285581 1046055 234955 154684 870345 516552 584566 424198 390966 823992 514751 936056 791565 366367 661208 790689 788495 183638 698060 286638 651941 727631 316025 678383 883529 729518 638577 1081566 458987 958111 255547 327362 650532 909548 241335 107218
276571 697342 753825 68150 530408 431590 618584 216351 116181 165726 793557 304231 630440 183217 558008 531563 149377 507778 397038 409486 382152 625499 489709 388202 490704 314143 283323 317414 129428 439189 804302 466035 518320 785714 771734 999999999 813453 447889 441833 859056 174185 662688 516106 824923 936676 724518 521698 779516 620604 274224 465946 132022 663851 830551 150747 452293 462922 553685 665277 206356 642336 572880 443566 465290 826884 369768 780847 747182 192463 356919 365793 820368 380964 399832 271002 329948 269614 558382 193449 445016 337345 787577 188710 696373 841239 550070 563942 658953 248267 481408 169004 452368 559221 376345 751478 502182 729820 138019 538108 835983
539172 657523 667311 876819 292438 810678 204547 873716 720212 937707 138047 578291 395866 631364 1019080 512822 952554 759860 526257 899400 762474 288029 917390 704100 1048568 503806 692564 625308 908871 1027367 155384 1155947 606382 724194 52125 813453 999999999 1027288 438215 644790 775006 306589 1165777 98270 724260 622155 293671 608498 745958 957570 985880 738894 299367 126084 946276 879652 834195 259948 833577 914325 278032 264903 822217 444510 319750 1094520 212439 198734 917325 567021 608400 463677 432589 875487 552352 985599 820535 378639 708713 809122 839358 158572 731596 280343 695812 779574 331419 728721 915559 781639 675527 1131466 510672 1008305 298396 378649 698789 951449 277695 60019
563375 569100 618761 461301 745521 879473 881048 651158 425031 314387 948568 463914 686214 541187 147273 930237 373467 330340 789677 133147 268746 946936 165390 327651 43707 580692 343377 406274 524949 11489 1080487 173246 466740 616596 976147 447889 1027288 999999999 798642 745047 621845 995623 146678 1077121 788799 618309 757124 681540 434383 181162 68553 571777 994072 1092670 508841 897912 230024 803381 413480 244992 961699 763420 230778 583471 890372 200701 1079483 881517 262414 461937 785762 807014 656231 156137 623181 125997 716119 910694 369271 892865 189246 1066075 631104 1020759 695136 345515 894617 483162 671618 292779 583092 147559 563740 80111 832543 648795 573906 429600 801854 1070543
237892 709693 750872 492537 256186 382301 236653 444771 389829 598049 480461 361871 489781 271550 852275 159824 591197 660576 89130 700045 589106 188733 754266 547383 833470 231043 471088 428253 505090 794085 381101 875782 557526 804008 413170 441833 438215 798642 999999999 802336 352509 221242 909312 416278 893081 705135 224794 731970 718444 667177 783842 333099 222831 414415 546032 450149 685541 215843 799319 606391 205609 304109 666664 371703 600379 790891 346947 469335 601246 398448 171481 674979 176453 679111 180388 712557 384112 117401 429447 383279 621040 364146 309151 256032 820734 698636 126520 730553 484411 660169 276453 856389 515640 749998 530155 341122 755107 572688 189091 439778
668206 178750 126287 922265 556272 1135437 664354 1042275 745403 873734 507626 567265 314507 756841 647230 955787 924383 421293 869161 625323 530493 799268 580864 493370 738239 639711 582197 541762 988483 752294 785647 917393 342399 143009 603057 859056 644790 745047 802336 999999999 949489 847146 885600 739910 90805 137430 589268 79744 310796 800549 678310 884753 840856 767045 1005648 1192177 519519 620180 353158 804281 802610 518838 524833 447147 334561 913482 827493 448412 819829 509410 931498 183694 643919 608905 751368 789176 1044508 842208 666988 1142067 625170 781509 921216 843960 68346 399816 792452 262384 1084185 460255 837246 891008 311274 779609 347519 462124 172394 959484 642950 704797
292324 803504 857572 182963 521523 257819 570858 102317 233477 331189 785184 383441 681360 193705 727843 397337 295803 645714 281809 575820 527358 540576 653483 519545 664487 328277 411474 422074 163847 613256 733413 633790 622442 897046 741142 174185 775006 621845 352509 949489 999999999 567290 687410 765795 1033487 821936 502792 870153 748664 448007 637464 66448 570132 765766 205683 283833 616776 521597 804812 380277 557315 570605 596662 516702 855792 534622 698662 752238 365689 441836 224513 879328 367097 563711 233204 503961 103794 458264 322391 271075 499543 716440 43683 604076 942567 688953 478723 781163 146394 625010 116016 622021 638866 550485 779346 533259 841246 256507 499856 785424
434613 798358 827630 713731 310108 532404 182793 653019 603705 816671 405652 537256 540360 488419 1031531 219628 811969 809747 286285 886125 762642 52906 929940 712820 1027212 414931 655923 601497 724187 992273 189926 1086472 680204 884834 307679 662688 306589 995623 221242 847146 567290 999999999 1115033 243613 935879 779769 281321 789487 841588 877624 972756 553337 7328 230593 765511 600606 854057 238080 928474 819686 44871 334016 836953 484093 571630 1005412 138870 428697 816069 557755 357927 686901 340317 863651 396365 919682 582090 109105 631136 528139 810843 174986 524884 37896 881685 842348 102054 842018 689512 817771 497650 1065799 610983 954077 518797 429244 844209 793913 223079 280922
680422 711588 759545 510600 880021 939529 1011661 696150 522601 357518 1091490 594059 832042 642167 251765 1029967 404698 475599 889741 279509 413310 1068193 305120 471836 147457 702230 475068 541050 562882 143038 1211427 73042 613388 753403 1115134 516106 1165777 146678 909312 885600 687410 1115033 999999999 1211493 924626 761621 889276 824480 575012 246305 208555 647243 1114063 1225814 537065 947920 375669 934509 544738 312903 1083578 901050 377274 723930 1036858 167618 1206665 1025256 324304 598785 874824 953150 779542 302065 729905 196889 771671 1024400 483924 953557 327028 1196514 704796 1142314 833046 487957 1013150 623218 708117 438582 670658 69675 710082 161325 978419 788383 713520 458139 930889 1207086
558642 743210 756543 884986 331697 770177 207566 860590 741080 960445 235468 618005 477556 641760 1080266 461335 969148 827348 499687 952829 817578 240719 977651 760441 1101341 526579 736435 671197 909803 1076272 62807 1196285 677023 813930 137188 824923 98270 1077121 416278 739910 765795 243613 1211493 999999999 820661 710498 323178 700521 823593 993079 1040254 737233 237019 27815 949005 838984 895337 280326 911951 944953 226812 317517 881920 501643 417662 1128612 124308 291749 945978 615307 579489 560055 450435 929011 556054 1025486 799537 334556 741163 767013 887953 72115 722120 210792 789129 850332 295724 809827 900628 846111 675343 1172715 585416 1051742 392509 435445 785723 962357 290037 44364
755252 242191 185102 998475 646895 1223924 753129 1124705 824510 941441 586323 650264 405229 841733 678910 1046585 994267 476285 959478 676180 593580 888481 623410 561962 777461 727674 656417 620586 1065972 796925 868456 962039 418358 172376 684588 936676 724260 788799 893081 90805 1033487 935879 924626 820661 999999999 212619 679903 165179 358132 860142 720751 968245 929507 848077 1081314 1279944 570315 710357 381082 869236 891472 608966 578245 536105 407983 966412 912146 530567 885645 592008 1021125 260625 733871 661885 839410 844073 1129781 932635 743566 1230769 684943 865050 1006357 931793 98003 448726 882671 309300 1166099 514698 922355 936154 397686 830319 429995 552691 220298 1031842 733330 784076
547983 52306 47879 786891 474416 1018903 599633 912368 611970 736304 492748 438500 241192 631115 532235 862834 787066 289770 764480 494437 394018 729046 456756 355953 615174 522712 445726 408031 853893 624853 747841 789077 206402 105537 574579 724518 622155 618309 705135 137430 821936 779769 761621 710498 212619 999999999 506403 63606 190295 664649 553150 756428 774102 736079 870020 1073012 389656 543889 253902 667070 734917 445755 393117 336716 348139 780204 781561 424502 682509 380126 821049 214719 537497 476796 634138 655244 919211 759375 531710 1026390 489579 740934 795770 782239 121256 273718 712916 146876 953620 328563 711837 762460 192860 647972 330197 365808 79159 822621 563525 681156
245961 520645 553889 586373 33028 598764 124978 604628 426540 644286 282392 295265 274861 341602 771762 368689 659068 534861 306541 636234 504113 228663 668898 449498 783349 210161 414641 350981 623216 755727 323445 873117 399680 610081 250152 521698 293671 757124 224794 589268 502792 281321 889276 323178 679903 506403 999999999 523911 560476 670242 723975 458102 276681 336570 658908 664499 589065 47686 647683 623640 237731 79452 573648 204494 377766 806210 327706 254555 625657 297874 383733 451740 141584 612686 270862 702324 565711 253831 418825 601455 567951 309303 461042 292377 615197 565092 206518 560849 648199 546725 394540 849605 330475 729060 305983 147965 566687 659440 58437 323932
590207 113078 76301 842929 491157 1058774 607266 962655 665723 796911 474497 487663 250176 677745 592899 887339 846722 353349 796158 558025 456669 740180 519451 417023 677798 562494 503535 462161 908937 688176 742115 852529 263739 122544 563428 779516 608498 681540 731970 79744 870153 789487 824480 700521 165179 63606 523911 999999999 251306 727514 616110 805292 783465 726959 926390 1114786 453154 557741 308126 728693 744679 457185 456719 371237 315310 843715 780022 409797 743845 429742 856599 170483 569909 540401 674231 718686 965594 777714 587684 1065664 552645 736558 842236 788914 92200 336531 729240 205673 1004511 392157 758242 825930 232728 711578 310824 390861 124295 881029 579276 668285
514255 138462 184584 675288 533302 975382 674589 827135 519585 596298 630500 383818 350913 572879 341949 877776 652939 121458 758768 318082 247271 788770 270090 232569 427791 500942 339787 330173 746157 441807 850091 607043 162603 186504 694850 620604 745958 434383 718444 310796 748664 841588 575012 823593 358132 190295 560476 251306 999999999 504815 367514 682360 837090 846518 754601 1020919 212183 605480 88637 520185 798204 521432 220633 358421 515206 608280 872731 559088 537797 331147 799309 398556 541999 303897 603346 486262 851387 797114 431121 985015 331230 840186 731153 852249 262139 90608 758496 49040 864636 158332 650678 580780 238953 472340 478919 413098 139747 696009 618533 801456
445041 622346 677845 281019 665915 704166 788292 470938 278017 133539 900313 379496 667144 397614 313662 784053 193851 384265 644066 200686 270984 832653 279500 316901 224867 471066 272499 340336 343799 171050 986853 208911 476097 690616 908939 274224 957570 181162 667177 800549 448007 877624 246305 993079 860142 664649 670242 727514 504815 999999999 218149 403390 877143 1004922 328287 719385 297392 712950 514258 67931 848535 694235 285322 531113 877225 137316 976757 839415 82837 400001 628685 822491 549048 206497 486944 56545 538684 783406 252310 717847 175489 971253 461827 906638 762470 416058 775577 552472 490549 346512 424441 189278 557632 103893 810147 590267 639872 249677 705964 993454
546225 503329 552077 488489 709913 894950 848766 676532 425871 350019 901145 436120 633247 536741 95668 922183 411384 267566 782512 87742 223417 922789 97584 281881 65166 559408 316846 374258 555739 77859 1047092 241520 410269 548665 934258 465946 985880 68553 783842 678310 637464 972756 208555 1040254 720751 553150 723975 616110 367514 218149 999999999 582843 970738 1057037 544090 918239 168465 771002 344926 273629 936954 724049 172613 541431 834365 264679 1049617 832833 292704 426243 785776 745671 632448 111361 613229 169857 735537 892787 358879 907904 162903 1033214 642143 996011 627494 279600 873008 416089 700552 231286 586743 216032 509193 132219 779088 607536 506726 466724 771555 1031314
234264 737426 791672 164286 474080 313775 536633 159643 169342 297271 739579 317991 621402 132069 671332 404481 272795 580159 275357 517533 463059 521430 593615 453708 613642 271600 345782 355647 172940 563778 709418 598033 556278 830800 702186 132022 738894 571777 333099 884753 66448 553337 647243 737233 968245 756428 458102 805292 682360 403390 582843 999999999 555380 739440 213239 346028 553823 481363 739190 335542 538354 521813 533603 455663 800947 501628 679350 702745 322991 376314 235443 818687 318619 504267 187682 458142 169296 445761 257511 326217 439758 692458 59406 588872 876895 623418 459118 714723 203277 560155 63671 584128 574632 503599 724428 476102 774970 244202 461471 753706
433662 792990 821970 715364 305157 537985 176526 656462 603717 817221 398366 535033 534494 488873 1028986 225605 813073 806116 289516 884004 760018 49087 927282 709907 1025446 413420 653943 599062 726516 990801 183909 1085948 675865 879222 300351 663851 299367 994072 222831 840856 570132 7328 1114063 237019 929507 774102 276681 783465 837090 877143 970738 555380 999999999 224373 767771 606272 851137 233019 924090 819514 39315 328354 834121 479848 564557 1005320 133927 421635 816071 554843 361949 680212 338388 861465 396844 918893 586085 112335 630140 533841 808973 168791 527599 34013 875665 838499 101723 837190 693190 814443 499282 1065159 606002 953034 511956 424527 838815 795494 218564 274057
567418 768145 782308 889557 347328 760917 216942 859186 749513 968885 263183 631834 501903 647682 1098788 449879 975886 847749 495759 969469 834853 233476 996033 778135 1117641 536411 750982 686439 912293 1091577 41886 1209178 698425 839789 164042 830551 126084 1092670 414415 767045 765766 230593 1225814 27815 848077 736079 336570 726959 846518 1004922 1057037 739440 224373 999999999 951922 829514 914043 292170 934987 955560 218541 336370 900275 520274 445425 1139893 102970 318722 956050 631332 574402 587499 459478 945707 560535 1038456 796001 326692 752702 757273 903427 55612 722152 195897 815838 871525 291202 833612 898614 865728 678183 1185876 607965 1065624 419563 454319 810927 967534 299633 70725
418338 840393 897276 83852 670738 419033 746251 167172 266807 194763 935941 454950 781092 317560 639674 602991 135931 637287 483439 506515 509460 734554 589176 524905 552427 456702 424994 465385 41945 498342 922406 473408 663637 926195 907196 150747 946276 508841 546032 1005648 205683 765511 537065 949005 1081314 870020 658908 926390 754601 328287 544090 213239 767771 951922 999999999 416043 578626 686786 790715 271064 751470 715410 560808 615656 976332 371789 892548 892534 251656 507137 430162 971009 517340 502585 394410 382867 253252 657285 338714 433451 446369 905458 244034 801411 984954 677994 672242 795655 171662 607053 273750 467815 708898 429593 900634 650709 870687 79988 668699 963996
525097 1061332 1112607 439324 692217 69009 684504 251849 515361 592263 930604 642167 898787 448730 1009938 381692 543451 923720 361676 859140 808822 598582 937242 796598 941208 552467 689616 690831 385733 888668 789890 887300 883380 1156859 860102 452293 879652 897912 450149 1192177 283833 600606 947920 838984 1279944 1073012 664499 1114786 1020919 719385 918239 346028 606272 829514 416043 999999999 899807 664103 1082223 653221 612173 742782 879605 745836 1041604 785684 738665 916692 636644 699432 281187 1095432 558647 847413 440864 775929 182742 504795 603064 72586 783329 774291 291593 637503 1194211 966953 548581 1049718 246260 905272 370249 879669 882438 823217 968062 743474 1102017 491686 637760 870644
