NAME : synthetic_000459
TYPE : CTSP-D
DIMENSION : 100
GROUPS : 8
RELAXATION_LEVEL : 1
EDGE_WEIGHT_TYPE : EXPLICIT
EDGE_WEIGHT_FORMAT : FULL_MATRIX
EDGE_WEIGHT_SECTION
999999999 957396 566890 907384 480739 995197 824854 210964 507931 808261 376951 519030 618704 479735 929078 636732 737197 789203 891530 814667 869698 1137591 819033 220536 681237 29280 744474 607990 375079 944496 258733 859623 1084836 918132 817040 600486 805403 962770 1079075 887514 888078 864312 914884 540586 1222238 660061 457720 428048 212892 311017 711006 197929 99586 785013 895647 319190 437073 760647 744066 673235 1164883 214685 339201 754407 658562 912137 398826 915138 265855 1151340 1094610 580112 944586 630495 926578 8319 270394 812292 818902 645746 518722 892102 1177473 1202803 927114 38064 794580 1078479 248506 847676 760357 445611 1086250 486706 312270 626271 781324 337502 278408 950418
957396 999999999 409878 813472 622179 660339 727040 763709 500224 503525 589621 822111 874890 558795 913991 363037 279630 592470 752550 315304 90921 414253 413185 737413 626462 968373 416618 657427 585200 201169 824652 596881 150330 828970 567730 528907 227452 385403 248807 498592 499819 629309 321660 461588 328799 789737 617358 762661 745690 682864 363097 874146 909958 180841 69801 651042 521579 263687 459608 699059 254325 860560 665825 423242 329252 270289 579582 203322 692808 322273 536210 395355 720407 454744 702646 949203 697100 340675 346159 869440 829864 390896 423352 310417 151473 973423 924163 134138 725826 165163 469681 617064 235634 659817 711916 362122 427138 619906 680573 46965
566890 409878 999999999 616068 400299 576568 512023 399461 264559 353815 189945 456026 535767 161734 694979 241753 294967 396850 567088 268016 318978 590714 482064 355839 351783 573451 421143 337121 227498 468258 414872 448557 522832 632066 400261 206739 340792 575567 513377 414697 415763 471639 503877 246143 655415 478336 223644 372589 365478 349696 174617 464839 507452 267358 359463 249192 171347 195264 271415 408018 598485 450900 256112 435099 228092 355323 172492 349665 302887 587712 592163 187685 578213 156912 556437 558571 335202 426853 436614 540530 463249 525718 626702 635949 360322 588791 642422 519077 323427 281665 475486 219028 519717 282616 302039 220786 285693 240108 290194 415425
907384 813472 616068 999999999 996205 219757 104156 867036 873154 312297 674577 398525 325796 526617 103114 851516 876431 231329 61259 501684 753706 590632 1077415 802232 270975 892909 1026514 320498 771498 978571 648669 217037 813339 16299 247843 414962 895347 1136701 688622 321188 320102 184586 1061537 860204 806869 250966 501575 479427 811250 879363 497203 711903 808693 792254 813798 685936 746786 584737 375298 242994 806743 694064 622803 1040094 830140 550916 637495 615082 751182 701876 428678 803271 121053 460610 127519 901193 830037 1010961 1020623 296815 401242 1104379 631065 796701 666739 944286 200763 828672 712718 656733 1084267 516860 710782 443198 622309 831176 394338 744231 743636 850519
480739 622179 400299 996205 999999999 976641 892858 280082 141597 753938 336547 728060 831537 472872 1062470 260726 346050 790478 953362 647324 556027 946484 351976 312192 725239 505139 282814 685687 235722 531188 531861 846628 771163 1011502 797922 582764 410058 499750 825733 814138 815236 867832 465983 173940 942579 810290 511949 615583 311945 185197 569315 532204 496324 445135 552390 355285 249434 549976 671564 764768 871337 531848 424121 289658 296132 712269 369960 680195 321320 906194 980572 250807 973025 552459 951328 474810 247814 365552 369544 847120 732931 427554 974881 923142 664894 475339 978528 756285 384673 587626 285241 497818 823094 581399 455695 266040 684974 279544 319179 595970
995197 660339 576568 219757 976641 999999999 211743 908901 840544 222753 692822 535589 495907 545192 315519 784463 784482 207013 172564 376656 618134 377019 984359 847460 314493 986412 945616 389848 776794 845320 745033 138009 631103 228767 185286 415547 787451 1017989 494791 174889 173611 131172 944431 818779 599516 398776 545038 581560 857389 896526 416671 812249 901887 682300 676145 722368 736127 477594 305153 338874 608430 793534 671988 958221 756384 390134 656201 457102 791287 495736 209584 750241 99080 426151 99321 987969 859220 912219 921321 470594 540759 997588 415486 591256 508879 1029357 412610 649391 768545 521694 1005831 559152 517676 508493 686821 766154 297524 763454 781190 702654
824854 727040 512023 104156 892858 211743 999999999 771553 769107 223720 573912 333569 284515 424912 191158 748184 775413 135407 66999 412216 662402 547753 975886 707122 168136 812340 923854 224261 669722 884787 567435 144567 739790 120060 160337 310998 796646 1038957 624266 251540 250683 116226 963759 756048 752342 190098 403445 398327 716392 779530 397927 632770 727524 694580 722447 588284 643519 488847 277654 151790 743886 614440 527226 937492 727363 472310 536657 533627 654687 647607 402671 699340 127928 356909 116148 818272 731924 910349 920057 258880 337839 1004656 590657 740310 584170 860996 219508 753333 619461 566616 981298 418703 645515 349065 530484 727763 301675 644094 646589 761922
210964 763709 399461 867036 280082 908901 771553 999999999 297335 699908 222934 524592 632160 364083 911307 428973 529802 703638 837817 664187 679087 988936 609021 65016 609283 231550 534151 547500 180106 736570 281775 770956 898430 880320 723891 494019 598467 752052 909342 774890 775688 783041 703969 330863 1047147 640674 369357 412791 56707 100714 563838 263914 216426 586652 699086 186620 244255 593677 624973 624042 985041 267874 244397 544360 452981 754678 256635 746856 117934 985456 972640 375871 877303 501250 857040 203849 66876 601342 607938 653907 527382 681614 1025739 1027438 751262 216430 798953 889828 157746 670023 552394 354316 913756 423841 249224 419963 654918 159866 127712 752486
507931 500224 264559 873154 141597 840544 769107 297335 999999999 617882 249014 640975 738907 361505 945333 140272 239045 659964 827198 505800 426821 806390 321712 299644 603503 526972 246227 572278 163635 442536 486304 713079 646093 888829 664703 458229 307714 458978 690393 675502 676626 735773 407344 38692 812512 704725 409885 533557 303980 200149 429587 504444 495152 319658 431292 288687 141315 408496 535538 649714 743142 499130 348959 258209 171496 571337 274445 541209 282550 770601 839137 111799 842011 420102 820243 500603 239532 305198 312268 751020 646768 390486 835674 792881 528667 513148 873393 633127 341798 449884 278314 397364 689081 480358 389765 138179 546481 216280 275107 479714
808261 503525 353815 312297 753938 222753 223720 699908 617882 999999999 479310 421542 427953 337261 411079 566878 576516 91425 252511 189604 441430 378289 778116 641032 172476 803430 733722 241732 558131 666516 573105 103071 520616 328218 64544 209051 588615 827613 416056 79860 80291 133075 752650 596633 554543 327538 350541 427185 651151 679502 198711 640062 721098 484139 501529 515237 514863 275388 82400 236759 535309 621533 472993 746785 540662 251565 443821 310721 583906 453084 289041 529312 237510 205316 216548 800543 646304 708604 718062 412439 428580 799079 422755 540163 360763 839943 430400 532821 569354 344625 793269 362841 435713 332866 495994 547893 83824 548813 572967 539161
376951 589621 189945 674577 336547 692822 573912 222934 249014 479310 999999999 394859 496213 150278 732781 322085 411163 490742 638052 445219 499814 770370 555809 170377 406528 383770 482844 356312 101063 611571 254606 555625 710454 689103 507588 277666 472992 678695 702616 553016 553848 570502 615507 259260 845303 474656 177222 285248 180425 206330 343178 291222 320557 427651 532520 61459 110405 384113 402837 435775 788241 280394 101660 496093 329993 539298 37387 538704 114662 775883 749708 255095 669517 278523 648527 368632 167008 521243 530035 510935 400262 616550 808437 825858 550235 399363 642420 705404 136210 471153 523158 162538 709427 245454 146379 304645 432022 71046 102122 588517
519030 822111 456026 398525 728060 535589 333569 524592 640975 421542 394859 999999999 107580 297794 410297 683031 749891 356725 395627 541192 736311 799799 926787 461456 249691 501572 858811 182485 493426 919819 264001 420277 891310 407187 394373 293766 796560 1030493 817219 493979 493895 410667 959594 644998 962931 147771 238313 113867 468413 568699 462389 321114 419444 715722 789100 374274 499669 559095 402981 199150 931397 304531 304495 872658 677679 637009 366582 676769 423391 866247 693830 618374 461297 367447 447708 513633 507849 878560 888155 130365 7778 977434 844245 946689 715093 556828 278737 896789 368316 661267 905942 247987 833692 173461 280147 662598 447796 448790 420569 841478
618704 874890 535767 325796 831537 495907 284515 632160 738907 427953 496213 107580 999999999 385201 318118 770679 830616 347885 337234 576470 793111 800669 1014392 569025 260518 599506 948705 217480 596094 989370 368033 400443 928862 331324 386400 350561 872493 1110940 840261 490529 490168 383161 1038462 740285 981755 102469 330122 220801 575992 675264 511816 421345 519453 785320 848836 479568 597854 611709 430105 191278 957912 405768 409586 962652 762175 665116 465836 712621 530428 880975 675611 707900 409771 424670 400284 613768 614897 962301 972025 29471 104973 1061254 845029 966846 755545 656721 175927 936877 475851 710636 998094 341861 858608 260499 387250 749900 472476 553099 527288 898743
479735 558795 161734 526617 472872 545192 424912 364083 361505 337261 150278 297794 385201 999999999 589631 386131 452649 341330 488405 342103 468564 659994 630034 303999 256998 478840 563568 212898 244897 629942 277344 407428 655982 541461 359996 129936 501783 733017 619318 414149 414858 421070 662688 358166 766821 343307 61912 210915 314085 356598 239487 337044 401282 428187 514543 178206 224954 311976 266434 291896 718810 320426 140556 577504 379894 442908 112914 458719 247086 685562 617648 322730 519300 151222 498360 471697 314580 580771 590372 393957 304736 679660 700930 748205 482926 508901 511908 655880 234340 412669 613045 58532 630165 125393 174476 365507 301906 221256 236511 569698
929078 913991 694979 103114 1062470 315519 191158 911307 945333 411079 732781 410297 318118 589631 999999999 934193 965218 325835 164008 600652 852026 690542 1165049 846317 343458 911870 1111330 377141 832300 1075439 672124 318973 916322 89689 346583 489423 987615 1230063 791624 424028 422956 286640 1154867 935337 908664 272416 556081 507164 854747 933642 588922 731258 829507 885721 912126 736587 813771 679859 468786 297791 909590 714411 669980 1125072 914842 653147 696574 716836 798622 803779 525029 882635 219589 542894 229011 923535 880360 1100393 1110129 288994 411098 1195201 730179 898804 768286 966768 153470 931521 754238 755592 1168018 571125 813820 491565 662621 913537 491463 800335 792334 950215
636732 363037 241753 851516 260726 784463 748184 428973 140272 566878 322085 683031 770679 386131 934193 999999999 100853 625450 799528 422243 295420 697149 243904 420290 592108 653441 179540 578443 268307 307810 575980 668156 511036 867701 622091 448148 169652 356903 567554 611846 613072 694833 293771 102013 681881 718950 444725 586292 426340 336250 368518 606046 612309 184471 293498 376291 217247 318334 487600 649745 610652 597615 422078 193518 35963 469674 333948 429229 390919 648053 751796 67250 801835 391545 780273 629051 366387 199854 208933 777761 689745 297051 722504 662464 408480 645307 883973 496827 442322 334698 234063 435632 563846 511523 468173 21001 487243 316858 380947 340283
737197 279630 294967 876431 346050 784482 775413 529802 239045 576516 411163 749891 830616 452649 965218 100853 999999999 645860 821006 409755 227714 648737 201672 519880 629602 753536 164210 627412 366594 207360 665698 679555 429912 892730 636521 491980 68885 280697 504769 609614 610889 708634 210192 201659 606449 769544 513754 660202 526189 436861 380274 699674 710480 118366 210296 468299 311881 306946 502847 693060 532969 690258 508193 175721 81588 435762 417959 384767 488229 584342 724969 160037 814025 426431 793015 729473 466962 135454 145253 834736 756979 232734 669238 587538 353899 746102 929800 413368 537058 291312 224623 506644 497804 576496 555254 111452 493370 413442 477780 250318
789203 592470 396850 231329 790478 207013 135407 703638 659964 91425 490742 356725 347885 341330 325835 625450 645860 999999999 175198 277283 527001 452789 847190 641559 112978 781175 798092 189778 579204 749627 541903 70528 611982 247598 38602 213490 664022 905559 504938 142666 142291 79765 830377 642992 640601 245683 338123 383154 651421 696274 266029 609341 696971 561076 587042 517023 544059 354192 143971 160515 624542 590604 465187 811528 602321 342974 453647 401858 585791 537675 337167 581130 182551 240070 160877 781884 655903 780049 789682 329710 363127 873118 497145 626927 451526 823011 339053 624246 561645 431346 856544 352339 525094 302902 479933 605523 166305 561747 576000 626793
891530 752550 567088 61259 953362 172564 66999 837817 827198 252511 638052 395627 337234 488405 164008 799528 821006 175198 999999999 441481 693624 534969 1022378 773498 231524 878780 973046 290900 732774 919027 633846 155868 752316 76438 188355 370601 838067 1078714 628545 260040 258963 123405 1003605 812554 748720 249325 469193 464546 782819 844053 440955 698913 794010 734461 753688 654001 704431 526352 318508 218708 747001 680647 593599 986521 777050 489658 600713 553872 720738 643650 377548 753311 75608 410510 74058 884986 797359 955042 964656 309783 399428 1047667 576204 738146 605563 927754 240081 767539 686194 596471 1031309 484418 650594 415841 597390 779414 335259 708529 712474 789865
814667 315304 268016 501684 647324 376656 412216 664187 505800 189604 445219 541192 576470 342103 600652 422243 409755 277283 441481 999999999 252169 325171 608254 615522 319011 816666 572718 363118 495476 478465 617039 287778 352508 517514 254144 256049 410871 644400 282381 202342 203632 319667 570060 476559 430597 484365 384608 508420 625521 617633 103730 678675 741865 305675 312213 497434 438443 104446 148113 391770 391698 661686 479472 584872 390711 101677 417685 136363 559705 344201 333489 401424 418197 195139 398645 806438 601499 535689 544744 567152 548900 621256 363480 412877 180072 840703 610252 360514 566161 155055 633215 390932 296272 402006 516485 406198 112010 504360 547260 349755
869698 90921 318978 753706 556027 618134 662402 679087 426821 441430 499814 736311 793111 468564 852026 295420 227714 527001 693624 252169 999999999 424858 395939 650315 550202 880000 382999 575833 499588 227657 733732 539746 220980 769583 505945 444444 194120 401758 277096 448575 449850 571751 330075 388723 386615 711167 527586 673708 658811 601642 282545 783393 820332 112332 60107 561164 435583 182262 388331 622072 316349 769732 574975 392055 259895 234645 489028 172315 604458 356878 520309 317931 668604 369939 649583 861469 612268 320684 328126 789102 744034 390589 442868 367138 131144 886679 851638 210863 636010 97645 440799 526939 270789 571793 621016 290763 360751 532300 592118 105647
1137591 414253 590714 590632 946484 377019 547753 988936 806390 378289 770370 799799 800669 659994 690542 697149 648737 452789 534969 325171 424858 999999999 818644 940690 550630 1138283 807638 619040 817739 614836 927279 406926 315675 601785 414314 553369 618742 799107 171287 310143 310501 431926 735774 772544 227125 698445 694298 797248 950692 938472 427723 991709 1061244 530376 463744 821917 758452 402954 410688 611596 254182 973954 799861 816876 661665 237467 742364 267920 884798 130646 175437 695686 470973 508887 463197 1129417 925634 743778 750652 782136 806858 803898 44503 222353 295033 1164569 766724 339020 889320 362587 865656 703050 190903 695710 833726 686147 367227 829070 872378 461051
819033 413185 482064 1077415 351976 984359 975886 609021 321712 778116 555809 926787 1014392 630034 1165049 243904 201672 847190 1022378 608254 395939 818644 999999999 619779 826801 840550 75583 818993 483320 238979 804296 881171 553993 1093710 838187 685889 203208 147880 660161 809500 810782 910304 129674 299688 734490 960399 688477 828614 623352 508358 581862 825744 815181 304951 355495 604151 446023 506965 704418 887887 659133 819852 657390 64662 254055 623560 572513 566153 604105 735332 913024 308706 1015618 623743 994640 812259 557470 75285 67995 1021036 933456 75706 832853 717454 527048 818904 1123725 532597 662345 477729 76279 679132 648387 755427 701730 264561 694857 535670 596313 370000
220536 737413 355839 802232 312192 847460 707122 65016 299644 641032 170377 461456 569025 303999 846317 420290 519880 641559 773498 615522 650315 940690 619779 999999999 545613 234315 544221 482959 154865 727158 226720 709452 867019 815460 662804 433681 587459 758622 868969 717066 717824 720732 705592 328470 1009544 575824 305727 349011 10180 127417 513545 220057 195556 564477 675217 125812 216546 551103 567764 559241 949835 220458 179902 555484 440105 708845 200837 705434 57331 943544 917274 361231 813917 445481 793800 212455 64965 604197 611534 590294 464479 689889 978581 989944 713507 236460 734729 859899 93414 633010 569010 290813 874677 359040 184511 408488 599453 118469 69038 729908
681237 626462 351783 270975 725239 314493 168136 609283 603503 172476 406528 249691 260518 256998 343458 592108 629602 112978 231524 319011 550202 550630 826801 545613 999999999 672011 770346 76827 501672 761115 430761 182465 670203 286274 147944 146022 658956 902196 579925 244492 244448 183341 827448 592270 722366 165383 239937 270249 555174 612577 268960 498086 587426 561812 608547 424037 475814 368387 171117 72879 697401 479355 366325 784192 574345 404836 369189 454230 491610 622764 447639 539333 268561 203242 248869 674107 566675 765021 774832 248844 256584 861823 595117 707116 499039 715812 304180 679203 461204 461314 826164 254970 598131 194875 375672 571314 212294 477043 482846 654712
29280 968373 573451 892909 505139 986412 812340 231550 526972 803430 383770 501572 599506 478840 911870 653441 753536 781175 878780 816666 880000 1138283 840550 234315 672011 999999999 765701 597830 389139 960894 244936 851687 1093621 903310 809941 596798 821407 983465 1084016 882973 883498 855325 934287 558717 1228098 644324 453259 414378 227490 332193 712936 181194 84907 797747 907590 324485 449965 765974 741219 661078 1171926 198853 338495 775890 674192 915059 403357 920178 275581 1155337 1090857 595421 933392 630015 915748 31967 288011 831921 838720 626950 500909 913138 1178651 1208754 933727 62290 775427 1087860 251650 854911 783059 441777 1091768 478278 308153 642297 779422 348981 287884 962698
744474 416618 421143 1026514 282814 945616 923854 534151 246227 733722 482844 858811 948705 563568 1111330 179540 164210 798092 973046 572718 382999 807638 75583 544221 770346 765701 999999999 757978 408275 269550 729813 836340 563912 1042767 791797 627168 191074 219183 656665 771000 772266 864411 184296 225193 744422 898444 620781 758594 547836 433576 535422 750455 739650 279949 352338 529964 372670 469065 657195 828982 669298 744733 584503 13989 196531 599518 500931 546828 528710 734520 888981 240846 970768 568481 949469 737625 482022 89992 91046 956461 865328 147748 825637 726447 512820 745037 1063486 544212 587237 454422 60526 610833 647251 688759 628318 200541 651610 460726 521025 377741
607990 657427 337121 320498 685687 389848 224261 547500 572278 241732 356312 182485 217480 212898 377141 578443 627412 189778 290900 363118 575833 619040 818993 482959 76827 597830 757978 999999999 455284 775764 355267 259222 715308 334404 224122 136784 663968 905406 635689 317385 317453 258760 831678 565639 780843 142165 181247 193427 492188 559571 294341 422419 513046 572620 631959 365440 437713 394250 221215 79496 750874 403711 303108 771952 564938 456417 319769 499436 431011 683786 522936 520539 337345 209153 318830 601022 509543 761656 771471 213832 189897 859978 663383 764777 540469 643121 305628 722257 395304 493325 811305 196516 652608 125067 306982 557442 265761 424955 423257 681436
375079 585200 227498 771498 235722 776794 669722 180106 163635 558131 101063 493426 596094 244897 832300 268307 366594 579204 732774 495476 499588 817739 483320 154865 501672 389139 408275 455284 999999999 573488 322670 641310 718471 786299 592653 366055 433555 615802 731018 627662 628602 658591 558540 184182 867575 575656 277824 381981 162190 123250 399419 342803 344060 410344 521795 126688 64169 417907 478180 534768 805021 336540 191704 420701 286084 581378 135918 569499 123075 807948 815623 207054 760261 353041 738944 367067 113281 459107 467081 611419 498532 549523 853020 847844 571973 388728 743482 710144 179039 490588 441935 263321 734800 346474 228856 255180 501680 52650 113922 576058
944496 201169 468258 978571 531188 845320 884787 736570 442536 666516 611571 919819 989370 629942 1075439 307810 207360 749627 919027 478465 227657 614836 238979 727158 761115 960894 269550 775764 573488 999999999 864508 766218 324238 994585 730796 639559 140027 184309 447005 676229 677505 798002 125090 406575 502163 915899 691829 840840 733525 642194 492954 902279 916949 204314 169203 670569 517155 396580 607841 830823 427375 891931 704723 270832 287436 458286 613906 392697 694392 515980 735132 366473 895981 566680 876785 936790 674188 180140 181247 989086 927289 198182 621875 486180 343968 952978 1065163 301414 741207 325139 308783 687195 431630 747865 752215 318671 584323 619338 683658 154204
258733 824652 414872 648669 531861 745033 567435 281775 486304 573105 254606 264001 368033 277344 672124 575980 665698 541903 633846 617039 733732 927279 804296 226720 430761 244936 729813 355267 322670 864508 999999999 612325 930740 659401 572757 374460 726788 931714 896312 652934 653326 613878 869698 504666 1044011 401757 233454 169519 230584 351268 515838 67458 160241 674583 773466 200516 360043 588080 519317 416324 995998 48733 160706 742519 584595 718503 251064 736063 211227 961220 862145 509299 689069 422391 671742 252643 286662 774158 782732 393422 264666 867982 969604 1025458 759396 295823 542409 929344 147918 686952 764601 226150 907433 240963 113423 558979 560979 270033 215234 829595
859623 596881 448557 217037 846628 138009 144567 770956 713079 103071 555625 420277 400443 407428 318973 668156 679555 70528 155868 287778 539746 406926 881171 709452 182465 851687 836340 259222 641310 766218 612325 999999999 598802 232292 48844 278040 691337 929589 480120 107437 106516 32465 854740 693699 607933 298268 407385 452621 719380 760084 300967 679751 767498 586668 599678 584397 602947 377899 180678 221369 599621 661013 534185 849461 642647 334179 518838 398056 653304 503315 275859 628392 134511 294187 113477 852284 721720 811657 821109 379335 426308 901906 450545 595783 449704 893333 363517 613333 630820 442265 895745 421386 501553 373422 549956 648887 186706 626420 643244 634650
1084836 150330 522832 813339 771163 631103 739790 898430 646093 520616 710454 891310 928862 655982 916322 511036 429912 611982 752316 352508 220980 315675 553993 867019 670203 1093621 563912 715308 718471 324238 930740 598802 999999999 827657 580570 600019 376802 503262 146782 492395 493446 630631 449326 607674 180811 835464 709867 847631 875817 822496 431681 985180 1030073 326915 219718 771047 654311 344330 499199 742532 105481 970250 776489 569715 476484 269121 695324 216241 818985 198459 468975 538446 706897 529991 692199 1076555 831555 484163 488690 918939 899066 522096 311626 163472 176688 1103423 951016 24055 845723 243788 614887 712277 125312 741552 820536 508661 458565 748582 806453 186182
918132 828970 632066 16299 1011502 228767 120060 880320 888829 328218 689103 407187 331324 541461 89689 867701 892730 247598 76438 517514 769583 601785 1093710 815460 286274 903310 1042767 334404 786299 994585 659401 232292 827657 999999999 263809 430607 911609 1152922 702076 335781 334680 199828 1077761 876052 819123 260098 515603 490407 824423 893631 513492 722196 819260 808483 829668 699756 762070 600908 391563 256387 819940 704462 636219 1056350 846382 565877 652076 630242 764724 714203 438211 819324 131049 476721 139417 912016 843910 1027260 1036921 302116 409652 1120664 641846 809179 681966 955153 198718 843159 725612 672551 1100496 530883 724313 456504 634988 847350 410405 758606 757300 866181
817040 567730 400261 247843 797922 185286 160337 723891 664703 64544 507588 394373 386400 359996 346583 622091 636521 38602 188355 254144 505945 414314 838187 662804 147944 809941 791797 224122 592653 730796 572757 48844 580570 263809 999999999 230269 650876 890772 469967 104287 103872 72753 815720 645717 604024 284131 362446 416823 672777 711689 256602 640207 726155 546807 566048 537469 554103 338329 134698 198986 589708 621490 488711 805034 597280 312331 470926 373290 606420 500684 300043 581100 179776 245463 158183 809592 673934 769544 779075 367976 400871 861003 458645 590649 423890 850252 371782 593614 585472 409169 850914 376136 490483 332392 506176 602618 146944 578285 596197 603633
600486 528907 206739 414962 582764 415547 310998 494019 458229 209051 277666 293766 350561 129936 489423 448148 491980 213490 370601 256049 444444 553369 685889 433681 146022 596798 627168 136784 366055 639559 374460 278040 600019 430607 230269 999999999 527283 769050 538084 287458 288074 293153 695149 446314 686108 278598 143883 252455 443733 482823 168997 439849 515716 436067 499029 307981 334018 265477 145318 202028 647307 421771 263968 641084 432201 356533 240804 388140 376917 596116 494175 393835 394234 74528 372892 592671 443705 626757 636581 349528 301540 724706 596112 668632 423353 631566 438110 604426 360308 367501 682098 155031 552317 146324 288664 427237 186538 348564 366430 550010
805403 227452 340792 895347 410058 787451 796646 598467 307714 588615 472992 796560 872493 501783 987615 169652 68885 664022 838067 410871 194120 618742 203208 587459 658956 821407 191074 663968 433555 140027 726788 691337 376802 911609 650876 527283 999999999 243317 465651 613176 614465 721676 168496 270493 556232 805875 563556 711717 593951 505746 398719 763133 776924 105241 161494 531418 377187 313508 520051 725413 481582 753110 567782 199115 147471 420516 477044 363044 554367 543455 709844 226507 824955 457766 804500 797641 535333 128112 136330 874710 803841 210755 635404 537866 325129 814691 962087 358462 601538 274818 247351 557660 456194 623287 615158 179149 504792 479324 543650 192202
962770 385403 575567 1136701 499750 1017989 1038957 752052 458978 827613 678695 1030493 1110940 733017 1230063 356903 280697 905559 1078714 644400 401758 799107 147880 758622 902196 983465 219183 905406 615802 184309 931714 929589 503262 1152922 890772 769050 243317 999999999 630802 845820 847109 960552 75199 432087 676784 1047525 793837 939229 762877 651754 641231 958222 954113 344486 347250 731345 571719 552443 761708 968249 603387 951002 778973 210661 354809 636104 690641 572001 738406 698211 917388 424143 1062037 700551 1042049 955809 697854 157557 149054 1114492 1037552 72202 805552 662034 525059 963997 1205043 479714 794067 496560 220047 786272 614890 857143 824952 375336 743982 667140 729701 338444
1079075 248807 513377 688622 825733 494791 624266 909342 690393 416056 702616 817219 840261 619318 791624 567554 504769 504938 628545 282381 277096 171287 660161 868969 579925 1084016 656665 635689 731018 447005 896312 480120 146782 702076 469967 538084 465651 630802 999999999 372771 373654 510580 569778 653844 148258 741949 665518 790539 878501 845550 380626 956167 1013292 388648 305441 759970 668060 318507 414477 649603 119772 939718 752079 664706 531597 181651 680682 163940 816232 80509 323046 578696 576716 476681 563874 1070763 843356 586387 592521 826775 824804 639649 174897 130548 162032 1101946 841144 169316 832414 242767 712571 670936 22986 684258 792115 559986 370068 751991 803541 294753
887514 498592 414697 321188 814138 174889 251540 774890 675502 79860 553016 493979 490529 414149 424028 611846 609614 142666 260040 202342 448575 310143 809500 717066 244492 882973 771000 317385 627662 676229 652934 107437 492395 335781 104287 287458 613176 845820 372771 999999999 1291 138558 771788 651452 502483 388348 429870 505647 727218 750085 246752 719913 800801 507954 507667 591452 581012 302707 150256 301904 492352 701378 551313 783540 582949 231059 518297 296716 659797 398398 209230 580716 221817 275427 204276 879761 719666 737499 746637 472264 500753 823598 354525 489795 348868 918930 469444 507500 647365 351177 831282 441932 394141 412558 575303 593998 129165 621547 648603 538492
888078 499819 415763 320102 815236 173611 250683 775688 676626 80291 553848 493895 490168 414858 422956 613072 610889 142291 258963 203632 449850 310501 810782 717824 244448 883498 772266 317453 628602 677505 653326 106516 493446 334680 103872 288074 614465 847109 373654 1291 999999999 137570 773078 652604 503198 387966 430418 505855 727975 751007 247915 720319 801296 509243 508937 592198 582014 303985 151116 301648 493220 701779 551950 784807 584188 232234 519103 297915 660559 399078 208862 581895 220589 276315 203073 880328 720515 738785 747923 471844 500660 824888 354871 490543 350071 919521 468663 508578 648025 352456 832546 442505 395044 412910 575857 595215 130262 622410 649375 539737
864312 629309 471639 184586 867832 131172 116226 783041 735773 133075 570502 410667 383161 421070 286640 694833 708634 79765 123405 319667 571751 431926 910304 720732 183341 855325 864411 258760 658591 798002 613878 32465 630631 199828 72753 293153 721676 960552 510580 138558 137570 999999999 885629 717465 636556 281972 416475 450973 730556 775972 329076 681116 770763 617212 631723 596455 622442 408451 207430 211810 629888 662397 543670 877622 670015 366514 533412 430498 665150 531707 292922 653481 107120 315807 85467 857125 735632 841263 850757 360646 416319 932093 475076 624788 482162 898645 335731 645344 639876 474334 923587 430892 532189 377635 556838 675339 216893 641502 655458 666978
914884 321660 503877 1061537 465983 944431 963759 703969 407344 752650 615507 959594 1038462 662688 1154867 293771 210192 830377 1003605 570060 330075 735774 129674 705592 827448 934287 184296 831678 558540 125090 869698 854740 449326 1077761 815720 695149 168496 75199 569778 771788 773078 885629 999999999 377146 626981 973723 723898 870353 710511 604831 566048 899199 900356 269301 277654 670040 510765 477397 686517 893823 552327 891127 714662 180011 287535 564720 625312 501533 681607 640201 848382 360441 987383 626139 967322 907654 646783 102883 97222 1041496 966733 73838 744627 611145 455907 918494 1130542 426489 735167 423588 205559 716836 555168 786138 761195 310870 668977 608801 672282 275147
540586 461588 246143 860204 173940 818779 756048 330863 38692 596633 259260 644998 740285 358166 935337 102013 201659 642992 812554 476559 388723 772544 299688 328470 592270 558717 225193 565639 184182 406575 504666 693699 607674 876052 645717 446314 270493 432087 653844 651452 652604 717465 377146 999999999 774735 700972 410184 540271 333532 235650 404780 526985 523276 281094 392617 304789 148891 377316 514600 641796 705072 520566 360735 238041 132808 538600 280540 506405 306366 734164 810032 76887 824204 403001 802431 533106 270707 276185 283828 750987 651090 365356 801069 755131 492379 547200 869154 594578 363125 414268 263947 398559 652119 480217 403714 99501 522912 236217 297872 441048
1222238 328799 655415 806869 942579 599516 752342 1047147 812512 554543 845303 962931 981755 766821 908664 681881 606449 640601 748720 430597 386615 227125 734490 1009544 722366 1228098 744422 780843 867575 502163 1044011 607933 180811 819123 604024 686108 556232 676784 148258 502483 503198 636556 626981 774735 999999999 882023 813635 938543 1018884 978508 528606 1103386 1158741 497738 396627 903652 803851 462256 559965 790534 75379 1087087 898332 750393 646470 329575 824884 309018 957990 105082 402510 702193 689758 624917 679707 1213920 980637 664962 669435 966941 970459 700341 199127 19773 296110 1244035 971421 201905 976805 377138 795689 818900 136860 832348 939027 677318 515147 891711 945302 366842
660061 789737 478336 250966 810290 398776 190098 640674 704725 327538 474656 147771 102469 343307 272416 718950 769544 245683 249325 484365 711167 698445 960399 575824 165383 644324 898444 142165 575656 915899 401757 298268 835464 260098 284131 278598 805875 1047525 741949 388348 387966 281972 973723 700972 882023 999999999 298356 234976 583993 669032 428631 463133 560775 713484 768521 470797 566539 528906 336494 92991 860323 445678 402373 912430 706388 569244 440356 619580 530047 780532 573780 659683 317811 349527 306040 654193 613093 903670 913481 84922 150901 1002064 742771 867460 664354 697423 168767 844579 483126 624645 950932 312503 760799 229207 391498 697956 377136 538751 524592 816358
457720 617358 223644 501575 511949 545038 403445 369357 409885 350541 177222 238313 330122 61912 556081 444725 513754 338123 469193 384608 527586 694298 688477 305727 239937 453259 620781 181247 277824 691829 233454 407385 709867 515603 362446 143883 563556 793837 665518 429870 430418 416475 723898 410184 813635 298356 999999999 149088 315337 378438 285148 297418 371855 489872 574772 184842 269727 365610 289054 260197 768618 279674 127208 634658 439995 486259 142110 507665 251784 728720 637612 380156 508198 189507 488135 450011 328615 640828 650375 341209 245024 739591 736403 795388 535136 489620 466787 710806 223522 467722 668782 15287 677610 70501 145454 424318 329182 244303 243301 629628
428048 762661 372589 479427 615583 581560 398327 412791 533557 427185 285248 113867 220801 210915 507164 586292 660202 383154 464546 508420 673708 797248 828614 349011 270249 414378 758594 193427 381981 840840 169519 452621 847631 490407 416823 252455 711717 939229 790539 505647 505855 450973 870353 540271 938543 234976 149088 999999999 356308 454832 416642 234448 329757 638943 722375 260947 392777 505554 387253 247905 899148 216118 191492 772279 584500 608972 259815 639008 309650 847691 713611 520133 521211 318040 504472 421792 394120 784648 794052 241301 117983 882926 840953 921087 671289 464864 386536 850264 255633 608624 803270 154058 804683 106605 166450 566426 431750 336057 306712 776795
212892 745690 365478 811250 311945 857389 716392 56707 303980 651151 180425 468413 575992 314085 854747 426340 526189 651421 782819 625521 658811 950692 623352 10180 555174 227490 547836 492188 162190 733525 230584 719380 875817 824423 672777 443733 593951 762877 878501 727218 727975 730556 710511 333532 1018884 583993 315337 356308 999999999 126773 523603 220972 191856 572253 683224 135918 224468 560738 577932 568275 958976 222228 189238 558953 446704 718709 211006 715019 67507 953189 927453 367942 823535 455660 803451 204878 66548 608887 616126 597514 471320 693866 988533 999274 722819 227868 742331 868559 101049 642245 571662 300461 884115 368095 192524 414875 609633 127458 79207 737797
311017 682864 349696 879363 185197 896526 779530 100714 200149 679502 206330 568699 675264 356598 933642 336250 436861 696274 844053 617633 601642 938472 508358 127417 612577 332193 433576 559571 123250 642194 351268 760084 822496 893631 711689 482823 505746 651754 845550 750085 751007 775972 604831 235650 978508 669032 378438 454832 126773 999999999 522494 347421 313403 503156 616230 198273 180037 536811 600261 638635 913422 347779 267500 443700 363001 701453 243713 686046 146462 923638 938872 288826 875718 474949 854667 304089 64613 502038 508419 694060 572643 581131 972929 958736 684770 313725 833603 812207 207415 603310 451895 363220 847968 442257 288976 329396 624644 135538 148182 668018
711006 363097 174617 497203 569315 416671 397927 563838 429587 198711 343178 462389 511816 239487 588922 368518 380274 266029 440955 103730 282545 427723 581862 513545 268960 712936 535422 294341 399419 492954 515838 300967 431681 513492 256602 168997 398719 641231 380626 246752 247915 329076 566048 404780 528606 428631 285148 416642 523603 522494 999999999 576499 638306 297227 340086 394228 345712 100307 122576 340084 484110 559756 375901 548589 341953 203513 314640 223148 457322 446082 417563 334145 435351 98604 414050 702783 502366 514087 523703 506885 470167 607187 466745 510283 255032 737243 572470 435579 462503 199534 594778 290313 392464 310230 413524 349820 119159 404403 444969 387858
197929 874146 464839 711903 532204 812249 632770 263914 504444 640062 291222 321114 421345 337044 731258 606046 699674 609341 698913 678675 783393 991709 825744 220057 498086 181194 750455 422419 342803 902279 67458 679751 985180 722196 640207 439849 763133 958222 956167 719913 720319 681116 899199 526985 1103386 463133 297418 234448 220972 347421 576499 999999999 98358 717971 820321 231727 388839 644637 585014 482164 1053534 18738 208931 762610 618100 779795 295097 794711 222011 1022518 929084 540694 755270 484930 738173 192654 284487 801116 809290 448094 320800 892316 1033738 1084634 815908 235787 597074 982769 164171 741658 780869 288952 966597 308293 164935 590404 626167 291091 229433 876492
99586 909958 507452 808693 496324 901887 727524 216426 495152 721098 320557 419444 519453 401282 829507 612309 710480 696971 794010 741865 820332 1061244 815181 195556 587426 84907 739650 513046 344060 916949 160241 767498 1030073 819260 726155 515716 776924 954113 1013292 800801 801296 770763 900356 523276 1158741 560775 371855 329757 191856 313403 638306 98358 999999999 744308 851690 259360 400274 696673 660685 576206 1104800 115171 262405 750804 629578 841413 335176 849937 222661 1082974 1009188 550590 848485 552365 830855 94336 258077 799338 806784 546349 419158 885445 1102199 1139583 866271 137431 695267 1025578 184502 788868 763113 361023 1022018 394096 227997 599151 699798 297838 233742 907433
785013 180841 267358 792254 445135 682300 694580 586652 319658 484139 427651 715722 785320 428187 885721 184471 118366 561076 734461 305675 112332 530376 304951 564477 561812 797747 279949 572620 410344 204314 674583 586668 326915 808483 546807 436067 105241 344486 388648 507954 509243 617212 269301 281094 497738 713484 489872 638943 572253 503156 297227 717971 744308 999999999 113082 488701 347965 208779 417227 630107 426202 705997 513877 290398 149599 320288 423971 266993 523422 468735 610077 214822 720059 363958 699693 776927 520518 231009 239800 785497 723218 315915 551208 478402 235618 798991 865879 313486 562365 174668 339604 486087 382982 544206 561234 181824 400341 448955 511620 165870
895647 69801 359463 813798 552390 676145 722447 699086 431292 501529 532520 789100 848836 514543 912126 293498 210296 587042 753688 312213 60107 463744 355495 675217 608547 907590 352338 631959 521795 169203 773466 599678 219718 829668 566048 499029 161494 347250 305441 507667 508937 631723 277654 392617 396627 768521 574772 722375 683224 616230 340086 820321 851690 113082 999999999 593946 458758 240166 447961 680098 322779 807444 613376 359841 260021 289608 525227 224817 632423 382387 570752 327851 728135 424544 709237 887509 632755 281198 287613 845596 796783 342004 477376 377912 178254 910504 910670 203938 668369 157424 407349 573075 295100 622248 660165 293116 420817 558622 620387 56179
319190 651042 249192 685936 355285 722368 588284 186620 288687 515237 61459 374274 479568 178206 736587 376291 468299 517023 654001 497434 561164 821917 604151 125812 424037 324485 529964 365440 126688 670569 200516 584397 771047 699756 537469 307981 531418 731345 759970 591452 592198 596455 670040 304789 903652 470797 184842 260947 135918 198273 394228 231727 259360 488701 593946 999999999 159628 441660 442435 443624 847626 221959 69998 542826 386787 593633 79885 596050 68960 832185 792614 310104 691401 321191 670983 310886 144205 573805 582326 497245 378785 667468 860880 884291 609311 343561 635477 766294 74873 530842 566583 169595 767413 245067 102257 359873 475032 76374 59030 649925
