NAME : synthetic_000702
TYPE : CTSP-D
DIMENSION : 100
GROUPS : 8
RELAXATION_LEVEL : 1
EDGE_WEIGHT_TYPE : EXPLICIT
EDGE_WEIGHT_FORMAT : FULL_MATRIX
EDGE_WEIGHT_SECTION
999999999 1084607 609712 722751 554353 492483 186123 139042 80474 515531 526216 1106875 857875 205979 451454 679503 83965 412164 306104 177653 436962 572268 449584 809288 622040 861530 422183 173123 360377 458552 766883 423906 466462 604826 751267 410692 671376 995257 150251 736799 677543 417981 622221 365156 566289 80901 751789 760110 737472 786836 457443 700659 756067 970647 747136 545646 882215 441441 18306 664651 93666 551337 829296 496854 310625 412962 381913 640964 776086 477026 225369 454513 128970 639326 243970 449830 807911 879121 145902 525782 406676 754055 421121 414358 528157 694189 372268 691274 374790 1000247 450736 48071 536166 954357 319691 91721 694519 554306 497839 426089
1084607 999999999 517008 375325 629636 627705 935937 945569 1142147 948105 572913 113855 538207 1025998 634149 765781 1075289 770839 929763 914617 666408 516765 726209 847935 769077 312069 695310 1028148 844142 871424 511635 895508 811489 537054 841353 675329 805036 148755 1127883 720792 465122 748468 776496 1025266 518383 1075114 459925 448851 481006 343541 746642 515986 670701 255340 363239 539275 204418 731792 1082129 453527 1024331 882098 750893 782077 880724 719277 1000968 811476 407515 1027858 944117 885470 978887 450377 871563 638405 279962 274234 984215 591139 906473 426313 984223 945216 737560 545322 712586 667081 869206 84379 805639 1125330 893763 237480 873766 1010341 922438 950924 654746 765460
609712 517008 999999999 265914 123118 118703 438658 476035 653378 691947 251453 575185 593319 515364 223799 636948 582032 253852 413458 432099 173171 105024 209267 781994 313716 425765 339596 521694 327328 590546 491738 383303 535136 330457 444033 254228 663803 400117 691864 336884 334470 231859 321042 685042 159791 622795 157774 426639 432548 182973 454729 427223 614128 511268 153867 171095 317507 420923 611953 291770 572464 655066 725168 525535 511191 371578 671066 649637 168547 739445 435809 377515 530932 110573 452030 242263 287356 416999 546812 296644 392603 147790 674982 636099 239284 450703 272491 561779 352422 436493 518011 643338 656446 483080 508534 553780 769782 715036 137739 451960
722751 375325 265914 999999999 385004 329907 593326 584930 786620 596022 199681 384242 340089 697031 273585 458687 724506 480077 621977 561869 343633 197115 443368 582318 579566 165202 320345 692324 545183 509404 249049 624572 448267 170473 705137 313114 494080 333482 754727 591547 114620 454529 586917 654563 169547 705706 341618 174600 191211 233121 377268 203642 399216 264611 193529 185647 195593 358972 718320 84940 655630 537457 506011 422771 505561 343952 631613 490691 305086 668495 614335 625326 610039 155732 499248 273060 99380 167022 612925 215856 629879 303196 618662 578765 499869 234269 353120 364878 578958 294004 439523 766136 545935 241615 498725 643238 612044 605889 377309 393303
554353 629636 123118 385004 999999999 102021 371387 432236 585373 731770 326263 694291 701671 427073 264585 713131 512320 155144 314276 380513 157204 200118 110224 863020 201834 547237 380332 439381 227547 629511 597337 265875 580335 422077 345166 279093 735569 502825 658065 255305 440571 140419 208607 696178 251327 582423 205453 537332 539371 287078 503214 528610 705624 634305 268765 253788 435168 466963 559989 399411 535039 705801 815860 577911 522826 410273 687014 717578 242601 766254 354026 257116 498660 229626 443984 285610 410394 539682 520085 370033 277064 219933 698297 661983 116211 548704 279446 648070 244857 551657 561089 581218 704142 606189 522358 514328 833088 759539 60951 493043
492483 627705 118703 329907 102021 999999999 319955 360877 534762 629994 232537 677131 623173 399326 163298 615177 463334 151216 303639 314865 61582 132813 113600 766114 293605 495097 278341 404159 220550 527695 517163 294676 478315 334236 442160 177258 636338 516877 581101 357086 363892 126187 299629 599310 172581 509427 262523 463701 461292 300897 401328 445659 614064 591545 267777 168634 424686 365021 495403 325693 459856 603839 723266 476143 425097 308257 588856 617552 283621 666043 318639 296472 419982 186365 352346 184335 377942 494240 438257 274463 300147 261688 598571 561712 188543 462805 180436 554288 251277 545326 459077 525183 602123 565873 424068 440391 732053 657564 55659 391034
186123 935937 438658 593326 371387 319955 999999999 104087 215529 562723 412086 971120 791683 117020 322393 667459 143443 226114 142265 58913 271189 419326 264525 813169 439940 746775 340403 101785 176839 479075 690719 255263 462653 508855 575546 286877 670235 834345 313129 552767 572930 232956 440699 450399 426191 232248 572633 666662 650017 620240 422267 618438 719301 853828 584408 408144 731552 394039 194749 550428 196286 575599 810096 483573 322302 345578 456125 642113 600855 553223 59929 284505 180024 485568 220082 328289 667607 757922 210341 426166 240282 578382 486295 464588 342535 620059 246100 652087 197127 851943 442738 209844 564609 833523 328561 174609 723694 600238 317245 393610
139042 945569 476035 584930 432236 360877 104087 999999999 203217 465074 390099 968769 740299 200280 312743 589165 150818 303963 246150 56519 302883 433800 334586 729958 529992 726949 293487 172854 269573 387101 644523 356891 378457 474080 671011 272195 587782 857155 227062 638370 544797 303776 531552 346646 427274 150191 622818 631291 610599 650491 350552 575456 652230 835860 609830 406691 743217 327819 137731 529409 103989 483841 735822 403432 229065 289507 353240 558561 643822 450748 163630 385327 77440 500777 134145 311873 669098 743135 107012 393167 342704 622197 384735 365243 425286 572119 233371 585602 295541 861207 359728 181207 471554 818622 236423 82568 631830 503200 373099 319924
80474 1142147 653378 786620 585373 534762 215529 203217 999999999 593592 593144 1169682 935311 188207 513324 759957 73129 435331 305243 227533 483444 626310 476733 889498 627572 930153 494762 160710 374140 538757 842767 419257 546874 676525 746465 473508 751809 1046318 205350 745109 747843 445514 626776 439346 625584 153773 787873 833098 811457 833997 536319 775365 835806 1039037 796691 605719 938456 519069 95902 732574 174108 631089 909721 577097 390988 487747 457767 721382 816362 551235 236061 449833 208193 693328 320783 513891 868312 946054 226339 596104 401042 793903 497803 492885 543692 770092 433664 770744 380358 1057811 531030 35354 615720 1021605 400024 171356 773480 632261 532470 504965
515531 948105 691947 596022 731770 629994 562723 465074 593592 999999999 450260 915371 498548 664958 472342 235768 584271 680354 695870 504262 576870 593149 684976 315627 904006 642904 354271 635967 685472 102346 458738 788922 157524 426027 1056117 452736 206192 929296 416279 985079 488128 664895 908334 168366 545433 440492 843890 504481 471960 792786 238121 434085 348207 734996 744425 527748 791032 271035 498462 511085 424750 73429 369851 174936 241896 322959 142290 179650 834599 90276 621802 812072 406189 634079 345628 452201 693614 677649 378703 409246 779182 820656 100219 101733 789154 406973 456150 309857 721787 875675 173940 558370 57165 735254 236931 435333 182400 38849 676486 240653
526216 572913 251453 199681 326263 232537 412086 390099 593144 450260 999999999 582966 402744 523366 94630 388621 534537 356112 468790 373220 209743 147244 333299 537178 525263 337454 124102 513583 405717 352007 296500 501805 292937 107166 671398 125299 413593 511932 555355 576810 161268 331350 531501 474556 95716 506255 395906 258256 246615 346017 212871 222584 381535 446059 297562 80509 380920 183854 520853 139735 456407 407027 490824 278408 313599 151765 454903 398466 384357 508307 443010 511213 410839 184069 299589 84142 293110 353080 413251 45277 502042 370787 449658 409394 420734 234887 165986 322174 444064 490060 278312 570765 410011 428526 307747 444585 518330 469784 288148 218205
1106875 113855 575185 384242 694291 677131 971120 968769 1169682 915371 582966 999999999 468111 1068654 656419 715496 1106046 825684 980655 943580 707916 555014 782730 780890 850118 273690 699749 1067430 897306 847611 462132 958389 789893 527239 933736 696618 754975 252754 1135362 812249 451440 801879 857668 1009092 545413 1089151 543729 411079 443522 417139 732724 482194 612180 185267 425897 564493 259390 723213 1102558 450471 1039373 845963 680968 757909 877306 720005 983109 765296 490417 999382 985872 951356 993802 492200 881590 657053 303682 242451 995640 592829 967771 506697 962076 924541 806862 508424 736075 619094 925663 152486 786909 1149941 859290 180271 869596 1027321 869085 913674 711194 755104
857875 538207 593319 340089 701671 623173 791683 740299 935311 498548 402744 468111 999999999 907973 495959 269135 891064 757870 868030 742399 611010 501562 731737 312781 902832 244515 451649 892425 808281 463328 106506 904224 420956 295604 1037343 518597 306548 585491 828255 927536 261114 732732 909816 633288 452207 810370 681491 167331 162396 565848 402951 180161 155389 285503 531281 454552 465522 416436 846838 302557 769747 425119 213375 385304 559850 451043 604197 324947 642832 588604 832297 912553 729210 484653 614528 481440 387717 282097 717433 373630 904754 642545 571816 542075 809460 172181 555518 190914 846769 491349 428545 905864 441907 300727 550546 766573 410773 485421 677684 433892
205979 1025998 515364 697031 427073 399326 117020 200280 188207 664958 523366 1068654 907973 999999999 431209 782283 125729 271964 121672 172170 360984 513670 317043 926429 442392 854383 457112 33272 201784 586946 806370 231573 574982 622785 558275 398244 783660 915437 355194 560727 684630 288309 441132 538059 527867 278625 632523 779989 764412 698232 538122 733679 836123 960078 667042 511467 822046 510588 222008 659893 261219 683728 926020 597504 428937 462596 548056 755054 667574 645976 82890 262006 263254 577705 330148 439224 765245 863256 293368 540253 213232 644793 581918 564549 366909 736123 358079 768917 198938 942904 555507 202435 671685 938471 436020 243147 831825 703224 382353 508990
451454 634149 223799 273585 264585 163298 322393 312743 513324 472342 94630 656419 495959 431209 999999999 454461 450964 266969 374169 288354 124521 139283 249367 606359 454456 424389 118075 423103 312471 370160 390085 410676 317790 200673 604537 41249 474124 554953 500094 519879 254706 243141 460091 462446 116630 442096 380639 352716 341158 363672 239276 316020 463275 531556 317647 95130 433718 203455 448268 228703 391028 442048 569877 313549 289846 149534 447639 454664 382056 516086 350018 421872 345875 200779 245907 21041 356471 436087 353970 124434 409949 364343 451221 412471 344366 326137 79663 400322 351227 549924 299304 493724 441217 511781 286485 376390 568757 497959 215999 231746
679503 765781 636948 458687 713131 615177 667459 589165 759957 235768 388621 715496 269135 782283 454461 999999999 731904 712511 777745 610233 578161 531972 701714 152583 908384 453715 355758 759110 741270 229637 254724 846076 213316 312132 1057234 455460 39492 775789 614483 965343 344328 691047 914177 388373 477179 616495 768583 319182 288442 685101 246663 260321 114498 530558 639887 467004 640018 278972 665026 380957 586045 163823 150130 185750 369237 336217 359206 56693 745235 325755 719979 862783 553741 549488 455044 433981 544833 491815 533620 343812 841091 736835 321444 299724 798806 228777 478572 99032 780670 702820 230383 726639 181887 536885 360363 589389 157366 217943 669540 274031
83965 1075289 582032 724506 512320 463334 143443 150818 73129 584271 534537 1106046 891064 125729 450964 731904 999999999 362259 236266 162643 413377 558679 403606 867820 557765 871973 443676 94438 301882 518815 795252 352382 518980 622874 680464 412202 727338 976692 234057 674706 692099 372400 557254 441266 560829 162959 715097 780613 760599 763321 498580 725870 800260 980387 726831 541553 871183 477546 101624 674272 160675 614016 880298 546649 364154 440325 455733 697398 744132 552451 163602 383096 180601 625472 280594 453253 803528 886165 205955 541162 334489 721619 493313 482540 471513 722892 371666 734044 309862 991060 501523 77805 599902 961859 372618 148969 759881 623110 459737 467536
412164 770839 253852 480077 155144 151216 226114 303963 435331 680354 356112 825684 757870 271964 266969 712511 362259 999999999 160893 248185 146868 283171 45793 865087 231939 645062 357351 285172 73929 581628 651374 147111 543321 462995 380882 257606 727493 651252 530202 335031 503910 25729 234797 611915 317119 451012 360572 604451 598396 433607 476181 577947 729746 742595 407708 308530 570247 440085 420079 468618 407746 669569 835137 550505 448221 380432 608577 704622 396712 697625 200787 155155 377791 337147 352955 285097 528565 645187 403575 391117 150298 373947 628005 596315 121803 590962 235262 665909 100288 689967 522592 434304 663973 717061 450381 386032 809532 713065 116165 457284
306104 929763 413458 621977 314276 303639 142265 246150 305243 695870 468790 980655 868030 121672 374169 777745 236266 160893 999999999 195608 278354 429213 206646 927556 322369 784619 429963 144697 87052 606902 763014 117862 582911 574230 445386 349471 785225 812001 447055 440199 627355 181615 321533 591411 453310 366506 518658 726479 715288 594298 531343 689002 815778 886559 567195 440182 727785 498945 319111 597160 335853 702084 913810 599258 453976 443587 595869 758706 556766 692208 84902 148419 322256 488890 350243 387049 680022 788909 352606 494418 101012 534046 624316 600226 245748 696433 313776 749153 77332 848120 562272 313873 692626 862699 459179 314661 849081 732463 276401 505695
177653 914617 432099 561869 380513 314865 58913 56519 227533 504262 373220 943580 742399 172170 288354 610233 162643 248185 195608 999999999 259566 398954 280226 755147 473481 710358 290890 151379 213298 420162 643136 302856 404240 465125 614686 249880 612256 820207 282068 582161 532272 249096 475033 395974 398621 203498 574943 623267 604941 609997 366009 571882 664872 818494 571172 379121 710943 339005 180865 512825 159628 516689 753884 425778 263497 293111 400293 583945 598485 496840 117556 330733 133328 466025 161175 291104 641402 723882 162006 382678 289341 576498 429318 406643 369207 571653 209198 597719 240258 830286 384450 212715 505704 799591 269688 137862 664791 541651 322437 336821
436962 666408 173171 343633 157204 61582 271189 302883 483444 576870 209743 707916 611010 360984 124521 578161 413377 146868 278354 259566 999999999 152987 124976 730342 333272 506754 230485 361774 203529 474918 504511 293598 428231 316336 484723 126865 596608 563333 520787 408218 357866 121771 338531 539608 175495 450220 322838 458362 451657 350775 353736 431131 587092 608205 313453 164119 462062 317092 438885 323835 400220 554732 694219 429042 365854 258507 529964 576030 341079 609213 278429 301685 359623 216823 290920 144431 404930 510556 377251 246546 295294 319642 541133 504994 221129 444604 122326 524642 239692 582832 408403 471701 551871 584446 365239 381158 687309 605835 99661 340527
572268 516765 105024 197115 200118 132813 419326 433800 626310 593149 147244 555014 501562 513670 139283 531972 558679 283171 429213 398954 152987 999999999 246354 677515 401588 362292 246020 513263 349729 492823 397316 427489 435709 227309 540358 177386 558796 423549 634723 438182 240455 257720 408487 598937 55041 572405 250741 337768 339254 224815 355072 329386 511812 459643 179761 66763 312521 322703 571491 199512 521199 553184 622754 423948 427960 277862 582643 544825 245432 645302 430938 428803 477042 67114 383483 153590 251952 362123 488130 192206 432789 229283 582958 543324 309856 350837 206943 457939 382517 432668 419516 611022 555382 434612 424113 504756 665281 614617 181927 355193
449584 726209 209267 443368 110224 113600 264525 334586 476733 684976 333299 782730 731737 317043 249367 701714 403606 45793 206646 280226 124976 246354 999999999 854127 219221 608570 349831 329188 119624 584558 625322 181264 542495 438875 371185 246973 718952 605677 561645 311913 474577 31606 223390 627260 284698 483711 315606 574886 570791 388100 471607 552660 712023 704116 362975 278437 526369 435051 456453 437576 438529 669304 819181 546725 459118 375484 621878 697419 351062 707986 244001 183188 405722 296762 368847 268960 487509 607044 429876 371292 187542 328289 638615 605199 104344 567595 231376 649607 143225 645722 522069 474063 664918 677982 460376 417144 805972 716249 71672 455256
809288 847935 781994 582318 863020 766114 813169 729958 889498 315627 537178 780890 312781 926429 606359 152583 867820 865087 927556 755147 730342 677515 854127 999999999 1059619 542362 508198 901821 893162 350743 347395 998132 351646 452626 1207753 608022 142947 879719 727168 1113657 471496 843624 1065510 483575 622480 740682 906946 422300 396377 814207 396382 378677 185075 597778 771187 613918 749202 429947 793662 511791 715735 260908 101572 329736 503831 487978 456432 171447 879702 394439 867221 1015132 687575 689257 596740 586015 658710 581343 664721 493002 992873 873180 414797 405097 950707 348325 630989 221862 932488 794831 370927 855156 277852 611151 495573 721661 145921 282970 820807 422048
622040 769077 313716 579566 201834 293605 439940 529992 627572 904006 525263 850118 902832 442392 454456 908384 557765 231939 322369 473481 333272 401588 219221 1059619 999999999 737348 563664 467059 263114 803279 798902 213943 759765 623430 152188 459986 928577 627200 752396 118713 641870 241964 7611 843429 453159 671785 309169 737645 740691 433300 686731 730435 906162 816298 432633 455153 593928 650069 632888 600312 632198 886571 1015969 762051 677495 591044 839330 908759 361690 926704 397059 185807 605899 424240 584406 475247 590131 725396 632904 567900 232358 343868 857226 824218 114893 750449 448991 847417 248081 699805 739556 634829 882805 786699 679042 610268 1020570 934922 238848 672176
861530 312069 425765 165202 547237 495097 746775 726949 930153 642904 337454 273690 244515 854383 424389 453715 871973 645062 784619 710358 506754 362292 608570 542362 737348 999999999 442489 847390 709350 573934 199939 789768 516429 262030 855384 460849 492969 341311 874563 737968 186148 619468 744825 736230 331352 834834 472871 138700 171251 344975 461554 208936 361101 109154 320707 344901 223183 454855 855074 197729 786703 574559 449391 484251 610596 458682 709947 499802 427050 726068 772262 790422 741632 317822 626074 419437 159802 38994 739826 336343 794991 431924 688431 651037 662911 236284 501743 355032 743627 252625 513951 906904 587287 96924 602472 776934 610473 642866 542245 485427
422183 695310 339596 320345 380332 278341 340403 293487 494762 354271 124102 699749 451649 457112 118075 355758 443676 357351 429963 290890 230485 246020 349831 508198 563664 442489 999999999 440815 386462 252125 352511 490770 200186 182790 715208 103679 370177 635802 435632 635357 256773 336661 568820 354904 206303 392366 494626 338345 317116 462680 123382 282241 385832 551506 414730 185555 504972 86834 414419 249553 344325 325517 485045 198620 189821 32023 337301 347806 491401 400157 383856 507045 299454 297754 183595 98021 416097 463464 297506 107092 486424 475212 336991 297495 450674 280791 122816 319205 425997 613007 181379 468819 323903 537419 184303 335265 456949 380096 328199 113679
173123 1028148 521694 692324 439381 404159 101785 172854 160710 635967 513583 1067430 892425 33272 423103 759110 94438 285172 144697 151379 361774 513263 329188 901821 467059 847390 440815 999999999 218376 559930 792003 258904 550176 610628 586703 388303 759296 921036 322038 584859 674560 299271 466167 506531 524036 245352 644542 768447 751726 704629 516482 719933 816125 954002 671698 506738 823831 490198 188946 651539 228579 656650 904047 573779 401909 444301 517124 730375 677629 615019 86140 289562 232363 578405 305082 429649 763752 857707 262172 527936 240822 654885 551566 535156 386537 721078 347623 749000 220652 944606 531023 171984 644216 933188 409271 210904 804575 674386 391612 486818
360377 844142 327328 545183 227547 220550 176839 269573 374140 685472 405717 897306 808281 201784 312471 741270 301882 73929 87052 213298 203529 349729 119624 893162 263114 709350 386462 218376 999999999 590547 702180 105416 558672 512724 401441 294656 752761 725176 489457 376485 559941 95752 263964 599854 378666 408748 432423 660152 651571 507520 498321 628188 768510 809100 481184 367622 642927 463590 370489 527038 370147 682581 870771 570307 446337 405184 600059 728041 469874 693152 138295 126612 346623 406840 345101 328122 598403 711469 374981 436264 99966 447138 623810 595366 169632 638532 264454 703060 39578 762941 537777 376972 675131 784330 449962 348217 826610 720206 189851 475914
458552 871424 590546 509404 629511 527695 479075 387101 538757 102346 352007 847611 463328 586946 370160 229637 518815 581628 606902 420162 474918 492823 584558 350743 803279 573934 252125 559930 590547 999999999 404476 694991 61221 339095 955456 350443 214993 842583 384890 883061 406809 565342 807742 170317 446375 390781 743448 438194 406428 696830 139174 366539 327001 672376 648353 428056 704990 170126 442934 424892 365035 96783 378727 89772 158047 220694 141560 184345 735693 159292 536760 717053 338217 536070 259040 350120 608316 606321 314356 312727 686157 721174 114661 79598 688529 343261 354722 273453 627742 795925 73698 504457 85770 669102 150972 371478 244928 131695 574477 138688
766883 511635 491738 249049 597337 517163 690719 644523 842767 458738 296500 462132 106506 806370 390085 254724 795252 651374 763014 643136 504511 397316 625322 347395 798902 199939 352511 792003 702180 404476 999999999 797774 353811 189473 935471 413899 294160 532535 749059 827656 157433 626227 805802 573786 346914 724423 589259 76704 59544 481049 320352 74077 163110 278315 442577 348537 402089 327744 756890 199968 681377 387213 261361 318610 478651 355337 545586 303212 554109 546013 729505 806048 639252 384812 522924 376047 313741 238564 629983 268782 798403 551639 517963 484000 703969 72697 451565 157086 740563 451541 357204 814580 401777 282622 469561 676468 410857 453604 571876 349905
423906 895508 383303 624572 265875 294676 255263 356891 419257 788922 501805 958389 904224 231573 410676 846076 352382 147111 117862 302856 293598 427489 181264 998132 213943 789768 490770 258904 105416 694991 797774 999999999 663947 608918 328126 396437 857985 766893 564418 332613 651013 172731 211833 696899 463770 483687 456616 751553 745254 552644 603650 724144 870744 885200 534039 455593 699960 568800 436972 615648 451195 787538 974126 675723 548573 510199 698869 833383 501429 793366 201447 30722 434143 477291 446106 427650 667059 788230 463895 535102 18512 479510 724386 697245 165669 736290 368248 805807 67249 817318 643054 430182 779835 858846 552624 429674 931889 824087 250063 581330
466462 811489 535136 448267 580335 478315 462653 378457 546874 157524 292937 789893 420956 574982 317790 213316 518980 543321 582911 404240 428231 435709 542495 351646 759765 516429 200186 550176 558672 61221 353811 663947 999999999 278042 911840 301925 209331 781386 411363 835091 346526 525401 764561 221243 387954 405536 686442 382234 350995 636741 80637 310697 295581 616642 588293 370226 643841 114612 452251 363834 373181 126835 362852 35709 155959 170139 194014 180199 677190 220511 518030 684326 340429 476915 245098 297237 547245 548026 320562 252654 656420 663148 172860 134657 645565 289263 311143 235631 596919 735476 20896 513787 123823 612211 147052 376111 267943 180317 527127 87709
604826 537054 330457 170473 422077 334236 508855 474080 676525 426027 107166 527239 295604 622785 200673 312132 622874 462995 574230 465125 316336 227309 438875 452626 623430 262030 182790 610628 512724 339095 189473 608918 278042 999999999 766089 226235 343071 503934 612536 665489 76244 438085 629974 488227 172671 573984 456489 158144 141882 377890 209623 115467 284592 370413 331099 168307 366036 196290 597204 85797 526645 369473 395473 252331 350194 196831 464178 334277 433808 498078 544086 618001 482014 237531 365545 187239 269221 286353 478731 82695 609208 424842 449310 409689 522684 128813 265219 231500 551167 458989 270058 651248 377001 358273 342397 518001 456892 437287 389759 229068
751267 841353 444033 705137 345166 442160 575546 671011 746465 1056117 671398 933736 1037343 558275 604537 1057234 680464 380882 445386 614686 484723 540358 371185 1207753 152188 855384 715208 586703 401441 955456 935471 328126 911840 766089 999999999 611568 1078418 693651 888405 121655 778055 392866 147796 992661 593894 807448 394356 870516 876433 527459 838420 869410 1050291 924536 538305 598183 687618 801764 763732 735576 771002 1038624 1160747 913737 828417 742893 989437 1059192 446962 1077792 526703 297404 747975 553231 733794 625456 700916 838878 776028 714952 345978 434440 1008237 975665 266966 891182 601164 993213 378608 781259 891666 758268 1034951 893924 830193 749115 1171929 1087105 388541 824217
410692 675329 254228 313114 279093 177258 286877 272195 473508 452736 125299 696618 518597 398244 41249 455460 412202 257606 349471 249880 126865 177386 246973 608022 459986 460849 103679 388303 294656 350443 413899 396437 301925 226235 611568 999999999 472004 595754 459374 533286 286464 235647 465144 431016 157841 400873 411971 382131 368074 402201 226872 340028 474315 568721 356800 136378 474962 190228 407277 263778 349792 428162 578198 302179 256970 131873 417829 450518 416692 490718 318396 410314 304665 240639 206198 41467 397384 474012 313089 145119 393953 398165 424283 386493 347094 346979 40910 409467 334080 591123 282359 453329 425712 549718 254441 335149 560618 480537 225221 214331
671376 805036 663803 494080 735569 636338 670235 587782 751809 206192 413593 754975 306548 783660 474124 39492 727338 727493 785225 612256 596608 558796 718952 142947 928577 492969 370177 759296 752761 214993 294160 857985 209331 343071 1078418 472004 999999999 813543 598517 989106 379495 706784 934184 365223 504380 605455 798670 357951 326949 718512 254722 297785 151222 570014 672766 493054 677340 289185 656277 414940 577711 137322 166473 186803 363223 348067 336443 30648 776863 295048 724305 875798 547690 579488 454245 453338 581703 530988 525952 368405 852212 767792 297064 279156 817710 266340 492457 138022 791928 741647 228273 717919 155634 576374 354720 582487 119099 184592 690015 279536
995257 148755 400117 333482 502825 516877 834345 857155 1046318 929296 511932 252754 585491 915437 554953 775789 976692 651252 812001 820207 563333 423549 605677 879719 627200 341311 635802 921036 725176 842583 532535 766893 781386 503934 693651 595754 813543 999999999 1055046 573591 442773 630696 634496 983211 439099 995294 318991 459416 488364 217731 708636 515780 695600 331251 249937 461026 138365 687442 994883 418376 944071 869399 789496 756252 825518 663554 961527 814407 268488 1001789 835431 754339 899495 356926 800051 563481 235926 303394 908843 539834 779168 289117 950665 910547 604898 547203 629120 677524 746742 112634 771973 1032890 878534 303703 819666 928042 932641 938149 535690 722240
150251 1127883 691864 754727 658065 581101 313129 227062 205350 416279 555355 1135362 828255 355194 500094 614483 234057 530202 447055 282068 520787 634723 561645 727168 752396 874563 435632 322038 489457 384890 749059 564418 411363 612536 888405 459374 598517 1055046 999999999 863317 688581 530788 753397 250764 616219 80958 843523 757447 730583 858140 428711 691044 706600 982693 814369 594375 931640 424655 133353 684989 123223 466586 763497 446032 270430 416259 274325 567989 860401 359661 363005 594567 161165 699627 256438 492265 847921 897799 146595 542546 548022 839519 316328 322081 650843 678070 427835 646791 509797 1044531 400903 172563 449361 970694 279499 144502 598656 453450 598229 399408
736799 720792 336884 591547 255305 357086 552767 638370 745109 985079 576810 812249 927536 560727 519879 965343 674706 335031 440199 582161 408218 438182 311913 1113657 118713 737968 635357 584859 376485 883061 827656 332613 835091 665489 121655 533286 989106 573591 863317 999999999 670810 339531 120926 938317 492926 783233 273062 760237 768236 406385 758415 764073 949962 804462 419031 499939 566173 722090 746952 627899 741722 960875 1060927 833190 768094 664952 931848 971895 325464 1015262 512795 304190 712789 443065 680516 540898 581976 720160 738557 621532 351046 313417 946421 911465 213255 787504 529687 895621 364877 659792 815636 751374 958912 773719 768644 719878 1088156 1013713 308594 747594
677543 465122 334470 114620 440571 363892 572930 544797 747843 488128 161268 451440 261114 684630 254706 344328 692099 503910 627355 532272 357866 240455 474577 471496 641870 186148 256773 674560 559941 406809 157433 651013 346526 76244 778055 286464 379495 442773 688581 670810 999999999 478353 648821 561022 191747 648929 439468 100541 98822 342960 282741 95635 291123 294902 299722 196142 304478 271774 670501 43058 601097 426720 400537 317989 426305 272549 536217 376193 408993 564453 604207 657062 556195 228774 440232 245409 206973 210154 553824 151823 653148 403795 519143 480095 548818 123792 326969 251797 597134 389148 340551 723491 436234 282125 418441 591817 497429 495563 417704 303895
417981 748468 231859 454529 140419 126187 232956 303776 445514 664895 331350 801879 732732 288309 243141 691047 372400 25729 181615 249096 121771 257720 31606 843624 241964 619468 336661 299271 95752 565342 626227 172731 525401 438085 392866 235647 706784 630696 530788 339531 478353 999999999 245503 601865 291390 452592 345278 578890 573033 412965 456723 552896 706297 717255 385649 282867 547182 420413 424890 442941 407760 651969 812182 531419 435632 360705 597400 684368 379266 684954 213682 179917 375617 312422 342951 261667 503949 619804 400249 366981 176022 356485 615423 582840 128311 566237 215530 642805 125100 667193 504778 442558 646879 691842 437331 386294 790675 696974 95037 438790
622221 776496 321042 586917 208607 299629 440699 531552 626776 908334 531501 857668 909816 441132 460091 914177 557254 234797 321533 475033 338531 408487 223390 1065510 7611 744825 568820 466167 263964 807742 805802 211833 764561 629974 147796 465144 934184 634496 753397 120926 648821 245503 999999999 846571 459906 672712 316577 744725 747643 440874 691803 737213 912529 823877 440243 461723 601520 655142 633247 607318 633502 891383 1022262 767118 681130 596037 842709 914234 369142 930417 397064 183265 607653 431545 587552 480846 597709 732935 634830 574014 230301 351375 860905 828081 119213 757109 453649 853625 247849 707319 744311 634448 887497 794286 682766 611567 1025760 939408 244703 677013
365156 1025266 685042 654563 696178 599310 450399 346646 439346 168366 474556 1009092 633288 538059 462446 388373 441266 611915 591411 395974 539608 598937 627260 483575 843429 736230 354904 506531 599854 170317 573786 696899 221243 488227 992661 431016 365223 983211 250764 938317 561022 601865 846571 999999999 561205 285888 842608 603245 572167 817567 278625 531807 493315 837594 769552 540393 848122 295988 347191 572557 281265 228179 531577 255604 174539 324230 29329 335906 843956 111946 510190 723427 275244 652653 259025 445859 753841 766735 244816 443445 684352 826673 68911 91228 730135 510442 419085 442861 631889 946874 222280 404037 209966 832469 176580 296446 349627 204037 636374 261374
566289 518383 159791 169547 251327 172581 426191 427274 625584 545433 95716 545413 452207 527867 116630 477179 560829 317119 453310 398621 175495 55041 284698 622480 453159 331352 206303 524036 378666 446375 346914 463770 387954 172671 593894 157841 504380 439099 616219 492926 191747 291390 459906 561205 999999999 558713 300245 291188 289885 256391 307546 277340 457262 433911 208558 21959 317177 276911 563760 153119 507626 502726 568133 374102 393845 237227 543273 490915 289328 601267 445079 467833 462501 91494 360956 124434 242785 336463 470351 139631 467379 275269 540821 500783 357260 297583 194219 402957 413891 434054 372723 607520 505707 411152 389125 492808 611828 565422 225974 310501
80901 1075114 622795 705706 582423 509427 232248 150191 153773 440492 506255 1089151 810370 278625 442096 616495 162959 451012 366506 203498 450220 572405 483711 740682 671785 834834 392366 245352 408748 390781 724423 483687 405536 573984 807448 400873 605455 995294 80958 783233 648929 452592 672712 285888 558713 999999999 771839 724962 700120 793474 407422 661773 699565 943798 751074 537201 875785 396681 62597 640896 51223 480726 766623 437965 252587 377662 303993 574843 791164 397832 282242 513774 96268 638496 208772 436737 795775 855471 95383 499025 467405 769844 344107 340392 571129 652143 366185 636515 428840 991144 391680 118419 464815 929710 261930 69065 621205 479051 523249 376517
751789 459925 157774 341618 205453 262523 572633 622818 787873 843890 395906 543729 681491 632523 380639 768583 715097 360572 518658 574943 322838 250741 315606 906946 309169 472871 494626 644542 432423 743448 589259 456616 686442 456489 394356 411971 798670 318991 843523 273062 439468 345278 316577 842608 300245 771839 999999999 516065 530263 133470 605806 535068 730084 532734 152666 316547 293317 573327 755803 397249 722371 802927 839960 674070 668907 526643 828264 787570 53324 894763 558904 440943 682368 219191 608546 398395 313900 451705 699981 439725 470576 41144 831176 791969 291443 562759 429617 685102 446704 392145 670224 781653 805640 501796 666167 702831 909521 865102 255411 605484
760110 448851 426639 174600 537332 463701 666662 631291 833098 504481 258256 411079 167331 779989 352716 319182 780613 604451 726479 623267 458362 337768 574886 422300 737645 138700 338345 768447 660152 438194 76704 751553 382234 158144 870516 382131 357951 459416 757447 760237 100541 578890 744725 603245 291188 724962 516065 999999999 32559 405196 334023 71658 237292 234411 367731 296512 326992 332958 751711 138445 679144 435871 337958 348963 488759 348014 576247 362869 479420 588354 700527 757510 635277 317493 518226 341823 237271 174917 629613 240728 753654 477794 552856 516299 647335 97610 421944 220165 697494 383697 381551 807003 448694 231378 480132 671850 476539 504168 517037 360531
737472 481006 432548 191211 539371 461292 650017 610599 811457 471960 246615 443522 162396 764412 341158 288442 760599 598396 715288 604941 451657 339254 570791 396377 740691 171251 317116 751726 651571 406428 59544 745254 350995 141882 876433 368074 326949 488364 730583 768236 98822 573033 747643 572167 289885 700120 530263 32559 999999999 424063 305106 40525 211438 265950 384565 292815 354427 305948 728571 140866 655038 403314 315547 317415 461097 324584 544984 331113 495878 555996 685942 752491 611624 325318 494572 328719 262382 207286 604903 224169 746571 492925 521079 484777 647141 65052 407083 189596 689485 414980 350887 784666 416142 263680 452345 648443 445784 471625 515568 332374
786836 343541 182973 233121 287078 300897 620240 650491 833997 792786 346017 417139 565848 698232 363672 685101 763321 433607 594298 609997 350775 224815 388100 814207 433300 344975 462680 704629 507520 696830 481049 552644 636741 377890 527459 402201 718512 217731 858140 406385 342960 412965 440874 817567 256391 793474 133470 405196 424063 999999999 557796 435926 632018 399632 48491 277445 161357 529857 787809 304270 742450 743022 739132 618328 649646 493443 799348 711622 83096 854122 618776 542007 699090 165092 608252 376487 185192 321135 711624 384131 564131 93020 795561 755336 394067 465909 430567 594642 529699 268558 623313 822422 748500 368614 645175 725044 834177 808970 317960 564208
457443 746642 454729 377268 503214 401328 422267 350552 536319 238121 212871 732724 402951 538122 239276 246663 498580 476181 531343 366009 353736 355072 471607 396382 686731 461554 123382 516482 498321 139174 320352 603650 80637 209623 838420 226872 254722 708636 428711 758415 282741 456723 691803 278625 307546 407422 605806 334023 305106 557796 999999999 264831 301783 566025 509310 289645 572086 36662 445479 294323 367559 202772 387904 75321 158341 96138 254670 229738 596856 296737 473699 622088 328479 396939 217992 218467 476646 490325 314927 173866 597609 582648 242082 201915 573357 249712 241195 235470 537385 668479 65529 505511 202363 558392 149220 365742 334368 260343 451572 31358
700659 515986 427223 203642 528610 445659 618438 575456 775365 434085 222584 482194 180161 733679 316020 260321 725870 577947 689002 571882 431131 329386 552660 378677 730435 208936 282241 719933 628188 366539 74077 724144 310697 115467 869410 340028 297785 515780 691044 764073 95635 552896 737213 531807 277340 661773 535068 71658 40525 435926 264831 999999999 196280 306009 393922 277340 379698 266583 691390 138321 617211 366465 305059 277318 421258 287758 504708 299350 503945 517215 656284 732787 574150 323532 457216 301998 284804 243675 566695 194951 724597 499194 481200 444664 633276 31574 377972 163225 666628 447503 310398 748052 378740 302829 412452 611119 416877 435125 500733 292381
756067 670701 614128 399216 705624 614064 719301 652230 835806 348207 381535 612180 155389 836123 463275 114498 800260 729746 815778 664872 587092 511812 712023 185075 906162 361101 385832 816125 768510 327001 163110 870744 295581 284592 1050291 474315 151222 695600 706600 949962 291123 706297 912529 493315 457262 699565 730084 237292 211438 632018 301783 196280 999999999 426986 590200 452108 564267 325940 743024 332879 664139 275171 111041 261867 447271 374732 463986 170974 700053 438470 767137 883977 627626 515340 519682 444673 473677 400039 611150 340972 868118 694855 428524 402693 802203 167403 504664 67218 808041 613596 308022 803973 292715 436586 437976 664508 257906 332208 669683 332730
970647 255340 511268 264611 634305 591545 853828 835860 1039037 734996 446059 185267 285503 960078 531556 530558 980387 742595 886559 818494 608205 459643 704116 597778 816298 109154 551506 954002 809100 672376 278315 885200 616642 370413 924536 568721 570014 331251 982693 804462 294902 717255 823877 837594 433911 943798 532734 234411 265950 399632 566025 306009 426986 999999999 386605 448975 249266 561313 964225 306466 895776 664463 498878 583312 717396 567230 810652 580972 482506 820634 877636 883842 850736 408412 735062 527404 226175 97671 848723 445482 891512 491766 787023 750668 750514 329661 609559 434789 842152 223065 615695 1015958 678415 31219 709115 886076 683826 731500 635657 591012
747136 363239 153867 193529 268765 267777 584408 609830 796691 744425 297562 425897 531281 667042 317647 639887 726831 407708 567195 571172 313453 179761 362975 771187 432633 320707 414730 671698 481184 648353 442577 534039 588293 331099 538305 356800 672766 249937 814369 419031 299722 385649 440243 769552 208558 751074 152666 367731 384565 48491 509310 393922 590200 386605 999999999 229819 166539 481391 747456 259823 699934 695049 698357 570048 602213 445358 751155 665227 111709 805633 586368 525861 656135 117675 562997 329770 162988 301213 667777 335667 544311 112240 747148 706912 381037 423314 386534 550719 505978 283446 574828 783877 700370 356262 597614 682982 787834 760821 291566 515763
545646 539275 171095 185647 253788 168634 408144 406691 605719 527748 80509 564493 454552 511467 95130 467004 541553 308530 440182 379121 164119 66763 278437 613918 455153 344901 185555 506738 367622 428056 348537 455593 370226 168307 598183 136378 493054 461026 594375 499939 196142 282867 461723 540393 21959 537201 316547 296512 292815 277445 289645 277340 452108 448975 229819 999999999 338594 258176 542884 160110 486148 486683 562623 357597 372410 216759 522782 478563 307919 582075 428845 461012 440963 112360 339025 102482 262657 351875 448580 125586 458403 293118 521017 481078 355945 295672 173397 395910 403692 454995 354517 587213 489128 427006 367798 471493 598737 548556 223439 291372
