NAME : synthetic_000979
TYPE : CTSP-D
DIMENSION : 100
GROUPS : 8
RELAXATION_LEVEL : 1
EDGE_WEIGHT_TYPE : EXPLICIT
EDGE_WEIGHT_FORMAT : FULL_MATRIX
EDGE_WEIGHT_SECTION
999999999 793774 414093 357871 302679 582622 596707 444456 468684 297346 683389 609210 80561 450645 93665 470548 131686 37728 486935 261817 538005 168381 601953 543965 231655 556791 176699 329409 524306 181223 302136 264368 86038 540583 353022 45614 714169 475789 681775 518102 269692 593068 338402 165586 834477 649110 396145 75209 527030 300916 775202 612700 206256 347290 134022 427640 700897 440930 524417 439531 539613 574413 321343 228393 34009 380829 280062 320660 453049 651827 382188 97207 799800 622773 463012 638891 401665 55714 476759 526804 192284 297297 434817 337386 238967 631438 339156 318933 370646 476322 558757 499409 495993 501523 603198 404961 491982 272024 128387 64394
793774 999999999 963959 661980 687037 833170 790757 761823 714612 727814 780254 234815 859712 343692 853462 792320 925457 813442 821464 734457 416321 937196 577151 738501 1012578 685603 873694 1121489 556071 712092 908052 529567 791114 413089 833948 803494 281675 911875 282635 424323 823676 775059 890706 719206 119286 159244 1189330 827214 346626 1084088 36329 358594 808809 471847 775803 493880 198400 392288 289316 703376 299991 790444 671759 731597 826867 481118 796174 741157 859209 913245 582173 791011 165887 183829 330803 856028 802285 836523 1269044 947688 601515 892660 838481 761986 826252 346377 749288 1105796 1162232 701599 269584 822675 312516 889427 372587 713793 311234 717161 673616 739376
414093 963959 999999999 756450 706034 995333 1006140 236371 294204 707406 438383 731914 454635 659516 332301 883339 410381 378635 900676 672780 865549 315867 977045 330506 347536 382125 242153 441784 896769 310396 701440 527026 332275 867056 766351 456733 996899 886963 965111 554771 167116 1001198 744874 315144 1045917 804933 493312 341158 820613 375321 960236 922565 619017 653239 548087 471712 951449 732490 678385 287948 664015 984567 292892 262514 416910 486003 694094 732034 147872 1065870 382823 510860 1035114 841139 676088 1051450 174174 444548 532734 936971 487022 700066 848835 201973 650507 667671 214705 535468 537854 310351 694409 221745 660013 165422 917900 811978 735276 257242 416724 396832
357871 661980 756450 999999999 57764 261980 257280 713483 713026 85810 912179 577777 363476 397966 451450 164765 444884 395516 193363 114692 270650 518533 255546 784953 565010 773082 531557 625971 187472 459833 266529 309675 428052 274176 173280 327193 468691 258562 441792 602732 594873 249572 235880 450249 650724 569632 678195 432082 317402 623472 631319 352159 210071 235681 238602 551753 497865 278314 495119 683523 534181 238652 563990 516138 371238 483368 155767 85949 757751 346715 565571 277031 595381 480373 397727 313623 694984 355516 758105 302683 298560 250910 184786 624901 206653 673538 620513 555315 620295 713550 533589 782042 469750 807048 337975 70979 371393 546281 346749 360080
302679 687037 706034 57764 999999999 298031 301357 674892 678145 40805 881777 583718 305803 400858 395987 191037 387143 340402 216037 59404 312781 461575 312980 751440 507308 743234 477689 568765 243083 415173 225240 286834 375573 316214 151439 270511 510955 259022 482586 590050 546613 295532 203676 404584 684588 583752 621726 377398 348422 565730 657996 395139 154886 236526 181000 531399 532807 296272 498127 648286 534374 280799 526760 471845 314689 463817 111643 58056 714014 378616 536765 219655 632114 503590 403009 352370 652513 298236 701957 307892 263628 209510 189693 582487 155688 669391 578921 500326 565154 679745 537177 742017 471231 763494 381581 106802 386184 504385 302384 309214
582622 833170 995333 261980 298031 999999999 54035 972644 974222 288866 1174150 802846 561052 634637 671543 112078 633564 619449 99434 322757 417931 722734 270204 1046594 750504 1035039 758989 778143 277223 712525 353629 570993 663079 421003 246218 542777 580715 177171 564928 855264 840463 68037 299551 701443 788346 776839 814184 657379 497405 795089 798355 477790 385852 483293 449207 810827 642102 496687 728105 944567 770761 43668 823967 769244 585806 742335 307332 263541 1011360 87577 827501 488033 723590 667722 630580 56313 950344 562413 885581 170036 559204 344725 162299 880367 360224 914323 876922 679564 741726 975089 764392 1040026 706058 1060884 463040 193164 587869 802376 600103 601209
596707 790757 1006140 257280 301357 54035 999999999 970640 969008 299487 1164749 771918 582047 608880 687739 134246 657423 634101 132955 334892 378158 743650 220911 1040083 776060 1025573 773383 810544 237344 715797 388987 560461 674336 381054 276341 559046 533049 224886 518673 834917 847893 15849 335667 705595 741696 741582 849611 671890 460631 823886 755539 433343 407540 463958 465230 795838 597473 467921 700186 939709 743722 23824 820973 772336 602836 727530 329360 276212 1014322 122489 818127 504696 676318 629474 603609 67253 951966 581177 922782 222719 555509 378672 197283 881872 384982 888007 877659 715838 778959 968982 735476 1039320 679450 1063709 418860 194616 556907 803340 602729 609776
444456 761823 236371 713483 674892 972644 970640 999999999 57850 689794 246342 527022 514041 497997 402030 865354 506652 421614 888565 660461 747335 435130 890676 110638 496732 150831 334292 612288 812645 270151 744801 422918 362344 747983 776408 489465 842236 902734 812587 339133 203285 962293 776015 284327 855527 606225 674968 394358 684621 548022 763475 788447 638678 545620 561575 273112 782764 604684 490082 58603 465883 952084 150139 216892 464388 311729 700853 716482 100051 1053204 192894 533744 855150 664828 514204 1026159 67677 494207 730049 954865 415205 738501 848930 108686 672833 442838 105370 678556 699916 74004 497327 72212 478113 128330 787193 779760 580737 175693 376203 396017
468684 714612 294204 713026 678145 974222 969008 57850 999999999 696190 214735 480317 542144 466897 436051 869182 542268 449468 893595 668709 725765 476772 876458 75755 541848 98794 375512 659377 799856 288912 764794 412793 390401 726157 788198 512601 809102 914386 780313 290379 247347 959870 792774 304122 811565 561029 723451 425504 658600 596163 717959 761812 655030 530591 578242 234140 745854 582348 449770 30163 422324 951385 153691 240981 491546 281743 713011 722936 155688 1056610 164277 553330 814362 626510 482660 1026634 123384 520849 780952 966520 415056 757465 857396 146461 689156 389252 138780 720057 744715 16155 453748 108103 440289 176312 761564 781073 550449 196768 386686 415346
297346 727814 707406 85810 40805 288866 299487 689794 696190 999999999 902727 621904 289862 438693 389050 177784 369528 334846 199095 35897 351288 449322 338358 770354 489944 764877 473960 544344 272918 425371 185289 315524 375237 354755 113238 260919 549650 227725 521677 621851 551597 295731 162927 413720 725036 623557 594774 372553 388991 545394 698800 433505 126285 274738 167779 559621 573072 336842 535727 666142 571100 277444 543471 482030 305074 492783 71997 26749 723743 364826 559840 207415 672153 544331 441412 344624 663770 285492 674149 278192 284822 169543 162667 594077 120844 704428 591355 470352 535403 698637 574848 755397 508483 773285 419721 108850 426305 516891 314184 312361
683389 780254 438383 912179 881777 1174150 1164749 246342 214735 902727 999999999 563192 756315 612335 647478 1072238 752687 663604 1097813 876962 887016 680988 1051527 139571 740442 139191 580425 853406 978755 503538 978990 604293 604394 886779 998574 727335 934740 1124333 909644 386263 449091 1154550 1005859 518805 891565 646052 913696 638457 810215 787978 793165 908986 868189 710575 791688 380435 859475 745579 565110 244194 526227 1148505 366313 455415 705888 444986 923857 929375 294552 1258374 346764 767644 909582 739173 625893 1224909 306932 735313 963351 1176350 618423 971388 1065009 354112 902235 434007 348942 924153 943305 208108 554695 220473 565832 274449 911547 981809 693995 411398 598307 629811
609210 234815 731914 577777 583718 802846 771918 527022 480317 621904 563192 999999999 683219 183442 654387 733593 738694 622078 763618 617531 408142 735098 590523 507721 812110 457142 661310 927024 539800 498439 783924 352364 590026 406246 734911 628211 385441 836112 365793 190710 597882 757592 779431 507779 333695 83315 996234 629175 320132 882957 238055 394053 672251 347238 622520 260387 302450 306710 88573 468600 72426 764555 441466 510018 643205 256660 680728 641706 624452 889511 349174 628248 346494 187711 180786 839102 568070 658414 1073215 880222 422228 769758 762543 530183 696647 141927 517321 927994 979165 467601 50824 588419 117598 654718 402108 642919 215112 490774 482014 548767
80561 859712 454635 363476 305803 561052 582047 514041 542144 289862 756315 683219 999999999 518824 123199 450416 82030 92711 462420 254364 575716 161765 616866 616748 201566 632585 212745 276725 542772 258229 246911 333528 151965 578585 319575 56219 760631 434857 728767 598055 327317 580520 290833 242503 893627 719106 338981 121709 575526 262585 839354 653993 175218 400561 124939 508064 755003 493256 597140 513568 614712 558814 398106 301199 51052 460221 253788 308948 512712 622914 462226 87983 855167 684591 530151 617137 466342 25388 420827 483794 261835 245490 404630 405648 202359 710502 408858 246488 302851 550665 632516 564702 568363 559790 643249 398332 553047 345629 206570 144784
450645 343692 659516 397966 400858 634637 608880 497997 466897 438693 612335 183442 518824 999999999 510342 557540 582298 469753 587364 434120 277262 594455 451912 518228 669340 482099 536029 777812 388302 378129 601383 186284 448722 276640 551810 462728 344505 655280 314602 237433 503996 595514 596027 383115 397825 201091 845744 483994 197880 740845 327386 297949 491177 164395 445781 236997 291982 143982 97420 445388 136842 598866 371961 406996 483993 186302 497346 458903 583049 722119 305308 455578 377882 185155 16619 675260 518657 495030 925360 700588 258421 587046 582211 463403 514506 279687 452157 765312 820299 458973 136350 568487 72019 623284 299617 465145 83687 402703 330048 395685
93665 853462 332301 451450 395987 671543 687739 402030 436051 389050 647478 654387 123199 510342 999999999 559667 106781 56374 574526 353275 624815 84746 695081 508616 159138 530726 90162 272878 617060 172938 369938 327644 64658 627240 436012 128847 794918 555011 762313 539012 207294 684608 412582 158782 903063 702877 342288 26527 607522 230637 837679 697237 288829 426431 222669 444076 775488 519378 573900 409040 582684 665157 303374 200398 86009 409284 365787 411546 392162 737961 382466 183532 872627 689550 524205 727855 349530 112382 418854 604773 258911 368012 519798 293514 319269 657433 298618 295381 334631 446286 605217 447638 546734 438421 688471 497287 561115 244356 180912 119030
470548 792320 883339 164765 191037 112078 134246 865354 869182 177784 1072238 733593 450416 557540 559667 999999999 524415 507402 30058 211049 378624 612181 274703 942432 642503 933477 646949 676534 248543 602800 257073 472839 551116 382056 142551 430857 562800 128004 541736 767316 729100 136174 204918 591348 762774 717348 716577 545331 446959 689694 759170 450619 275280 398245 337209 716024 611299 428090 653766 839317 694350 110452 717642 659501 474028 647732 196728 151986 901388 187855 726495 376136 701391 617209 555755 168346 841046 451015 790667 155777 454540 245926 70777 771217 251337 835483 768177 583408 647042 870749 691550 931857 629559 950929 435492 93991 521676 693637 490977 489769
131686 925457 410381 444884 387143 633564 657423 506652 542268 369528 752687 738694 82030 582298 106781 524415 999999999 117555 534283 334419 655805 96930 698736 614257 120436 637368 178749 199508 624795 276276 301568 396034 163815 658611 388741 130789 838374 496933 806282 636743 307625 656699 350887 261330 964967 780396 264999 122781 652254 180692 906763 733284 250097 474722 206668 543198 829323 568127 654814 515531 668338 633940 409769 307070 98880 502869 328064 387359 489450 691124 486260 169997 928862 753880 594698 689226 451592 96584 346118 543534 323968 303583 474179 398590 273374 753215 404288 193540 240533 552746 688495 548909 626601 533702 722860 477334 622803 351120 256688 189934
37728 813442 378635 395516 340402 619449 634101 421614 449468 334846 663604 622078 92711 469753 56374 507402 117555 999999999 523329 299244 570795 135162 638720 524038 203248 540341 139552 308080 560762 167543 330859 284383 59307 573290 387744 78122 743843 509301 711326 520217 239151 630576 369776 151902 858304 665904 376297 37931 556449 273968 796134 644291 240473 375756 170346 427470 727503 469198 539016 420962 551380 611734 306581 208571 42947 385509 315656 357961 423965 687820 375094 132339 825620 645550 482859 675742 375277 72954 455609 559915 213386 327166 470324 313405 272413 636037 316343 310573 357770 458094 572083 473521 511086 471851 635179 442605 515692 253063 140753 74164
486935 821464 900676 193363 216037 99434 132955 888565 893595 199095 1097813 763618 462420 587364 574526 30058 534283 523329 999999999 230713 407112 623960 296308 967196 651074 959237 662689 679907 275106 624371 256584 500042 568853 410520 146872 446052 589396 105545 568931 796095 748390 138305 202959 612551 790539 747344 717471 561234 476443 695882 788172 478056 287390 427663 353012 743711 639430 458148 683671 863651 724154 109600 741521 680994 488595 675516 209124 172623 922472 166158 752577 391310 728720 646845 585674 154957 862807 464528 790109 127726 479594 246842 64478 793153 261037 865104 790447 583364 646251 895477 721497 954450 659381 972006 462929 123051 551731 715974 513256 509165
261817 734457 672780 114692 59404 322757 334892 660461 668709 35897 876962 617531 254364 434120 353275 211049 334419 299244 230713 999999999 370291 413506 369912 743337 454855 739776 438493 511688 301780 394188 173636 298455 340512 373680 126050 225049 567997 248512 539103 606810 518114 331383 161908 382093 737326 623980 563505 337006 401050 511121 706550 452674 95661 272283 131891 540697 586500 342192 530253 638588 563736 312663 515446 450695 269190 474872 63330 59257 691860 396856 536243 171523 686468 550630 438164 378754 632626 249653 643437 300120 261261 158205 188736 563183 97495 693782 560876 441157 506047 671702 569412 725181 502367 741385 439355 144723 428644 486589 284281 278778
538005 416321 865549 270650 312781 417931 378158 747335 725765 351288 887016 408142 575716 277262 624815 378624 655805 570795 407112 370291 999999999 705787 182386 784603 768325 753649 683566 852135 140994 556556 536072 338898 578663 3554 441840 525382 198382 502108 171164 514286 699078 362777 506373 554207 385664 366996 912026 599854 88019 835222 382191 82389 461802 212339 459980 507416 233168 143463 350510 700784 395818 375817 604853 603208 563462 446994 423275 356353 819887 500127 561552 489924 326943 251578 265815 444754 753556 559273 993788 534399 383514 520355 430559 689063 467763 538051 680159 800707 864159 720279 380051 819507 337115 864998 69289 307947 202798 615635 462129 509079
168381 937196 315867 518533 461575 722734 743650 435130 476772 449322 680988 735098 161765 594455 84746 612181 96930 135162 623960 413506 705787 999999999 767583 545139 77272 574554 101264 196659 690882 243360 397648 412327 146181 708308 480131 191490 878507 591714 845944 611445 231919 741902 445962 231146 987752 785646 265930 111269 691082 147882 921839 779451 336957 510131 281815 515629 860084 603327 655992 452357 663043 720472 359964 257286 147931 486155 415535 469548 405710 783396 447195 242387 957340 774187 608474 778772 375046 163882 339289 639052 343623 398987 565458 330385 363305 731194 338217 243519 270652 488868 686443 469779 629198 447520 770331 558149 645859 297788 265534 203495
601953 577151 977045 255546 312980 270204 220911 890676 876458 338358 1051527 590523 616866 451912 695081 274703 698736 638720 296308 369912 182386 767583 999999999 940557 818258 915080 768374 881498 80280 668134 500487 468286 662102 184292 387369 576543 312504 401576 299675 688978 810543 205120 456821 662153 521724 547038 933073 673265 270405 878246 541310 218817 464518 345890 492077 671387 380704 309393 531179 849457 576423 226650 742537 720792 619666 606768 401418 329355 952895 341580 714556 529329 455904 428102 442282 282449 887070 606905 1012499 419332 491894 486058 342255 819008 457018 719564 811858 808132 873225 872947 561836 962531 515969 1000371 205367 246971 382980 741630 560575 591325
543965 738501 330506 784953 751440 1046594 1040083 110638 75755 770354 139571 507721 616748 518228 508616 942432 614257 524038 967196 743337 784603 545139 940557 999999999 607354 58781 444072 722826 865124 364565 840535 481393 464837 784771 863397 588056 855441 989511 827853 317828 313567 1030603 868476 379720 841395 590448 785195 499115 713655 658390 745365 815722 730734 595453 653972 281320 787493 641284 489182 105735 456790 1022879 229101 315870 566319 337647 788300 797088 182869 1129569 226129 629062 849719 666941 533303 1098533 176147 595755 839144 1041626 487920 833220 931925 215900 764852 399897 210018 788649 810538 71730 487637 112193 483541 182988 816485 853561 601819 271941 462045 491052
231655 1012578 347536 565010 507308 750504 776060 496732 541848 489944 740442 812110 201566 669340 159138 642503 120436 203248 651074 454855 768325 77272 818258 607354 999999999 640405 170192 121023 743585 320299 409445 485776 222476 770994 504602 244534 945793 607004 913376 688131 294566 775766 461335 308296 1060845 861861 189654 185371 758582 71511 996602 843968 369548 578408 326505 592226 930746 671986 732551 518957 740116 752467 432907 331398 204869 563415 446915 507548 456237 804845 522247 288940 1028824 847653 683079 805766 433536 212169 262027 651316 415826 413697 589744 395698 391174 808062 404639 188866 203185 554760 763318 524509 705574 494132 834217 597617 718411 370319 339496 275375
556791 685603 382125 773082 743234 1035039 1025573 150831 98794 764877 139191 457142 632585 482099 530726 933477 637368 540341 959237 739776 753649 574554 915080 58781 640405 999999999 473364 758140 841431 375587 847385 465113 481911 753585 862330 599484 813730 987702 787071 269410 346020 1015405 872092 391205 790618 540303 822239 518635 679380 694955 693805 779997 734768 572586 658892 246329 742955 611168 444946 122329 410045 1009314 235689 332339 581629 308407 788031 791467 236012 1119391 207585 636878 801510 622151 496475 1085728 218504 610362 879394 1039610 480217 839119 927366 244749 768633 344163 236358 817515 843130 85722 440309 168781 441789 240550 781649 842808 565041 287723 464018 500150
176699 873694 242153 531557 477689 758989 773383 334292 375512 473960 580425 661310 212745 536029 90162 646949 178749 139552 662689 438493 683566 101264 768374 444072 170192 473364 999999999 290933 689126 162905 459656 364155 106517 685706 525551 216724 842705 645102 810035 524211 131507 769633 502721 154573 933587 718232 358665 101631 656707 233517 861330 751608 378216 476938 309823 428249 814829 567065 587016 351232 588883 751111 263029 162979 175398 406717 454516 497359 310748 826812 354207 271408 908831 720006 551194 815285 275492 202500 426464 694925 303363 458006 608923 229122 409085 644835 237008 344707 370655 387662 614452 371629 561834 355039 744106 581203 596427 200363 222733 177519
329409 1121489 441784 625971 568765 778143 810544 612288 659377 544344 853406 927024 276725 777812 272878 676534 199508 308080 679907 511688 852135 196659 881498 722826 121023 758140 290933 999999999 811099 439858 425070 592147 337492 855041 534207 329556 1037089 618767 1005117 808036 412226 812557 479233 427314 1163852 973549 69517 297853 851394 66623 1103855 930696 418310 674228 394802 712262 1028827 767613 845653 637409 855458 786721 553847 452415 297798 681387 489471 557392 564058 821530 643185 362401 1128311 952117 790814 831177 547473 295110 147577 657053 520594 433424 615951 513931 431759 927631 523375 118873 97125 672724 877629 634928 818096 598174 919876 646945 821391 491225 448465 382214
524306 556071 896769 187472 243083 277223 237344 812645 799856 272918 978755 539800 542772 388302 617060 248543 624795 560762 275106 301780 140994 690882 80280 865124 743585 841431 689126 811099 999999999 587889 445975 389814 582738 143979 338297 500510 314326 375829 294100 623198 730265 222075 407031 581875 516618 505159 864780 594830 223895 805027 521425 203863 397384 269672 418598 599627 367188 244321 473526 772484 518258 234881 663985 640663 543140 533804 340398 268152 873489 359152 638995 454872 453969 392130 380374 304168 807785 531627 945035 402710 411741 430867 308534 739487 393566 662631 732502 742765 807724 796815 506682 884334 455668 921148 188792 196042 326567 661913 480336 511862
181223 712092 310396 459833 415173 712525 715797 270151 288912 425371 503538 498439 258229 378129 172938 602800 276276 167543 624371 394188 556556 243360 668134 364565 320299 375587 162905 439858 587889 999999999 476219 220358 112649 558201 507042 224143 698931 633253 666523 368202 143281 708989 506025 15727 775794 555853 509237 153521 517038 389169 700785 616911 368565 344350 291466 272555 663425 427602 424514 259348 426013 695761 140157 56721 207185 244688 431465 451751 298871 790193 210013 264721 754530 563174 393842 767368 238457 235272 582044 685331 176776 469295 581495 169060 402729 487834 167402 467986 507135 295798 451567 331796 399762 348377 611278 521799 444101 94472 113112 126615
302136 908052 701440 266529 225240 353629 388987 744801 764794 185289 978990 783924 246911 601383 369938 257073 301568 330859 256584 173636 536072 397648 500487 840535 409445 847385 459656 425070 445975 476219 999999999 447179 387594 539562 116628 256547 734441 197694 706772 753259 570008 392672 54174 461345 909622 795071 460902 365397 573309 446272 880181 618080 117540 442944 189273 677052 758024 515767 695731 734988 726295 365307 612905 527914 288831 615770 113600 180688 754584 398082 655389 211506 857336 724222 606793 406159 703776 259417 533858 242337 393494 15745 192142 638834 88031 849508 639916 326854 390104 770889 734694 801382 667196 802661 604093 253560 601280 570108 384878 349605
264368 529567 527026 309675 286834 570993 560461 422918 412793 315524 604293 352364 333528 186284 327644 472839 396034 284383 500042 298455 338898 412327 468286 481393 485776 465113 364155 592147 389814 220358 447179 999999999 268581 340296 424352 277706 480176 543245 447608 308773 361195 550368 453551 220261 575425 385664 659794 301125 296797 557136 511767 396671 330737 127306 272853 244576 451000 207255 264884 384544 287001 544308 274256 264523 297719 177286 357260 340722 485870 656346 257711 276028 546349 361940 198766 620915 419714 309377 739724 593444 72158 434486 476186 352884 359297 402539 344928 579860 634192 411190 301552 494529 235853 532715 391335 380271 233965 277561 146834 210692
86038 791114 332275 428052 375573 663079 674336 362344 390401 375237 604394 590026 151965 448722 64658 551116 163815 59307 568853 340512 578663 146181 662102 464837 222476 481911 106517 337492 582738 112649 387594 268581 999999999 580886 437800 131498 742218 561318 709541 475355 183704 669776 424438 97548 843399 639513 406923 41544 555310 293760 776075 648213 291686 374525 217645 380846 718842 466171 510075 362047 518228 652572 249312 149716 102053 344748 363985 399763 367145 734455 322501 182547 814865 629611 462953 719181 316833 131939 483202 612498 202736 383112 518543 254233 324707 593340 257051 356372 398123 399229 541008 414927 483135 415528 640250 480657 502545 194305 122347 71002
540583 413089 867056 274176 316214 421003 381054 747983 726157 354755 886779 406246 578585 276640 627240 382056 658611 573290 410520 373680 3554 708308 184292 784771 770994 753585 685706 855041 143979 558201 539562 340296 580886 999999999 445390 528153 194904 505600 167631 513525 700647 365652 509908 555940 382144 364573 915011 602241 86201 837963 378915 78995 465112 213912 463028 507318 229673 143810 349179 701260 394485 378836 605747 604675 566138 447137 426744 359868 820839 503074 561921 492868 323394 248824 265040 447601 754514 562068 996782 537829 385404 523843 434075 690152 471157 536532 681201 803853 867276 720597 378490 820144 336037 865866 66022 311489 201630 616871 464150 511374
353022 833948 766351 173280 151439 246218 276341 776408 788198 113238 998574 734911 319575 551810 436012 142551 388741 387744 146872 126050 441840 480131 387369 863397 504602 862330 525551 534207 338297 507042 116628 424352 437800 445390 999999999 309627 638581 126345 612806 732376 620688 278725 69460 493744 823878 734817 574116 425211 490506 549040 803805 522156 147374 387676 220371 666714 670941 445826 648911 758035 684325 252520 634517 562547 350185 600914 75580 94000 800303 303363 660445 255833 767930 651386 554292 301191 743872 324211 648646 178497 386178 104227 85447 675559 117279 817127 674429 441290 505231 792034 688020 838740 621711 849544 507590 142454 536895 601052 401598 384708
45614 803494 456733 327193 270511 542777 559046 489465 512601 260919 727335 628211 56219 462728 128847 430857 130789 78122 446052 225049 525382 191490 576543 588056 244534 599484 216724 329556 500510 224143 256547 277706 131498 528153 309627 999999999 707696 431387 675653 548440 314977 556113 293030 208687 837945 663145 393302 115665 521838 309947 783181 602551 162355 345502 93847 460365 700153 438545 541779 483253 560199 536396 363803 272997 44273 409694 237828 282934 498608 610108 420199 54760 800111 628550 473980 599090 447233 34454 474987 482166 206278 251693 392380 382696 194457 659072 384248 302619 358991 519864 577453 544915 512928 547026 592209 369538 497030 316238 156056 100707
714169 281675 996899 468691 510955 580715 533049 842236 809102 549650 934740 385441 760631 344505 794918 562800 838374 743843 589396 567997 198382 878507 312504 855441 945793 813730 842705 1037089 314326 698931 734441 480176 742218 194904 638581 707696 999999999 689661 32682 548519 835481 517212 704035 700020 209692 313020 1099323 768901 187425 1014834 245531 116560 658187 368488 650510 575778 89527 276047 369806 788802 408951 537059 714747 737380 742516 530543 621642 554533 927319 654084 649371 677514 143420 198398 328155 594871 862570 742093 1181220 716901 539838 718727 620680 805262 665486 527342 794490 992867 1055420 800193 381869 912296 372128 967789 130995 501374 263325 739946 620661 676206
475789 911875 886963 258562 259022 177171 224886 902734 914386 227725 1124333 836112 434857 655280 555011 128004 496933 509301 105545 248512 502108 591714 401576 989511 607004 987702 645102 618767 375829 633253 197694 543245 561318 505600 126345 431387 689661 999999999 667808 848809 744785 234071 146097 619855 887514 827406 648740 546206 565279 643302 879568 576409 269633 491475 344961 787282 735273 535991 752654 884223 790661 204065 760724 688615 470064 720508 201881 202782 925548 203101 784737 378778 827085 733469 655730 221589 869711 442630 716832 52157 509763 193626 74142 801607 236930 927642 800611 513550 573602 918084 791353 964861 726684 974676 561310 198445 629461 727335 527869 510306
681775 282635 965111 441792 482586 564928 518673 812587 780313 521677 909644 365793 728767 314602 762313 541736 806282 711326 568931 539103 171164 845944 299675 827853 913376 787071 810035 1005117 294100 666523 706772 447608 709541 167631 612806 675653 32682 667808 999999999 523425 803368 502826 677537 667523 223462 296935 1067564 736281 154878 982504 246316 91531 628494 335882 619396 547521 84415 243371 344572 759589 384955 521385 683842 705278 710248 500864 593662 527416 896883 640505 619821 645981 159871 178098 298389 581818 831947 710067 1149455 696635 507156 691039 597866 774118 636535 507606 763443 961840 1024211 771674 358869 882922 345289 937729 106568 477155 232627 708283 587980 643576
518102 424323 554771 602732 590050 855264 834917 339133 290379 621851 386263 190710 598055 237433 539012 767316 636743 520217 796095 606810 514286 611445 688978 317828 688131 269410 524211 808036 623198 368202 753259 308773 475355 513525 732376 548440 548519 848809 523425 999999999 437538 822476 762073 381104 523938 272850 877373 516821 432144 756003 428764 526922 635876 371977 571023 96019 474709 379856 178858 280531 141024 822641 275313 362571 550945 139474 666032 646111 438032 942648 177610 564655 532314 353981 248486 899880 385247 572711 949254 897931 360594 741212 779444 356465 665971 120747 343379 830283 873459 277276 170943 398390 181460 465816 530780 673325 314063 333124 392408 453751
269692 823676 167116 594873 546613 840463 847893 203285 247347 551597 449091 597882 327317 503996 207294 729100 307625 239151 748390 518114 699078 231919 810543 313567 294566 346020 131507 412226 730265 143281 570008 361195 183704 700647 620688 314977 835481 744785 803368 437538 999999999 842102 608007 148390 897482 664722 477038 205737 656474 349708 816397 757604 475197 486741 400318 344972 794460 567685 534601 225282 526886 826964 162338 98107 281450 342805 546262 577117 185396 914473 260091 366131 881768 688254 520349 896148 144213 311244 537554 796080 319938 566135 700266 101824 508359 557121 111916 475279 497591 260512 555653 241297 513261 232776 752504 653278 576179 107110 251126 239337
593068 775059 1001198 249572 295532 68037 15849 962293 959870 295731 1154550 757592 580520 595514 684608 136174 656699 630576 138305 331383 362777 741902 205120 1030603 775766 1015405 769633 812557 222075 708989 392672 550368 669776 365652 278725 556113 517212 234071 502826 822476 842102 999999999 339804 699032 725847 726633 852699 668277 445575 824637 739817 417556 406616 452019 462416 784536 581666 454117 686383 930672 730056 30010 812463 765430 600064 716309 328852 273203 1007231 138215 808079 501984 660476 614180 590024 82132 944555 578962 926501 234588 547088 381888 201963 874472 385104 874420 870061 719340 782776 959628 721490 1031269 665888 1056560 403089 189221 542662 795852 595879 604537
338402 890706 744874 235880 203676 299551 335667 776015 792774 162927 1005859 779431 290833 596027 412582 204918 350887 369776 202959 161908 506373 445962 456821 868476 461335 872092 502721 479233 407031 506025 54174 453551 424438 509908 69460 293030 704035 146097 677537 762073 608007 339804 999999999 491691 885631 784916 514763 405716 550438 499779 861537 587481 137744 433869 214673 690373 733057 499673 692075 762742 725099 312069 639655 559541 329011 626817 98747 151191 791259 344582 675358 243403 831093 707257 600010 351986 738191 300544 587159 193280 406334 47640 138482 671745 103634 853224 671962 380443 443311 797965 731227 834979 664099 839871 573102 211586 588444 600462 408076 380080
165586 719206 315144 450249 404584 701443 705595 284327 304122 413720 518805 507779 242503 383115 158782 591348 261330 151902 612551 382093 554207 231146 662153 379720 308296 391205 154573 427314 581875 15727 461345 220261 97548 555940 493744 208687 700020 619855 667523 381104 148390 699032 491691 999999999 780940 563677 496768 138678 517008 377716 707211 616040 354387 342404 277288 285721 666402 427342 432506 274641 435385 685343 155848 68855 191459 255486 418192 439985 310041 778513 224952 249897 758427 567859 398608 756475 250723 219557 570259 671892 172257 454584 568882 181852 388531 500356 180839 453426 493300 311184 460398 345008 407262 359582 610050 511331 447141 108866 103835 111844
834477 119286 1045917 650724 684588 788346 741696 855527 811565 725036 891565 333695 893627 397825 903063 762774 964967 858304 790539 737326 385664 987752 521724 841395 1060845 790618 933587 1163852 516618 775794 909622 575425 843399 382144 823878 837945 209692 887514 223462 523938 897482 725847 885631 780940 999999999 251095 1229944 876542 336346 1132035 98644 312772 820030 494162 797639 583260 153047 404311 368342 797742 389684 744779 753195 802077 866207 559930 796087 734439 950514 863189 669273 818043 67259 213846 382437 804173 890765 872000 1311019 918238 645061 893927 816218 844903 833049 458080 832618 1136430 1195821 799479 358227 919483 385925 983825 327867 693345 342650 792976 722235 785470
649110 159244 804933 569632 583752 776839 741582 606225 561029 623557 646052 83315 719106 201091 702877 717348 780396 665904 747344 623980 366996 785646 547038 590448 861861 540303 718232 973549 505159 555853 795071 385664 639513 364573 734817 663145 313020 827406 296935 272850 664722 726633 784916 563677 251095 999999999 1042126 676955 281267 933244 157257 338582 688208 352151 646101 335920 226485 291436 131406 548088 141410 736602 512569 573325 682781 322008 687185 640821 702537 861920 423726 656641 263537 122698 191735 808741 644504 695037 1120766 868614 457674 780259 753279 602975 709598 219146 590321 965510 1019578 548708 110567 669068 156674 734330 348696 630317 198338 558077 525198 591784
396145 1189330 493312 678195 621726 814184 849611 674968 723451 594774 913696 996234 338981 845744 342288 716577 264999 376297 717471 563505 912026 265930 933073 785195 189654 822239 358665 69517 864780 509237 460902 659794 406923 915011 574116 393302 1099323 648740 1067564 877373 477038 852699 514763 496768 1229944 1042126 999999999 367123 914504 127339 1171251 991463 468556 738759 452547 781556 1093438 831844 914567 702289 924743 825862 621690 520826 363842 750904 535834 605791 621932 851758 711832 422356 1193288 1018815 858551 865698 609247 358909 81897 683394 588007 470942 653043 578862 478439 997048 588696 135191 80082 737135 946751 694080 886908 653598 980273 694135 887795 559015 516932 450460
75209 827214 341158 432082 377398 657379 671890 394358 425504 372553 638457 629175 121709 483994 26527 545331 122781 37931 561234 337006 599854 111269 673265 499115 185371 518635 101631 297853 594830 153521 365397 301125 41544 602241 425211 115665 768901 546206 736281 516821 205737 668277 405716 138678 876542 676955 367123 999999999 581537 256882 811301 671773 277862 400420 208268 422379 749053 493240 548233 397761 557622 649562 288081 186528 76753 385658 353421 395794 391103 725642 363530 170126 846132 663039 497805 713672 344947 105993 444297 596602 232423 362367 508033 285691 309469 634639 289738 314899 356719 435030 579842 443313 520945 438401 663146 480120 534590 231050 154419 92772
527030 346626 820613 317402 348422 497405 460631 684621 658600 388991 810215 320132 575526 197880 607522 446959 652254 556449 476443 401050 88019 691082 270405 713655 758582 679380 656707 851394 223895 517038 573309 296797 555310 86201 490506 521838 187425 565279 154878 432144 656474 445575 550438 517008 336346 281267 914504 581537 999999999 827850 314777 103942 485369 181122 469431 433408 185905 89826 264100 635146 309345 456413 547598 558781 555764 377102 459813 399414 762804 581559 494686 494122 286582 170993 184675 527705 696858 556286 996352 601775 353406 557623 491857 635396 497126 450666 625531 811604 873194 651894 292553 756353 252521 806098 102979 367175 118180 565681 434198 488878
300916 1084088 375321 623472 565730 795089 823886 548022 596163 545394 787978 882957 262585 740845 230637 689694 180692 273968 695882 511121 835222 147882 878246 658390 71511 694955 233517 66623 805027 389169 446272 557136 293760 837963 549040 309947 1014834 643302 982504 756003 349708 824637 499779 377716 1132035 933244 127339 256882 827850 999999999 1068092 911769 421685 648172 386465 659995 1001194 741805 803788 574951 810871 800124 496058 396421 272498 633164 496938 561158 497833 844314 587674 350553 1099538 918951 754565 849452 482648 276426 193285 684752 486974 452615 633041 451531 439831 876282 461409 171861 162732 609811 834326 569054 776895 531613 901714 651414 789516 433390 410963 346603
775202 36329 960236 631319 657996 798355 755539 763475 717959 698800 793165 238055 839354 327386 837679 759170 906763 796134 788172 706550 382191 921839 541310 745365 996602 693805 861330 1103855 521425 700785 880181 511767 776075 378915 803805 783181 245531 879568 246316 428764 816397 739817 861537 707211 98644 157257 1171251 811301 314777 1068092 999999999 322933 782798 447327 752180 492872 162116 364910 282304 705311 298319 755517 667427 722861 807964 475138 767804 711448 859734 878025 580261 768713 134885 157348 313532 820634 801374 816553 1251426 914713 583287 864708 806394 758456 799324 359505 745924 1084883 1142165 705451 267129 826040 303239 891555 337043 681788 287710 710523 657152 722291
612700 358594 922565 352159 395139 477790 433343 788447 761812 433505 908986 394053 653993 297949 697237 450619 733284 644291 478056 452674 82389 779451 218817 815722 843968 779997 751608 930696 203863 616911 618080 396671 648213 78995 522156 602551 116560 576409 91531 526922 757604 417556 587481 616040 312772 338582 991463 671773 103942 911769 322933 999999999 543968 274954 540237 534785 164319 190076 352431 738657 396614 434507 651433 660291 639397 480114 505469 438028 866688 555734 598123 569109 250783 216281 283566 497935 800706 636706 1073308 605782 448775 602377 506341 738924 550150 531988 729168 881744 944927 754828 375441 860118 345514 910039 15128 385753 215114 668536 528965 579879
206256 808809 619017 210071 154886 385852 407540 638678 655030 126285 868189 672251 175218 491177 288829 275280 250097 240473 287390 95661 461802 336957 464518 730734 369548 734768 378216 418310 397384 368565 117540 330737 291686 465112 147374 162355 658187 269633 628494 635876 475197 406616 137744 354387 820030 688208 468556 277862 485369 421685 782798 543968 999999999 338064 77103 559596 671252 418420 583747 624999 612592 384153 501944 422539 202905 498243 78578 139636 656701 449352 539765 109151 771928 625618 497790 441970 602195 177530 548150 320892 275954 106446 231034 535090 34172 733275 534963 345496 410388 660254 622441 698451 554925 705661 531079 229809 498615 463034 270836 243106
347290 471847 653239 235681 236526 483293 463958 545620 530591 274738 710575 347238 400561 164395 426431 398245 474722 375756 427663 272283 212339 510131 345890 595453 578408 572586 476938 674228 269672 344350 442944 127306 374525 213912 387676 345502 368488 491475 335882 371977 486741 452019 433869 342404 494162 352151 738759 400420 181122 648172 447327 274954 338064 999999999 305111 334112 354689 93641 261765 503579 299192 450980 398943 390995 377038 266696 335600 294553 612249 570706 369325 323923 454631 290084 166677 528292 545970 379858 820361 537525 173831 428110 418821 479796 357915 437864 471547 642271 701928 527269 300745 617680 235300 658585 268148 304669 160796 404852 254207 307756
134022 775803 548087 238602 181000 449207 465230 561575 578242 167779 791688 622520 124939 445781 222669 337209 206668 170346 353012 131891 459980 281815 492077 653972 326505 658892 309823 394802 418598 291466 189273 272853 217645 463028 220371 93847 650510 344961 619396 571023 400318 462416 214673 277288 797639 646101 452547 208268 469431 386465 752180 540237 77103 305111 999999999 490936 653276 393360 534100 548247 559297 442555 425379 345496 137649 432062 146362 189213 580617 517806 466205 39646 754204 595091 454367 505513 525472 117942 534142 396616 210840 180303 301035 458133 111263 673126 457907 342474 404945 583661 571980 621511 504985 629719 528617 276612 464717 385933 195644 166135
427640 493880 471712 551753 531399 810827 795838 273112 234140 559621 380435 260387 508064 236997 444076 716024 543198 427470 743711 540697 507416 515629 671387 281320 592226 246329 428249 712262 599627 272555 677052 244576 380846 507318 666714 460365 575778 787282 547521 96019 344972 784536 690373 285721 583260 335920 781556 422379 433408 659995 492872 534785 559596 334112 490936 999999999 511735 365308 216982 216405 194565 781433 184021 266960 459849 68493 596996 585074 367269 897238 88895 480878 582076 392648 251986 858664 308587 482861 853253 837758 284198 665890 720736 270339 591116 216590 257385 736640 778692 224560 225766 339910 206189 401367 535958 622703 320524 239169 304752 363291
