NAME : synthetic_000614
TYPE : CTSP-D
DIMENSION : 100
GROUPS : 8
RELAXATION_LEVEL : 1
EDGE_WEIGHT_TYPE : EXPLICIT
EDGE_WEIGHT_FORMAT : FULL_MATRIX
EDGE_WEIGHT_SECTION
999999999 644223 95950 601467 605250 241656 382843 477356 849428 887758 316422 521939 764195 245392 862726 713652 827091 872241 246876 895831 871807 1036233 971632 184485 847961 380020 446381 1074891 632789 604849 707526 631889 316433 783294 396058 748565 1064785 369487 490427 307048 644273 256542 761182 506628 642767 651341 124977 688969 68290 398322 645720 768682 471834 485746 804383 835525 772698 271615 750154 294060 858889 684013 171893 167956 696149 1172157 531505 500243 873379 858214 429388 646480 807608 751689 808236 757423 653934 581965 778639 183103 619370 764175 428840 734229 728951 145928 1052719 652716 230500 776830 416463 891380 219467 513078 700579 502133 645887 1008056 380946 474480
644223 999999999 563777 558135 193513 427824 365413 496751 555019 427802 422089 274282 280742 526749 521196 302166 217437 341630 607587 279413 395765 462606 476500 538089 265887 559015 266470 466400 220983 648890 697627 350688 491560 661668 302568 439447 457143 275152 234541 346045 97022 418644 498786 447156 475159 46409 529478 296221 600261 246983 311108 282415 172668 237827 697616 291208 144118 397359 283430 357563 217480 452945 611368 592651 473617 532900 144565 146659 557233 252805 476934 492163 718506 108166 256444 139953 41513 68898 465956 607884 654598 257681 512693 108565 589778 763263 483354 678804 488849 132614 467038 288821 598306 567434 136166 366589 48762 364041 282546 330661
95950 563777 999999999 514117 545840 147860 286906 471169 823894 792036 220748 426671 669838 159248 767445 664286 755952 814115 281419 824402 821385 943129 876145 97088 756917 299824 391351 984238 538809 525819 627532 593726 226586 696389 342894 715612 974099 293021 433210 219825 556462 162156 735781 489537 549573 567147 99740 593484 36519 322386 601233 712745 391290 392568 719091 774389 687191 178683 695807 207427 775425 589469 213544 103749 602071 1086603 461515 417778 845716 768904 338877 553965 723772 669951 715948 683662 570161 499156 683307 125458 540136 705408 341704 658675 639491 241269 959297 574104 136502 696084 405762 801454 154833 429586 611321 470008 561476 927600 316914 378544
601467 558135 514117 999999999 696995 416543 292196 847865 1073690 437903 318852 288519 410365 356285 330066 833547 764242 899741 765863 814228 951172 651685 521707 418099 545394 228204 630433 733230 353876 98908 146060 833429 287808 182277 614825 951246 724022 492530 642211 431483 473018 402738 999441 831182 113666 521960 579906 320506 533536 500511 810803 833991 485377 343894 206542 849284 578302 406207 830322 438089 664155 170608 712958 438357 164631 893317 586385 476980 1083390 582914 178486 100593 214661 609291 492584 691314 528130 503639 263497 430143 100181 811632 172700 659492 131228 743814 658253 120773 381313 636870 785834 597318 393678 97660 481032 767668 516607 815363 559562 250839
605250 193513 545840 696995 999999999 442879 445362 326422 379150 621316 478662 410503 473672 564649 709697 138991 243905 268290 497084 309445 282949 639895 668221 554142 450630 639228 159617 626693 397417 777538 842169 157532 553667 825272 210090 258006 618472 268762 114997 361835 284657 440231 312871 270246 632295 238898 480579 479138 579728 242729 120864 168071 217377 353232 860624 230296 317648 419105 153621 368277 357693 620971 522751 606054 641949 653454 112480 220341 386927 429285 576906 648358 879521 261382 447833 197776 234653 209674 648810 625850 785816 159613 610463 193318 751853 696698 661248 814240 517016 268758 313699 463818 627836 683541 329663 193696 239815 461529 229117 448571
241656 427824 147860 416543 442879 999999999 148445 459741 766070 647767 97831 281025 522544 126638 633714 573551 630611 706787 350044 697985 725453 795291 730809 113026 609485 243306 305194 836895 391226 452550 547778 523475 148044 595419 265582 649183 826743 174496 339749 84003 411701 15864 680563 459451 428816 426317 171055 448331 183033 202151 520443 610546 258672 244709 622467 663219 544239 31469 596446 75202 634307 461432 302620 167068 476305 942751 344206 281317 784097 622448 239209 436107 631184 531362 568135 555498 429820 360793 549687 184910 465657 599032 255673 528310 531419 383211 811522 499874 76065 558534 393487 654576 185012 348762 465133 416924 420426 789258 221726 238285
382843 365413 286906 292196 445362 148445 999999999 555952 807461 505778 71723 145222 390590 178739 485296 584150 582028 687143 490825 644816 722023 667638 590750 215175 493094 196933 348422 718875 263961 350318 434078 562415 127908 462413 326479 685637 708694 205075 368013 139927 318750 132592 727711 541463 285016 348668 318978 308661 318492 218494 547157 602873 229194 134638 492260 639072 453009 126709 593694 147681 546687 313951 448968 263617 329552 840929 333635 235512 820856 513149 134873 294022 503968 455151 446750 504340 353633 297213 401248 271477 361289 585518 166270 473628 394372 527428 682354 393688 160409 484166 493644 542030 250932 248278 361691 482012 342404 706306 271717 91638
477356 496751 471169 847865 326422 459741 555952 999999999 385561 906870 545192 604858 755824 577516 963209 344885 559417 519776 260790 618281 483000 958223 966786 534475 762636 702917 246673 951593 647895 902128 989804 231252 607322 1011579 240501 308381 943123 359072 265260 418733 567404 468278 300500 60574 821991 535039 372826 731830 490923 358606 270564 421686 408107 539610 1043511 504638 635618 456389 398588 414255 683675 831645 323538 568507 851347 977249 357196 434554 412715 747216 683299 834713 1057108 583487 749955 523447 532784 479164 889013 591338 914103 433330 707096 519577 940129 501981 979220 947416 527913 593792 66859 782770 612040 797946 623885 133015 533508 782948 294074 609569
849428 555019 823894 1073690 379150 766070 807461 385561 999999999 968071 826425 789060 829956 892669 1075272 252885 456356 318368 646324 477646 238317 929917 998087 864964 771548 991827 464628 884176 771943 1150561 1219423 245549 899512 1204308 500517 122514 878740 608584 439624 697427 651796 768704 88338 344430 1011445 601139 733031 850685 850220 590173 262919 292610 588877 730025 1239713 344656 639074 750433 281580 699381 632882 999141 706832 909210 1020111 837770 487511 597071 30150 737686 942081 1027495 1258670 578559 785455 478551 595740 586317 1020716 931495 1159648 320290 973567 498168 1130934 887132 951121 1189209 841804 569486 436788 765626 943818 1053037 685252 354483 603780 651405 547867 823469
887758 427802 792036 437903 621316 647767 505778 906870 968071 999999999 575371 366975 151100 671941 156279 718545 534984 693946 951081 552215 769327 218694 87875 718511 209577 604563 661335 310098 270848 529964 510051 778336 603018 406907 679729 859501 302219 590797 642741 600529 341858 632319 921004 863851 326610 382804 809352 199845 824216 575561 737757 677887 506917 414043 436674 648818 330879 619845 686760 613392 367320 268120 928148 762343 273518 483612 552161 476909 965358 252342 509993 337640 461470 390366 183331 492234 386786 428731 179386 765480 525492 650203 534423 470199 364298 1030925 222317 528420 664715 403310 865129 241119 737133 516129 291675 783753 382471 469691 637127 414534
316422 422089 220748 318852 478662 97831 71723 545192 826425 575371 999999999 216944 462263 108869 546881 615509 636001 731333 447812 700645 760059 739360 660931 143804 564007 165535 361947 790168 335528 358869 451890 581047 75006 497620 331061 706295 779984 218045 388815 131066 384133 83904 743589 538513 334064 409996 265901 379468 250461 238973 571196 641886 270155 201485 524649 684688 518922 89808 630661 132461 612120 370275 398673 191923 383910 910071 370296 283292 842028 583075 142391 340427 533512 517004 518124 558649 414572 353202 462710 200288 371516 626709 162303 528870 434053 462017 754047 405475 89403 545674 480162 612510 181697 254532 429953 487269 403771 771069 279611 160974
521939 274282 426671 288519 410503 281025 145222 604858 789060 366975 216944 999999999 245488 322590 371073 545741 487955 614874 595850 544244 663446 522416 449812 360167 350799 304883 366425 575025 119835 375667 432401 553149 263531 419423 364363 667045 564860 250864 368662 237173 200994 265714 717951 576546 225237 243583 443356 167324 459915 246548 526966 545772 207603 65418 453953 564675 327818 252870 541823 249518 421196 227037 565777 408789 247069 702916 302117 192958 797430 374046 212513 240370 471509 342780 302930 412062 249506 215836 290641 416097 382115 523838 247815 380067 345929 664229 537178 408043 305271 371876 550356 400999 393684 293594 230644 504637 237665 580862 311709 66083
764195 280742 669838 410365 473672 522544 390590 755824 829956 151100 462263 245488 999999999 566434 248676 578013 417432 573826 808071 448270 644174 277570 217892 605651 135296 525558 510531 338429 131897 509123 519218 631148 503285 444163 530146 717790 328481 446351 491647 466149 191403 507798 778231 712803 299116 234826 676304 94744 703868 429137 591837 544291 358044 279819 478903 525846 207904 492799 550730 479317 272608 250516 789694 653872 266105 486109 401189 327402 829381 174973 428007 314962 502840 261301 83093 362952 239282 277710 213553 660377 508816 517054 458507 337065 382544 904043 291810 521418 550760 280439 714665 186960 636194 466100 145429 632770 233889 410884 489169 304408
245392 526749 159248 356285 564649 126638 178739 577516 892669 671941 108869 322590 566434 999999999 627831 697661 737936 824845 429835 803691 847597 843991 758747 62225 671816 141922 431429 897338 442141 367270 468565 650058 72955 538357 392210 775787 887162 296224 464830 202918 492656 125576 807024 581866 401168 517065 239171 480307 177300 321982 646328 731245 367147 310353 560332 779721 627474 145926 718181 197493 720490 446295 367778 91077 456619 1018882 461393 384265 910734 691629 185075 403584 564652 624053 625169 661136 521454 457939 544635 94089 381488 718204 183586 632117 483602 389199 858051 415602 51050 652503 510701 720738 72873 270344 538820 542672 510877 879125 347748 262189
862726 521196 767445 330066 709697 633714 485296 963209 1075272 156279 546881 371073 248676 627831 999999999 822524 664458 821840 965673 690341 892824 367313 216496 682418 352063 532755 717445 462698 318040 410057 371214 866530 555169 257898 725492 960643 455405 619555 707843 605288 425708 617852 1019714 927434 234812 474813 803601 233532 795690 611174 830025 792225 555121 432052 284909 774232 455001 610227 797873 616914 507954 182420 931279 718497 175776 638109 623160 529679 1075871 396214 448093 239052 309472 509866 313468 611627 480001 502892 84189 717032 402748 765150 463982 585556 228378 1008583 366865 398790 632522 528109 913605 390945 684382 421517 390560 850017 472649 622613 676182 396622
713652 302166 664286 833547 138991 573551 584150 344885 252885 718545 615509 545741 578013 697661 822524 999999999 239795 175791 567914 286276 158161 699881 753649 682567 528032 777300 273485 667763 520145 915573 978113 114421 690459 955902 321401 141324 660950 401690 234380 494957 399022 572322 203917 284473 764493 348255 589046 598061 696300 377451 75928 78163 356360 490497 991558 161229 393279 551735 55274 500233 402421 749161 607755 732838 770086 657252 251426 358237 255714 497788 715897 780905 1011218 332456 537251 237827 342856 336580 768007 753508 923605 96071 749421 252116 882859 788637 721402 951580 648861 327702 359098 528554 758269 822287 432925 233668 350927 461341 353534 586474
827091 217437 755952 764242 243905 630611 582028 559417 456356 534984 636001 487955 417432 737936 664458 239795 999999999 158968 740196 68748 236332 473589 551253 743180 327668 776382 394937 431517 412678 858219 898345 344446 707077 847209 443547 369878 425333 463231 350815 546759 291372 623428 432706 499916 671627 244519 705214 470136 791769 433878 298486 170250 372421 455189 883039 115813 209624 601688 188656 556795 178040 639777 761993 797562 659291 420612 295617 353684 447177 288919 693983 688875 905606 159839 353675 77693 238525 284854 628490 814436 862820 145460 729769 108909 778609 930771 494772 884825 696957 137199 555114 313141 808109 781459 291076 430579 250349 224717 446893 546907
872241 341630 814115 899741 268290 706787 687143 519776 318368 693946 731333 614874 573826 824845 821840 175791 158968 999999999 741478 161426 82332 622630 708856 819205 486425 884075 425879 569298 555646 990241 1038434 288530 805505 995531 476186 259871 564471 532434 382155 623906 430294 702695 316701 459605 814042 379213 747313 620139 848006 504680 251630 105003 461251 571846 1031505 50511 366956 681129 126183 631620 333919 786775 777808 871966 806860 521053 363489 451632 303741 446995 809981 831202 1053415 313020 512353 214344 373022 400245 782670 891153 996131 108715 845276 244409 925302 956664 643305 1020429 779128 293747 534665 469540 890823 906418 441080 408567 384191 333039 497288 667799
246876 607587 281419 765863 497084 350044 490825 260790 646324 951081 447812 595850 808071 429835 965673 567914 740196 741478 999999999 806478 720349 1055426 1025815 371573 856563 571144 349504 1072000 680379 793737 892583 464812 484785 945431 306289 563016 1062460 361813 391448 360553 644536 364596 560741 306691 775709 631590 190692 754868 285327 381043 492663 637151 457458 539554 972160 715364 750782 365048 615340 349284 821655 803099 75065 384737 819601 1134342 467177 489678 673293 854097 587624 784118 980255 712424 828810 684472 631879 562403 883319 405640 807550 641033 599932 669829 881224 241683 1074679 841909 390857 731391 215804 889914 436251 692352 705298 334720 627708 950180 328301 572052
895831 279413 824402 814228 309445 697985 644816 618281 477646 552215 700645 544244 448270 803691 690341 286276 68748 161426 806478 999999999 243758 462885 557729 810331 342648 837660 462736 407899 460534 909772 944786 396769 770839 886842 511648 404863 403045 531551 418394 614260 344394 690495 465915 558172 717433 301256 773948 510568 860272 502185 351956 210235 439455 515657 922380 135421 243171 668795 231762 624480 184983 681844 829664 864788 700665 372013 364344 419577 464463 300258 753071 734643 945539 204944 376873 142714 295548 347930 661671 881384 913649 190357 788862 171776 820166 999190 483296 934242 763485 177615 617634 317921 874316 836728 334726 491829 307351 177491 515624 605136
871807 395765 821385 951172 282949 725453 722023 483000 238317 769327 760059 663446 644174 847597 892824 158161 236332 82332 720349 243758 999999999 704427 787583 836037 563533 918063 430066 651618 615073 1038772 1092499 256153 834968 1056341 478749 196259 646803 551638 389245 644775 489211 723100 246747 424670 870924 437122 747171 684136 853776 525651 229388 119283 493012 615224 1092332 120783 439707 702027 129533 651082 413566 847329 763498 887241 867776 599471 389947 488365 222203 525239 849636 887920 1113605 383009 586636 281302 431020 447667 849718 907473 1045518 139609 884291 308724 984982 945165 725182 1071303 799881 366544 507372 549089 910464 950801 506804 385946 441504 414069 508082 712044
1036233 462606 943129 651685 639895 795291 667638 958223 929917 218694 739360 522416 277570 843991 367313 699881 473589 622630 1055426 462885 704427 999999999 153953 882370 199408 798005 727267 98823 405131 746020 728737 785426 780571 623570 758480 838117 93713 697542 697115 732664 410892 781051 901439 906435 538577 428935 941384 367202 977861 675452 740139 640357 598085 550613 651939 587237 323048 764781 655607 745917 298260 481087 1046382 931159 488894 275845 606302 565852 920500 211157 700811 551106 676596 378710 229403 462535 429954 494901 397783 937906 742251 613532 729292 453330 582980 1173106 21549 746440 827424 375434 929559 176103 913713 723619 350128 826528 431822 323928 727699 581971
971632 476500 876145 521707 668221 730809 590750 966786 998087 87875 660931 449812 217892 758747 216496 753649 551253 708856 1025815 557729 787583 153953 999999999 804403 226539 692403 723855 252160 346721 611574 584514 823063 690260 474311 746177 894918 246063 664186 701541 680177 399487 715526 957511 920818 411906 434048 889907 282667 908812 646979 780486 705593 575100 493147 501250 666969 360379 702276 716943 693202 375183 353306 1006082 848923 357094 429315 609744 544006 992844 262419 597862 422108 525721 421214 220394 519567 437141 487888 259449 852448 606288 677863 622246 501706 439331 1113966 151053 606970 750332 428602 928703 239989 824445 602330 343464 840220 434804 449302 706549 499957
184485 538089 97088 418099 554142 113026 215175 534475 864964 718511 143804 360167 605651 62225 682418 682567 743180 819205 371573 810331 836037 882370 804403 999999999 703888 203051 411052 930878 477703 428913 530490 625904 131948 600275 367644 750886 920692 286783 448194 196986 514719 119867 778071 543905 459085 533664 181773 523244 116196 314856 626406 722103 370876 337878 622478 775977 648880 141536 707459 188073 740456 502051 307455 54579 513372 1044989 457080 392221 884516 720569 244904 462354 626874 639799 659381 667716 537528 470226 598685 71979 443195 711207 245436 640110 544713 329427 897321 477222 54953 667495 467699 751211 79097 332553 564905 511577 527629 897134 329098 304579
847961 265887 756917 545394 450630 609485 493094 762636 771548 209577 564007 350799 135296 671816 352063 528032 327668 486425 856563 342648 563533 199408 226539 703888 999999999 647553 528548 227450 231250 644223 653479 602185 614322 573129 559113 669136 217286 500433 499627 541678 212283 596069 731946 712535 434410 230041 748052 226517 792473 477465 558431 479068 399623 366459 606992 442750 135343 578334 490465 554857 157845 385244 849296 755113 400133 356188 408215 367420 766429 44187 550599 450246 631367 195833 53006 293042 231374 295495 337365 764295 644057 451333 582974 275918 514658 981531 219387 656665 649218 202064 731701 52595 743699 597966 151747 632115 232705 278385 528562 415322
380020 559015 299824 228204 639228 243306 196933 702917 991827 604563 165535 304883 525558 141922 532755 777300 776382 884075 571144 837660 918063 798005 692403 203051 647553 999999999 527454 863957 418788 226037 328121 746372 95743 406708 496117 871449 853983 383270 553541 296080 501844 234794 909122 700397 298101 537933 380478 432005 313589 403072 735547 799081 425082 322094 425655 835969 632198 248441 789293 296227 725826 351703 509700 213266 356996 1003212 528598 432444 1007175 675150 97551 295778 427898 642383 596535 698749 543316 491812 453787 202987 240402 782164 70253 667574 359221 519046 809248 274295 182073 671623 636766 699382 166087 134259 535519 651934 531706 885636 445109 239062
446381 266470 391351 630433 159617 305194 348422 246673 464628 661335 361947 366425 510531 431429 717445 273485 394937 425879 349504 462736 430066 727267 723855 411052 528548 527454 999999999 732494 401314 697727 775923 219681 434887 782459 50496 345392 723336 144845 44851 232930 324871 306155 381751 211079 589395 298507 321497 485403 424062 130541 215512 322712 162825 301182 815931 389699 410400 286982 304937 235483 474593 593021 367065 460219 613287 785391 121973 188035 480955 518897 483061 603414 831629 366579 510345 335471 297322 236549 644673 481264 708101 317828 512782 320332 709562 537960 747665 739589 381242 383654 204924 554967 488107 596620 383463 138598 295962 600767 83801 382016
1074891 466400 984238 733230 626693 836895 718875 951593 884176 310098 790168 575025 338429 897338 462698 667763 431517 569298 1072000 407899 651618 98823 252160 930878 227450 863957 732494 999999999 455253 829499 818403 762473 837738 716951 768662 801311 10187 722234 698045 768192 433983 823514 864213 896766 619571 440500 972971 432579 1019856 697697 716285 601679 619231 593803 746293 539559 322283 805713 619289 781319 269932 563524 1069785 981706 573254 177173 610544 587432 872046 219166 766410 633174 771046 368789 272169 436433 440122 510351 486688 990342 826674 576228 796871 434007 672953 1207158 108085 833003 876110 358013 929409 184359 968703 799492 375264 818636 444555 248921 744128 638052
632789 220983 538809 353876 397417 391226 263961 647895 771943 270848 335528 119835 131897 442141 318040 520145 412678 555646 680379 460534 615073 405131 346721 477703 231250 418788 401314 455253 999999999 450322 485668 552281 383185 441278 413844 653421 445084 320017 389922 334440 125884 376661 710080 610141 259164 177966 544574 84562 573180 305618 518274 503286 240925 147922 477265 505279 226160 361235 504318 347581 315961 232296 659361 527414 252842 585024 305493 213343 775857 256451 323001 276400 498581 255709 183113 342679 184056 187889 251790 535377 453614 478189 356757 311603 370065 772208 420758 473713 422757 283040 601394 281983 513460 385228 127642 532207 173736 473092 368421 184090
604849 648890 525819 98908 777538 452550 350318 902128 1150561 529964 358869 375667 509123 367270 410057 915573 858219 990241 793737 909772 1038772 746020 611574 428913 644223 226037 697727 829499 450322 999999999 102885 907515 309206 204559 676734 1028088 820421 555335 713974 483537 566884 440729 1073596 890936 211087 614627 603696 419397 539154 567227 887952 920620 562110 425423 213433 939932 675673 448676 915682 487919 762340 265978 734487 437086 257127 991189 665582 557364 1161812 681821 218849 196583 209981 704897 591442 784233 620753 591421 352128 424247 14596 899186 196993 752283 187008 740905 751670 48337 402889 732816 837935 696084 387053 104377 577854 832299 609083 914120 622035 329101
707526 697627 627532 146060 842169 547778 434078 989804 1219423 510051 451890 432401 519218 468565 371214 978113 898345 1038434 892583 944786 1092499 728737 584514 530490 653479 328121 775923 818403 485668 102885 999999999 979470 407898 126064 759075 1097020 809971 636815 788218 571592 608913 535138 1145461 975045 227369 659326 703250 438166 641596 645748 956586 976212 631366 489427 122148 987924 704404 541278 973343 577187 785358 268855 834819 539854 253347 987267 731980 622478 1228835 694181 309613 210183 112560 740713 602213 827469 665520 645937 331719 527128 88299 953232 292923 795972 145760 843786 731496 56580 502240 767251 926800 703409 489931 200231 610061 912755 654267 930011 703883 396895
631889 350688 593726 833429 157532 523475 562415 231252 245549 778336 581047 553149 631148 650058 866530 114421 344446 288530 464812 396769 256153 785426 823063 625904 602185 746372 219681 762473 552281 907515 979470 999999999 654399 971962 258516 125792 754999 363102 194401 452603 442057 525243 166148 171209 777907 396331 509688 635002 623008 344710 46369 192298 348238 491577 1006812 275495 467322 506429 169211 455060 493125 771071 511024 672568 791992 764890 252037 360229 261274 577253 697187 793373 1024645 408233 602975 326117 391988 364547 804061 694371 917000 207185 728351 332139 898387 693666 806947 947203 599493 410049 251221 610451 704124 808870 486834 132407 397329 568803 303325 582601
316433 491560 226586 287808 553667 148044 127908 607322 899512 603018 75006 263531 503285 72955 555169 690459 707077 805505 484785 770839 834968 780571 690260 131948 614322 95743 434887 837738 383185 309206 407898 654399 999999999 470062 401823 779877 827597 291941 462992 202272 446510 139090 816015 604721 328277 476336 295426 414609 248144 313638 645508 716696 344261 262398 493530 758551 580518 152879 705600 201519 674289 373451 427535 163332 383668 965528 445123 355953 915580 636900 112957 330916 499269 582959 566009 629502 481224 422909 472157 163240 322889 701287 116350 599238 413069 461149 793912 357258 94543 611934 541269 664451 134241 207710 488005 557137 470075 834024 351835 199697
783294 661668 696389 182277 825272 595419 462413 1011579 1204308 406907 497620 419423 444163 538357 257898 955902 847209 995531 945431 886842 1056341 623570 474311 600275 573129 406708 782459 716951 441278 204559 126064 971962 470062 999999999 773548 1083196 709124 652657 787680 602138 567130 581073 1135914 989559 194194 619244 761037 377135 715500 656032 944021 944054 626808 483043 35996 945397 643682 582682 944127 610084 716487 209024 894192 619024 188711 890010 720134 611875 1210730 615999 359805 179302 58772 687404 524834 781426 625333 619324 237030 609672 191775 919268 354839 751129 73575 924888 624169 171712 563350 711699 951942 620006 572791 272548 556205 921049 614965 851472 718643 402396
396058 302568 342894 614825 210090 265582 326479 240501 500517 679729 331061 364363 530146 392210 725492 321401 443547 476186 306289 511648 478749 758480 746177 367644 559113 496117 50496 768662 413844 676734 759075 258516 401823 773548 999999999 383963 759303 122302 95173 200069 350565 268330 415377 216556 582555 330156 271128 496449 375027 118254 259876 372754 173175 299151 806127 440195 446505 250579 354641 200350 515390 591159 319190 415318 610899 828282 160888 202839 518590 552597 459362 595678 820636 406287 537091 381979 329735 263875 649816 436800 687768 368249 487150 365137 701485 488125 778482 720085 341428 425116 188143 588644 445663 574027 410644 156546 326907 646056 55274 371162
748565 439447 715612 951246 258006 649183 685637 308381 122514 859501 706295 667045 717790 775787 960643 141324 369878 259871 563016 404863 196259 838117 894918 750886 669136 871449 345392 801311 653421 1028088 1097020 125792 779877 1083196 383963 999999999 794985 488255 318267 578263 535461 651030 63324 256464 889983 485832 628522 733456 743772 468982 140443 199641 466364 607665 1118495 269854 534539 632216 182675 580826 539925 878878 616876 796866 899857 775638 365228 474788 135733 638242 820116 905928 1137221 473705 678506 377752 480686 466636 903564 818834 1037149 225352 851841 393273 1009741 799477 859582 1066695 725176 468238 347626 668408 829309 930757 572427 246786 488039 582338 429089 700967
1064785 457143 974099 724022 618472 826743 708694 943123 878740 302219 779984 564860 328481 887162 455405 660950 425333 564471 1062460 403045 646803 93713 246063 920692 217286 853983 723336 10187 445084 820421 809971 754999 827597 709124 759303 794985 999999999 712372 689075 758109 424053 813353 857954 888459 610357 430913 962983 422695 1009708 687896 708852 595387 609437 583625 738655 534085 313029 795566 612800 771240 262153 554444 1060017 971520 564330 183437 601373 577614 866885 209340 756438 624036 763423 360082 261994 428897 430585 500682 478285 980160 817678 569788 786953 425985 664600 1197138 104713 824210 865923 349731 920578 174417 958537 789914 365253 810195 434931 246506 734524 627915
369487 275152 293021 492530 268762 174496 205075 359072 608584 590797 218045 250864 446351 296224 619555 401690 463231 532434 361813 531551 551638 697542 664186 286783 500433 383270 144845 722234 320017 555335 636815 363102 291941 652657 122302 488255 712372 999999999 171110 93323 288705 171471 526441 338720 463086 286243 254859 397794 329094 29372 353679 436152 104358 187619 684865 489343 408578 150423 422383 99563 491365 475284 348924 339818 494471 806200 171047 135221 623989 503083 339068 475666 698988 383062 469128 390646 288111 215629 540795 358746 566152 424557 368196 365960 581065 489443 716192 598247 248256 407642 301251 538052 359218 453242 348755 276964 281258 638641 67069 250497
490427 234541 433210 642211 114997 339749 368013 265260 439624 642741 388815 368662 491647 464830 707843 234380 350815 382155 391448 418394 389245 697115 701541 448194 499627 553541 44851 698045 389922 713974 788218 194401 462992 787680 95173 318267 689075 171110 999999999 263237 302259 339260 359963 221437 593661 270517 365666 474483 466481 150720 182572 279678 161075 304645 821835 345250 377055 319162 262620 267449 436730 592855 411270 498555 613468 745296 92042 180300 453887 487196 502794 608389 838542 330156 484981 293037 268597 214223 637986 519148 723725 273819 533990 279439 714318 582788 717812 754366 415418 345528 232509 523146 524136 614713 358686 142374 268705 558936 119171 391701
307048 346045 219825 431483 361835 84003 139927 418733 697427 600529 131066 237173 466149 202918 605288 494957 546759 623906 360553 614260 644775 732664 680177 196986 541678 296080 232930 768192 334440 483537 571592 452603 202272 602138 200069 578263 758109 93323 263237 999999999 337402 78793 613745 408713 421288 347444 210155 401191 256282 119467 445603 528834 175324 187033 632166 579865 467388 57342 515424 13255 555760 444140 328692 251066 461412 866856 260775 199409 713873 551175 264693 431476 643861 451030 503597 471889 350563 280108 522774 268781 495408 516533 289844 445031 533467 440490 749889 528683 155414 477663 355223 584448 266928 379524 393556 356203 341733 708955 149599 212333
644273 97022 556462 473018 284657 411701 318750 567404 651796 341858 384133 200994 191403 492656 425708 399022 291372 430294 644536 344394 489211 410892 399487 514719 212283 501844 324871 433983 125884 566884 608913 442057 446510 567130 350565 535461 424053 288705 302259 337402 999999999 399804 594078 522574 383764 52244 539245 199199 592701 265240 404503 378102 187347 184124 603121 379851 134819 380235 380009 350280 228085 358119 637299 568260 378594 531103 210822 155137 654233 215142 412566 400937 624464 141787 186528 218639 58262 88437 368996 580598 571450 352691 448149 187062 495929 773779 430232 593694 461792 170907 529789 249636 565510 492374 60771 442241 48508 387557 316993 264262
256542 418644 162156 402738 440231 15864 132592 468278 768704 632319 83904 265714 507798 125576 617852 572322 623428 702695 364596 690495 723100 781051 715526 119867 596069 234794 306155 823514 376661 440729 535138 525243 139090 581073 268330 651030 813353 171471 339260 78793 399804 999999999 683696 466171 413414 415774 186758 432979 196877 198208 520811 607472 251054 230640 608397 658567 532877 21791 593851 72115 623443 445703 318054 174404 460650 930904 339492 272498 786239 609650 226014 420856 617399 521309 554262 547863 419419 351126 533829 191046 453684 595312 243737 520252 516666 398610 797159 487822 76785 548721 402333 641535 188136 336683 452546 421359 409825 779045 222387 222454
761182 498786 735781 999441 312871 680563 727711 300500 88338 921004 743589 717951 778231 807024 1019714 203917 432706 316701 560741 465915 246747 901439 957511 778071 731946 909122 381751 864213 710080 1073596 1145461 166148 816015 1135914 415377 63324 857954 526441 359963 613745 594078 683696 999999999 256921 942134 545192 644704 791091 761950 509469 192364 262572 514116 657069 1170975 330553 597165 665846 245950 615148 603241 933201 619899 821770 954169 835548 415954 525033 112977 701358 862568 957810 1189186 536353 740546 440938 540196 522511 961064 844126 1083124 288523 893326 456031 1062360 800861 922903 1113351 756063 531312 349466 731646 857028 974673 632803 266871 547141 643215 464200 748640
506628 447156 489537 831182 270246 459451 541463 60574 344430 863851 538513 576546 712803 581866 927434 284473 499916 459605 306691 558172 424670 906435 920818 543905 712535 700397 211079 896766 610141 890936 975045 171209 604721 989559 216556 256464 888459 338720 221437 408713 522574 466171 256921 999999999 797725 487265 394279 694594 512726 333528 210000 361140 373803 511147 1022367 444072 583407 451993 338049 406091 627937 803480 363202 582291 823608 918576 311788 397816 369889 695278 672520 811210 1037080 529760 702387 466032 484597 435122 855525 605070 902335 372790 698543 463530 917207 544850 927583 935037 531243 538754 92603 730543 622656 787464 577359 80660 486185 723855 271808 587333
642767 475159 549573 113666 632295 428816 285016 821991 1011445 326610 334064 225237 299116 401168 234812 764493 671627 814042 775709 717433 870924 538577 411906 459085 434410 298101 589395 619571 259164 211087 227369 777907 328277 194194 582555 889983 610357 463086 593661 421288 383764 413414 942134 797725 999999999 434987 599390 212622 574685 464491 750469 756428 432704 289117 228906 763579 477236 410831 755201 430664 559540 58601 731436 490389 59122 780116 526223 417743 1018537 473122 217200 17248 247240 513523 381930 601739 441167 428424 158510 486957 209945 732464 229923 570503 120695 788345 545598 222760 413072 539927 763992 485895 453043 191217 382714 727973 430203 707410 528097 213082
651341 46409 567147 521960 238898 426317 348668 535039 601139 382804 409996 243583 234826 517065 474813 348255 244519 379213 631590 301256 437122 428935 434048 533664 230041 537933 298507 440500 177966 614627 659326 396331 476336 619244 330156 485832 430913 286243 270517 347444 52244 415774 545192 487265 434987 999999999 540762 250823 603643 259865 357224 325882 181895 216122 655230 328715 122337 395158 328005 359723 208319 410255 630398 587930 430765 520936 178646 151602 603022 222734 451910 452116 676489 107020 215147 169607 6193 70758 420218 601806 619672 300447 487689 137664 547894 775558 449229 642729 482423 135725 501966 258704 589508 536970 91348 406607 6265 363470 303634 303882
124977 529478 99740 579906 480579 171055 318978 372826 733031 809352 265901 443356 676304 239171 803601 589046 705214 747313 190692 773948 747171 941384 889907 181773 748052 380478 321497 972971 544574 603696 703250 509688 295426 761037 271128 628522 962983 254859 365666 210155 539245 186758 644704 394279 599390 540762 999999999 609585 118550 282525 521856 643707 359083 396964 786443 710875 663020 193416 625190 196995 746167 632461 133169 202016 647353 1061057 410180 389235 755937 754384 401458 606205 793440 637579 712017 637054 542798 470325 719758 224311 617615 639322 411353 615042 699292 234878 958956 651946 201011 661605 308164 788644 251017 503122 597761 381745 535641 891775 258327 407129
688969 296221 593484 320506 479138 448331 308661 731830 850685 199845 379468 167324 94744 480307 233532 598061 470136 620139 754868 510568 684136 367202 282667 523244 226517 432005 485403 432579 84562 419397 438166 635002 414609 377135 496449 733456 422695 397794 474483 401191 199199 432979 791091 694594 212622 250823 609585 999999999 626259 385660 599931 575929 324154 215651 412927 570376 267893 420135 578745 413962 347246 171494 729421 569371 190098 580328 389726 297369 853409 262603 334509 229319 435636 310305 173514 405797 256563 270523 170115 574386 420094 549927 364371 376280 309599 831541 379733 435124 468795 334643 684379 278990 548478 371950 179380 616757 247602 495219 449542 218835
68290 600261 36519 533536 579728 183033 318492 490923 850220 824216 250461 459915 703868 177300 795690 696300 791769 848006 285327 860272 853776 977861 908812 116196 792473 313589 424062 1019856 573180 539154 641596 623008 248144 715500 375027 743772 1009708 329094 466481 256282 592701 196877 761950 512726 574685 603643 118550 626259 999999999 358444 632058 746154 427745 427515 736953 808783 723614 214143 728890 243920 811927 616429 213457 104731 628331 1122989 497016 454292 872645 804860 361098 578277 740557 706468 751100 719729 606667 535675 711684 123074 553621 739340 360855 694894 660754 213691 993859 587212 163168 732586 426606 837278 157383 445942 647327 497401 597965 964106 351189 410000
398322 246983 322386 500511 242729 202151 218494 358606 590173 575561 238973 246548 429137 321982 611174 377451 433878 504680 381043 502185 525651 675452 646979 314856 477465 403072 130541 697697 305618 567227 645748 344710 313638 656032 118254 468982 687896 29372 150720 119467 265240 198208 509469 333528 464491 259865 282525 385660 358444 999999999 332483 409399 78481 181628 688907 461124 382132 176807 396205 126956 463730 473077 372243 368195 492743 778843 142345 110342 604606 478560 353343 477781 703872 355057 447934 361288 261459 189110 533977 386834 577566 397123 383858 336699 583717 516681 694397 609058 274881 379287 304001 513797 386308 466409 325735 267177 255070 610035 65311 253920
645720 311108 601233 810803 120864 520443 547157 270564 262919 737757 571196 526966 591837 646328 830025 75928 298486 251630 492663 351956 229388 740139 780486 626406 558431 735547 215512 716285 518274 887952 956586 46369 645508 944021 259876 140443 708852 353679 182572 445603 404503 520811 192364 210000 750469 357224 521856 599931 632058 332483 999999999 151183 326020 467262 979189 234075 423291 501086 128126 449374 447092 740861 534162 674970 761832 719052 224939 334466 274112 532609 681228 766287 997654 363752 560801 280030 352599 330484 769660 696264 896912 163533 713424 286819 870500 715783 761672 926344 596423 364704 283171 565503 703615 791140 446860 158061 358633 523019 298718 560556
768682 282415 712745 833991 168071 610546 602873 421686 292610 677887 641886 545772 544291 731245 792225 78163 170250 105003 637151 210235 119283 640357 705593 722103 479068 799081 322712 601679 503286 920620 976212 192298 716696 944054 372754 199641 595387 436152 279678 528834 378102 607472 262572 361140 756428 325882 643707 575929 746154 409399 151183 999999999 373999 496412 979990 83206 347530 586174 23127 535713 342210 735359 672826 774115 756021 582143 271590 369085 287739 445125 730364 773292 1000767 287531 494694 186323 319943 330406 743959 793859 927592 27762 765008 208025 872022 851698 661739 953811 684219 277061 432343 473487 795370 831883 402234 305557 329737 386826 396668 593264
471834 172668 391290 485377 217377 258672 229194 408107 588877 506917 270155 207603 358044 367147 555121 356360 372421 461251 457458 439455 493012 598085 575100 370876 399623 425082 162825 619231 240925 562110 631366 348238 344261 626808 173175 466364 609437 104358 161075 175324 187347 251054 514116 373803 432704 181895 359083 324154 427745 78481 326020 373999 999999999 144010 661107 414551 304231 229343 364508 186182 387497 432261 450629 425339 452779 702027 104967 32233 599709 400107 359578 447563 678120 279855 371578 296869 183761 111276 481853 442022 570938 357469 393327 269718 553388 593770 617245 600333 324757 305229 360468 435390 436254 466587 248027 299012 176948 536707 131674 234710
485746 237827 392568 343894 353232 244709 134638 539610 730025 414043 201485 65418 279819 310353 432052 490497 455189 571846 539554 515657 615224 550613 493147 337878 366459 322094 301182 593803 147922 425423 489427 491577 262398 483043 299151 607665 583625 187619 304645 187033 184124 230640 657069 511147 289117 216122 396964 215651 427515 181628 467262 496412 144010 999999999 517205 522327 318419 214185 490637 200081 412057 292451 514122 389938 312483 708807 242553 133087 739499 382822 239414 303747 534115 321702 323682 377779 221395 172520 353245 400529 433188 476019 275100 346281 409721 624391 566978 461123 283518 350855 485616 413343 383176 335615 228508 439525 209873 571673 246904 96857
804383 697616 719091 206542 860624 622467 492260 1043511 1239713 436674 524649 453953 478903 560332 284909 991558 883039 1031505 972160 922380 1092332 651939 501250 622478 606992 425655 815931 746293 477265 213433 122148 1006812 493530 35996 806127 1118495 738655 684865 821835 632166 603121 608397 1170975 1022367 228906 655230 786443 412927 736953 688907 979189 979990 661107 517205 999999999 981378 679210 610842 980003 639765 751388 245018 919476 638790 224702 920241 755103 646632 1246281 650063 385025 213593 24819 723221 559153 817384 661321 654994 270090 628434 199626 955229 377493 787105 108782 944680 651774 174567 587482 747425 983365 653358 591343 291570 592069 954482 650944 885210 751104 435034
835525 291208 774389 849284 230296 663219 639072 504638 344656 648818 684688 564675 525846 779721 774232 161229 115813 50511 715364 135421 120783 587237 666969 775977 442750 835969 389699 539559 505279 939932 987924 275495 758551 945397 440195 269854 534085 489343 345250 579865 379851 658567 330553 444072 763579 328715 710875 570376 808783 461124 234075 83206 414551 522327 981378 999999999 319956 636901 106321 588020 293641 736574 747934 829160 756704 505885 319090 403688 333553 404575 760838 780735 1003220 264617 466397 164686 322525 350404 733671 847956 945765 74334 796217 194303 875038 924792 608234 969984 734706 246672 513542 428923 846545 856531 391549 386449 333684 312669 457594 618060
