NAME : synthetic_000373
TYPE : CTSP-D
DIMENSION : 100
GROUPS : 8
RELAXATION_LEVEL : 1
EDGE_WEIGHT_TYPE : EXPLICIT
EDGE_WEIGHT_FORMAT : FULL_MATRIX
EDGE_WEIGHT_SECTION
999999999 475957 341386 186055 379396 696333 347862 612874 242665 796464 778283 443776 282235 413929 741368 617431 462837 473982 145748 577921 721642 745479 698111 908360 218628 323573 676764 803316 882595 450726 820747 736725 594260 619308 245983 377575 566464 587063 313477 474243 632591 382314 393851 199739 448683 835085 97321 349841 141276 436556 285636 712667 349311 122441 379684 186619 451956 514968 963830 686892 511944 408734 417039 282246 423502 429979 603090 589550 465764 709172 107914 397181 102575 628615 513241 444500 778459 360034 224407 584688 507549 754501 359490 387882 547608 844251 526993 402232 576790 224621 513784 495037 386023 822818 324731 927535 768922 143504 681321 90833
475957 999999999 795362 295565 116792 1021235 548774 667475 243747 1109515 910169 614996 196964 78781 886522 531211 789804 866301 619414 628491 643721 731886 1029553 1219338 280531 757468 610248 640801 890542 704130 835187 918297 461002 764533 669463 849200 986468 674701 203111 439559 990198 93770 732189 451967 533688 991521 550518 813704 461744 66541 287243 812328 824801 598058 741713 623122 389729 636997 1252157 1061785 937467 576239 767079 224359 894498 528996 388414 844950 249585 773961 485441 133778 457632 774952 966487 711056 997536 125287 687798 912088 849391 575555 792310 488181 862047 684931 629907 109477 916376 547822 890725 755327 152815 817936 501559 1211562 690203 341501 1066171 554631
341386 795362 999999999 501106 711791 450115 400490 639672 551637 546656 695268 453410 612831 723976 655796 739197 288527 199916 204557 620814 808903 783022 444910 648225 515980 66419 768403 926234 875493 373305 820888 620375 751084 569706 136889 102692 239954 597668 604747 621163 363186 702778 248363 370980 527410 719613 322459 43860 339601 765989 541177 672628 184208 232697 209371 172561 626365 528638 717639 391752 184873 444736 237597 621622 128571 509172 800426 444644 709435 697900 404052 691404 337956 574810 172740 356090 619000 690311 262840 360997 292242 896793 65748 494101 351421 957828 550749 736069 340912 288065 248755 385108 675631 836670 419714 688420 845599 483405 377302 305674
186055 295565 501106 999999999 214174 776817 336372 554835 56692 872432 763603 427288 116894 229072 731343 504096 537471 590473 325398 515381 618418 667579 782318 985085 45022 466959 574861 676087 819087 480847 757438 743809 463169 603333 379664 553864 702763 541870 130837 364132 730624 202179 472505 192722 388292 833677 273175 518286 178879 265647 135044 680551 534406 305662 473276 329804 327463 480106 1029599 796155 651469 386197 504292 149352 599044 373961 449414 628417 297134 661543 230269 211665 165799 613712 673112 481866 805317 191313 408154 663814 592938 620046 502540 325753 618004 719692 483965 239491 662854 279171 621179 531919 201595 751941 294528 990521 667951 90488 796518 272604
379396 116792 711791 214174 999999999 980021 518362 682092 175188 1072900 915239 597365 98973 109974 887671 573471 742672 803618 525022 641895 690166 766293 986703 1184728 215360 680429 652191 707773 924917 671753 866427 911402 510678 761391 593495 756752 916936 681490 174102 459310 939483 63293 680204 396184 531092 992646 445398 725883 392039 59116 257842 822174 724198 501602 684090 542219 410835 633032 1224097 1007122 865583 556539 713344 109618 802587 522316 454971 817573 297467 790894 375471 156810 379750 771963 884406 675808 983257 24335 581736 868089 800108 643930 716175 476684 820215 752653 630258 25752 869230 488593 832855 723550 168657 853269 471937 1184155 738820 238308 1008591 451472
696333 1021235 450115 776817 980021 999999999 473763 512946 805386 100651 393493 427573 890618 942471 365201 695976 239678 250593 609335 524708 698566 614871 16850 212047 765436 414207 676252 833632 624092 320288 592301 299995 749310 375439 460705 527333 273811 470941 820259 655445 94052 944476 306902 585326 530080 366905 725432 484463 603422 1019433 734365 439389 626737 634483 316656 519010 691535 448941 271620 132896 302686 458536 279778 924995 518705 524418 837849 203884 832968 494081 792766 890237 630054 371318 406771 311146 236641 955712 706266 113332 188883 836716 389880 550685 159864 846120 469520 1005671 119806 499116 201842 271765 871095 621894 520616 239447 711093 807523 161863 706318
347862 548774 400490 336372 518362 473763 999999999 271843 349576 560742 436136 96798 438341 470200 401226 338800 252889 363281 368706 241645 415763 412277 482973 670782 312102 336349 373147 526987 538518 155404 477337 408257 353749 275165 273992 497185 495951 241192 350657 226959 452520 476339 211476 156546 128235 500776 428481 439943 208007 551950 263968 365120 541618 375307 237706 280861 244267 167789 706474 528853 460221 61262 247245 483529 528932 109286 415158 299308 367486 362300 454654 416813 246836 285028 531612 162676 469529 494166 502628 367534 313640 496311 357503 98101 316213 560327 182012 543413 375316 141435 371624 206843 397635 482932 47245 666301 456899 396794 538625 412846
612874 667475 639672 554835 682092 512946 271843 999999999 545114 563193 247111 189567 628613 598458 230932 193195 394980 533788 639670 40333 189657 144012 528136 651396 517431 573262 163380 323926 269983 275290 207981 280919 260843 140570 530186 741635 658126 45654 510424 227917 541910 625149 400475 413690 168205 331912 698245 682546 471642 695744 437009 146125 800221 647069 438925 547854 277751 111642 656163 619446 640715 211816 425184 684482 766010 185099 359348 312044 424141 108961 716776 539430 510313 147277 734924 293847 375535 660506 773732 447749 439614 323817 584195 231655 402924 342614 91566 703403 468865 412791 517666 288763 522368 211194 288168 616199 213863 633368 640251 683265
242665 243747 551637 56692 175188 805386 349576 545114 999999999 898973 764605 434731 88889 174096 734181 475537 567608 630285 380755 504997 591827 649219 811852 1011101 40176 514351 549365 640198 803883 500345 742915 751705 428405 606309 426466 607806 746490 536730 76888 340526 764324 151926 505024 221000 382682 838007 329464 570594 220251 220783 109262 677153 590570 361652 509410 379378 299167 479939 1052239 832303 696326 393400 538255 139840 652706 370525 405568 647254 248624 653409 283007 155043 213908 616830 722781 503350 818402 151046 464772 693206 624926 581984 549466 322655 645684 684418 480999 200936 694098 313805 658395 552035 145487 734959 304575 1012594 641560 136499 834230 329209
796464 1109515 546656 872432 1072900 100651 560742 563193 898973 999999999 401584 504849 985148 1030917 381388 752941 337283 348446 709768 580842 741332 647919 102301 112860 859250 513439 724117 875046 632278 405443 609549 313378 811766 422647 561345 619291 352283 524742 910210 727627 184004 1035244 405444 680153 603964 354454 826061 579286 700868 1110562 823794 467338 719975 735024 416813 619655 766867 514740 171716 187269 389015 539102 379549 1021162 607138 600586 904116 271924 912133 525865 893333 977334 728475 416445 487527 398734 227385 1048566 804937 212087 288924 884971 487960 631133 254574 882807 533162 1098446 220393 596226 300132 354592 958137 641564 607958 142080 747622 905818 215699 806951
778283 910169 695268 763603 915239 393493 436136 247111 764605 401584 999999999 339844 851890 838651 39643 428998 407660 529930 763173 283612 375672 267062 410334 461209 731977 634034 373603 499774 231818 340945 209309 93638 502060 161170 624341 795503 623724 235542 741316 472174 460552 861387 451159 592682 384388 85781 848689 738704 642137 934127 661253 102007 876083 778334 488262 662108 521524 284667 445024 523793 627535 379555 457678 904028 806653 394630 601280 256448 670181 156481 886155 779623 680348 151145 734919 353643 175807 892575 892187 384962 420958 524755 630631 442083 363619 498726 285115 937884 411123 555691 494326 313447 761815 242443 471635 408524 367919 831387 551136 831145
443776 614996 453410 427288 597365 427573 96798 189567 434731 504849 339844 999999999 523491 537816 305589 303351 240673 372140 453707 167470 356973 333473 439265 610598 399240 387088 318352 480382 448511 117060 388385 317169 338341 178703 340657 554533 503509 152390 425081 229751 425113 550359 225368 253082 104358 406631 521876 495655 304602 625730 339580 268896 610772 463158 261115 359467 263972 78449 638223 504177 476854 41345 255886 571878 581015 96877 417433 233745 407286 269856 550936 481259 343339 188707 562170 133234 385944 573562 587592 332645 296853 460464 401027 127713 281005 508459 98386 621701 346560 229450 367671 157384 462183 397200 132913 597457 392271 491844 518815 505634
282235 196964 612831 116894 98973 890618 438341 628613 88889 985148 851890 523491 999999999 149377 821966 544860 651883 707367 427446 588329 662189 726715 896605 1097525 126789 581732 621173 698458 883175 588396 822857 840349 490776 694251 495012 658906 819035 622338 126193 416481 846555 106240 587857 305291 468728 926047 353599 627213 295744 154489 191879 763107 629417 404668 589717 443326 371686 567338 1139804 912724 767358 482174 620175 59985 704649 457354 453104 735537 290946 737353 289662 162897 281528 704791 785435 590939 907286 78004 490847 777967 708190 637389 617541 409818 731233 743247 567565 123611 777850 394945 737885 640000 163818 813167 393457 1100302 711792 144589 913320 358065
413929 78781 723976 229072 109974 942471 470200 598458 174096 1030917 838651 537816 149377 999999999 813848 473935 711130 789073 554440 558914 589240 671308 950774 1140883 208013 683849 553136 599984 830313 625587 773371 843670 407669 690516 595820 781887 910372 603153 125103 371249 911616 50193 653842 374735 459095 919002 494830 744120 387479 98986 208491 742099 763077 534613 663935 551427 321504 562458 1174279 983442 861988 498688 688849 193923 826737 453479 346566 766907 192972 706087 436528 59082 386103 700995 894073 632381 921495 101856 631914 833313 770789 535701 718305 411582 783267 644764 556408 120389 837663 470722 812807 676857 76996 758022 422968 1133738 637126 288007 988097 496967
741368 886522 655796 731343 887671 365201 401226 230932 734181 381388 39643 305589 821966 813848 999999999 419209 368407 491902 724171 264703 376447 272627 382037 448991 700774 594447 369647 504891 259174 301817 228948 68011 490334 128067 584860 756161 588097 212918 713578 450970 428063 834952 411518 557674 356675 105191 810676 699265 606107 908351 632238 94500 836482 739576 448647 623003 499715 254975 439580 493665 590473 345918 418199 873205 767654 365646 589358 218379 649683 154151 849277 754963 644113 117642 697479 314283 161533 864736 852900 349668 382978 525146 591237 412420 326254 507334 257853 910690 375718 518184 457158 273811 736876 260350 438115 401527 373926 797428 520420 793029
617431 531211 739197 504096 573471 695976 338800 193195 475537 752941 428998 303351 544860 473935 419209 999999999 542343 675485 685521 172172 117434 202711 710325 843804 460189 674626 79236 190684 360043 417163 307098 473223 75818 332089 611583 835774 806567 228294 418708 143676 713679 511262 527600 427064 212377 514757 712678 778725 486348 572672 369850 327553 875236 684962 561680 610745 176861 251812 849331 792734 780028 298548 559060 604622 867694 230122 173628 492219 282274 273961 708493 418245 520328 339579 862540 434650 568493 555535 814775 618839 595693 158372 693983 249880 569905 228459 229116 590542 636972 467666 669407 446948 404910 287388 326377 809393 166942 592979 810767 701528
462837 789804 288527 537471 742672 239678 252889 394980 567608 337283 407660 240673 651883 711130 368407 542343 999999999 138959 394770 388610 581368 530109 244848 450111 527508 230177 547585 711588 600015 125223 549794 332009 578824 295156 243620 387916 265256 349504 587194 464663 201090 709729 69005 346819 342542 431820 503118 331593 363827 784021 502716 394708 471386 416756 91499 296354 491338 295381 501628 276147 245859 257530 53916 685393 399738 330802 654693 156668 620362 428913 563668 661414 391231 298239 343755 107758 339180 718426 510007 126423 60804 697602 223333 343509 84772 735121 319263 768392 126830 259439 127122 108525 642502 570067 296899 464844 608836 568537 285884 484014
473982 866301 199916 590473 803618 250593 363281 533788 630285 348446 529930 372140 707367 789073 491902 675485 138959 999999999 367844 526325 719416 668903 246230 453315 590584 166284 684754 848592 733627 261188 685435 445924 706848 431474 228290 284055 132989 488369 664035 586681 167305 779811 152212 414373 469617 540513 487297 236237 411708 851009 584972 528490 379974 394564 128375 288129 607495 432413 520039 212980 106931 382199 117635 731048 284281 455660 776707 273541 724318 565818 560807 744925 428531 433732 207381 242878 429535 780037 456549 164655 108973 832220 139517 460100 167545 873084 456299 829217 142498 318483 48853 247031 726784 706899 401006 489612 747607 601280 208186 468542
145748 619414 204557 325398 525022 609335 368706 639670 380755 709768 763173 453707 427446 554440 724171 685521 394770 367844 999999999 610351 777697 780972 608119 818390 351202 203685 733569 875949 902113 422401 842087 706265 676738 613294 151459 231828 440482 605765 445899 548423 534084 525644 330102 262106 490550 807441 120580 206664 207725 581908 401427 714083 212483 28226 303695 101658 537552 531465 880892 577881 385072 427871 342378 427441 277761 470839 702827 541617 581848 722804 199948 532108 185137 621176 372674 410823 730684 505381 134066 503815 426274 834309 236826 438387 476315 913690 548617 547963 490591 227273 413141 456310 519068 850021 363880 847440 821556 288910 568004 102577
577921 628491 620814 515381 641895 524708 241645 40333 504997 580842 283612 167470 588329 558914 264703 172172 388610 526325 610351 999999999 193233 170656 539322 672931 477620 554457 159355 323302 306758 265342 244649 310215 233835 161820 506601 722002 653568 56987 470111 189143 546956 585136 387237 378297 130521 367494 664810 663121 436933 655979 396776 183981 776778 616570 424757 520826 238845 94528 681606 625454 632946 183585 414337 644290 748222 148335 330658 321400 386591 149287 680904 499856 475367 170142 723873 283814 402733 620258 744259 452156 437025 315060 567558 193717 405047 346776 71014 663285 471835 383080 513770 285804 482667 244900 253855 641264 225344 594678 644883 650244
721642 643721 808903 618418 690166 698566 415763 189657 591827 741332 375672 356973 662189 589240 376447 117434 581368 719416 777697 193233 999999999 113206 714182 821373 575038 742870 44878 135117 256141 458558 211659 439310 182719 323128 688746 908815 845887 234935 536069 254625 731205 627697 579922 526007 288527 458604 815034 850397 586057 687616 485091 282170 957358 779879 617012 695712 292665 287652 815982 808369 826110 364821 607501 721903 937070 308135 267573 500288 396595 222298 816549 534378 621919 327549 916855 477041 536073 672541 909618 637253 628204 149101 757923 339833 592568 153766 263930 706781 658508 553444 705712 476953 521515 185327 413861 777661 49736 706392 829579 802711
745479 731886 783022 667579 766293 614871 412277 144012 649219 647919 267062 333473 726715 671308 272627 202711 530109 668903 780972 170656 113206 999999999 631112 721329 626737 716648 127226 232857 159005 415063 104435 338455 277507 245706 674129 885176 788837 185466 602591 310258 657904 705482 541485 545806 296899 348008 834014 826053 605159 770294 540047 180998 944208 787193 580354 690730 356516 255650 710995 732413 775576 353660 564291 785196 908831 315888 371007 425694 482309 122085 846659 614036 643179 247220 872926 433455 434067 746816 914903 566608 569620 260162 726657 357962 526597 235274 235196 785013 589870 553709 648546 421893 599262 86977 423160 673578 101335 751379 755746 819805
698111 1029553 444910 782318 986703 16850 482973 528136 811852 102301 410334 439265 896605 950774 382037 710325 244848 246230 608119 539322 714182 631112 999999999 210878 771826 411151 691490 849273 640940 330444 609062 316842 762962 391087 460490 519905 261990 485865 828131 667729 84457 951990 311032 591387 542224 383267 725003 478307 607941 1026783 742477 455953 619896 633605 318759 519232 703214 462512 274012 116696 293002 469452 282610 930118 509992 536142 850919 218106 843755 510459 793425 898982 633814 387122 395796 320621 252821 962414 702661 118659 191653 851826 385745 561469 167511 862060 483342 1012385 121541 503974 197841 282759 879867 638599 529635 243534 727100 811282 145869 705928
908360 1219338 648225 985085 1184728 212047 670782 651396 1011101 112860 461209 610598 1097525 1140883 448991 843804 450111 453315 818390 672931 821373 721329 210878 999999999 971463 619467 808389 952619 683776 515388 670018 383002 906175 511726 671326 714214 437385 616070 1020966 829060 286121 1146261 518162 792694 707158 397794 935727 678257 813729 1221692 934407 540886 815966 844112 528696 730110 870067 613951 79682 266690 480624 646289 491770 1133896 697794 705103 1000733 376871 1017194 600800 1004269 1086690 841262 504299 571227 509579 287488 1160394 909123 324626 400922 968073 592148 737820 367385 956299 630817 1210228 331633 709083 406065 464026 1067487 703508 718027 76873 822461 1018633 290525 916670
218628 280531 515980 45022 215360 765436 312102 517431 40176 859250 731977 399240 126789 208013 700774 460189 527508 590584 351202 477620 575038 626737 771826 971463 999999999 476939 531726 631189 779544 461607 718133 716409 418310 572735 388932 575346 707562 506679 95201 321228 724148 190198 464849 180839 352566 804075 310227 536365 181577 260434 90504 646421 562676 333794 469349 343446 283387 447506 1013131 792193 657760 357905 498091 172698 619828 339325 404847 608767 254292 625001 272840 180906 178093 583211 686374 464234 781481 191222 442843 653173 584763 575033 511800 291138 605784 674853 449825 241109 653964 273738 618380 513216 168265 711666 267880 973581 624650 135509 794230 307894
323573 757468 66419 466959 680429 414207 336349 573262 514351 513439 634034 387088 581732 683849 594447 674626 230177 166284 203685 554457 742870 716648 411151 619467 476939 999999999 702578 860980 810389 307894 755354 561779 688495 505065 88038 168692 242895 531324 561945 559149 333576 666269 184315 320251 462508 661925 324125 109549 296427 732557 493415 608202 242095 231179 146014 139627 566550 462220 685154 374261 188584 379077 177383 596390 194211 444504 740789 386829 656335 632347 400920 647672 301266 510438 212293 290948 566296 658053 292372 316303 242685 832511 36155 431235 299797 892176 484347 705334 299030 231717 213561 322052 631122 770769 357928 653648 779322 460506 364448 305772
676764 610248 768403 574861 652191 676252 373147 163380 549365 724117 373603 318352 621173 553136 369647 79236 547585 684754 733569 159355 44878 127226 691490 808389 531726 702578 999999999 164019 282061 423567 231293 429294 151401 302236 646697 867759 812714 206859 495256 210774 704142 590154 542780 481227 245366 458419 770183 809553 541263 651896 442047 275372 914712 735477 579276 652438 250348 252362 807260 782094 791105 323742 571388 680713 896771 264866 243785 475278 361483 217270 771784 497287 577068 307839 879920 441902 526041 633983 865265 609616 596376 160957 718555 295433 563466 190122 228468 669504 629992 509895 673062 445133 483746 209548 369865 768202 93346 662490 802357 757896
803316 640801 926234 676087 707773 833632 526987 323926 640198 875046 499774 480382 698458 599984 504891 190684 711588 848592 875949 323302 135117 232857 849273 952619 631189 860980 164019 999999999 337259 587426 311259 569688 212977 458197 800721 1024079 976732 368750 574252 329930 865824 644530 705524 616473 399058 579468 899500 966515 675263 693885 541238 411794 1065589 874904 741482 801262 353088 416293 943806 943205 954816 482217 734738 758208 1054801 417715 253636 635271 411543 351827 890303 551806 708262 462486 1042534 605714 665955 693710 1004588 771660 760250 65408 878559 440370 726344 44943 392398 720366 792580 658138 837060 608961 542860 278448 516805 906244 131910 766414 964173 889073
882595 890542 875493 819087 924917 624092 538518 269983 803883 632278 231818 448511 883175 830313 259174 360043 600015 733627 902113 306758 256141 159005 640940 683776 779544 810389 282061 337259 999999999 502552 62111 324413 433455 306356 781179 978081 840046 297432 759920 467399 686150 864310 627384 683629 437259 286162 966724 919314 741322 929299 694633 205358 1047425 911582 666638 806423 514557 371498 656440 752808 836850 477411 643182 941141 996022 454762 523234 465856 641023 180050 986751 773013 780077 302199 941007 519465 405089 905226 1035858 604033 626770 384305 814350 500461 574370 319270 356633 943831 629616 677426 704293 493784 758158 72661 557878 623689 220319 900435 779424 951309
450726 704130 373305 480847 671753 320288 155404 275290 500345 405443 340945 117060 588396 625587 301817 417163 125223 261188 422401 265342 458558 415063 330444 515388 461607 307894 423567 587426 502552 999999999 447583 287391 455204 198334 284931 475989 390176 230668 505767 345352 309451 631286 126838 289809 220858 387490 512484 417049 325657 706833 419133 301676 545815 438292 166059 321187 376320 171235 552346 388183 367647 140455 149896 629968 496149 211159 534104 147570 513644 324603 557904 571906 360664 204563 459697 18570 330087 647467 551358 218760 179894 572437 313670 231621 166759 612102 195117 697023 230832 226586 252244 51798 552711 463859 202648 512466 488263 529673 402104 494353
820747 835187 820888 757438 866427 592301 477337 207981 742915 609549 209309 388385 822857 773371 228948 307098 549794 685435 842087 244649 211659 104435 609062 670018 718133 755354 231293 311259 62111 447583 999999999 296706 381932 254660 723368 923572 796047 236598 700172 407875 648452 806293 573477 621668 375149 277970 905279 864620 679484 872305 633708 158777 990783 851098 612814 747137 455653 310854 649687 718030 789984 416347 590980 880565 942871 392667 474866 422590 585633 123008 924754 715645 718208 251772 892586 464930 385047 846411 975972 562923 580088 350571 760687 438355 529965 301080 295338 885749 587983 616774 658430 442288 700413 34386 496016 614716 184146 838493 743694 889980
736725 918297 620375 743809 911402 299995 408257 280919 751705 313378 93638 317169 840349 843670 68011 473223 332009 445924 706265 310215 439310 338455 316842 383002 716409 561779 429294 569688 324413 287391 296706 999999999 541709 154611 561658 718571 533572 254709 737707 489758 367591 861355 383180 562338 384663 101342 799789 663164 606297 935862 653915 157900 803375 723758 417986 604607 536988 281310 377983 430161 540200 358506 384406 889039 726700 390579 639915 175847 688025 217872 844330 785324 643150 144503 648368 296541 96856 887942 831403 294959 337418 587149 554922 434881 278411 573626 289473 935170 321175 512106 407688 249987 766779 328316 449360 338952 439490 804231 457554 781576
594260 461002 751084 463169 510678 749310 353749 260843 428405 811766 502060 338341 490776 407669 490334 75818 578824 706848 676738 233835 182719 277507 762962 906175 418310 688495 151401 212977 433455 455204 381932 541709 999999999 395653 618763 843912 839428 290813 365130 130668 759721 447720 555823 414726 237268 587827 691136 788556 471559 505614 328271 400200 874911 673071 587134 610545 142306 300459 915338 839031 808821 324690 589278 550757 878618 251522 99222 545709 214703 348194 678443 354076 502317 403924 884966 471573 635732 494145 801737 665507 635096 160253 711013 257272 615087 256552 279909 526251 681803 469502 705568 490663 342338 360946 331547 875049 229679 553458 855282 681677
619308 764533 569706 603333 761391 375439 275165 140570 606309 422647 161170 178703 694251 690516 128067 332089 295156 431474 613294 161820 323128 245706 391087 511726 572735 505065 302236 458197 306356 198334 254660 154611 395653 999999999 481967 672160 546075 104841 587320 335434 412585 709760 321374 431676 231565 231829 692734 613560 481913 783756 505103 103349 744085 626456 360535 513764 382417 128493 519965 487998 536818 218433 336912 745212 689665 239092 492090 180205 533479 134463 727010 631935 520347 10574 638308 214405 242629 738256 744900 320903 327824 463181 508097 285167 281683 471693 134957 784709 344238 398715 406714 187754 613542 275434 310571 479546 337424 670252 510674 675638
245983 669463 136889 379664 593495 460705 273992 530186 426466 561345 624341 340657 495012 595820 584860 611583 243620 228290 151459 506601 688746 674129 460490 671326 388932 88038 646697 800721 781179 284931 723368 561658 618763 481967 999999999 225165 325389 491328 474087 488269 390040 578392 180543 234800 402225 662996 264749 170476 208438 645107 406736 584872 270209 174770 152329 59888 491058 418696 731767 441267 272668 324657 190952 511772 260884 383218 664793 393120 572802 601217 334006 559989 213866 488817 299398 270952 581030 570921 269811 353298 275505 767856 123025 363264 324858 834318 438991 618539 341235 151764 269752 312447 543582 735345 287476 697602 728279 377691 435338 245624
377575 849200 102692 553864 756752 527333 497185 741635 607806 619291 795503 554533 658906 781887 756161 835774 387916 284055 231828 722002 908815 885176 519905 714214 575346 168692 867759 1024079 978081 475989 923572 718571 843912 672160 225165 999999999 282395 699927 668047 713381 435802 755528 350787 449471 625033 816806 331879 59149 409332 813395 612531 774967 102097 256422 311655 242688 714961 630384 787434 449582 234020 544079 338425 658895 46026 606395 888040 542748 787067 800588 415442 755044 399473 677147 168305 458738 711802 736895 232401 448650 385324 992578 165085 588258 445245 1056615 652262 779777 426395 375587 331351 486922 740595 939335 512622 761227 946337 520590 430037 318865
566464 986468 239954 702763 916936 273811 495951 658126 746490 352283 623724 503509 819035 910372 588097 806567 265256 132989 440482 653568 845887 788837 261990 437385 707562 242895 812714 976732 840046 390176 796047 533572 839428 546075 325389 282395 999999999 612479 785908 719668 180757 897735 285178 536578 602160 619296 560381 257505 526244 966887 709648 637381 384323 468656 259331 381651 740215 560620 513481 170696 55431 514906 250530 837161 261296 588447 909690 374208 854724 680090 640250 868759 537540 546855 135270 372276 495998 893924 498676 238801 219259 962547 207011 592996 266093 999641 584495 942228 212614 440832 140540 369363 851030 819986 532788 491278 871739 702552 148510 542905
587063 674701 597668 541870 681490 470941 241192 45654 536730 524742 235542 152390 622338 603153 212918 228294 349504 488369 605765 56987 234935 185466 485865 616070 506679 531324 206859 368750 297432 230668 236598 254709 290813 104841 491328 699927 612479 999999999 508091 238057 497400 626615 356499 389642 154155 317291 669622 640788 445944 698916 430566 140944 760813 614514 395195 511840 286850 74308 624709 575245 595300 180013 380469 676565 723365 167935 387415 268735 436801 122470 692496 544111 484864 113271 690037 249187 346268 659189 739744 403019 393967 366199 541217 216118 357697 388136 60193 703706 423833 380176 472014 243117 526360 244839 263396 584336 259417 616874 595677 654038
313477 203111 604747 130837 174102 820259 350657 510424 76888 910210 741316 425081 126193 125103 713578 418708 587194 664035 445899 470111 536069 602591 828131 1020966 95201 561945 495256 574252 759920 505767 700172 737707 365130 587320 474087 668047 785908 508091 999999999 292534 787309 125821 529094 249779 357049 818544 403517 627243 265812 201462 86697 648947 657680 428898 538840 432457 246490 458938 1056949 858683 738016 384674 563969 186083 712085 348232 333432 649476 173719 619381 359730 87028 268849 597891 773228 511507 810943 151259 537354 710239 646560 514202 595907 302841 660668 618893 456259 197488 713905 345789 687746 557396 73179 689312 303539 1016662 585649 213234 863106 402073
474243 439559 621163 364132 459310 655445 226959 227917 340526 727627 472174 229751 416481 371249 450970 143676 464663 586681 548423 189143 254625 310258 667729 829060 321228 559149 210774 329930 467399 345352 407875 489758 130668 335434 488269 713381 719668 238057 292534 999999999 654575 400322 434568 287262 125648 555103 569944 658246 345547 469209 232121 373122 744632 546031 463605 480091 49862 216039 847991 733476 686168 207133 469223 475124 748407 134280 190311 456048 198788 334894 564839 312386 378338 345346 758368 359981 576771 438849 675406 562394 523289 285888 582611 129022 510715 370145 202231 479411 575962 338837 589633 387037 295845 396846 201449 807116 303991 451779 747300 559247
632591 990198 363186 730624 939483 94052 452520 541910 764324 184004 460552 425113 846555 911616 428063 713679 201090 167305 534084 546956 731205 657904 84457 286121 724148 333576 704142 865824 686150 309451 648452 367591 759721 412585 390040 435802 180757 497400 787309 654575 999999999 908856 259360 543457 529466 445777 652697 395295 553159 982594 703366 490991 536144 560366 258425 449678 685509 461989 354467 79309 208780 449557 226380 876242 425536 520534 842381 232387 819275 540915 724044 862373 575798 410685 312836 295909 318854 915370 623118 94888 140858 862013 306052 539314 144661 882652 484570 965235 78626 451613 120960 269188 843491 675726 497405 326078 749433 752382 98381 633779
382314 93770 702778 202179 63293 944476 476339 625149 151926 1035244 861387 550359 106240 50193 834952 511262 709729 779811 525644 585136 627697 705482 951990 1146261 190198 666269 590154 644530 864310 631286 806293 861355 447720 709760 578392 755528 897735 626615 125821 400322 908856 999999999 649766 366721 478437 940109 458354 720463 371739 75643 212471 766800 731333 504337 656940 530839 351278 581272 1182724 978800 847936 510159 683986 145164 800872 470955 391880 775278 234214 733641 395883 93669 365559 720309 874328 636693 935989 51862 595706 833769 768454 580759 701391 426725 784696 689418 577113 79535 836558 461773 806154 682969 106444 792426 429273 1142457 676200 249613 981964 461888
393851 732189 248363 472505 680204 306902 211476 400475 505024 405444 451159 225368 587857 653842 411518 527600 69005 152212 330102 387237 579922 541485 311032 518162 464849 184315 542780 705524 627384 126838 573477 383180 555823 321374 180543 350787 285178 356499 529094 434568 259360 649766 999999999 284105 318968 484332 435797 292223 296947 723309 446311 424268 425548 350978 39343 230130 455488 292779 570555 329602 253132 231267 36201 619530 369547 304330 624518 212630 575545 450655 495034 606157 323177 326451 337140 108859 400712 656067 449836 193655 120438 685369 187214 307921 153769 732603 316238 705955 190515 193427 162166 138055 587507 590440 250865 533843 612004 500632 335018 416753
199739 451967 370980 192722 396184 585326 156546 413690 221000 680153 592682 253082 305291 374735 557674 427064 346819 414373 262106 378297 526007 545806 591387 792694 180839 320251 481227 616473 683629 289809 621668 562338 414726 431676 234800 449471 536578 389642 249779 287262 543457 366721 284105 999999999 248957 656501 289680 400447 60098 439561 174205 519750 465177 258776 290252 206976 275650 319206 836897 612277 489637 214824 317683 342010 489823 230247 443618 437146 338719 512092 303188 332240 97388 441565 532469 289801 617625 372011 388198 472734 403926 572885 352252 188699 426001 655486 329450 421929 473158 96011 439461 340297 314681 623190 126251 797874 572295 242057 615248 276805
448683 533688 527410 388292 531092 530080 128235 168205 382682 603964 384388 104358 468728 459095 356675 212377 342542 469617 490550 130521 288527 296899 542224 707158 352566 462508 245366 399058 437259 220858 375149 384663 237268 231565 402225 625033 602160 154155 357049 125648 529466 478437 318968 248957 999999999 461766 537335 567475 308265 552236 277282 294495 669431 494304 351347 407189 162985 103371 729705 608510 572097 87722 352094 522522 655974 19714 313250 332050 311088 273349 550803 400668 346305 242081 651270 236235 465220 508287 623460 436919 400034 370652 481609 63453 385338 432093 99274 554023 450903 265054 468836 261444 382161 374823 127499 688789 331168 465361 622932 523408
835085 991521 719613 833677 992646 366905 500776 331912 838007 354454 85781 406631 926047 919002 105191 514757 431820 540513 807441 367494 458604 348008 383267 397794 804075 661925 458419 579468 286162 387490 277970 101342 587827 231829 662996 816806 619296 317291 818544 555103 445777 940109 484332 656501 461766 999999999 899943 762085 702637 1013541 736836 187684 903092 824722 518793 705785 604109 359706 372094 499792 630639 447534 484682 976683 823294 470443 687049 275170 753602 241770 942880 860100 740027 221276 739341 397275 130964 969649 932746 383448 433167 607418 653991 516916 373387 575492 363031 1015739 409366 610640 499877 351245 842037 312262 539541 338096 447659 897570 528589 881840
97321 550518 322459 273175 445398 725432 428481 698245 329464 826061 848689 521876 353599 494830 810676 712678 503118 487297 120580 664810 815034 834014 725003 935727 310227 324125 770183 899500 966724 512484 905279 799789 691136 692734 264749 331879 560381 669622 403517 569944 652697 458354 435797 289680 537335 899943 999999999 318541 229647 504237 381919 789632 281417 92965 413916 207471 548842 596210 996499 698133 504950 489733 452656 339768 377296 518173 700249 642658 561047 790656 83693 484374 193115 701509 485649 503548 832704 428894 137352 617642 539734 851337 357406 478249 586638 940088 610101 465855 605982 294090 531772 552162 474765 909196 411011 962157 861730 209019 688532 19164
349841 813704 43860 518286 725883 484463 439943 682546 570594 579286 738704 495655 627213 744120 699265 778725 331593 236237 206664 663121 850397 826053 478307 678257 536365 109549 809553 966515 919314 417049 864620 663164 788556 613560 170476 59149 257505 640788 627243 658246 395295 720463 292223 400447 567475 762085 318541 999999999 364422 781305 567470 716489 143981 233801 253226 196027 661524 571340 749349 417563 204445 485813 281111 631982 90413 548996 835181 487347 739084 741623 401793 714217 358624 618670 167130 399885 659847 705108 241376 399517 332866 935913 108275 532167 392441 998658 593280 749632 378472 322109 284697 428906 699054 880253 457016 721337 887619 493233 400811 303213
141276 461744 339601 178879 392039 603422 208007 471642 220251 700868 642137 304602 295744 387479 606107 486348 363827 411708 207725 436933 586057 605159 607941 813729 181577 296427 541263 675263 741322 325657 679484 606297 471559 481913 208438 409332 526244 445944 265812 345547 553159 371739 296947 60098 308265 702637 229647 364422 999999999 440743 203297 573113 415752 201711 295086 168417 330948 374223 862278 617573 476197 268355 327302 323112 451720 289329 495112 470634 379167 568169 246886 352084 38953 491508 507417 322672 655727 368603 330218 490093 417100 630534 330834 248616 446555 714656 385829 417590 487358 104786 442436 373880 336088 681791 183477 824143 632391 206328 617660 216710
436556 66541 765989 265647 59116 1019433 551950 695744 220783 1110562 934127 625730 154489 98986 908351 572672 784021 851009 581908 655979 687616 770294 1026783 1221692 260434 732557 651896 693885 929299 706833 872305 935862 505614 783756 645107 813395 966887 698916 201462 469209 982594 75643 723309 439561 552236 1013541 504237 781305 440743 999999999 288112 838567 782522 558941 729372 595317 419614 655328 1258357 1051827 916271 585630 757210 168397 859132 545303 440307 850919 291038 803759 434584 156995 431304 794287 938339 712113 1011192 76530 640719 908443 842429 629057 768067 501582 859604 738433 650527 44481 910837 533844 878523 758534 173431 857007 504900 1218096 735249 296570 1054388 510050
285636 287243 541177 135044 257842 734365 263968 437009 109262 823794 661253 339580 191879 208491 632238 369850 502716 584972 401427 396776 485091 540047 742477 934407 90504 493415 442047 541238 694633 419133 633708 653915 328271 505103 406736 612531 709648 430566 86697 232121 703366 212471 446311 174205 277282 736836 381919 567470 203297 288112 999999999 571412 613494 388794 458283 371464 192998 377265 970261 775749 663491 298874 481649 247587 655016 266707 320547 562807 181285 545627 355488 160132 216757 515673 705694 425061 725517 234160 507890 624874 562512 485867 526028 219936 574968 584736 376390 282122 629190 268995 606440 470736 141825 625714 216842 929986 534759 225194 781127 376452
712667 812328 672628 680551 822174 439389 365120 146125 677153 467338 102007 268896 763107 742099 94500 327553 394708 528490 714083 183981 282170 180998 455953 540886 646421 608202 275372 411794 205358 301676 158777 157900 400200 103349 584872 774967 637381 140944 648947 373122 490991 766800 424268 519750 294495 187684 789632 716489 573113 838567 571412 999999999 847431 726311 463316 615323 422795 201719 533828 562109 632257 305069 438565 816986 791678 307096 499421 263821 570173 60040 819732 683017 611956 97821 735857 317721 254273 799975 846381 404360 422179 430716 610588 355304 371288 416269 196659 844222 429308 495781 500206 289035 665560 184753 394851 495511 281737 753047 587105 772975
349311 824801 184208 534406 724198 626737 541618 800221 590570 719975 876083 610772 629417 763077 836482 875236 471386 379974 212483 776778 957358 944208 619896 815966 562676 242095 914712 1065589 1047425 545815 990783 803375 874911 744085 270209 102097 384323 760813 657680 744632 536144 731333 425548 465177 669431 903092 281417 143981 415752 782522 613494 847431 999999999 229020 387863 264788 739490 688643 888770 551643 336065 594401 419238 620432 130026 650062 908787 627941 793320 868043 361097 743439 396790 749991 265286 529762 803159 706382 156582 543497 476282 1028962 249916 625361 535594 1100706 709139 745555 522348 407613 428222 563588 730851 1004025 548859 862020 997765 485958 532116 273160
122441 598058 232697 305662 501602 634483 375307 647069 361652 735024 778334 463158 404668 534613 739576 684962 416756 394564 28226 616570 779879 787193 633605 844112 333794 231179 735477 874904 911582 438292 851098 723758 673071 626456 174770 256422 468656 614514 428898 546031 560366 504337 350978 258776 494304 824722 92965 233801 201711 558941 388794 726311 229020 999999999 326217 120889 532659 540244 905899 605176 413253 435417 365001 402499 302444 474644 695283 561292 569900 732899 171724 514460 174890 634613 400225 427519 750869 482430 129903 527995 450251 831623 264655 440055 499135 913396 556550 524188 515398 234430 439407 474137 502039 857968 366952 872089 824534 264399 595611 74647
379684 741713 209371 473276 684090 316656 237706 438925 509410 416813 488262 261115 589717 663935 448647 561680 91499 128375 303695 424757 617012 580354 318759 528696 469349 146014 579276 741482 666638 166059 612814 417986 587134 360535 152329 311655 259331 395195 538840 463605 258425 656940 39343 290252 351347 518793 413916 253226 295086 729372 458283 463316 387863 326217 999999999 206517 481727 330469 585037 323079 222611 263759 38797 618004 330213 335818 652724 244932 596038 489997 477408 618404 317449 365496 301211 148165 430284 660175 418768 205380 127892 719804 147874 335516 172948 769289 353748 709814 197261 195611 149214 176074 600073 629762 273465 549576 649829 494357 325048 394763
186619 623122 172561 329804 542219 519010 280861 547854 379378 619655 662108 359467 443326 551427 623003 610745 296354 288129 101658 520826 695712 690730 519232 730110 343446 139627 652438 801262 806423 321187 747137 604607 610545 513764 59888 242688 381651 511840 432457 480091 449678 530839 230130 206976 407189 705785 207471 196027 168417 595317 371464 615323 264788 120889 206517 999999999 476821 437838 789576 501095 327897 337247 245291 456788 283958 387610 648280 440591 544446 626567 274505 519253 165516 521390 343491 309312 630040 520195 231138 410338 332413 764174 175772 360895 379382 836952 456320 566911 399308 143142 329555 354655 503734 756667 284472 754919 737620 321015 494884 188310
