NAME : synthetic_000090
TYPE : CTSP-D
DIMENSION : 100
GROUPS : 8
RELAXATION_LEVEL : 1
EDGE_WEIGHT_TYPE : EXPLICIT
EDGE_WEIGHT_FORMAT : FULL_MATRIX
EDGE_WEIGHT_SECTION
999999999 665768 1083595 575001 664790 575621 618905 813114 601855 527398 1036212 861086 914221 472909 611723 565562 589544 196817 1030731 142969 383563 524939 297072 188489 654109 190936 737829 746686 704422 622453 692452 219248 517309 266625 473320 676431 592890 733195 738699 336896 858918 616588 912015 946842 648408 331084 290301 282232 865833 791353 784933 529768 1029243 153484 739757 863547 747029 416345 524055 143866 325706 593194 175890 669787 818776 488250 537342 745097 682884 145803 723442 740380 1010346 883033 362487 243643 327521 786839 155539 500069 1088896 571280 771249 695439 671609 823654 117453 943594 694277 148170 826202 800279 563688 767316 762734 275164 1001581 1056353 339475 264612
665768 999999999 520995 550244 766045 313848 729343 672248 310023 164355 1083980 768591 326192 194670 599729 373807 891644 710128 446439 527639 782848 185917 428869 762051 105149 478040 887308 342578 405539 627728 714228 847479 633019 882711 524959 131771 479456 702933 420880 583402 824616 326691 709116 576703 865737 920867 460643 845305 326883 310371 644920 164200 530221 791889 757424 525363 232654 749042 503219 523206 759902 75393 530830 383222 373744 190711 896484 165104 701677 520024 737056 488854 995697 749934 651038 458096 424723 593009 526668 406390 612779 666705 435758 744847 394661 865536 549573 1002356 719469 685160 479414 157557 241375 111815 381848 390805 538241 474853 946822 411706
1083595 520995 999999999 660058 821285 831072 811807 581474 490671 677847 972122 662435 194812 652208 677010 547581 1033408 1045794 80020 942164 1027766 571963 789928 1109072 464319 923205 922243 350657 428873 696875 737410 1207922 781221 1228322 716952 627082 587103 690368 402090 853671 740602 837240 532958 311234 958917 1240931 805360 1164166 219252 293162 574867 576862 120781 1169088 751895 351994 340604 969450 661896 958886 1034038 558906 995627 451891 280297 621558 1074439 368599 730319 947568 739905 454383 859605 616988 898785 933271 764367 512741 928202 620162 171690 777002 376493 771837 456344 825984 982231 924256 742180 1042561 349467 369873 761273 419266 350667 829185 178645 55374 1275389 822771
575001 550244 660058 999999999 215936 740605 182210 238364 249052 557785 559093 297918 566391 446955 53652 177657 382101 451042 642110 472066 377256 381282 324960 513996 455882 510257 337270 328850 235107 80095 171696 611737 121193 617653 101764 661921 80552 182697 258395 248206 319648 776272 337553 419047 328245 611660 308407 540405 489683 405714 209933 408325 563684 594172 220805 339497 422501 314533 62476 515533 396250 495481 591802 222597 387171 414846 415695 481219 158732 495387 199807 212768 492680 311621 264068 574092 290136 219020 444745 154793 595026 126558 283795 198055 214248 329847 525517 469729 176436 469623 320182 571798 674122 576261 314706 452127 516882 658354 648946 406643
664790 766045 821285 215936 999999999 940836 47903 266937 463561 764804 379409 248053 758875 652643 169446 393446 230137 492657 817959 599115 342002 594146 485467 544227 671627 656368 121336 522809 424985 141987 86058 627457 164220 616367 264537 875836 291352 141777 438470 336459 211050 978475 364284 535294 139348 585687 458158 531223 680028 600645 259261 620967 711281 632657 99399 472462 628983 279377 266043 648128 388127 709924 730524 422986 569188 623362 292523 692474 91293 627117 96878 371546 345780 291454 302574 730885 455871 313330 569929 364775 721564 111242 454990 56433 412779 158877 650440 285724 82105 529052 472155 783321 878100 790389 499857 619938 657087 829883 623514 568884
575621 313848 831072 740605 940836 999999999 896330 920206 551763 192936 1299503 1009578 637106 295613 794245 589802 1000921 702449 754229 477779 838703 378424 481076 733504 399099 400277 1055791 633182 672082 820184 912131 792006 782894 837082 676567 209015 690410 917836 695792 663217 1051542 42512 977731 876702 1006606 894104 515934 829948 640521 616426 890053 353342 843960 727172 961362 815784 539223 828853 680914 444624 796956 302662 401436 641452 677113 331551 982195 478006 899183 454509 940346 751728 1226661 1001724 731082 332406 500270 849690 494059 586306 926239 830574 717707 936256 651554 1070418 467403 1210276 916747 660960 768486 461457 75825 412083 670555 363471 850118 782427 909174 413104
618905 729343 811807 182210 47903 896330 999999999 278124 431251 722249 427301 275216 738761 609940 142351 359253 224522 449953 803925 551375 307571 554491 438078 503276 637144 608467 160605 501185 403934 117576 97895 589034 116778 580330 219790 836417 261047 155487 420615 288964 248471 934345 380269 535406 149954 553448 410476 495621 660481 579051 265280 581103 705113 591380 130213 467604 602350 242919 226641 600326 350271 671202 682675 398243 551966 581635 278319 663015 96634 579314 120564 358183 391472 314459 257404 683066 408847 312687 522194 325068 720948 65796 439923 82823 388640 205184 602813 333621 96272 484911 462520 753709 834511 758444 481089 572582 652511 817282 591513 521377
813114 672248 581474 238364 266937 920206 278124 999999999 371303 728269 424754 98053 561604 626793 204454 332282 496750 679568 593219 708961 572313 542186 556353 740405 567444 742327 347433 351995 268337 201562 182565 834990 317896 834715 340116 799659 243740 125208 260805 482091 167735 950871 105394 277937 404321 817818 543544 752861 484210 421070 31070 568023 464497 824083 178293 231543 475381 506004 293954 751059 605100 637939 825001 289147 370429 589318 555739 551171 181632 731292 172075 186288 326337 81849 484456 800801 520784 83164 682104 356783 462612 279242 259662 210927 277796 245040 762284 357222 185679 702845 249369 636946 847738 659062 316722 675919 407435 599791 855936 634706
601855 310023 490671 249052 463561 551763 431251 371303 999999999 358928 774654 464648 349652 264681 294532 74563 618863 555859 449786 464784 559223 173849 304839 618765 209896 462849 584615 144914 126745 322434 405873 717360 350670 738781 255257 432039 172532 392911 157196 370536 516373 580835 426484 365836 575619 755158 316454 677688 283099 199495 342119 198422 427516 678760 447841 288758 185982 509053 214672 490229 555683 267601 543485 92137 217285 225650 639460 234422 393549 475527 427648 200962 689235 451946 424394 496114 276257 298096 446912 138269 488265 373070 186616 437565 101071 555598 510601 692368 411182 551918 243686 324167 478086 327216 163181 374675 400758 472140 788462 353093
527398 164355 677847 557785 764804 192936 722249 728269 358928 999999999 1114483 818727 483797 112346 611098 399601 849607 604340 605858 398278 709374 186084 341294 648574 220443 336467 882809 444570 479357 637861 729338 725032 612820 764619 503734 151566 502398 731134 503621 518281 863149 222689 784796 689506 842814 810964 376648 739010 472069 435777 698318 160560 673958 665017 777460 625625 360845 687909 500380 383625 676337 121243 377610 448529 493536 143132 840964 310819 716377 384663 756445 558796 1038107 809609 587915 302768 350389 656961 403978 403058 753790 656632 526358 755378 458619 886987 409967 1026778 734153 571620 578260 321451 119473 276133 480991 261273 673617 634237 832839 296709
1036212 1083980 972122 559093 379409 1299503 427301 424754 774654 1114483 999999999 327566 982085 1004947 505447 718365 489161 852845 998833 978162 678360 932790 862062 895978 981077 1035651 300979 776331 688701 480112 388278 965589 542502 943658 634176 1206246 613009 384003 684674 715019 260721 1334667 440880 661990 399635 896328 836214 860160 906199 845743 446926 959817 851341 983840 338313 642824 899081 627647 619792 1027353 733555 1040375 1109868 704069 793545 971388 562767 973835 401132 1006348 359292 609249 113960 363321 674985 1109482 830937 507892 948970 713204 822821 487572 684382 367750 692503 230335 1029085 93707 383923 894374 669523 1060854 1232069 1080923 741459 995999 793592 1000547 931003 945856
861086 768591 662435 297918 248053 1009578 275216 98053 464648 818727 327566 999999999 655802 714688 252228 419802 472695 711530 680458 767732 582403 632960 622828 769148 664049 808155 295984 449950 365918 238752 179746 859281 347647 853497 396022 895079 323093 129153 358852 524659 78383 1041392 137743 352389 372351 828581 605909 769353 579236 518296 123688 659249 543000 855661 148654 319584 573418 517100 358944 812378 622593 732119 889505 385399 466155 678046 539163 649214 185644 792001 154714 284261 228385 50388 514386 871391 587867 181039 739790 434828 530177 298661 357047 194195 373939 170658 821190 264511 180122 740307 342912 734946 938119 757068 414377 748290 485027 684992 866670 704045
914221 326192 194812 566391 758875 637106 738761 561604 349652 483797 982085 655802 999999999 465253 596772 418730 948478 898770 122776 771388 908074 391962 628237 960027 274439 744639 872179 237954 334828 621282 682327 1056557 682978 1081701 599762 435214 486642 646241 320841 719880 729302 644634 548347 347150 888687 1102320 648501 1024598 79139 160681 545162 392923 224368 1012248 709048 340897 170209 855795 551283 783141 905299 365994 813295 343843 193081 437492 978258 177626 672638 773643 692980 392268 875870 619036 773777 747951 607008 480696 760431 487613 307958 691830 308633 717425 352214 800786 807586 918777 687591 889193 312891 177507 566719 226534 259185 650473 253408 150931 1134676 650087
472909 194670 652208 446955 652643 295613 609940 626793 264681 112346 1004947 714688 465253 999999999 500450 295013 740187 519081 587408 333396 607954 94483 242798 569048 191471 288440 770485 372921 390198 526926 618645 653107 500573 688997 391406 245472 394797 622500 417985 412834 755935 329748 690004 616528 731003 729166 276921 654546 435600 381903 596324 78388 628878 597223 667254 546030 315378 582317 388763 331893 578937 120538 350060 356675 431925 39205 734426 288002 605680 327156 646226 465376 931053 708565 482362 282795 246096 559179 331999 292179 703950 544304 444118 644080 365748 776634 357979 916508 623389 491928 499097 329820 227205 294612 405634 197852 619540 615041 754075 217165
611723 599729 677010 53652 169446 794245 142351 204454 294532 611098 505447 252228 596772 500450 999999999 225969 356887 475406 664984 515511 381009 433520 373432 536733 503440 557521 290162 359010 262058 28016 118241 632335 119313 634331 143991 713364 122055 131419 280316 278080 268121 829855 308098 417468 292038 622370 354590 554205 518720 436830 179210 460608 574871 619817 167153 342371 460732 315714 115114 560374 407318 546733 638180 255955 411503 468077 398677 523152 105279 539924 146157 223003 440110 271310 281563 623401 339209 203192 487566 208273 598982 100186 301715 145823 246296 276243 568965 416130 123068 498443 330199 613989 727640 621038 339979 502649 524958 679460 660202 456058
565562 373807 547581 177657 393446 589802 359253 332282 74563 399601 718365 419802 418730 295013 225969 999999999 544300 499827 512920 434949 489503 215014 271472 563713 278228 445449 514768 196929 138870 253981 340911 663282 276130 681545 182033 489695 106362 334418 173160 306458 464009 622045 402419 383013 502124 693493 275394 616607 348515 263054 301620 241872 473372 629047 385553 300711 259005 437343 140131 466563 489343 323074 528343 104561 268113 258254 565445 308907 328249 449786 364874 187979 638747 414129 355944 489881 238614 268938 413750 72641 526127 299739 205699 371092 106067 494669 484294 633256 346100 500789 261127 398404 518770 399808 202667 364603 439624 533738 727816 333652
589544 891644 1033408 382101 230137 1000921 224522 496750 618863 849607 489161 472695 948478 740187 356887 544300 999999999 393666 1021542 574616 206799 707088 519848 423702 811029 648092 203056 710910 616123 336578 314455 481557 268380 456107 369125 982177 461982 371558 636621 337841 421070 1042014 594191 759831 103608 407170 485143 374235 871712 787797 487270 731473 928651 508018 326333 691827 800701 180936 404253 623988 265123 824907 705452 604645 767322 720262 74713 853054 316980 604487 326733 579026 505252 518800 271427 729453 502358 537038 547540 491014 945464 257898 658603 286540 596343 338124 616819 407098 311127 441399 685010 941893 949811 939136 695220 644616 876610 1036314 442052 592285
196817 710128 1045794 451042 492657 702449 449953 679568 555859 604340 852845 711530 898770 519081 475406 499827 393666 999999999 1005010 225753 187088 538016 283028 64403 669127 305107 552146 695801 631517 479234 534540 164298 364670 183096 356635 755110 491957 582472 664254 204781 697314 744924 783490 858606 458220 210877 255125 135471 837727 755269 654555 552112 972492 144624 577562 775571 728789 225842 414385 266339 128991 634754 337413 601400 767676 519604 340560 747378 526868 251861 563815 646687 836911 740673 197163 382934 295604 670063 208504 427383 1020440 413171 695962 531003 599870 650134 250084 761708 535362 49847 745571 818899 672179 795900 702044 347141 935667 1027856 238888 307644
1030731 446439 80020 642110 817959 754229 803925 593219 449786 605858 998833 680458 122776 587408 664984 512920 1021542 1005010 999999999 888292 1000224 511756 740828 1067377 397015 864512 924673 318722 407139 687010 736507 1165181 762247 1188081 689092 548995 565425 693554 384930 818839 757511 759322 558003 338734 953064 1204771 758865 1127388 167397 250544 582546 514121 163631 1123375 756162 361860 283704 944500 636548 902026 1002241 488643 934456 424789 254962 558810 1057762 300263 728275 891818 742396 446545 888147 637933 868295 869896 717473 518454 876051 584538 234655 763689 364001 771492 431001 837984 926080 944705 741523 998488 348761 292793 685401 342148 327461 770291 214302 28420 1238231 767576
142969 527639 942164 472066 599115 477779 551375 708961 464784 398278 978162 767732 771388 333396 515511 434949 574616 225753 888292 999999999 383543 382036 163514 256845 511628 79600 689598 608973 573256 530937 610769 326924 439209 367733 371837 549547 476134 643868 607507 263325 776390 520164 802878 817958 612223 419043 166691 352437 723907 650662 679316 387372 890982 266922 660732 735442 604607 393680 415081 50088 333265 453932 133219 537748 680527 346485 537648 602186 599780 29882 642389 616389 938274 783686 312595 159705 197434 673099 29192 374337 953009 494920 639879 620083 540626 755073 53477 884468 613479 183185 695921 658543 452005 626761 627199 138135 865516 914079 437637 121660
383563 782848 1027766 377256 342002 838703 307571 572313 559223 709374 678360 582403 908074 607954 381009 489503 206799 187088 1000224 383543 999999999 598225 368093 219232 719485 461057 378172 681562 599072 374404 403109 289330 261915 274615 311301 853264 442210 458191 627464 199854 553016 880903 677511 795420 279080 246505 332735 189352 837676 751977 552734 618659 937943 306001 437322 716693 744546 66311 365928 431010 58324 710105 509703 576587 748496 596838 155891 781120 398786 412893 428032 589704 674503 619505 135808 542555 361982 584120 358854 420959 972191 293105 655919 390052 571562 491188 420462 589826 402391 235454 696479 863480 796526 850449 677179 475348 893066 1019574 284664 425898
524939 185917 571963 381282 594146 378424 554491 542186 173849 186084 932790 632960 391962 94483 433520 215014 707088 538016 511756 382036 598225 999999999 255205 594009 132092 352808 714460 278877 297503 461018 551176 684974 452488 716239 343153 281927 319786 548807 324379 398452 679007 408714 600333 522077 685606 748494 283630 671623 353073 292571 512258 27112 540408 634364 597812 451710 231555 563226 328208 391312 577634 118212 423669 264945 339579 55909 710636 220158 538290 382399 576906 374680 853657 623536 465548 362586 244965 471337 373906 229503 613537 490145 349972 579185 274535 707350 415995 846641 556182 518679 404713 281887 305553 258164 311196 258597 528228 538591 776752 260391
297072 428869 789928 324960 485467 481076 438078 556353 304839 341294 862062 622828 628237 242798 373432 271472 519848 283028 740828 163514 368093 255205 999999999 338960 386806 186015 590938 449724 409942 392972 479909 431456 321309 461316 231362 486631 317505 504691 444218 182211 640739 522257 646226 654465 530667 493779 35585 417345 574196 496852 525964 269154 732324 384242 530991 571930 458507 349742 264207 198080 336403 353758 268702 374606 521938 238222 503434 468441 467856 179924 511177 453555 809580 633868 250702 250223 35665 514519 142824 211809 791994 375024 476644 495341 377260 633138 213755 768989 483418 264291 532524 536722 432027 512889 465833 134513 704623 765517 521600 83852
188489 762051 1109072 513996 544227 733504 503276 740405 618765 648574 895978 769148 960027 569048 536733 563713 423702 64403 1067377 256845 219232 594009 338960 999999999 725757 333227 595090 759378 695827 539390 590891 99912 423896 122452 420561 800043 556179 640414 728609 268801 751601 775720 844762 922860 497687 162733 313410 97535 900012 818012 715939 606748 1036608 88606 632304 839872 789883 269364 478451 289826 162531 686697 350911 665570 831376 572363 363110 806160 583805 278995 619462 710938 885904 799754 256219 405860 354535 732956 245542 491361 1084819 470493 760339 585305 664129 699935 269289 806231 591414 77234 809970 875677 708733 851027 766078 388056 999993 1090472 185071 353684
654109 105149 464319 455882 671627 399099 637144 567444 209896 220443 981077 664049 274439 191471 503440 278228 811029 669127 397015 511628 719485 132092 386806 725757 999999999 476156 792926 239957 300412 531433 615759 817053 546980 848069 441930 235664 381848 601655 315953 520077 721176 418131 604257 479192 777682 879212 414168 802059 252726 217488 540361 124357 453645 766325 657508 423598 140992 679547 413474 517269 702925 99320 541150 278671 278151 167116 822038 96824 603412 509967 637412 383725 891500 644873 584679 474213 374529 487936 504876 320363 533360 576322 331670 647298 290162 764782 542664 900595 621064 650644 377072 149921 323623 130981 278923 382888 453728 424910 907992 390365
190936 478040 923205 510257 656368 400277 608467 742327 462849 336467 1035651 808155 744639 288440 557521 445449 648092 305107 864512 79600 461057 352808 186015 333227 476156 999999999 752820 603251 580093 575693 659999 396186 493419 439398 414004 485716 502368 688226 613800 325682 823307 442501 831265 825362 680064 494185 203222 429821 703953 636301 711888 352804 881629 333244 710759 744641 582758 467469 450023 47445 411946 407176 83405 543803 672765 309082 614065 570486 648379 54235 691548 632194 989542 819855 381391 81667 221544 698811 102204 393517 948322 548812 645468 672508 548283 809358 73558 942023 663153 261457 702489 618210 378676 582515 625819 94221 860995 891227 510661 111801
737829 887308 922243 337270 121336 1055791 160605 347433 584615 882809 300979 295984 872179 770485 290162 514768 203056 552146 924673 689598 378172 714460 590938 595090 792926 752820 999999999 638282 540588 262397 189855 666666 273170 647159 379769 996319 412213 231911 551387 427389 231233 1094138 429861 624919 102587 604480 561109 562691 793075 715762 348595 741176 808350 683086 170706 570417 747539 326706 386267 739496 432768 830680 822638 541055 680567 742226 277424 812394 199733 718663 182523 481082 303030 345765 379812 830220 563728 409529 660580 484957 810038 226183 565157 154758 530537 139507 738693 211670 184603 594390 576207 903230 994697 911170 613104 725066 752319 934823 640590 672980
746686 342578 350657 328850 522809 633182 501185 351995 144914 444570 776331 449950 237954 372921 359010 196929 710910 695801 318722 608973 681562 278877 449724 759378 239957 603251 638282 999999999 97838 383878 448967 858612 446776 878010 370374 474322 249714 417883 91940 503198 516726 655420 370863 245255 651030 890372 461017 813532 160843 77911 329617 295975 282606 821941 479789 183759 124035 625883 318209 632797 684809 330909 682240 107070 72564 334780 742581 201289 438608 618763 462370 167692 677669 422479 550220 630149 421056 268911 591602 269508 345167 453934 95959 483799 114647 577894 653862 704413 454314 694427 137116 285045 557372 309701 39366 512615 257764 338187 924744 495205
704422 405539 428873 235107 424985 672082 403934 268337 126745 479357 688701 365918 334828 390198 262058 138870 616123 631517 407139 573256 599072 297503 409942 695827 300412 580093 540588 97838 999999999 286463 351495 795719 355130 811123 289034 534789 158748 322326 34298 431669 428033 698949 307107 245442 553867 817716 414205 742113 256662 175666 242763 320379 342515 764411 383605 164823 212518 540613 233145 603509 607406 377679 662218 36409 152187 351015 650647 285393 340989 587263 365734 83315 594240 344575 471710 618832 377418 187646 552457 207073 389571 358437 66829 386231 32816 483915 621977 613454 356857 635857 122790 373760 597299 392225 79683 495345 304183 423973 853248 468671
622453 627728 696875 80095 141987 820184 117576 201562 322434 637861 480112 238752 621282 526926 28016 253981 336578 479234 687010 530937 374404 461018 392972 539390 531433 575693 262397 383878 286463 999999999 91970 633492 116350 633330 161821 741126 149914 112959 303153 286529 247815 856079 306694 430374 267522 618220 372474 551912 542935 461778 179240 488090 592682 623858 141989 357731 487393 308399 139681 576702 404314 574527 655540 281968 434507 494939 381820 550488 79045 556072 121174 242511 417753 262409 283216 643193 359341 211582 502632 234827 613691 84709 323121 118170 272058 250306 584275 390112 96565 504724 348552 641335 754052 648774 363521 523693 541633 700846 656235 476176
692452 714228 737410 171696 86058 912131 97895 182565 405873 729338 388278 179746 682327 618645 118241 340911 314455 534540 736507 610769 403109 551176 479909 590891 615759 659999 189855 448967 351495 91970 999999999 679941 175152 673752 248936 830076 234801 57993 361555 356064 166665 947942 282991 449277 225354 649519 457214 589630 603220 526245 173358 578283 626299 678026 51120 387402 560470 337553 231591 657931 442863 663364 738295 354033 490802 586308 373438 627638 12965 637068 31630 291505 329792 216932 337987 729802 447172 227613 581970 326470 635556 121986 375533 35151 343191 158338 663650 298150 5400 565645 389060 718238 845818 729065 423279 612188 571715 747553 687651 563596
219248 847479 1207922 611737 627457 792006 589034 834990 717360 725032 965589 859281 1056557 653107 632335 663282 481557 164298 1165181 326924 289330 684974 431456 99912 817053 396186 666666 858612 795719 633492 679941 999999999 517321 48792 519666 876415 655670 731342 828519 368149 837265 833475 939828 1022368 566041 119532 408325 108121 997784 916335 811311 696085 1136344 65796 719072 939476 886348 348328 577723 349537 239337 772460 394872 765368 930723 659682 413456 899876 673638 343496 707469 810456 963772 891828 350796 459707 449763 830415 322274 591023 1184731 561381 860251 671746 763991 779796 325330 878272 680075 167532 909816 966832 774803 940181 865754 464009 1099891 1188562 120871 435969
517309 633019 781221 121193 164220 782894 116778 317896 350670 612820 542502 347647 682978 500573 119313 276130 268380 364670 762247 439209 261915 452488 321309 423896 546980 493419 273170 446776 355130 116350 175152 517321 999999999 517032 109775 733353 197180 218513 379391 181049 341729 821530 423041 534428 233132 503262 294025 435922 607411 522531 295288 478375 684424 509191 223228 457093 532472 197069 136000 487430 288572 570519 569105 339764 507314 474565 295848 585026 165674 466441 206264 332573 499183 376044 167758 567041 292186 322496 410150 227112 713560 55714 404986 181002 332324 316271 491494 449006 177078 392681 440347 674273 722802 673281 434812 455808 636835 778949 541156 404668
266625 882711 1228322 617653 616367 837082 580330 834715 738781 764619 943658 853497 1081701 688997 634331 681545 456107 183096 1188081 367733 274615 716239 461316 122452 848069 439398 647159 878010 811123 633330 673752 48792 517032 999999999 529586 916170 666548 726884 843303 380047 827228 878748 939990 1032589 545338 72069 435823 85299 1020812 938240 812269 728627 1153080 113779 710509 950325 911643 337508 587959 393309 230978 807447 441725 781999 949631 693610 385414 928594 668280 386035 700123 821075 947189 888132 353910 505168 476890 835000 360719 608939 1198704 557824 874588 663127 779941 765293 369766 858087 673500 197913 922582 997990 817985 972940 883136 503348 1114805 1210858 72854 472444
473320 524959 716952 101764 264537 676567 219790 340116 255257 503734 634176 396022 599762 391406 143991 182033 369125 356635 689092 371837 311301 343153 231362 420561 441930 414004 379769 370374 289034 161821 248936 519666 109775 529586 999999999 623660 137108 274225 318873 151868 409626 714562 438862 503140 342596 530714 210849 456416 527624 441846 311647 368862 630501 497788 300056 420739 440887 256179 58385 416404 318595 461304 494298 265350 437295 364867 384651 486927 236724 395988 280034 291491 578340 412500 182846 481557 198255 316828 344122 122056 670821 154013 348754 266429 260610 404142 425312 541941 252616 371486 394002 574472 614928 570166 366288 363260 588557 708283 566955 314844
676431 131771 627082 661921 875836 209015 836417 799659 432039 151566 1206246 895079 435214 245472 713364 489695 982177 755110 548995 549547 853264 281927 486631 800043 235664 485716 996319 474322 534789 741126 830076 876415 733353 916170 623660 999999999 596046 823153 551507 658162 948412 210359 839818 707418 966211 962341 521377 890037 448832 440405 771647 255412 650107 816052 875246 657112 363067 827481 610053 533102 822989 166713 519932 510643 504281 261921 979095 291658 817300 535140 854548 618007 1120986 878335 727611 444419 491547 721635 555544 511395 733719 772023 567177 859184 521919 984317 559260 1122556 835194 723033 611185 257769 151036 208704 513570 412822 662840 576935 984388 447535
592890 479456 587103 80552 291352 690410 261047 243740 172532 502398 613009 323093 486642 394797 122055 106362 461982 491957 565425 476134 442210 319786 317505 556179 381848 502368 412213 249714 158748 149914 234801 655670 197180 666548 137108 596046 999999999 229062 185446 287537 361149 723986 328899 366699 408415 667435 309475 593450 410483 325990 212720 346828 495885 631137 279201 283920 342102 382536 78772 514982 454192 429401 585600 142870 310679 359700 493027 402041 222223 496041 258512 154789 536261 324380 318734 557938 281881 197161 451015 113071 533978 207103 213761 265593 135161 388390 528625 527198 240027 503456 257086 492795 620895 499039 238263 432662 452397 582651 703848 392963
733195 702933 690368 182697 141777 917836 155487 125208 392911 731134 384003 129153 646241 622500 131419 334418 371558 582472 693554 643868 458191 548807 504691 640414 601655 688226 231911 417883 322326 112959 57993 731342 218513 726884 274225 823153 229062 999999999 327610 396406 136959 952160 225009 396416 279864 704692 485065 643298 567181 493727 118938 575824 577057 726697 62925 338683 534409 392236 245169 689653 495925 656907 768350 330343 453372 588188 431349 604870 59617 669029 49658 254049 310538 161436 385311 754758 470588 177766 615524 332525 582555 170046 337655 86091 319003 163422 697188 299549 60676 611190 344819 694635 849253 709062 388961 634025 521514 703197 742854 587451
738699 420880 402090 258395 438470 695792 420615 260805 157196 503621 684674 358852 320841 417985 280316 173160 636621 664254 384930 607507 627464 324379 444218 728609 315953 613800 551387 91940 34298 303153 361555 828519 379391 843303 318873 551507 185446 327610 999999999 463497 424857 721443 288315 211571 570414 848750 448465 773488 241793 166147 237815 346209 311644 797854 389972 131938 214594 567966 262009 637568 637467 398200 695766 70067 131355 378786 673834 290552 351799 621402 373155 75752 586962 333305 501719 651565 411716 178003 586750 240935 356327 378759 32561 396629 67094 486511 656142 612475 366835 669279 88744 376259 620580 398694 61731 528496 271529 400286 884512 502489
336896 583402 853671 248206 336459 663217 288964 482091 370536 518281 715019 524659 719880 412834 278080 306458 337841 204781 818839 263325 199854 398452 182211 268801 520077 325682 427389 503198 431669 286529 356064 368149 181049 380047 151868 658162 287537 396406 463497 999999999 522712 704458 584237 654227 355978 387292 147316 310870 653151 568404 455498 419210 774086 346381 404224 571409 552897 169676 209650 312857 186050 511177 395808 403667 573585 399022 322776 584537 346224 291910 387281 442326 678689 548497 69647 404184 167897 466814 234152 234335 818657 235943 494626 361170 400958 493704 314091 621353 358094 221488 542649 665189 613670 650978 505275 308331 734903 840055 422131 255655
858918 824616 740602 319648 211050 1051542 248471 167735 516373 863149 260721 78383 729302 755935 268121 464009 421070 697314 757511 776390 553016 679007 640739 751601 721176 823307 231233 516726 428033 247815 166665 837265 341729 827228 409626 948412 361149 136959 424857 522712 999999999 1085061 214781 430756 318024 796461 620097 742152 651941 587688 187162 705805 621302 839544 119887 395975 638898 489895 382123 823042 598168 783393 902669 443553 538091 720736 491311 713282 176934 802267 135482 349208 175120 126885 502163 890940 606920 249877 747728 468048 608174 287757 426345 166366 431986 96535 829453 189488 164659 730298 416800 800683 981910 820237 482724 770748 563352 762546 834199 723794
616588 326691 837240 776272 978475 42512 934345 950871 580835 222689 1334667 1041392 644634 329748 829855 622045 1042014 744924 759322 520164 880903 408714 522257 775720 418131 442501 1094138 655420 698949 856079 947942 833475 821530 878748 714562 210359 723986 952160 721443 704458 1085061 999999999 1005539 897237 1046389 936136 557250 872246 653111 634200 920972 382894 856032 768508 996824 838815 556525 870533 717184 486626 839355 324683 441857 669310 696054 364326 1023962 491794 934982 496736 975797 779612 1260122 1032129 772533 373772 540752 878915 536553 621638 939014 868554 742183 972669 679673 1106097 509198 1245984 952626 703333 791676 467536 103283 418233 693410 405771 864911 787284 950933 455175
912015 709116 532958 337553 364284 977731 380269 105394 426484 784796 440880 137743 548347 690004 308098 402419 594191 783490 558003 802878 677511 600333 646226 844762 604257 831265 429861 370863 307107 306694 282991 939828 423041 939990 438862 839818 328899 225009 288315 584237 214781 1005539 999999999 221812 497935 923158 636398 858236 475889 427934 128960 624630 412421 927841 269002 207817 493571 611201 388922 843155 710483 684745 914496 336323 368568 651333 655973 571416 283719 823890 267482 226012 330440 87915 589115 885396 610570 133977 776802 439415 393901 384519 275080 307865 326180 308393 855850 391903 285438 805528 243040 650746 903434 679560 331968 759704 354375 559782 961283 721574
946842 576703 311234 419047 535294 876702 535406 277937 365836 689506 661990 352389 347150 616528 417468 383013 759831 858606 338734 817958 795420 522077 654465 922860 479192 825362 624919 245255 245442 430374 449277 1022368 534428 1032589 503140 707418 366699 396416 211571 654227 430756 897237 221812 999999999 674628 1030188 656713 957784 285259 267291 277525 540502 190957 996848 454677 83615 344351 731373 444849 848898 815059 574042 907242 281611 203148 577869 810997 418043 444616 832512 445737 211923 550307 306029 681436 861886 621261 222817 796482 446820 186284 514976 180022 481680 277702 518920 867145 613078 453440 868647 122883 481300 800895 519400 210899 739573 132876 338795 1067227 714054
648408 865737 958917 328245 139348 1006606 149954 404321 575619 842814 399635 372351 888687 731003 292038 502124 103608 458220 953064 612223 279080 685606 530667 497687 777682 680064 102587 651030 553867 267522 225354 566041 233132 545338 342596 966211 408415 279864 570414 355978 318024 1046389 497935 674628 999999999 501916 498259 461192 810433 728865 398219 711433 849992 585008 228934 611332 750483 232669 364213 662307 335186 803651 745320 547544 701742 706492 176545 809110 230416 641844 232311 506725 405486 419647 299635 759630 507325 452628 583708 459388 860904 202561 589152 193780 538126 234638 659007 312755 221255 502510 609471 899478 949851 901854 631006 662293 796120 965914 538003 609581
331084 920867 1240931 611660 585687 894104 553448 817818 755158 810964 896328 828581 1102320 729166 622370 693493 407170 210877 1204771 419043 246505 748494 493779 162733 879212 494185 604480 890372 817716 618220 649519 119532 503262 72069 530714 962341 667435 704692 848750 387292 796461 936136 923158 1030188 501916 999999999 465059 77790 1038250 954237 797306 762920 1160181 181586 682584 949230 933156 312538 588750 449512 215558 845480 503924 790663 960877 730426 333917 955593 645289 440089 674010 820350 906901 866008 349052 563989 504885 825207 408275 621074 1201413 538671 879173 635516 787577 728681 427413 813342 648716 239358 924521 1028790 871047 1006532 892344 550726 1119222 1226522 38168 515306
290301 460643 805360 308407 458158 515934 410476 543544 316454 376648 836214 605909 648501 276921 354590 275394 485143 255125 758865 166691 332735 283630 35585 313410 414168 203222 561109 461017 414205 372474 457214 408325 294025 435823 210849 521377 309475 485065 448465 147316 620097 557250 636398 656713 498259 465059 999999999 388031 591669 512299 513617 299242 743237 364512 508109 573541 478330 314255 249671 207531 302019 385840 283639 379795 533549 270431 467950 492780 445467 187781 488703 451830 786954 619466 215404 273417 41495 506407 141813 210267 800199 348645 481023 470854 381388 608301 219463 742854 460479 240816 535902 563843 467499 541790 474432 164365 713151 782964 494004 111937
282232 845305 1164166 540405 531223 829948 495621 752861 677688 739010 860160 769353 1024598 654546 554205 616607 374235 135471 1127388 352437 189352 671623 417345 97535 802059 429821 562691 813532 742113 551912 589630 108121 435922 85299 456416 890037 593450 643298 773488 310870 742152 872246 858236 957784 461192 77790 388031 999999999 960754 876879 731117 686468 1084627 149423 625735 876251 855386 252704 514680 387022 147799 769956 448197 714522 884278 654680 305443 877942 584438 375609 615644 747127 862160 804682 276499 503269 427590 756105 339012 544094 1127192 474890 804186 578370 711682 680023 366777 773907 589260 169599 850415 951524 803409 929752 816144 480242 1044420 1149271 111268 442508
865833 326883 219252 489683 680028 640521 660481 484210 283099 472069 906199 579236 79139 435600 518720 348515 871712 837727 167397 723907 837676 353073 574196 900012 252726 703953 793075 160843 256662 542935 603220 997784 607411 1020812 527624 448832 410483 567181 241793 653151 651941 653111 475889 285259 810433 1038250 591669 960754 999999999 85779 467027 359088 203476 956174 629967 268116 121522 783776 477380 739796 837476 350978 776630 267664 114382 403627 903118 162868 593569 728708 613854 313173 801151 543778 704459 715096 550319 402737 710712 419223 285930 614538 229651 638325 275487 722234 763287 841420 608480 831115 236725 201729 567043 245420 180201 609939 214679 191360 1071452 604004
791353 310371 293162 405714 600645 616426 579051 421070 199495 435777 845743 518296 160681 381903 436830 263054 787797 755269 250544 650662 751977 292571 496852 818012 217488 636301 715762 77911 175666 461778 526245 916335 522531 938240 441846 440405 325990 493727 166147 568404 587688 634200 427934 267291 728865 954237 512299 876879 85779 999999999 400737 303574 247855 876332 555992 226085 77809 698000 391791 669731 752281 315914 711923 183165 64460 346589 818043 151107 516038 657427 538935 240977 744359 487289 618957 654175 471243 338064 635836 334198 322132 531261 161426 561160 191582 652334 692334 776418 531575 750295 185185 223150 541062 255632 105432 543170 238844 272645 987770 532607
784933 644920 574867 209933 259261 890053 265280 31070 342119 698318 446926 123688 545162 596324 179210 301620 487270 654555 582546 679316 552734 512258 525964 715939 540361 711888 348595 329617 242763 179240 173358 811311 295288 812269 311647 771647 212720 118938 237815 455498 187162 920972 128960 277525 398219 797306 513617 731117 467027 400737 999999999 538223 459871 798885 177899 222984 452156 486509 264235 721079 583552 609221 794652 261715 352739 558975 543599 527160 170302 701396 168217 162324 351627 112680 460522 769978 490366 64695 652623 325747 463622 259952 239593 204612 250261 256485 732583 375699 177158 676680 235276 613928 817791 634641 295627 645023 403724 590485 835353 604021
529768 164200 576862 408325 620967 353342 581103 568023 198422 160560 959817 659249 392923 78388 460608 241872 731473 552112 514121 387372 618659 27112 269154 606748 124357 352804 741176 295975 320379 488090 578283 696085 478375 728627 368862 255412 346828 575824 346209 419210 705805 382894 624630 540502 711433 762920 299242 686468 359088 303574 538223 999999999 550756 643925 624920 471919 238172 585277 354972 393224 596368 93482 420407 288632 353743 44736 733663 217687 565395 385654 604016 398728 880380 649237 486978 356427 261901 496405 381200 256237 625580 516619 370805 606254 298509 734456 418490 873733 583287 530755 424717 271931 279891 244313 329734 259092 541162 541400 790392 266305
1029243 530221 120781 563684 711281 843960 705113 464497 427516 673958 851341 543000 224368 628878 574871 473372 928651 972492 163631 890982 937943 540408 732324 1036608 453645 881629 808350 282606 342515 592682 626299 1136344 684424 1153080 630501 650107 495885 577057 311644 774086 621302 856032 412421 190957 849992 1160181 743237 1084627 203476 247855 459871 550756 999999999 1102206 637660 238896 315216 877199 573397 913216 949088 552716 958538 371145 210510 594171 973546 366289 620000 899862 626714 352434 738845 496973 813344 901849 703520 399425 874058 545358 84072 674999 282142 660172 373204 708048 934933 804001 630883 974094 244732 396224 770512 443276 270706 789259 58085 155770 1195762 775590
153484 791889 1169088 594172 632657 727172 591380 824083 678760 665017 983840 855661 1012248 597223 619817 629047 508018 144624 1123375 266922 306001 634364 384242 88606 766325 333244 683086 821941 764411 623858 678026 65796 509191 113779 497788 816052 631137 726697 797854 346381 839544 768508 927841 996848 585008 181586 364512 149423 956174 876332 798885 643925 1102206 999999999 720076 913432 842269 357839 554748 286193 250318 717288 329214 732635 894417 606026 444422 851647 670652 281436 706907 785278 974507 885227 341527 394773 405909 813064 265228 557789 1153972 557083 830021 673194 732141 788530 261433 894404 678681 128581 881409 915616 711388 887188 831609 404916 1068140 1147447 186444 380370
739757 757424 751895 220805 99399 961362 130213 178293 447841 777460 338313 148654 709048 667254 167153 385553 326333 577562 756162 660732 437322 597812 530991 632304 657508 710759 170706 479789 383605 141989 51120 719072 223228 710509 300056 875246 279201 62925 389972 404224 119887 996824 269002 454677 228934 682584 508109 625735 629967 555992 177899 624920 637660 720076 999999999 399941 595087 373040 281596 708149 480463 708599 788770 389877 516235 634338 391136 664493 63518 687253 21028 316798 278845 192745 382278 780830 498289 239188 631853 375190 640249 168505 400506 47390 378686 109593 713472 249320 47630 610417 407401 754625 894457 767693 451450 663308 581620 765530 720560 614695
863547 525363 351994 339497 472462 815784 467604 231543 288758 625625 642824 319584 340897 546030 342371 300711 691827 775571 361860 735442 716693 451710 571930 839872 423598 744641 570417 183759 164823 357731 387402 939476 457093 950325 420739 657112 283920 338683 131938 571409 395975 838815 207817 83615 611332 949230 573541 876251 268116 226085 222984 471919 238896 913432 399941 999999999 297950 653391 362371 767150 734503 514147 826925 201230 163606 506975 739550 375172 381170 750489 388303 129252 535309 279557 600221 783461 538460 160920 713647 363479 256684 441559 102461 421314 196358 476546 785003 584094 391990 785174 47366 448767 740053 481465 145405 660161 184966 368292 986074 633073
