NAME : synthetic_000404
TYPE : CTSP-D
DIMENSION : 100
GROUPS : 8
RELAXATION_LEVEL : 1
EDGE_WEIGHT_TYPE : EXPLICIT
EDGE_WEIGHT_FORMAT : FULL_MATRIX
EDGE_WEIGHT_SECTION
999999999 145392 399175 515982 470806 478619 675678 737257 205988 558322 402811 302549 344183 505405 215284 247240 611861 694910 799593 591648 406589 548150 759721 262017 79014 333955 347201 713004 573503 639323 546701 726918 536894 276643 284461 181687 365610 143469 516478 187919 286241 451995 875961 400026 571357 635804 343094 749465 407945 223004 422507 865493 204117 283601 707455 610630 740301 742846 442954 645894 708732 380235 827664 744211 568012 679822 429190 326149 208530 376990 619780 344809 593078 129482 312432 801924 616150 350886 461512 163488 548510 125429 376372 676278 99820 434800 145780 580384 759954 744846 487352 767500 808303 134032 533479 325114 451957 476932 268143 694202
145392 999999999 263804 473102 424917 620464 793874 796067 337605 698516 546757 367982 485106 566740 80930 111188 719003 743904 878773 694427 475600 690753 860214 405273 104050 209651 269715 639930 641967 612316 581376 769288 628491 389913 193623 36427 240987 59275 531248 333297 401275 596962 971703 482400 480179 662691 428333 793433 545263 129660 489118 809906 213793 222778 696461 562932 672512 744615 587535 743295 750847 327777 917857 742350 710584 717448 315133 194542 290415 519352 585043 487233 610794 244100 452861 826220 679129 211480 397046 45774 691776 227783 359993 616820 120257 578987 246127 699059 853331 777473 518104 813202 774916 270720 645533 198267 589975 618733 395525 635948
399175 263804 999999999 607613 562762 844780 1056640 1024046 554729 915827 800146 616019 710760 803395 239791 225286 978661 964732 1121279 952510 720594 916215 1116074 640433 330503 78326 398652 700124 881291 753723 795963 983186 882088 653126 170153 230195 274009 305453 730086 582018 664645 835270 1224229 734296 524016 865641 683002 1008104 806319 310406 732164 889202 449769 394370 853341 678047 739886 915025 823520 998495 965110 476773 1167400 908314 935565 928618 344746 235816 548703 775821 717831 743662 807176 456058 711582 1019499 913441 56505 511085 235784 946347 432987 546398 705651 326126 813099 509284 962099 1105374 981429 732964 1028947 894234 531186 907178 253889 850656 875878 659062 724925
515982 473102 607613 999999999 48287 899817 744355 510950 698897 982683 735182 344569 788973 372271 418191 410229 636548 439754 646608 600627 365131 955297 715096 706249 546637 609433 214564 225145 436876 146379 290435 438569 513283 483591 645224 472319 335739 418976 204941 616877 493152 839295 787249 410514 193973 313810 405151 462375 673010 345787 361035 350246 315399 250331 246868 94883 239691 313627 839590 612867 423601 145421 720034 304477 973388 384997 281877 372160 393720 696017 113295 674180 252669 643858 634550 435536 441016 558432 98781 515220 839251 641402 150753 167875 572400 838746 437873 675502 680292 416758 252884 483420 301934 524803 607606 354285 709409 763775 536217 183506
470806 424917 562762 48287 999999999 865692 738719 530537 656977 948886 706176 318668 751852 372732 370044 362528 632337 460513 661427 596817 352608 922861 720039 668250 499477 562594 167278 256383 442203 193070 302404 463619 509317 455200 597191 424037 292777 371057 217310 578439 465386 807448 798127 396016 188861 338286 384311 488014 647959 297500 350717 394687 272437 202177 290583 140353 276154 354290 806972 613846 447706 97170 731605 346394 941249 408910 244789 326979 358870 667235 161376 644084 276196 599270 603955 470544 451464 512767 63318 466950 815480 596122 116875 207387 525085 805512 399065 665572 688056 446343 256551 509287 350207 485768 597508 308967 685917 739021 505961 224475
478619 620464 844780 899817 865692 999999999 548790 848232 290210 83511 196984 563951 135595 676347 693869 725837 568552 846062 824558 577276 599411 71435 702960 217036 524393 768688 793751 1122060 698150 979292 774962 890581 593156 425554 687954 655462 841050 620666 798320 301733 418852 81002 815878 557264 1012678 860845 527223 903879 287524 693235 614060 1235645 609902 726460 1006306 989595 1139494 1008413 69952 636388 876950 797935 801751 1017852 90896 866920 897441 804158 506828 230895 976151 239393 849738 389124 273460 1002317 744845 806861 881232 625412 236681 411841 749886 1067282 522039 64476 473123 486957 735577 932480 742758 913194 1140957 391748 499092 801970 284837 239522 369075 1081768
675678 793874 1056640 744355 738719 548790 999999999 395712 641742 591247 381641 465988 561336 375352 825092 848954 109074 433018 309074 145133 390327 545791 161604 551250 754440 1001929 780936 950163 328880 737172 477477 475336 231403 404057 960135 826503 900069 752295 551566 540228 392929 471352 267536 353798 927272 520727 389785 475738 308401 772302 389365 980449 627246 732664 704385 799550 947163 666997 487044 158139 470573 732293 262396 683214 551060 483440 911377 892182 510832 371488 757280 392409 550046 696579 399707 593631 352355 1002258 789054 828280 321157 717940 642332 876555 772140 499295 547747 95315 205863 528796 494706 474321 850638 544366 152515 879466 282917 312279 408347 882346
737257 796067 1024046 510950 530537 848232 395712 999999999 811784 912661 651918 435839 803672 232153 787753 798866 308904 71857 146942 285348 330769 870303 274936 753816 808274 994773 650068 660470 167414 435193 234079 93197 255442 496639 988993 817098 789598 738997 314759 696389 493984 767733 298279 344672 703468 200518 400026 84036 560959 713872 314749 634620 583319 633464 363199 523936 644021 303998 778505 241584 98760 576387 231840 322332 881363 132061 764800 804996 528728 621645 468951 623308 258965 820176 603610 201473 121598 967928 593354 840640 665056 833267 488642 585275 833580 786385 592688 392939 223610 145036 293910 78851 496739 644852 355765 787828 566634 620001 542245 583921
205988 337605 554729 698897 656977 290210 641742 811784 999999999 363958 285667 414609 156231 593149 415219 446944 609508 785141 839388 600539 495558 361628 761872 99689 237109 479056 549204 907345 644808 807831 663898 823991 573177 315477 400954 371012 570254 348408 656345 115546 317802 286011 882195 469884 773730 755878 418615 843421 335315 428980 512598 1048504 384677 483537 861080 793503 931773 883754 272458 661525 807040 573065 846617 888473 381083 785156 635162 528541 326024 278566 794285 252110 725209 98939 242420 917308 692165 516781 656514 337496 424248 121755 550891 864362 232456 260881 267022 552408 776264 852950 613578 858381 977109 184282 526944 528989 369511 369522 271062 881322
558322 698516 915827 982683 948886 83511 591247 912661 363958 999999999 268343 645408 214148 750193 773229 805201 623335 914612 879276 635593 676716 45518 749797 298163 600470 838856 876948 1205227 767480 1060194 851091 959560 659175 506284 755408 733025 922151 701070 877482 384396 499083 150668 858496 633478 1096140 935514 606057 971751 356082 774899 690912 1317195 693360 809641 1084738 1072091 1222374 1084551 145652 692680 946577 881444 850005 1094498 45966 938405 979647 884371 590020 305060 1057818 317402 926799 462550 353392 1073171 813369 880001 964726 701228 270369 484330 832936 1150015 596379 144404 556618 539125 786101 1003057 821092 980046 1220765 474968 559111 882663 346028 294192 450244 1164360
402811 546757 800146 735182 706176 196984 381641 651918 285667 268343 999999999 391251 179840 481850 607156 637819 381675 649098 635315 386223 410380 231229 524725 186431 470084 730867 661627 960140 501246 800339 583363 693666 396587 251593 665665 583173 735048 528834 613489 218643 242263 118147 642170 366139 868898 667214 342820 706895 90998 586068 424017 1059182 474178 596291 819039 820543 973546 816687 127033 446889 680142 650746 620278 826933 246733 670757 778707 706873 354720 39278 801190 64634 659699 365704 105245 805909 547870 753392 730921 565608 146288 389925 589335 900074 478013 134467 341202 305658 551873 735953 555759 716268 957389 279808 307173 700687 99277 83883 200694 913114
302549 367982 616019 344569 318668 563951 465988 435839 414609 645408 391251 999999999 466072 203690 376597 395589 373136 392419 510803 343087 107885 615186 501754 390705 372436 574611 317634 569714 275523 415692 251456 425304 267031 140127 557773 393672 434253 314639 244220 309039 148991 498606 608224 119240 493782 343153 76651 447439 329325 313594 122301 671792 167733 266702 452491 429367 582323 469767 500430 384097 407276 280314 551833 475270 632671 380079 447717 428978 95638 352000 412434 331572 310639 398149 292985 507365 315624 559710 352130 410729 496866 407446 203488 508823 397815 501022 161352 378766 489361 446530 198971 465181 579848 231281 313944 415322 367449 420367 195200 521947
344183 485106 710760 788973 751852 135595 561336 803672 156231 214148 179840 466072 999999999 607934 559188 591162 554658 790546 803496 554839 520293 206590 701423 85798 388827 635268 667877 1007641 643214 879931 696954 833219 550510 335950 556654 519980 708258 486959 708310 175334 332348 135445 819941 483516 889568 786685 443609 849388 259729 561545 536361 1131887 487950 600616 917390 881146 1027659 927819 119913 616557 817950 678161 794921 935418 226281 802654 766954 670225 396121 193791 872844 182851 767398 254704 200363 938302 691204 671912 762110 489855 293128 277919 638221 956828 386883 107018 353525 482825 725563 870037 656874 861321 1045689 268234 476088 668599 278494 257081 279569 972292
505405 566740 803395 372271 372732 676347 375352 232153 593149 750193 481850 203690 607934 999999999 564446 578540 266454 193006 318650 230339 100034 712201 348768 546859 576122 769041 452171 574885 78603 365971 110438 230842 144663 279644 758775 589518 587484 510755 176353 479426 279851 599786 436844 125235 561028 185762 174674 250612 396164 493556 83388 618420 356213 422522 352193 424215 572897 337625 607048 241217 213990 387717 373677 349511 726546 194972 577541 595076 296966 445747 383131 438485 189176 592681 410136 330399 112511 746926 428878 610746 538530 604491 294500 501606 601439 612042 361483 317347 321296 262705 119907 266497 498000 418720 252790 578959 417151 475101 331806 508026
215284 80930 239791 418191 370044 693869 825092 787753 415219 773229 607156 376597 559188 564446 999999999 31975 742748 730697 881824 715452 480805 763426 877606 477283 184749 208350 206178 569568 642048 561826 563527 751938 643200 425581 227464 59704 160097 78598 504010 400096 437651 665783 984782 495277 405131 638678 445085 776627 596399 77547 492406 744757 209979 173747 652270 503800 603797 706039 657371 759934 733639 273960 927653 701987 783288 698293 235359 114028 314326 577117 531419 545394 582979 323733 508719 798203 675194 183334 334205 107048 750004 308212 323693 551895 200979 649596 284299 731682 865911 754611 500002 797100 719287 327470 673893 117349 641418 674870 440720 571287
247240 111188 225286 410229 362528 725837 848954 798866 446944 805201 637819 395589 591162 578540 31975 999999999 764632 740123 896801 736594 497910 795371 897313 509226 215237 204130 195913 551282 656643 555389 571821 759684 662616 451648 236282 84851 131648 108999 508808 431728 463831 697486 1002948 514738 383718 644127 466004 784517 625409 85131 508805 729506 227911 173869 648628 492896 586559 704870 689162 779635 741498 268355 944830 700000 815233 705495 209428 83482 338277 607379 523465 575757 587082 354923 538742 801442 688249 169064 322248 131444 780205 338955 326277 537282 230272 681444 311833 756081 884109 760128 508569 805212 709575 358024 697247 88941 670430 704751 468855 556774
611861 719003 978661 636548 632337 568552 109074 308904 609508 623335 381675 373136 554658 266454 742748 764632 999999999 335986 256226 36115 288242 579021 152585 528072 690776 928562 682750 841153 221240 628304 368591 380087 123286 335240 894304 749818 806422 673211 442563 499732 325715 487875 272800 256177 821137 414803 299154 383761 295101 685023 285464 873001 538842 637979 597805 690582 838097 563483 501399 70339 373203 630412 240505 579187 587686 382137 812878 802072 429967 361014 648212 374080 441825 650787 370081 499661 248384 923264 684092 756367 362869 670221 539159 767492 710832 511732 474996 86042 170906 432358 386020 385385 744468 486385 82636 788452 284954 330128 352934 773277
694910 743904 964732 439754 460513 846062 433018 71857 785141 914612 649098 392419 790546 193006 730697 740123 335986 999999999 216326 307039 292806 873731 330171 734556 763092 938655 584876 589705 148182 364183 169464 45486 257132 470264 937456 763049 724637 685901 246345 670752 469323 766686 366432 315356 631909 128679 367354 58904 559098 655546 275941 571047 530174 571905 296348 452210 574171 242598 776113 274969 37558 509931 299103 260387 886101 61682 697013 742127 487441 616193 397433 614139 187386 785511 590410 164567 101273 908943 523550 789043 677937 796971 424227 514340 788997 782852 552677 415108 281693 96374 231825 73491 434351 611725 368196 724709 570404 626123 520028 513440
799593 878773 1121279 646608 661427 824558 309074 146942 839388 879276 635315 510803 803496 318650 881824 896801 256226 216326 999999999 249281 403250 834770 156658 767570 875321 1084378 765788 805956 240227 580355 359116 239263 267746 534997 1067841 903795 903350 824716 444191 724936 529110 743760 151548 400281 840426 343579 456927 225847 546435 811942 390281 780439 672375 740373 510126 666873 790399 449661 756989 188500 245700 696310 86509 468118 842949 277843 886801 913095 595125 611633 612911 620814 398609 864441 610160 335681 214056 1064778 723004 921416 615831 880734 604839 730515 898885 766991 654112 340292 104972 288616 411339 213583 642203 690422 328422 896733 540274 586354 569890 729763
591648 694427 952510 600627 596817 577276 145133 285348 600539 635593 386223 343087 554839 230339 715452 736594 36115 307039 249281 999999999 254720 591927 168114 522873 670292 904077 649940 805053 186597 592516 332818 351763 87523 315428 872498 724518 775062 647246 406459 488697 306704 496296 286044 224868 785654 380878 270590 357000 297156 656081 251172 838034 509850 606463 563370 654472 802094 530619 508986 61893 343865 596368 246081 546056 601594 350754 779855 771946 404370 362436 612204 372551 406525 636825 364636 471414 216115 896838 648998 732746 380644 655482 504741 731423 691114 518598 452233 108389 175740 403207 349925 360054 710180 469090 79143 758026 292445 341409 338163 737265
406589 475600 720594 365131 352608 599411 390327 330769 495558 676716 410380 107885 520293 100034 480805 497910 288242 292806 403250 254720 999999999 641413 403548 454490 478623 681375 395488 584123 167952 397413 176882 329429 171000 185941 665658 500632 523227 421547 205233 383011 188179 526225 505362 47338 539561 266515 77883 349945 331694 414164 17055 656680 270828 354766 408668 435228 589236 409523 531539 287045 312104 342358 446976 418525 657113 289654 525205 524026 198087 372253 404883 360035 250328 492721 327488 422896 209562 664137 399728 518552 488525 504457 252019 515565 503545 534970 261956 313198 386664 357512 145875 366269 548326 319135 245177 509120 360617 418028 240994 525408
548150 690753 916215 955297 922861 71435 545791 870303 361628 45518 231229 615186 206590 712201 763426 795371 579021 873731 834770 591927 641413 999999999 704507 286145 595381 840101 857597 1178878 727087 1028494 814545 918822 617624 475304 759131 725929 909057 689514 843699 368231 467432 116624 813004 597363 1074554 897828 572395 930551 316607 760663 655192 1286414 672235 790443 1049986 1043523 1194859 1047792 115908 648556 906131 858451 804786 1058133 19863 898854 963866 873033 564543 269174 1027421 284461 890923 460530 322211 1033202 772576 878220 941164 696414 224859 483274 806392 1122065 593329 118635 535152 494515 741108 963005 786509 938455 1187449 456185 515951 870422 303912 250785 420192 1135988
759721 860214 1116074 715096 720039 702960 161604 274936 761872 749797 524725 501754 701423 348768 877606 897313 152585 330171 156658 168114 403548 704507 999999999 679112 838314 1069732 795596 899834 278318 676662 427179 365452 234747 483537 1040069 889499 926354 811555 511019 652316 474736 623731 120327 382575 907069 442730 433125 358965 442029 815121 395855 900005 669486 758144 623289 753063 890043 572768 638537 117689 366016 735032 100871 590518 710632 389163 923437 927414 569800 507799 703777 523301 486598 802950 521605 475873 279318 1060065 777364 899313 480795 822120 641804 824250 859219 649954 619641 219067 53112 418912 463723 352011 764158 636827 235209 912633 425813 463749 504640 826625
262017 405273 640433 706249 668250 217036 551250 753816 99689 298163 186431 390705 85798 546859 477283 509226 528072 734556 767570 522873 454490 286145 679112 999999999 312984 566833 582083 923592 589431 801290 629509 775791 506037 268559 493464 440797 624138 403646 634643 90123 267175 194856 799205 421624 803916 720521 376719 793421 242894 476740 471097 1051060 402691 514827 843194 799059 944308 857538 183636 584636 759747 593127 767796 864208 306008 741679 681736 587154 315188 182384 792648 158852 697147 188320 158273 876469 637465 598739 677140 413615 324777 212679 555570 873973 314370 174173 269289 464925 697559 809515 585668 806719 968318 183222 446396 584944 273731 270309 215074 889727
79014 104050 330503 546637 499477 524393 754440 808274 237109 600470 470084 372436 388827 576122 184749 215237 690776 763092 875321 670292 478623 595381 838314 312984 999999999 261046 357196 728929 646363 678519 609661 793250 614181 355537 205899 134867 344459 134818 572126 251633 365218 507411 954197 475126 575599 696677 418394 816360 482287 219777 494049 891669 250263 300786 754122 639676 759355 794931 496611 724104 774917 404236 905202 794846 615099 744483 416807 298574 281172 447098 655236 415073 650420 141063 385131 862633 687829 286243 480456 101034 616367 123812 417369 699608 26999 487026 221464 659169 837831 808157 548507 834971 845392 211300 612491 301876 525659 547185 346517 718269
333955 209651 78326 609433 562594 768688 1001929 994773 479056 838856 730867 574611 635268 769041 208350 204130 928562 938655 1084378 904077 681375 840101 1069732 566833 261046 999999999 395387 725308 845760 755591 771825 960268 837494 597936 93028 180993 288832 259972 711769 512242 609000 761427 1180668 690756 550130 846723 637365 984942 741818 285116 694097 911234 412827 377921 851132 687042 763638 908624 749258 952685 941961 470753 1126002 903425 859355 906642 367066 242120 499961 708129 721976 676083 790444 380816 645544 1005214 880668 69520 516777 173812 877148 357358 530056 722831 253675 738530 454663 906851 1062120 962702 708277 1005384 904465 467665 854553 258736 785653 808223 599055 742339
347201 269715 398652 214564 167278 793751 780936 650068 549204 876948 661627 317634 667877 452171 206178 195913 682750 584876 765788 649940 395488 857597 795596 582083 357196 395387 999999999 371856 529768 360346 416154 597113 566247 426944 431715 263021 139775 222723 340939 493205 439025 747305 888958 427452 224547 474985 394135 622116 622431 140161 400880 540456 187551 67322 456320 297717 403246 516459 743322 680979 579683 78558 825697 510089 876998 541741 130449 163726 310077 625078 327680 597030 414405 475785 556395 622995 551808 347115 128220 308293 789602 467710 161650 347334 380613 739049 323511 695885 772580 589323 356885 643373 513845 402003 630088 145577 665251 711374 465461 366558
713004 639930 700124 225145 256383 1122060 950163 660470 907345 1205227 960140 569714 1007641 574885 569568 551282 841153 589705 805956 805053 584123 1178878 899834 923592 728929 725308 371856 999999999 628095 225656 476049 573133 719389 708579 782805 628872 437155 594579 398597 833584 718232 1063211 954895 630648 176130 463054 629190 592743 897961 511309 578039 190726 523653 430368 309007 150796 41556 383418 1063028 808231 562968 334335 887140 366402 1197160 528469 358316 486501 615232 921009 196061 898826 413503 842485 858997 523567 620531 662318 251568 675680 1063763 836450 372490 75744 752469 1061738 654315 888385 858742 534362 456372 611306 244010 740624 821278 471980 933917 988620 760742 77424
573503 641967 881291 436876 442203 698150 328880 167414 644808 767480 501246 275523 643214 78603 642048 656643 221240 148182 240227 186597 167952 727087 278318 589431 646363 845760 529768 628095 999999999 410009 152050 192433 116141 329444 833016 665706 665701 586748 233523 529550 327124 619019 360076 177423 628789 194798 233277 206648 411576 571742 153264 651794 433106 501084 376775 479008 621988 346399 628213 180198 179097 463752 295980 361157 739890 174334 654089 673666 365386 468071 432825 466032 221341 653096 442904 306432 48079 824800 500503 685466 536844 666546 370827 553221 671098 634810 428100 288018 246456 236164 185660 218110 523610 477652 231788 657522 424711 481250 376232 557505
639323 612316 753723 146379 193070 979292 737172 435193 807831 1060194 800339 415692 879931 365971 561826 555389 628304 364183 580355 592516 397413 1028494 676662 801290 678519 755591 360346 225656 410009 999999999 259713 349328 509706 553917 789263 614272 481073 556151 194109 714806 561236 911935 729265 444645 296073 237458 457796 369991 727128 487606 387437 259511 435215 390615 106239 97479 213389 180086 914766 589759 338309 287869 661526 167349 1045399 303132 422664 518455 486785 761255 40876 744033 190421 763536 706876 315023 397977 704787 243115 655692 885935 763943 262982 150163 704965 915977 541085 683313 634333 314138 255072 389340 169606 626498 618234 500613 757810 814943 610218 150306
546701 581376 795963 290435 302404 774962 477477 234079 663898 851091 583363 251456 696954 110438 563527 571821 368591 169464 359116 332818 176882 814545 427179 629509 609661 771825 416154 476049 152050 259713 999999999 188545 250937 361617 774867 598429 555807 522625 85695 554361 364626 700424 496979 217729 484196 91985 253459 213132 500479 487638 161348 508721 368051 402591 242075 327092 470463 233496 706514 332194 170186 342349 429967 243604 829595 136089 531289 572673 346048 546043 280964 535656 78932 649180 504053 256229 150595 740356 363901 626943 647448 657582 255022 401241 636218 710487 411516 425741 390351 198507 63593 233577 387587 482061 362394 555276 524187 582215 417439 405834
726918 769288 983186 438569 463619 890581 475336 93197 823991 959560 693666 425304 833219 230842 751938 759684 380087 45486 239263 351763 329429 918822 365452 775791 793250 960268 597113 573133 192433 349328 188545 999999999 302548 510032 962882 786861 736698 710726 256177 710164 509637 811384 390808 355088 627724 125341 405454 25020 603860 675809 312404 541502 555625 589029 271571 441400 554830 210815 820643 317677 18445 520528 324796 229172 931288 55423 704384 757001 520846 660443 385112 657802 187427 821160 633340 119664 146248 927844 526937 814742 723421 831845 438604 498592 819457 827229 586436 459982 315177 53945 252138 46271 403552 648472 413638 739314 615641 671468 560893 496060
536894 628491 882088 513283 509317 593156 231403 255442 573177 659175 396587 267031 550510 144663 643200 662616 123286 257132 267746 87523 171000 617624 234747 506037 614181 837494 566247 719389 116141 509706 250937 302548 999999999 267586 812142 656760 693986 578346 320980 458173 261424 512890 343215 147940 698163 308662 200164 313107 305692 580385 165683 759124 434756 525400 487506 568651 717537 461475 523336 117170 291174 510578 291128 475741 629565 289958 695637 693385 338731 366262 527731 368867 327191 596807 351678 419759 157063 825948 561789 668825 421782 613375 418444 646253 636675 531039 392982 175325 224969 349669 263408 320878 634454 423318 115842 678874 313819 369090 302687 652667
276643 389913 653126 483591 455200 425554 404057 496639 315477 506284 251593 140127 335950 279644 425581 451648 335240 470264 534997 315428 185941 475304 483537 268559 355537 597936 426944 708579 329444 553917 361617 510032 267586 999999999 559451 422936 522240 350362 374271 200559 12434 358687 600744 154985 622916 452203 108274 528798 196726 381497 202540 811202 245885 365930 583205 569417 722078 591869 360946 371145 493476 405299 555072 599554 492666 473861 552054 504844 119332 212433 552117 191447 431456 329534 153140 608197 376701 599248 482928 424415 365108 345798 338546 648709 375830 362071 143853 309150 486218 541774 321223 543310 715644 155846 257708 494644 238573 287209 57043 661994
284461 193623 170153 645224 597191 687954 960135 988993 400954 755408 665665 557773 556654 758775 227464 236282 894304 937456 1067841 872498 665658 759131 1040069 493464 205899 93028 431715 782805 833016 789263 774867 962882 812142 559451 999999999 178957 347543 252253 722876 448180 569579 686343 1154373 668721 610650 855376 613104 987046 685563 303134 679794 964211 407411 400452 879274 729117 819427 931485 673241 924573 944442 501395 1103031 928055 778079 910911 428576 296877 473962 646200 758512 614644 802404 305204 587352 1018042 871278 156831 558526 148446 811284 280947 547179 772690 190746 661820 420444 864836 1036921 970490 711520 1006825 945560 417111 817041 310855 728150 745672 552404 792216
181687 36427 230195 472319 424037 655462 826503 817098 371012 733025 583173 393672 519980 589518 59704 84851 749818 763049 903795 724518 500632 725929 889499 440797 134867 180993 263021 628872 665706 614272 598429 786861 656760 422936 178957 999999999 216495 79085 544296 369606 434477 632941 999864 509826 464832 677391 456721 811250 581058 126704 513568 802908 233815 223771 701877 559769 662790 752884 623364 772262 768451 327128 945015 749745 745743 734230 293773 167603 320150 555674 585200 523567 623777 275917 489041 839431 701556 176736 391238 47378 728147 258281 368335 609879 147024 614684 279103 731913 881256 792823 534894 831318 774097 306811 677381 173787 625827 654989 430355 629206
365610 240987 274009 335739 292777 841050 900069 789598 570254 922151 735048 434253 708258 587484 160097 131648 806422 724637 903350 775062 523227 909057 926354 624138 344459 288832 139775 437155 665701 481073 555807 736698 693986 522240 347543 216495 999999999 222166 480531 541272 534670 805959 1023298 550337 263342 614096 510284 761689 710118 149507 530504 622402 277360 168648 582502 404047 475038 647031 799205 810259 719330 216538 961062 639114 928871 681302 81247 51512 403057 701538 444443 671095 553128 481823 631903 759219 689679 229001 237968 262805 872304 467364 300964 434633 361063 792696 395724 811292 905947 727862 496073 782966 620484 458620 747745 42806 754591 794909 550720 454091
143469 59275 305453 418976 371057 620666 752295 738997 348408 701070 528834 314639 486959 510755 78598 108999 673211 685901 824716 647246 421547 689514 811555 403646 134818 259972 222723 594579 586748 556151 522625 710726 578346 350362 252253 79085 222166 999999999 471973 323862 362242 589725 921313 431141 441082 603521 378508 734952 518037 85265 434504 759971 155819 169400 638610 510290 625588 685870 581836 694164 692292 274350 866144 683828 709369 658660 287894 183524 243250 498576 529988 466889 551520 262940 430127 766955 622916 250268 347514 105039 671450 251103 301530 567281 157891 574510 207614 658218 802632 718405 459267 754823 720195 249056 602109 181729 563048 596272 363045 586165
516478 531248 730086 204941 217310 798320 551566 314759 656345 877482 613489 244220 708310 176353 504010 508808 442563 246345 444191 406459 205233 843699 511019 634643 572126 711769 340939 398597 233523 194109 85695 256177 320980 374271 722876 544296 480531 471973 999999999 553097 379940 727686 582666 252040 398559 135556 271442 281177 536754 426733 194170 452256 323044 335910 209108 248048 396858 228317 731853 412122 238814 264544 515660 232180 859924 200803 450668 501435 330642 574831 207456 560089 79556 629040 524866 295166 236139 675393 279394 577007 693025 634417 183752 325276 599087 734225 393086 492036 475410 251438 60963 302441 343903 472074 425963 483640 565703 623216 431313 332006
187919 333297 582018 616877 578439 301733 540228 696389 115546 384396 218643 309039 175334 479426 400096 431728 499732 670752 724936 488697 383011 368231 652316 90123 251633 512242 493205 833584 529550 714806 554361 710164 458173 200559 448180 369606 541272 323862 553097 999999999 202436 265866 772450 355399 714321 646144 305463 729209 242609 392524 399981 962748 312661 425890 760523 710030 854558 778512 258191 549096 693416 503026 734593 784276 387982 672562 595839 506800 228021 198106 704943 166824 618730 157393 143904 805745 577023 536267 587030 348553 364911 180031 466331 784475 259484 251426 179378 448097 664341 740461 506874 743850 882690 93099 417131 503289 282787 297508 155673 800383
286241 401275 664645 493152 465386 418852 392929 493984 317802 499083 242263 148991 332348 279851 437651 463831 325715 469323 529110 306704 188179 467432 474736 267175 365218 609000 439025 718232 327124 561236 364626 509637 261424 12434 569579 434477 534670 362242 379940 202436 999999999 350818 592385 154699 634107 454693 111283 528002 185226 393885 204499 818990 258270 378191 588612 578332 731288 595798 353559 363134 493289 416663 547555 603814 484599 474541 564321 517249 131739 203019 560153 183130 435537 335389 145691 609305 374661 610890 493893 435375 353689 352223 348878 657812 385120 355091 155379 297896 478438 542402 325948 542148 722106 163062 247464 507069 226729 275914 52827 670909
451995 596962 835270 839295 807448 81002 471352 767733 286011 150668 118147 498606 135445 599786 665783 697486 487875 766686 743760 496296 526225 116624 623731 194856 507411 761427 747305 1063211 619019 911935 700424 811384 512890 358687 686343 632941 805959 589725 727686 265866 350818 999999999 737714 482828 961921 784972 456270 824283 207626 656663 540324 1169793 560721 680473 934492 927149 1078751 933884 17650 555512 798014 744975 722048 943847 134167 788887 857219 772513 449850 154395 910802 167939 776206 381481 205621 923986 665421 793440 827187 607676 169324 405548 690807 1005838 509225 32019 423875 406836 655451 853996 670884 833283 1071290 348571 418089 768636 203851 159997 303712 1019647
875961 971703 1224229 787249 798127 815878 267536 298279 882195 858496 642170 608224 819941 436844 984782 1002948 272800 366432 151548 286044 505362 813004 120327 799205 954197 1180668 888958 954895 360076 729265 496979 390808 343215 600744 1154373 999864 1023298 921313 582666 772450 592385 737714 999999999 490226 981134 491846 543378 377076 561083 919492 495519 931902 775242 856581 661441 813530 940437 601145 753026 230093 396960 823826 67828 619618 817786 428112 1014100 1027982 681760 626650 760636 642929 544273 922465 641848 484134 346762 1167933 858157 1011878 588179 941371 730849 879268 975681 764885 734179 337121 118873 439877 542986 363947 793599 755049 355436 1012512 542954 577924 623911 879177
400026 482400 734296 410514 396016 557264 353798 344672 469884 633478 366139 119240 483516 125235 495277 514738 256177 315356 400281 224868 47338 597363 382575 421624 475126 690756 427452 630648 177423 444645 217729 355088 147940 154985 668721 509826 550337 431141 252040 355399 154699 482828 490226 999999999 581594 304538 56957 373830 285667 432816 58355 703829 286951 381826 453661 482114 636244 451221 488790 264898 338633 379364 435457 461020 612729 320136 557831 547287 195024 328502 452203 318033 293561 475683 287365 455307 223537 678108 440801 523677 441300 489314 291453 562513 498931 492789 254275 272329 371497 387922 192128 388514 594448 300230 204849 533230 313663 371216 206574 572521
571357 480179 524016 193973 188861 1012678 927272 703468 773730 1096140 868898 493782 889568 561028 405131 383718 821137 631909 840426 785654 539561 1074554 907069 803916 575599 550130 224547 176130 628789 296073 484196 627724 698163 622916 610650 464832 263342 441082 398559 714321 634107 961921 981134 581594 999999999 504465 564549 650810 819196 355871 538573 365656 402781 290563 401204 199221 216004 476088 959245 802243 613653 218180 913972 462733 1093664 575461 183185 313781 514332 830897 255287 805006 444531 699353 764244 609933 634695 486465 141849 512172 987674 690263 292040 192114 597243 955959 539650 852752 873442 601042 443432 671480 390690 621946 784738 300380 859445 910018 668738 209862
635804 662691 865641 313810 338286 860845 520727 200518 755878 935514 667214 343153 786685 185762 638678 644127 414803 128679 343579 380878 266515 897828 442730 720521 696677 846723 474985 463054 194798 237458 91985 125341 308662 452203 855376 677391 614096 603521 135556 646144 454693 784972 491846 304538 504465 999999999 343929 149762 581922 561607 250326 461191 451235 471442 183962 323656 449600 153548 791839 365909 109825 397576 424086 167170 912267 71190 579625 636475 437316 630710 269333 622103 62130 740397 591893 166151 169316 810932 401605 708446 721841 748357 319282 387423 723424 796428 502587 482601 398417 116007 148483 171068 329913 573979 424266 618605 602380 660222 507508 387573
343094 428333 683002 405151 384311 527223 389785 400026 418615 606057 342820 76651 443609 174674 445085 466004 299154 367354 456927 270590 77883 572395 433125 376719 418394 637365 394135 629190 233277 457796 253459 405454 200164 108274 613104 456721 510284 378508 271442 305463 111283 456270 543378 56957 564549 343929 999999999 425244 270757 385874 94699 717011 239690 343155 479088 484131 638462 484587 460444 315662 388435 354231 490140 492780 588795 367109 524305 503491 139143 303902 460352 288656 324433 420202 253959 500719 278530 627072 422712 468886 434701 433309 272570 564526 442080 463001 197366 302117 425022 435017 215656 440802 615057 245144 237524 490288 304915 360435 164041 576161
749465 793433 1008104 462375 488014 903879 475738 84036 843421 971751 706895 447439 849388 250612 776627 784517 383761 58904 225847 357000 349945 930551 358965 793421 816360 984942 622116 592743 206648 369991 213132 25020 313107 528798 987046 811250 761689 734952 281177 729209 528002 824283 377076 373830 650810 149762 425244 999999999 616657 700577 332980 554949 579706 613982 288615 463069 573396 224391 833928 319197 43019 545491 312133 242927 942645 80389 729124 782019 542847 674333 406463 672678 211892 842322 649213 118308 159191 952733 551330 838840 732130 853350 463617 518609 842489 840837 608331 465388 307594 62802 276712 21350 416560 669074 421842 764333 626883 682127 578828 515490
407945 545263 806319 673010 647959 287524 308401 560959 335315 356082 90998 329325 259729 396164 596399 625409 295101 559098 546435 297156 331694 316607 442029 242894 482287 741818 622431 897961 411576 727128 500479 603860 305692 196726 685563 581058 710118 518037 536754 242609 185226 207626 561083 285667 819196 581922 270757 616657 999999999 564231 344021 986626 438125 559901 739153 754460 908596 732922 217658 358397 590645 601884 535212 743880 330503 582409 745533 687513 312526 65947 730969 84047 577991 399590 98951 717089 457827 756186 678664 570653 168486 422564 532204 834716 494875 225449 315738 224278 465970 646980 477529 625728 879986 275155 218021 679199 45022 91093 159413 846677
223004 129660 310406 345787 297500 693235 772302 713872 428980 774899 586068 313594 561545 493556 77547 85131 685023 655546 811942 656081 414164 760663 815121 476740 219777 285116 140161 511309 571742 487606 487638 675809 580385 381497 303134 126704 149507 85265 426733 392524 393885 656663 919492 432816 355871 561607 385874 700577 564231 999999999 424652 680250 146236 97391 576162 434170 543289 628943 650126 697536 657564 200483 860809 625148 780442 621892 206389 123617 264290 553046 458552 522337 505586 346836 483487 720721 603129 254131 267414 169746 724515 335885 246152 487161 241999 643845 248598 680621 800727 677585 424243 721171 647672 309113 620001 115104 609003 647518 405276 506294
422507 489118 732164 361035 350717 614060 389365 314749 512598 690912 424017 122301 536361 83388 492406 508805 285464 275941 390281 251172 17055 655192 395855 471097 494049 694097 400880 578039 153264 387437 161348 312404 165683 202540 679794 513568 530504 434504 194170 399981 204499 540324 495519 58355 538573 250326 94699 332980 344021 424652 999999999 646306 282521 362427 395394 428465 582039 394469 545932 280237 295062 345216 436161 403801 670701 272639 530025 532772 213979 386141 396354 374672 235888 509570 342710 406021 193815 675674 399709 532382 498860 521180 253695 508579 519117 549595 278204 315055 377088 340509 133934 349385 536123 336122 247011 517578 371711 429368 257276 517913
865493 809906 889202 350246 394687 1235645 980449 634620 1048504 1317195 1059182 671792 1131887 618420 744757 729506 873001 571047 780439 838034 656680 1286414 900005 1051060 891669 911234 540456 190726 651794 259511 508721 541502 759124 811202 964211 802908 622402 759971 452256 962748 818990 1169793 931902 703829 365656 461191 717011 554949 986626 680250 646306 999999999 665637 591088 277508 255366 149806 330783 1172094 826970 537094 487637 866271 312354 1303562 510953 545520 670250 736018 1020025 259552 1002073 432024 993836 964341 457190 630474 849784 412898 848653 1145103 990801 497880 193123 916624 1172814 785115 934291 852614 492179 513019 569219 138553 871878 871048 654771 1017217 1074415 866958 173959
204117 213793 449769 315399 272437 609902 627246 583319 384677 693360 474178 167733 487950 356213 209979 227911 538842 530174 672375 509850 270828 672235 669486 402691 250263 412827 187551 523653 433106 435215 368051 555625 434756 245885 407411 233815 277360 155819 323044 312661 258270 560721 775242 286951 402781 451235 239690 579706 438125 146236 282521 665637 999999999 122368 505178 410271 547200 544669 557313 551829 537180 190672 717723 544693 691469 504131 307414 265035 126609 437865 416304 409560 402029 329516 368977 616176 467960 393309 274737 259135 603997 328868 172312 479775 277258 553600 137085 536486 656378 565108 305061 599427 604294 219747 474775 252867 481787 525849 279611 496898
283601 222778 394370 250331 202177 726460 732664 633464 483537 809641 596291 266702 600616 422522 173747 173869 637979 571905 740373 606463 354766 790443 758144 514827 300786 377921 67322 430368 501084 390615 402591 589029 525400 365930 400452 223771 168648 169400 335910 425890 378191 680473 856581 381826 290563 471442 343155 613982 559901 97391 362427 591088 122368 999999999 478822 340927 459331 532390 676314 641807 571023 105125 795210 528241 809869 534327 186133 172736 247500 560158 362402 531658 413654 412879 491151 627644 527986 339490 179961 265304 726217 406162 152622 398827 325549 671927 256926 645037 738758 587345 340228 634908 552150 334714 580631 156438 603265 648038 401810 417524
707455 696461 853341 246868 290583 1006306 704385 363199 861080 1084738 819039 452491 917390 352193 652270 648628 597805 296348 510126 563370 408668 1049986 623289 843194 754122 851132 456320 309007 376775 106239 242075 271571 487506 583205 879274 701877 582502 638610 209108 760523 588612 934492 661441 453661 401204 183962 479088 288615 739153 576162 395394 277508 505178 478822 999999999 201983 286170 76092 939254 549869 264482 380454 594660 61547 1065771 235218 527070 617543 535222 780813 146945 767447 163143 826687 733007 215461 353260 803061 345412 741028 889212 829683 337747 238195 780985 942051 595091 662693 576778 227829 263648 305787 146991 677059 601726 599510 764872 822851 640245 231778
610630 562932 678047 94883 140353 989595 799550 523936 793503 1072091 820543 429367 881146 424215 503800 492896 690582 452210 666873 654472 435228 1043523 753063 799059 639676 687042 297717 150796 479008 97479 327092 441400 568651 569417 729117 559769 404047 510290 248048 710030 578332 927149 813530 482114 199221 323656 484131 463069 754460 434170 428465 255366 410271 340927 201983 999999999 154446 277042 928143 658876 429134 235976 745710 263515 1061315 392465 338618 445881 485166 781273 57433 760777 269310 738670 721736 412467 473989 631894 170834 603902 918620 736026 243807 80517 665169 927844 531451 737694 713598 409217 305577 482972 217429 618370 670688 428679 788951 844529 623465 92579
