NAME : synthetic_000303
TYPE : CTSP-D
DIMENSION : 100
GROUPS : 8
RELAXATION_LEVEL : 1
EDGE_WEIGHT_TYPE : EXPLICIT
EDGE_WEIGHT_FORMAT : FULL_MATRIX
EDGE_WEIGHT_SECTION
999999999 240761 565258 97849 651736 579814 862814 740821 526275 352553 1140598 729689 578524 121323 453711 695594 465516 250356 489471 782798 691953 208673 772258 509324 74628 807906 319886 497142 787262 615802 679533 518580 817252 788174 677743 1072661 552207 209070 427984 521878 808756 950709 240688 398983 633701 976380 634522 425766 916016 153134 682554 642733 221924 266682 618307 787333 805201 667978 857389 598726 873782 749354 38864 834948 365416 237242 975380 277964 431681 1033632 612023 199479 277872 880139 834173 470454 406773 819690 865006 1013643 393011 365068 507921 700811 808287 327751 629407 694132 115664 203652 611629 869198 764734 587490 434767 286522 434735 793945 857898 39932
240761 999999999 739488 151766 851180 429701 796339 874126 738748 494771 1200622 940940 800598 216255 666446 590432 568839 306295 520041 671165 856932 40905 633456 549177 307188 814390 549350 581648 972179 801485 650920 698070 763547 820664 835702 1150899 384980 194911 277241 369122 718142 939347 88213 417190 648349 967970 816374 637944 875134 388178 552198 809640 225625 263033 613952 953729 704099 570749 917384 775151 730614 958730 254288 743369 488012 211803 975527 472966 372819 1080734 697782 178008 162946 910176 813166 696411 270655 748768 830501 1105059 589840 500663 549233 909944 1000705 441665 583904 636288 338097 242392 788138 932674 756048 692594 521301 194963 615522 880752 891274 279509
565258 739488 999999999 604725 152805 789042 782044 223792 173363 249761 708448 264851 243639 525237 187763 763382 250430 453182 410344 831811 128775 698599 885928 390077 560342 576089 321336 287132 234083 74458 588783 48758 722629 501589 123739 612856 806066 559431 716910 762870 801410 714702 677239 444495 471330 726747 80286 197703 759119 441929 809113 80007 533012 519012 509566 222269 822859 731058 479815 35936 968980 271769 529531 821059 270300 557115 706016 287990 574764 644620 286919 572440 641744 566913 657435 256749 687933 763677 709153 535743 182243 248824 386826 232474 268639 314150 603548 660607 452763 764471 48761 479986 586753 228631 300479 616478 130619 371666 543741 533656
97849 151766 604725 999999999 707442 490627 799227 759003 590525 369903 1126862 793594 650190 85794 517890 618677 464629 215124 455549 704973 726938 115222 687357 479881 171586 769789 397622 487701 834367 662583 626700 560857 757447 760260 708679 1066575 459524 135782 336277 431432 737180 907081 142935 356712 596446 934048 679061 489409 861469 237158 598927 678488 158411 206274 573380 823661 730525 592944 841804 639761 788468 812000 103333 763313 372008 164670 936286 327728 362752 1013806 605299 121254 186186 852110 785972 545172 317197 754287 812256 1013223 445451 378943 479070 763180 860045 328203 569896 631515 186336 217551 652803 855234 720335 589743 424712 200271 477002 789838 831041 132773
651736 851180 152805 707442 999999999 937768 929816 304910 139207 382441 785160 112048 153822 634966 204167 916178 402426 583576 562869 984413 168839 810509 1038639 542878 630791 714197 356289 439937 152159 81329 739587 169950 870525 634792 194635 681786 952206 683182 857778 909041 952822 846312 797570 592241 621145 855516 91670 229733 900388 510013 961335 155898 659325 651750 661134 208666 974882 883832 592581 127239 1121744 120225 620020 972032 410108 684944 831878 379718 722145 741898 431392 694280 770520 690501 799461 230902 828501 913317 851915 600065 261994 385481 539626 79871 159009 450312 756142 812547 536073 839682 121729 588994 731104 374472 450976 747966 241122 480131 668565 615627
579814 429701 789042 490627 937768 999999999 414590 812193 877663 567690 960224 1047727 958418 469813 819515 188029 541345 404101 392553 252964 863100 425715 203761 421298 653343 537141 772858 515710 1005694 863421 355643 768357 402775 585706 831040 946169 58444 375093 156220 60839 316407 615478 363695 345618 430396 645151 866894 795559 517534 666751 127356 828860 372966 343870 375439 947235 292879 184251 711577 821699 301775 1057975 564309 338364 532895 350166 664344 642993 216653 830848 589862 381568 304526 654729 492505 882137 173468 366975 487205 928766 724691 559907 423894 1014351 1049193 500508 283328 295643 608932 667953 832237 730395 466121 621465 488936 293366 710500 729427 644477 602793
862814 796339 782044 799227 929816 414590 999999999 687407 930927 665115 621354 1038920 1012771 741619 898839 226687 561559 618942 421353 187842 794275 778388 284245 423107 924802 251228 923398 512816 933701 848590 204688 786850 59428 337606 759629 643601 473020 663517 530529 460482 107581 236108 713205 477091 312395 262223 840330 884800 115174 886324 298928 781615 643725 597031 285672 847075 142952 234034 454505 802793 290456 1040339 833408 98121 624336 634564 291233 788035 436740 498123 498851 678158 638770 352724 158830 976392 529079 48380 115321 657766 814019 649519 426227 1008883 984232 622138 234768 168686 839087 1009568 808203 472159 205274 555344 536904 611722 769593 531199 357024 869817
740821 874126 223792 759003 304910 812193 687407 999999999 389066 390384 488088 392085 444757 673885 411550 734338 308276 568618 422616 784722 136343 834553 858027 392115 750694 446758 539472 310183 252319 241762 526361 267542 630834 360246 112495 389922 843697 680902 781824 802274 735184 561610 798845 499462 409705 566505 220481 420619 634780 639094 796733 159082 650891 622519 462236 160110 764065 705689 293015 212287 924509 385537 702590 749385 387944 669809 539650 478179 619014 437075 222999 696937 746785 398508 539321 478468 755510 682306 592206 312019 393130 380227 389774 369915 303252 433474 567551 607634 637202 944406 206824 287185 482142 194890 360756 716225 331548 180952 378713 715117
526275 738748 173363 590525 139207 877663 930927 389066 999999999 310004 877029 203592 83337 524703 72785 883341 373356 495854 530896 958799 266577 698776 1001548 517893 498866 740011 219440 419749 290815 152946 730721 148551 871722 669513 278709 778540 884315 584735 779696 841781 938144 882285 693439 536144 618664 895729 177102 101170 918597 379190 918482 230688 564313 565008 649286 333926 955676 850271 653118 176885 1091393 223085 497227 959727 346204 591064 876269 267443 661413 817359 448728 593580 675984 738376 816735 95532 750329 907758 867140 699256 157435 318608 514578 174637 296686 377360 733420 795751 411372 707566 182517 653344 743629 390563 410856 657279 170090 544914 714937 488597
352553 494771 249761 369903 382441 567690 665115 390384 310004 999999999 800959 487544 391299 285869 254896 583012 129671 203584 244478 662946 362314 454134 697354 242981 371977 526271 259655 175498 483752 318454 460473 214863 608350 481644 341094 726040 575735 310191 476108 532928 653017 676201 428613 227735 367489 696933 329424 233664 678868 275597 612008 315555 283338 270360 380432 459033 665600 549900 524501 285674 790555 500547 313892 676648 41125 307358 687195 130768 351420 703595 274289 323750 392116 569458 581363 324747 446749 634052 625262 663550 160622 17093 240014 454254 517607 68488 445825 512447 257392 556039 298340 533662 505634 239580 130232 367481 144392 448143 545613 330239
1140598 1200622 708448 1126862 785160 960224 621354 488088 877029 800959 999999999 853864 931304 1043518 894847 800599 676954 912297 680648 798761 618431 1167232 895280 652174 1170920 423110 1008666 643517 686830 729038 605045 747891 594331 385863 599802 107742 1011939 1012353 1009112 981745 720858 387054 1113708 783567 559565 364542 706828 900349 510989 1075476 880123 647082 982314 939543 604843 592044 757918 787859 285097 700149 911727 841241 1102073 718053 778881 990773 332131 919128 850284 129456 529366 1030177 1043861 306163 481760 965039 992183 650554 509060 189447 860301 785530 652368 838843 729730 813184 678910 668302 1057244 1337650 694912 271850 494278 562217 706198 1010383 796683 354865 319162 1125117
729689 940940 264851 793594 112048 1047727 1038920 392085 203592 487544 853864 999999999 165563 725866 276363 1028225 514237 685429 674826 1096309 258297 900721 1150656 654926 699991 818507 417764 551983 171388 192482 850513 279418 979757 736997 289656 747647 1060762 780883 963650 1017662 1064006 946518 892571 702112 731662 954078 198616 304666 1005855 581396 1073118 258797 758538 754247 772502 261879 1086423 995875 684760 238225 1233748 23072 700820 1082953 517535 784737 928921 468199 831630 823464 540071 790892 870268 787271 905586 272276 934286 1023496 958322 665179 352980 492000 651674 33412 142645 555938 868046 924069 614935 907954 231430 679271 838640 483998 562217 849272 343706 572231 766178 691782
578524 800598 243639 650190 153822 958418 1012771 444757 83337 391299 931304 165563 999999999 589822 141290 966593 456450 571662 614230 1042137 313169 761377 1084586 601076 542534 817563 260109 502478 298435 203053 813260 227120 953487 744795 332281 829794 963609 655644 856823 921303 1021218 957896 760723 618268 700389 970292 224565 168234 998006 426896 1001208 286404 636873 640598 731938 362482 1038924 933515 720611 238282 1174659 188280 552726 1042692 428330 663878 949651 336248 742561 879573 526600 663357 747969 810347 896117 109895 827537 990220 946966 748837 234598 400591 597759 146747 289857 457917 816685 878844 466305 748665 240425 719449 823638 468154 494182 730898 253180 610245 787266 539508
121323 216255 525237 85794 634966 469813 741619 673885 524703 285869 1043518 725866 589822 999999999 452982 576034 378903 135363 377503 663409 645387 175543 656871 400094 188466 694587 348121 402777 756918 585782 560136 482788 696483 680654 626048 981812 448113 94767 323985 414236 687770 834988 172115 282347 520455 861261 601178 424565 796426 205513 566523 597350 101808 145432 501483 742240 684811 547872 758635 560668 758445 743288 96275 713955 286466 120446 861796 257687 310791 931900 520231 90850 179906 772687 716487 489054 299701 698387 745866 927794 373900 294221 399055 694558 784691 242437 508529 572952 147307 295620 573694 771717 648432 503984 339705 179077 399747 704652 751163 134920
453711 666446 187763 517890 204167 819515 898839 411550 72785 254896 894847 276363 141290 452982 999999999 836165 337292 430384 488390 914259 303176 626590 951873 479008 427914 722223 152740 386213 351921 195354 695868 147231 840177 657440 307694 800359 823309 515444 715661 781188 898625 868133 622528 482620 588604 883687 219226 28505 894990 307668 866881 260135 496058 499308 614156 382204 913992 803021 655246 204254 1044110 295690 424463 921142 293796 523002 866646 196613 604469 825755 433282 523687 607394 732244 793654 79119 686398 872693 842512 723499 94902 265889 475740 247102 363172 319701 692067 756457 338673 636815 213540 657590 719049 377061 367700 589842 129408 551639 708332 416227
695594 590432 763382 618677 916178 188029 226687 734338 883341 583012 800599 1028225 966593 576034 836165 999999999 515550 473759 354562 87473 811615 578112 124366 373312 764443 382404 823600 476269 956586 836584 217605 753970 219757 447207 777345 799961 246473 487256 315552 236672 130423 437383 512901 359656 325488 466582 834743 816353 332327 750372 79664 786015 474253 432522 272102 884215 113773 33143 576389 791638 208094 1034618 671989 154308 542909 458611 488931 686664 267849 671644 515218 498989 442336 501364 320901 907746 319799 179409 306915 794366 743165 570712 376558 995697 1004175 524333 166943 138281 696563 817369 800154 595497 312075 560277 472806 420418 713483 617680 495591 710330
465516 568839 250430 464629 402426 541345 561559 308276 373356 129671 676954 514237 456450 378903 337292 515550 999999999 262547 161052 587573 325422 530040 636990 144776 494073 401061 380098 50111 465436 324729 358815 238446 502970 352519 295562 607162 562301 374382 484119 519323 564788 550778 491390 202000 252585 570427 326321 323683 562590 404004 558909 288187 343999 314264 277109 415536 582718 482862 397149 281488 722622 522066 426731 586431 102075 361973 559357 259082 330656 575909 147655 390912 438558 439842 462682 414943 456340 535831 509392 549769 254362 112856 141455 481350 508013 138288 360684 422400 380906 666111 291522 407265 387058 125218 54987 408233 208175 328493 415971 448354
250356 306295 453182 215124 583576 404101 618942 568618 495854 203584 912297 685429 571662 135363 430384 473759 262547 999999999 242146 560706 561428 267598 569466 265184 306756 559438 368827 277800 686958 521894 430245 417991 570782 545775 537297 854326 398608 112292 285802 358166 574782 700778 230790 148628 385232 726749 532986 404046 666695 276624 478938 516253 82614 69169 367972 657281 576413 443022 627200 489055 669576 699849 217164 600708 187112 104432 726748 242052 207315 798686 395214 128452 188563 637753 583829 485171 256732 577851 615262 803899 338446 204899 264260 652495 721190 140814 384213 450849 223769 430338 501634 640940 514545 386604 216073 164413 342651 579613 616421 251978
489471 520041 410344 455549 562869 392553 421353 422616 530896 244478 680648 674826 614230 377503 488390 354562 161052 242146 999999999 427946 471952 486677 475998 32232 538188 318466 502046 125383 615784 484237 217223 399416 365470 305119 439287 633123 421302 333084 364748 379686 410546 463001 433495 102925 144427 487836 484166 471156 444445 477658 399016 440350 303727 259430 139888 554712 425693 321829 397556 440052 561906 682097 453863 433534 203457 310440 485939 366996 198480 562208 204737 350891 365553 396737 352749 563326 340567 389577 391113 593246 398612 229429 33790 642061 660886 202259 203684 268868 437536 672112 449348 413206 279500 229467 120729 332130 362141 372490 376042 485186
782798 671165 831811 704973 984413 252964 187842 784722 958799 662946 798761 1096309 1042137 663409 914259 87473 587573 560706 427946 999999999 871258 660806 97257 443254 851841 395725 907376 545450 1015684 903950 258422 825578 204430 471123 836602 809843 309636 574255 394336 308519 80464 419742 595923 442827 376140 447266 900528 895378 302508 837326 126160 848900 561614 519994 327410 938803 45604 117760 598624 858481 139968 1101535 759406 93654 622369 545696 474093 770148 355234 672080 571350 585729 526758 511221 318571 987186 401406 149477 290877 813095 822238 649968 446563 1064223 1064336 606327 228271 177259 783767 901305 866301 617472 330344 620410 548076 505966 789641 653655 509551 797767
691953 856932 128775 726938 168839 863100 794275 136343 266577 362314 618431 258297 313169 645387 303176 811615 325422 561428 471952 871258 999999999 816214 935923 445764 688882 564612 446225 347458 144995 113763 616700 177417 735919 481148 34845 516633 886867 671269 808665 844055 830124 688958 790160 527417 496816 695987 90020 318441 752910 570689 866283 49282 643291 623799 543856 96870 855882 780804 427097 100749 1010911 253951 655636 846908 374406 665820 670637 415757 655668 573102 300688 685445 748556 528993 654103 360486 780497 783455 707131 435844 310801 357680 442828 234469 193080 420618 645887 694876 580468 892242 90026 422378 590581 251409 380166 721062 258505 314443 508003 661187
208673 40905 698599 115222 810509 425715 778388 834553 698776 454134 1167232 900721 761377 175543 626590 578112 530040 267598 486677 660806 816214 999999999 628726 515164 278337 785862 511624 544119 931274 760595 626077 657167 743306 789109 795138 1115683 385004 157398 270295 364879 704005 913687 65425 383762 617849 942016 775469 598096 853467 352375 544871 768862 188169 227938 585504 913027 691866 556676 883336 734256 727488 918397 218541 729570 447929 176591 948466 432616 348772 1048432 660730 140034 139855 879247 788282 657811 259549 731298 807659 1068631 549309 460205 515079 869626 959845 401678 560980 615810 300754 242322 747244 898338 729166 654188 483255 169302 574642 844226 859902 246244
772258 633456 885928 687357 1038639 203761 284245 858027 1001548 697354 895280 1150656 1084586 656871 951873 124366 636990 569466 475998 97257 935923 628726 999999999 496160 844182 487951 929800 599053 1080903 959431 336741 875071 301140 559782 901678 904091 252906 563768 358470 264389 177457 516998 565842 470618 448601 544483 958071 930999 399253 843572 90824 909989 556119 519422 395921 1008481 141299 155403 688393 914696 101585 1157466 752966 187636 658078 536582 571339 794182 362852 768156 639480 572792 502859 604933 414226 1021622 372146 246729 388009 904599 857970 685986 499371 1117975 1128410 635866 291109 254971 787574 871047 923411 707391 420421 684614 592397 487340 831462 736819 602047 791668
509324 549177 390077 479881 542878 421298 423107 392115 517893 242981 652174 654926 601076 400094 479008 373312 144776 265184 32232 443254 445764 515164 496160 999999999 555117 300882 502479 102959 590168 463328 218526 382325 365755 280600 412621 602710 451585 360354 396889 410278 420424 447970 463124 132251 129642 471767 462025 463293 437739 488780 421876 415893 330549 287373 137646 526714 437949 341061 368241 418536 579267 661372 472936 442445 202811 338630 467890 369700 230437 535191 172962 378183 396125 372607 342803 555324 372785 394303 384132 561771 391650 226969 3321 622444 636009 208917 215933 278024 451470 695490 427317 383517 267992 200175 113805 362774 351011 340533 351244 502954
74628 307188 560342 171586 630791 653343 924802 750694 498866 371977 1170920 699991 542534 188466 427914 764443 494073 306756 538188 851841 688882 278337 844182 555117 999999999 855800 282781 530705 772685 603575 736674 512168 877416 829902 678222 1097944 626560 280415 502237 595784 874887 1001172 314483 453913 682467 1025955 624013 401271 972938 120943 754127 639693 290272 332727 671600 782063 872789 736091 890550 591855 945760 720711 92543 901041 392057 307828 1022989 274416 498464 1068590 641728 272093 352293 921315 887852 432795 480620 882750 921122 1035191 380841 386511 553388 672903 789346 360254 690359 756286 114742 208932 604425 901179 816612 611328 470226 359984 430551 819723 898465 54995
807906 814390 576089 769789 714197 537141 251228 446758 740011 526271 423110 818507 817563 694587 722223 382404 401061 559438 318466 395725 564612 785862 487951 300882 855800 999999999 781153 351942 697807 634816 182664 591537 202226 87802 530982 417681 589300 640843 595148 560300 326013 149936 726182 413163 174268 171558 622655 714136 188492 787585 461018 559979 613537 566573 200452 606734 361333 366765 205360 590432 525203 816979 772308 331948 490189 615102 167475 657007 446199 293709 291284 658220 652132 119118 94227 801335 581294 260190 146170 417381 650060 509210 302755 790717 748771 505995 257208 246631 752095 987271 593479 223715 71321 349551 399388 619521 595243 281560 114099 803263
319886 549350 321336 397622 356289 772858 923398 539472 219440 259655 1008666 417764 260109 348121 152740 823600 380098 368827 502046 907376 446225 511624 929800 502479 282781 781153 999999999 429505 504646 344526 719061 273838 867208 728856 445062 920360 766097 427580 648575 726441 905218 930805 519891 464560 626760 950041 367598 130343 938297 167216 840641 399779 415466 432329 639663 530880 914717 791031 750299 345483 1027465 438841 296760 929648 299701 442320 937729 137398 568434 927085 508390 431448 520668 812132 840188 150905 620523 890779 884716 847333 148487 276054 499549 391558 515107 303531 699271 766970 211324 490213 356456 755790 764395 459363 389828 510116 212085 656175 787969 280419
497142 581648 287132 487701 439937 515710 512816 310183 419749 175498 643517 551983 502478 402777 386213 476269 50111 277800 125383 545450 347458 544119 599053 102959 530705 351942 429505 999999999 490766 360390 311067 280718 454022 306578 315353 579043 541066 386859 472120 498622 519321 501807 500663 189287 202793 521937 359389 373252 512489 446156 523862 315000 356092 321162 229547 432564 538553 444010 360516 315688 682012 558432 458701 540402 142770 371120 511732 306084 311761 537957 117696 404091 442399 395456 412584 464220 445507 488155 459308 526316 304351 158416 99720 519535 535577 170592 317466 377191 419234 694789 324627 372065 336949 116086 63103 410613 256855 302320 371846 482898
787262 972179 234083 834367 152159 1005694 933701 252319 290815 483752 686830 171388 298435 756918 351921 956586 465436 686958 615784 1015684 144995 931274 1080903 590168 772685 697807 504646 490766 999999999 171950 760259 274149 875932 611988 179292 579824 1027732 793507 945197 984735 973187 813537 911204 666654 640549 817583 155805 375428 886186 651815 1011125 177277 767063 752174 688361 98548 999566 925798 541001 198147 1155440 155804 753427 989405 502437 791047 789791 510091 796025 665244 444523 806444 875472 649455 789402 383030 916591 924868 842436 497494 394340 482211 587193 165250 50986 547230 790749 839031 672251 980768 185417 532823 728912 396333 519456 849724 357459 431113 630311 752963
615802 801485 74458 662583 81329 863421 848590 241762 152946 318454 729038 192482 203053 585782 195354 836584 324729 521894 484237 903950 113763 760595 959431 463328 603575 634816 344526 360390 171950 999999999 658343 104264 789282 556643 129365 628640 880049 625852 789552 836850 871673 768932 742576 518672 539827 779052 24346 214327 820346 483085 883161 83566 600367 588753 580071 186898 893948 804389 521025 45914 1041615 198044 581673 890793 341911 625108 756346 338288 648922 676894 350390 638138 710250 615478 719196 247440 760470 831988 771513 548463 223406 319132 460100 160999 199973 384584 675711 731596 501108 810827 41359 518797 650335 293260 374935 685935 186036 409481 593079 581981
679533 650920 588783 626700 739587 355643 204688 526361 730721 460473 605045 850513 813260 560136 695868 217605 358815 430245 217223 258422 616700 626077 336741 218526 736674 182664 719061 311067 760259 658343 999999999 589257 148248 233183 581886 591982 406904 492293 416062 377651 213932 288741 563460 283013 119938 317714 652541 681098 236505 688741 291338 597582 468317 420465 81717 681218 239316 195097 361735 612453 398148 853938 647346 232451 419750 464453 328202 584216 278110 475853 316014 508636 488070 299174 162270 772926 404408 177093 185805 580218 609894 444838 221671 819342 809556 418989 74753 82062 644297 842779 619124 380824 113167 368187 332286 456958 566965 400424 288971 682077
518580 698070 48758 560857 169950 768357 786850 267542 148551 214863 747891 279418 227120 482788 147231 753970 238446 417991 399416 825578 177417 657167 875071 382325 512168 591537 273838 280718 274149 104264 589257 999999999 727477 521161 171847 654362 782271 521587 688466 739112 799674 733814 638382 422741 474545 747496 118392 153353 770965 393437 795655 128763 496153 485206 508570 269962 819270 721241 510036 80170 961046 289887 483300 820329 240494 520980 728479 240796 552435 678981 300262 533900 606205 591455 669075 221311 659250 765710 719852 578520 133486 216529 379015 246079 304220 281801 597979 657759 405408 716923 93049 511660 596520 242032 283777 582202 84185 404936 567835 486383
817252 763547 722629 757447 870525 402775 59428 630834 871722 608350 594331 979757 953487 696483 840177 219757 502970 570782 365470 204430 735919 743306 301140 365755 877416 202226 867208 454022 875932 789282 148248 727477 999999999 286105 701222 607892 460520 621715 505032 442914 127668 218858 678637 426396 253099 247618 781151 826437 115633 834703 297756 722669 600420 553123 228113 790168 164483 218533 407493 743470 325217 981319 786722 130225 567743 593001 271917 732464 397059 467861 439721 636991 603460 311455 115890 917898 500582 58578 88126 616219 755934 592568 368829 949644 926356 567137 188016 127502 788760 970280 748941 425698 149298 496057 479528 574957 710864 478356 312779 822520
788174 820664 501589 760260 634792 585706 337606 360246 669513 481644 385863 736997 744795 680654 657440 447207 352519 545775 305119 471123 481148 789109 559782 280600 829902 87802 728856 306578 611988 556643 233183 521161 286105 999999999 448078 360571 634103 637643 623697 601233 405907 213119 732922 406764 174126 226479 543124 651797 274598 751863 523384 479465 608617 563550 219450 519955 439942 427323 129182 513212 604595 734537 751084 414153 449113 614040 209817 611600 464538 261123 224415 655400 661347 92064 181965 736203 606381 342883 233930 347399 591484 464622 281599 710052 662974 471936 302531 308934 721601 976090 515312 148290 141136 280552 361942 627999 533501 193948 70956 779318
677743 835702 123739 708679 194635 831040 759629 112495 278709 341094 599802 289656 332281 626048 307694 777345 295562 537297 439287 836602 34845 795138 901678 412621 678222 530982 445062 315353 179292 129365 581886 171847 701222 448078 999999999 500059 855713 648030 779555 813015 795287 656878 767058 497415 462014 664518 108034 320194 719143 561576 832540 48200 619563 598349 509217 120740 821087 746639 398176 103843 976292 286472 640810 812063 350245 641478 639727 403971 624928 548844 265881 662619 723386 498093 620051 370267 751606 748646 673055 420547 304538 335195 409725 264391 227788 396739 611457 660146 567986 879381 96375 394368 556107 217069 350504 695277 248241 285613 476738 648233
1072661 1150899 612856 1066575 681786 946169 643601 389922 778540 726040 107742 747647 829794 981812 800359 799961 607162 854326 633123 809843 516633 1115683 904091 602710 1097944 417681 920360 579043 579824 628640 591982 654362 607892 360571 500059 999999999 994614 958927 978725 961280 735510 420261 1065576 734919 526872 403491 605892 807605 540994 997476 878221 547894 928382 887986 577302 485773 772141 783191 239178 602059 932153 734619 1033856 736536 707731 939325 368873 838620 815054 155212 461833 976634 998671 299304 492103 868378 959377 666086 528395 82468 771935 711450 602398 733389 622285 745238 662870 663183 983430 1272851 596028 221740 487950 486639 642134 965253 708458 278742 304509 1054459
552207 384980 806066 459524 952206 58444 473020 843697 884315 575735 1011939 1060762 963609 448113 823309 246473 562301 398608 421302 309636 886867 385004 252906 451585 626560 589300 766097 541066 1027732 880049 406904 782271 460520 634103 855713 994614 999999999 353834 124504 43199 374611 671997 325810 361860 473750 701720 885053 798302 575503 649949 183501 850468 356377 333795 419861 973626 350421 242032 758340 839674 346727 1072104 540106 396304 543405 331534 720233 640395 231813 882753 623075 357804 274351 705935 548114 882468 148762 425367 544359 974312 729042 569537 453927 1027351 1069777 507509 333235 350834 591542 625941 850698 776979 518689 650665 508441 269079 719886 770401 694752 578041
209070 194911 559431 135782 683182 375093 663517 680902 584735 310191 1012353 780883 655644 94767 515444 487256 374382 112292 333084 574255 671269 157398 563768 360354 280415 640843 427580 386859 793507 625852 492293 521587 621715 637643 648030 958927 353834 999999999 230110 319517 603124 775057 119040 230881 469301 802489 638436 487690 726299 296993 473776 625299 30778 74390 442237 767540 597861 460335 727835 595366 665345 796670 189676 629301 297948 29066 806174 319411 227333 895218 503339 17829 93332 728728 652562 560542 205203 618735 677507 911277 428650 313631 360055 748521 825786 251380 434293 495735 238450 350486 608144 742491 588599 497767 326393 85455 442547 686860 708595 228334
427984 277241 716910 336277 857778 156220 530529 781824 779696 476108 1009112 963650 856823 323985 715661 315552 484119 285802 364748 394336 808665 270295 358470 396889 502237 595148 648575 472120 945197 789552 416062 688466 505032 623697 779555 978725 124504 230110 999999999 95786 445046 700380 207580 283408 452111 729989 796996 689621 619953 526903 275163 768684 234832 217928 404319 899654 428611 298826 739565 751736 457688 976514 415607 469634 448011 209103 743301 527239 167112 882149 569102 233464 150356 704983 572980 770777 29404 482233 580625 948530 622733 472300 398536 930362 984432 407767 342314 381540 468394 512605 763462 757273 528522 586953 429133 144923 620162 733415 690176 453539
521878 369122 762870 431432 909041 60839 460482 802274 841781 532928 981745 1017662 921303 414236 781188 236672 519323 358166 379686 308519 844055 364879 264389 410278 595784 560300 726441 498622 984735 836850 377651 739112 442914 601233 813015 961280 43199 319517 95786 999999999 366957 649915 302999 318704 437747 679698 841873 756355 558502 613952 184902 807463 319810 294600 384758 931134 346276 226615 723952 796492 362609 1028956 507729 390153 500373 295833 696643 599503 188737 852911 582304 324865 245254 675586 524408 841030 115175 412257 524342 938830 686793 526580 412551 984250 1026679 464778 303147 327440 555752 607114 807528 742433 490420 608836 465381 236144 677000 732481 663466 546017
808756 718142 801410 737180 952822 316407 107581 735184 938144 653017 720858 1064006 1021218 687770 898625 130423 564788 574782 410546 80464 830124 704005 177457 420424 874887 326013 905218 519321 973187 871673 213932 799674 127668 405907 795287 735510 374611 603124 445046 366957 999999999 339821 638599 443998 333762 367101 866270 881699 222048 849397 195104 811512 586941 542443 291848 892169 37061 147433 530980 825826 199200 1067698 782442 26195 611922 574104 394400 767970 377079 595077 529561 616220 566312 438408 243417 973869 447700 70305 211979 742452 809128 638776 423730 1032645 1022755 601744 207241 142408 798384 941014 832712 549534 265024 582119 531013 542226 771294 593929 438581 820119
950709 939347 714702 907081 846312 615478 236108 561610 882285 676201 387054 946518 957896 834988 868133 437383 550778 700778 463001 419742 688958 913687 516998 447970 1001172 149936 930805 501807 813537 768932 288741 733814 218858 213119 656878 420261 671997 775057 700380 649915 339821 999999999 851663 552651 318982 29785 754731 861162 123935 936175 516141 690557 749213 701568 333810 718128 376609 432440 278944 725898 525521 942910 915963 333974 639988 748114 55212 806929 566673 268328 435067 791981 776416 166073 127517 947131 690937 270303 130781 448390 798338 659142 450051 920474 864300 654846 359305 322505 899365 1124466 727663 291933 186763 492363 549024 744946 742366 383091 183434 947995
240688 88213 677239 142935 797570 363695 713205 798845 693439 428613 1113708 892571 760723 172115 622528 512901 491390 230790 433495 595923 790160 65425 565842 463124 314483 726182 519891 500663 911204 742576 563460 638382 678637 732922 767058 1065576 325810 119040 207580 302999 638599 851663 999999999 330899 560341 880201 755809 594282 789310 369959 481005 744005 148190 179675 525741 886500 626634 491288 831045 713151 665267 909141 240420 664179 416984 129701 887493 426057 285520 993241 615539 104871 75540 822222 725730 660988 195087 666038 743996 1021334 539591 432482 463310 860661 942538 370418 497281 551177 314031 305933 725992 846575 668026 613525 441798 106859 558031 797347 803453 273926
398983 417190 444495 356712 592241 345618 477091 499462 536144 227735 783567 702112 618268 282347 482620 359656 202000 148628 102925 442827 527417 383762 470618 132251 453913 413163 464560 189287 666654 518672 283013 422741 426396 406764 497415 734919 361860 230881 283408 318704 443998 552651 330899 999999999 239782 578934 523242 460918 519053 409336 384430 489415 202065 156844 219404 617007 451090 326863 500237 477878 565570 712424 365498 469183 189960 207650 579976 327325 130271 664908 293630 248636 264291 497889 435205 551120 256400 438519 467228 692803 388144 217678 132521 668740 708093 165307 243363 311448 362370 574129 488849 515682 366172 304985 147340 231077 367051 470110 477715 399499
633701 648349 471330 596446 621145 430396 312395 409705 618664 367489 559565 731662 700389 520455 588604 325488 252585 385232 144427 376140 496816 617849 448601 129642 682467 174268 626760 202793 640549 539827 119938 474545 253099 174126 462014 526872 473750 469301 452111 437747 333762 318982 560341 239782 999999999 343488 533388 576037 311571 618412 391889 477817 441275 394911 55723 562671 359078 298113 287919 493913 516108 734671 598252 351655 328676 444440 341708 496553 290769 435216 196134 486874 488010 261928 214191 666860 433642 292360 258035 501108 506907 350843 131950 700763 689731 338273 159993 198930 580496 813756 500235 305967 138791 248499 237373 454775 459197 299982 243738 629586
976380 967970 726747 934048 855516 645151 262223 566505 895729 696933 364542 954078 970292 861261 883687 466582 570427 726749 487836 447266 695987 942016 544483 471767 1025955 171558 950041 521937 817583 779052 317714 747496 247618 226479 664518 403491 701720 802489 729989 679698 367101 29785 880201 578934 343488 999999999 764135 877515 148219 959119 545181 699621 776391 728827 360670 721294 403723 461991 278857 736641 550344 949777 941356 360315 661353 775709 34773 827700 595429 249641 450424 819492 805025 168129 157031 962532 720396 298008 159728 436292 815817 679849 473745 928688 868148 677547 388698 352290 923218 1151521 737913 290312 213891 506990 570773 773431 758923 386472 188061 973018
634522 816374 80286 679061 91670 866894 840330 220481 177102 329424 706828 198616 224565 601178 219226 834743 326321 532986 484166 900528 90020 775469 958071 462025 624013 622655 367598 359389 155805 24346 652541 118392 781151 543124 108034 605892 885053 638436 796996 841873 866270 754731 755809 523242 533388 764135 999999999 237605 809095 503803 883132 64947 612381 599102 575234 163361 889339 802795 503191 45399 1038780 201436 599921 884900 350585 636721 740778 356632 653479 656719 341499 651136 721536 599553 708334 271743 768056 824990 760890 525444 243276 328941 458842 168848 188414 394322 672515 727024 520275 830718 34841 500361 640538 285424 377958 696520 202070 391149 577447 601244
425766 637944 197703 489409 229733 795559 884800 420619 101170 233664 900349 304666 168234 424565 28505 816353 323683 404046 471156 895378 318441 598096 930999 463293 401271 714136 130343 373252 375428 214327 681098 153353 826437 651797 320194 807605 798302 487690 689621 756355 881699 861162 594282 460918 576037 877515 237605 999999999 884269 280711 845347 273504 468656 472812 599482 400965 896212 783219 655197 218147 1024075 323823 396231 904550 273446 495651 861453 168551 581178 827704 427385 495743 579835 728722 783319 92171 660411 857529 831478 731866 73191 245648 460061 275162 388623 296870 674738 739821 310573 610202 228415 658362 708288 372427 350818 562672 118893 553801 704690 388485
916016 875134 759119 861469 900388 517534 115174 634780 918597 678868 510989 1005855 998006 796426 894990 332327 562590 666695 444445 302508 752910 853467 399253 437739 972938 188492 938297 512489 886186 820346 236505 770965 115633 274598 719143 540994 575503 726299 619953 558502 222048 123935 789310 519053 311571 148219 809095 884269 999999999 921446 408366 747097 703353 655604 304923 794552 257969 333494 373916 775434 402144 1004793 883826 213130 639644 697999 178991 807224 505258 391117 472275 742194 713861 263808 101890 973880 614681 155535 53629 563091 816659 662302 440452 977604 937160 645792 293082 239621 878839 1076393 779120 389827 175989 530714 548648 684421 766092 465220 273820 918423
153134 388178 441929 237158 510013 666751 886324 639094 379190 275597 1075476 581396 426896 205513 307668 750372 404004 276624 477658 837326 570689 352375 843572 488780 120943 787585 167216 446156 651815 483085 688741 393437 834703 751863 561576 997476 649949 296993 526903 613952 849397 936175 369959 409336 618412 959119 503803 280711 921446 999999999 752769 521677 294166 324934 616554 662901 852403 719626 800095 472654 944375 601746 133940 875113 303470 318430 952685 161088 483359 979180 549877 295821 385389 841524 830271 318086 501211 847737 868357 931435 261035 291780 486536 553638 668467 281651 652609 720542 58546 329688 485085 809193 756299 513266 390297 382446 313336 721383 817977 113405
682554 552198 809113 598927 961335 127356 298928 796733 918482 612008 880123 1073118 1001208 566523 866881 79664 558909 478938 399016 126160 866283 544871 90824 421876 754127 461018 840641 523862 1011125 883161 291338 795655 297756 523384 832540 878221 183501 473776 275163 184902 195104 516141 481005 384430 391889 545181 883132 845347 408366 752769 999999999 837724 465567 428608 336817 942835 167927 96241 652438 839068 192113 1080872 662694 214927 573397 446365 568092 705564 272779 751093 575023 483198 415662 580098 400545 935394 286114 253443 385454 870782 772539 601283 424971 1040169 1057568 549177 231996 215178 696750 786886 848326 671551 390303 616269 511964 398672 748502 688712 573720 701388
642733 809640 80007 678488 155898 828860 781615 159082 230688 315555 647082 258797 286404 597350 260135 786015 288187 516253 440350 848900 49282 768862 909989 415893 639693 559979 399779 315000 177277 83566 597582 128763 722669 479465 48200 547894 850468 625299 768684 807463 811512 690557 744005 489415 477817 699621 64947 273504 747097 521677 837724 999999999 597702 579677 522048 145242 835783 754595 438332 55917 987955 258842 606482 829382 329703 620683 676038 366478 618749 593340 283325 639183 704040 534736 646792 322067 740224 767966 699544 468605 262249 311744 412828 230769 220626 375529 621785 673826 531186 842960 48214 435690 580220 229407 342185 677143 209250 326421 512713 611909
221924 225625 533012 158411 659325 372966 643725 650891 564313 283338 982314 758538 636873 101808 496058 474253 343999 82614 303727 561614 643291 188169 556119 330549 290272 613537 415466 356092 767063 600367 468317 496153 600420 608617 619563 928382 356377 30778 234832 319810 586941 749213 148190 202065 441275 776391 612381 468656 703353 294166 465567 597702 999999999 47863 415798 739354 583333 446234 697666 568943 657635 773867 197973 613136 269319 27164 779388 301326 209885 865630 472564 48284 111806 699902 627638 544184 207993 599668 653932 880537 407444 285972 330178 725957 800147 222838 412527 475365 236083 375315 581646 712222 562547 467167 295715 95085 418297 656117 679572 236516
266682 263033 519012 206274 651750 343870 597031 622519 565008 270360 939543 754247 640598 145432 499308 432522 314264 69169 259430 519994 623799 227938 519422 287373 332727 566573 432329 321162 752174 588753 420465 485206 553123 563550 598349 887986 333795 74390 217928 294600 542443 701568 179675 156844 394911 728827 599102 472812 655604 324934 428608 579677 47863 999999999 368333 718867 540088 403627 655439 554761 620605 768472 240192 568621 250063 51362 732119 309326 165737 821632 435880 91998 125161 654510 579809 552936 189175 553360 606102 842230 407591 270188 287226 721257 787490 204957 365149 428501 268283 423075 567187 670401 514953 434750 263177 97559 411104 618047 634492 278210
618307 613952 509566 573380 661134 375439 285672 462236 649286 380432 604843 772502 731938 501483 614156 272102 277109 367972 139888 327410 543856 585504 395921 137646 671600 200452 639663 229547 688361 580071 81717 508570 228113 219450 509217 577302 419861 442237 404319 384758 291848 333810 525741 219404 55723 360670 575234 599482 304923 616554 336817 522048 415798 368333 999999999 613085 314109 243821 339272 534277 467083 776639 584403 311867 339993 415884 364030 505821 247836 478397 244437 459400 451818 302041 216262 691267 387535 258739 251811 554454 528427 364542 140716 740984 736930 342024 105479 151853 574654 790852 541420 357695 147062 293107 251417 419121 485250 355644 286201 617638
787333 953729 222269 823661 208666 947235 847075 160110 333926 459033 592044 261879 362482 742240 382204 884215 415536 657281 554712 938803 96870 913027 1008481 526714 782063 606734 530880 432564 98548 186898 681218 269962 790168 519955 120740 485773 973626 767540 899654 931134 892169 718128 886500 617007 562671 721294 163361 400965 794552 662901 942835 145242 739354 718867 613085 999999999 920074 854427 443766 190257 1078770 249421 751332 907152 470169 761585 692966 510260 743615 566961 369002 781864 843834 553269 699423 429444 871838 840902 752292 403305 401960 454100 523965 248662 147667 516542 717377 761560 675032 986721 177837 435082 641809 327338 470522 815892 352878 335084 534706 755923
