NAME : synthetic_000387
TYPE : CTSP-D
DIMENSION : 100
GROUPS : 8
RELAXATION_LEVEL : 1
EDGE_WEIGHT_TYPE : EXPLICIT
EDGE_WEIGHT_FORMAT : FULL_MATRIX
EDGE_WEIGHT_SECTION
999999999 359986 443302 243615 365214 126722 357334 515881 295594 95449 378696 402306 81384 462103 130838 223855 652554 358950 319246 381964 395931 365763 296523 452222 501616 178700 194800 140620 571131 360374 270607 490430 300760 169392 479776 341801 295840 499276 323828 275024 517883 241474 392427 223150 436370 477064 299814 388728 284409 693646 464671 518097 320225 409604 368575 183534 489498 61992 375264 182670 620204 200053 496529 106214 345401 424702 139409 258829 148954 320737 266705 322821 61131 318570 611490 427363 468829 493591 490199 519541 398824 372140 326214 376034 300392 309288 182242 607211 531118 124607 370843 365897 556265 423902 467128 359458 445961 539760 456396 514366
359986 999999999 388967 603562 703688 471399 653431 799074 419204 374264 510868 269051 436411 383692 305181 568570 404646 95224 325276 275868 707250 610712 65415 122265 855295 524646 339226 406862 604752 697108 465935 212709 640326 521689 449803 613698 307500 357880 679520 246540 562458 220054 422992 355916 796168 121881 107802 747476 643705 388265 421655 784615 132154 338057 532016 252483 462644 366170 730833 258844 732029 173779 446724 255134 165306 127831 222514 503073 283742 633438 117889 643001 409377 99719 383849 712097 698702 450590 840815 555543 84158 155497 268253 677360 635795 654631 331915 820842 812095 322260 324634 377994 849881 764937 819890 714056 400251 812199 778210 806059
443302 388967 999999999 608257 783340 461633 798680 580362 202404 526633 782601 637080 465718 29420 312523 517700 301399 476527 641803 634882 550746 396881 388969 345498 770707 605918 577139 574604 220437 590563 692509 274570 555008 589064 61099 431301 617140 106352 712863 560598 885822 517384 97636 233222 782782 405354 454090 708538 628719 408712 32689 547326 490829 51094 785520 271141 810860 496766 674254 269257 369098 324376 60891 408988 531709 301519 402901 344467 503191 500853 432844 757519 441477 459982 252159 515009 439225 804227 878578 176912 328110 237135 138254 513528 726325 723131 563967 520617 587974 516028 77973 88031 636651 653998 851405 656063 750763 577022 884126 597776
243615 603562 608257 999999999 193776 151100 274297 396031 413969 261914 463818 610204 170085 633439 333924 105760 863786 598298 499307 585735 261710 339492 540094 691932 269424 123587 367169 264076 663490 184411 354882 719379 140217 108065 625517 291261 482178 688686 106039 484583 623144 462208 529221 377415 193975 719794 539230 147854 44780 921233 619862 419326 555371 589398 432906 398767 639418 251887 144383 395268 649944 439461 648465 349367 574725 661092 382508 292149 361938 213487 507511 210514 198680 558025 818663 326270 424802 650369 270582 620573 638771 600933 523578 265781 163030 137416 360612 550540 411382 322541 550438 520739 415595 224461 243820 133095 613458 429415 299135 383199
365214 703688 783340 193776 999999999 323192 130356 561937 597561 329481 397370 633469 319304 806497 485158 299532 1016673 673309 506288 606430 433891 531928 638294 809007 336028 186514 395499 301818 855119 347219 318324 854874 321095 198166 806831 482646 497778 854358 99476 523418 548953 516961 711386 550128 189923 825241 617884 225176 201686 1057926 798341 592498 623078 758439 356966 545535 601152 339707 256775 543627 843180 561723 828293 455702 630432 785774 485527 484023 425764 400065 592262 80312 345788 635616 974465 504770 612607 617251 147992 810827 755981 737005 683209 446445 67933 60413 395653 731746 576238 384658 718972 697700 569009 357903 136850 259833 594020 597314 105511 544563
126722 471399 461633 151100 323192 999999999 361425 395804 275047 194717 463851 528107 49147 485801 184859 98676 712694 481209 438118 507063 271225 267635 411053 550012 383903 160959 307248 224020 540421 234069 349660 571029 174642 139523 483641 233342 416091 538638 252411 400369 614790 368022 388259 228856 341132 582590 422491 280855 181848 771927 475516 402746 445105 440078 444284 250017 601727 168085 260232 246089 555833 300564 505236 227361 471626 516563 259614 179912 273203 197233 388428 308912 66222 441054 667583 309114 368726 608018 420457 493332 497519 453180 372512 254260 271002 262780 296355 506237 411324 242949 400870 375144 433139 298766 394202 243067 563023 422108 426299 392209
357334 653431 798680 274297 130356 361425 999999999 666752 630740 290926 275212 539973 339603 818610 487536 372067 1001768 607601 410293 512657 533907 606929 589488 767613 464138 200693 320845 249615 901211 451310 215869 827119 413881 221926 830873 561303 406789 856331 212137 443681 421589 447082 738928 570287 319975 774817 556981 347492 298838 1027178 818162 692586 555016 766695 233370 539803 482493 312747 373800 539430 911559 534779 849556 425347 554808 750986 450004 538680 369794 487478 536690 65237 360002 573178 963265 600345 697263 499995 263191 853129 716316 713170 683310 539988 113497 149817 325100 824763 681753 332866 727736 717821 680345 473504 259491 373266 482412 701066 136215 651832
515881 799074 580362 396031 561937 395804 666752 999999999 407078 590312 846282 915808 444872 609573 499411 319892 881761 837955 833363 896778 134740 193830 751703 836496 307227 506717 703052 615744 491506 215806 732602 812994 256760 485277 557129 185814 810792 686343 463003 789915 1002606 753431 483301 448015 421151 885431 783506 349191 367926 983509 570298 46354 813004 595566 820144 546618 997123 563708 310086 540239 383206 630481 583939 599619 845842 793101 626894 296004 664823 199951 748597 601648 455867 800502 832508 89400 149108 1003753 551403 477178 792405 716121 586471 141873 553310 519518 692094 190297 15720 637735 569890 508904 56296 213993 525909 303454 958750 35947 655928 25379
295594 419204 202404 413969 597561 275047 630740 407078 999999999 389939 669552 605837 291165 230493 183178 318332 491810 480842 569482 595087 355419 213780 386945 434965 569229 431117 470909 436157 275741 389011 565156 405920 352617 411527 211749 238121 543815 298830 519828 499137 797331 455087 115390 80783 582032 487756 437149 506774 430525 581963 208380 382571 472770 199463 662813 187633 746463 356753 471999 181732 340854 275797 235425 308020 512239 390234 318640 142499 403461 300238 405621 582207 272599 450255 442908 330433 285297 745147 682297 224818 395330 312602 179707 318727 545868 537197 457203 401801 417486 400635 167436 115743 462396 453601 654692 453848 692656 411926 701242 420368
95449 374264 526633 261914 329481 194717 290926 590312 389939 999999999 283509 349120 146016 543114 216917 279059 711192 348267 246340 325352 463361 453639 308900 482068 531169 156508 113380 48008 664934 413919 175368 536682 355119 160086 567128 424976 226054 572700 314655 222735 425779 201608 482943 315307 440722 495935 290973 408984 306544 737730 550142 597240 300831 489022 273265 257614 407010 33459 405123 258514 715459 243854 582227 134426 315679 462237 160000 350540 102135 390982 263572 270701 141382 309240 673439 503829 556544 413454 468936 612946 429638 422246 401189 448559 261563 282139 103635 695004 605873 61145 451452 453562 626171 471127 449551 391950 369314 616825 406798 585982
378696 510868 782601 463818 397370 463851 275212 846282 669552 283509 999999999 309748 419330 794024 489363 526441 907613 435186 193050 284626 712862 730701 458869 633126 709586 342631 205499 242693 941852 645588 114432 717122 593204 362632 830311 696945 205350 807286 451941 264604 159496 293562 753900 591832 577916 620173 403080 584116 503758 898673 809802 860421 384220 738694 42473 513645 208019 316831 598545 516577 998898 463686 841691 374678 365750 632351 380087 632178 279417 647871 399064 317757 421625 413110 879084 765078 832472 226473 537998 889075 590416 622214 647198 706000 351348 391140 218792 970083 861996 270751 704773 719618 873789 687849 532425 591784 217035 876399 404837 837552
402306 269051 637080 610204 633469 528107 539973 915808 605837 349120 309748 999999999 480125 637518 436285 621972 668097 174139 129718 27319 798228 750561 248952 379132 879618 495905 245670 349596 839816 758741 324149 478494 699179 504844 695533 735806 135703 622468 648735 127976 308513 162454 647515 527322 779445 347316 183008 755936 654967 629621 669088 914173 146540 586457 344927 418297 197367 365527 754018 424122 943870 332425 697453 318709 106440 395558 295977 637524 255362 722915 206498 556840 463405 178673 651123 826613 850842 183130 781400 787570 352286 418682 502509 777537 570374 602397 250394 985719 930763 290268 563933 604205 957968 818637 767738 741044 136271 937640 676104 915634
81384 436411 465718 170085 319304 49147 339603 444872 291165 146016 419330 480125 999999999 488028 168312 142920 701596 439839 388976 458738 320177 311442 374249 521929 421214 141063 258206 177645 563344 279767 305740 550732 220083 123359 493430 279906 366998 535133 261453 352238 568312 320931 400112 233396 364039 550870 380776 311126 207881 753265 482589 451224 401602 439258 401778 231745 552955 118939 295348 228876 590438 269679 513361 186123 426555 491068 219099 215890 224894 246369 347344 292999 28768 399494 657996 357943 413605 559059 430479 514337 468826 432057 364692 303389 260625 259820 247239 551695 460375 193900 399788 381728 482248 342667 405607 279145 513908 470939 418545 441355
462103 383692 29420 633439 806497 485801 818610 609573 230493 543114 794024 637518 488028 999999999 331320 544238 272227 473593 648143 636580 579994 426299 388633 331582 799310 627576 588880 590957 235350 619122 706510 254887 582899 611232 75631 460582 623831 77845 737614 566138 893140 523549 127050 256962 809580 391491 454665 735832 654805 381078 48475 576296 490986 55330 798378 286027 814966 513979 701915 284713 389613 332615 64142 422136 531521 288822 413939 372825 514782 529603 435303 778811 463157 459396 223037 544427 467996 807589 903945 195714 318358 229350 146867 542786 748598 746422 575903 547230 617097 529644 91675 115177 665856 682825 876906 683686 754283 605969 906571 627081
130838 305181 312523 333924 485158 184859 487536 499411 183178 216917 489363 436285 168312 331320 999999999 273886 533309 338679 388047 422403 402164 319329 253114 369310 561169 300906 288281 264790 452493 394933 389084 386176 340257 287058 350491 313742 362473 370903 429517 321542 614220 278615 266510 103187 525842 406894 285392 464850 366679 587406 334412 489848 316907 279170 485553 65160 565025 185573 441442 61360 522405 132302 366383 125728 352674 333592 141068 206646 220300 328274 250795 450058 140284 301826 489954 410908 416682 564655 598623 399727 318036 268397 198439 372899 423381 426574 274558 549904 513196 218930 240216 236757 548149 463454 573491 423635 512804 515886 581129 504377
223855 568570 517700 105760 299532 98676 372067 319892 318332 279059 526441 621972 142920 544238 273886 999999999 787144 579883 525389 599975 187494 235641 509006 642805 287873 189846 392263 298605 559306 136942 412712 656889 77269 167508 529760 189235 504721 604606 209131 493997 682812 463690 433520 293638 265573 677794 521145 195267 112601 855053 526446 335248 543444 503966 501019 338185 681966 257303 168056 333501 544763 396401 553745 325994 569256 607469 358290 188762 366633 122302 487104 310607 164508 539719 740414 239853 325714 690048 364998 517549 590963 540713 447112 179930 264800 242555 382674 456587 335610 333173 466045 429669 350185 200253 337135 150025 647665 350094 404889 312068
652554 404646 301399 863786 1016673 712694 1001768 881761 491810 711192 907613 668097 701596 272227 533309 787144 999999999 495730 728297 678247 846805 696797 449310 288996 1057824 830573 717426 755044 462898 878234 845664 192124 836264 818728 332085 728274 708897 195705 962368 647116 967067 614214 398663 493997 1050852 328640 509788 982297 892047 130955 313852 848416 536789 292376 923766 471263 864714 689438 951997 473440 629818 467906 307180 576953 568622 277547 554969 632798 648488 791199 508964 974246 673564 504067 49326 815196 739835 851216 1131462 441774 320954 291039 340693 809864 952817 958998 706977 811720 889323 677302 325997 378154 938049 944274 1105924 933621 802599 878058 1108800 899069
358950 95224 476527 598298 673309 481209 607601 837955 480842 348267 435186 174139 439839 473593 338679 579883 495730 999999999 243806 182543 735327 656325 94309 207744 860524 504435 286817 371504 688061 713983 406130 304987 655200 505642 536684 652395 229880 451938 662424 173346 472694 160587 500844 409463 785920 185511 59187 745564 641000 467260 509099 828223 53212 425434 460773 299210 369226 348752 734018 305670 806887 210255 535611 254024 73543 221486 221599 544691 247958 659825 92791 606051 415668 40393 477313 749201 750158 356451 816143 637429 178151 248402 348466 708525 605746 629532 282755 878191 851828 289507 407900 456089 885972 779827 797484 718369 306981 854494 738142 842304
319246 325276 641803 499307 506288 438118 410293 833363 569482 246340 193050 129718 388976 648143 388047 525389 728297 243806 999999999 102422 708759 683108 280586 446633 767210 379933 133607 235231 826024 660003 194444 536275 601390 391701 695707 661011 25686 648662 527709 83329 245919 124594 632455 488703 659091 429310 218555 641667 543906 710179 671875 837151 194707 593755 222975 389701 177025 270077 643659 394362 910053 318110 702571 262336 172989 450831 251721 572850 173327 635343 222479 428688 377866 225722 703724 745561 785798 177158 654270 772760 407700 452169 503549 692230 444637 478233 142715 923590 848771 195672 564564 592625 871169 715791 641595 632054 127124 858317 546455 830317
381964 275868 634882 585735 606430 507063 512657 896778 595087 325352 284626 27319 458738 636580 422403 599975 678247 182543 102422 999999999 777759 734148 249418 389846 855075 470490 220077 324155 834271 736541 296840 487443 677081 479885 692557 717976 108777 624851 622636 106960 292496 145134 641216 515803 753503 361444 182579 731009 630514 644435 666585 896171 147800 584617 319049 408088 186823 342965 729762 413728 934406 324218 695528 302285 110614 403435 281434 621388 233873 702694 202196 529663 442921 181042 659493 807744 835057 174999 754383 781704 359856 421669 498941 757811 543529 575793 225358 970674 911834 267330 560583 598470 938156 795755 740867 717016 124485 919224 648786 896062
395931 707250 550746 261710 433891 271225 533907 134740 355419 463361 712862 798228 320177 579994 402164 187494 846805 735327 708759 777759 999999999 161181 654345 760087 235575 372292 576702 485666 515248 87789 599594 751484 122044 351060 541547 119562 687089 652446 334421 670878 869922 636892 454172 373734 313300 803994 678599 234723 235738 935959 548225 159095 705398 554501 686031 457554 868626 438775 192970 451552 446344 534316 568277 487891 735523 719261 517524 219077 544086 75887 643669 469030 334870 696408 797727 73832 195656 876180 441548 487649 712181 644856 525644 37259 420724 388286 566398 299136 150287 514069 522718 468845 163009 117814 414445 182126 832675 167705 531702 124730
365763 610712 396881 339492 531928 267635 606929 193830 213780 453639 730701 750561 311442 426299 319329 235641 696797 656325 683108 734148 161181 999999999 566968 643199 395189 416173 560429 488929 356905 225725 616837 619571 218853 393263 382754 51279 658841 501185 436459 628990 878966 589032 299308 256226 451805 692973 604448 370984 332953 793581 391388 174036 636234 406677 711905 359513 855187 422590 329804 353038 311831 446453 409648 431970 671636 599554 455411 113242 510042 140292 570006 546143 312265 620506 647482 118429 103091 858837 572835 326976 599909 522440 392789 124982 500428 476898 547988 241568 205009 490259 378716 319800 248737 276009 544720 314399 810220 202189 636305 206591
296523 65415 388969 540094 638294 411053 589488 751703 386945 308900 458869 248952 374249 388633 253114 509006 449310 94309 280586 249418 654345 566968 999999999 180096 794530 459374 278405 342067 596715 639693 406364 258263 582095 456688 448178 565889 260098 375722 614587 198262 524005 165330 407806 316898 732144 187068 66893 684879 580788 445421 421230 739931 102426 338108 477148 207851 432697 300862 669372 214343 712885 121224 449029 190923 142907 173603 158003 456623 219715 579624 59806 577967 347789 71023 423272 663626 658955 423157 775482 545512 132596 173737 257092 625824 570407 589243 270237 785507 765212 257521 317626 363260 801087 706959 754654 652851 370717 766776 713352 757286
452222 122265 345498 691932 809007 550012 767613 836496 434965 482068 633126 379132 521929 331582 369310 642805 288996 207744 446633 389846 760087 643199 180096 999999999 930417 625651 458467 518694 565727 762767 586197 102949 709259 619901 405417 655550 429454 284493 775989 368717 680370 341869 405425 389435 885904 59925 230046 830644 729182 266240 376735 815815 252232 298923 654114 306632 575963 469300 809583 312012 710557 252706 395397 353596 281163 45825 323513 544901 398574 689946 237949 752727 493522 220984 274780 753573 720215 562261 941209 521821 53404 122833 259091 727124 741560 757025 450321 830507 848142 434771 300104 362848 890148 831503 918826 792010 513980 844735 888729 846842
501616 855295 770707 269424 336028 383903 464138 307227 569229 531169 709586 879618 421214 799310 561169 287873 1057824 860524 767210 855075 235575 395189 794530 930417 999999999 387557 636023 532333 750773 180220 609386 940425 223844 375734 768444 348906 750858 867562 258539 753900 867821 730479 676918 566801 149747 965616 801359 126703 224683 1135186 772140 351163 820244 767181 673305 624815 898949 519326 126858 619864 675279 683975 794703 607293 841808 894406 640309 426739 630297 270158 768309 403673 446865 820134 1009615 300403 423814 911559 267772 722155 878747 825964 723083 270395 361746 321358 629823 497522 316409 591523 731983 684967 286848 119320 247685 142159 877809 341216 403194 282822
178700 524646 605918 123587 186514 160959 200693 506717 431117 156508 342631 495905 141063 627576 300906 189846 830573 504435 379933 470490 372292 416173 459374 625651 387557 999999999 250425 146337 700544 302963 231946 668669 251295 22916 634484 374289 364417 671588 158147 373526 501417 356872 541084 374278 285382 645174 446674 261737 166676 871815 623405 524584 457338 577673 314009 359814 515930 158538 265875 358167 714573 376205 654293 272182 471437 600798 303307 339631 258446 311964 418028 151952 164461 465107 788801 429348 512098 527105 316299 652651 572378 550625 499345 369013 122569 131510 245655 645421 522364 216977 538268 522581 531760 347696 295305 255996 491106 538223 280238 496552
194800 339226 577139 367169 395499 307248 320845 703052 470909 113380 205499 245670 258206 588880 288281 392263 717426 286817 133607 220077 576702 560429 278405 458467 636023 250425 999999999 104109 739769 526475 128660 531166 467985 260350 624945 534720 115048 604731 403442 127978 327206 126249 549965 391456 533879 458610 237786 511336 411904 723587 604309 708845 234171 533559 210901 308394 295548 139731 511525 311492 806724 260598 636192 169512 236080 449128 175114 453314 74107 504058 221349 323292 249965 253216 685304 616062 663516 300948 542217 686707 410206 427462 442162 561443 329856 359376 13724 801946 718569 71722 499348 514740 739456 582248 526620 499470 255999 729037 452576 699106
140620 406862 574604 264076 301818 224020 249615 615744 436157 48008 242693 349596 177645 590957 264790 298605 755044 371504 235231 324155 485666 488929 342067 518694 532333 146337 104109 999999999 711545 429314 131092 577853 372088 156612 615094 457165 218557 619681 300726 228473 390833 216253 530567 362467 430495 528718 316514 407346 308686 777568 598149 625657 321381 536771 228958 305265 383465 79797 408432 306286 758328 287141 630234 178389 330697 501377 200916 389508 124526 415796 292325 236458 178956 334039 718128 531111 591237 392082 445774 659761 467029 465025 448597 473964 234374 260204 99621 729335 631420 84606 499309 501492 648612 482298 428426 396881 351723 643784 371349 609709
571131 604752 220437 663490 855119 540421 901211 491506 275741 664934 941852 839816 563344 235350 452493 559306 462898 688061 826024 834271 515248 356905 596715 565727 750773 700544 739769 711545 999999999 582106 839743 489569 567257 679730 160384 406209 800502 299452 768372 749199 1062714 704772 193825 350329 804281 625627 658778 723974 669646 588611 189006 448585 695934 269193 937037 436736 1000865 631936 683823 432424 167126 511613 173771 571877 737090 521940 575610 371375 669081 493701 633320 849181 546872 667153 419234 455966 343379 996806 919496 53306 547959 456343 339731 480642 809577 795712 726064 368823 493536 671337 280458 235802 543867 632117 891278 667456 943354 475192 960435 514473
360374 697108 590563 184411 347219 234069 451310 215806 389011 413919 645588 758741 279767 619122 394933 136942 878234 713983 660003 736541 87789 225725 639693 762767 180220 302963 526475 429314 582106 999999999 534321 765993 59687 283483 589514 175905 639966 687434 247889 630773 804306 600623 497185 389385 229511 801825 655620 149385 152588 958145 592460 245333 679028 587158 616136 456168 812149 393621 107360 450755 527107 523501 615576 460858 705646 724684 492611 246526 503457 91027 621236 386128 300290 674046 829874 161082 279523 821320 355863 549583 712393 653720 545505 109171 337816 303712 517462 386907 230611 469421 552263 504748 231300 68768 328414 94967 780596 250694 444104 200573
270607 465935 692509 354882 318324 349660 215869 732602 565156 175368 114432 324149 305740 706510 389084 412712 845664 406130 194444 296840 599594 616837 406364 586197 609386 231946 128660 131092 839743 534321 999999999 659819 480759 250838 736603 582609 192092 727590 355881 235133 270431 247815 655545 489600 485890 583702 361825 482827 396445 851767 717916 746188 352921 651469 97993 421378 290098 208754 493567 423449 889414 384788 750020 284575 346531 577719 297194 519844 198149 533811 348408 238724 309496 375835 812882 650890 718370 303900 465365 787516 538526 555246 560972 591997 261907 299268 138689 855833 748321 176940 615571 623972 761117 579335 455076 485440 276355 762430 352061 724324
490430 212709 274570 719379 854874 571029 827119 812994 405920 536682 717122 478494 550732 254887 386176 656889 192124 304987 536275 487443 751484 619571 258263 102949 940425 668669 531166 577853 489569 765993 659819 999999999 716677 659739 330517 639607 517120 194910 811169 455409 775158 423563 351068 378471 911962 155092 317729 850268 752855 203221 302832 787395 344786 235398 734688 321030 674202 518650 824922 324972 643597 294077 315958 402869 377326 85448 377116 532493 464924 686172 318063 805374 521978 311978 172842 735046 685609 661323 979360 450390 128844 118741 227157 716433 788807 799688 521453 784515 823285 496835 248871 313422 868280 834427 955353 806812 611921 816966 941322 826065
300760 640326 555008 140217 321095 174642 413881 256760 352617 355119 593204 699179 220083 582899 340257 77269 836264 655200 601390 677081 122044 218853 582095 709259 223844 251295 467985 372088 567257 59687 480759 716677 999999999 230623 559260 167683 581083 648302 222570 571205 751161 540937 464700 343559 237285 746802 596694 157782 119452 911472 559676 279112 619730 547474 565304 402790 755427 334243 120063 397614 529553 467067 584620 401746 646092 672178 433686 211739 443862 80153 562419 349461 240838 615175 788466 186529 291809 764148 354406 530572 658273 602699 499720 126513 301380 271191 458737 412293 272266 410086 511215 467777 280600 124895 326227 102337 722718 289587 422979 245442
169392 521689 589064 108065 198166 139523 221926 485277 411527 160086 362632 504844 123359 611232 287058 167508 818728 505642 391701 479885 351060 393263 456688 619901 375734 22916 260350 156612 679730 283483 250838 659739 230623 999999999 616317 351406 375124 656916 157947 380768 520948 361666 522384 356669 280888 641418 447326 251125 152359 862960 605856 502534 459774 562007 334973 347489 532141 157273 252107 345503 692077 368869 636531 267468 475737 593675 299407 317448 262098 289749 417656 170692 148423 465923 776334 407224 489223 542729 321358 632192 566526 541318 485282 347006 137375 140446 254532 622688 500946 221208 522551 504985 511222 330431 299042 241160 505418 516518 295415 475521
479776 449803 61099 625517 806831 483641 830873 557129 211749 567128 830311 695533 493430 75631 350491 529760 332085 536684 695707 692557 541547 382754 448178 405417 768444 634484 624945 615094 160384 589514 736603 330517 559260 616317 999999999 422378 670751 147021 731242 615415 938375 571736 96359 260621 792167 465332 512707 715584 642129 448548 28755 520972 549613 111748 831158 316697 866547 536061 679305 313957 314482 377600 26964 455650 590620 361854 452444 347633 551489 498638 490362 786429 471134 519190 284167 498715 411470 860523 894034 120282 389106 298231 193800 504373 752654 746420 611553 480118 563355 561373 132099 113883 613081 650032 866405 661426 806988 550285 909466 576274
341801 613698 431301 291261 482646 233342 561303 185814 238121 424976 696945 735806 279906 460582 313742 189235 728274 652395 661011 717976 119562 51279 565889 655550 348906 374289 534720 457165 406209 175905 582609 639607 167683 351406 422378 999999999 637397 533489 386435 611681 847997 573436 334619 266131 400743 702705 598373 319946 282740 819987 428694 178425 628468 436250 676137 361224 830260 395350 278919 354883 362320 444667 449037 417678 662129 613145 443633 111191 489269 89059 563529 499603 284772 615193 679107 98587 137841 835051 521558 374258 609903 537114 412600 82304 453272 428453 522798 273437 199460 466119 405511 350126 236322 229619 493446 263330 787759 202930 586621 192553
295840 307500 617140 482178 497778 416091 406789 810792 543815 226054 205350 135703 366998 623831 362473 504721 708897 229880 25686 108777 687089 658841 260098 429454 750858 364417 115048 218557 800502 639966 192092 517120 581083 375124 670751 637397 999999999 625545 514750 61840 269539 100591 606978 463037 645874 414845 199971 625860 526897 694170 647073 813928 178982 569313 231783 364098 202668 248343 626547 368737 884409 293166 677863 236783 161737 431762 226045 548259 148814 613296 201219 421381 355003 208616 683347 722741 761421 202460 645700 747230 388953 430378 478895 669920 434752 467150 122721 899076 826154 173184 539781 567279 849230 696725 632092 614518 151771 835375 542548 808134
499276 357880 106352 688686 854358 538638 856331 686343 298830 572700 807286 622468 535133 77845 370903 604606 195705 451938 648662 624851 652446 501185 375722 284493 867562 671588 604731 619681 299452 687434 727590 194910 648302 656916 147021 533489 625545 999999999 790987 565437 894551 525121 203070 311879 870067 343147 442594 798415 713101 303474 123623 653629 477136 100905 815628 316687 808185 545976 766055 316906 460102 344151 126927 444343 516121 246436 430624 441016 531159 599060 428626 820884 508645 444169 146380 619557 545576 798878 958978 265944 282739 203872 173063 615373 793866 794947 592437 624447 694122 551386 138649 183714 742638 752415 932471 747718 746355 683336 951805 703454
323828 679520 712863 106039 99476 252411 212137 463003 519828 314655 451941 648735 261453 737614 429517 209131 962368 662424 527709 622636 334421 436459 614587 775989 258539 158147 403442 300726 768372 247889 355881 811169 222570 157947 731242 386435 514750 790987 999999999 529197 609589 514491 634996 480921 131454 798926 604462 136368 103796 1014080 725154 493092 615486 692464 415014 493196 645879 314960 161881 490306 748258 523827 753998 424904 629170 748217 457105 397338 416532 302139 575281 148302 289977 622963 918135 405367 514371 659742 169120 726065 722586 692431 623547 347281 103654 63554 400200 632358 477440 374998 653278 625631 471781 262308 144239 162656 629714 498257 200534 446086
275024 246540 560598 484583 523418 400369 443681 789915 499137 222735 264604 127976 352238 566138 321542 493997 647116 173346 83329 106960 670878 628990 198262 368717 753900 373526 127978 228473 749199 630773 235133 455409 571205 380768 615415 611681 61840 565437 529197 999999999 329117 44498 555376 418768 658658 356515 138775 631263 529253 634072 591062 789720 120825 512044 287983 315081 251831 237743 627819 320197 839886 238484 621455 198291 111589 370092 181019 516638 127399 595761 139512 450458 336016 148551 621520 700935 730464 247785 670192 696073 327410 368988 422445 650853 457826 486940 129268 866823 804996 162912 483780 514492 831196 690875 654463 614467 194533 812568 577570 789110
517883 562458 885822 623144 548953 614790 421589 1002606 797331 425779 159496 308513 568312 893140 614220 682812 967067 472694 245919 292496 869922 878966 524005 680370 867821 501417 327206 390833 1062714 804306 270431 775158 751161 520948 938375 847997 269539 894551 609589 329117 999999999 370112 870486 717289 733494 653926 459395 742828 663246 936931 915323 1015051 430395 838463 194578 626613 121760 457817 757912 630623 1133928 561453 946388 491176 399210 690028 487833 776046 394328 803341 467274 470990 566998 463395 945260 919984 981617 142802 683824 1009438 646405 696964 747690 861599 507691 547868 340800 1119899 1018326 398661 808182 832469 1031548 847290 681079 751263 174111 1032004 541435 994649
241474 220054 517384 462208 516961 368022 447082 753431 455087 201608 293562 162454 320931 523549 278615 463690 614214 160587 124594 145134 636892 589032 165330 341869 730479 356872 126249 216253 704772 600623 247815 423563 540937 361666 571736 573436 100591 525121 514491 44498 370112 999999999 510955 374854 641992 336027 114131 609842 506501 608106 547625 751771 107963 469191 312411 270633 296152 211259 603813 275780 795740 194423 578192 157157 114721 338894 137649 476255 100271 561357 105527 447376 302568 128119 586676 664203 689938 292281 661916 651632 297310 331599 379147 615523 450041 476423 122750 825708 768359 140465 440311 470198 795961 662376 644669 589715 239027 775187 578263 753484
392427 422992 97636 529221 711386 388259 738928 483301 115390 482943 753900 647515 400112 127050 266510 433520 398663 500844 632455 641216 454172 299308 407806 405425 676918 541084 549965 530567 193825 497185 655545 351068 464700 522384 96359 334619 606978 203070 634996 555376 870486 510955 999999999 169806 696448 463616 467869 620351 545830 502464 95285 451145 504977 117242 751705 243883 807065 450879 584616 239892 309481 317924 120388 380894 546038 359690 382768 252984 478069 406760 441148 692879 378948 477319 349362 417383 343946 802987 797682 140773 377283 285820 154846 416918 658117 650976 536334 433747 491216 483241 105369 45006 539597 559338 770064 566624 749543 480902 814447 500408
223150 355916 233222 377415 550128 228856 570287 448015 80783 315307 591832 527322 233396 256962 103187 293638 493997 409463 488703 515803 373734 256226 316898 389435 566801 374278 391456 362467 350329 389385 489600 378471 343559 356669 260621 266131 463037 311879 480921 418768 717289 374854 169806 999999999 558629 437424 362638 488490 401237 568784 249195 430194 397398 212035 586746 111091 665690 282672 458057 104802 421518 200680 280016 227335 436071 347098 238041 155864 323134 307746 330022 526211 210534 376780 446930 364171 343000 664452 647976 297930 344419 271549 156291 339439 493660 489909 377734 468744 460167 321834 173290 148331 501055 457293 621210 439683 612032 458401 651231 457609
436370 796168 782782 193975 189923 341132 319975 421151 582032 440722 577916 779445 364039 809580 525842 265573 1050852 785920 659091 753503 313300 451805 732144 885904 149747 285382 533879 430495 804281 229511 485890 911962 237285 280888 792167 400743 645874 870067 131454 658658 733494 641992 696448 558629 999999999 913268 727291 80832 159406 1113058 790406 459698 740602 769499 539404 590954 775378 437171 122455 587152 756604 633392 816831 541227 756358 854918 574172 445388 542843 311797 696747 263213 392583 745981 1004663 386868 508322 789730 130261 767839 832732 793812 710198 338614 226620 187302 530115 606433 433325 501707 731454 694776 414427 207248 105153 137413 760679 456994 253825 399560
477064 121881 405354 719794 825241 582590 774817 885431 487756 495935 620173 347316 550870 391491 406894 677794 328640 185511 429310 361444 803994 692973 187068 59925 965616 645174 458610 528718 625627 801825 583702 155092 746802 641418 465332 702705 414845 343147 798926 356515 653926 336027 463616 437424 913268 999999999 221907 861644 758749 283083 436644 866393 236010 358505 644475 347003 544531 486949 842822 352821 769760 282061 455275 374026 257816 104445 342063 591597 405365 732347 238258 764882 523060 208792 321044 801135 772921 529340 961470 581548 93064 178696 314866 771989 757380 775625 451987 885855 897485 444113 358484 420527 938366 870337 940155 825609 483548 895022 900066 894825
299814 107802 454090 539230 617884 422491 556981 783506 437149 290973 403080 183008 380776 454665 285392 521145 509788 59187 218555 182579 678599 604448 66893 230046 801359 446674 237786 316514 658778 655620 361825 317729 596694 447326 512707 598373 199971 442594 604462 138775 459395 114131 467869 362638 727291 221907 999999999 686430 581862 495804 486140 775170 37157 403449 424703 251557 366029 290217 674838 257885 769465 161970 514445 195166 78314 232282 163015 492022 192141 602930 34981 552311 356805 18807 486108 694471 700086 356299 759624 606989 189170 240186 320157 652475 550122 572861 232140 830229 797586 233294 381359 423878 830723 721208 740512 659206 303958 800984 685635 787165
388728 747476 708538 147854 225176 280855 347492 349191 506774 408984 584116 755936 311126 735832 464850 195267 982297 745564 641667 731009 234723 370984 684879 830644 126703 261737 511336 407346 723974 149385 482827 850268 157782 251125 715584 319946 625860 798415 136368 631263 742828 609842 620351 488490 80832 861644 686430 999999999 104574 1049552 714866 385399 703106 697569 548556 529883 772271 399740 42026 525601 676201 579818 740608 494926 722557 797410 528124 368062 509592 231048 654331 284440 338624 705235 935413 308539 428793 784855 206843 688128 777962 733125 642379 258549 239881 199920 505657 530951 362269 469874 660128 620724 348649 136768 179748 56637 751272 385133 309597 329079
284409 643705 628719 44780 201686 181848 298838 367926 430525 306544 503758 654967 207881 654805 366679 112601 892047 641000 543906 630514 235738 332953 580788 729182 224683 166676 411904 308686 669646 152588 396445 752855 119452 152359 642129 282740 526897 713101 103796 529253 663246 506501 545830 401237 159406 758749 581862 104574 999999999 953717 638325 394801 598731 612934 471542 431827 682503 295808 99763 427936 644783 477405 665938 390556 618693 697107 423752 300638 406236 198513 549766 233723 235886 600667 846145 304544 410964 693779 252407 628992 676240 634888 551355 245373 185384 152681 405387 531148 382915 367058 574470 540752 382981 184371 224534 89340 657447 402358 304288 353160
693646 388265 408712 921233 1057926 771927 1027178 983509 581963 737730 898673 629621 753265 381078 587406 855053 130955 467260 710179 644435 935959 793581 445421 266240 1135186 871815 723587 777568 588611 958145 851767 203221 911472 862960 448548 819987 694170 303474 1014080 634072 936931 608106 502464 568784 1113058 283083 495804 1049552 953717 999999999 426854 953125 515556 387969 920277 522467 826324 720850 1022674 526047 754668 496575 425540 604686 540316 276345 577752 717753 661043 874823 503983 1007394 724544 485649 169617 911552 846408 810437 1182432 563482 313432 321794 412675 899774 991690 1002890 714930 927825 992245 695131 415016 474621 1039665 1025874 1158299 1004427 765877 982910 1143479 999100
464671 421655 32689 619862 798341 475516 818162 570298 208380 550142 809802 669088 482589 48475 334412 526446 313852 509099 671875 666585 548225 391388 421230 376735 772140 623405 604309 598149 189006 592460 717916 302832 559676 605856 28755 428694 647073 123623 725154 591062 915323 547625 95285 249195 790406 436644 486140 714866 638325 426854 999999999 535518 522947 83720 811718 296849 841749 519640 679493 294520 341216 353986 32120 435474 563878 333115 430802 348050 530559 501986 464449 775299 459320 492252 265203 508611 426476 835376 889453 147558 360407 269650 168688 510969 742755 737986 591024 500971 577163 541954 107317 100872 626466 654414 862026 661448 781876 565042 900137 588675
518097 784615 547326 419326 592498 402746 692586 46354 382571 597240 860421 914173 451224 576296 489848 335248 848416 828223 837151 896171 159095 174036 739931 815815 351163 524584 708845 625657 448585 245333 746188 787395 279112 502534 520972 178425 813928 653629 493092 789720 1015051 751771 451145 430194 459698 866393 775170 385399 394801 953125 535518 999999999 805919 565393 836064 532980 1004089 569114 345121 526523 336999 619024 547595 596101 840085 771722 621870 283553 666426 212989 740459 627844 459460 791672 799304 95439 109662 1009763 589857 436474 773353 694297 562227 155581 579578 547380 697368 147445 45030 641650 541667 479345 95291 252714 563820 336865 963450 29787 688945 71679
320225 132154 490829 555371 623078 445105 555016 813004 472770 300831 384220 146540 401602 490986 316907 543444 536789 53212 194707 147800 705398 636234 102426 252232 820244 457338 234171 321381 695934 679028 352921 344786 619730 459774 549613 628468 178982 477136 615486 120825 430395 107963 504977 397398 740602 236010 37157 703106 598731 515556 522947 805919 999999999 440103 408732 286350 333122 304046 693442 292601 806114 197074 551085 218468 41161 259638 187900 523403 199253 629561 67380 554712 378976 33463 515195 723765 732896 322478 766882 644142 216010 273870 357242 680279 555750 580602 230574 864011 827273 240927 418384 461017 859338 743695 748793 678286 270792 831332 686128 815937
409604 338057 51094 589398 758439 440078 766695 595566 199463 489022 738694 586457 439258 55330 279170 503966 292376 425434 593755 584617 554501 406677 338108 298923 767181 577673 533559 536771 269193 587158 651469 235398 547474 562007 111748 436250 569313 100905 692464 512044 838463 469191 117242 212035 769499 358505 403449 697569 612934 387969 83720 565393 440103 999999999 743131 231563 761603 460309 665151 230509 412146 277552 110997 367002 480922 254176 358609 340996 459459 499294 382772 728308 413612 409103 243445 525019 459522 754628 859915 223243 278776 187208 91558 517619 699333 698640 520593 550706 604281 474563 39471 86899 651749 652561 833212 646814 701224 595180 857399 611405
368575 532016 785520 432906 356966 444284 233370 820144 662813 273265 42473 344927 401778 798378 485553 501019 923766 460773 222975 319049 686031 711905 477148 654114 673305 314009 210901 228958 937037 616136 97993 734688 565304 334973 831158 676137 231783 815628 415014 287983 194578 312411 751705 586746 539404 644475 424703 548556 471542 920277 811718 836064 408732 743131 999999999 514870 250453 306684 564652 517316 987255 471499 843763 376539 393502 650657 385564 616780 284618 623105 417541 277858 406791 436067 893494 740625 812746 268945 496413 884663 609551 635771 652010 680945 313248 353359 223269 949574 835827 269809 708088 719162 845732 655909 491367 558670 258450 851018 362391 810468
183534 252483 271141 398767 545535 250017 539803 546618 187633 257614 513645 418297 231745 286027 65160 338185 471263 299210 389701 408088 457554 359513 207851 306632 624815 359814 308394 305265 436736 456168 421378 321030 402790 347489 316697 361224 364098 316687 493196 315081 626613 270633 243883 111091 590954 347003 251557 529883 431827 522467 296849 532980 286350 231563 514870 999999999 565537 229659 506016 6492 526370 89631 328902 138967 325226 269595 138922 250639 235330 385379 218986 506301 203260 265846 429006 459661 451215 562660 662186 383432 256396 203273 144005 426405 482316 487735 294945 579218 559707 245114 194573 206663 597453 524889 637345 488124 509566 560238 639284 553640
