NAME : synthetic_000187
TYPE : CTSP-D
DIMENSION : 100
GROUPS : 8
RELAXATION_LEVEL : 1
EDGE_WEIGHT_TYPE : EXPLICIT
EDGE_WEIGHT_FORMAT : FULL_MATRIX
EDGE_WEIGHT_SECTION
999999999 391868 623340 1109253 533526 386082 267808 629850 533021 837132 873743 754612 521021 661722 751947 547529 600836 779098 671689 818676 632931 308734 1074895 717047 597430 997439 674887 1013970 333001 964416 846620 546090 1035416 880255 454770 804310 854203 868122 387939 510080 1005346 1025041 650561 903658 686176 460845 175056 230547 896126 652398 817183 620670 1239326 829930 793079 712739 592852 1062787 799070 477548 311487 1096185 566565 193135 942649 966185 198003 827521 703617 544493 831885 725441 1067257 189502 885936 165475 1139676 571501 957536 916132 685054 793115 902733 698768 826305 901173 956480 689819 1122272 862712 749974 248019 675612 403423 815999 648083 1026316 488504 1057090 1196710
391868 999999999 494071 717645 203352 322507 135380 577465 505627 523171 490580 464470 129431 294072 425773 282764 209562 598850 392814 428444 248775 410014 683239 446724 513646 627745 283298 695809 133182 574571 517408 241514 663305 489282 69087 412507 573468 487123 399610 430594 616817 665556 282696 686996 305288 73586 217283 162495 646349 398557 441364 282547 855284 541763 505940 370958 275840 674111 573741 89871 249916 758163 188293 273079 554252 714902 199662 450477 398875 529635 523466 356926 683775 297577 516040 260354 766148 301420 692016 536969 317914 428170 511385 451204 689548 616694 572222 364864 745784 518903 360596 209912 538768 188329 441482 256938 736316 415470 720439 810903
623340 494071 999999999 862343 349437 239072 464069 126122 148679 954441 600361 287262 522996 696768 858063 769792 523044 161717 863776 700675 623306 343517 836028 916680 66983 626971 560932 509851 390841 813695 412968 304415 665066 671604 529819 658996 327431 585047 248377 116469 733091 614171 688348 295380 670592 527780 526147 501985 317735 879354 784678 729120 890407 323699 960669 795159 314167 779444 214994 532655 706493 616487 605551 659657 684998 378900 495963 541371 297696 164043 361424 740435 744017 434964 549293 475682 754401 241334 386472 608007 438308 802635 743021 193986 208258 366790 664292 335470 752556 914827 569771 632935 52512 679607 524171 583571 475382 137128 581399 865855
1109253 717645 862343 999999999 617459 893633 844801 988367 984032 560093 267084 582521 589369 499381 542677 700925 508423 813633 655582 304461 493207 1038406 34526 667682 925426 271681 434386 503263 797619 182717 468042 633580 250259 229937 658099 307568 600328 280578 974794 904053 129256 325211 507237 771753 453039 651567 934263 878889 686623 700660 369421 574853 206130 580790 630059 521574 594469 91151 723998 635246 898939 440666 560803 973013 182389 702414 913683 326408 565073 1007338 528362 452545 153633 985775 314722 965600 249444 661130 659689 254589 461358 421426 217485 671878 920599 594533 198236 533159 221335 465712 362014 903196 864371 781424 343262 464717 604428 906491 437416 158972
533526 203352 349437 617459 999999999 281371 271925 459370 415106 605096 357928 261164 178432 347463 508633 438901 175846 418500 520228 381775 274495 421647 585118 572001 390092 465653 226496 498145 200587 516175 321911 47084 504391 392770 205667 347312 370155 348776 365845 330242 498064 491526 338935 491539 324123 201250 367508 315894 445233 540341 446940 382028 716887 338421 612248 445723 72488 554227 379629 200209 453099 569027 257984 461775 437373 512900 338983 304402 195652 440593 321852 393356 546397 378714 355399 372342 608633 114935 488969 392657 159543 458400 444753 256479 520108 413378 439685 165043 593100 568791 265034 405974 383318 383126 290571 239031 533657 324104 530354 677861
386082 322507 239072 893633 281371 999999999 246863 275554 189678 837504 628761 405524 402742 590147 738957 603795 440822 393018 715177 660873 526059 150361 862227 769122 225052 709754 502965 665666 192699 797413 519330 260056 749748 672695 379256 628097 491165 617329 85462 132943 770174 718868 579646 518963 582011 380105 292484 277321 518476 720591 714388 597748 972780 472703 826443 679848 300657 824570 417960 391139 489966 760889 484942 427995 711673 587119 263973 571318 372638 211692 488190 646539 807628 196761 608138 237002 850885 243490 583217 655604 432331 716442 726086 331388 445837 537471 707342 380226 840745 819766 546355 410695 291584 488009 555553 505256 660200 112139 722316 938351
267808 135380 464069 844801 271925 246863 999999999 521359 436287 645014 605955 514488 262571 427551 549813 379459 337393 596243 500410 561569 384142 294329 810631 553017 465937 731379 411588 765795 81643 707671 592264 292610 768926 615078 204108 542992 620540 600328 307329 375045 738316 761709 416128 703750 440644 208903 95914 45146 678492 497258 576571 407487 971519 592370 619272 498718 337347 795756 591825 225251 244334 840568 323030 204202 675643 749068 69811 559944 456072 457545 585547 490966 799450 164965 619547 125033 873059 332807 733057 648459 418332 561916 642947 476726 670873 666607 688717 434418 855102 648698 483828 168896 514424 248538 548683 389781 790900 355897 801767 928992
629850 577465 126122 988367 459370 275554 521359 999999999 96855 1062401 726436 411091 625328 805513 964814 859227 635107 237112 960917 822284 733511 325049 962136 1014540 69410 750395 678407 618598 458828 938271 535784 417058 787992 796874 622343 781411 439383 711152 242720 147888 859111 734556 796457 367080 783387 621311 565539 552875 410987 972617 902163 831086 1012345 440438 1063426 902502 433008 905141 315208 628447 765234 727049 709269 701308 811110 462384 538237 667391 423818 89541 482024 852723 868680 451705 675007 502715 874954 358734 478722 733954 561265 917129 867292 318418 219666 474270 790262 461040 874420 1028094 692330 686250 134151 755601 650188 697477 571643 165714 693674 989163
533021 505627 148679 984032 415106 189678 436287 96855 999999999 1007359 717849 425037 568334 753316 908951 788364 589443 300218 895508 791692 683947 228717 955701 949440 87114 762219 640609 657816 380226 916577 551125 378040 801217 779805 556507 753388 475089 703669 146452 84986 855524 754699 743578 434931 736780 556316 473708 464833 465089 903909 862042 771161 1027615 469303 1002685 847774 403388 905048 363122 565252 678321 763766 652461 609199 803167 523866 447487 658274 422195 25513 503388 804728 875045 356100 676340 408485 894165 329919 533884 732341 537881 871863 844783 332538 307671 515230 787910 450876 890337 980236 665714 597840 185296 676937 641219 653534 623679 92914 728121 1000341
837132 523171 954441 560093 605096 837504 645014 1062401 1007359 999999999 540677 783336 439034 257675 98604 290363 432687 1002536 171399 344211 331551 932883 534803 143693 993603 687972 411608 888160 655675 383924 744627 650156 699620 455569 459699 384472 869311 553327 918956 925023 556379 753210 266215 1037387 289673 458154 692736 651688 965997 205357 228019 240820 764886 836151 75918 159927 647247 589646 940054 446436 536099 885678 354904 649508 524086 1016988 690860 559843 723089 1032609 790039 221161 645653 808875 623002 759771 763705 715288 979076 588102 556238 180651 389642 828946 1111832 894034 572452 672057 733344 94388 448289 589135 986169 433728 568328 376698 973588 914454 861644 716013
873743 490580 600361 267084 357928 628761 605955 726436 717849 540677 999999999 330955 372165 361451 478613 561130 287497 569792 563858 196478 318338 775352 237899 596073 661887 159488 223499 349880 548885 234214 236854 369258 185444 94043 442252 158754 375694 16879 708863 637268 141414 219074 363944 554083 306300 435312 699842 644536 471645 604289 312860 440804 365689 348713 590154 430486 328466 196542 484937 420839 707494 347841 374886 760597 85319 506695 675766 59577 302913 741433 295223 346644 193663 734178 85416 720748 281518 394089 465016 53618 198679 361269 176368 414533 680881 385199 82880 267294 258092 458881 139434 693290 606843 598739 76679 269313 441193 639455 321566 323230
754612 464470 287262 582521 261164 405524 514488 411091 425037 783336 330955 999999999 417323 538834 696823 679607 371379 239753 739196 473449 466325 552756 558573 786218 353470 339710 372480 261751 434237 559962 126219 225900 377877 414569 461282 428320 108999 314444 465370 357230 453851 329761 534069 254581 495942 455964 605310 559631 191095 767479 577758 596823 603610 78186 809743 635447 188722 496644 160563 451389 713978 355525 480145 714559 411918 254811 574329 275930 67916 445191 82962 562469 457722 575138 267830 589230 469139 183720 228186 328598 227331 610039 493805 93380 351849 153143 384718 115195 465931 722596 344455 663313 282702 641966 259593 412749 276477 367272 317158 578594
521021 129431 522996 589369 178432 402742 262571 625328 568334 439034 372165 417323 999999999 187409 340694 263822 84818 596342 342135 299252 127031 514887 554897 394357 557169 518296 155987 617919 237720 445404 440542 225514 551532 362273 70399 283313 523032 370848 486542 486113 492163 562617 176973 662083 184552 63525 346673 291916 607826 362001 320997 206285 733423 489252 438419 279492 239116 549112 552412 48684 338403 666837 84207 389557 430024 671982 328742 338820 349449 593600 459894 244949 563168 419448 408875 387298 652206 293367 643034 421500 224231 315823 381959 430522 698538 561511 451814 304847 629959 417042 236814 321459 559825 239267 332518 127565 672642 475424 630839 687873
661722 294072 696768 499381 347463 590147 427551 805513 753316 257675 361451 538834 187409 999999999 162381 205748 175931 748991 208742 197893 74669 698720 466003 250252 736535 520905 170095 682426 419404 325981 520343 392494 544396 305364 225254 212771 632915 368581 673809 670055 436818 579339 11428 793190 55151 221608 496149 446183 726914 245602 156241 80301 678573 598893 271943 99267 390954 487315 691162 206743 407055 703398 107236 496663 383443 783336 485687 357666 475196 778714 557577 64006 522854 591445 429752 550998 631575 457872 748283 414896 312989 134374 282593 576217 856947 663102 422089 424630 604144 229708 233484 427368 728770 288026 360529 126120 756738 660473 672927 629337
751947 425773 858063 542677 508633 738957 549813 964814 908951 98604 478613 696823 340694 162381 999999999 213055 338309 910903 118290 285466 237005 835751 513586 125603 896161 632878 324472 819353 557880 360237 667278 554171 649205 401554 361553 319858 786970 489482 820561 826787 516691 696229 170013 951394 200910 359863 601752 558652 882543 162729 178889 143249 741674 753318 114515 63138 553330 557228 851357 347956 459225 826436 256509 568353 475739 936265 598126 489623 634685 934177 709291 137521 606685 714302 557054 666673 722946 619976 899623 529178 469604 124893 347912 737804 1019195 814306 521708 583797 693319 116383 371403 504932 890826 349866 496106 285593 900385 816056 799657 691949
547529 282764 769792 700925 438901 603795 379459 859227 788364 290363 561130 679607 263822 205748 213055 999999999 314847 857103 125376 403082 244576 673769 668235 175238 794280 720166 348262 861403 411510 522495 689293 485436 745987 510749 240137 417958 783527 566426 677501 712964 642565 775597 200426 925903 258924 242598 411138 376545 870572 117969 338263 126633 883985 749447 247324 193435 502720 692828 816069 239894 246912 894460 203647 359149 588733 933542 413947 549059 611966 812291 716153 248685 728356 536685 622417 482929 835836 552784 903017 614734 470954 294204 486099 693814 956089 819970 626072 565619 808853 329118 425874 299600 811246 145210 548863 298911 925645 698151 861649 834627
600836 209562 523044 508423 175846 440822 337393 635107 589443 432687 287497 371379 84818 175931 338309 314847 999999999 573707 368107 228541 101333 566727 474086 416216 565778 435453 74230 548822 299291 373246 374763 218825 467934 279721 155169 205932 471624 286553 526234 504897 408114 481937 168826 623737 148289 148265 425840 370485 562006 396228 274336 225697 648757 437402 446674 275197 215023 465235 518772 133418 421295 590621 111306 474265 345782 622364 405677 256061 305344 614956 401855 217717 478365 486649 327377 460236 567985 282777 590201 337270 156142 282714 306431 401632 681153 506337 366997 256185 545438 392988 152238 406274 553558 317202 250921 64667 610813 497500 555656 603402
779098 598850 161717 813633 418500 393018 596243 237112 300218 1002536 569792 239753 596342 748991 910903 857103 573707 999999999 936215 709049 674395 505206 791957 986795 213182 554838 592539 390400 517305 799715 345637 371726 589002 654322 620091 664365 222264 553123 409963 277893 686767 526721 742394 134896 712883 616556 668689 637691 175074 958248 808399 795506 805744 234610 1020375 848042 360284 724994 91554 617499 831063 499552 672416 798201 649003 225784 637509 515584 285378 308991 285593 781992 678462 589698 501579 625664 665215 304344 241956 563026 451785 835995 733332 173762 112567 248074 618195 335241 669275 949473 577895 763551 115324 787136 499323 625968 335416 298082 468899 788767
671689 392814 863776 655582 520228 715177 500410 960917 895508 171399 563858 739196 342135 208742 118290 125376 368107 936215 999999999 380606 274933 793972 625367 53973 894121 722164 377635 891104 525118 472890 728370 567278 742398 496314 339211 407840 837143 572550 792040 817074 619385 782904 210251 991822 261771 339825 536228 500266 929304 45164 286849 142415 851107 802953 121961 137510 576189 663574 886022 332535 366408 909441 263824 481614 573222 987956 538188 565038 673444 920037 763672 218994 708718 660107 636231 607291 822696 635055 954033 616507 517135 234162 452658 766858 1040092 869146 616484 624039 793819 229253 441447 424135 901743 270506 568650 331007 965112 803752 879935 801279
818676 428444 700675 304461 381775 660873 561569 822284 791692 344211 196478 473449 299252 197893 285466 403082 228541 709049 380606 999999999 190289 792868 270444 406931 753575 347561 158740 544766 527789 146152 411199 414125 364017 116409 363907 45304 544099 209224 746109 706888 241009 411463 204695 719525 148863 357847 645237 590869 641983 423635 116655 276553 480904 512887 394951 243498 390066 289810 634010 341134 594665 542812 258392 672122 192624 686174 627975 219838 424067 816904 462613 162342 329160 714697 279241 685901 442122 464556 646258 244902 263153 165119 87263 538720 821534 562676 236859 375632 413393 264232 132102 602086 719972 476972 230728 171792 632722 703122 517760 431560
632931 248775 623306 493207 274495 526059 384142 733511 683947 331551 318338 466325 127031 74669 237005 244576 101333 674395 274933 190289 999999999 641750 458865 320182 664352 476549 105322 621627 364666 333352 454657 318893 503754 279231 180658 188594 562481 322688 610683 600075 413474 531117 68226 720289 57548 175434 461687 408747 655432 307507 194190 134588 657972 528329 346212 173919 316333 467668 617321 158934 406362 650298 68132 481900 355138 713225 447216 304529 401910 709419 488755 121030 494550 544456 377861 509129 596868 383738 679106 371754 242302 190386 277289 501760 782278 594216 387770 351630 571115 296299 181432 411852 654620 290347 304746 56644 691796 591337 618004 609900
308734 410014 343517 1038406 421647 150361 294329 325049 228717 932883 775352 552756 514887 698720 835751 673769 566727 505206 793972 792868 641750 999999999 1006399 846901 302982 859998 634139 810715 279479 933391 668851 406152 899985 814356 475945 763290 632808 764508 95524 227485 916640 869083 687623 638010 699116 478600 290472 303902 649701 791587 834824 692504 1122604 616860 911646 780621 448724 971690 546652 492503 508341 908222 591498 417129 857197 715741 273175 718719 522602 237410 635690 759048 956651 154156 757696 214211 1001236 393786 716708 804046 577459 830289 862965 473752 532759 678224 854972 530463 990967 926985 685300 424838 392723 540443 703285 629507 798413 208050 869914 1087642
1074895 683239 836028 34526 585118 862227 810631 962136 955701 534803 237899 558573 554897 466003 513586 668235 474086 791957 625367 270444 458865 1006399 999999999 638920 898528 258806 400010 493386 763979 153443 446965 602198 241895 196050 623590 273046 581356 252100 943808 875142 105190 316402 473712 754784 419163 617062 899923 844567 669709 670361 338695 541974 230127 560468 603558 490549 563761 81428 703048 600735 864733 437429 526405 938509 152628 688585 879450 297456 538399 979213 507511 420171 149000 952230 291015 931631 255494 631300 645742 229976 429906 391279 183692 646786 899987 577912 174012 504952 225931 440471 328234 868700 839484 747337 314485 430191 594494 877133 431136 181248
717047 446724 916680 667682 572001 769122 553017 1014540 949440 143693 596073 786218 394357 250252 125603 175238 416216 986795 53973 406931 320182 846901 638920 999999999 947614 752721 420342 929728 578913 485499 770357 618987 770830 523338 393076 438064 882456 605804 845839 870891 641424 814895 253391 1039656 300594 393617 586138 551644 975611 66017 304137 191360 867247 848346 78519 165622 626540 682674 934906 386097 408570 943372 314622 525463 598786 1033085 589173 601509 721111 973983 807718 249485 731333 711710 671381 658166 847047 686661 998381 647854 562238 250156 472908 816595 1091417 913252 643789 671253 817618 219331 479339 470587 954175 319042 606241 375265 1006326 857642 915067 817533
597430 513646 66983 925426 390092 225052 465937 69410 87114 993603 661887 353470 557169 736535 896161 794280 565778 213182 894121 753575 664352 302982 898528 947614 999999999 693072 609080 575736 399207 870960 479418 347652 731347 730348 556234 712979 393678 646884 211475 92139 796251 681023 727553 347982 714047 554960 517536 500095 378773 906773 832806 763181 956925 390588 995494 833741 363966 843491 277582 561592 710263 682780 640958 652990 746878 436846 488854 602583 360358 98749 428326 783426 809333 413012 613448 459697 821207 289598 447535 671525 493210 847734 799776 260094 230286 432188 727693 395348 819121 958757 623999 633125 98184 694510 585383 628082 538020 113050 647934 931925
997439 627745 626971 271681 465653 709754 731379 750395 762219 687972 159488 339710 518296 520905 632878 720166 435453 554838 722164 347561 476549 859998 258806 752721 693072 999999999 378021 235699 665557 337055 214740 462881 40000 232664 586791 314769 335250 153861 782427 689364 163362 66382 523430 501825 465755 579863 827064 772873 416845 763102 460747 600290 265945 320306 742217 587511 416595 180598 463554 566637 856529 199717 530448 900670 167428 430745 800517 179496 343640 783330 271358 503928 124557 842726 112050 837874 143170 466272 388010 106022 313209 511998 302647 433025 657572 324699 117877 329536 131014 601208 295614 835473 619906 751486 186564 425624 336427 696314 182200 238884
674887 283298 560932 434386 226496 502965 411588 678407 640609 411608 223499 372480 155987 170095 324472 348262 74230 592539 377635 158740 105322 634139 400010 420342 609080 378021 999999999 516339 371497 301173 350736 263048 407805 206338 225955 132347 463561 225196 588339 555626 336600 429690 167459 627001 123572 219198 499939 444626 558418 411888 223865 239358 579038 429675 437910 263694 246788 393361 528446 203445 484918 546252 152443 544642 274802 613681 479906 201940 311481 666028 387568 190448 410141 559501 275283 534192 504967 320102 578297 275594 145167 244327 233131 418782 703072 493075 299657 260449 480975 357783 84216 475861 586219 375241 200750 49369 587593 550317 513419 532871
1013970 695809 509851 503263 498145 665666 765795 618598 657816 888160 349880 261751 617919 682426 819353 861403 548822 390400 891104 544766 621627 810715 493386 929728 575736 235699 516339 999999999 687865 565845 178744 473197 253034 441601 676151 503691 182829 335922 720434 602438 398747 178135 681645 298647 629675 669830 859274 810710 221191 927348 661410 755501 435309 193993 933057 765653 428923 413365 303957 660968 943793 109155 658536 959913 392760 209899 828977 329751 310870 673872 182097 682913 350270 836513 265565 848507 295700 442672 170262 309210 394366 707662 520945 337510 474006 144328 345371 333103 308789 808453 450389 903216 484932 856199 323685 565200 101188 615833 81200 429774
333001 133182 390841 797619 200587 192699 81643 458828 380226 655675 548885 434237 237720 419404 557880 411510 299291 517305 525118 527789 364666 279479 763979 578913 399207 665557 371497 687865 999999999 672371 516332 215307 703957 567999 196798 503746 539633 541689 266927 310968 685340 692053 408264 622708 422213 199228 171496 126307 596849 528718 558717 414863 912594 511894 639073 501675 261320 742518 510532 213025 316086 765535 312170 285709 623093 667429 141140 499246 377298 403288 506792 480258 740956 188493 554585 172655 808264 251745 651596 588094 354927 551628 604572 395083 595601 585868 631695 358654 791852 647512 435794 246254 439898 297141 486706 358557 710425 293610 726558 871767
964416 574571 813695 182717 516175 797413 707671 938271 916577 383924 234214 559962 445404 325981 360237 522495 373246 799715 472890 146152 333352 933391 153443 485499 870960 337055 301173 565845 672371 999999999 471029 543560 337147 145396 509695 170115 609904 251052 882019 832656 182214 402967 334957 788285 285421 503714 791247 736966 705639 517984 187241 397741 382780 582743 451103 339487 513390 206863 717076 486984 731822 535094 401281 814496 173100 738353 774124 284435 522518 941347 529353 273962 267191 859886 315326 831899 384951 586685 696138 259871 378892 238760 71900 637509 911670 618219 221004 479209 354322 290073 252297 744461 826687 613026 300451 317921 663185 830926 519231 333368
846620 517408 412968 468042 321911 519330 592264 535784 551125 744627 236854 126219 440542 520343 667278 689293 374763 345637 728370 411199 454657 668851 446965 770357 479418 214740 350736 178744 516332 471029 999999999 301103 252238 329038 497634 366594 138953 220062 584837 481881 341850 204273 518156 317271 470291 491360 686905 636821 234967 762152 524620 589243 477513 114025 781793 609785 255141 379434 256107 482804 765074 249565 485674 783266 308681 274979 657257 193226 147453 571397 60590 529771 335412 675373 159154 681780 343071 281453 235302 220141 218783 565033 411499 219468 453025 151523 273928 157866 339760 673018 296621 725459 405209 678083 180706 398056 237191 490871 210473 453385
546090 241514 304415 633580 47084 260056 292610 417058 378040 650156 369258 225900 225514 392494 554171 485436 218825 371726 567278 414125 318893 406152 602198 618987 347652 462881 263048 473197 215307 543560 301103 999999999 502404 413925 250399 377072 334417 358368 342050 293091 510615 482631 384249 447759 366823 246327 386332 337573 404836 587395 485968 428829 720385 304021 658617 491149 47108 565539 335203 246181 489455 550491 304792 489576 451698 473521 356372 312649 164047 403382 293224 436483 552104 380885 355679 381942 605953 67854 451643 398753 172291 500108 471709 211955 473025 379037 448928 143744 592536 611454 291266 437418 336980 425261 297407 280471 501552 289008 511463 683522
1035416 663305 665066 250259 504391 749748 768926 787992 801217 699620 185444 377877 551532 544396 649205 745987 467934 589002 742398 364017 503754 899985 241895 770830 731347 40000 407805 253034 703957 337147 252238 502404 999999999 247681 620601 334678 367995 182622 822394 728821 156593 74955 547587 530440 489378 613658 864480 810084 445905 784162 474168 624337 226512 355000 756576 606461 456232 160957 497509 600063 889224 199469 559850 935930 175538 455061 838220 213254 383372 822159 307456 523481 97467 881916 149481 876410 104309 506267 412701 132331 350594 526565 310799 471253 690031 354148 127665 369526 91014 610800 324292 870187 656890 782576 221868 454449 354180 735943 189528 201333
880255 489282 671604 229937 392770 672695 615078 796874 779805 455569 94043 414569 362273 305364 401554 510749 279721 654322 496314 116409 279231 814356 196050 523338 730348 232664 206338 441601 567999 145396 329038 413925 247681 999999999 431986 92843 467317 110133 755776 696899 134244 297645 310325 645629 251904 425289 705201 649742 563995 538881 228088 385560 378763 439160 509770 359582 379212 189133 571989 409321 683678 430237 343811 749812 78104 600468 684127 139319 378102 804188 386136 277432 217623 756325 179185 735663 327329 450548 558910 133856 243374 279529 82582 492730 766308 478574 120460 336232 299261 370300 132209 680558 682818 569182 155123 241623 534481 696700 407373 330903
454770 69087 529819 658099 205667 379256 204108 622343 556507 459699 442252 461282 70399 225254 361553 240137 155169 620091 339211 363907 180658 475945 623590 393076 556234 586791 225955 676151 196798 509695 497634 250399 620601 431986 999999999 351095 569277 440600 459521 477895 562400 629428 213908 697203 236675 6950 281832 228288 649096 350562 372464 219049 803821 536217 447415 304877 275045 619276 585215 22896 271665 730127 119206 319160 500334 715546 266579 407519 393712 581164 511533 287906 633534 366647 476571 328862 721781 316288 689212 491169 286156 359198 448345 461995 716925 610072 522147 353373 699838 451367 307210 251133 571127 181623 400492 193972 725286 464573 693456 758234
804310 412507 658996 307568 347312 628097 542992 781411 753388 384472 158754 428320 283313 212771 319858 417958 205932 664365 407840 45304 188594 763290 273046 438064 712979 314769 132347 503691 503746 170115 366594 377072 334678 92843 351095 999999999 498955 169949 712965 668818 226162 376938 217533 674241 159072 344665 629767 574744 596836 449486 158916 293044 470186 467655 431661 272744 350509 279364 588870 328205 594689 506586 254860 665540 170776 641514 610762 176371 379652 778469 417524 189199 310459 691836 238794 666156 418999 424826 601801 209830 220760 204014 100828 494563 776888 517987 209996 331658 391401 307324 89232 595795 677134 478932 186500 157278 590083 665835 480030 421758
854203 573468 327431 600328 370155 491165 620540 439383 475089 869311 375694 108999 523032 632915 786970 783527 471624 222264 837143 544099 562481 632808 581356 882456 393678 335250 463561 182829 539633 609904 138953 334417 367995 467317 569277 498955 999999999 358870 540887 420326 476837 304473 629137 178400 586689 563829 709846 665618 97884 867387 654806 695312 583500 34231 901010 727069 297698 510117 130907 558701 822952 289104 582029 821873 446947 150853 678588 329840 175669 491468 81718 650457 459666 671004 297459 689465 443099 287898 120087 357823 320225 691958 549580 159784 322326 46984 410202 218246 447052 802375 422360 771643 305235 750327 316039 507220 172135 434348 254585 566849
868122 487123 585047 280578 348776 617329 600328 711152 703669 553327 16879 314444 370848 368581 489482 566426 286553 553123 572550 209224 322688 764508 252100 605804 646884 153861 225196 335922 541689 251052 220062 358368 182622 110133 440600 169949 358870 999999999 696870 623476 153439 210788 370603 537264 313496 433651 694669 639499 454903 612469 325841 447406 371344 331838 601604 440185 316742 207257 468129 419520 707492 337576 377363 758153 99997 490361 670121 46169 287438 727129 278355 356328 199386 726105 70544 713906 281433 381181 448777 50744 189237 373438 192636 398526 664140 368672 90938 252857 259286 472535 141979 691311 590966 600027 62735 272152 426232 626003 310181 330107
387939 399610 248377 974794 365845 85462 307329 242720 146452 918956 708863 465370 486542 673809 820561 677501 526234 409963 792040 746109 610683 95524 943808 845839 211475 782427 588339 720434 266927 882019 584837 342050 822394 755776 459521 712965 540887 696870 999999999 132094 850148 787298 663184 542528 666875 460841 331994 329681 554778 795093 799642 678543 1047095 526449 905372 762198 380442 903820 451559 472650 542803 819898 567981 466425 792523 620461 307783 650727 440759 161493 548252 730901 884196 209840 683880 263599 921961 318031 622064 733456 514116 801054 810560 382926 441739 585769 786195 454112 913352 903515 630529 460579 298200 554773 634618 590631 704801 112527 781977 1014177
510080 430594 116469 904053 330242 132943 375045 147888 84986 925023 637268 357230 486113 670055 826787 712964 504897 277893 817074 706888 600075 227485 875142 870891 92139 689364 555626 602438 310968 832656 481881 293091 728821 696899 477895 668818 420326 623476 132094 999999999 776085 686154 660468 410554 652480 477276 425413 408378 425819 827259 777178 690233 955290 409818 922259 765237 319274 826667 322272 485377 619331 705492 570320 560851 722515 490155 396720 577759 346494 110411 438352 720687 799246 323481 599400 368428 824332 246414 493823 654009 454321 787468 760810 267848 316414 463515 709100 371398 818835 896277 581389 541563 167223 607719 560823 568862 579125 21624 668597 926203
1005346 616817 733091 129256 498064 770174 738316 859111 855524 556379 141414 453851 492163 436818 516691 642565 408114 686767 619385 241009 413474 916640 105190 641424 796251 163362 336600 398747 685340 182214 341850 510615 156593 134244 562400 226162 476837 153439 850148 776085 999999999 226605 442477 651261 384468 555596 830529 775008 566312 663145 337951 516526 244533 455472 618271 481879 469821 57444 597903 539994 817512 355957 477849 881241 62697 587883 807938 199602 435894 878681 402416 402846 90027 872100 186075 855995 207455 534588 545018 125449 339472 391857 168924 542754 794870 474868 69151 404806 177284 464726 256228 812385 735330 703366 216072 374784 499063 779030 343572 196951
1025041 665556 614171 325211 491526 718868 761709 734556 754699 753210 219074 329761 562617 579339 696229 775597 481937 526721 782904 411463 531117 869083 316402 814895 681023 66382 429690 178135 692053 402967 204273 482631 74955 297645 629428 376938 304473 210788 787298 686154 226605 999999999 581210 460335 524272 622570 857621 804441 376573 823135 525620 657943 279347 295702 806406 649384 435571 235749 435261 610261 900747 133390 581709 938444 233805 381903 829912 227848 346776 774505 252814 565586 172148 863390 154883 862941 140399 476732 339866 167127 347743 576349 368904 422276 624345 285843 184256 342383 142607 667031 349724 874928 601697 799131 231125 478330 279250 695034 116991 263195
650561 282696 688348 507237 338935 579646 416128 796457 743578 266215 363944 534069 176973 11428 170013 200426 168826 742394 210251 204695 68226 687623 473712 253391 727553 523430 167459 681645 408264 334957 518156 384249 547587 310325 213908 217533 629137 370603 663184 660468 442477 581210 999999999 788224 58580 210304 484799 434779 722693 245753 167107 76861 684848 595054 278056 106919 383729 493539 685527 195509 397434 704381 96130 486114 388309 779716 474277 358293 469961 768957 554393 75369 527939 580042 430751 539570 635803 449964 745019 417490 308970 145801 290115 569905 849975 659927 426136 419566 608609 240404 233919 416725 720817 278441 360616 121920 754861 650708 673506 635729
903658 686996 295380 771753 491539 518963 703750 367080 434931 1037387 554083 254581 662083 793190 951394 925903 623737 134896 991822 719525 720289 638010 754784 1039656 347982 501825 627001 298647 622708 788285 317271 447759 530440 645629 697203 674241 178400 537264 542528 410554 651261 460335 788224 999999999 750501 692708 782780 747043 85131 1018595 828027 849426 731944 207206 1064302 890014 423724 680787 113397 690774 929220 404250 730421 907784 624298 100397 751215 507724 318546 442947 259561 816764 625882 714288 475105 746039 591104 385590 130400 534854 481834 862650 727804 235985 180629 177259 585968 368665 600586 974447 594452 867275 250220 872832 493532 667174 222021 430106 379845 722230
686176 305288 670592 453039 324123 582011 440644 783387 736780 289673 306300 495942 184552 55151 200910 258924 148289 712883 261771 148863 57548 699116 419163 300594 714047 465755 123572 629675 422213 285421 470291 366823 489378 251904 236675 159072 586689 313496 666875 652480 384468 524272 58580 750501 999999999 231743 516318 464033 681873 299878 136705 134995 627408 552904 314423 140394 359424 436109 651110 215438 447193 648747 119701 529658 329829 736471 502818 303436 434230 762285 509845 69965 469527 601632 375159 565515 577228 429624 700503 359747 268695 135215 235556 539274 822405 615188 367577 383259 550034 244710 179678 459706 699678 328891 306881 87610 705810 644478 618591 578456
460845 73586 527780 651567 201250 380105 208903 621311 556316 458154 435312 455964 63525 221608 359863 242598 148265 616556 339825 357847 175434 478600 617062 393617 554960 579863 219198 669830 199228 503714 491360 246327 613658 425289 6950 344665 563829 433651 460841 477276 555596 622570 210304 692708 231743 999999999 287646 233880 644073 352044 367781 217755 796946 530701 447010 302639 270151 612491 580874 16740 278448 723472 115061 326035 493507 710353 271984 400582 388326 581051 505654 283943 626627 370873 469669 333794 714832 312536 683803 484219 279510 355302 442105 457693 713914 604455 515232 347639 692890 448461 300339 258057 568697 187495 393577 187625 719381 464207 686841 751388
175056 217283 526147 934263 367508 292484 95914 565539 473708 692736 699842 605310 346673 496149 601752 411138 425840 668689 536228 645237 461687 290472 899923 586138 517536 827064 499939 859274 171496 791247 686905 386332 864480 705201 281832 629767 709846 694669 331994 425413 830529 857621 484799 782780 516318 287646 999999999 55529 763120 525236 649765 463772 1065529 682718 657873 556466 431774 887962 672603 304386 218053 935637 396719 135781 767834 833815 31639 654855 548790 491887 678288 560155 893481 137414 715169 77503 968547 422136 819998 743175 513918 629601 728623 561630 734402 756318 782440 529051 950310 707540 574981 134650 578085 267702 643874 474059 881148 404583 896763 1022484
230547 162495 501985 878889 315894 277321 45146 552875 464833 651688 644536 559631 291916 446183 558652 376545 370485 637691 500266 590869 408747 303902 844567 551644 500095 772873 444626 810710 126307 736966 636821 337573 810084 649742 228288 574744 665618 639499 329681 408378 775008 804441 434779 747043 464033 233880 55529 999999999 722963 493050 598466 418423 1010222 637503 620950 510811 382082 832439 635470 250597 213681 884831 344778 160854 712312 793579 39743 599951 501147 484944 630603 510114 838191 160186 660897 108093 914056 377830 777901 688151 459664 580221 673846 521166 709627 711715 727088 479022 895556 661734 519457 133376 552988 237821 589161 419432 836036 388480 846085 967072
896126 646349 317735 686623 445233 518476 678492 410987 465089 965997 471645 191095 607826 726914 882543 870572 562006 175074 929304 641983 655432 649701 669709 975611 378773 416845 558418 221191 596849 705639 234967 404836 445905 563995 649096 596836 97884 454903 554778 425819 566312 376573 722693 85131 681873 644073 763120 722963 999999999 958227 752523 787060 650419 129986 996294 822112 374159 595664 103562 640424 893418 329399 671178 882290 540271 70695 731508 427223 258606 477167 179498 746513 541023 708570 391446 734140 509312 348947 68796 450717 413949 789217 646423 201799 252919 92172 501314 305997 517658 899941 519780 836696 281890 828308 413663 600878 160656 443187 301882 639168
652398 398557 879354 700660 540341 720591 497258 972617 903909 205357 604289 767479 362001 245602 162729 117969 396228 958248 45164 423635 307507 791587 670361 66017 906773 763102 411888 927348 528718 517984 762152 587395 784162 538881 350562 449486 867387 612469 795093 827259 663145 823135 245753 1018595 299878 352044 525236 493050 958227 999999999 331751 172959 895781 833158 144444 181482 599430 707881 911290 346707 343069 948580 288216 460346 616121 1018227 529804 603207 700967 928068 795418 261480 752276 653223 675031 598491 865728 655239 985203 657240 548345 279234 496939 790822 1060306 900672 658782 652320 837020 271048 479085 406805 918992 257537 606107 364096 999258 813036 918435 845952
817183 441364 784678 369421 446940 714388 576571 902163 862042 228019 312860 577758 320997 156241 178889 338263 274336 808399 286849 116655 194190 834824 338695 304137 832806 460747 223865 661410 558717 187241 524620 485968 474168 228088 372464 158916 654806 325841 799642 777178 337951 525620 167107 828027 136705 367781 649765 598466 752523 331751 999999999 216886 564530 622741 282468 152251 470514 378579 737769 351660 560154 657817 253873 652661 299217 799210 637593 335285 523375 887531 573888 94592 427973 738185 395895 701219 544631 543966 759922 360111 356763 54004 169073 635581 920233 675692 346540 473164 514842 148495 233670 583510 808943 441384 345206 209669 748877 770736 633626 514716
620670 282547 729120 574853 382028 597748 407487 831086 771161 240820 440804 596823 206285 80301 143249 126633 225697 795506 142415 276553 134588 692504 541974 191360 763181 600290 239358 755501 414863 397741 589243 428829 624337 385560 219049 293044 695312 447406 678543 690233 516526 657943 76861 849426 134995 217755 463772 418423 787060 172959 216886 999999999 757444 661098 232340 92707 435227 566352 743898 206793 345640 780549 124045 444855 463655 846161 458101 434296 531030 796187 622672 124048 602950 572291 507019 526083 711875 496272 812691 494349 375709 179088 359528 625261 900538 728014 502369 481652 684434 243769 309913 377741 765101 228175 436053 191214 826384 678478 749296 708048
1239326 855284 890407 206130 716887 972780 971519 1012345 1027615 764886 365689 603610 733423 678573 741674 883985 648757 805744 851107 480904 657972 1122604 230127 867247 956925 265945 579038 435309 912594 382780 477513 720385 226512 378763 803821 470186 583500 371344 1047095 955290 244533 279347 684848 731944 627408 796946 1065529 1010222 650419 895781 564530 757444 999999999 574910 833595 714659 675415 191315 714387 781722 1061777 340307 722314 1122980 304605 645111 1041327 413395 609502 1048413 530412 639717 172071 1095519 365132 1085020 141165 729755 605422 324594 558225 618008 399981 696952 901304 561999 283243 593125 137926 670528 496612 1054641 880162 947892 426460 618796 528555 962237 355340 49829
829930 541763 323699 580790 338421 472703 592370 440438 469303 836151 348713 78186 489252 598893 753318 749447 437402 234610 802953 512887 528329 616860 560468 848346 390588 320306 429675 193993 511894 582743 114025 304021 355000 439160 536217 467655 34231 331838 526449 409818 455472 295702 595054 207206 552904 530701 682718 637503 129986 833158 622741 661098 574910 999999999 867279 693262 265937 491384 143657 525335 791488 295713 547840 792719 422519 185076 651626 300732 143118 487018 53721 616971 443857 648456 273080 664780 435781 260648 153792 334159 286108 659231 521078 143542 339810 75066 387833 184407 437440 770020 389822 741437 306785 717457 286369 473135 198542 422536 259189 555589
793079 505940 960669 630059 612248 826443 619272 1063426 1002685 75918 590154 809743 438419 271943 114515 247324 446674 1020375 121961 394951 346212 911646 603558 78519 995494 742217 437910 933057 639073 451103 781793 658617 756576 509770 447415 431661 901010 601604 905372 922259 618271 806406 278056 1064302 314423 447010 657873 620950 996294 144444 282468 232340 833595 867279 999999999 174311 661114 654684 963051 437462 485953 937577 355153 602244 581675 1050513 659195 603318 746827 1027592 823608 252031 708135 780407 669883 728341 825637 725441 1014021 639764 582826 230244 449760 847959 1127533 928697 628920 696102 795552 166324 485840 545816 995543 392466 610150 397360 1014738 910169 911656 784356
712739 370958 795159 521574 445723 679848 498718 902502 847774 159927 430486 635447 279492 99267 63138 193435 275197 848042 137510 243498 173919 780621 490549 165622 833741 587511 263694 765653 501675 339487 609785 491149 606461 359582 304877 272744 727069 440185 762198 765237 481879 649384 106919 890014 140394 302639 556466 510811 822112 181482 152251 92707 714659 693262 174311 999999999 490220 526414 789194 289837 431236 777757 195582 534605 436093 876857 550520 436647 572738 873064 650170 83864 571218 663668 505994 618294 685405 556867 840782 482409 408524 102778 315475 675075 956172 755458 479959 521945 656435 151077 315693 468498 827731 316284 441969 223322 844355 754860 749587 664837
