NAME : synthetic_000132
TYPE : CTSP-D
DIMENSION : 100
GROUPS : 8
RELAXATION_LEVEL : 1
EDGE_WEIGHT_TYPE : EXPLICIT
EDGE_WEIGHT_FORMAT : FULL_MATRIX
EDGE_WEIGHT_SECTION
999999999 120399 476852 253787 244845 363524 339343 260544 653013 291261 426206 695442 312500 614837 116435 888966 181238 641583 501666 588936 712771 383336 168407 142344 270924 175335 587983 203178 359333 548228 613599 407233 304630 508145 651468 130800 284840 780035 334552 369230 619547 387431 833156 40782 251251 256712 530603 161105 388610 519575 740539 41267 518496 58425 167447 515088 239232 650541 122994 671416 627454 849324 427066 704119 413156 257221 438731 378116 392915 221158 692148 544575 605760 278807 680016 472107 282172 505095 78095 89561 450043 194709 282763 120222 396760 496364 31986 578500 275416 470125 445975 590367 651427 533925 466535 434880 62105 441773 131386 289735
120399 999999999 516267 334634 340542 282397 257705 339861 568679 393764 317092 699423 406737 505073 189565 781146 100152 637063 556336 512907 648280 332638 211414 191721 274376 287885 580252 283154 239022 430289 508986 455060 331446 408809 569756 186342 360556 668786 227302 254687 594908 329372 720635 104702 205312 360484 420781 261186 293508 403570 651729 103134 515002 148018 48878 529671 121940 532304 125614 557888 525879 750399 323941 604294 300351 370241 330805 490111 274440 275335 706257 431421 593925 324637 563717 488092 248323 410293 175887 45391 384087 194813 261155 169781 332750 396419 90044 461428 159206 381743 451581 618343 531096 415060 528445 333155 75440 325160 160552 410000
476852 516267 999999999 254751 643383 445003 772325 687902 1076029 316375 796689 267899 696624 713554 581658 915323 452104 252598 77686 1026306 537766 845968 312218 337026 252814 547831 230302 289629 663677 739886 986596 74455 185550 902542 1079188 602565 713374 853263 535465 724319 313165 369984 908744 515464 362046 328942 888945 578387 798525 845472 676059 449407 183744 418600 551448 110870 545127 940845 596292 787043 667982 819833 556561 712250 770274 383043 588139 668581 637864 682710 240015 885593 255939 198167 987052 99021 752009 910569 404893 528406 900349 324127 294334 594919 391169 889765 476023 888920 639817 507965 143286 121191 896296 742251 102355 553426 522296 773738 608203 516957
253787 334634 254751 999999999 388805 415710 586030 434665 900044 100888 649069 511721 442101 708221 341560 958359 315760 477187 258401 839402 666950 637114 137361 147443 196847 293445 435328 51857 544955 686651 842219 180318 156039 743429 899818 365391 459926 869174 456510 582286 496479 382654 925714 294566 284833 90954 751152 326652 627565 724820 755351 240544 367353 198371 380668 330215 412440 843252 376478 777196 690566 888147 519660 755184 629227 144582 544327 424653 548256 436995 492178 757705 458914 102176 881327 291254 535593 744611 175698 328435 702574 199393 250907 360988 401986 731017 264892 778436 487572 515415 290683 375856 822210 680260 218068 522124 311151 646803 378891 275348
244845 340542 643383 388805 999999999 607798 436997 58883 709849 355616 569767 893204 67670 845177 152882 1121486 422986 849544 642122 632398 955753 410337 379685 356016 493782 95755 800583 357082 555918 761905 727587 568931 504893 616524 702074 165360 78511 1007960 567706 535366 844403 630887 1058805 238800 494608 328987 666833 83803 503064 679310 984375 285494 730113 277679 374247 709411 460410 815872 238973 895660 865587 1089389 663718 943491 569176 286707 671347 171920 607168 127781 878645 691328 821256 462468 833447 667630 316022 602409 271867 295656 491955 427733 517881 181070 641042 607576 273158 740160 458174 713515 653324 764291 837879 743895 597812 672503 265429 609275 202306 196164
363524 282397 445003 415710 607798 999999999 449616 616622 700582 512466 407303 519158 675444 292933 465068 547407 186604 445820 514070 671826 368508 558547 293034 300654 227606 535714 389501 383605 258767 295255 577715 419512 296823 516871 708594 466354 638886 453648 114508 338149 369000 87414 510107 371548 134125 490331 479409 524339 443354 423078 377111 324011 344459 344280 273628 397055 200407 501224 407816 363263 278745 491642 112612 349754 375910 527951 143388 734873 207937 557252 546725 466913 392926 334743 549951 368290 503121 533595 362666 325980 579818 223279 170868 450211 74135 504809 334645 457128 289159 108289 317647 501003 451586 297284 509797 111408 349695 362869 442839 620038
339343 257705 772325 586030 436997 449616 999999999 400239 314257 630518 147135 936896 483931 540143 312851 800205 327134 869445 814023 255232 803835 117179 468867 448168 524682 440290 811647 534181 225427 417528 291800 712552 586851 180776 313797 288307 406586 677549 342950 153138 810134 525260 717477 301012 434048 595907 232482 391560 67588 259330 750664 345576 751663 389060 221173 776836 254719 392402 230976 563442 595017 809388 423330 671536 160761 591608 408975 608918 300966 314125 950258 260947 821454 582326 402022 736759 132036 170738 414542 257618 132934 448494 499995 278684 519675 171103 322112 317521 160474 513223 695949 870185 434820 393384 785875 435246 277828 207665 252816 586565
260544 339861 687902 434665 58883 616622 400239 999999999 660765 409048 538673 932231 83710 839144 151613 1115563 430073 885517 690828 582327 972672 362250 410598 385674 522804 143065 834908 399023 539320 748380 687670 613629 540816 577135 652222 154370 25754 999614 566042 510592 874189 647357 1048958 245297 511480 380897 632287 111012 467423 650042 990631 301786 764483 302512 367268 748525 455070 786348 225199 885916 865021 1089865 663307 943736 541037 341391 668109 215598 595847 86285 920388 658773 854659 501563 800798 706193 273642 561209 301712 294501 443911 451972 541562 171104 655788 568890 285007 710541 440282 719863 688607 808191 814062 729074 647416 672769 267550 583187 186779 255047
653013 568679 1076029 900044 709849 700582 314257 660765 999999999 943722 293308 1215060 740686 667731 612357 865770 624163 1143561 1122542 80503 1008242 299566 779881 760323 824216 735410 1086214 848186 441861 533958 168568 1020114 890935 183835 18318 585868 658039 749842 586091 363962 1069292 785891 769532 614001 722754 909046 240517 683612 277637 311790 906159 659737 1032952 703318 527430 1068487 535267 357253 539527 655324 744061 917590 634091 806213 324719 901882 607966 876296 502244 582235 1235709 270148 1091963 891475 323697 1030725 399235 168271 728726 571767 218185 752630 791426 579711 774703 195782 636368 322776 437488 729326 986108 1166519 445131 510337 1096597 645058 591845 344283 554524 882413
291261 393764 316375 100888 355616 512466 630518 409048 943722 999999999 710679 583094 397668 803775 350384 1057322 395147 557164 295882 877929 766125 665307 223933 225795 297395 267082 520258 130081 619787 774928 901460 246311 254976 798011 941683 376818 432555 966062 544359 647872 587211 483000 1022443 329735 379644 34700 814532 311799 679131 794865 856208 291769 454965 246462 442211 408063 487597 918672 406242 871592 789069 988623 613403 854797 693949 70800 636567 352985 631158 431266 555979 824647 544818 201389 953818 372927 560825 795957 219048 377097 736959 291555 350631 376898 502070 786011 311478 850882 552211 614107 380482 435120 904151 766864 249252 616610 353152 716295 399038 201606
426206 317092 796689 649069 569767 407303 147135 538673 293308 710679 999999999 922556 621767 421253 431921 667266 347282 850658 849370 269830 727961 248730 517916 502557 543941 558464 793447 598322 148720 290050 193550 746428 614236 109916 301407 410718 547450 544434 292800 72728 776139 492634 580451 394272 436947 677150 104398 514090 84441 112705 647845 419065 741510 464351 269207 780451 251611 247935 342661 433131 486531 688711 346644 558442 32216 683201 323564 740635 213636 452524 944706 122266 798822 622531 263927 744123 278207 126878 492010 336788 218932 478877 505907 398025 481413 97628 401171 172266 161955 442013 697903 880470 287925 264921 828218 358112 365391 69958 373082 700184
695442 699423 267899 511721 893204 519158 936896 932231 1215060 583094 922556 999999999 950900 708200 809211 836117 611897 75015 313550 1178954 406339 1029307 528118 554214 428909 797694 129658 536516 775653 780071 1096870 336998 392921 1032463 1221728 826128 957983 809006 631920 851133 179762 431908 858283 729221 503117 593013 998542 821230 946629 941402 582280 660402 185384 640695 721784 183824 685535 1006661 803436 777188 639590 721294 609902 654852 892045 647916 641939 933435 726625 913837 58938 985624 129745 430942 1058011 226047 947400 1046891 634300 724384 1069708 509741 439461 815494 446081 1020083 685768 971454 784397 528464 250220 160557 941766 790849 357161 602007 727662 881816 823559 782071
312500 406737 696624 442101 67670 675444 483931 83710 740686 397668 621767 950900 999999999 910606 217747 1187048 490474 909530 690157 661596 1022879 443506 443715 420662 558164 155457 861687 414508 617075 824648 771182 622292 565781 660737 731547 227137 82677 1072757 634035 591908 907828 698200 1123115 305938 561961 374459 715900 151414 551076 732808 1051953 353091 791315 344148 438849 767416 525687 869232 300406 959939 932305 1156346 730372 1010376 623441 327058 737402 137544 670660 169863 934032 742170 882866 521401 884244 726168 357091 644576 336949 361608 524951 493841 583951 243475 708526 652549 340799 793416 518537 781060 714142 817808 895267 806062 644718 739287 331962 665020 262627 215432
614837 505073 713554 708221 845177 292933 540143 839144 667731 803775 421253 708200 910606 999999999 692868 276496 437036 634466 787978 673313 373370 656237 581491 585447 519636 789633 589026 674079 319889 134789 505521 700987 586236 503263 681833 685176 857238 165749 280285 387351 529825 347191 220593 609006 424143 780118 429050 766206 497022 357369 239524 581134 571242 612186 472137 641241 384920 346937 614226 73491 82702 269331 192547 139145 393361 814284 176232 992669 249372 764282 751923 397606 580709 626939 399222 623666 645942 530145 635059 549594 639566 512516 462803 668503 325553 495564 583038 349357 413210 206033 573417 741976 261109 159519 790677 187829 580504 351652 652659 894194
116435 189565 581658 341560 152882 465068 312851 151613 612357 350384 431921 809211 217747 692868 999999999 969301 278488 756860 598404 540578 822998 320597 281095 255014 387026 127731 703742 295909 404582 609301 603485 509589 416770 493030 607707 27029 173955 855256 416739 390107 735967 498081 905960 94338 363062 316678 533126 82585 374359 537767 839142 156251 634007 168525 221408 627519 307953 673739 90278 742805 715442 939932 513506 793840 427330 296816 519813 314276 454353 105029 803621 554176 721826 385760 695311 584562 215868 483434 177260 144232 397283 311114 398692 34310 505673 482718 136168 598596 308028 568308 560626 698246 690036 591587 559517 522684 116064 464673 60109 273744
888966 781146 915323 958359 1121486 547407 800205 1115563 865770 1057322 667266 836117 1187048 276496 969301 999999999 709235 770929 992826 890161 433153 913012 840389 847703 762867 1064183 740460 929912 589300 382950 697228 919325 821318 728200 882328 961657 1133485 122895 555035 647766 661484 578225 97533 884704 681513 1036792 645510 1042097 749165 578841 253838 853982 746514 882608 748631 823845 661378 509756 890547 237023 268728 123548 462384 205497 643915 1075353 450797 1267082 522897 1040117 889735 609114 724128 868128 550796 817870 914253 756988 904107 825841 884446 770619 707563 944988 557801 723434 857374 547678 685818 443235 772221 913712 420645 406841 1005018 455384 856529 598143 928989 1163499
181238 100152 452104 315760 422986 186604 327134 430073 624163 395147 347282 611897 490474 437036 278488 709235 999999999 546630 502262 577106 549227 417847 178736 170196 200100 356322 489168 269112 229709 384525 539896 399311 267780 451061 627751 280071 452282 602749 158492 276177 498321 229221 656900 185279 109807 365606 444544 340133 347020 411527 561620 144785 426536 175722 110239 449755 98372 527505 224940 497073 446349 668130 246855 522881 323122 389447 260994 558548 236279 371693 623371 446903 501201 275895 566179 409970 342503 458483 199982 140966 459168 131650 173113 264090 232866 438289 150648 463497 187901 290651 368838 544318 509026 374181 481141 254199 163162 334610 258200 457710
641583 637063 252598 477187 849544 445820 869445 885517 1143561 557164 850658 75015 909530 634466 756860 770929 546630 999999999 312974 1109008 346411 964475 476729 502519 371587 754808 57824 495933 703215 705075 1023361 312705 344884 960569 1150563 772326 911239 738962 559159 779614 109731 358833 789194 673555 437071 562985 925188 774672 876938 867403 517445 604930 123348 588716 656845 149155 616613 931695 745240 703981 567080 658670 535144 585362 819906 618253 567118 901773 652863 861861 119724 911744 54733 388310 983087 185944 885385 975553 584797 664389 1002374 451457 375947 760870 372366 948261 629593 896867 715177 453453 196979 172199 866792 715837 351351 527160 669828 808676 767350 751634
501666 556336 77686 258401 642122 514070 814023 690828 1122542 295882 849370 313550 690157 787978 598404 992826 502262 312974 999999999 1069159 613628 879952 346014 368593 308202 548203 299278 302559 721511 809316 1041216 102952 235630 953021 1124670 621297 715724 929645 598818 777709 384726 442486 985295 541765 420958 315837 944569 584357 845071 904507 753699 479230 259097 443446 595268 183020 598263 1004775 623956 861418 744195 897507 626394 789509 824304 366172 657455 647083 700852 695313 273900 943378 324490 231699 1049757 176504 782290 959240 425700 562876 938871 371116 355703 615545 463917 940265 505583 950227 689813 582037 220621 153486 963764 810514 47361 623916 552635 830934 631427 496674
588936 512907 1026306 839402 632398 671826 255232 582327 80503 877929 269830 1178954 661596 673313 540578 890161 577106 1109008 1069159 999999999 997174 223156 724094 703252 776680 661597 1051296 787647 416310 538532 203866 967506 840758 170530 69950 513799 578920 770899 557925 334254 1040389 754726 795790 549097 680149 843233 246705 609405 232411 317258 908116 598947 994979 641394 474928 1025719 493954 390669 471921 669661 745532 932072 616473 812450 302025 833294 593072 797661 483466 505116 1196316 281843 1058734 837477 365868 986685 325475 145472 665876 511320 143387 702183 747932 508707 745396 179426 574584 342527 394968 711828 943890 1121417 472304 513848 1041082 627938 528885 331243 484012 808148
712771 648280 537766 666950 955753 368508 803835 972672 1008242 766125 727961 406339 1022879 373370 822998 433153 549227 346411 613628 997174 999999999 917736 591856 610472 482327 873211 327096 658619 587283 488441 857550 565415 511215 829346 1019901 827744 996302 425149 462075 670145 241007 325361 467794 728691 461548 756994 768946 872210 784073 699530 181769 671547 354533 679295 642131 431619 566309 716799 773826 426860 291279 315489 383528 273863 695978 807295 404447 1059975 515237 920289 462147 743838 306311 564985 769680 439855 870053 852112 689891 690190 927708 531895 443519 812214 317451 819068 687714 707188 645833 290741 406169 505102 633876 508268 637946 371700 710682 666664 807408 925371
383336 332638 845968 637114 410337 558547 117179 362250 299566 665307 248730 1029307 443506 656237 320597 913012 417847 964475 879952 223156 917736 999999999 535001 511545 606966 439073 906982 586270 342599 531427 339795 781314 662665 236156 292310 293595 361256 790146 455763 268894 911910 629983 828124 342568 527472 630802 310206 386691 164691 354206 867799 400993 844079 439574 307665 862143 359390 478203 261179 676922 712114 925566 539166 788441 269355 616361 525691 577814 418118 282674 1038292 344540 918597 650195 477530 820695 104932 213502 461431 317766 81707 527355 589858 290213 626265 231757 374916 407099 271955 627657 783352 950656 532938 506883 847504 551053 327817 315765 266718 585266
168407 211414 312218 137361 379685 293034 468867 410598 779881 223933 517916 528118 443715 581491 281095 840389 178736 476729 346014 724094 591856 535001 999999999 26141 114559 288863 424842 94018 408333 551636 711465 246327 136243 616183 781138 298439 436178 745034 321052 449303 464773 279070 801125 204932 158912 198693 618482 300681 503668 589279 654191 137516 354591 112579 253372 346875 276170 706185 284518 648383 571672 779552 390149 640945 496426 235018 412745 468164 411111 385813 523762 623311 444174 115195 744822 303888 439833 619688 108891 217302 592857 69770 148979 288570 295196 603574 164083 642052 355964 398413 279969 422932 685037 544349 317047 393822 210097 511682 299020 336681
142344 191721 337026 147443 356016 300654 448168 385674 760323 225795 502557 554214 420662 585447 255014 847703 170196 502519 368593 703252 610472 511545 26141 999999999 137792 266427 450361 99044 398157 549567 695970 270013 162359 598952 761173 272299 411193 749917 319225 435110 488949 293714 805699 179216 167295 197806 604128 276182 485038 577426 667161 112381 380195 86489 235594 373013 265506 696886 259317 650997 579250 790138 393221 650036 482121 228844 414249 449861 405568 359782 549869 610295 469458 139237 734282 330026 415423 601545 84321 194299 570718 80803 166963 262471 308714 586418 138998 631335 340759 407547 305865 448592 678982 541141 338076 397633 185430 499369 273137 322523
270924 274376 252814 196847 493782 227606 524682 522804 824216 297395 543941 428909 558164 519636 387026 762867 200100 371587 308202 776680 482327 606966 114559 137792 999999999 403417 317251 177967 413336 515296 734413 206368 73916 649774 827849 401323 548205 677249 294131 471660 351405 185857 733948 301991 113523 281545 637173 413818 547112 596310 559245 233458 248253 220852 303759 255362 292343 698890 374575 590670 496117 691304 337771 558961 517797 328153 365919 579878 394974 491982 432395 635266 334839 107303 742777 213729 520283 658140 222085 295964 655169 80950 56840 389501 205454 636997 258006 642557 387299 321144 178907 345538 663316 513111 293907 338183 298859 522909 395788 443044
175335 287885 547831 293445 95755 535714 440290 143065 735410 267082 558464 797694 155457 789633 127731 1064183 356322 754808 548203 661597 873211 439073 288863 266427 403417 999999999 706486 261390 519965 717952 731195 473391 410588 620668 729816 152069 167612 954529 509440 513510 752468 550331 1007210 183452 415035 238103 660322 52674 502090 662638 912623 212366 636072 194579 329273 613941 409753 797940 215803 844930 802664 1024008 602399 879076 552475 201291 613703 203038 562029 171416 782890 680603 727526 367182 821178 572292 336322 610669 183786 246612 518339 341828 431537 162041 562148 610411 206811 723279 426983 643284 559014 668664 809651 702126 504510 610201 213981 588106 187814 147219
587983 580252 230302 435328 800583 389501 811647 834908 1086214 520258 793447 129658 861687 589026 703742 740460 489168 57824 299278 1051296 327096 906982 424842 450361 317251 706486 999999999 450096 646256 653937 967212 280959 295911 903363 1093110 718538 860575 701068 502385 722251 87536 302272 752777 619111 379521 523321 868893 724346 819184 811831 488882 550689 70485 536125 599402 119779 558794 878838 689710 659779 524911 632208 481323 549018 762801 578443 513534 859551 596995 808769 163740 856011 25684 342200 929891 147831 828544 918144 533458 608297 944578 396379 319102 706744 316468 891025 575006 842393 657376 402296 147613 178008 815860 663821 332348 473727 614515 752196 712561 710659
203178 283154 289629 51857 357082 383605 534181 399023 848186 130081 598322 536516 414508 674079 295909 929912 269112 495933 302559 787647 658619 586270 94018 99044 177967 261390 450096 999999999 497121 645574 791275 215903 157145 691957 847972 318763 424628 836868 414971 532136 504165 359984 893144 243939 250136 106881 700763 288954 575850 675804 735532 188734 380348 146968 329549 352921 364457 795910 326124 741613 661301 864802 483393 728635 578969 150265 506491 412552 503801 394346 521802 707997 472423 107904 833089 311718 485316 692927 125312 276596 651097 161614 226784 313341 377991 679573 213244 730114 437118 486836 302771 409324 777503 638053 264791 486719 259681 597575 330181 268936
359333 239022 663677 544955 555918 258767 225427 539320 441861 619787 148720 775653 617075 319889 404582 589300 229709 703215 721511 416310 587283 342599 408333 398157 413336 519965 646256 497121 999999999 210608 325380 619288 486187 258108 450127 390662 554315 468730 144356 83129 627456 344628 514447 338388 301656 588451 226729 485167 196901 183404 525274 339111 596182 381734 192491 638891 132665 298987 317037 353441 370142 587652 203755 447429 117150 604949 185424 717901 75592 458489 799562 222011 650976 502230 336490 604255 326159 275428 409303 274741 341421 357853 369616 374849 332901 246080 328984 233795 99207 297848 556535 740529 292095 190097 704822 215590 307353 110186 354471 648457
548228 430289 739886 686651 761905 295255 417528 748380 533958 774928 290050 780071 824648 134789 609301 382950 384525 705075 809316 538532 488441 531427 551636 549567 515296 717952 653937 645574 210608 999999999 373981 713946 587686 368568 547760 597539 764087 260703 230607 264839 608168 372553 304252 534500 406208 747333 294551 687673 369000 222837 372203 520247 622959 557631 389569 684545 309062 232017 524291 145972 210393 398879 183354 273935 263950 773812 151869 919280 155926 668608 817301 263895 650344 619567 284947 659599 532144 395611 583311 471650 508982 487365 460376 581318 352550 361029 516401 219785 309540 251710 608514 788308 161946 25196 804084 187188 504115 220093 562326 836530
613599 508986 986596 842219 727587 577715 291800 687670 168568 901460 193550 1096870 771182 505521 603485 697228 539896 1023361 1041216 203866 857550 339795 711465 695970 734413 731195 967212 791275 325380 373981 999999999 938358 805704 111141 185145 579563 691279 581406 465974 263727 940730 665028 601096 579138 625038 867579 98782 683127 229363 159634 744958 609745 919987 655032 461769 964243 442970 189691 518225 488644 584155 750274 496153 642774 216930 870663 467050 899348 370692 602518 1123214 114546 970054 815582 162013 929569 414098 127356 682423 525136 268259 671541 693653 569187 650998 120829 590436 156710 355502 589176 881910 1065878 276583 351656 1021037 506168 551800 216004 543385 876623
407233 455060 74455 180318 568931 419512 712552 613629 1020114 246311 746428 336998 622292 700987 509589 919325 399311 312705 102952 967506 565415 781314 246327 270013 206368 473391 280959 215903 619288 713946 938358 999999999 133106 850113 1022433 531093 639072 848554 499020 674805 356656 353796 904830 446555 319680 256447 841832 504316 742556 802467 689022 381938 222239 348813 493094 163898 495390 904652 528144 774051 663107 830849 532120 714219 721435 311105 562428 596764 600611 609786 313031 841010 306374 131150 948975 134203 685313 856476 333596 463627 838479 268229 256060 524031 375435 837354 408500 848916 586894 495298 159259 195545 866161 713912 90309 530505 455271 728496 538251 445256
304630 331446 185550 156039 504893 296823 586851 540816 890935 254976 614236 392921 565781 586236 416770 821318 267780 344884 235630 840758 511215 662665 136243 162359 73916 410588 295911 157145 486187 587686 805704 133106 999999999 718826 893886 434608 566555 740732 367975 542348 347038 243714 797422 340576 187418 246726 708947 429890 613334 669394 606859 272345 225541 248503 365906 210770 362843 772794 418752 658169 557355 743363 408451 616154 588833 298921 437422 569688 468890 521127 387521 707910 317248 53865 816569 167799 571169 726062 241390 346255 715336 138591 127320 424811 264757 706053 298619 716174 455677 383932 148447 288951 736865 586109 220005 408132 343362 595408 434910 424834
508145 408809 902542 743429 616524 516871 180776 577135 183835 798011 109916 1032463 660737 503263 493030 728200 451061 960569 953021 170530 829346 236156 616183 598952 649774 620668 903363 691957 258108 368568 111141 850113 718826 999999999 192865 468853 581300 607195 402417 181803 885480 602449 635924 472414 544711 763806 84367 572278 120202 149858 737588 507171 851240 552234 363362 889263 357931 249583 408744 502582 575008 764177 451675 642343 140962 764433 426568 788327 319195 491750 1054364 121687 908691 724085 242527 852461 303827 29028 579201 420914 173960 581908 613664 458764 591003 12778 486538 186493 263232 547099 806732 988697 318552 343743 930030 462836 446074 162749 432923 766481
651468 569756 1079188 899818 702074 708594 313797 652222 18318 941683 301407 1221728 731547 681833 607707 882328 627751 1150563 1124670 69950 1019901 292310 781138 761173 827849 729816 1093110 847972 450127 547760 185145 1022433 893886 192865 999999999 581071 648870 765993 594090 371103 1077514 793458 786241 612130 727587 906988 253621 677798 280749 325180 919886 659325 1039112 702557 529402 1073485 540191 374309 536581 670609 757615 933041 644274 820510 333148 898726 618626 867589 512000 574674 1241602 284281 1099245 893330 341424 1035384 393495 175119 727662 571388 211603 755419 796090 575392 782664 204395 635606 338231 441915 739631 991209 1170954 461695 523945 1098078 655348 590643 354668 550403 876613
130800 186342 602565 365391 165360 466354 288307 154370 585868 376818 410718 826128 227137 685176 27029 961657 280071 772326 621297 513799 827744 293595 298439 272299 401323 152069 718538 318763 390662 597539 579563 531093 434608 468853 581071 999999999 174296 846358 411745 371669 748123 503805 896303 101601 370184 342975 510982 103874 350817 517934 838012 168262 649184 186207 213079 645312 300767 654238 73633 733145 710719 935623 509098 789499 407467 323776 513746 331817 443587 93262 822011 532955 736035 405704 674509 602325 188909 458603 197673 141242 370468 323716 409640 16734 510320 458738 145591 578829 292816 567734 576769 718206 673214 579112 583054 518657 117154 446012 37808 298887
284840 360556 713374 459926 78511 638886 406586 25754 658039 432555 547450 957983 82677 857238 173955 1133485 452282 911239 715724 578920 996302 361256 436178 411193 548205 167612 860575 424628 554315 764087 691279 639072 566555 581300 648870 174296 999999999 1016834 585795 522386 899561 671080 1065644 268138 535402 404907 639052 136766 474083 659427 1012008 326021 790157 327748 386099 774273 474046 795375 243049 902768 884704 1109691 683248 963585 551224 364323 687246 219586 612577 96491 946070 666520 880281 527301 808258 731945 277515 564306 327304 315323 442572 476966 566420 190961 679199 573494 308606 719642 455121 741455 714320 833730 825644 744341 672121 692880 289326 594193 204655 272926
780035 668786 853263 869174 1007960 453648 677549 999614 749842 966062 544434 809006 1072757 165749 855256 122895 602749 738962 929645 770899 425149 790146 745034 749917 677249 954529 701068 836868 468730 260703 581406 848554 740732 607195 765993 846358 1016834 999999999 445602 525329 629756 497654 56713 773133 586749 943333 525187 929936 626270 457500 247462 746708 695939 777934 633917 770634 547665 397031 774416 115315 185598 178990 357906 154538 521022 978719 341827 1157549 404525 922640 858656 489210 688196 784210 441563 758855 792654 635854 800752 712863 761850 675654 620729 829779 476293 602066 748172 429091 566188 356832 710443 866675 305926 284311 936850 352573 744200 475258 812837 1059933
334552 227302 535465 456510 567706 114508 342950 566042 586091 544359 292800 631920 634035 280285 416739 555035 158492 559159 598818 557925 462075 455763 321052 319225 294131 509440 502385 414971 144356 230607 465974 499020 367975 402417 594090 411745 585795 445602 999999999 223881 483460 200388 499165 329877 181201 517031 367299 487376 331114 314527 432832 301261 454024 334192 200852 500699 113863 405965 344194 338669 298979 523900 97627 377790 261459 545066 104282 712459 102407 496440 657243 357219 506723 394223 451595 468272 411935 419111 358362 272526 470460 257628 243171 395020 188613 390327 302765 354051 183809 173276 419083 603665 369999 223812 587717 107798 302284 250200 382020 616064
369230 254687 724319 582286 535366 338149 153138 510592 363962 647872 72728 851133 591908 387351 390107 647766 276177 779614 777709 334254 670145 268894 449303 435110 471660 513510 722251 532136 83129 264839 263727 674805 542348 181803 371103 371669 522386 525329 223881 999999999 707116 422415 566643 340675 364248 614897 169179 472650 114881 150606 602863 357758 669503 402701 205898 707803 179510 284510 299837 410810 444711 656677 286669 520147 47139 624336 267113 703471 155973 425972 872579 176798 728155 551948 310957 671403 270136 195996 430573 279910 260097 407817 433201 357413 412043 169255 342086 210459 95661 380964 625256 807746 303471 241021 757316 298464 310504 74625 333954 650961
619547 594908 313165 496479 844403 369000 810134 874189 1069292 587211 776139 179762 907828 529825 735967 661484 498321 109731 384726 1040389 241007 911910 464773 488949 351405 752468 87536 504165 627456 608168 940730 356656 347038 885480 1077514 748123 899561 629756 483460 707116 999999999 286081 679662 646895 389683 586611 843715 765126 810418 782574 408255 580144 134504 571946 607315 202494 555426 837752 711596 598053 460015 550214 446182 475912 744578 641011 477092 916646 570734 840336 229330 827462 65348 397912 889866 222694 840824 902570 573258 627740 942491 424855 339045 735058 295089 873520 602663 807694 651680 358596 206742 264776 768905 620725 415514 437108 638269 728844 737936 770535
387431 329372 369984 382654 630887 87414 525260 647357 785891 483000 492634 431908 698200 347191 498081 578225 229221 358833 442486 754726 325361 629983 279070 293714 185857 550331 302272 359984 344628 372553 665028 353796 243714 602449 793458 503805 671080 497654 200388 422415 286081 999999999 554279 403893 136307 465727 566643 547216 524357 510463 375840 346224 257528 355786 331818 313048 271106 585886 453587 420293 313687 505643 190053 373612 461573 509667 222519 742226 295334 596790 459401 554327 306351 289937 635331 287047 566017 618340 368564 368895 657143 213016 133204 488608 21640 590255 362477 543788 365987 141752 235962 417083 532130 377419 443547 185376 387184 449929 485442 615568
833156 720635 908744 925714 1058805 510107 717477 1048958 769532 1022443 580451 858283 1123115 220593 905960 97533 656900 789194 985295 795790 467794 828124 801125 805699 733948 1007210 752777 893144 514447 304252 601096 904830 797422 635924 786241 896303 1065644 56713 499165 566643 679662 554279 999999999 825196 643009 999531 552528 981553 663570 487455 286912 800426 749664 832355 684559 824877 599073 412937 823887 163176 241728 191849 413123 203916 558838 1034536 395925 1210138 453127 970873 908913 515765 739169 840920 453386 813890 835744 664853 855473 764334 795635 731830 677414 879804 532939 631730 801233 453347 612857 413535 765767 920049 324676 326559 992966 408132 795948 512367 862240 1114428
40782 104702 515464 294566 238800 371548 301012 245297 614001 329735 394272 729221 305938 609006 94338 884704 185279 673555 541765 549097 728691 342568 204932 179216 301991 183452 619111 243939 338388 534500 579138 446555 340576 472414 612130 101601 268138 773133 329877 340675 646895 403893 825196 999999999 269294 295073 498490 157508 352430 491273 746799 68818 550237 98338 146375 550236 226635 624115 82366 662530 626957 850597 425215 704729 383184 292035 433959 385415 378577 194710 727701 514180 636058 317296 651519 507321 241474 468267 118870 63680 409691 223166 308173 88170 411341 460846 44281 550964 249172 475820 479172 627805 629728 518753 507025 433846 31041 414340 94468 311402
251251 205312 362046 284833 494608 134125 434048 511480 722754 379644 436947 503117 561961 424143 363062 681513 109807 437071 420958 680149 461548 527472 158912 167295 113523 415035 379521 250136 301656 406208 625038 319680 187418 544711 727587 370184 535402 586749 181201 364248 389683 136307 643009 269294 999999999 356615 527096 410917 448162 483943 501886 210009 317762 220527 220007 345932 187488 585376 324927 492473 412818 622942 234847 482825 409452 393840 260184 609562 281513 463429 516699 523631 391395 213695 629315 308017 451621 555155 235214 240131 566722 89172 68971 355484 147116 531980 227017 529322 285797 240281 263816 444069 551051 402464 407422 237357 254845 411692 354389 488783
256712 360484 328942 90954 328987 490331 595907 380897 909046 34700 677150 593013 374459 780118 316678 1036792 365606 562985 315837 843233 756994 630802 198693 197806 281545 238103 523321 106881 588451 747333 867579 256447 246726 763806 906988 342975 404907 943333 517031 614897 586611 465727 999531 295073 356615 999999999 781126 280945 644795 762411 840640 258096 456308 212801 409078 414544 456637 887121 371572 847046 768174 971060 588827 835409 660808 55268 611072 340426 601874 399539 568921 791695 547343 192928 921670 377383 526388 761559 185211 342913 702300 267703 332618 342735 484128 751841 277339 818799 519246 593707 380277 449313 874226 738622 270260 592502 318658 683827 364675 189147
530603 420781 888945 751152 666833 479409 232482 632287 240517 814532 104398 998542 715900 429050 533126 645510 444544 925188 944569 246705 768946 310206 618482 604128 637173 660322 868893 700763 226729 294551 98782 841832 708947 84367 253621 510982 639052 525187 367299 169179 843715 566643 552528 498490 527096 781126 999999999 614762 164976 71714 666433 523109 821278 568361 372545 865519 346836 168445 444742 422958 504058 685421 400736 568053 122062 787588 372622 838474 273071 546040 1024537 37320 872038 720437 170073 830980 363442 113360 596077 441182 255473 575995 595557 498984 552891 82748 505488 102202 263645 494810 783212 967257 234192 270495 925378 411110 469736 117227 473659 803163
161105 261186 578387 326652 83803 524339 391560 111012 683612 311799 514090 821230 151414 766206 82585 1042097 340133 774672 584357 609405 872210 386691 300681 276182 413818 52674 724346 288954 485167 687673 683127 504316 429890 572278 677798 103874 136766 929936 487376 472650 765126 547216 981553 157508 410917 280945 614762 999999999 454604 620321 901127 201693 653888 195297 298214 637542 382480 756322 172851 818619 784234 1007500 582618 861782 509872 248922 591414 232750 532069 120799 809737 636355 744327 390642 777666 595189 284388 561376 191900 217229 466241 345527 435612 116084 557263 562300 189832 681160 389591 630393 577817 698278 772050 670673 542031 591133 185750 547230 141123 198822
388610 293508 798525 627565 503064 443354 67588 467423 277637 679131 84441 946629 551076 497022 374359 749165 347020 876938 845071 232411 784073 164691 503668 485038 547112 502090 819184 575850 196901 369000 229363 742556 613334 120202 280749 350817 474083 626270 331114 114881 810418 524357 663570 352430 448162 644795 164976 454604 999999999 194137 716966 389325 762570 434102 250459 794001 261570 325544 288924 513754 557767 765931 400579 632070 105302 644463 381851 674928 270809 381217 963981 193504 827013 614285 334434 755392 199311 117169 460742 302263 145281 474995 516274 340049 516115 109060 367885 251132 162604 494100 711978 890650 371565 344154 819762 412438 326505 151237 314300 647278
519575 403570 845472 724820 679310 423078 259330 650042 311790 794865 112705 941402 732808 357369 537767 578841 411527 867403 904507 317258 699530 354206 589279 577426 596310 662638 811831 675804 183404 222837 159634 802467 669394 149858 325180 517934 659427 457500 314527 150606 782574 510463 487455 491273 483943 762411 71714 620321 194137 999999999 594759 506668 767170 551244 354700 815216 313294 136567 447643 352963 432436 615004 337075 496407 110476 773780 307592 849275 215147 564081 969782 45140 813683 685468 160442 782360 390820 178381 579144 430396 310466 540950 551138 504418 495382 144602 491971 60903 244591 429635 733486 918048 178759 198807 888215 346897 461104 78584 480131 801282
740539 651729 676059 755351 984375 377111 750664 990631 906159 856208 647845 582280 1051953 239524 839142 253838 561620 517445 753699 908116 181769 867799 654191 667161 559245 912623 488882 735532 525274 372203 744958 689022 606859 737588 919886 838012 1012008 247462 432832 602863 408255 375840 286912 746799 501886 840640 666433 901127 716966 594759 999999999 701122 500501 720010 632269 578666 546546 583141 774200 272710 162612 144350 336939 108014 617749 885437 343972 1110592 449703 926194 636012 636084 471579 657871 634425 577250 839974 763465 736673 696778 862016 586483 508852 821495 359000 729050 711302 588880 604691 270981 534930 664241 494022 395954 770607 325831 723100 580150 811165 989684
41267 103134 449407 240544 285494 324011 345576 301786 659737 291769 419065 660402 353091 581134 156251 853982 144785 604930 479230 598947 671547 400993 137516 112381 233458 212366 550689 188734 339111 520247 609745 381938 272345 507171 659325 168262 326021 746708 301261 357758 580144 346224 800426 68818 210009 258096 523109 201693 389325 506668 701122 999999999 481643 45309 152009 481594 213068 634731 147006 639543 590835 811676 391619 666887 403217 267266 404910 413934 366248 260199 659136 534426 567910 251520 666742 438707 303402 506481 72972 87970 463162 155477 242441 156061 355728 495023 26617 564334 262336 431175 410363 560303 630336 507183 446572 398971 73424 428218 163223 316425
518496 515002 183744 367353 730113 344459 751663 764483 1032952 454965 741510 185384 791315 571242 634007 746514 426536 123348 259097 994979 354533 844079 354591 380195 248253 636072 70485 380348 596182 622959 919987 222239 225541 851240 1039112 649184 790157 695939 454024 669503 134504 257528 749664 550237 317762 456308 821278 653888 762570 767170 500501 481643 999999999 466132 536486 78300 501127 842320 621995 643765 514190 644849 444443 548011 711561 511215 477044 790818 552102 739034 203380 810632 92084 272538 892284 88738 763249 864681 463111 541457 884428 328141 254365 637624 274609 838740 506256 801315 600096 374156 77577 171241 784493 630536 285208 438121 546530 704101 644003 642618
58425 148018 418600 198371 277679 344280 389060 302512 703318 246462 464351 640695 344148 612186 168525 882608 175722 588716 443446 641394 679295 439574 112579 86489 220852 194579 536125 146968 381734 557631 655032 348813 248503 552234 702557 186207 327748 777934 334192 402701 571946 355786 832355 98338 220527 212801 568361 195297 434102 551244 720010 45309 466132 999999999 196823 459265 253348 678488 180642 672793 617075 835266 420780 691679 448314 223387 436449 390700 405163 273327 635814 579438 554782 220688 711149 416286 339535 551218 27900 132036 504204 150232 240337 177064 367615 540122 66957 608589 307169 452485 392232 532689 672016 545586 408804 427301 112782 472728 189616 282079
167447 48878 551448 380668 374247 273628 221173 367268 527430 442211 269207 721784 438849 472137 221408 748631 110239 656845 595268 474928 642131 307665 253372 235594 303759 329273 599402 329549 192491 389569 461769 493094 365906 363362 529402 213079 386099 633917 200852 205898 607315 331818 684559 146375 220007 409078 372545 298214 250459 354700 632269 152009 536486 196823 999999999 557187 87962 483781 143531 521414 499055 724137 298462 578150 251745 419093 301171 529772 233860 295652 732086 382672 611383 364045 514875 516567 234485 366319 224707 82752 351492 227409 282471 196387 332016 350839 138099 412650 110351 365604 477172 649292 484430 373071 569332 308599 115460 276310 181634 455998
515088 529671 110870 330215 709411 397055 776836 748525 1068487 408063 780451 183824 767416 641241 627519 823845 449755 149155 183020 1025719 431619 862143 346875 373013 255362 613941 119779 352921 638891 684545 964243 163898 210770 889263 1073485 645312 774273 770634 500699 707803 202494 313048 824877 550236 345932 414544 865519 637542 794001 815216 578666 481594 78300 459265 557187 999999999 533303 898212 626741 714299 587522 723005 502982 624201 751700 469788 535509 754143 601563 731760 177710 857616 145461 247124 946979 42987 775337 900637 451616 550517 908464 335837 277789 635309 332281 876592 507498 853026 631726 440067 82548 104049 844937 690290 213189 497801 550945 748459 644700 603504
