NAME : synthetic_000116
TYPE : CTSP-D
DIMENSION : 100
GROUPS : 8
RELAXATION_LEVEL : 1
EDGE_WEIGHT_TYPE : EXPLICIT
EDGE_WEIGHT_FORMAT : FULL_MATRIX
EDGE_WEIGHT_SECTION
999999999 264472 882567 463539 288153 842203 504556 388847 695135 842495 765362 180589 801007 684344 726454 248397 500554 432457 153218 720829 810027 490087 155028 601452 332341 738171 743878 352753 557056 428017 163450 274412 351882 259850 852223 594324 129558 376891 148109 897388 572549 739603 697052 630740 491759 39316 553729 396064 466958 536786 303282 746578 303795 346322 553982 799262 585745 210036 272928 585401 342543 714717 234814 650674 529187 368685 783667 370371 313268 187563 364595 793781 152507 283155 502957 684144 387416 810910 148862 884155 348727 571974 691038 662029 123279 419449 192274 531592 371301 119657 449831 303203 427150 104877 446846 695264 250436 886176 316515 517782
264472 999999999 848049 710886 458835 917571 306424 283204 624187 769573 808900 355898 826798 859847 726338 404233 515621 669473 202154 699361 980412 378160 227064 527150 575628 912393 810750 149724 389644 575050 427694 140991 593467 520179 869516 747999 391527 489073 298157 916553 745503 846198 805853 486067 267831 230317 611506 320059 664790 750149 563282 912147 506784 368171 382907 899775 397877 110532 507870 805410 499762 753294 489814 873387 419688 393045 820417 147172 567397 410138 598283 963315 378235 515265 646169 703012 643402 859355 285925 856172 580034 808671 813786 882926 371239 156913 438712 341053 568504 222853 712896 56673 446021 271460 586721 825495 360351 1076976 580942 549008
882567 848049 999999999 924572 680348 363954 623828 565033 234169 137575 256157 1063104 198346 684623 174711 679235 385136 1243226 975425 162177 710482 478457 733940 324556 1148087 697363 327371 715413 529951 593403 950890 709585 858194 1039013 169229 592005 953759 559541 1024234 184767 651928 452312 456386 438232 690662 855909 379753 529213 721468 791081 1069129 665920 736538 536355 539698 441647 566144 933239 820139 835461 639511 257369 888153 875113 441056 513952 233456 736102 906904 791917 829494 699973 1025523 1127922 567922 234185 1149374 268503 1020645 22142 817846 911960 500346 871261 982940 835048 1035126 594617 717133 964917 1049329 893692 456168 779032 573441 525341 643800 839384 1010352 378115
463539 710886 924572 999999999 314786 698289 854515 688161 838897 954304 702036 529392 759491 368385 750889 358986 594282 443309 606995 781756 475443 752855 502038 778356 395371 410399 643752 744959 861860 336065 331703 657120 118772 314204 812815 369099 373084 403485 549051 844481 309382 562004 529273 890926 870862 487994 548944 662363 205668 172226 304158 436963 241982 535261 863661 616706 908033 673453 205196 178770 321657 676286 229616 222374 775238 536431 727341 772076 152739 303238 124606 464306 456163 431600 358126 690546 331547 725807 559573 915008 143662 121063 495696 236361 420063 852707 398830 867795 221622 569489 147105 758183 559927 441800 353769 481994 424973 497098 219031 576956
288153 458835 680348 314786 999999999 567086 544972 375624 548903 679788 510846 446069 556445 406158 508386 55165 307727 563927 436314 522366 530171 438238 231773 476545 471450 459714 476356 452947 547321 140487 283033 368936 207670 360985 610633 307223 298116 121015 430320 652107 291868 455484 413061 577719 567911 287186 308619 347836 207084 297339 389115 464212 73179 220975 549326 515906 594144 462420 144293 355571 55499 467080 207805 423741 461808 224302 532578 482527 236229 122512 191035 513428 386984 460533 214991 454628 469192 550908 433820 676157 172799 378446 404020 431688 339612 577489 374541 555808 114398 406267 396477 513631 256936 203787 160449 407354 115298 619350 331851 303932
842203 917571 363954 698289 567086 999999999 802370 671857 477030 478076 139172 1011201 174828 372209 278084 595669 409341 1098353 975109 338040 361683 632153 728766 511827 1017907 366892 107410 826138 731583 432605 845958 781130 673928 908329 195037 329198 864663 465319 989644 194846 389588 136903 169942 673437 861851 829961 306120 624826 499423 534048 926098 332026 591329 549582 740165 92311 781369 969028 672058 560710 512292 186914 750859 580488 612856 524555 148146 854753 737930 689068 641306 354355 954022 1019252 368733 253852 990584 100479 991060 343484 637232 646000 203186 572786 906687 965824 938780 785405 542590 951955 841828 972634 472886 741728 410455 220134 596439 484677 849272 371620
504556 306424 623828 854515 544972 802370 999999999 172063 389875 516854 670357 644723 666491 874872 551369 496220 407849 936680 500638 505444 976967 170259 375901 308863 836885 920331 698334 161220 98032 601164 655034 230144 738799 757899 695400 748743 629876 501862 588856 739884 771275 775643 743195 200251 66885 465287 525060 211069 735528 831340 800658 908399 614904 342031 88807 815758 91644 416425 656146 891078 558248 617031 673499 957442 193372 353803 672878 159390 739799 565910 730123 960173 648779 785271 651791 552808 887667 720125 578453 637501 710944 922870 766906 963148 627309 223683 696695 36039 655814 512575 903472 327668 371663 448125 601637 786264 430713 1095476 791614 449116
388847 283204 565033 688161 375624 671857 172063 999999999 342065 489079 549610 554144 558519 706959 451380 329213 263252 815658 433347 419229 812827 103980 239482 244508 714286 753802 564869 157618 179091 429834 520610 147867 574507 624087 596857 581779 502494 330426 503944 643572 601310 626744 591168 241966 209501 351964 376244 47354 563506 659364 665209 743767 446882 170500 178977 672292 220916 374490 494479 719113 386490 494011 520927 785396 145518 184158 557270 184226 581788 409823 563556 795849 540924 670735 482968 436466 753381 600571 496503 573583 544555 752292 610541 791085 510518 294445 577279 180197 484915 432909 747140 329089 211485 309841 431178 628118 263200 928410 644605 302916
695135 624187 234169 838897 548903 477030 389875 342065 999999999 148768 338161 872692 311322 691397 199014 530960 245020 1090545 768424 139772 755680 248036 540790 97840 991065 720685 391857 485947 297225 506304 790205 489640 749886 887084 324953 573595 784971 438358 828219 364782 622565 505156 488839 211851 456651 663764 311940 312766 653125 739775 922443 696355 616691 357499 306948 522896 336660 716073 693091 793793 522720 298461 749137 847160 208744 340901 330213 504965 785115 641797 726316 741444 845011 960776 511363 233395 1007919 379774 822811 247652 710960 856913 527240 847114 806520 601632 865824 361356 617945 762783 942744 666828 293931 596878 492131 552157 480500 886575 877034 263727
842495 769573 137575 954304 679788 478076 516854 489079 148768 999999999 351827 1020701 303635 760105 227495 667555 372093 1231207 917125 178452 803724 391552 688603 246184 1132657 780724 419431 628082 419636 618251 932140 636924 873902 1026952 291081 653578 928920 563544 976712 316215 709083 544018 538965 321109 583375 811704 408060 461285 758964 838707 1060895 752059 743967 501349 429247 545236 449237 863536 823766 888667 647604 333087 884362 935787 350494 482910 334241 644983 914533 779913 848079 791468 991537 1104808 609142 284762 1145063 378076 971419 158794 834078 958749 581611 933827 952194 736136 1010124 484759 736914 911535 1067341 810308 431512 743060 601157 607198 621307 934810 1011030 380046
765362 808900 256157 702036 510846 139172 670357 549610 338161 351827 999999999 941338 60585 430177 139590 528062 293376 1066756 887278 199873 455777 500821 637420 374257 979002 441257 71225 706356 595995 392694 793812 669430 654618 868138 111084 347327 806469 395704 913364 144442 409302 196435 201362 534892 731592 747893 211663 503528 496416 553523 891608 409776 550553 445991 604788 193585 644948 870251 635002 592361 459967 55826 710721 626357 478759 420461 25572 733789 712340 632465 623275 444693 890537 971331 346635 117697 964073 50974 913084 239176 615199 672942 245311 621428 844238 843892 884727 651611 514669 867825 837390 862408 363905 661473 370396 269932 514985 585811 821888 260873
180589 355898 1063104 529392 446069 1011201 644723 554144 872692 1020701 941338 999999999 978967 815582 906672 416027 680995 322093 156146 901408 940693 657669 332149 777730 239852 868450 916029 484276 710813 585653 201578 421721 440079 233638 1030765 741282 164805 548141 57776 1075519 709856 901444 859071 793133 618067 209004 730201 567712 593085 644620 267239 881960 440943 526786 706367 961940 732208 254846 382742 683406 501551 891827 315006 742297 698253 549265 960430 493402 380637 327890 463223 925418 73343 172650 658449 863454 324865 985701 70584 1064744 452423 648953 848331 755250 115487 507430 136037 675785 505569 133699 463345 369383 607722 284956 606303 849528 428158 1000408 326690 697392
801007 826798 198346 759491 556445 174828 666491 558519 311322 303635 60585 978967 999999999 490379 116516 569534 313560 1116332 917075 171943 512140 499523 667150 361943 1026882 500299 130818 716130 586359 444405 838505 686142 708461 916054 54682 407482 849088 438478 948439 96627 469300 254399 261587 516909 729824 781309 250184 513956 553833 613059 940966 468315 600207 471169 595530 244581 633105 894162 684962 652571 507408 89387 759403 686932 473198 445813 35790 742280 764582 676762 677530 501657 930852 1016594 402591 123802 1015172 74484 947416 180343 668711 732771 305471 682012 885154 850813 928368 645005 567671 899543 893248 878893 387258 696386 422428 329890 550937 641227 873253 286601
684344 859847 684623 368385 406158 372209 874872 706959 691397 760105 430177 815582 490379 999999999 532844 458321 489871 806584 836711 583826 125825 722728 634299 672248 745420 53851 359631 827115 840544 287061 619300 752614 392757 646642 535044 126886 651541 382545 814246 552868 114563 242082 228818 825855 916276 689722 385387 664246 222514 197075 650378 69732 380997 538461 846211 280739 893358 868526 433272 201357 360438 430523 506547 209127 725396 522818 454605 858057 461468 498077 362878 109997 745906 766917 224265 475783 694376 433032 820560 668750 368855 286900 184908 200785 700370 962851 707566 873063 313663 803996 514976 915747 505263 609437 279619 160803 500122 221912 564736 452849
726454 726338 174711 750889 508386 278084 551369 451380 199014 227495 139590 906672 116516 532844 999999999 510918 226377 1072193 831556 60350 578254 385978 583939 245537 978335 553343 198685 608624 470027 418745 783162 585362 683501 868557 145996 429286 788602 387371 871550 192356 486842 319901 312040 400957 615340 702920 205082 408632 548926 622001 897501 525033 562694 384679 479240 329063 516595 800433 646659 668960 465913 107386 715980 712745 358002 360348 131422 633644 732695 622695 654786 565504 864436 961071 395763 60950 976653 181082 869203 168199 643153 742869 354340 710049 820451 740672 869537 529151 542422 817216 874654 776696 300892 621745 398917 379929 481013 709639 836942 210855
248397 404233 679235 358986 55165 595669 496220 329213 530960 667555 528062 416027 569534 458321 510918 999999999 297579 565423 391577 518540 581404 399035 177226 452283 469024 511610 500081 398977 504239 182878 272244 314323 246037 360815 622829 354704 279690 132615 394538 666022 343781 491233 448685 541446 516432 242240 319360 305228 262247 352144 393484 514621 118881 185847 505623 550868 549456 411574 170636 410080 99268 480853 218267 478321 425761 194547 548350 428321 262377 113036 234385 564526 362540 450245 258037 460774 477610 570968 396672 676825 215350 429931 443738 486456 316180 522456 359670 508831 168906 363557 427052 459294 237133 155639 200104 449269 66020 673181 346502 301256
500554 515621 385136 594282 307727 409341 407849 263252 245020 372093 293376 680995 313560 489871 226377 297579 999999999 862969 606429 223080 578960 241842 357856 191046 766023 529227 302070 416811 356355 264807 567181 376069 505335 658358 360091 363927 568783 193620 645215 406804 402033 367978 335455 336301 461597 476559 117285 215984 413568 504098 690808 512313 373133 159045 363083 410390 409348 580607 451830 560627 278086 237695 512741 618637 237540 134268 304981 445439 543001 410579 481370 562734 640878 743404 282868 190450 773956 344001 642826 384964 466185 618018 360872 620364 597917 556582 650209 398021 373046 591191 698508 569033 74797 396067 253074 381549 258674 703616 639008 41271
432457 669473 1243226 443309 563927 1098353 936680 815658 1090545 1231207 1066756 322093 1116332 806584 1072193 565423 862969 999999999 476425 1083484 918232 912948 576203 1004437 101423 851655 1022550 781984 988228 674596 301024 706636 426499 204611 1170934 779766 313355 684900 377877 1210435 728449 968581 930045 1056826 920264 471591 871789 815579 606568 609938 175395 876134 516292 733625 985538 1027813 1018126 574911 431754 621981 609547 1027153 357267 658869 949500 749663 1089950 796460 360603 452396 459183 906587 291926 154229 730572 1018444 112241 1101970 391525 1239694 461531 553637 905017 673070 309389 824680 240200 964042 556553 448420 307469 689113 799711 507231 697072 896999 610257 935719 249354 865293
153218 202154 975425 606995 436314 975109 500638 433347 768424 917125 887278 156146 917075 836711 831556 391577 606429 476425 999999999 817036 962244 536905 250041 671010 388469 890559 873204 339471 574495 574116 282917 289720 499895 354849 965751 743530 241000 512676 98826 1012088 724285 880123 837728 663530 468308 149425 676956 456029 620114 689417 395220 898157 456717 447385 569056 938744 590463 98757 424204 737041 489171 834213 377657 801565 578750 472293 903449 344687 454473 340770 515000 945886 193644 323853 649340 795929 466071 935025 85574 979864 499863 719465 834969 813214 203745 351430 261410 533468 524192 37717 572767 213291 531654 236653 591681 840846 378872 1039394 434033 630483
720829 699361 162177 781756 522366 338040 505444 419229 139772 178452 199873 901408 171943 583826 60350 518540 223080 1083484 817036 999999999 634644 344627 573289 196725 987563 606928 258263 574615 420198 446318 789609 559071 707351 879009 191127 475312 791842 402384 863261 234603 530632 377753 367389 345836 570643 694725 232946 379370 583384 661173 910047 579652 581601 374905 429626 388990 464881 779301 664075 710517 484376 165786 729899 757336 313069 352144 190626 598060 752621 631465 679999 621478 863357 966282 432146 108346 991469 240099 859973 163524 667126 781535 408743 755408 820774 702615 873251 481203 567836 805243 900118 747702 294079 617074 427997 434265 481747 766099 853759 218543
810027 980412 710482 475443 530171 361683 976967 812827 755680 803724 455777 940693 512140 125825 578254 581404 578960 918232 962244 634644 999999999 818436 756171 750562 862290 72298 385536 940319 934808 405462 743451 868829 513400 766514 548035 234395 776388 496800 939968 555475 238473 260003 267618 909957 1022182 814922 466112 768381 347709 310459 767673 69342 506805 647669 941190 272512 987842 992519 558072 298297 482704 471141 630165 280069 816495 629897 477265 971303 581522 623892 484647 17188 870619 887090 336813 527266 806120 444289 946341 692110 491870 377161 228505 267568 825362 1077996 830733 972221 439487 929684 618849 1036623 605304 733836 395179 203912 620071 131455 681385 539317
490087 378160 478457 752855 438238 632153 170259 103980 248036 391552 500821 657669 499523 722728 385978 399035 241842 912948 536905 344627 818436 999999999 337834 153929 811534 765407 528104 237918 118126 463369 614954 249182 644147 717785 531476 595845 599648 367388 607825 576991 625147 607857 576778 145403 230873 453971 358873 98287 607090 702848 757880 750814 511351 217711 123489 646436 170686 474882 569114 762232 437322 447114 604550 825985 42075 219629 504189 257661 659536 492213 629255 801942 642526 770378 503970 383530 846025 550882 600457 489253 610876 804814 602693 830088 610542 358625 676210 156543 539235 536881 825042 419125 218639 405724 459701 623142 334577 940622 731009 282919
155028 227064 733940 502038 231773 728766 375901 239482 540790 688603 637420 332149 667150 634299 583939 177226 357856 576203 250041 573289 756171 337834 999999999 446584 474816 687238 625348 244944 414382 352197 282516 156919 383276 386120 716174 525833 263018 274333 290407 762371 519770 641286 599490 480786 377896 123157 427706 242109 438038 524874 427986 688529 282572 199343 412529 698191 448793 243997 296961 581184 273862 584199 300424 649411 375905 223626 653426 270754 371437 199836 382716 739162 306958 432556 425398 546455 515896 685446 286724 736788 363744 590656 601898 658443 272922 353085 338425 398092 342291 233335 531460 282090 283117 72413 365830 611019 139510 850295 415768 380615
601452 527150 324556 778356 476545 511827 308863 244508 97840 246184 374257 777730 361943 672248 245537 452283 191046 1004437 671010 196725 750562 153929 446584 999999999 904155 707490 414894 391107 224515 454703 703450 391906 682138 802337 387367 548601 695812 374898 732287 431316 590743 514114 490459 163767 374418 569114 287111 215102 603784 695021 839101 686937 547216 271448 233772 542308 271463 618272 619205 751670 457392 325280 670024 809458 117995 258215 372679 411548 711738 560233 661000 735189 752371 871142 473043 258007 925671 421645 726576 335389 644501 808100 524029 810963 715104 511713 776045 284575 556859 665977 872967 570749 220022 505256 443856 547478 397148 879070 798490 221921
332341 575628 1148087 395371 471450 1017907 836885 714286 991065 1132657 979002 239852 1026882 745420 978335 469024 766023 101423 388469 987563 862290 811534 474816 904155 999999999 793275 937835 683430 887192 589029 200876 606745 355257 110871 1081303 706376 211932 591881 291880 1121850 658879 891204 851480 955407 822084 371598 780065 714204 535496 551831 95129 815126 429324 633781 884597 951241 917603 485670 346296 572267 519506 937516 268602 617171 848149 650366 1001644 698852 286672 356177 387149 849495 197664 68033 649174 925777 92943 1016027 305802 1145216 386313 513224 829230 631270 209895 731901 140319 863805 475549 357736 279432 598786 701404 405825 611570 823164 511358 892448 180925 769976
738171 912393 697363 410399 459714 366892 920331 753802 720685 780724 441257 868450 500299 53851 553343 511610 529227 851655 890559 606928 72298 765407 687238 707490 793275 999999999 370033 876949 882767 338456 671457 803562 442599 696155 541479 172045 704200 432397 867693 554941 167886 246450 242406 863828 963293 743557 420562 710336 275426 242029 698424 35376 434753 586474 888735 274630 935725 922125 485881 236588 413413 448210 558326 230086 766153 569928 464624 907921 511000 551812 413402 57168 798469 816641 272887 498595 739425 437880 874098 680352 420192 319366 199187 219305 753142 1013471 759083 917327 367376 857820 555643 968406 549375 663120 329795 173629 552339 175311 612368 490920
743878 810750 327371 643752 476356 107410 698334 564869 391857 419431 71225 916029 130818 359631 198685 500081 302070 1022550 873204 258263 385536 528104 625348 414894 937835 370033 999999999 718817 630635 348807 758511 673919 604108 827281 176860 282276 774350 367953 891842 201929 344669 125672 130954 578226 756817 729706 199778 517759 439027 490109 848255 338598 508577 443048 638959 131104 681332 864075 591821 526391 422999 93412 669302 557949 510814 417893 95028 747510 664599 598865 572104 374116 861505 934390 294252 159587 917515 82069 892613 310362 565539 608326 174737 552591 814524 858634 850653 682625 466717 851231 782235 865651 365623 641876 326266 199073 495628 516047 775296 264211
352753 149724 715413 744959 452947 826138 161220 157618 485947 628082 706356 484276 716130 827115 608624 398977 416811 781984 339471 574615 940319 237918 244944 391107 683430 876949 718817 999999999 240010 541155 510088 88101 626464 610989 754277 706135 481123 444628 428048 800920 716075 772895 735353 336642 139011 313584 525573 202858 657081 749834 654279 870992 515528 295007 233436 821392 251211 257557 540613 808430 480150 650635 544280 876507 277876 315938 714539 30985 616328 444447 623408 923152 491739 629184 604166 593921 739724 757330 417460 725372 604196 827389 750611 884122 473582 141123 543172 194161 567343 351643 775134 182814 357124 313128 547499 766073 339332 1048715 654357 454984
557056 389644 529951 861860 547321 731583 98032 179091 297225 419636 595995 710813 586359 840544 470027 504239 356355 988228 574495 420198 934808 118126 414382 224515 887192 882767 630635 240010 999999999 580642 696850 289095 750269 800458 611284 713661 676366 483772 656905 654530 743267 718087 688864 102465 163894 518612 472228 199504 723046 819001 842113 867554 619882 329823 9747 753370 53034 497172 671896 878543 550829 544750 700008 942828 120857 334736 595998 246318 760161 588765 737513 918430 706649 840206 622095 478524 930146 644474 647621 544491 718768 918799 716632 947184 680192 321212 748427 65174 652045 581926 925676 417423 336762 486104 577475 737750 438459 1057873 823536 396860
428017 575050 593403 336065 140487 432605 601164 429834 506304 618251 392694 585653 444405 287061 418745 182878 264807 674596 574116 446318 405462 463369 352197 454703 589029 338456 348807 541155 580642 999999999 413419 465582 265864 478502 499065 173638 433436 99419 570807 536891 174921 315991 273782 586600 636961 424692 214341 390738 149120 242159 499826 337098 159837 259335 584870 376649 631933 592672 243160 300568 85479 356280 320517 362892 475427 248138 416383 572019 320177 258820 236319 388338 524638 587055 75224 359615 571382 427459 574265 585545 225650 353406 263533 366741 477118 675945 506318 603987 124327 545231 455928 631355 248010 338517 22542 267269 214718 507907 429224 242716
163450 427694 950890 331703 283033 845958 655034 520610 790205 932140 793812 201578 838505 619300 783162 272244 567181 301024 282917 789609 743451 614954 282516 703450 200876 671457 758511 510088 696850 413419 999999999 427031 238510 103609 892400 554622 42200 400217 217367 934520 517489 726847 685328 759779 648622 200084 589139 516974 397288 443649 145734 686929 257022 432907 695045 787638 730889 363031 186860 481831 335517 749267 114032 541103 650419 449587 815353 529969 180356 161761 262253 728601 128851 178299 481286 732561 233410 833843 228089 948869 252422 449569 669224 553949 88541 582896 93011 679180 316250 245302 291310 464239 501238 210872 435505 667382 310895 799340 154493 573280
274412 140991 709585 657120 368936 781130 230144 147867 489640 636924 669430 421721 686142 752614 585362 314323 376069 706636 289720 559071 868829 249182 156919 391906 606745 803562 673919 88101 289095 465582 427031 999999999 538551 529166 728568 634499 400327 372100 368102 775602 640027 716401 677171 374219 222741 235149 475838 180429 574740 666272 572199 799708 429469 234671 284754 767985 312873 226624 452610 724394 399628 613705 456737 792618 291253 258472 680374 115180 528352 356347 535957 851642 420003 555711 532029 562399 658646 720068 359166 717051 516779 740975 688641 800622 397247 210697 466581 257758 483190 293810 687717 193026 308309 225925 473902 702315 257391 973307 568579 410666
351882 593467 858194 118772 207670 673928 738799 574507 749886 873902 654618 440079 708461 392757 683501 246037 505335 426499 499895 707351 513400 644147 383276 682138 355257 442599 604108 626464 750269 265864 238510 538551 999999999 253907 762960 353339 276761 311717 451440 799032 303770 542547 504691 784942 753357 373565 478443 551219 180690 206795 260277 462143 135200 427958 751592 601477 795165 560604 86454 243407 227250 621225 125926 304152 669012 431972 679030 653433 68902 184627 32721 499549 367274 374175 309856 625007 317027 685258 460659 850922 40348 220100 478602 316601 325879 734118 319827 753290 141537 462958 193454 641693 462123 323472 287026 470562 311851 561577 177535 493859
259850 520179 1039013 314204 360985 908329 757899 624087 887084 1026952 868138 233638 916054 646642 868557 360815 658358 204611 354849 879009 766514 717785 386120 802337 110871 696155 827281 610989 800458 478502 103609 529166 253907 999999999 970494 600246 130309 481656 270461 1010985 555123 782822 742694 862800 749851 298278 669532 619660 431646 457246 43431 716050 318705 530997 798648 843102 834363 444626 236289 484374 408660 826696 157985 535564 752764 546231 890773 629775 185197 247785 284493 752963 166807 120615 539689 815534 129909 905285 283619 1035764 281403 435163 721617 549324 152291 676764 98124 782434 366687 319063 230023 552016 595445 314447 501037 716473 406584 806285 97295 660961
852223 869516 169229 812815 610633 195037 695400 596857 324953 291081 111084 1030765 54682 535044 145996 622829 360091 1170934 965751 191127 548035 531476 716174 387367 1081303 541479 176860 754277 611284 499065 892400 728568 762960 970494 999999999 457732 902489 492231 999310 47044 519885 295134 307280 535383 759990 831689 303544 553507 607154 664440 995559 508484 654850 518786 620691 276291 655901 940016 739613 702537 561881 143821 813951 734805 502291 493635 85588 779510 819240 730639 731958 538641 983562 1070563 456515 169848 1069852 103958 997996 148495 723251 783630 350648 729384 938068 886667 981994 671936 622257 949086 947297 920684 434543 747451 477068 374254 602607 675022 927935 335770
594324 747999 592005 369099 307223 329198 748743 581779 573595 653578 347327 741282 407482 126886 429286 354704 363927 779766 743530 475312 234395 595845 525833 548601 706376 172045 282276 706135 713661 173638 554622 634499 353339 600246 457732 999999999 581490 262423 732517 484056 62432 193243 160548 700193 791261 594385 263337 538467 173594 208279 612130 165211 300491 414583 719327 249860 766473 765819 369389 245098 255515 334659 447906 283670 598727 397884 372857 737120 420522 414578 320726 217209 675497 717168 102486 369547 669616 363133 737240 578439 320100 326076 127276 280762 628419 843606 646650 746443 238376 713143 513002 804429 378529 509829 161404 117233 387956 346800 530842 327774
129558 391527 953759 373084 298116 864663 629876 502494 784971 928920 806469 164805 849088 651541 788602 279690 568783 313355 241000 791842 776388 599648 263018 695812 211932 704200 774350 481123 676366 433436 42200 400327 276761 130309 902489 581490 999999999 410968 176131 945500 547270 748821 706884 743480 620081 168008 598971 502464 429046 480084 173739 718407 281422 427735 674050 809602 708262 322783 218319 520104 352425 760231 150978 580409 636475 446184 827297 499558 221087 175688 298808 761242 94515 175894 503677 739940 258626 847991 186489 952715 287672 490253 692918 593085 49411 547639 81488 655394 343888 203452 332366 426018 500255 194017 455053 692372 310272 835850 194472 577868
376891 489073 559541 403485 121015 465319 501862 330426 438358 563544 395704 548141 438478 382545 387371 132615 193620 684900 512676 402384 496800 367388 274333 374898 591881 432397 367953 444628 483772 99419 400217 372100 311717 481656 492231 262423 410968 999999999 524482 534720 272774 368127 325982 495749 537672 365540 188948 291728 239770 335460 510130 427631 180452 159933 487642 426204 534514 518299 261761 394872 84473 349406 328708 459123 382338 149631 416335 475587 351307 238465 288036 479612 495113 578456 159996 333901 589837 438353 525752 555175 272613 439951 327629 463744 448625 581302 489909 505211 181966 487761 504945 545731 158093 277153 102963 337448 135444 604302 451401 184655
148109 298157 1024234 549051 430320 989644 588856 503944 828219 976712 913364 57776 948439 814246 871550 394538 645215 377877 98826 863261 939968 607825 290407 732287 291880 867693 891842 428048 656905 570807 217367 368102 451440 270461 999310 732517 176131 524482 999999999 1044696 705476 884787 842251 741122 560995 168712 701709 520086 592753 651602 308005 879015 434670 488483 652200 944809 676971 197578 385711 694129 485571 862496 325585 755557 648871 511901 931516 436433 397218 318293 471524 924234 103781 226122 645028 830709 372975 959009 13936 1026785 458829 666361 834340 768040 129415 449787 173083 620357 501197 76538 496569 312099 571051 252108 590510 837241 398382 1006532 357822 664184
897388 916553 184767 844481 652107 194846 739884 643572 364782 316215 144442 1075519 96627 552868 192356 666022 406804 1210435 1012088 234603 555475 576991 762371 431316 1121850 554941 201929 800920 654530 536891 934520 775602 799032 1010985 47044 484056 945500 534720 1044696 999999999 546480 310866 328564 576244 804805 877331 346720 600376 639143 692025 1035169 520981 694144 565343 664007 283218 698274 986924 778749 727482 602381 185316 853927 756329 547075 540136 120536 826000 856716 772825 767638 547333 1027466 1112497 490632 216409 1108251 121305 1043545 162711 759636 809980 370679 750174 981738 932869 1024627 715800 659099 995115 981120 967684 481147 792703 514655 392991 647438 679500 966115 381800
572549 745503 651928 309382 291868 389588 771275 601310 622565 709083 409302 709856 469300 114563 486842 343781 402033 728449 724285 530632 238473 625147 519770 590743 658879 167886 344669 716075 743267 174921 517489 640027 303770 555123 519885 62432 547270 272774 705476 546480 999999999 252907 222182 737236 809772 576588 310634 560207 123518 145948 564003 174050 270841 431324 748319 307406 795584 754288 330657 183749 245923 394871 407233 226744 631721 417569 434856 746940 372207 387714 271731 221871 641770 673820 121249 426499 617358 425564 711211 638842 273729 263771 186535 225349 595393 850569 608026 771711 204521 692163 454631 801329 406509 495413 170320 172802 386158 333290 480824 368826
739603 846198 452312 562004 455484 136903 775643 626744 505156 544018 196435 901444 254399 242082 319901 491233 367978 968581 880123 377753 260003 607857 641286 514114 891204 246450 125672 772895 718087 315991 726847 716401 542547 782822 295134 193243 748821 368127 884787 310866 252907 999999999 42553 677472 829338 731874 251297 579583 365358 397146 798153 213978 469980 481837 725660 60803 770359 885078 547494 424666 399986 212517 626724 447583 597250 458711 218928 803006 608055 574771 509828 248447 840543 896560 245561 272534 859571 191863 887509 434722 507096 509619 66374 440711 793019 914017 819843 764392 416165 853941 706245 902530 416497 643711 295141 84108 503425 390829 719227 326788
697052 805853 456386 529273 413061 169942 743195 591168 488839 538965 201362 859071 261587 228818 312040 448685 335455 930045 837728 367389 267618 576778 599490 490459 851480 242406 130954 735353 688864 273782 685328 677171 504691 742694 307280 160548 706884 325982 842251 328564 222182 42553 999999999 652817 795504 689404 218173 544217 329481 367926 758824 213095 428654 442921 696162 102887 741470 843379 506964 399730 357562 206005 586144 428051 568273 420237 225828 765645 569444 532601 472013 254146 798409 855772 204172 259706 821617 207355 844960 440149 468550 483377 43985 422293 750887 876422 778337 733234 376038 811450 672140 862277 380091 601269 252791 69057 461359 399007 680746 294192
630740 486067 438232 890926 577719 673437 200251 241966 211851 321109 534892 793133 516909 825855 400957 541446 336301 1056826 663530 345836 909957 145403 480786 163767 955407 863828 578226 336642 102465 586600 759779 374219 784942 862800 535383 700193 743480 495749 741122 576244 737236 677472 652817 999999999 265208 593598 444045 243669 734166 828651 903082 845018 650857 356986 111467 706047 128472 591294 712010 887155 571424 487690 749506 948460 115931 354502 531237 345969 803094 637134 768450 894242 782625 912661 616794 420232 991251 580736 732734 454312 750456 935699 685111 951332 752470 423669 819036 166028 673612 667755 968330 517017 338881 549896 579566 708011 477994 1037076 876241 373131
491759 267831 690662 870862 567911 861851 66885 209501 456651 583375 731592 618067 729824 916276 615340 516432 461597 920264 468308 570643 1022182 230873 377896 374418 822084 963293 756817 139011 163894 636961 648622 222741 753357 749851 759990 791261 620081 537672 560995 804805 809772 829338 795504 265208 999999999 452595 578068 254026 765308 860307 793105 953174 635129 378454 154398 871542 146636 378134 668703 919787 586989 677633 678317 987050 257734 393485 735046 124751 748267 574818 747472 1005226 629332 767060 692144 614389 878697 781729 549666 704241 728198 946148 817142 993543 612324 162433 681898 99192 681065 484495 909344 279720 418691 448314 639462 835536 452616 1137834 791320 502651
39316 230317 855909 487994 287186 829961 465287 351964 663764 811704 747893 209004 781309 689722 702920 242240 476559 471591 149425 694725 814922 453971 123157 569114 371598 743557 729706 313584 518612 424692 200084 235149 373565 298278 831689 594385 168008 365540 168712 877331 576588 731874 689404 593598 452595 999999999 536383 361162 476060 550594 341693 750151 312075 319858 515402 790867 546759 187831 291333 601335 339769 696182 261869 667650 493558 343193 765362 331562 340214 199467 383471 798423 189030 321703 499916 662694 426326 794435 166433 858238 366635 592950 685846 678532 162259 383648 231454 492460 379094 122231 482580 272326 402343 88388 442333 691491 234095 895856 351436 496163
553729 611506 379753 548944 308619 306120 525060 376244 311940 408060 211663 730201 250184 385387 205082 319360 117285 871789 676956 232946 466112 358873 427706 287111 780065 420562 199778 525573 472228 214341 589139 475838 478443 669532 303544 263337 598971 188948 701709 346720 310634 251297 218173 444045 578068 536383 999999999 328947 350963 431876 696543 400991 358778 243462 479242 296233 525084 664651 443225 483901 262781 161834 514616 535566 352276 218462 230229 555138 528049 427403 449901 450281 680865 767396 201979 147584 773931 258220 701429 372867 438095 551240 244411 535279 635037 666451 678465 515211 337504 656690 669925 666709 168746 449815 195331 265871 303327 593097 633364 76033
396064 320059 529213 662363 347836 624826 211069 47354 312766 461285 503528 567712 513956 664246 408632 305228 215984 815579 456029 379370 768381 98287 242109 215102 714204 710336 517759 202858 199504 390738 516974 180429 551219 619660 553507 538467 502464 291728 520086 600376 560207 579583 544217 243669 254026 361162 328947 999999999 528237 624307 659646 699473 420382 132960 201549 624954 246895 404883 474080 684047 353273 447834 507025 749565 134056 142842 511736 230422 563612 394798 538050 751462 548520 674321 440827 391299 747777 554502 513699 536628 519341 720915 564120 754731 514991 341132 579799 213613 453652 451983 729245 368638 165061 308447 390673 582009 239767 885264 633084 255567
466958 664790 721468 205668 207084 499423 735528 563506 653125 758964 496416 593085 553833 222514 548926 262247 413568 606568 620114 583384 347709 607090 438038 603784 535496 275426 439027 657081 723046 149120 397288 574740 180690 431646 607154 173594 429046 239770 592753 639143 123518 365358 329481 734166 765308 476060 350963 528237 999999999 96079 440711 289648 163985 395278 726653 423135 773300 659951 210847 155810 178347 471044 285434 221978 621703 388325 521697 687157 248846 279436 148410 332339 523446 550554 153582 488168 496126 521086 599477 711175 150304 204452 300220 228236 477856 784156 486609 741624 97472 586189 343751 718930 395295 401369 161099 290701 317816 419804 358121 389514
536786 750149 791081 172226 297339 534048 831340 659364 739775 838707 553523 644620 613059 197075 622001 352144 504098 609938 689417 661173 310459 702848 524874 695021 551831 242029 490109 749834 819001 242159 443649 666272 206795 457246 664440 208279 480084 335460 651602 692025 145948 397146 367926 828651 860307 550594 431876 624307 96079 999999999 457245 266353 243500 491349 822659 449230 869337 737356 266604 59762 273475 535599 329712 126862 716819 484316 579095 779625 273220 351145 181426 297792 572440 577845 229906 561086 497698 571293 659746 779076 192831 120924 330932 134352 529490 874489 526616 837662 183315 653940 319309 803153 489849 482047 251215 314832 410651 355789 370927 477441
303282 563282 1069129 304158 389115 926098 800658 665209 922443 1060895 891608 267239 940966 650378 897501 393484 690808 175395 395220 910047 767673 757880 427986 839101 95129 698424 848255 654279 842113 499826 145734 572199 260277 43431 995559 612130 173739 510130 308005 1035169 564003 798153 758824 903082 793105 341693 696543 659646 440711 457245 999999999 720072 341061 567659 840443 857964 876563 486334 256722 479344 434175 851770 181935 526523 792313 581996 914710 673168 191878 281012 292308 754747 204331 129381 557570 843363 88203 927285 321463 1065224 292053 423731 735655 540518 194156 719945 135000 824914 383529 359978 202783 594516 629703 356014 522339 729091 442326 800463 86511 691589
746578 912147 665920 436963 464212 332026 908399 743767 696355 752059 409776 881960 468315 69732 525033 514621 512313 876134 898157 579652 69342 750814 688529 686937 815126 35376 338598 870992 867554 337098 686929 799708 462143 716050 508484 165211 718407 427631 879015 520981 174050 213978 213095 845018 953174 750151 400991 699473 289648 266353 720072 999999999 444608 578357 873799 239846 920580 926108 500426 266265 415600 419062 574673 263876 749794 560679 432754 901975 530920 561611 432008 52208 812881 836231 267684 471487 763910 404692 884941 648579 437490 350370 170912 253480 767001 1008749 775831 904096 377817 866177 583134 968445 536776 667999 326282 145392 551812 192162 634462 473134
303795 506784 736538 241982 73179 591329 614904 446882 616691 743967 550553 440943 600207 380997 562694 118881 373133 516292 456717 581601 506805 511351 282572 547216 429324 434753 508577 515528 619882 159837 257022 429469 135200 318705 654850 300491 281422 180452 434670 694144 270841 469980 428654 650857 635129 312075 358778 420382 163985 243500 341061 444608 999999999 294154 621722 530749 666244 496481 84810 298803 97234 511167 160736 366952 534955 297130 573664 544305 171070 117103 117907 490745 375129 427936 224488 506347 415611 586764 440376 730887 99622 311946 412279 376228 327964 634550 349958 626880 67507 423340 326284 559654 327205 239011 182360 411050 184212 583786 274600 364873
346322 368171 536355 535261 220975 549582 342031 170500 357499 501349 445991 526786 471169 538461 384679 185847 159045 733625 447385 374905 647669 217711 199343 271448 633781 586474 443048 295007 329823 259335 432907 234671 427958 530997 518786 414583 427735 159933 488483 565343 431324 481837 442921 356986 378454 319858 243462 132960 395278 491349 567659 578357 294154 999999999 332745 533374 378881 424278 356291 551088 221039 391298 400625 616653 241058 25531 460010 325810 448220 289604 411969 630563 491800 603620 314196 348955 654338 495535 485481 538400 393772 589002 456139 621914 451291 435292 508827 346462 322295 432544 612654 423638 84295 243604 261031 471162 126277 760294 529037 185436
553982 382907 539698 863661 549326 740165 88807 178977 306948 429247 604788 706367 595530 846211 479240 505623 363083 985538 569056 429626 941190 123489 412529 233772 884597 888735 638959 233436 9747 584870 695045 284754 751592 798648 620691 719327 674050 487642 652200 664007 748319 725660 696162 111467 154398 515402 479242 201549 726653 822659 840443 873799 621722 332745 999999999 761336 47265 490844 672729 882252 553782 553376 699786 946761 128645 338345 604963 238885 760607 588798 739227 924770 703124 837081 627209 487263 928411 653370 642781 554232 720425 921731 723608 951244 677194 312245 745602 55519 654764 577016 926037 409864 341902 484448 582038 744589 439741 1063903 822850 403726
799262 899775 441647 616706 515906 92311 815758 672292 522896 545236 193585 961940 244581 280739 329063 550868 410390 1027813 938744 388990 272512 646436 698191 542308 951241 274630 131104 821392 753370 376649 787638 767985 601477 843102 276291 249860 809602 426204 944809 283218 307406 60803 102887 706047 871542 790867 296233 624954 423135 449230 857964 239846 530749 533374 761336 999999999 804945 941608 608002 472453 460410 224505 687242 489537 632700 509582 211534 851139 667462 635460 568759 264116 901254 957141 306355 290104 918403 173340 947380 422390 566522 558237 122963 481505 853731 962406 880631 802507 476533 913027 761957 955877 464269 702592 355675 134737 561138 398733 778495 369788
