NAME : synthetic_000617
TYPE : CTSP-D
DIMENSION : 100
GROUPS : 8
RELAXATION_LEVEL : 1
EDGE_WEIGHT_TYPE : EXPLICIT
EDGE_WEIGHT_FORMAT : FULL_MATRIX
EDGE_WEIGHT_SECTION
999999999 239779 713247 570463 280088 302478 426192 626905 256549 491402 91397 747036 985448 158366 521818 816546 769072 585638 973494 763968 233210 896025 447295 941364 449808 308098 562418 431943 1104937 420571 1074772 103687 177884 711748 260882 335536 929434 821396 966803 378829 987857 705823 988495 519341 1021505 888877 1074800 859045 793384 451009 799345 857085 790465 124709 1186028 795788 1220267 891364 729676 961621 223403 890238 1150860 488613 649264 287261 980913 133661 211472 971306 534698 847767 530208 1005275 825209 957136 24593 790827 852567 799269 459077 534969 626572 595130 712494 668738 374108 758258 859734 294696 1088426 980108 458317 1002145 1200355 507365 925044 192690 971892 793135
239779 999999999 599958 364928 218611 97284 207251 431328 39941 330831 153656 534563 774588 226089 327636 618916 677712 354116 736313 525735 64952 683160 261361 730472 351480 237380 325991 352263 893888 328161 867715 157283 111678 545978 146393 147030 700710 629286 763599 202664 755439 612371 767769 292677 841905 701317 836831 628032 640927 300149 560226 713401 701009 115525 967859 558854 1006483 705908 549197 755204 36470 654476 917978 417353 601126 59552 758588 146012 30457 797752 479014 616235 327064 819205 677471 728763 239371 582879 625573 578150 366089 411520 577459 356308 494077 529076 229420 532794 620878 144841 855363 741787 409311 768043 980011 345780 699793 233772 732117 684100
713247 599958 999999999 348161 434242 505747 688820 296758 560045 279107 684902 378432 1087795 559777 331649 327803 96993 701986 875917 596939 664696 1007103 780306 1052263 264252 406142 652863 281782 577811 293195 534938 706084 701152 174987 744704 455787 935933 305358 438117 401083 642710 60199 1036360 699375 390037 321636 782564 550990 147595 301513 636301 168635 118343 639357 681210 588748 685792 315001 231142 449936 635657 621754 766435 232169 187490 549348 1020403 715154 619483 331932 212502 854355 789367 397676 153461 959383 731991 367985 893282 892497 254216 188635 187110 552630 847410 99765 800119 461227 661407 458982 720886 858439 273793 671313 705937 267473 539750 525791 781966 84149
570463 364928 348161 999999999 337656 274506 369636 72176 330862 138859 503400 177017 747578 463752 57281 254056 444765 354971 570350 288812 418775 663763 460949 710097 263445 320466 306346 295732 534707 273446 505758 514839 476322 215888 484440 235171 606016 265727 399680 194682 444459 391489 702813 359754 481760 338878 559949 317525 317729 170340 332092 394650 466499 455932 616303 298403 649808 344457 197782 392646 399450 370570 603879 323824 459860 305403 687762 509305 393790 442231 375247 520072 453022 456289 356815 631531 579413 220749 555044 547720 274246 224094 442524 205113 499403 249644 503660 206778 376496 278186 543803 559986 358083 465238 631617 133113 364790 441409 505316 421341
280088 218611 434242 337656 999999999 167357 400268 377760 187486 226268 254443 510271 946786 135981 281397 560597 495722 510400 850701 593389 277457 855202 471611 903675 170101 28109 468815 155641 856046 141049 822033 277605 290329 438866 357512 150088 845375 560790 712227 152986 780957 431112 926253 465259 750030 623585 889754 652591 515301 184333 634912 577401 517972 212396 945050 615081 972943 624720 463765 710357 245564 699231 941325 217569 394607 199402 914582 292005 223562 697752 273030 756693 523823 737307 546109 873382 298011 546324 776741 742006 180287 255168 370905 443830 665655 389539 448018 543075 689438 99761 880874 848570 198338 800500 962442 241396 702196 107270 814601 515370
302478 97284 505747 274506 167357 999999999 234255 338045 58611 233835 229428 448451 781808 233557 233075 527203 586233 346798 705638 469769 160292 690049 311076 738404 266004 176387 308189 272430 807975 245969 780005 240336 207420 448913 239057 50246 687909 536122 674177 105878 686176 521222 764675 298428 746875 607373 778271 557065 543643 204594 507940 616207 609644 182714 885854 498622 922071 611562 453506 666990 133749 591058 849193 336326 520351 43960 753704 235974 122724 701825 399839 600189 357387 725260 580217 716072 308524 494778 616738 578282 281357 318120 497002 305618 499985 432464 303773 455814 566713 69726 786895 707077 335642 701291 899402 248651 622709 226647 685353 589861
426192 207251 688820 369636 400268 234255 999999999 441287 220766 411819 334806 496769 567680 433023 362727 601744 779228 164504 556466 400219 193008 476462 92138 523522 484571 410636 156428 497691 835048 469701 817729 325824 252655 584002 193597 268091 503414 620570 726014 308626 647225 717115 563965 94865 838092 694166 700311 531422 685859 399705 423938 762683 802505 311614 891433 440129 938224 701675 566616 712079 207550 536645 802825 558446 738990 201785 555696 300205 225904 804816 622626 423164 123644 807033 724863 531035 418345 549633 426386 374221 500385 514027 716452 244724 288546 599482 147418 462057 484397 303965 741289 567097 564474 652826 898282 422000 616995 438294 576424 770061
626905 431328 296758 72176 377760 338045 441287 999999999 395720 156387 564606 136399 791111 509695 105696 190045 393634 416944 591508 308131 487268 710454 532309 755511 272013 356937 369481 306074 480244 288768 448389 577611 543001 147918 554835 294933 641406 198114 339928 248078 422133 346037 740935 427360 411722 270043 548064 302341 248785 196458 349905 325464 414183 516579 567380 307948 596723 274924 125629 335478 466553 364397 575580 319890 430643 371841 725210 573979 459427 370814 362250 558455 521290 387900 287762 665604 637499 168564 596722 596265 279417 210272 415976 260496 554790 197036 575833 193742 385179 332264 518047 577564 360115 445950 584691 144180 332392 484365 512481 363775
256549 39941 560045 330862 187486 58611 220766 395720 999999999 291274 176884 502956 783757 216376 291162 584335 638113 355623 729850 507943 104710 692002 285141 739839 312747 203825 322909 314735 862606 290042 835466 185122 148809 507437 185685 107592 701596 593832 730376 163092 732163 572809 772763 298853 805231 665380 818492 603804 601777 260244 544130 673967 661432 132755 938619 539296 976025 669702 512000 722640 76116 633709 895072 379698 563767 30814 762837 178485 64138 760379 441911 615561 343645 783284 638157 729757 259634 550281 627887 583963 327529 371643 540157 339920 501893 489305 262678 505619 604124 106445 832553 733634 373475 745932 951477 306326 672795 218267 718796 644189
491402 330831 279107 138859 226268 233835 411819 156387 291274 999999999 440993 292516 865212 361269 86738 334406 367525 447360 706112 426609 394069 778057 502585 825657 124617 203311 398084 156958 630272 135676 595855 458085 438552 221667 471594 183805 733060 334716 486000 128184 575134 305358 826687 432411 530121 399014 695844 451254 311448 41938 469943 382760 390856 392832 720778 437255 747245 400847 239137 484473 367266 507703 730894 188225 343440 275949 812383 460716 354147 480533 244526 645309 518176 514399 347208 759461 505067 323459 676620 660880 135853 105294 323351 319969 602080 199005 521281 340309 515326 202524 672545 697001 219793 597658 738997 16003 488166 333537 644136 362160
91397 153656 684902 503400 254443 229428 334806 564606 176884 440993 999999999 677879 895408 170047 458924 754549 749907 494485 883118 679361 141815 805654 358648 851276 421480 281814 472139 409939 1037382 393292 1009140 25923 89591 662582 176365 269674 838040 761879 902770 319205 908093 685065 897425 427977 968332 831680 990460 780133 750345 403147 713580 818094 772273 48346 1114886 712473 1151478 835101 674591 896045 133295 807946 1070835 471836 644995 206548 889727 53468 123911 920554 525158 756484 440127 949192 784337 865739 86406 723985 761174 708084 433093 499671 621532 509860 621425 629513 290402 682502 774339 238552 1008250 890241 448997 921180 1128043 456930 849678 198197 884295 767351
747036 534563 378432 177017 510271 448451 496769 136399 502956 292516 677879 999999999 736231 639387 229986 111543 469771 425534 500237 231653 583521 664462 581520 705541 407526 490786 385531 441674 359659 425032 333359 687984 644469 203749 641774 411508 573426 136985 232310 371515 288227 435641 675822 456959 345812 205211 419237 176383 277531 331869 265943 343596 486701 630934 439300 214828 473702 214631 149395 221607 567494 244977 439370 450976 539765 475688 659108 680350 564302 321221 487523 499239 549879 311874 310704 594455 755439 52905 542947 558108 414156 339469 528417 267684 536002 286823 641494 85365 283927 455192 382420 481228 493093 313390 454685 280569 196046 615773 403635 426049
985448 774588 1087795 747578 946786 781808 567680 791111 783757 865212 895408 736231 999999999 999294 782742 835920 1184534 436632 299532 504802 756161 91830 539404 44200 977182 949872 480641 1001382 892298 973366 903444 882050 807604 925475 728691 798583 173125 864894 870884 817096 631367 1136344 82760 485198 1030047 917425 559373 614376 1012031 876058 474526 1079826 1204663 877645 883453 527915 942091 928790 878734 848302 774330 554334 698925 1049356 1205398 759957 97975 853153 793427 1028483 1109029 236994 455295 987662 1046533 163375 973838 772627 194803 206386 991775 966060 1186733 546014 282153 988131 622853 652655 480506 847049 664086 331450 1071057 611465 872714 866866 690600 1001725 427350 1150797
158366 226089 559777 463752 135981 233557 433023 509695 216376 361269 170047 639387 999294 999999999 409402 694958 611979 571731 939107 698736 261175 907642 483808 955274 299349 161992 537354 278072 989478 270113 956209 195961 241326 574729 326111 244426 917036 695984 846602 270251 901758 549340 989136 514966 885883 759402 1003276 772432 649354 319380 738276 709303 633102 148897 1076779 724783 1106194 760630 599519 844056 234553 813727 1063718 331951 491061 242797 979163 221095 212444 833349 376457 830336 553042 873284 679097 945218 180385 677892 843899 800297 306936 387860 468293 538069 717795 522774 434833 665159 795788 191642 1002367 940619 300200 919560 1093422 376646 827964 34506 916888 638140
521818 327636 331649 57281 281397 233075 362727 105696 291162 86738 458924 229986 782742 409402 999999999 295722 426056 373714 619410 340593 385474 696704 454864 743896 210471 263568 324244 241739 583743 218299 552976 472103 439232 226040 456150 189257 647555 303300 445096 143223 501640 368261 742125 367729 514273 374297 616965 374804 326520 114044 383915 402655 448703 410884 668148 352862 699705 378541 222054 439852 363327 427315 660730 274822 422860 268433 727591 469025 355134 470618 329816 560201 458064 492185 365094 673754 532053 270001 592617 579747 222324 183318 403993 236728 524919 237989 487520 264043 430647 227510 600837 610511 306212 522512 684279 84941 420811 386057 559311 410156
816546 618916 327803 254056 560597 527203 601744 190045 584335 334406 754549 111543 835920 694958 295722 999999999 408437 536932 583238 332530 672520 767808 688479 807269 430429 537606 496354 463822 296530 453279 261449 767229 730369 163218 736054 484890 669061 29269 151655 437842 315721 387918 771637 566712 236660 94003 456466 239243 198520 376306 361538 251571 421672 706570 390726 308304 413513 103135 111007 150798 653507 310863 441601 457236 507301 559372 754626 762810 647606 209692 480282 599667 660131 205716 224075 688244 827430 64134 644810 664453 433132 348016 500493 378407 646045 254420 744309 185482 366923 521852 393670 560722 502956 344716 411114 319584 212488 667858 473662 356475
769072 677712 96993 444765 495722 586233 779228 393634 638113 367525 749907 469771 1184534 611979 426056 408437 999999999 797904 969184 691883 742663 1104045 870110 1149141 330243 468129 748668 340082 632808 357337 589208 772452 774316 266315 823753 537089 1031832 383317 501303 483873 723962 65465 1132526 793513 424892 385742 864882 639205 213280 384934 730646 198647 23464 706261 736505 682229 734313 377253 320691 515993 712603 710617 838845 280499 161101 630170 1116491 784232 695009 368713 239881 950742 882553 441382 201903 1055038 789381 454601 989949 989487 317493 269012 173046 649452 944135 196732 885358 553770 753614 534004 796882 950893 313346 753082 762417 357309 620707 577488 872100 61148
585638 354116 701986 354971 510400 346798 164504 416944 355623 447360 494485 425534 436632 571731 373714 536932 797904 999999999 391994 266621 353399 345318 201352 393862 549289 513249 49488 570773 727004 542375 716483 487626 415667 564558 357440 361954 346648 560949 637610 382602 512112 741649 418213 70386 770106 630743 547658 409996 663945 450750 280087 739672 820095 466325 770053 308442 821117 640067 532445 620222 362935 399574 659723 623178 790635 329124 407712 463220 378029 746576 685240 262512 135218 734015 702466 374736 579535 476567 272271 231681 564505 552187 770122 160574 158109 604345 290345 367579 337250 410748 600001 402753 640519 513095 773349 452321 500750 570568 416938 776309
973494 736313 875917 570350 850701 705638 556466 591508 729850 706112 883118 500237 299532 939107 619410 583238 969184 391994 999999999 283657 743545 275955 577364 291154 829392 844952 411077 859446 596168 834130 610346 877937 806992 702894 748686 703293 136026 612402 589936 701322 336554 930939 218772 461845 751110 653431 261683 345935 775068 729405 241616 834579 986648 851282 583931 287171 642571 665040 649584 566900 750116 277092 401729 893652 1022123 700320 202238 854452 762845 757341 945424 152652 491638 708171 805224 136884 969007 524397 183206 251747 841658 793354 1007055 406937 319378 779934 670541 415519 217179 757316 364644 32006 925443 314502 573295 702608 408123 931144 129498 926267
763968 525735 596939 288812 593389 469769 400219 308131 507943 426609 679361 231653 504802 698736 340593 332530 691883 266621 283657 999999999 552810 435286 462217 475003 550985 583271 248132 582283 465167 558265 459097 680886 619126 427114 584987 454663 342347 361174 394040 440490 247832 650344 444509 324568 543341 418262 311100 145912 508617 453301 43334 575173 710474 639350 503560 41832 555237 429266 377030 373820 549181 136439 402913 612621 738595 477130 427909 663646 555518 532848 662797 267895 401754 503051 542318 364218 765008 268678 312419 334190 562451 510341 723409 169682 328688 499308 544034 147932 97075 508459 341139 271474 646388 252620 506750 421849 237614 684847 221593 652804
233210 64952 664696 418775 277457 160292 193008 487268 104710 394069 141815 583521 756161 261175 385474 672520 742663 353399 743545 552810 999999999 665823 225117 711972 416096 298191 333480 416033 941237 392393 916775 134403 66329 606834 81833 210495 696242 684369 814538 266164 789849 677319 756184 286297 898874 757121 862850 664598 702979 364411 584286 776090 765959 122373 1011587 588428 1052228 762186 607527 805032 31927 685315 951222 481160 664559 118698 748272 112158 54234 856080 542298 614972 301692 874813 739884 723929 226151 633260 619361 566656 430592 476343 640852 383637 480266 592755 175702 574654 645495 209489 888642 751728 471518 800499 1022518 408768 740514 275724 750482 748844
896025 683160 1007103 663763 855202 690049 476462 710454 692002 778057 805654 664462 91830 907642 696704 767808 1104045 345318 275955 435286 665823 999999999 451404 48549 888343 858540 389978 911972 849199 883845 856442 792843 718331 848143 640744 707239 140027 796390 814753 726617 589383 1054202 109131 393383 971422 852604 536177 556068 937557 787583 409549 1007234 1124625 786984 850325 462714 908610 863766 803387 792674 683446 501740 675967 960963 1119560 668135 111637 764252 702323 965852 1021209 171588 365918 929660 973014 146281 884927 703892 124296 117199 903085 879899 1100494 460301 190323 907337 537020 582762 424872 755451 634589 307193 981715 572684 842171 780286 637739 909926 394392 1072419
447295 261361 780306 460949 471611 311076 92138 532309 285141 502585 358648 581520 539404 483808 454864 688479 870110 201352 577364 462217 225117 451404 999999999 495531 570004 485224 214566 580894 911213 553390 896243 343624 269603 675784 189366 350424 503714 708301 808052 394989 709807 807584 549036 137649 925126 781564 748925 600641 777681 488705 479820 854540 893437 347096 962109 503553 1010965 789410 657348 793099 249372 597595 860208 643082 825243 272965 543371 314210 271375 893400 707204 432664 88755 892999 816708 529899 434774 634408 425603 364053 585770 603807 802405 320852 276805 691488 93239 540562 538038 380032 799959 592549 646037 712426 967217 513154 689017 494530 616185 861815
941364 730472 1052263 710097 903675 738404 523522 755511 739839 825657 851276 705541 44200 955274 743896 807269 1149141 393862 291154 475003 711972 48549 495531 999999999 936478 907075 438488 960258 876579 932157 885771 837996 763536 891829 684861 755774 157459 836054 848527 775115 615797 1099963 90814 441415 1006521 890578 552820 590567 980017 835605 446998 1048876 1169537 833445 872690 500401 931220 901843 846179 826182 730134 533284 692855 1008974 1166740 716184 100566 809149 749247 1002860 1069049 207847 411182 964432 1015061 154921 929838 743593 162633 165152 951178 927167 1147814 507293 238509 952516 579495 622886 457718 803920 654746 323091 1029987 597433 863214 827687 669691 957872 415489 1116622
449808 351480 264252 263445 170101 266004 484571 272013 312747 124617 421480 407526 977182 299349 210471 430429 330243 549289 829392 550985 416096 888343 570004 936478 999999999 141991 501257 34173 725742 29309 688256 443307 444417 287460 497831 220723 851395 424342 578758 176020 694120 264894 942783 523442 595089 478880 817995 572618 352023 101832 594316 410007 353113 376792 821145 561847 842313 478149 323570 580764 385225 630951 846783 74586 255398 309415 928991 454169 366552 540431 138422 762947 601132 587085 380343 878236 468074 431539 791981 771328 15815 90640 232427 436346 706829 224766 569769 462175 639934 206643 789852 820916 96203 717670 841209 131547 603357 266336 768747 345987
308098 237380 406142 320466 28109 176387 410636 356937 203825 203311 281814 490786 949872 161992 263568 537606 468129 513249 844952 583271 298191 858540 485224 907075 141991 999999999 470198 128129 833583 112947 799029 304678 314703 412880 379081 151301 844107 536970 689114 143848 764758 403404 926950 471241 723993 598797 876109 637020 488021 161571 625290 549639 490461 239042 923623 603395 950554 599686 439190 687783 266273 685594 924287 190866 369778 212261 914895 318265 244872 671358 247749 755187 533728 711907 518542 871996 326109 525355 776811 744350 152249 227430 346036 438164 669753 361989 466126 526862 678660 106732 864263 841788 174233 784955 941430 218025 684007 131624 804817 487337
562418 325991 652863 306346 468815 308189 156428 369481 322909 398084 472139 385531 480641 537354 324244 496354 748668 49488 411077 248132 333480 389978 214566 438488 501257 470198 999999999 523384 699330 495067 686419 467635 398075 517319 348567 319262 380000 519461 603311 336649 495955 692239 457483 77394 731181 590348 543973 386322 617272 402163 268669 693313 770909 440473 747785 289225 797160 599343 486728 586848 339050 384136 648789 574923 741439 294817 446033 445197 351953 705570 636708 292983 165273 696115 655949 408182 558174 437405 308647 274494 516374 502822 721018 117950 205573 555449 296400 333195 328619 369645 587790 418330 593168 499704 752677 402913 475363 534042 420978 727587
431943 352263 281782 295732 155641 272430 497691 306074 314735 156958 409939 441674 1001382 278072 241739 463822 340082 570773 859446 582283 416033 911972 580894 960258 34173 128129 523384 999999999 758729 28520 720954 432762 439502 318623 497838 230487 878525 457199 611623 191490 728140 275539 968786 541627 624310 510530 851595 606338 378898 130115 625591 433842 362353 366924 854545 594032 875176 509487 356333 613965 384580 664212 880947 65127 249036 314744 955239 445729 364749 569062 127523 789838 616408 617472 405600 905561 451246 465627 817818 795197 31954 120321 225447 463392 728735 251698 575273 495772 672025 208444 823976 851549 69788 751599 874761 164820 637523 244239 800793 361207
1104937 893888 577811 534707 856046 807975 835048 480244 862606 630272 1037382 359659 892298 989478 583743 296530 632808 727004 596168 465167 941237 849199 911213 876579 725742 833583 699330 758729 999999999 749288 43660 1047642 1003203 445598 995549 769874 720203 301583 147316 726945 260971 635387 813898 776428 230212 258404 361256 319258 430231 672058 467103 435866 637703 990258 103769 424373 117005 263628 402481 145841 926373 352974 258514 746984 765301 835199 796969 1039798 923750 274259 762000 680995 861561 198474 431850 729277 1114120 314111 728484 772941 727579 640838 763816 591156 787429 530858 982417 373368 431018 811207 252760 565324 793490 281667 129695 615699 227554 963197 466676 572237
420571 328161 293195 273446 141049 245969 469701 288768 290042 135676 393292 425032 973366 270113 218299 453279 357337 542375 834130 558265 392393 883845 553390 932157 29309 112947 495067 28520 749288 999999999 712345 415398 418472 313829 474222 202991 851461 448344 602613 163036 709976 292167 941274 513117 622601 504523 831517 586804 380650 105013 601520 439201 380027 349034 843724 571139 866051 504119 347884 603938 361195 643278 864342 90357 274489 288725 927815 426913 341930 568278 154066 762689 588122 613826 409342 878578 438933 451489 790273 767131 39863 118857 251073 436437 700365 253497 549383 475920 648946 183599 806685 826734 98145 732883 863358 145312 621078 237200 777591 374566
1074772 867715 534938 505758 822033 780005 817729 448389 835466 595855 1009140 333359 903444 956209 552976 261449 589208 716483 610346 459097 916775 856442 896243 885771 688256 799029 686419 720954 43660 712345 999999999 1020173 977814 405916 973409 740546 730597 264003 109986 696125 273824 592280 826435 763007 189055 216791 385715 314235 387343 637755 465074 392206 594048 961684 147302 419406 154719 221475 364687 113186 900825 355913 292942 707447 722409 808661 809351 1013328 897322 231229 721030 686590 850127 155633 388378 741197 1084615 285239 734289 775543 689605 602367 721206 575423 785181 489946 964783 355919 433968 780408 280180 580175 754075 297438 173354 581005 223725 929288 481148 528609
103687 157283 706084 514839 277605 240336 325824 577611 185122 458085 25923 687984 882050 195961 472103 767229 772452 487626 877937 680886 134403 792843 343624 837996 443307 304678 467635 432762 1047642 415398 1020173 999999999 74525 679323 157776 283119 829141 775385 914513 334352 912617 707460 886186 419963 983518 845823 991842 785312 768448 421079 714093 837013 794931 66758 1123586 714923 1161146 849528 689648 907223 131816 810981 1075057 495167 669417 213487 878900 30860 126842 936471 549214 748735 426937 963534 802886 856680 92679 734935 751881 697319 455250 519986 645906 511205 610278 648692 271556 689559 775088 255652 1012433 885956 473224 924955 1136213 473946 856668 224050 882887 788854
177884 111678 701152 476322 290329 207420 252655 543001 148809 438552 89591 644469 807604 241326 439232 730369 774316 415667 806992 619126 66329 718331 269603 763536 444417 314703 398075 439502 1003203 418472 977814 74525 999999999 656110 87842 255804 755523 740933 874387 310741 855662 708863 811761 347233 953501 812995 929170 730002 749749 405378 650584 821213 797332 92435 1075152 654654 1114981 817576 660584 865583 77042 751481 1017221 504069 684477 171174 804559 47575 84777 909060 562418 675819 352436 930883 785758 782974 166990 693397 678099 623018 457906 512674 660736 449898 535903 635141 201477 638651 711800 242230 954624 815891 488561 866551 1086521 453883 804969 263108 816253 785023
711748 545978 174987 215888 438866 448913 584002 147918 507437 221667 662582 203749 925475 574729 226040 163218 266315 564558 702894 427114 606834 848143 675784 891829 287460 412880 517319 318623 445598 313829 405916 679323 656110 999999999 680302 400393 768656 147477 298595 346189 472058 233213 870149 574827 311164 192201 610526 376178 101935 260915 465019 178856 283918 614370 545126 416054 560635 190870 56768 304513 582339 446796 604438 301532 345949 488283 853837 680859 571335 259595 318766 689721 668509 300114 141008 791162 726103 194526 730702 736124 286778 198480 338041 406811 699468 91323 713126 287455 487374 424039 555089 684623 348169 500073 567362 205695 370092 544308 607058 225874
260882 146393 744704 484440 357512 239057 193597 554835 185685 471594 176365 641774 728691 326111 456150 736054 823753 357440 748686 584987 81833 640744 189366 684861 497831 379081 348567 497838 995549 474222 973409 157776 87842 680302 999999999 289212 687189 749771 874003 344570 828480 758473 737427 287141 966179 823209 890458 706933 778015 443644 612318 852039 847085 178015 1060939 623103 1104076 828896 677525 863091 113327 720401 987408 562965 746265 195858 731208 127276 134209 925381 623975 611115 276016 940299 815431 714087 246662 692921 609164 550602 512373 556699 722549 419897 463084 670594 114048 624355 673374 291191 925214 760176 552814 836611 1070249 485879 787380 345317 769461 828838
335536 147030 455787 235171 150088 50246 268091 294933 107592 183805 269674 411508 798583 244426 189257 484890 537089 361954 703293 454663 210495 707239 350424 755774 220723 151301 319262 230487 769874 202991 740546 283119 255804 400393 289212 999999999 695300 492380 633527 55686 660420 472250 776487 321221 700929 562710 759022 530936 494210 154450 494695 566405 560525 221690 850527 480358 884904 566478 407134 627366 183476 569812 823085 292909 476040 93562 764685 281572 171069 654893 356937 606650 388863 680446 530565 723315 344247 455851 626766 593158 236350 268541 452933 297535 518545 382272 350316 426164 551651 54279 761222 702456 296457 677139 865056 198766 591807 230523 673868 539873
929434 700710 935933 606016 845375 687909 503414 641406 701596 733060 838040 573426 173125 917036 647555 669061 1031832 346648 136026 342347 696242 140027 503714 157459 851395 844107 380000 878525 720203 851461 730597 829141 755523 768656 687189 695300 999999999 698234 698252 704111 459247 987260 102601 410268 857855 748020 397060 442830 850805 749583 308166 916204 1051036 812123 715245 360962 773767 759478 719319 675595 708231 381486 537050 920685 1065770 674264 85715 802919 724150 857729 977316 89072 415004 815343 884040 28185 921727 606597 78145 143819 865083 829169 1048533 415156 227960 837043 595776 488585 308644 747395 497587 167490 947162 440290 705925 732495 517627 914030 258051 994523
821396 629286 305358 265727 560790 536122 620570 198114 593832 334716 761879 136985 864894 695984 303300 29269 383317 560949 612402 361174 684369 796390 708301 836054 424342 536970 519461 457199 301583 448344 264003 775385 740933 147477 749771 492380 698234 999999999 154427 443591 340770 365557 800817 588666 217979 73895 481889 268068 171780 376621 390602 222616 395850 713706 399062 337413 417986 81123 100898 157896 664336 339564 461538 446654 487376 569760 783814 772078 657509 186240 466226 628530 682455 190580 195829 717474 833044 92500 673544 692481 426002 339367 481582 401578 672769 237393 761784 213758 396164 527041 415589 589769 492882 370016 420675 319415 237568 667993 502278 330173
966803 763599 438117 399680 712227 674177 726014 339928 730376 486000 902770 232310 870884 846602 445096 151655 501303 637610 589936 394040 814538 814753 808052 848527 578758 689114 603311 611623 147316 602613 109986 914513 874387 298595 874003 633527 698252 154427 999999999 587981 267039 497060 798240 678318 161229 116606 401247 258809 291755 527916 408972 310956 508952 855062 246895 358238 263560 124213 255298 23079 797347 316874 343320 599795 625061 704261 780966 908678 792879 176341 615994 643167 768473 118264 299645 712559 977132 181327 690640 723844 580399 493540 622113 488355 722555 385023 871958 270274 390835 672191 311091 562249 646256 295723 269995 471097 181903 819493 465199 442292
378829 202664 401083 194682 152986 105878 308626 248078 163092 128184 319205 371515 817096 270251 143223 437842 483873 382602 701322 440490 266164 726617 394989 775115 176020 143848 336649 191490 726945 163036 696125 334352 310741 346189 344570 55686 704111 443591 587981 999999999 632118 419397 789701 350339 649260 512669 737715 503030 439014 99582 482170 510892 507334 270876 810586 462189 842818 515946 355435 583032 239089 547318 793719 250196 430517 148723 777048 334735 226158 602188 314306 615047 425464 630052 475171 731806 389641 413072 638892 610756 191834 214888 407877 294815 540670 326593 401759 395038 536457 84291 732569 697953 260365 650605 826198 143271 557863 250214 661829 485079
987857 755439 642710 444459 780957 686176 647225 422133 732163 575134 908093 288227 631367 901758 501640 315721 723962 512112 336554 247832 789849 589383 709807 615797 694120 764758 495955 728140 260971 709976 273824 912617 855662 472058 828480 660420 459247 340770 267039 632118 999999999 702596 553331 572187 426048 355882 141305 129485 512280 611981 233094 554436 736603 864908 268191 207163 324568 366982 415562 244367 782494 112541 163023 739202 817724 701874 536334 898226 785826 442563 774552 423206 646348 383400 533110 468466 991797 278554 470238 518884 701461 627658 808711 408652 543496 562246 791764 237928 183075 710846 100816 306364 781167 29684 266228 564671 103259 882263 207333 670752
705823 612371 60199 391489 431112 521222 717115 346037 572809 305358 685065 435641 1136344 549340 368261 387918 65465 741649 930939 650344 677319 1054202 807584 1099963 264894 403404 692239 275539 635387 292167 592280 707460 708863 233213 758473 472250 987260 365557 497060 419397 702596 999999999 1086970 734432 441253 380467 842253 609357 205563 320857 690434 215058 88650 641181 738980 643882 741975 373464 289782 509337 647205 679785 826578 217393 131434 565174 1071224 718987 629561 383434 182362 904471 822374 451800 206441 1011197 725825 427138 942321 938724 252307 204809 134970 596590 890282 151088 821092 517409 717516 468569 781081 914174 252817 731123 763978 295974 599714 514903 839256 94715
988495 767769 1036360 702813 926253 764675 563965 740935 772763 826687 897425 675822 82760 989136 742125 771637 1132526 418213 218772 444509 756184 109131 549036 90814 942783 926950 457483 968786 813898 941274 826435 886186 811761 870149 737427 776487 102601 800817 798240 789701 553331 1086970 999999999 475123 958391 850205 477222 544270 953098 841013 410746 1018745 1151963 875546 802410 463563 861053 861684 821286 775456 771409 481401 616572 1013337 1162595 747009 17277 858447 789029 959370 1071213 182850 461413 915744 986486 85725 978750 709198 151038 189799 956858 924750 1144854 506977 276003 937191 637470 591076 410061 827124 582680 250470 1037972 532459 791201 826965 616934 988725 347662 1096015
519341 292677 699375 359754 465259 298428 94865 427360 298853 432411 427977 456959 485198 514966 367729 566712 793513 70386 461845 324568 286297 393383 137649 441415 523442 471241 77394 541627 776428 513117 763007 419963 347233 574827 287141 321221 410268 588666 678318 350339 572187 734432 475123 999999999 802688 660628 614791 463689 676129 429319 342840 752818 816283 402154 825136 365923 874552 669227 548782 662326 298098 460035 723358 598010 772113 274770 465926 394806 314639 774880 661426 328773 94386 768589 715121 438089 512279 509401 333952 285641 539066 537592 750627 190272 203118 604515 222666 408728 401735 365800 662818 473038 610701 575083 829894 439676 552740 516562 486333 777120
1021505 841905 390037 481760 750030 746875 838092 411722 805231 530121 968332 345812 1030047 885883 514273 236660 424892 770106 751110 543341 898874 971422 925126 1006521 595089 723993 731181 624310 230212 622601 189055 983518 953501 311164 966179 700929 857855 217979 161229 649260 426048 441253 958391 802688 999999999 144106 555640 415973 250837 570624 562872 227502 425567 919987 328337 510590 314977 137470 293872 184299 877519 477081 478743 596068 572459 782639 941115 982366 869296 58116 595244 799979 895689 42972 236592 872790 1035078 293793 847130 876716 592402 504560 575603 613442 868874 374295 979747 406570 549543 730452 457729 723478 642466 454015 355729 514148 343000 855319 626346 363873
888877 701317 321636 338878 623585 607373 694166 270043 665380 399014 831680 205211 917425 759402 374297 94003 385742 630743 653431 418262 757121 852604 781564 890578 478880 598797 590348 510530 258404 504523 216791 845823 812995 192201 823209 562710 748020 73895 116606 512669 355882 380467 850205 660628 144106 999999999 496093 307911 175166 440569 443580 200590 394306 783403 360843 390189 370910 11612 159941 130252 736595 376600 454444 492696 508777 641858 833035 843313 729242 116452 504348 682743 754109 117906 184979 765649 901255 155202 728801 752100 478761 390586 506295 472404 737201 273397 835641 274208 441029 595378 416326 628648 539479 385555 384955 383312 256613 730354 536436 327494
1074800 836831 782564 559949 889754 778271 700311 548064 818492 695844 990460 419237 559373 1003276 616965 456466 864882 547658 261683 311100 862850 536177 748925 552820 817995 876109 543973 851595 361256 831517 385715 991842 929170 610526 890458 759022 397060 481889 401247 737715 141305 842253 477222 614791 555640 496093 999999999 245729 653505 730121 278775 695354 877737 950261 329202 279659 387460 507037 553806 379371 860074 190543 140049 867769 955240 787699 461425 974152 866615 577581 906602 388481 674494 513919 674379 398231 1076076 416098 430540 491551 826542 757111 945379 480699 537625 699846 837376 355826 217515 811714 110431 229806 908094 111884 315555 686841 244330 986802 147332 811975
859045 628032 550990 317525 652591 557065 531422 302341 603804 451254 780133 176383 614376 772432 374804 239243 639205 409996 345935 145912 664598 556068 600641 590567 572618 637020 386322 606338 319258 586804 314235 785312 730002 376178 706933 530936 442830 268068 258809 503030 129485 609357 544270 463689 415973 307911 245729 999999999 435528 486684 151901 490679 654556 736477 361477 105329 411297 319501 319852 236989 655949 71863 292287 622116 716038 573680 527024 771765 658471 415125 661916 384485 545139 373875 463091 459112 863377 184926 431889 466041 580957 511680 704800 288106 471083 462249 678004 111055 134222 581411 230287 322185 662371 147944 367057 441763 91704 753236 234688 591209
793384 640927 147595 317729 515301 543643 685859 248785 601777 311448 750345 277531 1012031 649354 326520 198520 213280 663945 775068 508617 702979 937557 777681 980017 352023 488021 617272 378898 430231 380650 387343 768448 749749 101935 778015 494210 850805 171780 291755 439014 512280 205563 953098 676129 250837 175166 653505 435528 999999999 347370 543464 76929 224531 702543 533681 491999 538525 167923 134614 304800 677392 507392 625862 346154 335077 584284 936447 772006 665158 193450 344797 775202 769981 253121 39087 871980 809272 251393 817842 827653 347383 261873 334182 504948 795211 127312 814026 362772 557893 512926 583620 754250 392254 541622 558522 295942 409187 617223 670171 158472
451009 300149 301513 170340 184333 204594 399705 196458 260244 41938 403147 331869 876058 319380 114044 376306 384934 450750 729405 453301 364411 787583 488705 835605 101832 161571 402163 130115 672058 105013 637755 421079 405378 260915 443644 154450 749583 376621 527916 99582 611981 320857 841013 429319 570624 440569 730121 486684 347370 999999999 496541 416694 408397 355232 762189 466743 789015 442231 280637 526283 336316 540908 769032 173381 342839 247974 827186 425172 321724 520355 234546 661117 511267 555595 382029 776451 465188 364355 690257 670466 115889 116048 321315 334515 607578 229766 500428 375635 544386 165667 710132 721782 197684 633832 780208 57303 526895 291602 672924 385536
799345 560226 636301 332092 634912 507940 423938 349905 544130 469943 713580 265943 474526 738276 383915 361538 730646 280087 241616 43334 584286 409549 479820 446998 594316 625290 268669 625591 467103 601520 465074 714093 650584 465019 612318 494695 308166 390602 408972 482170 233094 690434 410746 342840 562872 443580 278775 151901 543464 496541 999999999 608075 748837 674636 496711 53430 550478 454847 413595 387702 582278 120996 380518 655880 780540 513339 393872 695810 589674 556319 705819 239165 413583 521598 576160 328612 799581 298621 285440 314872 605783 553274 765607 204272 320440 539346 564798 180733 61260 548698 320155 228504 689720 233009 497566 465151 241365 725139 179692 690177
857085 713401 168635 394650 577401 616207 762683 325464 673967 382760 818094 343596 1079826 709303 402655 251571 198647 739672 834579 575173 776090 1007234 854540 1048876 410007 549639 693313 433842 435866 439201 392206 837013 821213 178856 852039 566405 916204 222616 310956 510892 554436 215058 1018745 752818 227502 200590 695354 490679 76929 416694 608075 999999999 201959 770690 539297 555653 535740 190373 208029 328154 749863 562108 653551 393109 345622 657502 1001918 841848 736896 170495 380441 842832 846741 242751 37848 936499 873908 310847 886359 898769 403344 322233 349990 580181 868825 188773 890136 427735 617849 582251 616848 812282 437344 584102 565557 367642 453034 676334 724703 137520
790465 701009 118343 466499 517972 609644 802505 414183 661432 390856 772273 486701 1204663 633102 448703 421672 23464 820095 986648 710474 765959 1124625 893437 1169537 353113 490461 770909 362353 637703 380027 594048 794931 797332 283918 847085 560525 1051036 395850 508952 507334 736603 88650 1151963 816283 425567 394306 877737 654556 224531 408397 748837 201959 999999999 728820 741211 699954 737180 385380 337348 524394 735856 726152 848402 302110 173231 653584 1135854 806940 718191 370366 259487 970437 905514 444172 209429 1074033 810939 469694 1009988 1010332 340210 292475 187390 670938 965745 217696 908821 571129 770627 557211 807648 967927 333816 765865 767398 380546 633417 598599 888059 66825
124709 115525 639357 455932 212396 182714 311614 516579 132755 392832 48346 630934 877645 148897 410884 706570 706261 466325 851282 639350 122373 786984 347096 833445 376792 239042 440473 366924 990258 349034 961684 66758 92435 614370 178015 221690 812123 713706 855062 270876 864908 641181 875546 402154 919987 783403 950261 736477 702543 355232 674636 770690 728820 999999999 1068566 671438 1104624 786793 626248 848550 104178 766219 1027825 429843 605900 163217 867105 80141 88554 872238 484996 728834 423835 900888 736737 840043 126902 676627 736099 685768 388897 453247 582291 470428 600108 582247 289109 637448 735041 190333 965308 857115 409454 878658 1082039 408754 804561 171351 847391 722185
1186028 967859 681210 616303 945050 885854 891433 567380 938619 720778 1114886 439300 883453 1076779 668148 390726 736505 770053 583931 503560 1011587 850325 962109 872690 821145 923623 747785 854545 103769 843724 147302 1123586 1075152 545126 1060939 850527 715245 399062 246895 810586 268191 738980 802410 825136 328337 360843 329202 361477 533681 762189 496711 539297 741211 1068566 999999999 461731 58644 366561 499518 241184 998960 376301 200911 845691 868690 910169 786067 1113779 998093 375734 862887 688273 905251 299900 535619 720405 1193895 398918 734541 785981 823789 738040 866902 646878 811489 631904 1038512 437152 450726 894433 220185 552056 891944 279432 27553 706745 274545 1051745 457201 675877
795788 558854 588748 298403 615081 498622 440129 307948 539296 437255 712473 214828 527915 724783 352862 308304 682229 308442 287171 41832 588428 462714 503553 500401 561847 603395 289225 594032 424373 571139 419406 714923 654654 416054 623103 480358 360962 337413 358238 462189 207163 643882 463563 365923 510590 390189 279659 105329 491999 466743 53430 555653 699954 671438 461731 999999999 513503 401444 363525 337409 583523 97316 364310 620411 737843 508542 446621 698572 588896 503152 667901 292558 443584 469597 524151 380852 797667 245635 338704 366276 572499 515094 723727 204846 366448 492958 584655 129479 78204 533546 302137 270689 656201 213522 464955 431072 196904 709416 206996 640376
