NAME : synthetic_000447
TYPE : CTSP-D
DIMENSION : 100
GROUPS : 8
RELAXATION_LEVEL : 1
EDGE_WEIGHT_TYPE : EXPLICIT
EDGE_WEIGHT_FORMAT : FULL_MATRIX
EDGE_WEIGHT_SECTION
999999999 986320 775606 477533 693842 931146 997345 743254 1109550 834608 876629 867101 1033506 571977 596062 1000443 989404 930368 501253 858670 1066646 478282 325120 951970 771899 1223165 57252 934210 256139 1028235 629178 910177 825615 445176 906577 280776 628381 295630 450105 917862 695665 936942 987562 558717 906472 400879 799103 229458 786869 813504 832425 237183 798009 1158961 1196324 577294 553603 649647 349033 855805 886978 568619 929399 684517 290037 331650 767954 552460 272586 612510 605042 688944 415189 805524 248473 1020020 555734 1017963 41733 922829 638488 731238 813636 1170124 1096381 583264 771542 446889 1178457 1151535 834962 483248 720690 642903 398235 738569 743586 772186 791681 257080
986320 999999999 925521 520126 362466 270196 778063 472699 542199 850299 344460 119292 57754 426817 396600 741020 278110 552305 932201 543008 646353 587878 668419 90908 769334 477117 929388 365647 751661 661762 365754 711463 276051 566059 332603 807828 358102 920820 767602 748241 958191 383811 663733 817323 416295 859324 647479 811553 310121 194500 818794 798576 421906 421468 337258 635985 443360 705350 675330 275348 265264 471817 131572 422853 923168 693506 984274 680944 723294 564393 893428 401925 582819 289719 902330 62343 441989 49789 1003474 265872 701480 439907 288837 509970 291486 471994 757786 599717 595962 502629 280622 753446 450915 360382 620127 304821 346223 899344 416035 836808
775606 925521 999999999 619469 915898 1079562 328475 453113 621041 115895 596868 853081 982170 789270 670639 358378 714991 448453 284529 412870 496923 488844 630422 964775 160773 806413 745221 1147441 784269 445827 792504 297676 649472 578178 619908 516191 742274 483160 353246 273560 101409 594027 404751 227788 1161480 375230 290028 578577 978162 886089 142539 579115 505616 770849 890291 345117 640078 239149 816438 652809 669597 550534 797948 967881 489025 817071 66460 321563 752616 397073 171019 952459 761289 980361 527222 909753 638198 975201 750133 683529 247941 488130 636832 714495 803777 533122 172366 514287 659386 698349 645268 328655 1030557 656389 561671 911347 962501 26722 1069324 529698
477533 520126 619469 999999999 321863 537004 680866 326733 681673 608069 418590 403253 571812 179901 123554 666327 519012 532748 489291 466827 679278 131737 152538 502112 517762 764583 420379 577986 284028 654628 206995 585446 352822 53988 446039 294747 177582 415519 315712 609184 598792 486748 623486 419304 576049 384433 467139 291772 404296 372072 588075 278718 361360 698072 721722 278110 77306 389236 253125 384415 415231 115528 452419 359512 416763 264046 654218 298068 246922 250823 504730 348146 162760 414752 388779 547434 79072 557371 489407 451664 378260 298724 342017 725267 623294 137820 510422 114675 753809 707616 363360 320031 420359 165749 104918 338905 374845 600424 470088 321740
693842 362466 915898 321863 999999999 237714 897922 520099 779046 881896 504546 262558 389896 144402 245340 871932 533031 697506 811078 651520 832959 447011 421365 293715 789938 784202 640627 258966 439620 826452 123450 808587 403173 375105 516630 598543 174636 722851 637052 840146 909393 575010 808974 734146 254247 705096 703993 576630 93372 169448 856383 563804 512858 718828 676883 572062 278285 677136 350132 430923 449440 365405 386232 71493 723053 368643 958672 603066 421500 520429 819735 48612 281763 111741 687289 417918 279769 373447 720309 478289 667994 479730 403574 784229 602500 383045 780417 435924 847321 770898 416476 639113 127216 268207 419742 57775 54140 893901 153430 620796
931146 270196 1079562 537004 237714 999999999 995550 641367 799733 1025600 562365 252259 259697 373475 432459 962649 533090 774866 1016854 747859 888847 648746 653892 179823 936640 747270 878227 95526 676136 895965 330795 916692 468163 590891 561139 826186 363259 949630 842253 951915 1089753 619006 889778 924452 147669 919638 830146 809297 144385 193819 996567 796283 610491 690701 604384 749044 476471 842793 585257 483453 487352 547142 370422 255906 950334 603560 1130148 787164 659049 685997 1008317 245841 519336 127088 917412 331501 476887 247402 957978 502019 835658 601699 475771 776416 561133 558621 925877 645447 858340 767752 478462 838578 247311 429343 640512 200765 187844 1055240 185335 850288
997345 778063 328475 680866 897922 995550 999999999 378948 329715 213932 437019 744781 827862 807028 671819 41805 514266 225762 569244 249327 188449 578507 759909 842675 233274 519377 954398 1080200 926082 142900 785236 95495 527388 661856 445577 716879 730913 732912 548020 79494 425018 395812 119589 456701 1109867 615625 214868 772700 932281 809380 194654 768037 389414 500730 638176 434952 662763 347809 925894 513955 515794 573814 647600 963658 738710 932972 389728 448747 888980 433160 453758 943354 843286 926856 763360 742724 659918 826036 981782 512239 359150 418704 520042 423207 572276 550785 230573 613536 349522 410470 517279 514535 1024420 633903 672831 873065 932027 309259 1042367 740459
743254 472699 453113 326733 520099 641367 378948 999999999 367462 385681 167228 403134 529644 429993 294649 355902 297715 206019 496164 142016 352570 266265 443975 513260 299598 489042 690306 718565 602037 329780 406288 288496 196803 325249 197270 480728 351972 556302 362784 320325 488282 204721 302124 367663 742234 459677 189227 517400 560794 448539 355851 507877 66587 429515 503930 203154 291707 238520 579852 203762 225435 211585 346912 584961 560684 590441 511605 248390 563926 139694 433434 564908 486985 557833 561198 460387 288689 522294 741353 247827 236982 40753 183863 427883 403964 188938 288316 299991 437852 409153 193635 336587 646068 254962 356182 498715 556557 427106 667145 510941
1109550 542199 621041 681673 779046 799733 329715 367462 999999999 508417 279745 555093 579605 738450 614489 288392 266751 193348 791689 260383 143223 633701 809887 624823 475718 190072 1057231 893467 963809 187093 694931 324027 377637 688713 263090 840935 646993 900926 701326 352659 702026 206750 220442 660189 935842 792216 364371 882020 780824 642761 478971 873101 320816 175527 318418 545066 629662 519229 931396 348380 330218 567440 429435 850459 905947 944017 687215 582242 925958 498173 694130 827658 833103 768352 914318 491170 626576 583005 1105921 304922 525494 385983 379701 94573 275291 546866 466329 667410 72313 80775 364135 669972 902685 561975 722993 736879 796142 596534 898194 870261
834608 850299 115895 608069 881896 1025600 213932 385681 508417 999999999 511702 788531 905612 765710 638300 242606 622184 343548 368956 317949 381590 483961 646871 897591 92086 695563 798239 1099596 808764 330569 760085 184399 576383 574290 531661 561566 707336 551918 390228 158140 211145 499216 290224 276172 1118942 436787 202891 622251 935534 832006 32419 620422 428710 663050 787218 331065 614647 220543 828267 575008 588083 522140 720034 939408 557845 831490 180294 322818 774357 364715 250801 922067 761331 935217 589892 828732 612353 900066 813427 597639 232219 424397 564919 602449 704745 501883 101505 514481 544487 586778 570347 359762 1002198 615315 568534 870333 924872 95351 1034199 580144
876629 344460 596868 418590 504546 562365 437019 167228 279745 511702 999999999 310170 397385 458874 337732 402030 130507 213043 663362 198789 332368 401790 559774 405664 436780 347610 821283 650538 702476 334342 415437 367063 101813 436099 31204 629667 367256 715486 526575 403806 644511 73102 327659 534306 685482 623861 309703 658566 517240 384228 479609 647735 101014 282465 338754 368867 358066 401284 660931 79262 79360 310809 212906 575464 719527 674770 659398 414735 665507 301227 597239 552981 560837 507810 715481 317492 355058 393592 879762 86661 401121 156464 101193 308386 237791 294035 425110 430635 350966 291390 88924 501913 630293 284143 478914 466727 526766 570197 633126 660411
867101 119292 853081 403253 262558 252259 744781 403134 555093 788531 310170 999999999 168575 309394 279800 711172 291748 522903 833434 498660 637484 479251 550113 113146 702575 530237 810201 342004 632900 643744 248193 668350 218210 450715 309224 693819 238817 809174 664645 704150 875944 367553 637732 724742 381216 753622 588609 695019 233209 96211 758255 681970 364270 467297 414591 543376 327187 623420 557925 231448 235373 364290 131017 329497 811257 575957 908366 586540 604195 473840 804254 307056 464222 217428 788422 161980 326021 154179 884523 252298 618094 365722 227220 542884 344728 367508 691362 488170 617573 531912 227643 653241 368496 247912 504817 207516 259219 827640 349345 722301
1033506 57754 982170 571812 389896 259697 827862 529644 579605 905612 397385 168575 999999999 468334 448323 790109 320697 602258 989652 596174 690106 643551 718365 97501 825454 497873 976812 352852 794873 708095 407944 763703 332860 618926 383559 861569 405423 975679 824534 800570 1015673 432304 712196 875054 407314 915828 702724 863566 326264 228339 873964 850525 477763 446999 347064 693689 495596 762905 715749 330698 318724 527641 185618 444843 977923 734130 1041247 738596 767803 622128 951174 425287 625934 304501 956149 88568 494372 16495 1051863 316167 759103 497267 345852 539819 317355 528446 813878 654471 629448 534138 336946 810711 465807 414485 673036 332305 366418 955929 423080 890276
571977 426817 789270 179901 144402 373475 807028 429993 738450 765710 458874 309394 468334 999999999 135379 785717 521655 625595 668751 569912 768741 308943 280419 381750 673779 778536 516534 403190 326862 754224 61201 713908 365751 232152 478521 454997 92692 579166 495566 742501 775395 531976 730528 597430 397374 561182 601815 435846 232885 242829 742500 422851 439458 711074 698176 444209 151065 553035 248584 397844 423565 243652 404488 180466 579505 266704 828094 470802 301494 400996 683050 168273 158330 246924 544829 470611 153366 452222 594543 457957 543008 392293 360986 760841 610276 264576 665127 294572 809837 745273 379049 499597 242331 180083 275469 173029 198394 768626 290196 477976
596062 396600 670639 123554 245340 432459 671819 294649 614489 638300 337732 279800 448323 135379 999999999 650338 419531 491991 584415 434942 636283 216508 273281 380544 546221 673037 538814 485638 381857 620124 122199 578981 254620 171678 360947 415468 72387 533586 409920 608046 667008 410149 595604 495364 493304 490041 468074 415249 312065 255092 613697 402217 306906 605553 613696 327574 47901 431801 327349 287415 316473 120487 334176 301167 535266 342583 714289 360793 347852 275294 580360 283843 226197 317891 509971 425096 47217 433963 610176 352717 422707 257243 246647 645137 518408 137720 537014 216488 686557 628582 266924 406356 363920 54550 225610 244521 292364 648566 398728 443381
1000443 741020 358378 666327 871932 962649 41805 355902 288392 242606 402030 711172 790109 785717 650338 999999999 474911 189319 586829 220623 148135 569528 752615 807294 248145 478244 955918 1048419 918551 101362 761384 90270 494757 650369 409044 719668 707222 742674 553310 91174 452181 357806 78994 469290 1079385 625666 206463 773831 903241 778207 219706 768507 360538 458971 596392 430906 643916 351672 914245 479846 480237 556763 611102 938640 748396 922067 421408 448846 881086 422226 473471 917963 829075 897110 770681 704438 641004 788655 986519 475170 362444 394698 488071 382153 531038 533600 243612 604947 310540 369167 484203 519632 998823 610326 664572 845181 904517 337569 1014561 744340
989404 278110 714991 519012 533031 533090 514266 297715 266751 622184 130507 291748 320697 521655 419531 474911 999999999 292126 793781 304290 369416 521636 667163 358371 554222 256905 933130 627100 798605 388582 468835 460463 166495 544620 100822 752274 429505 842570 655996 497163 768813 123445 396090 664358 670581 753314 425026 777188 522456 383464 589769 765808 231348 189543 211204 499097 449999 529797 746673 134598 103916 420874 163235 604138 846440 762091 779096 545089 763021 430680 725690 581096 645488 508195 840214 232722 447245 321854 995343 67399 530186 285255 177003 252480 109439 407440 542648 547861 326346 240602 155652 631907 651411 365287 591527 485283 542619 688277 639627 783078
930368 552305 448453 532748 697506 774866 225762 206019 193348 343548 213043 522903 602258 625595 491991 189319 292126 999999999 598891 71698 146573 462677 645066 617991 293528 363583 879957 861907 805951 129287 593775 169692 308316 529365 219904 656381 540785 710021 510424 205910 520401 170921 114990 467054 894770 599878 173357 701206 721659 593056 311680 693186 186674 322980 443670 357370 494920 325892 785859 291462 290942 417564 421981 766323 715160 796347 514782 391945 767816 318706 504013 744795 692713 714166 725757 517604 491850 600297 923919 286479 332167 237257 302845 278156 363416 394956 283093 497850 254068 260224 297118 478498 824704 445922 556172 666321 726237 422518 835208 684923
501253 932201 284529 489291 811078 1016854 569244 496164 791689 368956 663362 833434 989652 668751 584415 586829 793781 598891 999999999 537467 698079 368221 435007 945183 338798 956314 478056 1065472 560511 649550 693280 503485 673956 436606 693105 274028 654203 205634 174827 495770 195574 691391 605131 132850 1065310 122252 427893 333466 891109 835087 378257 338334 562433 905864 997272 300040 540914 274923 615335 690529 716498 473789 821878 846444 211217 610771 267606 253658 535924 372190 118222 836534 588927 899638 255181 935465 540319 978688 472241 742494 270796 513734 659562 876208 898829 467007 344143 375256 846750 857903 675515 180451 905514 594104 397514 824379 863753 287605 958724 276592
858670 543008 412870 466827 651520 747859 249327 142016 260383 317949 198789 498660 596174 569912 434942 220623 304290 71698 537467 999999999 214360 391951 574982 600556 252793 419168 808291 831391 736858 188023 542476 169934 280460 460780 215341 584937 488593 640683 441045 206207 475115 181725 160665 404787 860557 531948 124088 629517 683168 560330 285543 621487 140194 371734 479941 286349 433689 262680 719557 270630 277753 352492 411443 718649 645741 729498 478043 322102 698742 247164 448490 697783 628131 677553 655242 515564 430666 592275 852301 282432 267774 177701 272141 339611 391040 329544 241468 427279 324077 321092 271289 409592 778520 392134 485932 624630 683912 386267 794009 613600
1066646 646353 496923 679278 832959 888847 188449 352570 143223 381590 332368 637484 690106 768741 636283 148135 369416 146573 698079 214360 999999999 605714 789171 721790 365318 331544 1017758 979472 951208 51131 734117 201642 433660 674988 328516 789094 682020 831591 634014 223456 585108 269938 94240 571411 1016590 717429 276879 837203 849577 716121 354714 829939 329458 317788 459115 489635 640879 437495 932371 410906 402299 564133 522538 902941 837014 942760 561883 518900 913089 459295 591574 880922 839256 840128 852371 601983 637799 691118 1057850 387314 446100 383411 430990 235300 404941 541505 357706 641177 163550 223423 421105 600867 959715 588674 700061 797948 858054 474061 965216 816530
478282 587878 488844 131737 447011 648746 578507 266265 633701 483961 401790 479251 643551 308943 216508 569528 521636 462677 368221 391951 605714 999999999 184333 587522 395764 746057 424553 698235 349384 573824 326567 483533 366160 90488 432456 231711 285996 334624 193511 502817 467248 459275 537733 288495 700750 275563 364015 256779 523827 469694 466304 246050 319743 682814 732320 153256 172757 263484 349482 392737 423453 116130 495893 489373 337426 355328 522539 167319 311716 148378 374107 476805 277371 531726 322885 603099 172111 630808 478865 457460 251970 253011 352612 691904 630749 119672 389499 35694 703823 673346 373007 192284 550861 232332 95362 456760 498501 470482 597963 262426
325120 668419 630422 152538 421365 653892 759909 443975 809887 646871 559774 550113 718365 280419 273281 752615 667163 645066 435007 574982 789171 184333 999999999 643245 563921 907370 268041 679250 166175 758025 328101 665557 502046 123675 588712 182039 314780 305455 282965 682944 585700 624282 722066 407001 666223 314963 546427 155475 512578 508030 633443 142540 490391 841795 872306 326642 229192 429415 186571 532870 563954 248970 604884 437619 304961 186659 650748 324576 129365 332674 485556 433354 157932 527268 266486 698377 231191 703416 337139 600123 417347 424203 490510 861547 773009 266481 559273 148640 881070 843381 511893 302734 490593 318206 89178 453317 475305 616539 552626 200954
951970 90908 964775 502112 293715 179823 842675 513260 624823 897591 405664 113146 97501 381750 380544 807294 358371 617991 945183 600556 721790 587522 643245 999999999 812838 567555 895809 275349 708408 733382 322956 770438 322492 552135 399030 795943 328498 913777 775267 806756 988931 454241 731640 837654 325421 862804 696339 792689 228931 138922 866903 779534 470448 510933 427702 656388 428445 736266 626493 330006 327057 473872 199257 347410 915577 645014 1020679 699349 683092 586976 917362 328021 540079 207320 890375 153010 427674 81463 972354 335339 731058 476785 333134 597544 381310 478468 801520 594072 681255 589395 330146 764815 368890 355194 605894 236464 268929 939170 328848 823596
771899 769334 160773 517762 789938 936640 233274 299598 475718 92086 436780 702575 825454 673779 546221 248145 554222 293528 338798 252793 365318 395764 563921 812838 999999999 655975 731952 1009366 727816 315173 668033 165824 493780 485676 459349 493693 615350 500550 322122 157316 227167 433466 271129 223509 1027874 383306 129343 552384 844365 742866 70554 549245 347762 616388 731831 242510 522727 134518 742707 495064 510585 430164 640434 847322 506387 746743 225327 239607 692521 272798 227277 830001 672811 844406 532999 751232 520413 819111 753919 523416 146576 337072 481685 566944 643825 409825 11670 427377 521968 549908 488712 289570 910114 523667 482951 778923 833168 134056 942357 515052
1223165 477117 806413 764583 784202 747270 519377 489042 190072 695563 347610 530237 497873 778536 673037 478244 256905 363583 956314 419168 331544 746057 907370 567555 655975 999999999 1168195 842753 1047574 377063 725564 511454 418431 783697 318874 968951 686297 1043797 846865 541499 883141 286962 410024 823498 892579 941866 536420 1002205 763268 625957 665347 991868 427957 67601 166341 686509 699958 681391 1000280 385626 357086 658401 400047 854464 1048370 1015170 872828 728452 1011089 628421 866430 831498 899196 746593 1050216 416581 697068 506193 1224921 321453 685831 493835 426696 96244 187254 641531 645877 776390 185476 109532 406151 817880 897923 618499 826142 733536 788482 781289 878363 999369
57252 929388 745221 420379 640627 878227 954398 690306 1057231 798239 821283 810201 976812 516534 538814 955918 933130 879957 478056 808291 1017758 424553 268041 895809 731952 1168195 999999999 883881 206395 980374 573217 865749 769023 388648 851081 238294 571555 274195 409946 874925 669786 882335 940301 523815 857817 370259 752908 182121 733853 757509 794333 188176 744001 1103714 1139667 529477 496377 606680 299603 799355 830518 512527 872161 633868 269071 282921 741924 507108 219193 561463 576022 637408 360596 752156 222905 962846 498516 961314 80245 866444 595259 677181 757136 1116389 1039877 527575 730964 392456 1126588 1097857 778479 442399 672177 585689 342484 684291 691023 740131 742599 218098
934210 365647 1147441 577986 258966 95526 1080200 718565 893467 1099596 650538 342004 352852 403190 485638 1048419 627100 861907 1065472 831391 979472 698235 679250 275349 1009366 842753 883881 999999999 678161 984820 372200 998917 553826 631769 651091 857412 413665 981747 890757 1033535 1151270 709552 976893 981001 58701 962326 907790 834029 174416 271306 1071435 821336 692463 786211 698876 810371 525857 908915 585182 571308 577244 604589 464043 250058 981900 602702 1195339 845839 666092 750995 1065958 248499 533361 168031 945593 426767 526767 341302 964123 593725 901027 678240 560372 871607 656659 618578 998912 690570 952847 862759 564798 890243 218461 491561 677966 241597 204847 1123835 146595 879342
256139 751661 784269 284028 439620 676136 926082 602037 963809 808764 702476 632900 794873 326862 381857 918551 798605 805951 560511 736858 951208 349384 166175 708408 727816 1047574 206395 678161 999999999 921653 386929 831689 632192 276811 729576 286661 396646 388088 431339 849084 730057 770747 886552 557215 651437 438535 712486 230305 532147 569527 796755 223366 642993 980728 995552 492533 348622 593540 93228 664515 694751 396479 712223 428384 385203 76690 798311 488219 38136 497652 629793 432957 168967 551340 336809 791608 351399 778845 286524 731269 581448 578406 622430 1009261 899782 416970 723608 313788 1035686 991569 643540 455986 465782 434729 254083 486721 488338 772409 536277 289015
1028235 661762 445827 654628 826452 895965 142900 329780 187093 330569 334342 643744 708095 754224 620124 101362 388582 129287 649550 188023 51131 573824 758025 733382 315173 377063 980374 984820 921653 999999999 723028 150755 433337 646801 335264 749313 669959 787475 591136 172430 534072 279161 44418 524108 1019573 672475 232736 799042 848619 717993 303588 792248 315876 358083 496721 451021 621084 392524 907080 413603 408789 540498 534656 895457 792972 916719 510858 477828 883626 425988 541899 873860 816132 840420 809878 620854 618041 707974 1018152 398121 401616 363824 429010 281087 435437 517525 307845 609477 214133 267865 421471 557743 953618 574823 668860 794385 854395 422931 962923 776158
629178 365754 792504 206995 123450 330795 785236 406288 694931 760085 415437 248193 407944 61201 122199 761384 468835 593775 693280 542476 734117 326567 328101 322956 668033 725564 573217 372200 386929 723028 999999999 694016 318471 260982 432723 495897 54370 619004 518601 724407 786434 488220 702156 612139 374728 591198 586150 482274 197913 184327 735117 469133 407168 658350 640096 448626 155602 553841 309760 349646 373582 241980 345540 180299 619799 327846 835271 480019 360404 397491 697613 162057 218006 207763 587942 409457 156914 391921 650381 406831 544629 366789 315334 712207 554038 259885 658702 318445 765549 697207 331957 518830 242711 151343 309779 131927 172528 770594 276867 520661
910177 711463 297676 585446 808587 916692 95495 288496 324027 184399 367063 668350 763703 713908 578981 90270 460463 169692 503485 169934 201642 483533 665557 770438 165824 511454 865749 998917 831689 150755 694016 999999999 450152 566444 380472 629401 639646 653716 463243 36930 383572 337656 107834 382358 1026238 536950 119575 683684 846716 727613 155210 678451 306501 480983 609454 341948 568498 261547 830498 440454 446393 478964 579948 873254 659403 837680 363558 358742 794447 337744 393101 853339 747819 842366 680919 681286 565684 760438 896299 448031 272241 328896 441437 418064 532568 456002 159491 518687 362326 402485 441170 429554 934515 542747 578109 786021 844397 273855 954947 654087
825615 276051 649472 352822 403173 468163 527388 196803 377637 576383 101813 218210 332860 365751 254620 494757 166495 308316 673956 280460 433660 366160 502046 322492 493780 418431 769023 553826 632192 433337 318471 450152 999999999 380440 114601 597840 273138 696137 520531 486014 684040 171993 423239 551963 586591 616717 374301 618006 416037 284864 545322 606189 148073 350934 370754 373936 283570 432169 581932 32813 62581 258810 151066 474266 699526 596985 708392 420304 596538 301773 623947 451683 480807 407206 688606 265322 280798 325733 833080 99106 429195 165911 14426 395101 270966 248003 482283 389224 447559 379549 13518 500894 528624 200099 429045 364917 424963 623309 531570 628516
445176 566059 578178 53988 375105 590891 661856 325249 688713 574290 436099 450715 618926 232152 171678 650369 544620 529365 436606 460780 674988 90488 123675 552135 485676 783697 388648 631769 276811 646801 260982 566444 380440 999999999 465073 243812 230431 363040 263919 587686 552254 500861 613114 371640 629122 330569 447004 246361 458203 424056 556230 233595 368317 718161 751169 243326 123827 353890 264064 410711 441871 125299 491091 410502 364479 271731 609855 257087 238690 228700 456570 400013 187142 468738 338294 590230 124803 604852 453420 477827 342418 302740 368490 738465 651235 143133 479160 65093 760275 720382 389831 270311 470572 206906 54110 392889 428319 560294 522164 271751
906577 332603 619908 446039 516630 561139 445577 197270 263090 531661 31204 309224 383559 478521 360947 409044 100822 219904 693105 215341 328516 432456 588712 399030 459349 318874 851081 651091 729576 335264 432723 380472 114601 465073 999999999 660693 386239 746682 557531 417387 670271 59411 332708 563541 688195 654798 331080 689201 523969 388508 499387 678303 130747 253090 307744 399508 383594 429265 685993 85764 73855 339794 202081 587925 750726 700164 683133 445249 692822 332222 625216 565218 585495 513346 746647 300917 380626 380942 910085 67559 429492 187630 117630 284210 206997 323576 447699 460979 332986 267825 101087 532671 641232 306804 508619 476274 536037 593195 640692 691446
280776 807828 516191 294747 598543 826186 716879 480728 840935 561566 629667 693819 861569 454997 415468 719668 752274 656381 274028 584937 789094 231711 182039 795943 493693 968951 238294 857412 286661 749313 495897 629401 597840 243812 660693 999999999 472047 124365 171907 637384 450724 682434 708051 290124 846707 152574 518937 62466 687772 666804 556600 64833 541107 907618 963291 299750 367587 369077 347123 624382 655024 343217 724366 618815 124520 340588 521235 272126 263638 343491 352094 613617 339430 700937 94603 828473 368470 847769 268851 688755 357830 475987 584319 907879 861596 350476 492671 210896 907911 889073 604709 204124 672518 447449 190148 625674 652682 508536 733806 30805
628381 358102 742274 177582 174636 363259 730913 351972 646993 707336 367256 238817 405423 92692 72387 707222 429505 540785 654203 488593 682020 285996 314780 328498 615350 686297 571555 413665 396646 669959 54370 639646 273138 230431 386239 472047 999999999 593089 479426 670060 739396 440317 648500 567428 420935 556655 531969 464895 239819 195052 682015 451718 354111 618785 609950 399809 113321 503246 328081 305171 330911 192731 318853 234367 594345 345255 786469 433164 366495 346062 652533 215593 229778 246220 565727 395189 113886 390080 646452 365429 494345 312563 268627 668198 520026 209157 605876 282351 718140 652685 286466 477197 296546 97010 282497 172288 220297 719962 327617 498505
295630 920820 483160 415519 722851 949630 732912 556302 900926 551918 715486 809174 975679 579166 533586 742674 842570 710021 205634 640683 831591 334624 305455 913777 500550 1043797 274195 981747 388088 787475 619004 653716 696137 363040 746682 124365 593089 999999999 199647 654718 400278 761009 744129 278003 970965 117292 554951 161248 811832 787095 554187 171368 620694 985631 1053472 357882 485767 395109 459783 720218 749980 450366 830279 742853 5930 450890 472542 318701 371803 416709 312147 737886 461735 824749 53552 937661 486371 962383 267480 781907 385859 559111 682111 975273 951845 453857 502437 321210 964088 956441 701576 231673 795996 561396 310635 749335 776992 481901 857864 105628
450105 767602 353246 315712 637052 842253 548020 362784 701326 390228 526575 664645 824534 495566 409920 553310 655996 510424 174827 441045 634014 193511 282965 775267 322122 846865 409946 890757 431339 591136 518601 463243 520531 263919 557531 171907 479426 199647 999999999 468652 302736 566908 548416 125880 891289 97318 358457 232035 716369 661830 384707 230332 428625 790132 865272 160557 366120 201714 469311 541025 569258 301753 663727 674420 204746 468132 368462 119254 400529 225370 202654 663718 427799 724814 218810 775614 365552 812818 433769 598767 191276 370745 506148 776460 764328 297143 321487 201178 764485 757650 524004 33698 734349 421790 229522 649581 689461 342623 785760 193056
917862 748241 273560 609184 840146 951915 79494 320325 352659 158140 403806 704150 800570 742501 608046 91174 497163 205910 495770 206207 223456 502817 682944 806756 157316 541499 874925 1033535 849084 172430 724407 36930 486014 587686 417387 637384 670060 654718 468652 999999999 364003 374467 132764 379637 1060161 537487 142246 693266 880042 762243 131854 688667 341457 513369 643631 357058 595669 268316 851394 476832 483112 505087 616707 904092 660490 857947 338432 369571 812197 359471 382315 884447 770936 876089 684423 718212 592915 797253 902421 484947 279669 360966 477072 447131 568125 482334 153365 537520 386418 432134 477218 435136 965645 573377 596508 818772 876835 251130 987421 660999
695665 958191 101409 598792 909393 1089753 425018 488282 702026 211145 644511 875944 1015673 775395 667008 452181 768813 520401 195574 475115 585108 467248 585700 988931 227167 883141 669786 1151270 730057 534072 786434 383572 684040 552254 670271 450724 739396 400278 302736 364003 999999999 651852 491388 181266 1160256 301490 351353 512877 978752 898479 232577 515289 547539 842905 954946 341074 631107 253088 771998 691939 712144 546986 834863 955792 405977 770505 72291 306431 701098 404694 100444 942261 727563 983249 447957 948615 629642 1007296 667505 730348 257880 518525 670529 793841 863911 532738 237348 487163 745404 776924 681709 285619 1017680 660947 527039 911261 958699 116108 1062128 459798
936942 383811 594027 486748 575010 619006 395812 204721 206750 499216 73102 367553 432304 531976 410149 357806 123445 170921 691391 181725 269938 459275 624282 454241 433466 286962 882335 709552 770747 279161 488220 337656 171993 500861 59411 682434 440317 761009 566908 374467 651852 999999999 280031 559623 747219 663416 304133 715253 583371 447852 466797 704952 141376 225340 306863 406587 428865 420702 731798 144705 132605 376137 255550 646188 765372 745303 658754 450689 733457 344325 615056 623559 632131 572746 765024 346923 425825 431016 938114 118967 422598 206882 173183 238519 212211 357805 421988 490053 277865 220939 158599 539756 700013 356839 541105 535345 595176 567360 700060 712945
987562 663733 404751 623486 808974 889778 119589 302124 220442 290224 327659 637732 712196 730528 595604 78994 396090 114990 605131 160665 94240 537733 722066 731640 271129 410024 940301 976893 886552 44418 702156 107834 423239 613114 332708 708051 648500 744129 548416 132764 491388 280031 999999999 479827 1009550 628844 190013 758643 835672 707874 262233 752125 296164 385613 520577 410841 593723 349042 874960 406333 404866 510529 534447 877008 749654 884053 470259 436155 848631 389430 497644 855806 785732 828548 767221 626161 590720 711046 976793 398109 358334 338366 417543 315013 452787 487401 263643 573427 254697 300499 412098 514933 936168 552353 633021 779426 839184 381332 948583 734564
558717 817323 227788 419304 734146 924452 456701 367663 660189 276172 534306 724742 875054 597430 495364 469290 664358 467054 132850 404787 571411 288495 407001 837654 223509 823498 523815 981001 557215 524108 612139 382358 551963 371640 563541 290124 567428 278003 125880 379637 181266 559623 479827 999999999 986847 161371 297660 352182 807222 736589 276461 352082 433306 773073 866014 181636 456573 142134 593571 566203 590889 377466 701872 777867 283890 593024 243815 138551 526310 252934 85652 765146 546434 813207 313874 816120 455365 865024 537264 615261 137997 388440 537707 743850 768264 366145 226342 306574 716655 725484 552390 104797 839303 495604 345824 739708 784658 218579 885961 306075
906472 416295 1161480 576049 254247 147669 1109867 742234 935842 1118942 685482 381216 407314 397374 493304 1079385 670581 894770 1065310 860557 1016590 700750 666223 325421 1027874 892579 857817 58701 651437 1019573 374728 1026238 586591 629122 688195 846707 420935 970965 891289 1060161 1160256 747219 1009550 986847 999999999 958534 930999 819425 183610 301732 1091628 807010 720689 834659 751771 820617 530276 922364 558215 606309 614614 613620 507391 229298 970767 575102 1207082 853901 642312 764412 1072287 233092 515238 184417 932505 478118 531508 395067 937960 633437 913917 701578 592013 917908 705786 629282 1017721 690171 996906 908385 598189 892994 185781 505511 672606 250134 202289 1138527 115624 867145
400879 859324 375230 384433 705096 919638 615625 459677 792216 436787 623861 753622 915828 561182 490041 625666 753314 599878 122252 531948 717429 275563 314963 862804 383306 941866 370259 962326 438535 672475 591198 536950 616717 330569 654798 152574 556655 117292 97318 537487 301490 663416 628844 161371 958534 999999999 440550 213335 788726 744624 437831 217284 525689 885957 962529 256832 444048 280015 493446 637770 666208 389336 758440 735823 123106 488638 373097 213465 413675 322678 205825 727354 470772 798903 153458 869528 443923 903660 377329 695948 271359 468063 602368 869601 861627 387382 385145 274310 853627 850844 620504 124014 793458 507736 286146 723110 758593 371307 849456 158511
799103 647479 290028 467139 703993 830146 214868 189227 364371 202891 309703 588609 702724 601815 468074 206463 425026 173357 427893 124088 276879 364015 546427 696339 129343 536420 752908 907790 712486 232736 586150 119575 374301 447004 331080 518937 531969 554951 358457 142246 351353 304133 190013 297660 930999 440550 999999999 570872 748971 637650 171321 564899 226302 492760 603978 225049 454020 160679 711030 372153 385368 363032 517143 766334 560415 718128 354624 246811 675151 218327 330672 747243 629154 746584 577245 626134 451303 697234 787426 396078 169235 229624 363232 451403 514808 340371 117855 399232 419068 433551 367864 325024 828366 436007 458723 685910 742872 263330 853332 545036
229458 811553 578577 291772 576630 809297 772700 517400 882020 622251 658566 695019 863566 435846 415249 773831 777188 701206 333466 629517 837203 256779 155475 792689 552384 1002205 182121 834029 230305 799042 482274 683684 618006 246361 689201 62466 464895 161248 232035 693266 512877 715253 758643 352182 819425 213335 570872 999999999 668034 659637 616391 13183 574745 939379 987145 348023 368197 425230 298576 646254 677292 359529 736549 590244 159280 290008 583549 324999 211221 384077 414467 587156 305481 682729 114796 836591 369570 849143 224025 712092 413696 508441 605044 945231 885886 370374 550871 229359 950321 926524 625965 263285 640911 453257 192946 608651 630483 570702 705020 58712
786869 310121 978162 404296 93372 144385 932281 560794 780824 935534 517240 233209 326264 232885 312065 903241 522456 721659 891109 683168 849577 523827 512578 228931 844365 763268 733853 174416 532147 848619 197913 846716 416037 458203 523969 687772 239819 811832 716369 880042 978752 583371 835672 807222 183610 788726 748971 668034 999999999 138992 908397 655118 542974 700505 640983 638361 351538 739109 441805 439293 452149 431766 364119 122622 812249 460209 1024399 672774 514683 581100 892352 107160 375116 22464 777675 370418 352492 310373 813593 475925 730792 520053 419648 774691 577148 446684 834254 516357 845915 763055 428481 715877 140804 321965 505441 67543 45634 955091 117422 710858
813504 194500 886089 372072 169448 193819 809380 448539 642761 832006 384228 96211 228339 242829 255092 778207 383464 593056 835087 560330 716121 469694 508030 138922 742866 625957 757509 271306 569527 717993 184327 727613 284864 424056 388508 666804 195052 787095 661830 762243 898479 447852 707874 736589 301732 744624 637650 659637 138992 999999999 803148 646454 421179 562495 509973 558748 302257 649978 488268 305266 315666 361589 226035 234229 788515 506738 937343 598419 544203 493969 819423 212106 401158 125595 760663 248549 301984 211931 834462 337890 643125 408570 290390 635722 440844 370681 732128 471565 707287 624064 296532 655167 272321 241548 476893 112766 163009 861648 256243 693481
832425 818794 142539 588075 856383 996567 194654 355851 478971 32419 479609 758255 873964 742500 613697 219706 589769 311680 378257 285543 354714 466304 633443 866903 70554 665347 794333 1071435 796755 303588 735117 155210 545322 556230 499387 556600 682015 554187 384707 131854 232577 466797 262233 276461 1091628 437831 171321 616391 908397 803148 999999999 613892 397472 631910 755311 313048 591545 204401 812944 543458 556198 498860 688359 914854 560093 816805 208352 308879 761745 341850 261092 897172 743365 907656 589959 796764 589175 868545 812676 565456 216386 394975 534011 572725 672476 478119 77750 497815 516902 556830 539094 353119 977573 589103 553133 843567 898627 119367 1008265 576536
237183 798576 579115 278718 563804 796283 768037 507877 873101 620422 647735 681970 850525 422851 402217 768507 765808 693186 338334 621487 829939 246050 142540 779534 549245 991868 188176 821336 223366 792248 469133 678451 606189 233595 678303 64833 451718 171368 230332 688667 515289 704952 752125 352082 807010 217284 564899 13183 655118 646454 613892 999999999 564662 928837 975588 341306 355216 420984 289063 634595 665660 347570 724028 577882 169683 281036 585581 319721 202681 375490 416353 574624 293456 669751 126376 823807 356607 836084 233536 700560 409346 498235 593289 935585 874401 358750 547464 217954 941654 916901 614252 260871 628850 440461 180334 595618 617685 570657 692709 66928
798009 421906 505616 361360 512858 610491 389414 66587 320816 428710 101014 364270 477763 439458 306906 360538 231348 186674 562433 140194 329458 319743 490391 470448 347762 427957 744001 692463 642993 315876 407168 306501 148073 368317 130747 541107 354111 620694 428625 341457 547539 141376 296164 433306 720689 525689 226302 574745 542974 421179 397472 564662 999999999 366699 437424 269493 314156 301293 612676 147331 164826 246686 292682 580875 624958 624679 566380 314910 605148 204187 497069 559643 516021 537453 623792 404156 311055 471695 798081 183807 300692 66828 137435 372506 337377 226065 336166 351624 392744 354064 141638 402883 640034 259512 404865 484670 544103 479167 654045 571596
1158961 421468 770849 698072 718828 690701 500730 429515 175527 663050 282465 467297 446999 711074 605553 458971 189543 322980 905864 371734 317788 682814 841795 510933 616388 67601 1103714 786211 980728 358083 658350 480983 350934 718161 253090 907618 618785 985631 790132 513369 842905 225340 385613 773073 834659 885957 492760 939379 700505 562495 631910 928837 366699 999999999 143847 629575 632840 631420 932837 318140 289499 592883 336490 789370 990074 947784 837273 672562 944361 569206 820200 766368 831732 684378 990326 362613 629964 453976 1161496 253853 635079 431714 359345 99483 130165 576472 605823 712537 196891 101447 338720 761978 833891 551025 761377 668885 724506 745122 816305 938169
1196324 337258 890291 721722 676883 604384 638176 503930 318418 787218 338754 414591 347064 698176 613696 596392 211204 443670 997272 479941 459115 732320 872306 427702 731831 166341 1139667 698876 995552 496721 640096 609454 370754 751169 307744 963291 609950 1053472 865272 643631 954946 306863 520577 866014 751771 962529 603978 987145 640983 509973 755311 975588 437424 143847 999999999 706877 649233 727560 936280 341189 310044 629084 295171 744017 1057393 952742 956220 752318 961267 639962 921734 721636 835857 622103 1051417 274915 646686 357709 1203713 275062 729349 495073 382999 241140 101766 616846 720713 757807 338762 245073 361790 840197 780291 561197 799621 622086 672018 863977 751459 994094
577294 635985 345117 278110 572062 749044 434952 203154 545066 331065 368867 543376 693689 444209 327574 430906 499097 357370 300040 286349 489635 153256 326642 656388 242510 686509 529477 810371 492533 451021 448626 341948 373936 243326 399508 299750 399809 357882 160557 357058 341074 406587 410841 181636 820617 256832 225049 348023 638361 558748 313048 341306 269493 629575 706877 999999999 295108 111169 501213 390775 417307 207093 522424 622832 362637 506009 386734 46547 456006 72271 261440 607650 430454 642390 369258 636359 293291 683518 568296 444606 100157 215191 359549 617507 606499 191805 236348 185269 610313 598667 375509 133435 685473 319933 242234 570980 619930 324484 725427 327809
