NAME : synthetic_000022
TYPE : CTSP-D
DIMENSION : 100
GROUPS : 8
RELAXATION_LEVEL : 1
EDGE_WEIGHT_TYPE : EXPLICIT
EDGE_WEIGHT_FORMAT : FULL_MATRIX
EDGE_WEIGHT_SECTION
999999999 171667 715988 532014 775973 258513 340583 598026 788405 628155 745344 332174 134457 436407 425861 638092 604407 360592 1034769 978834 700948 855458 251932 490604 940114 825919 632184 413311 550427 129430 714925 642623 1098314 421616 454062 788003 1076578 639390 668746 327865 791990 830482 882295 908331 637702 400085 432356 655899 733985 765563 952231 924233 940509 156765 460511 408932 755463 172835 959074 346395 216733 426060 911907 736360 855659 471268 561431 1047745 690249 402477 1033108 324387 812453 342910 679718 588536 392573 948474 404914 683309 449352 663312 774301 483950 793375 862427 672888 494706 914136 299045 278358 180018 585461 321502 76632 292055 299525 454281 332122 401564
171667 999999999 544626 398024 696456 218977 339409 433406 676261 468082 574383 253528 230093 432922 353112 466526 439379 291037 919974 849473 648384 715083 82111 336711 796675 680669 680096 254229 572024 274529 580567 657668 999229 250173 282414 616465 965045 698815 534337 178403 752826 783640 728094 736883 686582 254057 507272 637729 562325 714339 859591 753011 769014 245114 487936 391037 716678 72200 847284 189932 291197 256052 831038 569705 731317 323067 397356 958694 523737 463213 925293 287374 671282 203234 725722 547490 406843 804068 251581 720589 293802 491648 644045 473064 727629 723970 507473 413786 746915 127407 158526 297996 443211 210642 126701 302094 358769 313228 334958 287408
715988 544626 999999999 418509 743362 627875 725982 225918 606887 261028 35631 571749 750416 774229 600685 95334 164883 593737 761491 638298 795747 486690 467593 337092 520958 436180 1047816 330734 913665 811206 453618 965465 891092 294454 264452 73225 811183 1084559 437213 436966 905962 906711 400276 192413 1054992 405513 949185 877289 36764 844059 808724 228935 237007 757594 862885 725539 880794 567739 720704 410050 781302 303014 831455 192563 583630 327253 198851 898359 116210 894657 796398 616014 456884 448292 1082229 763299 787703 520079 381021 1060852 314557 65852 504041 784647 809182 503488 133443 598082 287265 417990 488481 818079 379874 511715 659008 721917 815013 401514 729426 492038
532014 398024 418509 999999999 362985 315588 363221 193228 289008 173400 453399 231739 488793 380919 206341 327123 449437 230953 525804 451587 384571 323581 330437 106680 408962 296842 642727 410445 507885 565823 183626 550710 617428 303545 280318 461051 572603 683364 137254 220767 498018 506843 366331 563274 649813 146718 582650 458786 407723 439404 490001 524523 549835 484132 472224 337319 469605 361843 456095 216509 478321 241241 481634 300751 333922 481826 434966 590227 487334 527923 536269 644856 280907 195040 673120 344872 409438 417771 159325 648959 439424 354432 246058 380163 418517 330425 487397 183714 456884 319422 478329 541524 63266 212738 517942 380335 476716 86763 370278 138776
775973 696456 743362 362985 999999999 517468 465299 526693 168400 483357 774751 449559 678644 399546 351175 663724 805986 416854 321639 351390 134883 360774 651242 469658 421820 387160 524664 769897 423084 751481 298726 398045 334837 664641 643165 765395 345694 573200 306561 544413 192435 173117 483563 840334 529878 486169 593450 272756 722270 131566 185020 768894 796883 663193 457062 396137 186110 636882 249506 552012 625106 602252 136058 573237 255876 843731 795412 273554 831931 554346 295610 974340 353156 511315 529874 229521 455119 433635 507816 494492 800971 686477 273402 358163 70545 349732 835779 284493 657067 657011 813990 701057 373972 486124 792206 510896 573603 435593 475605 414264
258513 218977 627875 315588 517468 999999999 123928 445515 539210 456607 662439 85432 177295 214257 168302 535015 572833 104458 784514 739831 446755 631509 224734 318060 718519 610193 472278 423002 356293 255196 487562 439677 841647 364876 377856 691166 824386 496768 443442 193105 544262 579303 681794 808871 479091 228960 327309 420915 633502 512258 694633 797034 818651 169745 276477 172258 507707 146933 707804 220197 165154 330465 653394 582237 614104 503029 537549 789520 645489 275176 779518 503598 590868 179785 516102 338211 193514 728150 249533 507578 464822 564323 540219 254202 536110 635717 634803 237725 754622 265509 373574 225975 377226 119381 281915 98698 187220 260358 121587 177077
340583 339409 725982 363221 465299 123928 999999999 525760 525163 525972 761281 154263 221327 97260 163435 631177 686293 136204 761637 737479 369629 651024 348445 397737 737823 638885 349023 544896 232952 288844 509564 318568 799264 479996 488409 784789 796355 375385 470483 304018 453102 493738 721306 899047 355905 320476 224719 315527 727374 431839 649510 876413 899876 202925 152872 71399 416783 267339 684142 330127 159879 438996 597273 655085 611423 625514 653105 737991 754763 169619 748545 618940 614423 283050 392395 254114 69790 748496 345529 383677 586551 660826 551216 143583 468704 652021 745730 221378 819118 387758 496081 235833 426266 217745 382432 49175 119924 333724 10317 240388
598026 433406 225918 193228 526693 445515 525760 999999999 406765 53975 260482 375278 596187 561556 385391 138004 286075 389773 601106 493920 570802 338924 351628 128603 403295 292003 830707 323676 695878 666890 255731 742941 717960 226199 187675 268784 651278 869557 227396 275488 682025 685143 308920 375988 837850 217412 750373 651829 214614 620877 615071 352113 374684 598073 652098 514560 655975 429045 546201 253259 608882 185120 626435 139859 407636 372212 285240 710806 305269 695204 626541 607749 298347 272441 863028 538044 581795 407423 201363 840075 336468 163275 317331 567006 589958 353191 309368 375147 317338 314547 447181 659044 155504 326286 559755 530643 627343 192046 530812 285467
788405 676261 606887 289008 168400 539210 525163 406765 999999999 356572 635593 457788 714374 485842 375297 536992 692822 435106 246368 215785 285228 192548 615352 386606 258584 219770 665663 692825 549017 791535 153692 543125 328435 584979 556244 619359 289332 713658 180426 504482 360590 340105 315397 684265 671574 433688 696651 419044 581661 298517 208862 607376 635351 703166 561472 465830 351415 628920 171412 503762 677372 524094 224821 424856 96565 758560 689655 306780 705495 650017 249173 933407 185998 474978 677671 342640 536555 270529 448241 643983 717716 555990 109765 455301 238217 182119 712540 307532 491606 607980 767158 751024 271829 471608 788322 562979 643567 374804 535106 391224
628155 468082 261028 173400 483357 456607 525972 53975 356572 999999999 293753 380685 615777 552614 376572 181522 337491 390037 547188 440205 536304 285566 387454 141210 352063 239337 816122 375611 681286 688808 204096 722486 664700 275440 237858 293083 597376 856698 179341 301103 645472 645683 263510 390540 823206 234756 749164 625471 243497 583271 564108 352460 377233 615800 643845 507515 621069 456646 492807 281798 621576 229098 578213 129302 354063 425913 338449 659027 350455 694052 572979 656303 244615 292379 846233 512911 577680 356711 224287 821583 389718 203171 264336 553463 548442 299615 356411 356830 298042 354426 493765 676187 122497 339290 594781 535804 633070 196571 531915 287068
745344 574383 35631 453399 774751 662439 761281 260482 635593 293753 999999999 607030 782815 809848 636310 130943 175971 629231 783194 658352 829396 508825 498425 372709 538413 458615 1083443 353316 949280 842624 482876 1000881 914327 324513 296113 54996 832576 1120186 468268 471048 939161 939153 416430 165383 1090619 440805 984314 912175 54348 877024 835662 215373 219553 790387 898466 761141 914359 599615 744822 444058 814987 336228 860376 215838 608774 342599 214220 924008 110556 929839 819443 633419 480879 483007 1117823 798255 823174 536832 416139 1096389 333858 101483 531336 820258 841081 525750 131173 633406 289188 448386 511695 850702 413652 546659 686838 756818 849630 437144 764658 527631
332174 253528 571749 231739 449559 85432 154263 375278 457788 380685 607030 999999999 262417 216998 100117 477019 536382 38531 703867 655582 394860 546079 230031 246678 633102 525094 491812 409448 364328 340305 402130 437105 766585 333160 337695 631067 744905 522900 358062 157449 500273 530182 598036 746154 498912 166236 377950 394128 573562 460811 621526 727236 749960 255169 298010 167495 464380 188649 627679 181638 246614 287578 585441 508488 530215 491139 505194 718339 602262 323151 701049 539891 505497 131853 531959 296330 218317 642754 191348 517738 449972 506661 455102 244097 475831 550300 594019 165163 677696 257728 393139 310798 294125 67974 342687 155534 252624 184637 157777 94915
134457 230093 750416 488793 678644 177295 221327 596187 714374 615777 782815 262417 999999999 312614 339733 663538 663110 279657 958505 916926 590306 807940 289554 474587 894763 785120 497847 483421 417828 77904 664149 510388 1009025 462071 486896 819147 997057 506017 619581 322354 673764 714990 853217 939522 503415 381147 300449 531861 762496 653038 860296 940870 960199 22319 327881 292480 637599 184360 881392 347174 82280 447985 812987 735832 791035 553093 622434 952196 744820 268282 951152 452372 766845 324184 545360 475195 264474 904215 394837 548884 523563 691344 717473 361203 687712 812502 730156 408869 912114 340516 376118 68885 548741 279613 199086 172336 165140 424405 211756 350260
436407 432922 774229 380919 399546 214257 97260 561556 485842 552614 809848 216998 312614 999999999 176401 678906 751886 185483 710237 701526 289203 633735 434209 438077 718434 629133 276227 624305 147427 374200 498840 225761 733914 550086 553210 827866 740824 310543 465495 374387 362346 405479 718282 937534 283382 374464 214105 219723 771423 347575 584369 904939 929847 292623 91307 49853 326601 360734 633494 398570 241937 502772 525611 681244 578055 705785 721700 667347 814690 164578 691622 714989 601289 348307 315192 174159 56002 729713 401581 300899 665347 708402 530272 48784 392121 632200 807691 207873 835176 469288 587681 315662 440912 284951 479681 144495 176959 373142 104741 282466
425861 353112 600685 206341 351175 168302 163435 385391 375297 376572 636310 100117 339733 176401 999999999 505561 591123 65679 618778 582226 295860 488535 323155 263630 575568 475482 447142 487176 313077 416488 346388 371517 673345 398929 394929 652501 657527 484643 307051 233617 403425 431461 558264 761298 454317 211083 376926 308874 596429 361684 526493 729022 753746 327943 267427 131116 368038 288749 541663 252382 303845 344714 487227 505497 455789 568351 564841 621944 647993 322532 612057 638534 451322 201663 482027 203209 203308 586082 238913 462235 525847 534849 390195 184241 375747 490132 642788 69545 662888 343929 488106 376295 267997 151970 441484 192104 282401 199297 171961 114510
638092 466526 95334 327123 663724 535015 631177 138004 536992 181522 130943 477019 663538 678906 505561 999999999 168192 498537 712451 595517 708255 439923 386764 242089 487960 389644 952650 280140 818602 727008 383563 871371 836546 219388 184268 156563 762695 989263 360864 345891 819847 823130 374587 276185 959828 310829 854740 785284 99199 758839 743212 287448 302541 669575 767559 630205 793467 482980 664589 319315 690729 215926 759546 159290 525647 299506 183252 836415 168935 800095 743017 574021 404744 355231 987295 671107 692533 489210 286856 966216 275348 29657 440031 689622 727627 455973 175665 504513 307110 339132 431304 730438 293483 417910 585934 628090 721887 306314 634774 396705
604407 439379 164883 449437 805986 572833 686293 286075 692822 337491 175971 536382 663110 751886 591123 168192 999999999 566419 878893 763373 832867 607541 373770 346743 655926 557436 1027824 193503 898002 713803 541440 962502 1000726 208114 198740 230566 929187 1059230 513078 382336 946867 956185 541076 335243 1034951 380303 900084 891611 199893 888815 901122 390866 395485 674325 834324 702033 917437 479588 828628 356188 708476 249115 911334 325186 689535 167735 43624 996497 87165 847884 907937 459218 571426 404580 1066908 778351 753604 656955 352527 1050392 165393 163897 601416 772149 865780 623424 68502 607555 449897 323061 349229 731994 432309 469499 538873 671316 756447 400930 687465 476624
360592 291037 593737 230953 416854 104458 136204 389773 435106 390037 629231 38531 279657 185483 65679 498537 566419 999999999 680147 637789 357554 535212 268458 262118 622470 517524 461612 445379 331893 357228 391405 401842 737997 365749 367779 650694 719928 494555 348990 191787 462150 492642 594764 763884 468756 190057 360615 355862 593513 423534 591639 740209 763700 269698 270400 135631 426177 224732 603381 214611 252647 317315 552906 519034 511674 527075 536584 687428 629726 305439 675106 577824 495933 163713 500525 257882 194018 632519 216727 484900 485538 528179 440692 208862 440474 538305 622396 134119 684424 295167 431669 321680 294207 103059 375996 149424 245846 197741 141884 104305
1034769 919974 761491 525804 321639 784514 761637 601106 246368 547188 783194 703867 958505 710237 618778 712451 878893 680147 999999999 130462 455358 274821 855924 613607 259344 325401 842571 912546 744721 1035171 355863 715268 138353 805928 773063 752488 50302 890979 397888 745517 477941 436024 378508 783466 847400 672470 912275 591460 729612 433362 168460 688594 714422 946463 775477 697754 487419 874603 77514 742310 917552 748048 246493 568935 196524 970666 884453 186555 872464 870505 52221 1169003 307707 717384 843497 547732 764089 265811 684059 807208 932332 724346 289397 673041 363243 258094 884125 549863 559120 844280 1002018 992236 495288 717416 1033921 802342 877346 612566 771819 636838
978834 849473 638298 451587 351390 739831 737479 493920 215785 440205 658352 655582 916926 701526 582226 595517 763373 637789 130462 999999999 483843 156143 779435 526017 128889 205941 872395 813493 760996 994727 269359 747130 268588 709215 674028 625481 176836 920806 315310 671548 533892 499816 248828 653265 877953 596297 912373 621643 605365 479309 256721 558134 583968 907487 776965 680315 534826 811766 131169 664335 886051 654635 324429 446387 126441 866108 772259 306660 751155 865780 176937 1082225 195591 646627 880273 555598 751805 135617 603606 845270 829682 605081 205583 670943 409930 140960 763954 517075 428663 761556 915673 958196 409695 657397 969177 773051 856726 536512 747231 577317
700948 648384 795747 384571 134883 446755 369629 570802 285228 536304 829396 394860 590306 289203 295860 708255 832867 357554 455358 483843 999999999 474287 617473 486307 543805 492236 389905 765189 290468 658210 382877 263609 453754 666221 651959 828358 476531 438438 375526 520084 114441 135676 590168 915652 395188 476532 467393 138118 779798 65981 307608 854217 881886 572463 333046 298230 85223 582029 384250 533855 527390 605640 240760 644003 379762 843829 815537 381831 871478 432563 426237 934371 458510 486584 396437 115941 344987 555749 502104 361585 800622 734075 376524 242960 104354 465653 871937 243762 752085 633511 782747 602618 415878 446107 728523 418153 466156 437580 379564 388526
855458 715083 486690 323581 360774 631509 651024 338924 192548 285566 508825 546079 807940 633735 488535 439923 607541 535212 274821 156143 474287 999999999 641034 382757 87263 50639 843681 660514 719846 885636 144004 725176 405925 557776 521599 480076 324637 890758 188474 536842 553105 531185 126809 522441 849958 461231 847828 603745 455048 491029 345762 435089 462510 801248 717978 603501 543596 684469 239187 526356 787830 505447 391516 294127 116124 711052 616116 423117 597857 797002 310942 934702 43927 515284 859775 515320 678042 97554 464663 827395 675271 450419 104440 612129 430087 17027 609895 431646 311054 618607 769135 856028 272017 535953 838283 679926 770676 403186 659984 458987
251932 82111 467593 330437 651242 224734 348445 351628 615352 387454 498425 230031 289554 434209 323155 386764 373770 268458 855924 779435 617473 641034 999999999 259517 721076 604780 696994 202415 579426 344602 510081 659577 941774 174323 203563 538623 902201 720694 464307 110882 726509 753086 648770 659281 703793 183807 541141 624084 483639 682783 806116 672359 688890 300573 501186 387784 691192 105884 785032 115132 337095 174311 783421 487610 664187 280182 333650 906101 455315 492568 864337 323262 597117 141704 740800 525074 418168 728074 176464 731658 244211 412610 574898 468672 688705 650680 440620 375638 664806 51020 165280 358417 370454 171463 208127 320143 393223 243887 346319 236977
490604 336711 337092 106680 469658 318060 397737 128603 386606 141210 372709 246678 474587 438077 263630 242089 346743 262118 613607 526017 486307 382757 259517 999999999 461680 345343 710771 306766 576573 547663 258988 630142 713871 199074 173900 389959 662020 747931 215722 162778 600481 611554 392407 501846 717946 93568 622449 548958 333355 543289 591828 480658 503282 474826 527687 390004 570740 318077 547952 146877 482340 137566 587012 264231 417714 376058 329804 691598 391700 567317 629062 556869 338853 151372 745207 434868 455240 468581 85938 724259 333998 271277 325489 447562 524786 393197 389464 265310 438247 236085 389995 535364 118324 199427 462541 402048 498806 65031 402574 158030
940114 796675 520958 408962 421820 718519 737823 403295 258584 352063 538413 633102 894763 718434 575568 487960 655926 622470 259344 128889 543805 87263 721076 461680 999999999 116356 921012 726971 799780 972398 231181 800254 397446 627401 589913 502374 304958 968565 275183 618969 613316 586335 122918 524948 927123 543618 932508 676993 486655 553384 370111 429283 455079 888264 801494 689319 607599 768492 248959 607128 875092 578305 428372 332338 165950 772002 669208 431677 635811 882194 305077 1007433 128156 598693 934954 593984 763656 11949 545338 901724 738404 493931 188205 695276 488376 86283 650119 517911 299776 696117 843272 943206 355069 621654 920868 767092 857559 486567 746846 545366
825919 680669 436180 296842 387160 610193 638885 292003 219770 239337 458615 525094 785120 629133 475482 389644 557436 517524 325401 205941 492236 50639 604780 345343 116356 999999999 850992 614939 723971 862397 130408 735675 455796 513599 476726 430781 375257 897310 168817 503247 578022 559684 97933 477224 857464 428091 842565 616917 404737 514869 389754 393020 420757 779660 715782 595765 565716 653814 287673 490985 769735 463095 430667 243623 157933 663533 566677 470418 547219 790516 360864 892491 34066 483712 869668 522464 670671 123399 429205 838362 628431 399852 115810 611155 457470 67316 559276 423286 272836 579839 727783 835888 240463 509332 805190 664764 757681 371760 647434 434882
632184 680096 1047816 642727 524664 472278 349023 830707 665663 816122 1083443 491812 497847 276227 447142 952650 1027824 461612 842571 872395 389905 843681 696994 710771 921012 850992 999999999 893764 134913 527094 725854 127329 821028 824698 829091 1098934 859303 48536 701795 648379 379724 429431 946558 1205386 7181 650595 210194 251918 1043233 411165 685346 1165480 1191403 475604 196230 326031 360217 609689 773434 673291 415742 778728 610023 942305 762157 974510 997003 740146 1090858 229808 809345 944763 819361 623619 47579 328687 279262 932893 677779 63335 935338 981973 740110 263724 480027 837999 1083917 459659 1084456 736761 838574 462999 698142 559398 693953 378913 333741 646337 350696 557585
413311 254229 330734 410445 769897 423002 544896 323676 692825 375611 353316 409448 483421 624305 487176 280140 193503 445379 912546 813493 765189 660514 202415 306766 726971 614939 893764 999999999 771466 527588 557099 846541 1018747 107846 139677 403544 961955 919667 517501 254404 878739 897683 628623 518443 900688 288824 743446 796021 357980 827441 898594 557435 567435 497053 697537 575731 845547 305416 850555 234891 537809 169408 891964 426459 716106 81703 149915 998336 280572 694412 931846 294275 618547 285543 936344 688637 614560 731027 264177 924795 41907 295775 623267 653545 819450 673959 261726 523346 587020 157509 158438 551809 421631 342330 345926 520436 595637 334463 543860 378978
550427 572024 913665 507885 423084 356293 232952 695878 549017 681286 949280 364328 417828 147427 313077 818602 898002 331893 744721 760996 290468 719846 579426 576573 799780 723971 134913 771466 999999999 463454 596881 92764 740897 697254 699528 964216 766982 176511 570668 521761 315905 365764 818282 1070473 142032 519000 190236 164188 908641 328322 597253 1031039 1056859 395802 89964 196856 286962 500100 671876 545780 337182 649015 526898 807705 645376 852860 868476 664768 959017 174200 716690 847970 693164 495311 169334 206481 165462 811546 546453 153474 812599 847847 615572 129067 390890 715311 952706 325058 951732 615929 729023 399315 563693 432300 603724 271568 255621 512374 237067 424783
129430 274529 811206 565823 751481 255196 288844 666890 791535 688808 842624 340305 77904 374200 416488 727008 713803 357228 1035171 994727 658210 885636 344602 547663 972398 862397 527094 527588 463454 999999999 741902 556027 1083327 518921 546759 881301 1073239 528365 697231 391594 736508 779456 929411 1001973 531972 454097 319743 590406 825353 719599 934185 1007874 1026353 88896 374921 360146 700801 244028 957950 415191 132328 511125 884937 806744 868777 591500 671881 1024920 797675 299621 1026994 451408 844423 396463 574513 542419 322144 981797 466065 582638 565941 754090 795375 422943 757505 890294 781770 485322 983775 395285 403487 64657 625278 355364 205783 241228 208509 499570 278784 427527
714925 580567 453618 183626 298726 487562 509564 255731 153692 204096 482876 402130 664149 498840 346388 383563 541440 391405 355863 269359 382877 144004 510081 258988 231181 130408 725854 557099 596881 741902 999999999 613814 464468 450179 417913 469028 404987 771491 46377 402401 479922 470003 221516 541699 732464 327020 712172 498861 429212 415933 360071 473174 501048 657290 585888 465401 462295 545401 294119 394993 644052 392228 377859 275373 159370 617538 540548 455105 551890 660113 375308 815798 104964 378239 746709 398680 540297 241124 334418 716554 578209 402305 66621 481759 368200 148519 559198 292911 369493 493125 648854 712033 141145 394094 701453 536956 628788 267377 518284 316009
642623 657668 965465 550710 398045 439677 318568 742941 543125 722486 1000881 437105 510388 225761 371517 871371 962502 401842 715268 747130 263609 725176 659577 630142 800254 735675 127329 846541 92764 556027 613814 999999999 695303 766631 765483 1011539 732078 175712 593728 593621 255914 306197 832443 1113001 132153 582224 270484 125526 957428 284081 558310 1066250 1092859 488411 182543 271970 234052 585491 646396 616188 429914 715032 483429 845144 639291 928223 935348 615279 1018895 263348 682086 936761 703252 565046 134711 215719 254055 812181 610026 102770 887054 900062 622714 193056 352723 718570 1014132 367816 978326 693224 813247 491779 601410 504547 694629 360241 348370 567861 323829 485929
1098314 999229 891092 617428 334837 841647 799264 717960 328435 664700 914327 766585 1009025 733914 673345 836546 1000726 737997 138353 268588 453754 405925 941774 713871 397446 455796 821028 1018747 740897 1083327 464468 695303 999999999 911051 880661 885877 98991 868258 501521 830966 442069 393658 515382 920667 824924 761480 921146 578728 860328 413530 149870 826508 852475 994607 786436 730716 461255 947268 172099 831457 958774 850949 214003 698855 311197 1081598 1003125 84937 999863 885394 94991 1261392 434314 800510 814175 561733 789658 404104 776595 777391 1041737 850466 400713 691302 350486 388920 1010377 603993 697166 936097 1095390 1034645 597185 790708 1106108 843962 908437 702990 809582 711947
421616 250173 294454 303545 664641 364876 479996 226199 584979 275440 324513 333160 462071 550086 398929 219388 208114 365749 805928 709215 666221 557776 174323 199074 627401 513599 824698 107846 697254 518921 450179 766631 911051 999999999 39460 366398 855162 854446 410016 176424 780396 797000 534931 486729 831773 191284 692038 706481 312863 727165 790866 506817 521326 471507 629782 500427 748115 277751 743198 151525 502375 62417 785172 344461 609410 179265 173137 890552 284520 640024 824485 381552 515167 202042 865118 596218 548143 632150 164579 850507 136348 242850 516536 574170 715991 570660 271793 427569 515390 123917 222863 530681 313879 265347 366832 463461 548419 230664 480710 286263
454062 282414 264452 280318 643165 377856 488409 187675 556244 237858 296113 337695 486896 553210 394929 184268 198740 367779 773063 674028 651959 521599 203563 173900 589913 476726 829091 139677 699528 546759 417913 765483 880661 39460 999999999 335088 822558 860587 379142 185271 766385 780750 496067 455767 836216 183994 704857 699529 280155 711478 763414 471424 486805 494995 635685 503361 734987 303502 711733 158563 522397 50540 760727 305109 576697 202725 169931 862643 267639 651896 793006 420338 479344 205973 868303 587670 555238 594445 156217 852160 161472 209282 483907 574265 696859 534806 257497 417440 476671 155016 262319 555006 284426 271069 401989 475624 563786 214380 489937 280645
788003 616465 73225 461051 765395 691166 784789 268784 619359 293083 54996 631067 819147 827866 652501 156563 230566 650694 752488 625481 828358 480076 538623 389959 502374 430781 1098934 403544 964216 881301 469028 1011539 885877 366398 335088 999999999 801241 1137137 459550 502451 935893 932936 379523 120700 1106089 465382 1009015 917944 57675 872943 814601 160433 165569 825618 917644 779955 912731 637443 718413 475847 847288 371162 843862 194527 584880 396484 267890 900044 164140 954162 790888 686724 455640 511412 1131701 804809 844545 499861 442291 1108859 386109 127952 512410 835219 833198 497101 185361 643832 239277 489473 561497 886367 415436 573488 731786 783440 877797 454987 788783 547428
1076578 965045 811183 572603 345694 824386 796355 651278 289332 597376 832576 744905 997057 740824 657527 762695 929187 719928 50302 176836 476531 324637 902201 662020 304958 375257 859303 961955 766982 1073239 404987 732078 98991 855162 822558 801241 999999999 907448 446401 791577 487699 443008 425662 829858 863828 719084 939034 610063 779106 448216 174918 733970 759455 984390 802487 730965 500669 918242 117921 789052 953614 796966 252828 618657 245861 1020547 934734 164326 922432 898983 50294 1216643 357953 762948 857550 574609 795411 310627 731320 820973 982071 774468 338689 701875 379501 307988 934204 588210 604298 891605 1049721 1028747 543759 760921 1077649 838255 910548 659333 806603 680556
639390 698815 1084559 683364 573200 496768 375385 869557 713658 856698 1120186 522900 506017 310543 484643 989263 1059230 494555 890979 920806 438438 890758 720694 747931 968565 897310 48536 919667 176511 528365 771491 175712 868258 854446 860587 1137137 907448 999999999 746484 678048 426511 475924 992513 1244967 43622 684428 208648 300453 1081043 459248 733343 1207146 1232842 484059 224907 359808 407882 629660 821947 703527 424914 810465 657759 983647 810184 999793 1027304 786999 1124252 238992 857532 956689 865892 654652 65690 375483 306413 980432 711270 97860 961433 1018713 786997 303244 528295 885288 1116628 501193 1128174 762230 857249 465411 739876 589819 704247 400714 345122 683165 375894 593003
668746 534337 437213 137254 306561 443442 470483 227396 180426 179341 468268 358062 619581 465495 307051 360864 513078 348990 397888 315310 375526 188474 464307 215722 275183 168817 701795 517501 570668 697231 46377 593728 501521 410016 379142 459550 446401 746484 999999999 356263 478561 473506 252964 540763 708550 280990 677520 483087 415710 414992 389284 479463 506967 613175 554106 429669 457862 499055 333229 349295 601463 350871 399207 269858 202156 580395 509246 486681 529796 624682 414502 771867 147439 331895 724997 378026 504554 284716 289056 696099 540268 381965 110798 451715 373709 194057 535513 257890 384656 448336 604856 668530 97400 348151 655083 495949 589009 221222 478915 270571
327865 178403 436966 220767 544413 193105 304018 275488 504482 301103 471048 157449 322354 374387 233617 345891 382336 191787 745517 671548 520084 536842 110882 162778 618969 503247 648379 254404 521761 391594 402401 593621 830966 176424 185271 502451 791577 678048 356263 999999999 631787 654890 554954 621707 655444 75660 519672 542077 445029 584332 695976 618700 638419 326102 453358 324943 597458 155619 674300 27133 344838 137361 675166 415330 554673 335971 349299 796095 452799 466626 753499 432351 493091 33615 689096 436339 371816 626585 77078 675184 294055 374709 466354 400605 585196 545600 442716 276327 592728 113803 269664 387259 264875 89478 301944 290424 379922 135041 305133 132313
791990 752826 905962 498018 192435 544262 453102 682025 360590 645472 939161 500273 673764 362346 403425 819847 946867 462150 477941 533892 114441 553105 726509 600481 613316 578022 379724 878739 315905 736508 479922 255914 442069 780396 766385 935893 487699 426511 478561 631787 999999999 50439 675062 1019103 383363 590335 505395 153903 888728 63993 312881 953085 980968 654362 381904 383228 36604 684560 417043 646460 604199 719960 234980 748400 447475 957701 929877 360491 984183 481016 438918 1039929 543957 598442 372256 206175 415066 625055 616124 335478 914509 845154 463026 313577 125181 542166 985090 356008 845382 744734 891530 677162 526615 555107 825578 502270 534529 552007 462332 501010
830482 783640 906711 506843 173117 579303 493738 685143 340105 645683 939153 530182 714990 405479 431461 823130 956185 492642 436024 499816 135676 531185 753086 611554 586335 559684 429431 897683 365764 779456 470003 306197 393658 797000 780750 932936 443008 475924 473506 654890 50439 999999999 655443 1011534 432932 608873 554867 202808 887678 70560 268954 941643 969620 696067 429790 423010 80582 716734 378709 667940 647327 735701 190445 742663 421588 975479 941318 311323 989395 529330 394970 1069896 525760 621326 420619 242023 459264 597888 633781 383841 932272 847457 446461 356928 102578 519187 991436 378683 830155 768497 918365 721051 529827 581756 861194 542868 579581 566876 503236 522937
882295 728094 400276 366331 483563 681794 721306 308920 315397 263510 416430 598036 853217 718282 558264 374587 541076 594764 378508 248828 590168 126809 648770 392407 122918 97933 946558 628623 818282 929411 221516 832443 515382 534931 496067 379523 425662 992513 252964 554954 675062 655443 999999999 405307 953101 482321 930481 714394 365363 612136 470013 313009 339835 849616 806369 682557 663341 709475 357026 538952 844533 492236 518146 215894 242763 666721 557599 542074 515859 877560 421362 916403 131750 539948 966151 618456 757407 120493 478340 935188 635809 377583 213701 702889 553599 141574 531000 510838 185987 617642 755974 907595 304747 574064 854447 743749 838576 430872 729378 504745
908331 736883 192413 563274 840334 808871 899047 375988 684265 390540 165383 746154 939522 937534 761298 276185 335243 763884 783466 653265 915652 522441 659281 501846 524948 477224 1205386 518443 1070473 1001973 541699 1113001 920667 486729 455767 120700 829858 1244967 540763 621707 1019103 1011534 405307 999999999 1212504 581530 1123691 1013895 177053 955357 866975 102467 85815 945743 1028075 890499 998560 758079 760388 595294 966439 491580 905049 271774 635149 502948 376179 945154 255298 1068654 826645 794433 506857 629393 1236384 902384 957020 519808 559428 1212063 497537 248183 574662 941963 909895 539105 277705 746985 228510 610021 676873 1006576 511944 690465 851276 899780 994900 566630 903469 659875
637702 686582 1054992 649813 529878 479091 355905 837850 671574 823206 1090619 498912 503415 283382 454317 959828 1034951 468756 847400 877953 395188 849958 703793 717946 927123 857464 7181 900688 142032 531972 732464 132153 824924 831773 836216 1106089 863828 43622 708550 655444 383363 432932 953101 1212504 999999999 657761 214412 257125 1050396 415631 689742 1172500 1198436 481191 203153 333182 364361 616250 778489 680375 421368 785858 614224 949348 768045 981408 1004099 743842 1098023 235247 813910 950755 825785 630725 42570 335091 286158 939009 684941 62218 942274 989150 746447 270875 484678 844209 1091071 466710 1091312 743656 845074 467970 705169 566483 699771 385537 339517 653514 357516 564764
400085 254057 405513 146718 486169 228960 320476 217412 433688 234756 440805 166236 381147 374464 211083 310829 380303 190057 672470 596297 476532 461231 183807 93568 543618 428091 650595 288824 519000 454097 327020 582224 761480 191284 183994 465382 719084 684428 280990 75660 590335 608873 482321 581530 657761 999999999 543938 516114 407783 538617 629606 568183 589694 381772 460457 324808 557568 227254 602265 70090 391519 134089 613491 355902 480381 367367 353826 729961 440267 489266 682066 499916 417506 58069 688271 405133 383115 551350 27830 670669 324180 340461 391348 392150 532264 469942 433707 236330 531199 174900 334306 442496 189235 109617 377266 318275 413552 60081 323953 96667
432356 507272 949185 582650 593450 327309 224719 750373 696651 749164 984314 377950 300449 214105 376926 854740 900084 360615 912275 912373 467393 847828 541141 622449 932508 842565 210194 743446 190236 319743 712172 270484 921146 692038 704857 1009015 939034 208648 677520 519672 505395 554867 930481 1123691 214412 543938 999999999 352182 951511 512883 774331 1100504 1124196 278988 136808 248204 475209 442170 836824 546593 221574 656800 707801 878447 790244 820912 864362 847896 972462 55185 889030 752752 815111 502670 256890 364648 173843 943803 568177 269632 785300 884355 744365 241531 571020 846287 962046 419736 1039528 587094 663914 256820 644822 438046 499517 229248 148778 558328 220271 464916
655899 637729 877289 458786 272756 420915 315527 651829 419044 625471 912175 394128 531861 219723 308874 785284 891611 355862 591460 621643 138118 603745 624084 548958 676993 616917 251918 796021 164188 590406 498861 125526 578728 706481 699529 917944 610063 300453 483087 542077 153903 202808 714394 1013895 257125 516114 352182 999999999 865859 165225 437684 960871 988004 511461 228391 250389 123067 566674 521620 561256 458368 650111 365056 743174 514856 877225 868551 501365 940652 327165 559873 924181 583921 510479 259082 114250 268465 688937 543650 224964 834701 812998 502578 171972 230872 596422 938131 284252 866906 650237 785830 529354 503006 457042 696554 363845 385019 490889 323793 420229
733985 562325 36764 407723 722270 633502 727374 214614 581661 243497 54348 573562 762496 771423 596429 99199 199893 593513 729612 605365 779798 455048 483639 333355 486655 404737 1043233 357980 908641 825353 429212 957428 860328 312863 280155 57675 779106 1081043 415710 445029 888728 887678 365363 177053 1050396 407783 951511 865859 999999999 826262 781352 199458 210388 768696 860970 723316 864559 581366 690635 418494 789859 314610 806474 161617 554455 359556 231879 869670 152492 896688 765481 646439 426676 453756 1076500 752307 787440 485473 384623 1054120 344488 71264 477095 779589 789047 471943 170135 589612 250884 435038 514533 829523 364845 515818 679369 725791 820121 398342 731304 490473
765563 714339 844059 439404 131566 512258 431839 620877 298517 583271 877024 460811 653038 347575 361684 758839 888815 423534 433362 479309 65981 491029 682783 543289 553384 514869 411165 827441 328322 719599 415933 284081 413530 727165 711478 872943 448216 459248 414992 584332 63993 70560 612136 955357 415631 538617 512883 165225 826262 999999999 274229 889093 916978 634743 382183 360563 55530 648002 367854 597411 588080 666044 200084 684850 387441 905447 873078 336449 924059 482338 398366 1000217 480806 550767 410178 177883 402675 565200 563677 373849 862235 783777 399626 299909 70544 480509 925497 308149 781585 697949 848062 662765 465374 511532 794118 480706 523849 497350 441606 452381
952231 859591 808724 490001 185020 694633 649510 615071 208862 564108 835662 621526 860296 584369 526493 743212 901122 591639 168460 256721 307608 345762 806116 591828 370111 389754 685346 898594 597253 934185 360071 558310 149870 790866 763414 814601 174918 733343 389284 695976 312881 268954 470013 866975 689742 629606 774331 437684 781352 274229 999999999 780850 808245 845565 638843 580854 325990 804892 125595 698868 809106 729295 78546 621138 231859 966050 898483 100375 910904 737253 126107 1128201 360933 664412 682793 412874 640036 379996 647081 646180 924792 760870 304719 542244 206879 329637 918870 457531 655878 804397 963697 885006 479481 649584 962902 694422 758615 572977 659826 572428
924233 753011 228935 524523 768894 797034 876413 352113 607376 352460 215373 727236 940870 904939 729022 287448 390866 740209 688594 558134 854217 435089 672359 480658 429283 393020 1165480 557435 1031039 1007874 473174 1066250 826508 506817 471424 160433 733970 1207146 479463 618700 953085 941643 313009 102467 1172500 568183 1100504 960871 199458 889093 780850 999999999 27999 944728 996208 859973 935073 764702 670008 593705 959273 498892 823630 223777 550097 555886 427285 855065 322274 1045329 733284 844910 424625 620923 1193565 852228 929829 423343 549478 1167192 543239 265064 497818 904279 839218 451270 344132 705996 129722 625810 713697 1005892 467353 677659 873330 882689 979451 543173 881853 636142
940509 769014 237007 549835 796883 818651 899876 374684 635351 377233 219553 749960 960199 929847 753746 302541 395485 763700 714422 583968 881886 462510 688890 503282 455079 420757 1191403 567435 1056859 1026353 501048 1092859 852475 521326 486805 165569 759455 1232842 506967 638419 980968 969620 339835 85815 1198436 589694 1124196 988004 210388 916978 808245 27999 999999999 964518 1021072 884570 962857 782762 696858 613094 980221 516199 851402 249198 577678 561983 433426 881897 322897 1069012 759492 852274 452463 641672 1219815 879078 954008 448877 570336 1193645 551373 278587 525805 929831 867202 478622 345097 731802 155310 641643 724635 1025671 493280 699283 888151 905280 1001849 566320 905164 659503
156765 245114 757594 484132 663193 169745 202925 598073 703166 615800 790387 255169 22319 292623 327943 669575 674325 269698 946463 907487 572463 801248 300573 474826 888264 779660 475604 497053 395802 88896 657290 488411 994607 471507 494995 825618 984390 484059 613175 326102 654362 696067 849616 945743 481191 381772 278988 511461 768696 634743 845565 944728 964518 999999999 305877 274291 618299 194741 869205 351583 59968 454680 797040 737380 781351 568081 634133 936711 755166 246109 938105 473768 760591 325637 523108 457038 243587 897888 396828 526566 537585 697692 709366 341323 670675 805377 740956 396601 912953 351293 394018 61164 544885 277650 220591 154348 142823 422650 193139 345359
460511 487936 862885 472224 457062 276477 152872 652098 561472 643845 898466 298010 327881 91307 267427 767559 834324 270400 775477 776965 333046 717978 501186 527687 801494 715782 196230 697537 89964 374921 585888 182543 786436 629782 635685 917644 802487 224907 554106 453358 381904 429790 806369 1028075 203153 460457 136808 228391 860970 382183 638843 996208 1021072 305877 999999999 137698 349243 416591 700023 478704 247441 585586 573806 772530 655833 778290 802522 714680 899729 100157 752543 760408 687070 429745 239627 227937 83082 812954 487042 232653 739122 797132 613863 106522 437231 715533 891879 297526 926108 540547 645906 311210 532093 364940 514587 185891 166519 462664 154976 370872
408932 391037 725539 337319 396137 172258 71399 514560 465830 507515 761141 167495 292480 49853 131116 630205 702033 135631 697754 680315 298230 603501 387784 390004 689319 595765 326031 575731 196856 360146 465401 271970 730716 500427 503361 779955 730965 359808 429669 324943 383228 423010 682557 890499 333182 324808 248204 250389 723316 360563 580854 859973 884570 274291 137698 999999999 346769 319135 620423 348935 230328 452920 527020 636541 555213 657306 671908 668075 764974 195013 682598 675659 569209 298561 365003 182762 74925 700356 351854 350243 616618 659746 501312 82049 397575 603069 757893 172493 793389 421442 543777 306136 398490 235469 446394 120144 179637 324986 81369 233528
