NAME : synthetic_000688
TYPE : CTSP-D
DIMENSION : 100
GROUPS : 8
RELAXATION_LEVEL : 1
EDGE_WEIGHT_TYPE : EXPLICIT
EDGE_WEIGHT_FORMAT : FULL_MATRIX
EDGE_WEIGHT_SECTION
999999999 173434 289175 419495 811276 331486 487740 656805 613001 213876 343819 151487 74533 662108 43286 475287 501804 575300 838661 269639 586775 110179 196544 596461 581279 377925 67438 588203 349770 588011 468893 733231 904880 558584 595508 481962 315838 817744 234235 332476 716286 440682 222849 509710 403964 285709 795550 298553 405119 702301 377086 768649 617809 803689 529561 604010 132995 614542 608387 262321 357738 451390 250633 538923 476314 722894 412871 180809 522339 508240 248860 224607 506465 320796 20976 592796 297098 258829 243358 689508 220046 642151 245945 709251 135160 665565 116302 139640 264520 738327 389710 584037 625349 643161 629488 568976 723740 318634 402757 381168
173434 999999999 447750 592038 978600 423947 603900 742669 696955 352799 507471 189287 243380 781108 216020 618086 494478 743518 1004465 442111 760138 115311 160537 741482 698628 543313 109486 722295 273178 758086 583598 902795 1070150 704301 752863 655367 156844 981454 67471 441212 785522 581981 331661 537784 576065 141081 946353 466241 565042 764292 545978 930025 782925 958868 696666 743395 223365 666999 776674 337551 212322 538132 77450 633702 579881 864907 506146 134073 536679 665563 141641 239525 664503 418950 189352 731276 318375 400874 300408 756745 76799 798859 105538 825755 227305 819471 172320 142965 334976 895817 560091 656122 798717 805275 792628 689490 895212 468852 575634 309059
289175 447750 999999999 256625 534037 475763 256743 458350 423519 111164 290309 299766 252910 684701 248525 197072 497187 303008 558099 182116 359100 341455 374042 312033 335890 299263 354610 316278 490231 323439 244548 463585 623264 274212 306652 268010 556506 533939 494592 176092 540121 167371 173657 443344 172021 516206 506790 59777 117303 540226 120115 482314 336742 514574 254442 579859 369836 481850 457276 235981 575887 290871 523412 340992 273674 439233 533071 466515 476394 219257 457664 324450 217703 459529 283731 573181 530456 334356 266278 519824 465912 353180 533587 456319 369060 376420 385849 421318 460545 449663 265980 420927 395359 357550 345147 319333 464059 47119 237501 505945
419495 592038 256625 999999999 459216 398725 471150 672253 645923 348148 134046 504642 348990 470761 378678 360694 752985 250049 494885 149935 183679 514617 577157 418055 522057 106944 482883 462375 715677 239620 466326 370067 559747 390594 348892 89249 732992 489351 653684 431704 761968 353423 416742 699158 111415 699219 541784 197440 241672 769246 162645 460461 309808 526190 230224 349213 418516 724914 204647 484516 768218 537040 668354 566364 504557 524443 417666 550875 732872 296211 651571 551057 290537 383216 402699 345632 524841 267879 507434 746257 636852 386321 646637 615485 415534 420323 460317 504174 436231 457916 51898 656496 219981 351861 333965 502974 342925 291634 19595 737332
811276 978600 534037 459216 999999999 857742 524729 635127 640227 640612 593169 831294 756508 840466 768183 419511 920691 236138 39006 576925 287276 875258 904176 330453 489205 563209 878668 398547 1001546 228275 538167 89887 100547 349003 256041 370317 1089966 62900 1028189 623708 720953 450553 690084 825890 415644 1049047 220852 512951 419071 748485 434282 104887 197824 174227 281985 709195 853584 765417 443871 733714 1105773 643855 1055297 598324 577964 305495 870486 975079 868173 331180 988871 843684 329927 842350 800876 712980 979711 725116 774030 722955 999949 224300 1056611 479869 851326 230162 886092 927601 892508 161165 510788 686948 263051 187659 194624 476818 129960 524092 464394 1009295
331486 423947 475763 398725 857742 999999999 729897 925738 886685 473199 264679 482953 284435 361166 327738 665581 831424 642695 893598 314234 575821 431211 521406 763919 811653 295219 344739 784737 671276 636774 715539 768306 958289 728780 720427 487926 577787 887487 488860 606127 999748 640474 516821 828972 467519 564926 924808 439613 553352 992934 482715 855521 700588 915694 613030 350908 208623 916197 492412 574175 636074 734276 474857 805489 737736 886039 83135 305728 846398 646510 552188 555915 642102 16614 312928 337877 164603 145685 565557 975990 498537 763854 408736 930583 205160 795688 254355 281531 93389 846421 346995 871290 608015 739682 722246 795005 738338 522019 395229 704939
487740 603900 256743 471150 524729 729897 999999999 204015 174787 276013 539341 417048 479438 930367 457368 126310 396938 364939 531835 436612 489748 488765 472624 197185 94855 541388 540755 141526 520094 399131 20612 491012 584413 175866 273382 439564 660719 494764 628397 162702 291239 119404 273463 301404 361240 617257 392723 305118 230462 298400 308706 434277 354816 423032 327410 816876 598737 267431 643874 274691 655048 120087 668144 96656 53242 289362 789530 666246 343582 228282 552682 392343 233105 713910 491087 811844 766803 590523 317561 275137 590505 300436 705623 222802 598932 299455 600961 627306 705795 381118 497729 191528 514616 343340 343202 86266 516807 209640 455339 518104
656805 742669 458350 672253 635127 925738 204015 999999999 45844 457665 743301 554422 662067 1134207 633086 314537 384505 532178 630420 639615 669375 632411 591708 320456 161560 745269 700222 249556 588539 567153 213963 626486 668276 321928 417293 633240 763386 589410 752157 326543 93126 318885 433958 277876 561296 721568 446688 508738 430581 114038 510707 532256 505203 490134 503982 1019657 778584 152633 835448 406846 741626 206710 795844 120500 188011 338794 988709 826951 313745 404265 659667 507702 409954 910103 664117 1014905 947974 789570 442265 88252 711758 425297 847991 173436 779331 408638 772961 793165 894147 474986 700864 99390 688755 479783 486088 179720 662476 411349 657139 574201
613001 696955 423519 645923 640227 886685 174787 45844 999999999 416462 711100 508847 620132 1103682 590149 293639 346973 520838 638293 605497 654399 586935 545867 316934 153908 714792 655484 245601 544494 555808 181427 625125 679821 312993 411270 611884 717979 597816 706320 284317 117072 293282 390202 239496 535820 676065 461990 475932 404922 124726 483492 539256 498652 503396 489309 991366 735920 128698 815500 361471 696899 161992 750000 82530 150238 352340 951087 782132 277372 388829 614028 461858 394306 871207 620749 986182 905278 752145 396566 100621 665929 424241 802307 198539 736754 410985 729250 748800 852924 482117 672133 60106 675906 476687 481372 169761 658538 376881 630120 530985
213876 352799 111164 348148 640612 473199 276013 457665 416462 999999999 346678 190704 205051 733409 181458 266050 411695 412626 662863 235012 468399 240850 264171 389154 368402 365618 272170 375397 379870 434153 258016 572881 727056 351761 402906 373580 449692 636498 393276 133136 527438 230326 68627 376131 278562 408476 593565 157461 221555 519758 230028 582461 442790 606902 363784 641425 323449 444895 552609 137237 466135 261127 425727 337341 271183 513817 542290 394368 403112 316460 348488 213666 316082 458261 215582 633107 492323 346783 160043 503123 361855 448163 446586 496037 323834 467375 325231 353312 436530 545154 345330 398150 505200 459711 448738 355552 574808 118081 328553 396844
343819 507471 290309 134046 593169 264679 539341 743301 711100 346678 999999999 460313 269289 394410 309450 446933 757054 380625 628926 112325 313685 450268 526245 525991 605657 37654 398984 559815 675183 372754 530008 503870 693712 494259 468799 223258 658242 623109 573071 460061 828130 430437 411726 721031 214995 629472 668475 235219 325862 829836 245734 592713 439572 655877 354999 294839 308837 771627 271806 480715 701541 580621 580303 628858 562480 641066 287507 444211 749494 404029 590533 519503 398899 249191 324081 286808 395546 138852 492821 808882 563206 509618 546049 712056 305365 542774 356193 399804 306196 586974 82392 711126 347770 480227 462496 587237 475255 335454 131477 701660
151487 189287 299766 504642 831294 482953 417048 554422 508847 190704 460313 999999999 209676 806865 162945 444056 351798 602652 853237 364060 648035 78745 74812 566949 511384 489616 160874 540966 214959 623006 396568 763129 917108 530914 590888 547791 259756 826215 212428 254670 601131 407683 150174 369646 456804 218003 774471 336049 412256 582132 414252 771313 633469 791412 553941 739381 281563 487838 706173 148318 276161 349119 251130 444448 390987 686804 564120 281180 377486 505475 157942 73352 505452 472106 170284 728903 436179 400509 113027 572814 176558 635239 293970 637797 284189 652182 252490 257004 414073 731870 487295 470246 685885 649606 639030 503121 763511 307796 485739 241735
74533 243380 252910 348990 756508 284435 479438 662067 620132 205051 269289 209676 999999999 597198 46737 447941 549418 520561 785628 199236 520788 182824 265183 564936 569861 303517 133984 565224 418031 530338 462122 675692 852216 527095 553051 415816 389790 767143 306630 335815 728877 415520 236285 544656 343526 360207 757142 248932 363117 718550 323523 720753 566795 761457 476758 533205 119674 636775 534733 290194 432270 461642 319382 541993 476189 692135 361983 219354 562072 467006 322616 279538 464526 271545 55083 522284 287483 190976 281464 703501 294261 599819 302888 696151 119641 625594 133765 172324 234086 694433 316918 597812 559238 595358 580670 555766 663026 290109 332974 447954
662108 781108 684701 470761 840466 361166 930367 1134207 1103682 733409 394410 806865 597198 999999999 643921 828687 1135357 695424 879468 504995 568799 770519 858632 887280 989965 388985 691785 933125 1011766 672376 922265 756097 932864 861055 810702 536471 936745 890175 847291 853095 1220744 817129 794062 1109518 580883 921066 984717 628843 707436 1223584 625878 881555 753583 958782 690265 131977 559105 1165891 396623 861051 993293 974929 835483 1021808 956046 986386 285133 666835 1135288 766365 901699 875721 760609 363555 641403 130371 511099 406475 865461 1202247 853551 842155 769674 1086245 555261 876534 609005 640504 454370 896084 434863 1105376 582336 797643 780245 971053 710725 729563 482686 1043244
43286 216020 248525 378678 768183 327738 457368 633086 590149 181458 309450 162945 46737 643921 999999999 437773 504324 532160 795734 229222 544152 140854 219914 557899 549825 342277 110687 552369 372281 544737 439126 689971 862005 519975 554173 439443 354742 775105 275342 306781 696445 403778 201464 503014 360745 322633 755304 255648 363611 684439 333940 726401 575046 762549 486563 578798 146083 599984 570295 250059 393596 429761 293378 513893 449583 684707 406585 218426 518986 467066 281106 232967 465139 315456 35437 568009 315221 237625 238026 670389 258600 600883 288686 677318 147182 624845 143843 174439 270939 696801 350767 564628 582734 600868 587029 536768 680480 280191 361587 401789
475287 618086 197072 360694 419511 665581 126310 314537 293639 266050 446933 444056 447941 828687 437773 999999999 505737 239922 432496 355873 363688 504495 510847 123456 161459 442647 536914 119750 588900 273675 131562 374958 490975 86863 163513 318860 701671 399184 654557 207970 406384 36383 294151 418138 249280 658760 330415 226032 121680 418356 203257 340180 236050 348988 201163 709780 566149 393686 521953 323543 707066 233262 689480 221296 174930 247977 716129 655729 459365 103011 595270 439861 107489 649082 473177 705844 727515 520995 366146 393909 620357 200899 712596 266741 565514 211481 579185 612202 656521 293802 393884 317143 388307 232451 228709 142446 396339 158045 346870 593619
501804 494478 497187 752985 920691 831424 396938 384505 346973 411695 757054 351798 549418 1135357 504324 505737 999999999 738895 928727 646276 838936 418786 337811 594001 454642 777242 508839 533414 250445 770069 382597 880695 981016 571845 666339 760177 447311 891675 472750 328702 374787 480296 345346 107624 665288 413422 780818 555650 559126 340959 609221 831180 741681 815526 693986 1050867 633276 243711 954421 276380 405645 277044 517658 341483 344069 672137 910901 617014 71629 605546 366410 278673 608960 819581 519175 1042002 785337 733021 270357 346845 434232 696702 592366 541800 635838 696335 603073 602110 765721 777569 755667 287023 870956 736362 733997 460191 900595 469025 733604 222936
575300 743518 303008 250049 236138 642695 364939 532178 520838 412626 380625 602652 520561 695424 532160 239922 738895 999999999 265331 346113 144021 642173 676674 219844 370655 356841 642718 285633 784778 35002 371463 160615 332016 210514 125169 164907 859201 250111 794555 419230 625169 259683 467889 656286 182751 819149 293558 277343 193973 643317 198220 212930 60034 276144 48951 565258 619808 630592 326857 519116 878630 471980 820473 456585 414804 294071 667178 739411 696866 136930 760589 622080 132481 626615 564750 565258 752748 503232 556552 617823 767603 147787 820497 424320 617704 181869 650832 691994 667547 208089 301034 552512 157265 103378 85566 352849 165264 300342 249290 796320
838661 1004465 558099 494885 39006 893598 531835 630420 638293 662863 628926 853237 785628 879468 795734 432496 928727 265331 999999999 609216 325165 899545 925445 335281 489705 599546 905936 400704 1018573 260782 546355 127517 66700 357418 269600 405753 1112555 41410 1052690 638954 714038 465000 709967 831784 446901 1071219 201370 540110 441872 742898 462425 99314 221564 153503 309259 748201 884772 764952 482868 750988 1126537 651698 1080823 600950 584882 295194 907615 1004649 874175 349519 1010337 862791 348855 878098 828877 751977 1013479 759755 792004 717609 1023584 233003 1084399 470140 882602 233119 916163 957262 926699 156198 546612 687157 301695 204523 214220 478537 168943 545470 499409 1025094
269639 442111 182116 149935 576925 314234 436612 639615 605497 235012 112325 364060 199236 504995 229222 355873 646276 346113 609216 999999999 324044 366918 434240 449782 509347 131390 333017 473508 578250 348704 425654 491637 675753 414949 408920 219661 583911 596187 503868 348282 722195 334428 301063 608723 163480 550979 615088 132317 239896 722202 168968 556802 399822 609940 309191 407041 278344 661112 343558 370288 620860 470303 518508 522987 455779 571948 360322 406475 637398 332563 505429 417604 328285 297621 252767 399118 407266 168580 384891 701924 487752 453608 499047 622563 275811 484350 315814 359164 323902 540733 123616 602461 362170 435322 418650 491594 473224 228620 133744 602548
586775 760138 359100 183679 287276 575821 489748 669375 654399 468399 313685 648035 520788 568799 544152 363688 838936 144021 325165 324044 999999999 671935 722705 363037 508144 280767 652730 426697 848211 112406 492746 197649 386892 350461 269186 104981 892498 327779 818368 510762 762493 374755 532756 766120 191292 855727 417523 312827 280089 778381 238985 313180 193666 390021 165409 436961 599894 757150 185206 593600 921228 586037 837407 584905 535785 434544 584058 730273 804766 265633 802673 681816 260109 560990 572056 438719 707940 450669 625348 753245 797269 288241 822684 568141 597066 321200 639559 683077 619000 328486 232374 680825 38584 236461 220488 489703 162777 374450 194284 864884
110179 115311 341455 514617 875258 431211 488765 632411 586935 240850 450268 78745 182824 770519 140854 504495 418786 642173 899545 366918 671935 999999999 90201 627951 583543 483087 90810 607298 241696 659297 468509 802535 964600 591024 643286 568595 220567 874877 153206 326126 679873 468252 216355 445197 483070 184749 833794 367116 458028 660800 447187 822012 678182 847746 594326 714187 223574 566122 709791 225658 253944 426543 185088 521151 465783 750605 513957 203773 450370 556395 140265 143403 555698 422133 131144 702962 366676 368815 191739 651558 125993 688809 217638 710859 226768 708215 186287 183567 354573 785825 489813 548923 710380 698155 686274 574254 798468 358366 496745 274370
196544 160537 374042 577157 904176 521406 472624 591708 545867 264171 526245 74812 265183 858632 219914 510847 337811 676674 925445 434240 722705 90201 999999999 632716 565415 557061 179440 602324 153275 697431 452012 837026 988875 597458 661350 622150 190941 897683 160516 313160 628993 474633 217425 377259 531514 147914 840746 410853 485419 606329 489034 842095 706399 859480 627883 798387 313686 507971 777421 197967 201970 391645 204233 488516 441050 749905 604123 279264 376683 576778 85002 84086 576999 512258 217330 787456 451939 454742 155643 599940 120409 705067 264244 689457 316912 720740 274882 267188 444222 801297 557824 501553 760599 721385 711247 558834 837994 380140 558440 184843
596461 741482 312033 418055 330453 763919 197185 320456 316934 389154 525991 566949 564936 887280 557899 123456 594001 219844 335281 449782 363037 627951 632716 999999999 163070 514228 659058 71403 703433 253903 212869 308235 387243 37929 97829 353650 823653 297703 777856 324506 412112 159736 416840 496517 312804 780573 208086 328918 211310 434027 282970 237203 185447 230826 203767 761579 681417 438044 541772 441954 827023 317271 812929 268221 249935 127200 807091 776284 538902 122504 716749 559711 127953 747306 593333 759576 838771 618236 485139 408214 743397 108110 835473 205818 680502 102354 697594 732012 763789 184089 460483 358992 376618 159856 165633 148451 342262 277858 408671 705426
581279 698628 335890 522057 489205 811653 94855 161560 153908 368402 605657 511384 569861 989965 549825 161459 454642 370655 489705 509347 508144 583543 565415 163070 999999999 603095 635199 91860 604093 405640 115035 471302 535279 160670 257727 476293 752159 450022 722228 257424 254637 175437 368310 350850 410664 708759 326617 377146 282558 273225 364176 390392 345384 363385 342842 871205 689479 276286 676611 367535 743819 190949 762363 114144 127454 217507 867454 760382 392912 243734 644268 484065 249511 795411 583944 867301 856553 669579 409886 247567 684003 270673 800471 128172 689501 259118 693631 720916 792714 333882 555105 197757 527200 322779 327592 19160 504716 289886 508329 599117
377925 543313 299263 106944 563209 295219 541388 745269 714792 365618 37654 489616 303517 388985 342277 442647 777242 356841 599546 131390 280767 483087 557061 514228 603095 999999999 434481 552227 704558 346367 533365 473555 663720 484059 451549 195389 693114 595377 608555 472762 831837 428994 432252 736770 201424 663609 647692 241486 320966 835241 239474 567359 416470 632932 334883 280636 346422 780904 234650 501515 735356 590036 616636 633063 567725 625771 310749 481773 766637 391739 623264 546586 386364 280259 358522 273938 431045 175349 516156 813623 597762 490699 583379 705243 342964 524371 393567 437236 341568 564492 56063 717957 313803 458174 440312 584378 443140 342535 109001 730190
67438 109486 354610 482883 878668 344739 540755 700222 655484 272170 398984 160874 133984 691785 110687 536914 508839 642718 905936 333017 652730 90810 179440 659058 635199 434481 999999999 647548 326676 655421 521278 800658 972109 621295 661245 547800 260150 884766 174095 381305 754074 501721 269359 530464 471077 235114 859947 365857 471173 737389 444510 835293 684960 869117 596900 644396 136117 645539 667417 296313 308266 493553 185494 584781 524830 784877 427835 126839 537999 573866 209923 231426 572250 336758 80695 632640 276553 298816 269039 726428 167181 707790 179165 763370 139612 730584 95577 96418 264951 804210 450605 622027 691275 709874 696363 623894 790946 381821 466678 360685
588203 722295 316278 462375 398547 784737 141526 249556 245601 375397 559815 540966 565224 933125 552369 119750 533414 285633 400704 473508 426697 607298 602324 71403 91860 552227 647548 999999999 659957 320332 160169 379523 449044 76560 167757 406385 792562 361759 753363 289326 341679 149778 391726 433018 352827 749151 251212 345145 234851 362878 314092 301586 255672 282636 263248 810220 684086 367672 601234 406485 790933 259347 790792 200257 191347 149227 833752 769012 475414 169565 684710 525182 175488 768207 587585 807356 846628 639811 449947 337081 717101 178816 820182 153260 683580 168446 695072 726584 776217 246007 500737 288815 442895 231258 236737 78284 413589 275306 450826 659030
349770 273178 490231 715677 1001546 671276 520094 588539 544494 379870 675183 214959 418031 1011766 372281 588900 250445 784778 1018573 578250 848211 241696 153275 703433 604093 704558 326676 659957 999999999 809372 500426 942376 1079000 671824 749347 751825 197144 987092 234623 380931 603207 554656 317877 328114 657799 165793 908986 536079 590812 573739 609840 928754 806268 934239 735958 951075 462701 472431 918788 267833 157455 414440 277137 506867 476930 808967 754305 406246 310597 670370 131983 166499 671732 662856 370587 940251 588174 607976 228368 573906 201058 789495 358166 717276 466127 799675 420095 405013 590575 882443 701000 490272 885070 814607 806929 602250 949429 484657 696457 35888
588011 758086 323439 239620 228275 636774 399131 567153 555808 434153 372754 623006 530338 672376 544737 273675 770069 35002 260782 348704 112406 659297 697431 253903 405640 346367 655421 320332 809372 999999999 405228 145401 327172 245421 158008 151211 877728 250934 810867 448173 660131 292129 491724 688869 187725 838287 312841 292468 219463 678318 212378 221247 82207 290870 76214 541406 625418 665163 297075 545156 899166 504925 835331 491220 448604 322450 657066 748067 729208 170877 780753 645512 166204 620946 576445 542017 752838 500153 581595 652824 785122 175985 832024 457605 623131 209254 658639 700526 666388 225022 291415 587194 122746 125942 109171 387848 140655 324811 241562 821941
468893 583598 244548 466326 538167 715539 20612 213963 181427 258016 530008 396568 462122 922265 439126 131562 382597 371463 546355 425654 492746 468509 452012 212869 115035 533365 521278 160169 500426 405228 999999999 501765 599940 189248 284973 438524 640148 509807 607835 142389 298480 118869 253491 289483 357444 596684 411089 295045 227442 303166 303681 449384 364435 440482 332207 810296 581198 265268 643009 254081 634704 105706 647644 100185 43388 308667 776339 646980 331365 234534 532107 371772 239050 699649 472618 804976 749591 577200 296965 280731 569914 314105 685493 242687 581466 314765 582539 608375 689681 396954 491050 191727 518782 355087 354065 106867 526019 197481 450027 498918
733231 902795 463585 370067 89887 768306 491012 626486 625125 572881 503870 763129 675692 756097 689971 374958 880695 160615 127517 491637 197649 802535 837026 308235 471302 473555 800658 379523 942376 145401 501765 999999999 190219 317514 218017 281494 1019810 134159 954688 570602 716353 401922 626746 791205 332647 979757 260642 436661 352736 740498 356817 138985 139381 221064 209190 624371 769402 745499 360413 675394 1038996 606639 979933 573447 543734 319380 780600 893160 832944 277283 921071 781016 274704 752989 721809 627610 892111 636730 714014 714684 928079 201264 977417 485833 767019 220062 803527 845605 804494 178996 421479 666342 175177 149147 147811 456428 50152 459210 375857 952571
904880 1070150 623264 559747 100547 958289 584413 668276 679821 727056 693712 917108 852216 932864 862005 490975 981016 332016 66700 675753 386892 964600 988875 387243 535279 663720 972109 449044 1079000 327172 599940 190219 999999999 412538 329792 470804 1176663 91907 1117791 698511 748280 524476 772723 881975 513563 1135108 224941 606358 506632 778918 528919 151166 287304 178838 375688 802386 951459 807790 536693 811893 1189546 704498 1146359 648287 637004 329554 970624 1071281 924384 412194 1073838 924874 411878 942895 895252 806776 1079597 825406 853366 754092 1088278 290126 1150689 502123 949285 285185 982842 1023905 992613 203463 611333 731167 361002 267519 278441 525633 226533 609338 564788 1084536
558584 704301 274212 390594 349003 728780 175866 321928 312993 351761 494259 530914 527095 861055 519975 86863 571845 210514 357418 414949 350461 591024 597458 37929 160670 484059 621295 76560 671824 245421 189248 317514 412538 999999999 99777 331099 788338 321600 741355 291564 414799 123245 380970 477253 282997 745368 243559 292315 175503 433867 249653 261445 185959 263270 186691 736824 643731 429085 524741 408434 792914 294888 776067 256110 229103 165056 773412 738366 519448 94886 681751 525582 100731 712174 555409 734331 801580 583144 451388 408230 707218 124858 797894 226221 642842 128385 659695 694083 727141 211430 431178 349993 367573 168647 170494 143473 347148 239964 380127 674949
595508 752863 306652 348892 256041 720427 273382 417293 411270 402906 468799 590888 553051 810702 554173 163513 666339 125169 269600 408920 269186 643286 661350 97829 257727 451549 661245 167757 749347 158008 284973 218017 329792 99777 999999999 274269 850604 237918 796100 369362 509397 195408 444297 574344 254520 808479 206841 305227 190602 530412 240896 180846 87914 208526 120502 682321 663765 528771 451315 482104 861028 390451 827458 355882 326345 176096 755365 770757 616314 87433 746342 595468 89046 703910 589016 681365 811832 575931 523616 504643 764609 46782 840237 299609 662309 75431 686765 724603 731586 143067 395920 449648 280221 70120 70718 241530 247620 284962 342881 755515
481962 655367 268010 89249 370317 487926 439564 633240 611884 373580 223258 547791 415816 536471 439443 318860 760177 164907 405753 219661 104981 568595 622150 353650 476293 195389 547800 406385 751825 151211 438524 281494 470804 331099 274269 999999999 789053 400178 714012 432003 725244 320281 440078 695327 96004 752840 458409 216167 212419 736555 150998 372440 224927 440251 153797 408738 496792 703069 204486 503955 819208 521985 732589 536219 479825 450160 505944 626128 731985 236820 700919 585371 230897 472369 467117 407387 611363 355323 532813 712396 693558 307443 717846 557159 494067 341830 535451 578825 523324 372776 141122 630162 143485 268105 250214 457176 256719 291172 94511 770184
315838 156844 556506 732992 1089966 577787 660719 763386 717979 449692 658242 259756 389790 936745 354742 701671 447311 859201 1112555 583911 892498 220567 190941 823653 752159 693114 260150 792562 197144 877728 640148 1019810 1176663 788338 850604 789053 999999999 1085889 89646 503236 788646 665417 407826 518506 703475 43472 1031674 586436 670983 761539 666282 1031068 892217 1050094 810845 900180 380126 660375 924222 386583 64151 571787 108991 668345 626066 940519 659071 276252 505071 765217 108052 268376 765155 573699 334710 888084 458024 556888 343336 759219 96160 894805 192512 873939 384073 911153 328819 296435 486877 991303 705274 668221 930947 909208 898418 746619 1017512 567337 715533 228029
817744 981454 533939 489351 62900 887487 494764 589410 597816 636498 623109 826215 767143 890175 775105 399184 891675 250111 41410 596187 327779 874877 897683 297703 450022 595377 884766 361759 987092 250934 509807 134159 91907 321600 237918 400178 1085889 999999999 1028080 606630 672746 432586 681257 793801 432861 1044177 161168 519683 416897 701739 443672 60500 200367 113588 290701 758396 869249 724778 494562 720006 1098115 614803 1057339 561858 547626 253794 905244 986479 836212 320905 982670 833162 320775 871726 808779 761502 1002436 750953 761524 676485 998072 198438 1063687 428734 867227 195351 898848 939283 916640 116142 541249 647210 308492 176820 188828 439277 181574 518589 492282 992687
234235 67471 494592 653684 1028189 488860 628397 752157 706320 393276 573071 212428 306630 847291 275342 654557 472750 794555 1052690 503868 818368 153206 160516 777856 722228 608555 174095 753363 234623 810867 607835 954688 1117791 741355 796100 714012 89646 1028080 999999999 466604 787603 618192 362020 528405 631826 80717 984676 518401 611233 763728 598506 975106 831275 999768 746939 810821 290520 664182 841164 355314 147767 551838 45438 648616 599493 898811 570509 190461 522020 709359 106422 244601 708736 484469 251798 798686 374574 468262 314403 758399 40753 841439 123663 847578 294470 860248 239174 207335 398576 938429 623471 661339 856939 851348 839478 714625 949347 511139 636810 269901
332476 441212 176092 431704 623708 606127 162702 326543 284317 133136 460061 254670 335815 853095 306781 207970 328702 419230 638954 348282 510762 326126 313160 324506 257424 472762 381305 289326 380931 448173 142389 570602 698511 291564 369362 432003 503236 606630 466604 999999999 394342 174061 112073 267478 337883 459826 532008 235863 231976 386842 281341 547981 431923 554700 372112 753117 452059 315227 629182 117753 503088 128195 505793 207115 143930 437561 674151 507751 301618 294023 395402 236260 296166 591076 338474 745886 621447 477103 161171 369999 429302 408686 543231 384839 452791 418938 447985 470894 568856 501588 441904 265174 543524 436091 429751 248543 583989 141609 412840 386158
716286 785522 540121 761968 720953 999748 291239 93126 117072 527438 828130 601131 728877 1220744 696445 406384 374787 625169 714038 722195 762493 679873 628993 412112 254637 831837 754074 341679 603207 660131 298480 716353 748280 414799 509397 725244 788646 672746 787603 394342 999999999 408715 495056 276679 651456 748525 524209 592938 520537 37856 599778 617040 597299 569450 597095 1108103 842527 132006 927925 457763 759892 267237 832387 199322 266474 419539 1065603 879697 303635 497308 689429 546477 502982 984472 725576 1103012 1011430 866976 488162 29427 746857 515577 890986 246417 843596 497256 832463 849072 962655 559989 788917 132286 781834 570759 577648 272846 753449 493634 746410 583891
440682 581981 167371 353423 450553 640474 119404 318885 293282 230326 430437 407683 415520 817129 403778 36383 480296 259683 465000 334428 374755 468252 474633 159736 175437 428994 501721 149778 554656 292129 118869 401922 524476 123245 195408 320281 665417 432586 618192 174061 408715 999999999 257814 396742 242740 622540 366791 202626 111827 417479 191970 374099 262541 384994 217161 700972 534310 384136 524687 288439 671253 213081 653202 216007 161355 283492 693657 621328 437194 125303 559125 404177 128666 624069 439122 696417 697154 496875 330785 393875 583974 234865 676909 290112 533801 246982 545880 578196 627909 328898 382697 310031 401935 262934 257710 157340 420301 125527 338262 560201
222849 331661 173657 416742 690084 516821 273463 433958 390202 68627 411726 150174 236285 794062 201464 294151 345346 467889 709967 301063 532756 216355 217425 416840 368310 432252 269359 391726 317877 491724 253491 626746 772723 380970 444297 440078 407826 681257 362020 112073 495056 257814 999999999 317420 344486 365147 624515 224563 274105 483093 293772 625130 492892 642270 418962 705839 347518 400565 621148 69281 416860 228860 399069 316481 255486 536807 590057 395961 341301 360576 302302 154273 361114 502754 230799 697164 516386 399428 92778 468926 326723 487729 432323 496177 348647 503374 339056 359952 470159 583879 413572 363168 568964 505524 496106 358367 632022 167600 397148 332439
509710 537784 443344 699158 825890 828972 301404 277876 239496 376131 721031 369646 544656 1109518 503014 418138 107624 656286 831784 608723 766120 445197 377259 496517 350850 736770 530464 433018 328114 688869 289483 791205 881975 477253 574344 695327 518506 793801 528405 267478 276679 396742 317420 999999999 603080 480323 677466 503107 486889 245886 546201 733355 653437 713573 613651 1015711 642610 144895 895300 255056 485463 184903 573831 236859 248198 568127 904824 648843 42415 520364 425159 302280 524321 815711 524255 1007838 804118 716696 266403 247721 488047 601614 640997 434310 644629 598702 620051 626648 772779 678666 708562 179681 795934 644426 643543 357785 814434 408200 680317 307417
403964 576065 172021 111415 415644 467519 361240 561296 535820 278562 214995 456804 343526 580883 360745 249280 665288 182751 446901 163480 191292 483070 531514 312804 410664 201424 471077 352827 657799 187725 357444 332647 513563 282997 254520 96004 703475 432861 631826 337883 651456 242740 344486 603080 999999999 665928 457339 121779 130930 659625 56899 393534 236618 448970 146578 460552 437989 618914 292378 407988 730587 433775 653513 457089 396856 426078 500871 560513 638909 190319 611924 491306 184965 451114 391202 456786 570571 324645 437260 636325 608894 296737 646037 506087 435771 329196 470944 512958 486250 379637 148209 548626 229085 273341 256298 391590 319947 196436 98197 675402
285709 141081 516206 699219 1049047 564926 617257 721568 676065 408476 629472 218003 360207 921066 322633 658760 413422 819149 1071219 550979 855727 184749 147914 780573 708759 663609 235114 749151 165793 838287 596684 979757 1135108 745368 808479 752840 43472 1044177 80717 459826 748525 622540 365147 480323 665928 999999999 988624 547824 629978 722036 627413 989071 851237 1007346 770647 879046 362151 621081 892929 343116 73170 528853 115962 625505 582754 897170 647211 270548 468725 723370 64581 224914 723403 559680 305419 867173 455023 533874 299865 719110 68128 852490 200538 830719 366034 868520 312125 284019 476007 948876 673298 626948 894079 867600 857021 703170 978358 525798 681431 199193
795550 946353 506790 541784 220852 924808 392723 446688 461990 593565 668475 774471 757142 984717 755304 330415 780818 293558 201370 615088 417523 833794 840746 208086 326617 647692 859947 251212 908986 312841 411089 260642 224941 243559 206841 458409 1031674 161168 984676 532008 524209 366791 624515 677466 457339 988624 999999999 510958 394118 555642 447639 123004 233649 47938 313476 853344 869541 590675 600258 649656 1034903 509891 1018881 440673 442067 110104 955978 973204 719501 290416 924830 767652 293269 908373 790520 854353 1018671 781146 692937 531155 950740 161481 1037942 277800 868185 132056 890882 927662 938247 89087 591630 516320 411163 190325 208234 320703 310305 478549 538879 909322
298553 466241 59777 197440 512951 439613 305118 508738 475932 157461 235219 336049 248932 628843 255648 226032 555650 277343 540110 132317 312827 367116 410853 328918 377146 241486 365857 345145 536079 292468 295045 436661 606358 292315 305227 216167 586436 519683 518401 235863 592938 202626 224563 503107 121779 547824 510958 999999999 118513 594795 80116 472084 319470 513170 231059 521700 358629 539552 399480 290167 611006 348861 543300 393648 327326 454647 491056 467959 535996 220750 492266 369580 217706 423097 289102 515320 510719 294987 317095 573698 493067 351867 544334 491953 357239 378939 382255 421180 434876 445735 206404 476712 350308 346588 332178 359508 431353 101050 178173 554040
405119 565042 117303 241672 419071 553352 230462 430581 404922 221555 325862 412256 363117 707436 363611 121680 559126 193973 441872 239896 280089 458028 485419 211310 282558 320966 471173 234851 590812 219463 227442 352736 506632 175503 190602 212419 670983 416897 611233 231976 520537 111827 274105 486889 130930 629978 394118 118513 999999999 528857 81637 365012 221261 399089 145153 589797 475878 490964 416593 325717 687258 310107 640599 326597 267915 336327 599511 580246 525023 103909 569956 428369 101638 536751 398418 585493 629230 407763 362638 505457 581724 237352 650301 386316 474639 262476 496881 534230 552858 333223 272574 419090 311867 240329 228248 263701 358769 106509 226804 602675
702301 764292 540226 769246 748485 992934 298400 114038 124726 519758 829836 582132 718550 1223584 684439 418356 340959 643317 742898 722202 778381 660800 606329 434027 273225 835241 737389 362878 573739 678318 303166 740498 778918 433867 530412 736555 761539 701739 763728 386842 37856 417479 483093 245886 659625 722036 555642 594795 528857 999999999 606634 645183 618259 600241 613098 1113224 830337 101369 940224 441533 730885 258661 808765 202985 267551 449521 1060588 862168 270366 512750 664003 524793 518294 977915 712510 1107729 998612 862688 469602 25825 722985 539284 869529 278390 831569 522611 818108 833009 952629 587966 794036 121687 799159 593581 599597 290573 776222 494427 753122 553236
377086 545978 120115 162645 434282 482715 308706 510707 483492 230028 245734 414252 323523 625878 333940 203257 609221 198220 462425 168968 238985 447187 489034 282970 364176 239474 444510 314092 609840 212378 303681 356817 528919 249653 240896 150998 666282 443672 598506 281341 599778 191970 293772 546201 56899 627413 447639 80116 81637 606634 999999999 398500 243392 445254 153274 509008 427578 563407 349272 355251 689891 377350 623134 403726 342153 403365 524122 542825 582128 163800 571189 443693 159402 466115 366628 504461 571302 337271 386374 583728 573114 286359 622337 466553 425804 316216 455322 495611 490695 376606 191052 494085 275341 273852 258380 345333 351317 140196 146639 625991
768649 930025 482314 460461 104887 855521 434277 532256 539256 582461 592713 771313 720753 881555 726401 340180 831180 212930 99314 556802 313180 822012 842095 237203 390392 567359 835293 301586 928754 221247 449384 138985 151166 261445 180846 372440 1031068 60500 975106 547981 617040 374099 625130 733355 393534 989071 123004 472084 365012 645183 398500 999999999 156983 82135 247885 749601 825914 665712 490155 662138 1041873 554324 1005381 501787 487127 200609 878107 939987 775764 266023 927094 776171 266420 839476 760558 751694 964051 716055 703972 619768 944314 139299 1014438 375086 824065 134851 853443 893076 879647 57281 512077 587858 300572 125557 140170 379302 189077 464381 461236 933796
617809 782925 336742 309808 197824 700588 354816 505203 498652 442790 439572 633469 566795 753583 575046 236050 741681 60034 221564 399822 193666 678182 706399 185447 345384 416470 684960 255672 806268 82207 364435 139381 287304 185959 87914 224927 892217 200367 831275 431923 597299 262541 492892 653437 236618 851237 233649 319470 221261 618259 243392 156983 999999999 216488 91097 622929 669899 614628 378798 538654 908070 468605 859258 441016 406959 240949 726521 786141 694952 138085 791064 646823 135758 684412 608563 623283 807078 559930 578164 592501 802529 95142 863711 383363 667970 127566 698689 738974 722835 148137 360563 535641 198399 44060 26965 328902 162108 326402 308496 815385
803689 958868 514574 526190 174227 915694 423032 490134 503396 606902 655877 791412 761457 958782 762549 348988 815526 276144 153503 609940 390021 847746 859480 230826 363385 632932 869117 282636 934239 290870 440482 221064 178838 263270 208526 440251 1050094 113588 999768 554700 569450 384994 642270 713573 448970 1007346 47938 513170 399089 600241 445254 82135 216488 999999999 302721 826979 871244 631871 569824 671703 1056002 541907 1032584 477447 473889 151434 942980 979283 755816 295487 944077 788719 297463 899406 797458 828610 1016091 773605 714643 575507 966917 161749 1047905 323300 869685 139535 895123 933113 933839 69334 577047 556383 380081 176022 193555 355804 271183 490017 524952 936141
529561 696666 254442 230224 281985 613030 327410 503982 489309 363784 354999 553941 476758 690265 486563 201163 693986 48951 309259 309191 165409 594326 627883 203767 342842 334883 596900 263248 735958 76214 332207 209190 375688 186691 120502 153797 810845 290701 746939 372112 597095 217161 418962 613651 146578 770647 313476 231059 145153 613098 153274 247885 91097 302721 999999999 562194 578892 594568 338495 470582 829849 430232 773447 421310 375574 296526 642504 696009 653759 100522 711883 573140 95160 596720 519620 561064 716434 471008 507787 587913 719570 156099 775187 409402 576942 190127 608163 648739 632666 233414 278871 517388 187395 126835 109720 324340 213696 251440 225890 747708
604010 743395 579859 349213 709195 350908 816876 1019657 991366 641425 294839 739381 533205 131977 578798 709780 1050867 565258 748201 407041 436961 714187 798387 761579 871205 280636 644396 810220 951075 541406 810296 624371 802386 736824 682321 408738 900180 758396 810821 753117 1108103 700972 705839 1015711 460552 879046 853344 521700 589797 1113224 509008 749601 622929 826979 562194 999999999 520873 1061250 265705 774523 952191 870507 805934 910415 846172 857466 294809 643700 1044332 641940 851311 804055 636106 347168 583043 13058 514419 346126 784262 1091026 810922 712494 749819 962817 516906 746809 572735 609948 440965 764596 319250 997210 450403 666970 649691 852139 579337 622654 363055 980324
