NAME : synthetic_000081
TYPE : CTSP-D
DIMENSION : 100
GROUPS : 8
RELAXATION_LEVEL : 1
EDGE_WEIGHT_TYPE : EXPLICIT
EDGE_WEIGHT_FORMAT : FULL_MATRIX
EDGE_WEIGHT_SECTION
999999999 294686 342528 138382 172943 526343 311158 716131 509366 603531 369818 369719 402617 311001 664822 252264 795982 161489 325808 346702 294343 542537 332591 244906 502712 280515 200577 180689 771756 323971 638937 883365 836352 251666 666490 797219 1093491 54144 864498 643718 563162 754237 728800 683258 579995 217857 978373 394256 430835 666493 705662 597875 498783 679893 876076 480627 853951 135276 758453 542211 533258 821344 819184 597415 108842 733689 777512 661152 785880 69366 845017 877245 249397 521107 69921 71041 917078 225272 428756 933884 671204 215179 396395 856041 356575 897414 646587 202587 797488 810767 569383 952712 827386 829595 168017 730250 769602 715165 571538 927288
294686 999999999 555767 431186 124589 569679 251633 669926 466646 650182 460036 189398 289576 189925 731948 140798 929450 142315 375874 178548 559886 355647 616062 49780 337696 182589 172921 424595 747580 43725 791818 855111 964850 203097 680684 911498 1148044 341553 665128 914994 716757 792781 684285 953667 506933 466542 1066375 153309 196256 921082 859137 865917 597178 784618 1004960 461195 665970 370550 804411 665588 743551 637997 897370 785281 273032 905074 991726 714349 976418 363352 911114 954415 256908 664050 349706 331592 996581 221643 525354 987069 875610 248864 611587 973294 616208 1013220 744379 188288 929775 837044 487031 921733 707967 667881 461639 522942 588143 954783 540657 1048663
342528 555767 999999999 323093 443176 335103 386237 573949 429729 382502 212215 507052 457786 441382 407207 434994 469630 421526 266226 488435 133226 610836 214501 514030 561294 420758 532020 162577 593649 562896 309076 692963 511204 382476 466739 482893 807585 294902 881598 392479 238790 511545 581961 426888 507087 132208 672977 571709 588112 374363 372363 340749 249121 383125 549330 387719 857259 209130 507599 249661 193127 823359 531366 255297 290970 393212 441450 419155 443501 322787 565405 585735 330240 212422 276259 271927 621121 565504 216521 658380 330538 557536 56377 536753 127011 577303 360847 372799 471743 572740 510956 757134 749254 802793 269467 778503 777615 399621 452449 602955
138382 431186 323093 999999999 311062 585667 429261 798883 602555 655388 426301 502535 522621 440346 703213 386701 792713 299837 407865 479359 225650 669891 229665 381533 627368 409805 312759 178825 844081 461916 632139 953388 834296 376842 728443 804652 1121876 106351 988543 543439 561268 801216 810420 582960 678180 193286 993285 531582 567140 582165 694710 502374 534444 698324 872347 568406 975406 171615 801872 560158 493801 942141 844538 570167 218292 710081 722605 706328 747418 69138 875294 900887 361776 529437 112029 139306 938186 318388 473397 967251 627848 297374 366777 859507 286500 900204 670708 331334 794835 860775 670921 1021821 930561 944745 59640 857759 890789 642438 656434 926045
172943 124589 443176 311062 999999999 512712 216984 654011 442501 594366 380452 222748 289966 182184 670084 111901 846413 22067 305313 201968 437152 403143 491586 75857 371463 157260 134657 303286 723476 151056 700563 834548 883912 151133 638799 835017 1096392 217556 725624 792471 624102 743261 667924 831363 498882 345320 1001143 229037 269063 801980 768546 743887 520370 709782 924271 426097 720245 248888 752139 581896 634454 689420 834008 683027 153631 809159 883434 657502 875085 242268 852551 892139 188090 573813 225197 207101 933882 189475 446639 934440 769379 204740 499513 896426 494740 937262 671332 109025 847151 793209 482768 903238 727399 708189 338119 586187 637842 839408 514139 971026
526343 569679 335103 585667 512712 999999999 318476 239462 163458 81674 159732 418342 315839 384104 162799 430541 389585 493597 209374 413693 462468 413752 547954 551489 371786 387123 643846 410545 262877 550891 300413 369029 417613 370589 142781 356626 583702 505579 598807 674819 253140 231646 246992 700239 215876 412746 497133 494162 484505 618846 353240 626614 105290 232984 455555 134944 567763 416386 239516 172523 384932 535879 327989 360158 422041 417882 567693 145335 508955 549905 341877 384762 324877 207833 489776 468249 426938 695093 120306 421756 456552 702234 346126 417108 461270 454468 191686 404015 388722 285390 230877 436763 425673 499936 550285 528977 498618 599946 139314 491943
311158 251633 386237 429261 216984 318476 999999999 437097 225950 398639 227791 123473 93408 68090 481100 115733 688418 203430 140703 108712 445902 246293 525109 238131 200436 69302 351235 319256 507964 232902 561619 618486 721833 66847 431065 665768 896875 323554 559628 776933 490340 541591 451052 812354 282918 352460 815559 195670 204157 759245 626878 725311 355707 538825 761489 213064 546166 281573 552907 429117 550193 512972 646436 573727 211153 679446 788980 462809 758756 367059 659547 703205 69622 435759 317591 290326 745387 406396 288177 735667 670389 421184 435254 727439 485623 766637 497878 116599 688387 587239 268072 686910 520325 518562 426484 432029 461553 775060 298479 802902
716131 669926 573949 798883 654011 239462 437097 999999999 211912 218488 381156 484933 380364 484189 267779 549489 507278 639624 392893 492006 698987 383637 785392 668729 365415 501340 788327 632348 87245 638251 484925 185639 518139 503056 141642 452781 528109 707197 424957 905127 463049 226031 14401 927762 164118 641154 509334 548196 520726 841020 516302 858632 338220 368894 546026 235661 387847 627314 247191 386573 610704 362216 366867 569097 607315 585350 754946 232956 678421 753216 352045 403582 477115 429825 693942 669224 439196 843470 357656 386785 656547 857587 585254 498750 700478 523446 340582 549586 504735 228860 185903 251835 203413 307208 771137 407430 342368 810296 144601 561116
509366 466646 429729 602555 442501 163458 225950 211912 999999999 221037 217728 290294 182000 277533 307574 339942 549087 427810 196129 292681 538204 251659 625616 460925 212390 291909 577009 447787 282539 438843 462970 392598 574343 291407 221677 511002 690092 505408 456136 804539 410516 339288 225650 833671 79084 464820 629813 361491 343101 759531 516698 754164 256426 392048 610788 42095 429401 433136 354584 331394 526921 395859 463729 515006 400746 581113 727142 279566 671697 551540 467477 515978 265977 360594 493749 467835 557410 631970 229319 532452 613354 645741 457930 569453 554423 604341 351623 337674 547922 375846 81375 460961 331600 373118 581804 371077 352746 749906 74012 642636
603531 650182 382502 655388 594366 81674 398639 218488 221037 999999999 234007 494179 389125 463373 86975 511565 330737 575198 290553 490963 514379 471545 596952 632818 433422 467598 725304 477828 214513 630318 271916 310461 353987 451968 86459 290122 502034 580072 618613 688326 244588 151224 221492 710031 252466 475336 418221 569318 556883 622602 313000 642768 133598 175095 389932 202729 584662 488743 158044 168700 393301 554821 249282 351030 500820 381161 543820 64170 474448 623530 260935 305074 406552 212977 563649 543263 347243 776324 182145 340085 440641 783051 382647 348430 504604 383686 137383 485689 329277 207391 272141 375181 419484 510263 616495 565796 523331 592657 171697 421859
369818 460036 212215 426301 380452 159732 227791 381156 217728 234007 999999999 348924 271845 294872 297192 320131 469627 359494 87319 336221 323539 413904 411032 432051 364900 286219 504640 253066 418728 451138 334845 527239 505703 257764 302423 454894 727041 346432 670052 594587 262622 384432 391312 625945 295694 260000 622358 423094 427252 559247 401063 543399 139918 329334 545964 175853 645207 256654 388799 205580 335089 611357 457197 348227 269212 451885 564851 291499 531134 390416 479425 515587 203130 208161 330344 309400 556758 552699 66256 566160 446312 556469 244301 516468 336755 557125 291046 276990 470044 441396 298825 595544 542252 590842 392824 571380 566094 562601 247461 591383
369719 189398 507052 502535 222748 418342 123473 484933 290294 494179 348924 999999999 108301 68235 579955 117957 800290 220895 262776 23185 556116 180461 630666 201610 152340 96104 338913 423407 565379 153955 680099 670569 831834 134677 510888 773234 979992 397135 503005 895415 610481 627091 499334 931510 320931 460381 911943 76276 81133 881003 744170 843982 470312 647199 870853 293881 497599 378460 640971 545883 673652 467019 743346 696321 290788 798882 912018 557431 879900 435005 751873 798314 178414 555727 396209 370371 840331 393685 406425 821317 793394 415896 557328 834377 600418 872412 605762 172243 799978 666003 300043 736116 520069 488674 511838 364350 415585 898274 363315 909564
402617 289576 457786 522621 289966 315839 93408 380364 182000 389125 271845 108301 999999999 108735 475586 178640 702626 280678 193932 111991 530340 156923 611982 291172 108954 133014 419577 408318 458958 258656 591227 565667 732509 151976 402746 672344 871766 416800 466237 850260 525500 519292 394730 884332 217576 439265 805808 180957 168696 825073 652971 798531 378254 547532 770925 187136 452891 373339 533503 455589 606169 419794 637688 618353 304423 711026 835377 451714 795618 460004 644991 692016 162295 470975 410995 383733 733918 475320 321013 713332 717127 493668 502399 732945 565638 770189 506022 202748 702069 557715 198379 632158 437551 427361 519480 339880 368292 833461 255175 807756
311001 189925 441382 440346 182184 384104 68090 484189 277533 463373 294872 68235 108735 999999999 546902 70324 756470 174633 207563 47351 487900 231603 562547 184559 193698 30590 310842 355257 559550 166948 629247 668346 789767 66878 490887 733409 958812 334240 554310 828269 557486 603709 498440 864598 323692 392146 881146 131576 147684 815693 694713 776924 423797 606523 829375 271326 545471 310848 615856 497089 612087 513563 711998 638971 225448 746748 853306 527465 825220 373966 723927 768377 111381 503021 332035 305684 810559 366586 356045 798198 734860 385111 492648 795033 532566 834079 565485 109131 756425 647235 305664 735799 545413 528129 446638 419250 461743 835208 351462 870484
664822 731948 407207 703213 670084 162799 481100 267779 307574 86975 297192 579955 475586 546902 999999999 592264 249676 650199 364772 576042 540326 557157 617707 712383 519851 549518 798722 524391 234749 713662 222158 306777 269740 531580 126907 204895 429851 636460 685741 667503 219523 105432 266449 685005 333587 515596 334475 655382 643605 592741 248549 625493 168906 101305 304550 289590 650205 542635 100456 162613 374975 622037 165423 316477 566334 317584 488406 35156 410651 678017 182806 222785 483646 207311 619122 600928 264863 848284 236073 269182 395346 853137 395197 262081 520606 296823 75476 562332 247825 166395 354450 362982 470794 572250 659478 643144 594462 552239 254016 335072
252264 140798 434994 386701 111901 430541 115733 549489 339942 511565 320131 117957 178640 70324 592264 999999999 789086 105511 235239 95307 462312 295639 530620 122444 261152 48151 241406 326031 622453 132531 653450 732375 824250 62460 546650 770706 1011496 282442 619019 811660 579115 656332 563618 849165 391076 365936 926499 150035 181478 807460 720406 761048 456535 643820 864323 328762 611851 276283 667137 525681 616346 580451 757654 652165 181778 768121 862386 575656 841988 318511 772377 814955 117556 525784 283244 258541 857083 297131 385045 850016 744977 315032 489212 832501 512501 872423 603594 65330 789361 702721 373888 800412 615715 597161 399916 481580 528708 834026 413190 907876
795982 929450 469630 792713 846413 389585 688418 507278 549087 330737 469627 800290 702626 756470 249676 789086 999999999 824825 553948 792379 584056 800715 638029 901401 760521 752397 962922 625429 453314 918612 160594 483475 41740 726626 372351 62040 380954 755057 931070 563334 233481 289608 503057 567035 582384 600868 224565 876559 870934 469371 103259 535894 333089 157073 80188 524386 894585 661595 268872 264756 329152 867704 172823 242659 715909 133417 298154 283721 202705 788418 211896 189431 672648 275994 736307 725654 202087 1005990 404097 279495 256398 1004284 429179 75265 539915 111150 197977 746047 3976 321117 602632 515569 705225 814484 738269 892803 842414 401447 502048 133343
161489 142315 421526 299837 22067 493597 203430 639624 427810 575198 359494 220895 280678 174633 650199 105511 824825 999999999 285501 199159 417846 400441 474087 95045 366661 147715 151284 283243 707817 164980 678656 819155 862427 136769 621098 813823 1077138 202993 723640 773101 602168 724527 653438 811889 486223 325271 980709 234518 273005 781440 746648 724279 499391 688772 902788 409982 717087 228947 733103 560392 612609 685823 813831 660971 132711 787122 861582 638123 853027 230729 832795 872017 169718 551984 209328 189843 913698 204968 425620 915194 747422 217976 477841 875182 474850 916062 650485 91389 825585 775031 470770 888016 718134 702519 323846 585229 634107 818192 498766 949708
325808 375874 266226 407865 305313 209374 140703 392893 196129 290553 87319 262776 193932 207563 364772 235239 553948 285501 999999999 249332 354094 344716 440070 350782 295165 199396 434900 252586 445950 365019 422016 557575 589013 172807 343814 535915 791991 314305 624535 658002 349923 441013 405037 691454 273902 272848 696539 336279 342046 631141 487965 606322 221308 409233 629098 160565 603454 237386 448594 291368 414154 569338 528888 433546 218009 539203 649429 352925 618053 360326 547300 586938 120358 295480 301180 276331 628755 485777 150213 630100 530794 492941 308818 597695 380840 637847 369460 197974 554186 493816 270106 626937 527297 557952 385679 514381 521112 640841 249150 672989
346702 178548 488435 479359 201968 413693 108712 492006 292681 490963 336221 23185 111991 47351 576042 95307 792379 199159 249332 999999999 534754 201383 608653 185868 170469 73604 321283 401486 570949 146676 669161 677455 824649 112648 511567 766906 980723 373950 524481 875618 598554 626761 506388 911932 328593 438828 909152 86960 100339 862675 733872 824268 461001 640439 863923 292936 518353 356018 640039 535722 657575 487453 740238 682415 267762 787437 897495 554630 867323 411862 750026 795771 158670 543887 373058 347256 837878 376449 395407 821264 778934 397825 539388 828275 579826 866727 599118 149111 792175 667341 308509 743683 535108 507439 488751 386421 435878 881381 366371 903605
294343 559886 133226 225650 437152 462468 445902 698987 538204 514379 323539 556116 530340 487900 540326 462312 584056 417846 354094 534754 999999999 687206 87528 512741 638583 461851 494880 136776 723625 576916 424856 824686 625769 422361 597653 604249 934989 240331 978608 355319 361319 644762 707821 394257 617135 96436 795695 610108 634498 372151 482663 307028 381489 512030 662051 497225 957371 189675 640670 381592 270718 923258 660375 351049 287896 490501 497417 552324 522671 250406 695597 713427 379770 342253 224912 234183 747354 516809 342271 788591 402691 502235 156358 654693 63013 694181 492093 396983 586586 705960 617766 889438 865757 909234 166224 865349 875203 423364 570596 716723
542537 355647 610836 669891 403143 413752 246293 383637 251659 471545 413904 180461 156923 231603 557157 295639 800715 400441 344716 201383 687206 999999999 768867 377540 49551 262029 516736 564647 470638 313901 709518 562060 825466 293061 456695 761613 908732 563541 323389 1002677 650988 573985 397231 1035878 233412 596116 868732 204451 164307 972756 766047 951012 497548 643696 861417 279976 317138 527847 591869 574997 748102 286701 707164 750635 452371 828878 966628 527231 917760 604589 705615 756023 315868 598100 559727 532772 796204 570583 452530 759319 849952 594161 652851 819184 721589 852908 603269 340162 799523 598482 210036 621035 361722 312263 671461 187944 235455 975421 305703 891395
332591 616062 214501 229665 491586 547954 525109 785392 625616 596952 411032 630666 611982 562547 617707 530620 638029 474087 440070 608653 87528 768867 999999999 567338 720709 535138 529964 207314 807934 637386 482828 907397 679328 496040 681213 664356 1000076 279600 1064210 314786 426329 722854 794000 354419 704578 172801 855756 680198 707256 354064 534992 272736 463467 581311 713566 584702 1043524 254352 717516 456487 311952 1009408 728796 397507 350603 532874 511144 631868 551318 275308 765615 779796 457341 414649 268156 284486 811711 543594 428069 858293 431219 524827 224173 711007 99989 749121 564926 465784 640887 784004 705016 971283 953269 996263 173915 949012 961023 419219 657965 768598
244906 49780 514030 381533 75857 551489 238131 668729 460925 632818 432051 201610 291172 184559 712383 122444 901401 95045 350782 185868 512741 377540 567338 999999999 353783 169559 139622 378286 743393 84355 760019 852659 937748 180912 669092 886220 1133482 291969 693923 868039 684220 778447 682968 906866 507967 420312 1046057 183177 226090 876236 827726 819292 571002 759799 978014 451051 692381 323991 788981 636758 703683 663216 877571 748610 227440 871377 952418 696789 940346 313604 893331 935168 230428 632440 300423 282876 977225 193044 498085 971872 837200 217169 570169 947941 569895 988306 720215 155438 901904 825142 489425 920268 720945 688890 411922 552281 612503 911954 534544 1023075
502712 337696 561294 627368 371463 371786 200436 365415 212390 433422 364900 152340 108954 193698 519851 261152 760521 366661 295165 170469 638583 49551 720709 353783 999999999 223393 491189 517270 451168 298236 664815 548158 786518 251457 425323 723364 884591 521104 361875 953130 604820 543471 379484 986354 206828 548063 837388 193527 159167 923500 722509 901463 452055 603467 823135 237020 351852 481744 560519 529752 699441 319864 673570 703432 409224 784468 919787 491159 872601 563094 674290 724025 270011 551539 516446 489322 764800 546023 404902 732140 802749 568037 603347 781818 672369 816486 562638 300195 759471 571874 183326 609934 370563 337001 626780 231596 268045 926853 272550 854839
280515 182589 420758 409805 157260 387123 69302 501340 291909 467598 286219 96104 133014 30590 549518 48151 752397 147715 199396 73604 461851 262029 535138 169559 223393 999999999 288883 328054 574443 166333 621020 684269 786660 39539 500148 731714 966177 303741 584489 805028 547986 610894 515467 841730 343205 365737 883985 151167 172649 795033 687252 753859 419310 604709 826532 281585 575244 282428 622172 490713 595564 543176 714924 625986 195407 737378 838895 531764 813923 343377 728533 771880 91365 493929 301727 275485 814052 344542 349482 804951 720750 361647 473145 793473 508026 833007 564054 78546 752512 656387 326302 752276 570556 556534 416630 449757 491351 816958 365275 868931
200577 172921 532020 312759 134657 643846 351235 788327 577009 725304 504640 338913 419577 310842 798722 241406 962922 151284 434900 321283 494880 516736 529964 139622 491189 288883 999999999 375214 858133 216148 811783 969183 1001645 285745 772363 955864 1226878 254691 833455 843139 734990 875143 802287 882747 631975 414955 1126998 321905 365016 867024 879677 797918 643760 832397 1041941 560689 831987 323739 883326 700371 725017 802731 961275 782800 248215 914813 972142 787823 973923 255217 981512 1019603 320918 687496 270065 264627 1061030 55746 570067 1064999 862556 77548 587673 1016696 556948 1057868 795180 242612 963949 926108 615175 1037838 854983 827404 358759 691702 751922 914483 648784 1090446
180689 424595 162577 178825 303286 410545 319256 632348 447787 477828 253066 423407 408318 355257 524391 326031 625429 283243 252586 401486 136776 564647 207314 378286 517270 328054 375214 999999999 671665 440436 465996 779464 666544 288842 552963 632531 944461 132350 867854 490629 392032 622637 643069 529154 526185 42036 819019 474600 500451 499233 531330 441336 355623 522192 705577 409921 849665 54433 623091 383503 352580 815662 667266 417872 151738 555416 597647 527736 605380 162998 697264 724080 250707 355492 113684 111159 762044 405220 295684 788948 490529 395862 215754 689233 191645 730356 493218 260751 627243 682401 522672 847306 779376 808673 139833 747542 765926 540831 493454 758173
771756 747580 593649 844081 723476 262877 507964 87245 282539 214513 418728 565379 458958 559550 234749 622453 453314 707817 445950 570949 723625 470638 807934 743393 451168 574443 858133 671665 999999999 717608 456834 111973 458566 572455 128118 395021 441213 757860 493212 897211 448713 163809 74365 916649 246817 675452 429880 630907 604930 825895 477747 853187 346845 330548 482638 298081 454851 673000 184824 379203 602347 432412 298965 550004 663689 545848 719867 203703 637098 803345 278187 328784 541328 424645 743356 719936 361660 912661 382713 303220 629999 925062 596784 434741 717604 455303 310212 616751 450360 150400 269547 181360 254556 371682 811485 489162 418547 786986 209498 491880
323971 43725 562896 461916 151056 550891 232902 638251 438843 630318 451138 153955 258656 166948 713662 132531 918612 164980 365019 146676 576916 313901 637386 84355 298236 166333 216148 440436 717608 999999999 785307 823812 952985 193875 656117 897953 1124807 367834 621592 930782 711308 769995 652645 969039 474476 481964 1048002 110339 153020 932422 852019 881012 585551 770949 992864 436648 622761 387311 782464 656325 747226 595019 878851 784560 289058 900442 994066 694413 974513 393257 890851 935305 249756 657766 374265 354117 977489 265351 515232 964561 876940 292427 617983 959696 631177 999129 730212 190330 918756 812279 453851 889720 668798 625904 488641 479386 545376 962514 512699 1035160
638937 791818 309076 632139 700563 300413 561619 484925 462970 271916 334845 680099 591227 629247 222158 653450 160594 678656 422016 669161 424856 709518 482828 760019 664815 621020 811783 465996 456834 785307 999999999 520758 202241 591477 343628 181654 519807 596531 889751 457873 76799 310973 485297 471025 514118 440528 372929 755517 755656 375894 68024 420862 213535 132224 240277 430012 856260 503944 295962 135763 183849 826038 259917 104588 563666 119940 271916 254711 208734 628857 300687 303740 535898 127768 577741 568207 331733 852780 273774 389081 173188 849553 269203 229837 383517 269517 146694 604957 162789 363673 530577 569427 688178 782166 577707 828657 792843 330398 434329 293937
883365 855111 692963 953388 834548 369029 618486 185639 392598 310461 527239 670569 565667 668346 306777 732375 483475 819155 557575 677455 824686 562060 907397 852659 548158 684269 969183 779464 111973 823812 520758 999999999 479009 683439 227818 421751 376506 868666 527708 973613 526297 209818 171239 989929 349734 781319 404695 733447 705078 896135 528786 932158 443949 388916 494990 409769 488621 782766 225999 464723 681752 472615 313308 620558 775439 593536 769423 282675 680147 913986 280437 323766 653126 510424 853914 830799 346315 1023874 487119 269107 691146 1036607 691176 447948 814414 459017 378719 728221 479990 163223 371286 69408 280623 405486 919255 551429 470412 849228 320424 491698
836352 964850 511204 834296 883912 417613 721833 518139 574343 353987 505703 831834 732509 789767 269740 824250 41740 862427 589013 824649 625769 825466 679328 937748 786518 786660 1001645 666544 458566 952985 202241 479009 999999999 761819 387622 65860 346037 795863 943041 596714 274513 295256 512841 598633 603260 642312 187591 908096 901121 501327 144344 571136 367722 184977 40362 551694 905977 702188 274007 302039 369780 880071 165736 283247 755099 166503 320765 302306 223739 829542 200648 169332 708342 315696 777129 766163 174319 1045234 439785 257038 290687 1043938 470918 40596 581389 70547 226489 782564 39462 319340 624190 505891 712469 824809 779944 910615 856882 430196 523729 91772
251666 203097 382476 376842 151133 370589 66847 503056 291407 451968 257764 134677 151976 66878 531580 62460 726626 136769 172807 112648 422361 293061 496040 180912 251457 39539 285745 288842 572455 193875 591477 683439 761819 999999999 490704 708447 953040 270496 613321 765712 517443 598295 516925 802498 349759 326297 865497 190207 212142 756558 658297 714587 394114 581609 801904 275553 602299 243976 608446 463279 559441 569680 696851 592374 159975 706623 804025 515903 781454 311766 712419 754360 56150 463900 267157 240456 796441 340575 322590 791309 686185 354693 435374 770241 468522 810234 541492 50948 726903 646175 334847 752107 585785 579283 380769 480968 517936 779655 363052 845593
666490 680684 466739 728443 638799 142781 431065 141642 221677 86459 302423 510888 402746 490887 126907 546650 372351 621098 343814 511567 597653 456695 681213 669092 425323 500148 772363 552963 128118 656117 343628 227818 387622 490704 999999999 321765 469196 647561 559604 772712 326035 118320 141688 793479 224437 553718 412252 583017 564501 704547 375036 727769 218951 228210 418986 219600 523742 559043 135283 253206 477535 496012 251642 430388 560568 444097 613307 91807 537323 692170 249095 299329 451472 298197 632011 610043 339674 825248 259376 310787 515804 834589 468726 373309 589976 402914 198944 529927 370128 156360 247271 294637 345049 445393 692570 523443 470083 670586 153031 441421
797219 911498 482893 804652 835017 356626 665768 452781 511002 290122 454894 773234 672344 733409 204895 770706 62040 813823 535915 766906 604249 761613 664356 886220 723364 731714 955864 632531 395021 897953 181654 421751 65860 708447 321765 999999999 339526 759252 877576 613512 244225 231280 447735 619532 538084 611481 191610 849396 841040 521774 141906 583203 315275 127006 99811 489719 840621 664641 210197 256169 362508 814528 110888 277758 711358 188392 358327 236923 263827 795050 150535 133090 656003 277273 740681 727943 153258 1001073 388640 223300 307304 1001276 447930 61796 564863 102247 167931 731672 58408 259794 559199 453559 648269 759682 752288 844824 791082 457418 458864 137220
1093491 1148044 807585 1121876 1096392 583702 896875 528109 690092 502034 727041 979992 871766 958812 429851 1011496 380954 1077138 791991 980723 934989 908732 1000076 1133482 884591 966177 1226878 944461 441213 1124807 519807 376506 346037 953040 469196 339526 999999999 1062774 903451 942738 574358 355290 515568 944022 677799 929697 159756 1051524 1031156 847001 479567 916696 594832 424668 327635 688204 864420 968075 344614 561820 701986 849084 277343 617208 996138 512462 657729 439070 561576 1102786 248500 221851 908567 595309 1044971 1028171 188415 1277242 665141 161952 636545 1282721 779277 306576 900135 279878 451260 987714 377253 314431 701340 350736 656797 781667 1073484 924418 846051 773683 618564 283602
54144 341553 294902 106351 217556 505579 323554 707197 505408 580072 346432 397135 416800 334240 636460 282442 755057 202993 314305 373950 240331 563541 279600 291969 521104 303741 254691 132350 757860 367834 596531 868666 795863 270496 647561 759252 1062774 999999999 882447 589792 521629 729459 719323 629309 579230 166806 943091 429523 463678 612461 662494 543798 468455 644813 835245 473480 869686 95039 732324 506242 483523 836524 786839 550196 112401 687717 726150 635322 737123 46151 814409 844497 256873 482108 18802 37998 883606 277797 401172 904574 621326 265785 347449 817114 302711 858401 613187 225394 756731 787354 570645 937733 830155 840418 120855 751409 785080 661807 563247 887238
864498 665128 881598 988543 725624 598807 559628 424957 456136 618613 670052 503005 466237 554310 685741 619019 931070 723640 624535 524481 978608 323389 1064210 693923 361875 584489 833455 867854 493212 621592 889751 527708 943041 613321 559604 877576 903451 882447 999999999 1260674 851255 650191 430919 1289629 385435 894271 920536 512272 469118 1213788 930669 1210276 702574 786537 970853 497876 39098 837504 671482 770554 980081 63819 790065 958723 770251 999304 1161411 650633 1092726 924832 771345 821987 628311 806476 877133 849897 854095 885562 685129 788825 1053920 910949 913213 923439 1003000 946895 753453 661920 928665 643475 375604 557454 247195 122795 985217 142225 103983 1198682 459571 984070
643718 914994 392479 543439 792471 674819 776933 905127 804539 688326 594587 895415 850260 828269 667503 811660 563334 773101 658002 875618 355319 1002677 314786 868039 953130 805028 843139 490629 897211 930782 457873 973613 596714 765712 772712 613512 942738 589792 1260674 999999999 448831 765376 909300 39652 877164 448888 783717 955836 975923 99071 472807 51731 570169 589130 617608 762863 1233323 544462 751980 519720 295178 1200049 711613 354417 642364 430474 309150 694908 392630 589583 753347 746276 717065 475504 576275 588348 764721 858307 575865 835908 306982 839577 350721 636456 299690 663891 594942 746695 567182 820510 885265 1025705 1099935 1171405 488684 1165960 1157203 183546 810340 667856
563162 716757 238790 561268 624102 253140 490340 463049 410516 244588 262622 610481 525500 557486 219523 579115 233481 602168 349923 598554 361319 650988 426329 684220 604820 547986 734990 392032 448713 711308 76799 526297 274513 517443 326035 244225 574358 521629 851255 448831 999999999 320921 465652 467989 468949 368515 434969 685285 687412 378542 144774 406080 154371 157130 313665 374430 819448 428431 310052 80720 155463 788036 302842 107760 486889 189397 316772 246083 270188 555030 340664 353521 461601 54777 502868 492605 386306 776120 204852 432781 203496 773123 205127 298253 326347 339056 150306 529412 235237 379173 483214 581359 663559 748964 508255 780616 751641 349444 391834 366154
754237 792781 511545 801216 743261 231646 541591 226031 339288 151224 384432 627091 519292 603709 105432 656332 289608 724527 441013 626761 644762 573985 722854 778447 543471 610894 875143 622637 163809 769995 310973 209818 295256 598295 118320 231280 355290 729459 650191 765376 320921 999999999 219291 780800 340875 616366 294819 700006 682364 686566 321254 725034 268096 179114 320962 333833 612591 637062 21337 268011 475934 587864 141096 411491 652002 387730 563285 94901 477142 772302 131931 183067 555175 312484 712699 693006 222390 926654 328828 194580 481544 933868 500604 273356 625977 297432 171073 634303 286616 61204 364058 260721 417215 530626 759540 629388 568138 639629 271343 335202
728800 684285 581961 810420 667924 246992 451052 14401 225650 221492 391312 499334 394730 498440 266449 563618 503057 653438 405037 506388 707821 397231 794000 682968 379484 515467 802287 643069 74365 652645 485297 171239 512841 516925 141688 447735 515568 719323 430919 909300 465652 219291 999999999 931441 178514 651237 499559 562555 534991 843996 514924 863163 344038 367175 539990 248585 393431 638816 240570 390074 614536 368596 359610 571131 620015 583913 754479 231962 676768 765302 343474 394879 490527 433808 705920 681337 429871 857393 365998 375720 657456 871384 592096 492528 708259 516380 340118 563291 500432 218918 200264 237502 204443 311970 782076 417402 350435 811897 157450 553848
683258 953667 426888 582960 831363 700239 812354 927762 833671 710031 625945 931510 884332 864598 685005 849165 567035 811889 691454 911932 394257 1035878 354419 906866 986354 841730 882747 529154 916649 969039 471025 989929 598633 802498 793479 619532 944022 629309 1289629 39652 467989 780800 931441 999999999 905253 487324 784464 992689 1012177 97769 480520 88130 595151 603082 617231 792218 1261677 583117 766625 541368 317104 1228581 720494 369379 680884 433627 299166 713501 387718 629233 762314 752612 753290 498008 615712 627584 769067 897954 604500 842691 312283 879191 383109 638824 337865 664323 611392 784318 570943 834655 914034 1040324 1124323 1198458 528309 1197166 1186410 174028 836937 665996
579995 506933 507087 678180 498882 215876 282918 164118 79084 252466 295694 320931 217576 323692 333587 391076 582384 486223 273902 328593 617135 233412 704578 507967 206828 343205 631975 526185 246817 474476 514118 349734 603260 349759 224437 538084 677799 579230 385435 877164 468949 340875 178514 905253 999999999 543787 635694 384396 358173 828400 562371 827269 317847 427542 637317 120040 356464 509934 359130 388389 594646 323562 475943 575648 472150 629160 783240 301221 721527 625235 472696 523405 332460 422211 568339 542014 563239 687550 301419 526338 672408 703564 533190 593284 632411 625071 389465 398717 580746 365680 23568 415246 253420 296115 659192 314865 283703 814180 80927 663648
217857 466542 132208 193286 345320 412746 352460 641154 464820 475336 260000 460381 439265 392146 515596 365936 600868 325271 272848 438828 96436 596116 172801 420312 548063 365737 414955 42036 675452 481964 440528 781319 642312 326297 553718 611481 929697 166806 894271 448888 368515 616366 651237 487324 543787 999999999 800006 513688 538377 457368 504427 399447 348271 505562 680774 425472 874775 96447 615393 367909 316898 840689 652395 385885 193586 524730 559690 521700 570929 191087 684051 708349 285161 336223 148790 150328 745289 443101 294412 776450 454598 432376 181765 666736 149667 707570 479001 300607 602876 676854 541932 848313 795896 830797 144249 776953 791604 500004 505525 734082
978373 1066375 672977 993285 1001143 497133 815559 509334 629813 418221 622358 911943 805808 881146 334475 926499 224565 980709 696539 909152 795695 868732 855756 1046057 837388 883985 1126998 819019 429880 1048002 372929 404695 187591 865497 412252 191610 159756 943091 920536 783717 434969 294819 499559 784464 635694 800006 999999999 986600 971984 687587 325997 758714 483753 298504 167903 618672 881717 848085 276969 436850 551259 861053 169151 465279 887282 354013 498415 354563 402017 980545 163158 113887 816415 463959 924747 910395 72589 1174638 557150 135790 478218 1177085 639343 149338 756376 120166 332806 894511 221052 280643 658865 406345 675687 797956 941955 916761 848415 613928 564843 126489
394256 153309 571709 531582 229037 494162 195670 548196 361491 569318 423094 76276 180957 131576 655382 150035 876559 234518 336279 86960 610108 204451 680198 183177 193527 151167 321905 474600 630907 110339 755517 733447 908096 190207 583017 849396 1051524 429523 512272 955836 685285 700006 562555 992689 384396 513688 986600 999999999 43174 946052 819896 904757 546335 723433 947093 367992 512668 425875 714399 621639 743647 484733 818267 769344 331788 874022 984285 632283 954222 462608 825943 872852 241581 630584 431703 407694 914790 373350 481748 893780 865751 399190 623633 910490 658088 948420 681986 214422 876251 737162 362293 797497 562721 515928 548533 370214 435037 966667 433304 985638
430835 196256 588112 567140 269063 484505 204157 520726 343101 556883 427252 81133 168696 147684 643605 181478 870934 273005 342046 100339 634498 164307 707256 226090 159167 172649 365016 500451 604930 153020 755656 705078 901121 212142 564501 841040 1031156 463678 469118 975923 687412 682364 534991 1012177 358173 538377 971984 43174 999999999 962122 818734 924552 544064 716146 939597 354225 469753 453629 697627 620624 754248 442050 804587 775303 362167 874976 991457 618839 957349 498468 810206 858099 258889 632639 464722 439920 899785 416523 482710 875011 872823 442334 638460 901612 680099 938748 674634 243299 870432 716806 335396 767929 524870 474429 581373 327044 392603 979196 412770 976375
666493 921082 374363 582165 801980 618846 759245 841020 759531 622602 559247 881003 825073 815693 592741 807460 469371 781440 631141 862675 372151 972756 354064 876236 923500 795033 867024 499233 825895 932422 375894 896135 501327 756558 704547 521774 847001 612461 1213788 99071 378542 686566 843996 97769 828400 457368 687587 946052 962122 999999999 383017 97013 513596 508118 520729 718827 1184525 553620 671849 454723 234067 1151885 623107 276267 648802 335988 210572 622265 293801 619544 664931 654857 704602 413013 597002 604898 671367 888012 530614 744956 214565 872071 324033 541422 310310 567518 518361 743898 473273 739466 838699 945266 1039880 1118687 524167 1127294 1111361 85860 757197 570238
705662 859137 372363 694710 768546 353240 626878 516302 516698 313000 401063 744170 652971 694713 248549 720406 103259 746648 487965 733872 482663 766047 534992 827726 722509 687252 879677 531330 477747 852019 68024 528786 144344 658297 375036 141906 479567 662494 930669 472807 144774 321254 514924 480520 562371 504427 325997 819896 818734 383017 999999999 441479 274795 147964 179430 486080 896004 570505 303300 198290 225988 866850 240168 139580 631521 69061 242359 283366 162392 693870 281986 273738 602894 195290 643693 634806 294990 920424 338701 363121 168917 916907 329058 177643 437205 214393 177300 672565 106303 366738 580226 570953 719322 819455 639262 877136 836283 324380 481644 234250
597875 865917 340749 502374 743887 626614 725311 858632 754164 642768 543399 843982 798531 776924 625493 761048 535894 724279 606322 824268 307028 951012 272736 819292 901463 753859 797918 441336 853187 881012 420862 932158 571136 714587 727769 583203 916696 543798 1210276 51731 406080 725034 863163 88130 827269 399447 758714 904757 924552 97013 441479 999999999 522395 550663 594618 712403 1183206 495403 712391 474564 251002 1149854 677856 316428 593032 404733 301960 651888 377244 545667 719376 715118 665672 429795 529751 540869 735689 814799 525862 804026 280554 796933 299335 610154 249879 639715 554081 696190 539651 781255 835033 985717 1052118 1121965 446263 1114723 1106709 180988 761298 646390
498783 597178 249121 534444 520370 105290 355707 338220 256426 133598 139918 470312 378254 423797 168906 456535 333089 499391 221308 461001 381489 497548 463467 571002 452055 419310 643760 355623 346845 585551 213535 443949 367722 394114 218951 315275 594832 468455 702574 570169 154371 268096 344038 595151 317847 348271 483753 546335 544064 513596 274795 522395 999999999 189419 407790 220066 672135 374212 267586 77850 279646 639960 320858 258789 403993 333474 471141 173509 420570 509490 346333 379135 340969 104565 450904 433450 419639 690923 73805 436119 356931 693444 250102 376958 371109 417447 151422 416405 333207 328664 330745 508044 529792 605111 491590 627116 601503 496341 243881 452076
679893 784618 383125 698324 709782 232984 538825 368894 392048 175095 329334 647199 547532 606523 101305 643820 157073 688772 409233 640439 512030 643696 581311 759799 603467 604709 832397 522192 330548 770949 132224 388916 184977 581609 228210 127006 424668 644813 786537 589130 157130 179114 367175 603082 427542 505562 298504 723433 716146 508118 147964 550663 189419 999999999 223667 367552 751207 549780 163743 138803 305824 722782 148381 234737 590024 216817 389434 136419 309601 682819 184307 202928 529451 170718 626538 611919 239913 878716 263153 277041 302614 880109 357806 188772 481560 228632 41513 605587 156007 231585 447187 437258 571615 673509 649043 740207 694280 460662 346791 264223
876076 1004960 549330 872347 924271 455555 761489 546026 610788 389932 545964 870853 770925 829375 304550 864323 80188 902788 629098 863923 662051 861417 713566 978014 823135 826532 1041941 705577 482638 992864 240277 494990 40362 801904 418986 99811 327635 835245 970853 617608 313665 320962 539990 617231 637317 680774 167903 947093 939597 520729 179430 594618 407790 223667 999999999 589138 933417 741752 299628 342401 402636 908241 184726 316316 795303 191126 330982 336104 234283 868558 214554 175462 748524 355708 816495 805791 170579 1085431 480005 257450 314422 1084013 507924 47947 616326 48505 265143 822857 78588 339034 658603 516921 737159 851585 817586 942429 886541 446123 558387 55039
480627 461195 387719 568406 426097 134944 213064 235661 42095 202729 175853 293881 187136 271326 289590 328762 524386 409982 160565 292936 497225 279976 584702 451051 237020 281585 560689 409921 298081 436648 430012 409769 551694 275553 219600 489719 688204 473480 497876 762863 374430 333833 248585 792218 120040 425472 618672 367992 354225 718827 486080 712403 220066 367552 589138 999999999 471399 397863 347221 296502 486756 437812 450643 477583 371788 549089 691183 264725 638579 519617 458046 504884 243412 323317 461016 435641 546803 614930 188260 528368 576369 626999 415891 549419 512604 585676 326415 318777 523465 375924 123470 478923 370428 415080 545438 409970 394339 710722 91138 623612
