NAME : synthetic_000072
TYPE : CTSP-D
DIMENSION : 100
GROUPS : 8
RELAXATION_LEVEL : 1
EDGE_WEIGHT_TYPE : EXPLICIT
EDGE_WEIGHT_FORMAT : FULL_MATRIX
EDGE_WEIGHT_SECTION
999999999 889603 743774 350339 291246 563075 877518 673308 252533 650813 519604 912188 873589 442116 620369 764831 673368 836939 240290 677586 690316 743542 560489 317415 296253 213165 905201 757414 698653 140599 426333 206016 435257 726472 266140 831497 968756 400346 811626 865004 535577 588911 173437 770366 741745 390626 158002 149929 660709 632713 573728 537587 190827 860450 641270 745666 910799 342909 1036225 434167 513123 705513 854121 538678 702281 517483 681662 262117 842701 767138 833175 845291 686389 56320 489016 241307 770967 330071 500440 349610 480015 633243 835270 790364 292035 662363 873691 139965 511480 678061 851712 679308 516449 705438 142780 379932 909505 338938 590525 460403
889603 999999999 353916 539273 949192 327039 375173 555064 642586 796323 617808 358044 67687 557542 480470 192949 289259 118625 677689 344152 361608 401501 488881 822985 667181 791312 19586 274012 551689 776989 866455 1001122 485661 379947 643478 58460 85798 526024 410564 305273 396936 333489 716168 603378 661494 578360 737649 743869 341149 272142 692144 360473 720743 265118 578748 368363 32804 864478 149507 495323 504427 768700 43280 793563 230207 451757 227749 1075310 156484 226243 323170 436990 310562 901429 855409 651890 200547 573130 411807 549175 521034 279452 96671 509250 960571 444611 281488 769524 716057 220088 263635 220667 383881 561155 872300 798321 343522 584930 507056 535080
743774 353916 999999999 441164 699238 327311 662687 205775 549590 924524 309817 662084 399933 311797 628345 167241 456047 236088 503583 74481 551775 622099 600106 811248 635425 577835 353658 509649 199115 677178 893991 787153 316280 592486 573104 318337 380445 517135 91935 598283 225723 203367 587487 251226 848130 357418 625479 596961 507656 369082 360850 274175 553085 139996 732593 15238 346709 858704 474919 313301 239272 923001 313780 877437 170684 522625 208012 856186 457317 129107 91955 132608 493863 733636 909733 513573 156242 422127 435626 409690 581466 204145 257295 739286 711193 617385 582051 604646 400870 236211 556365 230800 397372 746666 673451 520191 166219 405282 191560 584324
350339 539273 441164 999999999 464946 213192 578548 453419 111903 565468 351689 606093 525125 226067 369506 424043 345741 490752 162968 367603 390463 459341 310990 374201 200583 290737 554878 435037 474494 247217 467437 480405 135445 434779 131960 481159 618665 133055 524714 550001 215572 254282 176903 558751 564820 185946 201613 206134 349819 288468 444452 192888 193431 535322 440328 447646 560601 421840 686228 146434 264440 589741 503937 486650 361194 233511 335953 554345 501767 432779 521379 563754 368036 364399 495974 116588 432029 78659 173405 60825 241986 290774 487220 541877 474354 395122 553246 236423 412292 329629 528367 331302 176247 488351 350065 385014 598053 122437 349964 230636
291246 949192 699238 464946 999999999 652683 1043469 555499 425976 919261 400648 1070811 953996 399161 818995 782078 808026 865174 302138 652769 854925 921836 757570 599776 526479 174422 960438 897854 579741 391855 712187 134790 465577 898452 461147 892038 1014962 574519 738903 1013706 552912 616251 345408 628598 981611 371101 370102 304375 814765 739339 405413 594669 282099 836053 867121 695071 961753 630333 1098067 454570 465761 966752 907728 811460 726879 691090 721863 176350 949889 769417 790262 762373 832374 235541 771913 359214 783002 398772 638257 424607 678503 669918 872128 994525 11955 851769 1015483 262599 339722 729773 989808 728801 636903 925478 156892 188393 858738 372604 511032 661450
563075 327039 327311 213192 652683 999999999 421417 435833 315755 597272 408915 438980 312394 302251 307263 242177 175930 292329 361902 258147 257826 334177 273577 522813 353985 484102 343258 261024 448052 450862 588419 686568 196424 304413 319089 269386 408213 215713 419244 376136 159253 132074 389752 528742 528705 299094 410634 419070 209805 89409 503282 80097 400866 374352 408857 339404 349838 568102 473162 211381 284928 596617 293466 554552 185516 195474 148792 760959 297322 264441 382273 459865 210789 577263 594787 328047 253784 257572 112540 232039 256979 125343 284075 443566 663259 305331 372547 447362 498781 131722 345488 135242 74260 430565 556164 531495 452403 280121 341121 262383
877518 375173 662687 578548 1043469 421417 999999999 829588 635926 512302 828438 42950 307526 723384 270690 501961 245994 467947 741358 618546 189798 137154 323257 681384 588111 869149 390723 162413 835615 739198 674898 1047298 614274 151060 613242 371613 433095 481019 742104 69959 575345 529180 723654 906345 339801 715692 722472 762958 228837 334866 921005 499785 766710 620567 315214 677830 405052 708412 408386 630098 703437 462936 392139 555764 493975 361477 461447 1118915 221459 541891 666955 776461 214654 910880 637712 687709 515480 648348 405486 623195 400112 488863 442581 171222 1052787 222714 94172 801162 919949 434551 112542 439495 411608 263687 920100 945867 705772 682459 747748 419972
673308 555064 205775 453419 555499 435833 829588 999999999 541149 1002929 159440 835651 594941 242859 739964 362966 599071 439218 444507 216713 689866 765161 698270 820614 652219 474664 556524 669015 25509 645224 919609 664697 319608 735006 575419 513890 586089 567076 199187 770523 281811 307238 547913 105518 960339 296064 591859 542788 642353 505729 167993 359607 490129 337299 837083 193366 550495 867676 680497 307178 189036 1014943 513382 935402 343899 613334 370485 726189 641054 328994 275921 212842 636905 648583 949334 480066 354548 401042 521520 401214 657433 341122 458685 877965 567141 741100 757868 536049 222931 396101 730882 391430 488498 864853 571125 367276 326750 365829 104205 654110
252533 642586 549590 111903 425976 315755 635926 541149 999999999 524246 418636 668156 622931 300858 394870 535436 421862 600421 146191 476818 446442 506356 333261 279854 123594 257216 658986 507418 563968 136274 383459 411813 235938 486072 41471 585117 723912 155079 630698 617659 325090 366124 87739 646422 559623 250613 95698 127779 412983 380878 503482 304266 145462 647024 442071 555247 665564 326655 787287 242928 354254 560482 609116 430507 472667 274824 446330 483005 590172 544670 631694 668926 436921 277341 422449 80703 543651 140112 248062 143390 253160 402203 595733 570231 433424 430744 624755 167876 459492 438418 601900 440433 264403 499560 287089 393877 708553 178071 440805 235670
650813 796323 924524 565468 919261 597272 512302 1002929 524246 999999999 916907 554604 737973 790894 317742 818638 513926 835229 670272 854150 434853 409378 327677 339005 403446 768956 815750 526457 1020642 527945 254433 856648 688095 423188 482881 760962 876838 438321 1016456 555217 726674 724555 584140 1105133 183049 750920 551585 621840 458349 573233 1009874 656977 660893 957140 217911 936390 828979 330902 886321 702713 819329 69980 789299 113984 773438 401908 733305 910459 654735 849747 975553 1057112 486966 704076 189439 604924 832386 638133 490671 625703 347080 721828 815709 343040 923730 351843 579516 661885 974872 708262 577632 713347 528131 250677 763409 917750 1040867 682859 899223 348931
519604 617808 309817 351689 400648 408915 828438 159440 418636 916907 999999999 842482 642976 126156 688767 429124 584480 513189 301409 280834 664771 741083 638290 696607 538311 316389 624025 666359 184790 505983 802093 505822 236207 711797 457049 567206 666666 480114 338985 777965 253348 305839 408712 250922 901458 169142 453663 397377 616971 493585 96496 329238 343106 449766 775847 302942 621353 742340 758034 220012 125153 938552 574531 837123 388400 552913 400447 568569 669190 405332 397346 361730 619703 491801 839241 347627 425475 283659 465454 292250 582828 355736 526982 845290 412470 700230 770313 385415 98323 419462 742751 416210 440302 814031 412300 214590 461531 241332 118716 575179
912188 358044 662084 606093 1070811 438980 42950 835651 668156 554604 842482 999999999 291152 741125 310978 498362 266291 457660 769059 622058 222071 176855 361735 722261 624970 896797 372265 178020 840407 774690 717375 1078619 634079 187405 646982 360966 409613 513798 738517 65215 589157 539908 755754 908757 380713 736238 756251 794528 256935 350579 933685 515667 796162 611147 358116 677305 386379 749947 377557 649578 717329 504321 379166 598708 495787 394933 465523 1150747 210140 538333 660418 771579 238640 944230 680569 717158 511427 673833 432689 648391 437070 496762 432133 212583 1080357 262523 80470 832078 935542 439551 105748 444251 435675 306475 950598 967632 695057 706387 757368 456904
873589 67687 399933 525125 953996 312394 307526 594941 622931 737973 642976 291152 999999999 571033 424870 233372 240638 172857 672275 379500 303529 337869 438869 784404 635610 790819 84225 212266 593950 754681 820994 997172 488426 317841 619620 81626 139065 495783 464345 237608 407921 345660 700824 651118 598077 585964 718610 731232 288423 243207 722673 359526 712765 325152 520063 414883 98619 824240 167977 499840 524377 707657 91080 740944 256370 410597 243257 1071581 89563 270842 379813 493378 256566 889484 806142 640433 243709 567345 382550 542384 478473 291807 147886 443333 965088 386330 213962 759718 741157 228126 195962 230277 359289 498918 867149 812201 406474 584127 537458 493913
442116 557542 311797 226067 399161 302251 723384 242859 300858 790894 126156 741125 571033 999999999 566840 383453 477448 467167 205207 256425 551586 627289 514716 580675 416967 266063 567144 563247 266838 402688 683024 476554 113994 598702 337252 502208 618587 353968 371127 677887 163244 225531 305656 347151 777098 53550 349256 303506 504457 390681 221068 226471 253124 442501 651449 310928 567206 627301 704578 97426 72890 812451 515004 712360 330286 429866 330334 546933 583279 370321 403647 403592 510662 425771 717381 237212 383973 161920 344682 167530 457247 279702 475564 727534 410958 581063 673004 302307 200597 342923 645643 340940 322773 691502 361770 241298 477348 123495 149544 449249
620369 480470 628345 369506 818995 307263 270690 739964 394870 317742 688767 310978 424870 566840 999999999 506951 196259 518204 522370 562998 123044 134159 61609 411472 325171 646514 500006 218469 753634 480003 415653 803160 453263 130078 364663 443389 562675 245097 719463 282685 458490 439336 480718 835347 221442 541864 471149 521860 140639 263025 785261 380436 536897 645251 105689 641521 512916 440626 581131 469736 572993 300188 471808 317722 467209 138001 426895 871854 346498 540452 669242 759378 169982 658988 389127 460622 521029 447570 223499 426034 142425 424517 498250 175546 826983 48927 301351 562616 766375 400209 290122 405524 252419 125691 681495 754491 730571 489369 641158 161229
764831 192949 167241 424043 782078 242177 501961 362966 535436 818638 429124 498362 233372 383453 506951 999999999 317932 84639 534833 151522 412668 476815 491304 764036 592634 635601 196507 356084 360925 671252 830276 848616 334380 448482 547710 151785 238141 457110 240298 435614 235200 176479 594790 418362 719176 413357 624756 615035 373523 245448 500069 231192 582059 138549 612611 182362 192687 809732 328913 339807 322599 807057 150628 788678 62909 425964 93540 921537 291190 39988 168385 274656 353510 767017 834354 523693 14348 435510 353201 415221 492831 133270 98335 594268 793794 486833 417962 633452 526870 112945 393051 108486 315854 615916 724075 619803 223710 435887 315618 500777
673368 289259 456047 345741 808026 175930 245994 599071 421862 513926 584480 266291 240638 477448 196259 317932 999999999 322347 507800 399154 95917 167345 199641 546982 408682 634920 308826 89872 608184 543085 580357 824690 368486 137298 408628 248184 373784 275879 544120 206194 332657 292504 507317 684516 401450 470283 515367 543557 56510 93494 678250 255242 538646 454567 299975 470357 320981 585433 405987 384219 459981 494419 276799 504525 287072 173967 248217 898099 178803 354094 484546 582553 38183 698703 566571 460321 332250 409583 175039 383895 239446 260784 302050 283586 817901 169701 207644 578493 674703 220090 182637 225530 171125 298109 694906 701377 541016 440665 510411 255967
836939 118625 236088 490752 865174 292329 467947 439218 600421 835229 513189 457660 172857 467167 518204 84639 322347 999999999 611478 233815 411037 466090 512494 813047 646214 716060 117592 338852 434688 736694 870895 928702 412186 440130 608730 96703 153602 506827 292701 398790 315095 253747 665050 484821 719607 495348 692365 687802 378742 269890 582103 299442 657691 153572 622321 250314 111332 857421 245285 418920 407157 816674 81970 816431 139244 457566 155305 1002022 247664 110851 206996 320677 353341 842052 868989 595733 87879 509933 396489 488280 526793 204513 25533 581069 876841 490888 377858 708523 610691 162461 355715 160111 361878 616555 802849 704291 237842 513798 398615 537366
240290 677689 503583 162968 302138 361902 741358 444507 146191 670272 301409 769059 672275 205207 522370 534833 507800 611478 999999999 438257 552818 620332 461678 404307 267856 127797 691448 597389 469267 204705 514877 324927 200611 596549 187419 619280 751749 277458 571872 712716 300943 358554 108019 546239 701302 152245 153037 98463 512722 444610 375338 317401 49502 622573 580831 505378 695193 448013 826925 196999 274249 706485 638987 574725 473508 390815 458017 399343 657729 533243 593325 606180 530908 233284 560223 66061 539581 104955 336373 129995 385419 407193 612918 697226 311436 552394 715442 101260 324196 459134 690240 459435 337099 634948 194954 247688 669466 100204 354747 370114
677586 344152 74481 367603 652769 258147 618546 216713 476818 854150 280834 622058 379500 256425 562998 151522 399154 233815 438257 999999999 493793 566435 531720 736873 561046 520868 348023 460677 218872 605906 819580 732642 245670 536440 499446 299193 386650 442974 164200 557209 152035 130348 517840 288010 783903 297185 554741 529395 448122 308684 348618 200623 487629 186595 666160 83662 343912 784309 479094 244216 187033 854764 301413 804656 127424 452433 157101 803335 424576 124571 156370 204926 437319 670346 835778 443930 145986 352224 364027 338395 509598 139726 249758 682535 664675 555161 543349 539514 377556 184301 516682 179227 326126 683572 614775 480826 233330 338684 164854 511796
690316 361608 551775 390463 854925 257826 189798 689866 446442 434853 664771 222071 303529 551586 123044 412668 95917 411037 552818 493793 999999999 76408 153008 519425 405932 680510 380987 95495 700046 553420 534678 857571 439040 47129 424921 329085 442133 291812 640026 177246 417073 382629 534130 777677 308758 537743 534185 573261 48021 185532 760011 337790 577145 548219 217143 566016 394324 552713 458108 455394 541965 408394 356866 440764 382989 172894 344070 929334 223526 449391 579915 678468 59158 722183 511284 498181 427012 462382 218810 437742 219700 354650 389182 188929 864075 83020 190679 611369 751461 315968 174514 321410 230609 205552 730305 764403 634977 498591 598156 239201
743542 401501 622099 459341 921836 334177 137154 765161 506356 409378 741083 176855 337869 627289 134159 476815 167345 466090 620332 566435 76408 999999999 186310 545588 452039 747533 420134 128578 774885 604381 545087 918124 514374 30167 481172 377664 476281 351440 708952 152654 493406 457988 593948 851743 260215 612230 590011 634056 124406 259747 836385 414173 641849 609391 196007 636593 434169 574073 477736 530793 618368 372193 403901 434922 452044 232010 414098 988782 250295 514784 645077 746685 129162 778691 512837 563296 491129 533238 290618 509097 264307 428090 442748 117617 930657 85699 174237 673321 827382 385897 168869 391303 305363 162316 792662 837269 696411 570781 674204 284134
560489 488881 600106 310990 757570 273577 323257 698270 333261 327677 638290 361735 438869 514716 61609 491304 199641 512494 461678 531720 153008 186310 999999999 366641 266528 585317 508441 245036 713276 420420 384734 741825 402099 175131 303235 446164 573378 184225 691926 326434 416602 404332 419157 796216 263848 487041 410131 460275 151174 246235 734639 340913 475473 629708 139029 612559 520496 399740 601266 418381 525687 323059 474871 305623 445870 85780 405686 810761 367878 522077 648144 732362 183678 598260 367290 399478 504959 389455 176924 368707 81124 396252 494619 237074 765508 102261 342272 501010 712962 380590 327374 385671 210349 178027 619910 695874 713204 432006 597480 100307
317415 822985 811248 374201 599776 522813 681384 820614 279854 339005 696607 722261 784404 580675 411472 764036 546982 813047 404307 736873 519425 545588 366641 999999999 175827 470816 841764 608854 843137 215019 114124 522957 508789 539622 245569 771349 908688 307117 897290 692218 586265 613773 298955 926004 459311 529933 256178 326757 510074 552246 777724 544163 377116 890600 386947 818878 851648 47645 951767 518106 632792 399392 798963 225140 704508 373950 670538 573174 724859 782256 886084 936823 542097 372688 172311 349550 774889 419721 416890 420195 307759 636746 801882 551864 602547 460255 708792 360376 728474 654503 693925 658053 451252 452782 443127 636191 961310 457581 719375 291051
296253 667181 635425 200583 526479 353985 588111 652219 123594 403446 538311 624970 635610 416967 325171 592634 408682 646214 267856 561046 405932 452039 266528 175827 999999999 367468 685253 483785 673901 155668 267406 487758 335991 437640 82553 612838 752011 141260 721680 583109 410575 438423 182956 757724 456487 369239 157575 222769 383677 395205 625346 369309 257850 716596 347944 643109 694002 223292 803488 346428 463306 443776 639455 307129 532040 237850 499509 552956 586694 609021 710606 761329 413004 338382 300932 203671 602945 255234 255410 251309 188008 463321 636941 494112 532413 368789 595027 264229 582752 485323 575715 488515 285848 410772 375808 514675 786078 297017 549489 168149
213165 791312 577835 290737 174422 484102 869149 474664 257216 768956 316389 896797 790819 266063 646514 635601 634920 716060 127797 520868 680510 747533 585317 470816 367468 999999999 803902 724636 500167 255837 584892 213131 305936 724046 295103 733303 861641 401530 633251 840191 400982 462792 184913 566381 816632 224402 219417 147747 640518 569053 361952 431951 111783 707441 699151 576663 806486 508658 940807 297560 338629 811238 751119 666256 576821 517140 566617 285988 781229 628401 669707 662953 658540 177108 638458 185907 638463 227271 464129 253128 507218 514734 720234 821885 183640 678215 842539 110535 298714 571269 817133 570912 463932 755731 97273 170917 743130 206816 403959 490804
905201 19586 353658 554878 960438 343258 390723 556524 658986 815750 624025 372265 84225 567144 500006 196507 308826 117592 691448 348023 380987 420134 508441 841764 685253 803902 999999999 292933 552259 793704 885777 1014300 498022 398874 660526 73872 66946 544039 406525 320960 407666 344244 731773 601637 680231 589387 753866 758961 360729 290459 696565 374053 734968 258195 598130 367820 14402 883402 137673 507262 512425 787862 52806 813147 238064 470901 238575 1088401 173709 227614 317974 431523 330114 916275 874919 666858 202881 587113 429843 563400 540242 290540 98373 527155 971876 463999 296752 784059 722130 232780 279790 232997 401384 580110 885817 807439 334200 597858 511908 554181
757414 274012 509649 435037 897854 261024 162413 669015 507418 526457 666359 178020 212266 563247 218469 356084 89872 338852 597389 460677 95495 128578 245036 608854 483785 724636 292933 999999999 675933 624454 628945 912991 456121 105941 491529 249172 351325 357495 593140 116491 413122 366936 593785 748631 387686 558382 599582 630814 100375 173103 758661 338299 627533 484965 308672 524573 306787 643914 362924 471579 541281 495431 275323 536140 339147 245942 304111 986152 128760 395167 524241 629487 71272 784730 606663 548962 370215 499454 263041 473766 303483 327900 315079 242217 907703 176098 118287 666489 758494 276459 94486 281620 260972 287178 783515 790051 571873 530347 585629 322035
698653 551689 199115 474494 579741 448052 835615 25509 563968 1020642 184790 840407 593950 266838 753634 360925 608184 434688 469267 218872 700046 774885 713276 843137 673901 500167 552259 675933 999999999 669448 941302 689748 339982 744718 597743 512539 579166 585986 182125 775414 296752 317852 572236 84797 974486 320203 616044 567613 652804 515155 187981 373282 515112 325683 851831 185700 545641 890298 673697 328074 210641 1031370 510609 954769 346232 628751 374891 750908 643193 325493 262928 192368 646187 674074 970124 503930 351704 423871 536888 423284 674483 348569 455055 888588 591343 753331 762013 561243 245384 401220 735232 396382 503086 878098 596609 391406 309579 389416 124530 671712
140599 776989 677178 247217 391855 450862 739198 645224 136274 527945 505983 774690 754681 402688 480003 671252 543085 736694 204705 605906 553420 604381 420420 215019 155668 255837 793704 624454 669448 999999999 329131 336211 360908 588174 135491 719886 859023 267359 754527 729375 455679 500328 97564 748483 605435 349249 53473 114714 526147 511590 578777 440072 168298 780290 501833 681678 800621 253392 920350 364841 465821 577815 744320 419608 608410 381228 582545 398886 716641 679482 761897 791459 553189 184409 384149 167087 679222 256055 374292 267566 340312 537982 731891 649777 395973 522483 739264 145530 524640 574652 718211 576694 395416 565538 235518 422579 838918 282013 550494 320593
426333 866455 893991 467437 712187 588419 674898 919609 383459 254433 802093 717375 820994 683024 415653 830276 580357 870895 514877 819580 534678 545087 384734 114124 267406 584892 885777 628945 941302 329131 999999999 630106 602846 545421 345788 818736 952031 378058 982508 697035 672169 692420 411183 1025119 405455 633831 369248 440312 535561 602819 885769 621545 489868 962094 362776 902791 896852 84179 985324 613658 730712 321647 847127 145528 773609 415931 737147 676115 752560 852410 963628 1022707 568140 482313 67189 457450 842138 521121 477193 518543 346181 708852 857088 526800 714590 463746 716676 474418 838437 718134 705726 722216 514445 424147 555907 749717 1037107 561258 816871 333944
206016 1001122 787153 480405 134790 686568 1047298 664697 411813 856648 505822 1078619 997172 476554 803160 848616 824690 928702 324927 732642 857571 918124 741825 522957 487758 213131 1014300 912991 689748 336211 630106 999999999 517355 897814 438639 942849 1073110 566873 837051 1026021 613763 675131 324176 745907 941585 437238 332860 284358 822154 767699 525867 640720 287104 918998 835694 785026 1017390 546111 1150575 509830 548177 910521 961616 744681 789512 686603 778154 74416 981185 841486 879101 864139 843967 153045 693867 364502 851573 429829 649975 454905 660756 726464 932329 977074 127965 841367 1031211 246700 459251 781530 1007085 781450 656612 898068 130564 306241 951172 416546 606627 642005
435257 485661 316280 135445 465577 196424 614274 319608 235938 688095 236207 634079 488426 113994 453263 334380 368486 412186 200611 245670 439040 514374 402099 508789 335991 305936 498022 456121 339982 360908 602846 517355 999999999 486090 264140 427860 555861 249883 395055 571954 100610 158523 272245 424545 665290 102674 309273 285742 392333 285832 332543 129513 248487 425485 539703 320873 500551 556374 635100 16570 131825 705642 445226 616357 273506 316818 260837 591128 488671 332936 402019 433045 400277 433505 630181 198393 338976 106689 230727 93633 348147 209110 415042 613616 476697 467071 568923 300272 314523 265576 541902 265079 209262 578219 390685 335102 478999 101648 215598 341815
726472 379947 592486 434779 898452 304413 151060 735006 486072 423188 711797 187405 317841 598702 130078 448482 137298 440130 596549 536440 47129 30167 175131 539622 437640 724046 398874 105941 744718 588174 545421 897814 486090 999999999 462483 353379 456803 330998 679632 152856 463596 427845 573799 821611 282039 584566 571653 613492 94843 229583 806960 384458 619452 581900 206573 606936 412726 570106 463275 502459 588839 389904 380148 441293 422620 211256 384474 969011 232126 486182 616593 717525 99123 760176 516571 540653 462814 507694 264390 483274 249687 397990 417170 146843 907440 81680 171310 652245 798590 356276 161288 361691 277460 181243 771456 810653 668897 544516 644191 269529
266140 643478 573104 131960 461147 319089 613242 575419 41471 482881 457049 646982 619620 337252 364663 547710 408628 608730 187419 499446 424921 481172 303235 245569 82553 295103 660526 491529 597743 135491 345788 438639 264140 462483 999999999 586863 726313 134211 656487 598940 347449 383305 116891 680890 521711 288287 109275 158348 394570 376432 543188 317911 183494 664396 405977 579600 667891 292951 785741 272833 387278 519730 611895 389141 485456 252055 456599 508130 581272 559705 652655 695361 420408 297697 382667 122149 556754 175392 238803 174629 222241 415213 602353 539207 468119 402913 607565 199868 500201 446271 585722 448741 260580 464978 317573 435048 729139 215785 473843 203759
831497 58460 318337 481159 892038 269386 371613 513890 585117 760962 567206 360966 81626 502208 443389 151785 248184 96703 619280 299193 329085 377664 446164 771349 612838 733303 73872 249172 512539 719886 818736 942849 427860 353379 586863 999999999 139573 471579 384260 302269 340584 277248 658061 569544 635094 521526 679997 685535 302781 219145 644543 302146 662285 250198 544799 333308 81256 813623 207729 437800 451293 737424 28707 751768 178872 402906 171875 1017064 150971 189271 301536 414470 274167 843033 810520 593517 162101 514691 357520 490718 472593 223018 71189 490399 903367 411215 281166 711077 665527 162371 259230 163237 328207 532975 813934 743357 334408 526794 459159 485717
968756 85798 380445 618665 1014962 408213 433095 586089 723912 876838 666666 409613 139065 618587 562675 238141 373784 153602 751749 386650 442133 476281 573378 908688 752011 861641 66946 351325 579166 859023 952031 1073110 555861 456803 726313 139573 999999999 610773 420329 364699 462419 399471 795424 620906 736339 644064 818480 821712 424501 357365 733957 434700 796132 265817 658947 393490 58424 950257 94539 564188 560206 846674 114824 877364 288403 537534 295037 1146974 226239 262402 329688 440028 393304 978485 940303 729460 241192 647996 496606 624774 606770 346914 143033 579103 1026527 525062 339211 845771 764003 292734 325980 292317 467749 637747 945435 857038 330316 656627 551487 620870
400346 526024 517135 133055 574519 215713 481019 567076 155079 438321 480114 513798 495783 353968 245097 457110 275879 506827 277458 442974 291812 351440 184225 307117 141260 401530 544039 357495 585986 267359 378058 566873 249883 330998 134211 471579 610773 999999999 606776 464863 299716 314651 242801 670775 432112 317771 243040 282648 260382 254246 574491 243668 292641 585620 308173 526532 552746 352623 663414 264395 381434 458574 498222 369121 398214 119745 363575 638031 451124 476495 585576 647290 286308 430466 393073 215626 468168 211108 114218 193602 109861 331707 496721 420361 582749 277539 473354 321943 544776 347426 451589 350944 145219 358769 441308 514362 659270 255394 462933 97598
811626 410564 91935 524714 738903 419244 742104 199187 630698 1016456 338985 738517 464345 371127 719463 240298 544120 292701 571872 164200 640026 708952 691926 897290 721680 633251 406525 593140 182125 754527 982508 837051 395055 679632 656487 384260 420329 606776 999999999 675911 311137 294386 662135 202730 938727 421188 701968 667968 596750 458992 366936 364822 621074 155272 823968 80603 397174 944870 513804 389830 298879 1014745 374354 968736 257104 614554 296070 903223 530300 200314 90709 40782 581610 796898 999750 588694 227093 498473 527353 488572 673145 295782 316857 826453 750786 707401 658074 671691 418336 324092 633319 318647 489166 836891 730265 553566 127610 476701 230430 675743
865004 305273 598283 550001 1013706 376136 69959 770523 617659 555217 777965 65215 237608 677887 282685 435614 206194 398790 712716 557209 177246 152654 326434 692218 583109 840191 320960 116491 775414 729375 697035 1026021 571954 152856 598940 302269 364699 464863 675911 999999999 524717 474900 704804 844197 391052 674383 707902 742732 204707 287215 868858 451956 741677 551763 347040 613485 335310 722962 345401 587257 652829 511271 322371 587150 431215 348147 400524 1098758 151716 475601 599265 709598 182242 894766 665490 662848 448898 615599 377061 589965 396809 431551 373360 224075 1023466 233907 26246 779325 871416 374436 43101 379162 377058 304572 897107 906276 636625 646814 692202 416379
535577 396936 225723 215572 552912 159253 575345 281811 325090 726674 253348 589157 407921 163244 458490 235200 332657 315095 300943 152035 417073 493406 416602 586265 410575 400982 407666 413122 296752 455679 672169 613763 100610 463596 347449 340584 462419 299716 311137 524717 999999999 63452 370445 380179 678561 181812 405389 385853 369054 240695 345828 79633 349054 326094 555317 232723 408841 633817 545337 104680 128203 735100 355048 667392 175851 332003 169209 686963 421661 232359 306677 350952 368807 534030 692115 297064 239093 205927 240143 189259 379643 117574 320022 602332 564404 461766 517546 400869 347144 179928 490000 178166 206688 583702 488877 404282 383613 201234 183147 378414
588911 333489 203367 254282 616251 132074 529180 307238 366124 724555 305839 539908 345660 225531 439336 176479 292504 253747 358554 130348 382629 457988 404332 613773 438423 462792 344244 366936 317852 500328 692420 675131 158523 427845 383305 277248 399471 314651 294386 474900 63452 999999999 420126 397351 660778 245160 452045 439011 335160 199012 394375 71022 405599 281210 540640 213783 345541 660850 481910 165308 182207 726923 291607 674357 115009 323377 105757 748618 363837 179457 272346 335153 330091 590539 706626 348154 182077 259177 234014 239473 379361 54263 257483 570870 627720 436140 465812 456972 402197 117567 438272 115431 196452 562369 549115 466823 347661 260170 218781 381449
173437 716168 587487 176903 345408 389752 723654 547913 87739 584140 408712 755754 700824 305656 480718 594790 507317 665050 108019 517840 534130 593948 419157 298955 182956 184913 731773 593785 572236 97564 411183 324176 272245 573799 116891 658061 795424 242801 662135 704804 370445 420126 999999999 650989 636245 252137 45036 41467 500224 461107 483251 365642 79161 696531 522257 591120 737422 341512 862913 274189 370139 626540 680748 482553 531975 362546 509764 395268 672661 599403 674209 698314 523613 191528 460032 73936 601602 165616 332588 181376 338445 462277 662691 655663 352014 517674 711447 83147 431005 505262 688256 506651 345459 581767 200861 340225 751155 186558 454077 320280
770366 603378 251226 558751 628598 528742 906345 105518 646422 1105133 250922 908757 651118 347151 835347 418362 684516 484821 546239 288010 777677 851743 796216 926004 757724 566381 601637 748631 84797 748483 1025119 745907 424545 821611 680890 569544 620906 670775 202730 844197 380179 397351 650989 999999999 1056529 399945 695254 644061 730892 592221 223710 455565 590664 357572 934480 236237 593518 973018 714963 412405 294479 1115217 564216 1039565 412988 712059 445021 803134 707001 380278 292796 195242 722666 742487 1054567 584216 407462 506344 620232 506729 758747 423776 507189 966555 639797 833491 829402 635004 288877 472310 803104 467233 585879 959279 661219 441402 320764 470492 208954 756207
741745 661494 848130 564820 981611 528705 339801 960339 559623 183049 901458 380713 598077 777098 221442 719176 401450 719607 701302 783903 308758 260215 263848 459311 456487 816632 680231 387686 974486 605435 405455 941585 665290 282039 521711 635094 736339 432112 938727 391052 678561 660778 636245 1056529 999999999 746704 614061 677244 345655 480037 997646 601208 704865 856002 125650 861568 694213 466987 733038 681446 789528 124423 662083 262409 684105 349627 644059 1003435 510158 754621 884663 978293 367281 789635 349691 635803 733464 643178 440263 624772 322891 644907 697401 168672 987999 232512 416691 719039 973686 616674 419745 622076 471898 103378 832289 944740 942460 687254 860495 334723
390626 578360 357418 185946 371101 299094 715692 296064 250613 750920 169142 736238 585964 53550 541864 413357 470283 495348 152245 297185 537743 612230 487041 529933 369239 224402 589387 558382 320203 349249 633831 437238 102674 584566 288287 521526 644064 317771 421188 674383 181812 245160 252137 399945 746704 999999999 295842 250314 491765 388499 259176 230171 200695 483735 621329 357782 590653 576258 727040 88257 122497 775626 536711 668690 356453 403903 350826 509246 590186 404426 448672 454676 501271 376688 670152 184290 415449 114602 323859 125299 424448 298940 501409 707523 382592 560058 671559 250663 227213 359627 644559 358398 307134 664933 317590 232437 523596 72576 202817 414752
158002 737649 625479 201613 370102 410634 722472 591859 95698 551585 453663 756251 718610 349256 471149 624756 515367 692365 153037 554741 534185 590011 410131 256178 157575 219417 753866 599582 616044 53473 369248 332860 309273 571653 109275 679997 818480 243040 701968 707902 405389 452045 45036 695254 614061 295842 999999999 71908 503360 476548 528177 394004 121011 730866 504116 629686 760201 297799 882772 312597 412418 596998 703656 447193 561847 361328 537504 400715 685312 631478 710950 738683 528639 188683 420128 113808 632243 203648 342725 216442 329020 491613 688647 644408 375622 510823 716135 110391 475494 531079 693941 532837 360055 565683 218236 380599 787972 228597 497026 309936
149929 743869 596961 206134 304375 419070 762958 542788 127779 621840 397377 794528 731232 303506 521860 615035 543557 687802 98463 529395 573261 634056 460275 326757 222769 147747 758961 630814 567613 114714 440312 284358 285742 613492 158348 685535 821712 282648 667968 742732 385853 439011 41467 644061 677244 250314 71908 999999999 538420 493664 466169 388783 54739 711191 563647 599577 764046 367079 891594 285339 371683 665618 707389 518528 552562 402329 532637 356232 706271 617229 685443 702948 561072 158264 491940 92309 621079 180165 368531 199859 379670 483769 686735 696916 310817 558413 748765 41815 410680 529964 725199 531010 379075 623232 159635 309441 762075 191801 453041 361599
660709 341149 507656 349819 814765 209805 228837 642353 412983 458349 616971 256935 288423 504457 140639 373523 56510 378742 512722 448122 48021 124406 151174 510074 383677 640518 360729 100375 652804 526147 535561 822154 392333 94843 394570 302781 424501 260382 596750 204707 369054 335160 500224 730892 345655 491765 503360 538420 999999999 139439 712118 289772 539229 510616 243618 521699 373354 546263 450094 408612 494016 437956 331239 452894 340241 145987 300732 894604 217113 409126 539380 635624 32587 690058 518004 460223 387809 419730 176649 394721 203520 308609 358225 235792 824153 113433 213156 575493 704080 272856 192378 278297 184934 242440 693795 719658 596908 454699 550240 221853
632713 272142 369082 288468 739339 89409 334866 505729 380878 573233 493585 350579 243207 390681 263025 245448 93494 269890 444610 308684 185532 259747 246235 552246 395205 569053 290459 173103 515155 511590 602819 767699 285832 229583 376432 219145 357365 254246 458992 287215 240695 199012 461107 592221 480037 388499 476548 493664 139439 999999999 586519 165202 480724 383991 368623 382923 299778 594771 409943 300763 368641 562453 246727 547360 204379 187848 164163 841905 213502 277707 406218 498355 131178 651609 599171 405040 259278 341788 140157 315949 257356 169219 254607 374461 749733 248414 283167 524889 585393 137204 256082 142537 116510 377916 637139 620890 468395 367382 417043 268881
573728 692144 360850 444452 405413 503282 921005 167993 503482 1009874 96496 933685 722673 221068 785261 500069 678250 582103 375338 348618 760011 836385 734639 777724 625346 361952 696565 758661 187981 578777 885769 525867 332543 806960 543188 644543 733957 574491 366936 868858 345828 394375 483251 223710 997646 259176 528177 466169 712118 586519 999999999 423292 411470 498531 872012 350806 692521 822410 827165 316272 218365 1033063 649119 927491 466332 649325 483036 580691 754902 471722 439830 380227 713949 538688 925811 428472 494463 373242 561946 384198 678315 441597 598362 941367 416490 796559 860176 447693 66637 504165 832632 500486 536575 910510 451745 219737 494324 329386 185385 670219
537587 360473 274175 192888 594669 80097 499785 359607 304266 656977 329238 515667 359526 226471 380436 231192 255242 299442 317401 200623 337790 414173 340913 544163 369309 431951 374053 338299 373282 440072 621545 640720 129513 384458 317911 302146 434700 243668 364822 451956 79633 71022 365642 455565 601208 230171 394004 388783 289772 165202 423292 999999999 361434 347699 478928 284256 377863 591061 509874 142192 204929 661894 321593 604234 168401 257730 144138 714963 360040 241819 342566 405545 290661 544344 635646 296554 239451 213303 166642 190224 310598 97938 297970 522704 605696 382406 446589 411268 420227 141973 419202 142608 130678 505249 511842 461594 417243 225145 262525 311779
190827 720743 553085 193431 282099 400866 766710 490129 145462 660893 343106 796162 712765 253124 536897 582059 538646 657691 49502 487629 577145 641849 475473 377116 257850 111783 734968 627533 515112 168298 489868 287104 248487 619452 183494 662285 796132 292641 621074 741677 349054 405599 79161 590664 704865 200695 121011 54739 539229 480724 411470 361434 999999999 671676 587491 554859 739162 418735 869613 245668 323043 701295 682743 560779 520349 410216 503512 361210 694226 581410 642796 655153 559438 185050 539187 79020 587150 148191 364680 171578 396600 453195 658381 712432 290152 570123 745818 51985 356397 503406 721256 503955 369677 644484 156654 261076 718960 149199 402477 379820
860450 265118 139996 535322 836053 374352 620567 337299 647024 957140 449766 611147 325152 442501 645251 138549 454567 153572 622573 186595 548219 609391 629708 890600 716596 707441 258195 484965 325683 780290 962094 918998 425485 581900 664396 250198 265817 585620 155272 551763 326094 281210 696531 357572 856002 483735 730866 711191 510616 383991 498531 347699 671676 999999999 750867 148175 247440 937080 358790 426350 371763 945416 234166 925621 188851 562943 227040 989358 401057 109931 64777 174675 489183 855446 968989 623133 124757 531796 486733 515254 628842 254008 179101 726128 847997 624046 531212 723658 540580 249897 508662 245060 448611 752639 801317 659158 87021 522480 331335 635849
641270 578748 732593 440328 867121 408857 315214 837083 442071 217911 775847 358116 520063 651449 105689 612611 299975 622321 580831 666160 217143 196007 139029 386947 347944 699151 598130 308672 851831 501833 362776 835694 539703 206573 405977 544799 658947 308173 823968 347040 555317 540640 522257 934480 125650 621329 504116 563647 243618 368623 872012 478928 587491 750867 999999999 745565 611455 405976 669708 555838 664474 194745 572926 240971 572658 224677 532323 900512 437154 646130 774810 864038 270690 685866 322590 515975 626700 518869 315932 499947 198426 528506 601819 165789 874070 134140 369756 605403 848205 505765 364739 511065 348745 66243 721268 822129 836249 562680 736486 211505
745666 368363 15238 447646 695071 339404 677830 193366 555247 936390 302942 677305 414883 310928 641521 182362 470357 250314 505378 83662 566016 636593 612559 818878 643109 576663 367820 524573 185700 681678 902791 785026 320873 606936 579600 333308 393490 526532 80603 613485 232723 213783 591120 236237 861568 357782 629686 599577 521699 382923 350806 284256 554859 148175 745565 999999999 360664 866395 488013 317144 238110 935552 328443 888135 185506 534492 222502 853538 472545 144041 95225 121373 508228 734393 919404 517282 171239 426104 446906 414467 592653 217067 271800 753706 707025 631104 597280 606229 392525 250702 571583 245303 408790 760281 672687 514667 166467 407778 185478 595158
