NAME : synthetic_000746
TYPE : CTSP-D
DIMENSION : 100
GROUPS : 8
RELAXATION_LEVEL : 1
EDGE_WEIGHT_TYPE : EXPLICIT
EDGE_WEIGHT_FORMAT : FULL_MATRIX
EDGE_WEIGHT_SECTION
999999999 850716 319856 930612 181405 835757 850017 474754 119327 640799 404568 821016 474998 846978 201350 674203 746017 665805 782774 828619 382530 627991 807689 807426 226271 734918 829232 174136 817723 864108 809105 353674 365195 236337 643503 756550 775580 532516 775340 155787 676040 257357 371730 275376 906176 397438 679995 780682 601077 615833 273402 32511 778767 779045 813778 674373 786481 373261 388006 1013929 689043 149855 168808 617448 751800 455251 840508 616983 664445 688621 781147 597374 807329 225802 169998 754286 795231 643481 549255 130937 806207 374551 836833 684086 933054 436025 735271 956181 414023 200144 183537 693064 100085 306578 184566 339287 75599 779477 978981 640570
850716 999999999 600437 213963 705731 33273 418131 938336 956217 663348 723567 128226 423255 433472 654393 933162 358003 433590 139073 523293 526985 253051 947061 355355 637753 769037 61129 778414 40204 433911 303919 606872 525597 632240 418162 794485 916987 710532 243933 725793 323434 608461 663809 1125783 85603 542278 688659 556011 555678 508214 1122227 880716 603592 542210 383838 928513 649058 477587 944655 283617 650844 805718 749540 669101 899512 492795 39255 741647 640054 718764 133453 322801 55781 739564 849817 748953 114746 463716 367380 970273 167911 477834 126083 233559 414693 849483 498252 367109 707699 800464 857539 432646 948676 879518 947094 593197 840149 124911 271999 619409
319856 600437 999999999 635163 138681 577932 530745 385834 392042 354841 187512 540031 357661 527326 218564 492672 626171 584597 502979 510807 332673 351579 591364 491098 114840 469928 564383 367391 562350 544531 497690 48026 76738 248401 324397 496157 555858 278291 473149 164298 366251 240531 114573 568881 637727 78171 397650 466550 290300 298578 580957 339862 470627 463626 495657 490436 485375 186982 360761 713859 706559 218276 166396 335484 531281 396887 601491 362034 681619 414423 570361 300260 549006 374582 255732 480185 520273 323804 415778 450380 517283 216630 555580 395246 614925 301745 676976 641853 510501 202368 435406 609840 415896 284370 355410 20788 275338 504258 677495 342580
930612 213963 635163 999999999 763059 191026 255334 907216 1021793 576359 707037 127318 573996 272206 751207 851237 568184 635006 160994 371533 667782 305964 833634 216186 705135 658206 169923 894761 204653 265702 172579 625077 571234 740751 355810 679626 808214 656373 164258 786722 276871 717500 663673 1197798 139100 562178 589847 421919 487703 440357 1203191 957140 471440 408482 238704 846104 516481 570079 935879 87305 852981 853142 799553 589437 794917 652309 253213 662727 839960 618343 342443 336032 199521 865516 890352 631482 161008 391044 535432 1058605 126702 582380 114713 246621 220064 823019 706954 161129 870873 835377 975584 637551 1030695 887066 990116 621723 903291 172412 61650 533158
181405 705731 138681 763059 999999999 686802 669365 390285 258753 470764 252086 660304 386591 666006 145556 551225 667585 606362 622381 647573 323770 467555 670598 628601 72363 574578 676677 258168 669828 683207 632951 173136 191874 190451 462940 598466 636377 372739 603810 25636 500403 196693 202250 435133 752378 216633 511797 600778 421905 434824 444186 201320 601020 598709 633896 550225 611472 239436 331438 844167 686802 102865 48496 448675 611828 398298 701152 459072 661322 523842 655407 427156 657845 281489 151259 590232 637334 462087 456675 311725 641439 254718 676089 518494 753198 324431 690648 778597 449284 118380 314529 633335 277336 241848 243030 157905 140310 621319 808393 465996
835757 33273 577932 191026 686802 999999999 385840 910291 939379 631135 696211 95645 420009 401045 641424 901607 377285 447568 106015 490306 522111 227872 914233 322494 619924 736155 28155 769597 19125 401829 271161 582466 503935 621272 386151 761521 884281 680195 210676 707472 291374 597455 637766 1110299 78184 517632 656048 522745 524042 476399 1108129 865307 570319 508946 351021 896927 615788 462575 918678 266119 665528 785846 729796 637222 866931 492393 67266 709953 653684 686140 151460 294889 29013 732519 829190 715900 81626 431500 368459 957031 134931 464997 94801 203509 384977 821634 516509 339636 709221 778947 849312 448473 934350 855063 927081 569895 822602 92406 250976 587134
850017 418131 530745 255334 669365 385840 999999999 710175 918607 350651 536971 290213 623073 16872 706870 617012 721651 759791 290297 116402 690652 328162 583641 70581 629881 412251 357732 863106 388985 18845 116716 503024 490498 712438 206514 431249 560381 453555 185956 694945 202150 692455 515768 1094141 372327 452741 353971 172102 291363 254091 1109966 870607 220521 159679 45704 611704 264169 545973 758100 280944 967264 739929 693810 368987 549184 703341 452336 437876 949128 379936 514664 295407 375702 849004 766630 382931 311057 213194 614125 980831 252061 570862 292437 270965 89191 634490 847454 141855 908620 709437 940853 770708 946641 728160 863028 512117 804557 308212 248363 311947
474754 938336 385834 907216 390285 910291 710175 999999999 438291 368336 216569 847553 742050 698370 535800 225513 1011693 969108 815998 627861 702570 687368 372629 707419 443381 383941 890420 625599 898224 714975 738853 355346 456606 580176 551461 391603 348440 256709 747767 397460 636826 584033 285088 556066 953946 411598 383263 562047 423831 468878 597393 465620 530755 569070 696288 227799 510371 572334 99268 967729 1073595 334863 353964 346069 329420 773142 948545 289975 1048172 370492 936038 615568 883058 661528 304810 416402 838095 517746 801609 553142 814347 600477 861190 708097 797782 89270 1060016 849981 838270 288191 656688 994739 513599 168176 330963 380816 399597 823319 930710 400779
119327 956217 392042 1021793 258753 939379 918607 438291 999999999 671637 426233 917718 592223 913740 316802 655370 864975 785128 879643 883974 501483 724509 797210 882474 320150 750381 930985 283608 921813 931236 889660 415603 450625 354329 713795 768822 767818 553787 862378 235215 757765 374550 413517 176872 1007385 469645 707137 830510 651066 673328 192802 87112 821846 830732 885690 656486 823172 479650 341688 1102852 802840 179276 225844 647042 745363 574499 948287 632892 778592 710821 893131 685908 910622 338332 163923 774041 893778 706992 666434 116942 899804 484895 933533 776886 1004588 421923 854034 1033687 523685 217343 268780 812383 80962 278413 108583 408860 118518 877828 1066996 679059
640799 663348 354841 576359 470764 631135 350651 368336 671637 999999999 245794 548938 639526 337130 573332 275431 850831 845752 526177 259914 655331 444691 291767 362620 468919 126209 606008 720365 624427 352734 403856 307965 370395 600754 245380 154719 258698 123739 433814 493940 339946 589897 269726 834291 654056 303926 43229 193817 113440 156927 861919 650765 164317 201382 345459 270394 153631 487871 431976 623464 1012236 499611 472126 25050 238833 703078 684841 87521 988985 66609 705035 367593 608566 729419 507818 127515 550501 199639 670760 761771 510086 521666 559456 434684 435238 303980 942171 492473 855522 455254 783995 865989 722352 426125 589903 334811 575840 538733 587864 44226
404568 723567 187512 707037 252086 696211 536971 216569 426233 245794 999999999 637634 542712 528021 382978 307887 803539 768735 604646 477289 519606 471637 419087 520520 277335 330403 677261 510252 683576 545527 544743 147444 248870 421089 354081 352069 384590 128748 544228 270904 431541 418052 74264 588898 743062 197061 280958 417383 247069 283386 616128 410815 401474 420170 514541 306076 398520 371859 228843 773972 893768 257991 239794 221027 359986 584390 732724 212414 868755 286031 719590 401368 668598 531336 262313 350797 626030 328506 596691 519985 606372 402925 651822 495563 626158 127332 862265 670031 686754 211236 563537 793369 479960 191689 345104 176702 335286 610905 736640 257461
821016 128226 540031 127318 660304 95645 290213 847553 917718 548938 637634 999999999 447027 305400 635219 822456 455681 514704 38244 395270 542081 193330 827128 227196 598108 648873 67520 774532 99832 306295 175703 537168 470552 621590 307141 673490 798130 608148 118561 682825 213902 598048 585202 1092111 106994 472417 571048 429811 446011 397672 1094398 848865 477997 415959 255642 817619 523674 453445 864351 213777 731916 755042 699975 557077 781699 525069 162266 630595 717856 600965 234224 242009 88212 743067 795368 627093 33883 350536 408317 946863 40559 462783 15829 145472 293221 760146 591466 253763 743669 742360 855262 519355 920890 807006 894732 529086 799445 45533 188211 504717
474998 423255 357661 573996 386591 420009 623073 742050 592223 639526 542712 447027 999999999 629691 275824 838751 281086 227087 413422 669790 105553 297867 917003 556223 316121 765680 424852 365688 400914 641707 528279 395347 295396 238827 464174 794134 881501 607770 465350 396087 422770 217741 468459 744792 497986 357090 680814 658249 535265 510178 731453 507371 686722 648581 577450 835841 719944 170951 705292 660796 373169 486165 434946 629095 857961 81023 401306 679789 350467 706073 322757 332731 396193 321068 535712 763907 413906 498355 74258 577138 452534 141573 460777 361257 677237 659294 319572 667274 297465 503911 441469 252734 563800 619707 617556 366160 490081 401648 633824 608585
846978 433472 527326 272206 666006 401045 16872 698370 913740 337130 528021 305400 629691 999999999 706937 602064 733682 770184 304416 99568 695293 336334 567250 82450 628095 396361 372911 863476 403823 17648 130867 498370 489245 713593 204030 415087 544202 441956 199088 691620 207437 693925 508854 1088902 388680 449540 339297 156168 281607 246043 1105453 867079 204280 143984 55148 596745 247680 548387 747808 297087 976566 734809 689432 355962 533212 709678 467351 424141 958168 364916 528326 300119 390360 850446 760617 366787 325542 207076 622534 977667 266882 573950 307988 280670 99485 623586 858485 156063 913424 703439 940797 781527 943104 719479 856501 508415 800321 322249 264802 299143
201350 654393 218564 751207 145556 641424 706870 535800 316802 573332 382978 635219 275824 706937 999999999 688933 552335 479891 597162 708342 192173 445279 800631 654789 106988 687836 637033 157026 622980 722998 647515 266016 221891 46199 505065 713680 765618 492149 604249 142072 516193 59873 320413 475564 714157 278390 616194 671751 502303 502254 468409 233263 681602 666972 666135 687527 700007 181774 475079 836828 543039 226595 186394 554038 740939 267692 642168 577572 517571 632846 580223 428648 613508 156204 275009 698707 607257 517240 349908 315881 624856 176577 650882 505926 783210 468028 558257 796558 305816 258199 234011 507246 295731 385004 346256 238526 215890 591916 803495 559541
674203 933162 492672 851237 551225 901607 617012 225513 655370 275431 307887 822456 838751 602064 688933 999999999 1083096 1060671 797935 512591 825214 700997 147415 636337 584513 216559 877384 805810 893601 616042 678926 448317 544071 728327 516017 210067 126415 236069 708616 565983 610628 725864 378214 781197 928289 481855 263376 447848 377575 425437 821651 670715 404097 458881 617424 5381 369135 670317 324176 895089 1198507 525706 527654 265404 111814 887207 952079 191899 1173722 237163 962592 623204 877746 832700 507319 251135 822039 471921 885243 767033 784175 702979 833488 701009 696150 238231 1156087 757965 993932 475431 849345 1083855 726651 377260 550697 479067 598926 809512 860222 319333
746017 358003 626171 568184 667585 377285 721651 1011693 864975 850831 803539 455681 281086 733682 552335 1083096 999999999 104050 440006 803500 363501 419932 1140860 651367 596723 974398 398920 611990 363765 739955 606958 657636 555722 511364 629233 1002678 1106480 847170 536460 677113 553627 492720 730107 1007050 442713 608235 887696 813807 738279 701174 987461 778514 853272 801469 678702 1079556 894045 441738 982031 641576 301241 767191 715981 846324 1084554 291888 319817 907785 295199 916124 225845 490086 370603 558906 816753 964937 425098 673058 212322 835248 483514 417476 462229 459100 744671 925951 140733 709428 446397 784562 676791 88012 827843 898153 897222 631012 768131 422220 628228 812724
665805 433590 584597 635006 606362 447568 759791 969108 785128 845752 768735 514704 227087 770184 479891 1060671 104050 999999999 492881 830486 287723 440040 1130803 689284 538284 971445 465487 521921 431704 778520 649273 621294 520296 436207 641270 999975 1095683 826987 579170 612732 576522 420131 694484 919574 519177 579284 885054 832604 736032 703803 897276 698076 868123 821155 715126 1057531 906174 397666 930556 713592 218060 702136 653970 838257 1072781 212360 397770 894442 206464 912142 300624 500947 435545 467345 751579 965637 481961 682089 176123 746938 536926 368640 523648 489780 793405 886307 96455 765365 343759 724682 582605 27377 742463 843843 826045 592560 694873 476065 696329 810752
782774 139073 502979 160994 622381 106015 290297 815998 879643 526177 604646 38244 413422 304416 597162 797935 440006 492881 999999999 389028 506818 155173 808295 223247 559955 630182 79889 737085 103087 307503 173616 501147 432956 583909 281931 655510 778465 579857 107520 644815 187349 560408 550652 1053944 138452 436268 550379 418253 420514 372500 1056158 810640 465337 404520 251871 793187 510645 415390 830492 248216 708820 717466 662292 532980 761280 492284 167134 606080 693874 580448 224943 206388 88139 706185 758089 609895 24439 326699 377972 908636 44059 425114 54059 109902 304694 728132 573008 272484 710639 705345 817850 499225 882646 771769 857358 492382 761405 18078 220402 482074
828619 523293 510807 371533 647573 490306 116402 627861 883974 259914 477289 395270 669790 99568 708342 512591 803500 830486 389028 999999999 723402 390505 469435 168231 619584 301846 462209 865183 491112 108975 219931 474995 486521 721300 210475 318793 447556 375639 281516 673069 254112 703701 471285 1055964 484320 436245 253724 66453 233737 212786 1076766 845648 109022 58889 140158 507224 149924 565761 686299 394947 1029579 704980 664577 281795 437764 747350 555226 343797 1009746 276516 608433 337744 476800 858551 725139 270772 411703 191113 672788 957668 355389 594751 399664 344431 184358 559289 921994 249020 940689 668614 939436 844194 921089 668096 817146 490591 775194 406216 363585 228393
382530 526985 332673 667782 323770 522111 690652 702570 501483 655331 519606 542081 105553 695293 192173 825214 363501 287723 506818 723402 999999999 376776 917936 627239 260410 779557 525188 261200 502986 708804 605185 377192 288322 148838 513267 807460 882246 603973 546949 327540 488523 132475 447246 646817 599664 355209 698109 703111 560391 543539 630883 415031 725647 694936 645746 822897 754238 167842 653648 755034 374255 415970 370101 641335 857981 75620 506165 682827 349179 720651 428274 395278 497305 215548 465160 782489 509783 540902 175395 476951 543519 134492 556483 441826 752494 625543 367630 749244 218206 441820 336089 315082 466384 564888 538342 346326 407376 496554 726294 629975
627991 253051 351579 305964 467555 227872 328162 687368 724509 444691 471637 193330 297867 336334 445279 700997 419932 440040 155173 390505 376776 999999999 736261 259649 404784 563344 212910 589798 213584 346976 230507 354604 279427 435395 210307 591015 703389 470004 170184 489792 136483 412355 410790 898782 286387 289760 477603 394754 331499 289040 901312 655641 433374 382769 282492 696723 474201 264157 691608 391970 641263 563638 508148 444854 683238 378831 261177 513395 622364 507142 261810 77903 199313 562953 605258 550439 169894 255401 286213 754519 179601 277827 209158 65104 379383 598235 532254 372494 590957 553575 670580 454300 727952 627191 704114 342630 606323 153855 359475 403352
807689 947061 591364 833634 670598 914233 583641 372629 797210 291767 419087 827128 917003 567250 800631 147415 1140860 1130803 808295 469435 917936 736261 999999999 618373 693965 178258 887989 928435 909140 578232 666455 544101 630120 836594 532963 154395 35694 314164 709048 688087 625882 831065 480931 927548 928822 563938 259862 412369 405203 447548 967221 806825 363258 425534 594930 144865 319683 755133 470832 864153 1285869 657941 653056 294553 60096 973784 971038 237214 1261769 229856 995839 659329 893384 950408 644390 202234 832732 486454 954824 906748 787046 788848 835978 723180 651657 375830 1227203 717938 1101222 607570 977721 1152116 866146 518884 694283 574798 733317 822192 832003 333060
807426 355355 491098 216186 628601 322494 70581 707419 882474 362620 520520 227196 556223 82450 654789 636337 651367 689284 223247 168231 627239 259649 618373 999999999 583897 442240 294356 809744 324062 89245 51712 468294 443666 657265 170910 464112 592384 451952 116918 653936 140647 636487 490218 1059015 317450 413062 374066 208836 283590 239571 1072054 829673 258302 195079 28647 631156 303955 488051 746772 262002 897249 705415 656671 377367 578811 636843 387992 449764 879299 402333 446337 233599 310146 792747 735562 416140 245070 192261 544957 938336 187598 511172 231438 200970 128550 627177 776875 152165 844625 678586 888562 700132 905539 709003 833705 473678 766415 240903 225764 320325
226271 637753 114840 705135 72363 619924 629881 443381 320150 468919 277335 598108 316121 628095 106988 584513 596723 538284 559955 619584 260410 404784 693965 583897 999999999 581669 610985 252561 602593 644850 583568 160955 140239 143824 424096 607279 658880 385196 549084 88605 450474 142689 213459 494016 687279 183521 511507 578305 404100 409151 498066 252021 584379 574655 591842 582920 600031 167405 393791 787967 630263 175097 120629 448960 634201 333236 631846 470725 604855 527279 583955 371143 591073 261335 223620 593365 573732 429830 385256 356227 581527 182446 613935 458937 710768 369785 624557 731270 409486 187843 321694 565040 326143 305888 314323 135480 202704 557805 752869 457415
734918 769037 469928 658206 574578 736155 412251 383941 750381 126209 330403 648873 765680 396361 687836 216559 974398 971445 630182 301846 779557 563344 178258 442240 581669 999999999 709824 829770 731289 408801 489432 422061 492839 718059 356891 28543 150271 202791 530833 596032 448763 708679 372805 902593 750768 425863 86727 240194 236282 274576 935237 740949 192956 252623 419817 211209 154121 612569 467352 693106 1138274 588014 568798 138223 137072 828671 793453 118187 1114952 59613 820859 487551 715563 842996 587682 34871 654614 310389 796705 849148 608806 646438 657769 546812 486185 345031 1067826 550408 976482 540127 889064 991426 808824 484794 658648 450769 665408 644216 659814 161678
829232 61129 564383 169923 676677 28155 357732 890420 930985 606008 677261 67520 424852 372911 637033 877384 398920 465487 79889 462209 525188 212910 887989 294356 610985 709824 999999999 768729 35358 373773 243008 566903 491419 618745 361496 735015 858268 657680 182956 697910 266775 594949 620345 1103054 77127 501926 630244 495056 499848 451972 1102171 858329 542771 481243 322875 872662 588294 456759 901099 248921 683538 774665 718808 612609 841145 499294 94943 685587 670961 660307 173860 276098 30444 733259 817216 689195 55509 406472 377103 951974 106820 461209 67478 182399 358066 802033 537183 314239 717178 766133 848861 467658 928314 839152 915631 555527 813643 68149 230943 561922
174136 778414 367391 894761 258168 769597 863106 625599 283608 720365 510252 774532 365688 863476 157026 805810 611990 521921 737085 865183 261200 589798 928435 809744 252561 829770 768729 999999999 750649 879413 800294 412865 378661 154653 662006 854434 894367 629402 753733 240509 670254 177450 457204 398189 845240 432985 762602 827633 655919 658066 375655 201077 835926 823162 821896 805144 852486 326985 547463 981394 519468 290960 278312 699714 869851 322677 761070 715754 495391 777040 687753 580803 742946 56158 327264 843389 744669 674113 436580 225389 768066 312382 789880 652647 938283 572538 581029 949248 240634 337762 80823 548415 225431 460366 358518 388040 236732 729960 949267 709928
817723 40204 562350 204653 669828 19125 388985 898224 921813 624427 683576 99832 400914 403823 622980 893601 363765 431704 103087 491112 502986 213584 909140 324062 602593 731289 35358 750649 999999999 405431 273235 567862 487955 602531 379098 756972 878796 670460 210042 690307 284495 578716 624177 1092406 97171 503152 650327 521337 516227 468921 1089937 847377 568395 507600 352691 888973 613663 444482 905067 281962 649752 769213 713109 629827 861083 473448 64171 702206 637545 680448 138523 282665 15870 713454 812846 711770 79538 424863 349699 938668 136945 446493 101934 193510 392346 809401 502302 349427 690421 762958 830323 433303 916192 840520 910515 554699 805220 87445 265332 580577
864108 433911 544531 265702 683207 401829 18845 714975 931236 352734 545527 306295 641707 17648 722998 616042 739955 778520 307503 108975 708804 346976 578232 89245 644850 408801 373773 879413 405431 999999999 134183 515818 505803 729155 220904 426845 555848 458700 203923 708813 220401 709329 526501 1106448 386027 466684 353751 168917 298999 263670 1122898 884327 216097 157273 64489 610710 258565 563275 764999 285994 986099 752335 706844 371929 545389 721926 468541 439517 967971 378897 532131 313527 392351 865874 778231 378632 327920 224668 632960 994833 268630 588451 307981 289792 82845 640585 866056 142007 926831 721051 956922 789360 960356 737015 874142 525682 817711 325473 254713 315292
809105 303919 497690 172579 632951 271161 116716 738853 889660 403856 544743 175703 528279 130867 647515 678926 606958 649273 173616 219931 605185 230507 666455 51712 583568 489432 243008 800294 273235 134183 999999999 479454 443911 646381 190673 512064 639703 485730 70571 657892 133098 624752 508374 1066526 266287 420668 418373 259177 316699 270189 1077131 832802 308428 245344 79965 673814 354194 474913 772862 229555 859965 714775 664077 416876 625405 609277 336989 490149 842785 447248 397986 219513 259597 779936 747592 464374 194700 221127 511356 939631 136428 495417 179733 167486 149069 656357 734985 149050 820894 691108 880048 658916 908232 730075 846675 481560 772334 191507 192300 360587
353674 606872 48026 625077 173136 582466 503024 355346 415603 307965 147444 537168 395347 498370 266016 448317 657636 621294 501147 474995 377192 354604 544101 468294 160955 422061 566903 412865 567862 515818 479454 999999999 101958 296419 298517 448208 508544 230595 461335 198430 351026 288451 73191 591470 638106 65004 350585 427647 249103 262226 607083 370956 428854 425604 470395 445893 441526 224618 341311 700942 750192 237342 191202 288155 484006 439198 610992 314052 725407 366830 587129 295192 553832 421779 268140 432735 519985 292165 449618 482785 511466 256150 552397 391700 589094 268463 714868 620196 558296 211741 478972 645966 446673 272660 367310 30912 302204 504139 664092 297480
365195 525597 76738 571234 191874 503935 490498 456606 450625 370395 248870 470552 295396 489245 221891 544071 555722 520296 432956 486521 288322 279427 630120 443666 140239 492839 491419 378661 487955 505803 443911 101958 999999999 238574 285649 520440 594427 316783 412159 215875 310847 224045 174838 626931 565757 67074 413555 450448 285722 281279 634543 389278 462538 445348 451892 541308 484056 126350 436525 652347 656767 284511 229496 354811 570285 344548 525649 394526 632381 434539 493632 235284 474944 374356 325877 497907 449122 295463 347832 495766 450240 159478 486258 327365 570678 370258 614440 591238 485357 275019 453555 544697 464455 361087 424700 76163 332172 433073 616663 349359
236337 632240 248401 740751 190451 621272 712438 580176 354329 600754 421089 621590 238827 713593 46199 728327 511364 436207 583909 721300 148838 435395 836594 657265 143824 718059 618745 154653 602531 729155 646381 296419 238574 999999999 514534 744460 801352 525650 599117 188109 517208 23817 355663 506742 695664 300189 643879 688263 523588 519572 495827 268781 701108 682661 670413 726743 721950 172351 520879 827208 497074 272679 232351 582516 776685 223850 617702 610175 471600 661936 551163 426882 593953 137364 320921 727248 592332 530550 313058 341751 614053 158807 637058 498040 785790 510736 513129 795212 265673 304256 235294 463583 325794 430858 390015 267293 258667 577381 794861 584228
643503 418162 324397 355810 462940 386151 206514 551461 713795 245380 354081 307141 464174 204030 505065 516017 629233 641270 281931 210475 513267 210307 532963 170910 424096 356891 361496 662006 379098 220904 190673 298517 285649 514534 999999999 383888 501515 303321 197900 488502 94779 495988 319691 889934 413713 246310 273119 194327 138884 90634 904475 664230 226894 184412 171907 511261 265479 355583 582359 419956 830681 535859 488380 251122 482977 539963 439518 324150 809727 303184 464094 140478 363232 651875 564989 341629 306082 46532 474866 774327 269931 384298 318874 190219 290871 467342 735826 323051 730290 507939 738414 657914 740260 540016 662907 306019 598837 293828 382635 201694
756550 794485 496157 679626 598466 761521 431249 391603 768822 154719 352069 673490 794134 415087 713680 210067 1002678 999975 655510 318793 807460 591015 154395 464112 607279 28543 735015 854434 756972 426845 512064 448208 520440 744460 383888 999999999 129136 225850 555214 619538 475167 735395 397240 918509 774672 453415 115128 259304 264683 302483 952163 761765 210833 272196 440951 204839 169194 640613 478239 712165 1166670 608861 591318 166195 119345 856927 819380 139874 1143321 88111 847971 515447 741284 868531 606843 48333 679925 337447 825248 869187 633290 674495 682095 573541 502654 358550 1096352 567808 1003583 560460 912763 1019934 828744 500291 675297 477191 686268 669768 679406 190010
775580 916987 555858 808214 636377 884281 560381 348440 767818 258698 384590 798130 881501 544202 765618 126415 1106480 1095683 778465 447556 882246 703389 35694 592384 658880 150271 858268 894367 878796 555848 639703 508544 594427 801352 501515 129136 999999999 278506 680395 654165 594968 795677 445711 901256 900617 528259 228577 388433 372002 415127 940063 775383 339929 401286 569651 122926 297686 719463 445528 841286 1250220 625744 619634 260406 24680 938120 940342 201735 1226109 198453 963518 626226 863003 915795 613444 177465 802903 455084 919664 876369 758225 753172 807315 691684 631002 345933 1192065 696549 1065846 575441 944457 1117097 835721 489867 665928 539220 701510 792078 808537 300709
532516 710532 278291 656373 372739 680195 453555 256709 553787 123739 128748 608148 607770 441956 492149 236069 847170 826987 579857 375639 603973 470004 314164 451952 385196 202791 657680 629402 670460 458700 485730 230595 316783 525650 303321 225850 278506 999999999 501211 393690 394314 518748 172586 713092 715129 251491 154215 311298 169050 216019 742291 539441 286859 316816 439920 232432 277048 442602 310897 713304 973463 386696 366013 98825 254120 661211 726294 86373 949133 157360 730343 392951 654757 645500 389975 222094 603240 265333 651095 648730 572255 476085 620667 476974 541426 183652 922845 593291 788791 339887 686928 849673 608684 302488 468329 261073 463936 589559 676531 147295
775340 243933 473149 164258 603810 210676 185956 747767 862378 433814 544228 118561 465350 199088 604249 708616 536460 579170 107520 281516 546949 170184 709048 116918 549084 530833 182956 753733 210042 203923 70571 461335 412159 599117 197900 555214 680395 501211 999999999 628020 112915 576718 499503 1038939 220637 398982 454112 312100 335081 286725 1046429 800691 359895 298290 145333 703682 405483 426767 772973 240742 790692 691416 638581 443430 664359 546323 274212 517204 773844 483880 329423 178000 195460 729906 727553 508661 130505 238130 444409 904777 78137 444209 126938 105128 215924 662270 664493 202453 760451 672186 834172 588536 875217 722921 827272 458999 744089 124747 204628 389636
155787 725793 164298 786722 25636 707472 694945 397460 235215 493940 270904 682825 396087 691620 142072 565983 677113 612732 644815 673069 327540 489792 688087 653936 88605 596032 697910 240509 690307 708813 657892 198430 215875 188109 488502 619538 654165 393690 628020 999999999 525222 197339 224673 411127 773885 242204 534656 626007 446942 460303 419274 175829 625799 624034 659378 565181 635713 255493 333182 868197 685110 90079 44417 471575 629700 402781 720314 479878 659643 546062 672315 451018 678562 267701 139645 612390 659381 487717 467422 286094 664593 268234 698629 541672 778684 335744 695148 803773 440813 116148 293281 639871 251819 243057 226299 183539 116723 643390 832537 490078
676040 323434 366251 276871 500403 291374 202150 636826 757765 339946 431541 213902 422770 207437 516193 610628 553627 576522 187349 254112 488523 136483 625882 140647 450474 448763 266775 670254 284495 220401 133098 351026 310847 517208 94779 475167 594968 394314 112915 525222 999999999 496201 386826 934626 320847 290190 366391 260303 233165 185199 944496 699882 301448 247857 157281 605896 344143 347458 660199 350042 776244 584129 532565 345888 576873 502458 345413 418813 756818 396516 375105 93434 268639 652313 618541 431388 211412 140373 419872 806538 178223 370591 226366 99493 268843 550613 668583 281282 706470 562596 749497 590666 775238 610201 718055 350868 640102 199050 313104 296084
257357 608461 240531 717500 196693 597455 692455 584033 374550 589897 418052 598048 217741 693925 59873 725864 492720 420131 560408 703701 132475 412355 831065 636487 142689 708679 594949 177450 578716 709329 624752 288451 224045 23817 495988 735395 795677 518748 576718 197339 496201 999999999 350606 529083 671860 287471 633100 672063 509734 503966 518877 289681 686159 666139 650101 724114 708092 150085 528124 804040 490385 284409 240938 572297 771045 208069 594046 602488 464912 651945 528031 405342 570138 156550 333319 716848 568696 513334 291990 364937 590798 135302 613496 475246 764954 512226 499307 773455 270175 313023 258226 447476 348257 438428 406112 258587 275697 553776 771828 571927
371730 663809 114573 663673 202250 637766 515768 285088 413517 269726 74264 585202 468459 508854 320413 378214 730107 694484 550652 471285 447246 410790 480931 490218 213459 372805 620345 457204 624177 526501 508374 73191 174838 355663 319691 397240 445711 172586 499503 224673 386826 350606 999999999 584681 688883 126710 310053 416994 237782 263673 606239 383382 409773 417332 488107 376044 415072 297633 280914 735179 821084 235704 202925 247024 421040 510951 670627 258770 796164 321593 652465 344726 609600 473002 253923 387982 570944 302727 522656 495284 556398 328847 599937 440784 604150 197022 788006 642029 620568 197334 516706 719150 456725 223425 347873 102596 309551 555422 697930 269252
275376 1125783 568881 1197798 435133 1110299 1094141 556066 176872 834291 588898 1092111 744792 1088902 475564 781197 1007050 919574 1053944 1055964 646817 898782 927548 1059015 494016 902593 1103054 398189 1092406 1106448 1066526 591470 626931 506742 889934 918509 901256 713092 1038939 411127 934626 529083 584681 999999999 1179801 646384 867307 1000680 822358 846855 52036 245069 989190 1001615 1061837 783204 987392 648198 457042 1279276 903656 354230 402588 809356 880454 715383 1115875 787368 881111 868000 1055783 862141 1081742 453750 330897 928812 1067417 881905 818731 172801 1075166 649907 1107939 952351 1180555 561638 978646 1210376 620474 387369 349476 946242 181007 418241 244822 585551 294854 1051538 1243527 845432
906176 85603 637727 139100 752378 78184 372327 953946 1007385 654056 743062 106994 497986 388680 714157 928289 442713 519177 138452 484320 599664 286387 928822 317450 687279 750768 77127 845240 97171 386027 266287 638106 565757 695664 413713 774672 900617 715129 220637 773885 320847 671860 688883 1179801 999999999 573120 674738 525316 552497 504103 1179188 935175 574389 511461 344588 923410 620188 533851 968901 200086 736439 849670 793974 662893 884845 570576 122906 736542 725639 704479 218990 344281 102561 809120 891624 727644 118162 456555 446539 1029086 144118 538282 94876 248130 353718 866284 583207 299069 787322 839892 925237 518185 1005329 909479 990372 628088 889845 133968 192349 609839
397438 542278 78171 562178 216633 517632 452741 411598 469645 303926 197061 472417 357090 449540 278390 481855 608235 579284 436268 436245 355209 289760 563938 413062 183521 425863 501926 432985 503152 466684 420668 65004 67074 300189 246310 453415 528259 251491 398982 242204 290190 287471 126710 646384 573120 999999999 347135 395115 224024 225737 659037 417922 403260 391228 417487 478871 422117 191271 404091 639279 722181 294148 243807 287926 504227 409962 547040 327847 697958 367699 526002 230545 489043 433609 328641 431388 455009 247370 404640 528152 447216 224923 487695 326948 536757 323088 674394 564049 551596 273235 504693 602923 493950 337431 428318 60902 353363 439154 602641 284460
679995 688659 397650 589847 511797 656048 353971 383263 707137 43229 280958 571048 680814 339297 616194 263376 887696 885054 550379 253724 698109 477603 259862 374066 511507 86727 630244 762602 650327 353751 418373 350585 413555 643879 273119 115128 228577 154215 454112 534656 366391 633100 310053 867307 674738 347135 999999999 187542 149561 188572 896302 689065 149323 197468 354343 258107 127672 530532 453901 631759 1053760 537185 511617 63129 210901 745180 711772 93365 1030631 30128 736226 401399 634521 772223 543217 84435 574806 226628 710556 799550 531483 564287 580760 463338 434927 326318 981403 495353 898729 491796 825543 904899 759865 455156 622536 377709 613869 563757 597027 74976
780682 556011 466550 421919 600778 522745 172102 562047 830510 193817 417383 429811 658249 156168 671751 447848 813807 832604 418253 66453 703111 394754 412369 208836 578305 240194 495056 827633 521337 168917 259177 427647 450448 688263 194327 259304 388433 311298 312100 626007 260303 672063 416994 1000680 525316 395115 187542 999999999 180053 169567 1023218 796145 49575 13871 183673 442496 95119 540528 622193 453033 1024793 652291 614471 216124 377085 733296 585359 277346 1003960 211068 629918 332421 506312 824717 669868 210971 441998 162213 668559 908396 389280 571258 436218 357537 248306 494778 926157 310860 918205 613917 899791 848144 871000 606992 759930 445942 724287 434445 420104 164117
601077 555678 290300 487703 421905 524042 291363 423831 651066 113440 247069 446011 535265 281607 502303 377575 738279 736032 420514 233737 560391 331499 405203 283590 404100 236282 499848 655919 516227 298999 316699 249103 285722 523588 138884 264683 372002 169050 335081 446942 233165 509734 237782 822358 552497 224024 149561 180053 999999999 48429 843853 616169 180338 179684 273168 372886 198385 392784 466879 544422 908413 472506 434465 114231 351740 602583 575396 185979 885698 177862 592361 254224 500362 657628 491483 229812 444551 97179 562088 728428 408568 425900 457632 324399 380443 344542 832306 428058 767978 435087 725576 755622 690957 438756 583541 269521 544237 431941 507579 74780
615833 508214 298578 440357 434824 476399 254091 468878 673328 156927 283386 397672 510178 246043 502254 425437 701174 703803 372500 212786 543539 289040 447548 239571 409151 274576 451972 658066 468921 263670 270189 262226 281279 519572 90634 302483 415127 216019 286725 460303 185199 503966 263673 846855 504103 225737 188572 169567 48429 999999999 865941 633019 183145 165505 231533 420699 210993 377635 507641 498854 882409 494067 452244 160905 395676 580733 528623 233615 860255 218118 548395 212977 453051 655634 516902 263767 396605 49314 531789 744967 360152 409704 409233 277991 343177 387660 799693 387055 755382 459891 730414 722434 708571 474178 611539 278196 563064 384176 461835 114489
273402 1122227 580957 1203191 444186 1108129 1109966 597393 192802 861919 616128 1094398 731453 1105453 468409 821651 987461 897276 1056158 1076766 630883 901312 967221 1072054 498066 935237 1102171 375655 1089937 1122898 1077131 607083 634543 495827 904475 952163 940063 742291 1046429 419274 944496 518877 606239 52036 1179188 659037 896302 1023218 843853 865941 999999999 246051 1013961 1023509 1076213 823451 1014229 645614 498129 1285905 870725 371903 416170 837145 918767 696935 1110569 818889 848754 898451 1046907 868771 1079849 429943 354689 960420 1068616 898999 804791 154341 1079236 644604 1110217 956869 1195339 597604 952528 1222574 588578 409570 319295 923594 173859 453129 276920 598639 305702 1052871 1250625 870799
32511 880716 339862 957140 201320 865307 870607 465620 87112 650765 410815 848865 507371 867079 233263 670715 778514 698076 810640 845648 415031 655641 806825 829673 252021 740949 858329 201077 847377 884327 832802 370956 389278 268781 664230 761765 775383 539441 800691 175829 699882 289681 383382 245069 935175 417922 689065 796145 616169 633019 246051 999999999 792403 795007 835204 671143 798401 403130 375609 1039933 718513 152940 181728 626999 751906 487678 871032 622782 694050 696367 812583 622902 836788 254334 163452 761533 823524 662372 581629 112263 833265 405424 864691 710837 954509 432662 767031 979217 441678 201699 200460 725321 76035 298014 161277 358674 75543 807711 1004736 652629
778767 603592 470627 471440 601020 570319 220521 530755 821846 164317 401474 477997 686722 204280 681602 404097 853272 868123 465337 109022 725647 433374 363258 258302 584379 192956 542771 835926 568395 216097 308428 428854 462538 701108 226894 210833 339929 286859 359895 625799 301448 686159 409773 989190 574389 403260 149323 49575 180338 183145 1013961 792403 999999999 63235 233247 398723 45802 560504 596288 501368 1056163 645324 610871 188535 329306 759866 632274 242045 1034796 169441 674175 367195 553226 836291 659409 162567 489263 188512 701239 904561 437441 592278 484748 400078 293365 468297 962503 357484 938401 604525 905908 884546 866332 587616 746347 449844 719178 481234 468832 144015
779045 542210 463626 408482 598709 508946 159679 569070 830732 201382 420170 415959 648581 143984 666972 458881 801469 821155 404520 58889 694936 382769 425534 195079 574655 252623 481243 823162 507600 157273 245344 425604 445348 682661 184412 272196 401286 316816 298290 624034 247857 666139 417332 1001615 511461 391228 197468 13871 179684 165505 1023509 795007 63235 999999999 170082 453541 108893 533164 627556 440484 1014284 652179 613455 223005 389626 724069 571637 286059 993585 221822 616628 321469 492594 819364 670724 223872 428239 154429 657841 907216 375432 563584 422350 344675 237568 500456 914498 299279 910531 614530 895871 836486 870073 610465 761599 443109 723586 420752 407326 169540
813778 383838 495657 238704 633896 351021 45704 696288 885690 345459 514541 255642 577450 55148 666135 617424 678702 715126 251871 140158 645746 282492 594930 28647 591842 419817 322875 821896 352691 64489 79965 470395 451892 670413 171907 440951 569651 439920 145333 659378 157281 650101 488107 1061837 344588 417487 354343 183673 273168 231533 1076213 835204 233247 170082 999999999 612196 278652 502787 739026 278071 921958 707733 660203 361486 556724 657770 416603 432929 903715 382004 474741 250695 338791 806599 736294 392785 273717 186460 568516 944706 216159 527066 259614 225797 119306 617693 803339 155533 863594 679164 900132 726395 911194 704445 833717 477604 770528 269504 242825 304175
674373 928513 490436 846104 550225 896927 611704 227799 656486 270394 306076 817619 835841 596745 687527 5381 1079556 1057531 793187 507224 822897 696723 144865 631156 582920 211209 872662 805144 888973 610710 673814 445893 541308 726743 511261 204839 122926 232432 703682 565181 605896 724114 376044 783204 923410 478871 258107 442496 372886 420699 823451 671143 398723 453541 612196 999999999 363756 667589 326248 889836 1196055 525700 527074 260548 107689 884646 947531 187117 1171294 231837 958359 618911 873116 831713 507792 245797 817304 467091 882035 767887 779300 700312 828619 696450 690797 238531 1153003 752637 992380 475387 849120 1080656 727471 378254 552068 476674 599157 804809 854987 314331
