NAME : synthetic_000786
TYPE : CTSP-D
DIMENSION : 100
GROUPS : 8
RELAXATION_LEVEL : 1
EDGE_WEIGHT_TYPE : EXPLICIT
EDGE_WEIGHT_FORMAT : FULL_MATRIX
EDGE_WEIGHT_SECTION
999999999 45315 551258 386267 456460 805047 830370 292530 810256 729683 805401 468505 227544 676155 510535 855277 831334 621165 376910 829868 713401 780101 519646 913526 86908 695684 701114 777424 607450 113015 511876 307276 121441 863745 525564 283578 217593 365823 649180 393730 597202 832757 94412 539958 771996 710054 357135 536862 860482 477917 361573 498062 263496 387544 765289 639060 542927 558027 646726 352562 142940 611328 563888 266140 524770 441940 456842 502248 167482 786805 573873 235644 842872 334722 268053 955984 387159 438483 157000 348065 849165 779652 211473 500195 546225 394289 357681 577899 733988 105772 344473 345786 758592 201401 1049416 744804 620014 425799 536371 748917
45315 999999999 506173 346063 427850 770331 785775 271207 767423 687579 777720 437176 186403 632084 467565 811071 791687 598621 385587 784583 689389 740297 476413 870667 120456 668794 658833 757978 597683 87338 481230 288690 153996 835921 517722 280567 194115 329321 609657 361830 552041 789668 138421 494676 726726 683747 322965 526852 815279 439610 319003 468488 263596 375490 720460 614463 499738 518101 601431 326507 98344 577877 519845 282118 492212 398866 419849 462742 212550 741599 528625 192051 797757 298229 270778 910811 393663 403763 112016 332535 821466 734634 255476 460813 540768 363543 314309 536997 704839 89041 300504 300811 741026 236641 1004206 717605 594597 394721 506205 703717
551258 506173 999999999 231977 380357 459531 283948 439006 299944 247215 574938 346777 339751 232905 119555 314862 386357 622924 679364 292580 563012 340950 108645 396083 614842 510354 219982 669544 665634 487893 459697 517777 642166 617458 633775 555953 477396 289457 361520 337295 46984 315232 639624 34241 223460 528211 385800 619105 329350 236351 215862 468825 566757 528075 264079 508173 108595 311719 103548 467453 414002 462209 74302 654808 340544 222812 349095 307805 715801 259086 33464 339059 318486 302510 583269 404959 670411 297515 398544 553222 607966 228602 752755 213902 669571 426451 209143 188072 501473 491322 250122 225076 679832 701395 498668 538578 585639 428023 476624 224395
386267 346063 231977 999999999 179740 437582 471036 207955 430022 346340 484560 158603 159817 446967 139522 488125 445657 697633 447545 521000 428478 394240 151541 532799 466148 388553 318740 524533 462501 365905 534119 484049 498833 539179 416939 325949 407041 58127 526394 115408 275889 454034 460189 242787 444831 406430 397400 406520 559250 98823 52469 534446 338746 298847 494893 357781 172342 448425 334300 464251 280105 580750 205951 430414 189106 308189 422715 415888 535003 490466 264649 256083 549793 72427 355253 612934 438434 101650 265869 530195 526120 435086 563055 115480 452267 451581 71558 191963 406076 299930 246716 208102 523383 496204 706461 431302 671220 468741 557681 456301
456460 427850 380357 179740 999999999 363229 553113 174373 474146 387717 349906 37362 271958 609962 262971 556881 433786 871471 353532 645535 268520 389132 275316 567051 543275 241655 368531 354270 287373 477759 710101 633175 577811 408075 254688 267671 545434 136912 703902 75764 416223 500605 503190 400556 562106 257336 565748 238849 686165 146071 229642 709120 290920 179381 641135 193500 285529 627733 472679 625272 397305 760247 327871 385702 86865 487920 600435 595589 568632 624457 413636 407183 681896 157177 304604 704448 337975 84295 386880 681095 393637 537741 581573 173729 290411 620688 248954 246407 277528 351939 421610 384165 348622 494224 793484 290064 847099 640553 734214 594671
805047 770331 459531 437582 363229 999999999 410213 536945 286411 250287 169932 341260 590690 659004 377713 384806 155475 1077370 689312 572941 248101 156651 379334 323397 890078 203174 263375 331775 480617 801747 911627 913984 924125 183627 513224 626690 842994 441535 815579 413113 459766 305309 861785 493613 494546 208051 807304 486120 610738 338759 482043 918162 651262 520837 628466 264018 364303 771250 487544 883230 716087 921692 386374 743536 282881 668281 797626 764345 929801 581319 478830 690235 620965 472459 663817 541850 670373 366684 702392 957956 180524 444995 944537 326638 539016 857021 496660 284550 147562 704824 652167 614357 363320 857299 606077 182343 1042164 866266 930714 570712
830370 785775 283948 471036 553113 410213 999999999 670789 124317 180965 574863 515835 610009 335656 331700 43434 263564 832848 898208 173441 618786 254074 320135 154025 897260 562822 189922 720498 800212 771646 685549 790370 925283 593798 796087 788502 758640 518986 513973 543716 242430 110245 915697 304415 119594 576323 651527 774487 206218 419849 476331 699644 804684 728919 259066 594530 298708 511181 211875 732746 696210 650526 269057 898915 478400 481132 590183 533265 991965 199288 269741 622998 221627 542141 820938 152008 885074 489291 680637 821176 590555 71271 1025718 389179 830131 683434 475905 307552 525630 761287 530646 508397 744507 965577 240654 567089 789804 677504 695697 207543
292530 271207 439006 207955 174373 536945 670789 999999999 613064 525970 516166 196928 170857 643104 343863 683223 595288 795166 240968 728955 421039 547386 356491 712337 379015 405777 501823 486771 340090 336966 646091 518995 413357 574516 268735 118469 423708 153319 694294 134790 483602 638732 330257 446755 652308 419360 486767 270762 767148 255193 228648 640309 134017 123213 699833 347057 375242 607263 541914 528805 269306 717415 412044 229412 255474 463017 549050 563222 394377 697979 471129 314588 757356 136497 150179 816563 233633 191334 263900 567118 559800 640181 407604 285144 298812 540300 241745 370617 447860 186822 372293 343533 470301 322633 909357 455110 778637 565920 671678 663351
810256 767423 299944 430022 474146 286411 124317 613064 999999999 87320 452633 438066 583388 423933 299867 100120 140021 901954 826817 293474 503473 131360 291366 103272 884429 448400 111927 602527 698874 767234 745553 817213 914943 469845 703521 727245 771532 468529 598361 479794 272130 26508 889003 329589 224145 460699 685553 680138 328787 358039 448689 757252 746221 653410 366088 486353 268002 579276 267801 767284 685954 726198 254665 842274 392190 519722 640865 590917 964371 310996 299575 625320 342037 495769 761897 260397 811856 423157 670380 853153 466910 170901 993073 328646 736182 724696 453322 243105 407355 729591 547378 518217 628392 923832 335921 448461 861034 723976 759127 309820
729683 687579 247215 346340 387717 250287 180965 525970 87320 999999999 404352 351380 502216 414612 222021 173273 140756 866618 739890 327048 439183 101752 215199 187395 805796 382952 29604 542396 621055 692198 705372 755938 837008 430884 621278 639944 703774 382613 580000 392520 231057 113456 806374 280147 245738 397020 629735 598609 366436 271149 368664 715245 658998 566786 378203 413592 192231 548075 245397 710718 609345 698114 188276 755091 307014 469941 596028 551839 881334 331707 255638 554344 374152 410418 674645 330612 725102 335861 593898 794310 425489 198735 908863 242068 654559 672589 374963 156824 348734 646270 484527 452480 565053 838100 413236 390290 827734 675090 721204 320438
805401 777720 574938 484560 349906 169932 574863 516166 452633 404352 999999999 344767 615807 793411 471740 552185 325374 1169108 611310 731351 116341 321300 477450 493166 892307 110530 410678 167893 355748 825698 1002795 967437 926842 58378 409213 579384 885643 467563 936446 419469 585954 473036 845581 607289 649700 98754 879150 381706 770463 393477 535733 1006353 605623 461749 776762 175001 468952 880772 623501 948508 743186 1028257 500924 688557 297600 761473 888210 864850 905802 734554 600025 738749 778493 495258 615014 710594 590834 390864 731597 1014133 43767 602958 911269 394549 427119 932232 553549 387187 78691 700147 724647 685490 203354 816784 775992 61225 1137890 946409 1024228 719664
468505 437176 346777 158603 37362 341260 515835 196928 438066 351380 344767 999999999 271146 577699 228384 519925 402389 855522 388903 608824 274084 356524 240502 531965 554823 240280 331724 366714 319062 481132 692545 627482 589255 402169 290566 297945 542572 125682 676905 75469 381418 464488 520891 368255 525191 257197 552538 273717 649527 110920 210478 692531 320165 215406 606139 201124 249730 602931 437386 615338 398425 738408 292177 415857 58622 465270 581317 573061 588543 588361 379875 399534 645575 151274 334490 667120 373789 57345 386939 674973 388102 500458 604112 137470 326180 607216 229804 209045 269227 365766 404591 366311 364789 519334 756255 286852 829657 625687 716210 558991
227544 186403 339751 159817 271958 590690 610009 170857 583388 502216 615807 271146 999999999 507695 284300 632339 605462 625695 388085 629528 540472 554020 294029 686644 306341 510933 473748 623161 505091 212063 475245 363214 339039 672964 438062 257621 273588 150679 534375 197645 386722 606276 306704 335603 563206 527454 316598 437707 663934 255141 135165 469639 258110 293875 580627 465432 317109 444790 441049 363494 127653 547952 341233 331169 320650 302894 379269 397580 382728 591108 366824 145408 649651 121094 273292 742649 386255 228054 115796 411447 659015 564256 415759 274980 469096 370617 134117 350641 539561 151958 206258 182974 613292 361805 836667 557952 608162 395557 500824 554008
676155 632084 232905 446967 609962 659004 335656 643104 423933 414612 793411 577699 507695 999999999 352339 378974 549955 502506 882747 209965 792125 516305 341550 488097 717865 738163 396650 899187 896727 583820 368362 527504 737355 830580 860685 753933 529998 504770 178334 559858 209320 425259 770390 209468 216870 755646 386272 847611 220417 468231 415063 385375 759885 745325 107948 739966 339702 191578 171519 458319 533784 317417 300212 838631 573449 237546 295959 231305 842835 160400 201462 440599 195470 510400 775934 371149 876596 526005 520746 545666 822638 265470 887508 446721 896374 399374 401359 413857 723771 646470 331682 334820 911065 856733 447332 762664 458297 383643 373546 133760
510535 467565 119555 139522 262971 377713 331700 343863 299867 222021 471740 228384 284300 352339 999999999 350163 342276 702367 579475 389546 448937 291391 12914 403102 584748 398095 192685 554499 546659 470217 536020 546082 615562 518664 517446 462331 486306 190550 470614 227656 153260 322226 590812 145143 309841 416242 431108 501745 429172 117503 149186 541594 476591 419725 378200 390964 33225 409527 210157 508907 387385 556518 68759 569334 221284 292623 421467 393603 666630 364061 152082 334705 422517 211322 493030 473718 568625 182079 371914 587595 507895 296446 697599 94383 553217 479773 153533 93364 395426 433005 277514 241403 563007 634323 567102 430157 668981 488554 556151 332796
855277 811071 314862 488125 556881 384806 43434 683223 100120 173273 552185 519925 632339 378974 350163 999999999 233504 875323 906006 212883 603159 231193 339347 110866 924318 547849 188592 702615 793881 800640 726925 826510 953057 567619 794347 799984 791763 533273 557267 553355 275874 79534 938880 337820 163024 560423 688759 771826 243012 429420 497608 740735 817228 734696 301893 583879 316938 553232 250373 770248 723466 693414 291509 912313 478705 518667 630110 574076 1015015 241610 303706 653232 260348 557935 833308 160514 892110 497794 707843 858356 565255 113973 1047297 398908 827752 722032 498671 314752 507433 782617 563896 539938 728273 984187 239981 548568 832437 716950 737489 250894
831334 791687 386357 445657 433786 155475 263564 595288 140021 140756 325374 402389 605462 549955 342276 233504 999999999 1007242 783248 433387 393899 51624 338493 168937 911802 342737 166468 484768 612082 806649 845545 886650 944395 335462 631327 700327 828535 469056 718811 461326 371811 154480 900621 419791 361609 351674 764734 605650 468786 354585 478313 855085 722432 609065 501965 393080 317368 688772 383713 844935 721736 838690 322615 818241 346925 608359 735448 692318 973367 449023 396225 676477 481944 499469 736867 387624 766074 406290 706729 926706 334075 309081 995603 331143 660941 809299 488178 257328 293269 739754 615794 581640 514475 916765 450618 332073 968469 813103 861662 444749
621165 598621 622924 697633 871471 1077370 832848 795166 901954 866618 1169108 855522 625695 502506 702367 875323 1007242 999999999 977605 708759 1125289 963435 699191 980606 597296 1082300 841083 1222093 1130092 511670 166477 315043 591966 1218952 1063560 857849 404743 734598 330351 797413 635837 909385 694619 588851 716965 1100500 309434 1063328 710137 778085 645297 163381 847656 918298 602272 1055397 713127 323163 634459 273803 540213 186304 693023 880484 884199 409766 281196 315196 736986 660899 611017 480662 683609 717491 858396 869727 982527 799160 540124 280841 1207460 761588 788890 774611 1093966 255080 626084 793995 1090949 672235 450977 489550 1219633 817022 937186 1121475 45555 231636 146689 636266
376910 385587 679364 447545 353532 689312 898208 240968 826817 739890 611310 388903 388085 882747 579475 906006 783248 977605 999999999 967670 496548 740811 592324 920580 441563 508980 719113 513904 295210 472120 844483 673429 468744 664837 214923 130632 577204 390920 922458 355040 723398 853193 348625 687709 889285 515328 681317 239223 1006392 478450 469372 835112 132504 174606 940783 440447 609374 832722 781833 703825 438685 928283 648208 120234 438806 690865 760232 784434 372397 938006 711728 513776 997320 377134 119869 1047211 20891 408923 440886 718008 650484 873617 353212 509107 215805 730255 481768 591484 564249 305578 593842 570698 482645 255813 1138617 553675 968713 759400 870238 903756
829868 784583 292580 521000 645535 572941 173441 728955 293474 327048 731351 608824 629528 209965 389546 212883 433387 708759 967670 999999999 760797 416681 376633 321393 884273 704353 323758 866099 916259 751634 578326 725769 907939 755899 898886 846791 714960 576819 379131 617162 246341 282905 921498 293988 85620 719607 583204 880435 41194 500771 508434 595255 858521 809145 106652 725538 362045 401359 189228 659663 688009 522533 321047 947309 584332 419351 501259 437795 996882 50170 263144 601634 48564 592879 875048 161434 957493 569384 673292 748264 751299 128421 1036896 471948 934266 603049 501384 405834 674461 779651 496116 485911 886234 991106 239464 715906 663878 589941 583248 85111
713401 689389 563012 428478 268520 248101 618786 421039 503473 439183 116341 274084 540472 792125 448937 603159 393899 1125289 496548 760797 999999999 375728 457308 561989 800020 56455 437680 107256 241877 744770 960592 900730 834388 168292 292873 472371 813873 399654 919482 343367 582954 526994 746182 592522 676074 42811 825460 265373 801381 350095 480944 961924 498755 353134 791328 75348 454420 854946 628388 889374 665497 997626 492175 578057 241273 725442 847454 832070 802987 756366 591988 673357 805724 423786 507021 763673 475941 327971 655307 948435 153951 634606 805339 360007 311192 879872 499912 378344 101155 607630 674903 636010 125878 709304 837368 67951 1097388 897188 983466 736243
780101 740297 340950 394240 389132 156651 254074 547386 131360 101752 321300 356524 554020 516305 291391 231193 51624 963435 740811 416681 375728 999999999 287992 190771 860360 321839 123274 472536 582950 755031 800646 836526 892902 340218 596645 654237 777478 418594 681335 412960 329877 152684 850017 374797 339677 332940 715992 571680 454198 303943 426689 809638 675854 566265 476470 365798 267266 647126 347060 795832 670111 797563 274794 771918 302559 561706 689572 648250 923032 426943 353090 625242 464862 448847 690537 390714 724120 357383 655105 876980 336597 289157 945889 279981 627442 761307 436598 205725 277699 689094 566039 531460 499561 868062 461704 318402 925368 765905 817386 418741
519646 476413 108645 151541 275316 379334 320135 356491 291366 215199 477450 240502 294029 341550 12914 339347 338493 699191 592324 376633 457308 287992 999999999 394482 593067 405901 185692 563216 558444 477185 533012 548641 623618 523539 529880 474960 490725 203172 462707 240564 140943 313271 600698 135591 296974 423983 431481 514014 416265 129582 158875 539045 489081 432628 365819 400410 23364 403346 197567 509948 394935 551104 55887 581645 231900 289486 418663 389021 676621 351245 140732 339853 409663 223556 505531 461459 581508 194760 379407 589589 513007 283967 708067 105473 565642 479399 162112 94914 401668 443405 278931 243611 572344 645584 554931 436998 665246 487367 552768 320106
913526 870667 396083 532799 567051 323397 154025 712337 103272 187395 493166 531965 686644 488097 403102 110866 168937 980606 920580 321393 561989 190771 394482 999999999 987535 509745 214110 653698 773721 869629 828882 913712 1017935 498738 785965 825052 871303 570008 666097 578216 363580 82019 992134 423625 273404 519514 779475 761398 348460 458139 551961 841815 844761 746295 412739 556301 371120 657622 348781 861295 788769 800379 356181 941009 482630 611270 728237 674839 1067427 352275 391601 726609 367770 597736 860221 232397 904896 521448 773177 948205 498815 222677 1095755 429344 817298 816206 556511 344217 461777 832553 645596 617809 683313 1025495 284360 500913 938324 813442 840695 361535
86908 120456 614842 466148 543275 890078 897260 379015 884429 805796 892307 554823 306341 717865 584748 924318 911802 597296 441563 884273 800020 860360 593067 987535 999999999 782587 776836 862742 687776 134096 508578 284229 34541 950649 604825 361401 212336 449536 670062 479829 659588 906147 101916 600186 831574 796935 367397 617604 912623 560063 437221 492387 339247 470229 812668 725790 616431 581470 705925 343110 201051 613754 634262 324273 610722 480437 472271 525028 142408 839243 634819 282653 893481 418422 341403 1017180 454205 523396 216626 316832 936070 843228 194286 581106 623520 394321 431217 656528 820796 192509 389793 398653 843145 225315 1109797 831711 602441 425680 531395 801400
695684 668794 510354 388553 241655 203174 562822 405777 448400 382952 110530 240280 510933 738163 398095 547849 342737 1082300 508980 704353 56455 321839 405901 509745 782587 999999999 381233 162788 277737 719098 916845 867168 817109 168794 316559 470162 782852 365315 868587 313459 528860 472241 735056 540510 619660 18305 785839 288974 744929 304519 440753 918960 496301 353613 735566 68539 401831 806089 573363 852198 637666 950288 438706 580905 199460 679243 803037 785107 795395 700132 538718 638739 749324 391554 506121 708345 488885 290476 626609 914429 154048 578158 801384 311647 339528 839799 459325 324340 57950 590256 633368 594261 182235 707430 783036 49348 1053228 855905 939258 680291
701114 658833 219982 318740 368531 263375 189922 501823 111927 29604 410678 331724 473748 396650 192685 188592 166468 841083 719113 323758 437680 123274 185692 214110 776836 381233 999999999 542473 610386 662780 679094 726705 807939 440662 606923 616752 674198 356604 558787 369239 206638 137070 778443 253329 240100 396149 601107 584960 364033 246638 339844 688625 635281 546878 367035 407251 162678 523922 225825 681955 580064 674311 159170 731177 290273 442364 569066 526025 853570 323956 230218 524742 369699 383893 651067 341611 704766 312843 564599 765278 434383 196927 881647 216974 640720 644407 345833 131370 350911 618593 455276 423040 563410 811920 427230 392283 802642 647374 695330 309568
777424 757978 669544 524533 354270 331775 720498 486771 602527 542396 167893 366714 623161 899187 554499 702615 484768 1222093 513904 866099 107256 472536 563216 653698 862742 162788 542473 999999999 225569 820178 1058540 986119 896573 193687 299231 516484 896251 490096 1024616 430000 690085 625063 799522 698662 781716 146677 918880 274784 906493 452103 576807 1058969 542485 397791 898337 167406 560994 958364 735641 979535 744593 1099419 599119 610686 341679 826485 946366 933690 849892 862725 698810 761309 911439 511438 547922 862859 493039 422942 735673 1034233 183993 739262 846074 464110 305653 973671 596047 485497 195188 672495 771117 732627 38857 747720 933398 154141 1195600 992397 1081898 843075
607450 597683 665634 462501 287373 480617 800212 340090 698874 621055 355748 319062 505091 896727 546659 793881 612082 1130092 295210 916259 241877 582950 558444 773721 687776 277737 610386 225569 999999999 672379 975379 859003 719816 400535 84545 326916 763342 410863 988892 347870 698852 724585 611131 687263 830987 275491 820659 70832 957412 429312 508355 971625 350593 222683 922591 219250 565545 909876 753514 867631 609127 1035995 607939 402198 332430 767345 871169 873886 651666 900591 698590 650496 956097 419874 351776 951380 274725 371667 603988 907067 387625 799124 640839 453489 80889 875145 526976 510494 334988 508690 690511 655874 190879 541801 1033682 309026 1110601 898960 1000473 873344
113015 87338 487893 365905 477759 801747 771646 336966 767234 692198 825698 481132 212063 583820 470217 800640 806649 511670 472120 751634 744770 755031 477185 869629 134096 719098 662780 820178 672379 999999999 398862 201503 156338 883272 594636 362940 106947 362738 542152 406231 531479 787722 201053 471007 701137 735043 245261 601723 779354 464052 328404 385128 347735 449755 678718 669424 500378 452081 575664 240607 85813 498718 513784 369413 532301 346473 346961 395784 265334 706116 505890 150621 759919 332904 355938 887234 479575 440050 100210 245974 869150 715184 314378 480857 619537 281281 318820 549340 750293 169725 256160 267262 805956 314346 979280 766940 508615 312804 423382 668329
511876 481230 459697 534119 710101 911627 685549 646091 745553 705372 1002795 692545 475245 368362 536020 726925 845545 166477 844483 578326 960592 800646 533012 828882 508578 916845 679094 1058540 975379 398862 999999999 233533 512247 1052498 912348 719564 297934 573652 220827 637079 475856 754798 596351 425912 573908 935077 163166 910221 586549 612411 482067 20405 712396 769090 474620 891471 547324 177391 480257 165974 407078 109028 528453 756786 719338 243526 114719 154636 650903 528634 450037 333731 560640 558449 724623 739380 847184 635769 403743 224045 1041035 614569 702571 608377 944018 117731 462744 627877 924710 543617 288491 326286 1057235 713116 814730 955543 137112 86552 25794 499482
307276 288690 517777 484049 633175 913984 790370 518995 817213 755938 967437 627482 363214 527504 546082 826510 886650 315043 673429 725769 900730 836526 548641 913712 284229 867168 726705 986119 859003 201503 233533 999999999 282944 1022799 784917 561143 97233 501942 428327 557653 551561 833008 379838 490422 696394 884407 142567 789242 744490 580141 434795 215187 547499 638440 633858 826307 569315 352254 579333 73272 249968 342291 567685 570298 669979 310992 236334 300447 425809 676190 523498 228700 721000 476944 556446 878787 680459 577136 255243 48326 1009530 724382 477864 588002 812039 135048 418626 637161 889318 369238 271431 305066 976485 501987 964499 912269 318239 161452 253725 640943
121441 153996 642166 498833 577811 924125 925283 413357 914943 837008 926842 589255 339039 737355 615562 953057 944395 591966 468744 907939 834388 892902 623618 1017935 34541 817109 807939 896573 719816 156338 512247 282944 999999999 985185 636553 393063 220794 483308 682084 514215 686415 936384 122527 626433 857138 831437 377826 649839 935438 593327 468728 495244 370362 503249 833956 760211 646976 594871 731577 346275 229726 618980 663774 350148 645058 499841 483451 538525 145389 862284 661218 306828 915778 452209 371791 1043095 482124 557465 245364 311228 970605 870165 197054 613989 654545 400473 462122 688656 855330 226974 412186 423400 876684 242207 1135342 866238 599698 431390 534221 824526
863745 835921 617458 539179 408075 183627 593798 574516 469845 430884 58378 402169 672964 830580 518664 567619 335462 1218952 664837 755899 168292 340218 523539 498738 950649 168794 440662 193687 400535 883272 1052498 1022799 985185 999999999 459286 636528 941953 524131 978612 477110 625285 488089 903832 650467 676400 156312 931972 432051 794015 446325 589854 1056643 662816 518390 807662 232071 513447 926031 659531 1002400 800463 1074569 543165 744729 353693 810182 937795 912266 963774 762590 641002 794211 803732 552197 671944 723078 644220 447103 788715 1069256 14817 627687 968773 445442 474917 984643 607360 431171 133722 758512 776961 737876 232050 873928 783083 119447 1186869 998038 1073494 750108
525564 517722 633775 416939 254688 513224 796087 268735 703521 621278 409213 290566 438062 860685 517446 794347 631327 1063560 214923 898886 292873 596645 529880 785965 604825 316559 606923 299231 84545 594636 912348 784917 636553 459286 999999999 243492 688482 361526 940437 301834 670691 729814 526888 652135 814745 318875 754656 27655 939713 400759 458414 907415 266674 146593 895640 250240 540150 858161 727339 797400 535080 978351 582530 318309 318189 714141 811490 818978 567148 878925 667185 582902 936097 365311 267425 948089 194116 336268 531039 832686 445460 787477 556807 428032 35797 808541 476125 495261 374341 428700 631643 598915 267740 457754 1033971 355812 1046116 833599 937751 849349
283578 280567 555953 325949 267671 626690 788502 118469 727245 639944 579384 297945 257621 753933 462331 799984 700327 857849 130632 846791 472371 654237 474960 825052 361401 470162 616752 516484 326916 362940 719564 561143 393063 636528 243492 999999999 463945 271788 791939 247523 601020 753189 285561 562162 770619 480631 556681 257401 884721 370787 342783 711133 26390 119762 815011 404486 493653 702386 659183 584974 317718 800513 530499 118048 354157 560285 632035 654553 333481 815039 587681 386803 874439 253913 37136 934817 129050 304090 317969 607460 621732 758620 332990 401159 262718 607140 354055 486127 519671 193267 463634 440090 492244 237408 1027473 518600 846555 635463 745357 780018
217593 194115 477396 407041 545434 842994 758640 423708 771532 703774 885643 542572 273588 529998 486306 791763 828535 404743 577204 714960 813873 777478 490725 871303 212336 782852 674198 896251 763342 106947 297934 97233 220794 941953 688482 463945 999999999 418139 461789 470610 516326 789525 298608 454291 674912 799708 157220 693333 738370 505248 360952 282782 450519 542148 631753 738934 512783 375872 552304 135222 154436 401747 517530 476226 588261 296335 262975 319869 353966 666927 488900 153253 716730 391300 459697 860612 583843 494862 161267 144326 928341 696520 405307 516521 715261 182237 346765 573797 808231 272376 228003 253495 885203 417173 949911 829044 402439 213735 321577 630007
365823 329321 289457 58127 136912 441535 518986 153319 468529 382613 467563 125682 150679 504770 190550 533273 469056 734598 390920 576819 399654 418594 203172 570008 449536 365315 356604 490096 410863 362738 573652 501942 483308 524131 361526 271788 418139 999999999 579450 63869 332715 493485 431591 300892 499294 382481 429028 352417 615472 114758 97571 572381 286298 240773 552791 326140 222103 499085 391188 490086 278085 626848 258759 379946 170685 356578 464916 463492 504447 547349 322324 273855 606596 31123 302689 663648 381274 77515 265547 549355 510400 486927 528425 141263 396579 483927 116115 225794 390453 270821 285255 248374 485460 455489 756676 411001 710550 503641 597932 513553
649180 609657 361520 526394 703902 815579 513973 694294 598361 580000 936446 676905 534375 178334 470614 557267 718811 330351 922458 379131 919482 681335 462707 666097 670062 868587 558787 1024616 988892 542152 220827 428327 682084 978612 940437 791939 461789 579450 999999999 641365 355813 601391 741925 329349 395147 886684 304607 931866 379815 575528 482117 240665 791970 809710 272486 859504 468302 92001 335098 355055 516996 144166 435664 856847 686066 231840 198839 146954 807299 332179 337875 424424 353299 575656 806736 539663 920249 620665 507630 432487 969322 443620 856510 560767 975101 293399 464314 549381 862576 647910 329498 352113 1031443 845636 607240 899036 285165 267765 217566 310406
393730 361830 337295 115408 75764 413113 543716 134790 479794 392520 419469 75469 197645 559858 227656 553355 461326 797413 355040 617162 343367 412960 240564 578216 479829 313459 369239 430000 347870 406231 637079 557653 514215 477110 301834 247523 470610 63869 641365 999999999 377769 505693 448930 352670 536648 329857 490781 291112 656826 124022 160688 635520 266574 192102 601299 268688 255848 562060 435902 549579 324219 690682 296137 362795 131110 420053 528705 527150 518213 591136 370696 331421 649869 81443 282143 692211 342874 56769 313190 605514 462946 518889 536454 154655 337294 545765 179551 238873 344482 291915 348832 312163 423756 455472 783849 360870 773877 566157 661457 558878
597202 552041 46984 275889 416223 459766 242430 483602 272130 231057 585954 381418 386722 209320 153260 275874 371811 635837 723398 246341 582954 329877 140943 363580 659588 528860 206638 690085 698852 531479 475856 551561 686415 625285 670691 601020 516326 332715 355813 377769 999999999 284580 686023 62039 176511 546328 415943 654955 283724 270505 262259 486635 612331 569462 224950 532200 133896 317294 58476 497754 459059 467687 92349 700991 369633 248043 369092 321627 762151 214638 28089 381782 273923 347212 628855 358784 713988 334956 443680 584935 616672 183755 799422 245364 706466 453134 255975 204614 515097 538248 288329 266331 702631 748379 452323 553656 596708 451858 490893 181235
832757 789668 315232 454034 500605 305309 110245 638732 26508 113456 473036 464488 606276 425259 322226 79534 154480 909385 853193 282905 526994 152684 313271 82019 906147 472241 137070 625063 724585 787722 754798 833008 936384 488089 729814 753189 789525 493485 601391 505693 284580 999999999 912302 343632 218948 484189 699825 706354 316448 383602 471331 767038 772023 679849 361414 511396 289934 586285 275057 781636 707077 731763 274176 868017 418698 532624 651826 600278 987821 304318 312415 644594 331329 520436 787739 238040 838274 449106 691474 868109 485733 165531 1017040 354034 762402 737714 475382 268435 430032 753243 564208 536037 651544 948565 311148 470923 867905 735982 767641 306345
94412 138421 639624 460189 503190 861785 915697 330257 889003 806374 845581 520891 306704 770390 590812 938880 900621 694619 348625 921498 746182 850017 600698 992134 101916 735056 778443 799522 611131 201053 596351 379838 122527 903832 526888 285561 298608 431591 741925 448930 686023 912302 999999999 630028 861703 747974 446148 542460 952765 546083 441824 581390 260849 401953 858755 674004 623725 651123 736899 433240 236757 698506 647510 229019 578979 536350 547887 595121 76296 879093 663490 329992 935577 401175 259511 1044568 363008 498905 250345 415463 889064 867265 117123 570773 542090 479669 440232 651844 778107 160959 438731 439023 776800 123780 1138286 784395 697400 511290 620163 841244
539958 494676 34241 242787 400556 493613 304415 446755 329589 280147 607289 368255 335603 209468 145143 337820 419791 588851 687709 293988 592522 374797 135591 423625 600186 540510 253329 698662 687263 471007 425912 490422 626433 650467 652135 562162 454291 300892 329349 352670 62039 343632 630028 999999999 232070 558480 356209 638532 328491 259172 219515 435295 571504 541321 253079 535954 139063 277678 106871 438012 400318 428085 107745 657244 366106 190794 315881 273688 705908 256112 34981 320870 315127 310793 587945 417032 679686 316726 385093 524600 640807 244473 744483 238998 687884 395329 209986 220112 533229 485742 226291 204899 707923 697118 509945 569854 551449 395896 442630 219604
771996 726726 223460 444831 562106 494546 119594 652308 224145 245738 649700 525191 563206 216870 309841 163024 361609 716965 889285 85620 676074 339677 296974 273404 831574 619660 240100 781716 830987 701137 573908 696394 857138 676400 814745 770619 674912 499294 395147 536648 176511 218948 861703 232070 999999999 635111 554867 795936 126791 418239 436927 588994 783501 728166 142468 640025 280813 397577 125652 634537 632233 533276 241088 874029 499329 385482 484315 424443 937701 87505 198223 550535 129733 517180 800020 186339 878448 487426 617065 723543 671192 53467 975586 388933 850023 581738 431780 320753 590994 714758 449655 433894 801338 924773 278235 632332 673386 572844 582506 88337
710054 683747 528211 406430 257336 208051 576323 419360 460699 397020 98754 257197 527454 755646 416242 560423 351674 1100500 515328 719607 42811 332940 423983 519514 796935 18305 396149 146677 275491 735043 935077 884407 831437 156312 318875 480631 799708 382481 886684 329857 546328 484189 747974 558480 635111 999999999 803771 291222 760080 322781 458675 937152 506869 363139 752083 76373 419726 824348 590417 869887 653960 968589 456387 590131 217383 697544 821294 803411 807495 716061 556431 656075 764822 408425 516289 720933 495048 308005 643046 931736 141496 593045 812575 329946 340284 857777 477290 341902 60507 604493 651445 612350 168184 718030 794564 38476 1071482 873983 957511 696621
357135 322965 385800 397400 565748 807304 651527 486767 685553 629735 879150 552538 316598 386272 431108 688759 764734 309434 681317 583204 825460 715992 431481 779475 367397 785839 601107 918880 820659 245261 163166 142567 377826 931972 754656 556681 157220 429028 304607 490781 415943 699825 446148 356209 554867 803771 999999999 754012 602192 485759 345096 154601 549259 609981 491957 753584 450145 219914 439803 81823 244313 254921 442378 594659 586390 170460 105770 164752 507138 533647 387892 172407 578895 410006 561457 736517 684094 497515 240614 169651 919538 584428 557588 487708 785494 55009 326547 524306 800460 381125 155649 194393 914364 558184 821957 827781 291985 79289 188922 498378
536862 526852 619105 406520 238849 486120 774487 270762 680138 598609 381706 273717 437707 847611 501745 771826 605650 1063328 239223 880435 265373 571680 514014 761398 617604 288974 584960 274784 70832 601723 910221 789242 649839 432051 27655 257401 693333 352417 931866 291112 654955 706354 542460 638532 795936 291222 754012 999999999 921376 384509 449850 905891 281623 151970 879790 222845 523385 850846 711100 799215 539286 973671 565854 338841 297707 707331 807665 812989 585248 861583 652424 583033 918355 358466 283741 926435 218341 321882 534477 837230 418169 767531 576705 410979 56049 808255 467978 475707 346783 437862 627287 593635 244509 477722 1011647 328164 1044787 832649 935480 832620
860482 815279 329350 559250 686165 610738 206218 767148 328787 366436 770463 649527 663934 220417 429172 243012 468786 710137 1006392 41194 801381 454198 416265 348460 912623 744929 364033 906493 957412 779354 586549 744490 935438 794015 939713 884721 738370 615472 379815 656826 283724 316448 952765 328491 126791 760080 602192 921376 999999999 541166 545056 604215 895999 848890 112518 766583 402165 411198 225810 676805 718082 523973 360875 984046 625431 442046 515861 451477 1027794 73680 298927 630098 26553 630859 912519 163038 996470 609561 703591 764822 789695 167744 1068657 512505 975124 618816 537339 446963 714442 813214 523254 515309 926899 1024998 228378 755925 664869 603905 589704 111567
477917 439610 236351 98823 146071 338759 419849 255193 358039 271149 393477 110920 255141 468231 117503 429420 354585 778085 478450 500771 350095 303943 129582 458139 560063 304519 246638 452103 429312 464052 612411 580141 593327 446325 400759 370787 505248 114758 575528 124022 270505 383602 546083 259172 418239 322781 485759 384509 541166 999999999 145361 614833 388793 311354 495282 285261 139579 506469 326658 556367 378247 647654 181837 484576 110833 375366 498519 482024 619168 478588 269279 353389 536271 144908 404671 568899 465671 69935 364233 625608 433798 397206 643005 30670 436475 538756 161842 115463 314808 385181 331198 292031 456528 568451 660170 343585 748715 553245 634746 448606
361573 319003 215862 52469 229642 482043 476331 228648 448689 368664 535733 210478 135165 415063 149186 497608 478313 645297 469372 508434 480944 426689 158875 551961 437221 440753 339844 576807 508355 328404 482067 434795 468728 589854 458414 342783 360952 97571 482117 160688 262259 471331 441824 219515 436927 458675 345096 449850 545056 145361 999999999 482171 352035 332368 472229 410177 181944 401537 319358 412777 243445 530799 207276 438992 241297 259403 371184 366676 517768 474032 246337 208380 533365 95952 368493 612259 462263 153865 228416 480395 576965 433518 549762 155699 493239 399190 19366 221105 457130 285120 194333 155858 575206 490424 706274 483110 619179 416273 505771 438311
498062 468488 468825 534446 709120 918162 699644 640309 757252 715245 1006353 692531 469639 385375 541594 740735 855085 163381 835112 595255 961924 809638 539045 841815 492387 918960 688625 1058969 971625 385128 20405 215187 495244 1056643 907415 711133 282782 572381 240665 635520 486635 767038 581390 435295 588994 937152 154601 905891 604215 614833 482171 999999999 703310 763463 492085 892160 554007 193919 493039 149299 396883 128396 536485 745611 720819 249984 120649 166978 634785 545433 460422 326655 578411 556212 715250 756092 838262 636030 394233 204211 1045003 628826 686563 611804 938721 105485 462922 633960 928082 532938 287947 326345 1056916 699039 832231 958311 138981 75724 39017 515733
263496 263596 566757 338746 290920 651262 804684 134017 746221 658998 605623 320165 258110 759885 476591 817228 722432 847656 132504 858521 498755 675854 489081 844761 339247 496301 635281 542485 350593 347735 712396 547499 370362 662816 266674 26390 450519 286298 791970 266574 612331 772023 260849 571504 783501 506869 549259 281623 895999 388793 352035 703310 999999999 146114 823794 430760 508384 701727 670226 574167 307680 795782 544291 96317 377010 560864 627776 652765 307410 825673 598011 381275 885057 266342 16529 949945 135056 323331 309160 593246 648017 773033 306601 418918 284278 598714 362167 504256 545546 178313 462757 441082 517936 211166 1042930 544800 837648 627586 738168 790229
387544 375490 528075 298847 179381 520837 728919 123213 653410 566786 461749 215406 293875 745325 419725 734696 609065 918298 174606 809145 353134 566265 432628 746295 470229 353613 546878 397791 222683 449755 769090 638440 503249 518390 146593 119762 542148 240773 809710 192102 569462 679849 401953 541321 728166 363139 609981 151970 848890 311354 332368 763463 146114 999999999 792113 286778 447422 724534 627726 651083 388542 838821 488099 227343 264213 579992 670860 682452 452884 783170 561322 437782 841951 236460 153886 879270 158613 241464 384448 686272 503629 708557 452560 341658 175686 663487 348344 421379 405173 286670 492621 461993 374960 356171 969572 401391 901839 689128 794641 750674
765289 720460 264079 494893 641135 628466 259066 699833 366088 378203 776762 606139 580627 107948 378200 301893 501965 602272 940783 106652 791328 476470 365819 412739 812668 735566 367035 898337 922591 678718 474620 633858 833956 807662 895640 815011 631753 552791 272486 601299 224950 361414 858755 253079 142468 752083 491957 879790 112518 495282 472229 492085 823794 792113 999999999 747312 357106 298789 169078 565416 622351 416001 314667 907794 591502 336000 403720 339181 932729 61816 230791 531579 87581 563788 840178 267497 932651 559813 608449 653115 801404 195918 975502 469451 931414 506933 461644 418331 713041 726049 423104 419749 914531 937915 340147 753650 557327 491564 478461 57781
639060 614463 508173 357781 193500 264018 594530 347057 486353 413592 175001 201124 465432 739966 390964 583879 393080 1055397 440447 725538 75348 365798 400410 556301 725790 68539 407251 167406 219250 669424 891471 826307 760211 232071 250240 404486 738934 326140 859504 268688 532200 511396 674004 535954 640025 76373 753584 222845 766583 285261 410177 892160 430760 286778 747312 999999999 400301 791729 581038 816212 590220 932137 440121 513765 174549 659124 779079 766398 732440 716711 538613 599407 768704 349488 440028 743484 420346 256427 580107 874114 217266 602335 736741 298800 275053 808202 429338 329427 124991 533305 604495 565847 172095 641894 822270 114726 1028488 826268 914720 693869
