NAME : synthetic_000153
TYPE : CTSP-D
DIMENSION : 100
GROUPS : 8
RELAXATION_LEVEL : 1
EDGE_WEIGHT_TYPE : EXPLICIT
EDGE_WEIGHT_FORMAT : FULL_MATRIX
EDGE_WEIGHT_SECTION
999999999 648377 536541 272340 445986 816858 258082 759008 262504 277928 417367 793460 777633 468505 683416 823510 497053 547778 703976 198039 693282 372448 474073 269218 701444 411731 430920 221164 512810 549711 255544 832128 529732 630388 434121 744619 238165 528773 572039 924147 388869 553762 864779 251868 416846 169993 286049 265723 599247 221545 413142 755094 692323 331576 479731 492008 258788 787786 712957 612624 920693 433348 724282 723657 328453 575180 612650 883555 488755 482274 246978 634326 704338 314925 301611 287167 196018 693734 370511 443143 335521 229434 508662 768583 348244 573192 700381 104018 229090 501908 427926 171301 414378 734104 575472 202778 660650 545421 334534 127554
648377 999999999 358726 624845 820560 186586 403402 110640 694670 822080 261702 189586 260856 181049 228615 488912 408697 500102 104105 476466 478535 945041 670285 653527 142594 497624 493645 474311 661614 725119 463838 542731 197309 31966 796027 380897 610455 317297 547705 287767 327516 336096 614264 448856 565543 769152 526483 384132 351313 553490 291701 718731 125855 535505 586365 211319 684253 179459 102040 310936 276265 548927 125051 708012 758402 190838 156082 675872 221704 366296 412328 315716 177082 626241 814965 741409 741833 347660 286511 315859 328381 858657 336639 348790 681152 716906 164889 566737 730126 678659 324726 494419 708415 238041 266239 628318 21091 125537 870448 600439
536541 358726 999999999 368472 510301 531715 305041 431761 443092 586960 203097 546174 295679 280124 561166 288816 63222 712320 462433 341938 178520 705059 802738 687007 496272 639565 646903 315609 314031 375160 281207 306934 168131 371089 485758 210411 636906 42727 189027 615374 457200 28348 355747 481485 243526 581201 591250 366764 620783 340946 170775 372894 479556 260191 744562 420706 703578 535540 460732 595090 589024 692573 483762 357130 484024 168673 210807 395847 429816 568072 316099 110801 265834 690558 565114 756143 529909 162339 257005 492656 386985 678307 36942 244121 747829 362773 514889 432583 717666 334776 489562 463205 393526 585676 98961 632012 351715 249649 620845 564703
272340 624845 368472 999999999 220586 811049 259588 727444 75140 218502 363616 805091 657919 457557 746160 625728 310170 727750 710832 202210 481563 337976 713119 525463 725955 604782 621044 180412 242276 277475 170778 618818 446425 619646 199943 572422 484361 381880 329473 911951 496794 394168 636382 410517 164361 230479 496463 336818 720524 90180 333957 491677 712176 108314 695379 551051 522721 796534 715397 717219 896159 642573 733607 459278 133979 480606 526941 642678 553500 618599 257920 479169 608447 559730 198902 557412 169538 528583 353746 554255 413804 323536 356024 611761 603628 300982 734385 200106 500866 229873 542036 334885 148645 789092 445274 457283 628928 500470 255387 374094
445986 820560 510301 220586 999999999 1006780 479212 916307 187530 223949 565594 1006526 804715 664719 960528 705903 447111 945370 913190 422508 560147 277918 913950 714431 932689 819170 836168 400838 233357 210986 388003 679837 629809 819698 24788 684467 679249 537454 387050 1102982 717375 538601 673145 626822 267039 321500 705075 557402 940930 310662 530594 461248 918046 286069 905211 767957 704665 997298 916330 936818 1082766 853703 936073 429436 117708 655583 702567 656370 771044 839037 478101 615784 773023 756298 183005 728944 262752 651411 565657 774787 634168 375436 511667 734044 793614 244180 943221 404166 668388 207201 762615 547315 116796 1001458 603596 646912 821591 695054 206119 566241
816858 186586 531715 811049 1006780 999999999 582486 102931 880283 1005502 447520 53758 342868 360104 217745 597453 586506 551879 113910 655980 623802 1128074 752324 780933 132625 592773 583269 656525 841599 904426 648302 657675 379727 192909 982202 501110 743569 492505 718278 107344 458005 506495 731360 595292 749713 947460 653014 551302 383547 738139 478268 873292 134064 722015 662061 337090 814740 48282 104002 339024 112516 636828 96393 866681 944741 364041 320986 797927 344034 449214 590537 467460 293624 743734 999733 870152 923646 482428 467411 425999 484409 1034286 514276 454436 793463 894025 148798 742376 868802 859848 439077 654048 894073 184300 434130 767834 185556 312033 1054871 753550
258082 403402 305041 259588 479212 582486 999999999 513132 315284 426286 159343 567697 520509 222983 490657 592350 284021 487526 474120 73498 478810 547523 522682 384030 481740 380090 392958 80619 417129 474796 93402 611714 271749 390284 457443 502416 334157 286816 403668 688182 241049 315865 656608 193161 297837 365799 301129 86645 462259 171725 157516 607949 469614 218449 481408 293415 398971 560363 480956 457703 679514 427089 496134 581415 388445 317465 354584 688810 295093 365366 11636 389218 446256 393521 425507 451121 342003 450273 117223 297140 155987 455745 271558 519624 449131 484861 486758 165257 413467 419831 285883 158535 389034 535886 324249 327163 412993 291389 478476 260715
759008 110640 431761 727444 916307 102931 513132 999999999 798708 928801 367052 134928 247408 291454 254459 499601 488185 569447 108692 585914 521022 1051964 755092 755480 152954 586467 580112 582531 743644 805958 570214 558864 286538 131458 891596 400487 714026 393598 617028 186770 428095 405927 632440 555518 655631 878624 627519 494560 407651 659383 393546 770362 142662 633843 667750 307505 787291 124071 95770 363600 168844 635241 111549 763818 860171 265833 221141 698288 316763 447786 522270 364612 191246 724714 920221 844092 849822 380024 395988 408229 436776 968716 416294 355909 778037 794514 177757 676983 835678 762648 419019 604086 802138 240052 333433 733817 100373 227741 976076 709143
262504 694670 443092 75140 187530 880283 315284 798708 999999999 144117 432971 872337 733057 523782 805764 695465 384086 762015 777996 249396 549950 262836 726610 528813 791010 633683 651055 234685 282445 303611 233643 685605 519713 688061 172966 645627 492383 457007 391306 982276 544065 469007 699012 443321 227893 175497 517969 384793 768972 144769 405311 537083 777726 182956 718105 608694 520907 864068 783118 769031 967542 666932 800648 504118 76204 554792 600924 700718 610218 662343 311568 553860 683160 569318 123965 548897 109868 602541 418010 602234 464259 261409 431131 685919 607972 331866 798216 217392 489518 264574 589131 361881 159609 850295 520394 460920 699585 571183 180514 379484
277928 822080 586960 218502 223949 1005502 426286 928801 144117 999999999 561777 993333 875453 645706 911995 837519 528194 821776 899367 353824 691231 123252 748744 539825 908026 687009 705848 349260 402518 407238 358587 825222 655699 812593 225603 789654 514195 599767 528149 1109588 632564 612649 834556 511552 368226 115132 562698 480663 854717 269778 538109 654685 895833 326773 757659 713858 522600 985714 905603 861006 1097388 710966 921624 621676 132105 692959 738385 831301 713696 741550 419885 697671 822777 589906 41021 536129 88964 746653 538387 690400 560708 151494 574071 830006 617039 439143 912746 286885 474720 380404 676075 426276 265908 959230 662337 476731 828750 701247 57300 405416
417367 261702 203097 363616 565594 447520 159343 367052 432971 561777 999999999 442299 363392 101860 404282 467740 216212 510271 348343 226774 379597 684971 603688 507271 367238 437558 444293 218016 436000 499723 203213 498327 113423 256167 541478 367194 457680 168670 363245 549379 254117 200885 554093 292846 325471 516428 399709 184717 430927 292358 40854 564192 352472 279625 542403 231856 528962 433481 352297 411272 535750 491027 371209 543868 497450 159908 195298 597944 239246 367313 170389 254679 287049 502283 553515 584623 483776 315255 59751 291505 186377 609537 166327 374718 560419 499154 378684 323080 555255 447917 287459 296495 457594 440451 182285 460427 267183 139506 609197 406218
793460 189586 546174 805091 1006526 53758 567697 134928 872337 993333 442299 999999999 382011 348687 166936 634501 597820 501935 94341 640988 650845 1115117 705136 742697 94072 548886 538474 644180 851183 914648 638971 693596 386891 186834 982158 534549 707120 505461 734607 141737 424238 522341 767118 564287 754409 930070 615488 529325 333208 728689 475965 897693 101231 720607 614431 305770 777130 11101 90196 289005 158227 591278 71768 889315 939069 377506 337715 832682 311483 404979 574969 491144 323896 703290 989714 831793 909701 511734 455466 387789 458500 1014538 525612 490774 751566 906100 104042 723807 833260 868230 401556 627480 895734 130843 450860 733111 194491 312995 1044128 723574
777633 260856 295679 657919 804715 342868 520509 247408 733057 875453 363392 382011 999999999 352927 482771 255079 358705 755302 338850 581416 307845 995894 909215 855485 385231 734455 733885 564593 595495 651194 538292 316159 250022 291809 780340 167596 807672 276134 446007 387765 549240 267815 389758 639346 538750 855564 736064 543073 611837 615440 364582 558246 370675 550938 830787 451351 881164 371286 329027 571787 350703 788074 350373 558374 778487 203502 173713 457261 462527 615371 531937 189349 90267 839923 856504 938113 810983 168518 418135 554405 518000 952111 302170 114375 897558 631949 410402 678832 914132 618948 559753 657603 688158 480013 213327 816069 240517 266016 912757 767981
468505 181049 280124 457557 664719 360104 222983 291454 523782 645706 101860 348687 352927 999999999 302482 509804 306987 440805 254377 296354 445804 768086 564414 503731 268642 391068 393702 296521 537038 600899 290298 549613 130749 167440 640839 401818 456775 239468 455537 465329 201833 269587 612176 288938 427314 588728 383141 207043 340755 380003 141647 651353 254645 379460 492740 140596 530739 340629 260055 316636 456710 445453 276944 633320 591444 168612 180864 662736 149870 294790 231587 298579 265279 487002 641153 588012 563545 353413 107346 222117 166112 677687 246009 394730 544688 599429 278502 385700 568607 549453 222679 320782 558325 338827 225610 468300 192245 87722 695796 429835
683416 228615 561166 746160 960528 217745 490657 254459 805764 911995 404282 166936 482771 302482 999999999 717518 600203 335032 147292 560011 700467 1029822 540206 594417 101545 390026 377909 571143 838979 902944 575386 771138 393137 203023 937243 609390 563521 518440 747096 304300 296143 543084 842325 438344 729746 834663 470525 432051 166275 661416 444061 931905 113566 678208 449144 198194 629987 169772 159326 122203 324933 429033 143534 917916 877933 403652 378404 903061 198457 247352 495151 537953 404163 550371 914734 682499 824606 574675 394964 247871 353139 911255 532244 576859 595252 900432 76792 629364 690502 851833 263016 512412 857822 52222 479493 593488 246431 311709 966187 596601
823510 488912 288816 625728 705903 597453 592350 499601 695465 837519 467740 634501 255079 509804 717518 999999999 327814 947946 581279 630522 147307 946239 1068600 970478 626200 898123 902208 603416 473563 512619 568038 62463 379389 515803 684172 110310 920416 306580 319292 640184 709160 276562 135148 759398 469507 851851 867296 647084 824896 618260 445969 343495 610379 521578 1001349 639313 988977 623590 573198 789545 601431 952409 595895 354369 717578 343098 348772 203502 650132 802245 603622 213968 315567 969310 808694 1042571 794598 156397 527056 731503 652598 947592 320849 143799 1027282 484757 650494 719512 1005717 499754 732482 749408 598630 722677 287993 918030 471392 440013 860868 852809
497053 408697 63222 310170 447111 586506 284021 488185 384086 528194 216212 597820 358705 306987 600203 327814 999999999 724131 511137 308621 197966 644982 797990 667869 542188 640972 650057 279271 255464 317943 242662 335565 212482 417912 422555 262802 618092 94832 148553 673268 465749 91491 374238 470914 180305 528501 580883 356014 645668 291192 177559 348054 525709 202076 745759 445406 681547 587412 510528 623460 648201 692582 533063 327784 422276 222570 267269 404810 453567 582746 294145 172054 327840 676673 504999 732048 474723 218463 261311 506885 388994 625252 72300 301872 732822 308281 559298 393312 689881 274941 501951 441842 330327 628375 159099 609390 403676 292328 560372 537555
547778 500102 712320 727750 945370 551879 487526 569447 762015 821776 510271 501935 755302 440805 335032 947946 724131 999999999 462775 527337 884765 920049 215221 344501 424929 136684 117185 554403 903798 962249 578925 989989 571159 468137 926527 838425 338146 674765 866804 637974 258884 706288 1052974 318766 784373 717739 263268 401081 168802 638441 546944 1071219 430420 705741 126380 309310 379738 504365 476195 212961 659953 134710 467708 1048732 837967 604870 603530 1102666 298305 146048 484063 739035 666063 286930 839313 418137 734716 792097 463169 219997 340910 766205 675961 823337 310214 971386 404480 546567 449501 907286 222839 401046 869851 377564 666404 377922 521193 508678 879046 425174
703976 104105 462433 710832 913190 113910 474120 108692 777996 899367 348343 94341 338850 254377 147292 581279 511137 462775 999999999 547516 580547 1021322 653631 669970 46583 488657 480731 550142 762460 826215 544644 637498 298817 94502 888892 475880 631528 420736 651458 221027 345197 440101 710059 481539 663155 837520 541784 438771 299363 634377 382625 822447 34084 627156 564930 223778 703304 86349 13434 255132 223945 535329 22885 812010 844811 294896 259514 773293 231137 346935 481612 418173 265714 634707 895472 759157 816077 446501 361272 316195 370707 923039 439391 438447 685873 818956 71931 631644 756189 778737 328607 540324 803057 141711 370336 654956 115134 221916 949967 639659
198039 476466 341938 202210 422508 655980 73498 585914 249396 353824 226774 640988 581416 296354 560011 630522 308621 527337 547516 999999999 506587 474510 534073 371343 554492 408789 423949 33118 392721 445258 70020 643594 336112 463720 402149 547901 323537 331499 407465 761628 295711 357488 682152 214013 277105 292721 311403 135769 520330 112052 217106 606075 542589 189482 504570 361949 379829 633723 554420 519641 752677 450638 569477 577304 324442 380434 420182 707962 362682 416536 66146 436790 511155 391656 354746 427168 268793 496625 189977 353630 214869 383751 312306 570666 443394 459846 558927 97465 382131 390989 340933 150869 342601 606286 377468 307914 485651 362534 406799 231172
693282 478535 178520 481563 560147 623802 478810 521022 549950 691231 379597 650845 307845 445804 700467 147307 197966 884765 580547 506587 999999999 799083 981178 862587 621128 817070 823873 477073 329214 372727 440217 139404 319389 499187 538042 145421 812583 211173 173100 687389 632751 179116 177983 659531 323008 709725 769435 544575 781738 481016 349069 251828 604387 379788 921970 584835 877639 639755 575443 751873 653311 870350 599074 250539 570387 298073 323097 218477 594755 739305 489413 162941 330499 868082 661846 928934 650974 143089 435065 664790 564919 804623 215245 202603 925073 347172 643096 589997 887615 355252 662893 637315 451653 716145 224721 805648 465436 395422 713743 735083
372448 945041 705059 337976 277918 1128074 547523 1051964 262836 123252 684971 1115117 995894 768086 1029822 946239 644982 920049 1021322 474510 799083 999999999 826473 616107 1028992 783731 803033 471570 492801 484538 481763 929692 778690 935185 289765 904374 597941 719829 631134 1232425 745645 731338 933206 618413 477683 203052 657487 597778 965001 393029 661324 735969 1017079 445411 845738 832046 593565 1107642 1027768 973821 1220504 802336 1043475 703551 228718 815546 861154 923894 831365 849882 540655 815854 944948 670445 139987 596548 205893 862985 660740 802843 677178 172235 693925 946668 689523 517701 1033063 401076 536648 468361 788168 533686 355640 1077810 783171 558462 951870 824455 85432 496147
474073 670285 802738 713119 913950 752324 522682 755092 726610 748744 603688 705136 909215 564414 540206 1068600 797990 215221 653631 534073 981178 826473 999999999 210423 621159 174760 176700 566412 926709 977722 599702 1101860 691404 639111 899315 963408 236011 771774 926095 844458 362642 803949 1157294 329599 810812 635195 223110 442722 377352 632242 632126 1130630 623751 723551 91279 460982 234625 706228 666943 419061 863127 121582 662340 1103949 798092 732593 743081 1198241 450076 307327 514931 854660 819029 159171 775136 249157 669957 913131 546417 356128 417313 658543 765939 959126 140022 993622 603527 513829 299388 924060 349679 383998 861718 586337 780607 272105 690846 646356 803777 348580
269218 653527 687007 525463 714431 780933 384030 755480 528813 539825 507271 742697 855485 503731 594417 970478 667869 344501 669970 371343 862587 616107 210423 999999999 649824 219386 237425 404371 753811 799160 441185 993856 613163 626257 701583 873722 50115 664114 778392 884008 327389 694897 1040495 216532 643982 425629 128265 323784 458732 453028 524761 977219 646880 554849 240672 448625 36448 740610 682067 489059 893090 210462 684810 948106 597208 658977 681912 1072450 440060 349394 373738 760383 768899 58906 567641 89220 463427 821504 447662 355126 337725 448923 652081 881466 79190 818657 639110 326363 105089 747528 341857 226182 673153 646105 689296 68261 671636 591447 594286 151370
701444 142594 496272 725955 932689 132625 481740 152954 791010 908026 367238 94072 385231 268642 101545 626200 542188 424929 46583 554492 621128 1028992 621159 649824 999999999 460214 450924 559844 790537 854510 557405 681831 329934 125234 908645 520024 613598 454021 685041 234263 330178 475159 754103 470308 687857 841118 522283 438560 258908 646527 403793 860420 16844 646840 531397 211982 684012 90911 57932 214263 245058 504737 43183 848949 859717 330824 298500 816752 217486 316801 488347 458305 310794 611600 906198 738998 823187 489153 373006 294704 366024 924082 471247 483766 660956 848672 25360 634506 739541 805811 308211 534440 824561 96560 406958 639220 156744 250142 959885 629671
411731 497624 639565 604782 819170 592773 380090 586467 633683 687009 437558 548886 734455 391068 390026 898123 640972 136684 488657 408789 817070 783731 174760 219386 460214 999999999 19623 438354 796031 851765 466839 933627 519465 466845 801356 791732 205120 606220 776395 690293 189393 638428 991374 194954 677204 581722 126588 294464 242031 517155 469065 981987 460753 594132 105027 287146 255755 548607 501723 276223 704983 54398 499565 957165 709092 559610 568766 1035250 276387 143911 374546 684562 644270 166563 705806 301677 600642 742083 382719 182124 252832 629571 602623 785678 205824 863756 445198 416633 323636 796984 175046 271913 750100 439976 610456 243966 517955 471945 744200 288501
430920 493645 646903 621044 836168 583269 392958 580112 651055 705848 444293 538474 733885 393702 377909 902208 650057 117185 480731 423949 823873 803033 176700 237425 450924 19623 999999999 453060 809577 865834 480815 938773 523038 462546 818145 795181 224404 612790 786902 679567 193095 644958 997401 210663 690541 600912 146097 306831 226569 533011 476813 992478 452107 608197 99145 284411 273698 538537 493902 262200 695218 55324 490902 968028 726602 562301 569856 1042236 273464 134146 387807 689033 643627 183501 724336 318513 619295 745964 390554 179779 261166 649142 609979 787730 220063 877323 435140 434244 341990 810986 174242 289175 765820 427257 614990 263397 514175 472955 763064 307992
221164 474311 315609 180412 400838 656525 80619 582531 234685 349260 218016 644180 564593 296521 571143 603416 279271 554403 550142 33118 477073 471570 566412 404371 559844 438354 453060 999999999 360738 414172 37641 614751 323144 463663 379648 523487 356639 307973 374710 761166 316725 332605 651859 244167 244470 298489 343527 157169 540125 91392 202761 572979 547254 157438 535344 374030 412501 636492 556345 537125 750402 481261 572445 544187 307916 366027 407593 676543 375689 439440 77705 413660 497536 424702 346387 459316 267526 472729 189176 373969 233392 392344 287523 548487 476512 428047 565722 117570 413342 359682 361931 183732 315885 616059 357269 340690 482169 356552 400144 263222
512810 661614 314031 242276 233357 841599 417129 743644 282445 402518 436000 851183 595495 537038 838979 473563 255464 903798 762460 392721 329214 492801 926709 753811 790537 796031 809577 360738 999999999 64059 329545 446486 464312 668264 212906 460521 709079 350184 157109 928611 650435 341525 442102 603801 119428 457941 704120 503750 858182 300978 395524 254822 774444 203306 895155 664551 755376 840960 762779 843501 902951 840903 784792 221797 270955 477938 522707 431235 670624 775022 421805 407301 578688 781094 366021 794130 392212 433280 459475 701915 565122 540696 327449 513170 829763 67749 805776 429299 739498 26220 693115 542877 137801 872039 412881 686686 657826 540982 410238 604092
549711 725119 375160 277475 210986 904426 474796 805958 303611 407238 499723 914648 651194 600899 902944 512619 317943 962249 826215 445258 372727 484538 977722 799160 854510 851765 865834 414172 64059 999999999 385019 479478 527858 732081 195339 509947 755840 412361 206492 990417 710611 402228 465938 658261 179426 476651 756063 561390 920370 346956 459327 251440 838396 257647 949515 727642 798552 904382 826419 906356 964117 895417 848507 219137 275814 540508 584860 445886 733559 835415 478782 464529 638371 829290 368147 834655 410819 486422 522018 762875 625035 552524 390150 564186 876228 33268 869811 472930 778339 54965 753729 593829 145310 936096 474121 731400 721049 604859 405942 648300
255544 463838 281207 170778 388003 648302 93402 570214 233643 358587 203213 638971 538292 290298 575386 568038 242662 578925 544644 70020 440217 481763 599702 441185 557405 466839 480815 37641 329545 385019 999999999 578228 301996 455589 365723 490280 393137 276108 337451 751555 334450 299400 614588 274303 211642 318868 376596 178186 555034 89858 181944 536616 544084 127395 565619 380560 449840 630828 550028 549166 738821 511359 567238 508139 303204 342998 386213 638932 383292 458719 95125 381780 474658 460207 351434 496902 281422 440042 184403 390394 249275 414570 254586 517179 512655 397182 564920 151526 450959 330180 379257 218865 295664 618534 328373 377934 470187 342712 406668 300819
832128 542731 306934 618818 679837 657675 611714 558864 685605 825222 498327 693596 316159 549613 771138 62463 335565 989989 637498 643594 139404 929692 1101860 993856 681831 933627 938773 614751 446486 479478 578228 999999999 418938 568504 659179 161894 943745 331731 298564 702218 745831 300041 73690 786395 457766 847926 895522 672423 872604 620412 472639 290653 665769 518543 1037733 683014 1010476 682627 629898 838595 663642 987643 652855 304922 701277 386520 397486 141344 693617 843963 622650 251038 372291 996117 794298 1062805 788356 199985 556534 771706 684606 942285 341856 203243 1053694 449806 705789 728625 1023181 472637 771700 770058 577181 778391 324418 938834 525963 485036 844733 870324
529732 197309 168131 446425 629809 379727 271749 286538 519713 655699 113423 386891 250022 130749 393137 379389 212482 571159 298817 336112 319389 778690 691404 613163 329934 519465 523038 323144 464312 527858 301996 418938 999999999 205433 605086 272267 564249 125420 355712 473282 330168 150469 482201 396813 370041 620409 499456 294717 462367 386967 120491 539394 313383 348700 622179 266239 636759 376715 298618 433226 453327 573838 320898 524817 577265 46742 84456 534328 276457 425112 283015 167908 175057 603306 643043 693118 582619 223019 168886 352860 280307 715247 141323 270187 661503 520145 347657 433364 666231 481425 353294 408397 515651 417855 95754 569720 194439 81518 699481 518567
630388 31966 371089 619646 819698 192909 390284 131458 688061 812593 256167 186834 291809 167440 203023 515803 417912 468137 94502 463720 499187 935185 639111 626257 125234 466845 462546 463663 668264 732081 455589 568504 205433 999999999 795325 406975 583918 328913 559940 297910 299385 349942 639419 424195 568671 755836 498762 365029 320053 545445 289168 735892 108480 533814 554833 181401 657484 177648 96643 280156 290662 517853 117185 723997 753550 205909 176178 700046 191544 334610 398647 336287 206638 597684 807009 714496 730907 371654 274624 285409 305386 843937 346571 377005 652159 725256 144990 551785 704750 684362 294696 473184 709020 217492 282168 602883 53057 127455 862048 577754
434121 796027 485758 199943 24788 982202 457443 891596 172966 225603 541478 982158 780340 640839 937243 684172 422555 926527 888892 402149 538042 289765 899315 701583 908645 801356 818145 379648 212906 195339 365723 659179 605086 795325 999999999 661129 665338 512738 365020 1078283 696358 514046 654119 608306 242406 317094 688599 536540 919495 290121 506272 446649 893948 261875 888639 745190 692896 972902 891964 914810 1058009 836779 911774 414459 108589 630796 677779 639065 748418 818502 456633 591501 748302 742248 184657 718788 256041 627603 542299 753584 612764 376659 486934 710379 780762 228599 919334 387723 658601 186934 741574 529741 92237 977901 578887 633783 796974 670537 213971 552450
744619 380897 210411 572422 684467 501110 502416 400487 645627 789654 367194 534549 167596 401818 609390 110310 262802 838425 475880 547901 145421 904374 963408 873722 520024 791732 795181 523487 460521 509947 490280 161894 272267 406975 661129 999999999 823885 216637 304159 554208 602419 190928 234181 660038 428887 790518 766410 550016 714607 551055 349834 391963 503923 464669 894304 529498 894030 523509 468507 679409 517904 846105 491595 393981 678229 233988 238476 298337 540369 692918 513947 113653 211407 869363 764709 948741 737497 52339 426936 622847 549382 887476 235965 57248 927534 486768 543924 640988 914994 485751 624286 656540 570956 616582 184990 824078 364069 330063 819201 762779
238165 610455 636906 484361 679249 743569 334157 714026 492383 514195 457680 707120 807672 456775 563521 920416 618092 338146 631528 323537 812583 597941 236011 50115 613598 205120 224404 356639 709079 755840 393137 943745 564249 583918 665338 823885 999999999 614024 729935 847809 286837 644789 990509 168326 597836 401866 93037 273882 436298 409006 474766 929612 609759 508810 248332 408625 74155 704509 643326 463361 855268 208941 647214 900772 562821 610226 633994 1022764 400602 322704 323948 710494 721616 77136 539565 131542 434155 771646 398148 319610 290670 435253 601966 832090 120700 774491 604196 284338 126986 703617 305596 176712 632715 615586 639575 40374 628124 544474 569884 113021
528773 317297 42727 381880 537454 492505 286816 393598 457007 599767 168670 505461 276134 239468 518440 306580 94832 674765 420736 331499 211173 719829 771774 664114 454021 606220 612790 307973 350184 412361 276108 331731 125420 328913 512738 216637 614024 999999999 231029 578460 421604 32220 385581 454772 270691 585855 563792 341265 579704 344533 140909 415225 437335 274822 711035 380014 682398 494911 419337 553361 553424 659690 442238 399779 503163 128515 172537 429644 389333 529860 298247 105726 235571 664615 580375 736089 537847 165132 225434 454812 354692 682968 26240 241113 722328 401543 472437 425531 700192 369770 452373 442990 420818 543079 66173 611503 310986 206937 636623 547526
572039 547705 189027 329473 387050 718278 403668 617028 391306 528149 363245 734607 446007 455537 747096 319292 148553 866804 651458 407465 173100 631134 926095 778392 685041 776395 786902 374710 157109 206492 337451 298564 355712 559940 365020 304159 729935 231029 999999999 797666 607922 212289 307732 596511 165126 559867 704766 484380 793725 350844 323519 205595 668362 241281 880248 593663 787211 723898 649680 771961 768755 826336 672753 181928 402815 357271 397655 314346 601667 727514 411972 262219 439959 794699 496254 833381 497525 280094 404051 651790 527791 651459 214956 357836 848584 185943 703287 473892 785127 182862 645987 554055 279693 773514 284272 715372 540311 436931 546224 637392
924147 287767 615374 911951 1102982 107344 688182 186770 982276 1109588 549379 141737 387765 465329 304300 640184 673268 637974 221027 761628 687389 1232425 844458 884008 234263 690293 679567 761166 928611 990417 751555 702218 473282 297910 1078283 554208 847809 578460 797666 999999999 563408 588766 775327 701772 842286 1053605 756542 658543 469414 841244 578119 939138 238484 819971 753436 443201 918263 143401 211345 426122 42589 731952 202379 935551 1045181 451665 406056 843559 449745 546389 696468 539337 360180 844993 1102733 973156 1028594 544302 572378 528923 591690 1141002 601781 502134 893277 977837 245779 848961 973592 948120 542474 761323 988905 260656 516477 873007 283074 411492 1158197 860355
388869 327516 457200 496794 717375 458005 241049 428095 544065 632564 254117 424238 549240 201833 296143 709160 465749 258884 345197 295711 632751 745645 362642 327389 330178 189393 193095 316725 650435 710611 334450 745831 330168 299385 696358 602419 286837 421604 607922 563408 999999999 453637 805103 142558 531429 545969 199490 160071 224918 406843 289199 812408 324926 457728 292213 121800 359511 420752 356785 228460 569131 243790 361636 789850 619687 370269 380811 851228 114063 124928 240375 495940 459536 298822 640924 416106 543728 552971 204493 58281 85786 617877 420443 596559 354314 717576 323568 345728 410992 655852 45249 217579 630060 347696 421906 309837 346347 284403 688689 301823
553762 336096 28348 394168 538601 506495 315865 405927 469007 612649 200885 522341 267815 269587 543084 276562 91491 706288 440101 357488 179116 731338 803949 694897 475159 638428 644958 332605 341525 402228 299400 300041 150469 349942 514046 190928 644789 32220 212289 588766 453637 999999999 353378 486355 271763 604112 595541 372530 609051 363176 172729 388984 458374 286058 743233 409897 712711 511620 437894 581833 561906 691908 461105 375015 511243 145295 185563 397591 419396 561181 327184 85444 237749 696106 591468 766078 553999 140838 257573 486298 386901 701273 45181 220592 753740 389077 494432 450076 729315 362564 484064 472897 421818 565853 72496 641592 328143 231470 647355 576477
864779 614264 355747 636382 673145 731360 656608 632440 699012 834556 554093 767118 389758 612176 842325 135148 374238 1052974 710059 682152 177983 933206 1157294 1040495 754103 991374 997401 651859 442102 465938 614588 73690 482201 639419 654119 234181 990509 385581 307732 775327 805103 353378 999999999 837190 472398 866845 946994 722338 939968 647975 525438 249008 737940 541879 1095998 747905 1055261 756138 702663 906915 736499 1045032 725711 269617 706802 452622 466686 68851 758319 906966 667134 315044 445276 1045969 801334 1106194 805052 268604 610878 833711 740270 959074 392123 276925 1103017 434266 777887 762484 1063966 467611 832931 815055 577751 850647 386641 983200 597882 551566 849283 911776
251868 448856 481485 410517 626822 595292 193161 555518 443321 511552 292846 564287 639346 288938 438344 759398 470914 318766 481539 214013 659531 618413 329599 216532 470308 194954 210663 244167 603801 658261 274303 786395 396813 424195 608306 660038 168326 454772 596511 701772 142558 486355 837190 999999999 485814 415927 110072 115142 347708 322352 313963 801071 463884 400954 291385 258712 241990 560200 492361 360968 704880 237194 499401 774568 519349 442500 465673 874211 252821 231545 185742 547298 553417 209948 525374 299166 422955 608056 233101 192903 123177 481156 445375 665769 267886 671381 465071 229227 281676 603664 177551 85276 555214 490071 475117 180243 465483 376538 568690 159590
416846 565543 243526 164361 267039 749713 297837 655631 227893 368226 325471 754409 538750 427314 729746 469507 180305 784373 663155 277105 323008 477683 810812 643982 687857 677204 690541 244470 119428 179426 211642 457766 370041 568671 242406 428887 597836 270691 165126 842286 531429 271763 472398 485814 999999999 394745 587809 384423 741285 196508 286064 338586 672239 89148 776955 550006 648136 744608 664741 728087 820025 722650 685853 307630 249859 391641 438303 478581 555561 656153 302738 350702 506217 668070 339321 690041 332661 390846 343572 583461 445978 486719 245108 474534 718415 187086 701428 324739 637998 125112 574385 427946 150264 765315 336755 577935 564243 441511 392254 496524
169993 769152 581201 230479 321500 947460 365799 878624 175497 115132 516428 930070 855564 588728 834663 851851 528501 717739 837520 292721 709725 203052 635195 425629 841118 581722 600912 298489 457941 476651 318868 847926 620409 755836 317094 790518 401866 585855 559867 1053605 545969 604112 866845 415927 394745 999999999 455909 404010 763165 241322 499971 712549 830255 330328 647552 638302 407674 923302 845046 773367 1045310 602402 859055 679597 209942 661862 704787 872416 636714 647472 357197 689300 793526 476789 148034 421199 65950 743536 482695 602501 481619 97165 561703 824694 502391 505985 843176 206672 359776 439785 587628 331630 331384 883818 643447 363646 778337 654325 168657 295731
286049 526483 591250 496463 705075 653014 301129 627519 517969 562698 399709 615488 736064 383141 470525 867296 580883 263268 541784 311403 769435 657487 223110 128265 522283 126588 146097 343527 704120 756063 376596 895522 499456 498762 688599 766410 93037 563792 704766 756542 199490 595541 946994 110072 587809 455909 999999999 225213 345362 412537 422884 908640 519003 500846 200144 320432 161750 613153 553844 371025 765063 149596 556805 881570 592223 544100 563374 984281 311808 230390 292863 654360 648102 104051 583061 217388 477398 714719 340245 227699 219449 503122 555009 769539 162125 771229 512217 300941 219987 702081 214083 162671 644327 522572 581453 126016 544924 470422 619724 161915
265723 384132 366764 336818 557402 551302 86645 494560 384793 480663 184717 529325 543073 207043 432051 647084 356014 401081 438771 135769 544575 597778 442722 323784 438560 294464 306831 157169 503750 561390 178186 672423 294717 365029 536540 550016 273882 341265 484380 658543 160071 372530 722338 115142 384423 404010 225213 999999999 384562 246799 201131 689644 428546 304667 396857 234582 344425 523255 447497 384511 655052 342668 459419 663993 460112 341363 370367 759069 233602 282275 83089 436613 461112 323831 485747 399921 392787 497767 126048 217878 80324 485522 330882 559403 381280 571474 439543 197681 371519 506427 205318 115237 472271 480382 365908 275727 397476 290039 535620 225617
599247 351313 620783 720524 940930 383547 462259 407651 768972 854717 430927 333208 611837 340755 166275 824896 645668 168802 299363 520330 781738 965001 377352 458732 258908 242031 226569 540125 858182 920370 555034 872604 462367 320053 919495 714607 436298 579704 793725 469414 224918 609051 939968 347708 741285 763165 345362 384562 999999999 630891 471336 991859 266003 674151 286080 200486 495150 335830 312635 44725 491164 272531 302042 973169 844541 487506 476132 995226 192101 117862 462869 625665 525468 408281 864652 543256 765753 672619 398876 166750 306762 828035 586738 691728 446551 923878 237276 568082 560781 866389 179981 431537 850146 209488 557341 471351 372045 388525 911297 493181
221545 553490 340946 90180 310662 738139 171725 659383 144769 269778 292358 728689 615440 380003 661416 618260 291192 638441 634377 112052 481016 393029 632242 453028 646527 517155 533011 91392 300978 346956 89858 620412 386967 545445 290121 551055 409006 344533 350844 841244 406843 363176 647975 322352 196508 241322 412537 246799 630891 999999999 268478 535068 633393 110032 609875 464858 454501 720597 639840 628442 828108 556550 656941 504124 216778 425818 470414 663581 466753 528429 169082 448187 556844 482366 261597 494511 196356 503178 273645 464447 324351 338445 320442 583744 529532 365650 653508 128870 441666 294635 452092 249933 233002 705640 402686 385738 559527 431695 316959 303122
413142 291701 170775 333957 530594 478268 157516 393546 405311 538109 40854 475965 364582 141647 444061 445969 177559 546944 382625 217106 349069 661324 632126 524761 403793 469065 476813 202761 395524 459327 181944 472639 120491 289168 506272 349834 474766 140909 323519 578119 289199 172729 525438 313963 286064 499971 422884 201131 471336 268478 999999999 525543 388645 244647 574089 272601 544317 466811 385773 452062 562330 521901 405506 504623 467064 163531 204938 566613 279869 405187 169123 236199 294831 523875 527472 598908 463160 297500 86346 329327 216312 594758 133885 363272 581679 458432 416223 314570 565966 407809 324498 307013 420908 479279 167838 474243 295048 166662 583621 414591
755094 718731 372894 491677 461248 873292 607949 770362 537083 654685 564192 897693 558246 651353 931905 343495 348054 1071219 822447 606075 251828 735969 1130630 977219 860420 981987 992478 572979 254822 251440 536616 290653 539394 735892 446649 391963 929612 415225 205595 939138 812408 388984 249008 801071 338586 712549 908640 689644 991859 535068 525543 999999999 843576 426284 1085791 791377 983746 886660 818590 967504 905132 1031843 842187 33075 522580 530068 562943 208715 799982 930672 615836 406583 581096 996455 616758 1027375 646921 394887 608066 854824 733062 795290 405504 448583 1049270 218271 880882 662904 976239 274852 849607 755156 388836 953102 453767 912612 707781 620434 656811 832560
692323 125855 479556 712176 918046 134064 469614 142662 777726 895833 352472 101231 370675 254645 113566 610379 525709 430420 34084 542589 604387 1017079 623751 646880 16844 460753 452107 547254 774444 838396 544084 665769 313383 108480 893948 503923 609759 437335 668362 238484 324926 458374 737940 463884 672239 830255 519003 428546 266003 633393 388645 843576 999999999 632094 534505 205175 680743 96380 46919 221617 246416 506338 38813 832115 846022 313994 281698 800425 211382 318005 476456 441544 295143 609857 893489 736098 811371 472690 359758 291941 357273 913970 454677 468176 660014 832380 40136 623765 735270 789858 305023 526272 809519 112755 390120 634558 140312 233815 947387 622938
331576 535505 260191 108314 286069 722015 218449 633843 182956 326773 279625 720607 550938 379460 678208 521578 202076 705741 627156 189482 379788 445411 723551 554849 646840 594132 608197 157438 203306 257647 127395 518543 348700 533814 261875 464669 508810 274822 241281 819971 457728 286058 541879 400954 89148 330328 500846 304667 674151 110032 244647 426284 632094 999999999 692330 490069 559068 711455 630417 664698 801669 638146 650041 395818 230232 379387 426260 554883 494363 582584 221703 370928 504645 579423 305700 601383 273738 420376 284018 512118 371965 426066 248772 503477 629429 270630 657826 236651 549967 202856 501881 339969 179642 717504 339142 488794 537442 409988 361849 407480
479731 586365 744562 695379 905211 662061 481408 667750 718105 757659 542403 614431 830787 492740 449144 1001349 745759 126380 564930 504570 921970 845738 91279 240672 531397 105027 99145 535344 895155 949515 565619 1037733 622179 554833 888639 894304 248332 711035 880248 753436 292213 743233 1095998 291385 776955 647552 200144 396857 286080 609875 574089 1085791 534505 692330 999999999 379875 272862 615706 578298 327832 772530 54339 572944 1060607 792237 661311 668191 1140202 368770 220629 475181 788132 740529 181891 780135 303121 674240 845108 487744 276476 357856 683500 707621 886484 191605 962755 513284 501059 342528 894983 272173 360517 842564 495078 714075 288431 607159 571308 814172 352297
492008 211319 420706 551051 767957 337090 293415 307505 608694 713858 231856 305770 451351 140596 198194 639313 445406 309310 223778 361949 584835 832046 460982 448625 211982 287146 284411 374030 664551 727642 380560 683014 266239 181401 745190 529498 408625 380014 593663 443201 121800 409897 747905 258712 550006 638302 320432 234582 200486 464858 272601 791377 205175 490069 379875 999999999 481133 301513 235167 179525 447698 339400 240918 772745 681628 296679 294327 800558 11196 165167 297437 432904 361191 417293 716611 537548 626624 484008 206955 105021 157246 717486 386379 514207 471141 729073 208691 432240 532618 674541 113407 323256 669194 245822 361977 431245 231293 199488 767993 417824
