NAME : synthetic_000076
TYPE : CTSP-D
DIMENSION : 100
GROUPS : 8
RELAXATION_LEVEL : 1
EDGE_WEIGHT_TYPE : EXPLICIT
EDGE_WEIGHT_FORMAT : FULL_MATRIX
EDGE_WEIGHT_SECTION
999999999 928106 615357 610043 471892 409858 581095 562007 53799 497296 551943 507253 570677 1011449 642427 652126 237874 233508 603122 457319 401607 149057 333265 344247 399450 757530 620696 302512 238003 73201 94843 523643 857587 469374 631992 407124 320706 187630 809590 1008957 1001111 802193 469981 175261 383156 92447 832987 283916 926469 327882 596751 883377 967203 897625 367477 666513 267636 921915 592826 752672 432175 261770 411872 961716 376211 199340 811629 210272 709074 1036402 690536 150828 731149 902904 732707 302875 537466 535718 630358 289954 163243 97589 896652 523278 491291 856844 904165 550310 280848 98017 747600 854378 183749 600842 682691 361909 295563 733732 284103 389672
928106 999999999 345643 414036 588475 1144178 428008 397311 892703 509735 403269 782056 470701 761772 495290 362628 824322 1072741 458185 1130614 1138928 875656 1089802 585470 582428 202059 957283 937042 716029 974671 987233 1102630 837222 568753 298639 778662 842960 1002523 779008 789839 775036 436147 1048560 902011 1074033 914899 391293 1048765 156496 781079 583210 441584 577656 791930 725368 594082 787608 550907 793757 338671 498627 1005964 1087355 626864 677023 817809 240132 901838 227208 843784 258775 955866 223095 455597 560806 811638 1095839 577743 390320 642054 841030 963068 204210 1203464 1154328 870785 412904 880297 692997 902793 208376 719711 750011 388746 584512 1044838 909960 906040 645816 837004
615357 345643 999999999 97510 246559 798575 94717 244841 589255 347034 63603 451879 142570 616340 211463 77912 482068 734268 146420 785611 793368 597598 745115 298431 363688 149094 638182 591593 440731 672287 688260 761948 601912 401179 153710 592750 497318 664752 537153 633581 619879 277847 706162 631591 728395 586666 277056 705254 414123 435449 277858 344684 478261 583671 379907 319059 444186 433430 480724 172400 192260 662588 741912 503854 471347 551639 364198 641550 200715 682770 222881 675581 244436 366999 324051 466244 756587 250036 86223 326346 564831 634736 281987 859074 809971 628061 347095 554013 356100 611657 253429 510330 431711 54756 318116 699197 675483 618145 352498 493286
610043 414036 97510 999999999 179912 742544 29717 331775 591884 422838 104914 368793 57003 532289 114731 52811 443871 698888 49605 722347 738032 616047 695496 330224 421768 212177 549748 539144 467933 673284 691199 689214 505331 472060 250556 649258 442576 631502 440444 547128 533911 213972 636274 653032 670739 567482 230292 659939 501273 382624 182308 290956 410411 489917 323495 221670 403754 363860 389297 142682 225990 618148 681376 428582 526883 578200 460152 667768 296747 594625 320325 690346 340669 312764 231454 416217 682001 164144 24695 332885 585526 614286 302872 793377 744308 530953 303300 468752 333947 621873 348791 417458 428544 44674 221289 642598 712092 522164 374825 427290
471892 588475 246559 179912 999999999 562644 161035 403431 465768 453737 202219 213032 124243 563065 171893 232593 274393 527199 149467 543327 558165 513435 516674 285991 412584 386921 404941 360011 392319 541410 561432 515489 462408 485728 369632 616659 263244 462196 400793 567548 557170 333995 460294 553469 490831 413500 370759 482812 659027 204425 133169 414654 496405 475658 144593 206386 233658 450627 262133 310017 221594 441678 501718 494995 500839 491808 595241 575607 436146 604928 447264 578268 477479 433234 264961 238904 510032 67149 204602 241568 488485 457469 480689 615289 566158 477136 438797 316161 193222 505747 489285 415923 305485 199732 219859 462701 636424 418633 303577 248718
409858 1144178 798575 742544 562644 999999999 722306 860479 460536 837903 742008 426422 686646 920956 707205 795156 332694 186458 709098 73369 8254 558723 76994 640387 746997 945438 391912 207637 602180 451579 467229 177093 713146 829266 884330 812310 301440 222847 692873 905096 903057 858992 166991 584034 72672 335719 906600 128330 1191803 363149 623616 930776 955958 779752 420103 665431 363126 920334 480365 867130 676530 162807 72798 927831 759924 603092 1101283 618809 961326 911686 958434 547963 995960 943665 737146 332900 198659 594181 767228 555526 569092 312490 1041828 115609 98091 694859 963474 382386 469939 507713 1010733 769952 474113 758658 683481 99947 703365 542285 595260 320544
581095 428008 94717 29717 161035 722306 999999999 314783 562464 400958 84104 359144 47873 554463 129702 75041 418840 673807 58885 704337 717591 586337 673482 301352 395750 226126 543939 517606 438513 643988 661816 674749 517583 448578 242307 622411 421426 605951 452559 568176 555222 242480 620583 623350 650890 539793 259936 636846 507202 360736 184684 320126 437482 506135 302349 232391 379034 390748 386012 171616 197981 594795 662426 453961 500113 548674 458478 638194 295131 614696 315264 660639 338681 341840 250046 393721 668336 155829 49741 303186 555845 586813 327447 776277 727151 541762 332933 460630 306053 592220 348014 434716 399267 41066 234194 622398 683004 524622 345312 409721
562007 397311 244841 331775 403431 860479 314783 999999999 519041 119200 231103 612543 355406 860828 444321 322744 528355 745808 373668 868243 853667 486487 793031 225969 185765 296555 804824 659313 331732 597200 606861 873023 830977 179699 119899 389649 581309 676630 765997 877362 863833 520996 811887 509419 798913 571500 513737 744717 365917 523749 489730 582644 720718 820821 486021 545847 502136 676726 665265 408296 194862 703250 819429 748275 280910 425522 250358 506616 171434 925763 139218 565916 178064 604689 563204 543183 873434 440726 327943 306313 451972 617258 454070 945130 898175 853586 579240 714052 392552 519687 194362 748954 403120 287935 548709 768831 512752 818755 282001 605502
53799 892703 589255 591884 465768 460536 562464 519041 999999999 448875 526463 523763 556300 1016236 633396 631255 257020 286694 589198 505353 452301 99052 383660 307233 351173 728001 649988 339556 190189 83136 99471 567176 871571 418562 594947 354017 344787 237706 820936 1015516 1007015 790525 511642 130503 430327 131768 818433 333459 884637 342653 594678 871617 962130 907567 375092 666082 280748 916197 609508 733810 401515 308419 458825 959727 323155 145680 767446 165137 670949 1045332 650396 122001 690990 891750 729761 321897 579986 531458 610971 263156 109854 148307 871238 572980 539456 873047 890464 575266 272546 53899 707503 860729 163957 579050 681540 407664 250257 755902 246899 412830
497296 509735 347034 422838 453737 837903 400958 119200 448875 999999999 317991 649447 434739 955036 529201 423750 514419 703027 458461 855623 830513 398946 765840 203871 97846 415032 837984 647378 259300 520645 527070 874618 904620 60566 238620 271219 581854 636890 840327 969134 956152 624691 812582 415799 782497 524502 622496 715243 457688 530578 559884 690862 825140 902593 504631 623135 496121 779987 712815 516886 232217 676080 805772 848889 168776 334582 330569 407687 287654 1015427 251494 475397 286893 713115 650517 542987 877992 502988 423880 289907 365663 566516 572964 932189 887500 923907 690288 746421 388785 439199 302237 833170 364768 381818 628710 753057 403132 871780 242660 618394
551943 403269 63603 104914 202219 742008 84104 231103 526463 317991 999999999 413868 124955 637051 213788 116791 421532 672452 142860 732053 736564 537541 686569 240755 319656 211104 604098 534506 382521 609415 625620 713565 600168 367300 169703 548371 441646 602708 535156 651464 638367 313746 656318 572350 672653 523256 321794 645613 458658 379608 261735 386826 512759 590133 326219 314908 384408 466605 452224 221367 133679 602841 687295 532858 426067 493637 393789 583671 233929 698407 246480 614858 275414 409054 334009 409123 709421 220601 108837 263359 505242 571360 344947 806451 757478 623443 393950 516984 293464 549964 287072 518817 368247 66573 317610 643152 621284 598119 292451 442742
507253 782056 451879 368793 213032 426422 359144 612543 523763 649447 413868 999999999 313203 523928 299184 419467 269380 461734 323926 385440 424504 600533 405752 459204 592028 580738 192467 265524 524952 580191 601926 330185 350858 672381 582408 766982 193607 414757 306837 515541 509942 438025 285627 640560 355362 422624 488199 390960 865940 181132 209234 506360 531992 396786 162438 240075 243146 494799 85770 466547 422576 359763 355489 508100 663237 601080 807602 670079 647194 536317 659891 645727 689194 518295 311043 204495 319729 204649 391976 388252 585478 451932 644121 447059 399834 349718 540338 103182 296362 574605 700473 365639 398019 400156 257906 333995 745383 239895 454239 129424
570677 470701 142570 57003 124243 686646 47873 355406 556300 434739 124955 313203 999999999 525511 96310 109678 393201 647819 33094 665612 682246 588104 640812 315476 420644 268698 496608 484207 446781 636279 654967 632279 475571 479197 288944 643720 387466 581328 410599 537101 524659 235628 579271 626321 614673 522668 262421 606293 554171 328223 137929 316197 421851 468250 268639 190570 352710 374833 338198 188624 218604 564828 624931 432888 522124 555045 506297 643511 342986 581839 362665 659858 386503 336931 217457 362310 625183 108913 81484 303979 559093 568668 356573 736464 687407 498519 334177 414040 291024 589677 395886 398431 392344 88447 194500 586722 693374 477243 353128 370533
1011449 761772 616340 532289 563065 920956 554463 860828 1016236 955036 637051 523928 525511 999999999 429204 538715 779590 984758 498319 862659 921265 1073984 917787 835280 946120 631843 541237 788407 954261 1084248 1105512 773643 220716 1002924 762934 1167189 715298 938550 228104 33581 23197 350983 757061 1114386 856772 935222 380198 910494 908192 688124 429962 321152 187832 144719 643986 356766 745190 211020 448921 470712 743770 882159 848353 135231 1046459 1054847 926485 1137851 780391 84207 816121 1134201 820745 306184 308661 718627 754373 496235 533222 803805 1050517 969788 557743 901688 863949 251490 348999 539242 749261 1061135 821807 158708 863624 574342 344374 841619 1199410 395848 863251 653335
642427 495290 211463 114731 171893 707205 129702 444321 633396 529201 213788 299184 96310 429204 999999999 146700 443645 692807 71009 676633 703787 673020 670298 409780 516951 300704 463036 514524 537417 710895 730492 629088 390633 574865 365032 739510 419028 629957 325784 441051 428505 162502 581874 712092 634534 585378 202845 641588 599947 365894 90602 242836 332084 376502 306559 108420 403102 285312 299030 167607 314796 602166 640631 339029 618123 643841 569885 731138 407390 486366 433329 741995 451322 261347 121506 401259 618913 116727 126806 390838 645440 629127 345007 742756 694519 416612 268118 390528 361984 670451 458241 305043 470566 159370 106663 608647 784419 416999 444147 386714
652126 362628 77912 52811 232593 795156 75041 322744 631255 423750 116791 419467 109678 538715 146700 999999999 493879 748847 95930 775157 790601 649482 747560 356196 434696 161474 597728 591372 497029 713441 730726 741498 532603 476778 227057 663835 494913 680954 468390 556377 542579 201059 688852 685326 723416 613509 205184 711458 455689 434680 226016 271043 401460 510188 375793 254839 454051 356242 435796 105337 249360 669504 734159 426079 541737 608049 423543 698034 261786 605981 290050 725466 305581 293345 250758 468014 734048 215137 28194 369379 617931 660759 252413 846137 797076 560388 277174 518402 379719 658572 311942 436274 469205 53042 251218 695210 737620 562671 405421 480097
237874 824322 482068 443871 274393 332694 418840 528355 257020 514419 421532 269380 393201 779590 443645 493879 999999999 255026 421931 341965 326127 341663 268953 312220 429749 631132 397536 133010 308273 310854 332581 364603 619836 514322 553741 547255 90307 188179 572791 775260 768083 606053 302826 380186 270802 155719 644817 224930 861777 91553 381306 685712 751747 661483 141241 445748 40736 708368 354983 581769 344319 182093 292430 740199 465882 355375 768732 412106 631520 800701 626754 378785 664824 703178 515923 65210 370855 328324 467604 225986 332701 191892 746261 418818 373334 619013 711745 319097 137402 309502 679889 621401 167427 449877 463073 240819 492623 498890 274460 156381
233508 1072741 734268 698888 527199 186458 673807 745808 286694 703027 672452 461734 647819 984758 692807 748847 255026 999999999 675943 247585 178417 381715 116671 519865 607196 883261 501405 196376 451210 266916 281612 336093 796165 684807 791338 640608 279423 70423 762317 974594 969884 854060 297699 403362 185201 178724 895397 85357 1097786 327100 622306 932155 984629 852504 386258 679513 295215 943746 536693 836196 580038 102910 212294 966123 602283 432243 994565 437624 870036 990727 859849 363480 899479 948393 751909 291728 354692 576168 722628 442520 396540 141233 1001250 302043 279206 785439 960251 459064 379804 329196 915284 827012 343050 704258 697573 177400 521065 641178 466162 333272
603122 458185 146420 49605 149467 709098 58885 373668 589198 458461 142860 323926 33094 498319 71009 95930 421931 675943 999999999 685475 704943 621155 665420 346775 448847 257391 502047 508647 479252 669019 687783 647984 459169 504804 298345 673399 411841 610101 394163 511098 498350 202540 596543 659326 636801 553885 229865 632217 549848 353784 132767 283109 389908 447284 293821 174287 381286 342901 340722 160562 247849 591142 645980 402360 551491 587783 509708 676367 346268 556971 369272 692951 390172 303838 192057 388362 639941 120388 69442 337000 592073 599579 332737 755140 706225 483857 301361 422488 323060 622748 398380 376035 425252 92176 175467 609323 725658 472564 385582 390760
457319 1130614 785611 722347 543327 73369 704337 868243 505353 855623 732053 385440 665612 862659 676633 775157 341965 247585 685475 999999999 78706 604379 131026 654149 768265 929818 326934 209287 631368 505733 522816 104290 651150 852022 882159 851781 292036 270454 634782 845358 844046 822895 106017 632579 76164 375751 872205 174617 1187473 353625 589922 891763 907770 719968 405997 625437 366121 874097 430019 840344 678993 197381 49997 876873 790704 643809 1103234 667585 957606 849455 957920 601112 994173 903396 695775 327928 126035 567353 746992 567951 611384 360038 1016928 76932 34152 631074 925750 328233 475725 555164 1008364 714689 496965 742376 643171 103535 752824 477822 613900 295080
401607 1138928 793368 738032 558165 8254 717591 853667 452301 830513 736564 424504 682246 921265 703787 790601 326127 178417 704943 78706 999999999 550476 68803 633273 739447 940419 393824 202070 594318 443382 459069 181651 714221 821630 878209 804127 296456 214617 693227 905673 903501 856136 168886 575781 69587 327592 903527 120226 1185782 358025 620604 928249 954646 780377 415295 663147 356968 918757 479640 863229 670140 155112 72959 926935 751976 594901 1094813 610557 955302 912747 952169 539755 989782 941291 734995 327445 203078 590435 762707 548531 560879 304244 1037678 123714 104867 696310 960778 382374 463445 499460 1004595 769790 466579 753768 681226 95623 695119 543956 587888 317074
149057 875656 597598 616047 513435 558723 586337 486487 99052 398946 537541 600533 588104 1073984 673020 649482 341663 381715 621155 604379 550476 999999999 481988 300635 305119 726568 738771 435519 160603 132616 132779 665496 942596 358651 577532 260859 431597 336098 888853 1075819 1066422 823635 609303 40615 529378 230334 846100 432128 850591 420671 645971 903786 1004958 973113 444187 718865 358951 958289 685591 754397 405359 407468 557870 1007523 251355 65361 727400 70443 649415 1108830 623687 80246 663647 924815 777960 404627 677921 580522 632441 284225 34651 246235 877134 671663 638472 946830 919007 660417 324973 53169 680114 921608 210736 596449 733050 506614 153216 837146 245169 497814
333265 1089802 745115 695496 516674 76994 673482 793031 383660 765840 686569 405752 640812 917787 670298 747560 268953 116671 665420 131026 68803 481988 999999999 570678 673764 893363 407426 156778 526790 377064 393438 221684 717965 755371 822694 735324 253580 145955 691064 904479 901198 826700 190179 507809 73064 258887 872180 51783 1130728 312887 590886 901296 937607 780047 372177 639218 302981 899637 470190 825277 612914 90053 97554 913420 683962 526099 1036495 542660 900441 915575 895492 473126 933713 915556 711810 279865 241221 554815 720030 486954 492112 235773 997357 190349 163190 703290 932363 380276 406005 431213 948818 762950 401229 708140 657435 77247 627433 553813 523517 287035
344247 585470 298431 330224 285991 640387 301352 225969 307233 203871 240755 459204 315476 835280 409780 356196 312220 519865 346775 654149 633273 300635 570678 999999999 132866 426426 642693 445176 142305 389350 402515 670779 748396 214940 288005 332810 377999 450828 686631 843645 832152 543811 608755 333489 582141 345954 558915 521371 584541 327588 411584 621126 736539 759405 306102 482587 292382 689559 530092 461465 107077 480634 604514 748260 214964 253246 475502 343216 364829 884536 347195 379814 387729 642979 527228 339137 674133 347108 342833 86408 267217 392248 576578 730957 685530 762581 631766 551597 185047 320146 404095 696241 177215 303598 492618 552385 382085 691301 60390 416284
399450 582428 363688 421768 412584 746997 395750 185765 351173 97846 319656 592028 420644 946120 516951 434696 429749 607196 448847 768265 739447 305119 673764 132866 999999999 460770 775222 561831 161455 423890 431044 793387 873624 84809 292078 229221 503187 541947 810766 957050 944860 633396 731360 325247 694068 428486 639450 622706 546014 456393 531925 705733 831948 879836 438343 600343 415692 785540 662107 535865 202595 584482 718278 849704 107754 242121 422308 321039 355500 1000399 324965 383249 363696 728027 637701 464636 798189 469839 428435 212168 271170 469687 618845 844344 800757 889549 710445 684253 312920 343109 379900 813874 272892 386227 608536 665057 329493 823131 155314 545974
757530 202059 149094 212177 386921 945438 226126 296555 728001 415032 211104 580738 268698 631843 300704 161474 631132 883261 257391 929818 940419 726568 893363 426426 460770 999999999 758731 739075 566492 811103 825927 900587 667626 474997 176657 681936 643999 813651 605748 655291 640655 282318 846698 757806 874678 733525 253489 854037 300830 582425 385595 319390 464303 633145 525619 404892 593108 426538 596144 165180 326488 811421 887199 503564 566233 675176 294870 763724 156742 708132 197442 806109 192228 339351 383501 613951 893787 376177 188763 467588 692702 781715 158576 1002185 953050 698604 305023 679874 504567 745913 191138 558749 574846 187441 397790 845767 787284 716933 484599 635619
620696 957283 638182 549748 404941 391912 543939 804824 649988 837984 604098 192467 496608 541237 463036 597728 397536 501405 502047 326934 393824 738771 407426 642693 775222 758731 999999999 325364 690507 689483 710728 232802 325436 857446 773371 934088 307297 478760 316230 521724 521526 573382 224957 776672 337443 528768 626716 417132 1050674 330165 374088 627516 611298 396941 337011 375693 386792 584782 164109 628069 613826 403319 322121 572746 838158 751662 997739 809180 836171 523133 850548 769451 878727 634035 433433 337163 213190 388169 571440 565901 730150 543492 802230 360554 324375 304191 664942 91574 467768 703610 889456 401802 554005 584919 390089 331052 890157 150888 630172 243446
302512 937042 591593 539144 360011 207637 517606 659313 339556 647378 534506 265524 484207 788407 514524 591372 133010 196376 508647 209287 202070 435519 156778 445176 561831 739075 325364 999999999 432801 367668 388412 237238 602484 646164 677641 664644 96813 156584 566641 778491 773639 672341 177161 469902 140487 210298 716891 128694 984695 156922 437120 748127 792057 656915 215660 489268 157645 752329 340745 668516 471576 94301 160135 771605 592126 462811 896440 504210 754263 795563 752381 453301 789468 763100 561991 125418 246412 398592 563727 358870 434611 218880 840695 286212 240355 593711 778324 269007 266781 393212 804064 630639 294030 552956 507470 110374 588652 454397 406748 138104
238003 716029 440731 467933 392319 602180 438513 331732 190189 259300 382521 524952 446781 954261 537417 497029 308273 451210 479252 631368 594318 160603 526790 142305 161455 566492 690507 432801 999999999 265773 275134 669724 845895 234065 417555 243634 393389 388755 787388 959684 949094 679829 608727 191557 555581 273192 697925 475075 697595 360388 524699 758513 868329 866306 362552 597706 306733 821332 605135 602364 248985 439691 581660 876105 159574 111118 578268 201153 490539 997163 466545 240725 506874 780087 649883 357744 677538 458434 482215 150751 126363 311509 718288 705639 664895 855433 770925 603512 228712 188226 523400 808182 140872 444136 609918 527982 247004 764577 93672 448846
73201 974671 672287 673284 541410 451579 643988 597200 83136 520645 609415 580191 636279 1084248 710895 713441 310854 266916 669019 505733 443382 132616 377064 389350 423890 811103 689483 367668 265773 999999999 21747 579714 930661 485339 676526 390274 392478 236544 882789 1081965 1074049 869473 528942 142078 434215 161223 898668 331177 963116 401058 667845 950648 1037494 970819 440366 738130 340824 991947 665693 815511 484615 315866 463033 1033029 382040 195875 843927 174330 751973 1109572 730348 96566 770874 970499 803623 375730 594889 606025 692754 346061 159923 151242 954258 566889 539109 929673 970377 621193 348929 82931 787404 927342 244741 661418 754120 415876 255318 805321 329165 461486
94843 987233 688260 691199 561432 467229 661816 606861 99471 527070 625620 601926 654967 1105512 730492 730726 332581 281612 687783 522816 459069 132779 393438 402515 431044 825927 710728 388412 275134 21747 999999999 598422 952375 489744 688784 385387 414179 254733 904421 1103358 1095397 888618 548323 135879 452036 182757 917268 348495 972685 422724 688391 969770 1057681 992399 461713 758869 362402 1012042 687435 833218 499550 334648 480817 1053615 384038 197672 852317 166028 763640 1131110 741126 83851 781571 989727 824078 397470 613879 626297 710392 362437 162939 171066 970240 582733 555996 951418 989134 642775 368653 87936 798104 948708 262870 678514 774782 434363 244107 826985 342632 483186
523643 1102630 761948 689214 515489 177093 674749 873023 567176 874618 713565 330185 632279 773643 629088 741498 364603 336093 647984 104290 181651 665496 221684 670779 793387 900587 232802 237238 669724 579714 598422 999999999 558126 878146 872659 901382 293333 343896 547309 754499 754152 765361 62068 697204 150926 435408 816638 254455 1172211 349275 539401 829425 832367 629588 391551 564781 378583 801647 357675 796050 679232 263849 124191 797794 828798 697636 1097492 732089 945074 755355 949948 672397 984037 839181 632031 332142 21835 527664 713410 584778 667857 429342 973683 128250 92963 535745 864980 253277 486399 619483 997269 630625 530123 714592 581752 164250 817376 382507 638165 271760
857587 837222 601912 505331 462408 713146 517583 830977 871571 904620 600168 350858 475571 220716 390633 532603 619836 796165 459169 651150 714221 942596 717965 748396 873624 667626 325436 602484 845895 930661 952375 558126 999999999 943017 755591 1077868 543193 757816 65027 197787 199366 401562 546902 983109 652764 773474 449868 717050 965968 529990 344737 417088 339739 77978 498552 285292 591290 331948 266265 504773 675572 693440 641410 288797 963178 935073 953956 1010614 794024 198540 822436 993084 837590 412994 284762 555224 538175 403998 516339 697393 924077 801861 644692 685448 649785 37170 454435 338416 622715 920976 842944 124610 733904 549912 284057 640804 1081114 176565 762255 475950
469374 568753 401179 472060 485728 829266 448578 179699 418562 60566 367300 672381 479197 1002924 574865 476778 514322 684807 504804 852022 821630 358651 755371 214940 84809 474997 857446 646164 234065 485339 489744 878146 943017 999999999 298830 210894 587961 621053 879320 1015842 1003148 677798 816127 371265 777521 506302 677821 704047 510407 540719 598952 745797 878072 944804 521035 664757 500498 832476 740142 572437 267449 666531 802025 900006 115184 293354 381132 359765 347894 1061031 311151 432097 345678 768100 696365 549383 882995 539334 474968 296535 326855 545540 633125 927904 884674 960661 746510 766220 397283 402696 360714 876770 355637 432590 671484 748682 348158 900587 240000 630118
631992 298639 153710 250556 369632 884330 242307 119899 594947 238620 169703 582408 288944 762934 365032 227057 553741 791338 298345 882159 878209 577532 822694 288005 292078 176657 773371 677641 417555 676526 688784 872659 755591 298830 999999999 507302 590183 720962 690797 781934 767925 415855 813663 604887 817960 625617 402703 777650 308072 529001 426787 471658 612912 736706 481311 472168 521241 570470 621835 298802 211441 735011 835330 644351 394399 520811 226071 606470 78720 832214 77821 657777 112016 493329 477028 554492 870072 389964 239704 351251 542951 673316 334344 958047 909622 781505 465236 685590 417008 604158 126425 663042 457782 206319 471693 787927 621486 765893 348380 600917
407124 778662 592750 649258 616659 812310 622411 389649 354017 271219 548371 766982 643720 1167189 739510 663835 547255 640608 673399 851781 804127 260859 735324 332810 229221 681936 934088 664644 243634 390274 385387 901382 1077868 210894 507302 999999999 634721 589948 1017184 1176178 1164543 861911 841805 249529 775715 477104 868666 684199 710378 603931 744262 934839 1059663 1091682 604938 815397 549234 1013052 845541 765025 425562 654841 803368 1075602 122391 209295 579157 221907 558785 1217339 521857 307047 555631 957122 858661 600084 911053 679392 656956 382401 244199 501793 840497 922533 885883 1090004 939640 847111 470772 314024 570317 1029031 381776 614920 825317 750379 169185 1005941 316456 692009
320706 842960 497318 442576 263244 301440 421426 581309 344787 581854 441646 193607 387466 715298 419028 494913 90307 279423 411841 292036 296456 431597 253580 377999 503187 643999 307297 96813 393389 392478 414179 293333 543193 587961 590183 634721 999999999 224869 500443 708211 702132 578119 231527 469799 231129 232178 621723 222561 895545 62038 344095 654922 705462 590348 119127 400090 88104 664352 276932 571777 389131 183689 245969 688285 548521 445443 812024 502031 665584 729894 666156 465817 702198 670522 472503 38872 296140 302679 467189 292483 423008 258680 743909 367888 319615 539468 684282 230530 193194 397923 716344 556607 253093 457326 418152 201884 582874 413026 348962 69007
187630 1002523 664752 631502 462196 222847 605951 676630 237706 636890 602708 414757 581328 938550 629957 680954 188179 70423 610101 270454 214617 336098 145955 450828 541947 813651 478760 156584 388755 236544 254733 343896 757816 621053 720962 589948 224869 999999999 719848 930205 924698 791939 295706 362649 197771 116047 831956 96328 1027540 266195 562720 870849 928950 810140 323931 622728 228820 887056 493984 769923 509637 80971 226604 912928 543149 380653 924953 397600 799653 949301 789668 331026 829240 887667 694573 231202 359828 513729 655029 372553 346351 90041 933344 335667 304245 749882 897957 425591 309717 285647 845018 780041 274622 635659 640598 179700 482677 610878 398128 285359
809590 779008 537153 440444 400793 692873 452559 765997 820936 840327 535156 306837 410599 228104 325784 468390 572791 762317 394163 634782 693227 888853 691064 686631 810766 605748 316230 566641 787388 882789 904421 547309 65027 879320 690797 1017184 500443 719848 999999999 213424 210410 345184 529072 929448 629058 727801 395302 685870 905046 481818 280559 368559 309596 90310 446180 220268 542138 293895 225992 444117 611889 659420 620298 263939 901567 878865 890445 956127 730014 229591 758020 941841 773664 366996 222267 509098 528545 340927 451718 638024 869194 758549 589754 675543 636781 92860 406669 311519 566627 869295 779260 89352 679065 485000 219156 614536 1024969 179494 702335 435137
1008957 789839 633581 547128 567548 905096 568176 877362 1015516 969134 651464 515541 537101 33581 441051 556377 775260 974594 511098 845358 905673 1075819 904479 843645 957050 655291 521724 778491 959684 1081965 1103358 754499 197787 1015842 781934 1176178 708211 930205 213424 999999999 14824 373337 740169 1116330 842106 930976 405321 898952 934955 683707 435027 348438 218923 125413 641674 362246 741850 239048 437918 492705 754468 871780 832715 165075 1056082 1058654 950150 1140557 802005 53945 837011 1134396 842887 334450 319645 713326 734868 501258 549420 808980 1053167 964343 586122 882233 845511 226215 377658 524708 750847 1061355 844445 154789 865149 589926 351156 827905 1203780 374219 869539 644860
1001111 775036 619879 533911 557170 903057 555222 863833 1007015 956152 638367 509942 524659 23197 428505 542579 768083 969884 498350 844046 903501 1066422 901198 832152 944860 640655 521526 773639 949094 1074049 1095397 754152 199366 1003148 767925 1164543 702132 924698 210410 14824 999999999 358781 738628 1106900 839468 923794 390542 894850 920133 676541 424399 333621 204650 124586 633686 351434 734281 224272 433429 478214 742313 867150 830555 150557 1044258 1048594 935506 1130871 787591 68752 822701 1125579 828407 319674 307234 706519 734715 490680 535911 798445 1043491 957641 571339 882074 844797 229374 362906 521926 741485 1052521 829905 146775 855830 576556 339939 824805 1193551 375168 858668 639348
802193 436147 277847 213972 333995 858992 242480 520996 790525 624691 313746 438025 235628 350983 162502 201059 606053 854060 202540 822895 856136 823635 826700 543811 633396 282318 573382 672341 679829 869473 888618 765361 401562 677798 415855 861911 578119 791939 345184 373337 358781 999999999 723557 861674 786565 747400 53615 800355 570581 526961 235919 81191 200449 356776 468136 200965 565551 155750 413994 119752 439953 761763 790239 228496 739540 789217 577131 878194 429443 425932 465580 895436 469802 101354 140844 562332 752742 278211 204979 539429 794348 791446 244862 884936 837857 435792 106223 515731 521345 825037 471129 283801 626755 247187 184733 761996 925183 489690 586269 540413
469981 1048560 706162 636274 460294 166991 620583 811887 511642 812582 656318 285627 579271 757061 581874 688852 302826 297699 596543 106017 168886 609303 190179 608755 731360 846698 224957 177161 608727 528942 548323 62068 546902 816127 813663 841805 231527 295706 529072 740169 738628 723557 999999999 642048 117290 380116 773821 212967 1114709 288235 493370 790531 802661 614756 332359 524421 316523 769619 324910 747704 618440 214740 97968 771164 767590 639339 1037993 676775 886773 745403 890740 619911 925277 801473 593740 270285 69262 476715 660681 522727 610316 377782 925124 161436 114622 528017 825176 222427 424472 564535 938714 608678 468798 659940 541898 120382 761842 375309 576159 213594
175261 902011 631591 653032 553469 584034 623350 509419 130503 415799 572350 640560 626321 1114386 712092 685326 380186 403362 659326 632579 575781 40615 507809 333489 325247 757806 776672 469902 191557 142078 135879 697204 983109 371265 604887 249529 469799 362649 929448 1116330 1106900 861674 642048 999999999 558331 261973 883262 458977 871117 460403 686137 941601 1044129 1013728 484649 759086 398559 997402 725723 790453 439410 436744 587012 1047217 259479 84208 746011 35024 675106 1149422 647772 61569 687315 962745 817806 443644 710272 620585 668921 322348 67508 272678 909831 698068 666544 987204 956230 699211 365495 77771 703692 962154 251307 632287 773179 536634 120404 876724 280044 536518
383156 1074033 728395 670739 490831 72672 650890 798913 430327 782497 672653 355362 614673 856772 634534 723416 270802 185201 636801 76164 69587 529378 73064 582141 694068 874678 337443 140487 555581 434215 452036 150926 652764 777521 817960 775715 231129 197771 629058 842106 839468 786565 117290 558331 999999999 300113 834029 104418 1124746 293121 551075 858679 886180 717080 349068 593674 298013 849914 412560 794601 612014 121924 28834 859229 714816 567922 1036904 593355 894381 851018 892836 528748 929836 871767 665598 264218 169570 521579 695431 496293 535726 286385 969501 150447 110190 636524 891191 317558 406667 480729 944373 703940 422075 687625 611767 30143 678698 485585 540249 247876
92447 914899 586666 567482 413500 335719 539793 571500 131768 524502 523256 422624 522668 935222 585378 613509 155719 178724 553885 375751 327592 230334 258887 345954 428486 733525 528768 210298 273192 161223 182757 435408 773474 506302 625617 477104 232178 116047 727801 930976 923794 747400 380116 261973 300113 999999999 782262 207402 928870 247271 530852 828149 902435 816799 293776 597857 190961 858189 507554 709485 416716 178371 328346 893166 427112 268336 821428 296773 704166 956130 690755 243058 730937 846682 666620 218710 448304 473531 589534 274387 235637 48248 863578 445483 409904 771068 851662 460032 233800 184420 747055 777100 169069 564602 614776 276529 381995 644465 289980 301092
832987 391293 277056 230292 370759 906600 259936 513737 818433 622496 321794 488199 262421 380198 202845 205184 644817 895397 229865 872205 903527 846100 872180 558915 639450 253489 626716 716891 697925 898668 917268 816638 449868 677821 402703 868666 621723 831956 395302 405321 390542 53615 773821 883262 834029 782262 999999999 844273 530921 568659 283022 69007 211934 400896 509163 253226 604124 173049 466776 105662 452908 804985 838550 250154 746712 808385 547002 898021 406739 458870 445037 919777 444941 90953 194457 604009 804365 319554 216082 562389 815761 827258 194828 935255 887886 484792 73018 567973 552773 850547 444568 329506 654498 256155 237432 808916 940979 542896 605015 586942
283916 1048765 705254 659939 482812 128330 636846 744717 333459 715243 645613 390960 606293 910494 641588 711458 224930 85357 632217 174617 120226 432128 51783 521371 622706 854037 417132 128694 475075 331177 348495 254455 717050 704047 777650 684199 222561 96328 685870 898952 894850 800355 212967 458977 104418 207402 844273 999999999 1085701 278439 565506 876543 920100 775718 338453 617909 261214 880707 461574 792660 567051 42843 132901 898624 632179 475073 989450 493928 855741 913030 849600 426500 888182 891661 690637 243993 272116 525182 684283 438415 441373 186340 962625 239539 208203 704901 906440 378826 360650 381931 903463 753811 350490 670276 636116 92606 578986 558770 473210 265989
926469 156496 414123 501273 659027 1191803 507202 365917 884637 457688 458658 865940 554171 908192 599947 455689 861777 1097786 549848 1187473 1185782 850591 1130728 584541 546014 300830 1050674 984695 697595 963116 972685 1172211 965968 510407 308072 710378 895545 1027540 905046 934955 920133 570581 1114709 871117 1124746 928870 530921 1085701 999999999 833848 681632 587054 727093 926959 783312 705419 828908 697328 890511 461195 519007 1043076 1141350 774283 625013 788126 131369 864923 230479 988779 238171 929214 198308 602846 683171 860712 1168019 662951 480533 655742 816304 975933 355000 1262785 1214047 997796 561317 967799 725073 885344 182561 853271 759908 466137 698594 1094801 858536 1016891 643509 901123
327882 781079 435449 382624 204425 363149 360736 523749 342653 530578 379608 181132 328223 688124 365894 434680 91553 327100 353784 353625 358025 420671 312887 327588 456393 582425 330165 156922 360388 401058 422724 349275 529990 540719 529001 603931 62038 266195 481818 683707 676541 526961 288235 460403 293121 247271 568659 278439 833848 999999999 296534 605232 664361 570234 60061 357894 62061 621775 266858 514224 330246 237604 307918 650968 510272 425494 751607 490633 604047 709349 605274 464603 640995 621750 429139 35379 350136 249183 407146 244230 407346 282335 684780 429144 380631 530496 633152 244487 143473 393526 655016 529876 224641 396067 375547 263780 567841 416548 305010 90046
596751 583210 277858 182308 133169 623616 184684 489730 594678 559884 261735 209234 137929 429962 90602 226016 381306 622306 132767 589922 620604 645971 590886 411584 531925 385595 374088 437120 524699 667845 688391 539401 344737 598952 426787 744262 344095 562720 280559 435027 424399 235919 493370 686137 551075 530852 283022 565506 681632 296534 999999999 311037 371607 348227 240256 73220 342018 327436 210691 258178 331643 527682 555584 365239 626028 624968 641935 708649 478426 473742 499874 709356 522238 326426 136055 331565 528848 66297 201368 374051 621456 571767 435430 654605 606693 364852 341481 300021 323181 636535 530808 284957 436879 223110 87166 526211 769452 340287 434649 304501
883377 441584 344684 290956 414654 930776 320126 582644 871617 690862 386826 506360 316197 321152 242836 271043 685712 932155 283109 891763 928249 903786 901296 621126 705733 319390 627516 748127 758513 950648 969770 829425 417088 745797 471658 934839 654922 870849 368559 348438 333621 81191 790531 941601 858679 828149 69007 876543 587054 605232 311037 999999999 144950 359926 546919 266329 645330 110345 473520 174392 516087 838590 861010 187641 812673 868351 610783 957587 474098 402368 512893 976036 511484 22327 197403 640554 815693 357436 279275 619568 874202 871961 238555 951426 905133 453412 38454 577216 602529 905834 510437 293088 707802 320537 248676 834923 1003048 529443 665128 614356
967203 577656 478261 410411 496405 955958 437482 720718 962130 825140 512759 531992 421851 187832 332084 401460 751747 984629 389908 907770 954646 1004958 937607 736539 831948 464303 611298 792057 868329 1037494 1057681 832367 339739 878072 612912 1059663 705462 928950 309596 218923 204650 200449 802661 1044129 886180 902435 211934 920100 727093 664361 371607 144950 999999999 267994 610522 306471 713033 47018 477786 314110 635318 885712 883793 55463 937293 975623 755404 1063174 618578 271905 656971 1073059 656320 125902 235914 698542 815870 431517 403987 722842 977522 942952 373510 959164 915975 376728 165846 580837 689598 1001057 655378 220891 800735 446415 288847 865795 1115128 487577 774756 654140
897625 791930 583671 489917 475658 779752 506135 820821 907567 902593 590133 396786 468250 144719 376502 510188 661483 852504 447284 719968 780377 973113 780047 759405 879836 633145 396941 656915 866306 970819 992399 629588 77978 944804 736706 1091682 590348 810140 90310 125413 124586 356776 614756 1013728 717080 816799 400896 775718 926959 570234 348227 359926 267994 999999999 532476 280058 629998 265835 316300 468129 678489 749599 707419 215081 974108 960658 924697 1039620 768240 139555 799397 1027956 811084 352941 259684 598195 610131 412334 497459 715988 952419 848169 594230 757490 720346 112514 395785 399928 649293 955187 815035 74561 762686 534438 273894 703296 1106629 251184 779103 525333
367477 725368 379907 323495 144593 420103 302349 486021 375092 504631 326219 162438 268639 643986 306559 375793 141241 386258 293821 405997 415295 444187 372177 306102 438343 525619 337011 215660 362552 440366 461713 391551 498552 521035 481311 604938 119127 323931 446180 641674 633686 468136 332359 484649 349068 293776 509163 338453 783312 60061 240256 546919 610522 532476 999999999 304699 102935 567138 244315 454211 291159 297665 362010 599609 503301 440416 705941 512673 554644 670372 558462 495685 592927 563821 374683 95115 389820 189992 348093 229297 426762 332654 625203 480234 431274 502821 574246 246480 134167 423116 606424 486997 237418 338592 321927 320277 585612 402257 294395 120287
666513 594082 319059 221670 206386 665431 232391 545847 666082 623135 314908 240075 190570 356766 108420 254839 445748 679513 174287 625437 663147 718865 639218 482587 600343 404892 375693 489268 597706 738130 758869 564781 285292 664757 472168 815397 400090 622728 220268 362246 351434 200965 524421 759086 593674 597857 253226 617909 705419 357894 73220 266329 306471 280058 304699 999999999 407530 264383 213871 256994 398562 581991 595153 295502 696373 698188 678250 781779 515810 401963 541461 781592 559742 278338 72731 392094 551898 139470 235147 447126 694555 637353 427441 685527 638979 309573 300766 314804 395415 708679 566611 213847 509403 265878 18225 570735 842644 312499 507295 352627
