NAME : synthetic_000995
TYPE : CTSP-D
DIMENSION : 100
GROUPS : 8
RELAXATION_LEVEL : 1
EDGE_WEIGHT_TYPE : EXPLICIT
EDGE_WEIGHT_FORMAT : FULL_MATRIX
EDGE_WEIGHT_SECTION
999999999 336730 534467 469040 554577 464627 401421 701858 434911 428133 476781 358958 462310 187796 544792 495597 408120 597393 516023 262787 837537 603394 340667 843672 526652 380185 192927 1016219 657425 873716 861505 352560 897459 920115 1019400 713067 838094 679097 258826 790097 469125 333652 198622 428697 918183 549892 625151 957175 318265 452248 940249 345700 614637 939304 158086 729357 982904 488356 243505 300762 241351 520528 326981 312125 798088 444935 287185 597982 628559 907454 578027 244890 943336 1019813 467344 95588 760681 587527 916785 286265 358793 932923 483373 290630 799462 187780 696493 921580 105758 607562 278141 366046 704877 282227 646648 673045 166767 449969 252487 949940
336730 999999999 464658 541316 676949 795505 98359 708530 740314 655737 156581 117530 663399 515163 483989 613863 704823 834019 712016 565669 741653 819767 388873 847407 661585 498397 489304 1105645 516413 818042 900353 525851 1008834 754505 1115132 617890 889873 910194 535740 898737 290214 244944 506087 93871 1003510 837647 582461 864307 59351 622837 1020229 618396 343356 1083193 179214 630590 806771 173076 346584 201616 124304 729369 498663 301501 789813 140731 328106 702178 544736 1059802 483035 124270 927463 1123596 420431 278967 848912 379825 1074822 510616 253628 1085158 355509 479571 823414 378879 788899 1042759 329303 545202 105680 426815 463395 568617 638542 470327 170893 444075 154878 1094386
534467 464658 999999999 212058 339940 801853 398553 253451 674442 476718 425733 581523 440670 590514 20887 300417 629694 607504 461392 559997 304567 565114 209357 385362 347202 269971 514788 671344 150903 359265 448494 348202 596859 399431 684446 178713 445188 657324 500356 495750 197888 234769 540714 465878 572235 705155 118191 426567 407613 376419 584436 531092 342819 694109 483562 194917 465116 414942 300404 283520 395324 491308 342171 224345 326545 585419 248404 334090 94269 681381 51319 391284 462820 697990 67771 442035 434165 220437 700880 415450 217286 704205 118619 363667 368788 379653 387206 636268 434763 81652 539249 205270 323078 530492 182519 241783 484299 106252 353227 704882
469040 541316 212058 999999999 144240 620524 509034 238934 481900 271702 560192 646156 230279 456969 201726 91360 437953 395627 249408 399588 431637 354734 155457 376620 141548 96789 376839 571589 357110 431041 393780 166156 468307 576738 579038 333390 372947 448150 339828 357816 357061 301422 400509 576813 469741 498048 215207 534274 482574 165795 488930 345801 533081 543274 484949 349126 642583 555141 235235 340092 433909 279249 174002 239919 335794 679452 221330 161222 266472 522056 258685 431451 478845 585358 180037 396463 311617 420943 538519 251073 301701 546994 289347 208457 330487 282464 249358 501533 363968 228371 582235 118096 532695 362842 198256 453524 489414 127013 392961 554462
554577 676949 339940 144240 999999999 590849 650734 248334 441142 223516 703778 776964 165121 493837 325131 63850 402050 284903 151612 414089 486296 234505 288174 350085 33037 185422 418032 461726 471366 450386 330512 204002 345871 655989 465477 417092 299666 321851 362006 236471 500490 442180 436718 717892 363838 420874 301233 566364 619113 121761 386341 331692 673483 407068 600687 430351 719404 699067 347770 477770 563702 182175 227933 376545 330607 816624 349986 50615 369888 382854 379783 561752 454599 467374 320357 498134 208090 557311 398080 285568 444292 408228 430467 265227 291820 369581 145168 374189 455755 330671 708358 250387 662778 372812 248765 579581 606312 269476 524817 418239
464627 795505 801853 620524 590849 999999999 844636 832671 151350 367643 920731 822792 425755 280344 800272 571038 188842 399475 451134 252092 1051253 447361 603697 940334 559226 536224 320117 958504 952027 1035781 908089 458034 830255 1193542 951603 952098 872670 458115 306549 754833 839412 704652 297691 883671 885978 238292 835365 1147325 766494 476949 911262 274793 1016585 810674 620738 968222 1259715 928853 541795 696159 684206 427523 460154 644999 920521 909546 599018 639775 878473 771449 853170 686525 1044089 939653 741719 518989 764851 949398 769076 386767 726525 791660 815344 438984 881078 464407 715707 833567 474803 843158 742605 597983 1074377 273513 812413 1016163 629626 695600 678165 818216
401421 98359 398553 509034 650734 844636 999999999 649691 773869 662585 76272 205244 661420 566671 418929 589840 735229 837561 706261 603495 659015 816801 366456 783902 639766 483111 528597 1058521 430599 741951 844146 524219 969327 660657 1069533 538351 837153 909898 565436 860915 209095 208713 548546 68777 957066 860896 516462 780290 83816 613665 972067 642353 245371 1051555 252193 549930 711401 86956 349168 179785 161932 726999 498982 277948 724882 187456 315364 669629 470453 1031068 409167 159092 857887 1080028 364712 327104 806819 285998 1047522 525465 207641 1055946 282635 486815 765376 400303 749769 1005338 370004 476120 203716 402680 365142 599897 578710 375209 245289 397974 168418 1062722
701858 708530 253451 238934 248334 832671 649691 999999999 685291 466034 679184 823179 410161 694592 232597 262154 644314 524496 399700 631084 245024 469560 366410 143964 276902 335467 614584 421267 312699 203274 195057 398042 362007 426799 435767 212917 193501 544732 572830 276612 451264 466518 637642 717715 325230 668897 142062 318059 649822 355722 334803 563749 579192 471029 694453 220350 486315 668282 460381 514094 622686 429853 410497 428955 96959 835207 429727 206662 212864 466968 259957 619237 241518 451538 288107 622139 210641 452741 488551 485575 455086 486476 372068 446358 115692 518269 190153 403522 596102 187106 771978 336617 523750 592122 71082 435869 697288 271502 579575 480943
434911 740314 674442 481900 441142 151350 773869 685291 999999999 219259 848200 788062 276127 252499 670607 425162 44764 259525 299804 175676 909182 302257 487859 789881 410016 404753 251849 812548 825344 888564 756739 326266 683804 1058352 806631 815256 721340 327950 208763 605042 736450 609243 238565 821626 737189 127390 696967 1001612 702247 330360 762461 145262 919284 671995 577776 831026 1124309 853684 442674 609763 620330 276304 334032 542966 771509 866890 495902 489541 745223 633258 725428 621770 893341 795970 618491 462668 613673 839869 632938 269406 628606 654803 702247 320715 730389 375429 564374 689450 411029 708497 706017 475731 964021 174022 668823 899427 586646 568973 605545 680194
428133 655737 476718 271702 223516 367643 662585 466034 219259 999999999 730387 731875 59408 308358 469624 206614 178813 178771 100922 214343 692069 175516 319649 573529 191623 212090 247777 635893 625942 669308 547514 143842 508298 846975 633913 603311 513812 257614 179316 414359 575329 468119 257307 721439 549386 228546 484110 782534 606000 111780 574141 117141 760789 526019 527426 618605 912490 731523 313627 484179 531623 94900 165375 395678 552900 794134 351536 273058 538150 490976 526159 531480 677833 628276 429006 408029 410434 665037 497403 149474 481729 515680 526138 176651 514866 281247 355299 523333 354619 500045 652906 295964 785279 174195 451127 712726 535210 375712 503765 535982
476781 156581 425733 560192 703778 920731 76272 679184 848200 730387 999999999 239137 725991 642931 446591 644696 809052 903441 769016 678742 660915 880180 425617 807631 695327 543605 604145 1094918 431141 752038 874221 589937 1011785 640778 1107059 546392 870271 974026 639538 905139 228090 267040 624364 74333 994483 932889 540995 778932 158520 675572 1008065 715060 201362 1098917 325233 556196 686636 18982 418375 246295 238136 791045 565642 339116 747718 189306 379972 718732 486652 1080327 427410 235343 874716 1119043 402553 403375 848406 273904 1097588 596441 260427 1104813 307117 555878 794433 473629 793873 1049074 445997 498196 259665 460208 328648 674178 608223 355843 317895 442285 243562 1110023
358958 117530 581523 646156 776964 822792 205244 823179 788062 731875 239137 999999999 746743 546522 600648 713249 756808 910494 797620 612626 858704 901883 491304 963069 759064 594204 537236 1214824 632539 935561 1013718 611559 1114448 865869 1223561 735282 1001971 989195 592766 1003874 406970 357207 549545 164814 1112619 895177 699068 981132 174037 712274 1130085 679146 439399 1184029 210973 747876 916108 258011 435210 311112 213267 812075 583556 407113 905888 94889 427244 805604 662246 1158925 600550 215304 1044321 1230995 535423 330342 956457 491239 1172964 583056 368237 1184480 473037 559517 937552 450632 895248 1147119 384701 662319 82063 529263 564741 622920 753655 580239 202263 555972 253216 1195197
462310 663399 440670 230279 165121 425755 661420 410161 276127 59408 725991 746743 999999999 358588 431607 155152 237007 178710 53743 267914 640295 156398 304667 514759 133925 188890 292188 581623 587353 613297 488133 137870 455037 799808 580538 556504 454531 248490 226255 358125 556411 459977 304926 723111 493091 269289 437204 727614 610861 64485 517651 174461 740667 480404 547802 571355 864869 725585 316982 481666 540572 65997 164738 387311 495387 803408 346335 214166 495336 446925 488551 539928 618874 576104 398697 431131 351750 638757 455188 176285 470844 472137 501104 187560 455863 299789 296011 472323 379735 456545 669865 275782 756143 226768 399254 680315 555091 344360 509173 490723
187796 515163 590514 456969 493837 280344 566671 694592 252499 308358 642931 546522 358588 999999999 594603 447431 232313 452368 408204 98112 875322 471860 381193 826098 461551 360294 80134 939535 732988 887334 822481 298856 813533 989856 938942 760308 793083 533029 133332 714327 584799 445631 57537 603673 848558 374128 654119 986192 487200 374370 872604 198785 752868 834175 341134 776999 1055351 651945 297134 428942 405292 402481 284126 396697 790733 631001 355272 543323 678749 798710 640225 407828 930586 934689 524132 239742 699582 700486 804281 211276 469481 823162 575454 248522 773532 214571 638408 830633 199677 649225 465302 389630 824247 134748 653884 776469 350057 488867 402495 844041
544792 483989 20887 201726 325131 800272 418929 232597 670607 469624 446591 600648 431607 594603 999999999 288207 625920 596062 450279 560750 292846 552548 214381 365104 333862 265879 517955 650516 156317 342712 427648 344487 576597 396797 663666 168903 424307 644118 500767 475996 218773 251671 543791 486386 551491 697689 98477 413742 426650 367170 563612 528154 361903 674488 498697 185432 462802 435826 307853 300515 412287 480516 340125 236802 306504 605637 257821 317215 84906 662184 56965 408315 443724 677295 77814 453307 414090 238528 681819 414730 235106 684867 139486 363437 347980 385625 367893 616131 443821 65133 557198 206581 337752 530147 161644 254741 499692 106463 369910 685229
495597 613863 300417 91360 63850 571038 589840 262154 425162 206614 644696 713249 155152 447431 288207 999999999 383263 308109 163225 374402 485753 264716 225465 381741 51047 121931 369424 522268 440894 464889 375768 150349 408615 645047 526837 402102 348015 357443 318716 298585 447147 381127 389907 656550 423023 423741 283008 576601 556264 94882 444773 301819 624333 470795 537251 416725 709944 640674 284150 415420 500001 194105 171348 314197 353235 753778 286460 102388 344426 446124 344711 498087 486866 529604 271398 436102 265088 512115 460960 236396 384487 471574 380590 209285 327012 309142 200902 437668 395110 305185 644508 187964 622664 334123 244684 542180 542792 218189 461321 481958
408120 704823 629694 437953 402050 188842 735229 644314 44764 178813 809052 756808 237007 232313 625920 383263 999999999 244428 265086 145464 866183 280895 443573 751731 370384 360051 219613 787197 780597 847535 721717 281534 658253 1014162 782260 771214 686880 318819 169976 575264 693063 567038 209637 784477 708677 142350 653115 959862 665089 288738 733885 100944 876345 653303 545946 787038 1080156 814069 400512 568941 583632 243981 289324 500034 731710 833559 452962 451133 700768 615112 680693 584886 855693 772810 573753 428877 580387 795767 616276 225615 586009 637521 657960 276578 692664 335532 529074 666204 376163 664160 674766 431070 919794 136257 626180 854843 554739 524210 567196 661953
597393 834019 607504 395627 284903 399475 837561 524496 259525 178771 903441 910494 178710 452368 596062 308109 244428 999999999 146296 354379 767778 57464 483376 595754 266251 367192 408005 560455 748888 719222 541801 313558 433211 940653 552766 701840 504205 81791 339496 369121 734334 638140 410824 897867 493847 170933 585022 837986 783517 237034 518963 255998 917926 412725 705074 715223 1003707 903483 489987 658143 710049 117578 338611 565407 593108 972736 523471 318609 650851 373853 652718 709819 692228 540282 571628 585103 394087 813081 373445 327562 649432 395279 676750 354465 535114 459878 360209 434421 531158 611475 831248 454137 927816 321992 533279 849137 712994 517128 681327 420785
516023 712016 461392 249408 151612 451134 706261 399700 299804 100922 769016 797620 53743 408204 450279 163225 265086 146296 999999999 315145 637376 111490 344523 492439 126448 226552 344113 535091 603940 600904 457026 186468 407385 804001 532998 562531 421899 206168 277120 314740 591120 502121 355735 769124 449620 269272 444221 717555 658514 94011 474523 217682 773617 427934 600259 576597 868142 767778 365480 526565 589943 31258 214213 429911 478935 852387 390944 195142 507493 393968 507059 589127 594861 527413 425617 484206 315429 667215 401843 230027 511355 419072 531512 239579 432326 352452 264573 422666 433126 468195 721399 312850 781533 274701 398209 702930 607440 371151 557357 438142
262787 565669 559997 399588 414089 252092 603495 631084 175676 214343 678742 612626 267914 98112 560750 374402 145464 354379 315145 999999999 828574 374077 355843 756128 381167 306130 76406 849368 708200 829411 744591 234015 722258 957304 847863 720314 713449 435227 60451 625901 587321 453006 64191 648618 760765 287122 607999 933832 529475 292484 785199 101186 765086 738540 402155 736839 1023405 685367 289722 446731 447136 307100 226988 392948 725388 691249 347127 464498 642291 702619 611084 448822 861233 842557 496965 287323 615730 697729 707656 149245 474610 726861 564785 198016 701078 212962 556429 737674 236547 609412 530565 354732 822704 41533 597696 766227 411015 454476 435207 748258
837537 741653 304567 431637 486296 1051253 659015 245024 909182 692069 660915 858704 640295 875322 292846 485753 866183 767778 637376 828574 999999999 713601 502519 250576 511452 522474 796315 574226 229879 115381 347624 597242 559443 188679 593678 127340 370831 789755 768227 499190 451800 533665 821499 719130 500156 905926 221338 123669 689484 580332 498871 776952 500467 676637 785392 112577 243412 645129 598533 581275 691741 668259 601601 528879 208484 843168 550401 449171 210525 681382 267602 687443 254805 616180 370560 746106 436172 389602 703781 679332 513058 696901 389663 632020 287349 673256 430892 600906 735842 230365 828329 487049 399917 793307 241088 325897 785507 391175 651249 685056
603394 819767 565114 354734 234505 447361 816801 469560 302257 175516 880180 901883 156398 471860 552548 264716 280895 57464 111490 374077 713601 999999999 455993 538393 219305 338042 419423 511190 703287 662836 484571 294212 382903 888396 504677 651288 447035 94851 350244 313683 701812 613402 425683 879068 440675 225539 535720 781753 767230 205489 465898 273075 883531 372612 700426 664266 950934 879109 473380 637023 696796 90405 321122 541069 536438 959694 501447 264787 603452 334725 608727 696202 634767 493718 533466 581973 336864 775103 337060 323442 622824 357667 640694 342400 477779 452691 302870 387221 529121 564110 824209 424265 887250 338007 481242 806846 707983 479245 665570 381441
340667 388873 209357 155457 288174 603697 366456 366410 487859 319649 425617 491304 304667 381193 214381 225465 443573 483376 344523 355843 502519 455993 999999999 510102 274315 118166 306119 726812 353593 533093 540921 175979 623318 608666 734452 382296 523334 550464 297807 512662 255950 158750 332100 432185 624839 541437 285599 619458 330940 250631 643638 342646 441506 694393 332652 398956 674202 423646 97362 190043 278624 368151 158307 88961 461017 528453 66359 314348 299150 670990 259106 276257 606538 740793 143125 256350 467010 352470 686218 219251 166832 696316 214391 167265 471543 171402 404790 655820 235999 272597 426783 38026 476234 330189 307258 413006 336536 111358 238139 705584
843672 847407 385362 376620 350085 940334 783902 143964 789881 573529 807631 963069 514759 826098 365104 381741 751731 595754 492439 756128 250576 538393 510102 999999999 382448 471436 746711 327205 407700 149641 97120 527306 311108 436446 345737 288981 123787 597347 699892 266936 580046 607667 768670 851031 249585 754923 267552 262483 789205 469051 248825 680274 687822 428988 838337 288273 484018 795373 603352 655727 765216 519713 542916 572511 60274 970740 573664 300599 323987 437109 380696 761678 105153 367143 427814 765396 213005 563168 459565 615107 594922 450666 502322 579957 60746 658572 235550 351994 738006 309461 914026 479594 613116 715841 210065 528120 841109 414874 722098 436893
526652 661585 347202 141548 33037 559226 639766 276902 410016 191623 695327 759064 133925 461551 333862 51047 370384 266251 126448 381167 511452 219305 274315 382448 999999999 164995 386232 489806 483991 479756 363478 174622 371445 677686 492748 436752 332415 310259 329428 263445 498047 431094 404552 706174 393125 394493 319081 594826 604423 88755 416051 298769 674580 426228 578412 450602 741731 691465 326683 464339 546057 157632 199677 363255 361502 801836 333565 83649 384753 399942 389726 544320 487125 493549 321317 473222 239026 561254 413944 254205 434999 425544 430868 236357 324488 343205 176921 397881 429349 345376 688832 237269 670145 339859 271803 588525 584320 268561 508210 437329
380185 498397 269971 96789 185422 536224 483111 335467 404753 212090 543605 594204 188890 360294 265879 121931 360051 367192 226552 306130 522474 338042 118166 471436 164995 999999999 280161 642732 420799 527251 481873 78662 530469 657338 647907 416724 457919 432654 245851 420261 367548 276585 304023 547798 542577 439698 302290 628599 442095 132569 563624 262645 552068 591005 415328 433044 723520 541798 162365 304594 381382 250926 79142 205254 432193 638998 170619 222176 342294 564930 320782 379749 574491 651211 217715 315490 383776 453144 578767 156891 284920 590537 314448 111893 423001 192406 319542 559553 277085 307042 523895 86945 573209 271157 293965 501556 420904 165596 344231 602128
192927 489304 514788 376839 418032 320117 528597 614584 251849 247777 604145 537236 292188 80134 517955 369424 219613 408005 344113 76406 796315 419423 306119 746711 386232 280161 999999999 869248 659436 807239 745053 219891 744685 914173 869598 682469 716350 489775 69182 642993 523176 386176 25991 572671 776362 359439 575008 906503 453674 300614 800060 153437 697397 772040 326466 699145 979904 611253 228334 376053 371236 342612 204219 330754 710815 615061 286809 466894 601611 737777 565041 373019 851046 866572 449221 210930 625091 636382 744828 133094 408838 762707 507138 168400 694656 147089 563087 763837 160346 571263 455183 311968 761031 89302 573803 708890 335288 411765 360623 782219
1016219 1105645 671344 571589 461726 958504 1058521 421267 812548 635893 1094918 1214824 581623 939535 650516 522268 787197 560455 535091 849368 574226 511190 726812 327205 489806 642732 869248 999999999 726355 463405 235014 664402 128947 753973 21676 612093 227900 517246 806389 226852 868581 860879 884566 1127263 102205 729949 563329 553511 1046303 569814 86916 752765 999807 185341 1055095 613178 793888 1085210 802386 904599 1004279 548081 689310 807905 381598 1239490 792892 420585 632283 218779 681219 1001595 338252 48651 694162 958104 260220 873437 234438 740759 854723 213126 789207 726163 312668 831095 323803 128861 917204 608364 1153390 689681 935618 808358 490273 849021 1059959 662475 962517 185449
657425 516413 150903 357110 471366 952027 430599 312699 825344 625942 431141 632539 587353 732988 156317 440894 780597 748888 603940 708200 229879 703287 353593 407700 483991 420799 659436 726355 999999999 324731 491974 499097 674705 262691 742607 121558 500142 793005 649065 585561 226610 330453 685427 489557 634839 853969 181146 349797 466911 522872 641708 681922 282165 782548 580080 127935 325995 415544 437399 374209 479714 634545 492837 346943 348522 613596 381064 455236 105288 776084 100089 475218 455600 760391 211239 562251 520093 162421 797101 565326 306847 796723 177669 513271 413742 519231 486175 716188 564237 142485 607848 354293 211073 679899 254974 123312 578845 256795 442231 792673
873716 818042 359265 431041 450386 1035781 741951 203274 888564 669308 752038 935561 613297 887334 342712 464889 847535 719222 600904 829411 115381 662836 533093 149641 479756 527251 807239 463405 324731 999999999 245006 595415 460138 290941 483420 205706 273427 730331 770205 413718 532858 594016 831267 805308 395553 869428 250497 119258 762930 558862 391675 765813 604248 578104 840890 196951 335280 737390 630409 642784 754589 630500 605033 576082 127424 928687 589256 406072 273336 586746 335015 750546 139586 506855 418173 786849 355504 487152 609200 681811 576268 600122 462560 639142 199249 697987 364664 500622 769005 277817 897613 510376 510697 791386 233472 432597 842111 424556 712435 585790
861505 900353 448494 393780 330512 908089 844146 195057 756739 547514 874221 1013718 488133 822481 427648 375768 721717 541801 457026 744591 347624 484571 540921 97120 363478 481873 745053 235014 491974 245006 999999999 526024 215256 533455 252332 377079 37951 532332 691816 186828 646250 656516 765050 912344 152569 707651 335045 352809 841299 452229 153205 660400 767880 333220 873454 378324 580193 863222 628360 703049 809132 481035 545625 612749 146996 1029007 606750 280112 400420 343437 452446 805938 157662 272370 480845 790132 147714 641876 365812 611961 646758 355697 567104 583563 80233 673891 192655 255617 757116 379526 959090 506802 700717 703324 266100 614325 877106 458144 766244 340805
352560 525851 348202 166156 204002 458034 524219 398042 326266 143842 589937 611559 137870 298856 344487 150349 281534 313558 186468 234015 597242 294212 175979 527306 174622 78662 219891 664402 499097 595415 526024 999999999 544898 735552 667106 494238 498317 386103 174949 437866 431875 325512 241384 585404 567561 366841 378482 700284 473018 103281 590263 184042 617415 590811 417479 510447 801714 590234 179283 344643 403497 203847 28225 252827 493298 666075 209984 250507 420750 560954 399163 402716 631929 667259 293835 305356 411958 524448 572225 87867 338315 586637 385375 61930 474789 172959 348487 569430 258049 385138 536136 154573 646300 196713 363852 577010 424262 243050 371428 601671
897459 1008834 596859 468307 345871 830255 969327 362007 683804 508298 1011785 1114448 455037 813533 576597 408615 658253 433211 407385 722258 559443 382903 623318 311108 371445 530469 744685 128947 674705 460138 215256 544898 999999999 746949 125617 570152 188618 394559 680713 110756 789784 765996 759172 1037993 77702 603456 499722 566985 949788 447284 97829 624900 935758 117971 945565 574642 795093 1003663 692262 807238 901936 419529 570797 707966 352285 1145641 688355 310033 573694 131474 615065 899570 360930 122445 609347 843962 163515 809800 153248 618071 762550 140942 711365 606828 274017 714621 220070 41991 800782 544221 1049384 585483 885745 681458 424041 797841 950931 571420 861237 125802
920115 754505 399431 576738 655989 1193542 660657 426799 1058352 846975 640778 865869 799808 989856 396797 645047 1014162 940653 804001 957304 188679 888396 608666 436446 677686 657338 914173 753973 262691 290941 533455 735552 746949 999999999 774160 243665 558417 968744 897167 687717 474860 591601 940081 709408 685404 1068786 362920 217189 711377 736963 682403 919376 449243 864471 838146 228494 66196 622621 697061 633594 735062 835240 734339 609325 397086 830052 641923 624044 315422 869881 349717 730494 420972 797761 465826 824915 624330 374844 892296 810307 567426 885115 438728 759586 475896 777881 615897 788169 826362 350430 852966 603367 324404 925872 407375 286030 836269 503257 699854 872708
1019400 1115132 684446 579038 465477 951603 1069533 435767 806631 633913 1107059 1223561 580538 938942 663666 526837 782260 552766 532998 847863 593678 504677 734452 345737 492748 647907 869598 21676 742607 483420 252332 667106 125617 774160 999999999 629217 242998 507020 806012 229304 881270 870599 884392 1138302 112593 721475 577761 574545 1055820 571124 101106 750482 1014802 168587 1061390 630653 814559 1097619 808352 913830 1012438 544846 692423 816472 399246 1249674 800346 425795 647530 203508 695555 1009829 359311 27121 705602 962934 267445 888374 218041 742092 864989 196125 801960 728979 328902 835057 330206 118673 921231 622832 1161218 697101 952306 807040 504123 865479 1066400 672709 970903 167858
713067 617890 178713 333390 417092 952098 538351 212917 815256 603311 546392 735282 556504 760308 168903 402102 771214 701840 562531 720314 127340 651288 382296 288981 436752 416724 682469 612093 121558 205706 377079 494238 570152 243665 629217 999999999 388982 735353 659894 489414 329566 406334 708071 600651 524196 825677 119333 250817 564575 493427 529029 677462 403696 682120 658063 16696 309295 531686 476675 454009 564658 593786 494870 402873 231109 724353 426480 389795 84508 679483 140270 560382 334148 648305 245771 620742 423462 283034 701191 571857 385842 698508 263762 522349 301278 553696 399598 612072 612650 111241 702445 370687 324256 687187 172646 239253 658167 271891 524008 691760
838094 889873 445188 372947 299666 872670 837153 193501 721340 513812 870271 1001971 454531 793083 424307 348015 686880 504205 421899 713449 370831 447035 523334 123787 332415 457919 716350 227900 500142 273427 37951 498317 188618 558417 242998 388982 999999999 494388 661640 149709 642962 645205 735786 905669 135221 670490 335527 384715 830622 420978 141894 627622 771962 306067 855899 391771 607369 859957 608172 690875 795155 445295 518922 598207 164378 1020621 589545 249780 404555 313332 453437 792109 194920 260250 472597 769176 110218 645569 335790 583322 636770 327186 563571 556910 87876 650315 158519 230107 734423 380532 945147 488198 710428 672059 263156 623245 859867 446066 752512 314309
679097 910194 657324 448150 321851 458115 909898 544732 327950 257614 974026 989195 248490 533029 644118 357443 318819 81791 206168 435227 789755 94851 550464 597347 310259 432654 489775 517246 793005 730331 532332 386103 394559 968744 507020 735353 494388 999999999 421287 349536 796631 707480 492349 971504 462407 220475 621997 849579 858577 300170 486779 337539 978138 355208 784970 747635 1030028 973217 564574 730131 786636 183002 412345 635005 602933 1049576 594713 345711 691703 315774 699865 786227 687717 491567 627457 665321 387001 868952 311732 407051 717267 334673 735104 431040 537859 538687 365722 388647 611596 652514 910470 519016 980021 403510 563533 898778 792790 573374 756605 362026
258826 535740 500356 339828 362006 306549 565436 572830 208763 179316 639538 592766 226255 133332 500767 318716 169976 339496 277120 60451 768227 350244 297807 699892 329428 245851 69182 806389 649065 770205 691816 174949 680713 897167 806012 659894 661640 421287 999999999 581015 535000 403534 78685 614557 715227 302997 547580 873929 495184 241600 739284 87657 715205 704703 382040 676413 963290 644926 237809 401551 413912 274216 166718 340328 667698 666426 293756 411943 582044 670042 551524 415089 804864 802141 437912 262646 566718 643304 676697 88984 424071 694846 508797 137673 645725 166797 506004 698576 208761 549025 511070 295117 768244 35121 538052 709694 390632 394615 397285 714782
790097 898737 495750 357816 236471 754833 860915 276612 605042 414359 905139 1003874 358125 714327 475996 298585 575264 369121 314740 625901 499190 313683 512662 266936 263445 420261 642993 226852 585561 413718 186828 437866 110756 687717 229304 489414 149709 349536 581015 999999999 685403 656495 658849 929470 135034 539207 406286 529258 839778 343076 159810 531478 837415 198730 835107 496183 741286 897577 581793 697204 791264 331734 463118 597629 292045 1035978 577622 199312 481879 190671 518161 788919 344462 231026 503482 734479 65971 712414 212036 513967 653705 211239 607784 499714 214887 605959 111296 144449 692146 449555 938632 474799 795427 584597 330965 707525 840411 463502 750657 209355
469125 290214 197888 357061 500490 839412 209095 451264 736450 575329 228090 406970 556411 584799 218773 447147 693063 734334 591120 587321 451800 701812 255950 580046 498047 367548 523176 868581 226610 532858 646250 431875 789784 474860 881270 329566 642962 796631 535000 685403 999999999 139701 547976 273313 768832 796948 313008 574174 240403 497773 781668 592564 185556 881930 365951 341541 532189 217054 297676 168688 261036 617323 413769 194681 520317 396038 241339 507610 261976 866037 201234 256448 650207 894104 183279 374734 626315 118494 884413 467578 115364 889829 79404 417811 566393 376235 574764 828159 392607 270633 381679 280828 239743 569599 380396 205371 363345 231107 228583 892908
333652 244944 234769 301422 442180 704652 208713 466518 609243 468119 267040 357207 459977 445631 251671 381127 567038 638140 502121 453006 533665 613402 158750 607667 431094 276585 386176 860879 330453 594016 656516 325512 765996 591601 870599 406334 645205 707480 403534 656495 139701 999999999 410497 275736 758790 680217 348231 657104 185602 408566 775340 468140 312093 844653 252137 421302 652783 265737 166572 48852 160624 524616 302754 72745 551633 379683 117151 462530 324922 823315 266064 156644 692897 879513 180338 238268 604998 257346 839465 344293 25181 848330 152960 298337 580482 240245 545930 800869 253053 316237 306849 194224 379431 438561 397686 340001 251939 199199 118491 855838
198622 506087 540714 400509 436718 297691 548546 637642 238565 257307 624364 549545 304926 57537 543791 389907 209637 410824 355735 64191 821499 425683 332100 768670 404552 304023 25991 884566 685427 831267 765050 241384 759172 940081 884392 708071 735786 492349 78685 658849 547976 410497 999999999 590940 792766 351270 600167 931211 472362 317791 816679 154826 721237 783121 339570 724741 1005828 631926 253893 399085 389832 352113 227157 356053 733642 629395 312391 486063 627365 748268 590997 391813 873212 880702 475195 227122 642910 661592 754631 153748 433391 772987 532812 192130 716009 172259 581462 777239 178831 596848 467518 337686 786153 88839 597912 734531 348470 437554 381132 793156
428697 93871 465878 576813 717892 883671 68777 717715 821626 721439 74333 164814 723111 603673 486386 656550 784477 897867 769124 648618 719130 879068 432185 851031 706174 547798 572671 1127263 489557 805308 912344 585404 1037993 709408 1138302 600651 905669 971504 614557 929470 273313 275736 590940 999999999 1025829 913699 583484 839156 119401 677238 1040787 694380 275042 1119676 272159 611590 757028 93198 407984 243239 201485 788942 559462 343300 791782 124044 378479 737635 535289 1098860 474416 199891 923429 1148803 433352 364909 875549 337878 1115140 580906 275914 1123805 348967 544924 833406 452322 818362 1073906 412410 542528 190139 468909 401476 648366 646683 423502 264039 466693 219400 1130850
918183 1003510 572235 469741 363838 885978 957066 325230 737189 549386 994483 1112619 493091 848558 551491 423023 708677 493847 449620 760765 500156 440675 624839 249585 393125 542577 776362 102205 634839 395553 152569 567561 77702 685404 112593 524196 135221 462407 715227 135034 768832 758790 792766 1025829 999999999 664780 466869 497675 944173 475844 25284 666510 904375 189129 953757 526843 730662 985087 701374 802417 902135 465849 591769 705713 297673 1137578 690978 320827 537804 207867 584429 899438 287596 126338 593029 858067 158992 777925 229066 646186 752831 214503 689555 629016 222977 732162 223070 110662 818116 511936 1051314 587805 845381 719416 392632 758052 958524 560553 860339 195047
549892 837647 705155 498048 420874 238292 860896 668897 127390 228546 932889 895177 269289 374128 697689 423741 142350 170933 269272 287122 905926 225539 541437 754923 394493 439698 359439 729949 853969 869428 707651 366841 603456 1068786 721475 825677 670490 220475 302997 539207 796948 680217 351270 913699 664780 999999999 706418 986563 794780 333099 689893 219432 982350 574900 684227 840422 1133651 936387 516418 688500 714711 239078 383223 609708 746043 969387 563371 463367 764131 535518 754368 715578 854463 707824 657199 565495 560333 891236 532125 337091 696697 554965 752160 381990 694222 461414 520683 602837 511751 725518 813287 521334 1012572 272272 665731 941034 692915 604143 694626 582034
625151 582461 118191 215207 301233 835365 516462 142062 696967 484110 540995 699068 437204 654119 98477 283008 653115 585022 444221 607999 221338 535720 285599 267552 319081 302290 575008 563329 181146 250497 335045 378482 499722 362920 577761 119333 335527 621997 547580 406286 313008 348231 600167 583484 466869 706418 999999999 334374 525050 374095 476842 560573 437607 604348 591412 134495 428381 529301 382804 397040 508521 475450 381242 325753 208436 703497 339303 278570 76047 596326 117911 504657 345449 593206 169107 536946 341445 311192 617088 458847 332751 617492 234839 410927 254830 454453 305124 540591 521313 45076 654646 267004 389311 573445 75742 301537 592935 175182 465800 614689
957175 864307 426567 534274 566364 1147325 780290 318059 1001612 782534 778932 981132 727614 986192 413742 576601 959862 837986 717555 933832 123669 781753 619458 262483 594826 628599 906503 553511 349797 119258 352809 700284 566985 217189 574545 250817 384715 849579 873929 529258 574174 657104 931211 839156 497675 986563 334374 999999999 812641 671276 490197 875229 609744 684531 908630 236241 243775 762607 716313 704826 815387 747491 707458 650459 246650 963157 670070 523359 333082 696213 391063 811094 215260 599666 491545 866759 472926 505643 718563 785012 636648 707877 513234 739863 316410 788827 483892 606117 854415 349831 951796 601268 499508 896985 336649 434172 908847 508325 774823 691488
318265 59351 407613 482574 619113 766494 83816 649822 702247 606000 158520 174037 610861 487200 426650 556264 665089 783517 658514 529475 689484 767230 330940 789205 604423 442095 453674 1046303 466911 762930 841299 473018 949788 711377 1055820 564575 830622 858577 495184 839778 240403 185602 472362 119401 944173 794780 525050 812641 999999999 568258 960878 575385 320121 1024926 168550 577745 765804 170608 294010 142574 82530 676853 446302 243010 731894 197519 271491 643582 489646 1001908 428063 80659 870356 1064352 361807 247569 789682 338852 1017145 463363 194750 1027209 301089 429366 764548 333623 729807 983880 293600 488589 141719 368774 432761 528966 580022 430369 161834 384757 102235 1036121
452248 622837 376419 165795 121761 476949 613665 355722 330360 111780 675572 712274 64485 374370 367170 94882 288738 237034 94011 292484 580332 205489 250631 469051 88755 132569 300614 569814 522872 558862 452229 103281 447284 736963 571124 493427 420978 300170 241600 343076 497773 408566 317791 677238 475844 333099 374095 671276 568258 999999999 499464 211223 680951 488265 520512 508471 802240 674095 277501 434223 502168 119625 131350 336598 444682 763503 298759 172325 431124 457930 424123 501076 574041 569694 335832 408553 325212 576702 468999 170981 417449 483594 439835 163432 411945 276043 264481 469724 360577 392435 637939 218869 693056 251137 339355 616501 527197 281360 467959 499062
940249 1020229 584436 488930 386341 911262 972067 334803 762461 574141 1008065 1130085 517651 872604 563612 444773 733885 518963 474523 785199 498871 465898 643638 248825 416051 563624 800060 86916 641708 391675 153205 590263 97829 682403 101106 529029 141894 486779 739284 159810 781668 775340 816679 1040787 25284 689893 476842 490197 960878 499464 999999999 691245 913734 202611 973523 530896 725922 998316 721590 819480 920244 490960 614186 723525 300068 1153508 709892 342422 546425 224665 594687 917476 277563 119339 607564 879043 179889 787315 245157 669539 768761 229025 702292 651566 228160 753858 244176 125669 839694 521902 1069680 606853 851638 743818 403507 764673 978166 576615 878245 207455
345700 618396 531092 345801 331692 274793 642353 563749 145262 117141 715060 679146 174461 198785 528154 301819 100944 255998 217682 101186 776952 273075 342646 680274 298769 262645 153437 752765 681922 765813 660400 184042 624900 919376 750482 677462 627622 337539 87657 531478 592564 468140 154826 694380 666510 219432 560573 875229 575385 211223 691245 999999999 776276 637894 468767 693540 985510 719216 302019 472389 495299 207141 189415 400153 654827 751097 353119 382220 604769 601751 582265 496150 785257 744313 473910 348804 526077 694826 606575 124987 486511 625897 557037 175643 623027 242269 469284 638883 294511 568950 597660 330764 818857 65995 539188 754244 477280 425187 475491 647530
614637 343356 342819 533081 673483 1016585 245371 579192 919284 760789 201362 439399 740667 752868 361903 624333 876345 917926 773617 765086 500467 883531 441506 687822 674580 552068 697397 999807 282165 604248 767880 617415 935758 449243 1014802 403696 771962 978138 715205 837415 185556 312093 721237 275042 904375 982350 437607 609744 320121 680951 913734 776276 999999999 1036079 482763 409124 490316 182389 477498 323979 378737 800569 599245 376331 627964 387861 423402 674148 367645 1024085 320784 374558 737440 1030705 353423 526109 774603 126452 1043671 651373 291147 1046749 243744 602346 688176 552230 729793 976008 554690 392596 448975 465705 128482 750136 512594 175608 477388 406147 362151 1046759
939304 1083193 694109 543274 407068 810674 1051555 471029 671995 526019 1098917 1184029 480404 834175 674488 470795 653303 412725 427934 738540 676637 372612 694393 428988 426228 591005 772040 185341 782548 578104 333220 590811 117971 864471 168587 682120 306067 355208 704703 198730 881930 844653 783121 1119676 189129 574900 604348 684531 1024926 488265 202611 637894 1036079 999999999 1004065 687520 913002 1092104 752910 882821 970769 431706 618344 781924 468838 1222233 756998 382127 679616 39436 716865 968817 476533 146509 699160 895780 262903 911142 49569 653816 843915 27893 804978 651678 390152 763708 307454 78675 848754 647942 1114875 656409 993007 699564 528774 905042 1010149 656643 931770 11195
158086 179214 483562 484949 600687 620738 252193 694453 577776 527426 325233 210973 547802 341134 498697 537251 545946 705074 600259 402155 785392 700426 332652 838337 578412 415328 326466 1055095 580080 840890 873454 417479 945565 838146 1061390 658063 855899 784970 382040 835107 365951 252137 339570 272159 953757 684227 591412 908630 168550 520512 973523 468767 482763 1004065 999999999 673203 897165 338516 253314 206067 106600 611846 389280 266912 786014 290407 266707 636081 575768 976049 517868 111124 930486 1065742 422742 120530 794918 479460 988326 377952 274166 1001758 402741 360724 802932 248058 731358 974867 175020 563829 129071 367874 586638 411960 630284 569890 8944 424219 138292 1015099
729357 630590 194917 349126 430351 968222 549930 220350 831026 618605 556196 747876 571355 776999 185432 416725 787038 715223 576597 736839 112577 664266 398956 288273 450602 433044 699145 613178 127935 196951 378324 510447 574642 228494 630653 16696 391771 747635 676413 496183 341541 421302 724741 611590 526843 840422 134495 236241 577745 508471 530896 693540 409124 687520 673203 999999999 293886 541194 493249 468783 579168 607855 511278 418907 231609 735444 442887 401937 100848 685783 155343 574868 328351 650234 262131 636888 430320 290296 707614 588322 400534 704415 277356 538892 303904 570358 408582 616613 629102 127899 716110 387376 325212 703618 184239 241706 673212 288583 538733 697027
