NAME : synthetic_000959
TYPE : CTSP-D
DIMENSION : 100
GROUPS : 8
RELAXATION_LEVEL : 1
EDGE_WEIGHT_TYPE : EXPLICIT
EDGE_WEIGHT_FORMAT : FULL_MATRIX
EDGE_WEIGHT_SECTION
999999999 653169 607209 315702 709131 652037 863698 510535 765602 694015 197312 902366 593766 796023 271530 565955 1076503 761325 996871 546820 686648 674913 458362 294876 461073 898417 880768 406058 379349 626389 433216 1103427 245140 367818 975705 532936 839655 384425 553246 410423 1073673 522218 969537 453838 785289 1050430 172499 721651 774761 890834 351276 1055121 256476 603261 809167 825809 832217 723961 708508 625307 313365 306960 257382 657158 633856 106760 748132 780122 306984 708583 863699 399824 156648 1111430 638747 440713 582235 348919 426514 890686 236472 776399 837476 815026 874235 320315 239323 334620 832518 351678 1073624 499541 772789 870508 1180705 926238 1000503 582922 631249 1016555
653169 999999999 438221 341324 916959 929704 871196 144901 658031 829255 763761 435271 330740 233060 402233 886139 786607 170623 497991 793386 37691 591062 717164 515616 766775 726596 603549 810292 479026 39516 230920 724881 413026 583458 587353 158042 779856 422146 314531 760389 827571 815846 757483 642511 172224 602978 666158 356124 122063 329763 606333 671598 589530 895823 999272 918049 213920 309175 289895 489603 744996 547133 739872 645239 380656 757555 338253 855082 721521 627458 1073044 270711 498390 762154 90193 710839 464978 461589 307865 701228 779214 893153 585153 1045408 1030955 636708 718105 774995 493896 825148 807053 193649 168352 763850 818091 846649 567830 288735 532018 551441
607209 438221 999999999 388101 502296 537291 434319 419584 230306 404481 593730 343324 107600 363476 373090 520049 477079 381570 437446 415310 438392 153323 372128 320085 427566 332928 275817 511699 233371 453358 452543 496617 485919 300034 373808 308450 349017 223838 130443 449179 486783 454212 389844 294845 603253 459493 503724 170845 512473 410245 330130 449462 386925 515238 573444 481338 445476 210735 212173 51480 491771 323359 522738 209272 71404 676128 213194 418592 469785 191277 647160 327273 516219 504616 511455 375236 42083 258868 239216 315283 584921 460097 234629 625894 597902 377491 510605 513177 231044 564657 480119 497525 602736 344795 573782 424585 408867 149598 93988 436158
315702 341324 388101 999999999 714006 696094 768059 204749 602541 653875 427427 616426 330562 485658 70994 631051 859476 447123 706776 560357 373144 510978 468090 227170 504975 718917 655772 516888 245397 318532 148256 854695 103491 324646 717417 218686 707720 200964 287186 480487 874120 564915 777935 412485 487955 776892 333361 448455 463383 583693 335518 802525 281864 653057 810763 772745 517058 437171 418857 426293 436083 263319 417211 528357 384396 417856 465412 713681 414692 551120 879848 88156 168273 873532 342000 455770 382354 208770 152031 702779 447294 733140 618334 840830 860669 347941 394069 466793 580587 511958 865726 223065 477374 718569 940710 791720 729343 305139 451682 736444
709131 916959 502296 714006 999999999 94411 267238 852128 384775 106167 553407 794913 602555 864479 653514 170999 676424 883556 873003 164134 925255 379261 258482 495257 248132 472583 582760 324943 472018 922188 844341 788563 765065 392851 735854 765058 334367 525358 606378 300719 628648 189033 541373 301559 1088438 839026 536813 660942 1007174 899050 390185 767905 476555 128363 100904 165242 947592 708261 712685 458188 403750 461336 465009 305850 573143 703096 703452 169353 404590 364731 165924 710264 732172 760495 974148 274902 465138 506061 631169 489701 516016 120357 547484 129347 165613 400811 476790 391998 638825 405098 650075 911483 1085301 393536 817423 383455 796886 638677 416449 842415
652037 929704 537291 696094 94411 999999999 359752 851492 454307 179760 483212 850250 630177 900399 631089 88980 760817 913346 932913 138049 941649 432809 228032 470433 198671 553865 653000 252195 463930 930940 834029 867116 735464 371609 804969 773897 419235 520355 627579 242795 716095 135119 625275 291115 1101928 907919 480125 703423 1027383 943889 361837 843162 437624 48776 171084 259653 980713 747482 749449 498444 339722 434729 399287 359207 608656 634908 746345 259471 345123 425611 213152 704040 692930 841968 979722 241079 497238 493614 631998 568686 443958 213918 614888 163260 242012 361411 414143 322957 698230 327491 736066 904333 1097474 477646 900999 474215 863737 662593 459703 907231
863698 871196 434319 768059 267238 359752 999999999 848473 220180 197068 748281 628388 540924 753620 724868 420125 423968 789906 688464 357144 868479 281038 419096 591547 442030 239579 381631 542893 531273 887582 868074 550409 845982 499313 528592 741127 106716 567515 563463 496948 368876 405073 294160 409870 1032176 628300 702011 545935 935094 759310 512752 540111 608161 382462 253235 113221 840540 598891 610548 382900 597125 567091 656115 241268 491325 885710 582989 102533 588826 243743 306341 733229 840286 514601 945774 436248 414200 570380 643104 264310 717332 147202 360267 318350 228111 544809 660316 596380 470368 625343 393730 922349 1032944 157251 565070 118843 594052 583564 342290 644047
510535 144901 419584 204749 852128 851492 848473 999999999 649789 774861 632029 521822 322021 343332 271394 797730 836600 289234 598757 713449 180933 569555 628820 405404 673744 740965 639674 703221 388129 115856 87708 797513 268547 487555 656716 115825 768249 331221 289537 659107 867317 728392 784642 560376 283467 691507 536955 395846 264863 445239 506133 743552 473016 813094 941871 878177 347787 361879 340900 469380 629701 439838 617202 610463 380584 615809 393386 815731 607063 609146 1014424 152041 354814 827813 138930 619774 434501 362251 220977 718799 650881 846539 612273 981450 981913 529490 594538 660298 540503 708162 851490 82727 273333 763235 889418 843895 650187 280530 507262 643424
765602 658031 230306 602541 384775 454307 220180 649789 999999999 279317 697221 420662 331636 533578 573400 476760 335704 569949 491784 379162 652841 93306 391487 472265 436707 134677 198808 540770 393616 677182 681136 418802 692993 404580 351451 537683 121898 412314 360320 480935 315145 430317 209977 341880 815330 454613 626453 325768 716467 543301 428298 390394 514736 453429 422063 298215 620484 378756 390717 181930 561199 458924 610386 121507 277648 812266 362967 243162 545144 57040 490205 551884 706536 401475 736308 403949 222430 430313 461564 133908 675856 297363 162799 484636 423724 472078 606595 571824 261360 614696 322291 727786 816788 116323 466540 194329 412113 374610 150923 457992
694015 829255 404481 653875 106167 179760 197068 774861 279317 999999999 561023 689052 507827 764039 599015 225704 581392 785908 766836 162226 835101 274657 236727 447819 249991 374105 477801 347579 408488 837234 775382 687873 716011 346747 630714 681263 240696 457148 515639 305707 538318 208425 445820 251651 999422 733889 525622 558566 914300 795291 352033 665157 445679 191282 170159 131816 848147 606979 612438 358165 408564 417273 469124 202059 474351 704075 600772 95826 403151 258710 244045 639353 694357 662222 891183 254453 369508 445541 555449 389169 527725 83149 441810 221731 208013 374586 476039 404622 532699 430290 557296 839121 997163 298498 721345 302603 691282 545839 315488 736520
197312 763761 593730 427427 553407 483212 748281 632029 697221 561023 999999999 924720 615488 860614 361889 394402 1028004 838822 1020868 401272 792434 615803 329277 284269 311989 831594 847668 231031 365114 744382 569294 1080114 395461 300361 966024 620638 746455 398101 582368 256345 1012366 364984 907175 356760 915375 1053149 99866 740454 884848 945130 272674 1037021 208632 435284 649579 690386 912930 756675 745489 595470 152523 271860 92191 578003 639884 152032 774821 654308 159531 641788 696208 493497 314411 1078413 769309 312343 558955 352126 483550 830012 41198 639046 802578 645625 718296 226327 90825 161465 824398 161961 1018380 642356 904769 787555 1147236 829510 1002501 618514 587571 1027718
902366 435271 343324 616426 794913 850250 628388 521822 420662 689052 924720 999999999 311651 209271 636172 848881 379396 272143 96165 743396 407811 417694 712337 641642 767345 407385 254695 854688 559757 471758 597742 292406 718831 640531 163479 421954 521692 530173 349861 791947 435864 787284 400435 636774 529547 169883 829421 184414 420723 151177 670745 240660 716124 837094 841857 718097 276775 179825 197577 364053 833468 653266 860511 491582 286086 986612 154235 663795 810973 430420 910779 530178 778540 334730 524864 716800 384325 574431 477931 378683 920436 717485 268317 903297 843755 717366 846417 855793 159403 907582 408139 600397 538092 478029 385306 552429 132642 319549 395761 122233
593766 330740 107600 330562 602555 630177 540924 322021 331636 507827 615488 311651 999999999 275300 334689 603695 533229 283170 407568 501567 330936 260364 444816 331382 499769 419246 330172 571984 252806 346819 366187 524603 433494 344233 388922 207496 452505 218773 43420 511933 554867 535183 466242 365475 495849 457131 518905 128208 406692 339957 373816 472923 407580 603834 677625 588699 351583 142228 134137 158885 536001 345926 556338 316201 59282 675400 159441 525874 512575 297272 751492 255054 480144 543049 405428 444415 138340 263710 179801 397746 613778 566384 296951 728199 704318 417986 540544 561105 250117 613836 542834 402697 495189 442734 610149 524361 407606 42990 201567 422927
796023 233060 363476 485658 864479 900399 753620 343332 533578 764039 860614 209271 275300 999999999 524944 878185 580948 63722 264966 775098 202006 494147 720078 580939 774945 564977 421858 844236 514269 271592 427777 501671 580353 613338 369874 268451 651130 468051 292067 785348 631135 810102 577949 640734 322454 372485 760973 209135 213332 102022 641903 449803 659838 876598 930296 824336 86924 157776 151794 406328 800891 602954 813499 563098 292095 891910 170631 763883 777031 521348 1003211 398113 653928 543365 320408 719399 403163 514559 378552 536928 865592 811465 416888 985697 946925 683284 795222 827750 308510 880508 606347 414215 330127 620426 594503 701710 341019 253458 448585 320076
271530 402233 373090 70994 653514 631089 724868 271394 573400 599015 361889 636172 334689 524944 999999999 563643 849924 492596 729385 496809 431900 480351 403221 160663 437683 696100 647449 446270 194235 382555 219241 857135 121319 261276 723272 265951 671961 161377 292001 411139 858849 498576 759393 352453 554762 790370 265674 459750 523759 619305 269346 806335 211120 587110 751638 721529 564838 456567 440059 404779 365090 196521 347101 488785 382550 367600 482415 664136 343713 519496 819413 133851 145670 871719 409886 390096 359873 155386 158283 682337 379544 679826 607435 778960 804056 278637 324113 395802 582553 441138 853114 294039 544724 688016 940042 757559 741416 317428 424348 753261
565955 886139 520049 631051 170999 88980 420125 797730 476760 225704 394402 848881 603695 878185 563643 999999999 799270 885126 936032 105566 901102 438030 169439 403883 126076 589726 671987 163490 410406 884039 773152 895290 662426 310762 820599 728541 463414 467832 595207 160631 760555 70313 664266 244294 1057836 922319 394896 690189 989532 930278 295838 866713 362176 43024 258678 330886 955087 730297 729795 487570 252759 367736 311469 367798 590191 546212 732895 317598 259895 439073 301807 647459 614627 874889 929891 178000 478378 435820 581993 600898 355024 281209 630942 251372 329158 287411 327149 234663 703389 238704 777589 845246 1052307 519307 937028 528307 875911 632063 453196 916478
1076503 786607 477079 859476 676424 760817 423968 836600 335704 581392 1028004 379396 533229 580948 849924 799270 999999999 639998 381807 708295 765925 412204 727130 782344 771389 209726 203732 875979 697154 818265 894593 144673 960175 729951 217035 722282 342149 698862 575423 816552 71385 760138 135573 675842 903286 274951 951326 440979 794210 529557 756046 164102 836007 770175 677083 536905 655190 480280 500786 451780 895892 775908 943282 457167 476225 1134233 449741 508645 879084 388143 728423 788077 993277 96138 876232 739650 495803 728799 707540 202302 1008790 563264 242498 742297 647875 801716 938010 907291 296491 950398 37690 919312 910467 283260 141427 307572 269447 567332 446515 316472
761325 170623 381570 447123 883556 913346 789906 289234 569949 785908 838822 272143 283170 63722 492596 885126 639998 999999999 328127 784071 138534 521955 722670 564641 776632 612231 473699 839450 504839 209632 375606 564470 537381 607169 431219 228546 689809 454601 290639 782527 688032 815919 630214 643678 264107 436198 738959 244744 155807 159645 634587 512272 643345 886621 954282 854493 74426 191613 179422 428284 789766 589569 797661 587645 311694 860092 212000 792952 765800 552246 1027789 361501 614750 605342 257004 720429 418574 500320 355467 584732 846681 838233 464744 1007439 975097 673501 778287 817702 360203 870147 664244 356171 270618 662987 657439 745206 404293 253161 471572 383793
996871 497991 437446 706776 873003 932913 688464 598757 491784 766836 1020868 96165 407568 264966 729385 936032 381807 328127 999999999 830870 466653 500497 803898 737798 858588 456187 306925 947770 655874 536327 678403 265061 808347 735808 173296 505510 582335 626208 445237 884853 446879 876029 433784 729327 567884 119399 925576 280570 462220 176276 766020 222363 812264 922265 913544 784792 311580 273021 289389 455128 928548 749369 956297 573760 381911 1082081 249242 733710 906190 508792 980380 619650 870610 315829 585127 808999 477906 670559 571405 428452 1016423 788772 331423 976409 910017 812806 942361 950502 234753 1002091 415573 674356 578434 533312 352018 601411 112555 413989 484316 67636
546820 793386 415310 560357 164134 138049 357144 713449 379162 162226 401272 743396 501567 775098 496809 105566 708295 784071 830870 999999999 806342 334244 95295 336645 89320 498757 571278 185778 325939 793764 696693 797760 604864 235827 718217 636959 381334 382306 495483 144943 674377 51917 574722 153079 965565 819371 375106 585084 893213 825388 229207 767132 312805 103028 265035 289283 853145 625855 625879 382076 248897 301623 310126 265710 485811 547352 627853 257740 246064 337895 326788 566119 568795 780004 842041 111093 373845 356139 494119 507396 366740 237845 529336 283330 327791 236821 319157 242940 598732 268354 688978 766611 960808 433805 843766 454463 772446 531587 347671 812293
686648 37691 438392 373144 925255 941649 868479 180933 652841 835101 792434 407811 330936 202006 431900 901102 765925 138534 466653 806342 999999999 589914 732818 538599 783506 715113 587402 830924 497182 76262 267679 699041 448043 602011 562988 177911 774719 441032 319505 779503 809219 830800 742587 656906 164938 573950 694166 342487 93025 296057 625914 646146 613855 909148 1005260 919635 176910 293151 274978 489347 768322 569080 765524 647059 377173 790447 320762 856802 744673 625138 1079141 298961 532611 737811 118474 727282 467759 482142 328062 689090 806656 896633 571470 1053044 1034586 658094 744108 798043 476115 848766 787638 231268 164563 755974 792228 838888 540432 290354 532370 521858
674913 591062 153323 510978 379261 432809 281038 569555 93306 274657 615803 417694 260364 494147 480351 438030 412204 521955 500497 334244 589914 999999999 326528 380682 376829 223521 242785 477074 300772 606674 595282 475578 600228 318506 384840 460561 200246 319147 282627 414998 400415 382361 295465 266313 754420 485320 540512 286084 660612 520765 344016 439460 426745 422093 436989 332777 579790 336372 344143 101871 486264 369092 531657 73930 213767 725125 327587 271002 468419 40526 509431 463675 613263 466721 664757 336512 135718 337182 372980 216814 597106 317327 198714 494429 453362 389514 525893 499962 266252 545966 403671 645405 754464 207936 534510 281478 438204 302781 62447 478475
458362 717164 372128 468090 258482 228032 419096 628820 391487 236727 329277 712337 444816 720078 403221 169439 727130 722670 803898 95295 732818 326528 999999999 242640 55492 521425 569312 150599 241068 714651 607107 801727 509845 143895 708181 559399 421768 298456 432032 89462 701751 99602 598240 79343 888677 806033 288946 542566 821975 779342 134430 765929 218099 185605 359274 368401 794036 578016 575197 348771 179407 207190 237186 270273 439036 468344 584341 326953 169760 341393 422037 479218 473766 790256 760495 17730 330114 267674 412554 524959 299543 318376 525104 378512 420061 142720 241413 183640 578459 223453 712212 678265 883018 467434 856744 502564 757166 469771 322384 792852
294876 515616 320085 227170 495257 470433 591547 405404 472265 447819 284269 641642 331382 580939 160663 403883 782344 564641 737798 336645 538599 380682 242640 999999999 277807 604163 588941 297860 86866 504819 370904 815758 270056 102577 693563 360858 553854 114138 298234 255402 778807 338097 674765 196854 681095 775781 187779 457228 631402 662299 108713 769375 78926 426527 594420 574708 639061 472406 461352 332556 229730 36151 233085 368841 358748 356236 490802 520567 206079 415412 660890 253483 249270 820547 542833 229437 290863 67871 212526 595919 285188 530196 544985 619440 649403 124171 214302 259485 550324 310252 778870 444281 673150 580087 889904 640807 725181 334769 336470 747493
461073 766775 427566 504975 248132 198671 442030 673744 436707 249991 311989 767345 499769 774945 437683 126076 771389 776632 858588 89320 783506 376829 55492 277807 999999999 563765 619306 105415 288339 762868 647348 850648 538168 186189 760224 608768 456292 345736 486083 55782 742826 63612 640523 134442 937723 858812 288692 598046 873352 834781 169879 816113 239121 151717 348118 378435 848319 633446 630504 403531 159578 241662 220818 316741 494523 458254 639832 344642 157337 388905 404803 522810 494269 837381 807232 56453 385535 311493 460416 569114 277835 327063 575517 357953 413520 163177 230265 154749 632086 185240 754876 719704 931638 505215 903132 533720 810231 524018 376051 846604
898417 726596 332928 718917 472583 553865 239579 740965 134677 374105 831594 407385 419246 564977 696100 589726 209726 612231 456187 498757 715113 223521 521425 604163 563765 999999999 152730 668832 523298 751100 782818 316828 813563 539109 290765 625667 141038 536740 455234 610522 181067 550635 76829 475629 871031 389088 761069 373024 766160 549882 562971 301645 648926 561284 485123 346841 650121 424294 440941 292727 694043 592297 744256 254186 360396 946744 400539 308732 678580 191238 543998 660147 833185 288220 810891 534780 337133 558774 571952 28775 809659 364944 148093 550494 467347 606697 740895 703504 259195 744847 191112 821938 874752 83060 347770 145641 356663 460441 272615 407381
880768 603549 275817 655772 582760 653000 381631 639674 198808 477801 847668 254695 330172 421858 647449 671987 203732 473699 306925 571278 587402 242785 569312 588941 619306 152730 999999999 719847 502498 632083 693810 233833 756659 547309 153179 524285 275828 499288 372018 657670 227664 621165 156516 507094 736574 256302 765020 248555 629332 398791 575306 196818 648178 650717 612844 480340 504950 294555 313658 256434 725564 586169 767497 305752 272672 944193 266744 432501 706562 233383 677296 584664 791546 231866 691329 579144 298600 531881 503816 124088 832435 488590 45165 677003 604836 622458 759537 740864 113564 787873 212998 722305 741692 226594 301178 298085 215905 365573 260144 264205
406058 810292 511699 516888 324943 252195 542893 703221 540770 347579 231031 854688 571984 844236 446270 163490 875979 839450 947770 185778 830924 477074 150599 297860 105415 668832 719847 999999999 336129 801562 664373 952325 529725 232343 857653 653293 561347 390505 552249 63145 848139 140650 745626 218828 977852 954622 238302 679640 922874 911302 205875 916392 235190 204287 419262 471207 912773 710648 705462 493742 94335 264124 149236 420060 574805 382737 720197 443316 108255 491650 465262 551342 471026 940528 840651 141225 470386 348858 502935 673677 192108 419677 675557 414852 488627 174134 166865 71795 725891 82740 859925 738766 970300 610609 1006755 637835 905375 590835 470404 939726
379349 479026 233371 245397 472018 463930 531273 388129 393616 408488 365114 559757 252806 514269 194235 410406 697154 504839 655874 325939 497182 300772 241068 86866 288339 523298 502498 336129 999999999 474530 372554 728895 314902 104880 607047 321000 483270 57464 224264 282512 695657 340658 592313 173272 649524 690308 271699 375694 588270 589849 130296 682540 156491 424970 567044 528302 578710 394999 385710 246306 286638 93548 303579 298296 274834 443102 411178 470239 262806 337444 637265 240253 314622 733957 519499 233029 204143 39108 172077 513597 361311 487898 458737 600304 615510 169114 287812 313608 463938 366314 694656 441133 643321 504684 803312 569803 639666 262380 252728 663179
626389 39516 453358 318532 922188 930940 887582 115856 677182 837234 744382 471758 346819 271592 382555 884039 818265 209632 536327 793764 76262 606674 714651 504819 762868 751100 632083 801562 474530 999999999 198398 760098 383891 577952 621772 157332 798668 417153 326196 753640 857449 813898 784743 641688 176311 640135 647941 383700 149875 369006 599475 706616 576645 895572 1006803 930185 253107 338852 318944 504831 732983 537538 724779 657785 399611 731635 368765 867196 709791 644050 1080360 254549 470575 796377 59791 707420 477405 454229 302453 726330 761568 903432 611789 1051142 1040868 627485 702581 763277 523951 812591 837755 155616 169028 785163 853259 867712 604117 304044 546445 588921
433216 230920 452543 148256 844341 834029 868074 87708 681136 775382 569294 597742 366187 427777 219241 773152 894593 375606 678403 696693 267679 595282 607107 370904 647348 782818 693810 664373 372554 198398 999999999 865584 188297 463300 724807 177329 795528 319323 327815 626024 920244 705563 832360 545274 352309 766434 478351 457774 348226 529797 477494 811795 429704 792712 938169 886777 435391 430000 409282 499228 584329 406840 564627 627068 425402 539586 461253 825507 562867 635690 1009168 136451 276569 892759 205553 596044 459856 340559 225115 762634 591829 851190 662694 972828 983394 493793 541341 615042 601154 660098 906782 74822 340163 796760 956303 875110 723254 328391 533045 719916
1103427 724881 496617 854695 788563 867116 550409 797513 418802 687873 1080114 292406 524603 501671 857135 895290 144673 564470 265061 797760 699041 475578 801727 815758 850648 316828 233833 952325 728895 760098 865584 999999999 957909 779870 140881 688563 457603 719128 568010 890498 216002 848639 256633 740804 820541 147153 995532 409969 712174 431890 808234 53966 878388 870471 800687 661250 565158 436118 457028 485640 959393 815643 1000932 534603 474614 1171975 404675 625536 940332 462042 856750 775319 1002770 54414 814953 812056 525245 755484 704395 298928 1065720 681667 278912 866145 777828 855570 992551 974618 274733 1021366 182351 878878 829600 398711 93216 439116 162070 550632 493270 197471
245140 413026 485919 103491 765065 735464 845982 268547 692993 716011 395461 718831 433494 580353 121319 662426 960175 537381 808347 604864 448043 600228 509845 270056 538168 813563 756659 529725 314902 383891 188297 957909 999999999 372633 820847 311919 793026 282066 390078 504358 972697 600925 874924 466486 540155 880119 314083 551940 533381 680095 375675 905847 300489 689661 864443 840356 604374 539966 521379 521107 440370 303760 407938 610082 486435 351731 568496 783762 422193 639685 930472 188744 88631 976162 393706 495258 476474 275854 254108 798718 423219 797607 718329 888175 919185 375169 384403 470058 683606 508452 965365 254921 527656 808110 1043559 878439 832708 408626 543093 839258
367818 583458 300034 324646 392851 371609 499313 487555 404580 346747 300361 640531 344233 613338 261276 310762 729951 607169 735808 235827 602011 318506 143895 102577 186189 539109 547309 232343 104880 577952 463300 779870 372633 999999999 668044 425514 471948 161312 321352 177643 718330 242385 613111 95105 753447 758101 222120 459508 693150 684131 30214 737286 111774 329459 491861 475159 680611 485375 478367 296290 193167 70527 223372 290940 355056 407695 498029 422933 170455 347875 558599 336772 347773 778200 621354 132934 262344 125305 275846 534869 286895 429532 502226 517699 547013 77503 213045 217083 528023 269716 722177 534776 746927 504607 847115 558446 707635 359950 287240 736164
975705 587353 373808 717417 735854 804969 528592 656716 351451 630714 966024 163479 388922 369874 723272 820599 217035 431219 173296 718217 562988 384840 708181 693563 760224 290765 153179 857653 607047 621772 724807 140881 820847 668044 999999999 547723 424733 591707 432105 794739 277338 767016 261281 640675 691836 103179 877395 270378 582785 312661 697432 86997 760420 801050 765083 631004 440228 295237 316148 371931 854372 696950 891251 452850 342424 1049024 263796 584888 833905 381771 828452 636639 868880 174855 677544 716433 407076 630626 568407 264538 954903 641149 190261 829510 754505 745144 880864 872296 143450 921336 247716 738200 699906 371462 232876 433869 66001 412471 388159 117176
532936 158042 308450 218686 765058 773897 741127 115825 537683 681263 620638 421954 207496 268451 265951 728541 722282 228546 505510 636959 177911 460561 559399 360858 608768 625667 524285 653293 321000 157332 177329 688563 311919 425514 547723 999999999 657394 264217 178083 602636 751860 658283 668818 485351 329296 589861 521385 282496 270562 368385 448717 634720 436689 739048 850464 777596 299450 252715 231966 359210 590584 391169 589242 506537 265491 632571 284022 714716 566893 499430 923883 133245 386653 716676 209928 552883 327382 304437 150366 603243 632570 749055 496480 894104 886024 480237 568221 620226 426866 671099 736459 198146 323974 649969 779604 731242 546167 165378 398850 544180
839655 779856 349017 707720 334367 419235 106716 768249 121898 240696 746455 521692 452505 651130 671961 463414 342149 689809 582335 381334 774719 200246 421768 553854 456292 141038 275828 561347 483270 798668 795528 457603 793026 471948 424733 657394 999999999 511028 479460 507676 297689 432811 207010 392596 937048 525676 687657 445113 837632 653596 490751 442257 583647 431421 344256 206929 738011 498242 511042 298871 600464 534551 655688 185341 399330 874178 480704 168100 588274 159874 404524 663598 797653 426825 857663 437280 335827 521792 572863 162584 719783 224075 253552 409570 329774 529268 656078 605165 363869 641261 316836 845028 938606 59316 483057 86956 489729 495492 262547 539240
384425 422146 223838 200964 525358 520355 567515 331221 412314 457148 398101 530173 218773 468051 161377 467832 698862 454601 626208 382306 441032 319147 298456 114138 345736 536740 499288 390505 57464 417153 319323 719128 282066 161312 591707 264217 511028 999999999 184272 338516 703215 398026 602036 229288 592316 669462 300524 345984 532576 548239 184957 670697 192465 481968 618853 572913 528858 358826 347388 248326 335206 135175 345498 328967 251296 459212 378102 513252 311237 358151 689903 185019 296846 728412 462060 290491 203595 46615 114726 524196 399189 534698 457179 654168 664989 219859 327620 363412 448355 415688 699463 386274 586001 526678 797532 596374 619102 220633 264241 638763
553246 314531 130443 287186 606378 627579 563463 289537 360320 515639 582368 349861 43420 292067 292001 595207 575423 290639 445237 495483 319505 282627 432032 298234 486083 455234 372018 552249 224264 326196 327815 568010 390078 321352 432105 178083 479460 184272 999999999 493793 595516 525699 505069 353058 483813 498845 484637 168615 401070 365677 350122 516277 375865 598416 685794 604154 362329 174903 163126 181134 510403 315760 527041 331602 99461 636845 196015 541160 486685 321356 759665 212661 437273 586372 383262 429966 151210 230383 136424 434820 582668 578622 337589 733752 716430 392414 510237 536625 293537 589430 584268 368467 481812 473796 653538 554361 449608 38610 221241 463417
410423 760389 449179 480487 300719 242795 496948 659107 480935 305707 256345 791947 511933 785348 411139 160631 816552 782527 884853 144943 779503 414998 89462 255402 55782 610522 657670 63145 282512 753640 626024 890498 504358 177643 794739 602636 507676 338516 493793 999999999 790595 112104 687349 155723 929600 891541 238014 617682 870770 850574 154186 854057 204017 194230 399660 434172 855407 649605 644933 430644 104142 219896 165536 359734 512982 403425 658502 400161 104017 430747 453338 507130 454159 879552 795080 78545 407727 299411 452528 614350 222061 382771 613245 405062 466332 132556 176119 99433 662750 134444 801422 699632 922658 554987 946141 586558 842262 532284 407319 876586
1073673 827571 486783 874120 628648 716095 368876 867317 315145 538318 1012366 435864 554867 631135 858849 760555 71385 688032 446879 674377 809219 400415 701751 778807 742826 181067 227664 848139 695657 857449 920244 216002 972697 718330 277338 751860 297689 703215 595516 790595 999999999 726263 105284 656655 952120 343862 940449 475107 843432 586991 742855 233549 827157 729095 621681 482044 708612 518672 538509 454976 875070 769139 925276 435252 496209 1125488 489323 459452 859647 370954 669546 807277 999789 166165 916284 715382 499856 729442 723252 183602 990695 512349 257963 686381 588225 787084 921726 884262 333681 925018 33713 949928 958494 241330 200953 250326 334359 591867 442929 382992
522218 815846 454212 564915 189033 135119 405073 728392 430317 208425 364984 787284 535183 810102 498576 70313 760138 815919 876029 51917 830800 382361 99602 338097 63612 550635 621165 140650 340658 813898 705563 848639 600925 242385 767016 658283 432811 398026 525699 112104 726263 999999999 626630 174061 987574 867670 349725 624877 919302 864293 229445 817369 302523 88789 287566 330556 886257 663706 662553 424126 214718 302085 276005 315413 523670 514129 667385 304227 216119 387889 342102 578584 557865 831434 860034 109518 412290 366948 511996 559101 328399 279028 578798 294716 354571 226375 287896 203970 645193 223209 740893 777159 982090 485605 895399 504906 820303 562773 391817 859296
969537 757483 389844 777935 541373 625275 294160 784642 209977 445820 907175 400435 466242 577949 759393 664266 135573 630214 433784 574722 742587 295465 598240 674765 640523 76829 156516 745626 592313 784743 832360 256633 874924 613111 261281 668818 207010 602036 505069 687349 105284 626630 999999999 551708 892987 350599 835224 401387 785841 549238 637575 251513 722130 634756 545867 405898 660268 449436 467930 354629 770514 664441 820292 330505 406982 1020383 422477 374349 754840 265671 600410 714575 898878 221050 844298 611548 399558 626725 628449 78851 885741 429558 173304 611293 521227 681815 816567 780209 270043 821669 114429 866693 897975 147889 276069 183103 326273 505438 339796 377639
453838 642511 294845 412485 301559 291115 409870 560376 341880 251651 356760 636774 365475 640734 352453 244294 675842 643678 729327 153079 656906 266313 79343 196854 134442 475629 507094 218828 173272 641688 545274 740804 466486 95105 640675 485351 392596 229288 353058 155723 656655 174061 551708 999999999 814477 736558 295441 464665 745245 700535 103212 702440 198695 253922 399187 380486 714857 499187 496078 274921 220214 165627 268627 221544 360654 481700 506154 329467 203343 287746 467456 413513 442764 733034 689295 80430 253048 205192 341194 475510 334042 334490 462209 428575 452699 136903 265935 233839 507319 281130 664062 614373 809323 431231 800741 477616 687077 390656 252591 720951
785289 172224 603253 487955 1088438 1101928 1032176 283467 815330 999422 915375 529547 495849 322454 554762 1057836 903286 264107 567884 965565 164938 754420 888677 681095 937723 871031 736574 977852 649524 176311 352309 820541 540155 753447 691836 329296 937048 592316 483813 929600 952120 987574 892987 814477 999999999 684117 820394 498435 109125 391954 775414 769860 752480 1067940 1169563 1084543 256611 446737 430510 654120 908973 713846 899477 811994 541197 891796 471383 1021723 885858 789214 1243416 429903 628678 864259 147005 881991 632640 630218 477625 844205 934300 1061508 724965 1216623 1199455 803789 877044 939327 623370 988386 928121 287622 15856 916008 912498 998862 658590 455261 697214 630658
1050430 602978 459493 776892 839026 907919 628300 691507 454613 733889 1053149 169883 457131 372485 790370 922319 274951 436198 119399 819371 573950 485320 806033 775781 858812 389088 256302 954622 690308 640135 766434 147153 880119 758101 103179 589861 525676 669462 498845 891541 343862 867670 350599 736558 684117 999999999 961942 330621 577167 292354 787902 110904 845723 903441 867351 732403 427517 341124 360715 464071 947138 782104 981414 554539 418194 1128650 311762 687328 926056 484007 929989 692427 934908 199686 691906 813579 495774 710799 632728 364040 1044159 743677 293044 931949 855204 835557 969878 966247 230368 1016105 310983 770274 694121 471067 232625 529258 50660 473608 484222 53471
172499 666158 503724 333361 536813 480125 702011 536955 626453 525622 99866 829421 518905 760973 265674 394896 951326 738959 925576 375106 694166 540512 288946 187779 288692 761069 765020 238302 271699 647941 478351 995532 314083 222120 877395 521385 687657 300524 484637 238014 940449 349725 835224 295441 820394 961942 999999999 645007 786804 846157 198549 950839 117189 431374 636723 657342 813077 659342 647626 509899 144061 180457 96566 510925 546057 186702 678345 614305 135086 569875 691349 395509 241978 996733 675119 271216 471106 255205 383692 756984 113959 607257 720233 642893 702076 158537 74106 168960 734757 198044 944142 552427 810226 723940 1065919 772999 911291 520284 506315 934707
721651 356124 170845 448455 660942 703423 545935 395846 325768 558566 740454 184414 128208 209135 459750 690189 440979 244744 280570 585084 342487 286084 542566 457228 598046 373024 248555 679640 375694 383700 457774 409969 551940 459508 270378 282496 445113 345984 168615 617682 475107 624877 401387 464665 498435 330621 645007 999999999 395076 240659 489648 356728 531915 683835 723001 615222 295691 53134 67955 204979 652669 469241 677516 356655 104966 803558 42931 554918 629798 312268 795515 366454 604382 435066 443103 545087 212914 390041 302224 346705 736764 603083 229182 779671 738041 535633 662912 676058 144659 728327 457228 478505 501840 418997 499349 501559 281868 143541 244885 294904
774761 122063 512473 463383 1007174 1027383 935094 264863 716467 914300 884848 420723 406692 213332 523759 989532 794210 155807 462220 893213 93025 660612 821975 631402 873352 766160 629332 922874 588270 149875 348226 712174 533381 693150 582785 270562 837632 532576 401070 870770 843432 919302 785841 745245 109125 577167 786804 395076 999999999 285945 717532 661210 706835 996198 1084237 992804 150900 342555 327584 562257 861131 661621 858547 721694 446899 879403 365682 930371 837452 693748 1158120 391375 619520 755452 161137 816999 544988 574304 420337 738969 899460 972558 619258 1133964 1110374 750414 837115 890788 515899 941618 819211 299877 117428 813962 804378 896606 550377 368696 605743 523785
890834 329763 410245 583693 899050 943889 759310 445239 543301 795291 945130 151177 339957 102022 619305 930278 529557 159645 176276 825388 296057 520765 779342 662299 834781 549882 398791 911302 589849 369006 529797 431890 680095 684131 312661 368385 653596 548239 365677 850574 586991 864293 549238 700535 391954 292354 846157 240659 285945 999999999 713607 383360 740659 924465 956334 840726 135404 201348 205939 445513 875289 681320 892633 593393 340781 984495 197745 782960 851707 541751 1027662 495686 751737 478552 413942 780611 452042 594792 468114 521129 947427 833981 404877 1014972 965642 757201 875533 900820 292035 953591 559004 515092 402283 615159 522544 692933 270158 328009 484592 238884
351276 606333 330130 335518 390185 361837 512752 506133 428298 352033 272674 670745 373816 641903 269346 295838 756046 634587 766020 229207 625914 344016 134430 108713 169879 562971 575306 205875 130296 599475 477494 808234 375675 30214 697432 448717 490751 184957 350122 154186 742855 229445 637575 103212 775414 787902 198549 489648 717532 713607 999999999 766074 95497 317817 490298 482260 708246 515177 507948 325543 163024 72892 193820 312410 385241 385083 528066 432402 140248 371954 555098 354469 343764 805783 641369 120771 292213 145253 298476 559661 257801 435170 530176 512501 547964 47717 184320 187301 557738 240021 747481 550028 768499 525634 874573 576753 737466 388683 315164 766223
1055121 671598 449462 802525 767905 843162 540111 743552 390394 665157 1037021 240660 472923 449803 806335 866713 164102 512272 222363 767132 646146 439460 765929 769375 816113 301645 196818 916392 682540 706616 811795 53966 905847 737286 86997 634720 442257 670697 516277 854057 233549 817369 251513 702440 769860 110904 950839 356728 661210 383360 766074 999999999 833651 843803 786509 648485 515344 382210 403110 441597 919598 770566 959435 502073 424134 1125548 350781 608658 899987 429500 845530 722548 952005 95204 761719 775513 479797 708045 652701 280163 1023856 665139 240835 851793 768220 813619 950290 935854 223869 983521 200413 824913 778621 384690 146714 434042 113545 498019 452245 155254
256476 589530 386925 281864 476555 437624 608161 473016 514736 445679 208632 716124 407580 659838 211120 362176 836007 643345 812264 312805 613855 426745 218099 78926 239121 648926 648178 235190 156491 576645 429704 878388 300489 111774 760420 436689 583647 192465 375865 204017 827157 302523 722130 198695 752480 845723 117189 531915 706835 740659 95497 833651 999999999 390820 577371 576570 717770 549284 538819 392775 156712 63620 154321 402533 431304 298482 566691 527594 134105 457808 639333 322703 256198 879974 611624 201730 353939 145875 290051 643555 206831 528800 603477 594485 637589 76419 135385 187282 617963 235947 829793 504303 743883 616212 949208 670063 795062 412833 390128 819428
603261 895823 515238 653057 128363 48776 382462 813094 453429 191282 435284 837094 603834 876598 587110 43024 770175 886621 922265 103028 909148 422093 185605 426527 151717 561284 650717 204287 424970 895572 792712 870471 689661 329459 801050 739048 431421 481968 598416 194230 729095 88789 634756 253922 1067940 903441 431374 683835 996198 924465 317817 843803 390820 999999999 216035 289949 955319 725972 726705 479483 291015 390589 350737 349894 586205 586798 726727 280193 296356 419441 261586 664318 645539 848096 943109 197287 474227 453031 594910 573939 396319 241033 610853 211970 286339 314874 365423 274645 688335 281085 747272 863783 1063000 488436 909046 492977 857965 634379 442839 899894
809167 999272 573444 810763 100904 171084 253235 941871 422063 170159 649579 841857 677625 930296 751638 258678 677083 954282 913544 265035 1005260 436989 359274 594420 348118 485123 612844 419262 567044 1006803 938169 800687 864443 491861 765083 850464 344256 618853 685794 399660 621681 287566 545867 399187 1169563 867351 636723 723001 1084237 956334 490298 786509 577371 216035 999999999 140183 1015192 772688 779206 526010 501684 560933 562620 367279 642595 800274 764571 180366 503676 414731 73902 803053 832825 766851 1060293 375772 539286 602188 721460 506587 611294 124772 582664 65462 71043 501694 575323 488203 682986 497109 646946 1003861 1167250 402341 818272 371357 828740 715908 482828 876688
825809 918049 481338 772745 165242 259653 113221 878177 298215 131816 690386 718097 588699 824336 721529 330886 536905 854493 784792 289283 919635 332777 368401 574708 378435 346841 480340 471207 528302 930185 886777 661250 840356 475159 631004 777596 206929 572913 604154 434172 482044 330556 405898 380486 1084543 732403 657342 615222 992804 840726 482260 648485 576570 289949 140183 999999999 910681 666947 675987 430786 537887 545529 598879 272817 546002 834914 655067 62994 533594 303011 197613 750341 822840 626801 986468 386131 453138 566514 663061 369448 656009 51570 453481 205493 125658 506188 606654 532013 558706 553700 506925 946952 1083801 263799 678120 231814 695569 629717 387465 744505
