NAME : synthetic_000659
TYPE : CTSP-D
DIMENSION : 100
GROUPS : 8
RELAXATION_LEVEL : 1
EDGE_WEIGHT_TYPE : EXPLICIT
EDGE_WEIGHT_FORMAT : FULL_MATRIX
EDGE_WEIGHT_SECTION
999999999 564943 793976 274943 366330 623808 326781 530982 702311 967850 113536 31467 152106 725973 621541 808184 462151 630022 516815 895453 905694 1019547 1004460 831507 722839 486693 712592 113796 318599 575930 380953 930559 218033 160077 362765 698892 1150880 794007 760218 198112 1044919 966009 402759 598003 527495 951820 975302 543722 606035 457113 437276 124815 464799 780350 1105468 398966 390228 106162 708287 628176 756165 633621 665420 640651 643650 687399 873743 420776 463877 827540 713377 481021 851990 1042731 509726 433550 469281 59732 187744 746960 241918 211564 1007979 1151843 695597 219099 404661 688823 291289 637114 515804 842783 722437 948206 819751 712002 708028 291140 612599 934923
564943 999999999 367058 291805 543169 381041 411411 364840 323790 407736 453381 579931 552214 249733 288672 445485 103240 487015 428182 441426 384866 482843 483795 389027 586500 127582 161263 506336 246349 11172 540158 405071 474824 525406 528496 160815 612164 327732 586934 388303 491193 442185 189896 192742 145662 399408 432158 409017 203287 535055 310407 441073 235099 382299 578630 300066 228653 595913 375208 426248 281695 72057 218214 371012 630044 701765 435336 234678 445271 324024 170281 162722 448570 478647 196666 392867 240348 512561 491849 382858 330394 463705 564314 613275 444721 370211 400722 133251 328987 100691 49821 282156 419283 388100 504837 414066 173089 290024 62579 387288
793976 367058 999999999 570777 887323 741593 752037 306963 95994 480142 685034 818929 712192 546812 643482 103433 414435 851852 794775 102516 189563 614427 648272 669642 947813 490009 405082 779591 522656 360649 887221 213069 615603 816484 872944 431880 708629 606226 943167 673633 568451 612378 528458 208526 512576 301190 562279 327598 556027 893854 672034 676768 329278 40648 709024 399092 572751 777276 715555 263838 95906 321337 153066 728121 997101 1068822 707954 590391 424384 564615 425948 526777 82005 490562 563705 753562 324695 734305 792329 85569 562240 612485 806391 709900 216478 662073 438212 280125 502802 416094 383883 409967 158087 337809 179206 759320 441394 511496 310118 274267
274943 291805 570777 999999999 343081 417917 217404 381521 489912 692908 167281 288375 295499 461283 383565 610569 190640 468163 361055 666720 652083 747898 736083 578837 575157 215549 437738 218300 49459 302916 348243 675537 250397 247366 330370 424749 879365 534030 599332 103880 770512 696614 134423 362873 261303 685944 702290 413534 347552 386006 234969 154231 259581 567064 836403 235778 138197 321761 480154 480533 514209 362080 425780 426914 548532 611821 623722 177739 379281 560445 438976 216861 640879 768164 255688 280816 266627 226474 221556 544167 76933 235823 760229 880363 534737 91313 309794 419754 150850 362464 243641 567864 541983 678549 642601 496301 434244 91218 343302 671046
366330 543169 887323 343081 999999999 360124 135303 724547 816802 863293 358459 346738 498571 567428 413552 941192 473467 311124 219385 974866 927764 864525 831217 620329 381146 417337 627761 257120 381598 553057 16400 947254 517332 206254 14675 601592 986788 608728 425533 268018 916540 801081 360284 680904 422165 928910 834628 755653 451568 98713 247347 352386 599131 890652 929061 578146 317103 471081 463068 823569 815253 611433 735071 384964 280629 321073 651167 309223 712030 664845 617714 386385 963514 950320 374866 176178 606503 376010 183832 874166 395880 504048 768490 987454 876545 265388 642088 672974 481840 558923 510913 753834 880041 906647 979914 445691 604845 431031 605620 921360
623808 381041 741593 417917 360124 999999999 305330 712412 704812 550662 551908 619162 700516 253284 101368 825559 385586 117580 141776 802794 709619 522180 482159 264941 206254 282841 368483 516016 414965 385113 346678 721859 667923 492973 349628 337448 636829 267090 207038 435515 585504 456925 310266 571943 240574 671954 501368 754670 186671 285791 189887 539637 568698 760795 576234 598198 284260 707202 103517 791405 649821 420476 597939 26326 280033 348881 292048 243511 758251 331926 350604 250094 823591 639215 199704 200457 576010 600229 453554 763752 494670 653249 409180 637375 819786 416555 695619 468826 555812 329400 383429 465275 798918 636971 885877 89767 333932 492880 432356 673100
326781 411411 752037 217404 135303 305330 999999999 597173 681805 752930 278707 317982 429707 467014 327826 806415 338389 303563 190057 839974 796251 769139 741800 542833 399875 287872 508251 214659 250956 421619 136286 816407 425969 187644 121005 484241 896044 519648 434833 166621 813462 708172 225735 545646 299941 802888 734128 630454 345233 169528 139295 268987 467435 755423 842122 452795 183391 420461 399470 694794 680598 481050 599866 325507 343065 401220 579770 180921 595019 568515 500408 259874 828236 838056 257715 107594 474926 314741 148393 739389 280296 411610 707516 896821 745472 155879 525112 542865 364299 436159 377089 637903 746879 783390 846365 395060 489012 308175 473512 793926
530982 364840 306963 381521 724547 712412 597173 999999999 212510 688589 435367 559829 423124 613579 635377 287493 327071 798429 708661 406464 475475 800402 816270 752915 905760 430052 500840 548153 346855 367678 729726 501675 327452 596290 711890 512685 918272 690442 917312 467070 781209 775119 415678 206235 476841 566772 746000 44177 557914 762879 572863 430966 143897 279308 899895 147532 455365 492214 730159 100947 318879 378860 251136 709507 910321 978061 798785 489719 119138 677378 516884 462396 341611 729325 512749 641198 136477 472600 583506 236089 336978 327960 924300 919506 164895 463604 136625 389336 255037 461685 339909 579413 194796 588002 289209 764127 525275 294839 350581 541843
702311 323790 95994 489912 816802 704812 681805 212510 999999999 523603 594902 727993 616896 536171 610951 125637 350114 809764 742685 198081 267868 650628 677753 667897 910233 437043 399323 693337 443251 319875 817967 293488 520216 732686 802692 421810 755701 603406 910339 591110 615240 639195 463232 138892 467512 369161 596702 236550 524059 831246 614216 587199 239338 78425 748427 305174 507819 682502 691753 183543 123059 294928 110513 694255 947298 1018560 709596 530163 330972 571168 419396 474107 151751 547934 516122 693850 234061 642580 710638 59689 474728 517406 819176 756969 155020 580994 342345 270620 411084 392429 329177 434537 107396 398265 181189 733249 432920 424444 276141 342858
967850 407736 480142 692908 863293 550662 752930 688589 523603 999999999 858358 980173 959373 301197 462428 582302 510406 663227 674400 465401 318690 139160 185387 326137 718253 486809 255677 897415 650804 397409 854549 310003 878863 905979 849551 273026 232298 291092 690007 780663 92746 162354 570263 483757 457515 211440 95649 727615 411728 816563 618179 845702 603653 519466 229195 682813 594710 1003563 465215 700777 402188 347406 440564 525689 826583 891454 338683 578848 797789 222939 257438 502645 537827 88678 495326 687940 605752 917788 868276 555738 737747 868563 377917 233562 678257 760730 772793 309201 733201 331717 457515 125649 625690 162064 658196 508363 266115 697655 374384 232294
113536 453381 685034 167281 358459 551908 278707 435367 594902 858358 999999999 134696 151715 626637 535537 704624 350263 576641 462889 785862 792612 915167 902835 739406 677055 382509 603905 119599 207613 464276 370145 817378 160292 174600 350648 591734 1046635 697688 709428 117423 937168 863572 299981 486278 426673 838348 869517 453626 509901 434938 362029 13243 355942 673248 1003339 295741 294407 158522 627609 535121 644143 521262 553423 565634 618093 670870 783198 329312 384748 726739 605787 381092 745702 931844 415094 377230 360916 59448 178481 641830 128429 147963 919007 1047631 600041 135444 319260 575818 185206 529090 403940 732946 622223 835120 721243 636969 601369 178051 499733 821393
31467 579931 818929 288375 346738 619162 317982 559829 727993 980173 134696 999999999 182741 732045 622016 835345 477793 619615 507275 920050 926812 1028006 1011271 833851 709908 496302 724561 103459 333988 591002 361834 951445 249237 141622 344185 709725 1159122 798397 748530 203344 1055717 973342 412111 620969 535048 970128 984741 573445 610919 439806 435101 144499 489657 806196 1112456 425863 396358 132130 706370 657553 778832 649525 688116 636986 625953 667482 875310 424762 494608 834165 724496 488366 878199 1056371 514397 425479 494385 87236 173684 773570 262393 242482 1008617 1160063 724603 224265 434732 705803 317006 648724 531268 855552 750480 965174 848239 708044 718488 312530 629385 953796
152106 552214 712192 295499 498571 700516 429707 423124 616896 959373 151715 182741 999999999 753549 677239 709657 451204 728319 614599 814691 847740 1030181 1023416 874143 828670 506026 711090 242817 322374 562265 511666 873700 96766 297834 492487 703671 1161064 827969 861132 268729 1043354 982948 428860 534864 554725 910255 981625 426573 642649 581268 510857 162748 393759 692287 1122335 315289 432243 70725 771933 512982 690840 613094 602059 713035 766267 816397 919173 470065 336081 850239 716283 511569 760186 1026199 551131 528937 396089 122785 314745 653651 229176 100178 1055708 1162128 582926 285773 287755 660397 229650 639776 502747 834057 617914 914478 710183 783995 714463 262562 587766 890263
725973 249733 546812 461283 567428 253284 467014 613579 536171 301197 626637 732045 753549 999999999 161263 643056 321312 369348 373213 588123 475607 302411 279659 139375 439483 247535 142037 638463 431277 246042 557642 484032 691074 636315 554162 115251 430980 78886 421114 528816 349129 243165 326995 426263 200061 423677 267841 657704 123242 515933 328228 613402 484263 574514 380949 544176 335857 782990 183987 667971 450930 244664 426019 229770 532864 600572 185605 308619 694161 102820 121157 245633 626263 389787 218765 391254 489753 684552 596686 589915 524566 678073 316534 431825 676449 507840 646368 268220 550778 152271 284398 212807 641213 385954 712545 230237 105420 498259 269158 427644
621541 288672 643482 383565 413552 101368 327826 635377 610951 462428 535537 622016 677239 161263 999999999 729806 309930 218377 212131 702401 608279 451117 418189 215250 305383 208394 267424 521940 369167 291460 402543 620667 631823 509476 401003 236426 573631 195317 300073 424862 506367 387529 258200 481304 158729 572549 423237 678674 87513 355890 190783 522557 493374 664098 517105 532820 245452 693936 99314 708563 550754 322172 502571 84742 378952 448805 254099 207202 692241 252452 249899 182762 725396 551040 133227 238723 500319 589197 469187 669286 457370 617566 386618 574322 732226 404290 633555 368517 506510 229106 298219 369099 707951 538914 792121 128754 233369 445741 336021 572927
808184 445485 103433 610569 941192 825559 806415 287493 125637 582302 704624 835345 709657 643056 729806 999999999 475751 932448 867619 151187 280653 717364 751657 769080 1031548 561735 502340 808209 565033 440674 942664 301060 613339 850005 927166 527805 809364 705212 1029830 710079 669629 715812 588795 264481 590429 396174 665442 294324 642414 956824 739726 697962 354147 68858 811408 409501 633373 777953 806700 214405 195607 409216 227625 813849 1071970 1143348 808346 655768 394292 665826 523068 598822 64769 588650 639840 819473 347944 748681 829823 67028 589365 612691 908995 810633 149967 701089 424116 374873 519424 506160 453875 513240 96669 435971 75970 849420 537943 540098 393790 369442
462151 103240 414435 190640 473467 385586 338389 327071 350114 510406 350263 477793 451204 321312 309930 475751 999999999 476358 397033 501656 468137 579902 576494 456150 582232 102983 259887 407662 143812 114051 472944 490475 377485 430773 458999 253681 710357 399935 591319 290341 592589 535340 114085 211408 151354 495737 530648 369769 238230 481420 265170 338026 183865 420355 673718 227258 158545 493189 406853 407151 342717 171735 261739 382457 602139 672613 503030 180427 384316 408745 265618 136189 492106 581887 185892 343855 190993 409383 399487 409300 227364 365626 637112 711437 441245 273470 329708 229177 233011 189849 53682 384758 429055 487936 524131 438495 264991 188647 152795 481491
630022 487015 851852 468163 311124 117580 303563 798429 809764 663227 576641 619615 728319 369348 218377 932448 476358 999999999 114003 916521 826437 624017 579642 360757 108290 376901 485789 517036 476715 492252 295377 839027 710661 482646 304485 454778 731426 374776 132975 459769 692203 558601 384329 674047 342253 789466 608148 839112 301284 218853 234639 565648 654863 869097 668488 673585 349090 723581 200732 883133 761641 532133 705201 139624 163716 231498 378348 311029 831755 441774 468082 340995 933803 751403 294684 199487 662431 617215 446530 869203 544182 695897 476150 731851 916731 443809 765768 582912 615608 443917 482810 581933 899979 754146 990029 164111 451444 552548 541744 790679
516815 428182 794775 361055 219385 141776 190057 708661 742685 674400 462889 507275 614599 373213 212131 867619 397033 114003 999999999 868364 793596 658450 620949 405609 216006 305968 463570 404280 374828 435395 205451 809182 599277 372235 209652 433854 776213 401561 246548 346269 717381 593700 293532 604289 284131 772405 633762 747640 274129 145659 135805 452019 566920 807591 716509 576885 253416 609650 245274 798053 709490 483994 643657 167382 205138 275981 433809 219793 732432 462860 449019 268892 875852 762953 231994 85667 574610 503225 335044 802358 435828 584548 549127 776801 837206 330762 664908 540690 510716 407484 413761 577004 825989 742590 920007 226316 433691 448328 487940 769742
895453 441426 102516 666720 974866 802794 839974 406464 198081 465401 785862 920050 814691 588123 702401 151187 501656 916521 868364 999999999 147502 604164 645029 699355 1007722 568069 447195 878184 617981 433490 973811 161829 718084 913507 960342 476690 683061 638433 998821 770202 546464 613069 614617 304060 584246 262757 555597 423788 616141 975268 751268 777327 430660 127610 692833 501505 658220 879778 765534 353109 160336 385518 241926 786946 1067394 1139129 733498 672287 522252 588526 467794 603965 88089 457151 636389 833566 426318 835840 888050 173653 661939 715000 818633 684313 295960 757782 539429 333970 604503 473413 465554 421046 238071 308045 216685 810747 484336 611090 380528 237506
905694 384866 189563 652083 927764 709619 796251 475475 267868 318690 792612 926812 847740 475607 608279 280653 468137 826437 793596 147502 999999999 457745 500255 573140 909681 510643 341898 870030 602717 374788 924325 26412 753770 897619 913089 372890 535880 515523 895344 755219 398963 469898 572892 312914 514130 116525 410292 503477 526338 913911 689770 782334 454037 229724 545450 534161 613210 907294 658536 449086 159483 316677 245752 690775 984120 1055121 603458 618684 594577 459604 360941 543225 226646 310871 565989 771742 452006 847565 867396 274890 664426 747932 679317 537135 405855 739760 595345 255850 623181 386461 421680 287127 347626 160583 353897 704667 377876 614598 322795 90485
1019547 482843 614427 747898 864525 522180 769139 800402 650628 139160 915167 1028006 1030181 302411 451117 717364 579902 624017 658450 604164 457745 999999999 57100 264016 659820 533086 321580 937508 711160 474003 853655 449111 956879 937846 851797 326528 131468 256970 624576 824896 85221 65450 616807 594194 493098 349900 54532 841415 425397 804040 630054 902082 700947 652969 99498 775941 632511 1067436 424013 822561 531924 435322 559436 495903 782594 841860 257623 608696 903766 200730 314291 539825 675069 184186 519531 688967 704144 974224 898440 686964 802609 945321 255687 132467 805625 804134 871561 411635 811377 390448 530527 221170 755181 300775 793334 460723 315750 768099 464281 371334
1004460 483795 648272 736083 831217 482159 741800 816270 677753 185387 902835 1011271 1023416 279659 418189 751657 576494 579642 620949 645029 500255 57100 999999999 219034 610087 520539 324183 918122 702022 475829 819691 493591 953862 915228 818912 323674 155587 222985 573377 807941 142303 41740 602983 610956 477028 396513 90319 858276 402439 766543 602529 889649 709407 685795 101290 781594 614913 1057367 381489 844834 562105 443315 581663 455839 735939 793529 206670 588276 915593 177124 313515 523439 712495 239844 498401 656911 713154 961384 875404 717411 794597 941772 199144 156241 832206 787006 879535 427250 809389 386941 529550 243318 783762 347024 827474 415609 311894 762888 472502 416416
831507 389027 669642 578837 620329 264941 542833 752915 667897 326137 739406 833851 874143 139375 215250 769080 456150 360757 405609 699355 573140 264016 219034 999999999 398081 372971 268592 735222 554582 385417 607899 576571 817917 724506 608747 247297 372417 64530 366063 633540 336810 198904 445417 563641 321445 499472 254412 797029 231588 550584 405958 726214 623203 700224 311306 681346 445007 897653 162848 805888 574175 381286 558832 238762 518578 578336 46888 411232 832855 114359 248537 362776 746496 409533 324370 449629 628793 795349 684223 719464 647214 804406 182545 372924 811829 612631 783788 397397 681217 291370 422310 287721 774203 454511 840736 196933 235604 625733 406922 509862
722839 586500 947813 575157 381146 206254 399875 905760 910233 718253 677055 709908 828670 439483 305383 1031548 582232 108290 216006 1007722 909681 659820 610087 398081 999999999 481485 567839 609087 584797 590918 364757 920360 815282 569917 377781 536912 754600 427445 49414 561255 734853 595679 492372 776112 443728 863136 652381 946702 392280 282684 342607 666561 762032 966989 689694 781819 457380 819815 256816 989355 855787 626609 803928 220776 142678 186013 403429 419233 940045 495585 548770 446265 1029806 804502 398429 301022 769567 714568 536269 969358 650755 800553 474540 754851 1021341 546330 874021 673893 723317 534489 585850 650724 1002774 824520 1091106 211395 531845 660352 638580 866884
486693 127582 490009 215549 417337 282841 287872 430052 437043 486809 382509 496302 506026 247535 208394 561735 102983 376901 305968 568069 510643 533086 520539 372971 481485 999999999 232058 410680 183751 136742 413685 529926 445241 420483 402668 214251 664513 322844 489046 294563 559678 481093 84196 299188 52787 515476 488654 472722 144283 407592 183202 369360 286759 501736 620876 324720 110339 536987 306562 508889 407899 194108 338057 279482 510276 581615 419278 108115 483890 345191 229509 37087 570590 566891 83405 265562 293932 441344 383875 496732 277041 431904 555512 665493 539972 274326 426025 255654 308874 156163 107880 364441 523621 497909 615520 336454 222474 252788 190034 506095
712592 161263 405082 437738 627761 368483 508251 500840 399323 255677 603905 724561 711090 142037 267424 502340 259887 485789 463570 447195 341898 321580 324183 268592 567839 232058 999999999 642129 396779 152533 621025 353430 635681 652401 613449 31050 451118 204138 554677 525110 333596 282450 314912 301437 208394 308836 271157 544159 189842 595433 380509 591124 386118 433609 417644 457412 341336 751759 319119 543362 309176 122105 290619 349038 645636 715955 310558 329376 594186 177450 20890 251091 484269 334845 252939 457532 390195 663350 615408 451124 485750 624334 426587 452219 544764 505278 555731 128823 489992 76137 209267 132387 505800 280638 572938 364821 37141 448534 150876 306912
113796 506336 779591 218300 257120 516016 214659 548153 693337 897415 119599 103459 242817 638463 521940 808209 407662 517036 404280 878184 870030 937508 918122 735222 609087 410680 642129 999999999 267447 517507 270953 893652 276741 56449 252197 624892 1068021 702250 646740 118102 969521 881085 327219 574558 445005 903396 896094 569213 516058 344852 333391 119946 454707 771642 1019412 404138 305335 215072 604368 648760 729316 577743 639657 534166 531380 577320 775838 329856 503712 741123 640189 398379 845064 976417 419766 322081 460581 120102 74670 743654 218926 265486 908188 1068923 711767 137083 437311 636658 293604 565994 459684 774274 730015 894380 830093 605075 632826 268900 560413 888964
318599 246349 522656 49459 381598 414965 250956 346855 443251 650804 207613 333988 322374 431277 369167 565033 143812 476715 374828 617981 602717 711160 702022 554582 584797 183751 396779 267447 999999999 257350 385380 626237 264222 296679 368289 385822 842511 506313 605332 153256 730311 661912 111315 314417 233444 637835 664231 381645 323258 416084 242216 195076 217570 519927 801587 205379 130830 356286 467743 443880 464924 315538 376747 421004 569808 635445 600343 171490 357769 528023 399448 192465 593705 724392 237082 299685 224916 267012 270069 498356 93290 250371 736935 843538 495063 139823 290095 372231 140904 322582 197355 525351 499228 631427 599536 488145 395918 77937 295747 622574
575930 11172 360649 302916 553057 385113 421619 367678 319875 397409 464276 591002 562265 246042 291460 440674 114051 492252 435395 433490 374788 474003 475829 385417 590918 136742 152533 517507 257350 999999999 549888 394790 484269 536521 538383 153627 603023 323554 590475 399475 481293 434170 200690 190949 151991 388355 423028 411834 205301 543845 319081 451995 240218 376844 570143 306915 239087 606385 376325 426825 274122 61019 213112 374410 636616 708367 431522 244281 450347 317771 162411 171305 442346 467876 203541 401558 245227 523426 502905 378661 341012 473272 559530 604140 443545 381376 407030 122414 338371 95279 60461 271893 416760 376931 501047 415871 166042 300254 53419 376357
380953 540158 887221 348243 16400 346678 136286 729726 817967 854549 370145 361834 511666 557642 402543 942664 472944 295377 205451 973811 924325 853655 819691 607899 364757 413685 621025 270953 385380 549888 999999999 943508 528383 220947 19536 594457 975277 597482 409200 276739 906633 789981 359282 681473 416530 923485 824440 761478 442960 82320 240564 363694 602659 891297 917182 583801 315611 485372 449851 828333 813946 607751 734681 371737 264885 306568 638152 305664 719689 654342 610542 381945 963938 941829 368400 166672 610088 389299 197139 875640 403278 514950 754535 975929 880434 273019 649687 669116 489098 553045 509088 746199 882859 900483 982487 431609 597410 437086 602697 916371
930559 405071 213069 675537 947254 721859 816407 501675 293488 310003 817378 951445 873700 484032 620667 301060 490475 839027 809182 161829 26412 449111 493591 576571 920360 529926 353430 893652 626237 394790 943508 999999999 779860 920553 932584 384479 522003 520408 904756 778443 386878 464807 593900 338838 531492 101601 403318 529389 540024 931427 707776 807003 480057 252811 534383 560329 633687 933021 667652 474057 185888 335821 271828 702412 997771 1068523 605264 638039 620793 462485 371855 561882 244716 295500 583055 789479 478095 872568 889932 298610 689102 773945 676371 523248 429547 762746 621757 274407 648778 401700 443172 289134 371097 148933 373115 713875 388727 639424 343433 77885
218033 474824 615603 250397 517332 667923 425969 327452 520216 878863 160292 249237 96766 691074 631823 613339 377485 710661 599277 718084 753770 956879 953862 817917 815282 445241 635681 276741 264222 484269 528383 779860 999999999 332950 508847 631099 1086799 767711 843289 259410 964968 912784 375307 441312 496475 819627 906827 333256 587088 589314 482075 165093 299923 595523 1051181 219970 387718 164779 729478 419372 596088 531467 508033 677299 768919 824918 863949 427829 247343 784048 642701 456627 663485 942458 500865 514697 301766 167519 338767 556956 174628 14777 1000430 1087899 488803 271099 193466 575315 145930 567322 426433 754383 522197 825923 615568 746644 642471 192819 504921 798954
160077 525406 816484 247366 206254 492973 187644 596290 732686 905979 174600 141622 297834 636315 509476 850005 430773 482646 372235 913507 897619 937846 915228 724506 569917 420483 652401 56449 296679 536521 220947 920553 332950 999999999 202938 632977 1067259 695965 609671 143504 974466 879471 339592 609455 449319 924614 898691 619184 513093 298203 318729 173552 495858 810643 1016351 450559 311313 265176 586084 697176 761573 597411 673027 512956 484458 527326 763286 329714 556805 739098 648677 403513 884351 987222 418328 294153 502115 175570 40289 784655 261958 321502 893121 1068113 758763 157873 489547 657720 341261 576639 480892 784767 774511 912783 874993 582696 640011 310065 582278 911509
362765 528496 872944 330370 14675 349628 121005 711890 802692 849551 350648 344185 492487 554162 401003 927166 458999 304485 209652 960342 913089 851797 818912 608747 377781 402668 613449 252197 368289 538383 19536 932584 508847 202938 999999999 587375 974458 596271 421371 257474 903291 788500 345741 666651 407670 914362 821524 743324 437828 97037 233126 344168 585753 876423 916998 565716 302502 466865 452266 810722 800695 596763 720638 374218 281900 325134 640105 294555 700781 651931 603505 371758 949239 936481 360528 163033 593147 370217 178147 860138 384434 495415 758430 975132 863324 254066 630796 658308 470316 544453 496296 739737 866421 892209 966216 435891 590706 418796 590949 906763
698892 160815 431880 424749 601592 337448 484241 512685 421810 273026 591734 709725 703671 115251 236426 527805 253681 454778 433854 476690 372890 326528 323674 247297 536912 214251 31050 624892 385822 153627 594457 384479 631099 632977 587375 999999999 457441 182857 524109 508722 346062 282241 298177 317455 185483 338769 278483 556409 159804 566991 354252 578800 392417 459275 420090 460542 321688 741932 289029 559924 336063 135220 312076 317996 614788 685037 290867 307017 601938 165393 16179 229869 511729 355190 227402 430081 396989 651092 595398 474958 476487 619304 411826 458497 564532 488556 560456 152979 486096 63928 205877 153716 527504 309244 597421 334559 12637 441595 162428 337428
1150880 612164 708629 879365 986788 636829 896044 918272 755701 232298 1046635 1159122 1161064 430980 573631 809364 710357 731426 776213 683061 535880 131468 155587 372417 754600 664513 451118 1068021 842511 603023 975277 522003 1086799 1067259 974458 457441 999999999 378332 714986 955922 140622 188011 748173 712425 624099 420479 180006 958079 554222 921734 756754 1033549 825482 748551 65443 902065 763320 1198796 535265 933001 633842 561568 672070 610540 884820 939790 353962 738721 1025006 328298 444827 670809 761023 227472 649221 812342 828282 1105687 1027663 786359 933797 1075420 301528 1272 910159 935121 995912 532765 941086 521301 660375 341207 856998 375500 884842 567390 446856 898786 590184 445569
794007 327732 606226 534030 608728 267090 519648 690442 603406 291092 697688 798397 827969 78886 195317 705212 399935 374776 401561 638433 515523 256970 222985 64530 427445 322844 204138 702250 506313 323554 597482 520408 767711 695965 596271 182857 378332 999999999 401025 596023 318514 192618 399657 499604 273246 448107 234347 734495 188096 547104 380569 684448 562618 636367 322595 623055 404285 855061 174802 741967 510597 317180 494303 241060 537167 600917 108591 373644 772647 68176 184023 317213 683627 378211 284284 434011 568009 754847 655881 655142 599514 754529 237649 379030 747370 575010 725222 332959 628454 228794 363240 233854 709678 405182 776597 217290 171103 574942 343142 456507
760218 586934 943167 599332 425533 207038 434833 917312 910339 690007 709428 748530 861132 421114 300073 1029830 591319 132975 246548 998821 895344 624576 573377 366063 49414 489046 554677 646740 605332 590475 409200 904756 843289 609671 421371 524109 714986 401025 999999999 592674 701625 561291 508010 778567 447612 843225 620199 959053 387560 327673 364630 698509 773421 964165 649787 798035 475831 855277 237166 997923 849802 622030 802466 216100 191606 230292 367064 436404 957349 468665 534944 455226 1024988 775023 405657 332198 780838 749242 574904 968952 675731 828519 430206 715187 1026824 576781 892582 666157 745277 527517 590468 629350 1005571 802997 1091520 190915 518020 682049 636043 848386
198112 388303 673633 103880 268018 435515 166621 467070 591110 780663 117423 203344 268729 528816 424862 710079 290341 459769 346269 770202 755219 824896 807941 633540 561255 294563 525110 118102 153256 399475 276739 778443 259410 143504 257474 508722 955922 596023 592674 999999999 854194 770004 210551 466198 331825 785895 782136 494446 408171 331268 245884 105982 356542 668750 909116 319571 193030 271899 514231 567747 618085 459812 529542 450049 509509 566148 676052 222663 444765 630845 523818 285114 742541 858960 311753 260629 363151 165359 119745 644172 130850 245112 810745 956857 626049 21015 375026 519009 216344 448990 341932 657031 637764 776386 738497 521521 517035 173434 442907 771832
1044919 491193 568451 770512 916540 585504 813462 781209 615240 92746 937168 1055717 1043354 349129 506367 669629 592589 692203 717381 546464 398963 85221 142303 336810 734853 559678 333596 969521 730311 481293 906633 386878 964968 974466 903291 346062 140622 318514 701625 854194 999999999 141340 643832 576136 525362 285460 84174 820333 468387 862115 675850 924317 694167 608248 148365 772573 664622 1085257 491480 793201 493251 434508 533300 559543 853164 914547 336482 645030 889938 254561 331563 571632 622522 102908 558175 740363 696490 996591 935880 645783 819209 954272 340640 141893 769598 833842 863834 399804 819066 408094 540608 211051 716376 238479 745274 530953 337254 780940 462259 309402
966009 442185 612378 696614 801081 456925 708172 775119 639195 162354 863572 973342 982948 243165 387529 715812 535340 558601 593700 613069 469898 65450 41740 198904 595679 481093 282450 881085 661912 434170 789981 464807 912784 879471 788500 282241 188011 192618 561291 770004 141340 999999999 563958 570034 438534 370180 68473 817246 366379 739339 568904 850407 667697 649379 139792 739860 577067 1017593 358563 804809 524819 401639 541850 430633 717427 777093 195248 551429 874021 140376 271906 485103 678308 228986 461734 625904 671462 922276 839810 679974 754299 900764 215572 188824 793330 749116 837804 386345 768149 345653 488107 204745 745575 320764 791468 395415 270547 722077 430826 388552
402759 189896 528458 134423 360284 310266 225735 415678 463232 570263 299981 412111 428860 326995 258200 588795 114085 384329 293532 614617 572892 616807 602983 445417 492372 84196 314912 327219 111315 200690 359282 593900 375307 339592 345741 298177 748173 399657 508010 210551 643832 563958 999999999 324928 126943 588308 572751 455478 213842 368032 158120 286771 273406 534283 703654 290040 44596 456004 357088 504578 454980 261540 375632 313867 497077 566353 490736 74042 449437 426758 313271 82709 606171 649374 125772 232730 281092 358402 304263 522092 202254 361326 627357 749141 545395 190479 385627 323103 248828 238779 151782 447109 538013 574116 634865 379206 306593 187558 250526 576928
598003 192742 208526 362873 680904 571943 545646 206235 138892 483757 486278 620969 534864 426263 481304 264481 211408 674047 604289 304060 312914 594194 610956 563641 776112 299188 301437 574558 314417 190949 681473 338838 441312 609455 666651 317455 712425 499604 778567 466198 576136 570034 324928 999999999 332398 382435 539776 247454 395967 692775 475335 476953 141390 209829 693691 222654 369522 594611 567255 242470 158316 182437 67767 563056 809120 880249 608031 391288 314347 478870 319194 336159 282641 529307 379556 555000 139883 538987 584371 198371 360048 435163 727949 713654 252855 454072 296208 183707 311175 275365 191616 373178 227004 395499 316385 606699 329706 309242 157127 360173
527495 145662 512576 261303 422165 240574 299941 476841 467512 457515 426673 535048 554725 200061 158729 590429 151354 342253 284131 584246 514130 493098 477028 321445 443728 52787 208394 445005 233444 151991 416530 531492 496475 449319 407670 185483 624099 273246 447612 331825 525362 438534 126943 332398 999999999 506960 451090 520034 91582 399935 177099 413445 334645 527839 577979 376291 139671 582947 255599 552016 425652 200364 363640 234264 484626 556379 367513 121541 534879 300334 201539 46728 594182 540629 52352 258116 341597 484792 411114 526956 326468 482964 503956 625035 579213 311040 477979 258791 361354 136866 142858 339056 559077 484721 647904 287443 191472 304505 203963 500227
951820 399408 301190 685944 928910 671954 802888 566772 369161 211440 838348 970128 910255 423677 572549 396174 495737 789466 772405 262757 116525 349900 396513 499472 863136 515476 308836 903396 637835 388355 923485 101601 819627 924614 914362 338769 420479 448107 843225 785895 285460 370180 588308 382435 506960 999999999 306282 598982 498544 902803 683645 827055 521825 341821 433253 604006 624209 965259 606936 552671 249290 327351 320779 650398 951430 1020824 523703 622034 684537 385393 323997 543380 343163 194505 556050 763109 521268 895725 891256 384991 710349 812160 584335 421727 515132 768506 676634 266981 681324 370834 444070 214596 457888 49510 470049 653017 339953 662809 343000 26923
975302 432158 562279 702290 834628 501368 734128 746000 596702 95649 869517 984741 981625 267841 423237 665442 530648 608148 633762 555597 410292 54532 90319 254412 652381 488654 271157 896094 664231 423028 824440 403318 906827 898691 821524 278483 180006 234347 620199 782136 84174 68473 572751 539776 451090 306282 999999999 786946 388954 778713 595785 856508 647657 600482 153975 723251 590759 1020406 407449 768118 478578 382547 504951 475389 769358 831167 257869 568986 849772 170938 265395 497729 624523 161345 480855 658500 650737 928764 859678 633777 754933 895490 283123 181118 751658 761533 818262 357437 761092 342132 480424 166676 701575 256779 741385 447281 268334 719199 411376 326099
543722 409017 327598 413534 755653 754670 630454 44177 236550 727615 453626 573445 426573 657704 678674 294324 369769 839112 747640 423788 503477 841415 858276 797029 946702 472722 544159 569213 381645 411834 761478 529389 333256 619184 743324 556409 958079 734495 959053 494446 820333 817246 455478 247454 520034 598982 786946 999999999 601700 797484 611867 450370 186017 296250 940909 177756 494227 496794 773782 86440 349853 422300 288049 752199 948234 1015385 842866 529453 99995 720921 560406 504578 352773 765861 555131 678517 178793 486587 608774 250499 363628 335703 968120 959320 156731 492461 139952 431070 279177 505762 383806 620276 198176 622372 284442 807427 568985 324650 394168 573545
606035 203287 556027 347552 451568 186671 345233 557914 524059 411728 509901 610919 642649 123242 87513 642414 238230 301284 274129 616141 526338 425397 402439 231588 392280 144283 189842 516058 323258 205301 442960 540024 587088 513093 437828 159804 554222 188096 387560 408171 468387 366379 213842 395967 91582 498544 388954 601700 999999999 409489 207576 496668 418310 576605 503689 465175 216191 667619 172974 626979 463533 234695 415328 172095 457821 528784 277109 186369 622471 226005 174890 131188 637960 498868 96528 276524 424894 566839 473445 582186 415684 573427 413726 555067 647916 387156 567362 282185 452906 142823 218155 305343 622058 468521 705165 210785 159641 395646 248676 496662
457113 535055 893854 386006 98713 285791 169528 762879 831246 816563 434938 439806 581268 515933 355890 956824 481420 218853 145659 975268 913911 804040 766543 550584 282684 407592 595433 344852 416084 543845 82320 931427 589314 298203 97037 566991 921734 547104 327673 331268 862115 739339 368032 692775 399935 902803 778713 797484 409489 999999999 224817 427042 628992 901615 861746 620271 323466 559910 389044 858969 814952 598360 740814 311858 186567 235963 577238 303528 764438 607776 582707 372566 972826 904847 348565 142391 636622 460288 270187 890119 449738 575329 687664 922312 906636 323278 694570 658208 533810 532805 510473 714780 903871 876040 1001876 365505 568288 477105 597262 897996
437276 310407 672034 234969 247347 189887 139295 572863 614216 618179 362029 435101 510857 328228 190783 739726 265170 234639 135805 751268 689770 630054 602529 405958 342607 183202 380509 333391 242216 319081 240564 707776 482075 318729 233126 354252 756754 380569 364630 245884 675850 568904 158120 475335 177099 683645 595785 611867 207576 224817 999999999 349751 431322 681945 702925 441878 117647 517757 271286 662665 591070 373719 519375 204268 338999 408556 444586 85177 598579 429366 370380 147778 751982 704474 127875 82477 439020 410975 278442 673688 311678 467316 575336 757530 703057 226723 531849 433930 381039 312871 288184 506741 693833 659976 789300 275770 357638 317932 372500 677276
124815 441073 676768 154231 352386 539637 268987 430966 587199 845702 13243 144499 162748 613402 522557 697962 338026 565648 452019 777327 782334 902082 889649 726214 666561 369360 591124 119946 195076 451995 363694 807003 165093 173552 344168 578800 1033549 684448 698509 105982 924317 850407 286771 476953 413445 827055 856508 450370 496668 427042 349751 999999999 347990 665594 990171 289792 281210 171624 614824 531091 634596 509211 543921 553170 609446 663003 770035 316222 383800 713528 592893 367852 738257 919425 401891 366353 353138 72292 174452 634780 117908 152154 905872 1034543 595383 123428 317424 564077 178899 516227 391708 720331 616470 823436 715809 624467 588397 168091 487908 810280
464799 235099 329278 259581 599131 568698 467435 143897 239338 603653 355942 489657 393759 484263 493374 354147 183865 654863 566920 430660 454037 700947 709407 623203 762032 286759 386118 454707 217570 240218 602659 480057 299923 495858 585753 392417 825482 562618 773421 356542 694167 667697 273406 141390 334645 521825 647657 186017 418310 628992 431322 347990 999999999 317763 799471 82287 314435 454589 589362 231660 297368 266242 208309 566213 769880 838474 669755 347335 210179 557520 399341 318621 390778 657895 369120 502297 7711 405179 476223 289031 235810 293896 799412 826668 278097 348615 170616 294480 174013 335439 202473 484597 282403 531581 383036 622074 405006 186054 237084 500325
780350 382299 40648 567064 890652 760795 755423 279308 78425 519466 673248 806196 692287 574514 664098 68858 420355 869097 807591 127610 229724 652969 685795 700224 966989 501736 433609 771642 519927 376844 891297 252811 595523 810643 876423 459275 748551 636367 964165 668750 608248 649379 534283 209829 527839 341821 600482 296250 576605 901615 681945 665594 317763 999999999 748099 382510 578837 758642 739452 227938 126990 342548 164251 748417 1011180 1082753 739515 598946 394649 597121 454361 538767 73817 531075 578064 762660 312463 720619 788140 47478 553105 593260 840810 749823 177160 658276 413381 306431 489221 439006 394308 446030 118467 378359 142635 782511 469318 502769 328460 314898
1105468 578630 709024 836403 929061 576234 842122 899895 748427 229195 1003339 1112456 1122335 380949 517105 811408 673718 668488 716509 692833 545450 99498 101290 311306 689694 620876 417644 1019412 801587 570143 917182 534383 1051181 1016351 916998 420090 65443 322595 649787 909116 148365 139792 703654 693691 577979 433253 153975 940909 503689 861746 702925 990171 799471 748099 999999999 873757 716099 1157362 473904 921515 628732 533475 658553 550026 820700 875068 290349 689566 1002976 278375 408842 624464 766810 248794 599688 755635 802794 1062011 976488 783319 893854 1039332 237350 65551 903444 888192 970051 511044 906134 483869 625513 320649 852287 385551 887327 504674 408734 861071 562537 456644
398966 300066 399092 235778 578146 598198 452795 147532 305174 682813 295741 425863 315289 544176 532820 409501 227258 673585 576885 501505 534161 775941 781594 681346 781819 324720 457412 404138 205379 306915 583801 560329 219970 450559 565716 460542 902065 623055 798035 319571 772573 739860 290040 222654 376291 604006 723251 177756 465175 620271 441878 289792 82287 382510 873757 999999999 324882 378614 631276 248190 376145 340705 288595 599151 774631 840715 728207 362595 160114 623983 468961 351336 453378 738956 402323 504441 82840 339350 436471 348024 189813 215111 860700 903234 308207 316151 102567 373797 110974 400449 259931 562132 326688 613817 426252 660015 472940 147516 311920 582350
