NAME : synthetic_000263
TYPE : CTSP-D
DIMENSION : 100
GROUPS : 8
RELAXATION_LEVEL : 1
EDGE_WEIGHT_TYPE : EXPLICIT
EDGE_WEIGHT_FORMAT : FULL_MATRIX
EDGE_WEIGHT_SECTION
999999999 250165 592230 844893 408590 404208 438191 543603 794322 506807 752606 581487 711995 830449 244224 870359 549201 301574 44788 482020 39557 557530 208384 863589 893778 364595 421997 491502 543628 616852 428256 525015 578514 695109 467782 241906 331751 815710 226202 904503 742650 616222 918898 877158 238832 973595 357166 146081 620992 340067 395491 566404 292896 478229 344421 884163 177912 644524 597268 495685 627132 462081 939028 528097 692291 764206 310614 182237 484329 494676 352706 365465 941531 568262 93523 158473 596482 838504 509123 445873 778578 778451 390995 485952 188416 458009 904733 891321 475359 627287 652249 712589 366415 39158 333725 511610 564746 311824 390016 339478
250165 999999999 408606 680463 215859 454658 188039 317404 712148 296985 671010 331716 476186 580458 96101 622014 372589 322121 214669 308311 258458 376285 119484 622221 647884 200192 225231 472430 307690 381399 270714 570836 338553 500784 562034 303269 207745 756443 24900 658870 499842 422328 789321 643119 243696 891602 527453 129267 374578 423473 557040 606118 195656 418351 323791 776697 370198 453041 495024 414350 405904 401624 689702 367229 574692 647864 60451 416440 399398 501306 558968 187744 839862 518744 343666 336806 401249 599934 284741 307088 710479 586060 337276 293000 294722 359550 761005 674307 230626 528335 410040 508204 297851 222640 517784 459063 412954 229031 375751 315990
592230 408606 999999999 906030 193870 860836 330504 154691 1037577 124802 1000644 317049 557349 453756 499167 560257 44495 728763 577009 110240 619130 34701 385257 627816 610219 228329 183499 859292 465570 194909 165486 973229 216839 704038 970527 711651 585270 1098068 418328 621333 530749 648479 1054472 686255 651896 1203768 925293 526833 430157 832077 958005 1006079 589126 790994 340366 1070465 754527 674989 826918 774503 130563 776059 594452 79444 879941 945019 376423 774372 228159 895758 940915 530920 1134836 886420 673140 724682 34918 628858 162890 644293 1048304 773930 723358 567781 698046 208411 1009167 778630 398088 858458 248108 686268 683310 553511 910388 831052 708243 620931 771973 714830
844893 680463 906030 999999999 793459 610515 600305 751343 287332 792188 285541 593382 377675 626941 620599 535005 898558 597772 800545 866967 823164 892088 799944 432074 498084 820968 790799 475815 443146 730944 867350 603160 694440 202149 703076 658155 514114 366366 699317 497943 432627 267470 166493 367874 621412 363292 842290 708388 483998 668295 837229 594369 552046 421240 995682 226482 822072 237473 289867 385175 802207 430213 589468 921245 204376 179524 648514 912705 1027534 521493 933331 497637 276428 396698 914888 795888 876145 399121 747817 399081 329486 140274 483020 388258 713512 985430 109354 254834 522414 277095 696274 222509 491750 841840 865095 413836 280201 534501 521733 540223
408590 215859 193870 793459 999999999 670048 193467 148860 883974 99877 844838 266938 493614 490063 308807 568891 156732 537592 388738 93688 432073 160790 200432 606084 609368 55604 14127 677845 356069 230028 73993 784732 207465 594416 777772 518206 404319 937927 224550 621035 489408 526372 927351 649211 459555 1057516 732515 333145 364537 638940 764711 818918 402930 614966 247655 931012 563973 556020 667810 603255 222297 599156 622706 154233 732751 802355 191033 590323 234419 711057 751790 358727 995578 713335 494899 533251 190875 595618 116558 478874 889421 673914 541306 421419 504266 192620 888792 716649 271811 700592 278840 586737 501108 371011 718646 655681 560837 435657 586014 527478
404208 454658 860836 610515 670048 999999999 569313 748927 448425 742993 411380 690382 679369 900011 361706 884867 826537 132540 377119 762928 365802 829509 521926 830343 884110 652668 678655 137927 556373 793407 724031 122833 744948 552134 123167 168736 294089 445035 449809 891715 735521 496219 618443 809506 212524 612764 233211 358053 659360 74417 226875 163254 276882 194530 720230 558078 275852 510022 320695 234812 836770 190970 959209 821824 411102 466326 485297 362784 835208 108194 327837 363969 603283 226232 421205 268021 850050 795327 720839 314218 419534 611862 178414 421742 215893 799410 626985 765889 545977 335731 802211 588149 207098 428704 259682 196717 384152 249060 115958 154706
438191 188039 330504 600305 193467 569313 999999999 188933 707655 206339 670353 144409 315833 392532 233041 437363 311372 444429 402189 269499 445490 308055 272327 448544 467004 226994 190497 542760 164106 224094 267169 670203 175685 400949 688502 448258 276646 767564 212096 478309 326174 333690 737197 479789 380524 876193 689713 309795 197060 558258 714471 698717 293505 468618 418326 745664 547355 363012 496444 448292 271975 454851 503273 327114 551377 618377 127617 601477 427879 584459 733261 211672 810273 560523 531700 512956 308485 430926 169069 316156 717813 480797 410824 238137 457156 386002 696910 532980 78386 527956 237419 393999 372395 409761 685536 507528 379038 320265 466442 415337
543603 317404 154691 751343 148860 748927 188933 999999999 888891 61229 852942 165319 407363 349525 394398 439908 152274 619926 518024 148304 562421 143487 339819 492962 485303 204223 134985 730696 311430 81503 186103 854546 71982 549349 864882 613802 460849 951815 334381 496852 386830 494576 900239 545798 548891 1052388 844678 445924 278082 730119 873553 884519 472200 657445 385321 917863 685613 520711 681673 637131 89021 643529 486679 183746 729820 793432 269549 722466 326843 771149 874720 399191 982077 749346 633453 652907 126018 489243 34536 504720 901686 619615 597330 420203 611359 291916 854569 630873 248273 712408 133461 531829 558188 507837 835120 696448 559307 501612 650858 597116
794322 712148 1037577 287332 883974 448425 707655 888891 999999999 913949 42017 755528 596160 859416 626015 786848 1018717 498320 754956 971680 762535 1015696 822654 692421 758778 894533 885901 317449 586884 892949 955448 390288 848380 397767 501910 562712 506914 80566 722972 760874 659181 413288 196125 636988 555765 181179 673462 686791 664424 520660 656488 366669 530617 316316 1033962 116330 712377 397180 217711 304549 958667 332789 849988 1031533 161493 118392 703732 803510 1104484 340869 770802 530383 154861 230402 840245 695757 1013502 656365 874896 407949 44991 389021 404647 469799 622291 1062853 232734 535633 640672 184425 872515 436606 434765 804748 704114 283288 329613 500860 408260 454881
506807 296985 124802 792188 99877 742993 206339 61229 913949 999999999 876690 218464 459576 410455 382653 500898 106832 611784 484950 88007 528796 102091 299350 551858 545853 152469 85873 736133 349214 140021 125538 853102 132250 590129 855468 599352 462641 973704 310391 557429 443113 530484 936648 602892 537039 1081558 822422 421774 328976 718320 853162 885042 468691 666795 325523 949529 657632 558041 702470 649835 122476 652015 547882 130811 757125 823176 257789 687924 267094 773674 846292 406678 1014043 761819 594144 625996 107521 546802 45536 519491 924036 663739 600639 444256 591132 231260 893203 684032 276517 734150 193914 575639 560746 469681 810432 706723 585021 499853 650728 594546
752606 671010 1000644 285541 844838 411380 670353 852942 42017 876690 999999999 722555 571802 835078 584407 766777 981017 457294 713115 933111 720996 978246 781067 675033 741014 854513 847017 278422 553673 859180 915986 360016 814054 374841 470646 521799 465379 102436 681579 743691 635349 383804 218714 622470 513972 223163 638738 644781 634200 482820 623179 339368 488746 274484 992485 147472 672720 369831 177437 262568 924089 290899 831672 993152 131788 107167 663496 764099 1064205 304637 735783 490082 193394 190385 799258 655526 977090 638523 838180 367711 52821 374426 362714 433060 581418 1022661 246614 526312 604679 144352 840322 414847 392749 762838 668645 241962 293923 458902 367309 413224
581487 331716 317049 593382 266938 690382 144409 165319 755528 218464 722555 999999999 242088 249082 374097 306549 317580 572300 546261 304984 589733 308704 404528 339432 343757 317304 256973 643848 168901 139316 328594 781590 101352 392969 812292 583583 397130 823979 355321 355401 225661 347231 747490 385948 515214 910242 827953 454099 113136 687813 850795 805984 421637 563395 513991 772376 690570 370236 560420 535713 209331 552096 367078 347812 594181 652376 271522 745874 483133 690343 875278 326476 835689 645180 674998 656055 285195 330808 173539 404314 773488 458525 520838 302426 597314 444966 698961 465991 144503 588429 119708 371622 485656 551891 825661 598895 430800 444052 580807 535857
711995 476186 557349 377675 493614 679369 315833 407363 596160 459576 571802 242088 999999999 263344 470207 209215 559637 592604 669678 544565 707505 550596 581009 156789 204903 536859 486171 588890 169050 368397 561885 738450 340535 198774 800460 628190 426502 673319 500791 212944 64002 200811 541730 166956 564822 725261 868971 567413 130877 702646 881637 751377 465045 505107 732238 583947 771577 205103 445274 467019 440160 500521 282357 589646 440696 480725 421441 845968 720545 641452 937398 364057 643085 556776 801786 737843 524425 127344 414192 365517 624615 237416 501756 262787 662684 680911 486906 224662 248663 463630 326291 162591 479928 691956 877058 528966 319986 471607 563588 540067
830449 580458 453756 626941 490063 900011 392532 349525 859416 410455 835078 249082 263344 999999999 615797 119979 476609 793872 794707 494805 837882 463882 650825 218750 174071 544927 477457 828642 343655 272345 535616 975421 282934 461741 1023165 814674 617128 936661 604248 183159 200332 458376 793372 290847 746676 983739 1060898 700680 240761 909167 1080362 993301 648218 744481 734076 842605 933507 466821 702383 709629 323845 736931 140720 515677 703797 743523 520105 992666 668476 879548 1114984 546218 899637 808218 923970 898858 419304 239825 376213 591099 887896 489065 722768 481279 835233 637281 735614 411175 371804 723150 216848 423999 693174 800968 1061926 773491 572719 665125 785242 749536
244224 96101 499167 620599 308807 361706 233041 394398 626015 382653 584407 374097 470207 615797 999999999 640020 464996 229625 200621 402136 237310 467818 196666 624014 658594 296209 317072 376607 303657 449255 366442 476031 402937 456142 472822 219566 119241 666501 99405 668895 505067 376668 716463 634121 154773 806615 457073 98174 389691 336235 482943 510735 100519 325068 408338 697079 317712 406076 410902 324201 483361 308140 711399 461759 495976 569625 125411 381000 494051 405237 501184 125196 759150 425533 331930 283067 489122 597340 364036 229523 621670 540773 242084 244876 224120 454727 692998 647613 245805 443927 469382 470774 203161 230049 452501 365511 343898 133754 279682 220042
870359 622014 560257 535005 568891 884867 437363 439908 786848 500898 766777 306549 209215 119979 640020 999999999 578567 791067 831268 588125 872541 566486 707822 106647 54097 621522 557566 797904 342500 369940 622985 947336 368850 393116 1006833 820750 618596 866167 646746 63541 149459 409003 700832 178739 754681 897114 1065271 732169 250497 903736 1080631 960583 654245 713980 816415 757350 953790 409903 652044 676132 429749 708985 74435 616141 638278 668848 562160 1021020 765729 850362 1127925 550858 811058 765310 963198 919336 525381 136103 461650 570706 819163 402942 706559 463984 849142 731759 641436 302207 395943 668466 314182 352271 682004 844603 1070473 738180 528833 665651 768910 741251
549201 372589 44495 898558 156732 826537 311372 152274 1018717 106832 981017 317580 559637 476609 464996 578567 999999999 694147 534952 67628 576710 13529 342978 640232 626981 186431 147926 830067 455811 208856 121525 940483 221340 696435 934476 674699 555827 1077162 380836 638305 537835 637307 1043480 695745 616282 1187455 884892 487845 430173 795564 918097 974123 557356 763931 297881 1055980 713003 664803 805871 749205 153931 748628 617127 40408 862735 929323 344398 731217 194647 865040 898771 504534 1120524 860633 629359 683571 65093 638750 150746 620644 1027749 769134 693705 549496 659137 170177 999918 783025 383102 837886 264391 681095 653532 510372 869310 804307 690408 589655 740528 682606
301574 322121 728763 597772 537592 132540 444429 619926 498320 611784 457294 572300 592604 793872 229625 791067 694147 999999999 266859 630404 266920 697249 392805 748096 796541 520319 546309 189928 452459 667888 591626 251117 619881 497158 245009 64744 177015 514871 317483 805140 643603 429413 641021 737017 81172 675271 276699 229967 553911 115766 289606 288790 151279 188224 595827 595583 225399 449575 319555 216255 708314 174474 865380 689285 417118 484241 354004 317170 705525 197550 352139 248340 649412 269036 341964 202361 718565 715086 591004 234720 479378 568834 114919 329818 124358 668983 636917 711711 429390 345077 680239 527707 117178 318795 287778 215572 334820 129100 90095 58859
44788 214669 577009 800545 388738 377119 402189 518024 754956 484950 713115 546261 669678 794707 200621 831268 534952 266859 999999999 467358 44530 542431 192017 822065 853506 348703 401640 456252 501752 588859 415547 499327 548812 650361 450058 210612 287115 778636 191760 864127 701625 571509 876295 834370 199303 934840 356222 102514 581303 317233 392675 540265 248499 438641 353464 843006 179190 599768 555392 454548 603388 422245 900644 516694 649849 722081 274739 204611 486174 462702 363906 320953 900974 530592 132471 152821 578789 796453 483773 401474 740452 733669 350677 441386 162473 456832 861309 847085 435566 585802 621823 668014 324549 52089 336713 473072 520360 268212 353554 300812
482020 308311 110240 866967 93688 762928 269499 148304 971680 88007 933111 304984 544565 494805 402136 588125 67628 630404 467358 999999999 509207 75542 275413 639821 633574 118805 87710 771363 424459 222513 56684 878155 220008 665695 869385 609111 497610 1027502 315258 645131 530303 601987 1006594 690312 551793 1143295 817431 421088 413696 730209 850788 912502 496619 707725 249904 1014439 645376 630656 756677 695064 185854 692046 633439 60942 818205 886538 284532 664141 179107 804744 831204 450162 1079063 805652 563088 615976 119358 634421 131562 568970 978605 741934 634825 505174 592325 143636 965523 769223 345519 789181 278027 653925 594621 443278 801713 748364 645768 529336 679696 621105
39557 258458 619130 823164 432073 365802 445490 562421 762535 528796 720996 589733 707505 837882 237310 872541 576710 266920 44530 509207 999999999 584489 233877 860922 893752 390833 445109 456585 540441 633388 456621 486161 593305 679797 428229 205652 313201 781753 235870 904265 741168 601599 891793 871249 209072 941046 320780 140818 622258 300875 358516 527620 273002 447173 382120 854574 141706 629125 569164 466613 647591 431360 942396 557349 665089 736313 318271 160111 519912 457906 322274 353451 911065 535077 95569 119923 621679 834592 528140 425143 745557 762124 361126 473098 150455 492360 879585 880004 476609 598485 666258 699252 338996 73911 298886 479346 543622 288681 356245 307926
557530 376285 34701 892088 160790 829509 308055 143487 1015696 102091 978246 308704 550596 463882 467818 566486 13529 697249 542431 75542 584489 999999999 350625 629150 615154 193730 151082 830811 449774 197085 131027 942753 211349 689939 938318 678976 556584 1074840 385327 626448 527741 631793 1038029 685234 619858 1183635 891200 493231 421566 799628 924091 976047 559110 763797 310726 1051572 720082 659017 803544 748392 140825 748634 604460 53910 859143 925267 346143 739670 208051 866413 906331 504040 1116073 860030 638515 690350 51686 628141 144589 619178 1025299 761914 694595 546138 664504 183691 993962 773600 378544 835404 252383 673942 654462 518809 876075 804059 686968 591203 742190 684599
208384 119484 385257 799944 200432 521926 272327 339819 822654 299350 781067 404528 581009 650825 196666 707822 342978 392805 192017 275413 233877 350625 999999999 720173 739124 156959 213999 563557 415548 416496 223704 643341 382435 619168 615766 356520 315763 862563 102015 750475 597503 541107 907131 747443 311739 1003160 545063 163933 468901 476698 579875 681559 294665 519342 211940 891826 370610 571895 607089 520552 420734 502259 771211 325086 690082 763565 161617 390464 313307 585284 555795 305721 954425 619465 294827 342193 388299 700978 305324 422259 818125 704326 433508 412387 328267 278327 879858 786869 332346 640217 456989 625082 396305 170587 527629 559238 531175 326795 461774 401578
863589 622221 627816 432074 606084 830343 448544 492962 692421 551858 675033 339432 156789 218750 624014 106647 640232 748096 822065 639821 860922 629150 720173 999999999 66569 655064 596365 732268 320481 433098 667539 881985 421095 307477 950005 784783 583261 772487 647087 68687 122749 338610 597020 72571 721601 795153 1024710 720310 251485 856865 1036508 891620 621828 649849 852222 656407 928145 333104 573833 610346 499474 646965 158237 675357 549564 574033 564858 1001716 818926 785236 1094029 520617 708499 690918 954480 894327 593053 37153 508991 518246 726794 304445 654078 418516 819449 782177 537193 195597 391627 586845 380096 265837 634236 841701 1033376 669903 458342 628188 715151 694628
893778 647884 610219 498084 609368 884110 467004 485303 758778 545853 741014 343757 204903 174071 658594 54097 626981 796541 853506 633574 893752 615154 739124 66569 999999999 660839 598578 790440 356247 418126 666185 940227 413612 371577 1004892 829966 627607 838775 672761 11668 154830 397525 662578 133269 765237 861294 1072441 752956 273323 907291 1085904 951227 664861 707295 856980 722778 968448 394408 636263 668368 479962 703557 91688 663933 614881 640403 588876 1038855 811983 843282 1138647 562172 774498 752238 985891 934253 575303 102500 505254 570405 792891 371001 706639 466988 861609 777098 602558 256783 418502 650349 362869 330009 684634 869701 1079474 728990 517793 673718 768399 744649
364595 200192 228329 820968 55604 652668 226994 204223 894533 152469 854513 317304 536859 544927 296209 621522 186431 520319 348703 118805 390833 193730 156959 655064 660839 999999999 69262 671629 391062 285524 71536 770302 262704 624770 755747 494861 401760 944800 202860 672497 536662 553551 948973 695593 440332 1070710 698905 304476 409780 616223 732555 806029 394700 613817 197177 947761 526574 583842 677078 605722 274598 597467 676625 172053 747429 818529 191387 546832 210810 701444 712601 364623 1012082 713557 447965 497210 232075 643028 172158 486828 897224 706263 535707 440808 475283 168748 913053 757928 304512 710237 334408 620184 495829 326169 682941 654676 577253 428006 575889 516181
421997 225231 183499 790799 14127 678655 190497 134985 885901 85873 847017 256973 486171 477457 317072 557566 147926 546309 401640 87710 445109 151082 213999 596365 598578 69262 999999999 684009 351716 216263 77286 792634 194642 591086 787259 528155 410080 940762 234958 610245 480460 524083 926291 640488 468776 1058669 744203 344358 356536 648654 776130 826465 409969 620019 258858 931283 576366 553498 670244 607457 208242 604356 610683 148652 733713 802862 197326 603596 238439 717957 764394 362613 995883 717961 508613 545445 178907 586531 103024 481920 892050 669895 547489 421573 515279 197119 887010 709714 268540 702896 265509 582463 507283 384539 730695 660655 561531 442490 593151 534947
491502 472430 859292 475815 677845 137927 542760 730696 317449 736133 278422 643848 588890 828642 376607 797904 830067 189928 456252 771363 456585 830811 563557 732268 790440 671629 684009 999999999 491073 762295 740645 149791 713565 438343 230743 251622 274248 326146 474903 796931 649224 393658 481090 703213 261137 489511 370980 407637 592342 205646 362436 164722 276961 84297 772905 423394 395140 401725 187660 122073 814689 92426 871244 832076 274242 328408 486836 486083 870120 53004 465731 331506 471714 89287 527611 379755 843299 695965 706879 240977 293531 489233 136540 349445 310116 831184 489080 647256 501786 199267 761550 477179 176742 507978 397515 65443 274518 243628 103886 162620
543628 307690 465570 443146 356069 556373 164106 311430 586884 349214 553673 168901 169050 343655 303657 342500 455811 452459 501752 424459 540441 449774 415548 320481 356247 391062 351716 491073 999999999 306231 428972 635040 262780 241358 679534 478778 277333 655081 332158 366238 201837 183211 588904 335707 412305 744063 724131 399853 103025 567017 741072 655488 311954 407990 580466 607743 612451 209436 392726 376583 373340 398662 416014 478117 425688 485435 254489 682843 590118 540435 785431 208510 671667 482908 634105 578170 437377 294899 305219 250503 604590 318271 379471 141820 506761 548576 544188 373044 87276 420084 287459 230748 349529 523011 728354 440660 262254 324955 441817 406291
616852 381399 194909 730944 230028 793407 224094 81503 892949 140021 859180 139316 368397 272345 449255 369940 208856 667888 588859 222513 633388 197085 416496 433098 418126 285524 216263 762295 306231 999999999 265489 893293 48813 531523 912353 668152 500448 960055 400708 429449 337181 486400 886414 491459 601388 1049296 904953 510651 247245 780902 931977 920805 517342 684995 465539 911643 751592 509553 693753 660670 71892 672321 411530 246207 731879 791154 328069 793422 397039 805877 940333 433785 974995 771952 707996 718173 160341 434020 113799 527713 909591 594497 632933 432559 671123 365023 837263 586316 262983 722804 56053 508593 595209 582137 897629 722398 566037 544359 689783 639380
428256 270714 165486 867350 73993 724031 267169 186103 955448 125538 915986 328594 561885 535616 366442 622985 121525 591626 415547 56684 456621 131027 223704 667539 666185 71536 77286 740645 428972 265489 999999999 841343 254698 668038 827266 566365 469082 1008032 274253 677827 553709 600330 1001218 714007 511770 1129864 768139 375633 431672 687732 802296 876823 464010 680875 200308 1004183 594313 629936 738702 671105 237487 664736 672237 101597 805379 875366 256391 610070 161157 771470 778887 427774 1068715 780100 507835 565709 176036 659320 161351 549049 959883 747105 604389 494817 546136 119903 962782 785882 345414 771646 319365 659719 564349 389315 751272 721711 633774 497201 645958 586479
525015 570836 973229 603160 784732 122833 670203 854546 390288 853102 360016 781590 738450 975421 476031 947336 940483 251117 499327 878155 486161 942753 643341 881985 940227 770302 792634 149791 635040 893293 841343 999999999 844506 586033 112167 291568 393947 367177 567782 946720 798447 543380 577848 852003 332236 535202 293139 479734 737326 186329 270280 41708 384422 233359 842947 505951 384601 550848 325941 271860 941045 239008 1020803 937748 398858 438202 596808 465043 956405 97004 390235 459556 541207 208027 535274 382211 960577 845627 828109 384779 353380 632342 261045 494490 337364 920064 597869 791910 637643 328971 897173 625489 298089 550678 327460 212782 423946 353495 203832 258564
578514 338553 216839 694440 207465 744948 175685 71982 848380 132250 814054 101352 340535 282934 402937 368850 221340 619881 548812 220008 593305 211349 382435 421095 413612 262704 194642 713565 262780 48813 254698 844506 999999999 493563 864153 621275 451791 914544 358853 425184 316495 444743 847445 474724 554207 1006813 859424 467500 213886 733232 885874 871992 469133 636460 451490 870035 708456 468989 647236 612462 110562 623701 417791 254752 687665 748213 283477 753013 398772 757072 896803 384985 933720 723909 670558 674764 184302 417946 93678 479451 864122 559874 584122 385564 625698 363486 799604 562546 215008 676646 74556 472898 546420 544811 852872 674002 520444 495888 641026 590812
695109 500784 704038 202149 594416 552134 400949 549349 397767 590129 374841 392969 198774 461741 456142 393116 696435 497158 650361 665695 679797 689939 619168 307477 371577 624770 591086 438343 241358 531523 668038 586033 493563 999999999 665209 547838 367721 475616 521988 375682 261442 79513 355181 267453 496337 529274 767707 551229 286276 592430 772227 591413 408831 360621 805739 388355 707702 50672 268120 319791 602253 361607 460394 719428 245240 281952 461518 793055 828826 491000 848867 331181 449366 387217 774862 677175 674394 270331 545690 265779 427528 85330 387798 211508 595359 786919 306042 215210 322628 279501 499871 41640 380388 685377 783219 373594 168020 400958 442697 438796
467782 562034 970527 703076 777772 123167 688502 864882 501910 855468 470646 812292 800460 1023165 472822 1006833 934476 245009 450058 869385 428229 938318 615766 950005 1004892 755747 787259 230743 679534 912353 827266 112167 864153 665209 999999999 260947 415301 478979 554170 1012264 857400 613653 687478 926500 318720 646628 185838 453398 782525 139591 159357 144077 395022 304595 802614 617220 307145 625438 417816 345419 953317 304650 1081098 926946 499159 544145 597995 377085 927455 181812 281313 485839 653313 306691 460957 313276 961731 914582 835744 436190 465470 719492 301071 544404 290344 893904 704914 876572 668067 426167 922972 702696 330234 498629 221838 295970 498275 369144 238458 276532
241906 303269 711651 658155 518206 168736 448258 613802 562712 599352 521799 583583 628190 814674 219566 820750 674699 64744 210612 609111 205652 678976 356520 784783 829966 494861 528155 251622 478778 668152 566365 291568 621275 547838 260947 999999999 202416 577578 293903 839079 675634 476732 705286 778580 68405 739081 246238 193046 577456 121372 267224 331740 167044 252759 551688 660326 163967 498980 383205 279558 702803 238689 894597 666258 480782 548510 344342 254770 669514 252823 309259 270377 714079 333002 277552 138696 704421 753057 583030 282314 543046 622523 175734 367265 59649 634819 700211 760798 444504 409308 685676 576100 169302 262646 249745 280233 389816 156595 154490 118294
331751 207745 585270 514114 404319 294089 276646 460849 506914 462641 465379 397130 426502 617128 119241 618596 555827 177015 287115 497610 313201 556584 315763 583261 627607 401760 410080 274248 277333 500448 469082 393947 451791 367721 415301 202416 999999999 548921 216481 636776 473220 290737 600568 580258 138410 687412 446878 195047 377694 292701 463958 423729 41296 212058 527119 578499 348202 317122 291704 206644 547100 195737 692578 558442 378027 451674 213397 428829 606403 311157 511156 71376 640267 311980 407688 315561 570044 552198 435197 115624 503409 449181 138088 168893 237251 565981 580005 573324 253266 324698 508122 389826 98105 327766 452112 252917 234068 48000 190124 139417
815710 756443 1098068 366366 937927 445035 767564 951815 80566 973704 102436 823979 673319 936661 666501 866167 1077162 514871 778636 1027502 781753 1074840 862563 772487 838775 944800 940762 326146 655081 960055 1008032 367177 914544 475616 478979 577578 548921 999999999 765160 841000 736684 486238 258068 717474 580022 168710 658690 718709 736543 519240 637419 336940 568028 345141 1074502 170973 717702 472083 271301 342396 1024310 362250 929867 1087905 234133 198668 753413 806881 1153156 337365 756231 580431 183228 248303 853672 704633 1075280 736315 936064 459087 50491 469427 433641 531613 636253 1112020 303036 616004 703772 239631 942072 515064 467858 829677 691589 307274 394103 536510 425705 478347
226202 24900 418328 699317 224550 449809 212096 334381 722972 310391 681579 355321 500791 604248 99405 646746 380836 317483 191760 315258 235870 385327 102015 647087 672761 202860 234958 474903 332158 400708 274253 567782 358853 521988 554170 293903 216481 765160 999999999 683753 524726 443197 805117 667701 237526 903049 512176 111785 399461 414951 542784 603971 199848 424453 311120 790292 351457 473795 506589 422764 422285 407537 714272 372925 588433 661848 84791 394680 395232 501473 540516 203809 853085 524924 319725 318554 412853 624710 301105 320555 719875 607312 341199 312929 280948 356392 778090 697789 255508 539817 431061 530376 302497 198027 501178 464914 429228 232969 376152 315932
904503 658870 621333 497943 621035 891715 478309 496852 760874 557429 743691 355401 212944 183159 668895 63541 638305 805140 864127 645131 904265 626448 750475 68687 11668 672497 610245 796931 366238 429449 677827 946720 425184 375682 1012264 839079 636776 841000 683753 999999999 164551 403654 661881 131359 774549 861233 1081206 763456 284292 915567 1094391 957304 674223 713970 868647 723147 978223 399756 641244 674874 491020 710457 91674 675323 618212 642483 599943 1048986 823503 849818 1147890 571680 774256 757688 996535 944065 586420 105567 516878 578254 795416 372514 714457 475443 871137 788668 601706 254109 429305 654829 374124 334058 692861 880580 1088495 735196 523826 682736 776091 752962
742650 499842 530749 432627 489408 735521 326174 386830 659181 443113 635349 225661 64002 200332 505067 149459 537835 643603 701625 530303 741168 527741 597503 122749 154830 536662 480460 649224 201837 337181 553709 798447 316495 261442 857400 675634 473220 736684 524726 164551 999999999 264149 598191 160331 610599 785100 918863 600371 129253 755478 933189 812431 510178 565149 733731 643805 813679 269099 508863 527703 407586 559850 223704 570576 504424 543192 442219 884680 708748 701525 984067 407376 701930 619488 834096 779515 496746 106366 398740 421321 688147 292856 557276 315185 706794 670611 541948 249804 269219 527530 289572 223796 533302 720006 925278 590227 382574 519634 619566 592851
616222 422328 648479 267470 526372 496219 333690 494576 413288 530484 383804 347231 200811 458376 376668 409003 637307 429413 571509 601987 601599 631793 541107 338610 397525 553551 524083 393658 183211 486400 600330 543380 444743 79513 613653 476732 290737 486238 443197 403654 264149 999999999 406237 313288 422335 563047 703592 471993 251193 530194 710766 553704 332005 311493 730725 425353 634281 30891 244818 271776 555090 309346 480866 657700 252395 305809 384871 718167 760222 446630 781489 251790 488977 356307 696855 603043 620557 302352 487247 194973 436216 164590 324651 131998 521930 718081 363538 284362 256491 264775 461358 99687 312258 606044 717000 331544 120309 326273 383039 372082
918898 789321 1054472 166493 927351 618443 737197 900239 196125 936648 218714 747490 541730 793372 716463 700832 1043480 641021 876295 1006594 891793 1038029 907131 597020 662578 948973 926291 481090 588904 886414 1001218 577848 847445 355181 687478 705286 600568 258068 805117 661881 598191 406237 999999999 530921 683097 203259 849972 793911 641393 686277 837082 558076 633240 452955 1111780 87664 864680 379528 323208 426844 956805 466605 753550 1063198 226709 156782 766496 956824 1158841 515353 945963 601645 115586 392216 977649 843341 1026061 564780 893483 486947 240295 305335 532689 508210 764203 1116564 60687 412876 661476 295978 854906 382388 552853 922399 878016 430973 376461 609124 554542 588897
877158 643119 686255 367874 649211 809506 479789 545798 636988 602892 622470 385948 166956 290847 634121 178739 695745 737017 834370 690312 871249 685234 747443 72571 133269 695593 640488 703213 335707 491459 714007 852003 474724 267453 926500 778580 580258 717474 667701 131359 160331 313288 530921 999999999 718220 731032 1013258 731900 285974 841787 1022319 858568 620323 622949 892358 593846 928190 301618 535375 582545 559925 621880 222942 729397 501097 518882 588311 1005720 868933 756144 1087105 522654 643811 654670 966051 895082 651790 57553 558770 503207 673317 248208 636711 411834 817496 830914 470623 123802 415212 545003 440451 226888 620885 858023 1024441 639226 429069 622835 696017 681357
238832 243696 651896 621412 459555 212524 380524 548891 555765 537039 513972 515214 564822 746676 154773 754681 616282 81172 199303 551793 209072 619858 311739 721601 765237 440332 468776 261137 412305 601388 511770 332236 554207 496337 318720 68405 138410 580022 237526 774549 610599 422335 683097 718220 999999999 735538 314280 149531 510097 181464 335619 369942 100479 239501 516030 645707 212007 446473 360198 257548 637773 223267 828316 610159 456469 527353 280182 296946 624357 275720 373491 203825 702737 331756 295497 180854 643071 690607 518768 231421 541258 574213 152266 306421 99824 587833 672470 706595 376187 389414 617906 522021 131132 249787 316255 273828 345651 96285 157271 101701
973595 891602 1203768 363292 1057516 612764 876193 1052388 181179 1081558 223163 910242 725261 983739 806615 897114 1187455 675271 934840 1143295 941046 1183635 1003160 795153 861294 1070710 1058669 489511 744063 1049296 1129864 535202 1006813 529274 646628 739081 687412 168710 903049 861233 785100 563047 203259 731032 735538 999999999 827257 867919 811287 686733 805468 503610 711709 496498 1214157 141326 883667 541483 396589 485726 1117355 513165 952738 1202433 325092 258968 880798 973573 1281232 504741 924760 707961 87805 406240 1016380 869243 1178055 761680 1040909 585739 196115 495470 585147 638385 798363 1239372 263710 615030 805685 363298 1023749 562754 615839 984974 860271 461987 497564 682036 585267 634209
357166 527453 925293 842290 732515 233211 689713 844678 673462 822422 638738 827953 868971 1060898 457073 1065271 884892 276699 356222 817431 320780 891200 545063 1024710 1072441 698905 744203 370980 724131 904953 768139 293139 859424 767707 185838 246238 446878 658690 512176 1081206 918863 703592 849972 1013258 314280 827257 999999999 400650 823495 176242 40606 328850 413086 422211 701311 786191 179287 721889 552539 460661 933329 415376 1139357 869726 644187 699153 577094 216213 840684 334871 97608 516143 827432 458394 319262 203476 923103 991782 812192 510171 640418 834147 379980 606269 233836 812638 860028 982917 690355 568759 926454 800483 392391 394511 37220 429231 601206 399623 326836 331978
146081 129267 526833 708388 333145 358053 309795 445924 686791 421774 644781 454099 567413 700680 98174 732169 487845 229967 102514 421088 140818 493231 163933 720310 752956 304476 344358 407637 399853 510651 375633 479734 467500 551229 453398 193046 195047 718709 111785 763456 600371 471993 793911 731900 149531 867919 400650 999999999 481755 313919 431863 518310 160692 373676 366599 767165 240993 500821 478331 382367 534005 356618 802426 476508 569280 642589 185213 292001 477238 425062 429701 220396 827331 471429 234376 207539 523051 694321 412801 310662 677056 635252 285073 340923 171294 441977 774828 745396 336255 510245 538350 567441 252139 134430 389399 411662 428793 186958 304158 245145
620992 374578 430157 483998 364537 659360 197060 278082 664424 328976 634200 113136 130877 240761 389691 250497 430173 553911 581303 413696 622258 421566 468901 251485 273323 409780 356536 592342 103025 247245 431672 737326 213886 286276 782525 577456 377694 736543 399461 284292 129253 251193 641393 285974 510097 811287 823495 481755 999999999 668915 841604 756983 410438 508747 606403 671636 704744 270034 482708 475938 318866 500061 321779 459330 503277 556130 315776 770659 589822 642272 881717 307437 733936 579648 713480 670186 398111 234829 283522 352555 686291 347270 482479 243024 602014 550375 590945 355538 145737 507667 213625 261514 452443 596437 826302 540115 350832 425607 544841 508831
340067 423473 832077 668295 638940 74417 558258 730119 520660 718320 482820 687813 702646 909167 336235 903736 795564 115766 317233 730209 300875 799628 476698 856865 907291 616223 648654 205646 567017 780902 687732 186329 733232 592430 139591 121372 292701 519240 414951 915567 755478 530194 686277 841787 181464 686733 176242 313919 668915 999999999 180597 228021 266308 247185 667032 628734 202072 547349 379359 284907 818918 239552 978143 787547 473269 532238 461645 288377 789011 181995 265043 364058 675469 294932 349805 196444 824056 823013 700182 339093 492901 657974 205565 440458 154953 754982 691718 807580 545117 397893 794813 625993 222734 367621 196813 258009 425393 244841 150620 162670
395491 557040 958005 837229 764711 226875 714471 873553 656488 853162 623179 850795 881637 1080362 482943 1080631 918097 289606 392675 850788 358516 924091 579875 1036508 1085904 732555 776130 362436 741072 931977 802296 270280 885874 772227 159357 267224 463958 637419 542784 1094391 933189 710766 837082 1022319 335619 805468 40606 431863 841604 180597 999999999 303423 432246 420247 739874 770550 217659 727642 547501 459806 962415 414969 1154918 903886 636676 688633 604866 256750 878133 322183 123447 534318 809443 447682 359684 239927 954901 1002943 841479 519384 621776 835879 386117 618949 262330 849478 849870 987202 711368 561583 951735 806275 402359 432394 75476 423401 604682 416155 329553 341899
566404 606118 1006079 594369 818918 163254 698717 884519 366669 885042 339368 805984 751377 993301 510735 960583 974123 288790 540265 912502 527620 976047 681559 891620 951227 806029 826465 164722 655488 920805 876823 41708 871992 591413 144077 331740 423729 336940 603971 957304 812431 553704 558076 858568 369942 503610 328850 518310 756983 228021 303423 999999999 416974 248822 882533 482956 426059 558943 326316 284816 970294 256925 1033512 972399 391250 424335 629904 505815 994289 115652 425135 487253 514586 206094 576939 423907 992563 854944 858839 405085 327518 632729 287961 514012 378543 957552 581779 793093 662785 325094 922701 631680 326460 591734 364017 222449 433478 385254 234318 291523
292896 195656 589126 552046 402930 276882 293505 472200 530617 468691 488746 421637 465045 648218 100519 654245 557356 151279 248499 496619 273002 559110 294665 621828 664861 394700 409969 276961 311954 517342 464010 384422 469133 408831 395022 167044 41296 568028 199848 674223 510178 332005 633240 620323 100479 711709 413086 160692 410438 266308 432246 416974 999999999 224990 506579 607340 307872 358263 318816 226677 559902 207981 727933 556977 408695 482094 212987 387710 594496 308137 473959 103445 668120 325372 367095 274936 576157 591263 444610 152981 524097 489977 141673 209588 197702 555016 614921 614591 279804 351187 528964 431121 102651 290976 416413 265250 271864 33376 183189 125859
478229 418351 790994 421240 614966 194530 468618 657445 316316 666795 274484 563395 505107 744481 325068 713980 763931 188224 438641 707725 447173 763797 519342 649849 707295 613817 620019 84297 407990 684995 680875 233359 636460 360621 304595 252759 212058 345141 424453 713970 565149 311493 452955 622949 239501 496498 422211 373676 508747 247185 420247 248822 224990 999999999 731088 408397 411982 321412 133996 40857 739700 17137 787453 768660 230712 296213 424684 504102 817708 136386 512154 260118 463941 100477 528125 390423 773198 613773 635255 159150 303624 417530 88874 266186 312079 777584 450915 572758 422903 157251 681875 398227 123154 488517 443989 40860 193993 192548 102558 139293
344421 323791 340366 995682 247655 720230 418326 385321 1033962 325523 992485 513991 732238 734076 408338 816415 297881 595827 353464 249904 382120 310726 211940 852222 856980 197177 258858 772905 580466 465539 200308 842947 451490 805739 802614 551688 527119 1074502 311120 868647 733731 730725 1111780 892358 516030 1214157 701311 366599 606403 667032 739874 882533 506579 731088 999999999 1100487 522226 761551 817707 732433 435685 713986 868967 261115 898483 971636 347317 508160 151895 791659 687561 511113 1163606 831064 396712 501999 361833 840095 357922 630810 1029979 889368 644745 608155 512640 142055 1081240 951303 493190 850936 518781 805434 607974 308362 676488 770831 735385 538577 670064 610349
884163 776697 1070465 226482 931012 558078 745664 917863 116330 949529 147472 772376 583947 842605 697079 757350 1055980 595583 843006 1014439 854574 1051572 891826 656407 722778 947761 931283 423394 607743 911643 1004183 505951 870035 388355 617220 660326 578499 170973 790292 723147 643805 425353 87664 593846 645707 141326 786191 767165 671636 628734 770550 482956 607340 408397 1100487 999999999 815213 402498 288859 388506 980431 423635 814397 1072738 202011 129349 760317 907050 1158558 451869 883186 589897 64625 334307 936514 796365 1043813 622376 907915 469788 158015 354911 493475 509709 719898 1116423 139179 480934 673029 257427 884634 421465 518676 891149 815954 380700 370614 580293 506562 547395
