NAME : synthetic_000914
TYPE : CTSP-D
DIMENSION : 100
GROUPS : 8
RELAXATION_LEVEL : 1
EDGE_WEIGHT_TYPE : EXPLICIT
EDGE_WEIGHT_FORMAT : FULL_MATRIX
EDGE_WEIGHT_SECTION
999999999 445815 115432 546618 466485 222871 787741 309933 345782 241112 288921 198160 727150 130592 502554 584223 276995 183961 90398 310167 723200 25185 584149 646637 124574 216695 466029 502552 169991 728778 147120 475074 620373 842543 826708 220873 226535 543780 682733 976494 579294 287066 736467 1040637 97799 446294 148253 211285 227266 655441 490943 186918 828237 721117 498493 201206 493092 744906 307607 576465 716695 259766 430278 622575 963241 575622 536550 761756 288290 236220 478918 714387 969695 737756 680506 752545 682938 608982 227399 328763 109542 378171 319637 200136 682725 598910 438073 772057 109315 132180 190275 724920 710726 415915 692032 76516 596572 267279 496391 947673
445815 999999999 387470 831467 439286 520514 592857 258234 198164 205412 485671 282103 695737 315223 164974 144235 203734 623418 415708 631614 491728 439385 368886 362457 455896 624256 731115 795776 602319 678669 488007 672173 256099 679157 626200 383975 252249 771775 847136 838163 387748 693946 917075 893445 497228 470747 375348 280227 597079 475342 114500 530575 793070 820361 417765 343192 651466 1045190 726550 345484 1021960 666650 777333 758242 824947 129902 793679 539055 500361 289219 520529 630670 803381 728048 966412 453765 960374 419548 558397 143032 358958 147852 704112 427977 788717 482494 738091 729981 360362 477162 490267 526517 326847 130289 988428 517035 160149 178616 93592 843360
115432 387470 999999999 499843 351529 327614 672776 203920 249593 200790 192814 108314 616344 110301 412170 531303 192967 286229 176868 269706 610333 92291 472880 539913 225324 330695 408214 457779 278338 616599 254187 394813 526649 727116 711721 285625 227285 476171 601886 861755 466513 399856 661113 925825 113218 333558 211295 115869 342354 540913 456173 297872 718465 627364 383077 249370 403608 709135 339227 466745 682500 373050 409709 533276 848460 515490 478702 647990 196913 130531 368911 600208 854358 629067 637710 644842 636920 495482 338461 252674 153512 358504 320702 98227 589241 483482 393743 661014 37649 238405 292293 610442 617656 391618 653685 152975 524672 219994 454964 834177
546618 831467 499843 999999999 480202 748070 746989 574980 637896 688603 346090 572120 519808 610118 771593 969448 632932 559788 636986 236648 755889 527513 683360 777047 664976 648449 100637 44329 582248 543949 676754 188663 847359 740160 775706 766277 726930 108181 238584 795560 657972 680164 249649 852306 448991 427328 691531 566796 702091 669178 926228 700019 574528 345834 534230 739616 237123 214032 345046 696878 190548 667722 152267 259976 786379 941274 57586 765664 332051 547197 397614 579468 825342 496724 138193 848812 137320 663864 733488 689997 640773 847151 268293 418599 320347 582034 108557 553524 537489 665308 723275 719062 925239 875363 157299 493827 921944 700407 917068 734163
466485 439286 351529 480202 999999999 673944 335885 218635 254244 406153 226645 314344 281347 411019 322713 551037 305019 619454 520644 382178 301355 442345 203957 297374 572179 677640 387211 459334 618893 274628 603281 292553 374387 378678 373700 599864 482431 389414 422020 510269 180217 743758 493236 574303 424464 53190 536379 298564 693731 216805 552461 648335 385195 381868 55328 553516 251338 677235 564324 216676 660226 718209 499386 330050 496953 514751 427954 326830 240509 262130 90555 250019 503953 304744 595770 377268 584249 192656 688743 330942 480160 524317 495690 277021 351717 140091 423486 323384 368871 587411 637589 282561 446930 535323 623286 484782 476544 398003 532855 485152
222871 520514 327614 748070 673944 999999999 978228 485922 500159 338249 511507 369806 943758 271079 630960 632329 423008 222691 153303 516983 902086 247722 759682 806079 102355 156467 676717 703788 191900 943281 75858 695540 748469 1041464 1017036 141014 270096 758393 902238 1182783 760653 204063 953290 1246335 309501 660322 154421 385912 97790 844137 516009 51006 1046057 943836 698526 177345 715546 932268 449073 747090 903176 183208 615078 844737 1169324 638422 745759 944472 511156 419874 696525 923940 1170690 956635 875625 912077 880721 792855 43806 452834 199691 397327 494071 420825 905440 798341 641187 988322 305362 90734 36677 912348 833133 434851 882967 255556 680570 364369 533029 1158900
787741 592857 672776 746989 335885 978228 999999999 492497 488781 663885 561668 608499 266033 707194 428150 636629 563616 951103 827538 708066 105525 765067 230214 239658 880137 1003370 672608 739945 948121 235167 913443 566845 374332 92155 38988 880371 744888 640587 591137 249342 221119 1071751 651977 301153 757005 376863 829096 592459 1012223 134117 698844 960301 304010 491315 292396 831932 513895 906188 896468 250505 897359 1045342 806897 513045 236820 595408 689537 62700 574749 559428 376337 179050 210526 306390 830110 199889 813694 187548 999576 555981 778647 726311 823350 609622 485749 195805 721650 263206 682334 897828 941592 68118 378263 719991 860558 815365 529633 645312 671319 271790
309933 258234 203920 574980 218635 485922 492497 999999999 63558 188069 231310 117112 499313 214849 220155 394476 86466 489158 336615 389086 417926 290875 276513 336973 389098 525547 474388 540709 479000 490509 422953 414252 327916 558923 531235 392357 266215 513590 595406 706373 275179 596616 664165 768633 311996 232536 336974 101574 525679 358380 361401 470196 602848 581514 224347 344454 395972 788174 519083 267127 765508 569084 533324 509257 692769 367203 535802 459166 246968 74010 281846 457916 688876 523367 708887 442664 702477 307030 508726 123448 286247 311924 477962 194047 547133 319496 485376 540383 200622 407592 449332 426427 418579 328379 731464 356895 355706 179443 347831 691266
345782 198164 249593 637896 254244 500159 488781 63558 999999999 175139 294833 147708 528418 234030 163388 331674 77187 528786 357600 451937 404500 329624 262290 307105 408831 556859 537268 603986 515719 516339 443328 474407 277139 562445 526671 392449 256186 574377 650165 715184 267678 628625 719737 775834 361546 278044 346755 135670 550125 356238 305512 490641 630482 629225 246693 343999 453369 850802 576102 247733 828371 600778 596504 562234 701577 303782 597914 448657 310522 121619 328100 477567 692261 555941 771242 413554 764497 301254 527331 77291 302692 270470 538449 254244 596127 332446 548902 567264 238340 428682 464209 421050 368125 281308 794134 400743 292826 157951 289774 706397
241112 205412 200790 688603 406153 338249 663885 188069 175139 999999999 351716 118451 687239 110947 292763 343266 103531 418143 214080 466592 577954 236556 436423 472010 258965 423363 592092 648447 397607 678565 292769 557229 410688 737130 701698 219285 81062 649478 754861 888662 442768 494269 820199 949860 301522 414865 184464 127657 402785 531337 256836 338247 790858 755953 411347 171194 551534 901148 532366 420405 875476 466577 609199 674669 875044 334879 660493 622794 362502 158406 462365 644942 867060 710559 826708 576959 823990 476379 370868 115356 156216 159279 520955 270013 719873 503402 585986 728445 167196 280174 304121 596094 496760 190983 844920 314038 360394 27757 258387 876993
288921 485671 192814 346090 226645 511507 561668 231310 294833 351716 999999999 233268 448062 294522 440860 625003 287224 409521 366368 168634 525369 263887 409841 496755 411017 478907 246188 310166 414587 454083 435942 207096 533192 597043 598969 478234 403228 297802 411265 713664 392493 539217 473035 777914 218706 186223 404108 225346 507497 442702 580621 475151 545881 435082 276458 440421 210995 560067 338762 414262 536429 515806 306759 340498 701007 598479 311591 553103 16763 202169 203464 450856 716731 454054 482250 590051 477485 412284 515303 343912 346195 507077 275277 94623 396850 366088 254070 493124 226464 420785 477922 509167 619347 532877 503301 282008 584986 359849 571018 676228
198160 282103 108314 572120 314344 369806 608499 117112 147708 118451 233268 999999999 593936 99232 307132 426332 84720 381111 219572 355668 535033 182048 393462 450236 272103 411049 474732 532715 368146 588821 305875 438987 423672 672384 647344 285521 177660 531044 638051 816620 392218 482573 702695 879599 221343 313023 223939 16217 408868 474449 359835 353095 697857 644095 331682 239415 434753 785361 446511 383331 760148 454840 500450 559578 803069 408704 542647 576198 244198 52257 357595 562309 801978 613365 710013 556552 706809 423860 391727 144558 170568 275211 422117 154232 607338 430289 471162 636935 91013 290490 333148 542910 514432 303488 728923 254636 416374 128293 355329 797337
727150 695737 616344 519808 281347 943758 266033 499313 528418 687239 448062 593936 999999999 688471 550337 783971 585331 857034 791472 548856 326876 702094 354241 423618 841403 926632 465336 523179 862648 30875 870484 363592 550596 228731 282291 878985 763775 411830 332273 282570 326985 987214 388834 344039 666473 284013 813070 578460 952028 266902 810164 913413 103955 226296 282232 833336 311568 653845 742937 379126 648317 963864 611627 265278 271832 743887 463018 310509 454878 542023 248277 91502 306041 41799 581946 438108 564134 305095 954029 605676 755670 798087 660190 527649 225159 218317 521998 45091 639431 854726 908075 273400 589192 804834 612625 729678 690306 678123 787079 232544
130592 315223 110301 610118 411019 271079 707194 214849 234030 110947 294522 99232 688471 999999999 381138 454200 158679 310888 123673 378822 631759 125769 489589 541032 175447 326030 518313 567955 292566 684693 209779 500419 500012 771613 745982 191461 117572 584808 705786 915547 489766 397865 766918 978629 194821 405324 125427 115441 316113 573089 364935 257162 792172 723276 430549 148560 504689 818967 424560 478030 792154 369936 516220 633128 902010 445043 588674 673690 301210 150633 447271 660106 901208 706000 747933 647515 747217 521834 294779 202977 71464 257773 419677 201668 685662 529433 503798 732030 72656 194885 234483 641270 589166 293614 763675 203124 466848 136730 368357 895305
502554 164974 412170 771593 322713 630960 428150 220155 163388 292763 440860 307132 550337 381138 999999999 234387 225561 686499 500920 605340 326760 488471 207798 198816 549163 707127 671812 741761 671281 530238 583483 594654 118963 515256 461251 506238 365032 695442 744485 674469 229646 778928 815666 729020 524642 365764 477176 296868 692997 313998 272000 629782 643056 700231 286977 459914 563171 980295 738649 183388 960052 751003 747328 652678 661351 195393 726086 374089 457401 284994 411996 477997 638637 585748 899216 295497 890194 259534 663368 179817 443340 305050 697801 414179 672323 332533 691574 580917 398051 570045 596865 362237 208316 293881 924364 561748 154304 266685 245448 682367
584223 144235 531303 969448 551037 632329 636629 394476 331674 343266 625003 426332 783971 454200 234387 999999999 347332 757470 545277 774620 531200 579595 434925 396983 580424 750302 868843 934984 734578 763052 610429 804226 263942 727749 664759 491611 375492 904748 969284 885963 459634 817885 1040081 935514 640193 589321 498021 424361 716656 537939 121629 649692 874821 931834 519709 457597 779333 1182474 870105 409697 1159964 791306 920332 878513 873436 41342 929467 576773 640187 432064 637742 709080 843021 819867 1102877 464544 1095960 486796 673085 286036 490701 235238 848340 571262 902640 565745 878592 813315 503322 601287 605745 575723 297692 199057 1125800 657190 109388 317950 99808 902218
276995 203734 192967 632932 305019 423008 563616 86466 77187 103531 287224 84720 585331 158679 225561 347332 999999999 460947 281697 427953 481196 263344 338799 383688 332454 483808 533360 595736 445897 575913 366992 484172 343637 634977 601794 316765 183762 581061 673228 785614 342863 555674 740788 847064 306060 318021 269577 78675 474532 430286 293400 414222 688701 664969 307999 268319 471342 846964 530163 324777 822890 527760 573653 589214 771995 327089 598440 524968 300889 86248 366850 541518 765007 609763 769461 490024 764636 376149 450554 61628 226073 229456 502198 224262 629942 399960 536595 626054 173951 352539 387109 496203 433787 249787 790226 337870 331933 92990 284532 773468
183961 623418 286229 559788 619454 222691 951103 489158 528786 418143 409521 381111 857034 310888 686499 757470 460947 999999999 214771 348968 894428 199241 758565 825893 194412 88890 505034 516711 31045 863602 178894 549994 804188 998013 989767 316825 385335 591653 745853 1121906 751041 131691 787058 1186244 195038 589547 271630 393432 147997 821746 655701 172403 953018 808269 658781 324397 582800 726841 233390 752914 697510 112091 415172 704579 1109069 752350 568735 930502 402157 415183 612656 858501 1121664 860703 677493 931028 685133 778938 192135 512159 266896 537502 293142 342462 770648 757531 459173 902014 290597 178638 215362 891160 894626 576525 681016 135954 777493 445375 664976 1085736
90398 415708 176868 636986 520644 153303 827538 336615 357600 214080 366368 219572 791472 123673 500920 545277 281697 214771 999999999 400473 754398 110552 612502 664665 52599 209320 555605 592937 189885 790463 86382 560246 619851 889122 866443 131181 170926 632192 768271 1029602 611778 280219 823628 1093213 188182 507699 62808 235401 192897 693617 441147 133724 894135 801299 545660 118221 574910 834915 386070 601406 806614 252502 519536 704807 1016155 542725 626267 795763 368033 268184 544971 770646 1018102 805309 770872 771138 773336 643413 172169 321216 58022 322731 406533 273133 763003 645680 528435 835896 152278 71254 116992 762292 707877 361760 782237 156015 573501 241831 451182 1005636
310167 631614 269706 236648 382178 516983 708066 389086 451937 466592 168634 355668 548856 378822 605340 774620 427953 348968 400473 999999999 683499 290865 575404 663987 429989 434224 160078 192817 366052 562593 443838 205499 701101 730786 743558 529633 496376 244418 396934 828729 556343 478368 440511 891639 212793 333962 454956 353844 481034 598210 715482 470699 634403 463388 435634 503568 246381 440651 194369 581236 413526 460930 145727 359165 817043 751689 228797 707098 151956 342565 332735 574248 841442 543112 372138 754785 373495 573474 506411 488733 404889 625784 115410 203733 426661 516219 128121 591942 306914 431620 490215 661585 787779 656986 385954 261427 744716 482041 710184 781304
723200 491728 610333 755889 301355 902086 105525 417926 404500 577954 525369 535033 326876 631759 326760 531200 481196 894428 754398 683499 999999999 701906 142496 134338 806783 939894 672300 742753 888506 297239 840772 569077 268840 197317 135059 796658 658328 653626 629193 354780 143909 1009898 694944 405301 703594 350488 750141 519461 943294 87332 595687 888060 386887 541298 249017 748255 518795 931727 864118 157672 919812 982826 796255 543703 342320 490007 699616 47331 540123 488983 363997 235458 313537 368673 852751 111253 837856 115797 926365 466391 702692 628653 796973 558761 528821 174367 715695 336397 615117 825467 865704 54908 277747 620208 882524 758632 424107 557447 567861 375536
25185 439385 92291 527513 442345 247722 765067 290875 329624 236556 263887 182048 702094 125769 488471 579595 263344 199241 110552 290865 701906 999999999 563570 627847 148530 238465 445105 483624 188155 703855 172065 451501 605590 818951 804012 238787 230646 521765 659337 952159 558013 307996 713742 1016335 81170 421510 164478 194192 251655 633136 490073 212103 803111 696529 475147 215273 468704 727973 302123 556520 699981 281014 415039 598305 938928 569280 515809 739967 263469 216892 453844 689861 945838 712596 662312 733455 664238 587328 252579 317443 119227 379913 307619 174965 658143 575481 418976 747014 91356 156991 214747 702655 696241 416928 674581 77666 587450 261689 494060 922945
584149 368886 472880 683360 203957 759682 230214 276513 262290 436423 409841 393462 354241 489589 207798 434925 338799 758565 612502 575404 142496 563570 999999999 93704 664795 800672 591150 663255 751147 330898 698884 495014 198174 311868 266832 654685 517100 589464 599381 470117 29094 871201 669475 527018 570777 257146 607645 378072 802193 106507 479226 746216 440678 533070 149207 606248 450747 876212 745958 25263 860533 843906 700332 508028 456784 394012 630164 186415 425774 348620 287105 274769 438988 392713 795086 180410 782503 52012 784315 326429 560390 497346 685079 429512 511381 138883 626754 380107 475385 683656 723332 162147 252955 493057 823355 623382 336990 416666 453088 474883
646637 362457 539913 777047 297374 806079 239658 336973 307105 472010 496755 450236 423618 541032 198816 396983 383688 825893 664665 663987 134338 627847 93704 999999999 715928 861250 684570 756703 815959 397149 750430 588718 136208 330870 268826 690897 550025 683000 688686 488999 120268 932675 758168 539481 643582 350547 651928 436006 856994 157177 463212 797736 499767 616875 242842 643093 544298 969494 829403 82863 954023 904995 791674 598022 476453 355752 723861 180591 513035 410970 380706 336877 447449 464123 888449 106495 875703 125051 834242 357050 609702 503773 771756 507539 597460 220507 719391 443006 537358 735779 770454 180068 166945 492258 916819 692532 290458 448811 435063 507041
124574 455896 225324 664976 572179 102355 880137 389098 408831 258965 411017 272103 841403 175447 549163 580424 332454 194412 52599 429989 806783 148530 664795 715928 999999999 169895 587974 620685 165697 840984 34550 599646 667913 941550 919042 123987 205291 667179 807262 1081550 664275 238221 860562 1145232 217901 557996 82573 287963 143962 746216 471541 81811 943724 844806 597921 131169 617192 857465 391936 653463 828768 211194 540213 746829 1068120 580653 658066 848263 411444 320772 594222 822100 1070449 854387 796425 822352 800035 695961 119629 369363 106528 351610 422913 319329 806433 698025 556813 885969 203350 21312 67138 814880 755144 390683 806093 172849 615133 286478 484014 1056935
216695 624256 330695 648449 677640 156467 1003370 525547 556859 423363 478907 411049 926632 326030 707127 750302 483808 88890 209320 434224 939894 238465 800672 861250 169895 999999999 591822 605247 68244 931282 141581 632249 826030 1055693 1042295 277546 374999 677999 830977 1185345 795988 71869 873787 1249672 260219 652400 252415 425279 64954 871596 640956 113260 1024750 889611 712735 297727 662429 815032 320526 792549 785694 43953 504045 786490 1172279 750048 656409 978327 473457 452284 679657 922058 1181584 932794 766319 967491 774016 825604 117519 528260 267161 520874 382032 402639 851691 812813 547139 971721 325327 149197 162001 941119 914985 559855 769619 196960 782634 451119 653842 1152561
466029 731115 408214 100637 387211 676717 672608 474388 537268 592092 246188 474732 465336 518313 671812 868843 533360 505034 555605 160078 672300 445105 591150 684570 587974 591822 999999999 72166 523947 485961 603110 105926 749861 675214 703708 682458 634017 87370 244912 747011 566762 631918 282031 806778 370078 334027 607065 468707 640419 585024 826755 630718 534231 329113 442065 652829 159414 314084 315168 603356 291122 616226 148127 228401 736739 840641 70905 685820 232610 447933 309277 513522 770460 448865 236128 760764 232109 575076 666486 589929 554016 749941 229891 322446 296142 497949 59444 503608 445756 590551 649353 639031 829253 777325 257317 421223 821674 602849 817162 690677
502552 795776 457779 44329 459334 703788 739945 540709 603986 648447 310166 532715 523179 567955 741761 934984 595736 516711 592937 192817 742753 483624 663255 756703 620685 605247 72166 999999999 538793 545640 632427 174000 821429 738594 770139 722410 685031 116050 264182 802495 638767 638168 283965 860764 404874 406155 647773 527977 658395 655574 888634 655801 584761 364477 514136 696171 226159 252719 305461 675521 227523 625215 115376 271409 792774 907741 68214 755131 295444 509683 380586 577049 829206 503185 180056 832327 180689 646713 689397 653655 597384 807334 226462 378707 335735 568399 64746 559231 495397 620981 678947 708365 901215 836187 196509 449498 890653 660973 880212 743368
169991 602319 278338 582248 618893 191900 948121 479000 515719 397607 414587 368146 862648 292566 671281 734578 445897 31045 189885 366052 888506 188155 751147 815959 165697 68244 523947 538793 999999999 868141 148542 564154 789532 997532 986925 287107 360809 609968 762752 1124306 744762 125223 805838 1188662 196730 591282 244605 381218 121109 817605 630940 141465 959916 821704 656282 296438 594836 753152 261446 744518 723844 101230 439708 718471 1111348 730651 588961 925588 408368 405036 616639 860838 1122313 867782 702216 921609 709346 773402 162434 495124 244033 512123 317376 342260 783837 755755 479975 907711 278804 149064 184354 887126 879592 551219 706541 134402 757795 425096 641029 1089901
728778 678669 616599 543949 274628 943281 235167 490509 516339 678565 454083 588821 30875 684693 530238 763052 575913 863602 790463 562593 297239 703855 330898 397149 840984 931282 485961 545640 868141 999999999 870719 382725 525846 200207 251816 874309 756139 435791 361578 266192 304334 993060 419055 329092 671532 283065 809778 573113 954717 240036 792885 914316 114723 256859 269659 828109 329906 682341 756949 355992 676272 969246 631113 292065 254696 722683 486833 279928 461899 536661 251626 61885 284549 72073 609680 408490 592077 280792 954932 593385 752868 784840 675179 530313 254636 197737 541727 51378 638196 854904 907336 243431 561972 790246 640360 734520 667723 668318 769246 222290
147120 488007 254187 676754 603281 75858 913443 422953 443328 292769 435942 305875 870484 209779 583483 610429 366992 178894 86382 443838 840772 172065 698884 750430 34550 141581 603110 632427 148542 870719 999999999 619942 702183 974080 952372 139452 236396 684003 826862 1113117 698092 207458 878505 1176908 234488 587655 112891 321644 110036 779609 499738 47384 972398 867983 630140 156147 639691 864977 390258 687721 836059 181065 547380 768906 1099717 611773 672584 882070 435402 354017 622774 852990 1102767 882574 806162 856863 810576 729651 86183 403711 141074 379608 427913 345863 829586 730390 569227 915185 234540 15870 46521 848388 789233 418518 814618 182963 647589 320180 513227 1087561
475074 672173 394813 188663 292553 695540 566845 414252 474407 557229 207096 438987 363592 500419 594654 804226 484172 549994 560246 205499 569077 451501 495014 588718 599646 632249 105926 174000 564154 382725 619942 999999999 663313 569750 597799 679505 610316 100927 208040 646094 469414 680899 266528 706908 386781 240139 604318 429829 673516 482012 774687 653542 438843 258563 346046 644167 53640 386979 391032 509048 368582 662002 248389 154608 635424 773123 135402 581138 199224 402939 208954 408123 667195 350445 305518 660395 295695 475266 691872 535682 547655 709976 305419 298798 221409 394802 159146 403534 430474 605898 664716 534369 738974 733471 331983 445738 747551 563455 762011 592273
620373 256099 526649 847359 374387 748469 374332 327916 277139 410688 533192 423672 550596 500012 118963 263942 343637 804188 619851 701101 268840 605590 198174 136208 667913 826030 749861 821429 789532 525846 702183 663313 999999999 466115 401241 621247 480756 762281 789843 623309 226887 897844 860677 671834 638024 424496 595138 412521 811800 288569 342915 748343 632066 729594 326659 575751 625200 1050010 845981 174644 1031876 869917 839012 697706 610986 223221 797986 313559 549954 397339 464420 467252 579239 589851 968486 203739 957650 245527 781544 298674 562223 403699 799681 519307 706353 337055 776211 573543 514678 688840 714735 316244 91013 385002 995287 677757 155585 384153 313968 643125
842543 679157 727116 740160 378678 1041464 92155 558923 562445 737130 597043 672384 228731 771613 515256 727749 634977 998013 889122 730786 197317 818951 311868 330870 941550 1055693 675214 738594 997532 200207 974080 569750 466115 999999999 76232 950526 818134 632104 560938 159283 298003 1122307 615904 215215 802979 411106 895511 656181 1069135 207756 786922 1020308 237078 452414 344364 902294 516113 882453 923289 334137 876475 1096607 816223 491962 146306 686470 682680 154555 608457 621643 399444 161702 130060 263734 809849 289453 792281 264301 1060205 632969 842911 809106 845926 655664 453779 243884 728244 211249 740389 958297 1004795 153273 469672 804732 840527 863460 621210 720251 759754 180261
826708 626200 711721 775706 373700 1017036 38988 531235 526671 701698 598969 647344 282291 745982 461251 664759 601794 989767 866443 743558 135059 804012 266832 268826 919042 1042295 703708 770139 986925 251816 952372 597799 401241 76232 999999999 918558 782653 668641 612025 223200 259025 1110621 670810 270801 795553 413642 867706 631317 1051210 172901 730731 999244 307370 508586 330996 870108 544529 929887 932815 286245 921999 1084236 839786 536851 211461 623710 718150 88235 611839 598355 411180 200517 178624 321020 854872 215955 838055 225646 1038498 593112 817428 761366 858928 648108 505648 233643 753799 273419 721321 936763 980407 105625 397855 754111 885434 854072 556825 682818 702920 254330
220873 383975 285625 766277 599864 141014 880371 392357 392449 219285 478234 285521 878985 191461 506238 491611 316765 316825 131181 529633 796658 238787 654685 690897 123987 277546 682458 722410 287107 874309 139452 679505 621247 950526 918558 999999999 141417 756490 887101 1098701 659598 337227 945111 1160983 318503 596461 75557 301336 231289 746911 374997 166272 982821 911541 615102 48461 689174 965778 512982 639307 937554 313058 650699 818721 1085101 498741 753327 841085 482504 337743 638730 847243 1080578 897208 900992 795326 903023 692914 183001 333847 132115 256456 537362 383627 873618 711779 657752 922230 252211 138188 118328 812960 702983 293846 912845 286161 543339 242151 392167 1081929
226535 252249 227285 726930 482431 270096 744888 266215 256186 81062 403228 177660 763775 117572 365032 375492 183762 385335 170926 496376 658328 230646 517100 550025 205291 374999 634017 685031 360809 756139 236396 610316 480756 818134 782653 141417 999999999 697977 812862 969350 523770 443389 876031 1030691 307233 487372 123506 190927 344941 612397 270368 278343 867619 821728 490419 95000 610032 936367 532669 500684 909630 416472 633408 736245 955731 375450 704017 703391 411735 225886 533465 724061 948083 785733 864901 654125 863853 557403 306632 193177 120420 153147 534356 313721 784901 583635 621028 805591 189728 226351 238557 677064 563857 191817 880966 303049 412287 101338 280370 956838
543780 771775 476171 108181 389414 758393 640587 513590 574377 649478 297802 531044 411830 584808 695442 904748 581061 591653 632192 244418 653626 521765 589464 683000 667179 677999 87370 116050 609968 435791 684003 100927 762281 632104 668641 756490 697977 999999999 157985 688794 562963 719044 196095 746292 449744 337969 680933 523037 725447 567619 872951 713379 469447 249629 441532 724295 138720 287871 401174 604767 271112 703075 223860 155451 679387 873887 51237 661302 287245 498156 302390 471631 717573 389589 206374 749628 195479 566160 749879 634063 626121 804534 316492 384266 219874 480894 142255 446161 513099 670949 729932 614917 836337 829366 234015 503548 848449 657430 860966 628522
682733 847136 601886 238584 422020 902238 591137 595406 650165 754861 411265 638051 332273 705786 744485 969284 673228 745853 768271 396934 629193 659337 599381 688686 807262 830977 244912 264182 762752 361578 826862 208040 789843 560938 612025 887101 812862 157985 999999999 584795 570626 874558 71220 636345 592849 380076 812051 627356 875829 550059 955537 859239 359319 117231 464069 850984 203343 323202 559105 619366 320424 857722 377988 92267 577421 934482 196506 625450 405221 597329 332556 412326 623686 298579 256309 735410 237249 564391 896955 718854 755107 902327 474469 504863 107171 470152 300003 354582 636969 813037 871960 582012 852335 922499 286529 650149 898514 758186 939732 517967
976494 838163 861755 795560 510269 1182783 249342 706373 715184 888662 713664 816620 282570 915547 674469 885963 785614 1121906 1029602 828729 354780 952159 470117 488999 1081550 1185345 747011 802495 1124306 266192 1113117 646094 623309 159283 223200 1098701 969350 688794 584795 999999999 454685 1249529 625902 64356 927791 533076 1040554 800422 1203753 364691 946194 1158453 225480 467927 484999 1050823 594132 905732 1023096 492847 904886 1224803 893880 536058 13619 844748 739947 309842 722882 764915 510324 263477 63403 299331 841086 437695 822037 421324 1198792 787545 986244 966671 941345 782720 482074 386933 804187 243498 878577 1097254 1146247 312547 620304 963173 871322 989956 778773 873102 919037 72352
579294 387748 466513 657972 180217 760653 221119 275179 267678 442768 392493 392218 326985 489766 229646 459634 342863 751041 611778 556343 143909 558013 29094 120268 664275 795988 566762 638767 744762 304334 698092 469414 226887 298003 259025 659598 523770 562963 570626 454685 999999999 866000 640634 513051 561182 233238 609909 376486 799852 90254 499480 745296 415219 503984 124941 611141 424307 849259 730141 52525 833911 838918 678708 479393 441222 418959 604316 183987 408105 345408 260883 249447 426765 365010 768249 198540 755448 33834 783904 335624 560996 512046 667252 417772 482310 110389 603694 354047 471293 682690 724139 153400 281745 509657 796686 615379 363452 424333 473916 455806
287066 693946 399856 680164 743758 204063 1071751 596616 628625 494269 539217 482573 987214 397865 778928 817885 555674 131691 280219 478368 1009898 307996 871201 932675 238221 71869 631918 638168 125223 993060 207458 680899 897844 1122307 1110621 337227 443389 719044 874558 1249529 866000 999999999 913454 1313885 321880 716502 320064 496669 106826 940554 706646 171129 1083895 939355 780371 362262 714374 833860 340267 863448 804607 27929 531271 835506 1236571 818826 693458 1047845 532529 523142 741650 986061 1247365 991648 790910 1038848 800159 895283 160560 599948 338201 586527 411880 467363 901846 880117 583420 1032251 396136 217061 219005 1010095 986722 625283 791540 259605 852819 522010 720590 1214930
736467 917075 661113 249649 493236 953290 651977 664165 719737 820199 473035 702695 388834 766918 815666 1040081 740788 787058 823628 440511 694944 713742 669475 758168 860562 873787 282031 283965 805838 419055 878505 266528 860677 615904 670810 945111 876031 196095 71220 625902 640634 913454 999999999 673585 644019 451031 869731 692547 921542 617381 1024877 908832 401896 163593 535141 910478 269528 281756 588069 689740 284795 898143 399228 163418 619660 1005436 221394 689077 465708 663434 403703 472961 669157 352172 227215 802293 207267 633571 945625 787569 813544 969430 505974 565322 166745 538885 331000 406062 696953 865152 924169 646542 922379 990400 255144 699030 969715 824472 1009456 556564
1040637 893445 925825 852306 574303 1246335 301153 768633 775834 949860 777914 879599 344039 978629 729020 935514 847064 1186244 1093213 891639 405301 1016335 527018 539481 1145232 1249672 806778 860764 1188662 329092 1176908 706908 671834 215215 270801 1160983 1030691 746292 636345 64356 513051 1313885 673585 999999999 992145 597426 1103492 863391 1267902 422804 999990 1222339 278522 519118 548164 1113000 655390 954793 1085972 549041 955237 1289152 954121 592360 77420 894492 797292 358959 787051 828020 574533 327832 92828 358031 892438 479847 873139 479416 1262646 847377 1049452 1024310 1003842 847055 535876 449492 864402 303428 942375 1161049 1209772 366932 662403 1019646 922414 1054310 827390 933782 972468 118605
97799 497228 113218 448991 424464 309501 757005 311996 361546 301522 218706 221343 666473 194821 524642 640193 306060 195038 188182 212793 703594 81170 570777 643582 217901 260219 370078 404874 196730 671532 234488 386781 638024 802979 795553 318503 307233 449744 592849 927791 561182 321880 644019 992145 999999999 394941 245035 229027 291060 628786 558186 266762 764582 638871 464611 296413 410093 647404 230873 567257 619292 297728 333882 537897 914873 626212 440247 738249 213728 240692 419967 664314 926746 672700 582707 746881 585179 587818 305296 365247 200075 452572 227653 147589 600552 562860 340479 711558 136895 221225 280227 697998 729013 488355 594342 63310 637442 324131 559634 893199
446294 470747 333558 427328 53190 660322 376863 232536 278044 414865 186223 313023 284013 405324 365764 589321 318021 589547 507699 333962 350488 421510 257146 350547 557996 652400 334027 406155 591282 283065 587655 240139 424496 411106 413642 596461 487372 337969 380076 533076 233238 716502 451031 597426 394941 999999999 529418 298130 672923 264477 582016 631354 387275 351182 108300 551617 200786 625829 519776 269648 608351 691727 447465 289221 520084 554412 375503 373144 198425 262098 50062 269675 532433 300751 544315 429671 533208 244443 671962 352238 471813 543993 448481 249783 318374 182650 370618 328248 355531 571839 624465 327769 498859 558336 571525 456905 520067 410173 564147 501471
148253 375348 211295 691531 536379 154421 829096 336974 346755 184464 404108 223939 813070 125427 477176 498021 269577 271630 62808 454956 750141 164478 607645 651928 82573 252415 607065 647773 244605 809778 112891 604318 595138 895511 867706 75557 123506 680933 812051 1040554 609909 320064 869731 1103492 245035 529418 999999999 240133 221782 695034 389066 155596 916616 838312 555617 55442 614846 892366 448779 594262 864307 293319 578457 744561 1027002 498900 677949 793235 407889 275818 570088 785532 1025309 829716 826713 757813 828445 642586 186533 298540 58513 269242 467339 309504 800269 654089 583065 856826 179226 103275 119704 762508 680788 308346 839054 218052 535137 211121 401447 1020726
211285 280227 115869 566796 298564 385912 592459 101574 135670 127657 225346 16217 578460 115441 296868 424361 78675 393432 235401 353844 519461 194192 378072 436006 287963 425279 468707 527977 381218 573113 321644 429829 412521 656181 631317 301336 190927 523037 627356 800422 376486 496669 692547 863391 229027 298130 240133 999999999 424132 458430 362135 368816 682399 631344 315500 255012 424013 780405 451557 368282 755498 468995 499154 547935 786871 405309 535989 560446 237033 36460 343175 546281 785766 598220 704431 542213 700805 408016 407569 140000 186753 281803 424183 150787 594773 414073 467082 621354 102837 306211 349248 526956 503425 308643 723852 265241 410330 134535 356343 781271
227266 597079 342354 702091 693731 97790 1012223 525679 550125 402785 507497 408868 952028 316113 692997 716656 474532 147997 192897 481034 943294 251655 802193 856994 143962 64954 640419 658395 121109 954717 110036 673516 811800 1069135 1051210 231289 344941 725447 875829 1203753 799852 106826 921542 1267902 291060 672923 221782 424132 999999999 879047 603383 66969 1052033 928662 724823 259245 700179 874193 381387 792148 844879 85457 560683 826639 1190505 719582 706769 983501 503950 454457 703848 941513 1196666 960773 823187 963489 830139 830678 55265 513180 249795 483497 438329 424491 890455 825313 598578 997057 329889 122960 112989 948281 899106 521934 827645 228960 756918 430213 618445 1174393
655441 475342 540913 669178 216805 844137 134117 358380 356238 531337 442702 474449 266902 573089 313998 537939 430286 821746 693617 598210 87332 633136 106507 157177 746216 871596 585024 655574 817605 240036 779609 482012 288569 207756 172901 746911 612397 567619 550059 364691 90254 940554 617381 422804 628786 264477 695034 458430 879047 999999999 585672 826539 343583 468519 166815 698504 432056 847571 781000 130611 834990 913905 709215 462532 351266 496745 613113 110582 456985 425615 276680 179739 336726 307784 768089 185569 753567 56654 865710 425513 644539 601988 712243 482247 452761 87211 628393 285963 549237 764025 807506 69541 322301 598849 797663 685804 436619 513583 559415 368428
490943 114500 456173 926228 552461 516009 698844 361401 305512 256836 580621 359835 810164 364935 272000 121629 293400 655701 441147 715482 595687 490073 479226 463212 471541 640956 826755 888634 630940 792885 499738 774687 342915 786922 730731 374997 270368 872951 955537 946194 499480 706646 1024877 999990 558186 582016 389066 362135 603383 585672 999999999 536653 907184 932610 532144 344449 757316 1140246 788901 455155 1115986 680699 860225 867737 933131 142331 891660 642792 594234 379053 631996 744276 908951 842548 1062861 546295 1057976 530553 557689 239006 389894 120137 776874 512921 900371 596333 828673 844165 423799 491862 491219 633719 396956 81448 1083527 566400 206904 236185 29052 954097
186918 530575 297872 700019 648335 51006 960301 470196 490641 338247 475151 353095 913413 257162 629782 649692 414222 172403 133724 470699 888060 212103 746216 797736 81811 113260 630718 655801 141465 914316 47384 653542 748343 1020308 999244 166272 278343 713379 859239 1158453 745296 171129 908832 1222339 266762 631354 155596 368816 66969 826539 536653 999999999 1014855 904457 676170 192359 675741 882335 398097 735099 853201 146805 565424 804250 1145083 652688 699222 929262 473605 400924 665340 897737 1148796 924562 826504 904155 831923 776779 40622 450121 188192 416694 444069 387021 866077 776518 593682 958232 280149 62607 48852 895394 834985 455210 833396 209834 690530 365451 551533 1131986
828237 793070 718465 574528 385195 1046057 304010 602848 630482 790858 545881 697857 103955 792172 643056 874821 688701 953018 894135 634403 386887 803111 440678 499767 943724 1024750 534231 584761 959916 114723 972398 438843 632066 237078 307370 982821 867619 469447 359319 225480 415219 1083895 401896 278522 764582 387275 916616 682399 1052033 343583 907184 1014855 999999999 242484 383821 937246 390169 680596 826786 465928 679442 1061122 682322 314614 218345 834178 520159 359768 551549 645965 349625 165910 267468 92397 615618 496107 596557 389441 1055445 707626 859085 899382 742328 628277 257410 311192 592907 63381 742301 956687 1010537 332009 660899 904963 645842 827887 777492 781378 883324 159966
721117 820361 627364 345834 381868 943836 491315 581514 629225 755953 435082 644095 226296 723276 700231 931834 664969 808269 801299 463388 541298 696529 533070 616875 844806 889611 329113 364477 821704 256859 867983 258563 729594 452414 508586 911541 821728 249629 117231 467927 503984 939355 163593 519118 638871 351182 838312 631344 928662 468519 932610 904457 242484 999999999 413332 871517 228796 438394 641973 555376 436962 920179 473098 104226 460786 894632 296585 531582 433466 597931 301126 312974 508145 188738 373415 650812 354230 491968 943706 702964 780026 893384 555928 529245 38397 396542 388064 242515 659392 853259 911275 490756 783405 909083 403523 699836 851586 754977 913940 400766
498493 417765 383077 534230 55328 698526 292396 224347 246693 411347 276458 331682 282232 430549 286977 519709 307999 658781 545660 435634 249017 475147 149207 242842 597921 712735 442065 514136 656282 269659 630140 346046 326659 344364 330996 615102 490419 441532 464069 484999 124941 780371 535141 548164 464611 108300 555617 315500 724823 166815 532144 676170 383821 413332 999999999 567655 302919 728980 615151 163252 712621 754234 554553 371808 471465 481834 481333 277397 291115 279916 139523 233653 472637 311676 647643 322046 635601 138014 716187 323806 501290 515873 548377 317290 386140 100493 478800 320576 396112 614325 661911 234758 395568 522936 675547 523141 438535 399652 510572 467106
201206 343192 249370 739616 553516 177345 831932 344454 343999 171194 440421 239415 833336 148560 459914 457597 268319 324397 118221 503568 748255 215273 606248 643093 131169 297727 652829 696171 296438 828109 156147 644167 575751 902294 870108 48461 95000 724295 850984 1050823 611141 362262 910478 1113000 296413 551617 55442 255012 259245 698504 344449 192359 937246 871517 567655 999999999 651311 942679 503990 590945 914847 336541 630294 780349 1037219 461893 723717 792644 445768 291471 594737 800176 1032351 852306 875703 747766 876816 644465 216209 286102 98907 224395 520838 346204 833802 663943 631427 876343 214058 149984 148375 764508 658588 263046 888863 272800 503227 194640 359202 1034652
