NAME : synthetic_000060
TYPE : CTSP-D
DIMENSION : 100
GROUPS : 8
RELAXATION_LEVEL : 1
EDGE_WEIGHT_TYPE : EXPLICIT
EDGE_WEIGHT_FORMAT : FULL_MATRIX
EDGE_WEIGHT_SECTION
999999999 721501 255004 796843 512102 634118 741840 515014 303453 773564 799423 435648 328960 480625 758012 503831 207615 796198 353903 823701 726337 634740 385442 471311 465502 620613 348504 393087 626709 728600 296970 137244 516612 635336 285640 509211 770718 177528 630455 702469 353939 406735 864531 458553 262210 376546 773710 141430 609196 254236 442222 781667 93836 236331 432781 493306 482691 657838 605011 387394 432986 359973 219512 631184 296857 680115 37384 282116 245397 307490 512707 575365 607114 900657 709620 414506 531379 626251 534721 680295 711583 113060 340706 127520 287845 495003 219034 671588 146950 474840 697590 819310 636042 615413 607352 587637 160828 491228 755997 797482
721501 999999999 525504 217187 799905 495267 581322 439538 433592 71677 115813 411590 843191 621164 916169 705269 629178 910236 936856 152002 707326 794910 507117 393610 450588 742257 442210 820135 405988 340800 518229 776376 752603 520779 672279 407825 536476 544037 107661 406225 982077 442070 918589 676939 459710 1024544 216921 748057 1100878 770894 1060054 930814 691396 650390 1059247 564227 669837 458027 282587 844302 841422 936310 660085 514143 578599 383200 736998 957568 846343 425382 854185 1017222 916053 702491 967400 968372 194637 294296 1025395 938272 600775 609724 963273 631135 823757 1100992 537493 767961 575327 321901 257634 716983 954885 548966 555418 1151322 625039 352328 501914 867295
255004 525504 999999999 655069 650730 619246 739411 489802 226577 588605 623122 394072 535806 547756 875780 604241 103873 901549 588403 653526 775031 739817 403265 421792 448131 708527 313131 572102 576538 640126 319292 258470 634339 630613 169008 468300 745373 138885 455963 641931 601119 382467 954336 556416 134822 628345 636062 359926 829401 450007 689664 898282 287292 365426 681773 531159 572000 624230 505084 578150 609909 592738 136716 624484 367059 614219 286729 536350 477592 219193 673077 778065 765531 903896 858763 643505 331879 530775 750798 827000 723131 184646 586026 251594 303460 741221 41425 756922 166069 380980 583525 848604 800714 625799 621885 826587 108141 419492 721063 887069
796843 217187 655069 999999999 729281 367526 419066 370773 493519 161192 124878 393335 832596 550789 790295 629508 756568 773279 934500 103444 562688 687141 484865 361628 403990 632987 461594 787456 285783 170145 533268 881143 676174 392739 818236 349598 360710 628953 211402 248530 991004 428268 765425 614629 553477 1037814 25373 784520 1051811 775519 1058332 800843 743149 661776 1060994 490668 599385 320413 209885 816136 799177 931806 791224 387658 578492 237128 802712 988237 862121 490304 789688 960660 832564 511617 862910 952681 343580 199960 983116 837298 450042 684910 971927 684223 958087 1091564 654635 646237 652724 326293 121538 547617 869206 429078 438682 1122547 738644 326147 327841 723684
512102 799905 650730 729281 999999999 378089 410648 365823 470757 810229 808362 393369 237036 180766 247254 99840 674638 290228 320145 811649 303904 143057 306637 406707 349320 161525 401532 146413 445880 574674 349662 648419 54858 357942 768445 394624 474052 512577 693779 503466 391566 368711 366670 123390 539422 438029 704805 378637 327502 269702 414568 270909 420421 291449 425340 240477 131423 426553 533986 173076 120959 312130 701673 360226 288816 502302 481681 455291 336540 483153 62432 233501 122081 516435 208035 296476 689551 534756 268861 176299 364564 486984 377498 418474 799932 424739 611885 201466 491240 483274 608610 407284 160961 318839 307248 417708 621717 447769 483592 304049
634118 495267 619246 367526 378089 999999999 120665 129617 393406 482033 467598 225188 536237 216725 426479 280259 694751 415917 639825 461806 212779 319763 248676 199137 174971 265665 310362 468899 89414 201705 339096 756990 323276 25896 782801 152662 136639 520102 405057 126313 706289 240793 424655 280649 484781 755477 345156 560734 705591 505909 756793 439085 550885 422116 763322 165948 258262 49012 214689 500278 469438 634721 730472 20155 342657 130687 622888 732615 597650 400114 440427 611398 470489 284697 495425 641283 466043 200974 644251 470154 115566 544469 688218 506625 880474 779938 595970 280017 524247 262287 255144 244993 505709 62084 72619 790854 654438 213648 125904 372028
741840 581322 739411 419066 410648 120665 999999999 249621 513211 556292 533938 345391 605028 286829 384570 324716 813190 359434 705591 520857 150437 311908 358948 319800 292882 263693 428987 527308 189264 250728 451382 868547 357895 109740 902118 273295 69713 637179 501631 176297 775120 359093 346360 341865 604780 824164 400943 656850 730356 588660 815409 391278 655054 519558 823955 252956 315257 131907 313626 558931 519194 699354 848687 115383 445885 198127 727654 813222 678813 520219 471566 635180 477793 164660 476721 697212 576849 294052 678517 457206 46420 657625 758046 615056 996098 831869 715416 255098 639300 380725 326130 136122 507739 126860 135941 827809 771663 332835 94548 307052
515014 439538 489802 370773 365823 129617 249621 999999999 263797 444928 442625 95781 467824 185060 485951 268098 565448 488964 571394 447049 310006 358005 135488 73743 49541 307043 181310 417173 115529 238489 218056 633214 315671 141499 653202 33837 261231 391842 336764 192099 632418 112495 515631 246262 355234 680708 345603 456668 682654 420796 693765 503074 436867 320282 697801 125904 234401 143455 168367 446361 428443 567817 601266 135097 235777 174795 507287 644212 511542 270619 423855 593051 478150 414108 528332 584597 366551 171576 612716 498899 236369 419933 613589 387920 752882 724117 466362 339513 397836 149660 249322 365331 516643 144278 144191 751842 525884 101283 242535 454964
303453 433592 226577 493519 470757 393406 513211 263797 999999999 478159 500312 168426 431091 336806 673196 404918 303673 692815 514989 522663 551818 535666 185121 198413 221559 498145 87654 432878 357026 438383 121553 394993 442432 404166 389626 244205 522046 140543 334509 427109 553493 156073 738974 359572 91756 593925 470584 314628 714004 350403 635214 694564 259016 232606 632713 311008 369393 401253 307938 449627 464129 515834 339868 398100 186242 401040 311511 524060 417131 12496 507227 643980 592040 677815 674494 554970 260197 331249 634682 642398 496575 191439 535076 198551 497513 679742 202782 544023 159872 176281 397796 622487 630093 399438 395803 742799 268474 203756 499516 672730
773564 71677 588605 161192 810229 482033 556292 444928 478159 999999999 45053 432250 872646 629686 907851 713022 692476 897639 969318 81255 690473 792467 528992 409324 463453 738853 475244 842737 393109 307794 551571 835632 760595 507916 739210 415625 505321 596951 143740 380050 1018017 465016 899512 688799 513792 1061908 167383 790188 1119947 804260 1093306 921014 737175 684551 1093494 570831 678953 440461 278891 868471 861206 968143 724274 501718 608453 360542 786752 999414 883447 471171 866933 1033510 922873 665293 967185 997080 256797 284395 1046266 939156 580549 660853 999041 676711 889116 1132172 598012 760262 626675 346062 230697 690017 961179 539493 547166 1176913 685414 368205 471081 851863
799423 115813 623122 124878 808362 467598 533938 442625 500312 45053 999999999 439709 882856 627612 894056 709976 726919 881275 981243 36269 672315 782688 536151 414013 465612 728714 490009 848586 380054 283386 565873 866652 757469 493453 776668 415255 479610 624001 170105 358763 1032154 473504 879252 688473 542050 1076917 135886 809114 1122767 817274 1105485 906278 758764 698587 1106340 567982 676950 423786 274381 875245 865174 979653 759388 487587 620111 341813 810944 1017605 898699 494177 866388 1034736 918403 635166 958201 1006454 292582 275716 1050410 930932 560961 686406 1013104 698387 925017 1142895 630529 747376 652513 357129 212693 665781 956266 526855 535222 1183862 717589 373701 445844 833929
435648 411590 394072 393335 393369 225188 345391 95781 168426 432250 439709 999999999 443729 222491 551667 304857 471221 561661 543653 451728 397314 417248 96750 35819 60428 371047 89862 410545 193727 294906 145138 547049 350468 237084 558045 76979 354131 300112 304095 267902 598196 34936 596597 270112 259610 644680 368164 396448 689547 382526 667899 570773 365209 268783 669687 175689 267830 233855 184434 436266 430171 541554 507225 230779 185163 244626 432372 596089 468810 174927 444665 605708 513178 509825 577648 566827 300868 200193 614742 546595 331208 334195 579101 311163 661327 703829 371190 410413 309344 90386 278342 459265 552383 236391 234447 744811 433185 67491 332778 533165
328960 843191 535806 832596 237036 536237 605028 467824 431091 872646 882856 443729 999999999 321667 474794 286497 525369 522644 104101 895456 527049 379769 348568 472342 429219 390051 401232 90638 576338 705161 325954 454209 269910 523883 611577 484125 658374 403258 736530 648086 170570 409500 601906 263164 463106 219791 807225 188335 293992 86278 226087 497834 254576 198518 230040 370742 289917 578498 622977 68182 122996 100027 544049 523367 264705 637300 292684 219044 104056 442645 209726 247302 296633 734562 400791 125325 688578 633378 215026 375183 562305 351619 153102 284609 607104 260107 494383 435217 371151 526677 713000 630867 318926 489198 477797 311873 472899 510793 658493 540655
480625 621164 547756 550789 180766 216725 286829 185060 336806 629686 627612 222491 321667 999999999 337341 84149 596349 356178 424468 631253 245734 200059 152807 230237 171926 161643 254217 252203 271251 401871 228471 615056 131450 202603 690713 214290 336985 419425 515981 335820 492223 204309 406675 65230 420276 541451 526040 377725 501249 302065 540214 358237 388399 246121 547000 60174 49343 261820 353249 283554 254602 419024 628616 202512 191038 330285 460186 526450 391985 348181 239437 409908 294920 430793 355159 424567 523280 354542 434546 324128 247087 417457 474558 360604 755956 563362 513927 209190 409173 309716 429571 340443 333838 167546 156198 578334 547293 270448 336989 339319
758012 916169 875780 790295 247254 426479 384570 485951 673196 907851 894056 551667 474794 337341 999999999 271566 911029 55382 540396 887375 234156 137533 490134 550288 494050 180692 591556 386126 514815 620568 559477 894789 244803 400610 1005662 519734 453468 741114 818698 542001 608619 538862 139277 319374 753589 649836 769184 625859 433746 516548 607237 23676 665424 530691 621414 376027 304903 471012 633698 406989 351894 531351 940064 406544 508913 554112 728369 686165 577854 684810 265534 351316 193556 406583 119907 499473 849521 624269 416268 121915 344942 724330 598019 658070 1045552 599908 839241 148212 724190 631504 681477 299725 196062 368428 361175 552230 859023 585768 478469 103403
503831 705269 604241 629508 99840 280259 324716 268098 404918 713022 709976 304857 286497 84149 271566 999999999 642293 299581 383439 712566 242389 136265 227026 314152 255926 117143 327238 203692 346100 475180 288584 640846 47573 261325 737087 298070 384207 470169 600128 404799 454083 284132 361864 48091 482746 502657 605075 384343 426161 290016 490760 294050 409996 268773 499541 142209 37232 328261 435661 235079 194720 376695 672482 263069 237600 402854 478393 502634 372690 416871 161240 332830 210787 448065 274339 372499 604951 435634 364053 242772 280013 457265 437826 393743 787682 507715 567914 167957 454658 393105 508956 345480 249689 222666 210927 511275 591057 354523 390623 294344
207615 629178 103873 756568 674638 694751 813190 565448 303673 692476 726919 471221 525369 596349 911029 642293 999999999 941872 560525 757165 833893 778450 462979 502062 520346 753058 384410 576575 660464 733281 372267 165600 666393 703495 94798 547630 825336 178679 559410 729208 561143 454176 1000908 594279 216496 581513 737008 338541 813014 443429 649154 934193 271112 383189 639201 589049 613388 704766 598881 576938 616046 566237 36351 697818 406928 702359 244425 484459 450723 299163 687893 772467 782387 977721 880697 620080 435735 624053 736838 849717 792730 187655 548220 256760 201724 702140 104375 803069 187875 471004 680760 914360 815029 694248 689035 795215 53422 505358 803176 933134
796198 910236 901549 773279 290228 415917 359434 488964 692815 897639 881275 561661 522644 356178 55382 299581 941872 999999999 591867 872444 210825 163509 508027 556761 502467 194672 608846 432961 505266 603137 582979 933357 279718 390121 1036664 522752 426546 769124 815885 524930 660752 552108 84180 347620 776138 702680 753182 666987 488898 559750 661467 42306 702907 565208 675474 387724 329809 457619 627924 455381 400299 582919 971933 396549 536457 539592 767775 736303 624812 704050 314871 406683 247660 362894 174149 552575 855193 616380 471467 177289 323649 756494 649669 691825 1082862 654890 866159 151257 754223 637253 668727 260641 251404 361494 355731 607566 890554 590019 453982 56868
353903 936856 588403 934500 320145 639825 705591 571394 514989 969318 981243 543653 104101 424468 540396 383439 560525 591867 999999999 995004 619940 462193 449732 573380 531950 479658 494972 180063 680384 809034 418720 460404 360870 626989 638779 586931 760466 465190 831126 752184 71500 509051 674107 364324 534455 119293 909145 228497 259350 166077 124291 562298 301215 286639 126595 474576 390450 682418 724666 149386 199202 9389 573318 626644 361172 741352 316614 150133 110951 525826 278616 248190 350329 830111 450138 63401 774953 735791 191962 429355 662098 405182 57960 345550 608185 164865 547616 521592 430558 624223 815463 723966 362900 591790 580297 238276 510873 611031 761456 616793
823701 152002 653526 103444 811649 461806 520857 447049 522663 81255 36269 451728 895456 631253 887375 712566 757165 872444 995004 999999999 662422 779586 547397 424122 473396 725451 507144 857882 376142 270458 582345 894464 759866 487480 808837 421427 463739 649400 198160 347806 1047533 486085 867085 693305 568456 1092905 119927 828376 1129281 832122 1119294 898782 780051 714456 1120657 571245 680479 416364 279031 885211 872969 993101 790048 481933 634427 333347 834019 1036044 915094 517144 870612 1040097 919375 614670 955416 1018227 324516 276933 1058054 928817 550213 710645 1028449 719850 956093 1155548 659611 741769 677015 372493 207315 650570 956815 522252 531163 1193553 746334 384775 430592 823845
726337 707326 775031 562688 303904 212779 150437 310006 551818 690473 672315 397314 527049 245734 234156 242389 833893 210825 619940 662422 999999999 178437 372363 383117 337169 142603 464180 440425 301502 392594 461636 860684 259076 187988 927122 342064 219379 655305 617761 314637 691326 397922 211896 277377 641927 739000 542892 619020 603804 531240 718467 241087 633895 491222 729113 244979 250310 250205 427467 470584 422829 612503 867447 194960 434629 330579 705371 744581 615070 561343 358949 509862 345238 212787 330342 600269 672051 413205 560718 313535 112825 660295 675988 605780 1000282 727419 744865 115047 649135 458782 460352 104032 370794 167849 166078 709358 786849 409550 244586 161614
634740 794910 739817 687141 143057 319763 311908 358005 535666 792467 782688 417248 379769 200059 137533 136265 778450 163509 462193 779586 178437 999999999 352764 418415 361077 54175 454195 289260 403446 520867 422479 771983 118856 294959 873234 391347 380774 606335 694213 443533 533406 402776 230420 184354 616453 579106 664450 508688 425386 405227 550565 159102 541136 402213 562448 241818 167975 367761 514500 316094 263223 453958 808431 299697 373681 450443 607340 598303 477730 547277 187932 331459 167471 388610 175874 434163 716954 508217 383668 150580 266335 592987 519823 528511 920588 555048 703850 64449 590887 499704 572271 276531 195859 258064 248631 531673 727063 455552 398523 164642
385442 507117 403265 484865 306637 248676 358948 135488 185121 528992 536151 96750 348568 152807 490134 227026 462979 508027 449732 547397 372363 352764 999999999 123779 87855 313389 101431 313883 250989 370100 92825 509723 269179 250731 555422 141299 385283 284388 399470 327587 506613 65118 554126 185929 271803 553939 459527 321192 593775 291820 573738 511031 303455 185467 576163 127896 190118 274404 274986 339518 334319 447221 497279 246252 100482 309628 374900 511598 380767 196130 353986 511291 428302 521139 501040 470830 383047 287074 518453 469266 332987 298873 487574 257953 638576 608456 372507 358909 282193 185219 366660 451622 467400 234615 228133 648082 417792 162670 371351 487700
471311 393610 421792 361628 406707 199137 319800 73743 198413 409324 414013 35819 472342 230237 550288 314152 502062 556761 573380 424122 383117 418415 123779 999999999 58385 369832 124397 434574 159816 259142 180642 581724 360919 213671 587431 46650 323930 333195 287098 233000 629381 68763 586966 283494 288274 676287 336338 431392 710640 413966 697454 568463 400972 302136 699730 177483 277846 202943 151864 461357 451943 570951 538223 206998 217685 209231 468189 629712 501342 203701 460584 624849 524460 483409 583611 594309 299240 166034 637091 553129 309289 369176 610306 346975 694023 732177 400809 406058 343706 81316 244910 438657 563540 218012 217683 769921 465411 41385 301114 525139
465502 450588 448131 403990 349320 174971 292882 49541 221559 463453 465612 60428 429219 171926 494050 255926 520346 502467 531950 473396 337169 361077 87855 58385 999999999 313378 136138 384839 163963 282501 168535 584316 302832 183280 609376 54998 309083 345137 344618 240643 591062 66217 536286 226440 313312 638902 378627 408637 657229 377552 655257 512687 387491 273322 658543 119533 219792 192642 195607 412810 399721 528856 555917 177499 188293 221932 457788 599024 467432 229480 404180 570072 466414 457493 525320 548691 355907 204280 584920 494786 275024 371148 572108 338382 705608 687637 422837 351324 349767 138992 283826 401636 505454 178371 175566 720540 479504 98664 291483 473086
620613 742257 708527 632987 161525 265665 263693 307043 498145 738853 728714 371047 390051 161643 180692 117143 753058 194672 479658 725451 142603 54175 313389 369832 313378 999999999 414347 301420 349319 466919 389381 757482 120147 240959 847776 340647 331567 578012 642334 389770 551153 359099 247897 162322 581877 598316 610278 501162 467800 404021 576045 199825 526796 384952 586865 195515 140172 313776 461246 330720 281352 471966 784250 245621 346164 396351 595489 608902 482882 509379 216623 372873 214308 355367 230046 458000 669004 454514 420322 204517 217503 570164 536345 508465 903471 584884 673933 50997 565202 451113 518137 245760 245708 203910 194456 569504 702730 405899 347608 180102
348504 442210 313131 461594 401532 310362 428987 181310 87654 475244 490009 89862 401232 254217 591556 327238 384410 608846 494972 507144 464180 454195 101431 124397 136138 414347 999999999 385778 283575 380101 76368 457354 367815 319418 473249 166616 442219 210870 336156 357386 542808 69929 652816 284250 178629 587058 437120 323180 669268 329326 618591 612403 283533 209318 618418 224331 290671 322753 259530 407082 412333 494234 420110 313610 137490 333484 347734 529201 408731 97328 444097 592464 523612 593618 600318 526525 295314 279203 591411 568386 410454 244821 523817 226698 572145 658841 286806 459064 219497 135875 353629 535475 562397 312759 308754 710976 344634 143144 421911 586970
393087 820135 572102 787456 146413 468899 527308 417173 432878 842737 848586 410545 90638 252203 386126 203692 576575 432961 180063 857882 440425 289260 313883 434574 384839 301420 385778 999999999 518659 649246 316124 525099 181671 453916 666989 438263 584211 434357 712504 586731 251161 378486 511622 188828 481322 299356 762177 252708 283506 139155 289032 409383 308122 209935 296871 307184 213528 513804 580391 31691 39937 173101 599169 454254 250123 579028 359083 309121 191885 445164 123502 211667 215573 650091 319477 172402 680572 587560 205880 291894 483215 393247 235573 323175 678313 311266 531119 345506 406235 498634 666254 544448 243007 417283 405609 335716 523209 475108 587340 450068
626709 405988 576538 285783 445880 89414 189264 115529 357026 393109 380054 193727 576338 271251 514815 346100 660464 505266 680384 376142 301502 403446 250989 159816 163963 349319 283575 518659 999999999 130809 330681 740688 392022 115148 743967 117733 172530 493006 317515 76681 743332 220100 513150 336370 445069 792001 262219 572181 771390 533989 801253 527922 550982 435722 806189 212515 318255 57357 127054 549050 525006 676268 696732 108755 351306 60975 620666 758591 625243 361326 507204 678756 546846 342263 579276 689251 387633 111725 705767 552821 198322 527633 724675 500395 853691 828921 558126 367538 503069 200525 168828 323333 583423 146824 155231 849228 624915 157276 145138 461351
728600 340800 640126 170145 574674 201705 250728 238489 438383 307794 283386 294906 705161 401871 620568 475180 733281 603137 809034 270458 392594 520867 370100 259142 282501 466919 380101 649246 130809 999999999 439592 832564 520359 225974 809061 229087 197559 578834 279864 78567 870779 327065 596706 467048 517614 919147 150579 688637 901131 659148 930637 630834 660112 555343 935189 343319 448435 153159 135093 679504 655809 805182 769501 221532 470105 72399 726927 881523 749603 439500 636420 808005 671625 361770 696095 819433 386981 109375 836249 671417 280045 622971 851983 605655 932557 959128 628945 477508 594811 263248 84820 382658 707200 263790 274154 980006 704388 237758 163287 553739
296970 518229 319292 533268 349662 339096 451382 218056 121553 551571 565873 145138 325954 228471 559477 288584 372267 582979 418720 582345 461636 422479 92825 180642 168535 389381 76368 316124 330681 439592 999999999 417963 323509 342649 465592 214027 475253 193678 412429 406969 466559 112621 635110 241831 194179 511045 508461 252094 599207 252980 542256 581507 221043 132982 542050 216801 254591 360949 327265 335470 345355 418084 406024 337909 66187 385923 290003 455297 332876 134033 385740 525726 470666 613909 554591 451275 365355 344630 520594 522481 425810 206243 447552 169922 545755 582766 285766 437629 189539 210009 421671 543635 508622 327431 320935 636675 325920 208956 459381 567790
137244 776376 258470 881143 648419 756990 868547 633214 394993 835632 866652 547049 454209 615056 894789 640846 165600 933357 460404 894464 860684 771983 509723 581724 584316 757482 457354 525099 740688 832564 417963 999999999 653823 760395 200973 623169 892870 254690 696726 814724 443455 521720 1001748 595279 327901 453570 859561 272582 719727 386026 527333 918456 230968 372712 514950 623982 619069 776654 702927 516527 564729 467840 152677 755775 427768 790474 166981 353874 360235 395355 646499 696190 740334 1029576 843579 523477 581774 726158 649402 814768 840576 213336 434252 255659 153281 580650 239337 808473 238291 571274 791984 951806 767846 743161 735750 681615 152231 595583 875729 934660
516612 752603 634339 676174 54858 323276 357895 315671 442432 760595 757469 350468 269910 131450 244803 47573 666393 279718 360870 759866 259076 118856 269179 360919 302832 120147 367815 181671 392022 520359 323509 653823 999999999 303086 760966 345582 420348 498090 647274 448769 432277 328388 349268 83565 516774 479931 651839 389845 382333 287503 461767 268132 423218 286175 471669 189780 83075 371791 483183 211541 164625 353432 695272 305372 267661 447965 488741 488765 363542 454605 117283 288184 163589 470039 232576 343187 649693 482951 323217 200593 312095 479539 417076 413393 803146 474893 596845 166622 479962 439324 555860 363097 202627 263990 252393 471726 614274 401488 429208 283325
635336 520779 630613 392739 357942 25896 109740 141499 404166 507916 493453 237084 523883 202603 400610 261325 703495 390121 626989 487480 187988 294959 250731 213671 183280 240959 319418 453916 115148 225974 342649 760395 303086 999999999 792642 167979 139059 527456 429807 149377 694314 249496 399868 265123 495855 743544 370550 556772 685300 497293 742551 413189 550285 418372 749529 156252 241551 72818 239684 485461 452683 621609 738966 7173 341194 155669 622648 723808 588778 411476 420368 590793 447531 274238 470432 626264 487911 226531 625272 445472 96090 548783 676459 508097 886642 764348 606037 254293 529902 280889 280951 226018 482322 39226 50701 772560 661938 231743 134685 346567
285640 672279 169008 818236 768445 782801 902118 653202 389626 739210 776668 558045 611577 690713 1005662 737087 94798 1036664 638779 808837 927122 873234 555422 587431 609376 847776 473249 666989 743967 809061 465592 200973 760966 792642 999999999 633598 911357 271974 613877 810401 632446 543177 1095601 689076 299211 647876 800240 423380 894837 531741 719007 1028853 359420 477075 707789 682155 708157 790348 673993 665778 706689 645125 67839 786779 501620 782855 323009 548767 531012 383738 780216 858843 874885 1066776 973926 699937 484323 699729 820129 943107 883178 281726 621059 350059 157102 772380 186859 897732 282642 549771 751316 1006093 906951 784940 780117 869440 146826 587349 887948 1027836
509211 407825 468300 349598 394624 152662 273295 33837 244205 415625 415255 76979 484125 214290 519734 298070 547630 522752 586931 421427 342064 391347 141299 46650 54998 340647 166616 438263 117733 229087 214027 623169 345582 167979 633598 999999999 277843 377090 304180 193279 646008 102478 548739 273439 334554 693795 324258 459994 707953 432259 710185 536901 434955 326279 713522 156440 263451 157143 142565 466649 451766 583808 583715 161186 241031 171933 503909 652891 521840 249883 451545 619484 508663 436776 560930 603204 332944 149683 636713 531272 263920 410008 627045 383259 738302 742294 446863 373350 385886 116783 229070 393628 547351 175136 175990 773792 510088 67867 255877 488437
770718 536476 745373 360710 474052 136639 69713 261231 522046 505321 479610 354131 658374 336985 453468 384207 825336 426546 760466 463739 219379 380774 385283 323930 309083 331567 442219 584211 172530 197559 475253 892870 420348 139059 911357 277843 999999999 652989 465126 132610 828932 373722 407872 396267 612199 878136 344530 695655 796567 635464 873171 459498 687402 557158 881025 294771 370739 121145 284594 615902 578824 754650 861356 141796 478857 159700 759475 861669 726700 527620 535679 701347 545873 172963 546429 755596 552904 261700 742741 526780 114439 679984 811404 643213 1014106 891838 724683 324697 658815 372912 278856 186919 576454 169724 180857 891755 786834 328321 34564 372987
177528 544037 138885 628953 512577 520102 637179 391842 140543 596951 624001 300112 403258 419425 741114 470169 178679 769124 465190 649400 655305 606335 284388 333195 345137 578012 210870 434357 493006 578834 193678 254690 498090 527456 271974 377090 652989 999999999 454375 565062 487286 279489 825400 422107 84813 520345 606786 239495 697198 316983 574579 763906 168545 226649 568644 410406 439416 533607 448340 441762 471749 468496 212921 522012 232683 539713 195992 436451 356283 140677 534193 642052 626734 801353 720547 516528 354111 471779 617958 688875 615227 68411 470639 120006 361285 624165 99314 627459 35769 316738 537365 735929 661838 516636 511108 702830 134484 343093 632729 757746
630455 107661 455963 211402 693779 405057 501631 336764 334509 143740 170105 304095 736530 515981 818698 600128 559410 815885 831126 198160 617761 694213 399470 287098 344618 642334 336156 712504 317515 279864 412429 696726 647274 429807 613877 304180 465126 454375 999999999 332517 877769 334414 829657 570591 372032 920951 198723 647245 993240 665384 954662 834317 593516 545077 954240 460012 564316 372813 190548 736775 733783 830370 592630 422888 471831 306160 643151 856651 742525 327437 747410 909797 810851 636374 865051 861593 132652 207730 917735 835452 515621 517590 858877 533053 759042 994917 461453 670687 483509 214264 195871 637655 849812 454741 460159 1044026 548204 246024 431000 775425
702469 406225 641931 248530 503466 126313 176297 192099 427109 380050 358763 267902 648086 335820 542001 404799 729208 524930 752184 347806 314637 443533 327587 233000 240643 389770 357386 586731 76681 78567 406969 814724 448769 149377 810401 193279 132610 565062 332517 999999999 816246 295740 520501 400907 512888 865111 228279 648763 830822 608619 871909 552330 627498 512059 877406 279589 380414 77314 155331 617617 590382 747747 765553 145537 427822 29217 696970 833891 700119 430434 565650 736945 596685 304582 618376 758422 423552 130951 768066 594111 202475 602076 797723 576488 924609 897853 625904 399158 576654 261340 149883 311049 631666 188007 198853 913556 695579 223863 98611 476042
353939 982077 601119 991004 391566 706289 775120 632418 553493 1018017 1032154 598196 170570 492223 608619 454083 561143 660752 71500 1047533 691326 533406 506613 629381 591062 551153 542808 251161 743332 870779 466559 443455 432277 694314 632446 646008 828932 487286 877769 816246 999999999 563311 743455 433376 562360 49232 965719 248097 290725 215697 88608 630168 318991 333630 81359 540514 459865 747885 781210 220743 270608 79463 569546 693704 413476 804278 318063 99429 136362 563565 348882 299677 416944 901241 514521 113417 813361 793661 236044 495304 731996 422931 19098 370769 584584 141066 561522 593027 451710 675273 873271 795357 426687 659761 648366 238172 514554 665675 828961 686984
406735 442070 382467 428268 368711 240793 359093 112495 156073 465016 473504 34936 409500 204309 538862 284132 454176 552108 509051 486085 397922 402776 65118 68763 66217 359099 69929 378486 220100 327065 112621 521720 328388 249496 543177 102478 373722 279489 334414 295740 563311 999999999 591529 246310 247714 609757 403093 362651 658860 347630 633321 558758 333574 233972 634991 164419 246900 255356 219254 403596 399409 507042 489791 243711 150227 273846 401835 561392 433889 164560 417848 576329 489677 523710 558290 532961 321370 234545 583383 526852 340748 308393 544216 280965 640408 669604 356696 401118 285514 120220 313006 466428 528869 243374 239781 711911 413704 102366 354597 526747
864531 918589 954336 765425 366670 424655 346360 515631 738974 899512 879252 596597 601906 406675 139277 361864 1000908 84180 674107 867085 211896 230420 554126 586966 536286 247897 652816 511622 513150 596706 635110 1001748 349268 399868 1095601 548739 407872 825400 829657 520501 743455 591529 999999999 408912 825463 785884 747158 739051 571401 634409 745489 122396 770788 630522 759418 428560 387938 460695 639343 535314 480433 665243 1032146 406819 593984 538972 837589 817282 702987 749619 396087 490452 331730 312900 255802 636011 881031 624764 555542 261081 318975 817910 732003 755461 1149440 739061 920571 197948 813070 665291 668844 225760 335286 377722 374392 690688 950626 616604 438806 67798
458553 676939 556416 614629 123390 280649 341865 246262 359572 688799 688473 270112 263164 65230 319374 48091 594279 347620 364324 693305 277377 184354 185929 283494 226440 162322 284250 188828 336370 467048 241831 595279 83565 265123 689076 273439 396267 422107 570591 400907 433376 246310 408912 999999999 435818 482486 589752 342899 437190 254737 477704 341967 364792 222651 485079 124361 27600 326480 414540 220422 189476 358408 624580 265577 189599 395510 434159 474056 341335 371667 178140 346829 243408 476244 316103 361143 567630 417213 369583 284145 299406 409511 416206 346562 741198 499386 519940 213313 406604 359908 493218 378276 282614 228508 216860 513104 543129 324654 398572 341240
262210 459710 134822 553477 539422 484781 604780 355234 91756 513792 542050 259610 463106 420276 753589 482746 216496 776138 534455 568456 641927 616453 271803 288274 313312 581877 178629 481322 445069 517614 194179 327901 516774 495855 299211 334554 612199 84813 372032 512888 562360 247714 825463 435818 999999999 597836 532204 314629 754687 377748 648332 775534 246926 271845 643479 399295 448686 491154 383883 493237 516186 536875 252845 489756 250658 485912 280468 517244 428405 84730 569367 692497 658420 769335 746313 581881 269297 408668 674978 714247 588320 152455 545034 191624 414973 696456 113102 629087 118344 254754 468703 714021 695345 491082 487303 769821 187759 289131 588774 758672
376546 1024544 628345 1037814 438029 755477 824164 680708 593925 1061908 1076917 644680 219791 541451 649836 502657 581513 702680 119293 1092905 739000 579106 553939 676287 638902 598316 587058 299356 792001 919147 511045 453570 479931 743544 647876 693795 878136 520345 920951 865111 49232 609757 785884 482486 597836 999999999 1012564 283446 306803 262322 77469 670948 351901 378469 62672 589675 508909 796971 828152 268592 317178 126502 587096 742926 459645 852927 342259 99698 178469 603622 393197 329100 457004 949379 552083 150549 853028 841006 262262 534416 780934 454355 67398 406482 588384 128962 589673 639428 484590 720444 920553 843008 464111 708987 697589 235138 537186 712106 878192 730659
773710 216921 636062 25373 704805 345156 400943 345603 470584 167383 135886 368164 807225 526040 769184 605075 737008 753182 909145 119927 542892 664450 459527 336338 378627 610278 437120 762177 262219 150579 508461 859561 651839 370550 800240 324258 344530 606786 198723 228279 965719 403093 747158 589752 532204 1012564 999999999 759887 1026942 750259 1032968 780118 719081 636695 1035644 465895 574721 298583 184558 790823 774034 906443 771890 365308 553308 215263 779115 963297 836970 467650 765075 935941 808738 499454 840290 927318 329536 174644 958066 814421 430511 662022 946644 660320 938665 1066193 634589 624481 630049 302081 96539 531160 845527 406433 415852 1097321 718031 301044 311101 704196
141430 748057 359926 784520 378637 560734 656850 456668 314628 790188 809114 396448 188335 377725 625859 384343 338541 666987 228497 828376 619020 508688 321192 431392 408637 501162 323180 252708 572181 688637 252094 272582 389845 556772 423380 459994 695655 239495 647245 648763 248097 362651 739051 342899 314629 283446 759887 999999999 474862 113553 335095 649523 72747 138618 329403 403915 369240 592589 579359 245999 292471 232838 355981 553860 221028 630553 106450 209529 117882 323451 373957 435492 467762 807876 571026 284380 571326 596499 398309 542359 621280 177032 231210 123076 425689 384800 319120 551517 204114 459023 673764 717354 495667 530583 520986 466744 286865 461049 686355 673123
609196 1100878 829401 1051811 327502 705591 730356 682654 714004 1119947 1122767 689547 293992 501249 433746 426161 813014 488898 259350 1129281 603804 425386 593775 710640 657229 467800 669268 283506 771390 901131 599207 719727 382333 685300 894837 707953 796567 697198 993240 830822 290725 658860 571401 437190 754687 306803 1026942 474862 999999999 380236 235001 449008 545156 484426 251950 561246 453264 754013 850252 264393 259457 251910 828412 687686 533409 828882 571831 390151 363880 726113 265192 95219 259496 811900 315666 196292 964039 854080 79723 312988 683942 644894 293536 578542 867221 201073 787999 489095 665121 778978 930408 699397 241131 646137 634599 121408 761694 751843 808668 533191
254236 770894 450007 775519 269702 505909 588660 420796 350403 804260 817274 382526 86278 302065 516548 290016 443429 559750 166077 832122 531240 405227 291820 413966 377552 404021 329326 139155 533989 659148 252980 386026 287503 497293 531741 432259 635464 316983 665384 608619 215697 347630 634409 254737 377748 262322 750259 113553 380236 999999999 289280 540141 172488 120567 289249 341047 282272 544045 565830 134110 178939 166067 463945 495638 197817 594606 219944 226706 91815 361561 260857 329879 354339 730250 457818 205319 609789 578808 301128 429464 549075 266253 196599 198556 539200 330750 408584 453024 285003 460175 658307 632912 382132 466149 455440 393617 390467 449996 631173 569748
442222 1060054 689664 1058332 414568 756793 815409 693765 635214 1093306 1105485 667899 226087 540214 607237 490760 649154 661467 124291 1119294 718467 550565 573738 697454 655257 576045 618591 289032 801253 930637 542256 527333 461767 742551 719007 710185 873171 574579 954662 871909 88608 633321 745489 477704 648332 77469 1032968 335095 235001 289280 999999999 627164 406665 409676 16950 592904 502556 800676 848567 257360 297323 126531 656809 742681 485384 862142 406527 174793 220098 645687 362639 270198 413813 930872 502554 118595 895410 859338 201314 488150 770752 510858 104050 457057 664562 53407 649987 613199 539126 748428 938983 821784 415362 706212 694559 157731 602942 735254 876276 694070
781667 930814 898282 800843 270909 439085 391278 503074 694564 921014 906278 570773 497834 358237 23676 294050 934193 42306 562298 898782 241087 159102 511031 568463 512687 199825 612403 409383 527922 630834 581507 918456 268132 413189 1028853 536901 459498 763906 834317 552330 630168 558758 122396 341967 775534 670948 780118 649523 449008 540141 627164 999999999 689054 554132 641526 395333 326927 482657 648230 429944 374880 553213 963336 419313 531559 565443 752043 708540 601027 706109 288378 368701 214094 403541 133466 520472 867669 638074 434531 139829 353198 747602 619816 681475 1069190 618660 861904 163843 747234 649550 693590 299311 213971 382177 375410 568359 882252 603357 485626 97347
93836 691396 287292 743149 420421 550885 655054 436867 259016 737175 758764 365209 254576 388399 665424 409996 271112 702907 301215 780051 633895 541136 303455 400972 387491 526796 283533 308122 550982 660112 221043 230968 423218 550285 359420 434955 687402 168545 593516 627498 318991 333574 770788 364792 246926 351901 719081 72747 545156 172488 406665 689054 999999999 142964 400342 404197 389095 577815 543050 306396 347977 305454 291591 546540 209253 606887 72656 270640 190620 266326 424524 501423 519296 811866 620677 356473 509560 562300 467712 590796 623105 104443 302624 60465 380168 456911 246412 577766 132847 417036 637151 728062 549778 528240 519677 539477 218391 425937 674660 703693
236331 650390 365426 661776 291449 422116 519558 320282 232606 684551 698587 268783 198518 246121 530691 268773 383189 565208 286639 714456 491222 402213 185467 302136 273322 384952 209318 209935 435722 555343 132982 372712 286175 418372 477075 326279 557158 226649 545077 512059 333630 233972 630522 222651 271845 378469 636695 138618 484426 120567 409676 554132 142964 999999999 409185 266732 246403 454318 453211 221538 246054 286471 410523 415367 85254 494904 214157 327600 200833 244234 308114 420691 401504 673032 497962 322868 490488 468159 404749 466779 485218 195536 314608 127524 518927 451225 325140 435949 201614 341978 546929 586403 435858 392944 383618 510339 330298 335653 547747 563089
432781 1059247 681773 1060994 425340 763322 823955 697801 632713 1093494 1106340 669687 230040 547000 621414 499541 639201 675474 126595 1120657 729113 562448 576163 699730 658543 586865 618418 296871 806189 935189 542050 514950 471669 749529 707789 713522 881025 568644 954240 877406 81359 634991 759418 485079 643479 62672 1035644 329403 251950 289249 16950 641526 400342 409185 999999999 598868 510288 806757 851136 265186 307053 130013 646116 749510 486327 867130 397482 161508 216180 643004 374547 286221 427892 941284 517635 128865 892829 862373 217453 502766 779536 504223 98475 451944 650894 66323 642375 624752 533070 749212 942046 832621 430255 713510 701896 172782 593602 737125 883535 707391
493306 564227 531159 490668 240477 165948 252956 125904 311008 570831 567982 175689 370742 60174 376027 142209 589049 387724 474576 571245 244979 241818 127896 177483 119533 195515 224331 307184 212515 343319 216801 623982 189780 156252 682155 156440 294771 410406 460012 279589 540514 164419 428560 124361 399295 589675 465895 403915 561246 341047 592904 395333 404197 266732 598868 999999999 109243 207907 293607 338028 312491 469710 622803 154657 196562 272291 476837 567606 432574 321381 299571 470069 352371 407683 406401 478860 475196 294449 493914 376181 218971 418292 522375 368425 759074 618264 500198 236700 405237 258496 369413 328678 390974 126848 117074 636734 542491 216170 290326 363039
