NAME : synthetic_000379
TYPE : CTSP-D
DIMENSION : 100
GROUPS : 8
RELAXATION_LEVEL : 1
EDGE_WEIGHT_TYPE : EXPLICIT
EDGE_WEIGHT_FORMAT : FULL_MATRIX
EDGE_WEIGHT_SECTION
999999999 332304 138559 867185 821178 529070 287432 777980 806825 564395 194611 651789 1087215 678429 684350 656260 279416 550167 197009 1014272 866647 735224 213020 570247 710550 781972 836390 512730 489945 944771 129047 518723 355215 322748 797682 736880 394745 817536 398856 698397 1095559 236679 781693 183475 484101 872626 618420 810323 425520 720038 874780 791851 542902 382932 820657 457184 294747 516967 908847 1166520 145668 327704 366605 240037 269160 1093280 606298 773959 464271 446621 820357 733723 412127 310371 777259 1055222 714620 901771 817756 513257 645600 430695 295630 738885 226056 526945 644824 396353 109050 876839 94215 859101 571233 345785 86128 626470 734292 135225 966970 576991
332304 999999999 203811 543713 525870 550118 202931 554408 479770 353549 142644 415673 801795 444460 353545 340285 272251 371894 182104 716399 538171 416847 239864 480518 539633 479510 603327 182408 301442 648485 209435 190395 233731 129518 486827 432825 144448 564955 259447 369299 780815 105298 464755 333763 289231 625081 487552 495174 331285 488384 610198 460469 418640 187265 497687 163022 127156 194160 664993 866087 337049 36515 320394 270088 385909 797091 274006 678056 510886 230116 501104 401817 190041 201667 656462 756471 602116 599596 527020 462242 543722 323472 279192 471900 219190 218653 563317 281462 227445 593198 315207 541350 261638 290450 248814 438136 671843 197260 696847 447258
138559 203811 999999999 729692 717645 471944 235236 650409 683508 493177 61167 572971 950618 547598 550257 518161 263513 427729 65949 876284 730643 618210 194353 473239 594184 643501 707482 379177 363050 841413 11738 384011 233478 233560 659148 598343 297382 734492 277123 563106 957038 101271 665751 232606 355741 741213 510585 671943 392583 644681 786809 663548 434089 249325 700672 348208 157357 380557 778373 1028467 147164 193244 347778 152691 238227 955518 475784 681140 414922 366411 703005 600862 326738 185508 676550 917207 615075 794992 716546 426761 547461 392799 199643 603464 192375 388693 553339 280705 30640 779641 165335 742841 458072 243037 53188 503969 651997 35115 832207 468017
867185 543713 729692 999999999 464748 803698 706847 399324 272349 627900 672731 598864 342588 367438 202765 213227 778240 485228 681389 236785 54257 342646 770284 633330 512642 147322 387558 362942 482611 510339 738433 353511 583177 622631 106096 166633 567373 614568 557819 180230 245231 630606 349946 870217 476846 354383 572139 80261 754329 631978 602466 211345 570354 519710 310568 497630 582036 351103 381493 357172 825821 540853 784229 710665 808916 307248 294238 705507 811354 601881 338475 176978 594878 603558 651343 265623 640981 461622 482680 679720 635428 739714 676903 275803 747247 342382 674441 582063 758272 533352 858917 356521 420359 643287 781106 464380 756122 733577 317931 566078
821178 525870 717645 464748 999999999 1029125 550554 791011 192416 308922 659383 226740 804101 709850 355508 461910 597858 749592 707528 698573 413827 148797 633864 903166 861823 551850 804042 417908 702863 123883 719852 427139 719177 498582 518582 529361 426483 155045 722852 376145 662382 628532 118826 725920 690711 787488 871671 499919 491958 212561 138730 255663 830950 649778 155005 369462 641540 451545 822099 795127 860059 552321 550774 792770 909314 761283 335494 1050639 1006011 385584 127116 327385 412944 706151 1007315 722239 974082 84246 19201 916726 939961 477334 791256 655565 612873 493456 972855 751017 733892 79173 764101 122817 264795 786699 750987 775050 1076563 699424 777958 845179
529070 550118 471944 803698 1029125 999999999 693467 483661 912495 903654 487685 962550 846200 449164 721282 626614 733569 318707 423351 821178 835483 890420 665881 179007 355717 661647 539213 611266 337355 1141345 481161 602631 319284 658327 699347 637155 693819 1101147 307254 715702 947765 486031 935529 694059 347518 592561 253455 723978 850217 1034464 1137500 862747 233667 382762 945658 705285 424083 579384 611728 956693 383821 514319 814200 319811 260932 881301 700805 293928 67758 778767 960905 772981 737689 348820 325171 857344 271425 1086825 1035775 124092 218718 847203 282294 546322 661622 542965 189258 279672 488293 1105239 610230 1000700 775966 259901 496363 349230 229831 506974 711412 243339
287432 202931 235236 706847 550554 693467 999999999 757338 574406 277159 205971 365701 991989 647389 505172 521121 72624 568250 270927 901241 690278 489821 83335 659090 738149 666102 805993 351138 497287 672050 230090 364025 403218 85083 667002 619699 144938 531868 438881 526640 950862 211528 532094 179325 485845 826507 677260 670987 158170 432900 590822 576783 604310 376710 578818 218580 289973 376983 866613 1047367 375952 231681 124208 376905 473163 981866 414611 863672 641695 165601 572443 543271 139428 359074 847517 940211 790288 633795 544547 627638 727809 157618 411427 671738 63426 411992 742378 454856 233661 598940 215946 607716 327575 441963 240731 637640 848228 202561 893448 635427
777980 554408 650409 399324 791011 483661 757338 999999999 615740 823096 615976 837043 363039 110019 436055 332835 825829 231156 585194 342643 447714 643703 784433 306357 132712 258074 60776 455731 288137 870467 661999 440013 423063 680311 299761 265667 663868 916567 379870 414873 476181 581930 673889 864412 294736 110076 230557 325528 872655 894198 926229 551172 274813 403376 656271 623767 500110 415595 136940 473146 675645 527373 872356 550528 602220 398133 480919 310998 517140 736987 680818 466138 708517 467779 254759 376447 256292 816271 805102 374112 274013 861942 497425 136157 766785 367290 312053 386828 680467 868999 813943 711691 618970 447473 701282 158583 370708 672591 228044 250242
806825 479770 683508 272349 192416 912495 574406 615740 999999999 406946 622361 354140 612639 545438 195245 301088 636781 610346 656230 506915 221911 94355 652868 767696 699996 366810 622642 321364 575902 254727 688718 324123 623889 501861 330880 350260 431092 343334 616812 208385 479868 584355 80462 753063 565214 601884 725498 310538 568464 372615 330490 65651 696261 552127 40805 358820 571717 341881 634994 609578 812575 495536 614726 722674 836606 571577 220418 893489 900063 428030 67460 151721 438683 623146 846087 531791 819528 200768 210349 792969 793919 553042 708215 479621 629692 370881 829573 645081 706059 263076 769554 96238 246835 692174 726545 622284 927887 674122 586375 704839
564395 353549 493177 627900 308922 903654 277159 823096 406946 999999999 446220 91841 959914 719097 439519 509938 305946 695002 507816 857168 592309 312687 356716 824238 848016 647735 857019 368006 629985 419647 491240 383580 586451 260585 631114 608012 210396 256786 608207 466041 865943 430426 338329 436240 616880 860193 818801 623954 183969 155754 318518 438945 757351 532431 393334 209558 479943 408914 899956 984995 639985 389526 245671 610524 720449 932838 359435 1010664 863044 128342 376186 451377 169735 554990 980801 890505 932632 392271 297449 813137 880929 169857 629177 704854 339815 458512 905095 632282 499639 338819 490814 400574 214962 643880 510949 747410 1014226 465607 892752 782016
194611 142644 61167 672731 659383 487685 205971 615976 622361 446220 999999999 522492 903597 510192 490574 462465 249396 400885 65213 826177 672128 557613 187186 466009 570609 591602 671307 319162 332712 782982 67371 324554 213904 185821 605301 545868 243871 681726 255238 504069 902855 42131 605256 250297 323821 702050 494891 617068 363573 594856 732398 602536 419073 212714 639711 290073 115870 322356 740159 978013 201248 133417 326855 171571 275000 905971 414999 673612 435857 318117 642305 540721 277287 165871 663888 866973 603876 735914 658826 427469 538138 361616 206156 559334 177910 333636 548295 264790 86395 722763 200679 682248 398378 240534 108833 475927 651192 61861 788382 452184
651789 415673 572971 598864 226740 962550 365701 837043 354140 91841 522492 999999999 938413 737910 426279 511166 397560 731812 581546 833640 557720 263382 446615 869821 875591 639329 865339 391648 670751 331069 572012 406242 643329 339486 617309 603630 279704 166207 660427 452596 828244 502341 278205 527889 657637 862728 857058 606523 273679 72887 226863 396772 800564 583767 333309 257374 542712 432843 901494 952869 720133 450064 336712 681132 793848 906106 358555 1047409 926129 207308 312252 427011 246236 616406 1013503 864355 969033 307857 213096 865334 921667 260140 694749 711618 428877 482611 948507 686090 581829 248665 580707 330436 218339 704497 594558 777425 1057169 547332 883111 822659
1087215 801795 950618 342588 804101 846200 991989 363039 612639 959914 903597 938413 999999999 426729 520864 472493 1064574 575172 890298 105870 390771 685145 1041351 669394 491419 326316 307242 642694 613894 835067 961345 628897 746644 907309 332078 372413 865510 955909 707653 494521 195888 863590 691577 1134846 615647 253639 593534 336292 1067247 974146 940113 553585 634103 705263 649101 803517 793261 615017 238338 117680 1006923 786438 1087101 881142 950246 62642 606505 634250 879928 915816 677020 511607 900896 783947 577337 86281 601130 791276 822486 736728 632529 1053573 832938 349733 1020014 583275 668748 722035 981203 868868 1103309 689961 746494 786463 1003750 513027 706516 964919 135014 612056
678429 444460 547598 367438 709850 449164 647389 110019 545438 719097 510192 737910 426729 999999999 355530 248129 716065 149050 483250 380399 407971 561130 675581 272112 154686 220374 161348 351094 190856 798378 559044 335553 326535 570312 261400 208444 554852 827145 285073 337969 500515 474917 595641 757182 194983 194219 205734 287563 763269 797749 841774 483516 218775 298658 584908 516943 394481 310255 230783 525691 584801 417771 762376 458711 523517 449039 386995 349328 469415 629231 607488 393717 599875 368488 300667 419178 278408 743211 722608 328480 267991 752729 408312 97313 657618 261005 307036 296819 577977 788781 709551 641513 519623 360606 599370 100234 391724 568091 296227 205942
684350 353545 550257 202765 355508 721282 505172 436055 195245 439519 490574 426279 520864 355530 999999999 107686 576139 415388 510051 419389 186522 207661 571062 572844 509019 213266 452782 171631 383934 443900 557762 166300 446675 421547 192074 180566 364710 482733 433498 26576 447953 449106 240135 671802 373893 442425 530373 184596 553533 472857 490177 141465 501671 376019 232603 294928 415430 173477 479767 554594 662671 357191 581716 559097 668119 496955 91473 700882 712785 400928 253347 54324 392366 454149 655094 454445 625982 388489 369191 600307 598838 539157 536271 301482 547805 187684 634357 461183 576968 434044 666753 289450 225632 513550 599267 427900 733233 549194 456923 509662
656260 340285 518161 213227 461910 626614 521121 332835 301088 509938 462465 511166 472493 248129 107686 999999999 593731 313975 468443 380127 224523 313339 575690 471206 401350 146350 355187 170403 291127 551508 527248 157100 374954 436114 146912 101455 393156 583746 354044 93065 441362 420389 347589 672905 282662 351879 425101 155240 597147 564394 594974 242777 401192 308760 339422 333363 368896 146627 391078 527412 612795 332752 614727 499098 600730 460783 152753 593323 623768 447642 360813 151116 429725 391945 547411 419259 518706 496131 474979 503790 493348 583949 468068 201552 553470 129622 529534 380163 547212 540749 653543 396279 296855 438157 570136 321201 626835 523892 386577 406591
279416 272251 263513 778240 597858 733569 72624 825829 636781 305946 249396 397560 1064574 716065 576139 593731 999999999 631043 311287 973846 760560 549469 71042 713102 801634 738720 875476 423690 560245 716718 255693 436632 457857 157638 739543 692309 212911 562538 495976 598011 1022582 264503 589787 130336 549272 897113 736076 743350 146584 459347 624409 642804 661782 438383 638557 285996 347208 449559 937107 1119833 391094 298598 88147 413871 499283 1054462 485203 919610 678076 214537 630280 612976 198101 411609 906269 1012787 847790 681924 590095 676786 783710 153124 454431 742975 71999 484092 795964 509580 253569 639968 193137 663945 390604 489879 254116 702096 899995 228519 965490 693779
550167 371894 427729 485228 749592 318707 568250 231156 610346 695002 400885 731812 575172 149050 415388 313975 631043 999999999 361803 528517 516920 603427 580597 157503 170808 345079 291408 343941 70964 852386 439457 331041 195394 501288 381542 318607 504523 845950 151525 405948 644739 372117 644841 651130 82715 334436 125418 405777 703028 798578 871460 555481 87423 192804 646472 485485 287593 304531 366689 674689 444490 338577 690130 319503 375593 598042 414103 316012 328564 587157 664931 464090 551633 242385 287014 567692 237770 796905 759306 194624 191907 694783 266280 239620 565779 257931 223328 155869 456939 828294 592928 702956 521005 216526 476682 76421 328893 453129 443251 95627
197009 182104 65949 681389 707528 423351 270927 585194 656230 507816 65213 581546 890298 483250 510051 468443 311287 361803 999999999 818503 685923 597789 245961 410992 528336 588027 642610 341925 297487 830405 77685 344488 167614 248514 605997 543685 301868 738306 211200 520613 903675 80096 645833 295833 290458 677188 445830 620211 428709 654238 786976 630777 369378 186105 676634 340745 100133 337305 714007 970813 156391 160855 390849 106369 212698 897136 441901 619064 370774 379477 681452 562308 338208 119562 612741 859484 551651 781695 708188 368026 484575 426826 143194 541884 239322 339008 492114 215434 95374 773612 231270 721971 443678 181862 116177 438068 592862 94443 770089 403176
1014272 716399 876284 236785 698573 821178 901241 342643 506915 857168 826177 833640 105870 380399 419389 380127 973846 528517 818503 999999999 285010 579406 954496 642200 475354 236890 297352 550279 557089 732153 886585 537216 684689 816217 235123 283580 770868 850129 648511 393343 138542 785192 585743 1050160 556855 244342 568327 235782 969622 868561 834918 447716 597373 636567 543603 706691 719548 525580 246230 152314 943970 703941 992142 819597 897784 80761 506938 640828 847616 817520 571541 407331 804496 718172 583049 40989 596064 687365 716898 704981 616428 955672 774625 290815 932601 498185 654662 665942 906620 764006 1023879 585242 644764 730870 929441 475694 707750 887957 139840 579924
866647 538171 730643 54257 413827 835483 690278 447714 221911 592309 672128 557720 390771 407971 186522 224523 760560 516920 685923 285010 999999999 297589 757414 668611 556743 191231 438961 355776 507745 456354 738782 348368 599420 607285 148992 201143 548043 565138 577326 168873 273787 630202 300908 858256 500848 407384 610450 122704 727246 587169 550867 163893 603370 533100 259036 476345 587996 350092 435219 395150 834272 538968 760814 722937 825244 351320 275726 750855 839425 575685 286994 148570 572087 615888 697574 310772 684397 408053 432035 711406 675217 712346 692591 320050 734117 349105 713891 602766 758342 481004 852498 303402 390412 662032 780946 502348 798957 731930 371917 601539
735224 416847 618210 342646 148797 890420 489821 643703 94355 312687 557613 263382 685145 561130 207661 313339 549469 603427 597789 579406 297589 999999999 570205 758319 713033 410613 658951 281413 559555 251050 622305 288442 587394 421710 380437 384619 349311 279270 586713 229483 565394 522111 48118 669119 547756 645167 724461 364443 475274 289650 282574 134318 686098 516408 89112 279737 521060 311049 681013 691800 753665 437627 523129 673491 789403 648582 190641 902159 871287 337869 85141 185199 351850 579800 858565 607564 825806 196413 161674 775267 792888 459851 665539 508839 547383 349698 826368 615105 638543 227895 691453 124636 165044 655720 657940 626759 929204 605392 644874 699050
213020 239864 194353 770284 633864 665881 83335 784433 652868 356716 187186 446615 1041351 675581 571062 575690 71042 580597 245961 954496 757414 570205 999999999 653189 751361 717803 836428 408871 510505 755378 185963 420164 399985 152482 722581 671100 221780 612790 439998 590947 1012202 208912 613300 101410 500280 861484 680422 728836 213519 512254 672593 651791 605101 388159 658956 294497 293394 429233 900963 1103043 320095 259729 158770 346107 428683 1035254 482279 860712 609273 248875 653519 612407 222045 352503 850030 994232 790477 717044 627879 613603 725129 217937 388938 710393 23477 458079 735461 451324 182885 682022 134123 689372 406532 426829 183075 653664 837939 159238 936432 637822
570247 480518 473239 633330 903166 179007 659090 306357 767696 824238 466009 869821 669394 272112 572844 471206 713102 157503 410992 642200 668611 758319 653189 999999999 183393 488634 363528 490845 201830 1008199 484483 479296 255908 604787 527776 467975 622571 992981 222011 563392 769010 448996 800615 705831 214593 416044 76070 553120 806661 938914 1021822 712974 72236 293800 803573 616149 369374 453524 437680 778667 438535 444338 783297 331168 335433 703001 568065 208073 211869 707896 821640 621551 669318 301494 207132 678508 144409 952813 912140 72134 75354 800557 276856 369419 642868 409740 83365 204234 497903 981440 633472 859945 665798 230262 513027 171882 191326 505040 534401 67253
710550 539633 594184 512642 861823 355717 738149 132712 699996 848016 570609 875591 491419 154686 509019 401350 801634 170808 528336 475354 556743 713033 751361 183393 999999999 365934 184200 484089 241404 952519 605915 469359 360723 669127 408060 360618 667038 974372 317260 492210 608491 542748 748826 820526 252434 238188 108550 434462 869597 938589 991976 638201 172522 363585 739340 640311 458188 442812 256018 603814 593045 507400 859276 473018 504351 529533 533691 195200 394953 747266 761652 548287 713771 408942 146151 508933 128671 897253 874021 254711 141736 860705 417453 236958 736585 392986 179407 314912 622594 940921 759467 796007 658883 366416 641334 102083 244220 621146 357209 140690
781972 479510 643501 147322 551850 661647 666102 258074 366810 647735 591602 639329 326316 220374 213266 146350 738720 345079 588027 236890 191231 410613 717803 488634 365934 999999999 256767 316381 352363 619935 653466 302609 467154 581276 42240 46709 539505 689744 436054 187290 317597 550208 433030 813270 348714 235689 425632 68592 742973 685765 690054 301192 427996 411356 407605 479047 488149 289431 270542 387268 721369 467465 761070 600101 689281 317592 288547 559687 673459 592691 433734 225547 575822 495035 506353 277053 494015 567083 567715 538214 488318 729617 560165 128996 696023 261415 527402 457617 673547 627308 787994 461097 432809 521358 696474 318302 608999 653462 245061 421454
836390 603327 707482 387558 804042 539213 805993 60776 622642 857019 671307 865339 307242 161348 452782 355187 875476 291408 642610 297352 438961 658951 836428 363528 184200 256767 999999999 492481 346487 876461 719010 476710 481977 727235 295967 274689 706619 935508 439070 429625 434155 636252 685684 918530 352432 54341 287463 320123 916055 919577 941068 557194 335000 459264 663437 662415 555505 453608 76224 419966 735816 577862 918771 610484 662995 346352 506975 344532 575069 776825 689084 476774 750243 526024 286854 328249 299244 823279 819055 432464 325581 904821 557666 153781 818177 407058 362364 446812 737704 880861 870242 717522 648627 507876 758782 219348 410401 728783 173107 309562
512730 182408 379177 362942 417908 611266 351138 455731 321364 368006 319162 391648 642694 351094 171631 170403 423690 343941 341925 550279 355776 281413 408871 490845 484089 316381 492481 999999999 289022 531151 386443 15774 306298 266061 315865 270548 224045 502609 305744 186903 603397 277920 328148 507926 276336 501067 469237 320454 431087 456112 531334 289691 419267 235066 347507 170563 251803 41327 541446 696329 496791 185937 445209 401570 515242 630836 101559 657588 590075 285721 357913 221695 263145 302066 622163 589107 579269 477303 424993 499507 535653 418562 387457 343536 386170 91265 565298 334076 405531 494527 496994 398775 177195 374727 427748 385851 672441 377564 551629 437608
489945 301442 363050 482611 702863 337355 497287 288137 575902 629985 332712 670751 613894 190856 383934 291127 560245 70964 297487 557089 507745 559555 510505 201830 241404 352363 346487 289022 999999999 810318 374710 277606 135898 430697 384029 318352 435926 791231 94294 378661 664147 302503 603087 582952 13137 384415 189181 405994 632706 738916 820135 525398 130554 122363 609936 420536 218214 252042 419572 706939 394212 267809 619214 268110 340990 630736 368915 381212 332816 519380 626329 435718 483085 179648 355724 597391 303692 755195 711354 217134 251294 624663 219060 266825 495354 209869 277957 108884 392856 780776 527542 665572 464236 173802 413394 143456 386427 386770 485956 152221
944771 648485 841413 510339 123883 1141345 672050 870467 254727 419647 782982 331069 835067 798378 443900 551508 716718 852386 830405 732153 456354 251050 755378 1008199 952519 619935 876461 531151 810318 999999999 843685 538936 835757 622073 582443 604944 550177 202744 836882 460409 673030 751691 207590 845765 798615 853641 971662 560458 603568 296015 146357 319584 936047 765410 214285 493205 762188 561969 885333 808605 983464 674065 664798 913992 1030516 785828 441519 1144782 1121169 506570 190890 405480 535444 825074 1098664 749977 1069705 55565 127564 1026280 1040214 589500 910544 734347 734756 600545 1074564 865225 857768 85339 886481 158988 386906 903769 874865 871192 1175738 823305 828252 947880
129047 209435 11738 738433 719852 481161 230090 661999 688718 491240 67371 572012 961345 559044 557762 527248 255693 439457 77685 886585 738782 622305 185963 484483 605915 653466 719010 386443 374710 843685 999999999 391630 245212 232547 668724 608191 297893 734215 288860 570978 966575 108702 669712 221448 367356 752593 522177 681278 386787 643458 787142 669710 445680 260666 705313 350610 168131 388772 789810 1038728 148775 200574 340704 162482 244544 965912 482333 692330 423521 365071 707215 608049 325839 197245 687998 927493 626471 797696 718444 437518 558786 387411 210359 614445 185063 397901 564420 292378 20084 781078 153597 746903 461369 254241 43039 515690 662745 27684 843253 479623
518723 190395 384011 353511 427139 602631 364025 440013 324123 383580 324554 406242 628897 335553 166300 157100 436632 331041 344488 537216 348368 288442 420164 479296 469359 302609 476710 15774 277606 538936 391630 999999999 300936 279014 303268 256555 238774 515003 298294 179732 592624 282936 334596 518658 265066 485425 456179 308689 446290 470179 542539 289536 407508 229330 351674 186235 252164 26763 525814 683905 498419 191140 459645 400338 513054 617851 103719 643937 582918 301343 363170 217861 278380 299143 607980 576249 565664 484734 434748 489646 522896 433849 384095 327865 397633 76374 552992 326696 410937 504276 505546 403891 190801 369397 433346 371533 659792 383759 536743 425154
355215 233731 233478 583177 719177 319284 403218 423063 623889 586451 213904 643329 746644 326535 446675 374954 457857 195394 167614 684689 599420 587394 399985 255908 360723 467154 481977 306298 135898 835757 245212 300936 999999999 351896 493196 427481 378178 783052 43894 449010 784077 193394 634384 461414 131826 520301 280997 512063 552309 715184 821496 583628 205218 71763 652520 386016 114063 282009 555409 835991 260304 197328 527424 134960 225941 760387 404196 461753 287719 463834 663987 500969 423534 48525 450119 725425 390535 782576 724273 229204 325857 546871 93773 397392 388355 259023 339165 51758 262136 793288 398795 704767 460248 68465 281476 271813 445362 260837 620509 238283
322748 129518 233560 622631 498582 658327 85083 680311 501861 260585 185821 339486 907309 570312 421547 436114 157638 501288 248514 816217 607285 421710 152482 604787 669127 581276 727235 266061 430697 622073 232547 279014 351896 999999999 581923 534939 73097 502023 382776 442533 866287 174038 466257 253832 418589 745813 615682 585947 202670 411122 556147 499353 545355 314165 509793 143048 238357 292442 786079 962287 380716 163149 192128 353142 460614 896826 331601 805252 612210 132967 506036 461146 93294 312527 785115 855150 729976 579713 495008 580702 670206 195851 377694 590060 129023 328829 688026 402217 242913 554550 269975 543173 256863 400068 256998 567559 795776 208233 810078 574864
797682 486827 659148 106096 518582 699347 667002 299761 330880 631114 605301 617309 332078 261400 192074 146912 739543 381542 605997 235123 148992 380437 722581 527776 408060 42240 295967 315865 384029 582443 668724 303268 493196 581923 999999999 66034 535745 659614 464324 165504 297909 563463 399874 819772 379408 271281 466063 26403 735446 660651 657182 265281 465741 434110 371547 472014 505864 293520 304149 380662 743713 477804 757054 624430 717285 315336 274713 601914 709122 583794 398189 195632 569686 518247 548588 273387 536034 530222 534953 575573 529378 721674 586773 171172 700321 271967 568368 487077 688789 592906 798938 423989 416494 549945 711755 358364 650916 667057 266397 460528
736880 432825 598343 166633 529361 637155 619699 265667 350260 608012 545868 603630 372413 208444 180566 101455 692309 318607 543685 283580 201143 384619 671100 467975 360618 46709 274689 270548 318352 604944 608191 256555 427481 534939 66034 999999999 494121 662337 398310 156079 360327 504349 411091 766582 313530 261872 409352 87868 698596 652765 666445 285521 403987 369327 390889 434815 443646 242881 299287 433720 679245 421034 715593 559206 651318 364293 248668 555784 645025 549002 415827 202221 531122 453352 504606 323683 486581 550952 544381 513141 474468 685403 520978 129846 649335 214865 512995 421050 628274 606342 741745 446086 393537 483923 651221 301247 600168 607726 285783 400798
394745 144448 297382 567373 426483 693819 144938 663868 431092 210396 243871 279704 865510 554852 364710 393156 212911 504523 301868 770868 548043 349311 221780 622571 667038 539505 706619 224045 435926 550177 297893 238774 378178 73097 535745 494121 999999999 437877 402851 387452 812361 222684 393471 322171 423127 720232 624636 537163 209527 352458 489429 431868 558556 328798 437717 73642 269804 257238 760697 913826 443811 180876 221592 402009 514163 850949 273358 816345 652649 85747 433369 400180 47161 345004 791379 808807 739354 507128 423466 606494 683449 198228 418869 562779 198646 300326 704823 425577 310154 484262 342919 470268 184915 433928 325885 564972 813731 275385 775505 585641
817536 564955 734492 614568 155045 1101147 531868 916567 343334 256786 681726 166207 955909 827145 482733 583746 562538 845950 738306 850129 565138 279270 612790 992981 974372 689744 935508 502609 791231 202744 734215 515003 783052 502023 659614 662337 437877 999999999 794714 506330 817337 658343 264622 692716 778402 923721 970854 643068 432329 106017 65790 403404 921691 718540 308244 402097 690041 541431 959957 949792 881383 597121 497259 834351 949007 914577 440786 1156652 1069807 371630 280736 464459 408921 761288 1117479 875040 1078737 204906 135902 996782 1037848 419965 842938 783589 595075 588622 1067895 821756 744933 119853 746895 277324 327508 847418 758501 881523 1174781 710253 923188 940132
398856 259447 277123 557819 722852 307254 438881 379870 616812 608207 255238 660427 707653 285073 433498 354044 495976 151525 211200 648511 577326 586713 439998 222011 317260 436054 439070 305744 94294 836882 288860 298294 43894 382776 464324 398310 402851 794714 999999999 433334 751497 231809 632837 503983 92090 478264 240475 484417 584752 731434 830282 572935 165821 76688 647365 403486 149096 276733 512903 799153 299932 223044 562938 173841 253238 723201 399506 424794 284653 488535 660504 487409 449161 91694 410418 689058 351885 782907 729056 205194 288962 578556 126115 359421 427442 246896 305272 28418 305932 798445 442458 700952 468813 85650 325357 227941 413100 303940 580200 197966
698397 369299 563106 180230 376145 715702 526640 414873 208385 466041 504069 452596 494521 337969 26576 93065 598011 405948 520613 393343 168873 229483 590947 563392 492210 187290 429625 186903 378661 460409 570978 179732 449010 442533 165504 156079 387452 506330 433334 999999999 424924 462290 259313 691316 369232 417850 518158 158229 578481 498526 511965 149822 492876 379306 247233 318614 424385 183347 454847 529606 671659 370718 605588 565182 672356 471203 115320 685235 709675 425914 269520 58194 416331 459260 638360 428693 611143 405267 390407 593729 586413 564198 539965 279517 567800 190716 622561 460590 590403 454188 683728 304007 251993 514973 612897 414111 719779 563485 430535 499216
1095559 780815 957038 245231 662382 947765 950862 476181 479868 865943 902855 828244 195888 500515 447953 441362 1022582 644739 903675 138542 273787 565394 1012202 769010 608491 317597 434155 603397 664147 673030 966575 592624 784077 866287 297909 360327 812361 817337 751497 424924 999999999 860920 560209 1111241 661995 381921 696845 286139 998787 852284 791998 431477 719290 728923 510568 742855 803558 586659 384759 135681 1038950 774098 1029439 917526 1004189 133861 539422 778405 969907 846539 537377 419607 840095 812632 720644 119571 731527 635118 681469 828726 748336 984061 876584 405359 989394 569240 787056 771668 986632 718402 1094859 541567 663170 836129 1009598 599157 844236 964528 277470 704774
236679 105298 101271 630606 628532 486031 211528 581930 584355 430426 42131 502341 863590 474917 449106 420389 264503 372117 80096 785192 630202 522111 208912 448996 542748 550208 636252 277920 302503 751691 108702 282936 193394 174038 563463 504349 222684 658343 231809 462290 860920 999999999 569988 282482 292757 665492 472235 575065 365272 575130 706881 562831 397485 180565 602860 260876 84565 280322 703996 936890 232222 91983 335399 180121 291513 865129 374744 655134 438400 302213 606402 499598 260713 147857 642224 825939 583394 703558 628845 416113 519220 361556 204240 520754 195652 291680 532073 245141 128144 693940 239765 646636 365453 230864 150768 445933 637165 103609 749668 429770
781693 464755 665751 349946 118826 935529 532094 673889 80462 338329 605256 278205 691577 595641 240135 347589 589787 644841 645833 585743 300908 48118 613300 800615 748826 433030 685684 328148 603087 207590 669712 334596 634384 466257 399874 411091 393471 264622 632837 259313 560209 569988 999999999 711378 591499 668682 764557 381541 508356 292695 257309 138878 728472 563213 55358 325245 569105 356526 703279 690033 801651 485727 559055 721528 837388 651468 234786 939652 917486 376421 40494 208910 393233 627462 894779 611421 863939 152217 135123 819429 833088 492986 713201 538099 590695 393523 867198 661248 685793 195292 736219 77411 210618 702771 705013 665074 968917 652490 660404 740365
183475 333763 232606 870217 725920 694059 179325 864412 753063 436240 250297 527889 1134846 757182 671802 672905 130336 651130 295833 1050160 858256 669119 101410 705831 820526 813270 918530 507926 582952 845765 221448 518658 461414 253832 819772 766582 322171 692716 503983 691316 1111241 282482 711378 999999999 573884 946638 741435 826930 269397 589150 754730 753010 665050 462210 758087 395312 365246 526280 985512 1199651 320633 348864 204372 381231 441032 1130853 583402 913746 632489 340657 751744 713632 318342 412890 908554 1090202 847339 809736 718765 658466 779943 278530 431417 798717 124886 552264 785863 510754 209403 769785 89530 786840 506370 475643 198160 726220 883576 201392 1026479 698734
484101 289231 355741 476846 690711 347518 485845 294736 565214 616880 323821 657637 615647 194983 373893 282662 549272 82715 290458 556855 500848 547756 500280 214593 252434 348714 352432 276336 13137 798615 367356 265066 131826 418589 379408 313530 423127 778402 92090 369232 661995 292757 591499 573884 999999999 389068 202198 400906 620435 725839 807549 515336 143510 112238 598961 407420 208764 239632 424813 707242 391522 255868 607497 265561 342324 631218 357128 394232 341130 506468 615094 426018 470283 173782 368379 597316 316648 743548 699083 228202 264430 612295 218014 267368 484840 198073 291027 109719 385744 768529 519769 654461 451330 174451 406560 153385 399536 378709 488764 165357
872626 625081 741213 354383 787488 592561 826507 110076 601884 860193 702050 862728 253639 194219 442425 351879 897113 334436 677188 244342 407384 645167 861484 416044 238188 235689 54341 501067 384415 853641 752593 485425 520301 745813 271281 261872 720232 923721 478264 417850 381921 665492 668682 946638 389068 999999999 340078 293393 929626 913904 925571 536235 384261 491943 642620 671626 586825 464009 40467 365721 777142 601843 936045 651257 708865 292010 504613 396546 627127 786767 669034 460658 762457 562691 338772 274333 353275 801502 803243 484162 379738 917803 599578 157655 842412 420004 416650 488138 771675 862975 902165 695269 648516 550583 793225 265684 463721 760834 119039 360269
618420 487552 510585 572139 871671 253455 677260 230557 725498 818801 494891 857058 593534 205734 530373 425101 736076 125418 445830 568327 610450 724461 680422 76070 108550 425632 287463 469237 189181 971662 522177 456179 280997 615682 466063 409352 624636 970854 240475 518158 696845 472235 764557 741435 202198 340078 999999999 491961 818319 923978 995339 667837 76497 301710 762871 609257 388869 429589 361660 703315 494012 452650 800787 378573 399284 627853 536605 192034 287843 708433 782621 576197 671792 329260 170292 604102 114740 916100 881939 146365 68557 810925 322842 302089 667885 382348 104708 230731 537402 950616 674439 819659 646360 272742 554528 108106 204928 540148 458574 42733
810323 495174 671943 80261 499919 723978 670987 325528 310538 623954 617068 606523 336292 287563 184596 155240 743350 405777 620211 235782 122704 364443 728836 553120 434462 68592 320123 320454 405994 560458 681278 308689 512063 585947 26403 87868 537163 643068 484417 158229 286139 575065 381541 826930 400906 293393 491961 999999999 734020 647653 638642 245208 490489 451365 350990 471584 520153 301089 325002 376793 760201 487959 757819 642160 736915 314708 271158 628278 732756 581805 377986 181237 569502 535545 574879 272310 562432 508780 516645 600085 555504 720006 605791 197564 706322 283470 594456 507744 701301 573292 808781 402480 410211 570065 724256 384150 677298 678649 280462 485866
425520 331285 392583 754329 491958 850217 158170 872655 568464 183969 363573 273679 1067247 763269 553533 597147 146584 703028 428709 969622 727246 475274 213519 806661 869597 742973 916055 431087 632706 603568 386787 446290 552309 202670 735446 698596 209527 432329 584752 578481 998787 365272 508356 269397 620435 929626 818319 734020 999999999 326677 496618 588563 747954 516835 561604 263935 438255 466044 970092 1108067 529863 365690 65921 534877 630785 1048693 463418 1007881 799427 152606 547995 579412 167951 510624 987618 1006250 932644 575711 481086 779832 872728 15424 567928 772091 205400 509826 889985 603265 388585 522193 339555 576399 337416 595990 392913 767679 997307 359114 982315 777535
720038 488384 644681 631978 212561 1034464 432900 894198 372615 155754 594856 72887 974146 797749 472857 564394 459347 798578 654238 868561 587169 289650 512254 938914 938589 685765 919577 456112 738916 296015 643458 470179 715184 411122 660651 652765 352458 106017 731434 498526 852284 575130 292695 589150 725839 913904 923978 647653 326677 999999999 171303 423489 869117 654747 345125 329189 615358 496928 951937 980606 791831 522615 391870 754008 866621 938231 413373 1113468 998615 278391 320551 466465 318060 688873 1078158 897170 1035105 284358 195213 936059 989254 314569 767516 765876 495554 546270 1016866 757364 652829 210706 646284 330062 279738 776809 665012 841670 1125242 618465 927035 890406
874780 610198 786809 602466 138730 1137500 590822 926229 330490 318518 732398 226863 940113 841774 490177 594974 624409 871460 786976 834918 550867 282574 672593 1021822 991976 690054 941068 531334 820135 146357 787142 542539 821496 556147 657182 666445 489429 65790 830282 511965 791998 706881 257309 754730 807549 925571 995339 638642 496618 171303 999999999 394289 949954 754933 291933 447386 733208 568340 960462 926192 933092 640872 561179 880283 995858 895656 459794 1178036 1109124 428159 264001 465029 463780 802643 1136605 857333 1100709 161602 122339 1029755 1063085 483965 885748 791403 654211 613563 1094524 857847 798700 74230 806508 251274 361590 887212 813140 902187 1200082 763926 916559 966538
791851 460469 663548 211345 255663 862747 576783 551172 65651 438945 602536 396772 553585 483516 141465 242777 642804 555481 630777 447716 163893 134318 651791 712974 638201 301192 557194 289691 525398 319584 669710 289536 583628 499353 265281 285521 431868 403404 572935 149822 431477 562831 138878 753010 515336 536235 667837 245208 588563 423489 394289 999999999 642197 512209 106421 358252 541355 303560 569419 557492 786248 471826 629621 689732 801541 515211 188878 832388 853705 441712 132914 91664 446333 587174 784104 474561 759248 266087 272983 741681 736012 573262 671037 415168 628353 326080 772307 600882 687904 328096 761853 160622 254366 651287 709235 563232 868857 657386 522296 649000
542902 418640 434089 570354 830950 233667 604310 274813 696261 757351 419073 800564 634103 218775 501671 401192 661782 87423 369378 597373 603370 686098 605101 72236 172522 427996 335000 419267 130554 936047 445680 407508 205218 545355 465741 403987 558556 921691 165821 492876 719290 397485 728472 665050 143510 384261 76497 490489 747954 869117 949954 642197 999999999 231468 731881 548459 314854 381614 411087 739119 421205 383033 728205 303451 332716 662694 495830 259957 250695 643322 749731 550956 605575 253266 244930 635241 186082 880678 839971 110497 125089 741099 247661 314914 593022 337548 148026 154503 460929 909253 597988 788170 594784 197127 478147 121917 257019 463726 499649 34146
382932 187265 249325 519710 649778 382762 376710 403376 552127 532431 212714 583767 705263 298658 376019 308760 438383 192804 186105 636567 533100 516408 388159 293800 363585 411356 459264 235066 122363 765410 260666 229330 71763 314165 434110 369327 328798 718540 76688 379306 728923 180565 563213 462210 112238 491943 301710 451365 516835 654747 754933 512209 231468 999999999 580820 326936 96995 210249 529315 788746 310033 151565 499628 191016 293238 714218 332471 491180 356233 414225 592472 430343 375518 84183 471581 677534 415836 711957 655390 281677 356518 509754 160674 356158 373026 188710 376289 103219 279847 724619 410987 633215 393343 140141 301628 265566 485043 269522 584040 260703
820657 497687 700672 310568 155005 945658 578818 656271 40805 393334 639711 333309 649101 584908 232603 339422 638557 646472 676634 543603 259036 89112 658956 803573 739340 407605 663437 347507 609936 214285 705313 351674 652520 509793 371547 390889 437717 308244 647365 247233 510568 602860 55358 758087 598961 642620 762871 350990 561604 345125 291933 106421 731881 580820 999999999 367241 595210 371059 675617 641987 832982 515799 610984 747044 861887 606531 248378 932449 931428 426578 27958 191400 440961 649483 885474 567313 858119 160067 173498 827063 831367 546203 734953 520130 636060 402932 866681 675731 722092 223302 779172 56866 252935 720956 742010 660404 965826 689457 625907 741335
457184 163022 348208 497630 369462 705285 218580 623767 358820 209558 290073 257374 803517 516943 294928 333363 285996 485485 340745 706691 476345 279737 294497 616149 640311 479047 662415 170563 420536 493205 350610 186235 386016 143048 472014 434815 73642 402097 403486 318614 742855 260876 325245 395312 407420 671626 609257 471584 263935 329189 447386 358252 548459 326936 367241 999999999 288161 208818 711998 847313 491093 195151 286985 432987 548473 786208 203503 801106 670053 115277 364546 328049 97946 360473 771557 743862 723079 447177 368759 608611 671639 250602 441031 514096 271192 256478 696385 428868 365145 433170 411932 402542 114725 447912 383035 539130 805464 330956 719222 572655
