NAME : synthetic_000506
TYPE : CTSP-D
DIMENSION : 100
GROUPS : 8
RELAXATION_LEVEL : 1
EDGE_WEIGHT_TYPE : EXPLICIT
EDGE_WEIGHT_FORMAT : FULL_MATRIX
EDGE_WEIGHT_SECTION
999999999 780051 921574 824672 144186 240125 464491 969672 854968 413837 644797 561387 598999 183429 705820 809541 1108707 676134 710513 888844 314541 617886 271917 293810 645953 929874 916607 362310 547712 563154 690390 127390 351135 323032 101115 295627 947122 503524 747725 205718 885886 439265 1111746 484190 525229 346881 855529 928325 712907 672108 272552 623926 563054 966596 731940 821439 269276 746201 664605 735598 507374 697586 614254 88168 845185 538869 1125879 297346 700205 584485 116733 816790 307532 640903 998487 821372 608652 1041542 740516 847582 887464 699187 548989 912322 747633 785862 692984 888595 841128 476020 645559 581231 153257 828387 157616 198975 452072 624210 153220 553216
780051 999999999 178389 177472 733288 871678 453494 283147 143654 547182 183353 426574 373781 795434 483373 224796 329883 274193 556808 370470 466827 625346 549628 734222 661618 297606 142779 529252 362568 320064 634915 663668 507395 631470 841629 556612 182206 278549 486816 647355 225807 444337 359760 327588 332884 526819 418033 609259 82793 524031 730458 554351 360013 264813 618147 88168 831689 719570 238272 172533 511385 186307 724613 766140 583136 301283 346406 497454 685892 195794 670198 408287 619936 486489 303918 547515 667106 288397 45456 268045 419095 431843 426816 663056 35092 32240 216355 283353 102958 308620 180619 607994 820339 368464 665255 708449 647709 657516 793078 298398
921574 178389 999999999 122720 855440 1035136 630276 118130 69423 626568 279098 604779 415760 956614 472435 368703 211537 447999 545483 498481 616379 644159 711316 904578 837359 396222 162985 701192 540853 394364 633183 798988 612718 725340 992046 722802 200062 421134 651321 808469 107561 619207 191420 497732 421856 629087 559969 752127 260718 525011 899386 570907 538401 327166 787692 219880 998893 708026 414534 200909 566875 361111 748243 895804 738135 397240 231463 627489 684408 352845 807258 349680 718504 661121 131958 704122 844239 283748 198541 185054 552813 601260 479385 813204 196651 154855 255178 399739 83592 446385 277902 636997 977950 513729 791954 871190 710206 834070 951512 387363
824672 177472 122720 999999999 748361 957166 584679 147115 61936 508001 182201 577917 293812 876582 354127 401366 333993 442530 428034 544986 530292 522427 635187 838214 821099 460448 246547 640797 507430 278921 514372 699441 501725 609331 901177 652305 290501 337476 660510 730083 65110 567464 293710 439698 309946 516748 595228 786701 241112 404950 830596 449110 508586 407729 787415 255666 926393 591826 403108 89194 445123 355660 626360 792058 759709 289051 353968 527622 565845 287689 708676 245849 603898 650067 175341 723826 822075 388536 167142 91342 595153 602643 357930 840234 172572 145236 138239 453158 94841 357678 182028 514511 893833 545819 687715 793937 588543 814685 868496 276996
144186 733288 855440 748361 999999999 383064 503722 888406 786661 288226 576620 598995 494003 319402 583080 802542 1054053 681688 579843 901797 297922 479585 312798 410105 729376 924333 874874 415959 567756 473457 552600 102850 249256 186993 244283 348918 910024 456314 792865 288384 805612 472192 1041180 478417 439109 238187 880223 979353 676548 544206 388685 492224 583694 948203 801725 787788 406216 604605 661737 659744 382683 684824 470706 60569 899786 459596 1072358 236623 559402 544034 108482 706059 175611 691194 917284 871882 695455 1010644 690303 757927 909370 736515 437230 973965 698957 733364 611478 885391 779381 425234 577991 443939 295182 846394 71293 309226 311008 708296 290512 471378
240125 871678 1035136 957166 383064 999999999 456644 1104170 974503 628077 775769 539512 780733 82365 907233 837793 1198222 694915 923034 879228 428878 842990 323835 165767 525592 948610 993363 355330 558122 727796 913932 332078 546949 551051 149312 315541 1015294 619755 691907 227241 1021722 447900 1225879 545475 688221 549322 827977 850261 793608 881395 157332 839400 570238 1004301 631357 890790 64611 976050 698079 871659 716912 743592 849047 328246 765271 692352 1213102 463596 928794 682397 318766 998635 532593 585801 1132027 750420 484950 1095999 839692 998394 862747 661636 741412 815801 844102 885631 839112 905773 951638 600377 775650 805269 88228 814031 378729 163955 683222 504595 100626 708762
464491 453494 630276 584679 503722 456644 999999999 722611 581633 526001 426898 97120 537164 394842 691628 381598 763275 238553 741088 431217 234779 726072 195152 298667 283322 492282 555048 106511 102526 457944 777377 401787 427735 531704 480909 169254 570687 289120 289218 267227 648376 35677 812552 151719 426951 446489 391815 475748 370748 695398 301157 683299 113722 548508 316771 451205 404285 862279 245736 515289 569664 295677 787093 500330 397336 409024 776121 333713 814768 299944 398972 716902 509459 188915 747322 368400 266947 643652 433271 652223 424503 235527 536057 474755 433932 475457 505868 449469 548933 293806 425259 691040 432446 368104 437908 310003 633863 268235 404442 424680
969672 283147 118130 147115 888406 1104170 722611 999999999 142092 634958 329241 706670 413386 1023663 429781 485889 259587 557180 497842 616593 677392 611286 781860 983509 944525 513095 279105 784225 639265 415240 587518 843753 639845 740281 1047561 798164 312780 484422 765660 877033 83803 707766 171553 581589 449456 653379 677866 870135 361542 486590 976371 540031 638542 440729 900014 336139 1072848 653491 521320 234800 561996 469377 714771 934132 854936 431633 278437 672339 636960 430602 853326 286219 737032 769635 28909 820591 949053 383834 291415 141087 670941 713447 478272 930732 292874 254427 277627 517710 180233 504782 329116 611091 1040909 631316 829828 940833 703798 940002 1015604 418318
854968 143654 69423 61936 786661 974503 581633 142092 999999999 557610 210960 564620 348903 895175 415913 359169 279184 417497 489891 498705 552397 582692 650827 848092 803289 407681 186813 646603 497227 325067 575999 731646 543402 655978 927161 664373 230104 357128 630067 747388 84425 567877 256778 443181 352442 559698 553474 745935 219771 466289 841956 509369 496450 350130 761778 209604 940206 653740 380579 131740 499572 329578 686408 827626 724218 328018 298941 559899 627505 294297 740149 305616 649084 629093 165752 689013 807247 326788 149378 144862 550672 575497 411903 802681 150830 113388 186434 403844 42878 381085 209929 573663 915161 505048 723628 810606 642703 798426 889058 317988
413837 547182 626568 508001 288226 628077 526001 634958 557610 999999999 366083 599011 222579 550077 294888 687057 836283 605085 297077 817171 298826 221031 402121 590720 804094 801829 687520 487579 539072 233774 288419 297248 100935 109215 512720 442417 729004 316706 782571 448143 556366 490500 799125 419808 214431 87081 820723 966230 516753 258305 572547 211647 553101 799590 841218 621875 629982 359919 571096 425895 94528 571107 262380 346168 899633 245965 855840 203838 311076 396911 310474 422115 113609 702687 663139 865474 780612 835533 501746 496660 841980 716497 159088 983398 512486 536401 371413 770266 562129 288027 368497 182777 542616 776399 256525 500240 113382 786487 527534 249362
644797 183353 279098 182201 576620 775769 426898 329241 210960 366083 999999999 440616 196260 694881 326860 365893 479642 344722 396134 511800 348188 448608 455104 661281 687035 464324 321612 469215 366542 136715 466280 520864 336985 455852 719451 474522 363676 157256 564317 548968 246157 404461 467430 275850 151999 354706 540628 720039 175878 358022 652558 379979 371948 444907 673318 264890 746566 553565 302496 96112 328232 272781 545213 616752 675624 122561 498499 349021 515893 130495 529537 299993 446475 528162 357541 638780 681527 470487 138633 229542 551255 499441 244690 760619 149868 170355 79929 441050 203440 175631 3111 428489 711670 490710 512858 612969 464561 677322 686416 116795
561387 426574 604779 577917 598995 539512 97120 706670 564620 599011 440616 999999999 579441 483311 733598 311187 714808 172579 789186 340500 320148 787903 292193 376242 246548 412629 507835 200932 74237 498138 833818 497602 504260 615594 574735 265863 516814 326645 194570 362291 638689 126803 777786 188544 472306 524209 296343 382230 345476 744268 382234 739101 69622 477230 246836 406127 483164 920687 194285 519500 632371 248581 856339 597100 306684 449218 725850 416713 874395 310190 495210 739428 593924 103711 729196 275700 244245 578745 415689 654281 329691 138475 588170 387409 413798 452942 520450 369982 527662 339969 438433 754595 522933 275971 532106 401049 709860 237877 495302 463193
598999 373781 415760 293812 494003 780733 537164 413386 348903 222579 196260 579441 999999999 698616 154700 560501 627287 521397 211952 704762 370467 252525 491052 702140 817389 660572 502842 542995 507159 81477 272588 472398 248571 330135 690131 523135 546957 252842 732101 568099 336700 506457 579847 392764 110522 256335 727977 899781 371556 169070 688223 183910 516894 638278 824376 458923 767068 360842 480511 221039 151340 460082 350834 546555 847578 130223 647190 317175 321048 291463 484214 218941 329721 677776 441307 811049 803911 653237 331240 274228 741401 665077 65002 933360 342613 354432 166043 637013 361623 243437 199340 234261 702980 678900 445618 629818 294765 803989 682278 116760
183429 795434 956614 876582 319402 82365 394842 1023663 895175 550077 694881 483311 698616 999999999 826319 772789 1123356 630761 843674 823712 347337 766983 245927 132081 503990 886479 919894 289902 494035 645434 837221 256823 466566 477699 118555 242388 943373 539430 648247 148286 940978 381889 1147681 471208 605860 469771 777022 815641 718561 801573 114878 760817 507111 938245 603021 818101 86823 901571 630765 790626 637598 674180 777738 269778 730602 610138 1138629 381565 853870 604332 243619 916379 458299 540446 1051642 712458 464140 1026932 762296 916630 811258 611893 659972 787699 767077 808345 757392 843744 873250 519322 694828 729031 45711 759276 305748 88007 610377 482316 30402 626515
705820 483373 472435 354127 583080 907233 691628 429781 415913 294888 326860 733598 154700 826319 999999999 690318 676769 667031 74378 837384 514885 183579 634754 842933 972089 779978 593823 693640 660926 235537 160766 584081 360663 399847 802679 669166 638660 407236 881822 704779 372154 660595 600972 547380 264683 360637 867431 1044820 500054 57999 827656 117409 670253 744976 977828 571497 899985 238694 625318 312297 200397 599296 285653 640963 996140 284614 696681 448127 211991 439058 596883 153752 407859 831119 453329 959421 958468 740665 446473 294287 877969 815224 168696 1081759 457404 457808 268021 761439 441913 398046 329917 190850 825212 817558 548281 764156 312341 958661 807049 270406
809541 224796 368703 401366 802542 837793 381598 485889 359169 687057 365893 311187 560501 772789 690318 999999999 419668 143056 761210 147829 506238 810759 544022 679850 500539 121799 226368 483286 279672 490173 832030 713690 620263 748432 847078 533986 220259 372722 289760 634552 443591 390936 505978 326976 487765 641753 194368 386765 190418 723860 682755 744292 267888 167090 431538 150365 785833 919452 145091 390316 676389 119185 903032 820162 369531 454850 427719 573412 881317 290295 716248 630714 731774 326427 500496 335920 516945 268037 249476 492443 194359 251308 601160 444969 239846 256718 424239 84243 316295 403672 362783 787354 807360 146017 731252 685786 797674 502496 779091 459344
1108707 329883 211537 333993 1054053 1198222 763275 259587 279184 836283 479642 714808 627287 1123356 676769 419668 999999999 543179 748139 502445 796415 852619 878073 1055011 920152 381684 208282 849583 663917 602975 837125 990185 816561 932885 1171510 882682 200057 605425 704858 975695 304623 760372 132268 652749 628036 833960 577395 755358 404802 731254 1053019 779625 657036 292359 848051 312072 1155510 907821 522047 410553 778348 469070 956829 1090674 765217 601268 20030 821075 887742 525448 997342 541948 924890 745152 246045 736572 935567 190020 368193 382850 558026 670924 690794 826541 361267 322979 465557 406674 276417 634016 477934 847022 1149426 542059 988097 1035884 921631 921678 1121985 592961
676134 274193 447999 442530 681688 694915 238553 557180 417497 605085 344722 172579 521397 630761 667031 143056 543179 999999999 732113 221003 383881 759226 406844 536835 389630 256590 337459 340937 136894 442591 792033 587912 525482 650702 708256 393836 344489 291180 221629 494637 497665 248978 611933 204196 429037 547062 215681 378414 201426 690355 539708 699345 124835 310065 345052 238170 642778 880602 42273 402147 612455 87921 842647 693668 330920 398733 553798 462659 838172 230012 589111 639497 631865 213122 577133 294077 398662 407793 275394 527535 237714 160425 548612 415924 270344 304181 418882 214236 377128 317608 341884 730982 666157 172088 610750 544173 718314 387255 637914 408024
710513 556808 545483 428034 579843 923034 741088 497842 489891 297077 396134 789186 211952 843674 74378 761210 748139 732113 999999999 907774 549953 130924 667589 871184 1023558 852851 668200 734299 717699 293085 89691 593869 378182 393049 809751 704119 713037 462862 944030 730453 443819 708744 668115 601260 316907 373903 935643 1110475 570793 45883 854726 87817 727889 818998 1035023 644852 920875 164318 690819 386287 206126 667257 224969 639466 1059365 341015 767978 473776 139620 502635 607023 214466 404886 888640 520234 1022791 1007842 814968 519194 365289 947228 877025 205876 1145129 530219 531650 340876 833519 516256 450072 399226 150950 838584 886028 553503 787291 286583 1009210 822412 328440
888844 370470 498481 544986 901797 879228 431217 616593 498705 817171 511800 340500 704762 823712 837384 147829 502445 221003 907774 999999999 604348 953084 617107 714724 458626 121167 341411 537728 341132 631998 977040 806590 742642 869203 911976 598193 319396 500468 227098 697889 582732 451325 609142 425169 626275 764274 77454 257134 337359 869727 721908 888044 325844 210722 365021 289728 821460 1064842 248043 537981 814318 248390 1042953 911653 263714 593884 505320 683427 1025809 425029 807131 777905 850935 308265 627835 237625 485092 320167 397145 636324 56182 225137 742375 325096 387357 401875 571917 100269 456212 529568 508698 928225 862826 65655 831059 740583 929507 466865 835013 599869
314541 466827 616379 530292 297922 428878 234779 677392 552397 298826 348188 320148 370467 347337 514885 506238 796415 383881 549953 604348 999999999 511111 120587 332166 506312 627973 602176 189598 276146 306156 570112 207794 198145 296977 376182 154455 632626 195336 513491 204250 594323 199293 807755 180564 267165 215102 586068 701258 398375 504460 319153 479650 291958 657004 551262 507077 404702 650301 364141 443602 357544 389956 561149 314267 626832 266262 813186 99272 601646 271039 211257 581330 274835 420932 705600 595512 481930 727931 428713 569566 614006 452019 347141 706916 435205 474553 410264 588405 534045 172617 348276 474105 363586 550186 226883 268191 402236 488265 338228 283087
617886 625346 644159 522427 479585 842990 726072 611286 582692 221031 448608 787903 252525 766983 183579 810759 852619 759226 130924 953084 511111 999999999 620529 811746 1008635 912893 749961 700616 720963 321087 73153 510947 318564 294856 718810 660048 794587 472267 958718 669164 548980 691541 782803 600489 330210 307532 971174 1134739 623177 125636 793517 73327 733191 890128 1034366 711178 848617 139591 720162 464494 156410 705863 104211 540136 1075960 361134 872632 421435 90718 531410 524254 336769 311307 890725 635597 1040217 988225 899751 583441 473112 986990 891377 211211 1161417 594804 604469 412234 888590 602771 451711 451672 38283 756051 923163 465212 720642 171013 992290 743034 353639
271917 549628 711316 635187 312798 323835 195152 781860 650827 402121 455104 292193 491052 245927 634754 544022 878073 406844 667589 617107 120587 620529 999999999 212195 425505 662596 675913 103731 276035 425711 682763 209971 302185 375489 303533 41455 701115 298005 483306 97728 700055 167739 902154 227963 387042 315211 584107 668284 473464 622405 200281 594461 291263 705620 490091 575209 291462 760119 399144 551215 470541 437439 661069 305474 587703 384154 893594 199096 711230 358666 205747 701036 352529 379504 809456 560713 395330 788523 516404 681479 615759 430656 466531 661184 521150 562439 522601 620676 627839 281586 454753 582762 271778 556470 251249 159880 495765 405419 244081 401130
293810 734222 904578 838214 410105 165767 298667 983509 848092 590720 661281 376242 702140 132081 842933 679850 1055011 536835 871184 714724 332166 811746 212195 999999999 372034 787676 847799 205512 401174 637889 878076 324601 495995 538614 249064 186894 866446 504340 526451 142590 903323 295462 1092933 407184 599146 504700 662404 688008 653425 826771 21522 793923 412106 846899 472542 744162 106924 950268 543780 757011 668946 592039 838063 371432 602899 596184 1068873 397412 901540 553853 313116 913209 516867 420082 1010378 586589 332097 942127 706401 889749 697233 496008 674244 657387 709452 751491 731754 744869 821152 491043 660646 773481 177792 649348 376465 100985 669141 350400 157307 613180
645953 661618 837359 821099 729376 525592 283322 944525 803289 804094 687035 246548 817389 503990 972089 500539 920152 389630 1023558 458626 506312 1008635 425505 372034 999999999 567227 721061 324338 320495 736989 1060670 628139 704046 796814 619265 385253 720370 565699 231636 445287 880293 317241 999292 425181 707941 721406 385663 337206 583679 977988 389453 966621 315831 649454 113466 626124 460990 1145358 423364 765586 852300 476278 1066331 708002 256014 687835 928204 604811 1097692 556553 621055 985277 773950 177052 965497 253429 40676 759590 656199 899626 418887 249799 819028 292372 653099 690169 766911 529797 764343 574290 684883 973188 549664 398623 674005 449500 908455 21830 527774 702768
929874 297606 396222 460448 924333 948610 492282 513095 407681 801829 464324 412629 660572 886479 779978 121799 381684 256590 852851 121167 627973 912893 662596 787676 567227 999999999 234037 596605 392590 595390 928427 835326 738792 867127 964721 650424 205344 490582 338720 751222 489321 505212 491374 448420 597193 760161 197655 374743 290663 818341 792173 844100 379370 89576 480384 209745 894400 1014394 265453 470139 785058 240239 1008345 941776 384836 564045 384235 694715 978791 405458 837759 702490 850997 404523 521437 358040 590166 199381 333664 550764 176372 322003 706281 444958 322635 325827 512024 42839 367020 522019 461251 891854 922485 169844 853044 800324 910948 573220 894264 566714
916607 142779 162985 246547 874874 993363 555048 279105 186813 687520 321612 507835 502842 919894 593823 226368 208282 337459 668200 341411 602176 749961 675913 847799 721061 234037 999999999 642600 455673 457146 751448 802787 650119 773782 973691 678129 44867 418937 516099 773085 262074 552719 279852 448700 473126 669458 407907 597850 204093 640404 846339 677383 448972 165284 657430 103876 949175 832512 314283 285587 646426 260954 851720 906289 591760 442243 221228 638568 802993 333125 808785 492138 762521 544458 287718 559581 733850 150407 187680 331277 396931 474619 560063 662496 177816 151332 338093 241325 152974 449685 319122 736039 947691 364830 806300 832075 785385 721020 919946 438168
362310 529252 701192 640797 415959 355330 106511 784225 646603 487579 469215 200932 542995 289902 693640 483286 849583 340937 734299 537728 189598 700616 103731 205512 324338 596605 642600 999999999 204141 469575 758735 313120 386652 472798 374509 68104 662164 316038 385654 161367 705754 92592 888498 203590 433652 402369 497171 568310 448102 688491 203873 667267 217270 649337 386367 539110 307081 839675 342749 563280 546441 388829 749477 405357 486594 423218 863558 284601 791082 353650 308231 741131 449890 279660 810469 460872 296306 740813 502688 698729 530248 337436 529067 558549 505273 547343 544049 553890 618046 309657 468190 663684 326435 474515 354978 204013 587655 304868 298336 440043
547712 362568 540853 507430 567756 558122 102526 639265 497227 539072 366542 74237 507159 494035 660926 279672 663917 136894 717699 341132 276146 720963 276035 401174 320495 392590 455673 204141 999999999 425724 764674 469402 447771 564755 574040 259179 469562 254842 243754 359837 569153 112753 718699 120760 401174 468456 312607 429527 280176 673062 403348 669976 15942 446343 317329 352154 506609 852063 143689 446589 566434 194997 792852 573001 360582 377027 676237 367446 806328 236070 468904 665199 543895 171077 662613 326724 316465 541153 347855 582002 342552 178742 518371 444445 346891 387187 446416 349938 461732 270324 364388 688532 529935 281367 498364 407735 651348 311161 501730 390608
563154 320064 394364 278921 473457 727796 457944 415240 325067 233774 136715 498138 81477 645434 235537 490173 602975 442591 293085 631998 306156 321087 425711 637889 736989 595390 457146 469575 425724 999999999 349470 435825 224608 331070 648653 455043 499775 171703 651337 508661 333041 428044 572499 311978 39575 238451 651634 820642 304728 249511 625274 257444 435418 580668 742911 400693 709126 438036 402257 193498 191790 385067 413285 520770 767142 49155 622444 269367 396185 212712 446529 275325 325027 596302 444075 730698 724272 606652 275290 285550 666457 584211 111092 852939 286482 305880 140691 569165 328355 164350 139478 297240 654055 603096 416898 571799 328266 723907 631591 35354
690390 634915 633183 514372 552600 913932 777377 587518 575999 288419 466280 833818 272588 837221 160766 832030 837125 792033 89691 977040 570112 73153 682763 878076 1060670 928427 751448 758735 764674 349470 999999999 581875 382595 367408 791214 721484 796313 511677 998040 735663 532600 743565 757796 645352 365812 373430 1000346 1169867 642150 111208 860275 94725 776058 898852 1080650 722418 918064 88569 751712 467142 212623 732639 141899 613136 1114640 394120 857001 484220 51584 562178 595187 303820 383323 935507 609915 1078440 1042018 899435 595393 454341 1013988 930686 246584 1200387 606613 611302 418665 906957 600601 494365 469390 109182 827321 951394 536921 788614 244041 1045064 813744 384049
127390 663668 798988 699441 102850 332078 401787 843753 731646 297248 520864 497602 472398 256823 584081 713690 990185 587912 593869 806590 207794 510947 209971 324601 628139 835326 802787 313120 469402 435825 581875 999999999 225684 221133 219021 246211 835463 385266 691005 192499 760027 370882 988285 387051 398033 223487 781967 877125 600706 553627 303806 508895 485294 864542 699023 710985 340688 644815 570705 610264 388407 597744 521866 106496 797236 412393 1007801 171939 597231 469668 13312 690690 201481 588727 872611 769604 594911 933088 622630 720497 811830 635549 424019 871153 630365 667305 566606 795398 719637 356173 521780 473194 245645 749664 51877 224616 353851 607225 232130 426466
351135 507395 612718 501725 249256 546949 427735 639845 543402 100935 336985 504260 248571 466566 360663 620263 816561 525482 378182 742642 198145 318564 302185 495995 704046 738792 650119 386652 447771 224608 382595 225684 999999999 128352 444623 342120 688914 248270 691442 353977 557471 392102 795333 331209 191803 21632 739804 876987 463908 335308 478641 298250 462409 746117 743970 573552 542732 458111 494658 414013 173336 501765 363045 298982 807810 215641 835469 103252 409205 335294 238040 465679 113505 607613 668683 774402 680068 793606 462485 508672 763184 626337 198339 890638 472321 502223 363924 704413 540191 216782 338776 280667 464550 697569 197091 409373 206221 686224 446583 225535
323032 631470 725340 609331 186993 551051 531704 740281 655978 109215 455852 615594 330135 477699 399847 748432 932885 650702 393049 869203 296977 294856 375489 538614 796814 867127 773782 472798 564755 331070 367408 221133 128352 999999999 423967 416933 813544 376622 806901 398468 660378 496263 902174 452286 305008 107119 863716 993954 591216 358349 518732 305340 579961 873889 847822 700181 561814 425127 621173 524550 200637 629776 301030 247062 921823 333301 952161 198896 378252 463464 234219 531038 22964 717427 768701 889553 768977 918951 586212 603305 888099 743309 267679 1002966 596392 624256 471402 832614 656904 345108 457940 258297 463362 822614 172362 441483 132721 777601 452179 340242
101115 841629 992046 901177 244283 149312 480909 1047561 927161 512720 719451 574735 690131 118555 802679 847078 1171510 708256 809751 911976 376182 718810 303533 249064 619265 964721 973691 374509 574040 648653 791214 219021 444623 423967 999999999 314864 1001193 570979 750219 214308 963848 461662 1183268 529649 609837 442324 871012 923233 769744 770646 230273 723567 588411 1009153 715114 875016 192739 847307 702435 812765 605551 740833 714911 185717 838558 620367 1187927 379472 801318 646252 206585 908850 408078 642055 1076172 818332 579868 1091005 804538 930312 904416 708631 642955 899102 810719 850488 773289 922485 910040 546076 719908 682036 74611 849005 256259 177117 553180 597487 91786 635568
295627 556612 722802 652305 348918 315541 169254 798164 664373 442417 474522 265863 523135 242388 669166 533986 882682 393836 704119 598193 154455 660048 41455 186894 385253 650424 678129 68104 259179 455043 721484 246211 342120 416933 314864 999999999 701054 317479 453238 100808 717385 147007 912666 229934 417045 355670 561012 636364 478097 658717 178296 632384 273619 698030 452817 575957 276092 799626 390352 570360 508996 432266 701982 337265 554698 411703 897597 238877 750766 370310 240822 730012 393974 347636 825320 528899 354488 784897 525831 702856 593515 403563 501589 626382 529764 571537 544921 608036 639212 304436 473928 622412 273941 536083 289651 154381 537007 364966 245693 428732
947122 182206 200062 290501 910024 1015294 570687 312780 230104 729004 363676 516814 546957 943373 638660 220259 200057 344489 713037 319396 632626 794587 701115 866446 720370 205344 44867 662164 469562 499775 796313 835463 688914 813544 1001193 701054 999999999 453715 508035 797633 302778 570993 290968 473176 514585 708560 389871 576498 234771 685264 866004 722072 461540 127951 650759 126180 969238 877351 326199 330318 689712 275014 896200 939776 576351 483278 209550 673428 847857 366421 841008 535706 801747 545122 318472 545600 735514 106882 227623 373888 375525 471523 603643 643669 217225 194015 382566 219462 197502 484963 361102 780401 972597 349933 840845 855387 828026 721687 944659 479831
503524 278549 421134 337476 456314 619755 289120 484422 357128 316706 157256 326645 252842 539430 407236 372722 605425 291180 462862 500468 195336 472267 298005 504340 565699 490582 418937 316038 254842 171703 511677 385266 248270 376622 570979 317479 453715 999999999 486890 392616 402199 261410 612467 140518 146537 269594 506494 662890 221066 418242 495368 417248 265272 499791 572161 332344 589443 599670 255252 253320 322106 255151 552164 487647 603928 122644 622825 219755 554973 88849 392072 429227 360960 425839 512282 568049 554020 555019 237442 385489 526327 419507 265114 689519 245099 282455 228523 456689 339100 32042 156813 442184 558186 460938 387387 456461 429166 553011 532294 137123
747725 486816 651321 660510 792865 691907 289218 765660 630067 782571 564317 194570 732101 648247 881822 289760 704858 221629 944030 227098 513491 958718 483306 526451 231636 338720 516099 385654 243754 651337 998040 691005 691442 806901 750219 453238 508035 486890 999999999 543937 712582 321005 795722 362995 632228 712039 154500 187827 420602 900840 537717 903871 229480 423940 143294 431944 630122 1086266 263606 623695 806104 305464 1034307 788771 117466 604615 710988 608486 1041843 442859 688090 860877 785633 108171 782993 82970 259616 535001 494097 747332 188489 67384 751735 202700 487995 518289 639854 303686 588140 507223 561571 927613 691208 168913 726469 573253 895030 240713 664930 616059
205718 647355 808469 730083 288384 227241 267227 877033 747388 448143 548968 362291 568099 148286 704779 634552 975695 494637 730453 697889 204250 669164 97728 142590 445287 751222 773085 161367 359837 508661 735663 192499 353977 398468 214308 100808 797633 392616 543937 999999999 794727 247364 999466 324581 469272 362240 658530 723004 571002 686419 124677 652162 374131 798122 527047 671934 200611 807687 490579 644976 527185 531362 696574 262755 639627 470243 991145 257139 758954 456065 182839 782843 376343 436469 904843 616288 409679 883525 614015 773123 691538 498230 536241 706697 618832 660070 613846 708843 725063 373923 548784 630896 175024 635227 243209 64114 527834 423795 147028 486978
885886 225807 107561 65110 805612 1021722 648376 83803 84425 556366 246157 638689 336700 940978 372154 443591 304623 497665 443819 582732 594323 548980 700055 903323 880293 489321 262074 705754 569153 333041 532600 760027 557471 660378 963848 717385 302778 402199 712582 794727 999999999 631774 243161 504316 366510 571463 637899 830355 297333 426774 895679 476334 569668 427282 842611 293965 991333 604714 459493 151153 487137 409968 653150 850829 808074 348055 324548 588561 583353 352433 769564 242866 656349 707651 112602 772721 882497 390972 224130 79075 634946 656787 401684 886878 227805 194335 194299 487170 127296 421787 246156 545219 957716 589451 746496 858633 630046 874532 932548 334945
439265 444337 619207 567464 472192 447900 35677 707766 567877 490500 404461 126803 506457 381889 660595 390936 760372 248978 708744 451325 199293 691541 167739 295462 317241 505212 552719 92592 112753 428044 743565 370882 392102 496263 461662 147007 570993 261410 321005 247364 631774 999999999 804092 128887 396007 410822 416390 508265 362128 662975 295398 649680 126787 556799 352434 448954 398819 828118 250193 495033 535160 296879 751762 471116 430874 379404 773916 298123 780468 280451 368690 690452 474067 223015 733124 401204 299196 648407 421014 631860 448199 264719 503328 509158 422565 464481 482540 462609 536885 263696 403002 656320 417274 389651 405464 295199 598210 301521 389052 395376
1111746 359760 191420 293710 1041180 1225879 812552 171553 256778 799125 467430 777786 579847 1147681 600972 505978 132268 611933 668115 609142 807755 782803 902154 1092933 999292 491374 279852 888498 718699 572499 757796 988285 795333 902174 1183268 912666 290968 612467 795722 999466 243161 804092 999999999 685754 603530 810457 680734 865675 442115 657976 1088420 711581 714418 404831 937273 373793 1188645 821331 583813 381554 730055 529414 886203 1083472 867306 581591 144253 816448 806726 543494 996870 454842 897290 822315 147882 836352 1010425 313372 386903 311703 665320 754184 644837 934062 383496 341486 431892 509856 274465 637358 466506 782539 1169321 640724 979287 1061978 872690 998385 1142833 570200
484190 327588 497732 439698 478417 545475 151719 581589 443181 419808 275850 188544 392764 471208 547380 326976 652749 204196 601260 425169 180564 600489 227963 407184 425181 448420 448700 203590 120760 311978 645352 387051 331209 452286 529649 229934 473176 140518 362995 324581 504316 128887 685754 999999999 284401 352342 412342 546611 248229 556155 402929 550628 133879 482481 435324 347365 504147 732383 183719 366174 445722 213400 672189 493437 480287 262831 667714 259626 686322 152093 389341 565568 432388 290411 607509 445807 413956 561358 299327 502978 438249 296702 399630 564657 302268 344308 354408 408348 414500 151488 274327 567856 499463 373396 407277 383447 532612 412587 471576 277607
525229 332884 421856 309946 439109 688221 426951 449456 352442 214431 151999 472306 110522 605860 264683 487765 628036 429037 316907 626275 267165 330210 387042 599146 707941 597193 473126 433652 401174 39575 365812 398033 191803 305008 609837 417045 514585 146537 632228 469272 366510 396007 603530 284401 999999999 207366 641324 805338 307706 271981 586318 271775 411790 588380 718390 409339 669686 454085 390005 222307 188625 377987 416732 484945 748873 33152 647249 230396 410207 201944 408519 314166 296959 572237 478354 712728 693824 621159 287484 322525 657996 564876 119894 834602 298313 322117 172414 568729 351909 133655 154317 302829 614601 593701 380775 532336 316518 694220 592066 35329
346881 526819 629087 516748 238187 549322 446489 653379 559698 87081 354706 524209 256335 469771 360637 641753 833960 547062 373903 764274 215102 307532 315211 504700 721406 760161 669458 402369 468456 238451 373430 223487 21632 107119 442324 355670 708560 269594 712039 362240 571463 410822 810457 352342 207366 999999999 761309 897809 484491 332089 486845 291841 483177 766938 763009 593869 547622 446736 516288 429617 167859 523305 347196 290265 828258 232696 852967 117814 397855 356352 236251 471367 93226 627419 682156 794983 696807 813497 481780 520695 784757 647101 202509 910891 491730 521021 378639 725887 557543 238191 356587 269368 465651 719147 190651 415851 187497 703353 448736 241734
855529 418033 559969 595228 880223 827977 391815 677866 553474 820723 540628 296343 727977 777022 867431 194368 577395 215681 935643 77454 586068 971174 584107 662404 385663 197655 407907 497171 312607 651634 1000346 781967 739804 863716 871012 561012 389871 506494 154500 658530 637899 416390 680734 412342 641324 761309 999999999 192606 372177 895656 671257 909073 296695 286875 288754 344216 768339 1088754 251859 578389 826752 268388 1056812 885132 187822 610043 580935 671749 1047754 439771 781281 819916 844269 246202 690962 160416 414097 397012 438648 686065 35188 166440 760003 254589 429891 450172 606925 171316 510609 533270 537587 944077 817823 50340 810527 696569 933978 395200 790478 617967
928325 609259 752127 786701 979353 850261 475748 870135 745935 966230 720039 382230 899781 815641 1044820 386765 755358 378414 1110475 257134 701258 1134739 668284 688008 337206 374743 597850 568310 429527 820642 1169867 877125 876987 993954 923233 636364 576498 662890 187827 723004 830355 508265 865675 546611 805338 897809 192606 999999999 558315 1068764 701952 1076685 414651 463253 224027 536804 786447 1258417 419686 765576 984641 448272 1214182 973282 85112 775919 756603 795841 1215395 608333 873764 1006947 972847 288862 882744 107571 376138 568244 627427 877202 201119 250785 925221 76592 619206 641479 790386 357324 703060 685755 717090 1105073 860077 241047 913570 746409 1079189 355186 835060 785854
712907 82793 260718 241112 676548 793608 370748 361542 219771 516753 175878 345476 371556 718561 500054 190418 404802 201426 570793 337359 398375 623177 473464 653425 583679 290663 204093 448102 280176 304728 642150 600706 463908 591216 769744 478097 234771 221066 420602 571002 297333 362128 442115 248229 307706 484491 372177 558315 999999999 533580 650254 555459 278126 283249 546330 111315 752066 729332 162275 207286 494761 115138 717791 705180 523578 274591 420142 439986 691751 132567 606241 448655 577412 410329 383735 487155 587522 334135 73971 326744 379484 361656 415654 606202 69548 107467 235331 265481 182189 252867 172769 601401 745070 321841 606890 631088 623404 578661 717503 276392
672108 524031 525011 404950 544206 881395 695398 486590 466289 258305 358022 744268 169070 801573 57999 723860 731254 690355 45883 869727 504460 125636 622405 826771 977988 818341 640404 688491 673062 249511 111208 553627 335308 358349 770646 658717 685264 418242 900840 686419 426774 662975 657976 556155 271981 332089 895656 1068764 533580 999999999 810511 61220 683443 787749 990338 611688 877962 196085 649330 355935 165230 627355 228250 603244 1016523 296889 751218 429465 162648 460495 566695 211617 368650 844081 510514 980027 962103 788661 484950 349714 908074 833722 159998 1102314 496124 500173 307697 797658 489921 404832 361130 133976 797560 846274 514666 743802 260981 963558 780821 284818
272552 730458 899386 830596 388685 157332 301157 976371 841956 572547 652558 382234 688223 114878 827656 682755 1053019 539708 854726 721908 319153 793517 200281 21522 389453 792173 846339 203873 403348 625274 860275 303806 478641 518732 230273 178296 866004 495368 537717 124677 895679 295398 1088420 402929 586318 486845 671257 701952 650254 810511 999999999 776793 414874 849634 488219 742931 103449 931803 544998 748490 651810 592271 818559 349917 616855 584341 1067171 381047 883131 547676 292206 900483 497107 430662 1003452 599630 349806 943461 701593 880382 705928 505086 658971 672954 704969 746943 721942 749336 815856 480940 652014 755238 160392 656740 355682 79711 649596 367731 138530 601298
623926 554351 570907 449110 492224 839400 683299 540031 509369 211647 379979 739101 183910 760817 117409 744292 779625 699345 87817 888044 479650 73327 594461 793923 966621 844100 677383 667267 669976 257444 94725 508895 298250 305340 723567 632384 722072 417248 903871 652162 476334 649680 711581 550628 271775 291841 909073 1076685 555459 61220 776793 999999999 681407 819149 985930 640763 839432 182424 659398 391813 124986 642142 177341 551970 1020618 300779 799644 397393 138836 469898 522121 270829 317556 840790 564817 984497 948439 826992 513075 401043 923617 836498 152153 1106329 524412 532767 340105 820901 529672 399659 383071 73474 754210 860469 467349 707347 201099 951199 738800 291452
563054 360013 538401 508586 583694 570238 113722 638542 496450 553101 371948 69622 516894 507111 670253 267888 657036 124835 727889 325844 291958 733191 291263 412106 315831 379370 448972 217270 15942 435418 776058 485294 462409 579961 588411 273619 461540 265272 229480 374131 569668 126787 714418 133879 411790 483177 296695 414651 278126 683443 414874 681407 999999999 434848 307576 345837 517953 863636 135353 449934 579055 188019 806026 588815 346581 386951 669015 382896 818130 241763 484753 671318 559181 160894 661467 312414 313788 531027 347240 584660 326723 163929 529586 430793 345757 385490 451659 336634 460175 281943 369704 701052 543484 265739 514305 421163 665564 307476 515314 400192
966596 264813 327166 407729 948203 1004301 548508 440729 350130 799590 444907 477230 638278 938245 744976 167090 292359 310065 818998 210722 657004 890128 705620 846899 649454 89576 165284 649337 446343 580668 898852 864542 746117 873889 1009153 698030 127951 499791 423940 798122 427282 556799 404831 482481 588380 766938 286875 463253 283249 787749 849634 819149 434848 999999999 566619 180033 952789 982610 307700 432712 772427 269137 989011 970816 474317 555544 294670 713790 950016 411316 868260 653380 859533 481788 446102 447105 670296 111152 307163 494991 265894 401126 689592 534184 295793 287593 480280 120262 312898 531827 441983 872307 971899 256100 877318 850879 904881 654164 943632 555516
731940 618147 787692 787415 801725 631357 316771 900014 761778 841218 673318 246836 824376 603021 977828 431538 848051 345052 1035023 365021 551262 1034366 490091 472542 113466 480384 657430 386367 317329 742911 1080650 699023 743970 847822 715114 452817 650759 572161 143294 527047 842611 352434 937273 435324 718390 763009 288754 224027 546330 990338 488219 985930 307576 566619 999999999 569877 567013 1167508 384440 742277 878543 432643 1100763 786820 142632 694311 854271 650378 1121145 545388 693502 973175 825402 146732 918642 143009 152115 677755 620287 871307 319650 186576 834882 184853 615391 648729 751758 446463 720733 586630 670824 1000719 648301 310738 741313 540769 950190 131172 624761 707722
821439 88168 219880 255666 787788 890790 451205 336139 209604 621875 264890 406127 458923 818101 571497 150365 312072 238170 644852 289728 507077 711178 575209 744162 626124 209745 103876 539110 352154 400693 722418 710985 573552 700181 875016 575957 126180 332344 431944 671934 293965 448954 373793 347365 409339 593869 344216 536804 111315 611688 742931 640763 345837 180033 569877 999999999 845899 807402 211930 260557 592474 157989 809415 815839 518802 376722 325087 551262 773261 243876 716221 493841 686995 449072 351826 484491 636646 222856 127739 346974 341124 384169 509580 595234 116381 116208 304172 197957 166855 364093 261960 692677 846825 296355 718017 730166 725799 624763 818940 376042
