NAME : synthetic_000802
TYPE : CTSP-D
DIMENSION : 100
GROUPS : 8
RELAXATION_LEVEL : 1
EDGE_WEIGHT_TYPE : EXPLICIT
EDGE_WEIGHT_FORMAT : FULL_MATRIX
EDGE_WEIGHT_SECTION
999999999 603174 479330 534501 672961 307326 545660 214206 650745 210366 254325 288342 514536 659531 581099 322985 494012 599182 679743 357875 251838 267048 689193 298001 327790 313476 258476 704937 261201 625170 251089 559975 580255 412924 630459 404433 257189 253162 107864 271067 817131 46636 206759 665341 265582 619903 332440 345582 647845 312262 657944 203473 428438 157168 298631 806197 209824 683273 100690 131985 683622 671920 662483 246812 61567 673535 700659 405907 235321 459831 440409 104825 510425 663178 659497 660522 551979 466522 719667 359585 555020 134489 432017 853591 389548 681385 379997 331800 92159 635790 197660 330084 500556 239899 778589 260239 210288 649527 206675 290674
603174 999999999 126193 226357 89106 840539 226963 667467 649388 445902 810591 718350 154942 333311 565338 724617 115681 575121 772235 562601 848784 606302 566236 573174 275384 364731 615202 812577 845193 544065 853796 221498 355636 350759 594788 754097 840695 351388 649626 668195 245060 559708 809603 166058 517053 303787 730256 662334 278200 316316 193572 476405 372588 726961 895347 211027 443929 300327 589525 699979 689335 135799 118766 783907 541619 236490 418986 200013 584891 176547 682638 705241 562863 641522 649968 683803 739283 146759 186993 960109 100977 469987 275505 250505 373965 728010 543179 338682 622748 677032 799704 874236 395238 689696 175479 857044 677683 765436 589031 882503
479330 126193 999999999 221603 195089 728791 228153 543052 622798 336214 695136 596255 139998 364852 493165 626958 57934 547052 693834 452195 723248 508665 562722 481797 152600 245198 494119 733449 726024 484817 730356 231082 353674 289504 571585 639284 721573 226486 523454 546648 346776 436786 686059 246994 421306 325998 610621 546778 317615 210436 227208 368356 316719 608394 773930 336349 318493 309521 472408 581087 664182 232273 217345 658114 417787 298303 404316 74044 483437 73428 576293 580452 476490 619095 583833 613299 643564 70167 286893 837709 94107 347459 178734 374964 305518 655709 468460 219914 504480 642862 675009 761480 320165 565902 300165 731481 552936 682558 465302 762115
534501 226357 221603 999999999 311301 702310 11268 667530 423062 332335 686043 733682 82897 151672 709687 556268 164745 348789 905095 632415 785166 444273 346044 401196 260736 418321 641263 943887 734696 705181 768029 25696 134231 158599 368608 802410 730145 327857 612998 689023 458133 487883 726420 154699 358537 109487 758794 710965 118835 225601 413268 353212 169441 619023 794706 334980 450267 513204 484692 595040 463132 181421 182565 760570 478421 139911 620039 244002 432880 292368 759691 638549 685321 415520 801807 829393 840499 155614 209948 863456 289049 405978 391589 413310 187711 870652 347410 398501 520143 451000 727335 738029 538085 694150 348997 793539 673895 890890 599528 776662
672961 89106 195089 311301 999999999 921917 310689 716769 733038 527710 889626 761407 243523 402827 555978 811072 200537 659525 763880 589736 913490 692578 644154 660648 347591 409072 657206 804291 921113 525267 924031 303507 436312 439861 677970 784348 916662 419810 710272 710552 156872 631156 879684 220380 603561 378241 768409 694694 346693 398975 139502 559020 461538 803449 968692 182520 499047 248210 667192 776160 772439 181814 166783 838145 611552 295879 374330 267263 670107 221583 702921 772701 565581 724220 633737 670362 747362 231672 219526 1032029 124757 542146 301953 190000 463013 715244 632197 382886 699480 762182 867251 955059 395055 737049 120472 921623 727969 761076 637109 957116
307326 840539 728791 702310 921917 999999999 711860 474305 616227 394649 60832 532019 715688 782707 885933 182963 724915 597846 965776 656999 296594 263810 707224 312899 580316 612781 543500 986171 115741 931838 214746 726982 689482 546737 622847 654147 114564 521137 369029 537116 1075563 327381 214737 854154 344222 752639 578774 621243 792658 524241 934836 364425 545519 151653 174243 1022109 513249 975169 262169 175379 633806 872690 867929 421244 352280 837080 1003735 662007 269692 729657 719555 274620 813500 635690 960747 958237 829741 694012 910363 228935 816691 399933 724232 1085330 517258 974849 397481 627627 236625 582047 252748 36035 806329 490966 1011700 299877 463923 933396 499108 147813
545660 226963 228153 11268 310689 711860 999999999 678687 422658 343183 696060 744741 88474 142110 717640 564638 170826 348854 913715 642528 796259 453213 342565 409704 271357 428318 652146 952595 745048 712384 778850 15165 130554 167121 367888 813090 740499 338883 624265 700002 455820 499046 737304 146871 367900 100372 769724 721574 107807 236868 415585 363804 176632 629536 805239 328371 461182 516547 495426 605642 462436 175167 177227 771836 489644 129074 624659 252955 442316 299553 769791 649671 694056 414563 809563 837445 850071 163330 201590 874032 292996 417229 399652 407797 196407 878866 354278 408275 530873 451552 738359 747617 545747 705285 344542 804630 685079 899760 610557 787093
214206 667467 543052 667530 716769 474305 678687 999999999 855381 388507 413885 75663 624387 809584 442270 531946 577825 798606 492299 209388 258620 480945 880364 509372 415718 307903 84498 511885 386578 498734 319045 691103 742777 579195 830221 190898 384316 341210 111772 62824 838217 239918 286574 771365 469891 767353 118256 147380 786213 445755 659369 394216 600738 329675 387049 878494 225805 649497 314676 314421 890155 767332 754440 129504 229867 797896 627124 472440 448490 496094 245590 199710 365973 866170 502798 493824 355438 557700 820273 421195 592012 280869 424395 906554 561600 505396 586092 333983 303864 843884 250995 485690 425029 28059 834277 264159 14187 459493 79895 394103
650745 649388 622798 423062 733038 616227 422658 855381 999999999 474870 638417 931019 500166 361855 1063261 434037 573542 75749 1233613 916555 842728 400145 131773 357493 576334 730978 870391 1268349 707039 1074920 785698 429554 298837 345011 55733 1035331 703480 598138 757961 902021 873313 616772 758739 538439 386079 367632 970736 957210 410658 487440 834143 462822 315478 629574 775384 714047 703857 929503 554203 620058 41553 576913 585110 893741 625525 473345 1026398 611514 423399 681683 1034856 725105 1019213 22069 1156972 1176451 1136600 552855 577120 839558 704874 584533 759840 802375 341997 1212161 270749 722280 578485 46705 780653 648006 905191 883007 750995 849659 854771 1211744 816941 749768
210366 445902 336214 332335 527710 394649 343183 388507 474870 999999999 366430 463176 327704 450021 622992 298128 330310 413149 771786 446931 455737 184358 491858 175476 194862 290982 395894 804132 407482 649109 435704 358031 369899 202558 444768 561805 402918 159961 305378 429975 682336 165508 394150 474054 113167 411129 500001 482354 441369 129680 551789 33082 218761 289757 464537 632183 235220 607971 152968 264554 512275 487116 480393 452789 164212 472239 662683 273795 153442 347210 561326 310859 567117 483419 713658 726511 665615 299484 529972 532681 426891 110068 370052 691839 179601 757616 217404 293086 188362 470064 396431 428381 490591 416556 617777 464038 390170 747124 342946 447957
254325 810591 695136 686043 889626 60832 696060 413885 638417 366430 999999999 471191 692645 776618 829255 206634 695495 613227 905682 599005 241655 261927 720800 312349 544345 564559 484092 925769 69730 876346 163258 711226 684845 534166 639953 593316 66784 480857 309626 476671 1041418 279092 157039 835200 332819 744228 517942 560978 782292 495637 895062 338543 536218 97178 137241 998258 462966 930581 223090 123415 659235 851290 845459 361276 303627 823322 954182 626176 259664 690955 659291 214326 756218 656875 902764 899500 769286 665019 891460 201691 780622 357428 678953 1058018 505025 915463 402352 580754 193232 607298 194076 75961 754845 430267 983734 245691 403363 873180 440690 111369
288342 718350 596255 733682 761407 532019 744741 75663 931019 463176 471191 999999999 686426 877983 426195 602203 634972 874005 445133 207440 285382 555381 954952 584639 477662 354022 104252 460330 436059 486845 357499 756688 813638 651422 905630 122567 434368 405908 182833 50982 874493 315470 331531 830953 545552 835489 46986 112218 852517 514714 692602 469598 673644 393051 426292 928805 285491 671306 389018 380441 965818 824513 810941 136212 305495 861274 634674 528176 523297 543704 201583 260577 350618 941749 474738 460138 304460 616849 878171 450348 637193 354719 462484 951342 634663 465641 661749 380250 376487 919522 293284 539921 439201 48531 880592 289109 78059 411116 134467 437213
514536 154942 139998 82897 243523 715688 88474 624387 500166 327704 692645 686426 999999999 225828 631490 584680 82406 424987 829633 568664 766262 468034 428375 430372 208888 354463 589624 868845 735166 624705 757989 91177 216932 197994 446640 746052 730603 283880 581857 639572 397016 468319 714934 151063 379030 186197 707759 653672 181702 203630 333994 354146 218305 617251 791244 306427 400936 431711 479599 591626 540840 159535 152832 726424 455093 175801 537241 172890 450831 212170 695425 619343 610650 493941 722878 751500 771137 78823 205165 858725 206985 381063 314244 373744 223072 793376 391883 332466 514624 525383 711404 750644 459001 649906 303065 774661 632102 816758 552057 775361
659531 333311 364852 151672 402827 782707 142110 809584 361855 450021 776618 877983 225828 999999999 857303 617384 306922 299234 1054976 783726 905136 518908 250437 470085 410674 569842 788376 1094015 832502 849431 878332 135301 94224 249489 306925 951246 828056 474010 746614 834792 525782 613621 839038 187100 444221 42885 905165 860357 56152 363835 526803 463812 241538 722232 896549 353239 597387 633314 595785 700864 396028 227361 239277 895214 607746 114569 748753 394899 516975 437717 911009 760875 835572 347528 948529 977325 992140 303721 217424 965914 417110 538476 539967 442314 276454 1019182 393390 550167 630549 400872 844879 818718 684692 836759 396333 913383 814999 1041453 744655 876020
581099 565338 493165 709687 555978 885933 717640 442270 1063261 622992 829255 426195 631490 857303 999999999 885030 550880 990714 208007 234513 700480 792484 1032460 796198 487501 335692 358818 248449 816788 64261 759622 722419 834702 720663 1019837 360773 813831 471579 524960 389740 600396 572754 724041 726635 735831 817370 398304 314390 810776 576002 430318 649498 750040 734281 826508 737395 397299 351273 655540 711428 1104166 700638 683687 559322 548969 787715 256266 468640 757174 419859 246363 622750 76370 1065413 93877 120141 222459 554320 752288 863439 464462 536018 318137 719874 721299 163209 835499 341432 665768 1070639 690839 904860 173197 440545 667595 705682 456123 206376 391831 830831
322985 724617 626958 556268 811072 182963 564638 531946 434037 298128 206634 602203 584680 617384 885030 999999999 610535 415137 1000673 674605 432394 118558 524820 155259 492605 571883 581428 1026998 276249 920967 363440 579350 523192 397671 439903 722618 273071 452862 420329 591804 967772 316570 344890 710889 207572 591224 648351 668436 633922 416621 848043 265104 390069 224303 343762 887476 488962 906045 231776 227196 453261 734501 732272 521459 338613 683739 956504 569748 144916 644643 763326 349602 819451 453197 969546 974789 874820 579423 766174 406152 719989 352810 664986 958399 368703 998857 224540 579709 230829 401340 374702 216274 774007 555159 887387 438056 525498 971179 529096 317626
494012 115681 57934 164745 200537 724915 170826 577825 573542 330310 695495 634972 82406 306922 550880 610535 999999999 497874 750848 501487 742685 492042 508281 460540 168587 290125 534693 790342 731359 542712 743406 173290 297916 249784 521258 685017 726841 246588 548360 586344 357285 449470 699431 198053 403036 268130 652297 592340 260026 200674 264420 360726 275028 612983 782859 312283 352021 355971 475181 586196 614692 189646 176633 687883 432723 243416 457111 107312 469841 131020 626947 597457 532867 568763 641709 670997 697616 31211 243213 848401 131856 359779 235245 363252 269496 713272 437016 266093 508810 595807 691474 758683 377974 601907 288562 751019 586835 739042 501984 769308
599182 575121 547052 348789 659525 597846 348854 798606 75749 413149 613227 874005 424987 299234 990714 415137 497874 999999999 1163777 849602 804268 362032 110427 315254 503314 659925 808877 1199012 680113 1001174 752669 356380 228257 270896 31645 974953 676281 528507 705085 842756 801728 562493 722673 469450 333749 300034 912330 894628 344582 415715 758878 404407 241351 593618 748576 647896 637531 853844 505944 581343 117164 507162 514565 844783 569175 407341 950708 536456 380588 606176 969660 679739 948173 74701 1084520 1104739 1069715 477106 510698 814852 629286 523216 685373 735342 269738 1141035 223318 650335 532908 103895 741660 631409 831242 826476 681592 811552 798865 1142600 756092 723752
679743 772235 693834 905095 763880 965776 913715 492299 1233613 771786 905682 445133 829633 1054976 208007 1000673 750848 1163777 999999999 328635 729277 923502 1215321 936344 666976 504883 424044 40446 877926 245975 802597 919677 1025214 898251 1194039 335687 875863 635501 597424 429866 801542 684721 775220 931953 880743 1014032 402477 344922 1010624 749024 636502 793590 926943 818100 871400 945020 536612 551012 769497 799754 1273550 907089 890202 578460 664010 990934 440922 661327 888084 620473 246788 691371 220086 1238006 141125 100134 141546 751286 959223 893478 671261 671456 515683 924990 894797 59506 989075 517474 771065 1236023 737598 977973 377536 478743 874611 732387 503609 34753 473335 881790
357875 562601 452195 632415 589736 656999 642528 209388 916555 446931 599005 207440 568664 783726 234513 674605 501487 849602 328635 999999999 467985 594888 911410 608189 374515 214476 125074 358655 583288 289462 525209 651689 737291 593135 880616 194999 580447 325018 291643 162940 686302 358037 489550 698575 553706 741031 194242 109700 747775 443122 502530 466903 620316 505823 591998 766757 212864 469218 442860 484522 955475 684102 668721 332183 336470 742803 427235 396696 559457 387054 127283 389502 158966 922749 303776 302705 220123 491440 738756 629795 470242 343702 289035 776774 585063 324347 664167 236324 447204 915475 456384 674058 234419 211191 710194 473546 223463 301717 158661 596443
251838 848784 723248 785166 913490 296594 796259 258620 842728 455737 241655 285382 766262 905136 700480 432394 742685 804268 729277 467985 999999999 443175 904613 489015 574640 523350 342958 742117 182225 757351 84515 810745 821729 656044 833877 396459 182660 497523 207377 312157 1050849 298309 87580 917138 480789 866755 326801 394288 896820 564067 881437 441712 668006 213833 148463 1054844 420767 888284 311728 223054 869236 923160 913370 150916 311419 924614 879196 649211 423968 694468 486954 147037 624118 858772 757170 744641 587911 716159 971336 165048 791758 385441 646307 1098136 630425 751022 581470 546749 278767 818038 62729 290838 674955 260760 1023407 8401 244601 694942 321963 166007
267048 606302 508665 444273 692578 263810 453213 480945 400145 184358 261927 555381 468034 518908 792484 118558 492042 362032 923502 594888 443175 999999999 465563 50431 376861 468738 516107 952580 324269 823865 391007 468172 425820 286349 391127 670195 320126 343009 373993 535862 849247 245144 360691 598225 89376 489040 599188 605017 529620 298503 730685 152062 282695 231585 391902 772390 395544 791324 166363 220169 428463 620129 617155 499161 262330 575898 846760 452630 35534 528233 695192 327359 730916 415743 880213 888941 805021 460914 654006 460111 601900 256618 554228 841710 256907 916268 142284 473832 183273 378208 380836 299831 670542 506915 770171 450281 477332 895904 461850 368455
689193 566236 562722 346044 644154 707224 342565 880364 131773 491858 720800 954952 428375 250437 1032460 524820 508281 110427 1215321 911410 904613 465563 999999999 417064 548411 710938 882806 1252040 786888 1036409 856470 345606 212015 318579 91971 1049920 782962 586478 792685 920370 774744 649669 824862 435810 426945 266698 990923 965949 304247 468913 757579 488533 291094 696462 855224 602513 702959 859093 600312 682576 155295 475728 486233 935975 653560 364965 965288 566572 480974 628881 1034974 775300 996578 111618 1126182 1149566 1130370 493163 467679 922137 635085 600536 718447 691952 327046 1188046 323964 697901 629405 178039 841884 741058 866447 908412 646636 912111 881865 1196481 831625 830754
298001 573174 481797 401196 660648 312899 409704 509372 357493 175476 312349 584639 430372 470085 796198 155259 460540 315254 936344 608189 489015 50431 417064 999999999 358850 466222 537835 966828 374536 824028 439528 424493 376640 242616 344997 696295 370370 335002 405858 561619 817520 269968 407962 555744 63864 441143 627144 626763 482479 274273 706748 146837 236436 279398 442026 732300 402337 772831 198654 266151 387940 579254 577129 537091 283862 530311 834975 430569 65945 507495 713973 367614 737729 372002 885773 896744 822327 429721 611140 510368 575753 264979 542587 803875 213530 925984 93115 468530 221122 338906 426408 348854 666041 536121 733378 496313 506918 909905 483340 418729
327790 275384 152600 260736 347591 580316 271357 415718 576334 194862 544345 477662 208888 410674 487501 492605 168587 503314 666976 374515 574640 376861 548411 358850 999999999 164049 382033 703941 573649 499104 578502 282008 363510 233250 532338 541758 569212 78082 379998 431226 497226 284550 534275 356095 295277 367816 500039 450230 378644 92801 357438 227935 262568 456277 621358 480276 192214 414657 321270 428885 617452 354770 343159 521077 266236 383679 478881 81848 347696 152381 501586 430164 448234 578014 581351 602590 588154 144211 406414 685352 236488 195005 190309 525825 234479 640171 368712 149505 352635 585920 524517 612202 330249 441074 450813 582952 423708 648718 343239 609534
313476 364731 245198 418321 409072 612781 428318 307903 730978 290982 564559 354022 354463 569842 335692 571883 290125 659925 504883 214476 523350 468738 710938 466222 164049 999999999 250518 541192 574462 358281 550962 437291 527220 393379 689865 394965 570512 135906 315974 303622 532763 285711 507692 488151 404102 527265 365847 302301 533306 244388 358546 319800 422067 467994 606915 574848 105264 370855 356123 441189 771456 476878 462313 431564 260997 529221 391395 183616 434453 189709 341614 395855 288278 734416 428380 445790 424432 277889 531331 662127 284365 220520 122994 599004 390378 481203 500198 26267 376785 736316 486666 639159 202221 327992 527312 530990 319402 485544 228115 601853
258476 615202 494119 641263 657206 543500 652146 84498 870391 395894 484092 104252 589624 788376 358818 581428 534693 808877 424044 125074 342958 516107 882806 537835 382033 250518 999999999 447457 463038 414532 400989 663438 729111 571457 840465 167172 460443 314371 174490 53346 770882 271114 366461 731760 490802 745595 118136 88991 759867 428371 589517 408321 595675 394442 468296 825339 191081 572386 353759 375718 907152 723811 709893 210711 254340 765214 544509 427491 481755 440014 181942 270962 282707 879284 422639 416332 293566 517957 777795 504825 533072 285927 358355 847122 557566 431381 606123 276669 350608 863306 332350 557909 344013 90319 776492 348587 98647 392778 54495 473804
704937 812577 733449 943887 804291 986171 952595 511885 1268349 804132 925769 460330 868845 1094015 248449 1026998 790342 1199012 40446 358655 742117 952580 1252040 966828 703941 541192 447457 999999999 895494 285386 817417 958717 1063225 934505 1229422 346024 893600 670517 619189 449102 840912 711962 791703 972086 912136 1052943 416111 365108 1049991 784916 676658 825154 963055 839926 886111 985375 568947 590385 796526 822446 1308092 947369 930490 591239 691870 1030776 478860 699988 917265 660131 266947 711553 258574 1273093 179051 138472 156594 790395 999560 905343 711601 702309 555115 964929 930459 95169 1021533 554519 796704 1269962 753598 997142 417754 496585 914863 744816 522567 57018 498264 897528
261201 845193 726024 734696 921113 115741 745048 386578 707039 407482 69730 436059 735166 832502 816788 276249 731359 680113 877926 583288 182225 324269 786888 374536 573649 574462 463038 895494 999999999 867276 99177 760171 742012 586728 707314 556137 4566 505073 291836 448345 1070043 295089 106172 880830 388540 798637 481850 533547 835146 534205 916619 382530 591104 118428 68496 1038649 470093 944471 256532 145215 728412 894598 887766 315665 317955 873412 958873 654848 317743 715226 631232 194054 742085 725262 885432 879099 739014 701569 936926 135842 807889 380738 693123 1094607 558076 891918 466119 593000 222549 676483 145339 109100 756439 399230 1019842 184977 374658 844614 424998 44195
625170 544065 484817 705181 525267 931838 712384 498734 1074920 649109 876346 486845 624705 849431 64261 920967 542712 1001174 245975 289462 757351 823865 1036409 824028 499104 358281 414532 285386 867276 999999999 813870 715861 833840 730280 1029461 424784 864158 493022 576063 448515 555577 613139 777107 708427 762271 810813 460570 375680 800631 590267 393443 677285 759823 780383 880004 704171 432074 305043 694170 756632 1116180 679853 662817 618555 588790 773002 199244 469848 788927 412841 310466 673383 136435 1075769 108856 147458 282923 549733 729807 919184 444478 569022 317970 680157 733483 192236 857187 359467 706881 1084988 744949 952220 170217 498741 632190 762816 512754 251799 443629 883205
251089 853796 730356 768029 924031 214746 778850 319045 785698 435704 163258 357499 757989 878332 759622 363440 743406 752669 802597 525209 84515 391007 856470 439528 578502 550962 400989 817417 99177 813870 999999999 793724 791187 629148 781236 473448 100182 504248 242936 377595 1067302 294136 44360 907344 441206 841877 401335 462048 875104 554369 904514 416367 637708 160561 68810 1054983 445884 921020 283853 178354 809764 916995 908530 228251 312584 907921 922578 656993 377069 709684 557596 155212 683646 802854 821815 811947 661913 715155 962678 111180 805543 383908 673213 1104290 601881 821115 532630 572368 248552 758062 68936 206829 718123 326544 1029268 86374 305787 768614 371222 82346
559975 221498 231082 25696 303507 726982 15165 691103 429554 358031 711226 756688 91177 135301 722419 579350 173290 356380 919677 651689 810745 468172 345606 424493 282008 437291 663438 958717 760171 715861 793724 999999999 134201 181974 374464 823720 755622 350782 637837 711632 446521 513349 752115 132734 382988 95034 781165 732006 96656 250481 411973 378835 190824 644606 820301 314991 472626 514244 510372 620670 468947 162266 165179 785224 503701 114216 624115 259955 457418 303333 778894 664087 700288 420798 813965 842370 857966 168452 187040 889074 291832 431091 404803 395312 211313 884075 368154 416758 545821 459536 752979 762745 550084 717587 333093 819120 697654 906207 622396 802193
580255 355636 353674 134231 436312 689482 130554 742777 298837 369899 684845 813638 216932 94224 834702 523192 297916 228257 1025214 737291 821729 425820 212015 376640 363510 527220 729111 1063225 742012 833840 791187 134201 999999999 167401 243215 894683 737604 417101 672276 772900 574480 535228 752868 241393 353491 75911 843857 805708 122279 300759 545886 380225 153844 633551 806841 421719 540004 647081 510611 613077 337148 278905 286481 820750 531669 183345 754173 366064 425255 422347 863907 679354 805164 288577 927722 953574 951600 285291 284847 876182 423231 465630 517255 508146 191433 993741 299170 510517 544805 332151 760650 725463 665093 770445 453341 829885 747062 1008987 682417 785761
412924 350759 289504 158599 439861 546737 167121 579195 345011 202558 534166 651422 197994 249489 720663 397671 249784 270896 898251 593135 656044 286349 318579 242616 233250 393379 571457 934505 586728 730280 629148 181974 167401 999999999 299380 738346 582226 268118 505357 612714 594686 367827 589606 313235 202597 212845 683769 651790 248452 150335 513417 214425 29550 474251 649405 491549 386685 598872 346300 452179 386436 337968 336995 653679 364501 290343 686896 267806 277107 340776 717417 512641 680609 345496 814531 835763 811829 223055 368530 718691 379602 299836 414855 566361 29509 873003 194102 381787 381110 358743 595529 582647 560356 607074 498325 664262 582779 878669 522538 629731
630459 594788 571585 368608 677970 622847 367888 830221 55733 444768 639953 905630 446640 306925 1019837 439903 521258 31645 1194039 880616 833877 391127 91971 344997 532338 689865 840465 1229422 707314 1029461 781236 374464 243215 299380 999999999 1006573 703540 558998 736493 874399 817691 593966 751809 482714 364944 311951 943974 926152 355154 445520 780597 436032 269902 622636 775807 658634 668695 877015 536833 610858 94549 521181 529407 875872 600758 417882 975715 563415 410563 632090 1000927 710352 978035 47523 1113679 1134278 1100711 501477 521634 841644 652167 554835 713060 746846 299497 1170829 253642 679882 563469 94944 771330 655982 859398 858086 695266 841103 830452 1173073 787708 750781
404433 754097 639284 802410 784348 654147 813090 190898 1035331 561805 593316 122567 746052 951246 360773 722618 685017 974953 335687 194999 396459 670195 1049920 696295 541758 394965 167172 346024 556137 424784 473448 823720 894683 738346 1006573 999999999 554656 478244 302293 134676 880171 426441 450667 883068 652872 908374 75584 92677 920373 594015 696384 572554 762757 515546 541819 960260 354834 656151 504395 502521 1071496 871463 856628 245841 413083 921775 597399 578114 637062 577666 114521 383130 291798 1044760 389269 367330 194460 671463 926013 559323 663876 451740 482906 971730 724712 364660 768890 419585 494704 1026725 411859 661219 421096 167695 904820 398961 197197 300994 218890 554605
257189 840695 721573 730145 916662 114564 740499 384316 703480 402918 66784 434368 730603 828056 813831 273071 726841 676281 875863 580447 182660 320126 782962 370370 569212 570512 460443 893600 4566 864158 100182 755622 737604 582226 703540 554656 999999999 500722 288915 446190 1065648 290851 105222 876265 384124 794160 480256 531376 830640 529656 912373 377966 586647 113895 72297 1034099 466207 940444 251990 140716 724999 890033 883205 314736 313774 868871 955168 650430 313415 710900 629136 191082 739201 721654 882746 876586 737092 697043 932361 140000 803508 376376 689060 1090090 553585 889593 462031 588980 218032 673075 144366 109363 752830 397224 1015330 185606 372477 842598 422083 48419
253162 351388 226486 327857 419810 521137 338883 341210 598138 159961 480857 405908 283880 474010 471579 452862 246588 528507 635501 325018 497523 343009 586478 335002 78082 135906 314371 670517 505073 493022 504248 350782 417101 268118 558998 478244 500722 999999999 301918 361267 565480 211810 459910 432821 271786 431241 431323 388656 446683 118342 414257 191148 295416 389375 549697 557852 123525 457240 259095 361776 638201 432577 421138 443573 191745 456689 504054 152799 310356 210451 449667 354002 422097 602586 564105 580612 543982 222169 483857 612342 303130 124390 212126 601318 260873 614905 364461 134187 287649 601792 448543 551415 331423 367270 526414 505804 348504 614095 271674 539229
107864 649626 523454 612998 710272 369029 624265 111772 757961 305378 309626 182833 581857 746614 524960 420329 548360 705085 597424 291643 207377 373993 792685 405858 379998 315974 174490 619189 291836 576063 242936 637837 672276 505357 736493 302293 288915 301918 999999999 173033 844742 143047 202936 732457 372172 705613 228339 254354 729691 387398 674146 304336 523640 220774 306026 858490 213875 682216 207994 203764 791186 734095 722933 148649 141224 749210 679709 449670 342880 489750 352255 97869 450298 770051 594640 590155 463473 524001 784682 352953 587300 208195 438937 896971 484312 605870 487279 339444 193700 743540 175120 383709 475211 135067 822708 215039 105306 565498 133169 307478
271067 668195 546648 689023 710552 537116 700002 62824 902021 429975 476671 50982 639572 834792 389740 591804 586344 842756 429866 162940 312157 535862 920370 561619 431226 303622 53346 449102 448345 448515 377595 711632 772900 612714 874399 134676 446190 361267 173033 999999999 823625 291788 347009 782933 518598 792133 71061 85217 807806 472736 641889 439242 635927 392267 446095 878469 239169 622126 370418 376530 937812 775705 761949 170101 278531 814859 589039 479304 502553 493216 183080 262532 313459 911869 445281 434366 292625 568918 829543 476600 586411 320200 411503 900465 597301 444309 634724 329810 362257 892655 310468 548275 391309 51447 829829 316922 73749 396903 90485 454343
817131 245060 346776 458133 156872 1075563 455820 838217 873313 682336 1041418 874493 397016 525782 600396 967772 357285 801728 801542 686302 1050849 849247 774744 817520 497226 532763 770882 840912 1070043 555577 1067302 446521 574480 594686 817691 880171 1065648 565480 844742 823625 999999999 777177 1022983 339013 760313 508886 875089 795247 470741 554429 183802 714057 615242 953226 1114989 205073 630975 250534 818418 925749 911414 299016 288994 963993 756328 411941 369131 415529 826385 357645 786707 913872 628567 862703 662734 702633 811894 388357 314807 1176681 262357 689479 413855 139327 618608 747002 787860 507595 849815 905363 1007956 1108231 464980 855841 135826 1058796 850426 805461 758460 1104700
46636 559708 436786 487883 631156 327381 499046 239918 616772 165508 279092 315470 468319 613621 572754 316570 449470 562493 684721 358037 298309 245144 649669 269968 284550 285711 271114 711962 295089 613139 294136 513349 535228 367827 593966 426441 290851 211810 143047 291788 777177 999999999 250033 619025 230715 573795 357306 359945 601396 265759 621531 161575 384174 183206 337888 761406 186313 652041 84850 155993 650881 626027 616784 288154 24955 626899 676363 363893 211166 420849 451229 151274 504801 628292 654801 658722 561859 421567 673479 400933 514826 89774 400305 810213 345083 682302 346662 301673 93916 604176 243271 353455 479741 267083 735187 306709 238353 655768 217041 327796
206759 809603 686059 726420 879684 214737 737304 286574 758739 394150 157039 331531 714934 839038 724041 344890 699431 722673 775220 489550 87580 360691 824862 407962 534275 507692 366461 791703 106172 777107 44360 752115 752868 589606 751809 450667 105222 459910 202936 347009 1022983 250033 999999999 864590 405309 802053 376833 432105 834549 511309 860539 375951 599129 129274 103152 1011154 402509 878075 243443 142719 784325 873762 865139 209521 268274 866331 881632 612666 344047 665375 529000 111872 648415 775255 788745 780397 635475 671299 919789 154695 761195 339805 629715 1060087 562743 791317 500959 528836 208496 732915 39167 214261 677379 296815 985068 93185 273907 741603 333575 107539
665341 166058 246994 154699 220380 854154 146871 771365 538439 474054 835200 830953 151063 187100 726635 710889 198053 469450 931953 698575 917138 598225 435810 555744 356095 488151 731760 972086 880830 708427 907344 132734 241393 313235 482714 883068 876265 432821 732457 782933 339013 619025 864590 999999999 511537 171131 849623 790392 131738 353635 352692 498347 323480 763646 938585 183657 546241 461762 626886 738607 575307 40285 53647 876244 606093 75675 583467 305163 585504 316910 823197 770165 718309 526485 813232 846003 889391 214106 56271 1006599 263959 532080 422667 267513 342214 889782 500875 463946 662171 573294 861898 889667 554492 796254 212572 925538 779645 923203 697172 921838
265582 517053 421306 358537 603561 344222 367900 469891 386079 113167 332819 545552 379030 444221 735831 207572 403036 333749 880743 553706 480789 89376 426945 63864 295277 404102 490802 912136 388540 762271 441206 382988 353491 202597 364944 652872 384124 271786 372172 518598 760313 230715 405309 511537 999999999 411410 586203 579210 449800 212204 645058 87265 203401 281592 453491 684020 344745 709569 173377 263070 420293 532282 528866 511092 240425 492904 771113 368010 74532 444625 663369 348364 678916 397885 826131 838208 770192 371958 567561 522797 514969 210225 478748 752583 173164 868467 116244 405630 203024 374198 418248 380096 603101 497355 680887 488563 468901 855131 436514 432270
619903 303787 325998 109487 378241 752639 100372 767353 367632 411129 744228 835489 186197 42885 817370 591224 268130 300034 1014032 741031 866755 489040 266698 441143 367816 527265 745595 1052943 798637 810813 841877 95034 75911 212845 311951 908374 794160 431241 705613 792133 508886 573795 802053 171131 411410 999999999 862457 817473 46372 321687 497135 426239 208011 686983 861914 347920 554583 602138 558618 665023 404209 210308 219941 854135 567302 107984 715215 353311 485012 398364 868310 721883 794414 355387 908987 937283 949916 263175 210734 931242 382815 497419 499602 435361 240821 978883 368941 507780 593612 403550 806912 788675 645106 794463 383640 875035 772896 1000133 702045 841893
332440 730256 610621 758794 768409 578774 769724 118256 970736 500001 517942 46986 707759 905165 398304 648351 652297 912330 402477 194242 326801 599188 990923 627144 500039 365847 118136 416111 481850 460570 401335 781165 843857 683769 943974 75584 480256 431323 228339 71061 875089 357306 376833 849623 586203 862457 999999999 87057 877497 543558 691934 508281 706929 440018 470005 939528 308552 663302 432932 427246 1006102 841121 827020 176030 345777 883334 618201 545015 566641 554199 163175 307561 324256 980948 440215 423053 261155 635949 895240 491159 645237 390491 467066 957793 668264 425836 702442 391702 421629 960399 338286 586292 428660 93273 888395 329961 123039 368159 161469 481779
345582 662334 546778 710965 694694 621243 721574 147380 957210 482354 560978 112218 653672 860357 314390 668436 592340 894628 344922 109700 394288 605017 965949 626763 450230 302301 88991 365108 533547 375680 462048 732006 805708 651790 926152 92677 531376 388656 254354 85217 795247 359945 432105 790392 579210 817473 87057 999999999 828659 505562 611575 496022 676978 474937 530686 869324 265899 578522 442138 457999 994352 778902 764120 247530 343330 829341 531182 485446 570716 485809 98314 346660 239258 965650 363331 350505 209125 578868 833434 559238 573253 372797 392792 882942 639499 359284 694228 326992 437702 951007 395334 633053 343305 135550 815110 398581 158899 312211 143456 539352
647845 278200 317615 118835 346693 792658 107807 786213 410658 441369 782292 852517 181702 56152 810776 633922 260026 344582 1010624 747775 896820 529620 304247 482479 378644 533306 759867 1049991 835146 800631 875104 96656 122279 248452 355154 920373 830640 446683 729691 807806 470741 601396 834549 131738 449800 46372 877497 828659 999999999 342797 471479 458745 247139 722041 897483 303556 568947 578467 591299 699360 446306 171875 183369 877715 593357 62793 695044 354076 523936 390978 874903 750976 792040 397548 901170 930912 952541 260523 166481 966698 364385 521903 494947 391718 277349 973284 412839 512339 626554 447706 837799 828675 637720 812895 342693 905150 792454 998205 718356 878065
312262 316316 210436 225601 398975 524241 236868 445755 487440 129680 495637 514714 203630 363835 576002 416621 200674 415715 749024 443122 564067 298503 468913 274273 92801 244388 428371 784916 534205 590267 554369 250481 300759 150335 445520 594015 529656 118342 387398 472736 554429 265759 511309 353635 212204 321687 543558 505562 342797 999999999 432856 160189 178327 415859 588635 504453 239663 499813 277750 389689 528227 362734 354743 535060 254232 362652 570077 156470 273026 233779 568007 417030 532516 490297 669627 689117 661533 169806 408557 655691 303404 180928 283055 562388 146025 725335 276689 234840 312339 495067 508298 558054 422215 472977 488199 572467 451209 728894 382287 573508
657944 193572 227208 413268 139502 934836 415585 659369 834143 551789 895062 692602 333994 526803 430318 848043 264420 758878 636502 502530 881437 730685 757579 706748 357438 358546 589517 676658 916619 393443 904514 411973 545886 513417 780597 696384 912373 414257 674146 641889 183802 621531 860539 352692 645058 497135 691934 611575 471479 432856 999999999 584762 539265 802680 956400 311476 460895 109456 673174 775080 874833 316413 300258 786686 598961 426610 234835 278335 703345 205570 603894 749569 450455 827850 502297 540340 634166 290388 358009 1015175 134052 537854 236359 289980 531370 585278 695628 334702 701830 858552 842351 965543 283401 675815 238755 889163 671974 636691 580053 948415
203473 476405 368356 353212 559020 364425 363804 394216 462822 33082 338543 469598 354146 463812 649498 265104 360726 404407 793590 466903 441712 152062 488533 146837 227935 319800 408321 825154 382530 677285 416367 378835 380225 214425 436032 572554 377966 191148 304336 439242 714057 161575 375951 498347 87265 426239 508281 496022 458745 160189 584762 999999999 226846 265942 441543 659776 257480 640955 132564 241838 499018 513059 506976 449460 165297 492742 694701 306669 120546 380271 578127 299397 591865 472687 739397 751103 684114 329729 554486 510245 459455 124226 402170 721086 188804 781218 198650 323182 167816 455017 381105 398582 520513 422113 647315 449910 394699 768140 354492 423897
428438 372588 316719 169441 461538 545519 176632 600738 315478 218761 536218 673644 218305 241538 750040 390069 275028 241351 926943 620316 668006 282695 291094 236436 262568 422067 595675 963055 591104 759823 637708 190824 153844 29550 269902 762757 586647 295416 523640 635927 615242 384174 599129 323480 203401 208011 706929 676978 247139 178327 539265 226846 999999999 480825 655011 504381 412575 626236 356770 459814 356914 350741 351071 671449 382442 293904 715548 296996 277103 369465 744075 526228 709574 315961 843901 864971 839377 249283 377750 724376 405761 320296 444371 581510 39364 902068 178066 410842 390976 329605 606837 581537 589906 628708 515006 676146 603845 907123 546031 634547
157168 726961 608394 619023 803449 151653 629536 329675 629574 289757 97178 393051 617251 722232 734281 224303 612983 593618 818100 505823 213833 231585 696462 279398 456277 467994 394442 839926 118428 780383 160561 644606 633551 474251 622636 515546 113895 389375 220774 392267 953226 183206 129274 763646 281592 686983 440018 474937 722041 415859 802680 265942 480825 999999999 175727 920312 365932 835245 138129 27608 655543 776751 769720 299079 207413 758305 857148 537751 216514 599823 572980 132644 661939 646008 809467 807615 684043 583155 819643 244737 691386 265075 583511 976234 446200 825218 372504 484691 104214 604269 153004 172928 657667 348966 901495 220468 320545 786262 348474 158207
298631 895347 773930 794706 968692 174243 805239 387049 775384 464537 137241 426292 791244 896549 826508 343762 782859 748576 871400 591998 148463 391902 855224 442026 621358 606915 468296 886111 68496 880004 68810 820301 806841 649405 775807 541819 72297 549697 306026 446095 1114989 337888 103152 938585 453491 861914 470005 530686 897483 588635 956400 441543 655011 175727 999999999 1092495 501667 977742 311766 200007 796464 950769 943270 296251 358783 934029 983999 701508 383980 758152 626378 212905 750712 793673 889829 880376 730683 753685 994462 69366 852661 426547 728049 1145580 621102 889826 533977 627214 276627 744528 136084 156982 779934 395149 1070618 148261 373943 837407 436600 26597
806197 211027 336349 334980 182520 1022109 328371 878494 714047 632183 998258 928805 306427 353239 737395 887476 312283 647896 945020 766757 1054844 772390 602513 732300 480276 574848 825339 985375 1038649 704171 1054983 314991 421719 491549 658634 960260 1034099 557852 858490 878469 205073 761406 1011154 183657 684020 347920 939528 869324 303556 504453 311476 659776 504381 920312 1092495 999999999 654733 412772 782197 894084 749071 153693 155249 994460 744972 240777 540032 409289 756646 385429 882806 909741 748096 700443 812976 850379 929704 339861 137198 1158868 296518 671838 477722 89668 519725 895324 682389 548672 816676 751215 1003726 1057030 577569 900660 76077 1063167 888699 942980 800001 1077853
