NAME : synthetic_000955
TYPE : CTSP-D
DIMENSION : 100
GROUPS : 8
RELAXATION_LEVEL : 1
EDGE_WEIGHT_TYPE : EXPLICIT
EDGE_WEIGHT_FORMAT : FULL_MATRIX
EDGE_WEIGHT_SECTION
999999999 646977 102041 359348 84428 626672 231878 236749 637463 598869 453209 393955 622834 285730 604691 704189 858259 658929 530759 257818 407688 195185 195728 155390 778392 299046 217817 720765 431437 875680 212234 354379 459465 211200 446319 322404 685663 762011 824946 588654 171452 174315 722122 784737 495527 360283 723868 850339 125535 488288 556032 236118 777135 587515 662533 233752 686841 639508 529627 676578 318299 903494 455372 272262 808771 348559 328566 698277 404952 802208 352361 209745 198037 338109 303821 446574 759979 274274 282263 651323 576042 718973 619788 336870 728196 232678 412480 678952 536753 194719 410032 310382 287519 46940 174538 528639 464202 508872 159805 556581
646977 999999999 737987 293272 704244 42185 780692 543610 442341 793372 195459 332694 493028 738647 793447 79844 560111 788513 219562 430629 957695 730863 529796 541953 341060 860060 634574 246252 624326 236334 441297 292787 408317 574655 250287 463326 120934 764807 474718 438138 630299 652674 661277 259306 991909 295400 797181 247217 557714 711009 340391 473403 700447 137247 479513 870040 656263 172554 312450 93367 859440 778863 689638 527261 261655 449888 672499 672943 473602 330524 389575 791725 771010 310594 499272 500034 187745 376049 499099 73216 164495 757441 689420 540188 432187 761260 288588 89186 200663 453385 710045 515552 378176 651637 772499 458400 230761 853800 804409 619225
102041 737987 999999999 455537 119192 715096 157860 268852 680506 575806 546659 495783 657483 240519 582264 791205 898927 643444 631345 359773 315470 236873 294806 211808 841773 210336 213765 791863 432447 969571 297223 447311 560238 302590 546272 368027 782852 761694 874615 630788 174261 163978 735765 858058 411677 445746 713750 931093 226392 472289 612605 337748 789206 685590 701131 133733 698383 739128 631668 772601 234398 915656 441774 304843 883636 448678 311057 707891 502989 868457 454349 123563 217392 432829 401494 542761 839517 370835 322748 746673 654565 715577 619706 429850 777013 168426 513245 774703 612921 291055 387345 342308 367308 129226 182976 566359 563719 460736 104545 565422
359348 293272 455537 999999999 411699 280162 525453 320562 472813 675541 98187 122071 494226 509862 678218 359361 670360 699965 192398 143889 711076 440607 241421 282815 512688 605597 399657 430728 480265 516810 171939 34895 245664 291014 108099 286058 327389 734988 606756 438853 380509 402015 652056 481576 766564 95578 736226 519564 264442 569567 354630 187991 704213 231266 510302 589202 630447 289223 237270 317317 611606 814776 539529 321307 498788 211443 472951 646664 265242 523698 149069 527199 479005 27226 240488 310295 436484 85075 298291 291990 271783 709196 617169 293532 524978 510593 96061 319621 250157 164806 535017 329873 144370 359814 479386 413607 119203 677994 513806 538807
84428 704244 119192 411699 999999999 687374 275785 321007 720825 673938 508829 424143 707049 348756 680008 765978 941689 736696 567462 289962 431720 121245 205046 239311 856014 328762 295522 794890 512633 927241 283404 412524 468841 197560 486829 406254 731721 843785 906788 672216 249725 248729 805909 857330 530455 427175 803314 917402 150548 565300 636766 257599 860806 632177 746396 220053 770368 679030 552520 725266 353498 987259 532957 356630 880306 356481 403920 781581 403691 878507 375038 242751 114960 393718 303420 439216 828387 328206 366603 701540 646242 800040 701359 323147 810388 283613 450051 728175 608855 252662 484311 394781 360405 54321 90127 612734 506014 572157 108069 639560
626672 42185 715096 280162 687374 999999999 751058 511461 400746 752122 182333 334804 451020 705415 752116 79201 524306 746575 236633 421571 925911 720595 520450 514958 309767 829920 602887 214424 584851 268933 417874 274894 420856 567610 253108 427955 161783 722801 440306 396004 600788 623109 619470 236473 957192 269760 754998 243433 543324 670959 298207 465154 659048 161565 438130 846080 614190 206425 331800 134447 828210 738970 650132 493485 243315 452214 636639 630883 481420 302815 389878 763804 759125 294511 498546 511246 171345 359936 465241 111697 122341 715270 647369 542516 393609 730960 289398 130628 159403 435035 671983 480048 351195 634075 758698 416441 234894 815173 785326 577426
231878 780692 157860 525453 275785 751058 999999999 244818 627064 440602 603303 593926 591853 104919 447496 821253 834975 513970 714842 464852 186935 394716 423003 243495 818275 80297 155047 785011 332973 1016944 353621 507606 677950 443016 628218 344083 845907 645813 825813 578132 150395 128023 637582 854051 264138 487088 588193 942163 351334 348522 585252 454306 687600 754548 639809 168934 598612 814543 733151 831214 89467 811598 322710 272078 882330 570865 201115 605361 631137 849790 562802 44516 373767 499323 531482 674908 849763 447368 298532 803349 668391 597271 508097 567931 729530 26027 601135 832244 623442 374178 261424 300819 403864 273247 338371 510216 642810 308271 242230 467454
236749 543610 268852 320562 321007 511461 244818 999999999 411655 396554 379951 418831 390329 196149 401140 579085 630453 444033 512079 319332 414453 426715 332661 90769 581664 321013 91723 542202 207966 779610 164258 294180 528046 378269 428648 102709 619925 531462 606309 361945 102382 122099 485932 610824 452796 258539 501642 697360 277173 282793 349209 332129 541153 535625 432840 374578 451273 599645 552614 602395 317126 667269 249230 36366 638653 440517 154412 463275 506848 611134 407668 266551 434579 293373 423669 555887 604950 261488 55989 573776 423927 491047 390899 475496 508683 222428 411036 602692 378811 216794 225675 74619 179617 277618 410895 297983 438998 362124 369813 323034
637463 442341 680506 472813 720825 400746 627064 411655 999999999 411521 434900 590923 60763 537005 408846 414489 220875 379581 578980 584024 749316 809831 654296 482186 228370 687407 480880 254872 320516 617417 462284 440193 712090 709308 538236 315524 562430 325009 198775 49786 509964 525867 219530 313274 733640 381942 368569 430094 629929 374414 120386 621052 258582 536906 39223 779468 219226 596373 666340 535182 670669 349814 371201 375732 343552 681537 437973 235195 737985 267144 621338 660449 828485 460546 699246 782945 358425 493474 358650 511317 282640 324588 279336 755598 103884 601216 552995 531352 262532 519692 422588 338771 394701 670872 810360 116911 531787 534618 780812 232676
598869 793372 575806 675541 673938 752122 440602 396554 411521 999999999 697046 791011 351424 338951 7223 791179 536812 79313 849172 711015 459686 792996 728798 483551 639093 455376 381259 660335 196668 1003733 552686 642234 909367 772481 777506 390415 901469 230565 572516 384859 427596 425544 275116 722949 394508 587159 156098 838061 669875 113864 464641 727685 305372 842741 395151 606799 241017 909111 911838 877195 426000 410094 147591 375596 753591 831989 270399 236676 898237 678121 791788 485095 786737 650925 819394 947602 759357 640245 389448 849185 631935 181392 140572 871890 500842 419350 771599 875121 592756 610608 189663 353215 535566 645450 755260 341088 781491 173772 675257 181847
453209 195459 546659 98187 508829 182333 603303 379951 434900 697046 999999999 171741 467120 575296 698763 261477 614220 710754 153894 239500 785988 538272 338199 360218 436228 683542 466513 348464 508171 422945 253290 99352 283175 386070 104302 321363 242638 725151 543042 409304 454406 476600 633408 393372 832540 121746 737483 423428 362461 598488 314613 283285 682259 155909 473904 679749 617059 221046 232711 228451 686548 784099 571373 372238 408173 284071 524659 633818 325597 442557 219561 609501 577102 115438 323905 364098 342850 180702 345826 201262 192494 705415 620263 372426 469921 586179 127229 229884 183546 258800 577198 371311 201837 456381 577538 399207 96944 722582 609619 542963
393955 332694 495783 122071 424143 334804 593926 418831 590923 791011 171741 999999999 614908 596097 794042 409721 781531 818831 146063 136355 780729 418306 223019 362319 607936 672068 487345 519395 594622 523810 256368 156911 123596 255910 82414 400629 321106 856971 713061 558894 459914 479564 773957 561014 847985 217649 857053 577395 275391 682608 471404 167082 825900 222894 628982 627265 752516 258701 139249 321338 682888 935361 651462 426202 573365 117492 573243 768734 153894 613536 58165 587404 463513 142531 167642 194114 504413 157410 406225 303413 364235 830743 737935 207870 636364 583149 45872 325570 352769 220316 641138 440347 255463 379611 473174 535520 102094 780822 531917 659613
622834 493028 657483 494226 707049 451020 591853 390329 60763 351424 467120 614908 999999999 497531 348600 470039 243603 318899 615737 594763 704180 802265 657922 467823 287742 648044 451327 315149 273420 675434 462116 460336 737693 712313 568415 301471 611920 271782 241525 58099 484283 498389 169947 374036 682728 400243 310076 490798 627294 319661 157357 629242 215568 579837 49955 749292 163529 641290 699813 585001 629479 320551 319281 353964 404312 698541 397168 180071 757620 326724 640635 627493 817511 479126 711439 803973 418192 504933 340712 560125 330324 267194 218574 768150 154458 565841 579587 581470 304738 522056 373817 315843 400469 659120 797116 94892 563829 479212 759800 174318
285730 738647 240519 509862 348756 705415 104919 196149 537005 338951 575296 596097 497531 999999999 345689 770599 739058 410639 702258 478184 224253 469998 457424 233874 738818 150581 110212 714260 231532 974145 341724 486309 693779 487957 617022 280849 815969 540923 735382 489214 138280 122175 533990 783775 257415 454307 484175 878808 387862 243773 508028 477281 583414 730555 546481 273851 494891 793841 733978 798543 134697 707013 217814 212096 813091 593706 100733 501232 657756 772248 574287 148445 456577 482720 562802 704482 787189 440932 240350 769923 611426 492456 403298 606265 640569 81315 595260 798836 565802 378268 156614 231106 373786 331971 423058 421208 629063 223796 336934 364718
604691 793447 582264 678218 680008 752116 447496 401140 408846 7223 698763 794042 348600 345689 999999999 790527 531772 72144 851094 714977 466866 798938 733537 488451 636151 462540 387005 658365 200075 1002930 556628 644806 912667 777459 779843 393413 902003 223624 568301 382913 433358 431524 269475 720674 401351 589450 148898 836000 674925 118736 463689 731981 299072 843940 391894 613806 235744 910266 914323 877622 433187 403207 152496 379744 751279 835877 276322 231075 902095 675210 795291 491983 792921 653720 823696 951468 757724 643692 393208 849675 631696 174547 136199 876337 497391 426166 774279 875502 592796 614781 195822 356850 538640 651232 761532 340171 783652 180762 681871 180187
704189 79844 791205 359361 765978 79201 821253 579085 414489 791179 261477 409721 470039 770599 790527 999999999 504680 778357 299340 500526 992919 799749 599484 588454 278564 899349 670803 187722 634543 213300 494220 353683 488130 646290 327413 490540 177528 739489 416666 419156 671494 693690 633500 186667 1019023 345463 779347 168057 622408 717610 327667 544009 668049 215973 449065 921367 633078 243326 391720 151664 896192 736366 699317 558618 185094 527183 696924 649319 552774 262436 465828 835860 838325 373550 575101 579775 111267 438905 530406 142171 164124 737198 677622 617565 387037 800381 364897 145926 208696 513452 726255 541962 425393 712530 837797 450640 308357 867026 863206 612201
858259 560111 898927 670360 941689 524306 834975 630453 220875 536812 614220 781531 243603 739058 531772 504680 999999999 477568 741272 793063 939301 1029899 869078 702929 229348 889170 694716 317047 510555 667568 680462 640412 897375 924269 718089 536084 678088 355295 89766 269665 726682 741379 266235 335420 906872 586150 431140 440312 848525 540143 321076 832243 259080 681480 197859 992868 296378 730730 834826 650766 869297 260561 547387 594242 355517 881779 638360 303169 933550 256769 819061 871012 1049214 662363 905537 975643 409085 702904 578489 633325 430878 384559 397309 960969 145410 808950 739702 645643 430721 736142 606666 556619 610142 891716 1031234 332569 707708 692078 1000205 390345
658929 788513 643444 699965 736696 746575 513970 444033 379581 79313 710754 818831 318899 410639 72144 778357 477568 999999999 864446 749548 538998 854008 776028 533730 602043 532651 441482 633783 236429 988511 591833 665698 939797 822300 797676 420913 901219 152769 521987 361520 487699 488111 211561 692719 472342 607896 76897 809676 720836 171621 451060 769913 233894 850048 356939 681503 182695 915684 933144 875866 503722 332484 203754 418613 722829 869266 333541 174445 934977 641192 824879 558296 850666 676794 861387 984310 735963 673381 428121 848644 624557 104898 101207 915388 459211 491757 795587 873286 588743 651968 256355 391078 565294 704897 820305 330137 799694 252529 744668 170217
530759 219562 631345 192398 567462 236633 714842 512079 578980 849172 153894 146063 615737 702258 851094 299340 741272 864446 999999999 277541 901271 564150 368683 473857 540714 794607 592050 446246 658091 381617 362901 218190 190175 401590 86649 467275 178452 877509 662971 557649 572031 593264 783806 473106 958859 264544 891260 465381 417372 748385 460128 312117 831305 87052 618203 764415 768943 112647 95647 183190 802031 928707 720176 510403 478985 251391 663010 785771 261115 537629 202326 713629 609555 219566 307706 282488 405758 267597 485869 170992 310506 858780 774149 338235 600893 701077 118336 188195 317947 343991 721443 514883 333459 520864 619062 551873 73217 865877 674640 696851
257818 430629 359773 143889 289962 421571 464852 319332 584024 711015 239500 136355 594763 478184 714977 500526 793063 749548 277541 999999999 650716 300281 99172 246873 650912 541420 373334 572140 515737 642910 158353 161919 215680 147129 197714 331030 443991 809733 736046 543872 339963 357710 738945 624791 723780 207988 797274 662735 139890 598490 472217 44104 793485 344168 619004 490935 712061 389114 272306 439578 554284 911440 565578 335723 642489 121299 470327 727191 187676 664190 97952 455097 341476 138698 117131 236898 580332 90564 322148 417588 413452 777257 679513 173849 648946 456252 160215 442953 387757 102999 544895 358970 196292 243777 346202 505310 217378 677408 397123 603003
407688 957695 315470 711076 431720 925911 186935 414453 749316 459686 785988 780729 704180 224253 466866 992919 939301 538998 901271 650716 999999999 539597 602906 428328 958931 109523 323138 937780 430785 1193880 539143 691918 862352 616794 814697 504603 1028496 688156 945320 703415 331740 309718 708444 1007307 113354 667500 615728 1103056 531667 405743 730157 638040 750836 938834 754041 238615 669524 999737 919921 1012748 99559 865751 393047 434638 1036798 753709 314362 671819 812126 993283 748586 198159 507186 684669 711321 854254 1011436 633996 462742 984526 835000 638268 567554 743674 853164 200506 787994 1013482 789427 561108 332648 455319 584787 443335 470766 636238 828991 289003 361289 550985
195185 730863 236873 440607 121245 720595 394716 426715 809831 792996 538272 418306 802265 469998 798938 799749 1029899 854008 564150 300281 539597 999999999 201196 338818 923642 441667 412629 854150 626155 940069 352232 450796 430063 162639 492912 501374 738559 956044 987710 762702 366336 367476 912274 912275 643142 479859 919015 959579 186818 683134 715947 258202 967631 639252 838348 310722 877954 676609 529104 736607 468369 1093455 650359 460757 932583 324026 522616 889983 354188 942366 362060 359060 49238 428987 265253 379016 874432 365858 466383 715980 698941 913570 814097 263405 893321 403955 453632 740350 666371 304524 603617 497942 427497 150130 76380 707374 513199 693381 182991 749226
195728 529796 294806 241421 205046 520450 423003 332661 654296 728798 338199 223019 657922 457424 733537 599484 869078 776028 368683 99172 602906 201196 999999999 245817 740071 493812 363457 664690 539600 740208 197226 255362 266308 55199 293372 372338 539834 852171 817423 610910 322440 335584 790633 719564 686971 293177 830633 760962 71669 614935 548577 57428 846014 440132 687073 418847 760660 481255 347619 536699 511369 967791 581233 357688 738269 154136 470739 774808 209277 755485 170890 404751 243284 232644 108562 251934 677537 173828 351530 515442 506921 815679 715974 148955 727050 419639 254566 540274 478177 135962 550410 388156 259609 167781 250478 565026 313482 671368 312994 642554
155390 541953 211808 282815 239311 514958 243495 90769 482186 483551 360218 362319 467823 233874 488451 588454 702929 533730 473857 246873 428328 338818 245817 999999999 630995 323791 126609 580083 298236 777403 111002 264114 461514 289113 387566 167017 602673 621917 671028 433295 98438 119410 573684 646474 486815 246611 592269 722091 187117 369726 404193 252249 629125 511076 507161 335267 539837 571450 500562 588491 328820 754743 335974 122542 672325 365716 226666 552279 431302 657025 341377 250074 350206 256343 342353 479500 630052 208412 128086 560877 445212 581776 481613 391804 573942 227822 363276 589695 402599 145079 305068 159192 163882 191857 329319 373430 401170 431740 303631 413020
778392 341060 841773 512688 856014 309767 818275 581664 228370 639093 436228 607936 287742 738818 636151 278564 229348 602043 540714 650912 958931 923642 740071 630995 999999999 886238 664632 95344 539261 440457 574622 489295 713334 794036 534527 478955 454899 521135 139806 263909 684045 703281 414944 107694 953493 446995 579974 220888 736837 600714 233174 693846 434535 471104 245297 955957 428085 513600 636272 428117 873459 477174 594761 549352 131918 718778 644569 441664 761694 39163 654197 845968 951916 512526 753046 798719 179737 566345 525677 413461 243823 533303 503927 804970 145420 793365 562984 422685 263229 619174 641710 517764 497703 802378 941001 326538 520555 760991 933912 461046
299046 860060 210336 605597 328762 829920 80297 321013 687407 455376 683542 672068 648044 150581 462540 899349 889170 532651 794607 541420 109523 441667 493812 323791 886238 999999999 229636 857183 379889 1096373 433829 587900 752830 509136 707963 417553 926160 673442 885886 639403 229999 207625 677096 926500 201821 566989 608944 1017208 422447 377750 654090 528521 724328 834836 697048 163591 637811 894738 811172 911369 31802 845351 357054 345798 955226 644255 250943 642757 702941 918838 639243 89324 413609 579529 602307 745410 924958 527038 373085 883457 744892 623847 541443 635647 790859 98991 680392 912364 699684 452967 293898 371610 483805 336165 377168 571349 722734 301869 271009 510515
217817 634574 213765 399657 295522 602887 155047 91723 480880 381259 466513 487345 451327 110212 387005 670803 694716 441482 592050 373334 323138 412629 363457 126609 664632 229636 999999999 629973 219766 870743 231986 376366 588123 400395 506827 189041 708046 550666 678761 431290 46371 49811 522001 699003 367233 346223 507841 787823 297605 270517 431459 376534 575482 621324 497315 298652 484647 684218 624663 691311 225444 701978 237760 117032 727302 491401 111588 494298 556565 695568 467947 181625 410019 372522 464999 604312 695505 331389 143720 662861 515301 505786 408215 511921 581599 131594 485380 691815 470058 271669 193364 146930 264700 264243 380958 364293 518859 308117 318310 351746
720765 246252 791863 430728 794890 214424 785011 542202 254872 660335 348464 519395 315149 714260 658365 187722 317047 633783 446246 572140 937780 854150 664690 580083 95344 857183 629973 999999999 534634 369128 511504 410361 621449 717566 443810 441002 361803 572795 229616 275476 643594 664140 465451 69527 943585 374316 622529 177950 667806 606277 210819 615781 493705 375784 283119 912142 471480 418676 541876 334713 847541 552331 595131 512969 99395 632425 625741 486683 672572 94141 567842 808753 885325 433516 669628 708144 104886 491196 487034 318993 158948 577602 532967 720060 204465 761115 473948 329428 187788 550416 635006 485581 434499 740693 877092 326438 428996 764541 879037 478604
431437 624326 432447 480265 512633 584851 332973 207966 320516 196668 508171 594622 273420 231532 200075 634543 510555 236429 658091 515737 430785 626155 539600 298236 539261 379889 219766 534634 999999999 847408 357447 447470 712701 586133 583780 194354 724875 331308 514752 277019 263805 269312 306250 602718 414408 394160 294424 709954 485108 90342 324466 534364 358193 658376 323316 499168 267845 724946 717208 702206 358940 484105 65314 182321 633392 636356 131875 276253 702476 575877 595218 373276 627577 455220 626001 751861 623169 443620 193604 673543 470694 287546 188806 679540 423905 307330 576231 700803 427498 416614 102546 156965 339166 476063 599724 212768 588845 233004 536788 135155
875680 236334 969571 516810 927241 268933 1016944 779610 617417 1003733 422945 523810 675434 974145 1002930 213300 667568 988511 381617 642910 1193880 940069 740208 777403 440457 1096373 870743 369128 847408 999999999 674575 522272 559770 778764 447162 696794 203236 940336 577978 627480 866558 888937 833208 332867 1226084 530834 985496 232780 777754 930872 539359 682782 862808 301103 649220 1102506 836539 275427 447927 203516 1095729 917045 912310 762332 312229 633007 905182 852303 637558 410800 581678 1027403 983473 537594 689006 649665 265068 601721 734100 225777 376714 941985 887436 719166 572871 997589 486456 199974 420344 680976 937907 748826 613911 876198 989088 662780 426902 1079556 1030514 823941
212234 441297 297223 171939 283404 417874 353621 164258 462284 552686 253290 256368 462116 341724 556628 494220 680462 591833 362901 158353 539143 352232 197226 111002 574622 433829 231986 511504 357447 674575 999999999 155109 363794 250754 276711 176988 494554 657974 635632 417135 209149 230380 593694 574094 596828 148893 641371 638137 168107 440326 363914 179242 649001 401362 493408 428754 564275 460922 392798 481601 439689 770566 407556 177690 597466 279346 318132 578689 345654 595871 243480 356897 377649 145703 270012 394988 547758 99483 163928 454552 364062 623357 524565 325005 541824 338674 253552 483143 325659 62241 389468 200863 77160 229189 366537 368516 290170 526035 372032 449284
354379 292787 447311 34895 412524 274894 507606 294180 440193 642234 99352 156911 460336 486309 644806 353683 640412 665698 218190 161919 691918 450796 255362 264114 489295 587900 376366 410361 447470 522272 155109 999999999 280488 307416 137357 253647 339446 700102 578814 405327 360304 382215 617430 464218 743593 60809 701481 509356 269356 537078 322861 205427 669726 246990 477378 580407 595642 308278 269750 326824 592360 780848 507427 292408 483027 241995 444867 611840 297947 502272 181155 511985 486855 23241 266633 343712 423639 85608 268394 300119 251917 674325 582447 321117 495191 491528 129903 328531 226066 160657 504801 298820 115284 359395 484643 378992 145475 648549 511652 504083
459465 408317 560238 245664 468841 420856 677950 528046 712090 909367 283175 123596 737693 693779 912667 488130 897375 939797 190175 215680 862352 430063 266308 461514 713334 752830 588123 621449 712701 559770 363794 280488 999999999 275331 179918 519849 360698 980458 825614 681324 555605 573374 897473 655658 938674 341243 979562 655070 334012 799416 592055 224436 949279 276973 750460 685079 876111 284557 112425 370090 767384 1057947 767576 539396 664129 112458 681540 892325 81237 714939 120583 664981 478874 265423 167314 92368 591969 269627 521520 360554 472279 953852 860444 172264 752895 670619 159165 375497 466719 316479 753062 556805 374710 434088 497133 659055 192796 889375 575545 782195
211200 574655 302590 291014 197560 567610 443016 378269 709308 772481 386070 255910 712313 487957 777459 646290 924269 822300 401590 147129 616794 162639 55199 289113 794036 509136 400395 717566 586133 778764 250754 307416 275331 999999999 332012 424207 576670 902578 872496 665718 357138 367879 843118 771386 706712 347456 878746 809492 103059 658723 603773 103038 898587 477694 741917 417350 812584 513998 368651 575522 529328 1020939 624963 405331 789438 164916 510051 826505 206491 808849 199425 419885 209057 284411 108039 241920 727453 227725 401090 555704 559327 865167 765205 127280 782236 442706 292521 579432 531657 190282 590844 437288 314670 173585 223168 619119 352386 706361 301809 692761
446319 250287 546272 108099 486829 253108 628218 428648 538236 777506 104302 82414 568415 617022 779843 327413 718089 797676 86649 197714 814697 492912 293372 387566 534527 707963 506827 443810 583780 447162 276711 137357 179918 332012 999999999 390571 246556 821759 645713 510956 485853 506971 732848 482187 873202 190428 829370 495207 336286 673677 417852 235975 782772 146781 577103 679647 714711 193271 135626 243698 715497 886793 644377 429039 493350 199783 580957 731322 229983 537751 139601 627059 536483 135274 249436 264358 423482 180948 405519 223790 292520 799512 710953 290159 574042 614569 39560 247495 287389 257695 642080 436177 251825 438665 543253 496283 20395 785563 593124 632848
322404 463326 368027 286058 406254 427955 344083 102709 315524 390415 321363 400629 301471 280849 393413 490540 536084 420913 467275 331030 504603 501374 372338 167017 478955 417553 189041 441002 194354 696794 176988 253647 519849 424207 390571 999999999 551166 480987 506911 266419 205091 224543 419109 509976 529313 202789 466286 599881 331557 283519 246620 355865 474650 475629 340153 477186 388408 541716 523202 531004 410290 598038 253816 72009 538268 449237 209299 402473 514564 508539 404000 368350 516059 260875 445794 563817 507790 252470 46724 502067 330578 446751 348533 501386 409403 320453 381947 530512 284953 239163 255855 52245 145290 357699 496166 206765 396657 401311 466290 272528
685663 120934 782852 327389 731721 161783 845907 619925 562430 901469 242638 321106 611920 815969 902003 177528 678088 901219 178452 443991 1028496 738559 539834 602673 454899 926160 708046 361803 724875 203236 494554 339446 360698 576670 246556 551166 999999999 883589 591393 556207 697012 719222 780851 363754 1072610 361837 913367 320487 581335 813527 457359 482475 820810 99826 599902 916551 774677 78846 250960 27624 929101 899752 789943 608951 359456 429824 759322 791441 436570 439949 378772 851394 782729 351023 485782 452137 287034 412038 581526 52582 281736 874640 803362 516425 552615 828803 285298 32454 312976 491862 804535 602975 443856 682161 789806 572054 226652 949756 836894 731175
762011 764807 761694 734988 843785 722801 645813 531462 325009 230565 725151 856971 271782 540923 223624 739489 355295 152769 877509 809733 688156 956044 852171 621917 521135 673442 550666 572795 331308 940336 657974 700102 980458 902578 821759 480987 883589 999999999 416445 327614 595089 599882 107359 622276 624870 639521 83230 739668 805253 297552 427196 836632 96324 848157 291268 814733 109392 910881 956336 856728 645953 179730 323585 500009 650419 924443 452166 92494 987935 559079 872945 689227 958745 715311 925809 1036416 677674 725590 501598 831677 601885 49944 142508 981814 376169 621931 826997 853229 574356 720136 384431 465856 615402 805950 931032 325964 819969 404324 865415 209848
824946 474718 874615 606756 906788 440306 825813 606309 198775 572516 543042 713061 241525 735382 568301 416666 89766 521987 662971 736046 945320 987710 817423 671028 139806 885886 678761 229616 514752 577978 635632 578814 825614 872496 645713 506911 591393 416445 999999999 247793 706274 722903 316834 245663 923444 528060 485694 351831 803163 558203 271763 776876 322905 599483 191570 977046 339723 646396 757549 564245 868650 344941 560082 570959 266134 817671 635890 350027 866406 167252 753951 858907 1010524 601449 845413 906770 319488 647145 551868 547810 354473 438276 432114 899805 97626 799977 669877 558998 360292 687847 615335 534907 561929 855075 995139 315601 634007 715802 973084 408963
588654 438138 630788 438853 672216 396004 578132 361945 49786 384859 409304 558894 58099 489214 382913 419156 269665 361520 557649 543872 703415 762702 610910 433295 263909 639403 431290 275476 277019 627480 417135 405327 681324 665718 510956 266419 556207 327614 247793 999999999 460182 476128 227558 338865 691308 345755 360526 453250 584160 337109 99822 579678 273661 522164 76279 729826 218497 583975 641956 529482 623256 376641 330944 325986 369653 644990 390833 235294 703120 301597 586161 611132 780511 424703 659980 749016 375439 453560 309145 504172 274479 319553 260316 716571 151539 552335 522863 526107 247290 475614 379534 288987 351791 622639 761896 68072 506091 497281 731243 203174
171452 630299 174261 380509 249725 600788 150395 102382 509964 427596 454406 459914 484283 138280 433358 671494 726682 487699 572031 339963 331740 366336 322440 98438 684045 229999 46371 643594 263805 866558 209149 360304 555605 357138 485853 205091 697012 595089 706274 460182 999999999 22383 563216 711923 388488 337028 553616 795914 254897 316853 451515 339447 617216 607133 528837 272394 526374 668396 598517 681742 232216 743834 284023 135868 739403 455606 157654 536552 519938 713444 436342 166122 364439 353797 426106 566996 703446 306825 158368 653716 520587 550714 452581 471338 608723 131829 461697 682644 476103 240745 239392 171387 253895 217878 335977 394486 499208 349434 278272 393931
174315 652674 163978 402015 248729 623109 128023 122099 525867 425544 476600 479564 498389 122175 431524 693690 741379 488111 593264 357710 309718 367476 335584 119410 703281 207625 49811 664140 269312 888937 230380 382215 573374 367879 506971 224543 719222 599882 722903 476128 22383 999999999 571790 732626 368441 359384 555668 817410 266656 316615 470443 355328 625293 629115 543670 254446 534457 690190 618403 704032 210166 751788 284463 154128 760263 471961 155251 544099 535746 733082 454624 144845 362569 375391 440638 582347 724943 327447 177875 676026 542351 554664 457507 484514 625462 109581 482295 704951 497760 259776 236161 188282 276234 221228 332708 409819 520543 338826 268520 401556
722122 661277 735765 652056 805909 619470 637582 485932 219530 275116 633408 773957 169947 533990 269475 633500 266235 211561 783806 738945 708444 912274 790633 573684 414944 677096 522001 465451 306250 833208 593694 617430 897473 843118 732848 419109 780851 107359 316834 227558 563216 571790 999999999 515206 660425 556637 168886 632709 750116 303032 327241 769340 55602 749702 184575 804965 39292 811234 865912 753766 652549 181373 320202 451519 543541 849388 437005 38486 911062 453201 794677 678847 920157 634390 855998 958681 570334 651663 447497 729309 499665 121457 142133 912597 269647 612293 741205 750083 474672 655734 383320 414505 542700 763547 895188 238449 729517 440130 840309 171170
784737 259306 858058 481576 857330 236473 854051 610824 313274 722949 393372 561014 374036 783775 720674 186667 335420 692719 473106 624791 1007307 912275 719564 646474 107694 926500 699003 69527 602718 332867 574094 464218 655658 771386 482187 509976 363754 622276 245663 338865 711923 732626 515206 999999999 1012628 433084 676823 117731 726780 672757 279713 668781 538465 395567 337530 979574 524868 429344 568187 338267 917002 584819 662555 581975 30864 676516 695184 539353 712169 79909 612344 877347 944990 487065 717153 744816 77640 547249 555849 327966 213336 630938 592610 765582 246831 830255 515160 332480 248474 610078 703511 554929 497516 803031 938110 393010 465695 831652 943635 541768
495527 991909 411677 766564 530455 957192 264138 452796 733640 394508 832540 847985 682728 257415 401351 1019023 906872 472342 958859 723780 113354 643142 686971 486815 953493 201821 367233 943585 414408 1226084 596828 743593 938674 706712 873202 529313 1072610 624870 923444 691308 388488 368441 660425 1012628 999999999 711314 547140 1115136 615311 366889 732916 716421 697209 987924 732463 349678 622807 1051254 986840 1054661 177863 804539 363464 465029 1042943 833372 322443 622419 894552 989797 821440 288739 613576 739500 795355 938778 1025352 695211 493042 1025928 856884 575894 518384 832015 836058 268357 850044 1054778 811375 627970 311867 477393 631173 535278 577068 626966 885735 221474 468869 517067
360283 295400 445746 95578 427175 269760 487088 258539 381942 587159 121746 217649 400243 454307 589450 345463 586150 607896 264544 207988 667500 479859 293177 246611 446995 566989 346223 374316 394160 530834 148893 60809 341243 347456 190428 202789 361837 639521 528060 345755 337028 359384 556637 433084 711314 999999999 642020 490613 293787 484321 266356 249170 609004 277654 418617 576335 534869 342553 325442 345304 568357 720637 455745 250593 454593 299640 403195 551087 357438 463430 240453 496568 511905 78951 319435 403769 401214 119888 224434 317027 220155 614219 523111 375140 441516 468742 188631 345985 186587 177069 457764 251244 83243 372949 505588 318208 194690 602775 519976 444777
723868 797181 713750 736226 803314 754998 588193 501642 368569 156098 737483 857053 310076 484175 148898 779347 431140 76897 891260 797274 615728 919015 830633 592269 579974 608944 507841 622529 294424 985496 641371 701481 979562 878746 829370 466286 913367 83230 485694 360526 553616 555668 168886 676823 547140 642020 999999999 794543 778657 241831 456792 820529 175448 869676 339752 756304 152066 934153 964929 887174 580226 260212 272018 473417 706031 915237 402764 138376 980171 618713 867573 632343 917855 714523 911322 1029261 726720 717253 479567 860916 632748 47431 119123 966323 434709 565467 830650 884129 600735 702709 328408 442681 607549 769203 888375 343105 829624 328535 815966 197447
850339 247217 931093 519564 917402 243433 942163 697360 430094 838061 423428 577395 490798 878808 836000 168057 440312 809676 465381 662735 1103056 959579 760962 722091 220888 1017208 787823 177950 709954 232780 638137 509356 655070 809492 495207 599881 320487 739668 351831 453250 795914 817410 632709 117731 1115136 490613 794543 999999999 778410 783513 385516 706637 654886 380001 455146 1057350 642598 396028 555623 299946 1010046 695701 771438 671433 89373 694886 794579 657076 720733 186080 633063 962032 996211 530725 741942 747015 92468 594895 644159 299811 276879 748668 709276 785264 363756 919381 532314 293886 320178 665371 809138 647882 564331 863295 993257 503884 476299 941090 1010144 656422
125535 557714 226392 264442 150548 543324 351334 277173 629929 669875 362461 275391 627294 387862 674925 622408 848525 720836 417372 139890 531667 186818 71669 187117 736837 422447 297605 667806 485108 777754 168107 269356 334012 103059 336286 331557 581335 805253 803163 584160 254897 266656 750116 726780 615311 293787 778657 778410 999999999 556206 531627 111857 805711 481720 660345 354146 718266 528652 407661 575299 439743 929561 522449 305859 747778 223049 407009 731658 280494 755629 229574 333521 218450 248875 180185 323590 691534 183762 304096 551977 513590 766599 666453 218885 709789 348120 299664 578321 480028 117712 487788 339414 241563 104267 215395 532847 355472 604329 257270 595491
488288 711009 472289 569567 565300 670959 348522 282793 374414 113864 598488 682608 319661 243773 118736 717610 540143 171621 748385 598490 405743 683134 614935 369726 600714 377750 270517 606277 90342 930872 440326 537078 799416 658723 673677 283519 813527 297552 558203 337109 316853 316615 303032 672757 366889 484321 241831 783513 556206 999999999 399459 614296 347616 748341 368663 517361 263959 814914 806715 790483 351594 467606 33760 262774 703611 719650 161925 267046 785977 638650 680968 392216 679117 544227 705980 835299 699253 529846 278101 761933 554602 248772 164027 758238 474097 325011 665397 788925 512467 497527 87177 242630 427436 534546 648685 279864 678979 160308 574180 150211
556032 340391 612605 354630 636766 298207 585252 349209 120386 464641 314613 471404 157357 508028 463689 327667 321076 451060 460128 472217 730157 715947 548577 404193 233174 654090 431459 210819 324466 539359 363914 322861 592055 603773 417852 246620 457359 427196 271763 99822 451515 470443 327241 279713 732916 266356 456792 385516 531627 399459 999999999 511172 372192 422482 159299 723779 317918 484154 546419 430855 642335 469617 386101 316376 310083 564829 416630 334768 619815 264772 503605 612816 739106 343985 585603 664133 299828 381921 293256 405135 176015 417337 350735 641466 178618 560452 432905 427650 147475 417032 424287 284610 290877 584459 724456 123555 411535 555827 707775 284640
236118 473403 337748 187991 257599 465154 454306 332129 621052 727685 283285 167082 629242 477281 731981 544009 832243 769913 312117 44104 638040 258202 57428 252249 693846 528521 376534 615781 534364 682782 179242 205427 224436 103038 235975 355865 482475 836632 776876 579678 339447 355328 769340 668781 716421 249170 820529 706637 111857 614296 511172 999999999 824274 382748 655301 465979 741222 424557 296133 479272 543625 943792 580939 352418 686568 117061 478717 755995 180496 707607 118021 440550 300701 182267 91716 227799 624416 129748 341879 458071 457210 802515 703805 145794 688693 448065 197259 482853 430852 117985 555845 378943 228857 215432 307552 538312 256066 683776 365600 628361
777135 700447 789206 704213 860806 659048 687600 541153 258582 305372 682259 825900 215568 583414 299072 668049 259080 233894 831305 793485 750836 967631 846014 629125 434535 724328 575482 493705 358193 862808 649001 669726 949279 898587 782772 474650 820810 96324 322905 273661 617216 625293 55602 538465 697209 609004 175448 654886 805711 347616 372192 824274 999999999 794057 220934 855625 90854 854446 914962 793491 698922 126635 367435 506880 565527 903149 487826 82259 964411 471540 847829 729420 975171 687125 910584 1011804 598234 705822 503066 769847 541139 131495 183735 967227 291750 662556 792303 789569 518869 710992 430532 469967 597196 818767 949951 291002 778774 475819 893740 223818
587515 137247 685590 231266 632177 161565 754548 535625 536906 842741 155909 222894 579837 730555 843940 215973 681480 850048 87052 344168 938834 639252 440132 511076 471104 834836 621324 375784 658376 301103 401362 246990 276973 477694 146781 475629 99826 848157 599483 522164 607133 629115 749702 395567 987924 277654 869676 380001 481720 748341 422482 382748 794057 999999999 575801 819321 738790 66573 175912 98578 839280 883839 722523 528099 398862 334665 680381 755698 347928 464188 280928 757951 683154 256142 389229 369336 324987 314969 501557 83992 256827 833994 755436 423013 545715 738494 185703 103051 275227 394584 731342 526254 356772 582936 690004 526682 126828 876869 737653 680181
662533 479513 701131 510302 746396 438130 639809 432840 39223 395151 473904 628982 49955 546481 391894 449065 197859 356939 618203 619004 754041 838348 687073 507161 245297 697048 497315 283119 323316 649220 493408 477378 750460 741917 577103 340153 599902 291268 191570 76279 528837 543670 184575 337530 732463 418617 339752 455146 660345 368663 159299 655301 220934 575801 999999999 795768 188366 634954 705484 572567 678825 310612 369000 396574 367134 718245 446312 203610 775306 284460 658519 674806 855475 497413 734739 820565 387707 528549 381494 549048 320978 294516 258681 791226 106448 613825 591436 568635 301656 551856 423769 358842 427800 697370 836259 134858 570815 527758 802651 221613
233752 870040 133733 589202 220053 846080 168934 374578 779468 606799 679749 627265 749292 273851 613806 921367 992868 681503 764415 490935 238615 310722 418847 335267 955957 163591 298652 912142 499168 1102506 428754 580407 685079 417350 679647 477186 916551 814733 977046 729826 272394 254446 804965 979574 349678 576335 756304 1057350 354146 517361 723779 465979 855625 819321 795768 999999999 766174 872645 761645 906146 195325 980069 491612 408160 1006124 572707 367967 773366 622815 984701 583663 126210 273238 566312 521855 659191 965270 504554 430523 880092 780472 766131 676876 543192 879702 193292 646179 908196 737665 424786 430317 442723 496150 251242 237510 662942 697240 462629 127818 634220
