NAME : synthetic_000395
TYPE : CTSP-D
DIMENSION : 100
GROUPS : 8
RELAXATION_LEVEL : 1
EDGE_WEIGHT_TYPE : EXPLICIT
EDGE_WEIGHT_FORMAT : FULL_MATRIX
EDGE_WEIGHT_SECTION
999999999 521140 350647 647851 646620 390631 269754 458023 304025 833096 356982 259604 112537 689242 756882 457229 603517 315508 739938 456690 682289 263769 580170 433985 126364 343965 468083 456770 351802 344676 277706 439748 420839 299875 390108 724734 289055 165287 637826 286357 417094 100631 706487 246162 603895 203927 237047 211033 228878 664608 558885 562459 547116 451037 133266 712487 356335 33859 189703 284880 504821 479169 504166 738794 582586 217633 557098 571352 817391 343164 236263 767979 103757 762011 673845 226338 269387 331045 557987 752951 562952 247415 569387 455446 627467 455377 599124 439452 298125 537832 191862 167391 432437 245044 517421 263674 395162 321700 499907 356109
521140 999999999 856064 303728 496785 889578 296006 947271 675884 678647 659074 679442 548979 891387 986899 884706 669187 764816 1049140 170327 444228 702568 153778 930557 402912 586250 127895 806032 373806 863445 429576 372977 248546 810556 287206 600373 296872 355855 724081 760009 121176 582034 1035752 286466 980225 360949 492755 485831 396031 534674 88178 252047 841226 167312 549754 932829 877320 553847 490481 734634 544003 617570 390450 556656 772458 635926 309330 82302 590381 863801 338569 581083 417653 1085362 633291 352956 664909 197118 851941 738723 881325 283935 644470 923230 205480 245369 928448 287235 284843 590005 666645 657460 866322 527527 696443 693567 897802 235679 635939 341359
350647 856064 999999999 914573 829220 302741 571352 365121 283643 975586 366167 418748 393054 621034 645800 223705 671914 391071 558835 806938 898213 394749 928998 330438 476765 423723 780014 335838 687641 185306 602504 661231 770482 234037 737540 873509 580758 507333 679070 340044 761571 274121 512818 594882 384976 553189 539562 406473 485900 831919 878817 836200 442934 753507 312221 621549 149672 324517 391554 170146 633201 551127 717987 915126 562787 413023 903856 894183 1001551 157591 585537 940655 450230 562425 787802 574636 259867 659352 449226 828796 425625 595779 644684 152386 924205 804991 435991 699898 592583 642409 194245 311784 201777 528973 536556 212401 291448 671809 562607 603202
647851 303728 914573 999999999 240717 1038351 378921 1105726 663835 389287 611276 872203 719605 732416 830061 866281 481910 947835 930543 466708 155995 888062 447746 1081767 566573 532083 224065 748344 642160 980431 672700 262314 537244 945493 567712 331627 358797 506579 534401 928395 389405 665030 930986 487087 912675 567206 717830 508329 436030 278058 217767 85955 743145 216040 610196 777718 981913 681004 524488 758093 386023 488931 223658 271248 628571 825746 613058 230923 289722 972255 558548 290943 561651 971654 398120 570677 670335 356322 751808 496006 790829 483443 469654 933105 110743 541694 837403 215659 349916 420506 722797 811811 855375 751136 565480 712643 1042357 478635 499238 311656
646620 496785 829220 240717 999999999 1017176 417548 1089115 550327 199408 477475 900604 743820 511764 607306 727150 260097 962119 723726 633084 102465 908824 650307 1060196 608415 407751 379063 590638 761121 936553 764404 210578 687725 918833 706201 104371 391712 551624 307373 931252 542948 626458 731782 572912 736951 641762 788665 453607 418362 38606 424777 248600 557854 347820 563061 557344 927913 675128 474863 660277 206547 310798 148431 92191 422060 855378 792946 442727 174570 922028 645263 121389 589405 766146 158192 653683 569613 456227 564554 255622 607268 569297 257760 809794 343418 702136 650705 252025 389781 221064 654784 812582 722491 817468 373870 616865 1017372 596732 312616 298755
390631 889578 302741 1038351 1017176 999999999 660327 72959 529560 1190311 613274 242799 340726 909628 943387 526179 915616 163334 861572 785457 1064400 212167 913324 43537 489875 645986 853993 625131 603322 117439 513296 818929 724096 98896 681090 1082833 679586 544608 934378 138846 774014 390723 815505 603113 687438 531721 437121 563579 610811 1029460 939255 953058 734042 839839 454359 915142 155197 357351 542335 426735 846434 787542 882563 1108632 835641 272273 829974 949588 1191235 145224 558653 1136874 483789 864681 1013813 544428 494153 712451 741604 1073920 722690 605656 884250 450144 1015801 755414 736836 828148 688752 868134 380714 232890 503483 409631 794234 451829 16493 662695 803800 740379
269754 296006 571352 378921 417548 660327 999999999 727042 380954 615666 372498 499029 343530 647474 736643 588908 470603 571047 775803 316436 430651 512515 407131 703627 195362 306948 208770 517321 362194 608978 350134 210027 332557 569081 332085 511508 25872 136045 519888 549791 235105 302136 756940 164941 690698 225305 371150 190312 101175 444319 307718 293195 565608 184960 259676 684008 614948 303274 194501 440006 344758 378729 269185 506451 526607 452615 469315 323664 576216 603684 232751 535987 184373 809044 491919 239339 368924 106929 576785 589626 601149 161733 438609 628322 360623 359665 647104 178802 29922 389917 378066 432895 570337 400380 449013 398138 664901 216033 400250 124077
458023 947271 365121 1105726 1089115 72959 727042 999999999 601525 1263031 685494 281471 399107 978413 1009512 588658 988381 194514 922669 835672 1135050 252876 962922 34784 551390 718903 917253 693213 644913 182419 556603 889785 770756 171744 726628 1155477 746991 607733 1006751 187541 829927 462803 875920 661256 747352 587123 480606 635616 680863 1101776 1000175 1020172 801990 904595 526623 982682 215455 425238 614260 497275 919316 860375 953600 1180691 906625 317938 869273 1009772 1263016 208715 612439 1209016 547894 923799 1086761 598049 566431 774703 809249 1146731 788831 663981 957087 507723 1079973 800907 801012 896914 755828 941092 453502 295544 566880 450507 866314 523621 77465 717036 876544 810310
304025 675884 283643 663835 550327 529560 380954 601525 999999999 691943 84972 522877 408530 399339 457276 210409 392359 542969 437422 680260 626023 513401 784393 568015 390599 142578 573496 154755 637580 425146 574955 402100 671488 434390 652848 590165 379156 385722 406031 496150 610119 209084 406637 477125 317565 475051 540878 190734 280036 550531 674812 593485 244126 539524 175626 416433 404891 304983 189999 113886 350452 268422 451786 633985 309298 492345 814176 693011 720669 403906 503734 658816 354287 461942 504518 498862 38547 486201 254763 550679 259212 476225 363455 269318 694089 704255 297193 458308 391288 358810 155673 401256 194943 548558 264828 78158 524202 554251 281303 364288
833096 678647 975586 389287 199408 1190311 615666 1263031 691943 999999999 610510 1090466 934627 530666 612735 839442 320764 1147737 754846 824938 235807 1096756 829741 1232568 804162 554163 568907 694073 960191 1101577 963585 406561 883208 1091420 903488 108428 589795 748492 341546 1113916 736553 801732 775120 772274 811952 840476 986361 630656 608012 171663 599254 426662 632966 540951 737527 572600 1088404 859684 652562 805645 345707 426366 346713 122079 480399 1045994 982300 615087 121482 1084438 844513 98517 783276 797320 190787 852782 717999 655065 636525 204724 680687 768665 339550 931329 500006 895870 716995 451156 588381 333299 816527 996385 840208 1014533 462157 765574 1189005 795331 418189 494731
356982 659074 366167 611276 477475 613274 372498 685494 84972 610510 999999999 592713 467026 332558 401539 255891 307528 619225 408689 684752 558899 585747 779534 652175 423553 79547 547332 147192 668657 509934 614653 349610 686019 517294 672718 510522 364976 406789 321427 573879 607333 271722 385965 493250 321331 504754 589371 193630 273177 474592 647144 547036 200905 510646 223717 355777 489856 364397 202321 197785 273400 184980 392097 558032 232001 559037 828157 666274 644761 488851 530691 581837 387266 439271 421810 527989 119144 479403 212270 465754 230516 491744 279035 332621 652847 717232 275387 416300 376402 277289 235442 473397 247520 601062 181143 162969 608286 566583 196845 328533
259604 679442 418748 872203 900604 242799 499029 281471 522877 1090466 592713 999999999 157060 921896 978032 609845 860593 87849 932795 557162 927568 30948 683545 274790 305791 594978 666554 659781 363532 286291 275209 690997 490029 212981 445543 982318 522691 365974 892278 106008 559466 322053 892461 398859 773466 319677 199402 470080 482807 920686 740233 786464 762671 660587 379017 939015 322866 238080 448454 456908 764400 734392 755041 992448 824362 46500 588771 747594 1068369 305798 340916 1021879 315337 946635 933439 326506 484443 522957 772529 1011806 767180 402029 826666 566307 830687 519725 794726 677422 528951 796859 372263 123035 583913 169069 765258 458637 256535 444886 754438 604219
112537 548979 393054 719605 743820 340726 343530 399107 408530 934627 467026 157060 999999999 799584 864693 539393 714887 228238 839449 450581 770786 168987 578456 381583 154459 456490 520680 557678 297201 329705 209846 534019 397277 267416 358319 826669 366672 213472 749998 213239 433442 199487 803572 262553 694500 192045 148233 321696 326624 764395 601256 633670 652654 511149 244057 821514 353409 103579 300840 370417 613043 591289 598016 835581 694410 111560 520154 610677 911311 337417 220709 865036 159201 858951 781038 206940 371968 377206 663283 862775 665108 265174 680686 520538 684451 430701 698723 521304 373401 647635 276593 110864 513638 145034 629862 358201 349429 323299 612149 447160
689242 891387 621034 732416 511764 909628 647474 978413 399339 530666 332558 921896 799584 999999999 97962 413569 252460 940979 224195 961124 614184 912738 1033236 943779 745623 358185 765099 285727 984015 796208 938743 521379 979268 820568 974175 474504 630883 718765 205187 893049 873669 603326 247664 795714 315343 822005 919181 506285 563525 484888 851498 701360 178238 725223 556032 45610 766850 696862 521030 485074 355058 274617 523606 549063 121034 890035 1116734 871737 621131 770864 844527 558787 710305 266660 368607 844117 437879 746860 172777 327099 204920 793496 262900 512481 813349 1007086 219642 607289 639500 314153 553551 800579 427936 932422 198784 469143 901511 860716 255531 555054
756882 986899 645800 830061 607306 943387 736643 1009512 457276 612735 401539 978032 864693 97962 999999999 426406 349196 989639 156937 1051900 709770 966370 1127249 974728 822916 439167 861122 322048 1064993 827369 1015213 618190 1066888 859233 1059752 564639 721220 800145 299947 940211 965588 665809 194618 880344 295891 901786 990805 585674 649028 579232 948528 799292 215570 821255 624035 54116 794822 761175 598602 528166 452810 369350 621488 640357 214468 949154 1205743 968770 709272 800797 925749 648302 786985 195244 460477 924434 495075 837940 206122 408028 220725 878305 360735 520806 911304 1095531 213860 703910 730304 412114 605999 855354 445290 1001734 291263 519768 933876 947695 351150 648801
457229 884706 223705 866281 727150 526179 588908 588658 210409 839442 255891 609845 539393 413569 426406 999999999 520080 599380 335769 878364 812738 590864 987826 554027 567775 334377 783882 146775 808315 408772 734334 604075 861130 451433 837269 747361 588550 575925 512578 548007 813540 357397 290652 668985 165181 652566 685521 398890 488744 720081 885213 799517 238043 749903 354684 407391 373237 444607 395052 172360 520671 419828 647982 802578 380085 592871 1002587 903377 888608 381210 683610 824196 533445 342067 648824 676248 220430 692586 241629 666870 210150 668641 499943 99556 902454 894941 213795 665899 600751 514466 265991 490126 26058 684303 377955 200636 515117 747796 423703 573369
603517 669187 671914 481910 260097 915616 470603 988381 392359 320764 307528 860593 714887 252460 349196 520080 999999999 902166 464493 764471 362281 859891 818313 955763 618048 271396 541298 373967 830690 815954 804970 297671 797346 817932 801590 238807 448491 575436 55130 861234 672997 544829 475144 633588 495248 679854 804614 393259 413100 235711 618351 457706 314775 502151 483332 298063 797115 622536 414061 505130 128746 128641 283730 307240 166787 820603 925738 638371 387010 795643 695265 322131 587658 507097 132820 698695 424147 554578 319381 158598 363497 630647 34278 613895 568056 820723 402942 382233 453873 81851 534902 750609 522271 825739 142125 469878 911756 685143 111885 355835
315508 764816 391071 947835 962119 163334 571047 194514 542969 1147737 619225 87849 228238 940979 989639 599380 902166 999999999 930839 644876 995241 62253 771367 190643 382127 632123 746905 667926 450563 231627 362817 754623 577850 162170 533296 1039313 593626 441599 929783 51443 645396 357352 888068 481975 764554 404112 287173 519458 544075 979919 823500 861896 774408 738827 419346 954150 271820 288054 497469 461765 814057 774162 819017 1054286 850772 128917 674787 831507 1132502 255713 426735 1083484 386765 940831 983805 412290 504578 603135 783566 1056722 773304 485013 868812 543032 911002 607429 796337 747809 600823 843276 387615 152381 574106 256323 797148 472010 178540 531107 793145 669618
739938 1049140 558835 930543 723726 861572 775803 922669 437422 754846 408689 932795 839449 224195 156937 335769 464493 930839 999999999 1091157 825145 916769 1179760 888227 826053 468882 928242 283226 1072978 744134 1012344 695531 1094678 786697 1081098 695689 764870 814363 423601 879799 1010562 641654 48680 901853 176316 909429 976938 602315 679367 700176 1022339 888474 210201 889040 613009 183832 707733 737196 610198 476258 544646 445355 711622 768761 303191 910118 1236701 1042391 843344 716411 936743 780174 789574 42809 588726 933032 470615 881716 199021 551196 179588 900386 466860 416942 1000800 1125748 140870 777895 775423 511400 565718 810287 359507 982528 366256 481494 850168 975177 432437 708004
456690 170327 806938 466708 633084 785457 316436 835672 680260 824938 684752 557162 450581 961124 1051900 878364 764471 644876 1091157 999999999 595965 583787 128017 823644 330334 622783 256140 826013 215748 779239 287585 470518 81009 717943 124574 737353 330688 304963 817388 649242 92282 539142 1070639 213173 996771 260734 359642 493796 411960 669051 257587 403232 881021 285264 525051 998863 799881 485110 490810 713768 635741 688605 506005 703341 840092 517856 162355 252559 746424 784670 230250 729765 357422 1123494 753064 243728 660326 214286 892265 857788 914954 212755 735462 898899 374576 75420 960138 393432 321690 682702 631916 561321 856742 393058 762344 678538 795873 135141 709320 410796
682289 444228 898213 155995 102465 1064400 430651 1135050 626023 235807 558899 927568 770786 614184 709770 812738 362281 995241 825145 595965 999999999 938932 594340 1107834 625986 484633 340533 680679 747896 991655 763344 245635 658982 967424 683342 177627 405939 566595 409833 968630 510465 676250 832103 571220 832493 646278 796885 505813 454670 133523 363595 193374 654860 317360 614973 659772 986622 713081 525697 731990 296884 403478 183017 115602 522750 881422 750446 379289 152557 979334 644636 137432 612355 867449 257164 654798 641188 445064 662038 347620 704111 567510 358460 891081 265873 668744 748421 252333 400992 318265 715918 849680 806161 827921 471110 687362 1066028 581459 407808 326181
263769 702568 394749 888062 908824 212167 512515 252876 513401 1096756 585747 30948 168987 912738 966370 590864 859891 62253 916769 583787 938932 999999999 710630 244907 321692 592116 685475 646567 392872 256722 303908 700121 517915 183479 473755 988427 535576 381505 889964 75065 583201 317431 875662 419864 755202 341865 227801 472094 490472 927815 761418 802172 750812 678045 376792 928508 293938 239190 450245 442078 767029 732816 764393 1000873 817733 66719 618653 769333 1077964 276946 364552 1030204 328166 929468 936523 350104 474859 541707 760452 1012607 753489 422923 826167 543807 849617 548043 779645 690128 542382 798120 360497 112388 565061 198464 760615 446609 225752 468979 752457 614170
580170 153778 928998 447746 650307 913324 407131 962922 784393 829741 779534 683545 578456 1033236 1127249 987826 818313 771367 1179760 128017 594340 710630 999999999 951322 454062 711711 278909 924357 332160 906731 411199 520768 196001 845855 241866 753661 415445 422765 872884 776827 174382 658186 1162860 334259 1097411 387934 484983 594428 507593 688292 231011 404110 970006 316920 638473 1073415 926771 609643 594569 827465 691550 758619 542644 708039 913057 644993 182198 216823 737179 911715 357908 731683 478791 1214219 786708 371530 767847 300206 981026 892188 1007229 333261 792330 1014583 341222 172136 1053562 436315 404573 738086 749383 689242 967292 517713 835987 790021 923819 259333 777982 478448
433985 930557 330438 1081767 1060196 43537 703627 34784 568015 1232568 652175 274790 381583 943779 974728 554027 955763 190643 888227 823644 1107834 244907 951322 999999999 531899 686814 896605 658520 637702 147684 548325 862334 760790 141428 717276 1125220 722985 587109 973538 174611 814345 433750 841558 644133 713035 571729 472096 606589 654328 1072219 981250 996438 767277 882796 497240 947935 180793 400763 585411 463093 888324 827943 925926 1151576 872526 307723 863516 991369 1234329 173931 598080 1179760 526514 889625 1055314 583780 533202 754772 774514 1114206 754048 646739 924652 473662 1058649 791634 766283 871673 732109 909411 421073 274967 532178 443361 832841 490017 44010 702403 843893 783900
126364 402912 476765 566573 608415 489875 195362 551390 390599 804162 423553 305791 154459 745623 822916 567775 618048 382127 826053 330334 625986 321692 454062 531899 999999999 387752 366474 545084 247068 461056 193190 398067 297230 407865 269929 697824 220132 60231 660208 367134 293705 214154 797000 120857 704286 85157 187433 239664 206446 632549 449384 480761 623251 356771 217011 774580 476895 155717 224706 396940 503223 504382 460315 698795 630642 259298 436318 459836 770669 462718 115837 728376 36486 852160 664849 109014 361797 223368 634532 755073 646569 122457 584012 575763 530077 331672 686933 374102 225132 543299 308471 256996 544133 211991 558134 368143 497082 195342 526357 309763
343965 586250 423723 532083 407751 645986 306948 718903 142578 554163 79547 594978 456490 358185 439167 334377 271396 632123 468882 622783 484633 592116 711711 686814 387752 999999999 471537 223990 626414 550232 580942 270183 630666 547768 621389 450406 296328 361253 297922 590298 541706 275110 451214 441641 397033 463921 564908 148160 212286 408484 570528 467495 258712 434157 215978 388964 534953 358484 163836 253740 209677 142764 314140 491854 243262 557203 771369 589879 578464 531739 486993 517053 352781 502581 370287 486187 164270 412895 269862 428687 295800 439709 239002 406943 573553 660528 342571 337196 307142 223654 265984 481451 324626 580775 173871 211951 642834 511006 161080 251187
468083 127895 780014 224065 379063 853993 208770 917253 573496 568907 547332 666554 520680 765099 861122 783882 541298 746905 928242 256140 340533 685475 278909 896605 366474 471537 999999999 694425 418199 812044 450506 245330 318984 767120 345985 483419 200402 309564 596185 733608 170151 510442 916997 270725 868265 351764 499847 388131 299607 415935 101422 149801 722151 39876 468024 807013 820462 501924 396843 644227 416251 492135 263746 447221 646873 620681 414150 119564 492002 808507 339355 473640 370256 965408 508746 352268 567366 143774 732622 614265 763937 267247 516636 831225 164159 328252 811362 159412 188274 462159 586416 621911 767372 533902 571547 600921 860139 254778 509972 221402
456770 806032 335838 748344 590638 625131 517321 693213 154755 694073 147192 659781 557678 285727 322048 146775 373967 667926 283226 826013 680679 646567 924357 658520 545084 223990 694425 999999999 792135 510858 729544 489557 822007 538344 805190 604150 511067 537693 365869 618289 751240 358994 251938 627768 174202 629276 693804 332217 416824 580680 794029 688465 108923 657551 330302 290218 481127 454841 336394 206208 384675 280159 525722 662173 235131 633602 964693 813239 747478 485288 657550 682645 508702 307199 503817 653040 187402 624193 116855 520139 107859 626634 355052 243816 796235 854201 142594 560576 522661 373462 288002 536753 152602 699936 231979 201913 616564 703597 281442 474979
351802 373806 687641 642160 761121 603322 362194 644913 637580 960191 668657 363532 297201 984015 1064993 808315 830690 450563 1072978 215748 747896 392872 332160 637702 247068 626414 418199 792135 999999999 619277 90834 565505 137050 550860 91479 861426 386268 265256 878090 464483 258832 450928 1044061 197444 949845 163913 166388 479328 424123 792563 454409 565817 869131 432710 463166 1015336 646922 369275 467176 636040 706441 729142 617452 843210 866165 331129 227368 454248 900330 630375 139488 871816 283500 1099228 852356 140742 608098 305255 880453 951471 893438 200546 797917 805475 566059 161023 933993 509100 383492 750945 543630 399196 783806 194475 790968 611242 615741 166439 751201 484558
344676 863445 185306 980431 936553 117439 608978 182419 425146 1101577 509934 286291 329705 796208 827369 408772 815954 231627 744134 779239 991655 256722 906731 147684 461056 550232 812044 510858 619277 999999999 528686 746563 726842 73310 687100 995392 625173 508756 831165 186207 754142 316857 698099 580723 570106 518822 455446 485919 545369 945668 903560 896749 619597 793107 376724 800264 41236 311082 465978 317358 755967 689238 808659 1026729 726672 298924 845856 915921 1111121 28057 548992 1054204 446581 747429 920417 535633 391858 675666 626832 974550 606651 582694 785701 333690 969387 760065 619836 766141 635517 773853 285111 220905 386203 434557 689555 347001 106650 648915 704168 673779
277706 429576 602504 672700 764404 513296 350134 556603 574955 963585 614653 275209 209846 938743 1015213 734334 804970 362817 1012344 287585 763344 303908 411199 548325 193190 580942 450506 729544 90834 528686 999999999 559886 215872 460053 170742 860852 375789 229539 849220 374539 309027 378308 980953 192430 881244 126094 76235 432845 392041 793020 502969 591588 812866 457485 399338 967319 556796 290547 417730 562159 685481 695199 617068 850698 823785 241027 318173 506000 914225 540169 119280 879936 228498 1036407 840489 110943 542936 319719 824057 935471 833564 196120 771301 725304 608044 244671 872104 515267 375913 727803 468378 309020 709273 106887 750947 541059 525496 198591 717263 474042
439748 372977 661231 262314 210578 818929 210027 889785 402100 406561 349610 690997 534019 521379 618190 604075 297671 754623 695531 470518 245635 700121 520768 862334 398067 270183 245330 489557 565505 746563 559886 999999999 510865 721816 521518 301571 184227 341938 352126 725812 378358 430697 689354 371281 657837 435333 579885 261345 210921 234920 330427 199100 496208 205678 369859 564105 742590 469588 280678 499790 171075 251788 64419 301786 404934 645520 632727 350666 377916 734835 441712 331313 378861 734592 288310 448967 410555 268239 505857 390614 541690 367812 271722 671408 308852 531155 589093 86148 184150 217370 474127 606817 593063 607979 331869 454400 820437 406790 267884 88307
420839 248546 770482 537244 687725 724096 332557 770756 671488 883208 686019 490029 397277 979268 1066888 861130 797346 577850 1094678 81009 658982 517915 196001 760790 297230 630666 318984 822007 137050 726842 215872 510865 999999999 662393 45910 791230 351493 286329 848613 586229 148895 511224 1070915 194390 989008 217297 290720 492460 418557 722299 334174 468598 885685 342713 506608 1014834 750354 445983 485931 692228 669097 711202 553210 762677 858629 453219 142722 330763 810859 734536 184945 790004 329163 1124880 798045 196157 647721 243509 897037 901353 916246 195407 766702 872929 450078 34538 959980 440444 344656 715621 605449 506459 838263 322704 781199 660514 735385 119708 732634 441576
299875 810556 234037 945493 918833 98896 569081 171744 434390 1091420 517294 212981 267416 820568 859233 451433 817932 162170 786697 717943 967424 183479 845855 141428 407865 547768 767120 538344 550860 73310 460053 721816 662393 999999999 621545 983966 587284 459454 837776 114322 698176 292444 742069 525229 615786 459013 385787 465241 514931 930794 855453 860647 647070 750885 355830 828439 111070 266090 444128 335630 747572 689658 785208 1010172 742266 226709 778007 866797 1093023 94389 488108 1038340 397609 793232 915084 474355 398197 627573 655197 976065 639271 527466 786333 386326 927287 695119 657053 733690 596898 769537 283258 156623 427227 363526 698431 357339 98676 590073 706215 644489
390108 287206 737540 567712 706201 681090 332085 726628 652848 903488 672718 445543 358319 974175 1059752 837269 801590 533296 1081098 124574 683342 473755 241866 717276 269929 621389 345985 805190 91479 687100 170742 521518 45910 621545 999999999 808783 353210 267499 851653 542858 178649 483704 1055633 179900 969662 186524 246142 479327 410879 739697 370715 495648 873329 365983 484060 1008396 711726 413368 470922 666835 674293 709792 567703 784057 854176 409558 166998 368834 835762 695690 154511 811930 303824 1110076 809774 163771 627191 253537 884701 911821 901944 181716 770102 844683 485039 74359 944758 455929 347767 720287 578019 466295 813844 277629 777261 637081 692655 116449 731522 447381
724734 600373 873509 331627 104371 1082833 511508 1155477 590165 108428 510522 982318 826669 474504 564639 747361 238807 1039313 695689 737353 177627 988427 753661 1125220 697824 450406 483419 604150 861426 995392 860852 301571 791230 983966 808783 999999999 485667 642913 272347 1005527 647029 693751 710453 670661 733829 736769 881201 522390 500129 69091 526627 350493 553177 452096 629568 518961 983121 751260 544274 703365 240826 328983 244358 77164 405058 937962 897314 544092 148539 978750 742176 84491 676173 738497 107415 749915 614653 557438 558053 174428 602107 667103 250417 836532 439119 806114 641726 353230 484972 234238 710579 887960 746293 908818 374551 662326 1081746 698117 323664 389219
289055 296872 580758 358797 391712 679586 25872 746991 379156 589795 364976 522691 366672 630883 721220 588550 448491 593626 764870 330688 405939 535576 415445 722985 220132 296328 200402 511067 386268 625173 375789 184227 351493 587284 353210 485667 999999999 161254 498469 571266 246098 314818 747417 189434 685006 251119 396963 189964 100240 418450 301069 273503 554862 172812 268538 668238 629777 322236 197004 444227 321829 360140 243334 480728 509869 476347 486223 317965 550882 618961 258118 510272 207504 798905 466951 264934 369681 117308 565942 565231 591790 186139 416893 631804 346310 377468 638189 154731 12274 367412 386734 453756 570813 426082 432138 401358 683746 236807 381401 98824
165287 355855 507333 506579 551624 544608 136045 607733 385722 748492 406789 365974 213472 718765 800145 575925 575436 441599 814363 304963 566595 381505 422765 587109 60231 361253 309564 537693 265256 508756 229539 341938 286329 459454 267499 642913 161254 999999999 620003 425011 254378 235422 788262 93076 703016 105093 238474 214898 162699 576836 396006 420721 607691 297961 221318 750215 521557 198157 204473 409220 456544 467208 403248 641401 601152 319476 428808 407608 712136 508211 125775 670972 62183 842815 614499 125878 361393 168171 619057 707404 634978 92861 541793 593944 472391 319646 677433 314456 165604 498417 327224 312347 553582 266042 526419 375377 551066 172052 489306 253796
637826 724081 679070 534401 307373 934378 519888 1006751 406031 341546 321427 892278 749998 205187 299947 512578 55130 929783 423601 817388 409833 889964 872884 973538 660208 297922 596185 365869 878090 831165 849220 352126 848613 837776 851653 272347 498469 620003 999999999 887234 726179 573018 438332 681552 470678 724882 845644 429813 457305 279730 673475 512269 292996 556964 513401 250588 809964 654845 449805 516114 182043 158723 338811 345228 139429 853579 978280 693491 420529 809632 741518 356823 628697 466403 165157 744351 440340 606475 295836 154309 339851 678707 82010 609192 622237 872577 375450 437007 504372 135120 554707 779364 517498 865506 142613 484188 929621 735274 137982 407636
286357 760009 340044 928395 931252 138846 549791 187541 496150 1113916 573879 106008 213239 893049 940211 548007 861234 51443 879799 649242 968630 75065 776827 174611 367134 590298 733608 618289 464483 186207 374539 725812 586229 114322 542858 1005527 571266 425011 887234 999999999 642413 317102 836878 474340 713186 399620 298334 483681 514899 947581 814328 842490 725220 722931 380344 905387 225258 256325 461697 412083 776944 732837 790207 1023426 804805 133529 691151 823464 1103034 208688 424937 1052417 367079 889551 946614 410559 457945 590318 734244 1016890 723229 477135 828189 491840 897129 617213 745690 724155 579229 804557 340496 119010 522767 270857 752945 423906 151653 529514 751356 642451
417094 121176 761571 389405 542948 774014 235105 829927 610119 736553 607333 559466 433442 873669 965588 813540 672997 645396 1010562 92282 510465 583201 174382 814345 293705 541706 170151 751240 258832 754142 309027 378358 148895 698176 178649 647029 246098 254378 726179 642413 999999999 488581 992044 173420 923845 242808 371583 420434 334492 578464 195974 319703 800417 195642 465466 912226 770600 448434 420233 654185 544330 600102 413956 615459 752735 516489 254637 197373 662133 756379 218665 642432 313665 1044078 660916 233108 593487 128886 811555 765567 836253 171481 644342 841865 307515 159354 882177 301263 236112 591310 578160 543278 793140 406353 675069 616157 782871 114799 620499 320741
100631 582034 274121 665030 626458 390723 302136 462803 209084 801732 271722 322053 199487 603326 665809 357397 544829 357352 641654 539142 676250 317431 658186 433750 214154 275110 510442 358994 450928 316857 378308 430697 511224 292444 483704 693751 314818 235422 573018 317102 488581 999999999 607215 325969 503331 297439 335908 172857 229092 639055 607531 582329 453206 486762 64215 623529 316904 96049 151685 185119 461018 416832 493554 717924 502664 287339 650367 622220 800588 307332 329211 746216 182634 662724 630369 320777 172542 385572 463812 699882 466071 326434 511538 361716 661124 545601 500788 449984 326017 487542 94334 206347 332901 340952 443408 163179 391067 404528 435960 356955
706487 1035752 512818 930986 731782 815505 756940 875920 406637 775120 385965 892461 803572 247664 194618 290652 475144 888068 48680 1070639 832103 875662 1162860 841558 797000 451214 916997 251938 1044061 698099 980953 689354 1070915 742069 1055633 710453 747417 788262 438332 836878 992044 607215 999999999 877209 128710 881087 943079 578730 658790 710326 1012836 884965 194847 878231 582007 212078 661287 702131 585135 437162 545316 442620 709718 781814 309782 871063 1213362 1032738 858812 670287 909136 794836 760603 55524 603059 904823 438057 863502 184462 573325 155802 875904 474022 369388 996836 1102547 110939 769880 758326 515259 528258 770387 314979 947439 365603 445417 803882 951811 431770 695808
246162 286466 594882 487087 572912 603113 164941 661256 477125 772274 493250 398859 262553 795714 880344 668985 633588 481975 901853 213173 571220 419864 334259 644133 120857 441641 270725 627768 197444 580723 192430 371281 194390 525229 179900 670661 189434 93076 681552 474340 173420 325969 877209 999999999 794669 81039 230744 299686 232240 602377 341563 403795 693659 271100 314394 829266 597469 276431 292076 502111 509004 534849 426375 658522 676245 353827 337108 349650 721852 583124 73416 687703 144686 931396 656311 84149 453831 130785 705029 754540 722965 3715 601006 686147 433945 227207 766274 322932 187549 553607 418889 371171 646657 264175 599832 468451 611402 79080 556802 288144
603895 980225 384976 912675 736951 687438 690698 747352 317565 811952 321331 773466 694500 315343 295891 165181 495248 764554 176316 996771 832493 755202 1097411 713035 704286 397033 868265 174202 949845 570106 881244 657837 989008 615786 969662 733829 685006 703016 470678 713186 923845 503331 128710 794669 999999999 789356 837851 503675 589861 721495 967548 856881 180728 831138 487276 293646 532947 595696 505981 324195 536325 429524 689034 799259 331554 754730 1131672 986861 881460 542221 818977 816337 668472 177550 627961 813229 342744 797436 175899 619415 131751 793786 485170 240709 966141 1021818 97462 731825 696658 515892 417949 652666 190531 839405 363485 340235 675630 871780 424805 648214
203927 360949 553189 567206 641762 531721 225305 587123 475051 840476 504754 319677 192045 822005 901786 652566 679854 404112 909429 260734 646278 341865 387934 571729 85157 463921 351764 629276 163913 518822 126094 435333 217297 459013 186524 736769 251119 105093 724882 399620 242808 297439 881087 81039 789356 999999999 151365 316226 267649 669377 420767 483339 705225 351442 302090 852522 539152 228711 303485 481334 559579 572296 493767 729365 705132 275367 353476 427919 795601 523941 32373 758770 120939 936138 714521 23873 446766 211034 716549 809385 729853 84527 646338 658163 514903 251815 770786 395402 252095 602183 391692 302774 628768 184039 630884 453193 540970 131258 594393 348765
237047 492755 539562 717830 788665 437121 371150 480606 540878 986361 589371 199402 148233 919181 990805 685521 804614 287173 976938 359642 796885 227801 484983 472096 187433 564908 499847 693804 166388 455446 76235 579885 290720 385787 246142 881201 396963 238474 845644 298334 371583 335908 943079 230744 837851 151365 999999999 419159 393872 814779 561294 634376 783182 501831 367474 944907 484917 242156 401436 514900 690653 688578 640257 877470 807861 164850 393623 566113 945443 468102 160566 906976 217025 998595 851762 147608 506432 361520 794153 942503 799949 234389 770480 668769 661290 320344 836101 545282 399387 730542 420585 237813 659950 34802 737969 498630 449410 257479 710379 491984
211033 485831 406473 508329 453607 563579 190312 635616 190734 630656 193630 470080 321696 506285 585674 398890 393259 519458 602315 493796 505813 472094 594428 606589 239664 148160 388131 332217 479328 485919 432845 261345 492460 465241 479327 522390 189964 214898 429813 483681 420434 172857 578730 299686 503675 316226 419159 999999999 89879 466503 489469 429819 394006 356631 109701 536300 481248 232906 22003 257398 294967 271322 322797 545079 391006 428656 634728 506957 627797 473613 340193 573414 204974 632491 464590 338769 179735 295542 405377 541932 423803 298143 359034 443212 520996 523857 467850 293425 202215 326847 214745 367228 380875 436939 319210 213266 563815 373141 292736 196760
228878 396031 485900 436030 418362 610811 101175 680863 280036 608012 273177 482807 326624 563525 649028 488744 413100 544075 679367 411960 454670 490472 507593 654328 206446 212286 299607 416824 424123 545369 392041 210921 418557 514931 410879 500129 100240 162699 457305 514899 334492 229092 658790 232240 589861 267649 393872 89879 999999999 437885 400715 353931 469364 269589 175406 597526 545906 258738 97257 344630 296783 305261 275329 510447 444018 438054 559083 417898 588527 536419 285623 539748 179240 711536 459774 287565 269498 207596 480647 548677 503049 229983 379327 531796 438305 448249 548459 220902 112510 337131 291734 395899 470736 417481 367777 301391 613168 299000 327350 129587
664608 534674 831919 278058 38606 1029460 444319 1101776 550531 171663 474592 920686 764395 484888 579232 720081 235711 979919 700176 669051 133523 927815 688292 1072219 632549 408484 415935 580680 792563 945668 793020 234920 722299 930794 739697 69091 418450 576836 279730 947581 578464 639055 710326 602377 721495 669377 814779 466503 437885 999999999 463241 287112 541329 383889 575153 530317 935411 692140 488134 662154 201210 300751 176022 83497 400782 875892 829408 481251 170243 930187 674162 108974 611996 742800 123649 682118 572068 488404 547439 217949 590759 598802 237743 805393 381721 737430 633048 284162 417346 207524 662137 829361 716781 842875 358092 619634 1029064 629077 299905 323067
558885 88178 878817 217767 424777 939255 307718 1000175 674812 599254 647144 740233 601256 851498 948528 885213 618351 823500 1022339 257587 363595 761418 231011 981250 449384 570528 101422 794029 454409 903560 502969 330427 334174 855453 370715 526627 301069 396006 673475 814328 195974 607531 1012836 341563 967548 420767 561294 489469 400715 463241 999999999 176238 818109 136499 567393 894462 913917 592506 497885 745235 498003 581645 334871 477861 735335 695372 396276 20242 506485 901401 402551 501014 457979 1060267 568988 416533 668775 228040 828380 673575 860909 338495 596541 932464 117319 332904 908431 245341 288858 542258 685777 706380 868778 596033 661637 702099 946313 304877 598239 319431
562459 252047 836200 85955 248600 953058 293195 1020172 593485 426662 547036 786464 633670 701360 799292 799517 457706 861896 888474 403232 193374 802172 404110 996438 480761 467495 149801 688465 565817 896749 591588 199100 468598 860647 495648 350493 273503 420721 512269 842490 319703 582329 884965 403795 856881 483339 634376 429819 353931 287112 176238 999999999 693286 134227 528998 745825 899174 595721 444879 683169 347121 443177 178074 304632 590856 739994 557080 194142 343206 889175 475970 329380 475702 928494 395703 487738 597120 273115 702624 499344 739534 400121 440009 861856 112481 476681 786774 136761 264365 387338 643253 726029 787111 667377 522338 637863 957245 400462 456404 233541
547116 841226 442934 743145 557854 734042 565608 801990 244126 632966 200905 762671 652654 178238 215570 238043 314775 774408 210201 881021 654860 750812 970006 767277 623251 258712 722151 108923 869131 619597 812866 496208 885685 647070 873329 553177 554862 607691 292996 725220 800417 453206 194847 693659 180728 705225 783182 394006 469364 541329 818109 693286 999999999 683391 415804 181372 589395 549099 403225 313547 360724 254819 520170 618624 153716 734404 1027399 837984 700734 593874 731478 635609 586828 244384 447574 728567 281163 671594 11372 444835 49445 692069 304528 337572 804601 916432 94348 575673 565510 336981 390509 639902 250683 792075 183999 304229 725417 766050 247467 500992
451037 167312 753507 216040 347820 839839 184960 904595 539524 540951 510646 660587 511149 725223 821255 749903 502151 738827 889040 285264 317360 678045 316920 882796 356771 434157 39876 657551 432710 793107 457485 205678 342713 750885 365983 452096 172812 297961 556964 722931 195642 486762 878231 271100 831138 351442 501831 356631 269589 383889 136499 134227 683391 999999999 441307 767145 799785 484864 366678 613723 376691 452306 226550 420052 607021 614332 445649 155725 469812 788365 342550 447293 356719 926381 472801 354638 534913 140415 693803 578245 725541 267467 477179 799741 176458 354994 773012 119976 161146 422726 559395 609078 733967 535234 531764 569877 845311 266773 470105 183274
133266 549754 312221 610196 563061 454359 259676 526623 175626 737527 223717 379017 244057 556032 624035 354684 483332 419346 613009 525051 614973 376792 638473 497240 217011 215978 468024 330302 463166 376724 399338 369859 506608 355830 484060 629568 268538 221318 513401 380344 465466 64215 582007 314394 487276 302090 367474 109701 175406 575153 567393 528998 415804 441307 999999999 579294 373572 143162 89279 189066 397036 356024 432013 654343 450488 341465 648423 583213 737366 365250 331945 682526 181268 637388 566517 325963 144936 352790 426823 637376 434407 314128 449766 376410 612909 540324 472810 394552 280366 424282 118407 267377 332266 377714 387498 154076 454318 393321 375724 299623
712487 932829 621549 777718 557344 915142 684008 982682 416433 572600 355777 939015 821514 45610 54116 407391 298063 954150 183832 998863 659772 928508 1073415 947935 774580 388964 807013 290218 1015336 800264 967319 564105 1014834 828439 1008396 518961 668238 750215 250588 905387 912226 623529 212078 829266 293646 852522 944907 536300 597526 530317 894462 745825 181372 767145 579294 999999999 769274 718232 549937 494449 399098 315308 567918 593859 160457 908739 1153261 914705 665090 774266 875945 603114 738866 225619 413464 874975 454709 784781 173539 368288 197389 827163 308098 504709 857939 1043213 202201 649804 677195 358885 568127 816840 424027 956831 237497 482478 906319 895827 297040 594973
