NAME : synthetic_000821
TYPE : CTSP-D
DIMENSION : 100
GROUPS : 8
RELAXATION_LEVEL : 1
EDGE_WEIGHT_TYPE : EXPLICIT
EDGE_WEIGHT_FORMAT : FULL_MATRIX
EDGE_WEIGHT_SECTION
999999999 645172 915025 836659 818840 590260 482490 406808 990073 596137 796390 419458 234224 941789 97228 834740 425146 828841 586217 854360 790726 890989 725657 618633 303101 720980 889541 68700 882034 702955 102178 488390 1030649 490955 455176 566034 806092 584594 301341 808917 745338 859513 72103 821395 256872 704402 927259 830949 1144668 736988 353236 647405 244073 235926 994629 385183 204432 1102858 938887 742187 95303 1017122 623342 239156 515994 408880 212672 749488 794460 935360 897722 632740 721392 885674 276835 323455 1004440 950258 638610 280838 937110 1001751 128591 1091029 681367 374121 861420 968638 630326 708191 952253 807578 94960 715777 576705 714933 1024528 1037480 155149 874195
645172 999999999 703629 792556 638529 198500 162764 238385 407622 191098 919620 278697 424135 430263 657536 279175 432933 761555 529846 691583 646109 253126 621530 71271 382109 891124 632842 663177 660268 178277 625822 466314 716443 450450 571694 574160 225318 394209 615667 957238 658661 223348 663026 240506 472566 62193 393689 476790 668352 145231 423727 156660 464572 424336 649345 287097 440918 662765 302858 168172 634460 613336 405618 448589 428230 424612 440168 850733 208335 554722 265646 267207 122177 259802 423067 551435 587187 667637 252820 425481 357989 514214 519123 684413 619741 400828 274775 482420 19174 70473 425953 378661 649646 462162 337122 120128 441040 657325 661016 233339
915025 703629 999999999 214272 96185 521654 704733 721818 568047 877032 436301 852676 734135 433733 994465 956462 498182 183523 328917 73402 128750 698290 195801 637194 662279 477886 78397 874640 43526 534799 823185 429148 160432 429571 472456 357305 562453 369903 642158 478497 190158 819017 871680 910036 665158 730426 470455 244565 424430 597899 575277 547036 923677 730011 185613 823007 793085 351645 863058 859337 978235 271687 336699 698904 412094 516947 839085 391352 882474 236007 676727 442899 811930 654373 665293 597265 289279 95587 454760 658434 1000027 397674 820389 300190 246021 562207 565603 392986 714539 678872 458297 353878 842738 250454 412057 610463 578692 243852 800431 805329
836659 792556 214272 999999999 189823 595092 749084 744292 748951 941492 222207 876680 700435 617025 926425 1065094 467398 35916 292744 154411 160193 846223 171114 721602 639235 270368 272085 784581 227321 646780 736801 396569 371613 405002 383289 283312 702132 404468 539503 264228 134107 948094 781215 1021207 612215 832500 647252 406603 637997 717015 540085 641292 901510 695969 399010 839669 759395 565512 1003604 958760 914056 482651 387379 655325 404843 486967 811127 182716 990927 434720 828188 526890 911218 805329 628796 514765 497295 309048 542393 621007 1124166 596334 765987 514451 184019 536612 718837 585659 799017 785512 641696 504863 751960 341851 460157 722913 764981 457830 700399 938932
818840 638529 96185 189823 999999999 448524 624429 636149 559169 804093 398130 768186 639703 427251 898443 901465 402860 153931 232771 53068 42651 663794 104545 569669 568605 424849 99346 778687 68532 478392 727164 333317 236336 334182 377916 263070 521843 281997 547610 441806 109753 773764 775744 856032 569272 671173 457582 217262 468954 545824 480064 482534 831166 635533 236532 736714 698856 399421 824599 799718 882326 309628 251879 603584 318036 421795 745604 342858 827058 250791 644488 372401 751980 621686 570366 501495 319360 155810 385984 563410 952849 409859 724716 356137 155723 467697 534022 397257 647748 621321 451906 318837 746847 176468 328668 555109 575223 295721 705107 762556
590260 198500 521654 595092 448524 999999999 192979 236006 400849 355908 723105 350778 356341 358183 631396 476091 265289 564731 333298 501427 452178 343949 423978 127230 289005 698327 456691 587652 478180 118983 541122 281364 560504 265067 394412 380519 224812 195981 474458 761517 461026 387958 586455 435024 361955 245384 338757 318398 581129 175815 284073 70710 480771 354429 500300 332222 397472 555426 459705 366381 609426 486055 207725 357551 238147 263233 420983 654180 403406 413603 340724 79753 319590 322819 322407 405610 464836 499995 71569 321175 547520 428303 463097 561875 421241 257794 277459 394200 203979 206892 365618 246299 566032 272954 138984 164856 435014 522109 560009 387814
482490 162764 704733 749084 624429 192979 999999999 75693 539072 200045 840791 158547 263290 529479 498088 396970 323639 722512 462683 676168 621125 411100 581368 145792 229899 800058 644141 501002 661710 261431 464928 375695 752941 361924 463331 494621 348982 347531 474697 874428 616872 381806 500942 369542 322072 222980 501364 511279 762165 270553 292119 210198 314916 263839 693268 146316 278171 742546 461747 287911 475050 677140 373064 292273 350361 310089 279699 773277 338498 606163 420314 271243 254600 410840 271140 415734 654856 690377 264512 274846 490947 606890 356392 752509 566394 273954 404200 573029 148657 226759 531730 435774 488421 454323 296148 245551 573747 714442 502950 394240
406808 238385 721818 744292 636149 236006 75693 999999999 607149 241348 816503 132941 190832 587889 423828 459114 294234 720346 452474 686203 627785 486197 581571 217514 168717 769550 666878 426324 679740 323680 391595 355670 784586 343958 428585 476346 417421 354283 417317 847659 615403 455857 426362 435557 259648 298161 562854 546891 816036 341189 247512 269414 248649 191827 728830 101466 202542 791429 535733 353733 400847 720777 385271 224687 339581 277774 205297 750521 405473 646203 494773 307693 324392 484598 208668 363362 700285 717186 304590 213585 556371 662013 280984 796838 560274 234463 473101 627922 223882 302165 592193 482217 414728 474051 309944 316962 641940 754962 432035 469025
990073 407622 568047 748951 559169 400849 539072 607149 999999999 585522 946396 682059 755850 134315 1025332 519968 636293 713039 611440 600531 591293 206339 610851 393953 689842 954091 491425 988436 535553 287682 941477 620428 487783 606075 734564 669718 190096 493863 854478 989920 641313 352652 987202 475386 760303 379788 102286 342862 307185 269743 675318 343492 853834 754186 418189 682490 792877 335495 356123 470969 1002790 339477 470483 758332 571612 641077 809132 883534 461671 335528 180248 376057 438351 169402 722851 785546 310797 486493 364941 721274 516505 191635 862138 382207 641055 649048 135136 181240 426784 339292 109785 258919 966372 440773 462473 295606 34808 389398 957393 328705
596137 191098 877032 941492 804093 355908 200045 241348 585522 999999999 1040583 176874 418435 620169 580186 238970 523248 913305 659692 856864 805760 402701 771649 244523 409529 1000015 810018 632695 833514 367454 607841 575512 902380 561527 662277 693856 412547 537120 658075 1074429 807982 304749 633594 231072 499051 205736 582265 660499 858009 334777 486327 336479 370146 420595 836735 212536 408486 853799 375089 160498 558081 803776 557699 460178 548465 509119 384459 972897 208945 743162 422474 434136 162843 423709 448590 604668 777904 849242 422534 453974 341794 704586 485526 875304 760751 470502 457857 673109 174404 249963 614641 566816 628395 628858 482269 310507 617217 847099 656458 327189
796390 919620 436301 222207 398130 723105 840791 816503 946396 1040583 999999999 941702 720886 818698 892676 1198625 522269 253436 389902 372762 359922 1017601 336238 848943 676958 83537 489611 734037 446144 799778 694485 465100 593618 479097 394021 347714 872226 528101 499431 43773 305115 1101892 730429 1158112 621455 968429 844138 605286 858953 871487 578147 781539 919157 716485 620212 899868 774698 786829 1165324 1087645 885376 702152 525769 669802 494642 539032 828534 68925 1126420 648741 1002705 669183 1041692 980097 653778 504104 715060 530537 685775 645919 1269568 807685 758281 736468 314063 584942 897870 793615 922082 927181 842892 691769 703062 513302 584491 872081 965889 679357 644477 1096628
419458 278697 852676 876680 768186 350778 158547 132941 682059 176874 941702 999999999 259097 684065 405255 415810 420956 853069 584422 818569 760514 529117 714493 291274 271722 890805 795690 458022 810265 415382 436324 485529 908981 474577 549641 605951 493833 486637 511585 971198 748237 461343 459105 405410 351660 324708 653635 668347 918691 412779 365145 366736 197402 262116 850542 44508 237992 900656 537494 329227 382831 835678 516725 306973 471839 403293 208692 876824 380552 764340 543488 427825 316951 538446 304926 467487 813387 844214 422070 311716 518537 763126 312247 911056 692677 356764 547214 729457 259892 349169 684741 594313 455724 603616 440662 386736 716185 872746 488178 480312
234224 424135 734135 700435 639703 356341 263290 190832 755850 418435 720886 259097 999999999 710263 280726 646904 238533 684267 417203 682632 619214 662525 560033 389558 75564 660101 696114 240330 696543 468800 201750 310392 831036 306732 330250 417127 572309 376501 255412 744978 587193 645065 239897 625423 100886 485489 694197 614936 919690 504739 161946 413323 201850 4493 787368 215066 59557 882291 725007 543751 260204 800201 414930 52131 322060 219024 110835 661099 595745 719583 667659 402675 515224 654589 71670 221395 785055 754142 407287 79429 745701 773256 106842 875559 524405 172006 627492 739719 411352 482640 719840 580399 225512 510207 357222 483491 790311 825170 241482 657035
941789 430263 433733 617025 427251 358183 529479 587889 134315 620169 818698 684065 710263 999999999 988435 603243 555808 581160 502341 467217 460922 298847 485238 394618 638738 830850 357174 931368 401440 268703 881852 527867 360105 515067 637092 560284 209490 399874 771930 862391 513888 441491 929714 556391 697758 421333 45029 213416 238104 285423 606198 319621 836064 707907 289047 675755 754637 239136 463007 533970 966722 217586 370390 703871 480480 563978 779146 757381 536723 202277 273175 309372 493730 254351 666720 704602 188193 353101 303217 663805 617580 85303 816916 273579 519141 580881 176490 58262 448294 371696 24758 149631 906423 323526 380464 310137 147978 267890 889960 420991
97228 657536 994465 926425 898443 631396 498088 423828 1025332 580186 892676 405255 280726 988435 999999999 818348 498396 917050 667094 936328 872448 908979 808578 641144 355608 817779 964372 164493 959803 737927 198247 565472 1103216 566173 543413 651436 837483 651385 395646 905751 830213 861967 168044 810411 329619 713477 970122 894021 1200377 763792 422966 682138 210606 283689 1063305 378864 233932 1162742 939851 734390 23075 1079800 690207 301165 588224 480705 218536 844769 785807 998753 918370 682617 719491 908426 338020 411681 1065239 1024168 686456 343560 921354 1053293 178115 1154807 766082 440712 893276 1019620 641041 724361 996873 860945 192171 784530 636758 740147 1060089 1103283 252338 878964
834740 279175 956462 1065094 901465 476091 396970 459114 519968 238970 1198625 415810 646904 603243 818348 999999999 706314 1032903 808753 953986 913751 313753 894885 349684 625539 1170066 881273 869439 914123 423240 842109 744250 941418 728564 846506 853316 406354 672038 871666 1236386 932039 167465 870181 47353 717561 232692 558820 716471 824361 358631 686624 423863 607870 648509 870397 450002 643470 840717 194082 112532 796431 815340 680749 683768 707191 696062 622563 1129719 74421 774119 340066 538446 157000 353978 666436 812077 786495 906408 522758 670678 103006 686429 721683 876588 896342 666299 427050 661416 278329 280375 588855 608646 863496 727539 615075 346691 543373 864181 887852 192237
425146 432933 498182 467398 402860 265289 323639 294234 636293 523248 522269 420956 238533 555808 498396 706314 999999999 448754 179072 444507 380918 608834 321573 369189 172287 477124 466016 395930 462162 379262 343846 72091 605846 68687 140610 187180 481587 164661 218210 553733 349455 645584 393545 671559 169202 491073 552937 411893 733576 440990 77260 335947 436271 234226 569831 380424 298073 685608 720599 593848 481246 596897 202202 200737 90874 19717 347375 456443 639310 514861 604330 261255 551967 585395 167963 149538 586730 526073 274117 160806 790664 601439 322553 669261 287505 69236 529149 570510 429856 463155 571541 409276 366716 291572 175736 429706 667905 614172 339713 648381
828841 761555 183523 35916 153931 564731 722512 720346 713039 913305 253436 853069 684267 581160 917050 1032903 448754 999999999 271423 120105 124752 811166 141656 690788 621022 295685 237756 778771 193423 613491 730059 377140 342774 384483 373831 268428 667302 376273 534747 296176 105640 914221 775470 988749 598631 800461 611336 370694 605567 683427 522949 609328 884463 679830 366776 816877 743544 533393 969072 927195 903954 449305 357292 640474 381812 468439 794617 208493 958648 399755 792957 495195 879578 770100 612610 505710 463274 277144 510493 604914 1090822 561092 753584 483344 161847 517942 683435 550083 768442 752997 605824 469254 746143 307978 431230 689806 729123 425943 696172 904758
586217 529846 328917 292744 232771 333298 462683 452474 611440 659692 389902 584422 417203 502341 667094 808753 179072 271423 999999999 269297 205390 643084 143135 459071 350997 367885 310783 546178 297441 416705 494531 106982 455105 113139 153965 58296 500110 139805 320375 428254 170438 715556 543273 768244 339285 578677 514074 310943 631584 487850 255281 393426 615256 412848 432722 547000 476757 572703 782135 697956 651596 479513 146346 376784 113153 198766 526432 320983 736527 400731 631433 283858 651853 609608 346044 269714 476801 372670 300503 338622 880381 524046 495478 544403 109577 247758 534713 498722 532722 538351 523298 355105 514483 182765 195133 485964 637834 485005 474390 711980
854360 691583 73402 154411 53068 501427 676168 686203 600531 856864 372762 818569 682632 467217 936328 953986 444507 120105 269297 999999999 63914 712712 129198 622736 612857 408911 117711 811482 73410 530804 760495 373571 232264 375980 406296 291307 571824 331947 575519 415821 118200 824929 808432 908438 608416 723971 499879 261939 486445 597791 521723 535542 876454 678387 248310 786390 742036 414733 874555 852579 920893 329431 303200 644662 362617 463802 789827 323506 879594 280530 692848 425454 804850 670114 612463 533745 343170 159860 439052 605305 1004426 442521 764487 366397 177285 510885 581992 433032 700816 673960 491972 366778 779303 229536 380114 607484 614751 307841 735124 813282
790726 646109 128750 160193 42651 452178 621125 627785 591293 805760 359922 760514 619214 460922 872448 913751 380918 124752 205390 63914 999999999 686527 67101 576140 549895 383592 141996 748395 108895 492199 697266 309804 277245 312489 344311 229127 542908 274441 513894 403687 67173 791327 745372 868981 544507 682029 489208 248433 511099 561314 458091 491626 813800 614952 279182 727334 678665 441849 845019 809807 856984 351658 248632 580897 300119 400275 726769 302740 839358 290724 668222 378904 762068 645366 548878 470684 360641 197689 393464 541683 968932 447923 700592 398789 117380 447632 558692 433784 654215 633402 485405 344706 716294 186330 325252 568823 608770 338363 672828 781301
890989 253126 698290 846223 663794 343949 411100 486197 206339 402701 1017601 529117 662525 298847 908979 313753 608834 811166 643084 712712 686527 999999999 686694 272992 609097 1008564 620034 902769 659315 231769 861454 616834 653323 600725 732820 698095 145443 506152 817371 1059411 721958 146780 902235 269052 693307 205187 253830 454220 511131 168267 624901 273280 717675 661996 581489 540072 686827 531251 166525 270380 885920 516000 497482 678489 569721 607182 690760 950294 256182 487895 26473 362887 244289 45095 647795 748898 486638 632291 346807 648452 318775 378400 763129 571230 703541 599071 133060 356748 270946 184668 281320 346223 885990 507606 457632 183415 231240 566104 889542 123860
725657 621530 195801 171114 104545 423978 581368 581571 610851 771649 336238 714493 560033 485238 808578 894885 321573 141656 143135 129198 67101 686694 999999999 550530 492650 346202 200225 682304 173061 479081 631370 249644 340653 254114 277389 162257 541422 234657 446886 379511 37170 781708 679249 851364 481966 662202 508718 272601 560673 550062 398211 471031 757042 555701 335747 679413 619588 493784 840069 787994 793556 401504 216270 519916 246118 341184 668814 272690 820850 333416 670368 356445 740516 647593 489036 404572 406976 259391 372162 481656 956005 483122 638216 454552 51179 389620 563587 465149 627906 615899 509041 355544 650112 179177 289614 554577 631369 393731 606082 773764
618633 71271 637194 721602 569669 127230 145792 217514 393953 244523 848943 291274 389558 394618 641144 349684 369189 690788 459071 622736 576140 272992 550530 999999999 338305 821567 567944 629846 593717 128090 589063 398379 657878 382345 506192 504180 204103 322993 560923 886808 587643 277449 629343 309787 425491 122636 362689 416033 631352 124796 367341 92020 460617 389073 592564 288679 414952 619145 354462 239287 618201 562986 334489 407120 358910 362401 422690 780035 277835 499650 279101 197456 192811 267699 378041 494815 538131 605352 183712 379399 425129 475770 490482 636094 548470 343116 258874 442684 78123 97458 394071 323511 613490 393202 265915 99796 428528 604840 619266 282607
303101 382109 662279 639235 568605 289005 229899 168717 689842 409529 676958 271722 75564 638738 355608 625539 172287 621022 350997 612857 549895 609097 492650 338305 999999999 621870 622276 299009 623988 404772 253985 244181 756221 238545 282937 357182 509812 301597 248637 704168 521430 605411 297941 599358 92188 444292 624368 539390 845320 446577 100639 350194 264396 72202 711974 227797 131810 807145 684964 517630 335399 724730 339863 69696 250588 152588 177027 614313 568391 644050 612082 329962 484174 597561 41302 197193 709751 679824 335531 45144 720724 699955 179309 800041 459768 103243 564230 666592 371773 434500 649169 506479 278821 435225 281696 427055 724019 749608 280962 614988
720980 891124 477886 270368 424849 698327 800058 769550 954091 1000015 83537 890805 660101 830850 817779 1170066 477124 295685 367885 408911 383592 1008564 346202 821567 621870 999999999 521605 657326 480772 784371 619598 427359 638008 442542 341390 317809 864153 507624 428130 88015 321161 1083195 653706 1131305 559547 943030 852486 618750 893048 855657 525661 760733 855187 655791 656652 847966 711749 822379 1149995 1058061 811462 734142 511416 608314 462899 492303 765448 87654 1099267 673998 995526 651701 1013204 973282 595506 439977 744142 568771 668354 587797 1245710 828317 689917 775259 313082 535443 894361 811202 891936 904771 854407 695992 626898 514320 562075 853778 976001 716302 567662 1079856
889541 632842 78397 272085 99346 456691 644141 666878 491425 810018 489611 795690 696114 357174 964372 881273 466016 237756 310783 117711 141996 620034 200225 567944 622276 521605 999999999 854014 45436 461224 801963 401240 144475 398807 462522 350055 484942 322491 630896 532884 209067 741826 851249 834634 635122 657077 392962 166837 371457 522666 541693 476785 879243 692180 137187 768343 754037 301000 784992 785804 946969 212977 286115 664886 376355 483706 797511 437895 807515 163823 598381 377089 738624 576053 629654 579726 225603 61904 387716 623271 923000 326275 787815 256799 250742 525812 487281 318861 644546 605074 381846 276301 822852 193094 357799 536172 503240 196454 784752 727779
68700 663177 874640 784581 778687 587652 501002 426324 988436 632695 734037 458022 240330 931368 164493 869439 395930 778771 546178 811482 748395 902769 682304 629846 299009 657326 854014 999999999 843534 703773 52224 453792 996796 458373 407269 520786 808672 559367 245396 745080 699620 882162 3624 852891 234581 723962 919997 807011 1125710 743645 329827 649067 297771 240776 964635 420161 227000 1080434 962011 772326 163988 992559 597586 230106 486222 381589 249548 689286 824707 910532 907553 622281 748000 894066 265932 277738 981614 915389 629796 268122 970830 986940 147941 1065180 636168 353330 863212 954468 649647 722823 943424 792410 32634 687313 557980 722994 1022473 1009988 89664 895206
882034 660268 43526 227321 68532 478180 661710 679740 535553 833514 446144 810265 696543 401440 959803 914123 462162 193423 297441 73410 108895 659315 173061 593717 623988 480772 45436 843534 999999999 492019 791788 394425 168353 393834 445176 330708 522015 329028 614714 489228 175362 778071 840651 867806 630203 687510 436397 205096 413306 555694 538935 503650 884278 692476 175882 781030 755221 341886 823437 816441 943138 256024 295017 662597 374636 480604 800476 396061 840050 209258 638217 399384 768985 615726 628400 567043 269978 89759 411235 621690 958869 371710 784708 294828 224235 524909 527022 364052 671103 636096 426157 313803 811903 207388 369825 567871 547961 235537 771303 764815
702955 178277 534799 646780 478392 118983 261431 323680 287682 367454 799778 415382 468800 268703 737927 423240 379262 613491 416705 530804 492199 231769 479081 128090 404772 784371 461224 703773 492019 999999999 658181 385079 538562 368960 501065 469927 105906 277637 591996 840354 515862 303079 702713 377645 480471 195854 240020 300745 504077 71712 402813 55820 572224 467278 471118 407721 505210 491072 365923 324633 715466 436550 274170 474025 338137 379110 522611 731412 348888 376460 225343 133111 277400 206134 439706 522897 411112 492238 116589 438866 477386 348408 574780 508893 487891 376476 159490 315075 193415 144079 270303 200406 683082 305958 226744 76737 322357 479653 678576 296859
102178 625822 823185 736801 727164 541122 464928 391595 941477 607841 694485 436324 201750 881852 198247 842109 343846 730059 494531 760495 697266 861454 631370 589063 253985 619598 801963 52224 791788 658181 999999999 401600 944656 406149 357412 470223 763530 507496 199504 707588 649315 846735 49715 823290 184205 687234 871344 755149 1074370 700350 278593 603958 293611 201486 912414 396123 199367 1028657 926676 742062 192392 940593 545641 184352 434056 329685 231515 647310 794329 858560 865312 573159 715472 851197 218716 226907 929816 863301 581124 220218 942492 936387 124935 1013107 585678 302504 817665 904066 613100 683412 894313 741919 24911 635155 507057 680382 975337 957832 61709 858784
488390 466314 429148 396569 333317 281364 375695 355670 620428 575512 465100 485529 310392 527867 565472 744250 72091 377140 106982 373571 309804 616834 249644 398379 244181 427359 401240 453792 394425 385079 401600 999999999 543206 16305 116591 120676 481390 128085 248932 499157 277374 669082 451140 706806 236014 520924 530613 364266 688914 452181 148603 349524 508326 306057 511655 446400 369948 636676 740995 631905 549092 545780 159360 271095 48951 91790 419455 397653 674606 464163 609295 256144 587853 588957 239454 186744 538189 462205 271377 232134 823465 564943 391449 615934 215628 140953 524299 535791 465928 487141 545804 378516 423186 237903 161663 444807 650267 559014 389514 669165
1030649 716443 160432 371613 236336 560504 752941 784586 487783 902380 593618 908981 831036 360105 1103216 941418 605846 342774 455105 232264 277245 653323 340653 657878 756221 638008 144475 996796 168353 538562 944656 543206 999999999 539765 606987 494242 535203 454624 775330 634997 343442 788918 994087 894080 774992 730159 403528 242900 279979 589528 680293 566050 1007821 827259 71841 885432 887898 207215 819552 855874 1085220 151121 416492 802546 515300 622888 929117 551168 869965 167372 628808 481700 810446 608229 766533 723581 178119 82620 489035 760477 969114 298666 925794 149828 391776 662932 522421 306874 730577 677203 382108 338650 965870 321085 482020 607693 489617 105926 928664 771137
490955 450450 429571 405002 334182 265067 361924 343958 606075 561527 479097 474577 306732 515067 566173 728564 68687 384483 113139 375980 312489 600725 254114 382345 238545 442542 398807 458373 393834 368960 406149 16305 539765 999999999 132398 133079 465611 115263 259400 513598 283237 652808 455808 690954 236583 504857 516991 355332 679562 435941 145934 333227 502941 302464 506299 436031 366206 628405 724691 616265 549325 538071 148299 269403 34676 87828 414823 411384 658766 456250 593306 240394 572081 573027 236520 195501 529735 459328 255520 229428 807458 553697 390940 608956 222651 135536 508855 524173 450235 470901 532682 365968 428187 230461 146183 428510 636138 552601 396391 652864
455176 571694 472456 383289 377916 394412 463331 428585 734564 662277 394021 549641 330250 637092 543413 846506 140610 373831 153965 406296 344311 732820 277389 506192 282937 341390 462522 407269 445176 501065 357412 116591 606987 132398 999999999 115190 597972 240701 169724 421830 292562 780455 404089 811171 234321 628680 642653 459139 782620 567325 184683 463735 531376 325778 586611 507092 386657 725388 853779 733994 530788 632491 266803 280854 165140 153248 440123 331881 778908 552848 725648 372730 691625 705415 261087 131879 628637 524375 387914 253160 929680 667894 384206 698207 229583 194191 640734 640422 569386 597951 656125 487494 374787 329794 278202 558903 763725 638930 328881 781709
566034 574160 357305 283312 263070 380519 494621 476346 669718 693856 347714 605951 417127 560284 651436 853316 187180 268428 58296 291307 229127 698095 162257 504180 357182 317809 350055 520786 330708 469927 470223 120676 494242 133079 115190 999999999 555992 192335 284855 383747 179312 766132 517682 813964 330215 625329 572345 366155 683994 540518 257275 443527 618342 412660 477841 566414 476096 623272 834245 741684 637473 529791 203200 372309 147009 206268 527845 279427 782005 452542 687104 336816 696332 665464 345498 243337 528713 411668 353356 337702 927931 580337 485439 592218 115467 255702 591737 555613 575705 587047 581379 413330 488468 239301 245011 537297 696127 532111 443836 763540
806092 225318 562453 702132 521843 224812 348982 417421 190096 412547 872226 493833 572309 209490 837483 406354 481587 667302 500110 571824 542908 145443 541422 204103 509812 864153 484942 808672 522015 105906 763530 481390 535203 465611 597972 555992 999999999 365245 696247 914108 576840 257241 807679 359002 586351 211850 169872 318106 446093 81378 508247 159619 663746 570968 464067 492779 606295 447468 302771 327244 814798 411282 353944 579246 433193 482584 620377 805013 335763 367848 131438 225249 285314 109500 545255 627023 382986 503778 210171 544542 438609 294731 677628 476496 558163 481870 55807 265112 244084 162855 202257 208641 788417 362446 320068 107475 224800 459235 784457 242876
584594 394209 369903 404468 281997 195981 347531 354283 493863 537120 528101 486637 376501 399874 651385 672038 164661 376273 139805 331947 274441 506152 234657 322993 301597 507624 322491 559367 329028 277637 507496 128085 454624 115263 240701 192335 365245 999999999 373872 567235 270865 575757 557097 630635 327913 440694 402757 247653 568991 348444 231398 253808 556780 372768 411935 454719 433299 521233 642547 562271 632615 433318 38850 350252 80834 177815 475411 459221 599160 351335 495827 144538 515565 474479 313442 308319 422367 378745 161122 307827 741473 439342 473327 506600 226203 211106 403920 409383 398589 399139 417720 250706 530727 133715 57091 346169 523132 452966 504258 572241
301341 615667 642158 539503 547610 474458 474697 417317 854478 658075 499431 511585 255412 771930 395646 871666 218210 534747 320375 575519 513894 817371 446886 560923 248637 428130 630896 245396 614714 591996 199504 248932 775330 259400 169724 284855 696247 373872 999999999 515890 460451 837165 241978 843252 160338 677172 770618 612796 937602 649205 193781 544631 434498 251787 751901 467095 296720 884113 915159 762053 386886 792340 407688 205023 293192 214229 348473 449360 811718 711269 815119 479030 725813 797247 209723 69285 786010 692800 491377 204122 964619 813023 263150 860655 398377 218864 745389 783253 608197 658165 788428 623828 212852 485128 393377 634920 886114 802370 161486 843482
808917 957238 478497 264228 441806 761517 874428 847659 989920 1074429 43773 971198 744978 862391 905751 1236386 553733 296176 428254 415821 403687 1059411 379511 886808 704168 88015 532884 745080 489228 840354 707588 499157 634997 513598 421830 383747 914108 567235 515890 999999999 348706 1141992 741459 1196325 644770 1006901 887674 648976 901731 912036 606504 820964 941346 740627 662869 928860 797484 829467 1206122 1125067 899475 745251 566196 693423 530713 569885 851263 109148 1164526 692353 1044781 709207 1079393 1022215 679257 525868 758407 573061 725832 671473 1308571 851421 777245 778679 356083 614691 940384 837387 959238 966355 886568 734966 714757 556040 623281 912130 1009530 721890 655423 1137119
745338 658661 190158 134107 109753 461026 616872 615403 641313 807982 305115 748237 587193 513888 830213 932039 349455 105640 170438 118200 67173 721958 37170 587643 521430 321161 209067 699620 175362 515862 649315 277374 343442 283237 292562 179312 576840 270865 460451 348706 999999999 818322 696475 888487 505994 699359 539043 300523 576816 586730 425260 508181 785688 582812 346227 712543 646716 508166 876179 825161 815848 417287 253302 545545 277962 369162 696734 243780 857994 353427 705268 393604 777685 682460 515809 422524 425055 264636 409305 508286 992921 507309 662081 465804 64134 418194 597843 491002 664976 652990 537979 387986 667205 214395 326216 591481 660848 405292 621072 810161
859513 223348 819017 948094 773764 387958 381806 455857 352652 304749 1101892 461343 645065 441491 861967 167465 645584 914221 715556 824929 791327 146780 781708 277449 605411 1083195 741826 882162 778071 303079 846735 669082 788918 652808 780455 766132 257241 575757 837165 1141992 818322 999999999 882216 124337 695894 161157 396599 575062 657901 231693 644080 322605 658219 645538 717244 483224 656972 676760 79942 148726 839065 656763 576188 671503 626017 639520 649482 1033307 117846 621848 173221 432786 144926 188551 646404 771768 627577 760767 416165 648827 181373 523096 736092 714971 790858 620240 267579 499735 234172 182567 425554 465619 870199 606279 521210 229865 375931 706373 883638 26069
72103 663026 871680 781215 775744 586455 500942 426362 987202 633594 730429 459105 239897 929714 168044 870181 393545 775470 543273 808432 745372 902235 679249 629343 297941 653706 851249 3624 840651 702713 49715 451140 994087 455808 404089 517682 807679 557097 241978 741459 696475 882216 999999999 853449 232694 723879 918497 804748 1123637 742875 327761 648065 299871 240276 962090 421059 227470 1078209 962081 772820 167404 990247 595282 228906 483771 379300 250738 685713 825198 908216 906916 620686 748301 893355 264566 274697 979379 912646 628279 266660 971501 985072 148556 1062805 633049 351369 862169 952633 649571 722475 941845 790552 29339 684870 556011 722300 1021214 1007547 86045 895169
821395 240506 910036 1021207 856032 435024 369542 435557 475386 231072 1158112 405410 625423 556391 810411 47353 671559 988749 768244 908438 868981 269052 851364 309787 599358 1131305 834634 852891 867806 377645 823290 706806 894080 690954 811171 813964 359002 630635 843252 1196325 888487 124337 853449 999999999 691546 190024 512067 669589 778760 312138 655633 380485 600890 626747 823049 436351 626034 794168 164001 81860 788111 768112 638083 659870 668502 662121 608725 1089187 32264 726776 295185 495126 119593 308310 640535 782130 739293 859335 479240 644364 121426 639801 704953 829620 853987 634433 380077 614525 241786 235756 542275 561591 845308 682676 573853 300955 499643 816906 866894 149956
256872 472566 665158 612215 569272 361955 322072 259648 760303 499051 621455 351660 100886 697758 329619 717561 169202 598631 339285 608416 544507 693307 481966 425491 92188 559547 635122 234581 630203 480471 184205 236014 774992 236583 234321 330215 586351 327913 160338 644770 505994 695894 232694 691546 999999999 534746 687901 574867 891588 528079 96540 427761 298125 96693 737848 307152 153361 847594 775211 609815 313078 760928 366598 48823 259735 152256 207173 562759 660570 679042 694704 389437 576224 679063 51127 120524 748934 695270 397892 47333 812910 752378 156251 834498 442119 118907 639413 719962 462854 522521 710458 557862 208684 458929 323502 510141 793836 780662 198106 704750
704402 62193 730426 832500 671173 245384 222980 298161 379788 205736 968429 324708 485489 421333 713477 232692 491073 800461 578677 723971 682029 205187 662202 122636 444292 943030 657077 723962 687510 195854 687234 520924 730159 504857 628680 625329 211850 440694 677172 1006901 699359 161157 723879 190024 534746 999999999 381224 495733 657522 141569 484746 191211 516283 485787 661055 338526 500536 658767 240692 128939 690421 617308 448229 510646 480880 483579 497364 899506 158876 565051 221641 305758 81548 220101 485259 612505 589914 687233 290114 487670 302850 506546 579144 685423 664034 461471 253400 476543 74324 52957 413544 391830 710945 496141 383999 122544 411591 663475 722991 171566
927259 393689 470455 647252 457582 338757 501364 562854 102286 582265 844138 653635 694197 45029 970122 558820 552937 611336 514074 499879 489208 253830 508718 362689 624368 852486 392962 919997 436397 240020 871344 530613 403528 516991 642653 572345 169872 402757 770618 887674 539043 396599 918497 512067 687901 381224 999999999 240833 276315 248461 598646 293442 811497 692075 332132 647582 736215 282496 418209 491347 948098 262413 376394 690967 482321 559638 758127 781407 492843 242919 228198 298559 451947 209323 654308 702417 233023 392909 290235 651886 572553 128025 801038 318382 539586 572835 132744 103163 412095 332725 32386 159257 896087 340155 377287 273856 124267 312660 882503 375995
830949 476790 244565 406603 217262 318398 511279 546891 342862 660499 605286 668347 614936 213416 894021 716471 411893 370694 310943 261939 248433 454220 272601 416033 539390 618750 166837 807011 205096 300745 755149 364266 242900 355332 459139 366155 318106 247653 612796 648976 300523 575062 804748 669589 574867 495733 240833 999999999 324835 358457 478359 324030 778702 611583 182235 646751 668634 273723 618563 623710 874375 186186 209692 594148 323700 425465 705180 544153 643116 104733 433198 240541 577058 410669 556687 550723 174849 191533 246829 551710 756297 215444 716117 260787 309270 456829 322008 193938 490089 443121 237630 109470 778351 129350 257737 373626 360799 211145 750657 560943
1144668 668352 424430 637997 468954 581129 762165 816036 307185 858009 858953 918691 919690 238104 1200377 824361 733576 605567 631584 486445 511099 511131 560673 631352 845320 893048 371457 1125710 413306 504077 1074370 688914 279979 679562 782620 683994 446093 568991 937602 901731 576816 657901 1123637 778760 891588 657522 276315 324835 999999999 523399 795883 552149 1061867 916820 238998 907789 968865 73256 662878 765113 1179551 159529 532302 905669 647241 745825 998627 809165 762412 231540 484681 519203 727175 470460 867948 875063 155460 329045 517443 863830 823610 155670 1024542 130566 607183 772684 406564 189235 686398 608888 243979 339761 1098107 453441 568335 548224 290735 180797 1073248 634682
736988 145231 597899 717015 545824 175815 270553 341189 269743 334777 871487 412779 504739 285423 763792 358631 440990 683427 487850 597791 561314 168267 550062 124796 446577 855657 522666 743645 555694 71712 700350 452181 589528 435941 567325 540518 81378 348444 649205 912036 586730 231693 742875 312138 528079 141569 248461 358457 523399 999999999 457080 105105 585412 503767 519995 412832 534894 520039 294399 266471 740944 475937 345841 516266 406173 439007 545723 803109 284873 423830 166857 203999 220961 151098 484063 580663 448728 549317 187365 484187 407618 369836 608414 544728 559529 431136 134631 338599 163672 89045 280723 252151 725105 375499 296304 26106 304169 521926 725416 225147
353236 423727 575277 540085 480064 284073 292119 247512 675318 486327 578147 365145 161946 606198 422966 686624 77260 522949 255281 521723 458091 624901 398211 367341 100639 525661 541693 329827 538935 402813 278593 148603 680293 145934 184683 257275 508247 231398 193781 606504 425260 644080 327761 655633 96540 484746 598646 478359 795883 457080 999999999 353279 361570 157579 641881 322430 221491 751230 721740 575384 405296 664397 270115 123671 165350 58346 271741 514714 623719 582504 623613 300526 536938 606399 90855 127761 652525 601250 310554 83593 776560 658253 246147 737966 362601 26415 559385 626198 417315 464477 619920 463996 302560 362864 228620 441935 708212 684244 283945 649947
647405 156660 547036 641292 482534 70710 210198 269414 343492 336479 781539 366736 413323 319621 682138 423863 335947 609328 393426 535542 491626 273280 471031 92020 350194 760733 476785 649067 503650 55820 603958 349524 566050 333227 463735 443527 159619 253808 544631 820964 508181 322605 648065 380485 427761 191211 293442 324030 552149 105105 353279 999999999 518061 411863 501176 356298 449392 534786 392052 318213 659692 474466 257956 419649 304738 333917 467056 712728 349830 408981 270524 114645 270495 253123 385846 475925 450472 513424 98903 385298 488339 396750 519148 548532 474020 327153 214311 362944 167762 145966 322955 233475 628839 306482 198662 95284 378174 515095 625773 320649
244073 464572 923677 901510 831166 480771 314916 248649 853834 370146 919157 197402 201850 836064 210606 607870 436271 884463 615256 876454 813800 717675 757042 460617 264396 855187 879243 297771 884278 572224 293611 508326 1007821 502941 531376 618342 663746 556780 434498 941346 785688 658219 299871 600890 298125 516283 811497 778702 1061867 585412 361570 518061 999999999 206343 957878 177820 144834 1033799 734790 526148 189042 958839 593380 250580 513837 416556 91261 860883 577051 881320 729769 546274 514170 722321 273090 415494 940177 934603 545812 280965 710873 908857 177189 1035062 723684 367545 719076 874742 446784 533978 840751 724767 306159 688068 525889 560243 888546 989517 354011 676617
235926 424336 730011 695969 635533 354429 263839 191827 754186 420595 716485 262116 4493 707907 283689 648509 234226 679830 412848 678387 614952 661996 555701 389073 72202 655791 692180 240776 692476 467278 201486 306057 827259 302464 325778 412660 570968 372768 251787 740627 582812 645538 240276 626747 96693 485787 692075 611583 916820 503767 157579 411863 206343 999999999 783772 217998 63912 879186 725477 545036 263297 796927 411233 48016 317954 214734 115321 656658 596981 716249 666956 400093 516196 653761 67224 217216 781880 750275 404853 74968 747127 770609 109032 872242 520002 167843 626090 737103 411707 482448 717607 577618 225401 506481 353897 482655 788620 821735 240261 657349
994629 649345 185613 399010 236532 500300 693268 728830 418189 836735 620212 850542 787368 289047 1063305 870397 569831 366776 432722 248310 279182 581489 335747 592564 711974 656652 137187 964635 175882 471118 912414 511655 71841 506299 586611 477841 464067 411935 751901 662869 346227 717244 962090 823049 737848 661055 332132 182235 238998 519995 641881 501176 957878 783772 999999999 828896 842903 166618 747739 786040 1044537 89095 373140 762149 478998 585754 881888 571746 799231 96409 557000 422767 740948 536394 725375 696167 112289 90083 428756 719746 897339 231374 885261 119620 385400 622760 450612 236961 663963 608118 311436 270719 934473 279029 432913 538788 421593 59660 900678 699362
385183 287097 823007 839669 736714 332222 146316 101466 682490 212536 899868 44508 215066 675755 378864 450002 380424 816877 547000 786390 727334 540072 679413 288679 227797 847966 768343 420161 781030 407721 396123 446400 885432 436031 507092 566414 492779 454719 467095 928860 712543 483224 421059 436351 307152 338526 647582 646751 907789 412832 322430 356298 177820 217998 828896 999999999 196928 886419 560988 357852 356028 818263 486350 262559 435101 362378 172644 835413 409922 744941 552618 406669 340715 545804 260521 423143 796966 818524 402429 267359 552090 752729 273098 894096 655843 315096 547357 718797 269127 356876 678024 578102 416229 575506 411302 387154 716983 853649 446606 500675
