NAME : synthetic_000677
TYPE : CTSP-D
DIMENSION : 100
GROUPS : 8
RELAXATION_LEVEL : 1
EDGE_WEIGHT_TYPE : EXPLICIT
EDGE_WEIGHT_FORMAT : FULL_MATRIX
EDGE_WEIGHT_SECTION
999999999 980588 475732 302359 562051 205175 793355 909514 289124 1011642 269576 569055 525067 844834 522658 48429 438895 458735 712328 475918 469203 607742 1037941 616841 842283 198527 945806 634308 184393 592410 775122 1026152 495999 616334 491786 888937 514845 776477 527709 432632 672972 491849 205756 353992 375567 651570 439756 152262 339111 489407 544811 393723 83450 661356 988977 137175 549227 312476 908411 256573 408867 542604 644205 507422 756969 834429 359793 967157 983903 731279 651431 545650 602714 630542 527846 375593 625922 452091 705615 76679 674472 919947 942893 815014 596640 680317 352985 774999 570330 343031 768487 445800 200549 250367 200268 431035 400021 214410 375169 301130
980588 999999999 642486 678549 680997 805232 436613 518190 697637 792433 1146559 565093 475055 262169 817850 946234 707689 1145973 482820 668717 1064694 678431 80928 733828 465115 1007842 245799 350574 813921 506364 711917 971756 683549 1068547 812379 236621 852841 541215 496250 548170 314625 872585 946121 761169 792547 538766 693812 886882 708405 823435 522986 1225327 916788 319236 767526 889028 436650 1042323 85825 987219 812264 445008 948848 562628 359251 886343 817643 586075 626335 940529 329301 688719 530141 548177 878139 607075 1022069 595956 506564 907880 392479 925201 488330 474079 384855 973113 1118495 230850 515554 881959 967415 969858 1075896 1131728 780744 683046 603740 948335 621876 1090910
475732 642486 999999999 291624 644268 419845 688832 832335 241472 1045786 730094 558297 205653 634015 708695 467759 554032 856527 641518 30200 821728 681614 718078 726065 748899 613808 722974 389594 296730 144402 834945 1143774 59618 920693 184295 665072 230544 736908 426981 257338 346527 722217 574257 138416 154917 621862 52691 479537 138945 687297 119613 846894 392624 374513 1017853 469036 262428 707300 557406 637194 169805 251728 874870 483018 601614 972103 181313 910780 943253 929971 374190 106166 138184 608137 751742 296600 902513 448147 651311 402592 256464 1050186 842754 730519 316339 912789 773914 411652 129413 620448 969517 751704 653342 710965 338449 48970 160199 581742 353419 726389
302359 678549 291624 999999999 384503 147752 530444 662739 64051 824413 495174 333168 240213 552609 424465 268091 275921 578716 458657 310377 534707 427689 735654 462243 586027 361665 653609 332229 156367 350248 595070 891382 341707 629070 418592 595283 461511 540991 245547 132176 374512 432461 309306 256806 304824 413003 289167 225632 182434 400374 299450 597604 245239 359447 798100 222375 252531 436165 607781 367545 348950 247428 588124 256679 475111 708960 312032 731665 756348 649936 349264 394802 373656 394062 463296 74755 611619 204358 458946 231783 402505 791438 687795 561169 295899 626467 508820 478834 327842 330369 689862 460978 418787 477729 102207 270838 143509 315070 98348 466698
562051 680997 644268 384503 999999999 366905 300979 372991 448540 453340 577836 122119 487920 439568 138495 513637 124144 492507 220330 669648 400468 46173 699133 82116 327435 459491 520486 399777 513237 638148 217070 507027 701888 387751 797435 481846 842052 238364 249324 389744 503642 198173 402457 640049 688496 150435 657689 410930 563145 151462 596844 612308 555089 453318 429274 425070 449616 433995 649694 407322 732221 455027 277357 171422 330752 328233 696513 416154 427293 300466 440136 750156 672330 135780 198085 350464 343037 196195 200717 528171 623991 408465 415439 299778 438976 308210 500295 590549 621087 271098 337528 307386 531407 570325 425791 638278 484892 398726 296110 492816
205175 805232 419845 147752 366905 999999999 588379 704842 179390 820133 350025 364083 387111 647496 356030 159123 242835 437406 507156 433033 403808 413075 855964 430458 637112 214498 747830 454669 168532 495517 583464 854351 461902 517634 511718 692312 548787 572527 329547 273019 512368 343666 161740 346715 388403 446791 404948 81991 289505 325450 444634 449922 188232 490045 796179 84265 394183 290883 739739 221371 431918 390331 504119 302747 555425 664218 386059 763923 782038 580001 478480 516039 516776 425815 378671 203906 510004 247894 500557 161373 550101 749642 737788 609864 431302 542504 362059 618016 472902 212118 619423 342201 274966 333225 86799 389059 287181 167796 183952 319082
793355 436613 688832 530444 300979 588379 999999999 143604 583956 392816 864973 229657 486260 174458 434919 747438 385590 793340 84976 718770 700329 278831 431579 325417 60067 736468 229047 312576 685950 618153 275411 549625 747570 665971 869790 205324 916738 104622 286982 453851 402796 497088 674929 743138 789708 155632 722688 655378 666293 451972 595997 910276 760997 351091 364916 665369 430246 728696 435699 693068 827335 440383 533823 286115 102106 449753 806564 223241 258462 511184 343614 782342 654424 175364 490977 463118 614352 341884 100751 739753 551674 492063 158542 46492 384850 552488 798105 442451 610133 561722 535014 608090 809759 855154 613169 704408 557400 673286 434433 786106
909514 518190 832335 662739 372991 704842 143604 999999999 719029 275147 950826 340974 629843 272716 488283 862253 481133 847506 204085 862242 750664 336749 492016 365740 83618 830395 276934 454643 816222 760414 250760 455327 891129 686223 1012933 283928 1059892 135762 424150 594594 540582 551116 771400 883848 930865 258063 865710 765093 806388 512667 739264 980662 884561 490444 249577 776810 573760 805839 536931 780094 969140 583931 545904 409665 239274 402761 947047 80995 119226 499081 483894 925902 796555 279027 536031 598698 631307 465386 205631 861510 689755 421291 48861 103235 527586 555145 869462 568942 752938 644083 513191 664639 902979 943194 739129 847317 698961 768458 565004 865025
289124 697637 241472 64051 448540 179390 583956 719029 999999999 887061 510466 394247 236007 592878 485908 263426 339289 616795 515170 256812 580264 491630 759363 526249 640778 383628 693139 360516 116944 321136 658610 955433 287043 682924 356279 634061 398551 600053 297072 153052 386024 490847 337934 193226 241007 472753 232099 246248 120846 460802 270656 620131 219484 379748 860580 238672 262135 469486 622583 399570 285240 254828 648130 316889 522371 772857 247983 789601 815357 712027 371196 340930 339738 454319 522635 120845 668142 266209 516861 213412 389535 855438 742134 616676 312926 686602 538901 486538 298403 380093 751980 511633 433009 492104 104889 214691 115147 344825 159043 493594
1011642 792433 1045786 824413 453340 820133 392816 275147 887061 999999999 978060 494987 854565 546420 504048 963284 577301 815383 410535 1074418 719734 407180 761565 395365 342534 883430 548605 696544 963510 996784 236860 196345 1105399 604327 1217155 559062 1263594 313786 619004 791888 792942 555119 834603 1071058 1119668 424281 1070925 859447 992347 536827 968051 972729 1008358 739944 28357 874543 801877 824336 811766 821824 1161549 810960 470814 573130 494884 249257 1131421 208666 170298 387662 731176 1146579 1033276 439295 525862 775025 550636 620996 396965 981247 940606 211122 305230 346432 764598 460113 870835 834769 985862 689757 379503 655945 949612 975743 877327 1051644 896670 828997 728270 882715
269576 1146559 730094 495174 577836 350025 864973 950826 510466 978060 999999999 638042 735351 962396 478681 263979 479529 235437 780028 734502 292685 615819 1191406 599622 900980 138744 1058611 797401 433649 830934 756578 940462 757419 451431 761226 1007878 784267 815891 654734 623030 861587 423337 200726 618372 643585 709774 699853 269603 591150 448186 780798 124737 349376 836518 960825 273493 744206 153790 1085231 171946 678093 740316 533258 603314 859754 757222 628839 990397 996523 627929 824408 808927 846996 689663 452315 553690 482232 558239 765801 331869 896483 836977 992792 872850 780101 561010 128562 967403 808238 306750 657663 325882 77506 19356 405752 688848 625301 199273 527109 97010
569055 565093 558297 333168 122119 364083 229657 340974 394247 494987 638042 999999999 383851 335862 253781 522144 159441 589113 145447 585755 502778 138926 588874 194691 274058 507554 425731 278779 481058 533816 276657 586500 617485 506965 724022 380306 770123 211003 138301 301172 383491 307502 445668 576073 624681 83079 579103 427260 497360 258383 496295 691128 544157 332295 467950 438014 339947 507208 529755 466623 666647 346608 399459 78149 227830 423808 636613 403262 425177 417597 319275 662256 569171 62504 314132 280079 464011 129092 136636 520700 509243 496622 373950 246425 322644 429896 579556 468590 518555 339614 452982 407827 580827 627493 400433 559674 404108 444275 235303 562931
525067 475055 205653 240213 487920 387111 486260 629843 236007 854565 735351 383851 999999999 430065 580376 498572 425184 805876 445291 235852 750050 518285 543627 569297 546233 601542 521791 184126 346965 150412 656399 967700 262845 818516 389716 463072 436150 541933 245740 121184 160956 609062 547498 294298 332774 435503 246635 465844 234233 566312 113872 836781 452888 174862 826329 462221 56825 670067 395157 603229 361998 46227 746594 316958 396577 807381 355409 709201 742919 786525 172204 296115 185370 424786 632480 191652 789998 299245 457626 449059 164322 880245 638339 529189 111819 782423 744559 253630 134734 543219 824555 666072 658810 717824 334419 230627 129941 552685 239160 704561
844834 262169 634015 552609 439568 647496 174458 272716 592878 546420 962396 335862 430065 999999999 578046 803106 492439 924662 226917 664020 836709 429265 262673 482113 207500 826761 101129 247374 706505 533337 449759 716653 688641 821996 818214 45488 864066 279048 318032 443296 300482 636969 763782 717573 759679 290429 676693 724092 647407 588871 524508 1024322 797022 261033 519894 730554 374597 839738 266282 793758 791321 385396 695952 359084 109043 624210 780603 349397 389652 681311 260037 713416 567379 303788 637257 478259 772862 406458 250253 780825 444107 664799 255291 213223 318277 717802 913472 303880 531288 673000 706922 742080 898896 950034 649224 660588 533517 764020 469715 893643
522658 817850 708695 424465 138495 356030 434919 488283 485908 504048 478681 253781 580376 578046 999999999 475530 156566 360966 357016 730738 266006 156790 837454 123813 454689 379500 657833 521585 521292 727041 277900 503802 762748 253922 842167 620181 883953 359941 361683 468664 621816 63131 332876 678017 724566 288370 712567 372519 606471 33528 681439 493880 536455 574525 484952 389151 550811 326713 783431 317921 769048 554342 167242 280609 469247 312129 727667 517483 520198 226825 561009 814364 758859 274263 60364 413746 214690 282003 336228 507291 729488 397799 534136 428086 550472 204496 384021 714871 707810 186702 266750 176570 445783 474645 433343 693801 549404 326681 356768 386258
48429 946234 467759 268091 513637 159123 747438 862253 263426 963284 263979 522144 498572 803106 475530 999999999 390550 432944 665914 471007 435160 559317 1001647 568579 795727 170244 903881 597925 171140 576378 726731 979245 493506 578221 502068 847517 528792 728900 485308 399961 641887 446311 165890 354635 381769 604450 436051 104063 329092 442389 527475 384958 90735 627375 940581 88764 518813 282888 875862 221777 418381 512818 600303 461867 713382 787521 368867 919327 935815 686267 616965 544950 589386 583393 482388 339368 585236 406900 658768 68505 652508 873111 896084 768346 563940 636840 331411 745279 553938 297844 723831 405365 189129 244663 166431 425448 377376 174839 334276 279829
438895 707689 554032 275921 124144 242835 385590 481133 339289 577301 479529 159441 425184 492439 156566 390550 999999999 438362 300615 576923 358696 170292 738871 191365 424019 351701 584500 385010 393059 570857 340695 620809 609084 396610 694282 537430 737425 345528 221984 312161 479422 185842 291183 532511 580207 230965 560469 288782 458139 141239 524964 532295 431057 436026 553382 302321 398548 348043 662449 307755 624505 401313 323802 145971 385806 434859 585863 532089 546431 376288 422423 660011 602434 210517 207345 257987 365146 130399 287210 404045 577686 518604 519640 395858 403831 360865 421106 577814 551447 180696 416013 264860 424899 469565 304773 541429 394173 288864 200951 403499
458735 1145973 856527 578716 492507 437406 793340 847506 616795 815383 235437 589113 805876 924662 360966 432944 438362 999999999 712521 868123 97811 517361 1176368 481822 815546 262701 1010987 814927 577893 928809 619173 744737 895743 232776 927546 968659 957940 720855 654522 684947 899716 297862 285000 769351 804131 641711 837945 380759 722685 341399 878086 167053 523367 862728 802838 393976 797979 152403 1098563 221244 844137 797229 346081 583498 815993 575374 795008 870124 867542 436848 849377 949665 952193 624902 311688 614246 275642 555517 693224 498063 969818 646958 894097 788766 819134 364320 110873 1003157 906486 269000 459156 185294 268999 246686 518482 823261 721869 276806 569781 160243
712328 482820 641518 458657 220330 507156 84976 204085 515170 410535 780028 145447 445291 226917 357016 665914 300615 712521 999999999 670884 620791 203850 489582 255390 130124 651569 300876 288180 612416 586254 243670 543483 700990 595989 818481 266149 865379 96840 222221 395287 388923 418153 590122 683416 731006 71461 671104 572348 605340 371790 558277 826446 683113 334909 382196 582769 391741 644358 467765 608136 770408 401028 469047 207108 123686 417341 746192 275445 304206 457936 324885 739635 622747 90575 414770 395110 546248 263116 23752 660939 533681 472118 231611 103509 354355 491364 714309 447517 575523 477168 485914 527592 724856 770180 536497 652254 500579 588412 361000 701551
475918 668717 30200 310377 669648 433033 718770 862242 256812 1074418 734502 585755 235852 664020 730738 471007 576923 868123 670884 999999999 836283 707621 744895 751250 778835 621654 752665 419772 301019 166273 862317 1170590 32274 938815 154209 694867 200372 766093 455451 284587 375458 742423 584509 128282 135852 650315 37382 489156 145928 708584 146939 852870 392485 404289 1046531 477850 292628 717883 583383 647851 144926 281928 896362 509983 631775 997741 162359 940583 972919 953161 404125 84443 154589 636325 772553 320531 921990 473771 680430 404536 280151 1076351 872849 760332 346467 934438 782999 438050 153658 636879 992814 768386 658285 715267 349676 45725 184770 592233 376985 734711
469203 1064694 821728 534707 400468 403808 700329 750664 580264 719734 292685 502778 750050 836709 266006 435160 358696 97811 620791 836283 999999999 422792 1091595 385255 720543 272075 920655 741779 559553 880939 521369 657251 865531 159293 910573 880117 944500 625188 579371 629003 831473 203306 272177 747751 786465 550623 808736 362821 693314 249044 830850 254814 522143 791402 706561 378425 736497 161048 1021126 213417 828486 736826 253115 504647 727719 482658 780442 772410 769732 346091 777880 919664 906846 534644 214633 560136 191023 482479 600821 494375 912239 557022 797509 694054 752440 275153 166151 932914 859128 207068 371598 94993 302823 298683 489451 792688 677868 263157 511061 199703
607742 678431 681614 427689 46173 413075 278831 336749 491630 407180 615819 138926 518285 429265 156790 559317 170292 517361 203850 707621 422792 999999999 691265 57366 298222 500772 504150 416379 558708 668688 171065 465228 739783 392734 838114 469686 883093 204792 274970 425403 521616 219642 444941 682226 730791 139888 696982 456363 604831 177307 629034 644403 601262 469723 383104 470675 476955 469246 652746 446627 774292 483090 270979 201894 322075 290971 739435 375221 384464 279505 456920 787130 703481 130924 212156 390270 344213 234091 181854 574332 647995 368773 380976 271414 461525 297809 532924 603502 652449 309836 314277 332335 572042 609087 471492 677524 523150 440852 337158 528556
1037941 80928 718078 735654 699133 855964 431579 492016 759363 761565 1191406 588874 543627 262673 837454 1001647 738871 1176368 489582 744895 1091595 691265 999999999 744638 450129 1053117 215323 403766 876213 584115 705082 947228 760754 1083899 890268 226328 931291 535062 536926 607686 382712 894834 990690 833483 866422 551763 768859 936855 777822 846119 598466 1264502 977294 379700 738107 940183 501465 1080321 165300 1028303 887612 510477 958624 596618 369303 876881 891156 553042 592386 942309 388230 767512 608899 563801 897216 662549 1035237 635136 512923 966764 470914 908807 456548 463551 447086 980305 1155812 307096 592388 916781 966593 996616 1122738 1177318 837673 757405 670515 992285 672016 1131059
616841 733828 726065 462243 82116 430458 325417 365740 526249 395365 599622 194691 569297 482113 123813 568579 191365 481822 255390 751250 385255 57366 744638 999999999 337746 493082 553285 473033 584406 719632 160808 429979 783506 341121 877471 521450 921753 241029 328405 471849 578060 185866 441204 718699 766947 195127 738728 464579 642440 151770 678708 617685 617991 526454 373703 479960 529823 449036 709516 434695 810911 535552 215020 252382 376114 247412 774072 393727 397270 222916 513571 832020 753985 187626 170821 431513 290863 278167 232476 590045 702588 329195 412299 312343 516568 240795 507765 660741 702780 299015 258499 299186 562121 594575 496041 719351 566480 436103 376487 508663
842283 465115 748899 586027 327435 637112 60067 83618 640778 342534 900980 274058 546233 207500 454689 795727 424019 815546 130124 778835 720543 298222 450129 337746 999999999 775683 237683 371466 740809 677220 258073 509164 807632 673134 929795 228674 976746 97517 344392 512965 459280 517723 715097 802306 849049 193820 782658 701291 725210 475173 655698 939743 813062 408403 315237 712056 490143 760605 473663 729165 886914 500314 536597 337050 157380 427091 865655 163784 200038 503539 401452 842285 713418 214793 507618 520056 619806 393071 137871 791022 608420 460391 101920 28172 444182 551422 827716 493049 669529 595277 523548 630556 848828 892082 666100 764345 616859 712881 489121 818946
198527 1007842 613808 361665 459491 214498 736468 830395 383628 883430 138744 507554 601542 826761 379500 170244 351701 262701 651569 621654 272075 500772 1053117 493082 775683 999999999 923961 658674 323203 704588 653470 869383 647126 423830 668314 872243 697042 694682 516781 486977 723950 333580 62985 514263 545973 582579 589020 137582 475956 346603 653932 236734 260747 698066 863846 145459 607786 113960 946587 66407 584619 604295 470456 467963 725613 679896 535211 875535 885075 562541 685887 700232 723138 561988 367339 416900 439545 421232 638843 235987 764151 763517 870398 747516 642302 503845 163468 829821 681859 194207 597045 261980 73292 124209 279151 576036 496850 63315 388621 113379
945806 245799 722974 653609 520486 747830 229047 276934 693139 548605 1058611 425731 521791 101129 657833 903881 584500 1010987 300876 752665 920655 504150 215323 553285 237683 923961 999999999 342460 807200 613546 495279 732259 775775 894324 906415 59518 951619 328019 418621 542698 380870 718629 861047 812727 853673 370094 767602 823824 744191 671668 609864 1116732 898124 348528 524438 830609 467696 932537 281861 888887 883788 478393 762867 456035 199069 664570 875304 341034 381081 737926 349731 796975 645997 386173 715616 579184 843121 505107 322315 881951 515903 693933 243517 254142 410315 781274 1005267 361164 613881 765122 759747 826798 996453 1046707 750353 752196 630383 860970 570743 987482
634308 350574 389594 332229 399777 454669 312576 454643 360516 696544 797401 278779 184126 247374 521585 597925 385010 814927 288180 419772 741779 416379 403766 473033 371466 658674 342460 999999999 477196 305774 522458 829632 445995 774559 573789 283053 620138 383599 163035 207464 105686 566174 597566 470546 512323 300452 430379 536311 401848 517945 286716 880739 575562 53545 668202 538531 127793 700085 288487 641623 544116 138606 676429 242164 216656 688246 533402 535237 571030 695847 40542 475556 341951 296859 580441 258797 735965 259698 305546 563814 245584 752122 458755 357756 74165 707972 776658 193562 298693 546417 730472 649145 725878 782194 434059 413865 288171 600238 271394 745812
184393 813921 296730 156367 513237 168532 685950 816222 116944 963510 433649 481058 346965 706505 521292 171140 393059 577893 612416 301019 559553 558708 876213 584406 740809 323203 807200 477196 999999999 408137 729444 1013118 324944 683067 351265 748411 385137 691398 401887 269799 501201 511980 293179 191642 227205 562913 266994 198028 157959 491788 360418 551988 106424 496541 938130 183996 377638 425659 737969 356830 268933 369840 672455 407270 631321 824974 221130 883185 906193 746856 488100 377525 419361 543158 546764 228876 677718 352465 611276 108237 491265 909757 842700 715482 429507 710887 486195 599918 385996 378829 786477 506609 357274 414459 88673 255316 218704 301639 251692 436581
592410 506364 144402 350248 638148 495517 618153 760414 321136 996784 830934 533816 150412 533337 727041 576378 570857 928809 586254 166273 880939 668688 584115 719632 677220 704588 613546 305774 408137 999999999 804705 1115950 177548 959879 306154 558364 347629 683051 395540 259363 233339 752314 656821 279788 299302 582420 197016 567051 257032 711256 50886 941208 511798 274605 968448 559806 196435 785943 420615 716795 311147 188414 893908 467338 521981 957538 325714 840999 876597 936164 278734 185683 36498 572798 777404 322833 934001 447704 600482 516357 114638 1029780 763383 662958 233573 930215 857548 277376 22733 674215 974388 801335 753428 812371 425987 191561 208378 663193 376623 813590
775122 711917 834945 595070 217070 583464 275411 250760 658610 236860 756578 276657 656399 449759 277900 726731 340695 619173 243670 862317 521369 171065 705082 160808 258073 653470 495279 522458 729444 804705 999999999 311312 894096 439292 998815 479720 1044538 170805 411650 577740 626634 335266 602009 846794 895491 223583 854919 623025 768597 308973 769914 765689 771695 572512 213869 637970 608510 604283 706546 594157 938393 616294 297933 352720 361219 175244 905470 253905 248408 248897 561375 938848 840678 231914 311518 551659 383824 395062 221994 744474 766463 229865 299578 241722 581299 304786 658373 690795 790860 459275 266035 444530 721875 752449 642458 835457 679924 596878 501412 663701
1026152 971756 1143774 891382 507027 854351 549625 455327 955433 196345 940462 586500 967700 716653 503802 979245 620809 744737 543483 1170590 657251 465228 947228 429979 509164 869383 732259 829632 1013118 1115950 311312 999999999 1202576 515035 1303281 735494 1348317 453538 722718 886466 932106 537675 830918 1147046 1195516 534018 1161407 876313 1069927 536859 1081168 910457 1038783 877984 213934 892905 919671 789452 982649 803724 1239197 927536 407305 660759 648236 191728 1203411 399194 363325 312657 867533 1248380 1151958 543162 502733 855318 469102 698691 524501 1009905 1074868 106314 492055 505690 891050 382102 820669 987847 1102171 685500 285855 616050 927278 942042 924501 1141931 986898 823799 802360 843485
495999 683549 59618 341707 701888 461902 747570 891129 287043 1105399 757419 617485 262845 688641 762748 493506 609084 895743 700990 32274 865531 739783 760754 783506 807632 647126 775775 445995 324944 177548 894096 1202576 999999999 969630 131250 718435 175848 796461 486562 316365 396644 773983 611546 143263 139874 681445 58110 515944 173086 740434 166577 876829 412604 428072 1077469 504162 319656 744993 597886 675065 138729 309066 928240 541899 659381 1029962 165516 969777 1002448 985341 428609 54137 159532 667652 804275 352800 953295 505977 710886 426256 292161 1108494 900915 789516 372230 966348 809127 453668 168475 667092 1025005 798654 681688 738126 377691 72847 217026 619404 409232 760381
616334 1068547 920693 629070 387751 517634 665971 686223 682924 604327 451431 506965 818516 821996 253922 578221 396610 232776 595989 938815 159293 392734 1083899 341121 673134 423830 894324 774559 683067 959879 439292 515035 969630 999999999 1029197 862125 1066370 575645 613226 700985 873308 210771 412339 863813 906037 532160 915002 493973 801668 257299 911762 399827 660871 827178 595635 510780 794837 317527 1036672 360574 949509 797237 141487 532650 714608 356724 903226 692343 682216 216844 813612 1023225 989278 520928 194237 637957 55657 526930 573357 631959 973937 421028 734882 649428 799686 144279 323717 968060 939290 305620 232070 176667 460850 457891 604280 897570 767335 403382 583271 358991
491786 812379 184295 418592 797435 511718 869790 1012933 356279 1217155 761226 724022 389716 818214 842167 502068 694282 927546 818481 154209 910573 838114 890268 877471 929795 668314 906415 573789 351265 306154 998815 1303281 131250 1029197 999999999 848809 46963 912476 599363 425490 527820 845025 643790 165743 124111 793138 147416 549168 236174 816711 297804 884865 412790 558254 1189568 534688 446381 775146 726581 707178 83741 435634 1003555 646561 784682 1124874 133245 1090497 1121909 1068272 558275 128138 283400 777871 877660 448006 1019144 604810 826642 433855 419986 1205900 1025003 910464 500632 1042098 831635 583414 298957 723577 1108221 853897 689730 741956 424965 166240 320485 652389 501328 780652
888937 236621 665072 595283 481846 692312 205324 283928 634061 559062 1007878 380306 463072 45488 620181 847517 537430 968659 266149 694867 880117 469686 226328 521450 228674 872243 59518 283053 748411 558364 479720 735494 718435 862125 848809 999999999 894224 309216 362771 483345 325115 679676 809263 753448 794600 331949 709199 769189 684715 631845 552953 1069469 840082 290579 533431 775513 408661 884920 254561 839182 825041 419385 734230 404568 152675 652750 816106 356128 396675 716020 291257 740800 591431 346190 679040 520734 812304 451860 288984 824315 463691 689024 259120 239127 351434 754952 958518 314256 557874 718056 740307 785637 944362 995522 692658 693615 570895 809507 513768 938957
514845 852841 230544 461511 842052 548787 916738 1059892 398551 1263594 784267 770123 436150 864066 883953 528792 737425 957940 865379 200372 944500 883093 931291 921753 976746 697042 951619 620138 385137 347629 1044538 1348317 175848 1066370 46963 894224 999999999 959293 646078 472116 572286 885135 675652 205979 160733 839685 194359 582010 279506 857941 342204 908566 438476 603770 1236045 566984 492875 805708 767017 738617 116869 482145 1044247 692534 831447 1169093 164060 1137459 1168850 1110397 604050 164594 322776 824299 918180 493295 1057775 650160 873459 461301 460429 1250472 1071885 957427 546812 1082823 859824 624946 341823 760904 1150357 890484 714520 765122 462351 213125 366967 684386 546051 808454
776477 541215 736908 540991 238364 572527 104622 135762 600053 313786 815891 211003 541933 279048 359941 728900 345528 720855 96840 766093 625188 204792 535062 241029 97517 694682 328019 383599 691398 683051 170805 453538 796461 575645 912476 309216 959293 999999999 313697 487797 482433 423072 635639 774009 822016 128489 765261 630667 695509 382047 655044 848959 754759 428764 285437 642746 488558 672180 538304 644838 862215 497809 439502 284550 195817 345223 836232 192269 215373 409917 419316 835786 719547 148529 411483 481748 522417 338934 85834 730851 628640 389956 177077 74712 450863 455229 737285 534309 672364 509174 432165 536374 767323 807984 611428 746262 593278 632701 442643 731121
527709 496250 426981 245547 249324 329547 286982 424150 297072 619004 654734 138301 245740 318032 361683 485308 221984 654522 222221 455451 579371 274970 536926 328405 344392 516781 418621 163035 401887 395540 411650 722718 486562 613226 599363 362771 646078 313697 999999999 174145 260223 403886 454120 461229 508920 194883 452478 407046 383120 356072 358655 729230 484365 214511 591165 412906 202038 546076 444242 491768 548686 208434 521090 81144 231005 562103 523972 497569 526201 549740 200903 529036 430968 181574 419577 176236 576367 99871 227999 466122 374668 634506 445353 321128 190338 554417 622290 356150 380474 387339 586457 486352 587304 640963 335475 433324 279618 455503 154036 595062
432632 548170 257338 132176 389744 273019 453851 594594 153052 791888 623030 301172 121184 443296 468664 399961 312161 684947 395287 284587 629003 425403 607686 471849 512965 486977 542698 207464 269799 259363 577740 886466 316365 700985 425490 483345 472116 487797 174145 999999999 242351 492965 430792 289342 336285 367702 279045 353929 212598 452063 212808 720345 369608 229014 764219 352369 121320 550629 476050 484687 375152 117334 635828 225711 381070 716324 352717 669838 699489 682353 219621 362108 290327 352788 518170 71335 674638 194098 402038 359745 284876 793451 612015 491374 164103 672583 625685 346936 239475 422097 721273 545725 547590 606113 233602 259756 105481 435486 118660 587045
672972 314625 346527 374512 503642 512368 402796 540582 386024 792942 861587 383491 160956 300482 621816 641887 479422 899716 388923 375458 831473 521616 382712 578060 459280 723950 380870 105686 501201 233339 626634 932106 396644 873308 527820 325115 572286 482433 260223 242351 999999999 663489 665212 452393 487836 405589 394355 594113 395111 616044 230094 953142 605479 54167 764704 593601 123927 776722 236774 714503 512862 131363 779337 341211 301903 793555 511722 621568 659090 800960 65535 416114 266956 402452 679793 308584 836504 350270 407622 598553 149181 856469 538231 449080 81887 811541 853085 105881 233011 630829 835834 740640 787275 845231 475460 380877 289115 668964 337217 818461
491849 872585 722217 432461 198173 343666 497088 551116 490847 555119 423337 307502 609062 636969 63131 446311 185842 297862 418153 742423 203306 219642 894834 185866 517723 333580 718629 566174 511980 752314 335266 537675 773983 210771 845025 679676 885135 423072 403886 492965 663489 999999999 293281 679536 724608 348608 721522 346355 611559 49218 705029 432396 514692 618313 537521 363523 584216 269976 834962 269303 768935 586764 160476 324030 527961 346986 725407 578810 580251 240370 604714 826717 782662 333500 36119 432545 181841 316165 397832 485147 763347 431440 597127 491039 589143 198931 323536 759709 732180 148894 278685 113542 396158 420641 426306 703289 565333 286124 376630 329049
205756 946121 574257 309306 402457 161740 674929 771400 337934 834603 200726 445668 547498 763782 332876 165890 291183 285000 590122 584509 272177 444941 990690 441204 715097 62985 861047 597566 293179 656821 602009 830918 611546 412339 643790 809263 675652 635639 454120 430792 665212 293281 999999999 484435 519996 521627 553599 95796 438703 299430 605962 289567 250328 637893 814092 109195 550828 133451 885796 63756 560733 547827 440395 405028 662780 639918 511957 818516 829350 529529 625551 665320 677255 500911 328571 359989 420219 358287 577885 222271 711101 724649 810672 686950 583397 475836 200995 771079 634161 146385 565810 240112 135604 186903 235942 539342 448448 9052 328677 157392
353992 761169 138416 256806 640049 346715 743138 883848 193226 1071058 618372 576073 294298 717573 678017 354635 532511 769351 683416 128282 747751 682226 833483 718699 802306 514263 812727 470546 191642 279788 846794 1147046 143263 863813 165743 753448 205979 774009 461229 289342 452393 679536 484435 999999999 48703 650076 90916 388876 78761 651967 245288 739454 270878 468821 1043997 375376 345627 617215 677770 548164 92213 335097 838395 497928 667210 965665 63663 958574 987410 904542 465188 191665 276551 633225 712383 296083 853406 451814 688727 286504 387035 1047848 901151 780615 403415 876963 677529 531735 262002 558228 944502 688874 543695 599025 259920 89465 186755 492780 345553 627559
375567 792547 154917 304824 688496 388403 789708 930865 241007 1119668 643585 624681 332774 759679 724566 381769 580207 804131 731006 135852 786465 730791 866422 766947 849049 545973 853673 512323 227205 299302 895491 1195516 139874 906037 124111 794600 160733 822016 508920 336285 487836 724608 519996 48703 999999999 698416 102297 425179 127321 698060 271110 766241 294211 507620 1092581 410835 385979 651737 708218 583483 44482 375291 883946 546542 712259 1013782 26536 1005980 1035114 951259 504773 179030 290315 681670 757821 344738 897059 500517 736629 313274 410853 1096128 947472 827652 443480 922532 709430 562021 283949 600470 991215 730410 570528 624243 301812 109887 232437 528552 394221 658763
651570 538766 621862 413003 150435 446791 155632 258063 472753 424281 709774 83079 435503 290429 288370 604450 230965 641711 71461 650315 550623 139888 551763 195127 193820 582579 370094 300452 562913 582420 223583 534018 681445 532160 793138 331949 839685 128489 194883 367702 405589 348608 521627 650076 698416 999999999 646696 508384 571354 301596 549354 755022 627224 351769 396544 519613 385994 573113 515524 537830 739465 394130 410128 156342 182459 388000 711644 320555 343528 409119 340070 723593 618589 21107 347092 355675 484080 210448 56267 603770 543215 452336 292171 165788 357728 435306 642878 477315 569305 406090 440309 457023 655814 700240 483155 627440 472724 519600 314684 630474
439756 693812 52691 289167 657689 404948 722688 865710 232099 1070925 699853 579103 246635 676693 712567 436051 560469 837945 671104 37382 808736 696982 768859 738728 782658 589020 767602 430379 266994 197016 854919 1161407 58110 915002 147416 709199 194359 765261 452478 279045 394355 721522 553599 90916 102297 646696 999999999 457953 115565 689290 170910 818956 356306 419250 1043236 446093 302585 687050 608953 617157 118891 291773 877117 502213 638744 985887 128749 943135 974493 936593 417946 111730 188945 631814 752458 307245 899889 462925 679432 369112 309070 1065630 878342 763150 358421 915391 751028 462975 182033 611522 976394 743103 623952 680579 320219 19478 175023 561492 362577 702271
152262 886882 479537 225632 410930 81991 655378 765093 246248 859447 269603 427260 465844 724092 372519 104063 288782 380759 572348 489156 362821 456363 936855 464579 701291 137582 823824 536311 198028 567051 623025 876313 515944 493973 549168 769189 582010 630667 407046 353929 594113 346355 95796 388876 425179 508384 457953 999999999 343263 339597 516372 374308 169702 572028 836893 17294 475234 229177 821709 159532 466455 471071 503175 372764 629150 684647 418026 819804 835087 586724 560440 569657 585937 487277 382465 285541 495126 319908 563602 140163 627595 770309 800555 673566 513173 540466 294412 699673 544325 199840 624898 317791 193671 252349 142266 443875 359271 103968 265158 247725
339111 708405 138945 182434 563145 289505 666293 806388 120846 992347 591150 497360 234233 647407 606471 329092 458139 722685 605340 145928 693314 604831 777822 642440 725210 475956 744191 401848 157959 257032 768597 1069927 173086 801668 236174 684715 279506 695509 383120 212598 395111 611559 438703 78761 127321 571354 115565 343263 999999999 581607 213042 708183 256824 405371 965265 331930 280775 572120 627050 502133 169796 270720 768975 419221 592585 889705 140855 880650 909171 832283 400377 227104 264186 554468 643463 217453 788213 373539 610330 264741 352008 971373 824560 703160 338335 807444 637083 482593 235931 497267 872220 628775 514412 572024 204671 100639 113894 446488 267763 588904
489407 823435 687297 400374 151462 325450 451972 512667 460802 536827 448186 258383 566312 588871 33528 442389 141239 341399 371790 708584 249044 177307 846119 151770 475173 346603 671668 517945 491788 711256 308973 536859 740434 257299 816711 631845 857941 382047 356072 452063 616044 49218 299430 651967 698060 301596 689290 339597 581607 999999999 664743 468045 504317 570297 517416 356312 539484 297268 785785 285624 742526 542422 187846 275798 479831 345141 700419 544946 549039 255101 556711 792554 742334 285873 66189 394282 223924 270622 352042 475065 718583 430761 557717 448067 542546 226108 357204 711508 691538 153369 294810 156121 413488 443605 404296 670718 528878 293292 337649 356895
544811 522986 119613 299450 596844 444634 595997 739264 270656 968051 780798 496295 113872 524508 681439 527475 524964 878086 558277 146939 830850 629034 598466 678708 655698 653932 609864 286716 360418 50886 769914 1081168 166577 911762 297804 552953 342204 655044 358655 212808 230094 705029 605962 245288 271110 549354 170910 516372 213042 664743 999999999 890595 465031 263476 939788 509283 166728 735063 438050 665909 289294 157256 848562 427163 503021 919098 296896 819235 853734 893194 265178 189360 77634 538477 730798 273992 886841 404108 571087 468474 141878 992915 745269 639786 212637 885201 806670 292137 28400 624293 931745 751926 703298 762298 375542 161230 157515 612320 328634 762773
393723 1225327 846894 597604 612308 449922 910276 980662 620131 972729 124737 691128 836781 1024322 493880 384958 532295 167053 826446 852870 254814 644403 1264502 617685 939743 236734 1116732 880739 551988 941208 765689 910457 876829 399827 884865 1069469 908566 848959 729230 720345 953142 432396 289567 739454 766241 755022 818956 374308 708183 468045 890595 999999999 472328 923512 958533 381525 840171 184663 1169114 239212 801529 837311 507925 668681 918099 737467 752160 1011163 1012320 600563 910829 928985 959304 736197 454173 649460 441600 629885 809597 453375 1000021 811360 1025370 912054 871255 528882 112175 1058873 918476 351617 624618 321160 195834 143626 515427 807146 733579 284950 615934 134970
83450 916788 392624 245239 555089 188232 760997 884561 219484 1008358 349376 544157 452888 797022 536455 90735 431057 523367 683113 392485 522143 601262 977294 617991 813062 260747 898124 575562 106424 511798 771695 1038783 412604 660871 412790 840082 438476 754759 484365 369608 605479 514692 250328 270878 294211 627224 356306 169702 256824 504317 465031 472328 999999999 598229 984351 152418 481612 372663 842067 309534 329292 474210 672537 476023 715366 847695 279870 946915 966709 754842 589164 462475 520897 606599 550718 319994 664218 420004 679017 29588 597411 933362 914724 786599 531936 709979 422121 705306 489958 369408 793372 485743 276951 330036 148921 347660 325083 259380 330392 370495
661356 319236 374513 359447 453318 490045 351091 490444 379748 739944 836518 332295 174862 261033 574525 627375 436026 862728 334909 404289 791402 469723 379700 526454 408403 698066 348528 53545 496541 274605 572512 877984 428072 827178 558254 290579 603770 428764 214511 229014 54167 618313 637893 468821 507620 351769 419250 572028 405371 570297 263476 923512 598229 999999999 711672 572992 124648 744466 249750 684322 536102 134657 729908 294546 251209 739769 530239 571419 608427 749218 13610 452480 309748 349054 633172 288866 789026 308925 353488 588759 200833 802358 490263 397165 67866 761507 821034 141799 270963 593811 783707 699367 763651 820781 461605 404166 294159 641049 309445 788554
988977 767526 1017853 798100 429274 796179 364916 249577 860580 28357 960825 467950 826329 519894 484952 940581 553382 802838 382196 1046531 706561 383104 738107 373703 315237 863846 524438 668202 938130 968448 213869 213934 1077469 595635 1189568 533431 1236045 285437 591165 764219 764704 537521 814092 1043997 1092581 396544 1043236 836893 965265 517416 939788 958533 984351 711672 999999999 851818 773582 807266 785562 802871 1134352 782680 459934 546098 466945 243920 1104519 186273 149464 379814 702874 1118507 1004941 411783 509190 748028 541314 594419 368712 957427 912312 215546 281562 318584 736242 451391 855433 807056 957554 669860 374514 640287 930735 958065 852254 1023971 869092 808659 701688 865951
137175 889028 469036 222375 425070 84265 665369 776810 238672 874543 273493 438014 462221 730554 389151 88764 302321 393976 582769 477850 378425 470675 940183 479960 712056 145459 830609 538531 183996 559806 637970 892905 504162 510780 534688 775513 566984 642746 412906 352369 593601 363523 109195 375376 410835 519613 446093 17294 331930 356312 509283 381525 152418 572992 851818 999999999 473646 241905 822742 172838 451746 469122 520455 381577 636884 701273 403115 832433 848235 603889 561627 557701 577840 498511 399628 285185 512280 327969 574549 122887 622990 786949 811714 684434 513090 557756 305153 698902 537073 217130 642100 334727 196623 255711 133902 432407 352714 117717 268170 257378
