NAME : synthetic_000408
TYPE : CTSP-D
DIMENSION : 100
GROUPS : 8
RELAXATION_LEVEL : 1
EDGE_WEIGHT_TYPE : EXPLICIT
EDGE_WEIGHT_FORMAT : FULL_MATRIX
EDGE_WEIGHT_SECTION
999999999 374706 1043946 899971 906098 755158 935088 147394 352086 905526 797552 408603 1129152 1098544 136649 812925 506649 892185 226736 854920 655060 271033 707869 841120 411333 459944 852230 530952 844636 386564 294583 543164 946412 886418 389087 456837 612597 686460 954007 567564 919305 719066 270230 752546 778879 728944 923143 954842 833026 993532 139556 123215 802800 1041580 842093 933745 570517 859562 825038 193911 656290 257861 348040 850129 236544 482586 831125 348328 40447 446481 118491 747617 199650 411292 815759 999414 418064 228513 789139 187243 365975 976684 759009 913557 701397 800292 969687 263375 856092 616935 911396 316919 938584 622116 809317 764867 952751 570242 542197 1001708
374706 999999999 670191 527213 588650 457311 601872 445329 352606 567655 469490 328889 767649 760139 289910 590398 310932 542976 187197 487961 439758 330020 333184 565261 185428 149673 498356 381144 514430 276201 201858 272180 582196 627187 188464 118404 355035 315272 606335 293198 605635 376958 125031 415991 662336 358515 602553 609224 480627 623050 247207 262656 491657 680183 495075 598137 454116 576680 452947 386351 540724 232491 152054 629175 336136 303170 649335 209574 374172 76751 297038 407753 269442 281904 486400 628043 264147 280041 563197 448876 326109 603406 487307 628738 387948 592813 602833 294965 544666 468117 544397 191548 635718 284557 751930 486130 595175 256334 200714 652195
1043946 670191 999999999 194519 393316 472666 435592 1108506 888113 414066 379972 815950 194602 331692 954397 653270 740127 362176 833524 273916 723092 948150 340607 618269 686619 633066 266083 745494 357317 822414 799527 591593 259086 574976 711537 596095 585463 379238 366214 577154 511930 385202 787134 377814 871786 317847 486371 377267 362013 80562 910555 932321 514384 164267 298164 319118 799419 601804 220716 1034466 825136 844033 728695 666366 968883 759041 752932 763180 1044319 597500 963894 372306 920172 765760 369353 171897 782903 896728 640650 1104165 849730 68263 618237 608193 456207 685037 231265 890596 513303 758367 246450 801058 447663 462261 1007926 601568 201818 571575 521440 245477
899971 527213 194519 999999999 460940 477855 272051 948048 800275 242232 394370 737195 375672 478799 797445 680546 551213 185645 705856 79852 528574 774312 200202 433501 588321 462039 292465 694207 394803 641406 687333 524205 109102 627849 611322 478980 545607 213820 212789 517098 341775 349898 633417 363990 878040 226547 317880 223475 170842 207986 774181 782159 324669 315918 325151 401132 759746 419500 160901 867224 805639 729781 616430 703454 798120 571446 779677 660790 895014 462629 808930 353136 756677 683024 392378 102849 600538 782685 661465 938894 763014 157280 426149 433961 432891 707428 104302 783754 330837 730230 71865 631532 525465 391226 1009569 409725 295973 386541 422822 365676
906098 588650 393316 460940 999999999 155181 727007 1014418 639466 693088 120927 559645 314570 206239 864226 268972 811202 636538 679630 515408 866098 918177 405563 850953 495085 643858 171143 450854 83076 838830 615022 364034 569175 181804 518202 473223 306617 468371 672982 340100 788717 219146 710977 177925 493965 322022 767450 683403 598564 314123 767417 824283 735852 255444 142954 75624 478995 843940 312347 970471 475038 656893 558178 276148 924602 819030 365476 563728 921530 516217 866464 189014 855389 525290 106229 519563 811295 701604 262218 1026896 603889 352778 814113 871731 205838 302676 556913 680444 761390 425844 532322 773892 65838 304345 629797 801015 191547 652076 387942 167146
755158 457311 472666 477855 155181 999999999 719506 868365 485108 682629 92697 405368 445694 359768 721112 204847 712163 629368 529610 511394 788758 786534 357135 809317 343920 536228 207203 301186 123957 721839 462254 212004 585359 184390 366169 339045 151545 413575 677012 187598 770188 140956 574969 114855 404299 278546 752289 686263 579941 393133 617437 678749 697259 371151 174505 205068 338898 806713 316966 830380 353299 503363 408443 232597 789539 716040 302406 410182 772334 390606 722002 126901 717516 370126 104537 559120 698977 547152 184064 883482 449169 416111 759703 842384 74387 229908 581597 525427 732011 291152 543327 647604 184089 185785 538991 748854 285678 567448 260746 295515
935088 601872 435592 272051 727007 719506 999999999 940886 936149 38075 646247 888838 629641 748160 809508 924226 470893 90913 788109 212019 377447 738758 373108 203310 728253 477728 556064 878824 655102 591178 797170 707245 177077 884879 746177 606860 751744 334657 71091 708066 77840 580583 669509 605318 1102411 442513 51976 60850 142888 472991 834045 811898 146016 581683 586527 671186 951552 181352 415806 845942 1012922 832629 733289 951454 770901 496705 1019997 787683 918576 564034 825067 592831 754679 833921 647817 265703 549277 881659 902315 918960 902863 420779 241423 174741 661557 947511 204517 893906 106974 933840 201138 624508 792440 588309 1226971 225660 568025 364962 585308 637330
147394 445329 1108506 948048 1014418 868365 940886 999999999 496838 915509 900510 548439 1212972 1198556 155449 944687 480458 911289 343067 893242 618104 209950 767929 818258 527248 488055 941869 667446 947129 354858 420084 658003 979169 1011724 507773 547446 733108 735718 970150 682555 913222 814685 322628 851228 923205 802813 921101 969286 856629 1066253 258283 190147 800040 1125484 936042 1034383 711979 839287 895464 100443 799352 389693 461402 982658 174014 454354 969372 473917 111281 521877 149358 844657 191956 544756 918350 1042678 394645 368901 919941 46744 507823 1043256 738622 891983 808598 934415 1005557 405402 851120 755898 948571 321505 1052418 718471 956521 747459 1039904 585155 635032 1094807
352086 352606 888113 800275 639466 485108 936149 496838 999999999 899733 555180 79832 917050 844870 400906 484124 644787 865967 212132 785451 785325 532518 602998 917445 212919 501617 643887 200654 599411 568151 153669 299244 880854 572735 191789 331143 334032 614522 928498 317503 949644 508553 364631 528154 426796 581826 943760 933347 802944 819829 258453 348544 838811 834306 622221 687250 222390 928173 674160 510565 304908 141657 204855 518430 512763 630448 486594 148654 385578 372980 390007 528885 439171 122693 572776 902374 575728 132680 463664 530860 38404 820837 839899 979572 456479 465683 894068 95015 890655 274141 838361 468237 654559 425905 466181 838512 742760 608096 377632 771883
905526 567655 414066 242232 693088 682629 38075 915509 899733 999999999 610327 851720 606874 720465 781570 887251 450666 57035 754314 177687 367441 715534 335159 210157 691278 446731 521982 840870 620198 568508 761743 669226 155327 849174 709437 569987 713706 296672 64941 669998 99731 543385 638578 568645 1064529 405209 75687 59005 104881 446615 802038 782315 132093 555376 551964 638678 913537 190766 381205 821692 974851 797696 697311 914772 746911 476090 982751 751382 890016 528096 796812 556085 727848 796751 612279 247576 526271 847094 865183 894897 866222 394553 235241 194411 624115 910300 185492 858714 106134 895766 173087 597253 758675 550271 1188947 218645 537634 335423 547442 607877
797552 469490 379972 394370 120927 92697 646247 900510 555180 610327 999999999 476549 363480 301189 748715 286957 692153 555413 570882 435196 752710 798392 299577 752015 389783 523336 114727 382749 47095 717917 511284 263263 503070 239062 414059 355605 224328 360685 599256 241219 701726 98632 592739 57498 495313 216195 682305 608970 510302 300516 658134 710489 637857 284514 81808 136716 426957 747147 234399 853197 445650 554647 450060 309095 805625 699339 386841 462403 810737 396186 751788 69451 737443 435380 18302 470834 690570 602142 269466 911203 517852 323791 709182 779125 99776 315327 496904 584583 668264 381608 462275 653428 177586 184961 630606 697004 196076 535780 269140 216703
408603 328889 815950 737195 559645 405368 888838 548439 79832 851720 476549 999999999 839113 765110 436039 411131 634702 814694 229957 727771 768464 556771 543115 885626 161027 477916 567657 125701 520389 571867 153519 224615 822307 496138 146153 282531 254482 560567 876345 241199 907810 433636 368325 451342 380013 515016 900105 881856 752141 746028 296460 383735 800254 757037 545020 607902 164118 894526 604990 549681 253659 164610 177104 446701 541604 623228 422557 120936 438402 333269 427823 452686 465285 55184 494010 838383 573548 180213 389446 578512 46649 749226 810723 944475 378381 395044 833639 145734 850727 208338 779166 472329 575047 355050 440456 807821 665697 577351 315321 693193
1129152 767649 194602 375672 314570 445694 629641 1212972 917050 606874 363480 839113 999999999 164653 1057558 581322 894129 553553 906867 454906 896406 1073881 466941 807767 737485 763537 278995 745260 322587 961238 857966 620182 452705 484072 762655 672369 587802 519946 560645 600160 705466 416081 891341 390203 806791 413045 680057 571722 546510 171797 990678 1027778 700314 87661 295812 244468 784096 792437 329293 1149363 788128 902570 790997 583392 1089864 910170 674226 813393 1135947 691121 1064359 391283 1032440 795830 346728 366463 924636 952854 576379 1215165 879301 218959 801291 801273 460733 615439 425658 939303 703630 734094 436169 924158 346330 510795 941792 785019 177550 722635 587353 150735
1098544 760139 331692 478799 206239 359768 748160 1198556 844870 720465 301189 765110 164653 999999999 1045273 449515 939451 664274 871956 552069 966662 1083558 508433 908384 690720 787898 268603 657052 254107 987581 812054 562391 573124 344811 714796 651285 511138 569367 683125 539332 820184 384156 884990 347421 672007 435477 795857 694255 644139 276066 959054 1009028 795558 169149 265662 164813 683014 896182 378906 1146406 671650 855084 751241 444427 1094306 951692 534755 762407 1111037 684262 1049352 353943 1029581 729105 282923 497350 955163 901669 450011 1207060 808893 328109 889002 912733 399307 483658 550766 882374 808161 628502 547560 935134 211554 480086 803878 873781 194508 770458 563713 121320
136649 289910 954397 797445 864226 721112 809508 155449 400906 781570 748715 436039 1057558 1045273 999999999 812256 370766 772352 210858 745732 518632 144666 614040 706868 385739 342191 787038 545387 795039 249919 291517 513482 834094 872087 368930 394036 591696 584145 832948 537839 789475 661140 167517 698324 816051 647448 794643 833001 715262 911118 142457 52555 673663 970089 781878 881538 599236 725870 740399 115065 689557 271431 319929 850902 116283 346394 846459 342805 110719 366512 18323 691356 63078 421019 766377 893807 282027 268424 786551 162675 401911 888778 625018 779719 658792 805176 859295 305935 726422 636817 801654 185580 904672 565459 866894 631526 884733 446755 481572 940282
812925 590398 653270 680546 268972 204847 924226 944687 484124 887251 286957 411131 581322 449515 812256 999999999 877702 834176 603637 716189 970391 904215 558962 1007796 429864 698436 397797 285433 297548 866164 524808 318230 788755 107870 444029 476917 235587 612702 881723 297986 973883 344256 691452 319575 225472 482504 956413 891027 784209 572744 686419 763518 897400 524227 363523 343826 273083 1006506 519830 926791 232130 556117 494033 39052 899743 877496 100331 471341 838518 538255 808737 331741 823400 401644 291659 757439 850169 586249 27259 968535 457390 603964 953956 1043950 266655 34280 783598 554902 934077 215372 747185 779994 238768 364924 360904 944120 453583 748517 419345 436044
506649 310932 740127 551213 811202 712163 470893 480458 644787 450666 692153 634702 894129 939451 370766 877702 999999999 458999 441106 478905 150184 272179 432469 338644 496248 179292 673532 691644 728765 125699 491705 565766 546509 894720 498917 406143 644893 374926 511098 582648 435132 593786 286665 634686 971201 504519 445180 508075 415414 725119 446025 390806 325843 814377 684991 795628 765003 359108 568403 381790 851039 507385 458496 915213 306756 26262 947290 513771 480775 342410 388551 622831 308970 590988 705243 627213 88782 540606 850590 453412 624630 686201 258251 412215 637803 885381 577274 567901 374345 777104 526877 195883 869637 526430 1062859 267047 749101 171526 459209 819386
892185 542976 362176 185645 636538 629368 90913 911289 865967 57035 555413 814694 553553 664274 772352 834176 458999 999999999 730171 121230 392818 716316 287174 256693 655330 432310 465495 797725 564243 571238 732159 625331 106935 793986 674602 534942 666185 254955 63395 624752 156162 491029 622879 514977 1015029 353327 132637 67385 63137 391252 782853 769311 161525 499920 495760 581710 869404 239648 325005 820034 928154 769760 665809 861055 746063 483442 930387 718405 879038 497450 786825 502573 721269 759543 556910 200527 528709 820262 812518 893361 831514 339368 268415 249016 572533 857848 139124 829735 151386 849470 117824 590467 702062 502983 1140902 251405 480708 326373 505854 551138
226736 187197 833524 705856 679630 529610 788109 343067 212132 754314 570882 229957 906867 871956 210858 603637 441106 730171 999999999 672023 586652 326899 507193 737659 185875 320239 628638 334652 617973 356802 80687 317748 767041 668657 165112 238020 390506 497765 793532 342273 788555 493964 155401 526533 608471 515792 786832 796402 667784 777930 87851 160389 673080 819578 617042 707186 390709 751375 612888 325903 481598 70525 121455 642018 311977 424540 635621 132517 242832 243267 205653 522002 235392 210350 589105 808003 366927 100439 578384 364939 202387 765471 657004 804603 474698 595327 786416 127148 726647 426328 728158 257290 713469 397294 668593 658127 729719 434197 319805 776490
854920 487961 273916 79852 515408 511394 212019 893242 785451 177687 435196 727771 454906 552069 745732 716189 478905 121230 672023 999999999 449521 712152 185658 356806 572577 405187 344319 698231 443091 575022 662143 525697 95871 673353 593996 456567 558677 174726 165849 522255 274548 375073 585476 396615 902626 239580 252419 174902 92545 285728 734591 734606 246078 392450 374534 461619 767523 344117 203791 808764 821066 702779 592659 742127 737830 500210 813369 641217 846998 430308 758306 384506 701291 672760 436196 151018 533388 755000 695180 881267 749325 236054 346500 362728 457634 740781 114992 759759 256209 743439 56547 573361 580988 397443 1030839 330152 364029 319258 413134 435907
655060 439758 723092 528574 866098 788758 377447 618104 785325 367441 752710 768464 896406 966662 518632 970391 150184 392818 586652 449521 999999999 408192 463978 206629 621016 292832 711879 812899 783134 269408 631656 671319 494411 973132 627291 517541 745165 400968 432149 684855 324164 657841 434022 696735 1086049 545523 340287 426352 367108 724612 595753 540637 235424 824229 729723 838095 887907 230082 587758 517858 970422 650935 591377 1006234 444562 172794 1048117 648323 627723 454141 536640 683935 456106 721439 763150 584457 237420 686825 943871 586611 762616 679193 137818 279317 715255 982196 526991 712506 271434 893745 486395 346046 928626 607463 1185971 152377 772260 222079 553525 845372
271033 330020 948150 774312 918177 786534 738758 209950 532518 715534 798392 556771 1073881 1083558 144666 904215 272179 716316 326899 712152 408192 999999999 611441 608762 475164 315085 817099 654751 842588 147818 404692 591175 792338 951730 463899 447656 673403 569012 772838 614263 706890 703850 213651 743798 933689 661422 716037 771072 665278 915906 278060 190861 595594 988089 817954 924127 715713 630074 746581 110015 806812 395036 413506 943261 37041 245934 949624 449979 235807 402234 161586 734815 93484 532568 814955 863136 189481 402523 877534 181258 528078 886297 529694 682502 717901 901495 820671 438922 645499 747063 765559 149787 965732 613835 995007 539058 908858 394750 530495 971138
707869 333184 340607 200202 405563 357135 373108 767929 602998 335159 299577 543115 466941 508433 614040 558962 432469 287174 507193 185658 463978 611441 999999999 453492 390253 297783 247987 513419 323575 494346 487140 340721 279272 534665 412645 278839 379057 63162 343845 338507 416118 216240 447041 248534 729441 83855 400071 351186 230297 304591 578316 593484 340423 384161 266291 374117 583734 449939 137741 694558 640988 529601 416285 589167 630368 446383 651704 461453 706009 264662 623870 235347 579746 488281 306947 303037 457769 582527 535511 763797 566279 276129 409857 485327 292720 579748 291092 583674 375169 562386 236051 462786 469842 215810 854039 397480 316712 262233 227929 387664
841120 565261 618269 433501 850953 809317 203310 818258 917445 210157 752015 885626 807767 908384 706868 1007796 338644 256693 737659 356806 206629 608762 453492 999999999 727189 418671 682639 904286 771710 464189 766936 742968 362920 988157 739548 609607 804268 395781 271249 750434 132275 669006 595936 702016 1157837 535958 154850 262336 264372 641470 763684 721450 115187 748993 708123 806747 979881 24787 543446 718773 1053456 794438 713787 1039783 644254 364426 1096419 771423 817476 553039 724228 688833 646204 833516 757998 456298 426715 837281 983154 789126 889217 590616 82317 73740 741527 1025868 394298 857346 105379 974035 372100 524617 916545 647189 1271498 79547 717971 309387 617303 790827
411333 185428 686619 588321 495085 343920 728253 527248 212919 691278 389783 161027 737485 690720 385739 429864 496248 655330 185875 572577 621016 475164 390253 727189 999999999 328190 458718 195848 436758 454009 121617 131937 667941 486390 25276 121549 206271 402390 717425 156431 746812 321407 264292 349738 478087 373694 739089 722629 592537 622965 273614 339632 639731 651450 442955 526499 268763 735325 468533 499064 355471 165587 66026 468847 469885 488516 475963 76886 428707 174185 384184 346988 393581 106941 408085 690742 446940 215379 403493 545840 176882 618572 653804 784707 291632 426334 681256 204501 689929 284230 625450 359942 527649 228586 566810 650112 560064 420718 167327 600723
459944 149673 633066 462039 643858 536228 477728 488055 501617 446731 523336 477916 763537 787898 342191 698436 179292 432310 320239 405187 292832 315085 297783 418671 328190 999999999 519309 520650 562808 199848 349375 387199 492086 717476 334989 228593 465736 253987 494067 403599 470676 424769 191860 465994 796618 355131 470887 494995 373810 602282 357048 337003 354288 679156 525934 635889 595389 431556 434532 405186 678914 375773 301551 736004 336719 180218 768454 359188 447119 164564 355803 454882 296104 429482 537661 554872 168086 419111 671314 477017 475735 571437 339294 484550 462127 706148 517805 438679 408089 603206 460588 169519 699652 350622 893599 339177 604522 114929 280397 670876
852230 498356 266083 292465 171143 207203 556064 941869 643887 521982 114727 567657 278995 268603 787038 397797 673532 465495 628638 344319 711879 817099 247987 682639 458718 519309 999999999 485352 103064 718978 578996 344889 401432 336125 483929 396455 324635 310912 503185 326559 617619 137451 623307 116879 609747 169271 596307 513459 427752 187609 713236 754342 567454 192750 34279 126559 535375 674742 141299 884142 559061 623627 512077 416607 829291 684777 498109 534880 860619 421698 792602 115016 766955 521571 106521 360631 686700 674092 382008 947185 605718 209072 649744 701281 194029 427545 391737 661324 591218 492767 363098 668044 236853 231878 745218 635972 101445 506723 310069 154224
530952 381144 745494 694207 450854 301186 878824 667446 200654 840870 382749 125701 745260 657052 545387 285433 691644 797725 334652 698231 812899 654751 513419 904286 195848 520650 485352 999999999 422745 647887 253973 172711 788995 372095 197467 297692 160730 544212 856501 177138 908169 361078 451652 369146 283304 467661 897109 863338 737356 670732 411052 494218 808481 667241 458431 506249 75761 909902 547732 660334 159622 278102 245445 321170 643991 684305 302205 204981 558836 359535 539263 373521 566762 124378 398854 791378 642388 302762 263857 694903 172063 681452 835078 956600 291323 269956 795652 270118 855540 92315 745049 551701 459129 303105 373075 829691 577891 604899 293995 595975
844636 514430 357317 394803 83076 123957 655102 947129 599411 620198 47095 520389 322587 254107 795039 297548 728765 564243 617973 443091 783134 842588 323575 771710 436758 562808 103064 422745 999999999 758999 558213 309620 503884 233185 460971 401515 266706 386136 604272 287225 714142 139404 638151 98831 514500 239811 693647 614380 523057 276819 705209 757168 656826 247212 69658 89813 462819 765470 239373 898936 474773 601485 497152 314493 850495 736969 397794 509108 857726 440406 798297 108568 782929 480433 28892 463297 730591 648748 283613 957439 562353 306416 732906 794915 146014 328457 494723 630755 684231 414849 464882 696786 146277 230320 650706 720068 163198 569042 314621 173496
386564 276201 822414 641406 838830 721839 591178 354858 568151 568508 717917 571867 961238 987581 249919 866164 125699 571238 356802 575022 269408 147818 494346 464189 454009 199848 718978 647887 758999 999999999 420533 547996 651157 898109 450433 390183 630601 444909 626640 568376 559284 619937 204310 661064 931162 554843 568236 624548 522261 797371 343175 276434 447782 877664 724838 834340 717098 484792 631946 256662 806634 426754 403718 904828 181457 99765 925149 453226 358381 332234 268087 650530 187050 535329 733011 725803 42533 451403 838930 328878 553843 763543 383951 537818 649113 869004 680442 482883 497742 737958 626779 100053 892285 539033 1010318 392606 804194 255777 461181 870724
294583 201858 799527 687333 615022 462254 797170 420084 153669 761743 511284 153519 857966 812054 291517 524808 491705 732159 80687 662143 631656 404692 487140 766936 121617 349375 578996 253973 558213 420533 999999999 250988 757993 593073 97258 208450 318032 487804 795384 275010 805404 442020 216280 471184 529185 482915 801122 799330 669069 738841 161866 240748 692506 771555 564100 647989 311218 778529 579483 406541 402274 44825 71323 562966 391467 478025 555034 54073 315907 234749 285955 468168 314483 129717 529585 790175 424999 97203 499903 444041 133806 731272 688453 830582 412790 515615 774538 97813 745143 345725 717121 320583 644905 347631 593957 687687 680433 458190 278287 722202
543164 272180 591593 524205 364034 212004 707245 658003 299244 669226 263263 224615 620182 562391 513482 318230 565766 625331 317748 525697 671319 591175 340721 742968 131937 387199 344889 172711 309620 547996 250988 999999999 617006 361087 154320 160272 82994 372634 683857 24567 739027 209363 377525 230057 417282 298140 727041 690761 565326 521430 405531 469213 642813 536219 324454 399340 244312 746828 383526 625070 310855 293129 196911 356995 590000 563430 381596 200143 560559 223435 513176 230010 515439 176724 281460 623025 532904 339305 291020 674979 260973 525173 677781 791688 163610 321686 624558 321364 688176 231251 573115 462336 395726 133863 528701 670918 444495 454142 125854 478227
946412 582196 259086 109102 569175 585359 177077 979169 880854 155327 503070 822307 452705 573124 834094 788755 546509 106935 767041 95871 494411 792338 279272 362920 667941 492086 401432 788995 503884 651157 757993 617006 999999999 736949 689546 552375 645347 270401 110001 612234 252870 454365 676367 470954 983390 324325 227376 121136 131380 297201 828217 825224 267384 405578 434228 507604 856933 344961 268953 892055 907021 798543 688530 812155 819745 569605 887570 736967 937137 525850 847266 459704 787393 767400 501370 93601 608865 850701 769265 965039 844568 245046 374187 349132 537544 815190 32685 855621 257551 830395 43984 657957 633310 486545 1113754 357171 398586 397598 507201 465327
886418 627187 574976 627849 181804 184390 884879 1011724 572735 849174 239062 496138 484072 344811 872087 107870 894720 793986 668657 673353 973132 951730 534665 988157 486390 717476 336125 372095 233185 898109 593073 361087 736949 999999999 504347 509405 280542 593577 836243 337596 940777 320202 738164 286161 327196 452763 921350 846183 749360 495458 754472 825773 874767 434330 302815 256998 372312 984250 470668 984931 339173 628618 552332 99947 951083 897656 190802 539002 908980 565902 870492 299335 876427 478077 237165 695044 877552 664057 116393 1031991 542784 532287 941460 1017447 258311 140945 727861 635456 906624 314319 697562 818735 137766 368700 459760 930112 373158 751825 438384 344326
389087 188464 711537 611322 518202 366169 746177 507773 191789 709437 414059 146153 762655 714796 368930 444029 498917 674602 165112 593996 627291 463899 412645 739548 25276 334989 483929 197467 460971 450433 97258 154320 689546 504347 999999999 139678 225422 422733 736977 178593 762833 346589 255779 374636 480767 398037 755748 741962 611659 648130 252371 321579 654452 676668 467992 550755 267679 748374 493169 483032 356382 140790 50443 482865 456884 489914 485754 51715 407611 187175 366481 372026 380067 94738 432360 713879 445723 190200 418029 527729 156932 643456 665001 798355 315540 438820 703410 179341 705217 288172 647287 354438 549500 253860 564359 661881 585258 431623 191546 625570
456837 118404 596095 478980 473223 339045 606860 547446 331143 569987 355605 282531 672369 651285 394036 476917 406143 534942 238020 456567 517541 447656 278839 609607 121549 228593 396455 297692 401515 390183 208450 160272 552375 509405 139678 999999999 241538 283865 597378 178993 625493 267250 237825 304324 568761 278251 617579 602308 471985 539938 318935 358549 519335 584771 388856 487521 373384 616732 375379 497613 453325 251487 137451 515343 451969 403258 541720 184800 464185 64031 398146 297344 382174 228086 373018 581828 373261 304540 449658 556134 296609 527934 538376 665301 270488 481726 567623 304854 569042 376220 510732 309624 518462 171472 670034 533667 496345 307244 87593 548080
612597 355035 585463 545607 306617 151545 751744 733108 334032 713706 224328 254482 587802 511138 591696 235587 644893 666185 390506 558677 745165 673403 379057 804268 206271 465736 324635 160730 266706 630601 318032 82994 645347 280542 225422 241538 999999999 420598 721727 62568 789852 202779 459810 208469 354332 321025 775905 729504 608861 510173 477465 545903 699848 508095 298079 353515 216287 806320 393265 704391 262431 357007 272297 274230 671426 643570 303387 264553 632642 303584 590426 213184 596303 218746 241200 639517 614768 398373 208342 752109 297774 522128 742897 848821 130610 240608 648900 375062 742455 185049 601450 545330 328843 163435 475290 734903 418039 525319 192035 440076
686460 315272 379238 213820 468371 413575 334657 735718 614522 296672 360685 560567 519946 569367 584145 612702 374926 254955 497765 174726 400968 569012 63162 395781 402390 253987 310912 544212 386136 444909 487804 372634 270401 593577 422733 283865 420598 999999999 315907 374103 369256 273617 419619 308117 774177 146361 355611 321729 193443 353068 562461 568341 284721 439461 329446 437173 616922 393824 193694 657471 679816 528153 418781 644187 590417 390305 703179 468628 681194 255603 595365 294922 545055 505383 368776 313140 406623 580305 588473 728283 579184 318775 348608 432054 346111 631877 288676 585524 323415 600419 230513 422728 532407 258081 895414 336759 376407 203549 251167 448257
954007 606335 366214 212789 672982 677012 71091 970150 928498 64941 599256 876345 560645 683125 832948 881723 511098 63395 793532 165849 432149 772838 343845 271249 717425 494067 503185 856501 604272 626640 795384 683857 110001 836243 736977 597378 721727 315907 999999999 682322 148928 540897 685115 562177 1067915 404800 123057 11151 126329 407191 845774 830998 196726 515498 534919 613919 927449 250349 365583 877762 984093 833099 728831 907179 803376 536167 979130 781160 940222 560649 847671 550170 780926 821168 599280 195360 584204 883641 860901 951074 893835 355046 300140 245826 623357 906544 134986 892996 169474 905852 140954 650087 737830 559157 1195336 283571 507120 386303 565955 574764
567564 293198 577154 517098 340100 187598 708066 682555 317503 669998 241219 241199 600160 539332 537839 297986 582648 624752 342273 522255 684855 614263 338507 750434 156431 403599 326559 177138 287225 568376 275010 24567 612234 337596 178593 178993 62568 374103 682322 999999999 742233 192860 400638 210659 407710 290555 729492 689534 565610 505637 430041 493713 648397 516879 304827 376787 245325 753523 372587 649240 306063 316828 221476 336517 613560 581110 364974 223710 585093 241063 537631 211550 539238 195693 259320 614665 552245 362397 270729 699426 279472 511354 686909 797431 141444 303088 618548 343541 692686 226489 568263 484015 371218 125974 522929 679525 425281 466088 133909 456986
919305 605635 511930 341775 788717 770188 77840 913222 949644 99731 701726 907810 705466 820184 789475 973883 435132 156162 788555 274548 324164 706890 416118 132275 746812 470676 617619 908169 714142 559284 805404 739027 252870 940777 762833 625493 789852 369256 148928 742233 999999999 629694 659874 657470 1143271 491645 25879 138639 191443 546266 827090 796814 116879 655036 646715 736161 982318 108500 476372 815903 1048285 838107 745022 1002782 740660 461377 1067651 801098 899800 576913 805868 644639 731880 853568 704746 342982 518668 885104 950975 888113 918053 494169 186481 96957 708492 995535 281423 900414 63229 968719 272802 603969 854469 627161 1264470 173060 636719 355750 614427 707294
719066 376958 385202 349898 219146 140956 580583 814685 508553 543385 98632 433636 416081 384156 661140 344256 593786 491029 493964 375073 657841 703850 216240 669006 321407 424769 137451 361078 139404 619937 442020 209363 454365 320202 346589 267250 202779 273617 540897 192860 629694 999999999 501432 41228 529049 138284 612161 549765 440012 312794 579639 625520 556537 330182 123085 221198 418963 666030 192523 762747 457175 486557 375930 373358 712541 600765 439419 397455 729324 302017 665396 30973 646198 385926 113088 439625 592150 536782 321819 822916 470237 320452 621261 701433 83180 366929 454162 523887 591058 383786 411227 557555 275862 96993 659754 609934 238677 439177 179657 282649
270230 125031 787134 633417 710977 574969 669509 322628 364631 638578 592739 368325 891341 884990 167517 691452 286665 622879 155401 585476 434022 213651 447041 595936 264292 191860 623307 451652 638151 204310 216280 377525 676367 738164 255779 237825 459810 419619 685115 400638 659874 501432 999999999 540047 734277 480272 661359 686344 563174 743654 168080 149158 543031 804029 620065 722622 517851 611611 572904 261416 608369 223952 206372 730503 214577 269359 740234 251389 261813 201608 176829 532125 144806 334437 609901 731444 211662 254069 664644 324156 349541 721352 514037 665526 508006 689775 700028 282548 596845 543311 641856 104307 755925 407871 807998 516989 719735 305301 323608 777203
752546 415991 377814 363990 177925 114855 605318 851228 528154 568645 57498 451342 390203 347421 698324 319575 634686 514977 526533 396615 696735 743798 248534 702016 349738 465994 116879 369146 98831 661064 471184 230057 470954 286161 374636 304324 208469 308117 562177 210659 657470 41228 540047 999999999 514913 166876 639031 571456 466614 301766 612994 661616 588634 306269 94407 183218 421623 698132 203396 801124 451877 515325 407024 346140 751935 641842 417209 424598 764022 341665 702100 13201 684853 406236 71958 448276 633370 564490 298883 860451 490128 316035 656628 731940 78403 344671 468044 549569 621224 381893 428704 597973 234980 132866 647933 644875 214627 478975 216956 251021
778879 662336 871786 878040 493965 404299 1102411 923205 426796 1064529 495313 380013 806791 672007 816051 225472 971201 1015029 608471 902626 1086049 933689 729441 1157837 478087 796618 609747 283304 514500 931162 529185 417282 983390 327196 480767 568761 354332 774177 1067915 407710 1143271 529049 734277 514913 999999999 663139 1128650 1076335 959710 791315 675997 763741 1054157 748664 576010 568255 217985 1160367 718100 929570 126912 544620 528483 227847 920409 965155 139489 484640 812052 632569 807718 525202 843590 401477 503677 962813 925026 555194 232723 955849 416523 818627 1094541 1203145 445885 191421 982311 518112 1096666 194235 940271 834925 463055 516124 136387 1087234 674911 871074 541495 661110
728944 358515 317847 226547 322022 278546 442513 802813 581826 405209 216195 515016 413045 435477 647448 482504 504519 353327 515792 239580 545523 661422 83855 535958 373694 355131 169271 467661 239811 554843 482915 298140 324325 452763 398037 278251 321025 146361 404800 290555 491645 138284 480272 166876 663139 999999999 473916 413322 301729 264822 593891 620961 422109 326741 184299 293706 533664 531547 97132 736614 582826 527165 411780 511143 676858 516274 577544 449217 731617 283347 655325 153811 619887 461849 223163 324930 520923 580056 460084 803159 543888 249711 493667 565070 219206 505109 328571 575771 454377 506071 280446 511635 386088 164742 791351 481188 249394 337507 206499 316602
923143 602553 486371 317880 767450 752289 51976 921101 943760 75687 682305 900105 680057 795857 794643 956413 445180 132637 786832 252419 340287 716037 400071 154850 739089 470887 596307 897109 693647 568236 801122 727041 227376 921350 755748 617579 775905 355611 123057 729492 25879 612161 661359 639031 1128650 473916 999999999 112803 172418 521531 827876 800309 121220 630303 625831 713892 970850 131814 455220 824523 1035379 834767 739524 984801 749280 471337 1050848 795112 904637 570780 810768 626293 737931 845599 684886 317188 527095 882479 933807 897067 911590 469387 202556 122830 691707 978587 255699 896789 70979 955925 248310 609070 833131 612808 1250966 188063 613315 356239 603129 683544
954842 609224 377267 223475 683403 686263 60850 969286 933347 59005 608970 881856 571722 694255 833001 891027 508075 67385 796402 174902 426352 771072 351186 262336 722629 494995 513459 863338 614380 624548 799330 690761 121136 846183 741962 602308 729504 321729 11151 689534 138639 549765 686344 571456 1076335 413322 112803 999999999 130486 418331 847702 831754 191074 526646 545082 624602 934542 241105 375517 876430 991803 836730 733130 916680 801901 533300 988271 785786 940612 564663 847867 559388 780491 826693 609157 206290 582170 887070 870080 949718 898867 366182 293366 235436 632092 915683 146069 896856 161572 913436 151614 649681 748313 566735 1203432 276926 518048 386247 572237 585794
833026 480627 362013 170842 598564 579941 142888 856629 802944 104881 510302 752141 546510 644139 715262 784209 415414 63137 667784 92545 367108 665278 230297 264372 592537 373810 427752 737356 523057 522261 669069 565326 131380 749360 611659 471985 608861 193443 126329 565610 191443 440012 563174 466614 959710 301729 172418 130486 999999999 378084 721689 710458 153845 484991 456099 548543 809607 252241 286514 767100 870150 706790 602673 812415 693848 438768 879072 655311 820929 434345 729329 453876 665686 697016 513328 217755 479810 757402 761786 840339 768584 327988 256231 273923 520112 806713 162914 766670 165198 791141 119394 535195 664388 445428 1084082 239599 454784 271795 444610 527205
993532 623050 80562 207986 314123 393133 472991 1066253 819829 446615 300516 746028 171797 276066 911118 572744 725119 391252 777930 285728 724612 915906 304591 641470 622965 602282 187609 670732 276819 797371 738841 521430 297201 495458 648130 539938 510173 353068 407191 505637 546266 312794 743654 301766 791315 264822 521531 418331 378084 999999999 857751 885640 531800 108773 218805 240823 722644 627413 170864 996893 746088 783605 668806 586128 934189 741988 672460 699836 996436 548158 919460 297278 880989 697162 289386 223251 759576 835802 560091 1064897 781431 52217 631156 640267 380051 604478 274803 827463 538681 680372 273594 766929 370223 395594 927491 615067 122740 553939 460882 174861
139556 247207 910555 774181 767417 617437 834045 258283 258453 802038 658134 296460 990678 959054 142457 686419 446025 782853 87851 734591 595753 278060 578316 763684 273614 357048 713236 411052 705209 343175 161866 405531 828217 754472 252371 318935 477465 562461 845774 430041 827090 579639 168080 612994 675997 593891 827876 847702 721689 857751 999999999 90129 710351 903189 702695 794247 460471 779589 690587 253799 550024 133144 209275 724436 255467 425698 713251 215816 155240 314119 132185 608103 184906 287384 676325 875221 363026 126088 661659 283859 260336 842855 681648 833536 562343 676479 849558 163506 764193 501018 791100 250939 801256 482726 724460 684886 813968 471664 403385 862289
123215 262656 932321 782159 824283 678749 811898 190147 348544 782315 710489 383735 1027778 1009028 52555 763518 390806 769311 160389 734606 540637 190861 593484 721450 339632 337003 754342 494218 757168 276434 240748 469213 825224 825773 321579 358549 545903 568341 830998 493713 796814 625520 149158 661616 763741 620961 800309 831754 710458 885640 90129 999999999 680175 940140 747405 844670 547135 739291 715602 166321 637328 219167 273607 802017 166041 367921 795747 292852 112865 337795 45272 655287 99907 369852 728365 880516 303397 216210 738055 206229 349363 865811 639174 793364 618472 755643 849100 253628 733586 585372 790963 197002 862719 529013 814431 644404 853301 447030 446002 906570
802800 491657 514384 324669 735852 697259 146016 800040 838811 132093 637857 800254 700314 795558 673663 897400 325843 161525 673080 246078 235424 595594 340423 115187 639731 354288 567454 808481 656826 447782 692506 642813 267384 874767 654452 519335 699848 284721 196726 648397 116879 556537 543031 588634 1054157 422109 121220 191074 153845 531800 710351 680175 999999999 638306 592992 691657 883527 109519 428403 703752 953605 724066 633956 928639 628534 351841 987640 690686 783789 467474 689885 575480 616746 746670 643492 360402 406379 770311 873191 776439 808209 481831 106905 149052 630771 916508 299953 786621 53844 873949 268554 488085 801478 540054 1171164 89889 604134 239395 517042 677238
1041580 680183 164267 315918 255444 371151 581683 1125484 834306 555376 284514 757037 87661 169149 970089 524227 814377 499920 819578 392450 824229 988089 384161 748993 651450 679156 192750 667241 247212 877664 771555 536219 405578 434330 676668 584771 508095 439461 515498 516879 655036 330182 804029 306269 748664 326741 630303 526646 484991 108773 903189 940140 638306 999999999 212087 180443 709894 735381 246569 1062457 720114 816232 704174 531088 1003534 829549 620835 727628 1048289 603611 976805 306447 945453 712503 268810 328222 841741 866814 516143 1127965 796342 160936 735977 748929 379185 557723 382272 853987 646753 661975 382331 838310 299574 424072 884770 720138 91760 642921 499936 90306
842093 495075 298164 325151 142954 174505 586527 936042 622221 551964 81808 545020 295812 265662 781878 363523 684991 495760 617042 374534 729723 817954 266291 708123 442955 525934 34279 458431 69658 724838 564100 324454 434228 302815 467992 388856 298079 329446 534919 304827 646715 123085 620065 94407 576010 184299 625831 545082 456099 218805 702695 747405 592992 212087 999999999 110647 506162 700994 170768 881425 527283 608455 498728 382413 828680 695097 463838 518317 852008 418916 786685 95967 764441 500493 72444 394796 693917 658082 347832 943026 584272 242622 672546 728943 167935 393329 425194 643719 618520 462251 395321 669744 208732 219978 711630 659172 120700 520579 301478 159630
933745 598137 319118 401132 75624 205068 671186 1034383 687250 638678 136716 607902 244468 164813 881538 343826 795628 581710 707186 461619 838095 924127 374117 806747 526499 635889 126559 506249 89813 834340 647989 399340 507604 256998 550755 487521 353515 437173 613919 376787 736161 221198 722622 183218 568255 293706 713892 624602 548543 240823 794247 844670 691657 180443 110647 999999999 541025 798004 263337 983903 543789 691293 586575 351759 933495 805725 440928 598917 946272 522939 885294 190521 867395 569163 118415 452059 803951 738532 335847 1043622 650499 282073 775762 822458 235769 377282 492976 720322 713197 490082 472989 776828 129784 316081 704331 761813 118176 630800 400080 94220
