NAME : synthetic_000324
TYPE : CTSP-D
DIMENSION : 100
GROUPS : 8
RELAXATION_LEVEL : 1
EDGE_WEIGHT_TYPE : EXPLICIT
EDGE_WEIGHT_FORMAT : FULL_MATRIX
EDGE_WEIGHT_SECTION
999999999 644328 135824 561320 830636 632259 327836 292716 329167 286606 706650 266330 482883 484463 893770 819048 744062 539276 348627 689401 170261 168685 181990 601852 838054 626849 707079 210284 288872 688676 444929 625818 404224 246422 110580 320642 231932 518771 681901 397599 91145 219195 324324 164832 369866 681623 720080 437097 44917 169383 150752 265587 245978 240646 391227 59414 544023 453223 237289 855643 185062 801179 316593 531382 617723 766783 667791 134974 149883 322878 71903 453638 868844 559107 529466 332838 173298 655338 500698 710169 595784 736333 272275 749972 663854 696037 568241 221650 443606 379407 716701 501329 196566 762797 527565 573473 278323 670460 694224 672283
644328 999999999 764682 466433 203474 211318 373940 496428 563485 433231 820050 520671 491260 274109 249464 290341 248799 132358 550487 156727 813364 587399 692195 110707 194419 323316 812879 452882 930594 632817 250417 211039 451964 641244 752734 789118 736527 357132 427074 1041070 580478 783941 411628 539707 466476 330000 294633 347087 607006 701031 700205 785667 812787 826861 718238 658339 559124 320260 638150 239354 470626 278306 449408 540335 673489 166851 463731 698957 683475 508574 625772 585219 225901 331514 329246 967416 817542 627090 356490 788011 726982 295904 507266 178499 665251 603732 135759 833380 360307 357550 323754 386164 679564 244431 147756 524287 827418 680828 566739 246853
135824 764682 999999999 610399 943034 765925 463254 347595 353364 422324 809444 316332 612988 576054 1013629 952354 877639 651544 472567 820040 104891 292311 145714 711651 956421 705158 811010 344835 169260 812695 577642 759499 459837 352141 45868 244327 299435 591234 816845 281165 184540 116560 404186 239230 502221 817399 806706 517295 180712 247236 108377 314053 269553 117556 484100 165189 669531 538013 343850 983193 318817 934512 451107 658256 621383 875806 722178 95318 236298 452368 195488 469327 986430 635690 607188 202980 83805 673932 636366 817993 703471 871366 403479 879889 783594 822714 697664 87724 579352 515158 852319 568163 169434 895773 638618 609919 305248 788889 729678 806771
561320 466433 610399 999999999 524224 634409 544085 269295 261445 574289 1097502 298081 765665 212313 637048 756188 707171 350158 726750 614743 704592 633827 473682 356216 579602 172292 1093490 509775 767166 970872 521426 630781 157236 725899 628167 486740 769615 114048 823111 873018 470263 556789 253135 396489 673933 750001 278533 175935 553375 709984 505170 813038 804980 602633 862543 611454 848211 186674 717956 690280 501735 743323 618305 828324 208218 450843 112921 515736 687806 676451 597196 181774 596711 135671 138792 775552 691447 164898 671790 1080164 984237 743846 638564 644870 980261 954733 526217 634410 634783 578192 759167 95809 450631 707321 337644 57964 835029 993574 143884 681324
830636 203474 943034 524224 999999999 375719 576841 640038 693575 635953 1002789 668554 685180 391527 118322 354103 355787 291834 753243 290832 1000860 787406 853902 231774 75047 352769 994985 649544 1111509 802740 453763 378101 567206 844127 936038 932429 937884 438847 581315 1223109 758948 947410 559398 708612 668802 477087 262621 466570 796277 900155 867695 987180 1012155 992446 920929 850388 747267 439240 840835 222831 665073 351888 652880 729495 727021 75101 475848 868969 881875 711905 819138 681934 76827 397096 410053 1143581 1002388 662149 549118 967648 916658 415269 710489 263529 842006 769715 332330 1004843 559734 560860 456100 472029 838106 337227 304442 579333 1028098 857723 579296 393407
632259 211318 765925 634409 375719 999999999 308131 581833 660020 360918 627502 597346 323718 423435 358525 186972 111808 286716 426363 90510 788026 524199 732027 304614 328948 516704 619574 422043 918256 428379 189064 6450 576048 548647 742193 852985 655038 520378 215847 1022328 594322 815168 502032 578426 343104 120647 503986 481065 588706 635964 728649 700913 741275 851976 586380 626819 376205 459274 548488 259775 447342 169092 354520 359712 832329 365758 654386 722434 623326 397976 591678 715290 358506 507691 496662 964973 799582 799255 192566 591956 545392 117239 417711 145679 466310 396898 108358 846485 225903 264476 124780 543056 725817 131772 297796 689972 747272 482027 752621 48782
327836 373940 463254 544085 576841 308131 999999999 368535 447961 59455 553438 369962 227367 360127 611743 494886 419509 318239 196723 375184 479945 220870 452616 379824 563228 511348 549407 119591 610907 443744 130822 301693 419875 267320 436384 587032 364431 446744 368520 714251 304956 525963 315827 311696 130440 355044 563207 368737 283381 335051 441164 413122 444799 558107 358429 318781 309142 363510 264238 548863 146760 477022 83627 290012 696745 529129 614756 432009 320099 147376 283613 543613 595404 463679 438143 659094 492028 694600 182667 536635 440666 408691 134171 437133 443186 436226 263520 546934 125994 54947 389172 451179 451998 439832 314331 585621 456346 455351 686483 345672
292716 496428 347595 269295 640038 581833 368535 999999999 80875 374844 897410 31747 593337 250028 730275 749114 682556 365787 514140 601956 437246 385902 224222 413420 670166 360457 895098 288821 511461 811517 410940 576281 113496 480488 361071 294131 509090 245140 718370 621184 202080 316397 84881 128370 483711 674795 466362 179598 288542 447671 248429 550009 537776 363020 625216 344856 673065 204669 471794 734628 271373 732678 421296 654875 348136 567062 378155 255875 425695 467754 334058 183691 696550 290963 263683 528930 425989 370730 538880 888106 781700 698995 420763 652003 806842 804761 483257 385551 487628 418043 697714 220721 204578 692640 350590 281576 568848 817904 401929 630107
329167 563485 353364 261445 693575 660020 447961 80875 999999999 451232 969385 80450 671393 302631 789728 824140 758965 431367 585904 676460 452172 445950 212844 473375 729420 386646 967448 362386 506143 889977 491405 654580 130761 540247 376227 242168 556559 272179 799235 611574 244371 295705 158414 177065 560263 754827 497361 227029 335021 493946 246042 593825 574199 341867 687280 386119 750354 254494 531257 802741 342639 807986 497457 732465 289880 619219 374357 258048 472633 541022 381747 124538 754275 319607 296276 514312 436179 327237 619624 961753 853708 777257 492438 724588 883751 884037 559659 372968 568066 498171 777098 241949 189501 768110 415977 256581 607238 894473 376420 708492
286606 433231 422324 574289 635953 360918 59455 374844 451232 999999999 527584 371198 222255 402084 671033 546630 471277 373112 153284 431661 430167 163872 427961 435706 622675 555868 524467 93953 563137 440992 189521 354535 440271 208200 391988 566520 305111 483134 396747 664063 278313 494437 333974 298680 109032 396468 613895 401536 241689 277342 412039 353722 386246 523252 306713 270075 299378 399784 204925 606183 119921 528839 46506 281906 714117 587321 651958 401168 263289 102601 235018 555653 654853 504222 477359 613494 444183 718607 214104 515130 412638 456091 77041 493651 432526 438741 322254 508055 157036 97044 432870 484138 430313 492601 368168 612006 397152 443278 717891 395685
706650 820050 809444 1097502 1002789 627502 553438 897410 969385 527584 999999999 889083 340907 907918 978349 725649 677836 830433 383526 715566 748673 542436 887282 879045 955228 1052065 9821 608612 867908 219246 605877 624836 967829 461000 764393 1027275 517965 998734 442957 922742 752622 918517 861557 800248 423745 542275 1082618 922132 673889 562756 857401 523642 584470 926985 327109 654016 263314 915976 469949 858934 626861 714789 481755 283110 1241097 985354 1165338 841460 573246 429876 634833 1080468 983654 1011788 987986 928963 776359 1245746 466524 44956 115722 622102 477020 758800 166323 258408 685020 891249 480472 523506 575997 1004465 898893 703394 832581 1138055 559006 151291 1239851 617221
266330 520671 316332 298081 668554 597346 369962 31747 80450 371198 889083 999999999 591936 279761 757066 767831 700040 391124 505572 621342 407092 369168 192706 440635 697090 392200 887100 281950 479789 810691 422042 591645 143832 463762 330781 268475 486929 276880 726192 589450 176755 285180 110055 104272 480210 686742 497950 210550 265338 424949 216688 526626 512122 331733 609914 320128 670484 235144 454898 757931 262262 751162 417325 652732 363643 595985 407963 224244 403162 460576 311517 197504 723903 322701 295367 497219 395255 391861 544532 881310 773390 714218 412090 672765 803710 805460 501148 353847 491782 421225 711086 252271 173408 711031 376076 307172 543798 814329 428003 645253
482883 491260 612988 765665 685180 323718 227367 593337 671393 222255 340907 591936 999999999 569551 681624 473774 407153 490121 150501 413903 593297 321679 642820 540646 648031 711514 335318 315670 728485 218886 265143 319234 646912 293159 575217 783531 398464 662724 230936 815941 494080 700441 543193 520551 116264 284979 742712 589746 439993 405501 622605 434849 488269 723437 276237 448695 82575 581052 297513 580218 340459 458287 178079 62893 923985 658107 827474 609875 402364 160621 417517 770622 678781 673079 650246 785111 614045 919794 136074 317407 237835 366068 210635 468251 216019 217388 355712 700709 139668 187478 326255 671008 647511 433187 491885 809803 482711 228582 906050 331890
484463 274109 576054 212313 391527 423435 360127 250028 302631 402084 907918 279761 569551 999999999 487628 556644 502025 145530 554242 411125 650268 501815 470016 173385 427338 155262 903072 361149 744888 766809 314389 419577 180682 584761 578251 540964 651501 98968 611205 856536 399753 563460 174173 336852 489707 537945 235909 76145 460627 599077 488643 699351 706275 609569 706236 520084 651308 48412 578222 511115 363049 542492 441232 631163 409692 317751 257942 492614 577624 503657 495832 311146 451730 103944 81141 769554 645692 377022 465540 886812 797757 534991 474944 448281 780559 748423 315079 627341 433556 384421 548183 119630 452264 504782 131215 266778 730769 794517 342041 470942
893770 249464 1013629 637048 118322 358525 611743 730275 789728 671033 978349 757066 681624 487628 999999999 279609 304330 367747 770673 268021 1062645 830287 936027 316999 60308 467145 969901 699835 1179941 768356 482008 362667 667253 876326 1002174 1024366 976143 545814 541041 1290507 829222 1028718 647014 785733 685407 437734 380682 563747 856197 944592 946238 1024682 1055623 1072509 936080 906820 733856 536029 874206 134142 718680 282728 680242 717846 841866 186845 593324 945810 927945 734449 873843 788317 41552 506570 516612 1216150 1067000 778759 547762 940132 902357 363633 741349 219562 813459 732572 350283 1080896 570085 585806 408633 578649 922009 280697 382258 693082 1068078 829030 697161 361387
819048 290341 952354 756188 354103 186972 494886 749114 824140 546630 725649 767831 473774 556644 279609 999999999 75401 411133 597318 147942 974831 709061 913404 401049 283342 611534 716577 608912 1105228 508483 374774 193422 726509 727318 929085 1029617 835038 645405 283010 1209137 778846 998507 666052 758690 517887 191838 565359 624594 775604 819526 911984 879521 922696 1036351 748257 813655 504987 599495 727947 145998 634043 17880 536973 492874 962366 381871 751720 906467 807746 575007 778495 864044 301182 621701 618189 1151828 986541 917417 359655 684470 665137 108586 599729 112418 559381 470515 267039 1032201 403675 449713 152713 673050 905845 57393 425492 813902 926599 574363 855698 152189
744062 248799 877639 707171 355787 111808 419509 682556 758965 471277 677836 700040 407153 502025 304330 75401 999999999 357785 525433 92940 899451 633854 841203 357422 292821 571790 669111 533851 1029966 464904 300343 118252 666387 653548 853998 959536 760983 594507 237132 1133757 705149 925428 600561 686894 444826 135622 537972 566635 700510 744599 838888 805858 848307 962775 679330 738285 445048 542613 653974 181192 559126 57571 462172 431447 910900 368669 712106 833037 732637 501495 703122 804986 316738 574776 568408 1076780 911245 870470 287663 638373 609457 60065 525062 92275 511919 428607 199350 957920 329633 374396 104307 620452 834236 26317 371260 764319 852762 527327 814401 78276
539276 132358 651544 350158 291834 286716 318239 365787 431367 373112 830433 391124 490121 145530 367747 411133 357785 999999999 512232 266142 709537 509545 568337 64529 308501 234796 824427 367273 819793 666429 225216 283657 320245 577378 644218 659458 662278 236881 488041 931332 467263 661184 281348 419185 434887 405324 252768 215854 505969 619088 579361 711680 730782 705276 676506 561360 567580 189622 572684 371697 379597 397076 401203 547578 553131 228061 369118 579623 599605 464584 531232 455075 337062 221021 211462 852719 710641 514407 367812 803925 727021 393800 450150 302977 688665 643178 180248 715239 350548 321644 410895 262765 554277 359624 15404 406900 749687 703561 466012 332430
348627 550487 472567 726750 753243 426363 196723 514140 585904 153284 383526 505572 150501 554242 770673 597318 525433 512232 999999999 511145 445054 180891 520367 571920 728819 707039 381548 225634 579722 340521 300658 420706 589096 142783 432426 662224 249290 636407 378585 665627 377115 567799 482587 418595 85286 417879 759625 554696 308876 255306 495442 288265 339312 586436 167752 307395 197001 553042 147012 685568 243335 580567 113457 186540 859354 713041 805223 481158 253181 50724 279132 697494 760786 656923 630331 637158 466909 868233 237809 376935 267821 493645 93494 570881 315897 350370 423460 559984 201751 194109 458840 637244 528616 550202 509410 763058 336209 323323 870509 447268
689401 156727 820040 614743 290832 90510 375184 601956 676460 431661 715566 621342 413903 411125 268021 147942 92940 266142 511145 999999999 850834 595434 772164 264567 239704 479122 707456 481559 977856 512156 246586 94699 578886 627773 799976 884880 732372 502427 291090 1084452 642175 859224 518543 617002 426692 187575 448875 477566 647304 708937 772941 779340 816713 898516 673554 690047 466439 452881 626910 175724 505013 132454 431424 450111 819143 290206 619367 768450 694847 479545 655273 716761 268668 481982 476049 1021645 860189 777775 281289 679082 635436 140068 494439 61991 552839 478891 123671 897203 309429 338140 172523 528894 763471 93754 279988 672030 824876 568541 721505 102877
170261 813364 104891 704592 1000860 788026 479945 437246 452172 430167 748673 407092 593297 650268 1062645 974831 899451 709537 445054 850834 999999999 276348 249587 772055 1007418 787567 751296 369403 135517 777800 604454 781583 550698 309191 76438 344360 230721 676052 810983 234307 250545 214198 483867 317832 491188 824910 884722 597803 206524 194021 211289 232038 178641 199593 421819 161224 639369 616138 302466 1020100 347016 956966 449447 630823 725227 936995 815050 196534 192199 435881 196348 570930 1038371 718712 689497 192117 29332 775900 638859 762068 649082 886251 393072 912148 742486 792458 731779 154406 584035 526948 862311 655395 273000 919638 697799 707815 213096 745883 828294 825089
168685 587399 292311 633827 787406 524199 220870 385902 445950 163872 542436 369168 321679 501815 830287 709061 633854 509545 180891 595434 276348 999999999 345665 573981 779893 656107 542273 143622 411709 521411 351568 517849 481613 94638 253579 486790 152903 563767 534763 507077 212199 387452 380727 269332 215180 550721 731394 477893 131892 114412 317885 202215 225505 405560 241448 127282 377521 485096 85892 769633 138802 691343 174741 365966 732730 733266 728246 302839 99423 161534 98279 566671 811920 595134 565868 466189 294640 755564 363799 543595 429751 615535 116725 657425 495296 530500 484053 379949 310374 259726 589026 555556 356538 655675 501599 659438 240885 501791 775736 557401
181990 692195 145714 473682 853902 732027 452616 224222 212844 427961 887282 192706 642820 470016 936027 913404 841203 568337 520367 772164 249587 345665 999999999 623096 876827 584018 887421 336183 293484 856114 544519 725823 330132 428131 177948 141864 406563 468309 820730 400332 149662 93627 296279 155200 526739 802668 690578 402962 213774 345959 39009 432702 398534 139557 573169 239041 710906 426898 418952 923231 309017 895944 467040 696452 475754 782851 586433 55695 328532 487692 253027 324560 905057 514691 487783 305542 229486 528693 635015 889257 775308 844880 435409 828511 836003 859664 648608 162361 577776 507534 833189 441978 23921 856017 554014 468564 433903 843683 587187 777081
601852 110707 711651 356216 231774 304614 379824 413420 473375 435706 879045 440635 540646 173385 316999 401049 357422 64529 571920 264567 772055 573981 623096 999999999 256804 214895 872658 431799 880379 706473 278447 302808 354055 640980 705762 707435 726665 248517 515631 992107 527894 716449 330694 476848 492780 425257 205892 249176 569320 683617 636121 776078 795306 761213 737345 625144 615731 221519 636425 339666 444047 388932 462124 595983 563756 164943 354902 637234 664124 525110 595295 482551 283269 220982 220072 911867 772478 516395 413172 850695 778406 401097 512670 289117 732494 680872 206643 773096 402100 379437 424655 278705 607908 354514 74456 414140 814195 747689 456999 346086
838054 194419 956421 579602 75047 328948 563228 670166 729420 622675 955228 697090 648031 427338 60308 283342 292821 308501 728819 239704 1007418 779893 876827 256804 999999999 410944 947084 647016 1123292 749855 435015 332296 607053 829439 945893 964226 927438 486581 524896 1234143 771907 969676 587051 727157 643598 420455 329578 503463 801191 893925 887563 976289 1005398 1013669 895478 852754 704883 475742 826923 148096 665019 282648 634504 688007 785393 132248 540071 887409 876767 690596 820178 728763 32203 448048 457337 1158677 1011115 723962 512598 918476 874229 352872 694599 201912 792057 715437 305628 1022710 530204 540538 395760 519304 862575 272079 322843 636055 1018950 807740 644607 339403
626849 323316 705158 172292 352769 516704 511348 360457 386646 555868 1052065 392200 711514 155262 467145 611534 571790 234796 707039 479122 787567 656107 584018 214895 410944 999999999 1046717 516217 871236 898275 448639 514339 256930 739905 713169 627248 804677 115822 722506 981446 538487 674714 303757 469824 639367 636897 112034 189967 607136 750857 608811 852052 856282 721479 861003 666978 791795 174540 733299 530123 517315 600543 593666 771617 374721 280346 140424 615672 729147 656673 644877 342167 426346 69562 98133 889275 779961 314250 597341 1028513 944200 615963 629559 499121 917314 876382 413309 745890 572734 530625 638584 144698 563334 567651 227659 226585 881987 931839 244241 559827
707079 812879 811010 1093490 994985 619574 549407 895098 967448 524467 9821 887100 335318 903072 969901 716577 669111 824427 381548 707456 751296 542273 887421 872658 947084 1046717 999999999 606276 871269 209811 600077 616963 964612 461798 766068 1027643 520577 994243 433984 927082 751986 919612 858420 798898 419998 533584 1076464 918002 673884 564582 857824 527130 588097 928565 329528 654847 257008 911586 470696 850171 624840 705793 478499 276908 1238272 978011 1160621 841962 574738 427398 635218 1078000 975424 1006904 983257 932317 778859 1242292 459897 35136 113890 613227 475012 750369 157376 248936 677982 893170 474748 518725 567115 1000262 898802 694627 826719 1134377 563032 142232 1235674 608870
210284 452882 344835 509775 649544 422043 119591 288821 362386 93953 608612 281950 315670 361149 699835 608912 533851 367273 225634 481559 369403 143622 336183 431799 647016 516217 606276 999999999 496932 534033 235595 415599 365885 223733 320174 473500 296381 429653 485039 602898 187075 406849 259919 204899 200754 474605 588377 344521 166706 251895 322644 345548 363761 438535 353089 209238 391239 348477 217084 650972 27397 591037 137843 374347 633840 592811 597038 312957 232781 178978 175071 471934 678704 457629 428937 542930 378793 644969 299781 599609 492914 526547 132715 542773 523301 532534 362566 427701 242291 173522 508401 425165 337455 552831 358796 542070 382493 533434 653482 462072
288872 930594 169260 767166 1111509 918256 610907 511461 506143 563137 867908 479789 728485 744888 1179941 1105228 1029966 819793 579722 977856 135517 411709 293484 880379 1123292 871236 871269 496932 999999999 909695 732494 911806 621535 441855 178545 333260 354428 756441 946434 111909 352561 217497 572289 408253 626670 958930 974321 684725 330573 326273 263596 344339 284065 178124 543936 293064 772899 706109 435607 1144503 472875 1087348 584135 764916 751677 1044740 879900 255633 326544 571387 328164 612655 1153595 801676 773603 61055 118989 813095 773414 884495 773252 1018761 528419 1038627 872408 925560 857056 136010 718148 659432 995905 731966 316647 1049484 807073 760719 312766 875043 877957 956572
688676 632817 812695 970872 802740 428379 443744 811517 889977 440992 219246 810691 218886 766809 768356 508483 464904 666429 340521 512156 777800 521411 856114 706473 749855 898275 209811 534033 909695 999999999 452612 426806 860467 468614 771750 997639 559434 863497 227853 985474 708870 907845 758489 738718 333457 330654 912363 796013 647861 583941 833496 583511 643499 926951 386326 647655 145226 784393 475494 645005 558295 498410 396196 160213 1137735 793431 1023137 819824 586400 368460 619636 987187 776859 868105 847913 969003 801707 1128963 301698 176556 192174 407369 420709 549829 59084 39281 502538 899873 336399 398492 361373 875235 862239 489805 671530 1017920 628167 70779 1108012 410551
444929 250417 577642 521426 453763 189064 130822 410940 491405 189521 605877 422042 265143 314389 482008 374774 300343 225216 300658 246586 604454 351568 544519 278447 435015 448639 600077 235595 732494 452612 999999999 182705 428158 394556 555299 668961 494430 411830 311616 838316 405323 626474 338294 392289 217765 264815 477975 349536 402043 465836 540005 542783 575575 662962 468333 443530 343809 334921 392261 418741 259902 356951 199784 323682 700707 412466 570603 533528 450638 258160 408711 564420 467217 415539 395420 777747 614376 682830 151151 580590 501805 300364 259631 308228 468852 434132 132749 657577 125476 107136 291057 425637 539331 318132 226743 571201 586607 483279 656160 232729
625818 211039 759499 630781 378101 6450 301693 576281 654580 354535 624836 591645 319234 419577 362667 193422 118252 283657 420706 94699 781583 517849 725823 302808 332296 514339 616963 415599 911806 426806 182705 999999999 571247 542582 735748 846973 648898 516737 216054 1015885 587985 808874 496666 572286 337306 122616 502981 476655 582260 629667 722359 694828 735065 845637 581063 620376 372640 455041 542386 265188 440906 175542 348310 355980 828236 366899 651731 716114 616991 392032 585235 710485 362051 504539 493205 958529 793133 795654 187471 589560 541937 122716 411510 150887 464107 395688 104570 840089 220041 258130 128643 539173 719671 138191 294527 686211 741152 479822 749649 53945
404224 451964 459837 157236 567206 576048 419875 113496 130761 440271 967829 143832 646912 180682 667253 726509 666387 320245 589096 578886 550698 481613 330132 354055 607053 256930 964612 365885 621535 860467 428158 571247 999999999 574990 474470 372853 613786 141714 739541 730063 313120 419060 106524 239407 545608 681359 366961 105177 396346 553616 357942 656584 647764 465773 715294 454254 728967 132630 566741 690515 354306 711335 486112 709712 277296 492379 264720 366753 531463 539976 440509 139242 630521 189124 165528 635568 539086 279220 571086 954271 852887 692094 497820 621568 862908 848954 470127 492493 526191 462005 698311 112664 308508 672334 305010 177899 677932 875199 295014 624784
246422 641244 352141 725899 844127 548647 267320 480488 540247 208200 461000 463762 293159 584761 876326 727318 653548 577378 142783 627773 309191 94638 428131 640980 829439 739905 461798 223733 441855 468614 394556 542582 574990 999999999 308508 566882 108504 651952 520915 524011 303376 458105 472837 363381 210454 554628 809499 566314 217355 115587 396957 152353 198121 469324 148167 193049 331171 571659 9266 803495 225684 710066 196836 323889 827353 795084 818039 380793 118395 152505 175133 661266 861642 681149 652294 500664 333286 849868 369480 466784 352126 627007 134978 689205 434480 483710 526147 437133 323944 291252 594972 645460 441343 677221 571082 752887 199285 438711 868408 575425
110580 752734 45868 628167 936038 742193 436384 361071 376227 391988 764393 330781 575217 578251 1002174 929085 853998 644218 432426 799976 76438 253579 177948 705762 945893 713169 766068 320174 178545 771750 555299 735748 474470 308508 999999999 287834 253567 600963 783430 288336 179257 161762 409807 243429 466395 788354 811699 523727 153488 201829 138999 268825 226147 162760 438655 126648 629379 542788 300410 966026 295399 911209 417816 618702 651964 870574 738709 123120 191652 414811 159502 495876 976411 644097 615042 222834 67465 700897 605192 773491 659069 845065 367277 860549 741380 782796 678783 128707 548722 486744 824209 579781 200640 872975 631916 631557 261891 746334 752119 781650
320642 789118 244327 486740 932429 852985 587032 294131 242168 566520 1027275 268475 783531 540964 1024366 1029617 959536 659458 662224 884880 344360 486790 141864 707435 964226 627248 1027643 473500 333260 997639 668961 846973 372853 566882 287834 999999999 535524 513821 955483 419427 289462 130227 378121 277742 667311 931322 738614 466753 354993 477540 169931 555737 513718 156806 709828 375038 852465 493651 557795 1025942 446764 1012544 606881 837819 426512 858688 597156 186183 461996 629313 392443 310310 990385 561189 538376 318074 317674 495608 769659 1030173 916001 968137 577000 938266 977862 1000648 762692 203768 712934 641907 959806 482856 136243 972379 644350 464752 549444 985543 572585 899533
231932 736527 299435 769615 937884 655038 364431 509090 556559 305111 517965 486929 398464 651501 976143 835038 760983 662278 249290 732372 230721 152903 406563 726665 927438 804677 520577 296381 354428 559434 494430 648898 613786 108504 253567 535524 999999999 708048 627854 426119 312214 414302 518900 382679 318883 663132 882970 622377 221854 62808 370332 49444 90030 415286 191148 172639 428719 631821 107136 907940 289364 817706 301082 423752 846382 885161 869069 353098 83942 260784 175422 680860 959586 741899 712323 415060 258453 878781 477837 531727 419385 735301 237951 794088 519384 578356 627011 376185 431394 394414 703469 697084 424329 784393 654458 789571 92512 521387 908618 682988
518771 357132 591234 114048 438847 520378 446744 245140 272179 483134 998734 276880 662724 98968 545814 645405 594507 236881 636407 502427 676052 563767 468309 248517 486581 115822 994243 429653 756441 863497 411830 516737 141714 651952 600963 513821 708048 999999999 710163 866322 428970 558893 194514 358400 577173 636030 225252 85884 502398 651670 493568 754125 753911 605657 781391 562150 744958 83429 644680 587012 426421 632081 524986 724895 316983 363821 168837 500808 629647 585698 542482 243113 506990 47430 29287 773676 667315 278941 562854 979220 887066 630199 552310 534900 875524 845937 412171 630303 528718 475992 645144 33228 447537 595467 224011 170080 781249 889229 244514 567366
681901 427074 816845 823111 581315 215847 368520 718370 799235 396747 442957 726192 230936 611205 541041 283010 237132 488041 378585 291090 810983 534763 820730 515631 524896 722506 433984 485039 946434 227853 311616 216054 739541 520915 783430 955483 627854 710163 999999999 1039054 672089 890872 649104 679194 319837 104485 718235 656737 637149 629792 807522 665467 717860 919957 501478 657690 234568 639260 524401 417204 512398 271841 365814 227153 1010085 579251 856576 797296 624070 376205 623972 876029 550961 704843 689642 1000702 829227 987065 185854 402405 384835 179626 418136 323561 276634 191538 309836 903518 242953 313600 133564 728323 820507 261953 496597 875746 713381 291771 950457 188213
397599 1041070 281165 873018 1223109 1022328 714251 621184 611574 664063 922742 589450 815941 856536 1290507 1209137 1133757 931332 665627 1084452 234307 507077 400332 992107 1234143 981446 927082 602898 111909 985474 838316 1015885 730063 524011 288336 419427 426119 866322 1039054 999999999 464221 317463 683643 520047 719704 1057540 1085281 795712 437801 410452 372773 404935 343661 273421 607572 395511 853686 817400 518916 1252613 579739 1191273 681534 847491 844814 1156542 985925 365910 414999 662851 430651 713199 1264580 911892 884049 101411 224659 910157 870838 943678 836136 1120109 623228 1145579 944186 1004324 964609 238613 816792 760977 1095407 841216 422808 1153925 918699 863749 364795 945337 979255 1059301
91145 580478 184540 470263 758948 594322 304956 202080 244371 278313 752622 176755 494080 399753 829222 778846 705149 467263 377115 642175 250545 212199 149662 527894 771907 538487 751986 187075 352561 708870 405323 587985 313120 303376 179257 289462 312214 428970 672089 464221 999999999 222049 234970 73826 377851 657942 634266 348520 90770 249677 136364 350404 335728 257656 451540 143388 563857 365970 294152 801742 159763 761138 317603 548825 534240 692427 576669 128414 228278 341190 137519 368649 801891 470183 440692 386956 246664 567851 486661 751209 638606 704385 288892 700901 691095 711260 518834 255441 429243 359669 689948 410748 153481 721706 454512 483389 367098 699459 603945 637670
219195 783941 116560 556789 947410 815168 525963 316397 295705 494437 918517 285180 700441 563460 1028718 998507 925428 661184 567799 859224 214198 387452 93627 716449 969676 674714 919612 406849 217497 907845 626474 808874 419060 458105 161762 130227 414302 558893 890872 317463 222049 999999999 389861 244650 585972 879844 782294 495718 260620 359510 86541 430520 385714 46765 595546 265470 763100 519994 449368 1013251 379477 980903 529556 750215 534670 876455 669685 93960 346349 541258 289409 396181 998092 605657 579264 218800 187464 595640 706351 924819 810165 926134 489978 916545 882740 914779 735553 81550 648802 580321 911996 531560 111821 941201 646972 546291 421338 889091 662075 859115
324324 411628 404186 253135 559398 502032 315827 84881 158414 333974 861557 110055 543193 174173 647014 666052 600561 281348 482587 518543 483867 380727 296279 330694 587051 303757 858420 259919 572289 758489 338294 496666 106524 472837 409807 378121 518900 194514 649104 683643 234970 389861 999999999 166395 439948 599286 402601 113949 308479 460691 314501 563662 560573 435755 610918 368077 624849 133846 464854 649747 249607 649801 379960 605815 381257 487395 350235 318773 438536 433456 349708 229680 613954 235227 205797 595600 476861 385667 474615 848465 746517 619261 391483 567759 758955 748538 401246 453206 426850 360353 620215 179109 279260 609872 266229 282251 588746 770970 395681 550606
164832 539707 239230 396489 708612 578426 311696 128370 177065 298680 800248 104272 520551 336852 785733 758690 686894 419185 418595 617002 317832 269332 155200 476848 727157 469824 798898 204899 408253 738718 392289 572286 239407 363381 243429 277742 382679 358400 679194 520047 73826 244650 166395 999999999 405270 653672 568685 280299 161078 320678 160566 422458 409418 287155 510780 216546 595301 299706 354352 768733 180505 741291 342582 578793 465977 639647 503328 160477 298892 377230 207259 299749 756157 400887 371719 435709 310471 496130 493676 795491 685021 692351 326272 673327 726230 737403 493484 296269 437607 366193 682618 338811 147399 701297 405438 409870 440511 735765 530298 624124
369866 466476 502221 673933 668802 343104 130440 483711 560263 109032 423745 480210 116264 489707 685407 517887 444826 434887 85286 426692 491188 215180 526739 492780 643598 639367 419998 200754 626670 333457 217765 337306 545608 210454 466395 667311 318883 577173 319837 719704 377851 585972 439948 405270 999999999 344571 685179 498913 326211 312269 507106 362037 408016 610443 252282 339885 190610 493949 211989 601583 224842 500813 63045 173597 820998 630071 745080 494687 305064 58357 307184 663873 675548 593481 568278 681365 509818 822492 159071 408677 310382 416626 99149 486848 323502 333615 338366 589745 117409 113373 384692 581444 531262 469072 433269 714379 409449 334265 816636 366554
681623 330000 817399 750001 477087 120647 355044 674795 754827 396468 542275 686742 284979 537945 437734 191838 135622 405324 417879 187575 824910 550721 802668 425257 420455 636897 533584 474605 958930 330654 264815 122616 681359 554628 788354 931322 663132 636030 104485 1057540 657942 879844 599286 653672 344571 999999999 623906 591033 636824 655330 794263 705036 752518 912959 561046 666111 313202 570897 556481 316811 501659 177953 376042 301066 944387 477128 773980 785937 646277 402915 631210 820083 446717 625739 613345 1009925 840132 914865 187259 503057 475057 83336 435751 219381 376497 295310 225169 901786 240875 302254 41345 657139 799425 161414 415637 804666 752790 391957 871238 85149
720080 294633 806706 278533 262621 503986 563207 466362 497361 613895 1082618 497950 742712 235909 380682 565359 537972 252768 759625 448875 884722 731394 690578 205892 329578 112034 1076464 588377 974321 912363 477975 502981 366961 809499 811699 738614 882970 225252 718235 1085281 634266 782294 402601 568685 685179 623906 999999999 289597 696505 832506 713603 931444 940885 829021 920463 755899 819470 268980 803672 463644 593607 557011 646833 799559 471139 198022 214074 719472 811346 710582 731174 453292 339134 177838 203079 994890 878975 401913 617974 1055262 979778 588937 690153 455261 938007 886582 411504 851610 603233 572566 618324 255759 670568 528935 252418 328685 964469 953136 316742 541416
437097 347087 517295 175935 466570 481065 368737 179598 227029 401536 922132 210550 589746 76145 563747 624594 566635 215854 554696 477566 597803 477893 402962 249176 503463 189967 918002 344521 684725 796013 349536 476655 105177 566314 523727 466753 622377 85884 656737 795712 348520 495718 113949 280299 498913 591033 289597 999999999 418694 566350 424486 668639 669459 542231 696925 478541 672300 27735 558985 585398 340699 609812 444559 652428 353831 392332 252598 429988 544374 504098 457894 239589 527704 122099 92386 705938 590727 333644 498497 904361 809294 595541 468927 518237 804501 780826 373488 562861 459661 402269 604929 82674 383958 571276 200758 222168 696337 817748 317747 529464
44917 607006 180712 553375 796277 588706 283381 288542 335021 241689 673889 265338 439993 460627 856197 775604 700510 505969 308876 647304 206524 131892 213774 569320 801191 607136 673884 166706 330573 647861 402043 582260 396346 217355 153488 354993 221854 502398 637149 437801 90770 260620 308479 161078 326211 636824 696505 418694 999999999 159632 186708 261499 252360 284349 364870 59860 502877 432653 208090 814813 142303 757728 272079 489713 624901 733979 656850 172283 137947 280647 46750 459144 832258 540663 510871 376298 213168 657166 455784 675483 561576 692020 229415 708162 624720 654209 526869 266494 398689 334652 672032 487396 225069 719534 494868 569959 281680 631817 689885 628282
169383 701031 247236 709984 900155 635964 335051 447671 493946 277342 562756 424949 405501 599077 944592 819526 744599 619088 255306 708937 194021 114412 345959 683617 893925 750857 564582 251895 326273 583941 465836 629667 553616 115587 201829 477540 62808 651670 629792 410452 249677 359510 460691 320678 312269 655330 832506 566350 159632 999999999 310493 103083 112024 364582 236864 110001 446673 577071 109442 883511 240822 801916 282632 439034 783722 844567 810872 293371 22185 254372 113614 618312 925912 686875 657167 385133 218954 816793 468176 572884 458838 723485 220419 770920 548561 599296 598400 328621 417504 371841 694666 639486 363076 766985 610346 728661 132007 552159 848108 667450
150752 700205 108377 505170 867695 728649 441164 248429 246042 412039 857401 216688 622605 488643 946238 911984 838888 579361 495442 772941 211289 317885 39009 636121 887563 608811 857824 322644 263596 833496 540005 722359 357942 396957 138999 169931 370332 493568 807522 372773 136364 86541 314501 160566 507106 794263 713603 424486 186708 310493 999999999 395146 359936 126751 540425 205559 688320 447266 387866 927978 295249 894374 448976 674533 513947 797782 617552 17292 293824 465275 222612 360952 916416 539277 511653 281463 192111 565577 622424 860704 746402 839794 413289 830480 811333 838535 649278 138705 564926 495770 826060 468550 61796 854685 565442 502558 395378 818511 621921 772678
265587 785667 314053 813038 987180 700913 413122 550009 593825 353722 523642 526626 434849 699351 1024682 879521 805858 711680 288265 779340 232038 202215 432702 776078 976289 852052 527130 345548 344339 583511 542783 694828 656584 152353 268825 555737 49444 754125 665467 404935 350404 430520 563662 422458 362037 705036 931444 668639 261499 103083 395146 999999999 61469 426234 202705 207711 458445 678743 152517 955013 337924 862306 347926 455218 883068 934595 913877 377863 125268 304523 216198 718356 1008451 788719 759071 405391 261123 918220 521075 541296 431836 778612 285065 840927 540113 604896 675219 384065 476282 441791 745680 742346 451933 829569 703811 831278 47961 540781 950917 727707
245978 812787 269553 804980 1012155 741275 444799 537776 574199 386246 584470 512122 488269 706275 1055623 922696 848307 730782 339312 816713 178641 225505 398534 795306 1005398 856282 588097 363761 284065 643499 575575 735065 647764 198121 226147 513718 90030 753911 717860 343661 335728 385714 560573 409418 408016 752518 940885 669459 252360 112024 359936 61469 999999999 376908 264133 193550 516154 681870 196039 991881 351798 905264 386755 512011 860937 956527 909179 342893 131213 349743 211581 698339 1037425 790977 761182 345058 207972 901004 566701 602610 493304 823928 323572 878608 600879 664084 708310 332802 519094 478653 792708 739620 419347 871375 721859 819090 35744 601780 939673 770528
240646 826861 117556 602633 992446 851976 558107 363020 341867 523252 926985 331733 723437 609569 1072509 1036351 962775 705276 586436 898516 199593 405560 139557 761213 1013669 721479 928565 438535 178124 926951 662962 845637 465773 469324 162760 156806 415286 605657 919957 273421 257656 46765 435755 287155 610443 912959 829021 542231 284349 364582 126751 426234 376908 999999999 601415 279824 782986 566368 460934 1054593 411359 1018668 556095 770974 574153 921813 715483 130068 353852 563192 307437 439820 1042315 652419 626002 173571 170814 637364 736613 935478 820927 961615 512883 956462 899318 935651 774916 47918 679114 611883 946018 578295 158481 979155 691204 590996 411959 904957 705901 895171
391227 718238 484100 862543 920929 586380 358429 625216 687280 306713 327109 609914 276237 706236 936080 748257 679330 676506 167752 673554 421819 241448 573169 737345 895478 861003 329528 353089 543936 386326 468333 581063 715294 148167 438655 709828 191148 781391 501478 607572 451540 595546 610918 510780 252282 561046 920463 696925 364870 236864 540425 202705 264133 601415 999999999 334877 274903 699096 157387 846131 361314 732292 275322 276861 973022 880582 949512 523805 249223 212283 321278 807276 927343 806554 778667 604854 449330 992525 394190 340790 229537 641375 231501 731939 339658 411191 590567 564617 365995 361542 602364 778092 587451 704913 672759 892846 244292 339357 1006042 602195
59414 658339 165189 611454 850388 626819 318781 344856 386119 270075 654016 320128 448695 520084 906820 813655 738285 561360 307395 690047 161224 127282 239041 625144 852754 666978 654847 209238 293064 647655 443530 620376 454254 193049 126648 375038 172639 562150 657690 395511 143388 265470 368077 216546 339885 666111 755899 478541 59860 110001 205559 207711 193550 279824 334877 999999999 504345 492481 184179 860185 188328 795787 292718 493113 675420 789397 715800 188935 90548 288208 35191 510652 884105 600520 570729 344172 174111 711048 481305 659455 544819 725822 240740 751500 619501 657532 571776 252733 425523 366445 702888 546850 254826 758418 550716 626409 224000 625231 746751 664142
