NAME : synthetic_000499
TYPE : CTSP-D
DIMENSION : 100
GROUPS : 8
RELAXATION_LEVEL : 1
EDGE_WEIGHT_TYPE : EXPLICIT
EDGE_WEIGHT_FORMAT : FULL_MATRIX
EDGE_WEIGHT_SECTION
999999999 392283 1111211 450311 931930 1100634 489565 872782 1034906 377880 1005221 1142096 711389 213191 605756 861734 920661 893872 488373 712182 974048 994720 456169 624284 495539 1143497 619550 809568 384804 1021426 961259 940525 513285 606024 826463 877661 580523 744020 739915 576896 306339 863659 383358 1154214 771178 1097996 987296 816866 935906 964667 544209 496907 664834 570493 930362 271415 955594 891164 579142 794681 684844 951399 787323 689404 375786 729949 899235 359734 1287754 732145 1032580 664039 947041 986366 726994 766806 1146904 963642 879029 412432 816518 881308 855589 594231 1131383 884229 633450 434740 1089242 698265 930568 553629 685482 855066 251661 920821 923503 978320 965672 1143092
392283 999999999 873794 234753 610142 756895 158720 562646 660893 21325 670781 791655 501305 267703 235829 495769 758926 534015 219285 347361 661634 773625 524701 255764 349554 784412 541645 418962 99391 639964 619680 552601 565027 465520 824862 768891 402856 504254 446321 538280 429130 482348 303548 856447 380384 814415 651879 512199 643621 692570 593878 491715 288594 268039 642735 175263 888963 730790 189566 457288 617573 647600 717454 566842 316713 505632 776413 318394 971258 681051 646492 530226 577969 634769 593301 575266 863096 610684 792429 332741 567974 506641 556637 398229 806976 735379 243580 144260 718906 310248 867613 419399 517854 470528 423076 655326 533793 842021 576738 805755
1111211 873794 999999999 679416 349481 398815 970056 353322 565255 867166 366780 437075 400296 898644 681819 541493 256270 504147 664828 603361 298663 119843 762402 666367 615686 484776 540997 828351 969735 621734 407497 892278 726540 512434 597942 372459 530712 376047 432675 602462 861319 927259 728166 209678 822076 156686 375441 383979 264551 196308 715829 675221 667128 605787 257672 865003 458322 274975 842240 475332 515375 284765 470482 454634 737143 384183 338361 754084 332032 518667 669183 466156 1030837 443925 417420 347198 157564 454736 416567 700872 307135 973737 341096 518238 313593 297236 834395 740208 545565 848972 465481 561592 431022 901032 915436 223011 863597 290473 696816 372631
450311 234753 679416 999999999 483917 657666 382870 423306 620353 219293 559874 701967 284765 241885 236163 444996 533267 468307 58162 309169 524181 569401 343909 246198 116941 709213 309667 512300 332196 621292 519828 647549 369501 230911 596753 535101 170874 303749 289894 314463 309362 604960 125384 704545 477380 650227 542600 367219 485949 518305 393592 284604 291239 135045 480835 187067 654229 504313 334924 356841 384840 501107 483190 332320 144119 296221 544039 157753 837498 448855 644391 295958 717345 550253 359864 354026 699399 529198 557737 135542 374877 641671 405317 170995 682280 506506 372316 95178 667663 433840 632970 185012 287994 585178 335863 475645 621341 612325 592542 697078
931930 610142 349481 483917 999999999 181684 669579 65165 250037 610254 81960 231270 313180 725800 383540 192485 427446 154826 443786 282586 56906 315612 718337 364640 481767 254188 528557 480699 694728 295751 74896 543961 707199 442304 732671 529309 410521 254570 196499 585018 758984 578091 582369 251944 477245 227873 69685 119350 94633 163942 712073 626527 350459 363190 107137 661860 662941 419076 528528 155018 552783 65240 575828 458257 598031 284406 507446 615663 361892 594033 342155 441147 681488 121967 440054 332803 271031 120582 578399 568806 212566 624459 95215 385839 200116 442752 509407 505089 259204 512549 656932 466075 385504 551935 800304 167818 514910 515364 354754 214238
1100634 756895 398815 657666 181684 999999999 789923 246849 188703 760281 100073 51329 491368 898691 521748 272048 559092 228460 613169 411034 168029 418350 899525 501827 662730 89440 705389 531190 832256 249226 139522 549749 887003 622566 888690 672530 592205 433502 375804 763357 939730 609906 761261 210675 540839 242483 115735 300070 236856 278320 890690 807453 475446 530327 250422 829272 796850 558027 643042 306373 723476 201730 734213 630997 777371 462581 645882 794866 240398 759279 293198 617148 693869 124440 608948 501403 258038 148729 722512 749032 382891 652398 275720 567494 96994 583445 611663 667820 151656 595864 794988 647639 562006 586071 979951 306845 525449 635919 343722 55273
489565 158720 970056 382870 669579 789923 999999999 633759 660602 179443 716356 816564 625306 412931 290113 518031 885598 561502 354273 387570 725122 880060 683210 307399 499725 799918 692522 348752 105642 626483 661510 465960 723732 609631 978665 908001 543012 617161 537657 693399 582538 381008 461941 921483 313865 889559 697586 590789 721347 779222 752499 649678 319779 377946 723294 326295 1033360 858770 147354 515308 767654 717786 864724 709706 475363 624391 912315 477093 1019959 831717 621193 672453 457686 665527 732860 700798 936385 641311 935237 490442 672884 393816 635619 534113 854918 866258 188295 287877 721937 236116 1012981 567174 653118 376575 570723 747249 454261 973017 544955 842851
872782 562646 353322 423306 65165 246849 633759 999999999 297211 561166 147047 296339 250433 665010 344140 199900 389969 173200 385872 253147 101672 297539 653399 326388 417039 317849 465980 478572 650858 335786 129412 556716 642930 377946 679700 484112 345356 191597 133830 521565 694302 580481 518725 293808 469917 255847 133741 56145 89976 157336 648377 561729 319381 307409 95651 603927 620693 378003 497488 122955 493386 85122 522600 398158 534136 221825 464939 551827 416184 537249 380045 379258 688976 175436 382242 276288 303160 167176 532189 504453 157646 627295 33602 320698 259000 400248 484412 450388 314933 495855 612828 400970 323527 554088 736151 143252 526780 481381 380579 278083
1034906 660893 565255 620353 250037 188703 660602 297211 999999999 669013 200406 185121 538068 849120 430140 175821 677311 155423 566753 322948 279649 557536 914848 411106 658582 150587 750090 360933 720829 60530 175337 362752 914096 653485 976797 778682 605418 480352 384518 800639 924693 428718 739037 395704 377773 414731 196039 329067 341662 405256 924232 827629 373052 485322 355142 767538 912941 669080 514568 275456 785609 306845 819712 689847 757001 510764 757368 773123 421140 832570 105828 666972 506751 129248 677184 572706 439241 130636 827466 735286 454851 469215 330617 579186 284914 692632 473533 603372 61784 443226 906673 663947 611886 406275 955831 416746 339752 764192 157755 240186
377880 21325 867166 219293 610254 760281 179443 561166 669013 999999999 672694 796048 490502 247207 241151 501883 746915 539164 208082 352507 660904 765419 503796 260956 332831 790083 524333 435745 112913 649771 622354 570164 544498 450191 806490 754244 388745 495690 442147 519627 407833 501263 283478 854889 397130 811384 653850 509782 640705 688008 573496 471864 296025 262219 639359 154316 873006 718562 207482 458566 600403 645879 700933 551610 296339 495894 762460 297690 971887 663663 657645 515222 597958 638932 578810 563890 860243 614977 776918 313134 560655 526274 553905 385201 808093 722547 261117 131855 726394 328216 851441 403194 504531 488944 402137 649994 550819 829016 588909 808426
1005221 670781 366780 559874 81960 100073 716356 147047 200406 672694 999999999 149311 394108 801417 438233 208307 486587 163723 516982 330395 83289 358742 800289 418579 562680 174085 609103 490477 750646 255217 55775 533445 788842 524042 804451 594637 492324 335742 275982 666154 839727 580158 661732 221510 493461 222044 18963 200002 151663 207991 793338 708441 397321 434807 165706 734198 724441 481722 571444 214491 630792 115068 648370 537035 677711 365298 570397 695250 303788 669706 302732 521296 675521 77967 517088 409412 254957 93340 644344 649129 289477 625194 176826 467524 138577 506409 545733 574448 193642 539151 720334 548012 465807 554791 880228 226508 506160 569818 332373 137905
1142096 791655 437075 701967 231270 51329 816564 296339 185121 796048 149311 999999999 542247 942170 555860 299676 607646 258385 655960 444413 219349 464460 949579 535914 710800 49155 756499 541502 863796 243697 182141 547146 937655 673039 939168 722014 641487 484226 423330 814294 987452 613570 807811 238697 554550 280496 163469 348569 288060 327680 941601 857668 506713 572741 301571 870697 844983 607366 669238 347541 774803 253041 784989 682306 824173 513446 694911 841568 236551 810453 283453 668308 690847 157214 660265 552728 289299 181073 771997 796445 434193 654327 325918 616568 124812 632883 634817 708108 134800 614032 843646 697308 613108 590788 1026810 357444 524711 682773 342855 66886
711389 501305 400296 284765 313180 491368 625306 250433 538068 490502 394108 542247 999999999 498533 367784 397411 260292 391992 282421 346999 326632 286277 412541 360588 216469 567368 215553 609990 600562 566664 379272 721832 396062 134184 451738 299634 131250 58850 164437 272082 478763 716032 329269 465776 587019 400765 382861 209239 264968 267603 399356 319674 385055 248558 254189 466943 437153 233703 526392 280193 248153 294496 298960 152582 339542 28813 295714 356941 611452 299470 605951 129353 832636 424086 147060 75556 447535 412496 338248 304006 117529 761000 218153 118068 479281 243027 539530 358821 563053 579606 422044 171534 73868 690923 528573 222522 691593 348982 586083 513219
213191 267703 898644 241885 725800 898691 412931 665010 849120 247207 801417 942170 498533 999999999 430446 673542 715276 701562 286538 527865 765595 782767 309310 446789 283383 947288 424735 672877 314929 842712 760196 809585 362063 397741 665308 682638 367989 530891 531372 391767 177601 745831 172621 942679 634530 885503 783979 608884 724892 751928 394041 318477 490851 369955 718900 94548 774053 685613 451077 595287 495744 741750 600825 486703 167800 516798 701264 153731 1078104 549818 859717 458506 844869 788676 523139 555611 934304 766859 689929 204059 603398 772615 646166 381139 924011 680609 502989 247841 900062 570683 749697 344530 475571 731972 157846 707924 788030 778608 799059 938809
605756 235829 681819 236163 383540 521748 290113 344140 430140 241151 438233 555860 367784 430446 999999999 260790 622111 298239 178659 111543 437859 596976 578249 19949 327633 548962 498739 278767 312478 415986 385749 412241 598988 398362 784006 666013 328111 345417 251797 522836 539896 376710 360609 634450 245957 599974 419271 300750 431273 489524 620207 510963 60412 134074 433192 342672 801051 597827 163349 228533 565098 428643 646684 486250 379242 359363 663479 391439 741019 628068 429961 449851 492274 399094 499219 441600 647196 374957 701368 371246 391975 416987 345532 309167 575900 609661 171805 183450 486319 217576 783962 373851 414619 354956 557959 458810 385537 714089 368772 571466
861734 495769 541493 444996 192485 272048 518031 199900 175821 501883 208307 299676 397411 673542 260790 999999999 585144 44894 391002 150229 246842 496829 748546 241103 489287 288778 599321 288572 564544 180452 152821 356902 752120 498353 848149 670353 443566 344355 233825 644923 750839 385770 564907 428098 287368 416710 191012 203119 279852 350832 764814 664067 208081 309963 289528 592997 809287 570437 371023 117435 643986 256735 693067 549298 583061 373073 654770 598891 506381 696881 212797 521739 490964 147916 543369 446847 456226 123974 716312 562706 340689 432253 226171 417506 343658 590952 340491 428593 227549 330865 799097 501830 469050 359561 780740 342772 327065 678065 189646 325593
920661 758926 256270 533267 427446 559092 885598 389969 677311 746915 486587 607646 260292 715276 622111 585144 999999999 562846 539676 581776 403298 155373 526651 612613 439285 648002 311037 840695 858317 722336 501976 936984 484515 318351 347755 120441 363591 277224 385282 367824 643429 946626 543418 429170 823079 358455 485223 383634 336563 281278 469882 446806 630784 508475 322772 703604 238166 29690 783504 480732 269238 372552 214229 232077 547542 263431 89005 562391 571673 263906 767957 256934 1060689 548396 193922 184840 386108 547890 168834 511220 248139 992992 360110 362665 501468 42513 792450 615132 680003 826457 236006 371918 246372 920580 700530 261058 906583 94372 770220 554701
893872 534015 504147 468307 154826 228460 561502 173200 155423 539164 163723 258385 391992 701562 298239 44894 562846 999999999 416419 186708 206914 465975 759711 278338 503165 251228 599992 329911 605487 174901 108513 389408 759969 501340 839097 653444 450990 336247 232648 648556 770353 424495 585059 384168 330571 375117 146718 187924 246103 316941 770928 673015 248354 333762 256865 623725 791361 549969 414767 120331 640073 219982 682827 544574 602851 366026 635955 619198 461631 690402 214353 519234 526705 104031 535548 435125 413515 79818 700517 580411 323357 470599 202908 424755 298766 571537 385129 459390 199359 375612 782387 509538 465114 398511 802780 313169 360204 654557 207415 281494
488373 219285 664828 58162 443786 613169 354273 385872 566753 208082 516982 655960 282421 286538 178659 391002 539676 416419 999999999 252195 487509 559667 399956 188171 158176 660779 345635 456026 318671 565669 474212 590644 422944 256305 634602 554124 188762 290028 255173 358306 366902 550351 183537 673558 421683 622989 499179 330490 455108 493905 445724 336291 233125 83419 451410 218158 679277 511625 288708 308785 418528 466827 512145 355608 202271 288352 559648 215710 801979 482874 587725 318290 663776 502138 378732 356030 672270 480363 580984 192591 357738 588080 371286 180640 643597 516700 322039 76613 615589 381358 659168 217841 300316 529989 391490 453121 564150 623480 534870 654802
712182 347361 603361 309169 282586 411034 387570 253147 322948 352507 330395 444413 346999 527865 111543 150229 581776 186708 252195 999999999 338727 531301 634816 91631 374483 437602 517899 263089 421453 315183 276666 378481 646773 414095 790714 644101 348967 308788 196496 553411 618489 369281 433383 534479 241943 506310 311479 220316 342988 407381 663861 557453 67902 178157 347378 444719 782969 560890 246104 130641 575173 334302 643166 486654 452016 330546 635889 466549 634108 634616 335572 453336 485696 287850 491087 413503 551828 263646 684728 436576 337099 414644 262273 325081 468815 576660 231424 280868 377252 249290 768659 403483 408204 344008 643497 383175 348775 675954 284507 461528
974048 661634 298663 524181 56906 168029 725122 101672 279649 660904 83289 219349 326632 765595 437859 246842 403298 206914 487509 338727 999999999 277899 737964 419239 511613 251838 538880 535414 747892 331176 110026 593669 722657 459664 723488 511807 435713 270084 234290 597728 788386 631383 616244 196607 532991 171191 83686 157219 69704 125754 725082 645329 406519 408974 83640 705518 641168 398608 584803 209872 555467 33735 568024 463260 631082 298060 487257 648876 314512 591617 378527 450421 732855 151369 440919 333386 214138 158096 561590 600215 215345 677513 120397 412315 159391 423395 566224 551858 276831 569316 637179 488780 395698 605361 832113 143510 565103 486889 399326 186741
994720 773625 119843 569401 315612 418350 880060 297539 557536 765419 358742 464460 286277 782767 596976 496829 155373 465975 559667 531301 277899 999999999 643222 583373 499401 507777 421772 774268 871281 608450 385653 853672 608447 393374 503050 275813 414961 269820 345244 483520 741603 877321 611373 273938 763005 203732 361508 312710 221116 152735 598801 555575 590606 507348 209427 753111 384307 166892 759932 410845 399477 252594 364332 335220 619721 273250 243873 636459 416606 408176 655584 346314 986492 429072 298352 228640 230950 433676 323916 583284 207331 924162 275847 404211 351813 191625 758181 635973 550882 780487 386043 443234 312026 850924 795903 154292 823890 218764 670093 407374
456169 524701 762402 343909 718337 899525 683210 653399 914848 503796 800289 949579 412541 309310 578249 748546 526651 759711 399956 634816 737964 643222 999999999 586221 260918 970078 221450 855936 600081 928948 776790 990476 57120 278520 370295 452326 311030 467899 534368 160191 150079 948674 227896 871875 821256 803268 787027 603298 677507 674556 88338 92886 629985 458168 666659 366968 507138 500000 670932 639433 259940 706458 349766 308091 211560 440589 480271 206922 1019807 291016 959439 302332 1060276 817577 344982 429687 846865 801504 441949 208745 529065 984696 623804 337016 891822 485039 712869 423937 951318 776285 481884 253315 350189 929070 205201 630435 963709 560606 917751 924692
624284 255764 666367 246198 364640 501827 307399 326388 411106 260956 418579 535914 360588 446789 19949 241103 612613 278338 188171 91631 419239 583373 586221 999999999 332716 529130 499297 273768 332071 397994 365957 405184 605274 397835 782943 659707 328072 335468 238191 525619 552286 374043 371318 615846 242579 582222 399617 284172 414065 473276 625736 516783 45466 135331 416324 360003 795629 588839 176638 209629 564197 410627 643545 483343 390020 350774 656198 402760 721527 626688 413018 447345 490337 379145 494850 433580 629235 355007 696038 380407 379453 415469 328776 308029 556362 601355 179853 199163 466969 220542 778999 375815 410177 351511 571840 443435 377822 705122 353275 551614
495539 349554 615686 116941 481767 662730 499725 417039 658582 332831 562680 710800 216469 283383 327633 489287 439285 503165 158176 374483 511613 499401 260918 332716 999999999 725861 192813 606130 445143 669707 531850 737654 273462 123095 479972 426787 85225 255067 287647 200181 277266 703939 112800 673656 573567 612131 547437 362694 460925 477894 293052 184428 374611 199926 452815 264500 540703 409680 446644 383689 268285 483533 368109 222897 123740 237003 438965 141423 815209 332128 699115 188596 818697 569253 254399 272499 660048 551201 445793 89645 326792 743110 391780 102359 670620 408125 479939 212116 698520 538007 518840 71562 194464 682526 320809 432991 709882 511373 656861 694896
1143497 784412 484776 709213 254188 89440 799918 317849 150587 790083 174085 49155 567368 947288 548962 288778 648002 251228 660779 437602 251838 507777 970078 529130 725861 999999999 782696 511308 852419 205699 194109 507947 960745 695755 975075 760645 660055 508742 438560 839154 1001061 578127 819123 287809 527029 328092 184515 366811 321505 366893 966124 878931 496794 577364 335367 872576 885916 646348 652705 352432 804804 285415 819838 711120 835988 538590 734437 853124 278715 842930 242068 695106 650935 158968 690922 583218 338231 180433 810606 809702 463467 617572 349317 634613 173653 671653 615382 708761 93495 590024 883769 716930 639532 556171 1038358 393581 486767 725335 306268 116040
619550 541645 540997 309667 528557 705389 692522 465980 750090 524333 609103 756499 215553 424735 498739 599321 311037 599992 345635 517899 538880 421772 221450 499297 192813 782696 999999999 770506 635854 774688 594656 895050 190202 103816 288998 258619 171407 274384 367405 62539 332809 872959 263484 656473 741330 586548 598240 423130 473817 461582 187439 136142 535849 364698 461741 436249 354924 282998 633119 482669 76276 505887 180153 86771 261247 244234 279753 272425 805227 139423 811435 88552 989529 639102 123616 213748 628712 626703 265924 228859 324038 914764 433659 193384 686183 271053 661806 404785 777634 715365 331752 127912 143391 849825 390331 418888 865796 359278 783416 724254
809568 418962 828351 512300 480699 531190 348752 478572 360933 435745 490477 541502 609990 672877 278767 288572 840695 329911 456026 263089 535414 774268 855936 273768 606130 511308 770506 999999999 437672 311546 437087 137398 877728 667700 1049936 906991 599157 571156 456908 799069 806285 106317 634257 711979 38619 704922 474869 463675 564488 634763 898925 789720 234712 408800 572790 578691 1045993 821152 230426 364480 832409 544166 904857 746798 652559 593551 898077 663159 771528 893448 292200 712326 222647 418622 753189 676316 743249 398343 947817 647839 593193 152327 498422 577524 617325 837933 176124 443374 421187 113801 1031747 648896 669588 80932 816437 620626 115312 935066 214968 586370
384804 99391 969735 332196 694728 832256 105642 650858 720829 112913 750646 863796 600562 314929 312478 564544 858317 605487 318671 421453 747892 871281 600081 332071 445143 852419 635854 437672 999999999 693223 697773 562208 644499 563079 915823 867145 501503 602393 539701 628580 488985 481059 388226 943953 400616 904912 731684 602414 734282 785873 674550 576559 357150 364358 734209 234741 985637 830170 213746 540124 712051 735977 813209 664504 399189 604489 875198 397983 1053466 774982 693665 628134 562277 708476 691684 674623 953177 684160 889740 419730 664967 496813 647241 497413 888375 834657 265215 243482 780814 323934 963947 515797 616947 474385 472446 749820 547992 941255 619822 882978
1021426 639964 621734 621292 295751 249226 626483 335786 60530 649771 255217 243697 566664 842712 415986 180452 722336 174901 565669 315183 331176 608450 928948 397994 669707 205699 774688 311546 693223 999999999 222977 303449 931812 675398 1011806 819851 622897 510407 407283 822494 929087 372620 743106 455824 332050 472946 248585 360387 389573 455724 943814 844053 356593 486866 402591 757791 955873 712423 482800 292906 814804 356116 855072 719223 761440 540399 800069 776908 480197 864460 47528 694128 447212 179913 709314 607229 498746 175376 867972 742170 492082 411882 368347 596736 345415 735290 438236 595129 112482 401663 948475 681326 639928 351069 956997 463569 281344 811051 100743 300408
961259 619680 407497 519828 74896 139522 661510 129412 175337 622354 55775 182141 379272 760196 385749 152821 501976 108513 474212 276666 110026 385653 776790 365957 531850 194109 594656 437087 697773 222977 999999999 486215 769035 504308 806323 604179 466304 320437 244452 649323 807490 528850 626536 275711 438917 270117 38211 173772 166872 232928 775653 686107 343057 391168 180138 689867 737782 493922 516221 166852 622757 133155 649329 527568 643132 350817 582324 660414 358454 665917 269967 508376 626918 47220 511215 404644 306381 48189 653228 616193 284854 574353 162728 440740 193624 517640 490030 528301 186004 483557 731828 523496 452654 503212 845713 241583 458182 589198 289531 186094
940525 552601 892278 647549 543961 549749 465960 556716 362752 570164 533445 547146 721832 809585 412241 356902 936984 389408 590644 378481 593669 853672 990476 405184 737654 507947 895050 137398 562208 303449 486215 999999999 1010458 791445 1169002 1013050 724554 677598 561651 927104 943541 94954 770415 749420 175252 755207 521106 553587 635259 706209 1030699 921901 363220 538454 645593 715246 1152676 920017 363053 456459 953617 609198 1020085 864857 788814 702572 1001064 799736 783627 1013034 266547 831794 144123 456036 867775 783370 787634 440800 1056245 783021 689272 117559 581808 701690 643847 938807 309075 580574 414492 242612 1140107 776555 785873 90385 953808 699673 30459 1030854 206043 602570
513285 565027 726540 369501 707199 887003 723732 642930 914096 544498 788842 937655 396062 362063 598988 752120 484515 759969 422944 646773 722657 608447 57120 605274 273462 960745 190202 877728 644499 931812 769035 1010458 999999999 264991 313182 403417 309040 453510 530346 127839 207124 973287 262805 846573 844165 776743 776577 595324 659673 651061 32061 89321 647792 473384 648134 413871 451864 458989 702119 639803 215394 690318 298554 276125 248468 424732 432692 247087 995250 239415 964443 276701 1086521 811417 310895 403585 818835 796671 389970 238252 509955 1010824 612044 335259 873332 442345 741581 455333 947444 803302 426612 250528 328625 952749 262270 607864 982941 512506 926773 909114
606024 465520 512434 230911 442304 622566 609631 377946 653485 450191 524042 673039 134184 397741 398362 498353 318351 501340 256305 414095 459664 393374 278520 397835 123095 695755 103816 667700 563079 675398 504308 791445 264991 999999999 385731 304896 70590 189610 269059 147236 350966 770732 225355 597830 639119 531183 511617 330771 399061 399585 271683 185731 433252 264453 388368 387062 424052 288663 538804 382591 166824 427987 255892 101435 230595 162075 316033 246304 744497 230322 710970 65738 887497 547193 131334 165422 576751 533164 326926 193986 251349 813012 347216 90180 613382 285760 564370 323179 684207 615744 403381 53570 81414 747331 403636 354813 762130 388355 680894 646403
826463 824862 597942 596753 732671 888690 978665 679700 976797 806490 804451 939168 451738 665308 784006 848149 347755 839097 634602 790714 723488 503050 370295 782943 479972 975075 288998 1049936 915823 1011806 806323 1169002 313182 385731 999999999 227429 456216 503879 616152 287262 520264 1154204 530168 776424 1022837 705198 798737 651579 653792 613027 282405 348344 816736 650177 639850 700354 175792 338725 921985 731433 218918 690176 157101 304155 522220 475122 260505 527980 919402 156510 1053332 337683 1271195 853425 304909 404615 733862 846841 181383 497135 522105 1197242 646213 474978 842029 313043 949635 691876 991863 1001460 154789 416902 383651 1130252 575236 581850 1139090 314441 1037399 891982
877661 768891 372459 535101 529309 672530 908001 484112 778682 754244 594637 722014 299634 682638 666013 670353 120441 653444 554124 644101 511807 275813 452326 659707 426787 760645 258619 906991 867145 819851 604179 1013050 403417 304896 227429 999999999 366282 336196 451765 303257 584331 1013279 517039 549546 885452 478663 591341 467403 443028 394338 383409 384828 684642 540649 428997 686945 139634 114775 821441 558879 195121 479592 108370 203908 517060 313607 34467 529437 691986 166190 864080 239313 1129332 651269 175650 230688 506482 648131 49985 482791 330234 1058745 451947 373890 619352 89140 837770 625270 786501 879189 128943 355287 255596 987817 642587 368303 982610 109492 858989 671325
580523 402856 530712 170874 410521 592205 543012 345356 605418 388745 492324 641487 131250 367989 328111 443566 363591 450990 188762 348967 435713 414961 311030 328072 85225 660055 171407 599157 501503 622897 466304 724554 309040 70590 456216 366282 999999999 172337 223341 204812 354202 701567 198022 591287 569936 528584 478210 293429 381441 394475 321289 222246 364470 194089 372531 342438 490571 334372 468553 330775 237351 406203 325107 166969 208475 152420 373715 225983 734377 300911 656213 129592 818177 506611 190633 189729 576173 490485 392227 173312 243065 743489 317616 26238 593581 335782 493781 259010 640483 545351 470657 58549 117429 678419 401284 349419 695508 441458 621730 621120
744020 504254 376047 303749 254570 433502 617161 191597 480352 495690 335742 484226 58850 530891 345417 344355 277224 336247 290028 308788 270084 269820 467899 335468 255067 508742 274384 571156 602393 510407 320437 677598 453510 189610 503879 336196 172337 999999999 115960 330463 526031 677472 366488 418992 550679 357107 324228 151285 211043 222862 457598 375245 354162 240144 201285 490180 475618 254131 507725 228196 305267 238647 348796 209502 378662 30515 327103 396417 562261 354159 550564 188029 793289 365351 199442 105792 405195 354055 378654 344556 72510 723170 159441 152726 424958 268433 515269 366205 504429 549938 462545 220880 132368 651889 573620 178067 647201 370245 533820 456824
739915 446321 432675 289894 196499 375804 537657 133830 384518 442147 275982 423330 164437 531372 251797 233825 385282 232648 255173 196496 234290 345244 534368 238191 287647 438560 367405 456908 539701 407283 244452 561651 530346 269059 616152 451765 223341 115960 999999999 416281 564128 563170 385953 418517 437998 370169 260194 77710 200534 246313 539789 445066 248603 181245 197897 472335 591309 364642 414694 116391 410161 211903 462648 315587 401779 142037 441428 419356 547926 463575 444544 288033 678495 283485 311332 221719 419303 267146 494594 373243 142486 609172 116169 197383 392732 381034 414752 323620 417364 442972 578464 281401 235265 537395 604253 210609 531249 479482 421813 410736
576896 538280 602462 314463 585018 763357 693399 521565 800639 519627 666154 814294 272082 391767 522836 644923 367824 648556 358306 553411 597728 483520 160191 525619 200181 839154 62539 799069 628580 822494 649323 927104 127839 147236 287262 303257 204812 330463 416281 999999999 281194 899377 243837 718734 768128 648945 654653 476440 533633 523371 127368 81591 564819 390331 521821 415863 382457 340629 646818 529616 108414 565023 210756 149102 237350 300894 328071 245132 867416 158057 857673 149190 1015108 692946 185170 275766 691227 679526 302137 210273 383751 939771 489840 229751 746730 326745 679639 408712 830612 736526 357989 150552 202277 877112 339402 480357 898409 408532 825796 783712
306339 429130 861319 309362 758984 939730 582538 694302 924693 407833 839727 987452 478763 177601 539896 750839 643429 770353 366902 618489 788386 741603 150079 552286 277266 1001061 332809 806285 488985 929087 807490 943541 207124 350966 520264 584331 354202 526031 564128 281194 999999999 889538 185995 944093 769188 879516 824265 639815 735614 746217 238367 199615 597736 442377 726723 256250 651996 614965 598751 653547 389233 759701 487747 413047 167779 503650 609170 152211 1088288 430702 953406 395900 995093 843296 451634 515798 926041 824202 580248 191365 595145 920804 668859 376412 947039 603825 646796 362984 968610 713556 626827 307241 431768 872846 58300 701087 919247 689557 901772 972143
863659 482348 927259 604960 578091 609906 381008 580481 428718 501263 580158 613570 716032 745831 376710 385770 946626 424495 550351 369281 631383 877321 948674 374043 703939 578127 872959 106317 481059 372620 528850 94954 973287 770732 1154204 1013279 701567 677472 563170 899377 889538 999999999 723842 800562 131632 798710 565786 568194 664705 735428 995626 886189 337604 509332 673629 651325 1152239 927279 294764 468998 936183 642504 1010183 851641 741745 699801 1004387 751102 848298 997695 342140 816831 117033 505195 858750 782611 834853 486897 1053985 739945 698908 46841 601705 680590 700507 944175 243506 529196 485100 176125 1137900 749830 774923 26398 895010 723268 99450 1040995 271899 664300
383358 303548 728166 125384 582369 761261 461941 518725 739037 283478 661732 807811 329269 172621 360609 564907 543418 585059 183537 433383 616244 611373 227896 371318 112800 819123 263484 634257 388226 743106 626536 770415 262805 225355 530168 517039 198022 366488 385953 243837 185995 723842 999999999 783858 598471 723493 645526 463122 569002 589273 290815 188603 416482 256530 561606 173149 618167 513732 443101 469309 338321 589614 443381 317073 18735 349508 533468 34158 923721 397624 767755 287210 834072 660641 352517 383534 771680 640886 528873 34626 438636 758663 495854 214059 775634 509572 485777 196344 783762 550036 594696 171996 302983 705118 219239 544553 744750 609392 717381 796553
1154214 856447 209678 704545 251944 210675 921483 293808 395704 854889 221510 238697 465776 942679 634450 428098 429170 384168 673558 534479 196607 273938 871875 615846 673656 287809 656473 711979 943953 455824 275711 749420 846573 597830 776424 549546 591287 418992 418517 718734 944093 800562 783858 999999999 714619 72024 237575 345758 218734 198296 842638 779627 602369 598539 223853 889725 654514 438242 780252 406412 652130 209027 633304 571810 796838 440443 517810 814662 148972 671796 501406 570468 892783 295401 540379 443091 52752 314059 597848 763278 348948 845128 302841 571350 114872 463693 759487 741567 362310 757831 658162 637144 521862 775435 992518 243277 723233 486170 544660 171883
771178 380384 822076 477380 477245 540839 313865 469917 377773 397130 493461 554550 587019 634530 245957 287368 823079 330571 421683 241943 532991 763005 821256 242579 573567 527029 741330 38619 400616 332050 438917 175252 844165 639119 1022837 885452 569936 550679 437998 768128 769188 131632 598471 714619 999999999 703669 477046 450760 557560 627043 865897 756546 206111 377908 565084 540288 1023939 802625 192076 352160 804678 539394 879600 720654 616676 571866 877755 626961 781084 866338 317123 685635 248424 424408 728541 655076 743594 402965 925256 612838 576766 174632 487613 548988 623871 818587 137827 406482 438984 77770 1009061 618392 644446 109031 778658 610349 153882 917370 239446 596109
1097996 814415 156686 650227 227873 242483 889559 255847 414731 811384 222044 280496 400765 885503 599974 416710 358455 375117 622989 506310 171191 203732 803268 582222 612131 328092 586548 704922 904912 472946 270117 755207 776743 531183 705198 478663 528584 357107 370169 648945 879516 798710 723493 72024 703669 999999999 234180 302529 170801 134245 772169 711366 573569 551413 172275 836706 586580 366730 752065 375851 580614 172118 561380 501384 735767 376558 447310 753515 220307 599787 519985 501268 896726 299937 469378 373765 49284 314425 527274 701509 285522 844367 257837 509822 157873 392268 735834 693511 390857 740422 589319 572275 453877 772949 929055 179182 727633 418934 554270 216683
987296 651879 375441 542600 69685 115735 697586 133741 196039 653850 18963 163469 382861 783979 419271 191012 485223 146718 499179 311479 83686 361508 787027 399617 547437 184515 598240 474869 731684 248585 38211 521106 776577 511617 798737 591341 478210 324228 260194 654653 824265 565786 645526 237575 477046 234180 999999999 185104 148801 209428 781666 695448 378458 416819 162730 716177 722567 479218 552807 195790 621843 112677 642257 527565 661650 354089 567905 679138 322664 662097 296072 510790 662567 68855 508685 401181 269089 80327 640866 633435 280951 611083 164814 453191 157409 503600 527473 556106 195214 521681 717812 534335 455162 540265 864242 224279 493455 570002 321802 156093
816866 512199 383979 367219 119350 300070 590789 56145 329067 509782 200002 348569 209239 608884 300750 203119 383634 187924 330490 220316 157219 312710 603298 284172 362694 366811 423130 463675 602414 360387 173772 553587 595324 330771 651579 467403 293429 151285 77710 476440 639815 568194 463122 345758 450760 302529 185104 999999999 131887 189275 602337 512393 283161 253143 132646 548377 606199 367833 458853 99217 456544 137075 495077 360781 478710 181715 451672 496357 471526 504399 401824 338470 680124 216522 349092 247269 350990 203581 513745 449480 137580 614957 44991 268222 315132 387974 450607 396260 354523 468604 596240 350120 283108 541874 680954 162859 523230 477314 391647 333435
935906 643621 264551 485949 94633 236856 721347 89976 341662 640705 151663 288060 264968 724892 431273 279852 336563 246103 455108 342988 69704 221116 677507 414065 460925 321505 473817 564488 734282 389573 166872 635259 659673 399061 653792 443028 381441 211043 200534 533633 735614 664705 569002 218734 557560 170801 148801 131887 999999999 71012 660783 584642 408882 381501 14043 670993 573767 330479 586645 212932 487459 36601 498336 396259 582818 237035 419174 600677 354720 522424 436271 385268 770804 212431 372674 265505 219540 214202 492702 550403 149884 711384 87061 359527 214322 354979 574329 524138 343939 585474 569104 431859 331367 638376 781563 75514 605828 422531 448997 250559
964667 692570 196308 518305 163942 278320 779222 157336 405256 688008 207991 327680 267603 751928 489524 350832 281278 316941 493905 407381 125754 152735 674556 473276 477894 366893 461582 634763 785873 455724 232928 706209 651061 399585 613027 394338 394475 222862 246313 523371 746217 735428 589273 198296 627043 134245 209428 189275 71012 999999999 648733 582061 471805 426081 61997 705219 519395 279736 648107 279024 464170 99982 460907 378729 601522 242733 367586 619272 345300 491618 502849 374380 841794 276497 349997 247902 182527 280982 444322 567297 151437 782138 145411 375578 231408 305213 638652 566289 401423 652683 516887 439085 324367 709082 795255 45140 676809 362055 518670 279052
544209 593878 715829 393592 712073 890690 752499 648377 924232 573496 793338 941601 399356 394041 620207 764814 469882 770928 445724 663861 725082 598801 88338 625736 293052 966124 187439 898925 674550 943814 775653 1030699 32061 271683 282405 383409 321289 457598 539789 127368 238367 995626 290815 842638 865897 772169 781666 602337 660783 648733 999999999 109454 667589 492586 648866 444774 424996 445344 727488 651142 201150 692342 276843 270831 277169 428162 413762 276694 991551 217766 977498 275740 1109479 818822 303583 400833 813207 804833 367023 264753 510904 1033787 616866 347309 873541 427458 765905 481275 955856 826847 399783 263307 329519 974699 292838 606259 1002866 492854 941899 910988
496907 491715 675221 284604 626527 807453 649678 561729 827629 471864 708441 857668 319674 318477 510963 664067 446806 673015 336291 557453 645329 555575 92886 516783 184428 878931 136142 789720 576559 844053 686107 921901 89321 185731 348344 384828 222246 375245 445066 81591 199615 886189 188603 779627 756546 711366 695448 512393 584642 582061 109454 999999999 558991 384327 573775 353440 459600 418996 619079 552711 189845 613717 290522 220887 177564 347768 409580 181027 927355 235426 876108 211463 1000030 727559 258867 338256 755393 712069 382560 159306 436191 924340 531772 248464 798951 406327 656820 373707 862424 717489 434769 163790 257773 865312 257811 537820 894234 490001 837693 832069
664834 288594 667128 291239 350459 475446 319779 319381 373052 296025 397321 506713 385055 490851 60412 208081 630784 248354 233125 67902 406519 590606 629985 45466 374611 496794 535849 234712 357150 356593 343057 363220 647792 433252 816736 684642 364470 354162 248603 564819 597736 337604 416482 602369 206111 573569 378458 283161 408882 471805 667589 558991 999999999 175247 412644 402943 822016 608270 178515 197719 598585 401468 674280 514888 435197 372409 679162 448070 701110 660243 369688 479659 454518 351422 523894 455844 619358 327092 722779 424971 391077 380550 326395 343079 535866 622278 167796 243678 430443 195775 806274 414448 439470 314079 617201 445468 335278 724274 308479 526857
570493 268039 605787 135045 363190 530327 377946 307409 485322 262219 434807 572741 248558 369955 134074 309963 508475 333762 83419 178157 408974 507348 458168 135331 199926 577364 364698 408800 364358 486866 391168 538454 473384 264453 650177 540649 194089 240144 181245 390331 442377 509332 256530 598539 377908 551413 416819 253143 381501 426081 492586 384327 175247 999999999 379140 299395 673053 482228 280893 225415 431260 390208 514825 354404 275009 246453 541051 290166 723329 494461 511270 317562 625478 418723 369913 324083 600537 396954 573407 258447 300649 550434 295742 175818 563295 491214 301235 143117 533088 351292 655006 240498 286031 486839 470803 387775 510385 597473 462650 572707
930362 642735 257672 480835 107137 250422 723294 95651 355142 639359 165706 301571 254189 718900 433192 289528 322772 256865 451410 347378 83640 209427 666659 416324 452815 335367 461741 572790 734209 402591 180138 645593 648134 388368 639850 428997 372531 201285 197897 521821 726723 673629 561606 223853 565084 172275 162730 132646 14043 61997 648866 573775 412644 379140 999999999 666465 559859 316508 589886 218071 474402 50644 484474 383589 575157 226540 405201 593014 362401 508883 449170 373217 780439 225954 359558 252589 221412 227225 478664 542395 138179 720363 87701 351063 225322 340977 578801 521346 357901 591436 555124 422153 319629 647272 773194 61725 616046 409091 460761 263038
271415 175263 865003 187067 661860 829272 326295 603927 767538 154316 734198 870697 466943 94548 342672 592997 703604 623725 218158 444719 705518 753111 366968 360003 264500 872576 436249 578691 234741 757791 689867 715246 413871 387062 700354 686945 342438 490180 472335 415863 256250 651325 173149 889725 540288 836706 716177 548377 670993 705219 444774 353440 402943 299395 666465 999999999 791124 674041 356590 523266 511394 684236 616323 484417 178548 480916 701451 172530 1019899 570712 772621 451872 750924 715120 517830 531837 885932 692514 700904 207680 561695 678399 588481 349537 861740 672588 408441 164454 820463 476135 767749 334035 457846 637423 247825 662692 693912 775290 709906 872100
