NAME : synthetic_000253
TYPE : CTSP-D
DIMENSION : 100
GROUPS : 8
RELAXATION_LEVEL : 1
EDGE_WEIGHT_TYPE : EXPLICIT
EDGE_WEIGHT_FORMAT : FULL_MATRIX
EDGE_WEIGHT_SECTION
999999999 237325 515886 1088441 259582 518362 766301 690846 273755 469138 970509 408939 904901 985423 494294 348799 339440 728996 466836 894627 535771 314824 443011 820701 937732 379948 1127066 232926 434710 427439 990425 471597 331888 775005 966660 274480 43134 1091949 487554 622707 989801 96743 764117 257671 266852 1145763 671840 616449 1129943 704407 848615 671876 66325 834502 687517 315687 784478 908980 128321 913720 985891 936609 407327 546895 346447 549908 765228 884775 834112 1252007 612659 253628 395945 478589 387697 654157 276154 849304 257065 909485 1029711 988939 351492 977787 126207 617355 799081 959900 511951 328352 225837 245911 599528 609107 711265 966395 900070 1096606 1041820 725045
237325 999999999 320738 903986 50686 552611 604834 665716 73364 237990 826815 263115 780272 843736 412777 465674 210883 537943 234085 663079 307020 315479 210489 800599 969921 148276 962795 49261 202722 330073 804480 477115 400693 581348 921310 377085 201399 914730 416449 604557 906679 173548 612397 169529 60777 981493 441321 449927 991116 610378 872017 457554 253158 760407 538261 104809 674168 680463 110251 730721 880485 778848 428929 586892 192266 317069 562210 688576 601033 1094140 378645 401720 205586 493282 456655 540037 362188 623550 191349 848730 842516 883928 394007 761612 145194 388011 622069 805085 393369 421019 111265 313986 579893 388124 653188 896476 723993 930891 899404 711887
515886 320738 999999999 583511 275190 510533 293363 513792 254379 152788 520681 138913 491604 538564 262378 555677 195900 217709 292700 420156 135670 350673 290184 633690 852817 196929 644452 362819 292452 213337 484058 423474 461884 262158 710068 486932 493632 594075 280669 476055 653029 422174 308378 272122 348587 663053 220154 145263 684741 374827 753566 166246 496985 529477 242788 216319 408905 421567 412253 409988 605155 465064 418555 542567 174727 319478 249342 371029 373064 777188 207150 548540 120626 445540 493114 290437 462162 356574 285533 625177 522365 608814 427739 465941 390331 175074 302382 492441 190818 500151 290168 424525 455868 130938 458664 658255 403892 612288 592446 567597
1088441 903986 583511 999999999 858645 858091 333216 703698 837580 695644 245908 680107 343158 251307 653589 1015173 749704 366050 810614 453804 632768 842638 820460 727394 957079 770057 136769 944568 826443 685326 99519 802096 927232 323541 663962 979348 1071258 47435 671332 727690 512345 992006 349227 832009 927193 145547 545647 472903 278720 514623 888235 467203 1058152 540393 418543 799810 435541 410384 994059 174820 415073 204475 842422 873134 742613 784909 351287 222539 494031 249103 612859 1051279 702341 818616 927149 499271 954966 404974 836935 591527 62862 417034 884792 267441 962507 574470 289696 202675 599958 966753 864859 935049 726996 542971 608024 563659 191150 118651 242423 739367
259582 50686 275190 858645 999999999 515703 555891 620031 22748 209698 776999 212443 729708 793831 364188 445740 161742 492888 235423 635052 276276 280502 213179 754671 929114 121329 914792 99598 206592 281230 759220 437377 373781 537003 872917 357908 228858 868267 368689 560079 856399 180814 562722 130674 103596 933513 412278 400917 941200 560132 830565 418848 262960 710683 488270 59695 623503 649884 140702 684798 829808 729949 392793 550317 141718 315886 520099 645122 574631 1045651 353699 390988 157464 454543 427746 489404 340505 591019 154500 799525 797555 833253 362590 724432 148527 357873 574943 755986 342888 397835 79626 291953 535485 352269 604741 846717 677008 883001 849595 667133
518362 552611 510533 858091 515703 999999999 544151 209630 501563 610293 650453 390768 554500 657976 255869 216238 382236 605493 717596 906586 633252 237382 701146 317820 424174 573586 833651 595023 697512 299560 781268 87758 187299 644075 477935 251299 538683 839296 235290 149708 548138 456740 517295 385087 613352 849921 729306 474523 775235 346398 331320 650417 453362 400590 465339 510676 433343 895882 535860 711284 582696 658101 123810 34865 417668 780674 669295 731928 870960 928055 714839 305748 474472 66171 136782 364415 243619 830990 361828 444119 817445 584587 169392 884285 455950 685563 609327 669099 333489 201699 441375 273823 139172 639499 278909 507682 680094 811207 706899 223876
766301 604834 293363 333216 555891 544151 999999999 429364 533528 436772 227755 358472 216385 245883 321743 684942 427346 133029 572587 438669 391813 509451 574715 500746 742342 490263 361524 650141 578354 352960 243705 478797 595431 139340 511791 646339 753237 328835 340248 432553 409025 669574 37409 508641 639182 380277 373012 154975 391437 228455 654652 261387 731199 334606 85480 500601 191022 411377 682804 169169 338468 174059 513468 564335 426234 577002 186574 192646 433050 490222 415348 718152 399355 497127 598773 180240 621871 357858 510765 422849 282343 342141 553157 354301 641909 369755 69527 200347 266997 635262 548080 601997 425393 318260 337930 432907 142895 330594 299161 476667
690846 665716 513792 703698 620031 209630 429364 999999999 600875 648619 474426 437282 373480 478423 266532 424055 461887 528152 777576 847784 649102 379143 766344 135006 339613 640482 657005 713389 764976 346279 641073 221031 377078 556098 277308 444641 702957 677413 255983 68465 338967 613842 394881 499219 723517 671703 711165 421474 580751 201344 241559 611776 629909 196529 370144 595650 268524 827704 679119 580838 380413 499224 286687 204582 491194 824374 593430 621305 826033 738216 717518 507245 527000 218912 337960 262959 430876 767312 481372 234847 673054 381925 345447 783666 604129 679195 498887 503860 324708 401329 559318 447796 91350 625819 95971 298173 545272 638559 521628 53948
273755 73364 254379 837580 22748 501563 533528 600875 999999999 197960 754361 189877 706967 771171 343372 440483 140848 472061 237423 621597 262662 268243 216147 735316 912529 112514 892720 122057 210203 260317 738209 421832 365334 516449 852056 353442 245133 846766 348433 541670 834239 190403 540129 118053 123946 911447 398829 378555 918537 538020 813677 400914 272312 688958 465599 41952 600938 635268 159054 663541 807211 707585 379364 536299 119409 315851 500514 624887 562004 1023405 342406 390376 135692 439520 418047 466898 334902 575604 142636 778149 776653 810660 351834 706836 157423 344111 553242 733556 320581 391170 74936 286535 517136 335825 583901 824955 655338 860971 826959 648494
469138 237990 152788 695644 209698 610293 436772 648619 197960 999999999 664213 220877 641964 682486 384971 605309 236406 337133 139914 425882 69701 407488 138551 774296 983762 89887 773027 265780 141713 315414 597103 522975 518290 374295 859541 524093 436905 713224 399602 603228 805802 388363 455976 279710 241131 791222 203498 296385 826700 524942 883684 231418 470216 680393 394153 157599 561688 442480 346544 528919 757075 603009 501084 644423 201061 175892 344863 474038 364974 907496 144448 572580 136579 544158 561767 441334 501921 385950 301988 775780 632899 760746 493055 528187 355357 150036 432990 631221 325147 551457 264625 456474 580988 156858 602622 810381 530190 740559 734759 701564
970509 826815 520681 245908 776999 650453 227755 474426 754361 664213 999999999 571360 101646 18647 489404 831480 637451 341517 798922 581655 616870 686218 801800 483910 711267 717368 183640 873300 805625 544256 222905 608760 751837 323108 420149 811618 962118 210273 502778 508926 273153 874731 214584 715551 864103 199521 579668 378859 164537 306184 644127 473065 928540 297872 288924 723682 217330 543835 897912 211004 176902 78766 659417 659988 641877 798521 371504 291465 597671 286678 631280 884051 622549 621816 740149 323124 789109 509379 713581 345709 238388 179527 709742 431792 849629 586256 242695 55913 458646 788937 760984 779167 512948 538303 381531 320904 180054 164166 72597 504286
408939 263115 138913 680107 212443 390768 358472 437282 189877 220877 571360 999999999 518679 587523 170769 417075 69607 326764 341268 559069 244076 211943 329208 567975 767067 203432 719956 311930 327711 94909 582721 303113 323654 373340 671716 348258 394769 683011 182479 386701 645510 312265 359473 151904 310756 738701 354619 207542 734454 349839 666896 303707 378853 502926 283191 169552 411064 559912 326581 505664 617370 530783 287521 424544 71504 394887 372385 482646 511311 847291 328442 411047 89980 324610 357537 277058 323399 494627 158441 594295 622166 620813 290835 595509 283733 304964 390471 555287 131841 361543 190149 286818 363606 267524 405300 638437 491170 689062 643771 488761
904901 780272 491604 343158 729708 554500 216385 373480 706967 641964 101646 518679 999999999 105027 414097 742308 580796 347380 780608 627338 603299 609294 780486 384288 615537 684112 283546 828264 783303 477759 304381 518215 666420 342394 335430 728456 900121 310373 424967 410457 203761 810694 188604 654908 822664 298477 588852 346347 229405 215960 545078 477584 858822 197445 249033 680162 126503 593286 842137 271096 122641 148241 572196 562312 590175 790775 392258 342637 633479 374461 631500 800377 580837 529828 650554 250743 706911 550020 650037 254423 326979 126271 624959 497879 787792 585906 258505 141289 395839 702235 704639 700993 415945 533753 281667 241146 234390 265606 152569 402650
985423 843736 538564 251307 793831 657976 245883 478423 771171 682486 18647 587523 105027 999999999 502385 841583 653264 360164 817361 598238 635379 699132 820149 482683 707336 735157 178589 890365 823942 558724 234998 618316 762940 341604 412861 823304 977504 213307 515317 515049 263394 889814 231843 730967 881436 193458 598232 396345 147381 315360 642248 491704 942834 297836 305592 740790 225884 560087 913992 227181 166342 95971 669986 666629 658210 817148 389908 308164 615065 274966 649925 895649 639723 630904 750082 336155 801004 526503 728628 340791 248121 168726 720978 446050 864982 604903 261325 71178 473473 799724 776928 791905 519895 556931 386630 312891 197142 161987 56437 506580
494294 412777 262378 653589 364188 255869 321743 266532 343372 384971 489404 170769 414097 502385 999999999 363547 202534 356654 511317 650895 393380 196815 499830 397593 598819 374102 660613 461803 498444 83082 565410 173594 273760 398401 508731 326959 493826 644562 20966 218264 502074 402792 304836 257798 467315 678702 476988 222103 642391 210455 498721 394623 445420 350664 236490 332932 290966 641115 447955 490035 491745 470828 194203 285429 228085 560794 418392 495279 615259 775839 469489 399394 260480 195074 279435 166285 303186 575919 246790 436463 604080 494831 231429 638834 383572 436359 378312 489552 77623 313523 315185 289876 196288 387510 240556 486426 464524 632961 557930 318277
348799 465674 555677 1015173 445740 216238 684942 424055 440483 605309 831480 417075 742308 841583 363547 999999999 373121 711149 677503 975421 649335 205159 656585 532978 602838 541269 1010814 495998 650684 356113 928637 224372 94647 755402 694069 88603 380122 1003399 344700 359848 760037 319048 665977 329638 523054 1028179 770281 575524 969467 526658 521881 717807 283162 608491 599915 466217 616417 974088 409007 853538 786515 825457 173293 232430 406357 753564 768326 856589 928381 1116027 736324 100455 474829 215152 91817 517797 105626 908366 305604 658888 967102 788730 134053 992884 332788 718757 741606 841038 428537 55533 366524 153964 343742 684393 482309 722013 827442 985328 894054 439940
339440 210883 195900 749704 161742 382236 427346 461887 140848 236406 637451 69607 580796 653264 202534 373121 999999999 394972 335378 612144 276238 171499 319314 595802 780348 191404 788655 260097 316034 119509 652248 297255 283325 441500 711248 297077 326139 752534 207876 404701 696983 242732 427072 82327 264785 807387 399534 277126 799716 400792 680702 362047 309667 549635 350524 134472 468679 616184 261453 575228 674998 598970 267087 416993 35923 400051 438294 551071 560777 915261 363205 354793 101999 317089 325379 334256 273216 551686 90741 637897 691677 678352 256692 659696 214564 346825 460077 623080 186412 318241 123961 231893 380436 316857 443080 685717 560745 757909 709639 510644
728996 537943 217709 366050 492888 605493 133029 528152 472061 337133 341517 326764 347380 360164 356654 711149 394972 999999999 464355 320322 281291 516630 470104 616073 855549 405797 435895 578715 474950 356946 266538 528707 617294 46578 641268 657787 709105 378681 377470 517518 542054 633570 167487 476609 562117 454095 241805 135847 497998 335656 763561 132027 704319 461004 158663 433871 317892 299712 629495 193803 469965 272216 548847 630914 382814 457725 65575 156168 305903 570404 289820 726247 337440 549442 632900 265289 632541 239436 485098 552085 304680 473611 577135 282563 602808 244739 99557 300914 283935 657601 503539 603611 505302 197890 444210 565125 193069 403426 407948 579231
466836 234085 292700 810614 235423 717596 572587 777576 237423 139914 798922 341268 780608 817361 511317 677503 335378 464355 999999999 477083 183112 495725 23825 906209 1108152 144023 897880 235065 32223 435292 714237 632432 599408 496819 997133 590799 427358 832527 523735 727957 945692 407301 593608 349981 201637 915678 276228 435862 959911 663350 1007999 344350 487228 819082 533553 212988 701590 504126 338683 650808 896531 734814 600635 752366 300160 83192 460776 588218 411611 1032674 204751 626392 251306 652439 649541 580284 571877 458921 374739 914195 747830 900209 581631 614419 377661 237269 562816 763324 458150 627271 312198 523673 704768 269503 737327 949800 656209 865463 868487 829593
894627 663079 420156 453804 635052 906586 438669 847784 621597 425882 581655 559069 627338 598238 650895 975421 612144 320322 477083 999999999 358962 770671 496148 935412 1175567 515665 581632 685978 504438 625123 388137 823790 881268 299682 948154 906819 862784 493971 671661 833369 830964 810805 476031 680577 657294 594530 222808 435266 699995 655712 1083883 259085 891604 773214 478983 579975 629690 43620 772310 371246 745378 502972 830572 935071 585099 417371 256139 290204 65616 702903 285297 966894 518665 845570 909300 584854 882156 81191 697953 859828 402553 748714 845795 189508 777628 277498 376272 527226 573399 919935 681534 843459 819277 295717 764517 863452 401927 554342 627415 899276
535771 307020 135670 632768 276276 633252 391813 649102 262662 69701 616870 244076 603299 635379 393380 649335 276238 281291 183112 358962 999999999 446804 189311 769320 987752 158750 715664 335480 194628 333815 535056 545503 559172 314817 842363 571619 504649 652430 410392 609669 777030 452306 414999 331809 310581 733594 136170 264620 777150 507352 888280 165907 533564 660438 360386 221143 533691 373923 414782 469354 721654 551850 531371 666466 243393 189351 281504 410386 299655 850431 87055 624530 174611 567287 598380 422509 548386 316556 352187 756340 569912 725350 530329 458733 419146 81597 379720 580398 325072 594475 324814 504911 588825 90131 593999 786259 473512 683212 685937 702832
314824 315479 350673 842638 280502 237382 509451 379143 268243 407488 686218 211943 609294 699132 196815 205159 171499 516630 495725 770671 446804 999999999 477051 511824 658375 353401 856464 357656 472396 160369 750786 167501 112556 562179 652944 141179 324115 836703 184365 312012 676817 234705 496962 150250 376254 874670 565395 383101 838260 399162 562287 513787 258221 521013 424332 283396 484420 770250 304269 673933 679156 665965 113576 271489 206443 566107 570521 667300 723231 972637 533477 210457 273363 180740 154909 363096 115919 704659 126016 594665 790082 682012 86279 795610 226557 514299 558872 685514 242942 149637 204403 93359 288024 479243 396691 651864 651806 828323 754563 417541
443011 210489 290184 820460 213179 701146 574715 766344 216147 138551 801800 329208 780486 820149 499830 656585 319314 470104 23825 496148 189311 477051 999999999 895981 1095109 128273 904963 211322 8711 422406 723415 616569 579554 504115 990084 569569 403561 841248 511556 715439 942202 383825 594459 330136 177962 922903 291198 434669 963645 657325 995013 353374 463594 813209 532443 193725 698333 522155 314859 658582 895222 739125 583175 735967 284562 106994 469711 597924 430843 1039721 219809 604133 239350 636307 630339 574971 550977 475370 354957 907959 757614 898887 562702 629509 354364 249464 567800 767516 449259 606796 290666 502659 692018 277845 728617 944880 662690 872507 871925 817968
820701 800599 633690 727394 754671 317820 500746 135006 735316 774296 483910 567975 384288 482683 397593 532978 595802 616073 906209 935412 769320 511824 895981 999999999 241741 771400 656497 848347 894999 478930 680608 349104 499022 636849 164102 565684 834622 694095 388700 199935 275964 746349 463694 634222 858211 668531 819327 526358 554513 280992 161104 714500 758435 187077 458558 729051 315093 910879 813370 631317 347126 527772 413765 301307 624327 949255 679321 684868 920779 715325 832660 623388 657062 343229 453680 359842 554451 854227 616278 162189 707542 347347 471277 848638 737714 792146 568586 524998 449166 518511 694323 575741 224251 737522 177359 222160 593937 643980 514573 95961
937732 969921 852817 957079 929114 424174 742342 339613 912529 983762 711267 767067 615537 707336 598819 602838 780348 855549 1108152 1175567 987752 658375 1095109 241741 999999999 967353 873211 1014463 1092933 672874 917200 492936 606460 877799 310302 664187 960821 920639 584927 380670 464931 880644 705357 800453 1030139 883065 1049935 758504 754317 519903 100174 948443 871733 422706 697217 914452 556487 1151855 959857 871106 554532 762368 546087 392725 812965 1159610 919443 926342 1158793 912102 1057108 703022 856919 477780 550035 594754 661674 1094438 778777 367099 942125 553702 593341 1090030 880066 1018756 810311 756737 662726 610719 859090 696500 403468 965221 412017 407490 833565 864893 731168 285665
379948 148276 196929 770057 121329 573586 490263 640482 112514 89887 717368 203432 684112 735157 374102 541269 191404 405797 144023 515665 158750 353401 128273 771400 967353 999999999 839034 178877 125631 295178 670751 488585 459532 446591 871500 456506 347152 784460 384904 588206 833326 301726 504194 211638 157640 857519 293385 339712 881564 542498 867312 313296 383862 698027 435429 76486 591556 532307 256677 599561 793731 661782 456847 608364 156381 213158 422428 550771 454387 972504 232718 498864 115056 508492 507935 462832 436034 475297 235868 791527 707748 797333 439600 614965 269067 239798 496688 689273 328731 489379 184425 388692 564601 241565 607053 831821 596959 806708 789266 691576
1127066 962795 644452 136769 914792 833651 361524 657005 892720 773027 183640 719956 283546 178589 660613 1010814 788655 435895 897880 581632 715664 856464 904963 656497 873211 839034 999999999 1006627 910111 707071 197538 789543 928672 401061 568876 986406 1114688 90427 675700 692564 412804 1030418 363610 869574 993023 18760 646333 515247 147353 488271 814111 554799 1089862 474303 439919 858036 400309 538822 1043955 247863 319007 191277 837935 843574 787622 881831 439507 320157 616292 134794 709086 1058977 757420 803351 919987 496000 963198 525595 870678 506785 179139 320072 886280 399729 1003164 667363 342386 171068 620214 966605 909591 949818 696472 628521 564868 468312 242850 32474 142427 684717
232926 49261 362819 944568 99598 595023 650141 713389 122057 265780 873300 311930 828264 890365 461803 495998 260097 578715 235065 685978 335480 357656 211322 848347 1014463 178877 1006627 999999999 202843 379190 845062 521538 436794 621244 970198 407623 192544 956645 465194 651611 955895 188114 658746 215327 33931 1025285 466565 495489 1037729 659601 917044 492057 261270 809658 585153 149669 722984 705839 106452 772158 929228 823978 471213 629000 241316 317752 599760 727280 622617 1138575 400690 425161 250941 537038 493834 588953 394799 651104 235888 897885 882714 932682 433321 793480 165528 414821 665061 850486 442479 454202 155678 347463 626927 420342 702123 945729 766702 974590 945856 759027
434710 202722 292452 826443 206592 697512 578354 764976 210203 141713 805625 327711 783303 823942 498444 650684 316034 474950 32223 504438 194628 472396 8711 894999 1092933 125631 910111 202843 999999999 420472 729219 613227 574255 509418 990341 563499 395157 846899 509873 713544 943795 376164 597662 324933 169424 928092 298680 437249 967725 658041 992873 359266 455743 813944 534996 189001 700062 530243 306608 663982 897604 743430 579090 732350 281541 115209 475512 603906 439170 1044843 227368 597416 238038 632835 625374 575986 545104 483127 349773 908538 763587 901264 557891 636923 346884 256307 572366 771776 448960 601154 284499 496730 690031 283614 728276 945948 667696 877647 875922 816427
427439 330073 213337 685326 281230 299560 352960 346279 260317 315414 544256 94909 477759 558724 83082 356113 119509 356946 435292 625123 333815 160369 422406 478930 672874 295178 707071 379190 420472 999999999 592081 211873 261610 402197 591745 301200 422636 681635 90323 293073 580716 332936 344041 179981 384263 725564 433469 222790 702602 285680 572733 366057 384354 431408 269035 250381 359538 620758 370301 514958 564277 515797 206154 332652 145520 489783 412509 506936 582846 828133 415432 370788 184210 233774 284386 227163 276017 554934 172620 518712 631509 567510 223030 637399 310633 387468 399435 537322 86877 301693 235147 250592 269615 344010 323584 567443 494189 677803 615026 396690
990425 804480 484058 99519 759220 781268 243705 641073 738209 597103 222905 582721 304381 234998 565410 928637 652248 266538 714237 388137 535056 750786 723415 680608 917200 670751 197538 845062 729219 592081 999999999 720298 839013 224165 638432 888984 972654 119156 583950 657948 495516 894143 265034 734574 827792 212676 453597 376211 313123 444584 841463 370070 961299 494828 328952 700338 373814 346284 894914 77379 399768 156154 756944 798724 644265 691712 253710 126753 419506 327849 519026 960441 603071 737866 842167 417926 864327 328602 740174 558804 39557 402423 796790 216398 864367 479293 193391 168396 507858 878902 766334 842512 654770 445606 545202 541084 101684 167993 249040 681135
471597 477115 423474 802096 437377 87758 478797 221031 421832 522975 608760 303113 518215 618316 173594 224372 297255 528707 632432 823790 545503 167501 616569 349104 492936 488585 789543 521538 613227 211873 720298 999999999 159096 569144 498319 226469 486248 787027 152647 152573 543940 399292 455291 307809 537483 806609 642747 395248 745097 302994 395734 566349 409601 389494 396570 428002 392681 814625 471728 647719 563974 607114 65696 121472 332273 694116 591306 661739 786461 892296 627250 293309 387481 22089 132558 302990 210833 749345 285865 449817 757676 566317 124667 809881 393529 598393 541074 621046 250576 188978 366171 227073 130975 552952 261988 510875 618619 764992 670241 253514
331888 400693 461884 927232 373781 187299 595431 377078 365334 518290 751837 323654 666420 762940 273760 94647 283325 617294 599408 881268 559172 112556 579554 499022 606460 459532 928672 436794 574255 261610 839013 159096 999999999 661818 653747 67625 354471 917233 255954 309209 702931 277572 578185 249450 460444 946360 677730 481871 895283 450659 516729 623385 266428 548137 510067 386492 539924 879586 362614 763308 720244 741123 95993 215016 317674 672682 674000 763924 834844 1037903 645926 135292 385322 158180 58395 433146 56325 813844 224671 608452 877771 722717 42539 898707 282600 626810 650355 758028 335640 40355 294329 92453 289072 591172 420532 669829 738261 902243 816645 403227
775005 581348 262158 323541 537003 644075 139340 556098 516449 374295 323108 373340 342394 341604 398401 755402 441500 46578 496819 299682 314817 562179 504115 636849 877799 446591 401061 621244 509418 402197 224165 569144 661818 999999999 650773 703279 754680 338978 419052 549940 542406 679736 176568 523073 603653 418887 257001 179950 473535 359095 787873 155057 750773 473891 186677 477731 330234 274062 674369 154733 464588 249209 591600 668468 429010 483918 49894 109822 294563 535855 312630 772044 382421 589542 676061 295057 678052 218692 531663 561958 261480 468155 621349 240737 648847 269006 84015 277716 327303 702158 549405 649643 539079 227549 468813 569829 160331 368645 385721 605908
966660 921310 710068 663962 872917 477935 511791 277308 852056 859541 420149 671716 335430 412861 508731 694069 711248 641268 997133 948154 842363 652944 990084 164102 310302 871500 568876 970198 990341 591745 638432 498319 653747 650773 999999999 721155 976963 624038 505133 345748 156431 886827 475121 761075 976000 577415 868210 582055 444692 335265 274634 757578 906551 183391 496116 839642 323625 917661 947010 605580 250769 482646 563989 463831 735431 1029478 698341 672989 944829 601842 893998 781848 756649 495809 611882 419940 707989 868135 745888 89196 657864 249352 622746 831912 874779 850368 571882 471193 542783 676203 820407 724839 367912 795056 268176 100829 568358 563610 428666 254134
274480 377085 486932 979348 357908 251299 646339 444641 353442 524093 811618 348258 728456 823304 326959 88603 297077 657787 590799 906819 571619 141179 569569 565684 664187 456506 986406 407623 563499 301200 888984 226469 67625 703279 721155 999999999 301434 971402 310871 376823 769993 233531 631471 245540 434484 1004310 696576 523985 957714 513334 577083 651851 208185 614925 560886 380771 602019 908160 322679 812504 785627 797434 162369 276560 328344 667848 711562 808014 857147 1098156 658644 72571 397211 225774 115534 490430 25273 842819 222315 676034 928097 788162 104746 936636 245246 643865 698075 815413 381696 53881 279032 67877 356676 612853 487327 737320 789148 959282 877606 470041
43134 201399 493632 1071258 228858 538683 753237 702957 245133 436905 962118 394769 900121 977504 493826 380122 326139 709105 427358 862784 504649 324115 403561 834622 960821 347152 1114688 192544 395157 422636 972654 486248 354471 754680 976963 301434 999999999 1076510 488853 635368 993376 91346 753092 246568 226357 1133429 640277 601287 1123074 704253 869906 645766 98400 838963 676491 286937 781835 878515 91148 896442 985230 925106 423469 568537 328869 510221 742507 864177 801446 1241330 579334 288169 373038 494961 411696 649758 300049 819876 250100 916779 1011729 988366 369895 951792 112543 586194 782765 949115 504943 355102 206431 264863 611672 580812 717746 972299 884362 1083829 1033940 739496
1091949 914730 594075 47435 868267 839296 328835 677413 846766 713224 210273 683011 310373 213307 644562 1003399 752534 378681 832527 493971 652430 836703 841248 694095 920639 784460 90427 956645 846899 681635 119156 787027 917233 338978 624038 971402 1076510 999999999 661472 705068 470897 995263 340003 834581 940703 101043 572710 475541 231309 493614 854399 488184 1059088 507683 412826 810084 411032 450848 1001590 184901 373949 181239 830180 852733 747682 810855 371751 245877 531258 211052 638142 1043700 711104 802702 914234 485713 947371 441177 838118 554023 92518 375720 874700 310112 966533 598190 294072 173553 595310 956305 870178 929688 705824 563425 582388 523387 192166 71273 198663 710815
487554 416449 280669 671332 368689 235290 340248 255983 348433 399602 502778 182479 424967 515317 20966 344700 207876 377470 523735 671661 410392 184365 511556 388700 584927 384904 675700 465194 509873 90323 583950 152647 255954 419052 505133 310871 488853 661472 999999999 204333 504966 397569 322232 257394 472176 693677 496436 243038 653896 217174 484758 415129 436842 351872 255253 340391 300495 662025 446507 508896 498596 486573 174298 265181 235628 575177 439314 515378 635702 789422 487577 383423 272458 174162 259654 180046 287504 596804 244573 435252 622475 501598 213477 659559 379791 455132 397794 504656 98279 295426 315940 276657 181560 406834 237392 486987 482839 648428 570524 306676
622707 604557 476055 727690 560079 149708 432553 68465 541670 603228 508926 386701 410457 515049 218264 359848 404701 517518 727957 833369 609669 312012 715439 199935 380670 588206 692564 651611 713544 293073 657948 152573 309209 549940 345748 376823 635368 705068 204333 999999999 400303 546657 400923 436587 663187 708203 682324 399892 627369 213635 280525 588480 561552 250968 363639 539129 294381 816486 613603 592809 433057 524372 218242 152317 435702 779024 583069 624991 806733 781903 682484 440416 476651 151071 271967 255529 362659 754084 417768 300284 692079 434921 277052 784428 537779 646464 501203 532433 285249 334546 496653 379357 24689 594722 130455 362750 558949 671814 561956 107457
989801 906679 653029 512345 856399 548138 409025 338967 834239 805802 273153 645510 203761 263394 502074 760037 696983 542054 945692 830964 777030 676817 942202 275964 464931 833326 412804 955895 943795 580716 495516 543940 702931 542406 156431 769993 993376 470897 504966 400303 999999999 902030 375697 759588 956249 421072 780276 512545 289468 296310 418276 668184 935029 156034 417127 814635 244144 797046 949954 472241 97337 342741 607684 543115 714848 966378 591927 545994 835609 448311 816257 837115 721894 547731 671111 370843 752754 753256 748787 114001 511280 95312 666178 698563 884755 771058 459334 327140 513843 731990 815853 759939 416679 716883 282992 57727 436407 408590 273677 339994
96743 173548 422174 992006 180814 456740 669574 613842 190403 388363 874731 312265 810694 889814 402792 319048 242732 633570 407301 810805 452306 234705 383825 746349 880644 301726 1030418 188114 376164 332936 894143 399292 277572 679736 886827 233531 91346 995263 397569 546657 902030 999999999 667614 160935 219837 1049121 588310 519800 1034777 613246 787813 580992 82156 747640 590996 231291 691518 822917 90387 817341 894396 840057 338120 487963 250758 490022 671323 789553 751933 1155641 532810 239440 303312 409348 335883 560064 226667 761893 161192 825804 933473 897512 287366 886237 33176 533420 702544 863477 416490 285076 132497 185343 522722 520961 626679 881088 803429 999918 946236 651690
764117 612397 308378 349227 562722 517295 37409 394881 540129 455976 214584 359473 188604 231843 304836 665977 427072 167487 593608 476031 414999 496962 594459 463694 705357 504194 363610 658746 597662 344041 265034 455291 578185 176568 475121 631471 753092 340003 322232 400923 375697 667614 999999999 507063 649593 382215 404735 164696 379093 193570 618166 292691 726252 297323 76633 509112 153682 448772 685766 194036 309044 172577 493390 536125 429101 602180 223293 226430 469758 488243 443900 703724 407965 472842 578319 153099 607387 395180 507364 386083 302452 312740 535707 389266 641038 398355 105290 196023 257192 617603 549615 590108 394965 345574 302448 397639 163385 333921 287115 441358
257671 169529 272122 832009 130674 385087 508641 499219 118053 279710 715551 151904 654908 730967 257798 329638 82327 476609 349981 680577 331809 150250 330136 634222 800453 211638 869574 215327 324933 179981 734574 307809 249450 523073 761075 245540 246568 834581 257394 436587 759588 160935 507063 999999999 229702 888286 462661 359330 876707 465464 702488 436663 227713 608385 430430 137210 538924 687518 190479 657553 744145 679382 262124 419671 97514 424268 518274 632771 626204 995256 418096 293232 161914 324425 300718 405476 224527 624012 24850 692634 774000 747394 233965 737914 134130 408346 542362 703035 259115 277931 60109 177668 411898 385129 494325 743971 642905 839022 787401 544041
266852 60777 348587 927193 103596 613352 639182 723517 123946 241131 864103 310756 822664 881436 467315 523054 264785 562117 201637 657294 310581 376254 177962 858211 1030139 157640 993023 33931 169424 384263 827792 537483 460444 603653 976000 434484 226357 940703 472176 663187 956249 219837 649593 229702 999999999 1011612 439364 485358 1028639 660362 932041 470274 294446 812216 577242 142774 720544 678225 140201 755896 926230 812464 489690 647651 242069 284123 580069 708357 593483 1125723 372270 455029 242214 553829 516760 587257 420552 624644 251903 901860 865010 929730 454563 769292 195539 388590 650802 839377 442440 479690 171978 372663 638559 397262 707847 948115 751919 960834 936524 770362
1145763 981493 663053 145547 933513 849921 380277 671703 911447 791222 199521 738701 298477 193458 678702 1028179 807387 454095 915678 594530 733594 874670 922903 668531 883065 857519 18760 1025285 928092 725564 212676 806609 946360 418887 577415 1004310 1133429 101043 693677 708203 421072 1049121 382215 888286 1011612 999999999 663072 534004 147864 504943 825450 572351 1108462 487439 458562 876728 416644 551529 1062714 265290 328538 209800 855395 859462 806382 899017 456846 336462 630380 117166 726223 1076878 776133 820245 937255 513881 981158 539863 889344 517262 192093 329425 903993 411151 1021891 684699 360914 189171 638716 984201 928347 968019 712461 646257 580075 477137 261107 50811 153960 698581
671840 441321 220154 545647 412278 729306 373012 711165 398829 203498 579668 354619 588852 598232 476988 770281 399534 241805 276228 222808 136170 565395 291198 819327 1049935 293385 646333 466565 298680 433469 453597 642747 677730 257001 868210 696576 640277 572710 496436 682324 780276 588310 404735 462661 439364 663072 999999999 292989 729828 542351 952706 112095 669379 685049 372096 357270 546417 239384 550033 399816 711291 506190 638560 760712 369674 239559 210665 327195 164164 779866 71493 753075 301501 664835 711838 459961 672552 185935 481517 779478 483753 714953 645448 338344 555140 54962 337542 534654 401155 714858 459900 631229 664190 89808 642047 799189 413965 614596 642671 764932
616449 449927 145263 472903 400917 474523 154975 421474 378555 296385 378859 207542 346347 396345 222103 575524 277126 135847 435862 435266 264620 383101 434669 526358 758504 339712 515247 495489 437249 222790 376211 395248 481871 179950 582055 523985 601287 475541 243038 399892 512545 519800 164696 359330 485358 534004 292989 999999999 543380 250567 662351 190304 585279 398923 97777 345857 269077 421923 528748 298914 460705 329034 413190 501565 272856 453948 196309 284285 406851 645008 312080 593389 244573 416379 497088 167145 498806 357648 364077 494658 415748 464378 441479 418340 490999 269036 183218 355158 148160 522209 395240 471961 384689 213723 349134 522078 283630 483850 451204 474771
1129943 991116 684741 278720 941200 775235 391437 580751 918537 826700 164537 734454 229405 147381 642391 969467 799716 497998 959911 699995 777150 838260 963645 554513 754317 881564 147353 1037729 967725 702602 313123 745097 895283 473535 444692 957714 1123074 231309 653896 627369 289468 1034777 379093 876707 1028639 147864 729828 543380 999999999 444629 705242 627419 1085782 386120 452943 888139 355705 658779 1060749 336976 207469 225782 800621 779493 805295 955555 519221 418289 726399 160812 785750 1029524 787041 755569 877650 477272 936271 635646 873621 395527 307514 207169 854009 527955 1010532 741464 398468 197089 618311 930652 923528 930218 636079 695882 496933 347099 316645 160078 92298 598921
704407 610378 374827 514623 560132 346398 228455 201344 538020 524942 306184 349839 215960 315360 210455 526658 400792 335656 663350 655712 507352 399162 657325 280992 519903 542498 488271 659601 658041 285680 444584 302994 450659 359095 335265 513334 704253 493614 217174 213635 296310 613246 193570 465464 660362 504943 542351 250567 444629 999999999 428810 435197 653962 155903 177613 519305 89759 632770 655910 381124 281496 312408 356242 359126 418667 694213 399639 419999 639813 589396 562023 584971 429067 315651 435000 84883 492274 574618 456268 250868 478466 284533 409411 582627 593682 519484 297958 322706 218000 486286 520622 489044 212437 464218 109889 289500 346409 465083 367397 248261
848615 872017 753566 888235 830565 331320 654652 241559 813677 883684 644127 666896 545078 642248 498721 521881 680702 763561 1007999 1083883 888280 562287 995013 161104 100174 867312 814111 917044 992873 572733 841463 395734 516729 787873 274634 577083 869906 854399 484758 280525 418276 787813 618166 702488 932041 825450 952706 662351 705242 428810 999999999 852590 783066 348116 604906 814928 473353 1061560 865202 790923 499653 688871 451100 301725 713129 1059514 828090 841984 1064979 865474 958414 620904 756754 381568 461816 500474 572635 1002929 681180 309943 868619 499407 500625 1005806 785809 920528 723451 685971 563208 524369 761471 605057 303295 867311 319413 360940 753701 802846 671755 187785
671876 457554 166246 467203 418848 650417 261387 611776 400914 231418 473065 303707 477584 491704 394623 717807 362047 132027 344350 259085 165907 513787 353374 714500 948443 313296 554799 492057 359266 366057 370070 566349 623385 155057 757578 651851 645766 488184 415129 588480 668184 580992 292691 436663 470274 572351 112095 190304 627419 435197 852590 999999999 658378 574727 261876 359498 435041 256470 559494 307090 599842 402031 571526 679937 339203 328890 116436 244688 220714 689496 158445 714453 278234 588266 650318 354723 626902 190979 451180 668662 404343 603512 587250 306051 548346 114110 230419 430717 317023 662434 448561 590311 572114 75835 537865 687351 315359 522497 538382 665061
66325 253158 496985 1058152 262960 453362 731199 629909 272312 470216 928540 378853 858822 942834 445420 283162 309667 704319 487228 891604 533564 258221 463594 758435 871733 383862 1089862 261270 455743 384354 961299 409601 266428 750773 906551 208185 98400 1059088 436842 561552 935029 82156 726252 227713 294446 1108462 669379 585279 1085782 653962 783066 658378 999999999 779232 650056 312874 736385 902890 155820 884101 935183 898726 344671 481410 323025 570224 745054 860482 833215 1212330 614656 189817 380145 415538 321747 608610 210433 841291 221217 851694 1000791 938134 287805 962547 114899 614440 768494 921000 470615 262048 210745 182701 538779 600324 654551 909647 868169 1060009 999049 662589
834502 760407 529477 540393 710683 400590 334606 196529 688958 680393 297872 502926 197445 297836 350664 608491 549635 461004 819082 773214 660438 521013 813209 187077 422706 698027 474303 809658 813944 431408 494828 389494 548137 473891 183391 614925 838963 507683 351872 250968 156034 747640 297323 608385 812216 487439 685049 398923 386120 155903 348116 574727 779232 999999999 312991 672415 143701 744956 798208 449068 183885 341014 452557 399747 570150 848365 520117 508151 766188 545230 710719 682794 584167 394493 518446 239130 597276 692462 596403 95908 520901 185418 510796 670843 731255 667007 398464 337929 371467 578188 665770 603919 264901 611704 127608 136083 411445 459773 334170 213245
687517 538261 242788 418543 488270 465339 85480 370144 465599 394153 288924 283191 249033 305592 236490 599915 350524 158663 533553 478983 360386 424332 532443 458558 697217 435429 439919 585153 534996 269035 328952 396570 510067 186677 496116 560886 676491 412826 255253 363639 417127 590996 76633 430430 577242 458562 372096 97777 452943 177613 604906 261876 650056 312991 999999999 435772 175903 457666 609679 253643 362978 249106 428971 487423 353211 549618 223511 266592 462221 564862 400920 632746 335068 415549 514351 108391 536447 398084 430837 407445 367729 366655 467839 421870 564411 356304 144542 272635 182504 549952 473275 517076 353617 301383 285596 429938 228369 409953 361503 420786
315687 104809 216319 799810 59695 510676 500601 595650 41952 157599 723682 169552 680162 740790 332932 466217 134472 433871 212988 579975 221143 283396 193725 729051 914452 76486 858036 149669 189001 250381 700338 428002 386492 477731 839642 380771 286937 810084 340391 539129 814635 231291 509112 137210 142774 876728 357270 345857 888139 519305 814928 359498 312874 672415 435772 999999999 577920 593385 200030 626254 783488 674524 390827 545539 104876 287347 460422 585636 520687 989529 301919 422379 101286 446870 436669 444922 360748 533654 161874 763371 738546 786992 368976 665289 198171 302478 517273 700930 301350 415038 108419 313070 514892 293922 572123 807982 619219 826112 796227 644862
