NAME : synthetic_000437
TYPE : CTSP-D
DIMENSION : 100
GROUPS : 8
RELAXATION_LEVEL : 1
EDGE_WEIGHT_TYPE : EXPLICIT
EDGE_WEIGHT_FORMAT : FULL_MATRIX
EDGE_WEIGHT_SECTION
999999999 488831 946097 185695 734010 852474 958058 221642 269023 693064 202475 956464 576626 763405 821550 1006835 603860 585528 713609 498721 608891 812679 380243 576267 856359 932509 730674 613942 1132187 449795 599051 614213 542541 918780 954423 243393 298583 185057 487294 842371 904471 934253 969139 869259 100983 616790 529291 380534 430392 200036 768635 202103 69617 768366 910350 817755 285308 666267 809635 159030 623831 846596 472824 225515 815402 953264 915081 979769 949553 214154 928533 889922 736969 911259 344011 757755 1146618 945617 263582 836610 399716 724935 145354 689457 302029 604512 907280 530621 460440 341625 192087 726926 373843 841898 851291 332800 721667 360247 820669 945897
488831 999999999 522847 537037 246177 726262 700024 508382 270358 348675 367048 726203 304639 310087 332878 565227 383931 537071 600622 194104 709607 330010 160549 435969 661567 456845 595463 291571 832838 169783 420434 231875 155617 447231 745280 522124 579484 490965 14122 357551 461742 543614 631806 391842 424335 140842 122166 549212 156659 319181 322356 358247 458148 628854 516363 381717 286066 820259 324565 330598 153213 417124 593593 332020 327965 607697 451391 497055 623963 400717 475414 413640 761307 581241 469942 280278 823754 461689 357697 649932 463525 239001 386329 297868 428687 178973 422008 470219 366339 502706 300968 336654 286742 358770 691497 534250 715697 132265 385917 657623
946097 522847 999999999 910101 351536 574519 381848 859476 785766 269725 877443 435476 393006 543208 338365 78645 415359 600970 543395 447590 812053 434240 683355 496840 457027 200652 514980 342655 407242 496486 455073 332140 408719 515116 474987 860559 889521 863264 514991 418575 78031 85718 221496 222562 911513 491452 429720 796727 516975 821583 562694 757116 938470 519018 78980 141380 805883 926943 292478 806470 372470 105758 775895 844530 391118 196665 548636 254350 239088 773139 100715 210502 763792 218184 741475 279904 370361 260465 877453 464004 692305 339733 882991 256694 735442 578074 421647 580628 556695 775348 787458 220309 807710 266444 516004 814847 708340 640893 137043 315587
185695 537037 910101 999999999 765295 711712 851006 57193 395613 642436 361874 840289 518863 840346 854196 979215 521109 447677 579833 475647 432207 865994 478030 470495 735297 936353 601857 567447 1031400 438145 502411 591376 537034 984131 831703 70430 113660 48292 530724 892023 882548 881884 891028 877621 271188 676848 535084 210929 427079 333852 849515 178982 250468 637419 861092 797147 422020 481804 831421 263565 642152 820177 302546 373353 859501 879509 986887 991754 867876 142959 912517 896120 567602 833828 201801 771605 1054230 960723 423375 714467 263572 751970 304556 659096 182235 688193 955450 406245 367858 184737 297996 691469 514237 859082 720043 162797 559385 430237 799102 850245
734010 246177 351536 765295 999999999 754048 647756 729058 509753 323262 607712 689287 369474 206123 89010 367179 445060 643542 659115 319112 847180 132228 390029 525510 658883 223597 642572 321819 733881 337243 493190 245729 246881 258702 719587 739253 789477 717556 246765 143761 275658 404987 528339 160049 670228 152106 236460 734986 342069 563609 226306 587626 704288 666384 379423 225160 519889 965127 82072 576421 127322 259702 756382 572073 104536 501062 278874 253941 531827 623578 272786 182104 860045 493243 659774 73193 708151 217774 589603 654617 635216 20606 631289 247962 629347 231374 198644 589531 507663 695245 547143 265235 495470 118509 705313 731683 807137 378079 229989 589783
852474 726262 574519 711712 754048 999999999 239585 655936 863688 430786 913281 193078 422517 950531 803709 648208 342332 267174 141543 533269 362254 883669 832515 306231 118733 744183 134355 448751 398787 569716 309232 525570 577381 1002442 160143 641530 624540 683643 712172 886205 615526 493068 389358 728053 882138 808159 609697 507895 591778 852893 969829 663666 887704 97986 495583 581144 896613 441901 752841 793023 665593 568409 428142 895915 847366 401753 1028061 809033 361297 639273 654528 730074 241767 363336 513752 696459 446971 801336 950549 110640 454286 733589 882128 506086 550730 886470 920460 324508 416907 526976 799533 492929 954797 750599 58921 552623 201174 756958 578281 290040
958058 700024 381848 851006 647756 239585 999999999 793855 900694 353537 970254 55664 415458 853768 674081 445525 360886 418112 296555 529510 578163 765107 838045 383564 135886 574685 266656 410596 182293 578604 359088 469966 544943 869532 97101 784726 784926 813755 687055 759378 441268 296139 166901 576211 963711 742034 578106 669816 603567 908300 873927 756799 978086 242559 308391 436269 930335 671794 622190 862883 594572 411671 608112 945648 724053 187349 899775 633973 143869 747284 476260 571964 476162 166413 650171 578897 217528 634838 994336 155650 588624 629050 952253 418233 672214 829141 779612 445622 497679 673508 859370 388659 968568 609550 186390 707053 428850 770304 432146 66269
221642 508382 859476 57193 729058 655936 793855 999999999 395960 590817 376212 783119 467092 815751 817575 929686 466025 391140 523208 430861 387558 834540 465722 413720 678191 892796 544953 517041 974335 396685 446136 545010 495005 955166 774687 22801 87667 37538 500902 859414 834344 829014 835353 835321 294473 649130 495666 160816 387881 339748 826022 153583 279961 580670 808700 749598 425076 447076 792396 265614 604103 771482 253403 382497 825691 824239 959736 949637 811945 107668 865233 853258 518767 778305 144701 731228 997464 919426 435920 657381 206442 714824 321450 610702 126857 667259 922045 349055 312778 129384 297188 641962 516232 818823 663394 112415 507767 410856 751370 793457
269023 270358 785766 395613 509753 863688 900694 395960 999999999 573736 98016 914787 485510 502686 591625 833027 544969 619363 723718 374893 725804 565799 122726 557974 830335 726339 729929 499980 1055174 323509 562382 467231 384281 661810 924499 417167 483124 363467 275019 597393 729010 796160 865473 661216 177999 372672 358276 510739 298477 68987 505942 259436 215772 767770 769564 646297 33923 814345 590724 132064 422783 680352 587970 62321 575694 844153 654772 763470 852460 309190 744714 683178 822071 810371 440884 550221 1055574 727467 94800 814087 469997 505551 132331 542593 387829 343719 661724 550880 448401 460275 98781 582749 120393 626038 844215 474825 789842 144913 650193 870712
693064 348675 269725 642436 323262 430786 353537 590817 573736 999999999 655382 384831 123727 521898 377042 343190 155520 357809 342867 202243 571981 453302 494893 242441 338789 355871 323103 79188 486284 254858 201858 116983 196302 574235 409271 591272 619877 596217 336229 457398 257876 242033 291742 320249 671725 392439 228274 529264 278960 595207 541530 497011 694402 344339 219541 185594 599989 690479 327928 566011 244862 194232 516067 626117 418077 270702 598540 422008 279650 508208 294667 328824 555393 237180 471958 267828 482424 403788 668514 332849 424117 302810 649801 75300 466062 477796 496446 323310 287384 506076 553183 71314 626093 332045 382651 545619 500350 433798 185138 308955
202475 367048 877443 361874 607712 913281 970254 376212 98016 655382 999999999 980245 558454 595052 689613 926978 610316 658068 771881 453657 737801 662372 220079 611666 890634 823640 781519 579170 1130708 401138 621683 553662 471761 755346 986775 398810 463271 339975 370941 694201 822837 883818 946206 758550 101728 470184 448028 512811 376622 61981 597049 267453 137583 819838 857596 739118 95984 815582 688579 124909 518551 772504 597864 35775 673181 925981 746749 861357 931581 310701 839751 780453 846882 890074 452102 647269 1134455 825393 62095 873205 491884 603323 58399 629994 399880 437087 758309 592293 496761 464595 113822 670020 174650 723797 899130 471157 820085 238168 742877 944633
956464 726203 435476 840289 689287 193078 55664 783119 914787 384831 980245 999999999 432753 894724 719868 500404 370328 398801 270846 548666 543589 809471 858610 380249 106887 626157 243323 434771 209650 595773 361120 499296 570588 916629 41498 772560 768203 805155 712877 805101 492749 349790 222438 625082 967940 776632 604046 651805 620459 918289 914815 756842 980291 213661 360768 482911 945339 631979 667856 869244 628864 460130 584633 957151 769030 242309 946233 686377 198794 743653 528496 621778 433612 218295 638546 621958 254476 686122 1007444 128133 576757 670123 959108 453410 664547 862575 827652 434165 496982 659555 868023 426684 988150 656876 145351 691349 389046 788660 478968 120779
576626 304639 393006 518863 369474 422517 415458 467092 485510 123727 558454 432753 999999999 545457 441578 465193 81934 274207 303505 116393 481544 501030 426277 156074 358977 457742 294247 56408 572288 163318 126331 123916 155473 628174 447024 467634 497493 472846 290634 512637 375077 363845 394215 411950 563422 390728 187293 410996 188203 496844 563546 377587 583240 325835 342392 295363 514905 600382 398832 458872 257533 311082 407364 532184 472905 377121 647309 521718 376637 385879 409613 424779 491830 336659 350150 333453 578066 498480 579515 346264 305318 349372 545939 157741 342464 465279 561807 223992 167115 384820 450514 180539 555423 412450 386879 424377 440042 355939 296070 386260
763405 310087 543208 840346 206123 950531 853768 815751 502686 521898 595052 894724 545457 999999999 207852 542450 626006 812441 846178 465786 1003305 117606 383730 698778 860296 373921 832752 506144 936917 463362 671788 427846 398351 161464 924288 830498 889025 795828 319760 145927 465231 605176 732515 325834 679917 171307 374279 857691 457618 568839 20191 663396 717337 859503 580677 427999 499153 1117899 250736 606751 288367 460694 896278 560546 157398 705141 152119 369999 737087 708280 452349 343473 1035092 698991 778721 277073 908374 336960 557638 854747 767810 224742 634908 447396 738602 159240 192753 751491 656413 812044 571988 468953 440700 279193 904257 844162 984606 412053 432723 795890
821550 332878 338365 854196 89010 803709 674081 817575 591625 377042 689613 719868 441578 207852 999999999 334618 512609 715142 719228 402935 922674 95935 470200 596256 701653 168650 700130 390069 739406 424288 561393 318306 331286 199011 753229 827494 876967 806414 334351 85298 260451 406109 538897 118102 755619 222796 323546 819663 430129 647788 226556 676620 790209 720766 383387 237984 599558 1041261 52029 663476 214178 265869 837344 653855 52794 511555 226730 180197 547052 712342 244910 135725 926793 512086 745391 109984 707113 143805 667942 699785 718563 102958 715717 303665 716348 287386 120650 664697 588171 781019 633518 311000 567711 72051 751927 817908 872793 463898 242244 612292
1006835 565227 78645 979215 367179 648208 445525 929686 833027 343190 926978 500404 465193 542450 334618 999999999 491933 679413 621439 510623 890679 427757 725194 574367 529986 173825 592772 412907 445376 557416 532571 393535 465198 491108 540893 931647 962631 931932 558857 406997 104158 155167 279959 217018 967065 515489 482729 871988 576455 873101 560986 821985 995510 595829 155229 189653 850961 1005582 296243 863029 412185 160569 853205 893171 385676 258177 525990 211330 301676 840558 94467 199015 841609 287189 814962 301090 400672 227526 922665 538079 767121 359284 936330 321004 806855 598386 397983 658035 630556 849223 841996 287782 845332 264058 589429 888775 786251 688972 186458 379630
603860 383931 415359 521109 445060 342332 360886 466025 544969 155520 610316 370328 81934 626006 512609 491933 999999999 205007 221616 191400 418064 577209 496908 87309 287164 510258 212611 123295 529317 231633 48869 200203 237225 703330 379708 462568 482013 478118 369841 586955 412226 370044 370635 470866 603478 472613 268635 382811 255264 548336 644307 401771 619198 245017 352997 340937 575976 536925 467245 502044 337680 349090 361990 586844 547108 358421 723821 575991 348642 399717 449668 481225 415096 313097 334223 403006 542859 556041 637228 272509 280223 424658 591367 214553 339189 547009 633255 167999 153277 365993 498752 225234 623665 477075 309618 404905 362093 423702 340596 342459
585528 537071 600970 447677 643542 267174 418112 391140 619363 357809 658068 398801 274207 812441 715142 679413 205007 999999999 132213 349677 214335 774765 609684 118978 292082 713679 156009 325281 600339 367553 156612 398123 414167 902195 386105 378209 369549 417397 523349 786832 609109 541355 499148 675750 619004 649330 440081 253004 383857 599581 829591 400252 622562 190123 530035 543044 653126 332671 671014 534947 527951 547628 192381 644240 747109 496565 920715 779764 471605 372966 647744 685739 224597 448501 247469 606192 632298 760643 700517 270876 187266 623513 622432 419556 283615 713060 835600 69752 177266 263715 545511 428730 721411 681848 272415 293377 179228 532688 542304 432440
713609 600622 543395 579833 659115 141543 296555 523208 723718 342867 771881 270846 303505 846178 719228 621439 221616 132213 999999999 406524 287769 791099 697425 169037 164209 686580 31540 340208 477017 438178 180364 418512 458347 914852 255061 510421 500362 548879 586506 797881 567667 471959 402681 659399 740970 694225 489075 383338 458957 711627 864747 522730 747160 58290 466574 516127 756851 392821 670672 651480 557920 511795 313788 754855 758198 405800 937513 753062 373845 499787 607378 665347 220780 359474 379164 609464 513789 739553 809749 143072 318303 638519 740601 415583 412862 767773 839088 183712 275935 395917 658173 412156 817366 674474 140213 425043 165106 621143 514242 321770
498721 194104 447590 475647 319112 533269 529510 430861 374893 202243 453657 548666 116393 465786 402935 510623 191400 349677 406524 999999999 538006 442972 310011 243033 474980 462018 401650 125586 680301 52629 226344 117322 72299 570872 563408 436986 480112 427509 179986 460906 410378 438155 492553 405551 470702 299935 91507 416751 77066 393160 482165 311635 494800 435558 413337 323899 402898 653736 369954 364872 192850 350069 438437 425126 422855 472451 584836 519830 478309 333779 438275 422900 574107 436573 343287 305859 681381 490768 469571 461772 316111 301428 447686 190903 318392 364795 517754 286300 191950 379078 351030 228241 439595 392742 500777 416741 526259 240795 326280 496372
608891 709607 812053 432207 847180 362254 578163 387558 725804 571981 737801 543589 481544 1003305 922674 890679 418064 214335 287769 538006 999999999 976495 748102 330894 442337 927799 319305 535211 753239 542671 370314 604368 607865 1104600 517764 366535 322419 423834 696869 990941 823002 748284 689854 888766 672333 834918 629363 229306 553034 687837 1019200 471622 663625 336387 739039 757338 759212 119007 880368 614236 726454 761817 139990 733823 951569 691635 1120853 993777 661148 427160 861790 899288 146293 644492 286386 814987 795250 974100 790929 422594 258928 827672 690121 632063 339345 888579 1042467 257995 346941 274159 635692 642732 840588 893050 398822 276232 163671 674063 756624 608896
812679 330010 434240 865994 132228 883669 765107 834540 565799 453302 662372 809471 501030 117606 95935 427757 577209 774765 791099 442972 976495 999999999 443144 657103 785628 257223 774163 454004 834905 453936 625245 377561 370986 128165 841666 846718 900622 819316 335424 33033 356362 501644 633509 212979 737949 195942 355151 854448 454589 627426 134626 687012 774176 797308 478570 330594 568451 1093917 145101 653683 250678 360144 881396 626806 43141 606123 146647 252889 640801 727311 339841 229017 992099 604907 777489 188716 803009 219442 632957 782406 757457 152748 695254 378175 743227 233524 95940 719448 634035 812402 621098 391834 523498 167806 833762 847466 939300 452666 335043 704370
380243 160549 683355 478030 390029 832515 838045 465722 122726 494893 220079 858610 426277 383730 470200 725194 496908 609684 697425 310011 748102 443144 999999999 528390 783503 609529 698389 428135 981148 265296 523721 381116 298836 541225 873227 484432 548789 438621 168653 474681 621970 702122 783988 544431 296909 250108 268196 551904 241802 185717 388458 314429 334034 734690 674994 542263 129865 847720 471643 226224 313028 577616 616896 184327 453116 760876 535737 643963 774007 364766 634559 566561 825992 731333 475129 434893 975843 607728 200191 769366 489478 387185 252875 452408 424740 224546 539055 539947 432510 501374 190531 492091 131223 507449 805432 524045 787222 77016 546456 801126
576267 435969 496840 470495 525510 306231 383564 413720 557974 242441 611666 380249 156074 698778 596256 574367 87309 118978 169037 243033 330894 657103 528390 999999999 282281 597557 172067 206311 561914 270446 41801 279825 302129 784212 380111 406776 417055 431358 421929 668521 497877 445276 426515 557885 590297 539094 330352 310299 290509 550444 716411 376815 600967 209797 430590 428009 590708 449821 552037 494930 412195 435185 279153 592356 628749 418534 803351 663300 401526 364068 535742 568451 336540 371075 273273 487226 583747 643230 646088 263567 214018 505365 584898 301265 289638 607604 716762 83887 117465 301295 497940 312499 648925 563092 287522 338507 285926 452154 427579 379751
856359 661567 457027 735297 658883 118733 135886 678191 830335 338789 890634 106887 358977 860296 701653 529986 287164 292082 164209 474980 442337 785628 783503 282281 999999999 631442 136440 372542 313441 518293 269006 444779 507377 900628 98080 667107 661593 701140 647766 785590 501015 374820 272035 619293 872541 728057 540742 545066 542227 828923 880028 658553 883083 107842 378245 472613 861901 536628 650055 776229 581771 456955 477944 869351 747565 283397 927789 695454 243611 642675 539561 619801 343143 244610 533499 597037 352990 689555 921354 21246 471751 638782 866255 412902 561322 810598 815893 329890 399745 553660 777406 394030 910797 644849 59831 584973 294137 710804 469402 175559
932509 456845 200652 936353 223597 744183 574685 892796 726339 355871 823640 626157 457742 373921 168650 173825 510258 713679 686580 462018 927799 257223 609529 597557 631442 999999999 662083 401343 606981 498549 557519 351196 399666 318447 663860 898942 940066 888075 454099 234369 133440 282541 420330 65140 878241 375430 405846 865142 511826 775627 391670 765724 910322 674521 266675 171518 739070 1046348 142519 779126 309534 176305 864893 788384 216575 394423 352984 66582 435278 793617 100229 43207 905204 408313 797953 176764 567248 60322 809714 634499 759869 222989 842198 300158 778783 450032 224934 676376 622171 833671 753026 285109 718768 106005 687666 872625 849527 588218 172896 509071
730674 595463 514980 601857 642572 134355 266656 544953 729929 323103 781519 243323 294247 832752 700130 592772 212611 156009 31540 401650 319305 774163 698389 172067 136440 662083 999999999 326802 447819 436349 175960 404987 449715 896817 230268 532981 525523 569429 581344 779862 541377 442379 371221 636792 754364 683950 481246 408816 458061 720728 851577 537045 761953 38393 437692 492399 762730 424030 650928 662610 545083 486622 342105 763269 740323 374575 920250 728436 342367 516534 581103 642025 248838 328431 400397 590716 483534 715871 817484 115195 338966 621967 752186 396980 431565 759524 819479 200155 284772 418912 667698 391132 820442 653404 120636 449326 193548 622701 490330 290433
613942 291571 342655 567447 321819 448751 410596 517041 499980 79188 579170 434771 56408 506144 390069 412907 123295 325281 340208 125586 535211 454004 428135 206311 372542 401343 326802 999999999 555749 178032 171725 78318 136017 580035 453874 518742 550996 520677 278157 463692 320505 320676 367059 356044 593047 359433 169533 466731 202648 518509 524864 418520 615387 354890 297534 239569 527376 654187 345790 487428 218285 256684 463678 550707 423848 347306 600639 465406 352754 431287 354331 368582 538388 310987 404390 280915 555851 442459 594742 362539 361044 301392 571896 101348 393991 439212 510649 278582 222745 439383 475403 126007 559101 357885 407610 478891 485323 363012 240435 373340
1132187 832838 407242 1031400 733881 398787 182293 974335 1055174 486284 1130708 209650 572288 936917 739406 445376 529317 600339 477017 680301 753239 834905 981148 561914 313441 606981 447819 555749 999999999 731802 534242 601565 682547 922179 238645 965770 967063 993190 820959 822397 482198 333298 206624 627609 1131808 850807 714164 852091 756793 1069131 956956 930190 1148409 421283 356616 509146 1083033 840238 690067 1028891 708227 476309 789809 1103974 791958 233466 955428 654973 209440 923746 507798 617201 640552 251953 831212 661036 60669 665901 1149789 334278 769851 717710 1117150 536780 851477 939849 828810 627042 673307 855201 1022400 500321 1112360 668865 354768 889076 597809 918527 504377 187084
449795 169783 496486 438145 337243 569716 578604 396685 323509 254858 401138 595773 163318 463362 424288 557416 231633 367553 438178 52629 542671 453936 265296 270446 518293 498549 436349 178032 731802 999999999 260521 164429 98922 580339 608824 404932 452736 389853 156268 474851 455820 489776 545078 439478 418800 293123 100806 400539 25047 340556 478329 268234 443555 471729 464687 369046 352168 655502 396270 312987 210182 396979 433030 372859 438370 525062 591326 553645 530608 295240 481884 458032 591600 488976 323704 334559 733622 522926 418016 504070 305524 321386 395197 240145 292135 347574 534581 300442 197150 358839 298523 278471 392949 422151 540620 394702 546458 193040 371747 547221
599051 420434 455073 502411 493190 309232 359088 446136 562382 201858 621683 361120 126331 671788 561393 532571 48869 156612 180364 226344 370314 625245 523721 41801 269006 557519 175960 171725 534242 260521 999999999 247821 279009 751639 365241 440505 454119 461649 406314 635393 456396 404255 390322 519146 606843 515791 309141 349609 282578 559938 689856 397720 619768 211255 389189 387426 594388 489014 516112 508454 383800 393879 320861 600392 595554 381069 771800 623463 366177 389505 494396 529168 366858 334070 308444 451837 553014 604055 652690 252004 250820 472844 598419 263167 320415 587793 682033 125572 139080 337965 508598 272426 647651 525851 282846 375888 314306 448698 386880 349617
614213 231875 332140 591376 245729 525570 469966 545010 467231 116983 553662 499296 123916 427846 318306 393535 200203 398123 418512 117322 604368 377561 381116 279825 444779 351196 404987 78318 601565 164429 247821 999999999 83227 504415 521566 549787 589092 543414 219625 388735 293060 330219 402872 298903 580671 283704 112974 515465 184947 495350 446603 428956 606778 432563 304191 206641 491519 722973 277124 475199 140284 232971 523044 522566 348993 379904 524041 411966 393342 450253 321380 314289 614603 350612 446893 211430 594750 385502 561497 436130 410931 225544 554160 76807 428152 365951 438241 346393 275137 482661 457841 116499 511998 293612 482766 521510 562090 324201 208974 425883
542541 155617 408719 537034 246881 577381 544943 495005 384281 196302 471761 570588 155473 398351 331286 465198 237225 414167 458347 72299 607865 370986 298836 302129 507377 399666 449715 136017 682547 98922 279009 83227 999999999 498999 589869 502618 548428 488741 142330 388631 362176 412255 485490 340628 502913 237117 33518 488476 113323 414212 415424 366494 530540 481115 385897 275639 408322 724310 299927 398201 120596 305966 510564 440199 350556 462824 513566 454850 475172 394150 386147 359112 637432 432505 414193 236939 677184 424422 478414 496478 388344 229376 474477 158431 386931 309810 445523 353504 263197 449878 378751 198563 429961 324405 539680 487075 587879 240985 278744 504238
918780 447231 515116 984131 258702 1002442 869532 955166 661810 574235 755346 916629 628174 161464 199011 491108 703330 902195 914852 570872 1104600 128165 541225 784212 900628 318447 896817 580035 922179 580339 751639 504415 498999 999999999 950776 968231 1023652 938193 454276 116978 440343 591258 727574 296098 838113 307465 482421 980800 579808 726913 163793 805457 875251 918506 570989 433718 659611 1222071 250604 760742 378807 458267 1009217 720559 156676 700576 35563 286716 738303 847575 415058 305037 1118422 705482 903358 306478 884710 264014 718948 898791 884721 278888 793664 499845 867768 318316 93640 847425 762122 938019 726741 509535 602130 259984 950897 972516 1065237 562110 437683 806518
954423 745280 474987 831703 719587 160143 97101 774687 924499 409271 986775 41498 447024 924288 753229 540893 379708 386105 255061 563408 517764 841666 873227 380111 98080 663860 230268 453874 238645 608824 365241 521566 589869 950776 999999999 763084 755295 798261 731734 838314 530598 389411 263641 660841 970214 801710 623387 638342 633186 924954 944305 756578 981031 196798 399467 517328 955657 601774 701203 873338 654100 495877 567278 964850 801729 283018 979873 724759 239537 740692 566866 658239 401907 257124 630004 653500 287730 723634 1016233 117993 568357 700128 963354 480015 658875 886636 862584 427187 497561 649150 873821 455393 1001771 691456 119901 679482 359845 801836 513522 161520
243393 522124 860559 70430 739253 641530 784726 22801 417167 591272 398810 772560 467634 830498 827494 931647 462568 378209 510421 436986 366535 846718 484432 406776 667107 898942 532981 518742 965770 404932 440505 549787 502618 968231 763084 999999999 65957 60248 514219 871090 837414 827944 830534 842257 317252 662964 504702 141522 397381 361730 841128 170777 302468 568189 808148 753235 446607 424503 801153 287340 613606 774234 233813 404731 836883 820101 973476 956587 806671 122596 868954 859851 499232 773784 134568 739345 990113 926860 458373 646178 196147 724606 344185 613886 125240 683339 933330 339201 309767 114686 318452 644216 537517 826907 650622 93094 489626 427883 754870 786112
298583 579484 889521 113660 789477 624540 784926 87667 483124 619877 463271 768203 497493 889025 876967 962631 482013 369549 500362 480112 322419 900622 548789 417055 661593 940066 525523 550996 967063 452736 454119 589092 548428 1023652 755295 65957 999999999 123300 570883 923996 871420 851393 843568 885301 378843 720164 553422 117139 447699 427412 900241 234429 361358 558648 833047 788895 512533 368156 848260 353188 662795 807671 200908 470113 888896 835127 1030119 999415 818481 184703 904449 902083 461873 787918 148302 785242 995088 970827 523300 640402 203309 774026 407886 649089 161720 744137 985384 341839 333101 116237 384409 677002 603474 872513 639449 78687 458825 490363 790196 791850
185057 490965 863264 48292 717556 683643 813755 37538 363467 596217 339975 805155 472846 795828 806414 931932 478118 417397 548879 427509 423834 819316 438621 431358 701140 888075 569429 520677 993190 389853 461649 543414 488741 938193 798261 60248 123300 999999999 484310 845061 834892 836342 848608 829330 257036 631172 486895 195824 378875 305380 805414 132775 242484 605793 815227 749355 391754 484604 783317 232106 594123 772669 288349 347385 812254 836446 941528 943467 825944 94695 864648 847829 553302 791184 169965 723382 1014446 912461 400127 680536 230618 704087 284696 611555 141721 645016 908316 371259 325239 160182 264785 644266 483401 810874 688793 147828 540607 387396 751351 810665
487294 14122 514991 530724 246765 712172 687055 500902 275019 336229 370941 712877 290634 319760 334351 558857 369841 523349 586506 179986 696869 335424 168653 421929 647766 454099 581344 278157 820959 156268 406314 219625 142330 454276 731734 514219 570883 484310 999999999 362250 455112 534012 620473 389269 425238 149394 108981 538537 143835 321535 332524 351769 458489 614751 506813 374137 292109 807890 323841 329715 147767 409233 581699 336219 331641 596547 459367 495851 612263 393299 469798 410905 747652 569529 459366 277341 812463 460777 363817 636054 451800 238477 388194 286800 418857 191806 426405 456645 353073 492412 301032 325868 296484 357474 677505 524411 701897 134120 378258 645117
842371 357551 418575 892023 143761 886205 759378 859414 597393 457398 694201 805101 512637 145927 85298 406997 586955 786832 797881 460906 990941 33033 474681 668521 785590 234369 779862 463692 822397 474851 635393 388735 388631 116978 838314 871090 923996 845061 362250 999999999 341293 489280 623169 196026 768784 226241 374995 874845 476848 658480 161381 713106 804834 801718 467188 323244 600550 1108866 137257 683341 268059 350618 899055 658586 39849 595879 142199 224424 631856 752489 321793 209921 1002030 597208 798532 189824 788606 192278 665408 783255 776540 163432 726389 382904 765598 266502 64916 733274 650747 833686 651097 393304 556384 153566 835134 869280 948672 482151 327478 697525
904471 461742 78031 882548 275658 615526 441268 834344 729010 257876 822837 492749 375077 465231 260451 104158 412226 609109 567667 410378 823002 356362 621970 497877 501015 133440 541377 320505 482198 455820 456396 293060 362176 440343 530598 837414 871420 834892 455112 341293 999999999 151432 288943 145580 863299 419058 378896 785576 474167 768961 484690 722006 892022 550572 133642 86782 747210 940181 214495 759501 308991 64034 773796 789066 313227 262510 473316 194892 302567 742518 39726 135393 788124 274881 724863 205367 447314 193575 818919 505207 680020 265004 832291 223642 713395 504390 347314 580187 542081 759757 738120 194615 743343 188627 558214 799292 732330 584862 84135 375731
934253 543614 85718 881884 404987 493068 296139 829014 796160 242033 883818 349790 363845 605176 406109 155167 370044 541355 471959 438155 748284 501644 702122 445276 374820 282541 442379 320676 333298 489776 404255 330219 412255 591258 389411 827944 851393 836342 534012 489280 151432 999999999 137823 295426 908567 533454 438091 752451 512407 825545 625096 739029 932943 443003 27356 180409 819054 860837 356939 802762 400984 145290 723344 852451 458672 111968 623852 338992 153712 749642 182525 286669 690731 133061 703199 331796 303411 342819 889819 383041 650255 390291 883702 253855 702910 622091 498499 528859 519152 735675 787148 213799 830338 335715 434272 774761 635798 651908 175542 229884
969139 631806 221496 891028 528339 389358 166901 835353 865473 291742 946206 222438 394215 732515 538897 279959 370635 499148 402681 492553 689854 633509 783988 426515 272035 420330 371221 367059 206624 545078 390322 402872 485490 727574 263641 830534 843568 848608 620473 623169 288943 137823 999999999 431476 957283 644363 515815 735304 569605 885560 752631 768110 977455 361009 156585 304595 891644 794829 488415 852275 502690 273382 690345 917461 590929 27411 759690 475838 29022 769670 320225 423775 609874 57908 698741 455824 192007 480584 960255 285553 640421 511780 938121 334082 708815 733439 635254 504629 523406 727707 841882 296259 914815 469938 331181 765015 557606 725130 299913 102765
869259 391842 222562 877621 160049 728053 576211 835321 661216 320249 758550 625082 411950 325834 118102 217018 470866 675750 659399 405551 888766 212979 544431 557885 619293 65140 636792 356044 627609 439478 519146 298903 340628 296098 660841 842257 885301 829330 389269 196026 145580 295426 431476 999999999 813777 312155 344590 814368 451566 710755 344640 705339 846092 652532 274892 146942 673944 1007705 81259 715181 245611 164988 818915 723276 170151 404492 328439 114333 442558 734697 126906 22223 875073 410844 745182 112108 592745 86748 744620 620196 709730 158260 777442 256804 723660 389150 204113 634075 573134 781013 688700 249051 654367 47086 673251 819606 819769 523372 149960 512183
100983 424335 911513 271188 670228 882138 963711 294473 177999 671725 101728 967940 563422 679917 755619 967065 603478 619004 740970 470702 672333 737949 296909 590297 872541 878241 754364 593047 1131808 418800 606843 580671 502913 838113 970214 317252 378843 257036 425238 768784 863299 908567 957283 813777 999999999 542611 484405 443479 396338 111200 683631 218793 37869 792682 883376 777480 189145 740787 748840 105831 568972 808740 532991 127347 744534 939154 832035 921079 940056 250927 884009 835150 791252 899930 392650 701670 1140961 885907 162599 853837 440761 663307 46666 657377 343646 520720 833552 557659 472869 398631 125623 696484 274872 782706 874333 398402 769875 292165 780826 944727
616790 140842 491452 676848 152106 808159 742034 649130 372672 392439 470184 776632 390728 171307 222796 515489 472613 649330 694225 299935 834918 195942 250108 539094 728057 375430 683950 359433 850807 293123 515791 283704 237117 307465 801710 662964 720164 631172 149394 226241 419058 533454 644363 312155 542611 999999999 209301 686440 286486 432520 185407 498397 578599 713653 506545 354860 378251 948518 233094 457827 147768 391470 725539 434435 203023 617952 310607 400974 642825 541462 421131 334196 873436 601495 607533 214504 831809 364391 445701 719775 596734 156582 500506 323833 567987 89108 291094 586156 488104 641004 425155 354804 345506 269729 766391 673499 824563 257024 359670 690564
529291 122166 429720 535084 236460 609697 578106 495666 358276 228274 448028 604046 187293 374279 323546 482729 268635 440081 489075 91507 629363 355151 268196 330352 540742 405846 481246 169533 714164 100806 309141 112974 33518 482421 623387 504702 553422 486895 108981 374995 378896 438091 515815 344590 484405 209301 999999999 499850 108034 391873 390694 360935 513437 513128 411385 293277 381014 744769 296750 380903 109391 325406 527296 415627 338058 492695 495102 457983 506237 392242 400328 364155 664135 463518 423787 236617 707717 426102 451733 529709 402337 220616 453911 185314 392941 278701 434093 377571 282858 459115 359268 225375 399025 324016 572599 495302 615414 213818 296739 536779
380534 549212 796727 210929 734986 507895 669816 160816 510739 529264 512811 651805 410996 857691 819663 871988 382811 253004 383338 416751 229306 854448 551904 310299 545066 865142 408816 466731 852091 400539 349609 515465 488476 980800 638342 141522 117139 195824 538537 874845 785576 752451 735304 814368 443479 686440 499850 999999999 401751 466246 870971 251559 434322 441627 735804 706271 543150 304115 785925 391374 607815 721543 92606 511787 837735 728426 991037 927156 709434 203389 820563 829481 357957 680725 79403 721066 881607 900944 568259 523849 105690 717816 463052 567523 127168 723682 933437 230778 243986 50832 416132 591378 629190 806760 522314 48473 348475 483693 707045 679164
430392 156659 516975 427079 342069 591778 603567 387881 298477 278960 376622 620459 188203 457618 430129 576455 255264 383857 458957 77066 553034 454589 241802 290509 542227 511826 458061 202648 756793 25047 282578 184947 113323 579808 633186 397381 447699 378875 143835 476848 474167 512407 569605 451566 396338 286486 108034 401751 999999999 316253 471861 253908 421890 493819 487079 387414 327126 664325 404702 290641 216272 416327 439317 348086 441295 549402 589340 565349 555342 284212 499107 470684 607077 513634 323711 344540 758392 533839 393007 527773 310248 327226 371730 261351 288768 335585 537760 315771 210341 358224 275058 300208 368688 432004 563669 392896 563054 168682 390293 572263
200036 319181 821583 333852 563609 852893 908300 339748 68987 595207 61981 918289 496844 568839 647788 873101 548336 599581 711627 393160 687837 627426 185717 550444 828923 775627 720728 518509 1069131 340556 559938 495350 414212 726913 924954 361730 427412 305380 321535 658480 768961 825545 885560 710755 111200 432520 391873 466246 316253 999999999 572774 216254 148499 759005 799530 684401 89008 770248 643321 75282 467959 717158 548360 46041 634987 865611 720947 816028 870606 262859 787285 732429 792562 829236 401452 598874 1073359 780461 103326 811583 437629 557755 68049 571952 348577 409615 723155 533082 436090 416817 54129 611840 181108 677852 837960 426993 764068 187418 688031 882934
768635 322356 562694 849515 226306 969829 873927 826022 505942 541530 597049 914815 563546 20191 226556 560986 644307 829591 864747 482165 1019200 134626 388458 716411 880028 391670 851577 524864 956956 478329 689856 446603 415424 163793 944305 841128 900241 805414 332524 161381 484690 625096 752631 344640 683631 185407 390694 870971 471861 572774 999999999 673252 721201 878554 600660 448095 501066 1133404 270224 612821 306831 480702 910940 562891 175470 725253 150115 385803 757255 718727 471315 361971 1052559 719178 791861 297244 928239 353314 557926 874372 782105 244888 638270 467130 751039 164265 204185 768173 672259 824923 577769 488945 439596 298160 923773 856598 1002307 420167 452812 816078
202103 358247 757116 178982 587626 663666 756799 153583 259436 497011 267453 756842 377587 663396 676620 821985 401771 400252 522730 311635 471622 687012 314429 376815 658553 765724 537045 418520 930190 268234 397720 428956 366494 805457 756578 170777 234429 132775 351769 713106 722006 739029 768110 705339 218793 498397 360935 251559 253908 216254 673252 999999999 224984 575245 716053 635469 291631 555559 655607 142909 466031 661512 332108 262212 680804 752854 808771 818909 748068 50874 749393 724571 579831 710203 185273 597297 944576 786940 319310 639286 225367 574871 224640 501293 132602 513806 776635 339166 259885 201409 164848 536810 378661 684392 657415 215737 554777 257313 637896 743814
69617 458148 938470 250468 704288 887704 978086 279961 215772 694402 137583 980291 583240 717337 790209 995510 619198 622562 747160 494800 663625 774176 334034 600967 883083 910322 761953 615387 1148409 443555 619768 606778 530540 875251 981031 302468 361358 242484 458489 804834 892022 932943 977455 846092 37869 578599 513437 434322 421890 148499 721201 224984 999999999 800113 908104 805857 226868 726963 782320 132539 600815 836492 525389 164828 780084 960019 869445 954221 959452 250411 913646 867315 786763 919862 389193 734011 1159317 919255 196989 863972 440634 696886 84431 683239 342563 558112 869657 563455 483611 391775 157515 721946 311737 815856 882374 387852 767907 326341 809090 961394
768366 628854 519018 637419 666384 97986 242559 580670 767770 344339 819838 213661 325835 859503 720766 595829 245017 190123 58290 435558 336387 797308 734690 209797 107842 674521 38393 354890 421283 471729 211255 432563 481115 918506 196798 568189 558648 605793 614751 801718 550572 443003 361009 652532 792682 713653 513128 441627 493819 759005 878554 575245 800113 999999999 440675 506723 800494 435272 670815 701001 572846 498320 371315 801466 762415 367101 942838 740499 331987 554269 590204 656580 249843 322710 436356 612035 460077 729654 855581 87155 375185 645811 790580 419193 468671 790690 839256 237746 323113 453799 706016 410185 857437 671445 83120 483235 196691 659268 504345 273636
910350 516363 78980 861092 379423 495583 308391 808700 769564 219541 857596 360768 342392 580677 383387 155229 352997 530035 466574 413337 739039 478570 674994 430590 378245 266675 437692 297534 356616 464687 389189 304191 385897 570989 399467 808148 833047 815227 506813 467188 133642 27356 156585 274892 883376 506545 411385 735804 487079 799530 600660 716053 908104 440675 999999999 154411 792268 852789 333578 777609 373646 120063 709441 826078 435741 129642 603137 325662 168953 727724 167871 267522 686507 142475 684755 306245 328729 326959 863112 385044 632822 364384 858061 227619 682974 595262 478735 514421 500230 717655 761573 187693 803097 313739 437112 756895 631220 625197 149556 242531
817755 381717 141380 797147 225160 581144 436269 749598 646297 185594 739118 482911 295363 427999 237984 189653 340937 543044 516127 323899 757338 330594 542263 428009 472613 171518 492399 239569 509146 369046 387426 206641 275639 433718 517328 753235 788895 749355 374137 323244 86782 180409 304595 146942 777480 354860 293277 706271 387414 684401 448095 635469 805857 506723 154411 999999999 665631 875655 186292 673377 231119 36755 699483 705728 288709 277200 463558 238062 310433 656618 115728 149860 734037 274361 643293 152060 483095 223486 737287 473285 600581 209975 747118 139806 629804 442943 345364 508292 462290 678510 652510 116377 666330 174129 526323 717947 678419 501654 4867 374316
