NAME : synthetic_000004
TYPE : CTSP-D
DIMENSION : 100
GROUPS : 8
RELAXATION_LEVEL : 1
EDGE_WEIGHT_TYPE : EXPLICIT
EDGE_WEIGHT_FORMAT : FULL_MATRIX
EDGE_WEIGHT_SECTION
999999999 96761 525657 549385 206804 365850 71748 415060 721889 442055 319155 732571 298179 463438 580134 571369 128666 54384 618128 160616 380139 335294 381297 404221 451821 461289 438797 226468 253718 266259 510187 342865 444228 639501 450029 139521 377377 341610 33138 538898 163523 416550 387980 412879 594241 358942 605140 357379 488820 586343 358070 456660 625432 193616 303146 422344 289847 493549 663433 593619 323258 279526 501245 554095 455077 222163 615678 250042 750444 359810 497673 274139 363259 472824 292274 123801 443548 541853 483379 599555 467054 310681 702033 415364 514851 228111 574009 564135 468709 162469 340592 635182 444520 137819 259487 588080 542622 446743 327191 388635
96761 999999999 477443 637695 233195 461792 31447 343511 665209 454487 296863 799958 323731 442566 512633 629077 197787 148653 555266 247706 346740 402349 362054 500966 381899 425655 395800 321953 318374 316074 533817 334870 535408 695057 480942 138034 445557 246082 105100 593271 124495 404180 479472 329790 557112 317640 676796 414764 551363 588022 404136 551611 561530 199257 264475 518965 383219 396860 607041 576498 227823 182774 522494 473500 453136 306651 587756 181819 691905 451842 445631 320314 379244 382779 372826 181296 540178 499843 403643 556214 413062 217592 769106 499187 530907 324773 494274 597431 374164 211471 256594 574925 396600 71140 284603 628440 576963 387259 421678 483991
525657 477443 999999999 814345 710461 819919 475043 182148 202006 307648 750475 792097 359012 152357 138081 609731 489015 571694 131761 676535 780873 533081 813247 829409 720855 89593 89113 649901 779373 787941 384053 242822 760886 642887 398670 615003 558432 388805 500652 569018 589050 199521 721950 625308 101153 743133 724588 494781 587293 301398 442879 913640 142484 356716 702561 853226 670510 490181 145524 203277 388695 436247 367985 737696 241520 737716 160690 590192 233176 706745 37489 429107 318976 314356 809837 464896 871338 41775 216495 82517 795799 503684 765861 677999 346190 689115 758434 463162 546433 682016 579157 132758 81348 530644 364850 517320 457248 759528 801185 847788
549385 637695 814345 999999999 658000 323042 606651 822245 1000190 523862 815208 307125 462811 669385 934685 301024 445329 514453 944864 485644 883919 286941 861692 265417 994639 724778 738585 335774 571638 625762 490254 577161 112279 342086 439570 658801 256340 854515 532899 317043 702584 615956 166185 962222 815156 875943 199339 319756 256438 632755 371499 341612 955333 532767 822998 276413 266298 1019935 951889 725665 836992 810676 499505 1102586 589367 482075 788830 796526 1032552 194981 810106 400182 495438 943758 499981 468169 271922 800234 907217 845847 992716 855021 289007 146303 529868 367510 1122072 455909 1009262 598192 889962 946885 759706 687050 471388 422614 442555 979812 366798 334606
206804 233195 710461 658000 999999999 382323 237219 572076 897786 648440 158641 891500 503228 665251 741845 748561 320602 190371 786381 172406 227398 509143 204598 439746 369933 655533 627760 326991 131172 98258 713691 547841 545769 817899 651249 98496 547081 431709 239631 720810 143974 620907 492764 379293 787974 225954 759221 541887 661959 793141 552419 448377 792205 399500 180460 448271 395510 539297 839757 797282 416154 355183 705564 493934 661528 188569 814941 219835 924010 464503 678824 471351 569506 583920 218183 324290 467666 731897 623844 788663 343300 342154 862178 548643 720392 290570 509080 762825 486177 61467 324845 806833 629452 191962 465130 781919 740960 338422 330768 393101
365850 461792 819919 323042 382323 999999999 437391 755765 1021715 608059 538995 614638 479527 708025 907161 536129 335642 313183 935031 228969 606728 352693 573790 61788 748688 737294 731612 170101 269266 324025 625017 585109 222455 598849 557267 419528 363784 707450 369155 527998 473722 650750 193627 741642 859307 608220 487116 404654 454556 753467 448563 94823 944002 467270 561714 65972 164679 855975 965358 810807 689103 643421 625925 869183 656292 193868 857253 570680 1053086 179423 801483 410901 543284 834993 185589 361928 85565 822195 832905 877859 725284 664668 590817 280845 652615 140301 885902 632790 822883 331824 675946 946267 745623 482515 461158 624371 612466 720530 52031 28246
71748 31447 475043 606651 237219 437391 999999999 351015 666674 432940 316201 769237 298516 430309 518617 599344 166369 125785 559206 229524 369305 371390 381080 474642 412028 418316 391037 293367 310337 313455 509958 318012 504883 665672 455400 147634 414561 270262 74783 563948 145111 389090 449055 361177 550787 341937 645683 384768 520984 569676 375653 528399 565949 176853 287738 493211 353455 424690 608287 563553 251886 210528 499130 504812 435303 290064 578322 210948 694191 421583 444656 291473 356478 401551 358388 150287 514384 495134 415723 552171 440509 248414 738403 467829 508765 299020 525540 571702 404273 207588 287988 577756 393758 97510 259149 601423 550987 415687 398929 460338
415060 343511 182148 822245 572076 755765 351015 999999999 332218 387160 587856 866092 365115 261145 169770 677577 422423 467604 216135 575227 611301 536155 648194 778217 539857 195556 151553 589568 660889 659251 478852 265134 747486 724847 467526 473702 571569 207379 398306 635429 438019 273414 699751 443592 282814 572441 775423 512402 632739 441131 468634 850457 221074 298675 536284 800420 627535 316269 276426 366187 208693 260979 462412 556232 336012 637047 338308 422415 355637 678792 144768 422324 358988 152904 707309 395549 820436 220705 85090 262492 617206 325167 837072 677099 450043 616718 577152 561154 366663 554982 400079 238920 131305 382214 351115 611582 549061 580434 726984 782032
721889 665209 202006 1000190 897786 1021715 666674 332218 999999999 478829 920014 939989 555388 331399 172635 768466 690920 769798 118913 875758 941645 725498 979962 1030147 853422 285992 290941 851760 974950 979986 536754 440885 954585 789555 568237 800320 747004 527578 698545 730468 768276 386901 918285 754482 187942 902346 890653 683515 760680 417167 630488 1115269 117449 558467 867976 1054076 870900 578938 58465 303032 533231 590329 522558 844076 411920 937290 233024 754039 32421 904456 224893 626289 507676 405223 1009315 666622 1071920 202983 313643 154391 937572 649643 916695 868981 495295 891100 862762 606364 649839 874227 722123 93599 279860 711277 564570 660048 606218 899984 1003185 1049626
442055 454487 307648 523862 648440 608059 432940 387160 478829 999999999 749076 487890 147741 155330 441836 302801 338057 463923 438762 543246 801215 266485 813808 598842 811775 223239 253090 451665 665246 694267 93462 137581 490858 341417 91173 575125 277645 526878 409006 261663 577774 116371 463975 734453 292000 771646 417254 217269 282480 150787 165325 693612 449550 256088 718948 623106 443972 680478 433957 208220 516005 530441 77775 872594 67379 594476 266404 627328 510973 456806 314720 202588 79019 538216 661628 327269 637532 284848 464690 324735 860117 600109 460587 400939 77183 504094 894587 174729 708750 598838 668106 435421 277370 525301 183887 224422 161902 830280 606080 635999
319155 296863 750475 815208 158641 538995 316201 587856 920014 749076 999999999 1038863 611730 736297 752817 886856 446408 323982 802849 329846 68836 647914 65216 597374 230482 711863 677065 481706 275926 226418 824265 631715 703130 955666 766843 179654 688168 406275 351022 856063 172368 700407 649443 270147 839233 73749 907784 674726 802129 884831 677225 599790 806767 493002 58099 604948 550955 466588 864176 870467 395514 333907 814063 357229 749989 346068 876294 167777 942612 620939 715259 593203 672178 557642 365922 442902 623892 778788 620153 832343 186994 290247 1008984 701328 824646 448314 369232 882026 398720 217063 240543 826559 673098 228900 572323 907162 860720 187911 487109 548079
732571 799958 792097 307125 891500 614638 769237 866092 939989 487890 1038863 999999999 517354 640702 928503 188584 606026 716009 920730 725220 1104959 398310 1094140 562881 1180783 710682 740659 569513 832286 882719 408625 601231 392345 150568 400369 864813 355532 965023 706118 230705 896079 603692 426782 1127227 754788 1088543 133075 388101 250226 524716 413360 646557 931489 633543 1032940 577485 506521 1130285 904508 637659 950136 943071 424395 1271484 551423 740254 707740 978617 970253 449326 802105 488099 507535 1011327 774875 619071 575777 764152 947551 793222 1199358 1002259 30915 349814 448281 617347 1292695 333840 1140496 830085 1054382 913682 764850 863794 546491 279945 336092 1179216 650857 630996
298179 323731 359012 462811 503228 479527 298516 365115 555388 147741 611730 517354 999999999 230093 472651 331571 190325 316833 486407 395969 667427 176530 675680 479484 697297 270437 277872 315167 517624 546630 212648 116480 402138 390417 157238 434566 207914 448473 265051 291008 443143 172486 363198 629245 382519 640439 414550 147353 272612 297653 105703 569709 496593 127561 586192 503742 320179 613028 502313 333939 434158 433233 203145 771876 179995 448367 377736 503380 587622 349103 350153 71087 69922 500403 516656 180105 520413 352453 450001 405014 736171 497813 486994 321539 217203 364501 793677 273766 626441 452170 558863 491365 297946 394700 39446 307199 253513 708954 471132 507770
463438 442566 152357 669385 665251 708025 430309 261145 331399 155330 736297 640702 230093 999999999 287802 457477 394088 500195 283478 596790 778368 394814 801312 709561 753995 72120 111289 540905 710884 729277 234175 126503 623984 492195 246432 577824 415607 438198 433278 416680 565314 57609 589579 666253 152510 744053 572476 352123 436180 180978 299092 799179 294261 272563 696336 733809 550180 573688 282606 134173 431704 462486 217805 794733 89365 654909 154401 591557 363817 577445 162126 300906 176612 413539 726153 374295 750502 131298 328354 177752 816270 534063 614113 537694 198625 586665 816454 315091 615113 625846 607909 280914 134656 507565 247378 368620 307415 782728 696349 736258
580134 512633 138081 934685 741845 907161 518617 169770 172635 441836 752817 928503 472651 287802 999999999 744630 571526 631356 54568 738959 771603 649170 811496 923873 680842 218754 196615 738031 828941 828628 521285 357527 872723 779844 532117 643469 678502 355685 560818 703452 607146 329010 829723 581947 212667 732058 856745 615554 717351 437318 565531 1001925 55289 440564 699548 946966 768026 411807 125250 333039 362110 420620 505080 674622 377101 800937 277566 585748 191122 811804 127609 539457 443314 234953 872015 545385 966194 173206 141054 174834 765011 477969 901836 794162 483948 770622 693808 600946 479993 724004 549885 82079 174981 551786 470499 655005 594554 727398 882358 934258
571369 629077 609731 301024 748561 536129 599344 677577 768466 302801 886856 188584 331571 457477 744630 999999999 442719 563438 739990 592837 950419 239599 945751 497500 1010922 526019 554211 445211 709855 755584 231713 412654 333592 69385 213339 708603 202081 780043 542212 42151 733711 417423 343916 951596 580984 930307 127241 214866 87849 363251 230234 592798 750784 451962 874506 517655 394269 944308 729006 470892 765646 761947 246146 1095578 368211 620096 539858 810270 799668 356903 617486 310198 318951 822828 667462 451508 522897 584250 759274 617791 1036923 823606 159556 255942 273231 499264 1117088 170282 957412 688299 879428 734811 578268 696020 362935 126052 164530 1014142 560281 558512
128666 197787 489015 445329 320602 335642 166369 422423 690920 338057 446408 606026 190325 394088 571526 442719 999999999 130419 600218 206737 508467 207827 507372 355808 575189 410861 399982 167316 327434 356794 395076 267593 349178 510840 331172 267000 250501 411555 100202 410334 291377 340070 295163 527538 539297 487604 480496 228798 360590 487757 232560 430429 609008 132712 431811 378019 209279 575446 633652 514255 393662 365356 388071 671064 364692 262025 548283 372839 721699 269828 468135 150753 259882 516807 332534 26955 398014 495668 502181 552818 594972 412077 575338 303440 405427 200480 691700 442236 564327 265725 454353 612425 412292 258098 156358 462757 420391 573574 312693 362754
54384 148653 571694 514453 190371 313183 125785 467604 769798 463923 323982 716009 316833 500195 631356 563438 130419 999999999 668081 107690 389132 324113 382321 353814 480531 503618 483808 183161 210865 231705 524918 376409 406335 632472 461520 149312 364186 394606 71261 533750 188310 450474 350113 450493 636088 372950 585971 353328 478251 611688 362084 403122 675642 227651 317630 371104 250115 543793 711417 627522 376303 330477 517437 588829 483766 169631 653882 282393 798848 321423 545047 281136 384988 527161 240749 136734 392330 585749 537107 643575 485996 356646 685904 386634 533679 177428 608014 572512 515325 135673 379679 684374 491016 177243 280087 591798 550629 469236 273374 335369
618128 555266 131761 944864 786381 935031 559206 216135 118913 438762 802849 920730 486407 283478 54568 739990 600218 668081 999999999 775254 823284 661949 862247 948661 735060 220578 208959 765144 869228 871213 512110 369965 888460 770851 529901 688312 688654 408671 597028 699607 653988 331160 847733 636227 181509 783889 855954 625118 719022 415835 573646 1029522 10795 467847 750249 972117 791108 465796 71049 306293 414454 471997 496363 729069 372109 837168 244747 636331 139768 831244 136563 555349 449926 289406 908750 574692 990870 156672 195378 141100 818771 530770 895037 807109 472968 800451 748194 589367 534462 765966 603214 27739 191153 597762 488549 643749 584907 781212 912583 962493
160616 247706 676535 485644 172406 228969 229524 575227 875758 543246 329846 725220 395969 596790 738959 592837 206737 107690 775254 999999999 398655 357331 376650 279916 524520 605601 588078 156427 123531 163259 593128 470974 373449 662058 526306 190938 391068 492047 178274 569063 244758 544502 320373 512917 737158 393051 592304 397412 505104 693602 418873 311119 782920 325790 342327 292703 223793 632467 817468 720077 474033 423188 587920 642536 571401 61979 751159 341819 905116 292167 650871 346695 465838 630194 133615 223152 313441 688830 643957 746626 510661 438150 696527 378731 607645 118474 659892 630061 595547 112847 446986 791168 596345 256483 363049 641332 608011 501408 181998 246555
380139 346740 780873 883919 227398 606728 369305 611301 941645 801215 68836 1104959 667427 778368 771603 950419 508467 389132 823284 398655 999999999 712177 56466 665473 183275 748867 711912 550071 341604 290288 879249 679341 771875 1018952 823732 241817 752952 417966 411057 918767 224305 745805 718084 244397 873026 40052 974323 737241 866406 933076 737391 665514 826376 545584 82594 672633 619407 452959 887201 912185 409819 351319 868414 307464 798023 414292 913592 190726 962570 689544 744713 652994 725548 563951 431401 503193 691381 811505 634937 863291 122657 296587 1074939 769099 877531 517127 316836 939595 379447 285846 233841 848062 705882 276183 627990 966605 918545 131395 554766 615166
335294 402349 533081 286941 509143 352693 371390 536155 725498 266485 647914 398310 176530 394814 649170 239599 207827 324113 661949 357331 712177 999999999 706323 335646 782521 443706 453990 220439 477714 520587 272421 292262 229176 308851 205145 470519 43278 587446 308009 212350 498716 338609 197692 731134 545775 693382 274804 52114 154243 404457 101179 432331 672243 254976 637593 359646 189323 754554 674310 474574 570970 554964 273940 875261 324577 391087 529853 580312 757898 190719 526082 113907 218229 662567 446393 221103 372879 522973 621227 572522 802328 609636 367577 145191 301518 276655 896241 285319 754838 449140 658032 665808 474389 465491 185049 287476 264002 781354 360795 379646
381297 362054 813247 861692 204598 573790 381080 648194 979962 813808 65216 1094140 675680 801312 811496 945751 507372 382321 862247 376650 56466 706323 999999999 633802 239353 776161 740906 531577 305251 251637 888302 696915 749413 1014792 830260 241988 745863 461076 413596 915837 237564 765611 696938 299584 902922 91512 962333 734870 860305 949981 739096 627162 865834 557786 111999 639300 600081 506072 924616 935475 451546 391119 878282 362545 815163 384528 940706 225932 1001912 668807 777735 655400 736701 610019 393734 505076 657327 842190 676913 895315 171645 341688 1064536 753022 889209 494226 371083 945092 433791 265757 283745 886396 736451 294052 636317 969272 923683 185660 521782 580158
404221 500966 829409 265417 439746 61788 474642 778217 1030147 598842 597374 562881 479484 709561 923873 497500 355808 353814 948661 279916 665473 335646 633802 999999999 803383 744326 742306 189174 330058 384957 606648 590064 171575 557432 540395 470697 339602 744606 403224 493410 523594 651960 154429 792216 861896 665644 438273 387575 419779 740046 435339 97933 957996 483580 617954 24338 159555 897440 974849 804969 726217 683667 609139 922377 651437 251336 855179 620989 1061945 148380 813457 408946 539298 866256 247317 382714 42335 828583 857707 882972 783043 709405 540287 242012 637079 176406 939576 606741 868079 387046 724992 958256 757893 527813 465834 593561 587293 777122 112705 69193
451821 381899 720855 994639 369933 748688 412028 539857 853422 811775 230482 1180783 697297 753995 680842 1010922 575189 480531 735060 524520 183275 782521 239353 803383 999999999 709577 667636 660158 498271 452909 899024 677950 885309 1076599 853193 337406 825481 332490 475651 974783 292221 733816 829399 99113 819874 157710 1055585 796655 932999 925283 784651 818217 735974 569738 190166 814188 728974 305203 803870 882491 332255 291732 885846 126759 793372 555494 869866 202382 869683 800559 683383 701542 743609 452290 587343 561808 834243 757106 539792 802179 94829 220454 1150002 865937 888783 639071 139744 969205 226003 416867 146117 761853 655763 317100 659551 1004484 949799 60438 698025 761485
461289 425655 89593 724778 655533 737294 418316 195556 285992 223239 711863 710682 270437 72120 218754 526019 410861 503618 220578 605601 748867 443706 776161 744326 709577 999999999 44424 567771 713813 726930 305670 155001 671830 562888 313363 563446 468839 385205 433725 484749 544230 111001 633627 618397 132995 712874 638288 405189 499703 246615 353339 830344 231189 280800 668061 768306 584984 511273 231955 174574 380866 418393 289215 741724 159716 665784 164735 559184 317992 619037 91487 340975 229476 346080 737808 388108 786029 85041 257871 141964 777169 489186 683668 588529 270682 609374 763186 386955 557372 621642 564309 222310 64972 485612 278602 440293 378790 742373 720934 765338
438797 395800 89113 738585 627760 731612 391037 151553 290941 253090 677065 740659 277872 111289 196615 554211 399982 483808 208959 588078 711912 453990 740906 742306 667636 44424 999999999 561527 692413 702641 339892 161737 679674 594468 340873 533827 482277 341643 412976 512462 511536 136967 638786 575664 162334 675342 662659 419148 522144 289778 368924 825545 218984 267613 631784 766000 583881 466943 233893 218478 337790 377112 323327 697875 193669 649100 203283 521603 321846 622481 72412 346427 246904 302933 721232 375792 784363 104137 217241 161227 736735 447460 712975 599171 307058 600183 719291 421976 513032 596861 522805 216183 24332 452857 279785 474509 412385 701586 712298 759409
226468 321953 649901 335774 326991 170101 293367 589568 851760 451665 481706 569513 315167 540905 738031 445211 167316 183161 765144 156427 550071 220439 531577 189174 660158 567771 561527 999999999 265584 313946 482078 416648 225258 513694 413406 323363 247029 560707 219452 425529 369032 484065 169700 633604 691244 540601 436476 267978 357517 600795 302211 264383 774180 297634 487327 210927 69577 718037 795308 648889 542364 503894 480267 771189 494474 174947 691997 464766 883076 140844 631399 249787 381812 678008 226046 194079 231167 652756 668626 708751 657088 537064 541133 222310 504437 56238 790074 504731 695176 265904 562822 776201 575545 360060 293528 507678 483104 644075 155976 197891
253718 318374 779373 571638 131172 269266 310337 660889 974950 665246 275926 832286 517624 710884 828941 709855 327434 210865 869228 123531 341604 477714 305251 330058 498271 713813 692413 265584 999999999 55003 716596 586474 460620 778676 649835 209055 509362 545024 280090 688102 263522 660470 412882 510441 846519 348193 699308 519522 622015 815181 542264 323977 876116 438330 308107 334395 325766 664604 916486 837170 528246 470154 711256 623418 690837 92058 864706 348674 1003126 386831 751141 470055 587299 693313 89998 341241 352159 795191 721775 852957 462789 466417 804601 482595 730658 214984 637904 753217 614877 110545 454798 887230 698212 299309 483540 763385 731178 462512 217450 274907
266259 316074 787941 625762 98258 324025 313455 659251 979986 694267 226418 882719 546630 729277 828628 755584 356794 231705 871213 163259 290288 520587 251637 384957 452909 726930 702641 313946 55003 999999999 750497 607047 514436 824701 684849 191288 554075 528216 296012 732266 241141 681063 465873 472280 859924 299698 749651 560150 667775 842903 579435 375846 877564 457651 263523 388945 376559 637423 921636 858267 512268 451989 744229 579033 715470 144299 881891 317308 1007232 439387 758034 503926 615578 679491 142100 367319 406457 806361 715213 863828 412347 440409 854679 533511 762183 265763 592632 791144 583231 105941 421127 890498 706594 285121 510868 803945 769086 414156 272299 328948
510187 533817 384053 490254 713691 625017 509958 478852 536754 93462 824265 408625 212648 234175 521285 231713 395076 524918 512110 593128 879249 272421 888302 606648 899024 305670 339892 482078 716596 750497 999999999 230209 477306 258893 68678 647185 268731 619731 477122 194270 654971 205796 460630 824043 349330 851376 355089 220377 235387 142591 179869 703975 522867 334710 797620 630347 460997 773932 497816 241328 608549 621038 16571 963333 146368 639139 309201 710621 567985 459259 396301 246719 155737 630594 702369 389401 642329 355530 554672 386484 943828 689987 383214 385788 41790 537287 985317 82399 801610 660561 756564 505298 364195 604958 251985 134712 73281 915086 630712 652054
342865 334870 242822 577161 547841 585109 318012 265134 440885 137581 631715 601231 116480 126503 357527 412654 267593 376409 369965 470974 679341 292262 696915 590064 677950 155001 161737 416648 586474 607047 230209 999999999 518617 461949 205275 465025 321003 389523 311539 370526 459352 74066 479128 598373 274630 647576 511613 258263 369222 253740 209445 677381 380180 149488 596747 614133 430566 545073 386881 251225 378464 393714 215052 735554 118695 528670 280735 499190 472949 464131 233848 186287 93854 410974 599783 248095 631606 238588 347895 293104 730366 463926 572061 437449 212773 461089 757545 309303 571402 505105 533240 374970 182546 403759 124329 355489 293946 699262 571452 613275
444228 535408 760886 112279 545769 222455 504883 747486 954585 490858 703130 392345 402138 623984 872723 333592 349178 406335 888460 373449 771875 229176 749413 171575 885309 671830 679674 225258 460620 514436 477306 518617 999999999 389736 416920 548616 213408 760732 430314 335622 593762 567739 56304 856067 774701 764375 266699 274242 263720 617904 327322 261821 898595 450924 711748 188483 156402 924159 903040 698587 742832 712348 483197 995162 551962 370441 756646 688724 986975 84913 752058 333431 447383 859715 391710 373863 190856 751917 831574 801697 881362 752962 369073 91543 513015 255243 1014328 461650 909045 486080 784376 893416 699016 581123 402430 440119 444374 869093 261373 238853
639501 695057 642887 342086 817899 598849 665672 724847 789555 341417 955666 150568 390417 492195 779844 69385 510840 632472 770851 662058 1018952 308851 1014792 557432 1076599 562888 594468 513694 778676 824701 258893 461949 389736 999999999 257346 777160 271447 837875 609977 101817 801398 457761 405503 1015339 604220 998412 147283 282303 156955 375103 292948 651108 781594 513854 942631 576634 461240 1000612 753953 487510 824035 823114 274901 1159037 403222 688637 557539 876601 819915 420475 654090 375085 369631 872862 734903 518827 580452 614199 804686 642681 1104282 886119 127740 318010 298032 567354 1180652 183285 1016765 757670 943549 763421 618764 762678 423870 129566 185946 1081001 625137 620286
450029 480942 398670 439570 651249 557267 455400 467526 568237 91173 766843 400369 157238 246432 532117 213339 331172 461520 529901 526306 823732 205145 830260 540395 853193 313363 340873 413406 649835 684849 68678 205275 416920 257346 999999999 588422 205113 588809 417209 171664 599608 204119 396714 782451 380656 797314 326084 153036 192454 201546 111196 637376 540686 284011 742844 564256 392978 748291 524467 286159 576199 582578 68796 923847 158337 571345 349689 660486 600219 393793 404700 181116 115594 615765 634071 327528 576803 375925 547808 414615 893372 649544 372291 325537 97057 468654 945760 116537 769880 596881 713147 526553 364941 551865 196368 153789 96612 865957 562239 584457
139521 138034 615003 658801 98496 419528 147634 473702 800320 575125 179654 864813 434566 577824 643469 708603 267000 149312 688312 190938 241817 470519 241988 470697 337406 563446 533827 323363 209055 191288 647185 465025 548616 777160 588422 999999999 511567 337578 171620 677111 56266 536580 492980 322114 695105 223769 735151 495628 624710 715260 497586 497968 694030 320406 168335 483619 392583 456973 742429 711175 321335 261873 637568 452477 581529 233027 724890 151332 826251 464114 582674 413637 497151 488254 283825 263306 504309 637851 525618 694128 336897 258847 834594 534985 649586 302185 470328 703113 411695 100168 257585 709023 534359 94041 395340 727590 681695 321382 371163 435780
377377 445557 558432 256340 547081 363784 414561 571569 747004 277645 688168 355532 207914 415607 678502 202081 250501 364186 688654 391068 752952 43278 745863 339602 825481 468839 482277 247029 509362 554075 268731 321003 213408 271447 205113 511567 999999999 629206 350591 178830 540888 360940 191941 774408 564307 734821 231528 63696 114896 406659 116516 437425 699098 295847 679069 362920 205556 796309 697361 485188 612883 597770 272844 918530 339859 420813 543806 623212 779422 191377 553766 151557 239996 701035 472413 264281 374112 545646 656639 593080 844411 652804 324867 123382 302022 302547 939503 269007 797537 486563 701303 691104 503527 508405 221554 263626 248789 823798 377614 389610
341610 246082 388805 854515 431709 707450 270262 207379 527578 526878 406275 965023 448473 438198 355685 780043 411555 394606 408671 492047 417966 587446 461076 744606 332490 385205 341643 560707 545024 528216 619731 389523 760732 837875 588809 337578 629206 999999999 341761 739383 287762 429744 706521 236527 488552 378085 855497 581578 716963 617004 551666 797679 410880 334159 350276 763413 616237 167111 475401 559767 18389 76752 604526 356865 493203 548887 540843 239081 546736 680619 351317 480996 473234 153796 611222 387179 784570 425900 217152 469796 411483 122356 934448 709719 600346 569267 378479 698128 181881 434513 194825 434528 327234 245737 418623 742111 681768 374304 667760 729968
33138 105100 500652 532899 239631 369155 74783 398306 698545 409006 351022 706118 265051 433278 560818 542212 100202 71261 597028 178274 411057 308009 413596 403224 475651 433725 412976 219452 280090 296012 477122 311539 430314 609977 417209 171620 350591 341761 999999999 509005 191503 385419 374406 431556 566469 388699 579972 327676 460678 553635 326446 461856 604659 162064 333007 422592 278697 498788 640159 562606 323384 284821 468131 574180 422785 240236 586174 273280 727587 346854 473814 242231 330177 465932 311723 92137 443657 515296 469865 573099 494946 322686 675457 395639 481718 229273 594499 531568 479009 193629 358629 613174 419875 158900 226350 556169 510113 473372 333935 393302
538898 593271 569018 317043 720810 527998 563948 635429 730468 261663 856063 230705 291008 416680 703452 42151 410334 533750 699607 569063 918767 212350 915837 493410 974783 484749 512462 425529 688102 732266 194270 370526 335622 101817 171664 677111 178830 739383 509005 999999999 700281 375780 338981 913804 542695 897642 160883 181536 73665 329951 191477 590171 710403 412886 841897 514628 379241 903257 690005 435066 725162 722595 207960 1057597 327564 599625 503398 774857 761874 348788 576175 273270 276851 780802 650139 417567 521518 544237 717134 578972 1002889 784995 201700 251792 236042 480664 1079181 141047 917309 661161 841910 694917 536480 661028 323293 106262 131424 979384 548607 551630
163523 124495 589050 702584 143974 473722 145111 438019 768276 577774 172368 896079 443143 565314 607146 733711 291377 188310 653988 244758 224305 498716 237564 523594 292221 544230 511536 369032 263522 241141 654971 459352 593762 801398 599608 56266 540888 287762 191503 700281 999999999 528305 537694 268656 673809 198420 768323 519101 651956 712493 515563 553479 659091 321782 143349 537250 437359 401374 710997 699449 272347 211208 644225 402577 577627 288966 707866 97453 793045 508898 555232 431006 501567 440288 339943 282756 558082 614702 484013 669770 303632 203142 865552 574194 653783 352455 421181 715636 355431 156010 202339 675872 509687 58684 403713 743702 694699 283444 426014 490667
416550 404180 199521 615956 620907 650750 389090 273414 386901 116371 700407 603692 172486 57609 329010 417423 340070 450474 331160 544502 745805 338609 765611 651960 733816 111001 136967 484065 660470 681063 205796 74066 567739 457761 204119 536580 360940 429744 385419 375780 528305 999999999 532545 649938 210091 712892 527738 297275 388736 191479 244650 741716 341832 223434 663318 676211 492596 575583 336436 177210 421039 444652 189281 783117 64140 601742 208843 562315 419307 520091 201401 243308 121000 425744 672579 321413 692893 184747 349028 234199 791051 516034 576039 482259 176979 530493 805026 288193 610246 578903 587966 331328 161175 471669 190669 339595 277152 758744 639705 678990
387980 479472 721950 166185 492764 193627 449055 699751 918285 463975 649443 426782 363198 589579 829723 343916 295163 350113 847733 320373 718084 197692 696938 154429 829399 633627 638786 169700 412882 465873 460630 479128 56304 405503 396714 492980 191941 706521 374406 338981 537694 532545 999999999 799765 741512 709779 296338 247134 265351 598162 298684 251525 857692 401753 656818 175949 100438 869321 865507 672160 688538 657057 464728 938924 522073 321575 727385 632506 950579 28866 711170 292848 413837 808366 349017 320360 184476 715304 783276 766688 826532 696974 401340 87977 493743 203031 958125 454673 853301 432568 728077 853922 657251 524823 359501 439551 435831 813772 224732 214831
412879 329790 625308 962222 379293 741642 361177 443592 754482 734453 270147 1127227 629245 666253 581947 951596 527538 450493 636227 512917 244397 731134 299584 792216 99113 618397 575664 633604 510441 472280 824043 598373 856067 1015339 782451 322114 774408 236527 431556 913804 268656 649938 799765 999999999 725047 208474 1005903 739729 877435 840832 722394 818773 637036 502545 216306 805610 700312 213021 705245 792352 238119 205341 810145 144256 711112 553221 776626 171228 770599 771271 587821 641494 670018 353264 595747 510635 826356 662364 440894 706082 189085 134449 1096319 827123 810844 620621 165558 897233 136202 414868 73199 663100 562587 275179 593033 935448 878659 151507 693081 757633
594241 557112 101153 815156 787974 859307 550787 282814 187942 292000 839233 754788 382519 152510 212667 580984 539297 636088 181509 737158 873026 545775 902922 861896 819874 132995 162334 691244 846519 859924 349330 274630 774701 604220 380656 695105 564307 488552 566469 542695 673809 210091 741512 725047 999999999 836014 702749 501364 573099 237630 448107 950981 191255 411534 793392 886123 702440 590750 150073 125402 487644 532843 334896 838750 225797 796868 64936 682420 219695 729787 138147 453397 327785 413982 868742 517620 902921 62776 315101 40759 893030 601487 730781 687232 308096 735425 859525 420973 647582 754616 677070 166275 167264 615126 398154 475090 419657 857138 846049 887511
358942 317640 743133 875943 225954 608220 341937 572441 902346 771646 73749 1088543 640439 744053 732058 930307 487604 372950 783889 393051 40052 693382 91512 665644 157710 712874 675342 540601 348193 299698 851376 647576 764375 998412 797314 223769 734821 378085 388699 897642 198420 712892 709779 208474 836014 999999999 958896 716196 847357 901235 713905 671545 786892 516897 55811 674182 610169 414737 848100 877588 370128 312056 840130 284242 766248 414521 877522 153749 923078 681041 706803 629355 696868 523903 438135 480547 693481 774275 595121 825607 117706 256580 1058291 756964 848301 511129 295759 913543 342290 280689 194115 808781 668777 246544 601084 942098 892725 114475 556567 618400
605140 676796 724588 199339 759221 487116 645683 775423 890653 417254 907784 133075 414550 572476 856745 127241 480496 585971 855954 592304 974323 274804 962333 438273 1055585 638288 662659 436476 699308 749651 355089 511613 266699 147283 326084 735151 231528 855497 579972 160883 768323 527738 296338 1005903 702749 958896 999999999 273927 142702 489846 308881 526474 866737 521440 903467 454697 373550 1022182 849170 595932 839764 827783 368519 1149992 484275 607294 664265 853203 922193 317707 729137 374547 418646 914750 642981 495510 455220 701811 859159 738464 1070852 884009 105567 217065 396875 484343 1170925 297490 1027001 697770 932779 852514 686181 738555 438737 252189 290887 1051760 521043 505112
357379 414764 494781 319756 541887 404654 384768 512402 683515 217269 674726 388101 147353 352123 615554 214866 228798 353328 625118 397412 737241 52114 734870 387575 796655 405189 419148 267978 519522 560150 220377 258263 274242 282303 153036 495628 63696 581578 327676 181536 519101 297275 247134 739729 501364 716196 273927 999999999 137892 352742 53261 484388 635581 247618 660434 411522 240899 748262 633707 425458 565902 555578 221832 883952 277740 435106 482460 595605 715935 241875 490445 100794 176311 645425 493015 236663 424495 481999 597330 529706 822127 614158 357198 185869 249510 324141 905278 236820 754024 483160 667103 627435 440632 481228 166017 243931 215139 799282 411745 431680
488820 551363 587293 256438 661959 454556 520984 632739 760680 282480 802129 250226 272612 436180 717351 87849 360590 478251 719022 505104 866406 154243 860305 419779 932999 499703 522144 357517 622015 667775 235387 369222 263720 156955 192454 624710 114896 716963 460678 73665 651956 388736 265351 877435 573099 847357 142702 137892 999999999 377297 166951 516639 729764 384045 791553 441078 307978 883070 716436 474625 701677 693069 245918 1021678 349841 532347 540358 731349 792673 275248 589846 238001 276704 772361 580452 371470 448205 566897 716548 606944 955562 752038 219330 178363 276036 411810 1042963 201430 891006 601458 804717 717082 545396 616649 298624 176403 186677 933850 476041 478045
586343 588022 301398 632755 793141 753467 569676 441131 417167 150787 884831 524716 297653 180978 437318 363251 487757 611688 415835 693602 933076 404457 949981 740046 925283 246615 289778 600795 815181 842903 142591 253740 617904 375103 201546 715260 406659 617004 553635 329951 712493 191479 598162 840832 237630 901235 489846 352742 377297 999999999 305232 836334 426117 395038 850482 764086 588807 754658 386866 114262 609493 635701 134854 972459 135053 745227 184143 752080 446660 594517 324906 352861 227884 592608 812395 475591 777237 264112 503570 278056 981950 707188 502828 526389 104890 653922 994295 194187 795351 745631 779396 403200 311580 657362 332109 245888 198961 949936 754125 781115
358070 404136 442879 371499 552419 448563 375653 468634 630488 165325 677225 413360 105703 299092 565531 230234 232560 362084 573646 418873 737391 101179 739096 435339 784651 353339 368924 302211 542264 579435 179869 209445 327322 292948 111196 497586 116516 551666 326446 191477 515563 244650 298684 722394 448107 713905 308881 53261 166951 305232 999999999 531221 584167 221728 658490 459490 283900 717157 580987 373477 536802 531730 178588 866137 224654 461789 429598 585954 662905 291737 439665 84558 123940 605926 523486 234368 473293 429263 553128 476581 816023 593578 382786 239125 204253 357498 887733 211791 727726 495808 650624 575387 390906 473136 133201 230275 189746 791253 451700 476083
456660 551611 913640 341612 448377 94823 528399 850457 1115269 693612 599790 646557 569709 799179 1001925 592798 430429 403122 1029522 311119 665514 432331 627162 97933 818217 830344 825545 264383 323977 375846 703975 677381 261821 651108 637376 497968 437425 797679 461856 590171 553479 741716 251525 818773 950981 671545 526474 484388 516639 836334 531221 999999999 1038539 561875 628770 75581 250444 942959 1059139 898537 779396 731844 706162 941319 744419 265552 946949 649093 1146751 246302 895687 500048 631713 927750 234115 456744 71260 915114 927293 970418 786731 749267 625797 338407 733843 234243 957027 704664 906525 404369 755552 1040522 839854 567473 553142 691042 685226 785513 130130 68683
625432 561530 142484 955333 792205 944002 565949 221074 117449 449550 806767 931489 496593 294261 55289 750784 609008 675642 10795 782920 826376 672243 865834 957996 735974 231189 218984 774180 876116 877564 522867 380180 898595 781594 540686 694030 699098 410880 604659 710403 659091 341832 857692 637036 191255 786892 866737 635581 729764 426117 584167 1038539 999999999 476756 753851 981415 800599 464105 73813 316245 417105 475216 507128 728116 382903 844859 254135 639976 136194 841083 146573 565410 460482 288634 916360 583391 1000223 167403 196201 150708 820292 533127 905811 817415 483694 809143 747081 600063 533612 772451 605155 31604 200826 603124 498417 654448 595649 782672 921240 971422
193616 199257 356716 532767 399500 467270 176853 298675 558467 256088 493002 633543 127561 272563 440564 451962 132712 227651 467847 325790 545584 254976 557786 483580 569738 280800 267613 297634 438330 457651 334710 149488 450924 513854 284011 320406 295847 334159 162064 412886 321782 223434 401753 502545 411534 516897 521440 247618 384045 395038 221728 561875 476756 999999999 463552 506523 329700 501078 501064 400644 318325 310042 323246 645700 262177 385337 426452 376719 589130 380248 335424 146894 180014 411011 457249 108180 525915 365014 381628 422557 609827 372288 602766 386465 332011 333191 667419 400444 507004 355668 431705 479755 279585 270368 90489 434759 380568 582012 445402 494666
303146 264475 702561 822998 180460 561714 287738 536284 867976 718948 58099 1032940 586192 696336 699548 874506 431811 317630 750249 342327 82594 637593 111999 617954 190166 668061 631784 487327 308107 263523 797620 596747 711748 942631 742844 168335 679069 350276 333007 841897 143349 663318 656818 216306 793392 55811 903467 660434 791553 850482 658490 628770 753851 463552 999999999 627536 556896 408890 812692 830266 340191 279342 786606 315662 715429 367896 832786 113938 889919 628019 666793 573957 643562 500742 397234 424925 647227 732247 565396 784799 169776 232826 1002661 702438 795376 459720 329814 858939 342049 231163 182684 774406 626513 193728 546788 886971 838029 159290 510492 573302
422344 518965 853226 276413 448271 65972 493211 800420 1054076 623106 604948 577485 503742 733809 946966 517655 378019 371104 972117 292703 672633 359646 639300 24338 814188 768306 766000 210927 334395 388945 630347 614133 188483 576634 564256 483619 362920 763413 422592 514628 537250 676211 175949 805610 886123 674182 454697 411522 441078 764086 459490 75581 981415 506523 627536 999999999 183718 914890 998691 829290 745028 701453 632976 934231 675774 259771 879511 634468 1085846 171553 837051 433239 563635 886704 248970 404872 21227 852620 879524 907088 791256 725530 555628 262895 661003 194242 951114 629491 884073 397348 739169 981878 781442 543592 489872 615483 610190 786420 117867 62832
