NAME : synthetic_000909
TYPE : CTSP-D
DIMENSION : 100
GROUPS : 8
RELAXATION_LEVEL : 1
EDGE_WEIGHT_TYPE : EXPLICIT
EDGE_WEIGHT_FORMAT : FULL_MATRIX
EDGE_WEIGHT_SECTION
999999999 314115 567513 400764 455642 542722 261546 469407 588583 157707 386414 246229 509508 106291 388938 322946 341513 515510 402319 169548 505045 256585 312726 374837 551981 372870 462469 140502 654301 548375 395262 561881 726388 332981 177057 451828 293435 388212 251273 499679 49598 283577 341018 366848 232891 199709 477081 289173 327482 237918 436054 471948 444759 113913 486728 529301 647029 519049 146784 155084 463275 469729 449480 191320 549025 285221 191575 224700 201886 441477 484514 465228 479989 525124 400745 325174 319088 576506 288106 295530 594689 429225 362113 296826 562711 247859 247181 449299 377306 320959 617145 297029 455924 329631 620620 171542 336559 359655 319264 429546
314115 999999999 875540 248961 408914 849563 567021 717710 459449 184751 683701 205306 393548 297682 77256 338000 570925 762411 652536 460495 280921 121499 152587 93211 843640 361734 433112 239702 895943 827677 669930 488130 970993 636873 490124 300767 532407 115051 154506 483071 356399 511023 620169 67993 126853 116045 618427 434391 451203 511322 405203 768587 542569 245381 640445 820461 919504 745685 431731 345891 640392 498349 646933 440484 752378 41344 473568 535559 403279 484867 462013 756512 285748 829731 588034 538082 322710 778099 541196 62293 843895 723142 296145 469046 821763 374947 554540 702307 556879 6857 887909 462186 766080 63238 851765 219393 547751 328864 590860 470595
567513 875540 999999999 947181 814549 284432 380087 543608 1097433 722759 363815 795220 910785 631333 952265 813629 405012 559871 527530 417230 1062270 822522 826209 942177 394960 860190 932822 648526 632803 454692 454557 901123 662883 348408 408553 990510 408454 955719 770206 949515 521097 434990 289114 918985 799282 759535 567363 688634 585686 382610 915301 135483 803924 668611 747333 392934 245431 615728 446578 627929 698288 735698 656010 549334 447005 841512 409075 342907 613947 859386 802607 385658 954102 55569 659470 443906 818506 698722 383978 844242 581626 177985 790046 520901 536954 591479 381103 526157 665554 882366 514434 666778 253822 896832 646625 723441 604482 863496 323279 854483
400764 248961 947181 999999999 653821 843434 582208 634387 214862 249515 668660 155079 642465 316884 239385 177740 730453 672699 579789 570293 123448 171576 398479 180044 804929 166115 204124 412327 789386 770921 622713 736693 862652 640083 538690 56220 684683 163997 382996 252616 450219 669627 741766 299434 192274 288349 823240 326714 654659 637771 181118 866536 367254 287622 486896 782561 1047604 637782 547010 323115 504466 733031 526355 415756 931463 278749 592026 611142 354608 286654 705086 724009 529413 911293 469386 706147 163632 644801 684098 307307 749190 825963 538961 653737 739820 570065 575801 625835 438556 248627 815172 359417 776040 186693 738174 229844 457836 135339 719632 274232
455642 408914 814549 653821 999999999 921559 675258 919452 867250 472864 801963 560146 102495 532989 451656 693335 411309 964963 853456 462621 685598 493535 256408 496881 964724 731876 816073 321637 1102930 976615 834959 106511 1172640 741030 579439 707752 407239 518863 276067 864053 454245 381275 526856 379736 480797 383415 318653 725211 228881 453499 786911 680402 870740 497422 934374 944125 743921 973300 440877 594100 915669 122802 904453 646960 492605 375345 451769 561707 650240 839667 56011 883907 212314 759277 853777 371337 681476 1032145 433532 347683 1041504 636566 115568 294096 1005570 243771 658353 898207 828333 410938 1050373 740820 829139 471988 1072849 521813 791618 703790 493249 825648
542722 849563 284432 843434 921559 999999999 282697 294390 947788 669738 174781 709607 1003465 558717 919671 679893 558449 296889 304803 460708 966390 762966 850606 892454 112033 717751 771553 667278 350012 175231 237254 1022146 378625 212863 368036 874773 536924 900127 789173 775068 511770 558028 434559 907297 743380 739715 751420 532567 707607 472208 761229 355204 605618 608411 519868 114914 526914 357663 485368 527956 470315 875023 426459 429991 677738 825185 469816 360933 488941 679377 926427 136543 1008205 306893 449307 586816 689605 435770 508285 837711 302643 368676 862735 641948 260171 678117 295945 283400 465981 856234 230103 502959 92494 850631 368815 650940 415165 731426 459877 678564
261546 567021 380087 582208 675258 282697 999999999 269579 718741 388733 128337 438178 746617 280052 637805 436195 388182 309949 215783 222020 702483 484221 572809 612834 294388 481459 552738 392425 440407 301358 169676 780322 504864 71472 96014 620650 348625 621762 511190 570129 235648 359931 298532 624640 463659 457110 579425 308875 485748 267990 535475 340011 434091 327856 403280 272462 546262 339071 237517 259201 359505 652696 324471 170942 570866 542523 242068 141549 235705 481668 690340 209982 735815 356556 306732 400390 442327 417180 323975 555454 377360 315776 601030 427392 336883 434773 16968 246652 303717 573714 375421 288483 200456 570110 421271 373997 241035 486954 304008 475965
469407 717710 543608 634387 919452 294390 269579 999999999 692649 535174 189113 533508 978730 426898 773984 457333 657394 46204 67392 486984 755997 606940 770567 732120 203898 482585 515410 609844 184954 149235 103739 1025913 257989 234493 354038 652142 618198 733244 711497 508212 465210 629049 560430 783942 593860 628796 848948 308160 748003 537450 511902 560204 329231 478425 228362 187948 761965 74677 497796 372514 180072 911703 137388 285540 833248 706128 509173 410968 314438 413227 941562 162076 942863 544857 176312 669893 470847 158475 593466 727259 127200 550628 831235 692981 106229 688181 285090 22928 202435 723480 180878 275487 290009 698007 154520 498587 177618 505017 570210 415908
588583 459449 1097433 214862 867250 947788 718741 692649 999999999 450937 778104 348684 850554 490526 434619 284262 927877 721349 653335 754561 213457 384868 611108 378928 886959 237318 177733 621707 812237 840550 712429 947180 878909 764190 697549 159674 880601 358678 597811 189669 636194 868084 923966 502092 403994 502096 1033336 417427 865667 825571 186706 1033641 369307 475630 491495 866669 1225652 672425 734588 474920 526919 947893 562018 548253 1132846 491926 778623 778126 483535 280449 919126 816384 730447 1068283 516341 906937 280997 651989 876636 519725 786596 996775 752867 860322 789833 780289 716509 691063 491678 458202 868042 445428 895300 396232 757808 419780 534131 236146 905564 276802
157707 184751 722759 249515 472864 669738 388733 535174 450937 999999999 501170 102813 495774 113173 250400 222481 481043 580373 469302 325508 348031 99772 253523 224736 659515 265324 354105 175523 715604 642928 485180 571817 790444 456946 320760 303416 435168 235373 205239 399076 206911 420327 496318 249317 76857 100934 584483 268549 419006 390308 325233 629643 401606 61485 481063 636323 802554 567275 300487 162668 473265 524722 474098 255756 683307 171058 345544 380118 221742 366919 515550 572549 424810 681742 416557 457550 212152 606285 434923 193635 661948 586888 360628 409546 638345 332991 377584 519063 386626 190978 703537 291979 589112 181415 673307 49395 369421 241827 472495 352969
386414 683701 363815 668660 801963 174781 128337 189113 778104 501170 999999999 535824 874683 388704 751564 506295 489423 217758 163770 343414 791610 591867 698924 721638 166282 545495 603527 520013 332188 176302 91302 906499 389992 61609 223989 700422 455571 728408 637354 610974 363450 470763 381753 743937 573103 577431 685018 361035 606072 378358 591420 371110 450048 439689 383839 144165 573687 263775 361981 354382 334593 774272 292195 255818 652031 662018 360295 251255 314164 516421 815221 81979 863423 359145 298955 507967 515602 347568 428620 676876 269900 362233 729302 544930 225543 560077 144802 168609 309220 690241 251927 332740 120563 680769 323789 479249 252092 557913 396175 514131
246229 205306 795220 155079 560146 709607 438178 533508 348684 102813 535824 999999999 570980 163897 245334 137301 580557 576170 471924 415602 267174 83808 321104 198987 683511 171802 257006 277253 704683 657535 502558 654525 779670 500559 386881 205651 533878 199847 284925 304164 295522 520296 587034 272718 84304 176742 687239 234758 521349 483858 227828 711839 337878 132663 435904 660530 892682 552467 392854 181663 438423 621115 448591 280061 784455 212555 437762 456981 226567 286406 606116 598912 482079 757993 389300 558540 123537 577955 531750 241472 656588 671011 445364 512244 639518 435386 430079 520870 357667 209299 710534 264908 636291 168755 657747 74839 357487 144133 565448 272062
509508 393548 910785 642465 102495 1003465 746617 978730 850554 495774 874683 570980 999999999 572831 419828 707802 509956 1024757 911761 542760 655761 495825 250424 472245 1039595 741352 820491 369532 1163487 1046861 899980 103117 1234986 814799 650712 693393 502384 493258 290557 869833 516752 475957 621989 349454 487611 397965 419955 759749 326767 542101 791740 777575 897330 530933 972009 1018290 846200 1027849 518572 634385 958006 219864 951043 698631 594467 367460 535075 642536 693145 856625 142556 956546 138115 855802 897492 469551 694475 1081333 527620 337735 1103306 733026 147516 390039 1069682 327757 729959 958334 870149 393871 1119078 778894 911007 455946 1130072 545073 839289 710843 588015 842337
106291 297682 631333 316884 532989 558717 280052 426898 490526 113173 388704 163897 572831 999999999 363129 217929 445909 472641 360183 264452 431038 204448 346554 333744 546350 268203 357154 211927 609575 530268 372529 637210 683951 346416 223011 363429 397494 341914 290042 393553 148717 388962 433469 361196 184688 201908 582558 193397 429242 336333 331271 550386 345398 52489 401494 523157 736448 464346 246156 61596 385222 562230 379211 143667 653931 281113 289187 294444 120786 336079 568123 459413 519798 594509 324735 431029 215242 510645 390024 300817 554074 510781 428963 402280 528460 346627 270293 409742 297380 303988 591978 207855 480287 292169 569665 94382 269211 257434 415350 323888
388938 77256 952265 239385 451656 919671 637805 773984 434619 250400 751564 245334 419828 363129 999999999 365312 645935 817763 710240 537650 236161 167073 203172 59456 909070 379479 439080 316237 948565 889971 732578 519708 1023641 706808 563776 282930 608268 76688 221604 488763 432348 586442 697294 71965 181194 192802 684389 480049 519281 588484 413188 845828 572239 311885 678383 885876 995985 796819 508930 406059 683292 551088 693895 503362 823710 115667 550823 611628 460684 505384 506721 822341 295857 906729 634610 612294 349288 823188 617664 126095 898823 800397 344714 541259 879217 446208 625923 759822 602992 70577 947634 509858 837698 76660 902430 277343 600300 345516 667834 491511
322946 338000 813629 177740 693335 679893 436195 457333 284262 222481 506295 137301 707802 217929 365312 999999999 663796 495107 404541 480502 298666 218253 458263 310713 633227 50457 139557 394540 612177 596153 451976 789738 685779 485675 413811 197027 615411 304068 419998 179456 366635 606471 646396 403704 221553 311348 793325 151424 633010 553083 113350 750165 206940 219406 317103 611317 944592 460267 463646 192153 329643 746913 349317 265262 871722 349040 505940 495534 200492 149107 737408 555000 618748 784026 291867 648078 16124 470721 607724 378274 571453 714176 579482 613999 562442 547531 433155 449549 260892 341185 638207 183788 619610 291936 561442 175980 281868 51643 630579 134765
341513 570925 405012 730453 411309 558449 388182 657394 927877 481043 489423 580557 509956 445909 645935 663796 999999999 696301 603265 194122 820672 567466 474481 656766 629379 713968 803052 333291 820850 660695 555529 496125 879190 430697 316599 784411 48625 675688 430826 838369 297365 61182 126207 593565 543949 466470 196240 604788 183197 125334 777102 269919 758861 452545 766758 613087 357545 727208 203104 482818 729813 332059 701161 466855 208229 530566 167072 246643 510409 772564 397596 564031 570244 349479 670025 40751 660465 804270 65295 522025 758043 227638 402438 123246 714569 212399 373364 634476 656851 577031 736629 601576 471144 613095 807017 508128 599618 701142 98582 761869
515510 762411 559871 672699 964963 296889 309949 46204 721349 580373 217758 576170 1024757 472641 817763 495107 696301 999999999 113591 529441 793436 650690 816661 775039 195547 517782 545186 655967 138798 133537 140798 1071393 211833 268836 396998 688233 658185 775642 757652 534553 510771 669879 595901 828860 638072 674499 889091 347891 791400 577849 543576 586223 353965 524014 243349 184021 784948 61770 541157 417714 198566 955786 159697 331631 867952 751397 551050 450593 359189 440950 986575 174214 989013 565368 207563 710144 509079 139780 632925 772772 81575 579643 877252 735529 68675 732760 325927 66762 236233 768122 146765 315436 306577 741598 111376 543119 218920 541630 607278 444821
402319 652536 527530 579789 853456 304803 215783 67392 653335 469302 163770 471924 911761 360183 710240 404541 603265 113591 999999999 427058 702461 543401 703276 669792 233632 434028 475637 542693 252264 191648 73352 959953 325369 194561 293753 601121 562313 671754 644135 474134 399290 571644 512688 718399 529570 562081 792274 253350 685859 481122 469022 528367 301134 411940 221216 213474 733539 125081 436128 306802 171571 848235 128617 218290 785663 640066 450249 356817 249709 378182 876453 168448 875506 522075 144545 613394 417162 201400 538596 660813 194335 513930 764293 632408 169239 623969 229999 49777 163218 658399 238634 220792 279362 634627 219417 433873 122870 453884 519639 378813
169548 460495 417230 570293 462621 460708 222020 486984 754561 325508 343414 415602 542760 264452 537650 480502 194122 529441 427058 999999999 673536 422331 412828 532846 503122 530959 618199 231754 662071 519647 390688 565460 726872 281830 133307 621046 146632 548380 354812 650739 120087 148829 171474 501851 398316 345099 368490 411232 263777 73064 593533 308766 564813 282999 575175 483083 477533 552132 29397 293305 540173 431239 514134 272961 399886 425187 27073 99777 316874 581008 472532 424675 555664 369709 479278 192668 479053 624749 131364 427066 599099 264130 403241 206088 558902 218928 205271 464274 464516 467263 594934 407465 368248 487322 640719 340801 408925 521798 151004 570799
505045 280921 1062270 123448 685598 966390 702483 755997 213457 348031 791610 267174 655761 431038 236161 298666 820672 793436 702461 673536 999999999 253807 431536 189212 928322 278921 290114 491147 907005 893810 746130 755869 979477 761833 654044 110159 776994 167091 433355 331519 554542 759490 844247 307609 277692 358567 893013 449145 724136 737613 275020 975963 474820 395520 597987 905977 1150425 756408 648366 443381 619657 779133 644195 537816 1015181 319850 693372 722756 477450 388191 739957 847451 528610 1024395 588374 792827 285416 758467 779553 343136 868841 933977 575378 732729 860992 643005 695359 748047 558077 277594 936873 481785 897880 221374 854957 339240 580152 252170 819847 377548
256585 121499 822522 171576 493535 762966 484221 606940 384868 99772 591867 83808 495825 204448 167073 218253 567466 650690 543401 422331 253807 999999999 245503 129796 746031 246479 324925 242139 781793 724631 567716 583457 856884 550847 419819 227790 523362 137542 217993 374073 305262 506298 591967 189011 24055 117238 651995 315305 483242 484584 296045 728306 421384 157280 519301 722872 897795 630321 396254 241046 520501 565024 528840 339581 764617 131260 441052 479826 294107 366583 542358 659902 400775 781313 469670 540670 203439 659208 525753 160865 731766 685102 377971 484400 712266 398968 473914 592923 438238 125556 781145 344227 684602 91266 736114 112864 433391 215203 566768 352240
312726 152587 826209 398479 256408 850606 572809 770567 611108 253523 698924 321104 250424 346554 203172 458263 474481 816661 703276 412828 431536 245503 999999999 242325 864679 490973 570361 184483 954617 860079 705068 339327 1028469 644224 482654 451803 444197 264452 61618 619575 338868 419398 549063 134402 237360 152749 486115 521909 326022 445118 541529 706121 652008 298376 734554 842022 831681 810819 383709 406109 725541 348587 723787 485031 634627 119798 417583 504400 466411 607316 309452 777953 173270 775645 667433 436972 444636 855825 459655 91384 897597 659487 143901 358899 869028 263593 557700 752155 638262 154865 927302 544327 761113 215587 915907 301686 615415 460423 516428 592991
374837 93211 942177 180044 496881 892454 612834 732120 378928 224736 721638 198987 472245 333744 59456 310713 656766 775039 669792 532846 189212 129796 242325 999999999 875536 322093 379826 323529 903531 853090 696610 570405 978474 680097 544864 224834 616406 22139 247623 429445 421241 596191 697814 123169 149206 191495 711155 432659 543463 588943 354138 841504 517218 285017 626093 852394 1000559 751180 505026 370319 633289 590201 646042 469126 842466 133861 548524 599517 421740 448093 550975 789552 352281 898756 586783 625374 294602 773899 623169 154739 855551 796959 386171 558844 837974 465760 602058 719015 555054 89145 908163 463423 813290 45539 856204 242616 556454 288096 669979 434355
551981 843640 394960 804929 964724 112033 294388 203898 886959 659515 166282 683511 1039595 546350 909070 633227 629379 195547 233632 503122 928322 746031 864679 875536 999999999 665696 709249 686283 238177 65032 182297 1068393 271114 224846 389475 830243 601426 880567 803161 706614 529729 619636 510899 905485 728734 740174 825294 482057 762169 529067 702502 454082 530300 598365 432075 23195 635033 257317 523854 505254 383970 930822 341101 406449 767946 823947 517367 406382 457124 610795 975572 87335 1029681 413458 374249 653179 644807 330734 573277 840005 191166 461052 894783 698805 150113 721646 310615 199149 396044 850045 120623 450251 165147 836369 257488 633245 354706 683684 531846 611972
372870 361734 860190 166115 731876 717751 481459 482585 237318 265324 545495 171802 741352 268203 379479 50457 713968 517782 434028 530959 278921 246479 490973 322093 665696 999999999 90406 439560 628258 625309 486207 826168 700570 528226 462726 170966 665622 312193 456704 133755 416921 656446 696701 424902 253815 348519 841460 185295 679951 603536 63186 799104 201382 267573 321051 644283 994358 478273 514050 241966 340782 789835 365750 310942 921806 377510 556391 545028 246249 126000 777398 590004 646198 831629 311001 697878 54624 480122 658104 407243 591438 763563 617164 662543 586007 594215 479206 476824 281557 364121 662979 215958 660816 310015 576060 220999 311376 33997 681011 112318
462469 433112 932822 204124 816073 771553 552738 515410 177733 354105 603527 257006 820491 357154 439080 139557 803052 545186 475637 618199 290114 324925 570361 379826 709249 90406 999999999 529036 641690 662982 535467 908124 710647 593267 543101 182221 754605 366065 540098 50023 505739 745944 781982 492279 335511 432995 931862 245441 770119 691045 29193 878607 197456 357975 322293 689019 1076634 498151 602232 326413 353538 877673 386559 385122 1011080 453672 643977 626941 321868 106758 862841 639289 718844 907109 339134 787622 145028 484541 746395 483543 612585 844642 700827 752936 613812 684314 552272 513447 314016 434569 691950 271213 721967 376272 587712 310867 357003 112929 767478 100667
140502 239702 648526 412327 321637 667278 392425 609844 621707 175523 520013 277253 369532 211927 316237 394540 333291 655967 542693 231754 491147 242139 184483 323529 686283 439560 529036 999999999 794763 686286 534836 426710 866889 463435 300017 468226 293174 342404 124253 573064 156812 272662 382238 272569 220214 133571 411644 405066 244356 274055 500317 534369 554345 181465 612882 663982 679817 658343 202363 272665 594193 354679 584114 329264 524038 200739 240108 320386 328645 533193 356278 600441 343424 599823 532495 302807 385581 713207 301498 197887 735188 488224 222489 242377 702982 158640 376747 589795 506752 246095 756194 419487 577227 279825 760620 218733 471601 417173 352040 519787
654301 895943 632803 789386 1102930 350012 440407 184954 812237 715604 332188 704683 1163487 609575 948565 612177 820850 138798 252264 662071 907005 781793 954617 903531 238177 628258 641690 794763 999999999 179124 271513 1209291 75097 390165 531101 798998 785251 902700 895903 622588 648943 798695 713569 962949 770461 811124 1015723 471668 925323 706161 644880 682399 444390 660439 320748 240448 870741 152669 675474 553282 289152 1090970 263045 469759 981968 886617 682469 578208 493870 534978 1123618 265694 1127211 648712 320480 837571 627090 162875 758984 908727 63096 682940 1015976 867779 106735 869105 456967 205174 351848 901474 123547 440278 391579 872034 54588 676609 348494 655265 728343 541605
548375 827677 454692 770921 976615 175231 301358 149235 840550 642928 176302 657535 1046861 530268 889971 596153 660695 133537 191648 519647 893810 724631 860079 853090 65032 625309 662982 686286 179124 999999999 157753 1081607 222241 237909 397253 792767 629205 856598 799022 657140 531609 645475 546892 891419 708814 728813 856897 444863 782349 553415 658190 504536 478460 582744 374531 61764 691626 194991 537702 483943 327675 950573 285970 387234 810500 810828 536557 427080 431516 561885 991014 96815 1028333 469593 324598 681492 608660 266202 601709 828785 127603 507318 900494 720946 85227 735626 318265 149582 349016 833880 76105 412373 213231 815712 193625 612694 314496 645522 564963 564118
395262 669930 454557 622713 834959 237254 169676 103739 712429 485180 91302 502558 899980 372529 732578 451976 555529 140798 73352 390688 746130 567716 705068 696610 182297 486207 535467 534836 271513 157753 999999999 940987 338320 130858 259679 648839 517454 700745 644398 537870 383243 529442 456801 733702 551501 571555 748365 301410 653812 437259 526376 460197 369433 425009 294523 159848 664040 177480 404014 326747 244914 819609 201926 229527 729543 653217 411525 309840 275996 442136 853675 104048 874777 450416 214410 569469 463184 260207 492130 671471 208703 448539 752745 596587 170651 598560 185957 81421 229077 676140 222242 270250 206109 658642 251863 455454 178486 502811 467100 441467
561881 488130 901123 736693 106511 1022146 780322 1025913 947180 571817 906499 654525 103117 637210 519708 789738 496125 1071393 959953 565460 755869 583457 339327 570405 1068393 826168 908124 426710 1209291 1081607 940987 999999999 1278838 845354 684686 788887 498495 591790 369791 956864 560717 473519 616907 448525 572911 478416 370200 828555 319306 551348 879107 765890 972006 599939 1038699 1048052 809557 1079787 544757 698554 1020896 170216 1010306 753191 544548 458828 553147 663803 755301 937404 98599 988366 240952 845577 959187 457743 777218 1138330 525930 429670 1147784 723653 211228 386024 1111627 346751 763387 1004634 933400 489081 1155656 845034 929931 551180 1179351 621114 897537 796873 584128 923253
726388 970993 662883 862652 1172640 378625 504864 257989 878909 790444 389992 779670 1234986 683951 1023641 685779 879190 211833 325369 726872 979477 856884 1028469 978474 271114 700570 710647 866889 75097 222241 338320 1278838 999999999 450050 597573 870998 845479 977511 969483 689337 719336 860142 767964 1037961 845551 885642 1074969 546397 990611 767582 715045 724516 513208 734997 388480 279196 905245 227371 741628 628023 360234 1157263 336463 543449 1032722 961481 746258 639804 568739 603909 1191982 316709 1200845 684176 394488 897878 700825 226921 818608 983445 131710 729075 1087482 931721 168085 936866 521666 277223 426000 976534 150679 515136 433649 947101 124537 751642 423591 728152 784794 611174
332981 636873 348408 640083 741030 212863 71472 234493 764190 456946 61609 500559 814799 346416 706808 485675 430697 268836 194561 281830 761833 550847 644224 680097 224846 528226 593267 463435 390165 237909 130858 845354 450050 999999999 164792 675571 395577 688231 582607 605679 306624 410128 327067 695233 530927 527858 625681 347895 544488 317601 578509 334440 455528 395679 405051 203519 540481 308310 300675 319367 357594 712665 317808 224391 599291 613124 298730 190090 287214 513491 753800 143061 806715 334650 313258 447965 493401 390686 368992 626491 327349 319438 669953 483511 284046 498796 86692 212279 317480 643525 313476 322951 136056 637990 377965 439369 256097 537154 339215 509523
177057 490124 408553 538690 579439 368036 96014 354038 697549 320760 223989 386881 650712 223011 563776 413811 316599 396998 293753 133307 654044 419819 482654 544864 389475 462726 543101 300017 531101 397253 259679 684686 597573 164792 999999999 582830 272481 556121 421173 568256 143787 279333 250806 543899 397529 376606 500089 312270 394489 191574 521956 336387 457134 263143 451579 367845 533912 418830 144382 222879 413431 559931 384661 164694 513032 462202 156866 85713 222742 488037 595387 305835 642716 373443 354335 322095 416571 491976 251315 472392 468373 301544 505381 339005 429522 339842 79261 331416 343210 496939 470978 300888 279583 500553 508101 316082 284132 461520 246256 479837
451828 300767 990510 56220 707752 874773 620650 652142 159674 303416 700422 205651 693393 363429 282930 197027 784411 688233 601121 621046 110159 227790 451803 224834 830243 170966 182221 468226 798998 792767 648839 788887 870998 675571 582830 999999999 738286 206255 438322 226470 501015 723740 792389 347075 248340 344547 879324 348389 710805 689509 165336 913809 364717 338058 488148 808298 1097672 649236 598501 363235 510857 788562 536685 451551 986294 332408 643390 657718 388417 278124 759486 751586 576928 956201 481856 760750 185744 649018 736975 360437 762358 874048 593242 709331 756260 626125 615320 645383 452140 299871 832865 380602 810964 237735 746555 280298 478283 147306 771080 267396
293435 532407 408454 684683 407239 536924 348625 618198 880601 435168 455571 533878 502384 397494 608268 615411 48625 658185 562313 146632 776994 523362 444197 616406 601426 665622 754605 293174 785251 629205 517454 498495 845479 395577 272481 738286 999999999 634836 397051 789785 248875 26741 119695 558627 499670 425282 230911 556574 179419 81276 728737 276273 710932 405047 720891 584097 389078 686848 154548 434202 684751 340918 657039 419593 256832 492619 119725 207621 462213 723995 400148 532391 551537 353634 624487 52399 612215 762692 28646 485870 722243 230984 384851 113186 679515 188159 333213 595273 610594 538671 705304 553793 447322 572215 769309 461005 554063 653088 86022 713274
388212 115051 955719 163997 518863 900127 621762 733244 358678 235373 728408 199847 493258 341914 76688 304068 675688 775642 671754 548380 167091 137542 264452 22139 880567 312193 366065 342404 902700 856598 700745 591790 977511 688231 556121 206255 634836 999999999 269279 415362 435325 614966 714449 143856 158770 209563 732471 431154 564568 605703 341086 856760 509579 294554 620680 857471 1017928 750140 520854 375478 629574 612332 643764 474572 862659 155406 564674 612849 425097 438019 573020 795006 371906 912951 584618 644745 287951 770511 641037 176777 855768 812491 408288 579033 839307 486339 611423 720717 552876 111152 910345 462431 822134 62625 854704 249247 556774 278275 687033 424483
251273 154506 770206 382996 276067 789173 511190 711497 597811 205239 637354 284925 290557 290042 221604 419998 430826 757652 644135 354812 433355 217993 61618 247623 803161 456704 540098 124253 895903 799022 644398 369791 969483 582607 421173 438322 397051 269279 999999999 588277 277404 373362 497108 163094 204730 108650 464203 471024 297871 391197 510954 652605 606774 243970 683770 780526 786043 753385 325514 350598 672460 350363 668845 426144 602462 113912 361131 444638 410638 568010 324365 716487 231373 720465 613337 395142 407428 800554 410287 95640 838357 606095 160730 321078 809128 225464 496088 692773 584802 159118 866636 491817 699855 212019 858051 254518 559246 428032 465231 553807
499679 483071 949515 252616 864053 775068 570129 508212 189669 399076 610974 304164 869833 393553 488763 179456 838369 534553 474134 650739 331519 374073 619575 429445 706614 133755 50023 573064 622588 657140 537870 956864 689337 605679 568256 226470 789785 415362 588277 999999999 541188 782285 811472 542294 383994 480703 972519 261343 812448 723787 78146 901594 180831 398787 301862 687248 1102084 483962 636271 357486 338302 923556 374861 406592 1046596 503288 676956 653161 345539 95958 910278 640730 768813 926310 332771 824558 187492 462420 780291 533162 597824 869282 748978 792936 602707 726915 571072 508473 310924 484559 680880 283050 730759 426290 568146 354356 360242 160265 798548 96847
49598 356399 521097 450219 454245 511770 235648 465210 636194 206911 363450 295522 516752 148717 432348 366635 297365 510771 399290 120087 554542 305262 338868 421241 529729 416921 505739 156812 648943 531609 383243 560717 719336 306624 143787 501015 248875 435325 277404 541188 999999999 241287 291551 405561 281431 240627 443660 318101 303215 189454 479982 423045 474436 162958 505593 507537 597477 520206 98394 188332 478008 455253 459973 201406 505522 325043 142725 179287 226110 478382 477892 444233 500168 477633 415298 284107 363813 582939 241514 332456 587880 380010 369627 264741 553202 229966 219935 444031 394554 363255 602820 321562 422729 375825 618706 220736 347933 405417 270299 467059
283577 511023 434990 669627 381275 558028 359931 629049 868084 420327 470763 520296 475957 388962 586442 606471 61182 669879 571644 148829 759490 506298 419398 596191 619636 656446 745944 272662 798695 645475 529442 473519 860142 410128 279333 723740 26741 614966 373362 782285 241287 999999999 146032 535500 482796 405610 220800 553943 154218 92584 719627 302995 709216 393259 723822 601809 412791 696546 151606 428694 688998 317876 662636 420246 265608 470900 123043 220527 459824 718944 375356 548747 524926 380242 628081 44165 602627 771102 52442 463245 735615 257642 358152 87585 693464 161791 344058 606156 612976 517200 721567 552734 467703 552354 781192 448317 557742 642719 112114 707881
341018 620169 289114 741766 526856 434559 298532 560430 923966 496318 381753 587034 621989 433469 697294 646396 126207 595901 512688 171474 844247 591967 549063 697814 510899 696701 781982 382238 713569 546892 456801 616907 767964 327067 250806 792389 119695 714449 497108 811472 291551 146032 999999999 654319 567912 507210 316881 561050 298574 108960 758495 159036 707921 454397 696902 495998 306250 633066 195884 455581 655489 456109 622235 414613 273083 582420 150934 166515 468795 735673 518370 451267 667142 234650 599385 160403 646132 713556 94932 579911 651576 112750 501785 232760 606833 303451 286469 537818 591264 626763 622125 551353 349391 652523 704669 512215 530350 689694 34220 726659
366848 67993 918985 299434 379736 907297 624640 783942 502092 249317 743937 272718 349454 361196 71965 403704 593565 828860 718399 501851 307609 189011 134402 123169 905485 424902 492279 272569 962949 891419 733702 448525 1037961 695233 543899 347075 558627 143856 163094 542294 405561 535500 654319 999999999 194810 167662 619581 502372 456954 546525 465073 806885 609209 308708 708242 882345 947669 813034 472577 411598 708385 480413 714794 504681 764026 82117 512165 583056 469680 549263 434877 818202 230067 871350 655937 558184 388179 846037 570431 74841 910398 760783 273681 483880 887538 388115 611467 768174 624814 63469 952784 530074 822123 116020 919140 286379 615007 391514 623463 535070
232891 126853 799282 192274 480797 743380 463659 593860 403994 76857 573103 84304 487611 184688 181194 221553 543949 638072 529570 398316 277692 24055 237360 149206 728734 253815 335511 220214 770461 708814 551501 572911 845551 530927 397529 248340 499670 158770 204730 383994 281431 482796 567912 194810 999999999 99777 630985 307573 462512 460538 306407 704465 420936 135950 514734 705552 873743 619647 372206 224878 513682 548581 520129 322534 741739 128884 416998 456484 279869 370634 528505 642284 397985 757807 461197 517479 207542 651246 501866 157418 719381 661188 365412 462159 698710 377795 453005 579239 430027 131857 766586 335365 664112 107746 725652 96149 422000 223973 542727 356284
199709 116045 759535 288349 383415 739715 457110 628796 502096 100934 577431 176742 397965 201908 192802 311348 466470 674499 562081 345099 358567 117238 152749 191495 740174 348519 432995 133571 811124 728813 571555 478416 885642 527858 376606 344547 425282 209563 108650 480703 240627 405610 507210 167662 99777 999999999 537201 369482 368117 398252 403807 653622 500140 150704 581973 717104 809150 664513 316562 258427 573938 448806 573805 344817 656972 85661 359074 419637 318591 459443 429887 652839 323962 713939 516700 436377 298828 706007 431680 100000 755960 608448 268668 374175 730159 285185 443838 611610 487046 122886 792512 392623 654482 146952 770275 148954 467408 320465 478862 445224
477081 618427 567363 823240 318653 751420 579425 848948 1033336 584483 685018 687239 419955 582558 684389 793325 196240 889091 792274 368490 893013 651995 486115 711155 825294 841460 931862 411644 1015723 856897 748365 370200 1074969 625681 500089 879324 230911 732471 464203 972519 443660 220800 316881 619581 630985 537201 999999999 761749 169116 311511 903980 434394 918070 573986 941104 809212 441573 917076 366751 630725 907827 202775 882580 635541 175230 577356 343455 438530 669164 918493 281351 760200 520805 512982 846342 179058 786836 991900 256742 559462 952777 400248 366251 180289 909727 253224 563872 826028 829805 623239 932852 764033 665768 672859 1000220 622563 776246 822692 293510 906426
289173 434391 688634 326714 725211 532567 308875 308160 417427 268549 361035 234758 759749 193397 480049 151424 604788 347891 253350 411232 449145 315305 521909 432659 482057 185295 245441 405066 471668 444863 301410 828555 546397 347895 312270 348389 556574 431154 471024 261343 318101 553943 561050 502372 307573 369482 761749 999999999 616611 483285 231012 641623 156341 229100 212794 460288 843971 319038 402616 134834 206356 755050 213846 147815 811069 432467 438267 397966 94384 176039 761344 404973 693287 664969 154566 597868 163813 343927 542576 458307 426454 610823 618714 582634 414055 536486 309755 299128 122998 439241 488703 32717 477886 403418 423617 221748 131124 201628 552039 168653
327482 451203 585686 654659 228881 707607 485748 748003 865667 419006 606072 521349 326767 429242 519281 633010 183197 791400 685859 263777 724136 483242 326022 543463 762169 679951 770119 244356 925323 782349 653812 319306 990611 544488 394489 710805 179419 564568 297871 812448 303215 154218 298574 456954 462512 368117 169116 616611 999999999 235443 741779 451558 772208 414111 808806 743093 528880 810339 250249 482469 780476 168653 760389 503834 308919 409950 245798 356088 527507 764259 221244 686600 393699 530398 717868 142807 625448 878958 206643 393503 862449 407701 226914 66753 822601 86024 468950 725536 697709 456248 857956 623147 616133 504426 902346 459399 649564 659430 265328 751591
237918 511322 382610 637771 453499 472208 267990 537450 825571 390308 378358 483858 542101 336333 588484 553083 125334 577849 481122 73064 737613 484584 445118 588943 529067 603536 691045 274055 706161 553415 437259 551348 767582 317601 191574 689509 81276 605703 391197 723787 189454 92584 108960 546525 460538 398252 311511 483285 235443 999999999 666222 261408 635998 351825 641447 510774 413294 605744 91155 366367 604532 403402 576235 342771 327944 473783 47163 127961 389033 653834 454725 456781 572896 330918 544690 132453 551338 681422 60378 471926 643088 214915 411675 170333 600883 214907 252365 514533 531666 517933 629477 478440 380694 543690 689095 409354 474285 593763 82235 643714
436054 405203 915301 181118 786911 761229 535475 511902 186706 325233 591420 227828 791740 331271 413188 113350 777102 543576 469022 593533 275020 296045 541529 354138 702502 63186 29193 500317 644880 658190 526376 879107 715045 578509 521956 165336 728737 341086 510954 78146 479982 719627 758495 465073 306407 403807 903980 231012 741779 666222 999999999 858041 203030 330338 327972 681826 1054778 498857 576948 303093 355800 848575 386442 366371 984971 425142 619097 605130 302344 113823 833649 630408 690947 888359 336302 761060 117467 490146 721049 455017 613210 823321 671683 725307 612245 655919 534283 508654 309553 406800 690153 258723 708857 349061 591344 282408 348464 83792 743309 104480
471948 768587 135483 866536 680402 355204 340011 560204 1033641 629643 371110 711839 777575 550386 845828 750165 269919 586223 528367 308766 975963 728306 706121 841504 454082 799104 878607 534369 682399 504536 460197 765890 724516 334440 336387 913809 276273 856760 652605 901594 423045 302995 159036 806885 704465 653622 434394 641623 451558 261408 858041 999999999 773922 580663 737660 445441 206868 634840 337067 558722 691145 600219 652071 495004 328139 732348 295188 256354 556920 817179 667424 418747 826118 79952 643269 309223 752655 718673 253440 732108 624844 46660 660430 387560 578838 462325 334990 539627 642859 775313 573886 624919 291331 795968 685793 637720 580125 797507 193064 810266
444759 542569 803924 367254 870740 605618 434091 329231 369307 401606 450048 337878 897330 345398 572239 206940 758861 353965 301134 564813 474820 421384 652008 517218 530300 201382 197456 554345 444390 478460 369433 972006 513208 455528 457134 364717 710932 509579 606774 180831 474436 709216 707921 609209 420936 500140 918070 156341 772208 635998 203030 773922 999999999 373881 125090 511873 979569 303240 557659 289745 157634 907339 194299 294245 963898 549819 591885 542206 249542 90703 909603 469522 818325 787421 156771 753250 222951 287403 695828 578157 417303 747372 760897 738964 421972 691207 439096 331213 140942 546168 500116 157604 570559 498698 390314 352265 199680 233898 701554 98557
113913 245381 668611 287622 497422 608411 327856 478425 475630 61485 439689 132663 530933 52489 311885 219406 452545 524014 411940 282999 395520 157280 298376 285017 598365 267573 357975 181465 660439 582744 425009 599939 734997 395679 263143 338058 405047 294554 243970 398787 162958 393259 454397 308708 135950 150704 573986 229100 414111 351825 330338 580663 373881 999999999 441076 575178 760025 513993 260697 108027 428511 536055 425450 196095 658714 228719 305458 327448 168349 352526 535727 511320 471544 629339 369467 433275 212970 557452 401217 248874 605526 539215 389699 394982 580498 329056 317065 461585 340833 251733 644391 248190 528305 242356 619662 57826 317395 250581 433134 339350
486728 640445 747333 486896 934374 519868 403280 228362 491495 481063 383839 435904 972009 401494 678383 317103 766758 243349 221216 575175 597987 519301 734554 626093 432075 321051 322293 612882 320748 374531 294523 1038699 388480 405051 451579 488148 720891 620680 683770 301862 505593 723822 696902 708242 514734 581973 941104 212794 808806 641447 327972 737660 125090 441076 999999999 416271 944421 186704 574398 340273 49840 956456 93655 306160 964334 642051 601594 531309 285513 215650 968187 384094 905468 738820 97548 767802 333137 162320 701743 668785 298229 717662 829884 766929 308727 733389 412706 236631 111443 644775 385779 193677 500577 602831 266360 433575 167448 351792 696602 223568
529301 820461 392934 782561 944125 114914 272462 187948 866669 636323 144165 660530 1018290 523157 885876 611317 613087 184021 213474 483083 905977 722872 842022 852394 23195 644283 689019 663982 240448 61764 159848 1048052 279196 203519 367845 808298 584097 857471 780526 687248 507537 601809 495998 882345 705552 717104 809212 460288 743093 510774 681826 445441 511873 575178 416271 999999999 630409 245535 503344 482126 367661 911728 324405 383293 755724 800827 497883 387058 434202 591346 955615 64300 1007339 408418 355425 636040 622763 321702 556101 816953 189146 450258 873224 680133 145638 701311 288815 181368 376410 826863 128858 428626 154469 813193 254897 610079 333658 661902 516017 592228
