NAME : synthetic_000443
TYPE : CTSP-D
DIMENSION : 100
GROUPS : 8
RELAXATION_LEVEL : 1
EDGE_WEIGHT_TYPE : EXPLICIT
EDGE_WEIGHT_FORMAT : FULL_MATRIX
EDGE_WEIGHT_SECTION
999999999 558058 470045 564642 684660 798643 221422 715581 817735 493943 1012421 270839 418557 49009 826475 269484 260594 872736 544594 591245 141615 771657 634287 421409 390317 183403 673214 942464 495045 119273 348537 201478 938641 969144 945590 590523 581162 503840 452926 415112 752626 791327 73849 632114 697246 410278 890561 716060 749680 236271 877755 723569 698164 505303 381714 541000 803876 524459 745259 964832 892022 187321 960008 341702 204961 938851 534724 35632 1007988 813244 539426 778753 455713 827055 648572 626346 347014 1001612 1063895 425050 443918 765662 143064 780534 858736 1092146 413723 505143 226074 478003 787395 372368 862516 570553 379160 797329 95358 443197 885477 335099
558058 999999999 526471 337234 375367 496564 594441 603651 390558 371493 482739 306545 425111 576741 467309 521119 551960 376515 384707 484538 449441 581704 167560 222578 465036 429761 484691 467195 282567 582084 427759 572585 456573 484557 388163 532300 562242 466653 213515 272459 368217 568343 484232 388524 356878 568270 521382 167539 244287 321856 400722 172340 666728 537514 455232 539158 565146 462377 243160 411559 354397 579110 482339 466072 437856 445362 60769 528292 555871 342187 383320 221168 206401 426987 226552 205947 248480 493793 600447 264532 508560 361309 490032 261382 374848 593720 341636 683477 508081 347151 458350 185729 328051 272771 351143 430468 550451 227117 328313 519714
470045 526471 999999999 770612 857816 408972 669968 252880 913106 169897 783910 485650 728445 518506 468106 205408 226684 625307 191489 158542 504628 327645 686993 584631 731913 308632 254863 992831 255088 378255 677786 295134 658976 685965 840549 131605 112308 83988 312997 256907 440303 358524 437299 840715 376087 91675 522907 596415 553435 415099 926855 607997 229046 35428 719852 73463 376293 105457 769185 802939 858609 312766 671003 696475 561924 672307 467525 439081 684094 555807 188555 696688 603576 500257 426064 418950 325143 741056 741927 622889 27762 877497 547701 590249 600943 804983 186787 164194 631137 721287 956462 438012 837148 310442 188418 939668 381575 299690 790805 721973
564642 337234 770612 999999999 121487 831778 467723 910499 279513 652250 755028 321227 188847 554108 804530 678132 698392 688173 681347 779083 423027 904359 224533 186588 241030 541487 801038 416808 574977 648658 245429 684815 769572 794343 565262 817639 838465 735371 489736 526455 705445 896112 506997 72339 691689 778775 857920 460619 564654 391389 363533 458184 956408 792622 239317 806703 895144 739235 298708 642754 451541 682413 795802 276509 364594 752904 384611 551860 875955 667877 678471 440024 167975 762766 563578 542287 445520 787490 913974 154686 746123 224959 432944 570650 693010 887682 591498 901782 387553 91429 222757 332931 423007 592302 582713 236983 611747 497621 513881 325646
684660 375367 857816 121487 999999999 868323 586917 974097 171401 725525 724604 433798 304424 675227 830852 783207 805576 682884 748482 848213 543130 956844 221191 287478 355123 650612 858165 308607 642197 765202 365184 796750 762534 784239 508496 891171 915839 814295 560288 605316 733233 943632 625236 71611 729950 874805 878642 460110 571288 500707 264038 454740 1029058 876807 355054 886925 940056 815272 248191 600061 380728 795440 788374 394269 485837 742490 431869 670694 872162 674774 746243 412947 260368 782219 596769 578457 534817 767264 903841 265809 834827 120575 554268 569413 692412 864767 673595 997417 508259 212498 104804 422552 355621 646113 669586 115879 728300 570345 464961 440666
798643 496564 408972 831778 868323 999999999 946769 237697 843644 306260 451049 675088 882502 840638 79541 581316 611533 312285 256150 250910 769167 149150 649390 683507 909176 615247 155595 867341 314803 741801 860135 674017 303634 322286 608425 292059 331249 332172 387204 396665 143518 110189 740704 885087 140093 500407 116589 436431 332241 632829 813769 446300 338262 384135 897461 349970 93531 308185 676000 526768 687780 690297 304819 892382 799912 326572 447328 763192 289910 259349 261293 529825 681602 140621 271564 290715 490104 387691 344894 730015 419856 830792 818434 356201 284963 423923 384939 540502 879456 826749 941312 557373 679135 256802 419498 904999 731243 388935 581012 936527
221422 594441 669968 467723 586917 946769 999999999 902803 745425 656574 1076153 293852 284077 176836 959675 480626 477047 955651 705650 770421 177926 945833 611288 393880 237433 362341 841167 880865 632057 340503 222330 421919 1030266 1060209 958332 779694 777005 688672 567131 550114 873487 959056 233022 521579 827285 621451 1023675 761979 824002 316108 822721 766550 898707 704164 234600 736771 968539 706301 718630 1002044 876019 408402 1054256 193328 158192 1024720 593697 241556 1114904 905931 700696 798770 425108 947142 748025 723659 458805 1080456 1167002 372851 642599 690778 128931 848523 947314 1177732 572497 723301 88543 376772 679486 426129 845696 697498 541426 702623 315526 562167 899081 155959
715581 603651 252880 910499 974097 237697 902803 999999999 987196 265509 684162 676478 912274 763028 316169 457251 479555 536500 229582 137366 729231 98207 770594 735906 926345 542226 125254 1036439 335547 630074 872984 547953 539073 559201 813874 125082 142453 214190 421145 393905 344639 140407 674368 974181 298725 336710 349131 603465 519639 615330 976199 614860 100617 218253 914120 179434 161839 196975 824996 745553 871363 565570 541876 898157 777580 560473 544219 682818 525312 474410 232803 705691 745104 371866 415543 423250 489808 623818 578264 780234 275737 963325 775884 551412 508991 661050 343459 334105 852793 881704 1061651 589918 857084 331409 368377 1033830 630938 414368 777063 932161
817735 390558 913106 279513 171401 843644 745425 987196 999999999 761968 614977 551971 468276 815066 792826 874189 900588 607643 774298 873621 678744 953163 226113 398508 520254 753554 864483 137924 673120 884455 523360 902944 681475 698354 375948 922426 952790 856718 601256 656341 701304 932824 752221 242957 713225 945762 831124 408834 519355 609257 95911 399958 1055521 926338 518813 929419 925460 852904 167719 480275 239174 904412 705845 555732 629171 657770 451275 799030 791692 616555 773147 329834 365134 736395 580443 567737 606532 668945 814301 393345 893377 54675 697490 506675 623035 760210 726478 1065176 662693 369033 141710 503021 221458 656611 730547 89392 848151 613942 345503 605126
493943 371493 169897 652250 725525 306260 656574 265509 761968 999999999 623413 412493 646783 537291 344484 282714 315128 465313 50652 128938 479241 290463 537269 473241 661621 310788 184615 832749 89705 436387 608552 372968 507668 536307 670656 165861 191554 96506 165268 128718 292596 302571 439443 718562 228718 241761 406472 427234 384845 354850 767882 438874 304419 171281 649409 167945 312833 91028 610742 634669 691622 388434 522768 634880 520737 517782 310921 458728 548782 396057 45485 528314 484972 361174 257111 249149 224444 586490 606956 516680 161905 730672 527740 421752 442552 658847 84086 334087 598297 618121 819050 325765 671133 141327 116254 796923 425004 155443 621150 671194
1012421 482739 783910 755028 724604 451049 1076153 684162 614977 623413 999999999 784510 892429 1039615 371646 888375 922296 158614 592643 649929 922568 600183 530633 699733 937619 851331 575604 568184 562444 1005346 905736 967110 149013 138795 250934 703302 744953 700177 569162 622158 350175 560576 940069 774802 411244 864395 361428 316092 263179 784630 541938 313262 783066 772084 928984 748685 542061 680607 476752 138844 383617 979107 155782 944638 918598 124514 485074 978985 223215 228134 595868 315479 676871 312420 378676 396369 667170 75195 219179 736609 782329 632153 966452 232028 183405 145977 661657 941727 990482 799706 750705 654815 395050 487040 691442 700742 980800 581709 269560 999287
270839 306545 485650 321227 433798 675088 293852 676478 551971 412493 784510 999999999 242804 278800 678293 361114 378983 661801 455829 539118 144727 699333 363595 153468 250304 221275 591462 673223 364535 333577 196612 363697 736600 766479 686078 563708 573863 472769 287954 288396 587630 704699 201461 393199 546776 474809 741324 472987 530288 73701 607889 478539 698047 513778 238075 536711 710697 483928 474683 717946 623450 361788 760734 222558 135740 730870 300350 248495 822902 612608 451467 521120 187045 659996 456902 432327 189971 786851 874212 168098 458724 501542 183489 555415 653592 883906 333171 596315 212830 249693 538574 132348 593651 419229 311340 540795 296932 286446 625902 262211
418557 425111 728445 188847 304424 882502 284077 912274 468276 646783 892429 242804 999999999 397123 871604 592194 604789 800768 686342 775249 283318 926382 375376 204800 52532 449641 818736 605654 587000 520553 70292 575020 881337 908907 730084 803361 815404 713433 503112 518869 774591 926872 375840 237667 745904 714406 931138 580382 669246 314285 551671 581232 939153 756492 50688 778785 930268 723242 470400 794449 627940 568463 907215 90766 214612 869084 451953 414741 980788 766752 682398 586585 219083 841157 633272 609237 422548 913510 1025482 160669 701480 413776 276614 684051 799922 1014242 571272 834325 211687 103820 395410 328315 598293 627373 552076 419587 484958 505803 674447 136867
49009 576741 518506 554108 675227 840638 176836 763028 815066 537291 1039615 278800 397123 999999999 866027 318471 309432 903170 587907 637483 137440 817540 641007 423593 364219 226650 718022 942888 533764 164789 326863 249324 970978 1001471 962149 638036 629370 550642 486728 452715 789736 836338 102469 619264 735798 459287 930267 738225 777841 256483 879313 745178 746836 553710 356642 589157 848462 570906 752200 986536 902207 234617 992906 315163 189601 970094 557942 80248 1043358 845318 582753 795938 458025 864291 681098 658302 378689 1031710 1098706 421847 492231 762062 121911 807599 890207 1123778 455899 553480 194209 465138 776379 391560 872363 607884 421705 789431 143811 477864 901929 302005
826475 467309 468106 804530 830852 79541 959675 316169 792826 344484 371646 678293 871604 866027 999999999 626294 657965 236262 297388 313523 783787 228656 609913 668714 902182 644239 222893 807146 332453 779528 855405 717349 224094 243105 537098 359760 400351 387320 392868 414313 99102 189017 764402 853355 132390 558224 64341 384042 274359 643608 756408 392895 416504 446489 890823 414856 171026 363911 625354 451193 623859 732906 225729 889525 808123 247140 424558 790843 217936 189382 302241 471145 662862 64401 241749 264456 500944 308245 274929 714874 475740 784119 832934 293356 209404 348073 415742 608362 887674 808014 897800 553737 617414 262228 450684 858834 765696 397514 513457 936421
269484 521119 205408 678132 783207 581316 480626 457251 874189 282714 888375 361114 592194 318471 626294 999999999 33929 733681 328932 345827 331491 525032 655746 495876 583798 142560 437624 976315 326283 172912 531477 93398 784190 813642 889184 333329 317716 256349 332357 271908 573500 551142 249678 750470 510502 141241 687209 640368 632851 288099 908778 650710 430404 240777 572476 278496 566714 279679 755747 876734 875070 110438 801058 541824 397348 791600 473202 241449 831080 666237 324056 728474 523370 643515 509992 493970 274007 859465 889181 523470 181514 830043 367477 668772 713469 937329 227047 247568 455805 610773 887224 371169 849125 403624 197127 881327 177580 317924 832802 556679
260594 551960 226684 698392 805576 611533 477047 479555 900588 315128 922296 378983 604789 309432 657965 33929 999999999 767542 360600 372845 336671 550652 683754 518108 593609 157816 465955 1004668 360159 154690 542178 68594 817758 847159 921997 356929 338413 283845 365654 305499 606537 578065 250244 770695 543337 152540 718478 673379 666716 307099 937145 683652 446815 261590 582561 300146 594150 307522 784956 910362 906196 86252 834492 550241 404412 825315 505006 235694 863800 700038 355789 760772 546574 676199 543921 527875 304036 893228 921937 543764 204749 855643 369255 702608 747265 970773 260907 246365 458451 628434 909931 397859 880007 437396 231051 905461 165902 351281 865400 561856
872736 376515 625307 688173 682884 312285 955651 536500 607643 465313 158614 661801 800768 903170 236262 733681 767542 999999999 434031 493057 793497 458953 468442 599091 841525 705141 422681 596606 407411 857257 803752 814672 81481 108139 305271 546997 588543 541600 422410 471565 195004 422196 801895 721393 253901 705962 246977 227568 133046 652283 554217 230584 633484 613752 831748 590967 405725 522152 447638 214932 407587 827304 107709 841754 797492 69348 363130 838418 189353 69524 437265 278412 581686 172205 227250 247581 525723 129000 226250 640591 623778 611061 839520 117905 27570 222268 506636 783491 872890 717022 730124 529609 407229 330618 537469 684792 834540 433946 290606 894707
544594 384707 191489 681347 748482 256150 705650 229582 774298 50652 592643 455829 686342 587907 297388 328932 360600 434031 999999999 100096 528038 243903 552141 506450 703417 361432 136602 837568 106644 485835 650863 420379 470710 498568 657368 148592 182510 108493 191682 168018 252939 253517 489859 745797 188345 273240 358443 420085 365276 400965 774008 431838 282199 183460 691246 169062 263040 92023 618226 613623 688290 436197 484313 678377 567765 482675 324051 509379 505551 364509 5174 522883 515572 318370 239700 236471 266176 551514 563781 550997 190269 745967 576740 401775 409966 619738 133565 352577 645851 652421 839072 361248 669520 127636 166588 814249 475153 184810 610647 716195
591245 484538 158542 779083 848213 250910 770421 137366 873621 128938 649929 539118 775249 637483 313523 345827 372845 493057 100096 999999999 595259 180855 652043 601640 788987 413004 96328 934065 206021 515425 735617 439085 516212 541434 740164 55299 95951 89589 289627 257655 300009 205332 545063 844356 239177 250206 365850 510505 444164 478428 871210 522234 182198 133456 776761 101670 221350 67119 716227 687052 780056 456254 525552 760885 641700 532432 423953 557353 531145 424876 102031 613833 612427 351793 324488 325636 352705 600299 588420 645368 172040 845843 642601 479431 466958 656717 206192 296338 717668 746839 939141 454557 762578 220860 232070 914301 511627 281477 696620 795335
141615 449441 504628 423027 543130 769167 177926 729231 678744 479241 922568 144727 283318 137440 783787 331491 336671 793497 528038 595259 999999999 769074 504178 286165 262251 197142 663852 805712 454642 237268 214928 296917 865363 895640 830791 607564 607919 515755 392440 372525 699581 781529 93036 490667 651483 467322 847959 614440 664249 142690 741958 620544 731315 537634 252181 568055 790792 532279 615332 860960 766445 288460 888565 216151 69987 861847 437581 132035 945470 739990 523111 665650 320593 773705 578792 554852 283097 920537 998884 285413 476906 626111 49281 691598 783042 1015636 395164 579059 126619 336698 645780 267982 736472 521597 364733 656107 201945 386561 770608 225356
771657 581704 327645 904359 956844 149150 945833 98207 953163 290463 600183 699333 926382 817540 228656 525032 550652 458953 243903 180855 769074 999999999 744922 738911 945650 592096 107953 990563 339420 695774 893561 617870 452695 470712 748427 196356 225952 269985 424222 410985 275549 42848 723682 964118 243048 416846 254443 555396 461004 644720 933279 566248 196461 295639 933529 256868 64197 247970 787423 672114 817614 635225 453147 921778 811120 475717 525293 737537 430675 401671 248470 654637 743639 288881 372943 385692 509411 536496 482416 784685 346483 934166 817250 489518 431430 567699 374247 428259 888760 885240 1038506 598633 806056 312340 404436 1006738 692466 420671 716493 960074
634287 167560 686993 224533 221191 649390 611288 770594 226113 537269 530633 363595 375376 641007 609913 655746 683754 468442 552141 652043 504178 744922 999999999 220719 425208 543498 650465 321108 449104 684475 405410 692486 549349 572980 355084 699405 728583 631383 375390 430245 512666 728907 563561 253015 512359 720888 657464 242029 351496 408070 253669 237975 834240 700425 418738 704227 724051 628294 111195 421916 265215 695831 575491 443830 469619 531311 228095 610417 657518 455305 550674 216301 187415 561048 378385 361527 384175 563495 692885 238887 667329 193834 533678 352414 475699 663453 500377 839613 523014 275414 293695 287230 234900 439268 504952 263237 649468 387936 299073 499060
421409 222578 584631 186588 287478 683507 393880 735906 398508 473241 699733 153468 204800 423593 668714 495876 518108 599091 506450 601640 286165 738911 220719 999999999 242561 363725 632791 521061 401902 486564 206190 511155 679015 707113 564594 637130 655814 552443 315949 345348 571044 735382 354135 257984 545213 592466 727460 384127 466691 214643 456468 386477 775716 607397 232662 622887 736971 557787 331106 613290 485668 510863 704702 244970 248911 667926 247207 401080 776916 562708 503119 407179 34441 636742 429113 405283 259959 715293 822580 46511 559884 348197 313284 483623 596987 815588 407909 715468 305339 146399 391858 148615 455396 431835 397262 389909 450064 321688 505563 299564
390317 465036 731913 241030 355123 909176 237433 926345 520254 661621 937619 250304 52532 364219 902182 583798 593609 841525 703417 788987 262251 945650 425208 242561 999999999 442123 837718 657777 607317 498047 54154 558583 921559 949589 780243 813982 823469 722885 525378 535399 806316 948353 355181 287064 774461 711319 962779 623885 709237 317181 604117 625299 947847 761412 12232 785830 952820 734232 521933 842422 679718 550608 947260 49064 192269 910249 487439 390516 1019177 804926 699243 634448 261288 874482 666438 642095 437479 956462 1065128 201632 704537 465830 247260 725632 839543 1057009 583313 829098 172500 156141 443568 351955 649983 652747 561549 469704 463570 526709 724100 85578
183403 429761 308632 541487 650612 615247 362341 542226 753554 310788 851331 221275 449641 226650 644239 142560 157816 705141 361432 413004 197142 592096 543498 363725 442123 999999999 491554 864013 314493 155556 389420 149484 766745 797141 814083 418200 414668 328203 282851 237184 573277 609952 132228 613708 516186 271508 708154 571863 588535 150216 796814 580852 536742 342333 430665 374447 621875 347196 649357 818254 781458 152366 786951 401209 258944 769154 392694 148021 830563 642534 356270 648262 393648 647345 478262 457587 188279 834015 887223 387090 281040 706591 239093 621791 689002 921048 230354 387110 323706 470622 755268 256890 753680 391632 195757 753087 129525 271217 755213 419550
673214 484691 254863 801038 858165 155595 841167 125254 864483 184615 575604 591462 818736 718022 222893 437624 465955 422681 136602 96328 663852 107953 650465 632791 837718 491554 999999999 911451 232009 604406 785608 531016 435673 458946 691161 137189 177475 182388 317313 303082 227884 118480 622060 862308 176073 346531 271592 478213 395740 537546 851546 489606 213378 228808 825593 194382 130831 158518 701213 626987 746211 547910 442363 813870 704354 454367 426468 638522 440671 357533 141323 580460 638631 268087 290377 298672 401514 520641 497177 678324 267827 842156 712349 428314 395560 569990 268700 386007 782358 779188 942991 491296 731833 212137 300140 913505 597988 313258 652988 852417
942464 467195 992831 416808 308607 867341 880865 1036439 137924 832749 568184 673223 605654 942888 807146 976315 1004668 596606 837568 934065 805712 990563 321108 521061 657777 864013 911451 999999999 743062 1001867 659327 1013240 661337 672807 317336 985884 1019584 929129 680379 739622 723976 965193 874653 380211 747516 1034886 836221 435197 535141 725039 67537 424317 1113211 1002067 656087 1000408 955046 922198 224055 429342 189819 1016204 683292 692433 759661 635075 525341 921676 768142 620768 837195 337550 486803 746097 621205 613432 703487 631976 781268 521719 975549 191990 827457 513796 616728 713490 808797 1150671 797011 505428 257901 608264 190357 713292 817720 209747 966195 694184 308786 742426
495045 282567 255088 574977 642197 314803 632057 335547 673120 89705 562444 364535 587000 533764 332453 326283 360159 407411 106644 206021 454642 339420 449104 401902 607317 314493 232009 743062 999999999 458193 555899 408490 460204 490114 588515 250643 279676 186088 85984 82334 258920 341109 431981 639177 202208 316804 396767 342058 311452 318272 678178 353549 387268 259979 595265 257590 346327 180021 521066 560100 603696 421855 478471 585599 485703 466204 221851 459435 516998 340254 104140 441669 409763 332861 185280 172093 176200 533658 574144 447032 242840 642806 503922 348165 387502 614283 99270 418509 565113 548214 733666 259290 582642 78819 130583 710006 440060 81261 537164 626731
119273 582084 378255 648658 765202 741801 340503 630074 884455 436387 1005346 333577 520553 164789 779528 172912 154690 857257 485835 515425 237268 695774 684475 486564 498047 155556 604406 1001867 458193 999999999 452093 88212 916306 946535 968248 505866 490548 425910 436197 386153 716053 720083 144969 718949 656074 307196 842313 727207 743001 276867 935416 736090 601288 413581 488467 451406 734728 448512 793078 973805 930670 71754 935611 450576 306699 920050 547436 108088 974759 793283 480726 801937 519433 788993 630012 610179 343791 985804 1032142 499865 354368 834729 253821 776640 840127 1070717 364987 391752 341173 567194 869616 402991 902278 536828 330400 874002 36918 423863 909074 449767
348537 427759 677786 245429 365184 860135 222330 872984 523360 608552 905736 196612 70292 326863 855405 531477 542178 803752 650863 735617 214928 893561 405410 206190 54154 389420 785608 659327 555899 452093 999999999 509288 883025 911534 759567 760135 769397 668940 474893 482893 760442 897008 307864 301614 726621 657863 916636 590302 670912 263028 602345 592534 893801 707259 42066 731713 901877 680453 507626 815938 665970 502009 908486 39086 145465 872828 445526 345603 978555 764441 646630 608388 229797 829660 621907 597396 384731 921235 1025754 170719 650424 468691 206358 689134 800495 1021383 529767 776106 144073 154465 460180 302866 635854 603404 507666 481037 416871 475669 702088 94468
201478 572585 295134 684815 796750 674017 421919 547953 902944 372968 967110 363697 575020 249324 717349 93398 68594 814672 420379 439085 296917 617870 692486 511155 558583 149484 531016 1013240 408490 88212 509288 999999999 868572 898366 951493 424956 406976 349673 401924 345310 661127 644416 205341 756597 598983 220022 778817 705112 707931 296525 945974 714844 514944 330118 548138 368592 660078 373055 797488 947063 926319 17658 886361 513040 366609 874624 530578 181454 919549 748393 415421 787507 541882 732276 588621 570875 325083 941824 977488 531598 272742 855707 323117 743034 795612 1022430 310561 304476 412441 609234 901546 405414 899087 487014 277911 901024 106421 388242 893619 518966
938641 456573 658976 769572 762534 303634 1030266 539073 681475 507668 149013 736600 881337 970978 224094 784190 817758 81481 470710 516212 865363 452695 549349 679015 921559 766745 435673 661337 460204 916306 883025 868572 999999999 30504 356605 567763 609382 575064 485918 530400 218676 412497 869033 802172 282995 743837 212948 308954 212324 723275 623099 311728 638838 643553 911653 616999 393647 553876 524488 252785 471519 882055 26233 920813 872324 27997 440161 903853 110492 125716 474547 354481 662273 168091 290080 312677 592346 85066 144809 720970 660624 687535 912120 199370 83122 154416 558198 811651 948591 798291 806964 604253 474493 381561 590704 760665 895467 496343 352614 973381
969144 484557 685965 794343 784239 322286 1060209 559201 698354 536307 138795 766479 908907 1001471 243105 813642 847159 108139 498568 541434 895640 470712 572980 707113 949589 797141 458946 672807 490114 946535 911534 898366 30504 999999999 363356 592322 633852 602154 516409 560707 245890 429741 899533 825412 310438 771471 224682 334023 240622 753610 636985 336161 659391 669832 939776 642569 410297 580691 543877 255827 483259 911930 17693 949436 902215 41770 469457 934352 95354 156182 502492 373862 689825 190871 320585 343169 622845 66850 119923 748718 688175 706347 942329 225552 112895 124221 587904 837364 978320 824847 825939 634134 487976 411404 620552 778916 925814 526809 364238 1002190
945590 388163 840549 565262 508496 608425 958332 813874 375948 670656 250934 686078 730084 962149 537098 889184 921997 305271 657368 740164 830791 748427 355084 564594 780243 814083 691161 317336 588515 968248 759567 951493 356605 363356 999999999 795359 834583 763047 557750 619737 472974 715639 871856 568371 515357 905022 552247 249405 296590 709342 295027 238714 904032 839192 773822 826220 701373 749189 267055 112177 137358 959751 375839 798250 808642 329015 421630 916292 458159 349107 658809 166998 534423 472817 417784 422018 627395 316769 466213 590520 830731 402133 867436 262883 330060 396166 678362 1004742 869823 628722 516274 573373 155617 531323 699536 464563 937533 572421 60223 853615
590523 532300 131605 817639 891171 292059 779694 125082 922426 165861 703302 563708 803361 638036 359760 333329 356929 546997 148592 55299 607564 196356 699405 637130 813982 418200 137189 985884 250643 505866 760135 424956 567763 592322 795359 999999999 41683 92199 330905 291823 353135 228954 550150 884302 293345 220574 408460 564578 499440 499247 922511 576322 138773 99331 801757 60935 247690 80167 766818 742208 833914 442499 576145 783385 658302 584760 471542 557847 577668 479154 149408 667843 650063 401850 379262 379742 382278 652234 634316 679700 152219 893206 653545 534729 520684 705762 232312 248818 732198 780875 983954 488822 816022 273579 252488 960647 506031 321303 751541 814945
581162 562242 112308 838465 915839 331249 777005 142453 952790 191554 744953 573863 815404 629370 400351 317716 338413 588543 182510 95951 607919 225952 728583 655814 823469 414668 177475 1019584 279676 490548 769397 406976 609382 633852 834583 41683 999999999 103397 356278 312152 394793 261685 545376 906238 334799 194303 447819 601580 539137 506871 955632 613335 124576 76975 811279 40328 281361 100744 799262 782892 870411 424628 617630 790962 661715 626436 501515 549585 618142 520589 182552 704667 670524 443288 417633 417029 397814 693884 674558 697263 137350 922118 652626 574667 562276 746898 248051 209307 733703 797896 1010260 507200 851925 309504 263458 988472 493618 345615 789984 820140
503840 466653 83988 735371 814295 332172 688672 214190 856718 96506 700177 472769 713433 550642 387320 256349 283845 541600 108493 89589 515755 269985 631383 552443 722885 328203 182388 929129 186088 425910 668940 349673 575064 602154 763047 92199 103397 999999999 256643 209460 356404 294812 460412 803433 292130 171184 443953 521980 472937 407448 864131 533674 225774 76157 710670 72999 310435 24036 706861 721795 787583 366787 587282 691684 566107 588320 406323 470402 602011 472130 105995 623693 567403 417199 346366 341068 294540 657071 660006 593873 88427 824245 562029 509585 517104 721547 144658 244170 640138 694548 909786 403831 767365 231725 161482 889360 422676 245126 714843 722832
452926 213515 312997 489736 560288 387204 567131 421145 601256 165268 569162 287954 503112 486728 392868 332357 365654 422410 191682 289627 392440 424222 375390 315949 525378 282851 317313 680379 85984 436197 474893 401924 485918 516409 557750 330905 356278 256643 999999999 62533 307171 423772 384348 554732 260563 357823 456686 308465 307287 251047 614128 319038 469062 325082 513437 329636 427569 255537 456482 545589 554807 412609 507095 506016 415412 487076 155284 418007 556903 360833 188742 400161 323968 381415 196109 174833 109753 551357 612003 361183 295170 567748 441302 341699 406868 639780 128790 470620 495019 462292 653984 174812 531231 131552 143282 632757 412348 14764 502372 549376
415112 272459 256907 526455 605316 396665 550114 393905 656341 128718 622158 288396 518869 452715 414313 271908 305499 471565 168018 257655 372525 410985 430245 345348 535399 237184 303082 739622 82334 386153 482893 345310 530400 560707 619737 291823 312152 209460 62533 999999999 337515 416834 350615 594092 283236 296406 478653 370349 362741 237653 673002 381046 430501 272445 523229 281737 423689 212837 515568 604865 617013 356990 550164 510794 405327 533901 215936 379596 593688 407134 163870 462681 358607 411960 244446 225789 98433 599842 650162 388303 237175 620651 421800 398110 454015 684809 70145 411122 484473 489674 701927 197312 593191 155442 80778 683487 365192 47776 564656 549772
752626 368217 440303 705445 733233 143518 873487 344639 701304 292596 350175 587630 774591 789736 99102 573500 606537 195004 252939 300009 699581 275549 512666 571044 806316 573277 227884 723976 258920 716053 760442 661127 218676 245890 472974 353135 394793 356404 307171 337515 999999999 244397 687382 754628 64607 525602 156561 293258 189096 557776 670255 302972 439822 425214 795097 399715 232185 335220 533586 400915 545606 675605 231404 795220 719634 232967 325917 717105 258822 130001 256979 386429 564416 74575 142861 165975 416805 301375 316516 617044 442291 690081 748367 214894 168129 366863 351744 593904 798860 709431 802322 460429 536189 182073 385896 764584 698839 313820 441475 843181
791327 568343 358524 896112 943632 110189 959056 140407 932824 302571 560576 704699 926872 836338 189017 551142 578065 422196 253517 205332 781529 42848 728907 735382 948353 609952 118480 965193 341109 720083 897008 644416 412497 429741 715639 228954 261685 294812 423772 416834 244397 999999999 740540 953975 219673 449064 211891 530761 432425 653292 909267 541303 239261 327986 936319 289889 21441 271729 766119 636333 789416 661576 412123 926462 820605 436063 513786 756737 388024 367291 258424 628154 738136 250800 352774 367643 514947 495822 439592 781547 375516 915943 830173 459285 394793 525261 386597 467002 899017 881266 1022553 598557 779019 304521 418439 989191 714909 421690 685780 966524
73849 484232 437299 506997 625236 740704 233022 674368 752221 439443 940069 201461 375840 102469 764402 249678 250244 801895 489859 545063 93036 723682 563561 354135 355181 132228 622060 874653 431981 144969 307864 205341 869033 899533 871856 550150 545376 460412 384348 350615 687382 740540 999999999 576406 633819 389508 828691 642385 677656 162514 809347 649833 666246 471725 345189 505064 751865 479398 674252 891137 819642 196032 890811 308670 162982 868512 461147 47034 940898 743429 484737 704987 388116 761946 579038 556397 276693 930608 996287 361856 410062 700969 119084 708077 788527 1022079 356866 495747 208461 423633 729076 298564 790267 505615 323271 736074 109118 375405 811762 313794
632114 388524 840715 72339 71611 885087 521579 974181 242957 718562 774802 393199 237667 619264 853355 750470 770695 721393 745797 844356 490667 964118 253015 257984 287064 613708 862308 380211 639177 718949 301614 756597 802172 825412 568371 884302 906238 803433 554732 594092 754628 953975 576406 999999999 745338 850442 904350 494946 603299 463658 334897 490988 1022974 862072 287897 875194 951986 806508 303048 654922 444795 753956 828278 328289 429779 783681 440310 620702 910525 707153 743122 459965 237155 808359 614550 594435 515592 813089 945334 227023 816517 191401 497501 605388 728648 912054 660156 973447 445610 154265 158599 402708 418356 651797 652515 182917 682069 563339 521619 372595
697246 356878 376087 691689 729950 140093 827285 298725 713225 228718 411244 546776 745904 735798 132390 510502 543337 253901 188345 239177 651483 243048 512359 545213 774461 516186 176073 747516 202208 656074 726621 598983 282995 310438 515357 293345 334799 292130 260563 283236 64607 219673 633819 745338 999999999 461033 196478 312363 221183 511220 690479 323200 389404 361779 762923 337452 212569 271234 546445 451952 575823 613743 296010 760029 675927 296417 307247 661632 320647 185810 192410 411890 542267 133320 134144 151513 368570 365073 378698 591674 377742 697171 700607 252705 227975 431411 291112 530966 755510 687548 805427 424031 563456 129886 325690 770790 640101 265127 478561 806022
410278 568270 91675 778775 874805 500407 621451 336710 945762 241761 864395 474809 714406 459287 558224 141241 152540 705962 273240 250206 467322 416846 720888 592466 711319 271508 346531 1034886 316804 307196 657863 220022 743837 771471 905022 220574 194303 171184 357823 296406 525602 449064 389508 850442 461033 999999999 613887 657275 625298 401392 967937 668571 295249 121244 699606 160016 467206 194336 810938 875044 912185 237494 756950 671883 530448 755891 512342 382683 773190 636502 269569 754416 615556 588057 497549 487435 341636 824731 831190 626308 83381 906382 505916 662221 682496 891809 229763 123008 593150 720403 976446 452463 888965 382222 217186 964317 317013 343360 852770 691002
890561 521382 522907 857920 878642 116589 1023675 349131 831124 406472 361428 741324 931138 930267 64341 687209 718478 246977 358443 365850 847959 254443 657464 727460 962779 708154 271592 836221 396767 842313 916636 778817 212948 224682 552247 408460 447819 443953 456686 478653 156561 211891 828691 904350 196478 613887 999999999 424519 312364 707577 788772 432351 449496 499302 951528 465860 191144 420195 664717 457864 649557 794576 207054 951152 871722 239463 481681 854932 176314 216057 363396 504417 720260 96436 298609 322200 565030 291530 229477 773379 532249 825797 897084 325399 222853 313410 479210 657039 951227 865011 941387 615758 645864 326363 514163 900605 829024 461566 535142 998591
716060 167539 596415 460619 460110 436431 761979 603465 408834 427234 316092 472987 580382 738225 384042 640368 673379 227568 420085 510505 614440 555396 242029 384127 623885 571863 478213 435197 342058 727207 590302 705112 308954 334023 249405 564578 601580 521980 308465 370349 293258 530761 642385 494946 312363 657275 424519 999999999 112468 481785 378518 11756 684737 597913 614841 588654 521465 510334 241313 248783 269714 714137 335184 629092 605253 292822 181560 684584 415959 214921 420799 103350 362601 328775 188363 184873 383686 333206 453440 422308 584898 401294 656266 110489 233704 434004 429454 760319 675559 492374 517190 347279 253769 292451 450149 476104 698264 323107 195509 683534
749680 244287 553435 564654 571288 332241 824002 519639 519355 384845 263179 530288 669246 777841 274359 632851 666716 133046 365276 444164 664249 461004 351496 466691 709237 588535 395740 535141 311452 743001 670912 707931 212324 240622 296590 499440 539137 472937 307287 362741 189096 432425 677656 603299 221183 625298 312364 112468 999999999 524292 482577 119990 607961 548607 699332 532843 421043 457256 352478 249847 357000 719234 238053 708832 665810 202355 230615 716056 313125 103865 367244 197748 450261 217074 127800 139559 404002 256643 356238 508769 546743 513505 709530 36927 130775 353965 408804 716807 740629 587881 629652 398468 347097 243524 436015 588304 717919 320326 257430 761695
236271 321856 415099 391389 500707 632829 316108 615330 609257 354850 784630 73701 314285 256483 643608 288099 307099 652283 400965 478428 142690 644720 408070 214643 317181 150216 537546 725039 318272 276867 263028 296525 723275 753610 709342 499247 506871 407448 251047 237653 557776 653292 162514 463658 511220 401392 707577 481785 524292 999999999 658550 488844 631401 444258 305056 468882 660887 420276 517471 730240 659345 296343 746292 284266 167677 720309 301541 207445 802780 597763 396312 542485 245776 631697 436142 412254 143047 779911 856241 236895 387880 560715 190863 552862 641189 874178 272587 522698 246891 322811 605441 136130 630282 381502 247263 604545 241486 246155 649248 316911
877755 400722 926855 363533 264038 813769 822721 976199 95911 767882 541938 607889 551671 879313 756408 908778 937145 554217 774008 871210 741958 933279 253669 456468 604117 796814 851546 67537 678178 935416 602345 945974 623099 636985 295027 922511 955632 864131 614128 673002 670255 909267 809347 334897 690479 967937 788772 378518 482577 658550 999999999 368096 1051159 936643 601651 935714 899908 857696 157671 404182 158515 949056 646205 636588 697655 597803 459348 856381 731848 572718 773490 285277 422093 696709 561965 552956 635984 601218 749296 459292 909262 143524 765049 463976 572590 687914 742351 1084117 737764 449697 234517 540876 149076 650747 750812 182519 899871 627827 274487 687856
723569 172340 607997 458184 454740 446300 766550 614860 399958 438874 313262 478539 581232 745178 392895 650710 683652 230584 431838 522234 620544 566248 237975 386477 625299 580852 489606 424317 353549 736090 592534 714844 311728 336161 238714 576322 613335 533674 319038 381046 302972 541303 649833 490988 323200 668571 432351 11756 119990 488844 368096 999999999 696349 609594 616412 600395 531811 522067 232698 241399 258033 723726 337926 631408 610182 294735 189598 692308 419545 221243 432548 91649 364129 336895 199911 196607 392797 333001 455851 423881 596385 393540 661949 114758 238004 433830 440556 771870 679848 492034 510009 353889 242283 304204 460984 468332 706898 333708 184300 686026
698164 666728 229046 956408 1029058 338262 898707 100617 1055521 304419 783066 698047 939153 746836 416504 430404 446815 633484 282199 182198 731315 196461 834240 775716 947847 536742 213378 1113211 387268 601288 893801 514944 638838 659391 904032 138773 124576 225774 469062 430501 439822 239261 666246 1022974 389404 295249 449496 684737 607961 631401 1051159 696349 999999999 194549 935649 163556 260653 218009 897079 840070 954234 532499 642121 915526 785951 659789 606151 667748 625754 569813 283892 787883 788832 471197 496538 501016 519728 723713 678378 818049 256183 1028036 775433 641154 606091 761655 369556 260136 857388 919098 1120899 627296 938262 400539 387088 1096447 607935 459782 864599 944613
505303 537514 35428 792622 876807 384135 704164 218253 926338 171281 772084 513778 756492 553710 446489 240777 261590 613752 183460 133456 537634 295639 700425 607397 761412 342333 228808 1002067 259979 413581 707259 330118 643553 669832 839192 99331 76975 76157 325082 272445 425214 327986 471725 862072 361779 121244 499302 597913 548607 444258 936643 609594 194549 999999999 749301 39124 346359 92031 779114 797073 862903 347764 654444 726867 593878 658071 477707 474186 663686 544473 181366 699407 625007 482025 422332 417223 347438 726582 721191 646766 61714 892248 581233 585173 588717 787236 203266 169849 663992 746032 974227 459693 842346 307870 210146 955830 416998 312528 790969 753525
381714 455232 719852 239317 355054 897461 234600 914120 518813 649409 928984 238075 50688 356642 890823 572476 582561 831748 691246 776761 252181 933529 418738 232662 12232 430665 825593 656087 595265 488467 42066 548138 911653 939776 773822 801757 811279 710670 513437 523229 795097 936319 345189 287897 762923 699606 951528 614841 699332 305056 601651 616412 935649 749301 999999999 773661 940837 722003 516696 834837 674703 540350 937313 42620 182208 900548 476829 381148 1008898 794645 687067 626876 252286 863446 655427 631051 425286 947184 1055082 192545 692490 464275 238674 716069 829530 1047668 571082 817560 166354 152487 445185 340172 644871 640973 549328 470101 453787 514698 717384 86340
541000 539158 73463 806703 886925 349970 736771 179434 929419 167945 748685 536711 778785 589157 414856 278496 300146 590967 169062 101670 568055 256868 704227 622887 785830 374447 194382 1000408 257590 451406 731713 368592 616999 642569 826220 60935 40328 72999 329636 281737 399715 289889 505064 875194 337452 160016 465860 588654 532843 468882 935714 600395 163556 39124 773661 999999999 308586 78637 778656 779523 855956 386222 626819 752694 622398 632598 478699 509331 632634 522126 167994 691126 638744 453310 408439 405508 363705 700752 689784 663583 97447 897185 612577 569006 565348 758335 215213 194836 693980 763779 982683 474412 836433 296428 227773 962358 453838 318110 779708 781175
