NAME : synthetic_000887
TYPE : CTSP-D
DIMENSION : 100
GROUPS : 8
RELAXATION_LEVEL : 1
EDGE_WEIGHT_TYPE : EXPLICIT
EDGE_WEIGHT_FORMAT : FULL_MATRIX
EDGE_WEIGHT_SECTION
999999999 621120 513096 458383 654545 269619 796348 535298 576783 543931 387641 524981 771128 506868 775114 826712 800125 668905 748039 572895 94821 552924 269556 404256 318011 746022 321018 88179 408963 270797 511963 731441 77524 597539 333964 112322 420152 735214 452110 503616 469818 643217 798090 753283 533461 724116 320288 247698 879859 278507 361557 121471 623629 411300 491956 804380 467071 519766 192014 646071 749853 967649 325874 176538 648953 721571 572847 584745 478173 568564 638312 657037 801339 905475 129502 53206 732094 314391 711881 667410 570037 898755 656237 294643 390077 193896 263867 679689 606735 570494 619907 646982 816120 526621 161730 112704 188833 601598 178099 637475
621120 999999999 108601 238923 950292 386743 913938 960146 592377 479083 747620 278599 638705 897499 447333 808825 1004957 262744 792856 755825 677830 409493 889056 725118 443938 887695 823216 533382 582284 358277 549406 512408 585736 357208 640377 613848 815562 826888 210487 775838 774787 666515 1067605 920436 167490 804363 803720 381429 583982 491163 819991 598038 13564 734993 177481 747701 772657 716040 797855 829696 713709 600300 298261 766573 946973 725502 84885 667588 869096 381280 759583 887613 1077583 573461 732437 636401 788835 843843 786427 1045023 869681 528054 727097 411697 672601 644005 867399 991146 448674 370032 206940 906283 713422 365103 647641 596997 688082 429584 734853 194513
513096 108601 999999999 159207 882208 287994 872243 875214 549940 440363 663550 247940 630591 815226 472846 786952 952087 291342 758635 696420 569265 378970 780635 644637 359729 841009 726660 425589 511195 249831 498291 514657 477164 344921 556221 505758 730131 786038 121039 704376 698858 628709 1006473 870831 141465 764432 708510 276533 610664 402149 727750 494935 110537 654686 122356 730342 696546 652246 689265 773856 690412 645801 189667 661553 878467 695183 79697 619032 785952 357686 710332 826944 1015680 608685 623837 527811 752278 745084 746602 967996 798400 570985 684631 321082 593773 545584 761861 921983 428216 348099 206783 842031 703533 330585 540673 488901 587897 409992 631803 224876
458383 238923 159207 999999999 945243 313006 973280 904453 657957 556851 700827 383965 766992 851991 627908 909906 1037450 449188 870055 777855 490685 506031 710024 690587 415820 936473 727235 379660 581294 194501 598261 659506 402838 486454 597935 418029 761956 889607 42342 765903 752186 739296 1078780 961983 291643 869485 714104 274400 764964 442583 741770 479002 232798 700629 260065 858066 749593 728362 609246 858449 813736 804310 160588 627166 940847 811844 157741 717530 821510 491238 805362 903214 1086628 765406 546912 457280 861325 737266 852143 1012689 857652 729309 788572 366365 645262 546923 721277 982361 560951 483322 161553 912323 837506 457210 439983 401940 580246 544065 609385 383717
654545 950292 882208 945243 999999999 633339 256572 201475 398957 500358 268721 683183 533343 171651 733417 419135 171603 788695 330694 206725 730136 573656 713304 262833 530802 213403 376589 661927 371030 777222 414048 618955 725995 649079 353766 766765 238974 273065 913230 179503 196360 365186 143688 184855 784971 286404 360804 678932 733877 503696 316180 544591 961195 253598 773952 456536 199123 235757 742437 164311 424796 848646 787942 543780 5769 377504 961800 318789 190757 608935 248306 95553 147888 781817 723314 704590 315232 410501 293333 139521 88869 819103 305370 578992 301373 463546 564362 42099 568584 620563 1077819 57974 509988 603979 814879 765408 467434 583597 503049 818039
269619 386743 287994 313006 633339 999999999 685497 596455 393762 321419 389150 256540 556147 541076 515205 657578 734688 399297 599093 476246 352266 306875 534433 377621 112947 643563 438676 187355 277460 154551 326726 488979 270436 337289 285072 315889 452280 606973 284058 454490 439363 473425 769003 664627 269750 589409 420823 55643 630521 129764 441778 214496 392809 387674 231380 618442 436751 424145 461420 557584 567012 709245 154623 386128 628822 552278 363101 435220 510839 314476 515352 596415 776347 650653 397532 304673 587121 457536 573323 700398 545312 637852 510089 61150 332559 257784 487789 669885 365515 313960 456385 602738 614636 271172 368139 301569 301341 356001 350078 369639
796348 913938 872243 973280 256572 685497 999999999 451752 322770 435129 429018 635523 352675 404877 589100 187281 136890 698345 132505 223657 884672 504889 917345 400173 572558 52741 583109 776579 412109 839982 375962 471888 856247 566461 462551 902911 436786 87073 934997 303702 343989 247755 243097 71829 748100 109873 560631 739518 548186 569615 521187 675600 926607 395623 751660 244231 346252 277546 924750 153592 237525 657336 831739 729889 260228 203358 947579 255785 411942 535233 170147 177172 256202 597279 891796 849456 129767 622532 127738 388301 282749 645491 187699 624511 406312 605396 774652 280105 473752 546989 1078580 211456 302999 548943 956558 897212 627825 492451 680554 745934
535298 960146 875214 904453 201475 596455 451752 999999999 496769 572285 212529 720231 672901 70136 835441 594834 371530 848803 500679 322415 594359 637793 535600 238356 516705 403773 218955 567009 393606 718215 484061 730805 612104 714726 319831 645185 145084 449621 879188 231160 207578 493402 314946 381527 805371 456997 215212 630066 864446 473338 174251 446771 969127 229121 783951 619670 208522 316365 581833 326414 578166 978744 743947 390518 196606 530714 953782 430052 93018 672421 393087 276124 312314 909495 575531 578987 483112 241253 458609 137643 179535 937418 448294 554524 292171 366942 386357 197799 651119 682703 1052767 240314 666475 654739 686045 647709 350223 661938 362589 862758
576783 592377 549940 657957 398957 393762 322770 496769 999999999 113561 332309 313793 205868 426973 340624 263866 415981 394927 212121 192698 671531 186337 773586 291688 285952 295466 495696 529546 175235 545275 67814 234170 617822 256149 281692 667000 387688 236194 618290 265809 291973 81631 490538 329391 425813 214493 468102 449400 373751 304948 449319 460087 604862 296171 428973 229623 291646 180961 745366 249454 175960 485894 526489 579123 397503 158697 624858 81572 410440 219518 170279 316357 501939 416237 695926 627978 203660 535526 196675 524459 340679 440918 135126 334005 252765 417471 658146 440847 170289 231488 756550 344734 240021 227445 722800 657093 459109 186341 525259 433121
543931 479083 440363 556851 500358 321419 435129 572285 113561 999999999 382760 200501 234957 502333 272560 353237 529048 288337 318274 294443 637823 74165 769147 345114 229046 409004 530087 482834 194577 463983 89072 193720 572180 148758 303845 620913 446804 348178 516052 348009 364894 188774 600585 442844 312975 325915 503027 375444 345028 265793 493755 437413 491649 352164 318451 304504 363836 268997 725781 359253 257501 446510 436617 580882 498267 255921 513806 192036 481174 108912 283032 423527 611628 378721 670167 591578 312235 566886 307983 618055 433187 388598 248015 267470 295785 414416 670220 542455 81317 120725 647134 448851 294250 113994 676066 608934 461666 89811 528645 321502
387641 747620 663550 700827 268721 389150 429018 212529 332309 382760 999999999 511821 532059 152245 654290 510321 414005 645710 417878 219240 467666 441092 490325 40803 304392 376476 169590 393647 191371 521182 299989 560642 457721 516405 107440 499456 68938 386129 673175 125316 85846 358278 412332 375837 593511 382335 142931 427475 705282 262788 117375 275873 756630 38596 571479 512726 83367 179410 496567 275501 461835 815860 540474 300875 263284 419689 742438 288536 122489 474283 297570 272696 416511 746278 467601 438780 399741 210811 375542 312036 182569 765554 337590 343758 87353 195090 352957 297703 463962 483661 844968 259678 546488 451757 548961 497451 204420 471838 251996 654797
524981 278599 247940 383965 683183 256540 635523 720231 313793 200501 511821 999999999 384365 653096 268448 539555 727483 148033 516132 482851 608784 132716 784828 481990 237297 609181 623862 443892 327653 348979 273596 276774 525411 103442 410272 569049 580639 548512 341662 515349 521297 388439 793847 642292 113056 526101 599816 293023 396782 291857 604616 450998 291148 491120 126745 482410 519538 447425 716994 553973 443147 461093 301985 619696 680348 450376 316811 389789 627248 109773 481665 614473 804298 408216 653666 561210 511318 653383 508161 788604 607306 387439 448514 236195 428176 464727 719466 724831 180339 100508 452829 635843 456433 86581 618927 553870 514231 162307 574974 143000
771128 638705 630591 766992 533343 556147 352675 672901 205868 234957 532059 384365 999999999 605718 242800 187308 483396 387636 222727 350620 865800 263552 978395 491276 462084 356471 698700 715122 380090 695411 262382 133314 804486 286044 487561 853491 581468 280575 724871 445898 479410 179857 581772 397419 490258 259838 671186 609729 201526 493318 649400 658452 652228 494459 510960 120031 479717 363076 946186 369039 116053 315652 663060 784453 533823 158820 693680 246919 594487 275774 286784 438673 594710 250261 894156 820587 231563 739052 247234 671002 500013 294094 229236 502327 456672 621462 863985 571640 206294 284042 831496 475370 74882 311261 908955 842039 664226 222927 730656 448797
506868 897499 815226 851991 171651 541076 404877 70136 426973 502333 152245 653096 605718 999999999 765351 536126 342154 779974 441184 256165 574341 568277 542309 172730 455629 354510 207949 528881 325718 669606 414006 661092 581972 645297 259089 618672 91491 393105 824973 161767 137503 425926 305108 337353 740607 398365 195584 577997 795736 415021 150650 408260 906823 163063 720637 557104 138501 246954 576055 269029 513792 909823 691460 378833 166020 466739 894281 361466 30681 603019 329560 227762 305423 840474 561892 553864 423253 239768 398414 164110 123187 867773 383432 495936 226142 326468 393054 182779 581032 613399 997126 196199 602117 586115 663142 619484 318252 591939 342863 795270
775114 447333 472846 627908 733417 515205 589100 835441 340624 272560 654290 268448 242800 765351 999999999 429998 713546 185366 456696 530633 864055 229609 1021477 615796 461779 584936 802169 700075 467127 617358 354988 117954 785472 178161 575681 831052 716759 510052 586368 605487 628515 370306 805157 625148 336568 487492 775242 557659 138055 510873 766257 683870 460628 622295 372422 362660 627841 521240 965242 573866 352588 194096 568822 840715 732619 386761 518104 416299 746736 207622 488440 644256 817648 140311 904575 816354 461807 838392 472093 863448 680799 123693 434746 480566 567776 675492 934464 774520 191418 204751 652756 676900 311550 248609 882687 816540 724427 187058 790410 254475
826712 808825 786952 909906 419135 657578 187281 594834 263866 353237 510321 539555 187308 536126 429998 999999999 324167 567934 95219 293351 920375 408054 994018 472818 549430 210877 678581 787541 417891 808404 331337 319083 874300 451619 504253 923189 540662 146693 868883 395756 436270 186371 429867 248884 651174 137908 652708 713205 368483 564446 620642 706402 822155 472131 664734 67341 437645 331760 981768 268422 96593 473906 786856 799236 421380 106490 855967 242266 534178 430563 213990 325849 443004 417024 938513 879235 113443 719796 138467 557750 415462 468828 175267 597862 457071 650649 862483 450593 360997 441010 992382 364561 122753 456724 978809 914376 684550 379918 746170 625007
800125 1004957 952087 1037450 171603 734688 136890 371530 415981 529048 414005 727483 483396 342154 713546 324167 999999999 807120 260677 259629 881669 602315 881049 396249 624146 128614 542937 795395 457734 886358 455877 595603 867294 670487 476979 911000 399726 203901 1001653 297810 330324 353120 107403 88922 837509 226130 524882 785568 681844 609497 481264 683903 1017040 388894 835189 379718 333064 310566 904127 179192 367345 792337 887120 705371 176983 327654 1029931 337712 358491 635285 246046 143833 120331 730994 880115 851966 252765 578650 241512 278224 236437 777420 287142 675612 419818 606279 732985 177074 580223 647249 1155642 155473 438315 642060 961825 907754 618320 598029 661188 848791
668905 262744 291342 449188 788695 399297 698345 848803 394927 288337 645710 148033 387636 779974 185366 567934 807120 999999999 569075 582602 749741 215537 931358 612795 384682 681668 767450 585575 455946 468089 375692 256159 663574 139666 548667 704952 713721 612648 408674 632318 644353 454547 885412 718797 164010 589396 742695 429369 323078 439127 744578 598767 276158 621298 205646 503161 642922 556302 860696 644370 477190 355354 412969 767728 786596 498325 332845 476365 756030 180106 563964 710517 896858 317703 796576 702547 568875 798290 571983 904653 720210 280206 520104 383765 559595 612103 867464 830791 226904 168758 467464 736893 462289 194249 752274 689146 661715 209332 722886 69117
748039 792856 758635 870055 330694 599093 132505 500679 212121 318274 417878 516132 222727 441184 456696 95219 260677 569075 999999999 199453 840575 383711 904513 381326 487642 134673 585200 714906 342468 752692 274720 339391 799772 440298 419605 848168 446028 59945 830283 301234 342023 130840 360416 175536 629189 44479 559641 654508 421828 495601 526641 626825 805805 380039 636681 126505 343486 241021 896508 174631 106686 533580 737132 710548 332436 71264 831716 166733 438967 411817 120355 235774 373461 470955 855719 801010 18339 626337 43313 470149 321157 516749 92250 538200 369569 566633 770698 364752 347176 423286 965408 274490 182578 430029 903387 840341 597987 366171 658008 619196
572895 755825 696420 777855 206725 476246 223657 322415 192698 294443 219240 482851 350620 256165 530633 293351 259629 582602 199453 999999999 661908 368207 708450 184423 364922 174599 385761 553761 198797 629098 210090 418884 632673 442936 238970 679259 247738 168027 742254 102973 142970 171747 311780 189494 588769 163109 360307 528136 544746 353548 327319 451998 767361 182079 582291 304321 144305 54442 707111 81339 258475 659610 627859 516249 205047 212178 775094 114362 247955 403295 79362 131833 321846 590971 671059 626044 181178 426886 156651 332815 151803 623138 128114 416609 183182 383008 572166 248764 361896 415035 898209 154439 346615 400972 732918 673636 408406 376877 464877 614216
94821 677830 569265 490685 730136 352266 884672 594359 671531 637823 467666 608784 865800 574341 864055 920375 881669 749741 840575 661908 999999999 644445 219616 488244 410689 833709 375540 164929 502960 319720 606783 824068 92110 686002 423775 76346 492128 825961 492243 587745 552000 737438 872778 839011 606805 815563 380763 321515 971672 372853 424729 214011 678753 494529 563967 898878 549322 609495 120274 733056 844327 1057332 379624 208377 724446 815532 621106 678210 547229 658637 729313 739760 875121 996126 56229 47734 824391 359554 803752 730052 648285 987472 749050 383913 478726 279328 267268 752356 699166 659977 649556 727103 910929 616191 94356 90462 263581 693395 232271 713683
552924 409493 378970 506031 573656 306875 504889 637793 186337 74165 441092 132716 263552 568277 229609 408054 602315 215537 383711 368207 644445 999999999 793102 405470 235626 480963 578568 483340 249777 435672 160159 182182 571400 77200 352833 618913 507367 417818 464269 417512 431501 257197 674731 515593 245670 395134 552212 356848 327246 282417 547474 456132 422333 413290 256693 352889 430231 340766 740666 433381 311481 417047 400245 611125 571448 317660 449389 265944 545668 35437 356478 497640 685788 353050 681722 597118 379358 613323 377214 689279 504718 351957 319101 261956 353788 445927 705024 615736 59637 46911 584875 522646 331966 48972 672734 605591 494958 49330 560827 247391
269556 889056 780635 710024 713304 534433 917345 535600 773586 769147 490325 784828 978395 542309 1021477 994018 881049 931358 904513 708450 219616 793102 999999999 524087 560133 864607 338269 357685 598469 533679 716923 962532 308071 847361 494750 294507 483766 876136 710230 614747 573789 824572 845696 859390 801787 871265 358057 516962 1113680 510750 400325 337777 890991 526495 760817 986672 571645 663493 107223 764594 932945 1209869 591686 195496 707590 896101 836755 757614 522961 814023 785179 750642 844713 1144480 163563 254563 886724 302806 863219 671263 646637 1144706 818820 549133 537344 357288 149684 723946 841234 817816 869167 727743 1010416 774436 290144 309648 314550 839524 249290 904035
404256 725118 644637 690587 262833 377621 400173 238356 291688 345114 40803 481990 491276 172730 615796 472818 396249 612795 381326 184423 488244 405470 524087 999999999 285028 348124 209415 401621 156896 516315 260989 520796 471131 481464 92832 514786 101946 352344 661134 99543 67411 317901 404805 350973 567901 347192 182402 419725 664893 248581 158178 287784 734586 10111 548077 473379 64597 141109 524780 246829 422076 775751 531134 332025 257755 380496 724010 248160 145534 439200 261390 252837 410181 706140 492166 456487 363336 250506 339492 324232 174141 726102 299095 328103 53824 210381 389670 295917 426089 448909 830821 245187 506293 418555 565981 511528 227919 434578 281215 624667
318011 443938 359729 415820 530802 112947 572558 516705 285952 229046 304392 237297 462084 455629 461779 549430 624146 384682 487642 364922 410689 235626 560133 285028 999999999 530848 391061 253790 166437 267481 218201 413482 343137 287391 196953 391907 371842 494188 382632 351312 341311 363886 662984 552531 296155 476843 368532 167504 561981 54578 379295 222356 452627 295099 269479 513927 338878 313773 505043 446177 461243 652180 262978 385362 526597 443393 439011 322845 426556 254160 402411 487785 670920 588669 446342 363858 475238 418277 460913 608906 444260 585300 397911 52035 234992 227460 483770 568936 288724 257693 548015 496538 515151 214327 447155 380101 277036 283885 338781 374562
746022 887695 841009 936473 213403 643563 52741 403773 295466 409004 376476 609181 356471 354510 584936 210877 128614 681668 134673 174599 833709 480963 864607 348124 530848 999999999 530473 728358 367837 797710 342770 466990 806971 546538 412657 853289 384223 75927 898959 251169 291329 227144 225750 40954 720805 97639 507920 696918 556388 524916 468600 625610 900104 343383 721725 258588 293607 228963 872461 101306 240602 668247 791932 677324 216465 199432 917506 221977 360503 512881 131322 127745 238789 605495 840062 799056 124980 569978 112914 349465 231762 650526 162256 582883 355987 554381 721963 241402 455107 524792 1046544 164003 316184 522906 906629 847923 575944 473291 628156 725670
321018 823216 726660 727235 376589 438676 583109 218955 495696 530087 169590 623862 698700 207949 802169 678581 542937 767450 585200 385761 375540 578568 338269 209415 391061 530473 999999999 364567 336049 534086 454922 716960 398499 649338 226510 428608 146564 549678 707929 285628 244223 527196 513032 522694 686018 547934 27599 458925 864927 337981 62281 249901 830108 208186 655845 682305 242498 348809 368247 432401 631377 972910 570257 172511 370837 589245 801269 457479 185839 608727 464924 413162 513339 903775 357268 361968 566937 41271 542382 355531 308469 918299 506880 413108 242972 182178 191908 390701 610828 616504 883514 389496 715685 579111 467726 432250 147841 615771 144654 764416
88179 533382 425589 379660 661927 187355 776579 567009 529546 482834 393647 443892 715122 528881 700075 787541 795395 585575 714906 553761 164929 483340 357685 401621 253790 728358 364567 999999999 372459 187499 462554 664460 89390 521922 318824 138381 438312 708844 369793 497898 468998 601566 805194 740278 446562 695431 357545 160283 810345 224632 393701 120693 536117 410062 404655 759129 466186 499415 276170 631286 705160 893697 239787 247506 656576 681210 486947 548672 498760 495752 612068 651591 809814 833343 211296 117318 700088 366876 681734 692638 574355 823301 622677 221468 376267 202454 342867 691254 539494 496587 540909 646689 765403 452957 193980 127601 218588 532573 233220 551682
408963 582284 511195 581294 371030 277460 412109 393606 175235 194577 191371 327653 380090 325718 467127 417891 457734 455946 342468 198797 502960 249777 598469 156896 166437 367837 336049 372459 999999999 430661 121404 381655 457559 325080 111280 506159 258307 338674 546906 193792 194290 234632 498750 387392 419920 323951 308826 329707 531035 157519 299432 289338 592681 165355 404995 396871 192399 147353 571372 280131 342277 637392 429391 404373 367272 312612 590812 176662 300621 282925 243204 321935 507191 568525 523836 461372 327654 373595 309711 463753 287838 582273 250227 217907 104203 242289 486177 410845 275758 292385 707855 332716 414046 261696 561585 498017 284143 282160 350606 469569
270797 358277 249831 194501 777222 154551 839982 718215 545275 463983 521182 348979 695411 669606 617358 808404 886358 468089 752692 629098 319720 435672 533679 516315 267481 797710 534086 187499 430661 999999999 479061 613144 227720 446817 423908 256386 578449 761482 182295 600430 581181 625810 915801 818049 309066 743798 522019 100967 744289 277059 551678 284947 359037 526086 265248 766281 578460 576300 439901 710388 716142 809128 61123 434288 772429 703966 303173 589535 638933 434489 669845 746424 922494 757191 374722 279458 741047 543049 727616 832543 688466 734746 664255 215670 476150 355459 530364 811944 495278 430800 354593 750367 758097 392474 294522 239539 386603 482572 414975 418922
511963 549406 498291 598261 414048 326726 375962 484061 67814 89072 299989 273596 262382 414006 354988 331337 455877 375692 274720 210090 606783 160159 716923 260989 218201 342770 454922 462554 121404 479061 999999999 262169 551107 236706 232431 600306 361771 291419 559455 258938 276503 146784 520304 372861 381917 271241 427456 382365 410320 237936 414047 396957 561361 267335 379721 297040 275540 180630 684028 280544 243643 518120 462428 524012 411705 225613 575151 120859 393542 195586 212089 341229 530840 448886 632925 562643 264387 493345 253974 529421 344693 465739 190323 266634 214594 359666 607415 456082 167141 207011 703803 364166 304229 190884 656099 590149 403614 178070 470486 404341
731441 512408 514657 659506 618955 488979 471888 730805 234170 193720 560642 276774 133314 661092 117954 319083 595603 256159 339391 418884 824068 182182 962532 520796 413482 466990 716960 664460 381655 613144 262169 999999999 752926 173402 492811 800688 619564 392186 617166 499695 525995 254265 687464 507194 373193 369577 689533 538289 151308 455799 675838 629066 525971 526307 399670 252330 525602 414583 916533 457880 236578 255963 572927 774590 618405 269090 572491 304809 644516 178657 372369 528471 699999 186881 859297 777043 344067 755077 354140 751071 570270 206760 317787 443494 476433 608130 863320 659663 124997 182914 710235 561940 207034 220980 854713 787529 655245 132978 722267 319701
77524 585736 477164 402838 725995 270436 856247 612104 617822 572180 457721 525411 804486 581972 785472 874300 867294 663574 799772 632673 92110 571400 308071 471131 343137 806971 398499 89390 457559 227720 551107 752926 999999999 607398 394592 49201 494089 791225 402161 569658 537755 688742 869681 816611 517293 778688 397340 234207 897998 313229 438095 183394 586718 478785 474113 847261 534970 578714 212185 708303 793138 979422 287516 250555 720471 768166 529708 634195 552888 582673 694216 723642 873374 919998 147087 54600 784550 391656 765509 743402 640247 908265 707538 309479 451798 262634 330644 752483 628039 583024 563131 715669 854386 539635 104992 40965 263779 620700 255538 625067
597539 357208 344921 486454 649079 337289 566461 714726 256149 148758 516405 103442 286044 645297 178161 451619 670487 139666 440298 442936 686002 77200 847361 481464 287391 546538 649338 521922 325080 446817 236706 173402 607398 999999999 425115 653178 583231 479838 444113 494637 508637 319811 746625 582699 204225 456733 623428 381063 297654 338730 620765 509644 370549 489468 227147 390880 507349 417296 788221 505363 356722 372024 402921 670967 647012 371087 407948 337330 622460 42327 425966 571061 757949 313949 727039 638288 438205 682911 439018 766099 581398 301470 384342 302896 429276 508132 767322 691177 93124 32937 545646 597235 359701 73307 705153 638799 557734 74152 622326 179489
333964 640377 556221 597935 353766 285072 462551 319831 281692 303845 107440 410272 487561 259089 575681 504253 476979 548667 419605 238970 423775 352833 494750 92832 196953 412657 226510 318824 111280 423908 232431 492811 394592 425115 999999999 440645 175231 402242 568874 180707 157437 329964 494176 422206 487633 392383 199733 326926 642315 156683 196108 213049 649303 102802 464567 492471 154691 185867 477557 313716 438477 748401 438342 299349 348863 403112 635208 263993 229733 383872 305795 333348 500182 679648 436249 387136 402796 263055 381254 415666 264903 692360 329713 237126 57468 147034 376550 388036 384388 392183 739389 331143 515871 356710 494035 435507 181197 389280 245475 553105
112322 613848 505758 418029 766765 315889 902911 645185 667000 620913 499456 569049 853491 618672 831052 923189 911000 704952 848168 679259 76346 618913 294507 514786 391907 853289 428608 138381 506159 256386 600306 800688 49201 653178 440645 999999999 532392 838854 422080 613813 580891 737743 910344 862083 555289 826603 429978 276348 945080 362430 472184 228073 613911 522125 511705 896416 578126 625495 191362 754137 842274 1025115 317390 270484 761184 817112 553292 682819 590173 629393 741821 767599 913639 966351 131168 66828 832832 417787 813591 778430 681970 953490 755960 357212 497588 304917 339627 792010 675903 629430 575591 758441 903572 586237 55800 16857 300991 668237 284041 664030
420152 815562 730131 761956 238974 452280 436786 145084 387688 446804 68938 580639 581468 91491 716759 540662 399726 713721 446028 247738 492128 507367 483766 101946 371842 384223 146564 438312 258307 578449 361771 619564 494089 583231 175231 532392 999999999 406764 735691 144923 105144 403681 380763 376174 662255 406791 125803 487686 761399 328297 84428 317893 824415 94645 639776 550664 104147 219634 504853 287144 502304 873412 601369 305980 233229 457693 808710 334817 60883 540996 326899 266909 382994 803746 484342 468658 427689 185755 402789 255515 163553 825614 373760 409480 154205 235881 338453 260339 527622 550615 908658 244874 589144 519589 578647 532347 231429 536374 264086 723594
735214 826888 786038 889607 273065 606973 87073 449621 236194 348178 386129 548512 280575 393105 510052 146693 203901 612648 59945 168027 825961 417818 876136 352344 494188 75927 549678 708844 338674 761482 291419 392186 791225 479838 402242 838854 406764 999999999 850874 264068 305501 160717 301358 116857 661150 23267 525130 661666 480759 495548 489468 613771 839569 349646 665166 186095 307301 217248 874696 124076 164800 593003 750607 684267 275114 123753 861039 172881 393656 448250 97035 179200 314348 529837 837355 788412 49053 590405 40821 412197 270944 574608 101551 545827 348584 548385 738359 305982 387328 460024 992543 217940 242517 461931 893400 832100 575778 405929 632875 659326
452110 210487 121039 42342 913230 284058 934997 879188 618290 516052 673175 341662 724871 824973 586368 868883 1001653 408674 830283 742254 492243 464269 710230 661134 382632 898959 707929 369793 546906 182295 559455 617166 402161 444113 568874 422080 735691 850874 999999999 733735 721521 699461 1045286 925161 249893 830527 693540 250442 723226 412571 719365 462132 206178 671218 217771 816575 718974 693511 612011 822504 772611 763992 137672 616350 908948 771401 135329 679216 794655 449100 767712 868742 1053390 724229 548317 455927 821839 720060 813098 984406 826158 688880 749649 334479 614531 526378 712654 950919 518911 441112 175589 878918 795545 415396 448893 405561 562137 501947 595245 344000
503616 775838 704376 765903 179503 454490 303702 231160 265809 348009 125316 515349 445898 161767 605487 395756 297810 632318 301234 102973 587745 417512 614747 99543 351312 251169 285628 497898 193792 600430 258938 499695 569658 494637 180707 613813 144923 264068 733735 999999999 41442 266141 315371 251837 612405 262659 261121 501208 634103 325134 225840 386276 786341 93396 598681 406904 43328 85217 621535 150213 359880 748092 609106 426188 175289 314318 784054 200152 148589 452833 181989 154023 322205 678720 590825 555951 282897 326434 258053 273476 94077 706267 230157 399577 124906 309812 474735 217975 424343 463831 898620 150649 447556 441167 665315 610213 326624 436542 377081 654429
469818 774787 698858 752186 196360 439363 343989 207578 291973 364894 85846 521297 479410 137503 628515 436270 330324 644353 342023 142970 552000 431501 573789 67411 341311 291329 244223 468998 194290 581181 276503 525995 537755 508637 157437 580891 105144 305501 721521 41442 999999999 300437 337629 289991 613850 303881 219681 483478 663885 309633 184691 354563 784820 59062 597306 445534 2814 116340 582359 190830 397423 777134 593657 386156 191431 352599 778509 232530 118542 466432 222301 187761 343220 707559 553191 521654 323698 285075 298934 270236 107492 732745 268626 387194 106993 276027 433350 230945 443541 476992 889197 178029 484549 451153 631505 578004 289479 454456 337771 662362
643217 666515 628709 739296 365186 473425 247755 493402 81631 188774 358278 388439 179857 425926 370306 186371 353120 454547 130840 171747 737438 257197 824572 317901 363886 227144 527196 601566 234632 625810 146784 254265 688742 319811 329964 737743 403681 160717 699461 266141 300437 999999999 437470 264471 501320 137944 499998 529051 373280 378118 474871 523964 679266 319959 507061 162923 300880 184233 804351 203663 108600 488249 607960 629086 364847 79886 702564 69745 414711 287561 118170 274214 449638 419936 758196 695340 123569 568152 120033 499285 322795 454430 66228 413120 289962 473356 700980 405599 227991 299355 835481 307886 188682 301916 793449 728635 511039 246269 575292 499209
798090 1067605 1006473 1078780 143688 769003 243097 314946 490538 600585 412332 793847 581772 305108 805157 429867 107403 885412 360416 311780 872778 674731 845696 404805 662984 225750 513032 805194 498750 915801 520304 687464 869681 746625 494176 910344 380763 301358 1045286 315371 337629 437470 999999999 184898 900520 321985 499483 816475 782093 640121 454499 688200 1079128 395860 893737 483006 340432 354288 880918 241385 466154 893961 923466 683022 149213 423660 1085545 409321 328542 709023 322206 180031 13147 831184 864393 847934 350262 544234 335446 196670 230929 875588 371565 712716 439910 607226 696037 122331 659490 720950 1206085 166461 541170 710648 958193 909070 610624 676366 644216 922077
753283 920436 870831 961983 184855 664627 71829 381527 329391 442844 375837 642292 397419 337353 625148 248884 88922 718797 175536 189494 839011 515593 859390 350973 552531 40954 522694 740278 387392 818049 372861 507194 816611 582699 422206 862083 376174 116857 925161 251837 289991 264471 184898 999999999 753192 138313 501454 717089 597311 543003 460447 634013 932691 345215 752562 298746 292479 243466 872272 109234 281555 709064 814901 675368 188607 240196 947985 252972 346567 548123 160989 110517 197960 646422 842643 806023 165904 561215 153081 316899 217138 691465 198694 604468 364856 560173 714602 208608 491961 560071 1075597 141862 356605 556388 914626 857469 578461 509909 627687 761406
533461 167490 141465 291643 784971 269750 748100 805371 425813 312975 593511 113056 490258 740607 336568 651174 837509 164010 629189 588769 606805 245670 801787 567901 296155 720805 686018 446562 419920 309066 381917 373193 517293 204225 487633 555289 662255 661150 249893 612405 613850 501320 900520 753192 999999999 638838 664197 286342 473342 348127 675319 482760 179541 577544 43902 592718 611850 549969 722375 662250 555004 517604 251600 654777 781803 563284 204857 500268 713149 220618 592275 720596 910605 475041 657010 560876 624321 711106 620901 883670 705815 442270 560806 275159 514522 513924 756372 826124 290472 210235 341990 739937 563724 199413 599497 538945 561428 271797 615912 109866
724116 804363 764432 869485 286404 589409 109873 456997 214493 325915 382335 526101 259838 398365 487492 137908 226130 589396 44479 163109 815563 395134 871265 347192 476843 97639 547934 695431 323951 743798 271241 369577 778688 456733 392383 826603 406791 23267 830527 262659 303881 137944 321985 138313 638838 999999999 522864 644338 460649 480047 488498 602650 817078 345135 643345 170287 305511 209220 867071 130646 144672 573447 731765 678379 288080 101900 839155 154327 397144 425363 86942 191354 334898 509651 828361 777268 29291 588899 17940 425898 277571 553612 80918 528266 340003 539111 735215 320894 364163 437116 971034 230050 225211 439528 881406 819484 568098 382790 626458 636221
320288 803720 708510 714104 360804 420823 560631 215212 468102 503027 142931 599816 671186 195584 775242 652708 524882 742695 559641 360307 380763 552212 358057 182402 368532 507920 27599 357545 308826 522019 427456 689533 397340 623428 199733 429978 125803 525130 693540 261121 219681 499998 499483 501454 664197 522864 999999999 443641 837397 316101 45014 240002 810891 181501 634877 655596 217838 322325 381747 409069 604470 945491 555964 183543 355035 562594 783874 430305 170964 582643 439301 392592 500418 876329 366367 363850 541411 68154 516956 349453 289169 891099 480484 392637 215374 167248 214132 377357 583861 590559 869081 370462 688551 553561 471457 432559 138979 588998 148497 740883
247698 381429 276533 274400 678932 55643 739518 630066 449400 375444 427475 293023 609729 577997 557659 713205 785568 429369 654508 528136 321515 356848 516962 419725 167504 696918 458925 160283 329707 100967 382365 538289 234207 381063 326926 276348 487686 661666 250442 501208 483478 529051 816475 717089 286342 644338 443641 999999999 677062 176691 468922 218999 385703 429639 244381 673770 480795 475391 436067 609431 622492 751647 113895 385250 674244 607922 346037 490271 547449 361624 569426 646001 823412 695001 370794 275003 642410 473440 628364 739510 590382 679082 565251 116313 377561 276837 485970 714422 416080 360032 425710 650676 669197 318379 325929 260967 315207 405538 355634 392251
879859 583982 610664 764964 733877 630521 548186 864446 373751 345028 705282 396782 201526 795736 138055 368483 681844 323078 421828 544746 971672 327246 1113680 664893 561981 556388 864927 810345 531035 744289 410320 151308 897998 297654 642315 945080 761399 480759 723226 634103 663885 373280 782093 597311 473342 460649 837397 677062 999999999 605898 821651 779518 597163 669709 507738 304865 663786 549188 1066332 569630 316043 115031 698764 925887 734165 360251 655922 434395 781623 316045 486137 639643 795099 49150 1008312 924363 431981 903610 448548 870680 696073 102428 428706 588877 622914 759432 1014280 772630 273682 317047 790031 675927 246419 359358 998308 931377 806477 278302 873518 392182
278507 491163 402149 442583 503696 129764 569615 473338 304948 265793 262788 291857 493318 415021 510873 564446 609497 439127 495601 353548 372853 282417 510750 248581 54578 524916 337981 224632 157519 277059 237936 455799 313229 338730 156683 362430 328297 495548 412571 325134 309633 378118 640121 543003 348127 480047 316101 176691 605898 999999999 329165 173888 499221 258672 319287 534561 307030 300080 460754 434568 480689 699397 284274 332451 499146 457965 480477 328893 385215 303740 400609 469385 647246 634684 404397 327302 481770 364325 465177 572311 415575 633979 403932 81187 202796 172977 430085 540124 332277 308154 582709 474128 541281 265429 418210 352218 222619 329358 284978 428875
361557 819991 727750 741770 316180 441778 521187 174251 449319 493755 117375 604616 649400 150650 766257 620642 481264 744578 526641 327319 424729 547474 400325 158178 379295 468600 62281 393701 299432 551678 414047 675838 438095 620765 196108 472184 84428 489468 719365 225840 184691 474871 454499 460447 675319 488498 45014 468922 821651 329165 999999999 274162 827744 155093 648221 627026 183169 293441 426603 371055 577081 931515 582315 228544 310414 533855 804392 405195 126021 579249 406672 350881 455406 862034 411243 406449 508326 101452 483599 306318 246315 879652 450681 408370 199461 196609 254167 332352 575043 587830 894518 327435 662578 552804 514753 474157 176071 581564 192660 746932
121471 598038 494935 479002 544591 214496 675600 446771 460087 437413 275873 450998 658452 408260 683870 706402 683903 598767 626825 451998 214011 456132 337777 287784 222356 625610 249901 120693 289338 284947 396957 629066 183394 509644 213049 228073 317893 613771 462132 386276 354563 523964 688200 634013 482760 602650 240002 218999 779518 173888 274162 999999999 603092 295539 445585 685919 351771 398625 288624 526161 631326 873174 325072 172018 539145 601730 564986 464208 378206 476327 516852 540250 692344 808572 235985 174651 610786 258287 590463 571957 457970 807237 535158 215058 269685 82082 273628 572650 506022 480041 637249 532563 700060 436668 281020 223951 102061 503243 136899 577929
623629 13564 110537 232798 961195 392809 926607 969127 604862 491649 756630 291148 652228 906823 460628 822155 1017040 276158 805805 767361 678753 422333 890991 734586 452627 900104 830108 536117 592681 359037 561361 525971 586718 370549 649303 613911 824415 839569 206178 786341 784820 679266 1079128 932691 179541 817078 810891 385703 597163 499221 827744 603092 999999999 744488 187689 761113 782669 727206 798901 841523 726982 612637 299550 770953 957836 738569 76475 679792 878292 394336 771797 899114 1089049 586336 733607 637821 801691 850228 799140 1055041 880248 540597 739661 419373 682235 650391 871561 1001963 461895 383128 194248 917504 726936 377699 646740 597073 694043 442814 739973 208009
411300 734993 654686 700629 253598 387674 395623 229121 296171 352164 38596 491120 494459 163063 622295 472131 388894 621298 380039 182079 494529 413290 526495 10111 295099 343383 208186 410062 165355 526086 267335 526307 478785 489468 102802 522125 94645 349646 671218 93396 59062 319959 395860 345215 577544 345135 181501 429639 669709 258672 155093 295539 744488 999999999 557908 474131 56261 140906 529128 242091 423261 780934 541135 335328 248477 381101 734070 250235 136189 447178 259845 245768 401100 711295 497510 463352 361960 249406 337909 314124 165038 731926 299095 338214 63154 217413 390660 286331 432983 456981 840931 237088 508035 427049 573025 519086 233269 441758 285097 633716
491956 177481 122356 260065 773952 231380 751660 783951 428973 318451 571479 126745 510960 720637 372422 664734 835189 205646 636681 582291 563967 256693 760817 548077 269479 721725 655845 404655 404995 265248 379721 399670 474113 227147 464567 511705 639776 665166 217771 598681 597306 507061 893737 752562 43902 643345 634877 244381 507738 319287 648221 445585 187689 557908 999999999 608602 595177 540688 680078 658035 568170 556839 208160 617433 770525 572892 195935 499933 692477 236381 591676 713740 903405 511985 614601 518280 630609 679413 625471 867542 692616 481541 563961 242926 495357 480843 719096 814576 306950 227252 328860 731050 583175 208236 555671 495321 527467 289033 580066 153742
804380 747701 730342 858066 456536 618442 244231 619670 229623 304504 512726 482410 120031 557104 362660 67341 379718 503161 126505 304321 898878 352889 986672 473379 513927 258588 682305 759129 396871 766281 297040 252330 847261 390880 492471 896416 550664 186095 816575 406904 445534 162923 483006 298746 592718 170287 655596 673770 304865 534561 627026 685919 761113 474131 608602 999999999 446523 333706 967249 297036 54598 413108 741020 791185 458082 93171 797528 229128 551548 372733 227646 361229 496135 353795 920698 856113 141309 723537 163766 596057 440711 403988 176909 560171 450345 636277 860677 491143 302363 382653 934612 399779 58778 401856 952211 886646 673650 320929 737490 561622
