NAME : synthetic_000213
TYPE : CTSP-D
DIMENSION : 100
GROUPS : 8
RELAXATION_LEVEL : 1
EDGE_WEIGHT_TYPE : EXPLICIT
EDGE_WEIGHT_FORMAT : FULL_MATRIX
EDGE_WEIGHT_SECTION
999999999 597643 449642 622677 646544 400452 513938 243235 404699 21786 137781 258134 328111 308938 628101 412995 355184 256426 425425 259298 564450 340351 308560 157516 522470 460726 327890 140321 51155 298676 480167 385789 435391 592574 603033 721565 458056 153659 666775 388613 320971 449273 140858 96453 118557 626793 198693 422961 472372 177598 582783 390962 315765 337570 357298 530661 283321 319415 316065 563247 196747 127864 413954 224667 537698 316358 708973 71590 12655 539894 343415 578777 633797 576982 218288 582066 558367 411673 524216 205183 451125 406833 173236 361049 618127 188513 470289 354014 528457 339617 527910 596060 547336 457893 157871 296037 566036 305088 547312 568800
597643 999999999 1045267 581647 52980 780266 223756 837731 633851 575869 505109 674832 774379 730287 34892 336501 331319 376593 211662 570247 1157657 355065 901901 725975 502975 1040026 900425 706795 595223 879452 183061 968658 750245 621995 623881 971563 484510 714152 159961 978073 476840 489056 487937 649030 626298 838991 586485 555497 568210 561714 567522 963174 598105 935175 830228 93008 482604 653649 306686 709581 749935 657650 991214 482556 91651 862457 221763 624018 587761 571774 264792 85188 450576 497761 811643 879412 492672 350745 73444 396324 253160 257908 668757 357399 440309 601600 508518 268456 341696 279983 798592 226473 309602 914381 701847 610015 595408 409636 442671 229121
449642 1045267 999999999 975748 1095048 581924 956023 207540 640936 471338 567464 465126 493821 520868 1076494 810504 791306 699475 873515 562002 189476 746322 144216 360577 842517 226164 262066 375567 463288 183807 912361 208427 575103 923403 867816 769770 837234 342118 1099597 172837 712527 826668 562828 424449 462319 747730 550261 713015 815345 519229 936380 153387 584483 119518 461012 973297 678627 540591 763476 765318 317743 401538 127067 603272 979831 255198 1134317 423601 458607 886838 784937 1028387 985061 903021 233740 646629 885303 836322 971870 654751 869828 832072 410746 789644 971825 530765 839972 790052 950349 787950 648124 1012923 942730 407444 360872 558107 905362 695976 943072 1009511
622677 581647 975748 999999999 586523 435881 359928 810867 944878 610462 490260 860340 500730 463287 580421 745867 353867 432297 424758 809147 990977 701058 868436 624774 938294 845583 729170 614368 577986 887692 658005 801574 1020004 71531 1058843 1302482 169313 773813 740560 829616 303521 176292 641467 582803 539855 1186129 441727 911667 160619 742630 40339 980413 865334 859021 551840 611553 340647 896428 435569 1084420 816168 748791 994594 718767 618255 930706 802805 692175 623943 88918 577494 497815 960328 964698 795123 1172161 951366 286099 554428 508268 701395 663778 790476 324557 945708 459286 153094 607687 240556 440342 1103698 773514 813589 1080036 780405 858019 73957 722031 140541 356134
646544 52980 1095048 586523 999999999 812653 237666 887571 685241 624758 549711 727801 811414 766768 18718 387181 364843 418919 247370 623199 1204501 407753 951983 771627 548489 1084865 945091 752537 642281 930551 233703 1014182 802166 631836 667707 1020124 503152 765495 172597 1024501 508415 508656 539454 694933 670691 887426 626348 605766 587336 614400 575890 1014847 650718 984092 868003 144478 517259 706398 348849 757338 801663 709322 1042693 535475 142132 914717 230052 674774 636924 584624 316901 94863 486786 539855 861605 930066 535872 375617 124065 443700 303383 310281 721101 388448 477585 642140 526360 321275 350202 322124 849192 260447 350817 967322 753547 662826 606646 462470 450436 230390
400452 780266 581924 435881 812653 999999999 590652 468336 804822 404496 348345 651797 92472 92059 798150 748482 448959 426249 568660 658336 562903 678426 508918 296116 899400 417299 320411 298586 351606 549482 748212 385196 830668 370718 993649 1112745 355512 503297 907267 417616 304243 345461 510399 309735 282050 1025173 232922 815653 293026 576473 402042 630636 715734 477241 123564 755118 298729 718829 487689 963207 535745 511778 634951 606025 763278 621370 963860 464126 410125 353562 611576 720239 985720 947537 463673 971627 929735 443042 718577 456135 752021 703535 559505 424205 969524 230247 343938 637059 519486 511973 924043 880179 867816 805635 521331 696469 361977 664263 461876 627034
513938 223756 956023 359928 237666 590652 999999999 754328 693456 493489 388599 673128 602596 556896 227865 433614 166621 257795 107882 587268 1037734 411974 819684 605780 626840 906652 768250 588016 493038 812492 314106 841355 794427 398250 751689 1053393 265751 657540 381137 857572 290738 271609 450500 533981 500667 925536 433856 635536 349938 547874 344065 904032 632243 838502 660818 254544 308985 678928 201625 806637 698943 610113 927771 489196 260698 819394 443449 562669 507701 348430 281698 143507 619783 640852 730620 939949 630483 147717 196009 316796 370122 343713 636270 177199 606413 452157 288751 306283 119420 183180 862499 417916 470836 916416 652527 634955 371708 451991 219863 55517
243235 837731 207540 810867 887571 468336 754328 999999999 484114 264769 367606 299117 376012 387541 869005 612095 591752 496671 668437 378649 348348 545191 65451 187839 666643 287013 206376 196617 262073 81411 706876 218296 449570 766484 711260 697849 659811 145111 894392 200869 527987 649718 356620 233281 275035 642433 370920 542308 651139 323364 770643 170079 412757 106420 366183 766131 491948 380227 558748 628028 136047 202625 184168 404649 772738 160247 930947 217239 251684 722784 577727 821801 802016 726605 26667 560038 708231 641609 764339 448357 667000 627656 223326 593041 787835 352482 666194 583564 757512 582669 537000 811267 746235 352758 167697 386143 744690 497289 760724 808583
404699 633851 640936 944878 685241 804822 693456 484114 999999999 400570 485666 185088 731867 713564 668403 298739 599995 512638 585901 147521 818706 286904 519406 539974 217180 770881 670638 528199 453260 462188 451667 700064 121086 935684 228227 362085 777019 351139 600103 684927 654275 771594 313095 498802 522796 241252 588597 91763 820820 228774 908992 498773 89138 583152 756065 540948 622137 103888 521301 158591 348268 312149 530779 226489 543118 387001 607527 346639 394728 876761 412623 669668 367336 275004 463100 248457 259586 671280 576984 436763 382805 377663 271583 624895 357423 583670 796879 391234 769397 526461 169326 484311 385707 325040 326721 109632 905763 241572 831399 743711
21786 575869 471338 610462 624758 404496 493489 264769 400570 999999999 122144 261944 335584 313750 606315 395282 335835 236316 404157 253841 585789 322364 330039 174447 510181 480802 346962 156532 53106 319005 459363 406045 437299 582387 593956 724249 444612 170133 645750 409503 307670 436082 123951 107960 123019 626522 194333 414253 462219 171988 570768 410837 311435 359354 367628 509118 270148 319026 294998 558793 213175 138334 434282 211703 516181 333593 688380 81738 14595 528762 322072 557126 618480 563809 239679 585574 545265 393594 502443 183590 431438 386733 181392 342703 602713 186094 457668 333116 510284 318342 529117 576177 529156 469578 172050 293028 555347 289015 531694 548469
137781 505109 567464 490260 549711 348345 388599 367606 485666 122144 999999999 372769 303153 267877 532060 401544 224300 134215 311652 339581 657111 330541 432598 222715 553065 535168 395434 203911 105579 431254 423038 464713 540934 465818 653082 827824 323218 291366 600300 476484 186775 314955 173652 147315 121196 721770 115448 479507 346314 263209 450911 524755 398536 449968 350223 452960 149672 418428 202542 639599 334467 259557 545916 267807 460757 454082 650308 203445 136371 410483 280637 471900 637954 599737 345004 692098 582104 275808 433471 118420 413782 365443 300253 226107 621769 120018 337189 301445 392513 228802 629802 551139 525532 590566 294183 385292 437837 316658 409709 442085
258134 674832 465126 860340 727801 651797 673128 299117 185088 261944 372769 999999999 571455 559758 709430 374625 544038 444186 567762 110010 637413 326405 336906 369600 377400 585796 487724 360601 309285 282629 507574 515092 178873 838550 412276 463565 691458 168683 683965 499873 557642 684076 227505 342206 374129 374514 456003 248212 719066 125689 821666 333116 119409 399359 588522 587301 521452 81300 476995 334151 163188 140695 365185 192991 591820 219193 706408 188909 251580 782748 416829 688317 521309 437901 278028 323950 420230 612274 606964 368785 449254 424196 94050 561502 508604 446582 707519 407281 723288 491091 272267 580618 496315 244260 144728 93260 810386 270371 765563 727764
328111 774379 493821 500730 811414 92472 602596 376012 731867 335584 303153 571455 999999999 45770 795650 703325 447572 404343 564148 587363 490248 631267 416614 207863 841680 344922 234560 212678 282697 457089 720902 303552 749898 440546 929428 1029162 394749 417330 889954 334046 312118 384035 450276 233067 213298 945910 194146 749833 346868 505709 463990 538263 643293 386497 58506 738644 295613 641758 471321 890437 447828 430772 542949 544266 746740 529943 943727 386669 338952 414089 580088 722258 937885 892659 371862 887867 874443 456305 708241 419048 716397 667916 478015 427866 921759 184199 388370 602928 547636 497257 843386 851219 828678 715656 436567 622534 427267 610704 504736 644776
308938 730287 520868 463287 766768 92059 556896 387541 713564 313750 267877 559758 45770 999999999 751139 669376 402545 362402 519648 567450 528940 598025 433443 208130 813696 384470 266593 208772 260697 468943 681052 338334 738630 405615 905198 1020986 351103 412664 847927 367012 266364 340333 423024 217676 190871 933127 155111 726484 306887 485558 425679 553925 624541 409451 104244 696296 250346 626889 428467 872053 446215 419825 561062 518171 704414 536282 902351 372089 318858 375623 541162 677221 905304 863267 380319 879928 845241 410540 664750 381395 679004 630444 467581 382413 889135 147859 345724 564857 502296 454166 831995 811979 792622 717674 430173 604961 390473 580327 461292 599007
628101 34892 1076494 580421 18718 798150 227865 869005 668403 606315 532060 709430 795650 751139 999999999 370725 349756 401717 231505 605038 1186450 389957 933387 753791 534586 1067228 927482 734681 624153 911857 217206 996394 784986 624125 654586 1004848 492523 746787 170182 1006526 493999 497738 520738 677037 653110 872204 609814 589568 576635 595797 568615 996130 632995 965662 852056 127455 502014 688537 331635 742435 782945 690605 1023981 517019 125593 896023 229650 656103 618441 575899 298202 84365 476737 527434 843022 913674 522978 362947 105351 425482 287144 292755 702418 374057 467104 625445 516003 302749 342537 304892 832828 250891 338617 949184 734830 644893 598460 444511 443211 224674
412995 336501 810504 745867 387181 748482 433614 612095 298739 395282 401544 374625 703325 669376 370725 999999999 394541 345029 333910 264631 958508 73230 668576 569728 194658 869456 740216 551693 439137 629149 153523 794026 417465 756340 318784 637853 592375 469232 311242 791992 502916 590509 272210 499716 499408 505998 516116 219137 657948 291297 716331 697941 275806 718163 746707 243515 483154 333580 314758 379811 493534 410148 729030 207623 245147 586812 331882 401188 400397 696631 168532 380404 237822 219634 585720 542949 205621 459839 284856 294257 84076 90351 401310 426115 221648 521538 616196 138201 531999 306094 462107 206377 135277 598030 449657 293358 725667 114832 614027 476585
355184 331319 791306 353867 364843 448959 166621 591752 599995 335835 224300 544038 447572 402545 349756 394541 999999999 102049 119855 473723 871230 347208 656841 439229 585193 741051 602244 421558 329694 653306 330153 675069 686324 361908 705070 961360 198348 504180 464699 690990 146010 197309 316539 368028 334106 840272 269605 559980 269742 419153 322509 746062 526163 673212 504819 314214 152475 564721 81731 733422 546658 461693 768430 377882 322260 667655 524047 410329 350360 302368 226240 274690 618487 614149 568792 837061 600057 71285 271623 175257 359603 317313 493484 32693 603147 287329 222623 256752 179638 89109 764208 458960 476981 781779 502050 523037 331277 369679 231551 218550
256426 376593 699475 432297 418919 426249 257795 496671 512638 236316 134215 444186 404343 362402 401717 345029 102049 999999999 177577 379669 791032 285291 562070 356539 524804 667081 527255 337891 236204 555102 322051 597705 592125 427176 639023 871476 265354 403156 485637 610348 158161 260717 217218 281528 253212 753879 211896 482005 318828 320258 396883 647153 434413 582887 457984 334361 139222 469324 70082 653523 445406 359752 670380 286892 342443 566387 540025 308903 250687 367390 189075 338451 580284 561322 472845 743800 545548 168129 307048 77153 331327 283832 391511 117371 564312 225844 286427 217189 281282 96827 673115 454143 449656 680334 400393 428954 396698 295168 323381 312446
425425 211662 873515 424758 247370 568660 107882 668437 585901 404157 311652 567762 564148 519648 231505 333910 119855 177577 999999999 479910 968609 306330 733850 534116 528480 843879 704129 515456 411464 721629 233421 775048 686566 448672 652660 946342 293784 562448 347432 787924 265775 295902 348237 458929 430573 819096 379667 529723 373732 443093 400715 811442 524406 758200 620639 199763 271029 571441 110150 701758 602769 512228 836545 381959 207545 722166 407857 467781 417805 392195 175332 161681 536221 547395 643701 832134 535668 152221 152768 221731 278846 245948 535384 147526 521861 395944 318759 201491 198568 85814 754832 354122 388899 811643 555511 527375 419247 344615 286777 160707
259298 570247 562002 809147 623199 658336 587268 378649 147521 253841 339581 110010 587363 567450 605038 264631 473723 379669 479910 999999999 725520 218088 426178 401913 288499 658630 546285 388553 306786 378205 399393 584891 212690 795707 348950 493572 640132 234843 574142 574751 513080 634000 169376 354747 376581 382542 441112 170170 679083 81892 772126 438132 59025 483848 614342 481125 479615 91903 399624 305098 246615 183911 469853 98156 485280 325149 596458 206790 248786 737536 318477 589187 424448 348154 354290 364134 329704 544357 504275 302542 339708 316454 155353 495539 410714 436167 658801 305343 649531 409617 294663 470724 387924 344159 211259 49348 766222 162087 702609 640591
564450 1157657 189476 990977 1204501 562903 1037734 348348 818706 585789 657111 637413 490248 528940 1186450 958508 871230 791032 968609 725520 999999999 889960 300680 434493 1012007 145782 272066 453201 562434 356592 1043613 197504 760691 930047 1046817 958694 875163 493433 1230777 180702 766848 864315 695190 510202 538595 936626 607481 885028 835825 671539 954078 342688 755232 242076 441031 1094614 738076 716144 859615 949644 479305 550701 316363 751763 1101768 438975 1271129 558450 575628 904099 907851 1128966 1149723 1072308 374069 836092 1054128 904005 1084641 761337 1009213 967504 570378 862806 1135707 588302 872465 917918 1011042 885735 836202 1154312 1093246 596790 515660 728534 917485 843969 985080 1087976
340351 355065 746322 701058 407753 678426 411974 545191 286904 322364 330541 326405 631267 598025 389957 73230 347208 285291 306330 218088 889960 999999999 603315 496784 240027 798138 667932 478671 365912 566851 181325 722745 398180 706087 357933 642548 541946 404225 360072 721578 443244 539095 199803 426506 426353 513736 445638 223568 602805 229289 669405 639701 243086 650744 674017 264242 420752 298679 265580 395505 431320 344821 670189 144204 267985 530789 389011 331641 327788 646081 131114 383623 307414 276709 518646 535360 260528 415905 292939 227523 125220 98514 340708 377246 291228 450333 564977 105888 499479 262052 455845 266602 207020 560864 385917 255315 675362 56066 574201 459970
308560 901901 144216 868436 951983 508918 819684 65451 519406 330039 432598 336906 416614 433443 933387 668576 656841 562070 733850 426178 300680 603315 999999999 243663 711553 264459 217289 254858 327155 63446 768212 206137 470915 821816 747628 701253 720307 199358 955511 179910 589970 710075 418615 295867 336786 657668 430980 584349 708140 377792 828355 121896 454555 66863 398867 829233 554368 416237 624188 655864 179569 258612 127946 461002 835734 156316 990710 279426 316832 779939 640920 886920 850619 771919 90525 567425 753810 705950 828559 513601 726324 688119 271973 657682 836875 412131 725777 645843 821584 648072 553528 869864 801718 344291 219446 427859 800989 553818 822568 873880
157516 725975 360577 624774 771627 296116 605780 187839 539974 174447 222715 369600 207863 208130 753791 569728 439229 356539 534116 401913 434493 496784 243663 999999999 676763 314781 176475 19300 135326 267699 626869 242683 546359 578938 750555 822523 478503 210034 810806 253814 351953 468102 298066 77123 105125 743439 189939 570758 464525 323571 584693 357870 453702 241090 218987 668246 318218 444132 425256 697270 240028 229952 370216 380835 675751 328877 856478 195125 170168 536309 486021 694612 791118 732424 175986 681234 713743 478488 653552 331082 603712 557904 275551 433802 775492 170568 482933 500775 590990 451491 639647 747631 703467 509780 230228 430582 557599 462602 583000 657436
522470 502975 842517 938294 548489 899400 626840 666643 217180 510181 553065 377400 841680 813696 534586 194658 585193 524804 528480 288499 1012007 240027 711553 676763 999999999 946898 831490 661155 561352 659640 327124 872866 329571 945606 124969 478907 781402 523330 426250 863229 682302 778787 391405 617964 629105 347067 667824 131062 842800 356412 907694 707332 258042 771129 877405 413910 658262 305032 504070 215067 532817 471402 739523 298518 413073 593687 418968 485645 510231 885643 361230 560584 150168 60505 642598 413371 43129 652259 464494 462653 260551 283309 443410 615955 140736 669165 804645 331464 726655 497955 336148 306973 204376 541096 499647 284495 914878 237082 807974 667800
460726 1040026 226164 845583 1084865 417299 906652 287013 770881 480802 535168 585796 344922 384470 1067228 869456 741051 667081 843879 658630 145782 798138 264459 314781 946898 999999999 139833 334073 448986 327876 939384 75435 733183 784335 997443 963856 732864 424474 1124555 86336 629198 722019 598879 391894 414215 921929 473241 825906 691169 593897 808905 353527 697271 197759 295250 982969 602310 667028 736776 914577 422614 475661 337409 667682 990448 420389 1168796 470051 472859 758981 799704 1005356 1076230 1006058 307915 831477 987458 769066 967900 645850 911784 867504 505306 730161 1061383 454622 729251 813040 873211 763334 817481 1056781 1004676 603158 448646 670885 772001 757088 843035 955320
327890 900425 262066 729170 945091 320411 768250 206376 670638 346962 395434 487724 234560 266593 927482 740216 602244 527255 704129 546285 272066 667932 217289 176475 831490 139833 999999999 195744 311632 274107 803100 74742 650544 672205 892526 904200 605168 319573 987277 100467 494782 594336 468134 253303 274409 845745 335987 716154 570943 475208 691003 334642 590787 167269 198947 844433 466236 568314 596943 821731 329108 362762 331085 543289 851979 363715 1032700 347003 340349 640953 662471 865565 954484 889357 218116 766068 870643 632500 828438 506977 778276 733074 399324 592297 939231 317001 603776 676894 738980 623504 740115 922744 874948 556271 343946 565279 656769 629938 714637 817587
140321 706795 375567 614368 752537 298586 588016 196617 528199 156532 203911 360601 212678 208772 734681 551693 421558 337891 515456 388553 453201 478671 254858 19300 661155 334073 195744 999999999 116204 275029 607710 261878 538293 570088 736713 816492 465727 204941 791551 272578 337468 455427 280388 57850 87756 734979 176482 556719 454529 309358 574179 366548 441279 256067 228500 648947 303123 433716 406436 685959 237455 220187 380242 364449 656452 331735 837315 182086 152937 526194 466784 675797 774118 716432 182543 675194 697773 461987 634337 311800 584922 538998 266668 416766 758443 157423 470923 481653 575095 432618 631722 728716 685210 509309 223889 418632 548093 445203 569240 639924
51155 595223 463288 577986 642281 351606 493038 262073 453260 53106 105579 309285 282697 260697 624153 439137 329694 236204 411464 306786 562434 365912 327155 135326 561352 448986 311632 116204 999999999 326414 491547 375629 486465 545417 646736 772715 415662 195830 675758 383099 279019 406481 171739 60772 69913 677404 148151 467169 425360 224901 537874 420182 364149 346879 316053 534367 241462 369904 301330 611603 238254 177313 440737 262916 541765 354877 721156 121942 59027 493899 350900 569222 666266 614185 239443 633210 595724 380774 522243 198910 469272 423054 223569 331493 650373 137436 426514 365454 497265 326547 578888 612729 571471 504953 203548 345276 519469 336425 508950 546946
298676 879452 183807 887692 930551 549482 812492 81411 462188 319005 431254 282629 457089 468943 911857 629149 653306 555102 721629 378205 356592 566851 63446 267699 659640 327876 274107 275029 326414 999999999 737311 268872 408854 844976 690240 638192 733711 165842 923525 243306 599936 723826 391920 306218 348888 594445 446332 530840 728629 338130 847390 94016 401671 130165 445426 802969 563209 360036 613403 595168 135669 224284 115285 422915 809106 93030 955771 256249 304838 800053 615761 870223 801409 720136 92662 504018 702288 707015 806557 499918 691358 655603 228075 657297 788103 428449 741224 617911 823618 635979 490507 833075 760332 283062 181368 375150 822573 515154 832325 867436
480167 183061 912361 658005 233703 748212 314106 706876 451667 459363 423038 507574 720902 681052 217206 153523 330153 322051 233421 399393 1043613 181325 768212 626869 327124 939384 803100 607710 491547 737311 999999999 865037 569256 681224 450937 789298 522924 572000 187587 868780 465404 523738 350367 550932 538679 656914 526782 372437 599042 404620 634068 814685 421092 809889 771431 90194 456596 477893 265796 528458 603153 513062 844419 320729 91625 708151 229609 489656 468563 623861 142557 233481 305869 331425 680229 696470 323174 381618 137379 304618 70204 83612 515550 362647 292337 537403 547868 126349 426123 245791 615622 132189 157072 741384 556122 435324 651462 237382 519198 347801
385789 968658 208427 801574 1014182 385196 841355 218296 700064 406045 464713 515092 303552 338334 996394 794026 675069 597705 775048 584891 197504 722745 206137 242683 872866 75435 74742 261878 375629 268872 865037 999999999 667478 743418 925720 907041 679644 351530 1050609 35607 569410 668807 523565 319690 344501 858869 410075 752894 644085 519080 763732 309882 624801 142702 261769 909976 540586 596392 667011 846072 352267 401468 299495 592364 917389 361849 1094315 394716 397851 713663 725861 936151 1001283 931831 237242 772121 913203 706625 896212 573448 836707 792622 432477 665863 986384 390956 677951 738691 813576 693421 753774 981769 929251 550127 375859 598565 728800 681666 789217 891130
435391 750245 575103 1020004 802166 830668 794427 449570 121086 437299 540934 178873 749898 738630 784986 417465 686324 592125 686566 212690 760691 398180 470915 546359 329571 733183 650544 538293 486465 408854 569256 667478 999999999 1003767 307700 287319 850741 339445 721062 647050 721029 844237 378543 521064 552443 197418 631553 211764 885675 278681 982469 424706 162278 537482 765275 657689 686284 123613 611411 191055 321862 319241 455379 309090 660269 321770 728475 367391 427984 946389 517641 781654 478553 383617 433399 152164 370119 757027 690842 514972 501287 492662 271885 708211 470123 623164 868679 499194 861399 620154 93488 605396 506553 214896 317184 163342 974740 347944 915244 846508
592574 621995 923403 71531 631836 370718 398250 766484 935684 582387 465818 838550 440546 405615 624125 756340 361908 427176 448672 795707 930047 706087 821816 578938 945606 784335 672205 570088 545417 844976 681224 743418 1003767 999999999 1063501 1288925 164207 740417 778669 772603 282817 167152 626490 543552 500834 1176407 402874 909159 120209 725123 57786 936545 853224 808289 489395 642892 317663 880305 441896 1080196 781986 720143 949031 709289 650032 893393 840962 663456 595180 60028 588146 540200 978513 975973 752343 1155706 961712 300544 587802 500205 718919 678396 763716 330235 963429 419057 141253 618659 281661 450823 1090041 802141 834179 1050225 748959 843823 30729 721745 181802 402875
603033 623881 867816 1058843 667707 993649 751689 711260 228227 593956 653082 412276 929428 905198 654586 318784 705070 639023 652660 348950 1046817 357933 747628 750555 124969 997443 892526 736713 646736 690240 450937 925720 307700 1063501 999999999 380218 899509 574730 534647 911787 794848 896374 483526 699474 716250 255276 765597 180162 957850 427426 1027337 722919 301771 811214 960281 536417 768621 331656 623496 134752 575219 530146 754598 387737 535138 612968 518403 555548 591525 1003473 483406 684127 214909 131083 689544 344860 132107 773247 588267 572580 385225 408036 493957 735173 214515 764768 922274 454120 850501 618979 279098 417407 318067 520956 550282 327550 1032793 344919 930250 792763
721565 971563 769770 1302482 1020124 1112745 1053393 697849 362085 724249 827824 463565 1029162 1020986 1004848 637853 961360 871476 946342 493572 958694 642548 701253 822523 478907 963856 904200 816492 772715 638192 789298 907041 287319 1288925 380218 999999999 1133615 612531 905134 880914 1006130 1127554 662475 804377 837539 132755 918576 420844 1171552 564888 1265643 618512 437206 766906 1039605 879329 971988 409449 883212 264243 586558 601511 642723 584713 879976 545192 894994 652353 714587 1230985 771734 1018014 595126 507467 687494 141305 503608 1032611 922700 794710 719154 724983 553674 985479 594297 909806 1152373 748355 1131474 888536 198927 785879 683198 363030 592627 445134 1259587 601837 1192427 1102392
458056 484510 837234 169313 503152 355512 265751 659811 777019 444612 323218 691458 394749 351103 492523 592375 198348 265354 293784 640132 875163 541946 720307 478503 781402 732864 605168 465727 415662 733711 522924 679644 850741 164207 899509 1133615 999999999 610768 635316 703990 137085 10849 472199 427530 385061 1018215 289334 746955 84194 573326 132068 827409 696603 718346 451817 492492 174740 727153 277763 918838 653555 582656 843922 550627 500046 770372 697051 526297 458433 104302 424407 408502 816424 812001 641940 1002903 797635 141804 440726 340277 557104 515541 623279 166320 801175 308305 24999 454932 169261 287446 934762 647524 673545 913778 615886 688916 133481 558605 110271 287752
153659 714152 342118 773813 765495 503297 657540 145111 351139 170133 291366 168683 417330 412664 746787 469232 504180 403156 562448 234843 493433 404225 199358 210034 523330 424474 319573 204941 195830 165842 572000 351530 339445 740417 574730 612531 610768 999999999 758652 340066 473775 601772 226296 203825 243865 536848 339016 401463 620587 178849 733704 250227 273349 251397 427548 637137 436114 248808 456386 502795 43102 59422 277291 261645 643265 163642 792322 94895 155587 689568 450101 707318 657131 582973 119885 471262 564494 563491 641441 341419 527796 490783 80950 512438 642872 324808 622170 452078 680064 477503 432057 670827 602601 312268 24468 247243 714884 354462 700971 712940
666775 159961 1099597 740560 172597 907267 381137 894392 600103 645750 600300 683965 889954 847927 170182 311242 464699 485637 347432 574142 1230777 360072 955511 810806 426250 1124555 987277 791551 675758 923525 187587 1050609 721062 778669 534647 905134 635316 758652 999999999 1055240 609811 638874 537944 734225 719009 773261 696756 511812 717820 588330 725112 999090 586792 997475 943055 152152 609077 644627 420170 641246 788775 699505 1029253 503498 143992 890821 62318 677198 655343 726757 324870 245114 334603 403585 867740 832080 403946 496774 195303 482994 235172 267926 699753 494329 328394 709368 659866 312867 500128 395366 752003 119393 222334 908911 742172 604590 751349 415150 600925 389077
388613 978073 172837 829616 1024501 417616 857572 200869 684927 409503 476484 499873 334046 367012 1006526 791992 690990 610348 787924 574751 180702 721578 179910 253814 863229 86336 100467 272578 383099 243306 868780 35607 647050 772603 911787 880914 703990 340066 1055240 999999999 590327 693179 523645 329764 357936 836458 429308 741139 671232 512153 791399 277887 612150 114090 294552 916778 560286 581049 679014 828244 336692 392757 266039 588041 924055 336223 1097458 391025 400279 741357 731113 948375 994454 922670 222324 747323 904127 725356 905233 581916 837796 794643 420644 683248 979789 409920 703219 742597 834044 705184 731801 983039 927256 521990 364043 585678 757237 678617 813058 908199
320971 476840 712527 303521 508415 304243 290738 527987 654275 307670 186775 557642 312118 266364 493999 502916 146010 158161 265775 513080 766848 443244 589970 351953 682302 629198 494782 337468 279019 599936 465404 569410 721029 282817 794848 1006130 137085 473775 609811 590327 999999999 128413 343766 294731 253192 894455 162719 632845 166577 442454 264325 693879 570845 593042 370485 458501 37666 597526 199884 801579 516613 445847 711581 428430 466612 633889 668490 389391 321422 225520 342785 416141 737067 719469 508944 873032 703639 144244 417539 223005 484122 437908 487026 119969 721188 182326 150431 372186 244230 220022 807264 596756 602938 777074 478805 561061 253720 450001 232737 332924
449273 489056 826668 176292 508656 345461 271609 649718 771594 436082 314955 684076 384035 340333 497738 590509 197309 260717 295902 634000 864315 539095 710075 468102 778787 722019 594336 455427 406481 723826 523738 668807 844237 167152 896374 1127554 10849 601772 638874 693179 128413 999999999 465731 417617 375081 1012721 279096 742638 79169 566516 138232 817478 690699 707822 441161 495102 165994 720630 275753 914213 644508 574233 833851 545130 502719 761062 700471 517800 449831 107131 422874 413894 815768 810079 631975 996400 795555 143682 443997 335004 556678 514616 615149 164947 800447 298007 25901 453395 177801 286380 928661 649134 673520 905432 607136 682679 136475 554743 121093 295160
140858 487937 562828 641467 539454 510399 450500 356620 313095 123951 173652 227505 450276 423024 520738 272210 316539 217218 348237 169376 695190 199803 418615 298066 391405 598879 468134 280388 171739 391920 350367 523565 378543 626490 483526 662475 472199 226296 537944 523645 343766 465731 999999999 230869 237993 551533 282667 307225 509707 103050 603960 475421 227559 459615 487013 411373 310259 254962 251116 466001 262352 169971 503282 95816 417673 377910 576145 139393 128235 568527 223842 484347 494882 443035 329999 530705 424672 385072 415391 141297 314322 272410 187481 334579 479056 281255 490276 227237 495814 267336 463567 459566 406815 467374 214216 217344 597112 165162 539999 505767
96453 649030 424449 582803 694933 309735 533981 233281 498802 107960 147315 342206 233067 217676 677037 499716 368028 281528 458929 354747 510202 426506 295867 77123 617964 391894 253303 57850 60772 306218 550932 319690 521064 543552 699474 804377 427530 203825 734225 329764 294731 417617 230869 999999999 42949 715479 141182 519383 425213 273413 542464 399879 410283 305630 260846 591195 258692 409647 349531 657370 242554 202870 416908 319580 598718 349937 780487 154528 108187 495988 409608 618825 725750 671763 214477 663603 653214 412003 576524 253960 529836 483434 250709 365235 709915 124497 435116 425102 526701 375564 614381 673030 632220 515756 217905 389482 519651 395969 527466 586577
118557 626298 462319 539855 670691 282050 500667 275035 522796 123019 121196 374129 213298 190871 653110 499408 334106 253212 430573 376581 538595 426353 336786 105125 629105 414215 274409 87756 69913 348888 538679 344501 552443 500834 716250 837539 385061 243865 719009 357936 253192 375081 237993 42949 999999999 744971 98255 536858 382338 294689 499516 442422 433732 342972 249285 573087 217703 437789 322663 681235 283628 237341 458986 331162 580803 392564 767461 185222 128076 453059 396260 591663 730127 681015 256894 697297 662663 374419 554642 236051 522877 475432 284915 329010 714118 81906 392346 414309 488029 349168 645353 663977 629442 556131 256396 414452 476796 400867 485857 552332
626793 838991 747730 1186129 887426 1025173 925536 642433 241252 626522 721770 374514 945910 933127 872204 505998 840272 753879 819096 382542 936626 513736 657668 743439 347067 921929 845745 734979 677404 594445 656914 858869 197418 1176407 255276 132755 1018215 536848 773261 836458 894455 1012721 551533 715479 744971 999999999 819363 290633 1060846 459454 1150211 594395 323980 724525 962414 746871 861659 307538 760798 132016 518172 515204 622526 467599 747436 503202 764614 561053 618429 1117654 643934 886367 468901 378576 627833 113594 373503 911530 790826 677989 586821 593790 468316 865698 466873 812449 1037952 619616 1007181 764537 105634 653918 551105 348036 514587 336615 1146591 475666 1071811 973629
198693 586485 550261 441727 626348 232922 433856 370920 588597 194333 115448 456003 194146 155111 609814 516116 269605 211896 379667 441112 607481 445638 430980 189939 667824 473241 335987 176482 148151 446332 526782 410075 631553 402874 765597 918576 289334 339016 696756 429308 162719 279096 282667 141182 98255 819363 999999999 589876 284119 360856 401391 539520 499928 430870 246307 546006 131025 512330 280518 745129 379874 325401 555087 378353 554058 490587 749925 270028 204453 354807 386285 540689 753018 715048 353965 779826 697355 296552 518285 226318 523907 475344 371699 256995 736826 19612 295281 409760 404992 306973 723092 657299 637847 650750 349488 483753 378598 431852 393062 482080
422961 555497 713015 911667 605766 815653 635536 542308 91763 414253 479507 248212 749833 726484 589568 219137 559980 482005 529723 170170 885028 223568 584349 570758 131062 825906 716154 556719 467169 530840 372437 752894 211764 909159 180162 420844 746955 401463 511812 741139 632845 742638 307225 519383 536858 290633 589876 999999999 798520 247367 877678 576455 129863 645390 780157 462564 603828 174058 478846 173650 407039 353433 608641 211799 463986 462946 517004 375967 411524 849394 354391 597800 279761 191106 519164 324587 174189 630640 503060 410147 302428 304419 320601 587602 268838 587963 768396 329318 720821 479753 243688 394805 294987 416114 377260 156575 878701 190383 790703 683130
472372 568210 815345 160619 587336 293026 349938 651139 820820 462219 346314 719066 346868 306887 576635 657948 269742 318828 373732 679083 835825 602805 708140 464525 842800 691169 570943 454529 425360 728629 599042 644085 885675 120209 957850 1171552 84194 620587 717820 671232 166577 79169 509707 425213 382338 1060846 284119 798520 999999999 607015 121035 820943 737077 698439 400888 573308 199575 762414 344414 967913 662323 599935 834591 595001 580989 774624 779328 543251 474981 71823 492084 492662 886894 876840 635979 1037401 861728 221723 522805 388374 628874 585441 643574 237050 871368 300927 62029 522455 250078 357837 972819 725844 746625 930071 628876 726758 94506 613736 173065 370665
177598 561714 519229 742630 614400 576473 547874 323364 228774 171988 263209 125689 505709 485558 595797 291297 419153 320258 443093 81892 671539 229289 377792 323571 356412 593897 475208 309358 224901 338130 404620 519080 278681 725123 427426 564888 573326 178849 588330 512153 442454 566516 103050 273413 294689 459454 360856 247367 607015 999999999 704683 410764 139665 429783 533613 477846 407603 155466 351311 386825 202462 120845 441042 85085 483130 303595 618251 129622 166946 667908 298875 568801 482400 414162 297472 430589 395453 488021 491592 244079 354346 321442 111478 437609 467660 355227 590687 293423 598090 365534 366622 495019 423927 368617 158478 123016 696171 177029 642976 602678
582783 567522 936380 40339 575890 402042 344065 770643 908992 570768 450911 821666 463990 425679 568615 716331 322509 396883 400715 772126 954078 669405 828355 584693 907694 808905 691003 574179 537874 847390 634068 763732 982469 57786 1027337 1265643 132068 733704 725112 791399 264325 138232 603960 542464 499516 1150211 401391 877678 121035 704683 999999999 940146 828664 819421 516059 591889 301242 858861 403880 1050003 776016 709101 954417 682644 598851 890418 787430 652453 584183 50069 547799 484987 934266 935666 754831 1134632 921952 256948 535870 472229 674809 635863 751029 292176 919425 418970 114156 578171 226152 410260 1066774 752510 788537 1040307 740449 820856 43651 688585 125456 346307
390962 963174 153387 980413 1014847 630636 904032 170079 498773 410837 524755 333116 538263 553925 996130 697941 746062 647153 811442 438132 342688 639701 121896 357870 707332 353527 334642 366548 420182 94016 814685 309882 424706 936545 722919 618512 827409 250227 999090 277887 693879 817478 475421 399879 442422 594395 539520 576455 820943 410764 940146 999999999 451318 169417 520568 884078 657194 402410 704053 615614 213258 305533 32193 495694 889901 113995 1028110 343977 396491 892513 698545 957542 853545 767551 185578 493504 750435 800562 890791 589808 764902 731889 299351 750663 841176 521423 834642 698535 917233 726055 495285 903796 825580 255512 261328 425901 914632 586008 926316 959150
315765 598105 584483 865334 650718 715734 632243 412757 89138 311435 398536 119409 643293 624541 632995 275806 526163 434413 524406 59025 755232 243086 454555 453702 258042 697271 590787 441279 364149 401671 421092 624801 162278 853224 301771 437206 696603 273349 586792 612150 570845 690699 227559 410283 433732 323980 499928 129863 737077 139665 828664 451318 999999999 515547 668505 506808 537755 57854 450045 247512 277259 228831 483476 148292 510184 337340 603265 259259 305684 794805 356846 623949 402309 318546 389931 311080 300831 597190 535409 357542 356616 340627 192428 549185 389858 494735 715671 339975 699913 458150 238703 477399 386986 322224 248963 26712 823597 189721 756337 684522
337570 935175 119518 859021 984092 477241 838502 106420 583152 359354 449968 399359 386497 409451 965662 718163 673212 582887 758200 483848 242076 650744 66863 241090 771129 197759 167269 256067 346879 130165 809889 142702 537482 808289 811214 766906 718346 251397 997475 114090 593042 707822 459615 305630 342972 724525 430870 645390 698439 429783 819421 169417 515547 999999999 360755 866394 559109 479562 648051 721670 238456 309029 163853 510857 873202 222659 1035263 320803 347448 770115 678154 914746 907798 831284 132509 633803 813004 717190 861738 541520 771805 731638 328554 670845 893722 411401 721537 685546 830975 672981 620384 916411 852475 408048 273597 488843 789373 603402 823802 891641
357298 830228 461012 551840 868003 123564 660818 366183 756065 367628 350223 588522 58506 104244 852056 746707 504819 457984 620639 614342 441031 674017 398867 218987 877405 295250 198947 228500 316053 445426 771431 261769 765275 489395 960281 1039605 451817 427548 943055 294552 370485 441161 487013 260846 249285 962414 246307 780157 400888 533613 516059 520568 668505 360755 999999999 792265 353271 662215 525876 914127 453742 448488 521920 578939 800325 524620 995957 409435 368970 466472 629760 779418 979088 929998 366199 898464 911588 514704 763338 467812 763929 715643 494474 485703 963043 234196 444604 651525 605966 552058 858500 900827 874368 714414 448620 646434 478001 650112 561535 703227
530661 93008 973297 611553 144478 755118 254544 766131 540948 509118 452960 587301 738644 696296 127455 243515 314214 334361 199763 481125 1094614 264242 829233 668246 413910 982969 844433 648947 534367 802969 90194 909976 657689 642892 536417 879329 492492 637137 152152 916778 458501 495102 411373 591195 573087 746871 546006 462564 573308 477846 591889 884078 506808 866394 792265 999999999 457013 562853 268154 618012 671063 579354 912914 396466 8160 780646 209994 549893 519937 588306 188409 149450 375100 413033 739702 786407 406495 351601 59344 337591 160387 166181 586900 344651 363281 559150 517373 185549 372724 243225 705591 163433 228487 824845 623255 519556 614334 319531 471040 278201
