NAME : synthetic_000885
TYPE : CTSP-D
DIMENSION : 100
GROUPS : 8
RELAXATION_LEVEL : 1
EDGE_WEIGHT_TYPE : EXPLICIT
EDGE_WEIGHT_FORMAT : FULL_MATRIX
EDGE_WEIGHT_SECTION
999999999 421002 118045 381661 190840 33799 431444 464211 260023 509202 254154 123639 408031 323722 402988 101652 203505 224661 337130 433086 547921 506528 473867 510092 361257 406048 402596 247841 144292 442277 522273 258464 376016 531294 363872 106845 252312 489761 43769 519000 493194 492757 482067 333403 422653 409298 417499 343775 467886 284580 334738 217713 335014 544796 473925 458422 245513 327326 305682 472036 382722 540461 437223 347157 527366 312350 489642 400234 454042 601284 497891 606759 71318 576771 179882 412553 438723 363413 443112 249353 210974 46515 364622 540690 387046 534753 302516 386109 317237 80028 673516 292769 533742 279044 420877 652716 518594 476033 439599 186988
421002 999999999 313401 590492 605646 438841 572636 46376 375499 719094 204901 316466 714947 516875 556235 394714 612888 622514 398135 337543 816711 762098 66614 895314 318461 519012 38581 605566 403425 512828 458506 562204 649531 812054 106927 314812 181888 775723 385290 934657 116768 862009 454953 248001 734360 79859 573128 183486 888838 682829 561161 485389 228230 435450 890035 601623 215980 112901 576741 303009 724358 847528 836950 765008 507560 119495 745523 156815 134998 883390 334928 356755 472578 255762 512737 781596 783765 760448 574585 591627 622225 467201 501388 792419 149734 789231 443534 511775 206129 480223 1035698 474537 880397 694051 637662 1032303 935201 857222 484002 559876
118045 313401 999999999 445146 308778 127872 476093 354295 271007 502541 136111 98799 441073 376624 449390 89699 299487 310269 260671 330819 636877 590585 371316 626280 335440 439198 290960 304268 192444 464818 432704 346426 460554 623183 274068 31830 136827 515379 99094 621311 398431 561781 397833 221775 520517 293671 465843 275212 580490 401591 323786 287005 220891 447691 590875 423298 178994 233393 385251 425238 487973 577499 525743 463779 448028 199015 501547 282220 336297 694979 455467 549169 159428 499460 214931 525065 545918 480645 485463 295635 308854 160669 401716 624637 269002 619322 249615 338368 200783 193524 740351 337527 642574 380862 489451 729198 621964 552172 453454 295667
381661 590492 445146 999999999 356345 409955 87677 634831 216011 882965 542154 352554 755701 74845 69750 479712 487597 525339 704168 768516 228084 172510 605328 416644 298681 118136 597929 588801 252993 166508 876912 147170 95355 227536 486048 413965 514085 839827 362495 684150 585910 774792 842966 650149 188097 629912 68361 413778 573044 322596 713785 164054 642533 887898 516595 840062 384815 480031 94113 405171 223383 874004 675489 444366 892988 542853 852127 664697 693274 295965 405287 528149 432916 577806 549781 303515 264929 355435 101575 600887 486496 386448 102947 201968 649814 198968 680585 766408 614416 324025 942578 118314 341106 513010 47672 898082 678042 743303 194476 253612
190840 605646 308778 356345 999999999 186587 433893 650150 349918 564539 444811 291594 414443 332092 406811 267189 139460 178173 491669 607199 443860 417776 653965 328686 474749 432281 590156 255241 237778 480258 680720 209566 303506 421181 536664 296150 442625 497125 220921 366183 666336 418843 636107 517968 306527 599247 415384 500722 289876 105884 419444 232307 521656 710987 284616 557162 410195 504495 262313 598302 247978 522733 325474 159620 674192 501472 519121 590727 644878 482202 617440 738185 172671 730931 255366 248448 291955 179616 447963 274428 135499 149833 391677 449188 577689 442276 438855 507018 506047 126102 589898 324058 376588 157848 377995 550897 363128 388678 491204 105317
33799 438841 127872 409955 186587 999999999 462453 480874 293810 477391 261566 153194 374235 354220 433899 84960 177454 195378 320358 424663 568361 528852 494087 512444 394288 438377 418108 214416 177384 475298 507804 281692 399024 550686 387786 124683 264685 456024 75535 496921 516204 461408 466021 331488 440060 421517 448083 372027 452624 286481 304362 246646 335084 533193 464643 430712 273105 349867 330885 503749 396355 506720 409817 337386 509423 326549 456422 406374 462652 619651 530075 637550 39165 604335 146632 420172 450654 364132 474356 215575 185799 37619 396752 562891 393814 556778 280256 361428 320037 95015 642133 324527 543993 256148 447858 622891 497042 445830 473067 201099
431444 572636 476093 87677 433893 462453 999999999 614602 216299 939675 555676 378458 821810 108924 28679 523787 559768 596523 736650 786462 276311 221544 577963 500509 260869 54992 585551 654559 291319 88602 900492 225177 180591 283305 465859 444268 523434 905850 405224 770150 551179 852566 870028 665725 268493 621604 19503 389996 660255 408243 766177 219112 655766 906390 604263 886887 382561 467499 176046 349586 309538 944282 756714 530525 921938 542531 914178 665445 686419 343634 343847 461566 489980 524206 606985 389608 347466 443080 14297 664382 559703 443954 76689 242896 650821 242295 720857 808568 626095 384666 1023038 140097 416423 591634 104984 980541 764236 822466 121431 329050
464211 46376 354295 634831 650150 480874 614602 999999999 420439 738823 238050 361951 744207 561540 598968 432982 653437 661661 415609 339882 861532 806739 61171 941533 357832 560578 64519 641151 449764 552269 456699 608509 695145 857234 149221 357596 219811 802064 429449 975400 118105 896248 458062 264015 780398 86167 615720 224614 932064 728480 586488 531652 244466 428700 934690 617600 262286 159036 622641 330476 770708 875159 875143 809311 508948 156480 769338 160372 120553 928395 360934 367799 513722 258104 548288 827937 830103 806256 616067 626129 662975 510178 544343 836798 157429 833715 466232 529356 226856 525048 1068164 519443 926697 735134 681839 1067006 976182 892908 522581 605876
260023 375499 271007 216011 349918 293810 216299 420439 999999999 761230 339495 172440 668036 141652 193367 334435 438603 468975 528216 570591 441214 386721 395072 557375 127070 171862 381949 506110 121982 193818 685976 209422 276622 436876 272826 239729 307187 749708 222380 716001 382637 739353 657156 449638 366278 414120 210791 204734 630374 380639 582905 136851 439484 690484 601189 692621 169717 264241 208255 252383 368786 799855 665185 493538 709908 329264 747734 451966 477818 507958 268615 391980 329493 404572 438942 438057 425689 446263 223045 509142 442493 289438 139624 417451 437186 414066 520447 609167 409799 248001 918690 99038 518486 495615 263577 889184 712719 717015 183900 258237
509202 719094 502541 882965 564539 477391 939675 738823 761230 999999999 527643 593793 176988 831138 911071 427119 428259 391406 323625 435284 1008013 978815 785565 840988 837972 915178 681920 309603 652865 950036 385533 744099 856012 985667 736855 529938 563734 138369 540727 566633 832977 345446 346315 475014 870939 652811 924956 764041 631375 658986 179095 722202 494429 439538 702716 132947 676204 695376 797135 922080 811995 205610 431504 614276 331707 610990 79450 584573 643429 1046170 953769 1034998 450483 961971 333332 799107 851510 709616 951694 290382 435037 496902 873823 1011293 583748 1004532 277367 210833 513263 558943 436031 801856 925295 460294 917030 476767 574952 376963 944641 643792
254154 204901 136111 542154 444811 261566 555676 238050 339495 527643 999999999 195346 510601 468774 531875 199645 423885 428156 222291 231510 749979 700321 270054 761082 356393 510455 173752 403285 300996 524471 350157 465116 573411 738890 209857 153835 39646 573555 231504 744712 310520 658256 326834 110234 642230 165073 549187 248746 712305 537150 361244 397076 100519 351226 726066 421031 185461 169276 496873 409618 615427 644074 639279 598840 381326 86654 546635 146162 201108 811405 443007 510280 288663 434615 310483 657413 674324 616277 562525 388081 434027 296034 478992 733717 132894 729008 250523 329515 72605 328492 830997 426138 771712 506761 588928 828964 746222 654984 505295 427397
123639 316466 98799 352554 291594 153194 378458 361951 172440 593793 195346 999999999 515779 281695 352195 167631 326974 348010 358391 416304 554932 505912 362476 582701 248515 340543 305135 363858 105659 366176 524865 270283 378230 543570 245884 67309 175388 594305 80254 639154 375812 614437 492430 299497 447685 321664 368893 220276 579408 366581 414749 201901 293752 535444 574774 520537 122770 212902 301735 351854 424296 651033 560810 451171 543788 223225 586324 333038 376298 616070 379282 484488 192350 453460 284132 472741 483746 444627 387475 361181 334175 168018 303496 539535 318411 534654 348012 436727 267728 165493 795103 241188 581427 400766 398214 775917 638203 598965 355570 245585
408031 714947 441073 755701 414443 374235 821810 744207 668036 176988 510601 515779 999999999 713202 793224 352942 274990 236271 360768 498549 856248 832161 780585 668912 763936 805264 681556 167272 549884 845653 490428 610804 715830 832493 706549 461429 539425 84143 447383 394270 819942 190677 443772 494876 718760 662250 805336 716155 454395 499872 169973 602976 511740 541324 526327 250376 619757 664362 664909 864430 656690 136435 257536 442747 448891 597190 110118 606943 670322 889092 893456 990241 339234 935231 231704 635517 691210 543151 834850 159350 279393 382402 763043 863309 601796 856353 291976 276216 521005 437728 332482 690079 759284 291156 784606 350314 402053 213178 845785 505642
323722 516875 376624 74845 332092 354220 108924 561540 141652 831138 468774 281695 713202 999999999 80247 418108 453376 489580 636938 696438 300051 245225 533759 453233 234610 100632 523563 546000 186760 150318 806555 130184 143957 296977 413185 345050 439991 797197 299633 680821 516787 749066 773761 577364 238693 555198 93865 342217 577768 321263 658351 110272 569260 816079 531075 780766 310015 405886 95024 349329 257486 836550 657199 443564 824543 468033 805254 589962 618473 367251 354107 479586 381168 518261 498240 334994 308180 368959 121682 555550 453849 335079 62614 275799 575086 272438 617151 704157 540826 275814 921927 43478 393940 489754 122512 882239 675673 720329 167579 226805
402988 556235 449390 69750 406811 433899 28679 598968 193367 911071 531875 352195 793224 80247 999999999 495774 531705 568337 710044 762154 278888 223147 564415 486351 249431 50687 567674 625984 263390 96903 875308 198884 165074 283164 449837 417586 500371 877253 377187 746257 539991 825252 844278 641716 256748 602742 17437 374743 637917 384392 737725 190455 632181 882077 584083 858828 361529 449353 151485 345976 293014 915924 730346 506942 895936 521580 885501 644481 667299 346936 343007 463671 461317 520208 578335 373122 334352 422268 41767 635735 531766 415280 55169 247597 629775 246179 693329 780895 602766 356011 996343 112428 408038 564635 99079 954535 740525 795480 126090 301751
101652 394714 89699 479712 267189 84960 523787 432982 334435 427119 199645 167631 352942 418108 495774 999999999 224534 228995 236276 340697 649494 608146 455382 595170 415273 493541 368617 215156 232488 525232 423039 360048 477575 632652 362988 108593 213258 429046 118591 545077 485551 472986 381716 253162 523243 364537 511090 364355 516174 369632 248495 315816 259087 448278 537159 363116 267016 321834 406615 511637 480937 489230 442309 410469 426128 276539 418916 338210 397972 702341 541028 637829 96220 589080 125233 504884 535540 446346 534664 205947 234839 122084 453396 642314 326908 636392 201534 286701 248124 178271 651036 383764 628948 307550 520323 641258 546580 464677 518197 285315
203505 612888 299487 487597 139460 177454 559768 653437 438603 428259 423885 326974 274990 453376 531705 224534 999999999 38758 406236 537379 582420 557223 670025 429526 553722 550681 589656 119170 316863 595513 590694 340772 441684 559217 565238 301361 434232 357842 246735 321970 693503 301194 543486 470115 444907 588331 542147 547228 295868 230931 296178 345580 478787 628026 330559 433800 448999 527144 394770 670345 384339 386569 233935 211865 574486 497363 380069 562005 622368 618230 694233 807233 140858 780276 150638 372603 423379 287499 573430 141508 11055 159482 508729 588533 551064 581602 342748 396554 470979 190750 480088 437113 500209 83058 513183 452905 322919 278637 601410 234327
224661 622514 310269 525339 178173 195378 596523 661661 468975 391406 428156 348010 236271 489580 568337 228995 38758 999999999 390019 524945 620751 595903 681532 459920 581217 586113 597407 84399 346994 630243 571039 378738 480382 597401 580846 315917 441851 319084 268422 317452 707735 270759 523259 465531 483223 593219 579083 567400 306946 267639 266144 381023 475624 610525 350459 402642 468471 541651 432803 695627 422221 348665 215765 237698 551552 505183 341756 562065 623651 655851 720487 831235 156677 799616 135356 408105 460157 320851 610093 108772 43792 183689 544031 627145 551856 620205 323578 370948 470300 222486 451002 471985 535112 91920 551493 428062 319637 251627 635142 272426
337130 398135 260671 704168 491669 320358 736650 415609 528216 323625 222291 358391 360768 636938 710044 236276 406236 390019 999999999 141632 884653 841859 464143 819248 570459 698572 360291 325844 451260 721311 189081 593996 711068 868375 429501 292460 261663 401597 344290 690341 513711 540959 145725 151596 759487 329481 726514 470760 696853 597135 190906 542927 171170 222036 736777 203662 398602 390352 638118 631736 716679 478434 562382 615649 190497 297370 360910 261252 321356 938398 665026 730487 320900 647227 255916 736630 770443 670470 745837 301206 417206 356280 661887 876067 260127 870329 72127 113823 192225 414522 693126 598182 862485 481824 747388 708467 694836 551117 706977 521384
433086 337543 330819 768516 607199 424663 786462 339882 570591 435284 231510 416304 498549 696438 762154 340697 537379 524945 141632 999999999 967446 920360 397374 935678 582159 741865 299552 465380 519792 755697 124190 677245 790871 953990 401733 359415 266884 531795 427734 830443 452772 681580 118180 121376 850697 258585 779375 461255 831552 710319 328912 615901 134305 119931 866244 303578 414762 370501 715091 616084 815069 609474 703633 742320 170020 271813 485511 181128 225381 1025794 649788 692087 434639 593060 389609 844535 871674 786711 793614 441337 548433 462224 709835 954274 187959 949127 213759 230552 165390 513108 829704 654534 966811 615975 814463 847949 834668 692547 735761 619838
547921 816711 636877 228084 443860 568361 276311 861532 441214 1008013 749979 554932 856248 300051 278888 649494 582420 620751 884653 967446 999999999 55988 833267 308978 525229 328039 822226 699070 449428 363827 1067054 291263 176815 27190 713229 608054 726176 937482 542568 672055 813804 824189 1028724 853725 137529 852150 265797 641674 546426 358975 855346 353035 848640 1084503 466474 990442 606931 705194 253205 624621 200823 954555 708777 451906 1075092 761443 962479 881115 914285 68212 620077 737311 579170 799021 687237 246778 182808 339612 283032 717638 577174 535998 327217 37804 866209 35483 848618 928356 822519 473472 969260 342178 187238 574984 183114 911880 663501 786186 397431 371457
506528 762098 590585 172510 417776 528852 221544 806739 386721 978815 700321 505912 832161 245225 223147 608146 557223 595903 841859 920360 55988 999999999 777834 329485 469251 272578 768270 671582 400917 309587 1022307 248120 130793 62870 658212 561102 675430 914522 498205 673783 757968 812139 984990 805301 121277 798837 210375 586272 550199 342040 821596 304550 799582 1038167 474943 955134 553467 650913 205352 569040 187627 935779 699664 445109 1032340 709086 936604 829451 861365 124199 564964 683024 542412 743351 653418 248639 186957 335149 228909 688805 552858 498037 271229 34207 814538 28769 808643 890095 772923 434659 963630 287768 217752 557342 127158 909093 665750 775427 342916 336717
473867 66614 371316 605328 653965 494087 577963 61171 395072 785565 270054 362476 780585 533759 564415 455382 670025 681532 464143 397374 833267 777834 999999999 932575 317754 523257 103853 668068 440372 510597 515896 592569 671676 830713 124521 369408 244452 842024 435848 990970 57001 925202 515428 313429 760036 139365 580692 191600 940276 725663 627650 515330 293657 489129 937124 667442 250543 149822 601615 276122 755384 913556 896753 813579 567077 183716 812101 216447 181427 900836 305247 306695 529218 197497 575428 816677 814202 802016 578266 654915 679031 520360 510726 806743 211430 804083 510143 577879 272417 527893 1099857 493021 909588 750170 651516 1095074 991127 919364 479557 600593
510092 895314 626280 416644 328686 512444 500509 941533 557375 840988 761082 582701 668912 453233 486351 595170 429526 459920 819248 935678 308978 329485 932575 999999999 677548 534021 887270 544015 492548 583145 1008023 347954 321289 282835 808572 607562 752112 739785 529686 388213 931619 581797 962654 842990 233438 904035 482540 753578 262906 226015 725437 422817 845092 1039420 174657 862508 682308 785130 359867 799041 195906 735709 460780 226712 998432 805299 778941 906779 956127 296174 806462 932348 501346 961136 573481 119605 153534 149075 512935 568686 419993 474881 509863 340089 892931 334142 763331 824719 826895 432792 698847 477711 127923 381030 398111 634132 378507 540407 610150 337174
361257 318461 335440 298681 474749 394288 260869 357832 127070 837972 356393 248515 763936 234610 249431 415273 553722 581217 570459 582159 525229 469251 317754 677548 999999999 205946 336951 608568 239747 194487 704362 331292 378543 526139 212181 308582 317815 842810 318907 840868 290638 851769 683142 462407 472875 377136 264990 135710 757233 507542 659114 262513 447926 699047 727979 754112 172138 223932 320149 125339 484911 898715 784317 620473 737699 314829 834156 433131 442106 593422 142730 264943 432574 284780 532235 557945 539243 571962 260634 607931 558689 397898 198100 495879 419536 493939 578045 665590 416817 365765 1032210 201608 627864 615975 342129 1006472 837877 832048 165731 385214
406048 519012 439198 118136 432281 438377 54992 560578 171862 915178 510455 340543 805264 100632 50687 493541 550681 586113 698572 741865 328039 272578 523257 534021 205946 999999999 532840 638646 262480 51095 857808 230057 213070 333213 412128 407459 476913 888891 375883 780732 496189 848161 828924 620688 306171 569636 62243 335984 675817 420098 739389 205126 609910 861670 625570 856021 333420 415138 188679 296615 339412 931155 757592 542692 881529 492839 893844 615585 634616 395856 292708 412998 468745 471120 584617 419253 382931 463292 55588 646476 551697 423722 42258 295738 601079 294717 686917 775269 579820 367943 1021876 115188 458305 589722 149707 982739 775428 820035 76348 327102
402596 38581 290960 597929 590156 418108 585551 64519 381949 681920 173752 305135 681556 523563 567674 368617 589656 597407 360291 299552 822226 768270 103853 887270 336951 532840 999999999 576689 397994 530089 421095 560083 652253 816320 125737 295764 155608 740877 369236 911620 155341 832008 416730 209744 734515 44413 584811 201309 870078 671330 525787 484075 189967 399367 874761 563629 216100 118377 578119 332982 721055 813311 810694 748827 469529 92320 709631 119430 106346 888192 365603 393514 450325 294152 483818 775357 780660 749649 588379 561805 599282 448235 512548 799326 111601 795838 407087 474028 168669 465888 1004383 480593 877851 671579 645432 1002695 912513 828454 502573 550486
247841 605566 304268 588801 255241 214416 654559 641151 506110 309603 403285 363858 167272 546000 625984 215156 119170 84399 325844 465380 699070 671582 668068 544015 608568 638646 576689 999999999 386057 679797 499444 444609 551947 676404 578112 318101 423856 251375 289663 365112 700217 257899 451136 421539 561768 566418 638064 575846 376785 350073 183701 435808 434250 541909 428533 318943 477021 536988 498620 715696 502401 294142 242423 320477 475546 486171 265656 525705 588961 736566 742987 846805 176937 803485 92880 491643 542458 405175 667626 26321 126802 217524 596397 703561 517139 696716 255708 292641 434049 270789 436106 523471 619016 169030 618574 427023 369289 251770 681078 340387
144292 403425 192444 252993 237778 177384 291319 449764 121982 652865 300996 105659 549884 186760 263390 232488 316863 346994 451260 519792 449428 400917 440372 492548 239747 262480 397994 386057 999999999 297987 624974 165686 272660 437913 316970 161671 279716 632457 113997 602683 442994 617417 590218 404457 343092 419580 278915 269077 525572 289016 476936 96448 399220 638212 507030 595603 189867 292601 196231 361455 323584 680176 545140 390666 640017 322852 633803 436961 477189 510412 382186 501052 210662 495025 324006 378173 383234 363089 302189 390563 321011 168613 221572 434696 422203 429681 430445 517674 373384 126718 796901 151277 480740 376332 297010 768339 600100 595430 296029 162271
442277 512828 464818 166508 480258 475298 88602 552269 193818 950036 524471 366176 845653 150318 96903 525232 595513 630243 721311 755697 363827 309587 510597 583145 194487 51095 530089 679797 297987 999999999 874123 280347 261861 371657 406260 433484 489007 928884 409336 831079 478783 894379 847478 634333 353491 569032 103246 329588 726764 470846 772878 250450 622273 874941 676639 885711 342119 414453 239758 266532 389246 973258 805730 593379 900850 498554 931694 620175 634180 430602 257919 373501 507387 440614 621927 469245 431255 514371 80797 686439 596990 463291 88690 329501 606006 329343 714174 802866 591633 409960 1069133 158411 503733 637215 192609 1031095 825868 867019 34249 375405
522273 458506 432704 876912 680720 507804 900492 456699 685976 385533 350157 524865 490428 806555 875308 423039 590694 571039 189081 124190 1067054 1022307 515896 1008023 704362 857808 421095 499444 624974 874123 999999999 775791 891764 1051873 525868 463316 387296 504061 524499 856851 572138 680640 48472 241964 944781 378820 892325 585146 875683 786215 332048 719633 256852 54028 920722 255316 535247 494618 817253 740273 903962 580639 723399 801733 60628 395828 450237 301735 337978 1122680 773975 814481 509867 712891 440168 925536 958426 859363 908340 473474 601508 544272 824195 1056453 309992 1050972 247965 216572 287903 600991 809633 765673 1051067 662817 921811 838223 862389 698685 855431 708240
258464 562204 346426 147170 209566 281692 225177 608509 209422 744099 465116 270283 610804 130184 198884 360048 340772 378738 593996 677245 291263 248120 592569 347954 331292 230057 560083 444609 165686 280347 775791 999999999 117563 276788 468064 318434 445240 694819 251309 550737 586943 628366 737642 565534 177463 583874 206353 408143 448152 191386 579877 77241 561735 793661 404975 710812 346226 449590 54139 454856 162816 727323 531560 313451 784493 488007 709400 602615 642429 348571 465503 591476 298289 613551 412874 228713 221810 244325 239376 458143 339452 252688 192697 282305 587870 276448 560802 643102 537043 188873 797896 138082 318195 366890 173978 755652 545528 597606 297236 106521
376016 649531 460554 95355 303506 399024 180591 695145 276622 856012 573411 378230 715830 143957 165074 477575 441684 480382 711068 790871 176815 130793 671676 321289 378543 213070 652253 551947 272660 261861 891764 117563 999999999 165946 548927 431457 550289 799248 367488 604095 657938 714123 854252 676910 95424 680152 162017 481127 488367 247737 694954 176342 671880 908244 426849 827127 436163 536932 76551 492088 128981 826188 608269 365355 901547 587559 817600 706042 741256 238546 494913 619256 414215 662081 527182 209018 169927 268177 193702 567471 438636 369166 192486 165000 691158 159318 678359 760446 645906 305476 875505 180081 250592 453525 85863 826789 597334 680045 289379 212278
531294 812054 623183 227536 421181 550686 283305 857234 436876 985667 738890 543570 832493 296977 283164 632652 559217 597401 868375 953990 27190 62870 830713 282835 526139 333213 816320 676404 437913 371657 1051873 276788 165946 999999999 709587 594901 716185 913398 527737 644885 813029 798064 1012914 841434 114776 845189 271256 639193 519237 334197 834720 341917 836904 1070415 439349 970356 600476 699984 242374 629020 176122 929524 682321 425347 1058659 753254 939152 871978 906713 72605 625908 744856 560150 802962 666804 219759 155791 312943 291159 695376 553733 517626 328936 58647 857093 53793 830808 909632 811296 455676 942407 338045 162914 549966 185057 884848 636322 759901 404734 352164
363872 106927 274068 486048 536664 387786 465859 149221 272826 736855 209857 245884 706549 413185 449837 362988 565238 580846 429501 401733 713229 658212 124521 808572 212181 412128 125737 578112 316970 406260 525868 468064 548927 709587 999999999 264932 173138 775049 323179 882841 129933 835805 513847 292329 636290 167928 466641 76685 825232 603999 567137 390824 274122 511157 817864 630484 127940 42257 477941 214855 630879 842297 796514 695895 568324 133910 752259 232926 231927 780369 248429 301010 425064 228798 487551 692347 689736 679571 467693 568336 573504 410144 395150 687988 221127 685004 460170 538958 245047 410778 1013995 371544 785260 642813 532906 1003151 882320 825996 377904 478167
106845 314812 31830 413965 296150 124683 444268 357596 239729 529938 153835 67309 461429 345050 417586 108593 301361 315917 292460 359415 608054 561102 369408 607562 308582 407459 295764 318101 161671 433484 463316 318434 431457 594901 264932 999999999 146650 537564 77898 621598 392296 574025 429038 247470 493748 303102 434059 257818 574490 384501 350887 256954 244911 477105 580206 453641 159375 225980 355767 403056 463441 597630 531614 453698 479506 205645 526127 299217 350102 666926 432458 530160 160608 486353 231941 503652 521917 463654 453634 311772 310065 152586 369898 595082 285401 589861 280719 369445 222541 175665 753671 305778 619024 380813 458538 739628 621720 562271 422613 273653
252312 181888 136827 514085 442625 264685 523434 219811 307187 563734 39646 175388 539425 439991 500371 213258 434232 441851 261663 266884 726176 675430 244452 752112 317815 476913 155608 423856 279716 489007 387296 445240 550289 716185 173138 146650 999999999 604899 223847 756154 280597 680766 365369 145723 622703 157099 517761 209182 717309 530470 394726 374499 133302 385934 726237 459330 148029 131727 473811 370107 599415 674040 655547 599415 419988 63332 580085 157660 204087 788789 403459 472448 295511 400093 331104 645350 658756 609563 529752 410463 443946 296675 446791 708473 143074 703995 287319 367886 102923 321887 855610 396906 756405 516379 561269 850771 757142 675415 468886 415915
489761 775723 515379 839827 497125 456024 905850 802064 749708 138369 573555 594305 84143 797197 877253 429046 357842 319084 401597 531795 937482 914522 842024 739785 842810 888891 740877 251375 632457 928884 504061 694819 799248 913398 775049 537564 604899 999999999 528176 435941 884069 208706 460403 545210 800130 718145 889420 789257 512193 579826 215886 686950 563246 557182 589518 250260 694361 732794 748936 940337 737355 77755 304567 515457 455418 660069 59133 657770 720075 968702 970011 1063569 421851 1003771 311430 712989 770027 619363 918860 242482 361724 465606 846691 945378 654128 938392 338761 301698 576003 521602 305824 773723 834992 367560 868562 340643 444797 242721 928477 589497
43769 385290 99094 362495 220921 75535 405224 429449 222380 540727 231504 80254 447383 299633 377187 118591 246735 268422 344290 427734 542568 498205 435848 529686 318907 375883 369236 289663 113997 409336 524499 251309 367488 527737 323179 77898 223847 528176 999999999 560013 452910 536354 486788 320808 422980 379312 392506 300529 504454 306738 363753 199366 319910 542921 505532 481663 202716 287830 293880 428496 389004 580927 480606 379864 534557 281028 525360 377098 427713 599013 454606 563006 114349 533694 216885 426528 446843 385876 416175 289709 253925 87879 335338 532396 363298 526796 318172 404637 299030 98040 717112 265247 543482 320908 404268 696481 559305 519798 404451 196780
519000 934657 621311 684150 366183 496921 770150 975400 716001 566633 744712 639154 394270 680821 746257 545077 321970 317452 690341 830443 672055 673783 990970 388213 840868 780732 911620 365112 602683 831079 856851 550737 604095 644885 882841 621598 756154 435941 560013 999999999 1012174 234001 808412 781298 554195 909584 750685 857476 126704 361927 526203 592949 792171 902384 213590 639581 761828 846126 594777 964014 489774 401992 137197 239794 825407 819319 489912 879475 941097 675787 983583 1103724 462110 1090309 447557 426215 489819 340222 784412 389197 312460 472700 743122 694997 869308 688104 619287 642169 787650 481536 312258 681550 511773 240801 689628 245955 10385 194838 846780 462614
493194 116768 398431 585910 666336 516204 551179 118105 382637 832977 310520 375812 819942 516787 539991 485551 693503 707735 513711 452772 813804 757968 57001 931619 290638 496189 155341 700217 442994 478783 572138 586943 657938 813029 129933 392296 280597 884069 452910 1012174 999999999 958071 570619 364405 748854 194206 555627 178859 955116 731482 671247 510160 344660 545972 946745 717359 256544 166359 590876 231039 749164 954201 923494 825395 622687 224146 856410 271645 238424 881826 257809 250186 552887 140808 608318 814038 807107 806077 550217 688659 701997 539577 487817 785567 265714 783354 556267 627059 321487 540561 1134634 477931 900899 771853 630907 1126805 1011781 950152 446476 605072
492757 862009 561781 774792 418843 461408 852566 896248 739353 345446 658256 614437 190677 749066 825252 472986 301194 270759 540959 681580 824189 812139 925202 581797 851769 848161 832008 257899 617417 894379 680640 628366 714123 798064 835805 574025 680766 208706 536354 234001 958071 999999999 633635 662782 691638 818972 834159 830831 330125 470744 354021 643929 677803 731028 415631 439554 731660 794805 680680 964791 625465 167992 121019 374506 639559 742513 266257 772017 835809 843243 990345 1098917 422263 1060290 349934 582472 644838 486803 866580 270382 298355 453902 806658 839307 764933 832188 469559 465284 682048 491847 180759 736133 692408 261866 793625 171151 243636 41857 901674 523528
482067 454953 397833 842966 636107 466021 870028 458062 657156 346315 326834 492430 443772 773761 844278 381716 543486 523259 145725 118180 1028724 984990 515428 962654 683142 828924 416730 451136 590218 847478 48472 737642 854252 1012914 513847 429038 365369 460403 486788 808412 570619 633635 999999999 223231 904681 376420 861117 568799 827515 741808 283906 683813 240292 97612 873209 214176 512163 480099 780447 726586 862368 537476 675078 754820 54811 381196 407846 299035 342796 1083266 760339 807945 466246 710669 393138 881942 916162 814234 878379 425131 554254 502005 794154 1019183 305219 1013569 200810 168802 270552 559983 765395 733617 1008051 614959 887208 792461 813934 651083 830187 666975
333403 248001 221775 650149 517968 331488 665725 264015 449638 475014 110234 299497 494876 577364 641716 253162 470115 465531 151596 121376 853725 805301 313429 842990 462407 620688 209744 421539 404457 634333 241964 565534 676910 841434 292329 247470 145723 545210 320808 781298 364405 662782 223231 999999999 741217 177887 658992 345573 765563 617049 329711 500902 19777 240994 790131 354142 293738 257238 600621 503668 709747 620462 663905 663595 278031 158690 508650 112586 175510 913682 537411 590409 349325 500546 333943 745361 767645 695288 672682 401132 480976 368730 589055 838986 109450 834055 206476 265353 47462 412500 825692 535062 864154 552358 696547 833428 784187 666476 614571 516870
422653 734360 520517 188097 306527 440060 268493 780398 366278 870939 642230 447685 718760 238693 256748 523243 444907 483223 759487 850697 137529 121277 760036 233438 472875 306171 734515 561768 343092 353491 944781 177463 95424 114776 636290 493748 622703 800130 422980 554195 748854 691638 904681 741217 999999999 759874 251183 570905 431930 222895 720359 250867 738094 965520 360375 856335 519007 621459 158427 587427 66394 818321 578537 323864 949270 664796 824957 780052 819197 180002 590318 714532 447498 756941 552620 133207 79949 214514 280451 580624 439646 405980 287689 147763 765295 140646 719458 796991 713923 345210 842357 272605 155288 438971 164908 788067 546393 654599 382459 239760
409298 79859 293671 629912 599247 421517 621604 86167 414120 652811 165073 321664 662250 555198 602742 364537 588331 593219 329481 258585 852150 798837 139365 904035 377136 569636 44413 566418 419580 569032 378820 583874 680152 845189 167928 303102 157099 718145 379312 909584 194206 818972 376420 177887 759874 999999999 620009 242061 874057 684831 502321 509007 158387 355711 883184 531463 245392 154754 605071 377232 743133 791912 804004 756448 428547 98805 684314 77464 65153 917406 409930 436588 451298 334530 473973 794300 802780 763691 625021 549923 598337 453773 547576 830443 72158 826714 381153 443206 142149 477140 988641 511906 900317 671016 677553 990061 910980 817586 542321 566879
417499 573128 465843 68361 415384 448083 19503 615720 210791 924956 549187 368893 805336 93865 17437 511090 542147 579083 726514 779375 265797 210375 580692 482540 264990 62243 584811 638064 278915 103246 892325 206353 162017 271256 466641 434059 517761 889420 392506 750685 555627 834159 861117 658992 251183 620009 999999999 391368 640759 388788 752177 203333 649515 899293 584945 874028 378949 466515 156754 358853 290848 927120 737790 511045 912676 539002 898464 661906 684597 333620 354700 474076 474842 533335 591965 370962 329763 423676 33727 648287 541918 428661 72454 233624 647203 232517 709153 796569 620128 368718 1004248 128479 400515 573043 89434 961469 744759 803845 134624 310730
343775 183486 275212 413778 500722 372027 389996 224614 204734 764041 248746 220276 716155 342217 374743 364355 547228 567400 470760 461255 641674 586272 191600 753578 135710 335984 201309 575846 269077 329588 585146 408143 481127 639193 76685 257818 209182 789257 300529 857476 178859 830831 568799 345573 570905 242061 391368 999999999 790582 557962 589057 331488 329002 574820 775924 666190 99203 92144 412647 160994 570304 852589 780995 657668 623602 189508 771855 301733 306816 709238 194280 274317 410898 233294 489201 635603 628283 630871 391499 569421 554447 388228 320417 615346 288813 612613 491604 575140 298355 377389 1010932 301802 722315 620501 460109 994588 856096 817312 301427 431141
467886 888838 580490 573044 289876 452624 660255 932064 630374 631375 712305 579408 454395 577768 637917 516174 295868 306946 696853 831552 546426 550199 940276 262906 757233 675817 870078 376785 525572 726764 875683 448152 488367 519237 825232 574490 717309 512193 504454 126704 955116 330125 827515 765563 431930 874057 640759 790582 999999999 256814 556005 499815 773638 916654 88756 682961 699570 791694 487471 882216 368965 493345 211799 136989 852136 778977 560001 854204 912958 549103 898865 1022117 423655 1020217 442044 301737 364846 220645 674375 403011 284898 421907 640378 570303 842575 563479 629481 668649 764256 414723 435942 583819 385261 215577 574230 371795 117596 288289 745255 372196
284580 682829 401591 322596 105884 286481 408243 728480 380639 658986 537150 366581 499872 321263 384392 369632 230931 267639 597135 710319 358975 342040 725663 226015 507542 420098 671330 350073 289016 470846 786215 191386 247737 334197 603999 384501 530470 579826 306738 361927 731482 470744 741808 617049 222895 684831 388788 557962 256814 999999999 521696 246103 619391 815743 220651 659753 476070 576105 232955 632869 158162 595627 361362 122667 780076 586096 607870 683223 734439 389225 647276 772031 277000 780299 360036 143630 192525 79158 422512 371651 223951 248897 383870 370432 669631 363329 544736 612180 601762 208852 628184 327330 272038 216123 331493 579096 356133 434974 488595 126823
334738 561161 323786 713785 419444 304362 766177 586488 582905 179095 361244 414749 169973 658351 737725 248495 296178 266144 190906 328912 855346 821596 627650 725437 659114 739389 525787 183701 476936 772878 332048 579877 694954 834720 567137 350887 394726 215886 363753 526203 671247 354021 283906 329711 720359 502321 752177 589057 556005 521696 999999999 550951 347538 380043 611714 138095 498973 525100 631526 745526 665932 290755 391655 503687 299396 447144 185426 442295 504955 899129 776801 861896 281840 794819 168222 665197 711388 583280 777786 157886 305488 328028 698457 854945 438373 848425 123749 116035 360172 391561 502224 627198 793530 352656 750300 519079 532159 368423 766583 484938
217713 485389 287005 164054 232307 246646 219112 531652 136851 722202 397076 201901 602976 110272 190455 315816 345580 381023 542927 615901 353035 304550 515330 422817 262513 205126 484075 435808 96448 250450 719633 77241 176342 341917 390824 256954 374499 686950 199366 592949 510160 643929 683813 500902 250867 509007 203333 331488 499815 246103 550951 999999999 495610 734014 465918 676132 269439 372659 99834 387591 240055 726937 557070 362919 732709 414239 695163 530979 568560 414488 401226 526252 271782 541125 388964 304270 299001 309572 231955 445285 346741 225476 163151 338395 516138 333319 516974 602466 469564 165556 819084 92368 395117 387710 204906 782625 588787 616826 259230 130365
335014 228230 220891 642533 521656 335084 655766 244466 439484 494429 100519 293752 511740 569260 632181 259087 478787 475624 171170 134305 848640 799582 293657 845092 447926 609910 189967 434250 399220 622273 256852 561735 671880 836904 274122 244911 133302 563246 319910 792171 344660 677803 240292 19777 738094 158387 649515 329002 773638 619391 347538 495610 999999999 252715 796183 373885 280738 239808 595435 486294 708221 638212 676367 669338 295006 140930 527325 95204 158746 909292 520047 571468 354850 480969 345461 745774 766482 697955 662401 414448 489564 371973 579077 833121 90906 828308 224698 284968 31109 413352 841956 526654 863329 561381 689213 848647 794849 680668 601820 516556
544796 435450 447691 887898 710987 533193 906390 428700 690484 439538 351226 535444 541324 816079 882077 448278 628026 610525 222036 119931 1084503 1038167 489129 1039420 699047 861670 399367 541909 638212 874941 54028 793661 908244 1070415 511157 477105 385934 557182 542921 902384 545972 731028 97612 240994 965520 355711 899293 574820 916654 815743 380043 734014 252715 999999999 958580 309042 533411 483034 832815 725971 927516 633970 770116 837683 112265 385732 503783 280653 308320 1141887 759462 792161 538743 686619 477482 953022 983155 890404 913517 516274 638964 570333 829759 1072171 290890 1066918 287174 265854 283527 624459 862521 774293 1077147 702445 933654 890059 907627 747965 854492 731723
473925 890035 590875 516595 284616 464643 604263 934690 601189 702716 726066 574774 526327 531075 584083 537159 330559 350459 736777 866244 466474 474943 937124 174657 727979 625570 874761 428533 507030 676639 920722 404975 426849 439349 817864 580206 726237 589518 505532 213590 946745 415631 873209 790131 360375 883184 584945 775924 88756 220651 611714 465918 796183 958580 999999999 743623 690256 787352 437412 853265 301320 576014 295540 127259 901977 785783 634375 870975 927008 464687 867044 992165 441386 1000435 481124 227376 288019 162316 618061 454749 319616 430226 593065 492583 858456 485947 672800 720581 783581 409853 524443 543005 298897 259835 511997 459480 203946 373802 698033 346185
458422 601623 423298 840062 557162 430712 886887 617600 692621 132947 421031 520537 250376 780766 858828 363116 433800 402642 203662 303578 990442 955134 667442 862508 754112 856021 563629 318943 595603 885711 255316 710812 827127 970356 630484 453641 459330 250260 481663 639581 717359 439554 214176 354142 856335 531463 874028 666190 682961 659753 138095 676132 373885 309042 743623 999999999 585647 590296 761230 826718 802963 325934 502481 639375 205159 499913 195110 460158 516855 1035591 859449 931271 412929 850576 303800 803277 849109 721147 897777 293878 442897 458134 816259 988751 460731 982341 176175 91530 395874 521943 556036 746880 931619 486620 878562 588709 646619 463549 876104 619178
