NAME : synthetic_000712
TYPE : CTSP-D
DIMENSION : 100
GROUPS : 8
RELAXATION_LEVEL : 1
EDGE_WEIGHT_TYPE : EXPLICIT
EDGE_WEIGHT_FORMAT : FULL_MATRIX
EDGE_WEIGHT_SECTION
999999999 383232 578236 672924 702115 873211 407922 365186 310866 164435 107112 1075749 586621 431552 520635 231120 725806 1042966 872369 630258 404281 37032 434307 528963 557432 700984 606580 836391 791071 468901 350447 873025 437391 596754 547967 918519 1127122 457544 772598 340145 332506 722918 1080557 481181 529478 55345 947162 509766 552841 923496 713894 724052 383171 445237 984832 972682 446869 511826 662515 889797 747324 579742 616657 287118 528581 718707 415099 893063 1018258 496221 860327 1006138 623739 324591 680291 838483 430818 188727 422915 563988 364922 678355 487301 503806 250755 594970 920924 329656 248051 654755 58981 303577 799457 541481 898486 585751 338063 156768 978015 259968
383232 999999999 591822 511232 658497 620015 215915 682188 84878 231822 348860 1089118 378240 518745 572164 212400 750846 1023929 658161 557690 565628 407595 566646 669612 575251 789850 317884 860330 637593 351693 260656 604107 294306 311379 205585 1002906 1098991 307233 667889 107075 65669 825956 1110107 645671 699950 342492 682346 304650 487313 696277 972922 742226 538286 192519 919789 953606 713077 753324 803648 802631 893450 263423 702956 149560 411984 984530 395067 740282 945934 416773 986793 923518 931808 61735 502444 916481 279751 302578 133452 701440 616257 596448 385052 167835 292413 438493 712407 107550 554660 927439 380792 89727 783413 843056 961689 241957 545142 365812 658569 592166
578236 591822 999999999 274182 137384 514127 382795 497689 530648 503013 472854 512561 335893 155814 69554 442045 161453 467453 452741 133214 235899 558525 192809 200669 20812 212455 460623 274315 316614 253431 334047 540811 306721 453731 541371 412654 550683 301091 246272 486836 537784 253291 526688 233101 254394 532726 584084 344853 133450 507469 551864 155084 236905 428423 409714 396307 413750 387176 270625 328738 345744 501825 142407 465395 217649 571770 200433 388315 444200 186933 413449 435817 613378 590396 300600 326644 320677 408986 479483 206459 367867 162353 222147 524876 361198 258403 478776 654964 454309 542315 632582 603379 221457 542905 369867 553198 307952 421505 711847 503035
672924 511232 274182 999999999 222453 245800 309382 721977 486608 539513 569849 626656 136909 367755 323276 462875 360948 543871 207341 144251 465701 667541 429064 470188 277220 464565 251335 438317 127898 204594 328985 268453 246348 249316 372426 617469 609223 226676 168516 431689 482124 505900 658473 492513 523469 618369 319770 206867 163943 262464 825635 347223 453779 318758 420735 479386 662583 649651 540978 300246 607635 311767 412569 444600 145433 845302 274272 232825 442722 186010 653103 417561 877059 538596 27548 541052 257513 484364 377837 479898 595442 142440 186486 377875 422201 79908 250722 606285 643245 813309 713894 562327 337914 800521 560788 366540 518202 531813 437669 696104
702115 658497 137384 222453 999999999 429351 442597 633316 609920 609357 595307 431815 332992 291728 206843 541140 140570 366682 351978 102643 372893 685287 329682 320791 155753 255669 460020 219300 209421 306888 417185 462629 364242 455695 565654 395333 444980 351688 120918 560098 612803 295130 456387 361686 372608 653644 491498 372529 172535 403026 648930 126458 374270 475831 283567 295674 543676 509097 347528 192312 400242 513560 228460 550830 248245 670071 297480 260584 316366 243797 433393 304291 730611 668547 249411 318738 378776 523806 533134 316182 503935 80275 273678 559621 469544 249258 367339 735916 591407 649572 754094 685975 126690 666175 339639 568302 445332 545911 639777 640370
873211 620015 514127 245800 429351 999999999 470742 964391 627409 721841 777592 745342 286842 612904 567801 646385 567521 647033 97847 380943 710892 874477 674766 713346 519692 684851 302147 615287 225453 416881 523553 41791 437048 308740 425808 799134 688385 417319 322222 574736 615378 724481 786416 737813 766942 817883 76201 364049 409590 92910 1065240 553275 698002 450151 502579 599295 908272 894930 772041 398218 829515 360282 646047 607680 374447 1085435 507155 250716 508159 421312 856567 476515 1122391 665685 223644 734463 442618 690359 497880 720520 839379 360840 411057 454792 629342 300706 133664 726669 878749 1056174 905471 693990 512440 1046297 738177 398731 760578 747353 214702 931638
407922 215915 382795 309382 442597 470742 999999999 592595 177608 251451 322149 873510 190760 337879 373158 177364 538823 808113 484530 341860 407967 414453 396364 490808 367883 588392 202206 646620 437263 135949 86656 467078 78617 192046 192473 795450 883630 91611 456666 123191 175115 626638 895203 478547 529933 353237 542778 109521 271842 530915 825522 529520 382660 58086 706317 737715 587646 610726 616109 590737 703611 191699 504641 139163 196555 840235 197022 542168 733486 201965 788653 712250 816178 231981 306277 709390 64043 238630 97129 518906 494843 381394 169392 159788 187060 231615 536894 300209 477389 789738 435866 253997 567727 728321 751442 220938 413246 305606 572517 526120
365186 682188 497689 721977 633316 964391 592595 999999999 597589 457142 339741 884168 702332 357817 428682 472776 582840 884848 925808 612473 263442 328188 305606 331898 482024 499984 781398 669398 802847 563232 506560 979870 569983 771307 780389 681481 967919 583963 743035 597682 618246 502076 873948 280198 296043 370972 1039961 651806 560004 981677 358608 588399 269817 648701 877712 823918 123680 197275 417239 819164 478933 783603 444379 541043 591922 360124 461794 884312 913354 543946 593051 912675 259478 636421 741538 619265 573235 381971 658725 355057 130062 653170 559268 741164 412017 664767 961189 665422 128229 295436 415075 625469 678852 176381 683676 812180 203876 316391 1127506 105620
310866 84878 530648 486608 609920 627409 177608 597589 999999999 151834 266448 1036396 362271 444550 504401 127809 691591 976597 653288 512197 485392 331834 488957 593120 512844 721509 331158 803087 614500 305681 196749 616915 250045 322817 244089 937756 1054196 266620 633092 55121 21965 756215 1054722 566551 621071 265766 694851 282424 437386 696225 889588 683972 457978 178290 880582 905468 628644 670016 728989 766521 819185 288315 633499 69366 370192 900890 330638 719200 908646 366131 915736 888214 846939 59748 482238 851361 236250 217718 131335 625793 531845 554350 337763 200498 210509 409213 706751 126008 470259 843370 316998 76873 732132 758196 899318 282397 461751 281203 692375 508596
164435 231822 503013 539513 609357 721841 251451 457142 151834 999999999 118389 1015098 438147 380911 459084 76925 662044 968520 730017 523600 392858 181328 408326 513156 482844 665603 445280 775440 663704 336475 210646 718484 294550 435659 383695 886497 1050371 314774 660237 175894 173797 695102 1026834 476289 530240 115089 794205 358293 444358 778707 771559 657263 366395 283288 891619 896953 503896 554510 652134 786595 741881 415837 576882 123003 401135 780659 311884 768254 922965 378567 847400 906895 712444 180374 542720 801778 285262 104395 258498 548052 408890 570526 361208 339565 141824 459715 780808 210736 328916 720183 184773 168366 720831 624704 856323 421394 350508 146475 816091 362662
107112 348860 472854 569849 595307 777592 322149 339741 266448 118389 999999999 974622 490883 329480 417171 155438 623023 938924 771695 523254 314085 97806 339287 438999 452043 605574 524186 734605 686087 367159 254492 779973 340559 514074 483014 825232 1022798 360287 665742 279842 288146 630172 981173 395051 446493 60714 852472 417126 446050 823780 664266 620659 290432 366816 878270 868305 394803 451099 575995 782701 663460 505318 519320 222195 424785 671996 308399 787410 911562 390687 773921 899202 596675 298750 578540 743341 335646 87240 355792 474364 302855 571354 383531 439767 148919 492942 819197 325812 211712 610148 159729 286107 694288 509650 801875 519321 257046 53045 894543 244275
1075749 1089118 512561 626656 431815 745342 873510 884168 1036396 1015098 974622 999999999 755286 645142 558780 954432 353341 102372 647692 534204 681242 1050992 645088 566576 532447 388219 877494 240349 541612 737562 840456 786675 794929 874800 992281 227223 122882 783128 460956 988585 1040960 382092 47874 620645 590632 1035322 776685 802982 601805 673829 703104 357843 697591 907628 246765 149067 763824 697242 468433 348828 427494 935878 462994 973946 680060 723755 710728 495312 252749 672518 340837 283497 851456 1095750 649125 266550 809502 918590 964909 536282 777477 501939 704138 989436 873409 674191 625561 1162128 898947 742827 1132820 1111214 305806 827676 203138 990964 757042 921779 953452 935668
586621 378240 335893 136909 332992 286842 190760 702332 362271 438147 490883 755286 999999999 374031 362087 361782 460435 676444 293775 234571 467624 587649 439586 507060 330414 545636 128023 552138 260070 139311 236711 290116 150352 122960 237739 723505 744159 130891 303455 307251 355038 587124 784466 515375 556780 531277 361595 81249 202601 340818 864580 447970 448949 187334 556905 610055 665562 667953 604398 436679 681635 181108 477670 329921 125008 882497 241621 362055 579475 171046 743788 554466 890863 410405 124588 642115 155834 403681 245035 525324 584865 255567 146069 241043 343019 84000 346213 477005 604971 842089 620321 435848 457228 808018 670518 236131 502287 462051 425232 657299
431552 518745 155814 367755 291728 612904 337879 357817 444550 380911 329480 645142 374031 999999999 90544 333808 294263 612014 568856 255355 97989 408862 65568 153273 136240 284796 479333 405195 445306 246261 262986 632077 279122 470331 524278 505603 696450 284198 390805 411997 456948 315631 652265 144655 193082 390182 687455 347395 204029 624737 496491 292798 88111 393818 564516 542264 296251 293937 284916 483907 374865 502688 195984 375308 251592 513124 145603 530002 599281 203546 472348 591527 517726 502492 389292 420931 289162 278841 431372 183238 229000 297929 229099 496521 245019 319429 603405 560671 300402 469330 488002 509053 371700 436848 476435 545970 157754 276660 790363 350474
520635 572164 69554 323276 206843 567801 373158 428682 504401 459084 417171 558780 362087 90544 999999999 404440 206003 522351 512568 191308 166390 498798 123382 147995 53502 217691 480522 318431 380167 256334 311510 591729 302691 472616 546546 433812 606611 301658 314486 465362 514062 254311 568285 170758 200618 477702 639818 355461 165267 567944 506224 203521 167711 424282 474572 452270 348336 327481 247707 397606 332205 514459 131635 436613 237666 525129 177906 456161 509492 196484 416029 502544 554873 563773 348095 347607 315369 360277 470067 163304 298724 226960 229762 524870 318776 292700 541684 625677 385535 490490 576442 573778 281157 481087 398713 562845 238647 364765 758577 433843
231120 212400 442045 462875 541140 646385 177364 472776 127809 76925 155438 954432 361782 333808 404440 999999999 602910 903687 653202 452124 363094 240483 371047 476344 422508 617204 375626 716178 587525 260511 134400 644083 217637 365751 327577 836894 984540 237853 586628 126748 147028 649299 968435 445614 500245 177077 719267 282430 373139 702105 762437 597108 335741 214938 821760 832054 500836 542972 614306 714605 704658 351802 528284 68934 325680 773476 245132 692255 852472 305555 805741 835477 719761 177498 465834 751163 208368 90934 200354 510178 404040 498409 286298 284363 89445 383027 703911 228751 346699 715675 259100 178160 656099 630932 803147 363965 334787 157852 747106 388130
725806 750846 161453 360948 140570 567521 538823 582840 691591 662044 623023 353341 460435 294263 206003 602910 999999999 318725 485801 226398 344704 702821 304279 251159 180474 125074 588456 113419 343980 405214 494855 601883 461059 583114 684252 263503 403475 452799 248886 646803 698193 160371 365525 302891 293606 683611 626866 487151 272218 534126 532512 14252 356280 580621 295337 250424 476143 426632 228128 257383 265838 637565 139109 626734 357831 554276 361816 374186 330921 337868 292895 332491 634159 751320 388263 181904 475423 565271 634339 232421 460572 218786 372252 672643 520521 376786 494681 816215 569556 542697 782059 764692 98619 580647 213811 691270 422096 570466 779348 612645
1042966 1023929 467453 543871 366682 647033 808113 884848 976597 968520 938924 102372 676444 612014 522351 903687 318725 999999999 549206 466254 661525 1020875 622160 556649 488128 385445 795135 216278 449826 672952 783159 688582 730152 793175 914184 279852 84828 716697 375704 926655 979390 390344 148850 610691 588826 999206 676042 730031 539216 573386 743889 319246 674457 837876 145547 71634 768973 707655 479862 254385 457434 855357 446390 916981 612074 765342 658556 396392 150434 610479 390986 181129 882040 1035214 564648 289491 744620 876361 896288 530274 769791 428889 639959 914493 826917 597917 525076 1102596 884904 776449 1098488 1052588 247729 848474 235604 910271 738774 886839 853368 925643
872369 658161 452741 207341 351978 97847 484530 925808 653288 730017 771695 647692 293775 568856 512568 653202 485801 549206 999999999 321368 665980 869484 627093 653391 461419 606777 346946 524796 142591 404576 522982 139511 436510 351212 477382 707872 591031 416196 237076 598742 644101 645134 689035 683207 707096 817253 141604 375010 365835 55884 997847 471675 656301 475388 404743 502078 859403 839210 699074 301340 750716 410176 576325 623693 350931 1018593 481488 152870 410728 393252 770368 379189 1065976 697657 193934 646403 444918 685088 529018 656697 797801 292233 391133 499784 622931 279390 54325 762073 850301 993479 909853 724555 423187 993646 646524 455779 722632 736114 308657 903114
630258 557690 133214 144251 102643 380943 341860 612473 512197 523600 523254 534204 234571 255355 191308 452124 226398 466254 321368 999999999 349510 617301 308795 333271 140194 321742 362520 319041 190533 207036 323264 408150 264033 357498 464029 489011 542309 250472 143263 461152 513930 363285 559021 361846 386997 579094 450989 269990 79254 376659 684611 213652 343372 373469 370529 395969 539101 517945 396816 263044 463935 413631 268573 455632 146171 704667 215892 276396 400552 147793 514372 383419 744953 570151 171527 408298 278457 445687 431087 339579 482818 48101 174461 457133 387667 150653 350917 637948 551289 675489 679064 588745 229331 672310 436052 468026 412880 477037 580635 602825
404281 565628 235899 465701 372893 710892 407967 263442 485392 392858 314085 681242 467624 97989 166390 363094 344704 661525 665980 349510 999999999 375497 43261 125115 219278 298296 566894 447074 540033 334838 325383 729894 359640 557503 599328 514270 746318 367917 479951 461981 500955 318667 681738 83448 137719 372818 785426 433938 301881 721837 417580 346943 27420 465744 631867 594718 198966 204715 262170 562285 350601 584604 218266 416784 347291 432324 230336 620963 667307 298813 459904 662985 423378 539714 487275 435048 367647 288827 495560 160417 133458 389734 321639 567666 275268 416548 699440 591106 225250 383363 463065 541132 433794 340649 496192 624258 77394 262542 886973 270593
37032 407595 558525 667541 685287 874477 414453 328188 331834 181328 97806 1050992 587649 408862 498798 240483 702821 1020875 869484 617301 375497 999999999 407341 499484 537788 673307 615317 812390 783085 464961 350961 876058 437479 605333 563851 889566 1105294 457351 760277 356522 353728 694016 1054593 450612 497820 66251 949114 512747 541035 921498 677160 701649 355535 455367 966908 951038 410561 476194 631521 874588 715410 592015 590155 301329 522378 681846 403888 883871 1000722 487516 828988 989577 586855 350551 676344 810454 432038 184638 437482 534271 329945 665361 481151 519866 246617 590743 916994 360329 211403 617846 92426 331227 779033 504465 871108 601201 306948 140288 986620 223043
434307 566646 192809 429064 329682 674766 396364 305606 488957 408326 339287 645088 439586 65568 123382 371047 304279 622160 627093 308795 43261 407341 999999999 105419 176510 266833 544251 408878 499267 311157 317420 695066 341619 535158 585291 485948 706988 347815 437444 461097 503109 290988 647390 82193 134474 399243 748753 411954 265176 682881 432647 305887 52568 453293 589468 554650 233519 228372 244126 519042 334256 566102 182868 419686 316878 448847 208905 578738 624854 268985 439240 620174 452634 545169 451495 404523 350934 303991 487536 139870 175554 348003 294625 555916 281747 383835 659400 599785 267245 404061 492609 548906 391815 372673 464180 608213 118968 286622 854938 313412
528963 669612 200669 470188 320791 713346 490808 331898 593120 513156 438999 566576 507060 153273 147995 476344 251159 556649 653391 333271 125115 499484 105419 999999999 193655 178841 621355 340376 516270 390808 416050 738474 429281 612920 675303 390190 640725 432357 439514 563387 606715 194877 563555 54260 53739 497911 784193 492175 313189 708024 358512 257309 148876 546248 546400 493545 227008 188519 138978 495374 228912 650010 112486 523767 382058 377228 296059 580979 582012 337725 335549 582493 413075 649830 495456 312923 440147 408762 584637 35375 213152 362176 368487 648843 386977 440256 678448 705045 332405 343133 587831 654060 348102 345496 375416 695396 194323 387139 906389 369964
557432 575251 20812 277220 155753 519692 367883 482024 512844 482844 452043 532447 330414 136240 53502 422508 180474 488128 461419 140194 219278 537788 176510 193655 999999999 223194 453517 293672 327479 240826 316516 545129 292771 446304 530291 428080 571422 288193 261046 469805 520418 263288 545969 222115 247282 511924 590694 334735 128141 516546 548602 174698 218899 414847 430172 417024 401233 377797 274064 347733 352310 492684 147643 447106 209503 568150 182256 402663 464574 175416 424548 455852 604759 572586 303012 341803 306499 388401 464834 202908 352014 173809 210496 512469 341060 255368 489304 636769 435666 536608 611771 585099 242262 532566 386773 543320 290009 400698 714489 484807
700984 789850 212455 464565 255669 684851 588392 499984 721509 665603 605574 388219 545636 284796 217691 617204 125074 385445 606777 321742 298296 673307 266833 178841 223194 999999999 671833 172523 464264 463953 529194 717432 514961 665242 753373 220984 468026 511176 371099 683049 731570 41649 384788 232641 204122 665793 746955 557234 344769 656468 408507 138219 317889 637176 399559 327578 383576 324181 106162 379266 144692 714225 88955 653277 429946 430373 395228 499178 434069 398511 201355 441157 518012 780677 492095 137769 528386 562889 685519 148081 389391 327033 433645 735539 529193 465108 618173 841589 511140 422129 759392 789716 216448 471771 197899 765645 371816 552681 893969 547464
606580 317884 460623 251335 460020 302147 202206 781398 331158 445280 524186 877494 128023 479333 480522 375626 588456 795135 346946 362520 566894 615317 544251 621355 453517 671833 999999999 679316 359330 233102 280297 287280 211981 10260 131409 851503 859219 200163 419510 281628 317022 713167 908268 623632 668731 552696 365547 133004 327292 380638 975324 575987 545193 162030 669199 730634 760161 770983 726280 548564 805778 64638 601158 323782 244188 992301 336623 451988 688807 284360 870866 661757 988469 364968 231027 770113 208165 440753 199855 642435 673030 381538 252875 153688 387246 211869 401123 424724 672474 948213 629521 393759 583042 902945 798302 116858 589701 507093 371480 722780
836391 860330 274315 438317 219300 615287 646620 669398 803087 775440 734605 240349 552138 405195 318431 716178 113419 216278 524796 319041 447074 812390 408878 340376 293672 172523 679316 999999999 390781 511549 606383 653140 568265 674938 782909 184057 300532 558606 295002 757290 809061 185792 252376 394414 373663 795279 665699 587517 376246 566408 561727 119364 461418 685762 234494 155202 555170 496704 273780 246465 274122 732343 230431 738903 459629 583712 474250 390742 267332 444710 253334 278984 684964 862752 464347 126328 582768 678343 740949 314435 553514 298571 478193 774438 633939 468260 522065 928127 669306 584396 893147 876750 103618 643056 124043 786910 524023 681844 829963 709506
791071 637593 316614 127898 209421 225453 437263 802847 614500 663704 686087 541612 260070 445306 380167 587525 343980 449826 142591 190533 540033 783085 499267 516270 327479 464264 359330 390781 999999999 327251 453155 262456 372728 359582 487441 574828 506033 353414 96772 559566 609870 502818 578821 549357 569742 737281 282959 334067 250285 194129 856511 329795 533413 445441 314422 392627 728503 703712 556722 195888 608352 423107 434931 571915 263599 877405 381223 105200 331056 295594 631284 303046 929342 666255 135487 509028 384415 602467 504149 517456 673298 154274 304584 497950 540863 206620 162206 733819 737719 853864 834549 690158 287500 859495 514280 476160 602322 644757 439700 789859
468901 351693 253431 204594 306888 416881 135949 563232 305681 336475 367159 737562 139311 246261 256334 260511 405214 672952 404576 207036 334838 464961 311157 390808 240826 463953 233102 511549 327251 999999999 126136 425163 57388 224070 290598 664669 749342 47778 330239 254143 306920 503706 759408 390699 436714 414125 492901 101518 135958 457051 742521 395373 314238 175633 575018 602314 530566 538274 503993 462092 588028 259425 384536 252168 66081 759336 104888 431800 603470 67388 665289 583815 757740 363241 211500 579202 71952 280798 229436 414111 447251 248684 33473 271651 218572 126070 452207 431165 466222 715166 509300 382436 431787 673397 618672 306630 364259 332350 564500 518726
350447 260656 334047 328985 417185 523553 86656 506560 196749 210646 254492 840456 236711 262986 311510 134400 494855 783159 522982 323264 325383 350961 317420 416050 316516 529194 280297 606383 453155 126136 999999999 525484 86945 270039 278516 742989 862163 107131 454092 153996 203927 565437 858161 399161 451840 295128 598162 163168 245606 573396 742669 487232 299386 144278 693790 711737 501488 526438 546404 583903 635497 277061 442447 133857 191577 756867 134814 557856 723534 175476 726554 705313 729823 256467 333084 656541 81154 167505 170391 446106 408306 368212 152955 243698 108758 249301 572631 321873 393199 705263 386943 270770 537216 641847 703254 307583 326989 229459 644997 442881
873025 604107 540811 268453 462629 41791 467078 979870 616915 718484 779973 786675 290116 632077 591729 644083 601883 688582 139511 408150 729894 876058 695066 738474 545129 717432 287280 653140 262456 425163 525484 999999999 440065 294848 405411 837146 730176 420900 358946 565471 603707 757496 827535 760668 791842 817832 78287 363425 430510 131133 1092648 587632 715749 441665 544247 640330 928209 917759 802319 439134 862110 341644 675365 601668 388037 1112579 519739 292356 549948 435929 892288 518306 1145052 652248 244148 771124 444337 692948 486150 747197 856491 391522 422558 437167 632824 315172 174331 711388 890236 1081603 902928 681014 549949 1067502 776412 376026 776488 752153 177654 942983
437391 294306 306721 246348 364242 437048 78617 569983 250045 294550 340559 794929 150352 279122 302691 217637 461059 730152 436510 264033 359640 437479 341619 429281 292771 514961 211981 568265 372728 57388 86945 440065 999999999 202038 246098 719080 806235 20315 383506 197624 250344 553999 816602 423193 472108 382073 511943 82617 193226 486586 774179 451524 336479 122216 630681 659589 549527 564351 548883 516545 634785 225006 433156 200084 120174 790068 133604 477897 658603 123558 715963 638263 778290 306899 248241 633273 14575 253342 173321 455081 461258 304754 90792 222212 192767 166492 486628 374992 464228 742889 473370 326915 489165 692080 674116 266850 377982 312369 565843 515591
596754 311379 453731 249316 455695 308740 192046 771307 322817 435659 514074 874800 122960 470331 472616 365751 583114 793175 351212 357498 557503 605333 535158 612920 446304 665242 10260 674938 359582 224070 270039 294848 202038 999999999 129027 846334 857937 190462 417743 272843 309010 706515 905167 614718 660069 542809 373061 123565 320539 385998 966475 570751 535682 152503 668269 728270 750493 761691 718713 547596 798611 63528 593925 314363 236838 983378 327296 453473 688323 276287 864583 661535 978869 357561 229811 764632 198072 430563 191622 634272 663175 377614 244446 148657 376994 206959 405472 417930 662254 939053 619994 386217 579249 893255 793476 117455 579856 496859 381379 712541
547967 205585 541371 372426 565654 425808 192473 780389 244089 383695 483014 992281 237739 524278 546546 327577 684252 914184 477382 464029 599328 563851 585291 675303 530291 753373 131409 782909 487441 290598 278516 405411 246098 129027 999999999 947275 981423 244958 540526 207827 225038 793572 1020418 667356 717343 498044 483020 197415 413116 508607 1016505 672888 574444 134404 793104 847649 779977 802800 793863 672518 878551 67226 675101 262676 326835 1031607 379320 582423 814346 354881 954664 788195 1008327 261530 355312 863243 235232 409594 127223 701135 686684 490891 319808 44184 368962 318175 531365 312494 661010 981843 559870 291130 691614 920277 897500 38309 605499 479152 453475 707313
918519 1002906 412654 617469 395333 799134 795450 681481 937756 886497 825232 227223 723505 505603 433812 836894 263503 279852 707872 489011 514270 889566 485948 390190 428080 220984 851503 184057 574828 664669 742989 837146 719080 846334 947275 999999999 341586 712446 479014 896881 946665 195604 201933 440791 400004 885146 848265 749956 534404 748001 475906 275606 535753 840248 373173 260632 558329 487530 266912 420248 207291 901068 309620 870318 620509 496533 608180 569819 397846 597399 113907 419580 626081 997278 644113 86448 733153 783873 892085 355756 587793 475608 632345 934450 749425 639657 702722 1059488 715179 516801 977241 1007590 287568 607391 61705 954748 584151 772509 1013833 745453
1127122 1098991 550683 609223 444980 688385 883630 967919 1054196 1050371 1022798 122882 744159 696450 606611 984540 403475 84828 591031 542309 746318 1105294 706988 640725 571422 468026 859219 300532 506033 749342 862163 730176 806235 857937 981423 341586 999999999 792031 440898 1003457 1056235 470651 167160 694845 671894 1082983 709331 801634 617153 608455 814301 403784 759284 910989 191643 154494 851114 788555 559855 311229 531425 920819 530874 995795 687113 835419 739553 439327 180326 688270 455262 211871 957041 1112395 628207 364456 820601 959259 969857 613834 853872 502577 716692 984068 908992 668046 560529 1180083 969551 850066 1182437 1130521 329861 926798 305956 975376 823549 970846 887796 1010038
457544 307233 301091 226676 351688 417319 91611 583963 266620 314774 360287 783128 130891 284198 301658 237853 452799 716697 416196 250472 367917 457351 347815 432357 288193 511176 200163 558606 353414 47778 107131 420900 20315 190462 244958 712446 792031 999999999 366472 213364 265860 550732 805695 428773 476576 402237 492365 67973 182488 466315 780397 442839 345552 127894 615012 646427 560032 572506 548907 500041 633794 218491 430937 218759 104944 796655 138911 458610 642489 115111 712462 621688 788464 322627 228114 626975 31071 273049 182432 457030 473137 289799 80573 224382 212151 146930 466325 390837 480149 750584 493679 343457 477339 702794 666339 263101 389785 331279 548992 531816
772598 667889 246272 168516 120918 322222 456666 743035 633092 660237 665742 460956 303455 390805 314486 586628 248886 375704 237076 143263 479951 760277 437444 439514 261046 371099 419510 295002 96772 330239 454092 358946 383506 417743 540526 479014 440898 366472 999999999 579573 631771 408707 495020 477733 492007 720875 378445 364972 219787 285449 769397 234817 477461 476448 253879 312569 659333 628034 466870 134831 514328 480283 349370 582344 264269 790620 357558 142160 278280 281710 534587 255750 850822 688632 188986 412293 396987 586783 535872 436536 612996 95620 301174 544022 527557 230242 247566 756866 690240 770487 820489 709919 191449 784953 418851 535038 548205 620066 536357 741011
340145 107075 486836 431689 560098 574736 123191 597682 55121 175894 279842 988585 307251 411997 465362 126748 646803 926655 598742 461152 461981 356522 461097 563387 469805 683049 281628 757290 559566 254143 153996 565471 197624 272843 207827 896881 1003457 213364 579573 999999999 52778 718984 1008135 540894 594924 290511 643141 227305 387743 642197 873235 638618 434793 124669 828203 855769 617861 653944 696838 713376 786550 243840 595987 57954 317700 885640 288727 664198 855844 316552 879739 834990 840723 109304 427136 810435 183508 216159 84549 594912 521288 502377 286807 163680 193288 354592 652090 177482 472609 830051 354015 130848 683505 751782 856543 245633 446678 284371 647552 514783
332506 65669 537784 482124 612803 615378 175115 618246 21965 173797 288146 1040960 355038 456948 514062 147028 698193 979390 644101 513930 500955 353728 503109 606715 520418 731570 317022 809061 609870 306920 203927 603707 250344 309010 225038 946665 1056235 265860 631771 52778 999999999 766864 1060185 581502 635907 287686 681816 276359 440402 685968 907308 690212 473574 168797 880820 908477 647487 687708 741764 765745 831808 271723 643964 84265 370361 918876 338646 714184 908335 369181 926990 887309 866733 56867 476553 860224 236181 237565 117610 638991 550664 555095 339577 181894 227024 405788 697826 125095 491128 861775 337606 80812 736032 777926 907175 263297 479505 301939 675222 529907
722918 825956 253291 505900 295130 724481 626638 502076 756215 695102 630172 382092 587124 315631 254311 649299 160371 390344 645134 363285 318667 694016 290988 194877 263288 41649 713167 185792 502818 503706 565437 757496 553999 706515 793572 195604 470651 550732 408707 718984 766864 999999999 373597 246476 209995 689904 785731 597797 385989 694139 380410 174176 340286 676185 418840 337662 382226 317948 89559 408579 105621 755110 123000 687607 470919 402404 432216 533824 452441 438704 162034 462062 499172 815104 533439 119389 567265 591618 723721 160939 398315 367762 473766 775108 560649 506721 655023 875096 523478 399296 781650 823294 245419 459089 183336 806307 389137 577591 934282 556805
1080557 1110107 526688 658473 456387 786416 895203 873948 1054722 1026834 981173 47874 784466 652265 568285 968435 365525 148850 689035 559021 681738 1054593 647390 563555 545969 384788 908268 252376 578821 759408 858161 827535 816602 905167 1020418 201933 167160 805695 495020 1008135 1060185 373597 999999999 617081 583561 1041868 819768 828856 623455 716798 675734 371708 699573 931479 291329 187320 752172 683602 456738 388588 407742 965486 464524 991007 703906 695926 726542 537269 299191 693425 313032 329539 827885 1114308 681771 254869 831169 928527 988004 531790 771685 529538 725936 1015848 885616 702330 668618 1180020 895499 718410 1138216 1128753 329699 808566 190469 1020555 756328 928165 995880 930185
481181 645671 233101 492513 361686 737813 478547 280198 566551 476289 395051 620645 515375 144655 170758 445614 302891 610691 683207 361846 83448 450612 82193 54260 222115 232641 623632 394414 549357 390699 399161 760668 423193 614718 667356 440791 694845 428773 477733 540894 581502 246476 617081 999999999 54636 452797 810288 491973 330765 738487 351862 308218 110309 535482 597525 547192 181992 157141 181506 541889 268432 647240 165394 497579 391125 368669 289985 619844 633168 344343 379554 632626 384585 621641 516548 365343 432764 372275 569425 85633 159140 395257 372153 638108 357182 454624 711341 673975 278509 326763 540157 623761 398662 310487 428348 689960 143810 344302 924750 315704
529478 699950 254394 523469 372608 766942 529933 296043 621071 530240 446493 590632 556780 193082 200618 500245 293606 588826 707096 386997 137719 497820 134474 53739 247282 204122 668731 373663 569742 436714 451840 791842 472108 660069 717343 400004 671894 476576 492007 594924 635907 209995 583561 54636 999999999 503365 837895 538230 365371 761689 307802 301208 164793 586415 588426 528539 182977 136740 134792 543325 217900 694946 155116 552050 431842 325922 338512 633108 623890 386465 331221 626095 359642 676256 548571 329223 482244 426403 621832 61189 188479 415736 416082 689127 411809 491838 731887 728574 315176 289907 588423 678389 391883 293774 393324 738916 191530 396471 959188 346893
55345 342492 532726 618369 653644 817883 353237 370972 265766 115089 60714 1035322 531277 390182 477702 177077 683611 999206 817253 579094 372818 66251 399243 497911 511924 665793 552696 795279 737281 414125 295128 817832 382073 542809 498044 885146 1082983 402237 720875 290511 287686 689904 1041868 452797 503365 999999999 891875 454516 501114 868268 708600 681148 349780 391826 936940 928491 439191 499544 634136 839838 720913 527472 579787 235801 474369 715056 363377 839697 970006 443008 832188 957100 630332 286502 625400 803559 375473 134900 371978 533234 350992 627144 433118 454002 196487 540175 865970 301163 246278 652098 100453 268625 754183 545251 862318 535517 312525 113705 924176 268991
947162 682346 584084 319770 491498 76201 542778 1039961 694851 794205 852472 776685 361595 687455 639818 719267 626866 676042 141604 450989 785426 949114 748753 784193 590694 746955 365547 665699 282959 492901 598162 78287 511943 373061 483020 848265 709331 492365 378445 643141 681816 785731 819768 810288 837895 891875 999999999 437466 483708 103003 1133540 612700 773016 519066 530495 634356 982256 967268 837345 436221 891222 419693 712863 678408 450558 1153990 583300 283888 531151 497277 911960 499187 1194689 730514 298623 787841 517082 765276 564231 789992 914528 427310 487258 515288 704503 376785 151156 789652 954919 1126384 978328 759258 564538 1119539 786768 452931 836104 822895 178482 1007812
509766 304650 344853 206867 372529 364049 109521 651806 282424 358293 417126 802982 81249 347395 355461 282430 487151 730031 375010 269990 433938 512747 411954 492175 334735 557234 133004 587517 334067 101518 163168 363425 82617 123565 197415 749956 801634 67973 364972 227305 276359 597797 828856 491973 538230 454516 437466 999999999 215702 421627 843833 475979 412194 112161 618361 661432 627349 638161 603021 499770 685561 158998 481107 248683 129451 860515 203760 437980 643230 159917 758297 619942 855529 332437 200195 665831 82966 330461 171526 514968 540987 301641 125740 187163 271713 134735 427442 399808 546842 815671 541462 356999 499178 770174 700658 208589 457636 392239 483652 598195
552841 487313 133450 163943 172535 409590 271842 560004 437386 444358 446050 601805 202601 204029 165267 373139 272218 539216 365835 79254 301881 541035 265176 313189 128141 344769 327292 376246 250285 135958 245606 430510 193226 320539 413116 534404 617153 182488 219787 387743 440402 385989 623455 330765 365371 501114 483708 215702 999999999 421691 671487 261583 290761 309539 448857 468148 498686 487620 402180 342297 479110 370130 275082 378826 86348 690386 137772 345473 479340 71267 544736 462592 714704 496041 186502 450131 207800 367214 364919 327492 432427 126665 102486 400434 308681 127929 402879 563381 488109 654854 600832 513484 296148 637105 486018 422487 356839 401021 594313 540513
923496 696277 507469 262464 403026 92910 530915 981677 696225 778707 823780 673829 340818 624737 567944 702105 534126 573386 55884 376659 721837 921498 682881 708024 516546 656468 380638 566408 194129 457051 573396 131133 486586 385998 508607 748001 608455 466315 285449 642197 685968 694139 716798 738487 761689 868268 103003 421627 421691 999999999 1050626 520126 712184 517936 427861 531364 915058 894267 750546 333657 799754 441906 629035 669866 405043 1071497 536246 181143 429453 448086 814982 397506 1120835 738402 247793 689849 494329 736919 569596 710649 853685 346247 444871 534325 674884 332755 48312 801564 905669 1047337 959782 765905 466570 1048964 686378 484002 778465 789164 280133 958508
713894 972922 551864 825635 648930 1065240 825522 358608 889588 771559 664266 703104 864580 496491 506224 762437 532512 743889 997847 684611 417580 677160 432647 358512 548602 408507 975324 561727 856511 742521 742669 1092648 774179 966475 1016505 475906 814301 780397 769397 873235 907308 380410 675734 351862 307802 708600 1133540 843833 671487 1050626 999999999 544837 443287 883230 796206 704102 269639 219600 304652 787643 289185 998746 421596 823505 739643 22010 641499 904009 828632 694134 362831 840558 166378 939048 851601 455589 783201 676287 912451 345744 362723 706384 723217 985244 680872 798757 1016227 981351 465861 66408 767662 935048 624541 196490 508998 1040465 427845 625402 1263090 461528
724052 742226 155084 347223 126458 553275 529520 588399 683972 657263 620659 357843 447970 292798 203521 597108 14252 319246 471675 213652 346943 701649 305887 257309 174698 138219 575987 119364 329795 395373 487232 587632 451524 570751 672888 275606 403784 442839 234817 638618 690212 174176 371708 308218 301208 681148 612700 475979 261583 520126 544837 999999999 357510 570551 289313 249943 483239 435200 240254 246596 279720 625600 146161 619585 346817 566557 354887 360969 324954 328122 306947 325295 644565 743666 374500 194893 465940 561386 624696 240119 465035 204955 362266 661847 515566 364205 480850 808882 572107 554069 779962 757463 90849 589863 224680 679448 424262 568286 765101 615908
383171 538286 236905 453779 374270 698002 382660 269817 457978 366395 290432 697591 448949 88111 167711 335741 356280 674457 656301 343372 27420 355535 52568 148876 218899 317889 545193 461418 533413 314238 299386 715749 336479 535682 574444 535753 759284 345552 477461 434793 473574 340286 699573 110309 164793 349780 773016 412194 290761 712184 443287 357510 999999999 440570 639258 606703 216653 228522 287135 565314 376144 561185 235092 389391 330585 457652 209369 617396 674515 281993 484383 668935 443570 512304 474434 455314 343985 262202 469339 184240 141693 385424 302907 542203 247851 401245 691374 563850 218084 407527 441708 513810 442433 359322 515599 599957 71110 238341 870401 266149
445237 192519 428423 318758 475831 450151 58086 648701 178290 283288 366816 907628 187334 393818 424282 214938 580621 837876 475388 373469 465744 455367 453293 546248 414847 637176 162030 685762 445441 175633 144278 441665 122216 152503 134404 840248 910989 127894 476448 124669 168797 676185 931479 535482 586415 391826 519066 112161 309539 517936 883230 570551 440570 999999999 729313 768452 645623 668736 669354 611278 756006 139194 555129 161930 227648 898058 250837 548698 754714 243002 838164 731764 874070 223351 310656 754674 108990 286786 59449 573582 552581 409018 208376 102716 239802 246454 529054 289678 531765 847759 467500 249464 602246 786124 794216 163671 471177 355386 532961 579612
984832 919789 409714 420735 283567 502579 706317 877712 880582 891619 878270 246765 556905 564516 474572 821760 295337 145547 404743 370529 631867 966908 589468 546400 430172 399559 669199 234494 314422 575018 693790 544247 630681 668269 793104 373173 191643 615012 253879 828203 880820 418840 291329 597525 588426 936940 530495 618361 448857 427861 796206 289313 639258 729313 999999999 116073 771253 719351 504606 120678 508103 731435 434435 825816 510522 818188 580150 251899 35646 518315 471108 46556 917019 937508 438490 349709 644704 807363 788630 527270 753761 326419 543559 797752 752658 483760 379549 1005651 856692 818124 1037367 957400 199099 870568 315759 785706 708422 828282 707891 902315
972682 953606 396307 479386 295674 599295 737715 823918 905468 896953 868305 149067 610055 542264 452270 832054 250424 71634 502078 395969 594718 951038 554650 493545 417024 327578 730634 155202 392627 602314 711737 640330 659589 728270 847649 260632 154494 646427 312569 855769 908477 337662 187320 547192 528539 928491 634356 661432 468148 531364 704102 249943 606703 768452 116073 999999999 710331 651682 426864 201281 415074 789918 381996 845577 542021 725884 586923 350944 137438 539413 363981 161229 835193 964189 501242 249407 674086 805079 826623 468865 706269 359849 569221 846710 755384 530341 483399 1031476 819014 732026 1027947 981361 176129 796607 206310 844951 672093 816367 809566 860868
