NAME : synthetic_000274
TYPE : CTSP-D
DIMENSION : 100
GROUPS : 8
RELAXATION_LEVEL : 1
EDGE_WEIGHT_TYPE : EXPLICIT
EDGE_WEIGHT_FORMAT : FULL_MATRIX
EDGE_WEIGHT_SECTION
999999999 270370 690307 342854 464490 382620 617823 179392 172509 571494 265097 481577 543456 302214 792007 115492 112603 641858 485868 322846 339317 176652 719825 291211 599358 147157 249546 392581 468760 823376 235595 729333 609609 801268 769636 477703 12377 663358 284611 225178 843143 828432 750025 659230 693482 430774 218428 809262 484258 663950 610931 586605 416704 135790 645943 236127 538635 332648 811148 464365 789313 694414 465258 334713 277260 974768 215668 177172 139607 595658 113022 552296 584742 79633 558700 624986 518570 352837 127289 121176 390723 211686 337142 633992 160021 202929 808942 360650 434011 773819 520085 871587 362398 812905 651213 417026 762178 560641 258242 873813
270370 999999999 431291 547703 399839 372332 664939 322702 438553 320620 149102 601055 274097 405434 556255 354672 333423 681531 504050 394418 254933 270303 840849 485371 382464 382620 301672 151848 637444 754159 505324 789561 371591 881161 578047 216538 257993 399169 547783 413220 694318 669575 509101 388883 787242 173577 264475 830576 646395 670997 450534 645759 146837 337410 514928 505471 546790 82351 601150 303576 555818 455633 469022 315209 332058 808737 308283 179977 328908 669384 337648 282010 719037 291098 337358 603108 275339 155361 153128 238631 593969 422879 129045 363653 424118 76255 745463 178999 381488 639046 502079 827975 555808 752613 410002 198891 697069 348549 305920 989784
690307 431291 999999999 975917 704199 729195 1009674 749565 844726 123382 448629 997551 178782 813663 482058 748163 721393 1018464 850783 791587 602993 694358 1223575 913014 460724 813366 708528 395532 1053266 967249 924485 1132062 394111 1232328 624723 214855 678265 265914 944662 841925 796074 758445 435762 163259 1155002 345991 677691 1134982 1059372 981273 611124 1001614 292258 768650 698439 925548 877977 406953 592722 541702 490169 419261 812087 683536 733542 851800 726445 540539 701536 1032979 726599 189310 1115736 721600 436065 897133 180273 464204 563369 617362 1021070 853685 359535 167897 849301 488206 967425 484737 703094 779457 820325 1062295 981542 977432 393075 430707 925496 462026 710191 1362253
342854 547703 975917 999999999 457199 359703 408445 226382 327779 868307 597412 216809 806659 203869 926352 388741 409778 436015 362959 246294 430861 282261 410524 63101 731201 196431 287209 603971 142457 718201 255182 481950 771103 523891 836474 762763 350265 872745 373319 134492 839248 840441 898370 902778 413783 654117 306797 595425 162386 494120 666310 370068 684057 218317 655551 248902 405933 572348 900114 565845 919867 845340 372085 361254 275788 979067 256294 517171 448359 357851 406018 807045 276927 275979 704864 502290 822063 538863 451111 463144 48158 132499 652351 878504 227486 506819 698852 528966 428524 761924 429094 727177 31010 698139 812007 596709 662423 694020 289537 559410
464490 399839 704199 457199 999999999 100340 306839 322385 602793 637779 540483 349961 528111 257155 490283 579044 576554 314347 156581 213156 147576 293808 536856 408855 313080 440138 225876 322522 448892 366154 603441 427956 372192 528755 380145 534266 458224 506546 705301 377163 395812 390415 473006 574944 458712 365065 247879 440867 444226 282003 212019 303439 450284 388255 201795 599394 174379 350469 446748 166275 482090 426881 120089 131014 210880 534461 269309 525869 598232 338320 577344 514965 454364 404684 304786 205572 616224 264715 450965 537080 481263 414052 525337 556241 518428 430984 354342 238693 32126 320806 116156 430727 441449 360125 405891 276272 306001 284402 217760 664533
382620 372332 729195 359703 100340 999999999 293664 227151 509935 648393 499488 279696 550438 157578 574177 494641 495188 309322 131794 113850 127688 206733 494485 309428 385929 343162 134652 334414 365628 440902 505253 418726 436852 513456 476861 540497 377919 560181 609665 276992 495259 490656 551503 615735 427517 383221 164676 460820 363955 302905 306616 277863 453991 293343 302131 501031 175889 342400 540728 223135 566823 501620 97192 58159 113967 634301 175555 469136 520314 305978 495385 541470 393545 316235 368271 247369 618760 267276 390197 468329 386549 314112 501359 594597 421718 386312 426323 244914 69561 419579 140980 491358 345804 430326 474545 300682 379690 352163 126012 634386
617823 664939 1009674 408445 306839 293664 999999999 438518 692457 937176 785162 194681 832351 316027 758870 713569 723157 27577 162524 297529 419263 451752 247590 400573 606839 519225 386185 620758 306158 341050 647194 125109 671232 222778 608449 830665 617440 810084 766003 424183 535109 552258 753048 881590 159030 666772 426139 194597 288729 101019 472987 38448 744624 492274 412013 641338 132542 635245 684555 472819 749032 714210 200183 349829 353578 664014 407151 742235 755785 64881 721670 820376 221447 539375 606182 162738 910386 556526 661756 725075 399838 458800 793933 863060 588114 671902 320318 532342 306729 464194 192440 325994 378856 316214 700774 579473 298001 583624 378794 359594
179392 322702 749565 226382 322385 227151 438518 999999999 283120 642901 390323 309592 580679 122851 735116 279285 285967 462748 312065 146014 237001 57033 551980 163451 536736 118641 97765 382252 320055 662723 283122 550347 566699 624598 674402 536716 179634 655947 383012 93356 716971 708645 701184 679401 518336 431348 93645 630526 331600 487947 505260 407229 457679 66195 520110 279545 365138 346548 728444 377651 730067 646232 296138 194429 113255 854332 53537 323827 317489 416977 284908 581722 419922 101056 504180 455874 597896 320304 247287 291514 271723 114771 433597 654829 196295 289035 646777 314417 290272 642857 354289 702602 233116 649652 608710 381859 601766 497840 105261 705740
172509 438553 844726 327779 602793 509935 692457 283120 999999999 722900 400417 522652 708059 388119 963253 101285 130028 718964 588161 422593 494835 310459 737672 302918 769126 175337 377089 565085 470068 944782 100097 788401 781588 843634 932911 636847 184424 834857 112380 268372 993529 982156 921911 826518 732882 602759 357556 886978 489598 757211 769586 656707 582865 217209 795628 104635 640706 504507 978048 627617 960285 866230 576598 472296 396282 1128630 334509 306396 162392 655954 124582 718723 602753 201435 729359 734738 667583 524168 287484 229948 367653 234076 485478 801378 105393 366490 928390 530509 570892 921146 635818 979981 356488 930837 823319 588716 884025 730138 385380 887188
571494 320620 123382 868307 637779 648393 937176 642901 722900 999999999 325473 906536 125335 716674 512258 625650 598671 948609 775474 698696 520705 589304 1139179 805892 440714 699018 611131 316543 953782 934062 804388 1061507 382621 1159565 627519 109173 559623 287661 821846 733832 790337 755078 461611 198498 1075842 272885 577503 1076841 961350 919354 580167 925338 195352 656776 665614 805656 807954 311008 610074 484370 518279 431021 737215 598222 638421 864570 624532 417842 578322 954365 603908 148695 1025233 607251 406533 838713 56959 381341 444221 494740 914451 742924 237427 186310 731183 371167 931654 404930 631783 762092 753095 1024571 875969 941022 394789 361988 886964 431496 613771 1282422
265097 149102 448629 597412 540483 499488 785162 390323 400417 325473 999999999 694319 336339 497214 682086 301341 273837 804237 628758 497258 393113 350585 937632 539673 521862 407991 403217 292759 709127 900051 487379 907706 501212 993951 721190 253417 254744 498102 496642 467730 842656 817180 632431 459762 893967 300151 362928 960247 721540 802205 599139 761894 230335 379299 663983 489380 675334 226182 738679 452678 683090 581957 596499 441331 435917 954823 395199 94097 252918 781214 279144 353683 808450 321568 476478 739774 269099 304455 146342 170592 645520 465147 92845 436182 422915 113427 890616 327975 519168 788092 635871 970891 612445 897404 536070 344417 842101 490442 409579 1090134
481577 601055 997551 216809 349961 279696 194681 309592 522652 906536 694319 999999999 819429 197649 839968 560755 575391 221978 205982 208036 397587 343735 243359 220487 660478 358352 299384 602862 117542 523031 465101 267658 714946 323132 716718 797363 484364 839862 584476 263002 681781 690863 822723 892966 213259 653488 337353 378623 104492 287693 556997 156354 711603 346568 521009 458996 229567 595554 788400 501469 831583 775479 233852 315874 269520 818490 299368 633061 611446 141065 572909 813069 118704 402369 646385 315506 869781 533805 555225 599175 205180 291114 724597 871111 417312 586293 502754 514948 331681 605660 274098 519217 186363 500373 751421 576112 472320 628815 295304 396534
543456 274097 178782 806659 528111 550438 832351 580679 708059 125335 336339 819429 999999999 637741 399772 617785 593415 841855 672709 614221 424238 524404 1044794 743562 315384 654272 533214 216870 877914 810957 778922 955363 258217 1055117 504047 87261 531105 181217 814353 673859 665314 630320 348171 123423 976553 167219 504135 963048 883328 807436 455951 823503 127317 605939 541954 779221 701141 234337 490649 368592 404623 312150 634047 504914 557111 742397 553724 417502 580522 854544 598221 25454 937437 563543 281558 724701 138999 285721 420664 490947 850698 688707 244208 100157 698208 341855 809143 305970 525622 636816 644234 902688 810401 818683 273245 252883 765103 306727 534404 1183790
302214 405434 813663 203869 257155 157578 316027 122851 388119 716674 497214 197649 637741 999999999 723205 398610 407287 340638 200596 44041 233419 147058 440610 151851 529290 212929 105560 424695 240358 561395 364048 427688 572386 503937 634040 607808 302424 682070 476371 128355 648257 645907 696463 722328 399507 475861 140959 508867 245713 370397 463414 284391 523453 177721 458300 359123 252764 407360 696627 363669 716541 644168 193719 158699 81196 787959 102018 439562 439764 294658 405912 634186 314249 223405 505082 347921 677239 356280 360401 413071 235243 166857 527454 699069 288889 388656 544044 341750 227085 571586 254043 592022 193388 545716 612525 407861 501566 492795 103473 592923
792007 556255 482058 926352 490283 574177 758870 735116 963253 512258 682086 839968 399772 723205 999999999 896572 879794 754877 639366 682760 500284 683362 1005293 869482 198406 845358 646918 407296 937803 576176 1003173 858621 185034 959338 180183 478161 780709 224855 1075614 818022 349658 310232 51772 323041 917856 384474 641474 811686 934057 689376 287359 769096 456627 788482 350747 1001127 637069 475596 119859 361113 11256 100687 607071 565098 651971 374502 686833 735740 881356 807201 883268 374393 940219 772448 234402 603724 538260 439196 700941 792862 957992 847989 603686 328281 913280 631099 584147 433452 511467 364271 578833 676631 916389 595133 146547 375120 555549 237467 642513 1111183
115492 354672 748163 388741 579044 494641 713569 279285 101285 625650 301341 560755 617785 398610 896572 999999999 28762 738770 591136 425297 454680 287914 789671 350235 707178 202909 360309 491634 526969 935460 197449 819136 712478 883814 882268 543310 123693 753797 197154 297777 958545 943551 852794 738286 773960 524754 331810 907251 544940 767140 725384 680225 494863 221305 761417 200987 644194 426973 921469 577673 894509 797599 573345 448689 385813 1089801 322921 207870 64287 685085 23330 630065 653511 180078 665239 733439 569805 459217 201561 130949 433363 271838 388652 713357 164441 279645 920540 469565 548261 889311 629810 980372 414163 924140 753371 521930 874251 668967 369015 942209
112603 333423 721393 409778 576554 495188 723157 285967 130028 598671 273837 575391 593415 407287 879794 28762 999999999 747924 596287 431575 447967 288932 807089 368569 692288 219732 361799 473574 546350 935976 225907 830988 695233 898010 870575 517816 118334 732481 223303 312667 951486 935428 835294 714516 788627 504969 331023 916095 563878 773511 716066 690574 471533 231788 755051 229332 649233 407742 907856 567094 878025 780347 576844 447146 388813 1081375 326518 180857 38751 696902 5452 606265 670957 185142 649751 736786 542648 444274 180943 104088 455179 289130 362040 689687 188518 257691 921511 455929 546279 883334 632237 983560 434304 925432 735768 506046 874776 654432 370507 960136
641858 681531 1018464 436015 314347 309322 27577 462748 718964 948609 804237 221978 841855 340638 754877 738770 747924 999999999 177528 320407 433163 474200 256459 427929 608149 545386 407434 632070 332563 318777 674469 113610 673601 214933 600626 842813 641204 813760 793205 450616 520316 539021 750928 887591 165089 677174 447107 168608 314821 80700 470628 65972 757115 517474 405895 668627 140799 649174 677082 479242 744847 713622 213763 366384 375039 647043 429965 763363 780200 88436 746523 829183 242912 563736 609545 153152 923168 568964 682900 747883 427158 485502 810576 869597 614793 690852 298021 544334 316931 450977 198441 299825 406404 293395 701908 589212 278318 586420 399843 358412
485868 504050 850783 362959 156581 131794 162524 312065 588161 775474 628758 205982 672709 200596 639366 591136 596287 177528 999999999 166565 256744 311269 380637 330864 468805 413296 240212 459403 316770 362737 562828 287607 528748 384141 510864 668560 483386 662558 676617 327199 482590 488602 625773 728000 305067 506286 278036 332600 307820 179062 353603 150831 582382 374158 315106 557669 53073 472724 583029 321086 630526 581501 38713 189037 209645 621379 270200 592568 625474 183405 595631 661741 300913 411483 461353 147505 747998 394411 512473 583705 374130 365451 633091 708393 489473 515342 344761 370547 149000 405506 69368 391878 339837 345920 562046 420076 304042 440910 231949 512091
322846 394418 791587 246294 213156 113850 297529 146014 422593 698696 497258 208036 614221 44041 682760 425297 431575 320407 166565 999999999 199938 154389 446460 195734 490270 248690 94414 398814 268953 523241 404210 414909 535620 497209 590625 589533 321499 649328 514554 169749 604499 601922 657232 693893 396898 449876 134432 486798 271519 341997 420177 269247 503995 207620 414260 399475 219578 387821 653821 324804 675875 605578 154578 121114 62509 744147 109625 446803 462117 284917 430665 609187 326712 246433 467778 312208 661761 329778 366536 427573 275294 208061 519845 671140 326184 385952 506383 313074 183248 527925 214550 558151 233886 508534 575175 377522 462919 454431 88964 596254
339317 254933 602993 430861 147576 127688 419263 237001 494835 520705 393113 397587 424238 233419 500284 454680 447967 433163 256744 199938 999999999 189942 620785 371581 302609 352192 146712 207549 468858 511615 515312 544321 340288 640369 440472 412862 331101 449453 603777 317742 503872 489393 469080 495870 555172 257203 144427 576694 470866 416855 274795 405165 326396 295530 307085 512386 294916 216053 491921 140715 494740 415247 219454 81742 155306 635858 186924 380006 465234 433665 449521 416404 514560 293617 274117 348313 491508 139733 307308 396957 466827 348131 382554 473712 425783 283437 500695 118278 126709 435423 247473 578301 424757 506856 381152 178818 452193 264472 142684 761940
176652 270303 694358 282261 293808 206733 451752 57033 310459 589304 350585 343735 524404 147058 683362 287914 288932 474200 311269 154389 189942 999999999 587064 219172 485010 162842 72895 325250 367772 647606 325371 569053 512457 649238 630263 482344 172963 599311 416564 150249 683112 672310 648174 622411 546095 374316 47210 639373 377631 490169 463138 423576 402197 105915 485251 322474 363591 290119 681480 329192 678662 592945 289005 162800 101635 818665 45588 293500 315648 437995 288949 525081 458399 110878 451052 448467 545570 263757 213769 273853 326771 170872 385998 597862 235893 243868 632849 258762 262311 610738 343433 694962 287242 636629 554595 325887 586394 445895 81595 739772
719825 840849 1223575 410524 536856 494485 247590 551980 737672 1139179 937632 243359 1044794 440610 1005293 789671 807089 256459 380637 446460 620785 587064 999999999 439615 846540 587387 540027 828322 268135 554925 663802 184796 908368 146193 855935 1030298 723566 1043191 779473 496084 774432 794619 997627 1107189 92662 877588 578945 308511 248186 333620 718488 236919 943845 584039 659576 657492 370197 828937 932113 701660 995604 956755 418537 541291 508910 896950 542536 875784 844419 199671 804086 1035936 136166 641616 841480 409062 1105389 760274 798368 839171 375612 518055 966002 1086945 635030 829144 534791 738921 528817 706707 430290 506322 381233 527788 940342 794759 525073 820412 535225 154050
291211 485371 913014 63101 408855 309428 400573 163451 302918 805892 539673 220487 743562 151851 869482 350235 368569 427929 330864 195734 371581 219172 439615 999999999 673257 149332 226395 541214 178570 692123 246842 487719 711354 540740 785616 700062 297479 810863 366011 72834 797516 796475 840233 839888 430001 591254 244267 592916 195453 477953 614840 363081 621073 160772 609542 240916 378029 509249 847362 508436 863284 786732 334255 305109 217548 937395 193817 462180 406465 357373 365326 743958 303523 219758 645676 475464 760084 476455 393388 412358 108624 80316 591839 815575 197969 446307 673463 467089 378931 720477 393398 709381 72772 673678 752532 534899 634419 635646 229300 591974
599358 382464 460724 731201 313080 385929 606839 536736 769126 440714 521862 660478 315384 529290 198406 707178 692288 608149 468805 490270 302609 485010 846540 673257 999999999 647176 449319 230829 751557 507141 805816 718727 69434 821119 202163 369144 588444 213234 881286 620245 351253 317753 167205 304360 764208 225140 443092 696556 749567 554277 153293 610228 317469 590262 240033 803639 477067 300135 218811 165623 193692 115699 433120 370599 455789 441560 488728 561517 697280 646904 695405 292517 767334 575674 45388 466698 446251 248050 517154 611412 764532 649793 456481 293787 715824 453336 508224 238761 328807 322037 416592 603541 722660 518465 93962 187398 468053 39277 445187 966074
147157 382620 813366 196431 440138 343162 519225 118641 175337 699018 407991 358352 654272 212929 845358 202909 219732 545386 413296 248690 352192 162842 587387 149332 647176 999999999 216404 473084 327793 771875 164533 619645 671941 681482 791658 598534 155447 749811 267027 96206 835299 827256 809126 762011 571382 518930 207825 713808 344775 581957 623170 484234 527461 56978 638655 161076 465662 426021 844067 491967 840868 753649 403220 313035 229544 972870 172168 323476 257340 486031 216700 659062 451241 91816 612172 560264 648917 417749 263457 266781 244008 69416 471756 736913 78580 328683 755073 416465 408014 760881 462978 804940 217786 757194 714195 481912 711430 607976 223824 740408
249546 301672 708528 287209 225876 134652 386185 97765 377089 611131 403217 299384 533214 105560 646918 360309 361799 407434 240212 94414 146712 72895 540027 226395 449319 216404 999999999 322088 344809 575176 380851 506345 485178 590795 578380 502249 245718 586056 479688 171156 619478 610894 615662 620924 491254 373105 40364 570625 350971 419272 408558 360313 417956 162798 422421 377219 292019 301937 634257 286475 641270 561601 216518 96710 32835 756636 44240 356056 388431 378144 361770 530398 417451 181584 420030 375690 572032 254678 275576 343500 326086 202721 425976 597259 293901 291595 560242 242663 193883 545691 270541 622093 284270 563921 526532 310116 513973 411110 8714 690421
392581 151848 395532 603971 322522 334414 620758 382252 565085 316543 292759 602862 216870 424695 407296 491634 473574 632070 459403 398814 207549 325250 828322 541214 230829 473084 322088 999999999 664975 644915 617667 744982 222280 843296 428504 211749 380682 276748 677025 475068 554526 527060 361842 299164 761554 51173 297314 763109 669368 604524 314081 609723 128646 419381 388171 616655 491443 69535 449369 181916 406205 307206 420996 288044 343552 662610 347800 331549 474093 639695 477245 210432 720700 388405 185611 526024 293855 69116 293810 385664 645774 495424 237294 275270 530234 224601 639219 89500 315306 505595 437079 728074 604499 647589 262293 56257 592101 197920 322286 968632
468760 637444 1053266 142457 448892 365628 306158 320055 470068 953782 709127 117542 877914 240358 937803 526969 546350 332563 316770 268953 468858 367772 268135 178570 751557 327793 344809 664975 999999999 639908 396148 355908 801179 386311 823896 845447 474397 918087 512895 244594 797114 804861 916843 962011 278010 716146 376400 477964 21022 402817 659964 268803 762124 335272 630776 389841 345449 646437 893721 588025 929991 867247 339731 388954 321428 934543 329537 636318 584491 246046 542937 874540 136021 394610 732784 432993 912102 596403 564003 589904 109824 258878 753053 938955 368575 609009 619536 581089 426343 720569 386014 632152 113785 616877 839633 646261 589751 717532 343518 417267
823376 754159 967249 718201 366154 440902 341050 662723 944782 934062 900051 523031 810957 561395 576176 935460 935976 318777 362737 523241 511615 647606 554925 692123 507141 771875 575176 644915 639908 999999999 925097 371796 575446 452459 396728 844513 818351 716055 1037548 689228 251388 284187 593174 811223 463755 673323 605029 272175 624439 240137 356406 374819 770373 727896 269375 920028 314094 691746 468076 463026 564944 576836 368667 490118 551026 350115 614065 891475 960261 405881 936239 790845 561677 756413 532083 216678 927254 604464 817108 902668 721072 727634 872723 800879 849386 793772 20756 578608 393468 212357 309006 100500 692066 27378 586070 589558 61213 506227 566478 607121
235595 505324 924485 255182 603441 505253 647194 283122 100097 804388 487379 465101 778922 364048 1003173 197449 225907 674469 562828 404210 515312 325371 663802 246842 805816 164533 380851 617667 396148 925097 999999999 732728 826041 778909 955476 712877 247908 892799 119391 235885 999061 991547 964961 893755 668583 659727 371413 839755 416641 721466 787458 609850 651983 220136 802819 6310 613495 562812 1006588 654090 999201 909234 557724 477388 392562 1136978 336612 393627 260707 603814 220583 787320 531710 231302 768971 710225 750296 568678 361328 319379 288457 197464 567808 868499 90050 438382 907452 570714 571359 924229 618030 950510 285810 908746 868253 633639 865508 766539 388165 809629
729333 789561 1132062 481950 427956 418726 125109 550347 788401 1061507 907706 267658 955363 427688 858621 819136 830988 113610 287607 414909 544321 569053 184796 487719 718727 619645 506345 744982 355908 371796 732728 999999999 784951 102400 698010 955319 729976 925902 852086 523444 600172 623478 857435 1000813 98822 790446 546615 130218 335446 169352 577714 146036 869397 599213 507950 726611 254223 760329 774774 592690 848310 822107 325064 474644 473530 717542 523774 861615 865153 134092 829074 942775 233564 649963 721647 255344 1035267 681248 781253 840401 462286 554923 918489 982977 683036 794694 351990 656880 430144 536667 312007 321986 451007 344501 812186 702647 346421 698181 499336 252996
609609 371591 394111 771103 372192 436852 671232 566699 781588 382621 501212 714946 258217 572386 185034 712478 695233 673601 528748 535620 340288 512457 908368 711354 69434 671941 485178 222280 801179 575446 826041 784951 999999999 887340 246347 321282 598098 143917 893946 654091 408179 372517 140465 235785 827614 201416 473762 765391 800485 621707 222691 672948 282333 615603 309237 824353 540317 290619 242681 213745 184244 85128 492040 414584 495570 485947 521793 551355 696367 709049 698780 234009 824519 594740 68599 534270 393845 257984 516010 607831 806876 681187 427470 226440 736660 446161 576956 255697 384704 385724 479750 672356 764819 587266 42267 193067 537210 87959 482053 1030798
801268 881161 1232328 523891 528755 513456 222778 624598 843634 1159565 993951 323132 1055117 503937 959338 883814 898010 214933 384141 497209 640369 649238 146193 540740 821119 681482 590795 843296 386311 452459 778909 102400 887340 999999999 796477 1052686 803075 1028190 897194 586037 690844 716299 959043 1102519 110761 889520 631136 184398 365306 270155 679626 235849 966454 667740 608597 772649 354481 855848 873204 694080 948936 924213 422352 567858 558049 802140 603651 942733 933638 212787 895645 1043020 251243 721650 823934 357003 1131872 778548 862895 916111 496113 613983 1009634 1084466 738669 881742 433856 754640 529500 630686 413186 387214 493128 425172 914556 802244 435296 800527 584372 156212
769636 578047 624723 836474 380145 476861 608449 674402 932911 627519 721190 716718 504047 634040 180183 882268 870575 600626 510864 590625 440472 630263 855935 785616 202163 791658 578380 428504 823896 396728 955476 698010 246347 796477 999999999 566638 759796 358985 1043149 745567 174666 135600 204563 461487 765621 427075 584070 640131 816942 529264 170943 624114 519376 735395 198214 952406 497443 496495 76765 305542 168927 205879 484357 485204 574594 240335 621902 754346 880005 662591 873117 479455 806077 732845 246726 447478 640191 432277 702711 797960 861408 779891 658373 458925 866156 645265 405478 416523 407984 184444 444219 497051 821489 416471 234043 379274 379502 230802 572106 950865
477703 216538 214855 762763 534266 540497 830665 536716 636847 109173 253417 797363 87261 607808 478161 543310 517816 842813 668560 589533 412862 482344 1030298 700062 369144 598534 502249 211749 845447 844513 712877 955319 321282 1052686 566638 999999999 465525 265764 740456 628466 719883 686883 426393 208802 967702 172803 469054 974724 852746 816265 496293 817924 86583 553948 579014 713660 702450 201843 561317 386728 482087 385629 630510 489619 529339 806821 516552 338861 502218 846432 522809 109499 916060 506786 329522 737299 83172 274158 351683 414164 808439 639267 160584 186637 635788 274859 840683 298482 526547 684013 648699 932012 769467 849642 343477 261063 794794 352541 504782 1174055
12377 257993 678265 350265 458224 377919 617440 179634 184424 559623 254744 484364 531105 302424 780709 123693 118334 641204 483386 321499 331101 172963 723566 297479 588444 155447 245718 380682 474397 818351 247908 729976 598098 803075 759796 465525 999999999 651147 296387 230199 834969 819858 738536 646854 695720 418630 213355 808239 489562 661828 601845 586689 404337 140011 638004 248403 536003 320471 800723 454716 778086 682954 461951 328993 274204 966111 213365 168082 142715 596522 119259 539922 588814 82043 547589 621401 506847 341607 115516 115902 398258 218492 325638 621615 171672 190711 804127 349820 427998 766054 516153 867764 369114 808234 639648 405653 757178 549797 254378 877602
663358 399169 265914 872745 506546 560181 810084 655947 834857 287661 498102 839862 181217 682070 224855 753797 732481 813760 662558 649328 449453 599311 1043191 810863 213234 749811 586056 276748 918087 716055 892799 925902 143917 1028190 358985 265764 651147 999999999 945511 747642 531299 493273 174907 102690 964823 233110 567095 909126 919415 764193 366190 809640 268395 695847 452159 892029 678172 330780 328635 341819 231317 153349 624852 529252 602005 587134 617275 567839 726019 844857 736761 156841 952824 664785 204257 676979 316770 335654 552237 635179 912102 770143 410508 103882 806206 474816 718479 343793 515182 519433 617781 813972 870212 728932 130812 276041 679782 228024 584538 1169520
284611 547783 944662 373319 705301 609665 766003 383012 112380 821846 496642 584476 814353 476371 1075614 197154 223303 793205 676617 514554 603777 416564 779473 366011 881286 267027 479688 677025 512895 1037548 119391 852086 893946 897194 1043149 740456 296387 945511 999999999 349762 1098783 1088780 1034282 934165 787083 713983 463757 958894 533608 838651 878497 728810 690463 317045 901208 125480 728067 615699 1089414 738263 1072618 978605 669046 576073 495751 1235042 435999 404129 245518 723158 218140 826060 648831 310351 841670 824108 765688 636546 395312 327387 403956 311992 585343 909132 188624 474263 1020361 642754 673208 1025357 729104 1066331 404155 1022087 935655 701092 977411 842256 487643 923065
225178 413220 841925 134492 377163 276992 424183 93356 268372 733832 467730 263002 673859 128355 818022 297777 312667 450616 327199 169749 317742 150249 496084 72834 620245 96206 171156 475068 244594 689228 235885 523444 654091 586037 745567 628466 230199 747642 349762 999999999 772016 767578 786236 772647 476244 524431 181192 618758 259394 490373 574806 388738 550382 90677 578857 230878 378356 439832 803722 457602 812415 731866 322061 260396 170974 911238 132298 392082 349215 389878 310064 675059 360393 150022 589981 474689 687620 412105 321619 346005 181229 38503 519009 748109 164947 373482 671643 404785 345672 695945 382387 716650 145220 673045 695799 472543 629628 581858 175966 649815
843143 694318 796074 839248 395812 495259 535109 716971 993529 790337 842656 681781 665314 648257 349658 958545 951486 520316 482590 604499 503872 683112 774432 797516 351253 835299 619478 554526 797114 251388 999061 600172 408179 690844 174666 719883 834969 531299 1098783 772016 999999999 39475 378719 633217 681798 564994 635977 518019 786102 441074 243980 559788 662249 782255 197936 995084 452216 617148 232000 394335 338588 379205 467659 522845 606574 139904 663522 860707 967045 596791 953174 641650 751038 792661 390577 375072 797504 539902 798676 892741 855213 809343 791485 628989 913265 752946 265527 518671 427816 77359 413531 346880 818908 275951 403145 499826 255611 368661 611750 847029
828432 669575 758445 840441 390415 490656 552258 708645 982156 755078 817180 690863 630320 645907 310232 943551 935428 539021 488602 601922 489393 672310 794619 796475 317753 827256 610894 527060 804861 284187 991547 623478 372517 716299 135600 686883 819858 493273 1088780 767578 39475 999999999 339353 595418 702187 535030 625100 546680 794731 461050 221720 574974 631509 773276 188942 987764 461901 591137 192909 373100 299150 340772 470790 514222 599935 146533 655109 838683 949642 612560 937314 606401 765068 780826 358404 390391 763627 516256 778799 873407 858499 804390 763255 591686 904711 730309 297008 496031 422004 88081 419236 381528 821236 307684 365862 473183 282572 337435 603435 872479
750025 509101 435762 898370 473006 551503 753048 701184 921911 461611 632431 822723 348171 696463 51772 852794 835294 750928 625773 657232 469080 648174 997627 840233 167205 809126 615662 361842 916843 593174 964961 857435 140465 959043 204563 426393 738536 174907 1034282 786236 378719 339353 999999999 274892 911960 336352 607665 818097 914164 688979 280303 760753 405921 752471 352642 963129 627713 429279 157999 332798 56696 55774 591861 537783 622854 416837 654302 688036 835707 798428 838896 322771 926380 733766 197123 602112 486783 397967 655617 746648 931699 814972 553025 278724 875330 584453 599517 394254 491715 383840 568281 693562 889842 610431 99550 333219 567633 204629 611762 1108857
659230 388883 163259 902778 574944 615735 881590 679401 826518 198498 459762 892966 123423 722328 323041 738286 714516 887591 728000 693893 495870 622411 1107189 839888 304360 762011 620924 299164 962011 811223 893755 1000813 235785 1102519 461487 208802 646854 102690 934165 772647 633217 595418 274892 999999999 1032800 248676 596371 992847 965388 843460 457153 877721 243737 711117 544250 893709 749048 336101 430589 408774 330428 256018 689524 577547 641155 689419 646819 540132 702783 911398 719224 108252 1008864 672895 285782 757303 237975 366350 539184 612782 944891 790905 367571 25257 810773 460132 812567 380945 579024 618784 689511 907900 903656 822822 230752 317053 772245 311359 620792 1239256
693482 787242 1155002 413783 458712 427517 159030 518336 732882 1075842 893967 213259 976553 399507 917856 773960 788627 165089 305067 396898 555172 546095 92662 430001 764208 571382 491254 761554 278010 463755 668583 98822 827614 110761 765621 967702 695720 964823 787083 476244 681798 702187 911960 1032800 999999999 809597 531327 228349 256999 241138 631986 155273 881131 559170 570233 662335 287312 768024 842012 624823 907991 872628 343723 478596 458879 804462 500598 839069 824572 122024 786162 966244 145615 613974 761674 318200 1045017 694788 759792 809604 387491 503602 914661 1013379 627946 782842 443467 672123 454011 614334 347878 419743 382929 436758 858166 724477 432649 739752 485398 207252
430774 173577 345991 654117 365065 383221 666772 431348 602759 272885 300151 653488 167219 475861 384474 524754 504969 677174 506286 449876 257203 374316 877588 591254 225140 518930 373105 51173 716146 673323 659727 790446 201416 889520 427075 172803 418630 233110 713983 524431 564994 535030 336352 248676 809597 999999999 347724 804038 720525 646477 330963 656958 98606 466168 410488 658999 536379 98284 439198 213925 384694 283817 467700 338221 394723 665316 398155 351707 502187 687618 508957 159588 771151 432453 180354 566043 255968 120099 324032 412142 696257 543810 231344 224554 573422 249637 668919 138943 360301 521786 480681 759674 655087 677721 237926 89131 622669 198300 373387 1016802
218428 264475 677691 306797 247879 164676 426139 93645 357556 577503 362928 337353 504135 140959 641474 331810 331023 447107 278036 134432 144427 47210 578945 244267 443092 207825 40364 297314 376400 605029 371413 546615 473762 631136 584070 469054 213355 567095 463757 181192 635977 625100 607665 596371 531327 347724 999999999 609498 383889 456898 416396 400579 385949 151335 438094 368342 329162 270790 636347 284672 636443 552800 252358 117023 73187 771457 50508 316256 355643 418501 331410 502726 454853 157278 410740 410062 536907 232200 235797 306300 348534 207491 387287 572269 282303 251548 590773 223716 216702 563767 304082 655521 307438 594917 515669 291532 543845 404200 47352 729835
809262 830576 1134982 595425 440867 460820 194597 630526 886978 1076841 960247 378623 963048 508867 811686 907251 916095 168608 332600 486798 576694 639373 308511 592916 696556 713808 570625 763109 477964 272175 839755 130218 765391 184398 640131 974724 808239 909126 958894 618758 518019 546680 818097 992847 228349 804038 609498 999999999 458159 159900 546335 230520 891124 685982 466096 833812 284932 789561 715909 594464 800827 789737 363748 518972 538831 622141 595885 924986 948002 237579 914767 947562 361968 731578 707609 238369 1056946 705117 844761 913198 580797 653179 958985 977513 782490 846966 254824 679297 452305 464502 329517 202882 564961 245341 787015 714907 264437 682504 562680 336103
484258 646395 1059372 162386 444226 363955 288729 331600 489598 961350 721540 104492 883328 245713 934057 544940 563878 314821 307820 271519 470866 377631 248186 195453 749567 344775 350971 669368 21022 624439 416641 335446 800485 365306 816942 852746 489562 919415 533608 259394 786102 794731 914164 965388 256999 720525 383889 458159 999999999 386392 654396 251805 768870 349956 622672 410337 333938 652907 887492 586944 926066 865180 332607 390214 326240 922960 338123 650194 601871 227658 560554 879370 115226 409176 731970 419496 920485 600551 576961 605285 130811 275571 763496 942562 387565 620054 603981 584495 422785 709847 376732 614616 133110 601078 838477 648992 575145 716116 349182 398199
663950 670997 981273 494120 282003 302905 101019 487947 757211 919354 802205 287693 807436 370397 689376 767140 773511 80700 179062 341997 416855 490169 333620 477953 554277 581957 419272 604524 402817 240137 721466 169352 621707 270155 529264 816265 661828 764193 838651 490373 441074 461050 688979 843460 241138 646477 456898 159900 386392 999999999 410022 135097 732173 547648 338653 715874 128055 629760 606002 439593 679033 654947 206597 360998 388600 566588 448466 770247 803506 165900 772646 792858 322286 588389 560496 87645 898196 545626 690454 762758 490746 527225 799259 826929 655238 689153 219426 519917 292475 373222 169620 233089 465864 215596 647023 557421 197717 536205 410995 422286
610931 450534 611124 666310 212019 306616 472987 505260 769586 580167 599139 556997 455951 463414 287359 725384 716066 470628 353603 420177 274795 463138 718488 614840 153293 623170 408558 314081 659964 356406 787458 577714 222691 679626 170943 496293 601845 366190 878497 574806 243980 221720 280303 457153 631986 330963 416396 546335 654396 410022 999999999 481964 429554 567366 87334 784193 349716 374336 234782 151383 278036 245035 323148 314556 403842 366046 452367 617271 729074 519978 718155 435154 653891 568412 175706 322673 577681 295926 557150 651869 692367 609386 551288 445525 698667 509190 356308 274838 238350 191596 291620 451308 652045 366356 240886 258354 315121 149906 402057 828662
586605 645759 1001614 370068 303439 277863 38448 407229 656707 925338 761894 156354 823503 284391 769096 680225 690574 65972 150831 269247 405165 423576 236919 363081 610228 484234 360313 609723 268803 374819 609850 146036 672948 235849 624114 817924 586689 809640 728810 388738 559788 574974 760753 877721 155273 656958 400579 230520 251805 135097 481964 999999999 731526 459123 426311 603961 133340 620229 699569 469571 759536 719909 189534 332012 327502 691089 378473 715735 723791 38479 688936 812566 191863 507678 606705 184799 896583 544013 635338 695831 361466 422771 774447 858456 552060 649003 354169 520596 299317 487170 193654 363569 340433 350610 704131 570906 329189 585023 353302 361630
416704 146837 292258 684057 450284 453991 744624 457679 582865 195352 230335 711603 127317 523453 456627 494863 471533 757115 582382 503995 326396 402197 943845 621073 317469 527461 417956 128646 762124 770373 651983 869397 282333 966454 519376 86583 404337 268395 690463 550382 662249 631509 405921 243737 881131 98606 385949 891124 768870 732173 429554 731526 999999999 479938 508852 652201 616974 116248 524765 308576 458616 358062 544442 403050 444314 759024 434353 300775 461547 759894 476151 135879 830269 436492 274069 654431 166219 188164 295462 370948 728961 563633 147105 218673 570911 216411 765440 212959 441391 620235 563936 855291 689317 774050 312824 181545 718760 294081 420142 1087472
135790 337410 768650 218317 388255 293343 492274 66195 217209 656776 379299 346568 605939 177721 788482 221305 231788 517474 374158 207620 295530 105915 584039 160772 590262 56978 162798 419381 335272 727896 220136 599213 615603 667740 735395 553948 140011 695847 317045 90677 782255 773276 752471 711117 559170 466168 151335 685982 349956 547648 567366 459123 479938 999999999 585047 217012 427123 375092 787306 435095 783954 697043 360326 259418 179426 919208 118959 301691 266259 465134 229961 609568 448987 59363 555454 519447 608390 362456 232957 255913 266344 87080 435232 686137 131583 290039 711716 360367 356165 708457 419097 765723 233457 714382 657840 426265 667043 551074 170651 738024
645943 514928 698439 655551 201795 302131 412013 520110 795628 665614 663983 521009 541954 458300 350747 761417 755051 405895 315106 414260 307085 485251 659576 609542 240033 638655 422421 388171 630776 269375 802819 507950 309237 608597 198214 579014 638004 452159 901208 578857 197936 188942 352642 544250 570233 410488 438094 466096 622672 338653 87334 426311 508852 585047 999999999 798989 299306 443310 273264 211569 340382 324006 291526 325711 411001 334222 466587 672903 771778 464787 756594 521583 608003 594725 262778 253548 661114 359770 607102 700006 676208 615543 623383 532825 716321 567197 268986 336031 233192 128609 247237 363979 637774 279022 324879 331916 228023 236890 414854 760684
236127 505471 925548 248902 599394 501031 641338 279545 104635 805656 489380 458996 779221 359123 1001127 200987 229332 668627 557669 399475 512386 322474 657492 240916 803639 161076 377219 616655 389841 920028 6310 726611 824353 772649 952406 713660 248403 892029 125480 230878 995084 987764 963129 893709 662335 658999 368342 833812 410337 715874 784193 603961 652201 217012 798989 999999999 608239 562257 1003845 651385 997092 907418 552828 473680 388529 1133109 332989 395745 264486 597793 224038 787425 525410 229691 766996 705032 751707 567160 362256 321840 282150 192417 569269 868451 87847 439023 902338 568914 567327 920154 613143 945078 279542 903588 866579 632093 860499 764363 384469 803334
