NAME : synthetic_000175
TYPE : CTSP-D
DIMENSION : 100
GROUPS : 8
RELAXATION_LEVEL : 1
EDGE_WEIGHT_TYPE : EXPLICIT
EDGE_WEIGHT_FORMAT : FULL_MATRIX
EDGE_WEIGHT_SECTION
999999999 1113176 602458 789924 505525 33085 248359 69182 676695 851480 958287 750529 483303 864338 784250 714883 294205 661508 602329 500284 314408 316376 1046635 38268 135137 1002978 104620 622647 567541 412773 600287 1062024 690035 543229 780726 613622 929644 762721 405722 240964 924023 670389 577274 450614 414482 648305 498413 1023131 243509 773055 799805 757255 539416 459467 565066 509857 350926 566654 693002 861856 81531 275775 276877 677001 652562 224088 549979 179969 705775 724580 688504 412483 179389 793522 443819 819783 729185 560417 914147 538150 378535 484394 217132 383862 143126 187689 812818 119370 639411 643961 441366 662922 380023 905952 409720 817213 464729 130739 894704 823584
1113176 999999999 837382 512696 885164 1093369 894894 1181799 746318 815462 316755 570277 661341 611410 414791 403464 918827 875228 522938 990891 985115 918531 113346 1081758 1073151 128806 1009072 593007 725033 756860 813451 119927 426693 654557 699344 629260 400423 597973 1006407 889806 427638 945034 921645 720515 873334 829577 693398 113611 869694 720282 770854 836030 607427 755945 554901 641862 952792 863466 510894 638854 1188819 1018185 1090549 436524 599224 1336711 571621 1249417 456600 429341 740139 1028929 1070579 429182 789188 349348 575376 950655 232722 608527 1047703 720327 998386 878706 1201463 1298672 446259 1209284 476717 590468 672534 528755 742504 275450 734789 355453 655276 1009572 331812 488850
602458 837382 999999999 835247 842451 569493 385001 644343 895159 1081295 871925 838066 320510 972117 744389 585648 672714 73666 562198 908978 753024 286724 731474 598368 675056 784406 546286 262924 135419 617710 24947 854445 565987 672640 955218 736754 898165 259506 843777 556178 910337 1014666 85703 270018 749949 926428 241479 724022 471493 194103 203141 155123 595576 681548 415573 598884 758739 879839 333438 986788 677160 344060 797193 511220 242525 780627 533884 782078 399729 666685 118801 863690 444480 770431 198238 727440 819736 931699 605546 329972 848972 222566 678282 220871 588160 758677 808294 720420 468531 255596 428228 324623 515604 779754 573715 483465 389550 601356 513554 852659
789924 512696 835247 999999999 404474 783169 657475 856325 236427 322223 217983 59924 524601 144263 123058 276092 518607 902281 274219 504725 556939 742560 527711 752236 700754 386649 691900 590120 700313 377152 811779 404219 285949 246794 192111 178443 154140 717185 544545 550241 140025 433702 896156 588753 428865 320811 599684 496519 579106 834445 892770 922394 273819 336986 419675 293009 516371 368174 557401 165863 847453 825359 664378 343767 627622 992014 311526 872799 491697 181305 799088 563869 828809 96379 678907 186115 72670 452945 475771 505479 591579 624087 608480 741238 916394 951368 67217 851369 376457 608658 444723 546255 431518 238305 385500 501945 466340 662048 569277 35340
505525 885164 842451 404474 999999999 514173 506794 557897 199165 349081 620044 346518 543239 412616 472435 520253 218266 916059 415724 105964 198134 624195 868555 468971 379908 756585 438426 684573 731631 228167 825780 790815 507772 246855 306223 255921 557921 848871 146199 324512 540702 179469 869094 576210 100863 146103 615861 837899 402276 929801 980097 977194 324707 173808 514038 297647 156870 61884 703211 400465 534446 666535 289076 540466 728491 659550 394524 522992 665376 460859 863498 162310 620718 463175 645468 535975 331849 91023 772558 565957 194806 626530 288726 660061 648386 620361 458843 521508 536780 710273 429002 677482 327989 615784 273727 737473 474175 381007 822432 438630
33085 1093369 569493 783169 514173 999999999 219474 90366 679439 857436 946344 745727 457220 862442 772512 697255 299040 628426 586677 515358 327654 283586 1024647 49165 155209 984936 91473 594060 536095 406593 567471 1044997 672160 536431 782048 608354 920341 732162 421723 232940 915646 682591 544245 422128 420316 655000 469365 1001657 224549 740791 767118 724249 527547 456804 542729 499101 361968 574621 665661 861009 111447 243317 299502 656864 623142 247400 534054 212724 680450 710809 656181 430027 148541 782861 412468 805793 724204 573197 891349 512394 397428 454585 228342 351175 136979 213061 803501 151642 618184 614972 420859 635752 366139 891372 399963 792421 441962 133749 868932 816369
248359 894894 385001 657475 506794 219474 999999999 308801 619188 809988 786664 633501 241818 763870 617996 513230 305615 453086 416959 551360 378314 118814 818447 231312 292290 794640 167153 374589 325413 315370 376995 858697 487508 424655 707150 500741 775764 515883 474331 186776 776465 686224 384513 202669 406509 622677 250067 797376 104521 536621 569859 538395 384160 381256 340035 365257 392004 556926 446921 769098 329826 171533 412653 461626 404234 464660 365512 422921 465600 546840 453598 491870 180215 634159 202781 638044 611836 588379 683034 297403 472304 236488 295446 168799 307364 431990 661921 365692 418784 395645 232956 417268 229529 718835 285625 578524 240431 216907 652516 686761
69182 1181799 644343 856325 557897 90366 308801 999999999 735493 906129 1026862 815748 547524 927226 852808 783955 353011 699350 671510 542586 362113 362417 1114306 104783 178476 1072010 173774 683103 620335 479384 644343 1131174 759070 609916 840767 679316 997265 818347 447324 308956 991212 716576 611510 511392 471018 702569 558071 1091071 312130 821349 844753 797843 608104 523734 632474 578253 401375 619600 755517 923834 41020 305864 306829 745466 711277 157050 619160 146930 770812 793596 736572 451029 203960 861733 497308 888818 794546 606240 981315 602732 414807 542393 270032 430308 108756 123195 880494 86572 707422 703613 509627 725695 449132 975054 477895 882781 531845 194564 959246 890221
676695 746318 895159 236427 199165 679439 619188 735493 999999999 191538 452910 176987 575844 214182 336451 439428 382766 967722 370118 284115 388527 727294 750962 638694 561778 618648 594518 689211 768967 303914 874773 640239 436446 222907 107993 169796 380790 841922 345111 460470 359820 198871 938526 626484 265565 84464 654682 719572 520291 942911 998319 1010957 304844 238136 506368 296630 345621 146482 683630 201300 716798 789483 486446 484827 732103 849533 375275 716519 630085 355719 889684 359836 763682 318106 709736 404514 171043 223307 678640 579718 393707 672611 466944 747462 816336 809575 300833 709250 498681 712686 467447 663761 398745 470868 338183 674567 505809 546660 753191 266018
851480 815462 1081295 322223 349081 857436 809988 906129 191538 999999999 499862 280932 760909 204423 444533 583057 558397 1153204 538179 396190 547137 918776 844735 814160 728658 695890 775987 864307 952625 495051 1060246 698822 586330 409400 136386 345539 416590 1009708 480740 646523 389858 232335 1127450 814278 437227 203564 839976 813968 710037 1117256 1173929 1191510 486370 428736 681987 482868 505895 287200 849233 177067 883448 979721 631901 640504 906013 1007282 552772 868831 789878 490033 1069007 488445 950167 418571 898991 508243 290167 324354 797934 759998 526501 859184 636201 938716 993406 968501 386909 870252 662443 886525 655411 832404 590231 550902 529713 816975 691889 723706 888519 335083
958287 316755 871925 217983 620044 946344 786664 1026862 452910 499862 999999999 277842 599441 295456 174056 292429 709837 929571 369731 721809 759021 849300 362963 922160 885720 205732 855434 609584 738949 554478 847078 198986 315943 428659 390060 376800 83680 694281 756701 718187 110883 647468 945495 666968 634150 537347 661469 334791 727525 821314 879263 925330 418936 529599 480498 448732 720536 585952 550387 322858 1023723 942372 867331 364304 636751 1171604 421328 1061968 479894 239843 807630 776995 965984 167993 753825 151572 289380 670927 363529 562226 802623 688971 797987 831425 1072760 1131352 161851 1033698 410183 620490 555215 551158 580667 96759 549368 439728 560154 836726 479627 186892
750529 570277 838066 59924 346518 745727 633501 815748 176987 280932 277842 999999999 521554 135379 168044 303259 472157 907041 276889 445683 505322 725070 580674 712511 655562 443310 655053 601812 704436 339398 815273 463263 308547 211975 145576 137518 211448 737730 488169 513259 194578 375008 894658 583051 376509 261230 598855 549339 549310 850927 908728 933675 256054 292597 424713 268976 464001 308662 576969 148742 804810 803582 611916 364606 641331 947581 305781 825200 514329 209369 810206 506961 800216 145509 672520 235118 21813 393133 520623 508624 535644 621800 562034 729116 880556 906929 124108 806444 391702 622030 432135 562982 404570 295052 353672 536135 458838 621187 607848 92414
483303 661341 320510 524601 543239 457220 241818 547524 575844 760909 599441 521554 999999999 656634 448521 308256 414096 392318 250924 623686 499281 259788 579374 459664 490860 570243 387626 155838 193613 315165 299347 637527 283835 352966 634894 416254 608539 319646 575428 318928 616195 707050 373106 67552 460625 611799 79068 559731 256042 387008 436876 438379 275088 373388 119329 279215 491893 572859 212253 669781 564331 358626 573310 242440 196476 704372 215783 647804 223855 370322 321048 597964 410652 471534 156402 448080 502407 634206 443130 55585 592996 100266 453344 232491 547835 670169 506793 595428 195764 181343 114491 181699 219744 518032 269557 336707 70857 414273 411724 545787
864338 611410 972117 144263 412616 862442 763870 927226 214182 204423 295456 135379 656634 999999999 263463 420342 576355 1040499 410043 496959 595260 858424 644856 826078 759712 493399 773202 731777 837986 460465 949106 494433 429992 339362 114494 263220 212181 861310 558802 632546 185537 379153 1029691 718399 467761 288092 733632 614524 675827 977899 1036114 1064131 390768 405658 557545 401670 552464 360442 701327 27445 912707 934780 696957 487668 770102 1051026 440934 922183 635917 325561 940684 573945 926567 235028 807897 319824 155591 432570 609114 642279 607414 756839 664678 863977 998740 1010599 198013 909773 519068 750998 567216 689577 534345 350951 480410 643973 594214 733735 708360 143340
784250 414791 744389 123058 472435 772512 617996 852808 336451 444533 174056 168044 448521 263463 999999999 164205 539411 808080 204076 577614 593255 687958 414689 748104 712982 286014 681508 489728 609033 381792 720155 318735 179827 259060 311930 218008 160763 605143 600491 544146 167817 534893 811285 515511 472081 417775 517886 383297 554764 725988 784593 819487 244985 361696 333799 274701 556537 448692 447738 287026 849801 778050 701378 237203 524095 997818 253164 889737 379516 78496 697184 622073 796146 28838 604913 68082 167034 535870 353619 419594 644440 544187 626570 676414 899703 957623 68102 860305 276457 505798 389621 440064 407229 143548 375373 380510 400458 662849 446349 121371
714883 403464 585648 276092 520253 697255 513230 783955 439428 583057 292429 303259 308256 420342 164205 999999999 518310 647235 120234 624738 588967 562956 358494 682049 669719 288198 610294 327307 450964 357632 561086 347974 25726 274160 446720 278961 312551 442040 622540 486855 325598 626455 656075 375576 487045 509687 369076 329768 472720 561912 620498 655590 209935 367436 188936 244024 560046 515468 283698 441510 788505 658832 691903 74527 360414 937073 168200 846193 216226 95020 533620 645995 693260 192432 461595 142804 292896 599805 252348 269804 659699 396546 595666 540732 813246 898386 231838 807182 118372 342356 281253 275985 339611 210145 332262 235878 276195 607048 313887 282927
294205 918827 672714 518607 218266 299040 305615 353011 382766 558397 709837 472157 414096 576355 539411 518310 999999999 744721 398161 246127 85184 424346 875446 256412 183849 796450 220255 569138 580683 162128 659793 845679 497581 281181 487757 340398 667505 733743 171194 119230 657575 393884 685381 425076 121386 356160 472217 847490 204525 791490 835237 818805 311486 182005 432978 277111 86819 277088 611308 571761 336453 454474 174736 507499 610538 475952 354469 354330 593898 496182 715969 191038 402952 541862 475468 588564 451846 289058 757088 453735 179982 474838 89931 470098 435196 435350 553195 334628 485175 594958 313820 581765 204981 675881 187693 689483 357102 165314 775116 553631
661508 875228 73666 902281 916059 628426 453086 699350 967722 1153204 929571 907041 392318 1040499 808080 647235 744721 999999999 630481 982017 824365 349025 766432 659977 740624 830906 611228 320629 202607 691371 92980 900529 628698 745019 1026268 808243 959548 281557 915882 627567 972751 1088326 94475 343413 823332 999793 313269 761627 542511 184321 171348 103322 667078 755146 483040 671241 830963 953497 383118 1055774 733805 394672 865739 572722 293646 829773 604105 840077 452087 731023 135486 935562 496640 834668 271379 787739 889067 1005236 645965 398417 920140 295441 747749 285912 635694 810188 872975 778022 531627 309204 501237 378712 589270 835924 647345 525971 461925 668198 545948 918569
602329 522938 562198 274219 415724 586677 416959 671510 370118 538179 369731 276889 250924 410043 204076 120234 398161 630481 999999999 517613 469803 483887 477766 568312 551003 404701 497821 327099 427945 238025 539090 460638 99819 170386 404599 200375 364583 472889 507782 369678 369333 541036 621944 316235 372425 428677 325465 449475 363377 579226 636198 657692 93500 253447 147825 126222 442130 419751 313673 425499 673845 574357 571989 124794 368130 822695 52774 727979 261090 130010 534344 531452 596506 224090 406393 221802 259667 500195 364960 232262 543118 349982 475616 473914 707833 783514 257386 690621 129007 348661 186036 294885 223310 305382 212095 321954 197249 490293 406710 294869
500284 990891 908978 504725 105964 515358 551360 542586 284115 396190 721809 445683 623686 496959 577614 624738 246127 982017 517613 999999999 188540 670169 974364 467059 366345 862250 452703 770891 806163 311870 894128 895593 611478 350680 384902 361743 656792 936457 95264 364591 638200 177728 927650 649211 163068 211066 692214 943749 448820 1010323 1058367 1049753 425243 268282 606876 396159 161647 138519 795777 481289 513066 698701 244309 641950 814448 622111 492800 480779 761913 566779 940199 95275 639170 567533 710742 641610 432545 71859 877080 651851 133959 699868 288565 713754 642290 585156 561488 491567 635520 796849 511397 768929 404189 720748 356771 838361 557097 388904 923813 538096
314408 985115 753024 556939 198134 327654 378314 362113 388527 547137 759021 505322 499281 595260 593255 588967 85184 824365 469803 188540 999999999 495750 947379 279905 183645 860489 264803 654283 664365 231920 740934 906197 569620 334994 496429 382863 709614 818927 98744 196848 696964 356007 761764 509366 129018 344190 556873 918724 281928 875814 918914 900758 379393 231917 515395 345072 42940 259973 695580 586846 336923 514898 108319 583925 695721 462185 429466 328012 676380 557808 799621 113919 451248 592277 556847 647211 486576 246019 832596 538628 96177 558855 100035 545777 457343 422697 598880 323451 564321 680115 398215 666190 288542 733551 264681 769663 441872 200455 855598 592280
316376 918531 286724 742560 624195 283586 118814 362417 727294 918776 849300 725070 259788 858424 687958 562956 424346 349025 483887 670169 495750 999999999 831455 311705 392548 830000 262898 350720 262500 424184 283914 897296 537683 522491 810236 597503 848406 463938 592458 305589 852212 803439 272328 198017 524321 736087 230129 813961 222578 458932 483599 441817 469877 491138 376369 456760 510601 672934 432479 865963 392893 99711 522786 500984 369086 507467 436452 496302 468189 612452 374155 609556 175045 707373 145298 697999 703830 706723 694734 310354 588764 206334 409308 67914 323698 481277 738647 435076 454765 366036 299629 406047 329895 772940 389577 580034 289150 322361 644110 769309
1046635 113346 731474 527711 868555 1024647 818447 1114306 750962 844735 362963 580674 579374 644856 414689 358494 875446 766432 477766 974364 947379 831455 999999999 1017232 1018387 157821 943884 495064 624153 715771 707950 195206 378018 627453 719537 615176 443060 487344 979215 833261 469924 948933 816415 634319 844034 831325 602848 31393 803942 608245 658170 724228 568402 724611 481927 602518 918453 854544 411365 671936 1124537 931067 1049643 373653 497007 1270717 521515 1192124 363810 408009 631027 1002451 989974 435193 696903 346621 581540 941345 136742 524750 1017495 628858 949875 787263 1125788 1233811 460706 1148288 407630 489915 605895 432101 687259 294077 688178 255525 582799 950781 220877 510131
38268 1081758 598368 752236 468971 49165 231312 104783 638694 814160 922160 712511 459664 826078 748104 682049 256412 659977 568312 467059 279905 311705 1017232 999999999 106168 970245 73450 602855 555109 375122 594627 1028565 657405 505632 742570 575700 892577 747189 373111 204174 886693 635490 578552 431149 377005 611152 479894 993241 213298 763571 792782 753486 503496 421275 536544 473505 315283 529881 670831 823590 107318 283175 250714 646188 634435 255093 516201 191626 680560 689403 679448 381081 193454 756952 431490 784659 691195 525799 885668 513871 348304 467612 181366 377953 179470 216963 775787 135921 609644 624930 411362 640521 345380 871098 373116 791156 436932 92483 869883 785989
135137 1073151 675056 700754 379908 155209 292290 178476 561778 728658 885720 655562 490860 759712 712982 669719 183849 740624 551003 366345 183645 392548 1018387 106168 999999999 955567 129660 642892 615178 331272 668428 1009443 646556 458808 668354 522311 847675 797157 271373 185277 838893 538712 664390 476001 296233 525138 526059 992394 235037 827901 862125 829469 474177 363824 547512 441253 223142 441720 702491 754415 155253 380280 144771 644765 678759 292138 501532 177550 701705 662405 745471 277452 296986 718036 494264 756950 635053 428415 891793 541448 243420 518746 95166 454867 275991 251519 732172 150886 613699 666831 419690 671892 331459 844443 341971 807808 453708 77706 890288 735552
1002978 128806 784406 386649 756585 984936 794640 1072010 618648 695890 205732 443310 570243 493399 286014 288198 796450 830906 404701 862250 860489 830000 157821 970245 955567 999999999 898416 527147 661816 634326 759701 70138 312943 528077 575646 500733 287160 566417 879076 774138 314285 817491 865735 633494 746675 701577 612859 131184 760407 693800 748720 806186 485163 630139 456674 519422 827228 734670 451026 520743 1076678 928803 966728 333108 541923 1225269 455326 1132662 387306 303029 699045 901440 973200 300922 709568 220643 447608 821863 196036 520810 920925 640628 877928 796628 1098443 1186550 319709 1094887 377274 529833 566155 462721 627176 148372 614833 306351 554322 894609 315421 364691
104620 1009072 546286 691900 438426 91473 167153 173774 594518 775987 855434 655053 387626 773202 681508 610294 220255 611228 497821 452703 264803 262898 943884 73450 129660 898416 999999999 533055 492524 315704 540367 957406 585478 445234 695455 517586 828889 680749 362979 141847 824177 612152 534768 362105 340970 575235 411467 919989 139952 703612 735786 701011 436524 367674 463095 407781 293139 497261 599343 772494 180670 256504 265356 573194 565902 327659 445419 260694 607656 620687 620307 375168 186486 691578 369870 715814 633472 504768 812223 441445 347205 400854 166032 325704 225706 290043 712045 208057 536335 555677 338068 568931 275940 801774 308500 717979 363522 66048 797053 725012
622647 593007 262924 590120 684573 594060 374589 683103 689211 864307 609584 601812 155838 731777 489728 327307 569138 320629 327099 770891 654283 350720 495064 602855 642892 527147 533055 999999999 134696 459259 237992 597259 309901 470354 731563 521145 639158 165908 727857 474438 652877 839527 340380 172033 608270 736498 125429 482179 408019 253713 309700 332369 385257 511319 182938 399884 645271 707734 84240 749308 704176 447677 729096 252976 43991 838012 313937 793596 139843 413967 208979 750737 521785 516969 207607 467144 585715 775402 361057 119044 747287 145113 608911 297674 667604 806274 555816 738563 214268 26040 260382 64704 370477 516909 414132 239546 214865 565585 294743 603519
567541 725033 135419 700313 731631 536095 325413 620335 768967 952625 738949 704436 193613 837986 609033 450964 580683 202607 427945 806163 664365 262500 624153 555109 615178 661816 492524 134696 999999999 503864 111522 731935 430916 546070 824524 607206 763324 201814 749156 470585 775187 898897 207007 157034 644100 805252 116317 613117 390867 213697 254566 245867 466259 564728 280727 472426 664055 764299 214176 853171 647440 349201 722582 376691 127606 769013 401915 745907 274515 531278 135286 770504 437245 635022 123761 593165 686473 822173 492400 195812 760327 106440 601121 197984 586000 741383 672875 686757 333439 134580 306492 199139 403984 647947 458645 369824 264375 538059 414548 717376
412773 756860 617710 377152 228167 406593 315370 479384 303914 495051 554478 339398 315165 460465 381792 357632 162128 691371 238025 311870 231920 424184 715771 375122 331272 634326 315704 459259 503864 999999999 600110 684005 337833 130533 393483 201898 518938 624660 279532 173874 512036 396955 649995 349363 150367 314710 387883 687341 218560 701980 751969 749628 149435 67158 297500 115018 206482 262136 485258 462071 472059 486122 334377 352988 502941 618583 198198 507962 456105 334667 635350 303305 467388 386933 422872 427899 317788 319074 600915 340228 309665 399344 245791 448784 541157 578108 402563 479577 336554 485174 201176 457820 102375 515399 45615 542525 246622 285561 628713 410872
600287 813451 24947 811779 825780 567471 376995 644343 874773 1060246 847078 815273 299347 949106 720155 561086 659793 92980 539090 894128 740934 283914 707950 594627 668428 759701 540367 237992 111522 600110 999999999 829756 541564 652048 933514 715353 873625 239538 830595 544230 885929 996965 108492 251274 734276 907366 220292 700167 460157 184351 200464 161480 574177 663358 392134 578270 745428 862115 308694 964013 676207 347542 787982 486629 217784 783282 511641 780195 374824 642552 104081 850830 446588 746298 184333 702768 797094 915389 581431 306830 837028 202738 668327 216743 591961 760239 784252 718856 444135 230705 408517 299691 498294 754843 555775 459211 368967 593852 490596 828894
1062024 119927 854445 404219 790815 1044997 858697 1131174 640239 698822 198986 463263 637527 494433 318735 347974 845679 900529 460638 895593 906197 897296 195206 1028565 1009443 70138 957406 597259 731935 684005 829756 999999999 373342 571564 586350 536703 282516 634340 918695 830079 309566 837919 935856 701446 788595 724350 681859 175873 820531 761299 815655 874335 536131 674519 522572 569907 871310 764229 521103 521840 1134408 995775 1013457 398205 611987 1283224 512408 1186915 457421 349506 768295 940490 1037917 328276 778540 259258 470636 850964 261590 588922 962005 709687 929187 865145 1160889 1244125 339591 1151042 443300 599958 628459 532850 683941 175187 667603 375319 618870 950750 379040 377683
690035 426693 565987 285949 507772 672160 487508 759070 436446 586330 315943 308547 283835 429992 179827 25726 497581 628698 99819 611478 569620 537683 378018 657405 646556 312943 585478 309901 430916 337833 541564 373342 999999999 260958 449980 272369 332566 431328 606042 463160 344365 619984 635127 351274 470523 504080 346169 349909 447611 548977 607433 640135 191957 351047 164644 225508 541697 505786 271477 450164 763998 633362 671640 58056 344650 912473 145225 822725 206298 105386 517567 629617 667534 207217 437891 165239 296603 589092 266719 246841 642226 373460 573704 516211 787714 873895 246281 783130 97478 326192 255604 261410 315854 235270 310755 238479 250582 583134 319545 295573
543229 654557 672640 246794 246855 536431 424655 609916 222907 409400 428659 211975 352966 339362 259060 274160 281181 745019 170386 350680 334994 522491 627453 505632 458808 528077 445234 470354 546070 130533 652048 571564 260958 999999999 289784 76142 389189 627818 352647 303491 381670 374177 718152 404887 218781 266518 431861 597392 337552 723448 777988 788520 85995 103080 288964 73779 299781 249659 473412 344591 602200 595828 442809 295003 513851 748114 159123 633967 427567 225235 667773 375589 588525 260681 489961 312376 190170 329913 526454 358066 393161 450205 369533 534516 670115 707556 273369 608384 296087 494617 246028 450786 195164 398557 141798 492170 283114 415988 576514 280361
780726 699344 955218 192111 306223 782048 707150 840767 107993 136386 390060 145576 634894 114494 311930 446720 487757 1026268 404599 384902 496429 810236 719537 742570 668354 575646 695455 731563 824524 393483 933514 586350 449980 289784 999999999 219227 310319 874595 451521 558358 285776 265962 1005211 691290 372473 174568 713799 688408 612035 983742 1040796 1060701 359953 331311 550162 361093 453506 250594 713937 96443 823092 878566 594279 504371 772725 957008 422840 824438 653888 353985 937722 465252 859501 287289 778139 377495 153828 319063 665427 630214 500014 734346 573315 824256 919023 916959 258856 816494 527245 753258 533760 697760 480492 428052 421868 680962 567415 650210 753369 210956
613622 629260 736754 178443 255921 608354 500741 679316 169796 345539 376800 137518 416254 263220 218008 278961 340398 808243 200375 361743 382863 597503 615176 575700 522311 500733 517586 521145 607206 201898 715353 536703 272369 76142 219227 999999999 327841 672287 382853 375770 317198 347717 785985 472064 257363 231818 495277 584227 413309 774792 830732 846244 141184 158576 338230 142711 343833 239840 513834 268767 669500 671834 491057 317383 563650 813651 207794 694710 460835 207427 724037 404216 664268 212146 559050 280203 115890 326281 527273 414588 427482 515376 430198 607448 743049 772999 216036 672942 329127 544187 314735 494114 271220 361527 217580 510629 348284 484796 591748 213307
929644 400423 898165 154140 557921 920341 775764 997265 380790 416590 83680 211448 608539 212181 160763 312551 667505 959548 364583 656792 709614 848406 443060 892577 847675 287160 828889 639158 763324 518938 873625 282516 332566 389189 310319 327841 999999999 739261 698655 688697 27278 571581 967632 675731 582133 464674 676415 414034 707529 864250 922736 963663 395811 485530 492456 421802 669514 519151 588136 239524 990991 937724 817408 387051 670316 1137278 412660 1021720 517850 238295 843215 717873 952550 141677 764828 172710 226652 602205 430729 577506 745719 703095 756985 837124 1050591 1096732 116853 997535 429979 652891 549521 584837 558896 158247 520399 493405 561215 804303 542382 119378
762721 597973 259506 717185 848871 732162 515883 818347 841922 1009708 694281 737730 319646 861310 605143 442040 733743 281557 472889 936457 818927 463938 487344 747189 797157 566417 680749 165908 201814 624660 239538 634340 431328 627818 874595 672287 739261 999999999 893642 635471 757151 1000221 344591 321213 773995 894253 271134 484808 564319 128100 185196 240084 541883 675227 339124 559749 810821 869850 160812 881377 843569 550588 890734 373855 123290 969021 469009 938804 225818 536031 146783 916464 638880 633768 321628 568064 723880 939485 373986 284739 912472 279903 769739 399790 787609 940342 673195 881166 347351 139870 426289 178173 536325 597652 579699 261445 380764 719455 266490 724937
405722 1006407 843777 544545 146199 421723 474331 447324 345111 480740 756701 488169 575428 558802 600491 622540 171194 915882 507782 95264 98744 592458 979215 373111 271373 879076 362979 727857 749156 279532 830595 918695 606042 352647 451521 382853 698655 893642 999999999 289641 682742 271319 856127 592598 135530 284430 638383 949436 375192 958132 1003402 989076 414394 255119 575931 381816 85248 201756 761746 546351 417947 613609 151940 628648 770474 529788 474639 389415 735432 577276 884306 23819 549230 594766 646270 660288 472014 161862 872558 609855 48613 642868 197210 640498 547365 492186 594850 397320 615392 753883 467909 733378 357420 743736 320417 821160 513118 298001 907328 579341
240964 889806 556178 550241 324512 232940 186776 308956 460470 646523 718187 513259 318928 632546 544146 486855 119230 627567 369678 364591 196848 305589 833261 204174 185277 774138 141847 474438 470585 173874 544230 830079 463160 303491 558358 375770 688697 635471 289641 999999999 683305 503645 566489 318348 223651 450380 367393 807449 85558 683474 724680 704380 299968 227965 363658 269458 205988 378347 526666 632667 306259 342039 255281 459610 513531 454915 318876 359733 520287 487037 605492 308457 303662 552779 360345 582281 491660 403001 706552 365459 292834 366440 134480 350976 367317 415168 571863 320971 428506 499566 236267 496258 147306 669203 168953 624349 273222 120676 707727 583519
924023 427638 910337 140025 540702 915646 776465 991212 359820 389858 110883 194578 616195 185537 167817 325598 657575 972751 369333 638200 696964 852212 469924 886693 838893 314285 824177 652877 775187 512036 885929 309566 344365 381670 285776 317198 27278 757151 682742 683305 999999999 548516 978457 683048 568825 443218 685645 440762 705361 881372 939938 979330 394181 475636 501542 418607 656349 500105 604351 212807 983858 940145 804364 400063 685107 1129415 415788 1011899 534368 246288 858244 701508 952052 145268 772597 189154 211331 582186 454946 587188 730163 711994 747321 843062 1047011 1088808 114550 989191 441806 667393 552726 599910 556668 183121 515846 514193 566542 797595 565328 104684
670389 945034 1014666 433702 179469 682591 686224 716576 198871 232335 647468 375008 707050 379153 534893 626455 393884 1088326 541036 177728 356007 803439 948933 635490 538712 817491 612152 839527 898897 396955 996965 837919 619984 374177 265962 347717 571581 1000221 271319 503645 548516 999999999 1045015 745931 280166 117980 782586 917562 581713 1089955 1142403 1144714 459899 334187 661189 440475 320730 134850 847417 357386 688597 845513 421961 662940 883444 799839 533037 658467 801126 548739 1027998 272993 796659 516964 819304 602880 369905 110337 871932 723149 311656 795551 454284 838014 813349 762818 499107 668629 669145 864552 592799 824221 499152 669605 441220 857924 636525 551675 939452 461364
577274 921645 85703 896156 869094 544245 384513 611510 938526 1127450 945495 894658 373106 1029691 811285 656075 685381 94475 621944 927650 761764 272328 816415 578552 664390 865735 534768 340380 207007 649995 108492 935856 635127 718152 1005211 785985 967632 344591 856127 566489 978457 1045015 999999999 313922 772989 963314 296498 808445 480951 267989 263640 197784 645668 715854 478500 645044 772187 910866 414944 1042856 647114 305697 794771 582223 324298 738257 588889 754223 479313 732975 200973 874653 407796 836417 228868 798708 875488 956347 689418 392231 856469 272860 679636 216029 543862 719862 873454 691996 537894 335906 472157 403790 547832 854892 607919 566997 438084 594670 599008 915611
450614 720515 270018 588753 576210 422128 202669 511392 626484 814278 666968 583051 67552 718399 515511 375576 425076 343413 316235 649211 509366 198017 634319 431149 476001 633494 362105 172033 157034 349363 251274 701446 351274 404887 691290 472064 675731 321213 592598 318348 683048 745931 313922 999999999 487371 656412 50080 616280 243519 366453 410814 401269 331860 412121 186661 331474 507619 611095 245524 730547 532144 297687 572924 308721 203841 666800 277934 622242 272401 437451 291815 614150 358428 538170 90202 515627 563381 666423 497585 112759 605009 50657 451373 165480 500758 634586 573004 566715 261852 193783 159047 216577 248221 585134 304719 385293 124515 398313 454376 610904
414482 873334 749949 428865 100863 420316 406509 471018 265565 437227 634150 376509 460625 467761 472081 487045 121386 823332 372425 163068 129018 524321 844034 377005 296233 746675 340970 608270 644100 150367 734276 788595 470523 218781 372473 257363 582133 773995 135530 223651 568825 280166 772989 487371 999999999 234774 529639 814372 302009 847339 895667 888454 278976 119609 447571 246684 87547 156662 635611 460499 451336 565680 235564 493953 651723 584763 340635 454422 605168 443999 777734 159098 521274 468870 552020 529449 358002 183518 737082 489274 174384 538007 201560 562015 556181 544611 473035 444055 482384 634261 348448 608176 241234 614329 194476 687644 394155 286568 773716 464185
648305 829577 926428 320811 146103 655000 622677 702569 84464 203564 537347 261230 611799 288092 417775 509687 356160 999793 428677 211066 344190 736087 831325 611152 525138 701577 575235 736498 805252 314710 907366 724350 504080 266518 174568 231818 464674 894253 284430 450380 443218 117980 963314 656412 234774 999999999 689324 799968 519859 989057 1042948 1050037 352378 247915 555482 336919 302590 84535 738855 270984 680024 789255 432978 548731 780124 805556 425288 668434 689684 430857 930904 295607 752858 400691 735026 485639 254278 144536 754123 622564 332084 704688 432672 763404 790543 766432 384799 667604 557525 760946 499222 716920 415920 554187 355466 742432 540950 521267 823195 350460
498413 693398 241479 599684 615861 469365 250067 558071 654682 839976 661469 598855 79068 733632 517886 369076 472217 313269 325465 692214 556873 230129 602848 479894 526059 612859 411467 125429 116317 387883 220292 681859 346169 431861 713799 495277 676415 271134 638383 367393 685645 782586 296498 50080 529639 689324 999999999 586516 293498 319751 366191 362144 354098 448424 184105 358088 553693 648006 203530 747348 579893 329107 622303 298119 154553 712688 293456 671236 239044 439390 248121 660248 397911 542130 96711 511392 580018 706547 466356 99329 652192 27981 500826 185312 542767 681195 578476 615196 251573 145608 190273 176200 288773 575780 342557 350103 148987 448366 414671 619526
1023131 113611 724022 496519 837899 1001657 797376 1091071 719572 813968 334791 549339 559731 614524 383297 329768 847490 761627 449475 943749 918724 813961 31393 993241 992394 131184 919989 482179 613117 687341 700167 175873 349909 597392 688408 584227 414034 484808 949436 807449 440762 917562 808445 616280 814372 799968 586516 999999999 780047 607949 659337 723425 539495 695051 459299 573708 889375 823485 399273 641546 1100558 913661 1021464 348134 486733 1247205 494084 1166713 347991 377194 626569 972618 970325 403849 681438 315230 550155 910331 121145 505633 988030 612958 922754 771507 1104717 1210020 429558 1123605 383724 478558 581926 418409 661027 263602 660497 243301 560273 925515 219233 479215
243509 869694 471493 579106 402276 224549 104521 312130 520291 710037 727525 549310 256042 675827 554764 472720 204525 542511 363377 448820 281928 222578 803942 213298 235037 760407 139952 408019 390867 218560 460157 820531 447611 337552 612035 413309 707529 564319 375192 85558 705361 581713 480951 243519 302009 519859 293498 780047 999999999 604492 643745 620854 311727 282317 323516 287071 291342 452765 468065 678998 320595 269885 331717 433501 444560 467360 310616 394731 471128 489590 524909 393977 250975 567482 277022 583987 527498 484147 672510 307604 377629 289143 210330 265581 345315 429973 591415 346019 396383 432168 198122 437468 148704 668677 195764 580139 224748 158231 660528 610407
773055 720282 194103 834445 929801 740791 536621 821349 942911 1117256 821314 850927 387008 977899 725988 561912 791490 184321 579226 1010323 875814 458932 608245 763571 827901 693800 703612 253713 213697 701980 184351 761299 548977 723448 983742 774792 864250 128100 958132 683474 881372 1089955 267989 366453 847339 989057 319751 607949 604492 999999999 58631 116257 638717 758407 436639 652141 873429 956903 278251 996836 851226 530265 936179 490946 211285 964105 567643 952717 347267 654340 84779 979987 627562 754334 333866 692246 835808 1020818 500208 366923 971447 317195 814665 391057 774370 939548 793749 892371 459361 230774 500843 288338 606134 724823 656366 389470 455639 751077 388717 844351
799805 770854 203141 892770 980097 767118 569859 844753 998319 1173929 879263 908728 436876 1036114 784593 620498 835237 171348 636198 1058367 918914 483599 658170 792782 862125 748720 735786 309700 254566 751969 200464 815655 607433 777988 1040796 830732 922736 185196 1003402 724680 939938 1142403 263640 410814 895667 1042948 366191 659337 643745 58631 999999999 78191 693729 809775 492512 706126 918382 1008834 336861 1054904 876338 546935 975155 549390 268073 983277 623225 979773 405890 712809 119293 1024884 646745 812925 368655 750802 893424 1071041 554160 420384 1014891 360572 854025 415948 791199 960615 852336 918668 517347 287538 551267 346547 654535 782697 706380 445749 506538 786118 440392 902865
757255 836030 155123 922394 977194 724249 538395 797843 1010957 1191510 925330 933675 438379 1064131 819487 655590 818805 103322 657692 1049753 900758 441817 724228 753486 829469 806186 701011 332369 245867 749628 161480 874335 640135 788520 1060701 846244 963663 240084 989076 704380 979330 1144714 197784 401269 888454 1050037 362144 723425 620854 116257 78191 999999999 706512 810566 510671 715312 903830 1010150 375765 1081492 831315 494857 949400 582360 295486 931004 638739 936687 446296 745079 123483 1009711 596374 847252 344043 790976 917158 1067583 614040 431697 996924 350759 829570 375916 737309 910494 886404 874898 546110 314084 552080 379690 649299 829476 704470 500363 509225 755188 504275 935119
539416 607427 595576 273819 324707 527547 384160 608104 304844 486370 418936 256054 275088 390768 244985 209935 311486 667078 93500 425243 379393 469877 568402 503496 474177 485163 436524 385257 466259 149435 574177 536131 191957 85995 359953 141184 395811 541883 414394 299968 394181 459899 645668 331860 278976 352378 354098 539495 311727 638717 693729 706512 999999999 159958 203239 34457 350123 333530 387538 400801 606162 551541 483469 216803 428568 754648 73165 651719 343070 188265 584917 438039 558024 256026 419850 283117 235250 411087 458186 274965 450273 374393 393178 473208 655581 714702 279913 618719 212610 409265 176761 364792 163180 370477 132491 413175 207608 419666 498571 302607
459467 755945 681548 336986 173808 456804 381256 523734 238136 428736 529599 292597 373388 405658 361696 367436 182005 755146 253447 268282 231917 491138 724611 421275 363824 630139 367674 511319 564728 67158 663358 674519 351047 103080 331311 158576 485530 675227 255119 227965 475636 334187 715854 412121 119609 247915 448424 695051 282317 758407 809775 810566 159958 999999999 340470 128763 197114 199600 529686 404913 512214 551348 339799 376132 555283 655442 224781 536319 493757 327111 694432 278625 528211 361967 488068 415395 271731 264258 617699 393056 293031 461504 271685 515833 593102 614784 371605 514556 367459 536921 258941 503750 168100 501636 108089 571336 303251 329342 657152 371883
565066 554901 415573 419675 514038 542729 340035 632474 506368 681987 480498 424713 119329 557545 333799 188936 432978 483040 147825 606876 515395 376369 481927 536544 547512 456674 463095 182938 280727 297500 392134 522572 164644 288964 550162 338230 492456 339124 575931 363658 501542 661189 478500 186661 447571 555482 184105 459299 323516 436639 492512 510671 203239 340470 999999999 220814 498259 531592 189217 573295 643683 473869 604554 124752 225747 789071 131145 716300 160992 255304 387571 599561 517037 358254 273575 329372 407395 603793 349162 86287 602302 210639 491692 351819 646659 752532 394993 669380 79401 206350 127845 163759 228425 398740 255519 260714 100974 475541 344672 437568
509857 641862 598884 293009 297647 499101 365257 578253 296630 482868 448732 268976 279215 401670 274701 244024 277111 671241 126222 396159 345072 456760 602518 473505 441253 519422 407781 399884 472426 115018 578270 569907 225508 73779 361093 142711 421802 559749 381816 269458 418607 440475 645044 331474 246684 336919 358088 573708 287071 652141 706126 715312 34457 128763 220814 999999999 316222 311055 408433 409565 575192 534730 449015 247488 443652 723400 96911 618730 367822 221311 594976 405531 535900 283807 417256 315697 247506 385672 491174 285787 416902 376487 359282 464843 628797 683310 305168 586706 239486 424594 172939 384267 138710 403193 100727 442627 209344 388348 528401 323596
