NAME : synthetic_000255
TYPE : CTSP-D
DIMENSION : 100
GROUPS : 8
RELAXATION_LEVEL : 1
EDGE_WEIGHT_TYPE : EXPLICIT
EDGE_WEIGHT_FORMAT : FULL_MATRIX
EDGE_WEIGHT_SECTION
999999999 634272 596829 664549 124613 418653 255932 536125 553936 48564 680518 296821 550622 510776 707339 270586 757978 584650 630265 592910 640827 412259 145143 242963 205027 328652 344540 695661 491474 452736 414925 678726 320827 700718 713681 668588 519269 498328 877632 495654 468941 779325 667142 160803 442595 538731 477758 661804 228038 575801 737238 666677 578407 852374 918013 131939 525058 1036498 579707 503444 500867 375134 360671 720961 611998 554294 294483 312890 604348 908680 222094 407786 423709 601958 789223 520345 741472 301728 472162 28863 418231 156757 571326 380917 706341 405989 805050 800075 172017 672798 702630 297116 475363 488964 266921 311296 556531 451243 837458 476518
634272 999999999 54206 281615 758514 301507 396327 356670 625124 586779 844893 677580 700928 242300 108611 363818 979200 792353 213407 207456 48245 362102 503583 401637 494240 673905 452741 447136 614464 181975 399336 150090 696858 103533 754251 201800 239065 144760 1080581 527519 270533 174317 161565 621090 696959 183903 335423 638557 860992 61253 673514 42344 279971 1017175 486145 505067 482820 618083 125820 130877 271745 259139 431489 388404 888743 128350 362170 322440 300172 658018 412915 377623 260499 57461 838954 380291 960617 394150 224330 609043 220731 617355 542606 753508 201782 390526 984941 665834 806081 897095 115658 338499 164456 271862 370530 426144 176104 853510 418114 249454
596829 54206 999999999 241949 720312 248456 368175 304133 633733 548771 853172 661367 705754 251852 116411 326640 985612 795425 247649 234503 96345 358796 462144 371119 469389 660473 442975 478431 617635 145596 345349 197111 681958 109902 770643 169023 250386 99425 1090210 534024 272529 228241 133488 595143 692434 196913 281316 656603 821920 28776 696538 71188 230266 1028993 535332 469937 493791 668044 74604 100963 280512 223702 423210 425692 888528 140433 336603 283947 326796 696670 377681 374228 208959 84378 856819 392973 966851 374991 222104 570750 193970 571161 556377 741189 179151 387280 994939 694862 767899 901547 116724 299722 142739 278207 330612 375232 123570 841674 464997 195353
664549 281615 241949 999999999 775214 246189 503344 160758 849889 617393 1065675 815810 913563 480629 219038 430299 1192983 998049 489562 475573 329856 562395 519535 496674 605692 823728 627062 719802 823920 308218 276708 431413 839801 217432 997476 85418 481019 258680 1303234 748575 490756 422146 126933 717786 879409 431505 196975 886585 866261 263864 931805 259747 87237 1246556 763245 562083 716418 892831 175106 299941 507029 360576 612116 667377 1082138 377588 485354 390799 566965 938126 481615 576691 251666 326109 1085120 620261 1174035 539192 438567 635743 367230 580811 781872 905037 112210 589261 1209383 934822 820324 1105669 204295 401320 341690 501912 419251 364926 148563 1004198 698431 193518
124613 758514 720312 775214 999999999 531553 378707 637766 628554 171745 722764 340552 609640 631367 829741 394701 780714 626298 751516 714351 765436 525833 262011 366692 315411 376008 448451 801887 564399 576779 513389 802388 359216 823143 778367 785233 639877 621452 897314 584811 588820 903787 786130 230205 492490 661612 583081 741695 103654 699742 817670 790452 688205 882248 1032178 256249 621707 1147264 700547 627752 619784 499409 467273 833331 632760 678539 417230 436592 720647 1005334 346694 519689 541359 726568 846770 629518 765915 419180 594810 149588 542843 214126 660740 405757 823871 516320 834401 886852 47594 701519 824587 420691 599974 608159 389800 413185 674901 452131 952492 591743
418653 301507 248456 246189 531553 999999999 278731 146481 674597 371291 878220 586173 724280 363574 329214 196936 996466 800186 432115 402310 334231 390669 273534 267365 374448 598724 427318 625045 636173 171418 104260 420722 611351 323291 835895 256064 368173 167256 1112086 575953 351595 475546 263857 477705 669704 339385 84073 736048 625546 243698 794489 315093 161283 1062764 749446 317962 559339 883185 195279 208602 380368 167622 418323 598724 873385 307654 271784 165422 474975 860615 243808 401802 48646 304339 924304 480544 977626 330672 307998 389900 206961 347904 626354 678427 296152 412361 1021678 818238 577451 907033 319804 170936 223314 370520 180608 134398 154626 775094 671613 63499
255932 396327 368175 503344 378707 278731 999999999 424729 419689 214475 608842 312473 456312 256255 484115 84534 721564 526067 374769 337320 394946 179580 171281 20368 104116 321733 163873 468535 371871 224326 339501 423950 336623 477516 586928 479769 264685 277838 838843 330038 215870 528025 466156 227263 391969 282944 361213 502297 482256 343037 570915 433346 428506 793534 671299 125700 333786 794933 372206 268060 249254 149930 164028 479542 595227 302021 38559 114456 356578 697543 63999 181545 254821 356326 673345 293132 702869 70770 216257 236509 175708 308283 395402 402504 511190 185691 750692 615187 425024 631778 482564 107844 232057 236960 107440 259215 366049 501062 589778 313062
536125 356670 304133 160758 637766 146481 424729 999999999 818104 491650 1023872 729326 869893 486358 337499 341879 1142842 946530 532794 508765 400361 531422 394908 412601 518215 743256 573250 745045 781423 290796 125095 499358 754826 333457 977358 218030 489507 262663 1258232 718507 481980 524001 247568 615167 816109 451245 63855 874555 723117 313160 929851 352581 88607 1208239 837509 451791 698275 970857 230908 310351 507182 308776 563541 708210 1019725 408020 418198 311879 591241 976647 386004 543430 181428 381283 1065884 613723 1123991 476981 433870 507417 339100 433688 765416 822269 257062 554547 1167499 947584 680882 1053452 324084 316894 339334 498739 323560 225407 180647 917805 764443 136485
553936 625124 633733 849889 628554 674597 419689 818104 999999999 543097 219798 300712 87528 383298 733722 500604 354646 179898 445740 430927 591046 289088 562329 438422 374607 266462 255833 295511 64258 543296 752910 537941 292434 728631 167842 795735 386110 591211 456479 101329 362222 648946 765506 400721 173133 441252 758291 116126 707512 605541 191003 666752 795535 396831 545332 485361 143406 617175 680875 551790 354033 509380 258951 372487 286686 497496 410501 515814 352976 410036 480138 275848 636749 567683 253658 246071 336273 352557 414123 555430 486193 681164 98380 290051 812254 264124 361301 268469 657308 276248 740300 516427 508661 355567 525374 678804 701424 351606 489083 687280
48564 586779 548771 617393 171745 371291 214475 491650 543097 999999999 683491 306403 547447 470635 658951 222961 768322 588823 589174 551693 594266 378873 97956 199928 178726 335423 319379 665847 482284 405037 372044 634715 331762 652334 706309 620309 479084 450111 888451 477620 429657 733716 618624 167638 445277 495964 432341 647272 274464 528019 721932 618784 531552 859299 882265 88791 502291 1002887 531149 456042 462368 327698 333276 686916 624348 509351 252755 264917 567715 883888 175733 375776 375392 555434 784669 489451 751262 266099 429833 22545 371955 143265 552374 395483 657946 375211 812460 781114 219328 681432 654167 249063 428891 450255 218569 268017 508079 473041 801221 428571
680518 844893 853172 1065675 722764 878220 608842 1023872 219798 683491 999999999 385978 153981 603086 953483 693007 137154 96616 661369 648876 810394 503281 726262 625358 540295 352409 450993 481484 243011 757773 948194 753625 364642 948409 151006 1013983 605903 807370 237694 319287 581109 861828 984502 519829 238323 661039 962291 244158 779345 824878 271961 886472 1007736 184804 707935 646193 362497 749539 898695 769422 573800 717253 460463 564261 142129 717291 607613 714790 567122 507378 663278 489054 843762 787445 154661 465323 119806 548403 632688 690128 699482 826719 307987 319538 1031394 476596 144018 353611 739257 79937 960097 712856 725764 575151 716265 864893 917123 314980 666958 896812
296821 677580 661367 815810 340552 586173 312473 729326 300712 306403 385978 999999999 270016 465498 777110 389566 462169 289485 576187 545283 662447 331538 368508 320238 211792 35724 231788 535399 237480 526362 628583 654892 26319 770759 439699 789327 472794 581383 582201 286736 424090 770794 772338 138782 151955 517514 665504 416787 410044 633676 491558 718491 740277 555556 787549 291561 339580 883257 678162 561111 441315 458734 255394 590464 318041 559531 333041 425954 509521 702591 343322 317751 566558 627284 506246 392232 445321 286754 458622 309532 469837 448492 356427 94059 818565 307138 508233 568211 363046 376134 778085 417071 518669 433981 405990 531122 676856 189021 716133 625029
550622 700928 705754 913563 609640 724280 456312 869893 87528 547447 153981 270016 999999999 458683 809421 540151 280280 93800 529109 512188 669125 351601 581323 473319 393245 234298 297153 382167 89662 605391 795236 620979 254940 804092 169981 863971 462314 655795 390135 173781 433243 733344 835720 391004 120903 517343 808353 177440 679322 677204 242064 742965 854356 338521 629729 501783 225491 695847 748343 619119 429226 563414 306503 459871 199478 572642 453949 561086 437623 477041 512240 337019 689815 643725 238808 326240 261417 394746 484003 556636 546745 689553 185892 234066 882857 324351 297793 326927 633056 196170 815227 559435 575069 429293 563733 713750 765111 278224 575494 743042
510776 242300 251852 480629 631367 363574 256255 486358 383298 470635 603086 465498 458683 999999999 350870 280460 736987 550412 120635 84398 211843 134116 418418 272138 323166 454891 233731 261477 372733 196043 463846 189555 480846 345638 519390 417900 8510 228823 839437 285220 43854 305309 384953 443889 461315 58820 437205 406562 734170 224335 451723 284284 441142 777391 420804 381915 242119 549220 306299 182728 29457 210174 210114 242346 648185 114234 218360 260481 114515 497288 306019 148487 316046 185043 606153 141255 718378 214299 56504 492530 158916 554264 304617 530390 430995 160131 743959 461934 676516 654836 357096 272521 147294 32141 301748 432694 336070 628061 338983 350035
707339 108611 116411 219038 829741 329214 484115 337499 733722 658951 953483 777110 809421 350870 999999999 438782 1087806 900673 313497 312610 147008 468379 569132 486428 585708 775453 556284 546343 722732 260386 412044 235490 797387 6649 861451 133822 347676 209847 1189051 636086 378104 203901 93976 711254 803238 292514 336168 745333 930194 143483 777883 67306 250221 1125360 551342 582680 591326 678256 134688 217372 380305 337856 535775 481541 996471 236780 452944 395506 404306 746514 490782 483906 299666 166040 945551 488713 1069219 491069 330414 680575 310370 669632 650687 855839 114723 496893 1093388 765879 877229 1005591 14746 410879 258545 380212 440419 462869 176636 956199 492107 267466
270586 363818 326640 430299 394701 196936 84534 341879 500604 222961 693007 389566 540151 280460 438782 999999999 806085 610596 389313 352263 372512 240556 145458 70746 177777 401801 245329 519667 454847 182150 255188 421109 414586 432137 666960 415679 288172 228983 923368 407861 247555 514090 407392 288101 476134 290434 278126 577921 497250 305226 644084 396167 351673 877756 701165 143954 405182 829494 315822 233120 282210 104807 242214 518693 679077 293375 91639 43509 391353 753841 53207 246550 178762 333846 754066 350135 787395 148060 229466 245235 152335 276272 469324 481536 450132 253569 835075 682717 442274 716290 435002 29531 207942 269827 25548 179714 301032 578576 619376 237265
757978 979200 985612 1192983 780714 996466 721564 1142842 354646 768322 137154 462169 280280 736987 1087806 806085 999999999 196362 798210 785100 945667 631681 822763 736560 643058 433236 570476 616687 369541 884776 1060308 890491 437393 1082616 273863 1144238 740149 935703 120224 451950 713099 998966 1115933 600864 332655 795308 1080284 378319 822299 957131 396094 1020996 1131866 109278 836298 743053 497978 868322 1028585 899382 707587 839586 582639 699796 147968 851200 724684 831472 704107 620612 771665 616964 964610 921817 239342 600713 18955 665870 764115 771663 825818 910661 444934 378478 1163037 604201 66414 471572 789579 89866 1094049 828026 855289 708323 828126 971961 1044690 335869 799363 1019229
584650 792353 795425 998049 626298 800186 526067 946530 179898 588823 96616 289485 93800 550412 900673 610596 196362 999999999 622869 605622 761490 438536 634992 541508 451268 256185 374167 470689 177978 690016 865299 714689 268026 895243 196927 951301 554329 741624 312788 266561 523330 827143 924204 424147 143822 609191 884046 249501 684275 766759 300429 834513 935886 272273 713437 554891 319265 771213 835503 706612 520975 643417 386717 550108 107617 664004 528420 635305 531406 541069 577642 423521 768265 735331 234610 419647 177479 469549 573336 594859 630830 732086 277935 224394 971474 410606 226921 386687 643350 107670 906122 632094 662252 520495 632994 778743 850017 232641 662933 823000
630265 213407 247649 489562 751516 432115 374769 532794 445740 589174 661369 576187 529109 120635 313497 389313 798210 622869 999999999 37538 167688 246903 531752 389600 443688 562200 346407 233827 450465 261985 536208 92292 589419 309993 555356 413666 112160 271965 891581 358275 164182 205160 374450 563385 553119 100079 493954 438256 854485 227814 465479 248171 470879 824300 319954 500385 303621 452805 318523 225611 137749 303479 322525 178385 726229 125677 336419 362641 94943 449494 420714 259473 383541 163495 636853 205068 780268 334924 160901 611269 247998 665508 353401 633918 415136 269342 795983 452950 796862 721982 323879 376568 210794 147538 408076 523517 360960 728621 240291 402453
592910 207456 234503 475573 714351 402310 337320 508765 430927 551693 648876 545283 512188 84398 312610 352263 785100 605622 37538 999999999 165701 214360 494372 352079 407492 532626 314318 244237 430783 231139 505994 112245 559384 308452 549560 403047 76049 246329 881614 339399 128228 228783 365391 528168 529148 64954 467186 433049 817401 211767 466072 245698 450898 815898 354020 462907 287630 486061 301885 198966 104323 268225 290466 199451 707369 101296 298942 326351 92908 468865 383222 227632 353664 152864 633070 185974 766902 298499 123469 573805 212931 628363 342018 605890 408175 238169 785868 460492 759804 706754 321687 340061 179365 113041 371337 489465 341342 701825 273419 376170
640827 48245 96345 329856 765436 334231 394946 400361 591046 594266 810394 662447 669125 211843 147008 372512 945667 761490 167688 165701 999999999 338983 515825 402592 488418 656365 433719 401440 584172 195434 434999 102137 680479 143042 715022 249791 207363 169776 1044848 495346 245145 145394 209208 615378 672034 153173 375224 598671 868651 91147 630949 80627 326050 980185 439415 509832 447903 571874 170690 142813 241062 268259 411466 340919 859979 103241 358788 333341 257325 610088 418748 354331 290293 38888 798762 345077 927233 384165 204099 616741 222697 635446 505575 734671 248057 366928 949107 620638 812818 865026 156606 349428 165468 243020 382285 453143 219893 833926 370385 286649
412259 362102 358796 562395 525833 390669 179580 531422 289088 378873 503281 331538 351601 134116 468379 240556 631681 438536 246903 214360 338983 999999999 350453 199645 210450 320881 100006 289762 262142 254674 477087 323355 346732 462553 445940 512830 141284 304239 740863 188134 94354 439388 485862 320799 334926 188379 473267 345860 626054 330021 407453 404372 506448 684712 506468 294203 169377 624379 397065 268078 110060 223295 76210 308703 529777 236224 151842 242343 196169 518075 242263 15530 350131 307246 534463 113612 612770 113940 137978 399021 197120 486830 236037 397107 533184 28531 647024 442295 568526 545602 472347 247407 223760 102447 265958 417903 413844 495562 426667 398867
145143 503583 462144 519535 262011 273534 171281 394908 562329 97956 726262 368508 581323 418418 569132 145458 822763 634992 531752 494372 515825 350453 999999999 151802 188698 392190 315956 639786 506312 322009 277473 566535 394789 562572 729588 524209 426535 362748 942799 483503 381329 658634 524179 235896 491882 434087 334895 656894 361140 443406 728806 533007 433608 907264 838160 80112 496774 963819 438803 374336 415697 247710 323407 649351 683448 438833 204383 182489 524548 867720 112747 351371 279677 477462 812473 464064 804939 238116 370911 116455 297649 137288 554283 461757 562401 354210 861622 779317 309124 733887 563488 166415 352553 403226 133565 173706 413059 547783 756365 331578
242963 401637 371119 496674 366692 267365 20368 412601 438422 199928 625358 320238 473319 272138 486428 70746 736560 541508 389600 352079 402592 199645 151802 999999999 109039 331455 182793 488264 389662 226047 323807 435790 344945 479800 605859 476432 280503 278335 854278 349627 232657 537899 464533 227099 405885 296097 348864 522128 470344 346807 590986 437638 420059 809914 688915 111376 354049 813206 371055 272033 266445 149448 183805 498117 608554 312148 53960 105941 374410 717684 43674 201827 246388 363792 692034 313128 717928 91027 229908 222228 181100 289000 415463 411555 508917 206052 766740 635532 413428 646716 484264 96954 238201 254068 91571 241020 362141 509218 607288 304914
205027 494240 469389 605692 315411 374448 104116 518215 374607 178726 540295 211792 393245 323166 585708 177777 643058 451268 443688 407492 488418 210450 188698 109039 999999999 225290 140726 490660 317701 327166 421763 505080 236904 579149 541365 583831 331597 381234 762305 301224 279507 614719 570172 127031 310404 361770 454361 473132 415780 443397 546736 532648 528887 722959 716777 110755 323600 832904 476144 368599 308158 253942 155734 518190 509397 390444 132797 214977 405826 705448 132811 204419 355317 450511 623828 315751 624779 109240 295500 196115 275540 308553 374993 304110 615292 201661 678154 603306 358186 553387 584747 205477 330018 297147 194656 329297 469965 400798 637116 413870
328652 673905 660473 823728 376008 598724 321733 743256 266462 335423 352409 35724 234298 454891 775453 401801 433236 256185 562200 532626 656365 320881 392190 331455 225290 999999999 222824 509142 203797 529011 646094 643432 29275 769198 403977 793723 461845 584019 553446 258365 414735 759850 775010 168715 116730 508718 679409 382588 445670 632392 457037 715320 750200 524336 762600 313694 313260 855520 681116 561088 429503 464376 245660 567072 291406 553147 338696 436108 491609 670574 358074 306411 576551 622168 470765 372553 415996 288498 452282 339917 471300 478279 325892 81591 821653 295027 477281 534491 398768 346011 777102 428326 517833 422983 419778 550661 682458 181942 692649 634731
344540 452741 442975 627062 448451 427318 163873 573250 255833 319379 450993 231788 297153 233731 556284 245329 570476 374167 346407 314318 433719 100006 315956 182793 140726 222824 999999999 353450 210090 321306 499352 423203 247788 550182 423089 586652 241085 375073 685046 168331 192440 539010 563783 230306 253044 286183 511374 341784 544989 414442 412934 494546 562215 635667 588976 245176 183452 699827 471523 346136 210052 269463 23883 388737 455083 330478 156993 264004 288417 564758 225101 86935 394169 399998 509491 182990 551562 97932 229760 336795 261848 444888 238381 301094 611034 77766 594361 464879 488273 481627 558879 262883 301807 202329 269829 422979 480387 400825 511603 448884
695661 447136 478431 719802 801887 625045 468535 745045 295511 665847 481484 535399 382167 261477 546343 519667 616687 470689 233827 244237 401440 289762 639786 488264 490660 509142 353450 999999999 331190 456617 724807 314329 538392 543114 350991 646308 257116 483421 694578 252229 278643 403103 607719 579709 452404 294603 697977 238535 897607 456001 243624 481760 692827 622476 255050 583172 195938 349779 545963 435754 246495 467895 335392 83427 578280 343840 437622 509796 154525 236722 529829 290745 577489 395500 423065 176740 600459 403532 317263 685072 419463 776479 199682 559968 648911 290646 601359 219565 841256 553517 557178 519154 406243 257545 543875 686820 584021 637648 193635 609474
491474 614464 617635 823920 564399 636173 371871 781423 64258 482284 243011 237480 89662 372733 722732 454847 369541 177978 450465 430783 584172 262142 506312 389662 317701 203797 210090 331190 999999999 515736 709371 541349 230584 717287 224415 774784 376844 566249 479741 92388 345389 655585 746957 337007 121751 431546 720228 179610 643333 589003 254986 656655 764837 426871 585437 428123 150650 665757 659087 529931 343331 474294 217897 402096 276660 486119 367058 473923 362101 468339 429970 247467 600971 557514 306168 245531 350633 308019 395611 493894 457084 621744 133081 234810 794162 234757 387012 330762 593051 284007 728145 472970 485777 342607 478942 630674 675484 306545 523654 653811
452736 181975 145596 308218 576779 171418 224326 290796 543296 405037 757773 526362 605391 196043 260386 182150 884776 690016 261985 231139 195434 254674 322009 226047 327166 529011 321306 456617 515736 999999999 274863 262779 548396 253756 695576 265845 199704 55043 995215 442025 192235 340305 246084 451579 574350 167969 241369 588565 679092 123112 640811 214178 253377 939369 581120 324681 414172 714462 152107 52676 216396 78181 305023 427415 775797 140142 195274 140466 304687 690940 232371 268725 122838 158166 783898 324491 865829 240516 143109 427237 59507 440048 480871 610515 292642 281193 901611 656788 624364 797592 258349 156524 51898 208139 188676 266993 160001 710952 502181 154314
414925 399336 345349 276708 513389 104260 339501 125095 752910 372044 948194 628583 795236 463846 412044 255188 1060308 865299 536208 505994 434999 477087 277473 323807 421763 646094 499352 724807 709371 274863 999999999 524018 654637 406728 917555 314841 468915 270621 1178078 657120 448392 573586 333838 506396 728976 442605 81559 822551 598028 343900 884199 408100 191934 1132944 853703 341808 646422 987445 283680 312809 478772 259508 494013 701407 930469 411905 342701 237360 576560 961082 289710 486648 152690 406741 1005409 574048 1041698 401446 407647 386491 305345 308658 712779 722521 356004 496056 1090193 912662 556116 970451 400773 236628 326706 468317 232308 104057 236123 814858 775840 150156
678726 150090 197111 431413 802388 420722 423950 499358 537941 634715 753625 654892 620979 189555 235490 421109 890491 714689 92292 112245 102137 323355 566535 435790 505080 643432 423203 314329 541349 262779 524018 999999999 669798 233092 645950 350085 182118 253497 983397 449420 232108 116687 308806 629174 641304 143312 470000 528804 906017 186345 552496 175382 427375 915685 338419 546901 395553 471528 271712 214740 213933 323079 399514 246226 817564 128071 385592 387413 186764 511822 460483 337324 374009 118825 726315 295842 872557 396131 209852 657203 269674 694573 445644 717530 344682 348437 887859 533497 848910 814189 247603 402833 218703 220910 435807 529485 319835 813854 268282 379398
320827 696858 681958 839801 359216 611351 336623 754826 292434 331762 364642 26319 254940 480846 797387 414586 437393 268026 589419 559384 680479 346732 394789 344945 236904 29275 247788 538392 230584 548396 654637 669798 999999999 791078 424918 812122 487937 603439 557290 287460 440157 786054 794473 164150 134767 533970 690988 408458 424508 654078 482368 738031 764834 531938 791875 317879 342522 884604 700380 582046 455899 481846 271007 596280 292592 577358 356042 450460 519914 698242 368857 332508 591087 645812 488783 401198 420728 308178 476411 334337 491354 473455 354412 67889 840873 321398 484470 560828 379393 352005 798671 441865 539220 449068 431368 557358 700052 164438 721870 649497
700718 103533 109902 217432 823143 323291 477516 333457 728631 652334 948409 770759 804092 345638 6649 432137 1082616 895243 309993 308452 143042 462553 562572 479800 579149 769198 550182 543114 717287 253756 406728 233092 791078 999999999 856991 132054 342539 203199 1184106 630830 372504 204910 91527 704666 797374 287384 331197 740972 923623 137096 773992 62809 246479 1120577 551094 576033 586350 678464 128552 210864 375058 331212 529734 478930 990849 231478 446392 388863 400360 744487 484133 478078 293416 160994 941243 483796 1064014 484657 324609 673965 303842 663311 645940 849624 114934 491073 1088460 762610 870633 1000260 14650 404240 252153 374833 433797 456836 171081 950001 491145 261707
713681 754251 770643 997476 778367 835895 586928 977358 167842 706309 151006 439699 169981 519390 861451 666960 273863 196927 555356 549560 715022 445940 729588 605859 541365 403977 423089 350991 224415 695576 917555 645950 424918 856991 999999999 937270 520357 740023 343590 260504 506811 747196 904050 556180 290619 573919 918961 117147 849280 743539 122535 794208 948953 271938 562436 652023 281547 598942 824729 697536 491618 669036 424767 434334 284642 630725 576180 680195 460659 356532 647802 434202 796062 697326 88534 378221 259893 518970 558934 717359 640797 846148 215604 400411 949653 423535 250934 202609 802701 230899 869747 681667 656350 495882 691942 845775 850162 427607 527256 844186
668588 201800 169023 85418 785233 256064 479769 218030 795735 620309 1013983 789327 863971 417900 133822 415679 1144238 951301 413666 403047 249791 512830 524209 476432 583831 793723 586652 646308 774784 265845 314841 350085 812122 132054 937270 999999999 417201 211586 1251601 694944 433630 336730 41956 702656 839580 364936 233645 824147 880868 194492 865372 176187 129827 1192290 679100 555523 658266 808117 115813 244858 445746 330796 569503 590023 1039988 309004 456293 373253 495617 859817 468720 527785 244932 250808 1024013 559057 1125355 505503 381616 640265 325007 603363 722191 875309 41213 540696 1156846 863539 831691 1058432 119097 386151 289070 442118 409486 387406 114659 975537 615602 193874
519269 239065 250386 481019 639877 368173 264685 489507 386110 479084 605903 472794 462314 8510 347676 288172 740149 554329 112160 76049 207363 141284 426535 280503 331597 461845 241085 257116 376844 199704 468915 182118 487937 342539 520357 417201 999999999 230796 841953 288667 52183 298123 383713 452154 466817 55162 441044 406967 742679 223185 450905 280865 442963 779467 413009 390356 244312 541717 306367 184234 33938 216396 217404 235871 652650 111562 226752 267612 108394 492465 314199 155454 320436 181668 606844 142654 721580 222765 62491 500989 164460 562267 306032 537020 429515 166904 746406 459543 685025 658412 354202 279830 150191 38870 309277 439139 337215 634461 331207 353335
498328 144760 99425 258680 621452 167256 277838 262663 591211 450111 807370 581383 655795 228823 209847 228983 935703 741624 271965 246329 169776 304239 362748 278335 381234 584019 375073 483421 566249 55043 270621 253497 603439 203199 740023 211586 230796 999999999 1045019 489900 233418 314217 191042 504836 628036 188948 222081 630706 722792 83531 679622 170477 212341 987908 584878 372842 458573 718764 97140 47749 252872 128931 358124 445754 828838 146352 249882 185813 329148 714021 280948 318784 121276 137584 828000 364702 916775 295533 181691 471967 113512 472930 524562 665509 237648 331508 950948 690295 669022 849052 206549 201346 83747 246380 231653 283515 110341 765961 508519 130504
877632 1080581 1090210 1303234 897314 1112086 838843 1258232 456479 888451 237694 582201 390135 839437 1189051 923368 120224 312788 891581 881614 1044848 740863 942799 854278 762305 553446 685046 694578 479741 995215 1178078 983397 557290 1184106 343590 1251601 841953 1045019 999999999 556730 818485 1088115 1221875 720941 452018 896985 1196062 458263 934899 1062015 458747 1121876 1244464 75953 895349 863022 597771 911027 1136364 1007097 810282 953109 695939 777922 266086 953492 840514 947577 796704 660458 890092 726551 1079007 1023125 281370 700343 137861 781459 870187 891620 936751 1030680 539613 497443 1268685 714025 95755 522630 904363 209061 1196037 944668 963458 812029 945777 1090828 1154698 448247 867440 1132820
495654 527519 534024 748575 584811 575953 330038 718507 101329 477620 319287 286736 173781 285220 636086 407861 451950 266561 358275 339399 495346 188134 483503 349627 301224 258365 168331 252229 92388 442025 657120 449420 287460 630830 260504 694944 288667 489900 556730 999999999 261822 563336 665217 354858 205418 343759 659329 173507 672617 505667 245724 569464 694467 498055 507046 410281 60124 597155 579891 450718 255781 409757 166157 316813 368156 399358 316559 419772 269760 422477 392600 175289 537079 470227 348636 153622 433284 260522 313456 492671 385120 609549 76037 308168 712110 163962 461905 304426 618880 369766 642156 421556 407450 256377 433089 587343 600100 390089 440793 586827
468941 270533 272529 490756 588820 351595 215870 481980 362222 429657 581109 424090 433243 43854 378104 247555 713099 523330 164182 128228 245145 94354 381329 232657 279507 414735 192440 278643 345389 192235 448392 232108 440157 372504 506811 433630 52183 233418 818485 261822 999999999 347065 403401 400042 427197 94069 429188 397423 691405 244033 448577 312875 444176 758660 456855 341147 225689 583080 319239 190915 34685 189710 169162 271148 618371 143073 178697 232497 143989 515313 268588 109483 305768 214594 594662 132271 694330 170854 52255 451360 144732 518023 291247 491413 450292 121901 723486 466954 633722 629133 383034 243027 149672 22272 270248 408517 343387 589912 375087 345722
779325 174317 228241 422146 903787 475546 528025 524001 648946 733716 861828 770794 733344 305309 203901 514090 998966 827143 205160 228783 145394 439388 658634 537899 614719 759850 539010 403103 655585 340305 573586 116687 786054 204910 747196 336730 298123 314217 1088115 563336 347065 999999999 295466 740246 757413 255328 508051 630581 1007349 232443 646365 171438 441646 1018670 352605 647540 507976 476107 295137 287863 330387 411023 515421 325013 931076 226005 490371 476361 295971 569887 558033 453551 433409 182173 824207 410227 981331 506710 319770 756258 362208 780295 554434 834189 317915 464823 993040 616643 950866 924839 218570 492354 306181 336989 525406 597705 345823 930530 302207 423574
667142 161565 133488 126933 786130 263857 466156 247568 765506 618624 984502 772338 835720 384953 93976 407392 1115933 924204 374450 365391 209208 485862 524179 464533 570172 775010 563783 607719 746957 246084 333838 308806 794473 91527 904050 41956 383713 191042 1221875 665217 403401 295466 999999999 691598 815998 330400 254353 790090 883656 160621 829511 134395 159167 1161439 637145 549668 626517 766200 94239 218389 413353 316237 545644 549958 1014880 273866 440162 364186 458219 819265 460593 501053 245068 212597 990298 526184 1097104 486551 351909 639233 303927 611413 689569 856471 47368 514059 1126807 825646 833061 1030932 79476 378062 262989 410488 403733 397766 111493 956950 573813 200371
160803 621090 595143 717786 230205 477705 227263 615167 400721 167638 519829 138782 391004 443889 711254 288101 600864 424147 563385 528168 615378 320799 235896 227099 127031 168715 230306 579709 337007 451579 506396 629174 164150 704666 556180 702656 452154 504836 720941 354858 400042 740246 691598 999999999 281800 486033 552094 512458 319305 569558 588417 659220 637166 693048 819225 164593 393915 928358 598150 494627 426013 376249 252026 618945 456717 516872 259104 329606 516124 776319 236178 311319 466153 577524 629807 413129 583914 233535 420514 171215 401710 309854 430693 228708 735777 305078 645959 656690 264438 514381 709819 317491 456744 415857 298745 405235 588083 311893 741869 524315
442595 696959 692434 879409 492490 669704 391969 816109 173133 445277 238323 151955 120903 461315 803238 476134 332655 143822 553119 529148 672034 334926 491882 405885 310404 116730 253044 452404 121751 574350 728976 641304 134767 797374 290619 839580 466817 628036 452018 205418 427197 757413 815998 281800 999999999 519242 752852 285506 559223 663694 356322 739254 812236 415754 706982 411851 265540 786911 724269 597785 432915 519887 270358 521370 203879 570250 399145 504295 470189 582973 439641 319397 641181 641665 354417 349828 314392 341894 472893 451814 514888 588534 254829 117371 863324 306455 369798 438401 513994 243014 806963 499492 553233 429506 497340 639405 733264 185388 644127 697640
538731 183903 196913 431505 661612 339385 282944 451245 441252 495964 661039 517514 517343 58820 292514 290434 795308 609191 100079 64954 153173 188379 434087 296097 361770 508718 286183 294603 431546 167969 442605 143312 533970 287384 573919 364936 55162 188948 896985 343759 94069 255328 330400 486033 519242 999999999 406861 459690 765103 170452 500875 225723 398681 834232 418928 407468 299256 551010 256402 141222 88222 203529 263074 259626 706970 56865 244397 262685 140211 525569 324373 203399 290802 126511 659928 197164 776736 252837 66979 518309 148126 566689 360306 585473 375751 215633 801408 504512 707762 713470 299092 276769 116080 89873 308535 424511 290740 683870 338373 316727
477758 335423 281316 196975 583081 84073 361213 63855 758291 432341 962291 665504 808353 437205 336168 278126 1080284 884046 493954 467186 375224 473267 334895 348864 454361 679409 511374 697977 720228 241369 81559 470000 690988 331197 918961 233645 441044 222081 1196062 659329 429188 508051 254353 552094 752852 406861 999999999 817944 671491 284785 875065 338854 110935 1146837 805626 389220 641319 939464 213532 268515 456205 249978 502362 666070 956362 368280 355629 248894 545556 931866 322186 484758 124018 351204 1007427 559825 1061457 414609 383023 448933 284787 384343 708426 758419 274744 495536 1105735 896056 627214 990791 324181 253429 292046 447056 259705 170091 163574 854029 730168 91641
661804 638557 656603 886585 741695 736048 502297 874555 116126 647272 244158 416787 177440 406562 745333 577921 378319 249501 438256 433049 598671 345860 656894 522128 473132 382588 341784 238535 179610 588565 822551 528804 408458 740972 117147 824147 406967 630706 458263 173507 397423 630581 790090 512458 285506 459690 817944 999999999 822570 629904 75978 678164 841450 388092 466977 582974 176710 521962 712776 586967 379590 568431 338323 321837 354064 516311 486284 586235 343630 299816 565369 335905 694160 581881 200443 266352 362331 432082 449026 661127 535860 781680 109827 402864 835285 326684 363989 153033 771690 318986 753874 589500 546983 384804 603365 757628 740296 455477 422953 739745
228038 860992 821920 866261 103654 625546 482256 723117 707512 274464 779345 410044 679322 734170 930194 497250 822299 684275 854485 817401 868651 626054 361140 470344 415780 445670 544989 897607 643333 679092 598028 906017 424508 923623 849280 880868 742679 722792 934899 672617 691405 1007349 883656 319305 559223 765103 671491 822570 999999999 801863 898246 892339 779026 927671 1131691 359844 713205 1244801 799772 730369 721974 602048 564823 932195 675869 782174 520758 538697 821595 1094903 449932 619224 638588 829801 912209 727352 809013 521228 698259 252066 646165 290157 747941 459932 920127 615191 880069 970903 57709 748909 924627 522709 703221 710470 491328 501645 772193 486872 1052537 687000
575801 61253 28776 263864 699742 243698 343037 313160 605541 528019 824878 633676 677204 224335 143483 305226 957131 766759 227814 211767 91147 330021 443406 346807 443397 632392 414442 456001 589003 123112 343900 186345 654078 137096 743539 194492 223185 83531 1062015 505667 244033 232443 160621 569558 663694 170452 284785 629904 801863 999999999 671003 91165 244397 1001072 524350 447673 465989 657726 90719 74980 252764 201141 394572 406196 859758 114671 310626 263187 303182 677299 355365 345452 200967 68245 829963 365574 938359 347595 193424 550166 167880 556151 528951 713000 206873 358504 966800 671205 747333 872943 144727 279156 115062 250136 310781 365816 134977 813453 451896 195593
737238 673514 696538 931805 817670 794489 570915 929851 191003 721932 271961 491558 242064 451723 777883 644084 396094 300429 465479 466072 630949 407453 728806 590986 546736 457037 412934 243624 254986 640811 884199 552496 482368 773992 122535 865372 450905 679622 458747 245724 448577 646365 829511 588417 356322 500875 875065 75978 898246 671003 999999999 711417 891736 384495 440515 656005 239038 477784 756888 634292 426751 627202 407658 325081 398550 556378 552617 649623 373651 240726 634500 398960 751048 618175 180793 316355 382372 500268 498719 736123 590853 855203 175525 473214 873453 390860 369186 86363 847548 351310 787463 653927 596463 433554 669620 823443 787766 519120 408701 793962
666677 42344 71188 259747 790452 315093 433346 352581 666752 618784 886472 718491 742965 284284 67306 396167 1020996 834513 248171 245698 80627 404372 533007 437638 532648 715320 494546 481760 656655 214178 408100 175382 738031 62809 794208 176187 280865 170477 1121876 569464 312875 171438 134395 659220 739254 225723 338854 678164 892339 91165 711417 999999999 270646 1058075 503512 538817 524203 633529 125344 165606 313740 292277 473442 419497 931056 170548 400116 353868 337766 687042 446505 419895 278038 99242 878434 421535 1002438 434129 266533 640864 257717 642234 583394 795122 169417 432809 1026198 701089 838046 939120 76046 369763 202703 314050 401033 444393 175523 895217 439425 258301
578407 279971 230266 87237 688205 161283 428506 88607 795535 531552 1007736 740277 854356 441142 250221 351673 1131866 935886 470879 450898 326050 506448 433608 420059 528887 750200 562215 692827 764837 253377 191934 427375 764834 246479 948953 129827 442963 212341 1244464 694467 444176 441646 159167 637166 812236 398681 110935 841450 779026 244397 891736 270646 999999999 1190530 765448 478966 667528 897858 155680 258822 465066 292804 549230 648804 1015894 349745 414172 314374 538320 919471 401561 519891 173749 312147 1037268 576179 1112917 470382 393169 549568 309351 493796 734152 830997 169584 531952 1151751 902214 733204 1043510 236512 323432 295281 458225 338541 277722 109919 929207 695135 115479
852374 1017175 1028993 1246556 882248 1062764 793534 1208239 396831 859299 184804 555556 338521 777391 1125360 877756 109278 272273 824300 815898 980185 684712 907264 809914 722959 524336 635667 622476 426871 939369 1132944 915685 531938 1120577 271938 1192290 779467 987908 75953 498055 758660 1018670 1161439 693048 415754 834232 1146837 388092 927671 1001072 384495 1058075 1190530 999999999 819830 827162 535274 835158 1077625 948599 748514 901047 644702 705647 251829 890980 792376 899544 729359 584594 847463 670876 1027835 959797 205900 637097 119524 733166 810714 864253 881608 1002414 474700 477180 1207943 658661 47848 446927 893207 180859 1132807 897659 905485 750966 900936 1049006 1098034 442662 792979 1080386
918013 486145 535332 763245 1032178 749446 671299 837509 545332 882265 707935 787549 629729 420804 551342 701165 836298 713437 319954 354020 439415 506468 838160 688915 716777 762600 588976 255050 585437 581120 853703 338419 791875 551094 562436 679100 413009 584878 895349 507046 456855 352605 637145 819225 706982 418928 805626 466977 1131691 524350 440515 503512 765448 819830 999999999 794928 449646 133887 609914 540978 422627 622141 567855 200303 819871 441943 635062 678759 314812 260903 725431 512566 701192 456260 613986 406114 822091 616556 472670 903224 566934 974646 452819 814991 665986 516544 808607 373187 1074349 785033 565506 691772 530434 435068 721951 843324 658254 891966 81839 714202
131939 505067 469937 562083 256249 317962 125700 451791 485361 88791 646193 291561 501783 381915 582680 143954 743053 554891 500385 462907 509832 294203 80112 111376 110755 313694 245176 583172 428123 324681 341808 546901 317879 576033 652023 555523 390356 372842 863022 410281 341147 647540 549668 164593 411851 407468 389220 582974 359844 447673 656005 538817 478966 827162 794928 999999999 428307 916740 459116 374237 374091 246540 255773 600775 604518 422368 163966 187391 480164 805659 92313 292427 312558 470944 734101 406432 725165 180409 341186 110939 287137 199734 482870 385398 591321 293131 781553 710050 303361 654049 578956 172458 344419 361913 146131 241145 441359 474436 713678 369194
