NAME : synthetic_000642
TYPE : CTSP-D
DIMENSION : 100
GROUPS : 8
RELAXATION_LEVEL : 1
EDGE_WEIGHT_TYPE : EXPLICIT
EDGE_WEIGHT_FORMAT : FULL_MATRIX
EDGE_WEIGHT_SECTION
999999999 701086 536533 296941 475391 691341 513459 495140 506900 220116 233959 772310 374908 654050 100519 477634 319366 158032 195532 438440 580536 505140 285728 571051 796614 659924 142573 314843 628192 455540 300358 616722 361639 241817 588659 360356 276041 135341 524497 259493 604256 573963 550357 287356 616905 638718 638885 400629 485714 327912 517244 305282 467476 371225 387466 613993 783756 327988 277508 450907 224520 506641 645438 639562 155684 473085 120128 626056 258608 107427 257245 627241 207116 713242 649980 235915 224697 284689 572324 559921 304614 239073 198315 360800 275380 451946 588633 374686 637857 666740 803882 641964 580670 114882 128938 636283 504823 247265 65879 494591
701086 999999999 940831 702697 265423 637089 196427 300673 753518 484003 788370 885881 976200 318450 801068 421895 497661 568773 895911 404885 579404 700903 985048 963449 194864 950952 678294 1015841 168609 848036 769599 173823 537250 859617 316357 709630 682505 668656 255441 588824 927239 131675 410121 740967 195812 382720 813370 751412 223903 392077 272117 932807 235544 610342 370594 599025 421851 1025217 578512 588785 723480 895359 66380 476851 789137 513507 586106 400780 446795 797746 806143 478955 678653 999546 740526 615288 919082 426520 326639 945829 1005647 617218 675949 619441 750062 713142 272519 1067197 250856 959696 216494 162522 678839 603738 661010 262321 309290 741322 723661 207985
536533 940831 999999999 833048 839518 478402 825474 640616 208357 580589 759233 359533 280016 699515 542837 525216 801629 501109 526114 885842 1081109 264505 535576 34545 921113 157843 409219 574487 962640 97418 240719 953518 406500 335694 658520 241050 303498 669804 686149 775893 103419 858341 999915 823308 965785 639920 259474 193206 736617 728017 669773 329603 776503 892389 803354 440432 745489 531418 791001 963595 319608 45474 915735 1103748 395496 438352 534783 616596 658199 481627 282665 554609 354827 197363 342258 759806 609915 590547 641973 27601 572267 763536 733661 324651 810406 231397 976543 518988 1013182 160534 914586 800907 338055 613374 661866 727461 907655 294374 596618 793229
296941 702697 833048 999999999 437347 918551 510208 618040 783719 357045 131003 1043542 655236 785115 322616 657422 205071 376039 401451 314564 337092 771235 475779 867524 855684 951344 428953 480675 569877 749689 594806 559186 589949 529001 723484 641379 556969 163656 627426 120255 897053 573879 386584 43558 548074 794516 912929 686302 542650 330696 628162 581829 484987 126102 332386 841527 930284 520075 125934 205790 516922 801939 636880 439132 447907 688377 326936 789540 319197 374712 554010 816885 490934 1005612 908116 105581 359029 411224 711753 856013 471415 101906 99742 618518 59835 725929 488089 574414 538240 958537 869864 712229 833200 237189 172355 747565 413139 541039 241746 510013
475391 265423 839518 437347 999999999 679281 81335 295069 689903 283061 527520 890051 803481 427760 570770 402168 232413 376390 669439 150375 364843 648556 760027 868364 430599 892859 493656 785893 152965 742115 625875 141455 446469 674309 383383 598609 543992 416954 274704 324887 855081 139198 207973 476006 142273 466115 786177 647564 166464 147521 285379 747673 89747 347892 106124 616843 570483 803068 313732 337920 561609 795761 199535 308936 592992 481296 375194 472508 219427 580272 640026 532361 515777 947011 737407 352600 679339 251549 380540 851754 775508 354240 415931 521751 485610 636887 137128 850022 175896 901592 447645 305887 662811 366039 410712 374715 84570 584427 484052 98864
691341 637089 478402 918551 679281 999999999 621832 386128 282479 563128 912152 257882 684405 322458 762126 282022 780958 552200 807174 797181 1025776 238005 863137 480839 535115 397812 560072 905561 735987 429871 486234 731470 333301 647199 323647 382165 442880 777172 416464 812918 406323 617726 885235 932096 751929 255371 238182 378332 517994 649596 402012 691973 590655 912021 707877 77819 296280 881164 818786 951356 515372 443782 644580 988137 640979 230278 602898 236338 617549 713942 563189 158543 503159 428519 144973 815653 878689 518814 317261 465857 898838 819648 830637 336914 927810 298566 798525 893593 813634 404841 520670 474570 146494 688748 766210 375378 763728 509074 754265 590601
513459 196427 825474 510208 81335 621832 999999999 235974 661521 303728 592125 844263 817080 353036 612174 353351 305563 394529 708991 231708 442147 615992 799075 852398 350602 864960 509824 827843 137231 728754 625609 128065 422216 692678 313752 585197 540392 472791 207762 394188 831325 64815 279455 547212 141864 396322 747965 632270 104406 196068 220761 766484 50850 426798 178421 564168 493277 840656 384890 419231 568186 780710 134293 374139 615911 438941 403520 404950 255469 614282 649400 469864 522126 917830 691938 419793 727040 256413 313211 835298 817542 421860 479655 501977 555550 611840 176709 885079 197168 873770 367147 224990 619794 411104 465379 298128 156242 589146 531055 33414
495140 300673 640616 618040 295069 386128 235974 999999999 453832 285813 657091 611605 699462 167925 592767 124776 439526 339361 675293 424659 652183 402433 757832 662847 315129 653494 426189 794466 357247 548805 483406 351292 240966 595998 105499 413274 397520 518118 45579 499302 627483 239807 502714 644221 370213 181603 523417 452801 131878 299075 29725 666097 205567 575288 340420 328711 312247 792430 498673 596449 449798 595164 283177 603748 539105 216088 375902 182689 299588 571211 530996 237350 408708 703624 460293 513236 719169 219556 95115 645218 785001 516667 552308 322013 646133 412474 412658 826639 430295 662291 317805 168800 391251 432012 507788 141232 379612 463476 539002 204480
506900 753518 208357 783719 689903 282479 661521 453832 999999999 468570 740807 265937 406593 494273 551057 331818 703059 412690 571784 763643 977968 56623 612152 220979 717762 203505 364329 654549 796311 147410 233866 788306 243719 391503 457481 146838 230886 623678 498427 701430 173725 684922 871831 784934 803374 432987 132162 115564 564348 602196 481647 423700 615860 814958 675055 234680 537466 623019 713057 874821 290164 167652 735848 978044 409617 240848 458635 409555 542851 493955 310175 346261 299784 257139 168670 693275 651289 456933 441823 203723 649274 697309 685662 176658 775820 58658 825763 627862 856458 212303 710105 605561 136362 547555 613749 525931 766178 274015 572709 628236
220116 484003 580589 357045 283061 563128 303728 285813 468570 999999999 374658 711181 520421 451645 320609 301904 234865 93329 412817 305257 510053 442365 501327 612161 577726 661048 210596 533171 430099 484446 351831 419068 242894 391843 386686 347098 277220 234485 309658 250130 614818 360344 419585 374937 423883 448689 587639 397287 265816 149745 304441 465452 254771 354858 224641 486833 590572 541219 257199 407746 282043 539634 431393 523163 312649 332939 102197 440587 77624 313743 358116 461218 237207 716708 566756 252887 443673 66863 372192 596799 523093 256844 276311 292162 373442 410332 413430 583583 457460 669322 585823 423152 489788 146500 223827 426106 336087 306057 255428 280812
233959 788370 759233 131003 527520 912152 592125 657091 740807 374658 999999999 1006024 553142 824555 221513 672516 301359 360352 283940 424452 468042 737590 350837 793694 924428 890189 376491 352330 670763 684163 529995 659578 578870 436111 760166 594314 509923 140301 674830 205672 833559 656935 509020 92794 651385 823305 872724 634170 604723 398991 672394 479270 558740 255244 421713 834335 965059 394103 220541 336597 456771 733087 724371 568221 364129 686246 309979 814747 363306 280766 476575 829941 441039 942536 881116 175672 231657 438591 746221 784049 343405 174529 112514 590033 74347 685544 598384 448377 649509 896687 936300 774323 809942 230039 151125 794500 518564 478250 168334 585581
772310 885881 359533 1043542 890051 257882 844263 611605 265937 711181 1006024 999999999 629009 577284 816214 490917 944783 668406 831286 987658 1211040 272410 863055 343538 792919 216079 629779 904692 968786 367462 494658 962895 469608 644571 569533 412747 496334 885909 649052 954455 257957 850923 1087714 1047180 981613 509357 133825 378383 740288 829245 633062 663563 805959 1064833 897084 287209 549323 868070 964489 1118259 555709 347129 886449 1193504 672653 408867 716689 488581 779963 758300 567693 409454 565295 217256 152670 949261 912538 685713 559970 335773 900488 953329 946820 425586 1038818 320506 1018981 864622 1040815 218684 778551 724279 228114 806388 875707 627337 972246 538522 838174 811370
374908 976200 280016 655236 803481 684405 817080 699462 406593 520421 553142 629009 999999999 812156 333937 615362 689879 427094 280284 800930 955439 446404 265010 307647 1011692 437779 309827 300562 948722 266622 221355 937938 467466 134545 755882 317402 303084 505186 742218 634311 381824 866456 915900 633754 943867 767435 510559 307491 753222 664766 728552 73904 766396 744289 735460 624522 899027 254149 652405 825264 252769 282389 934212 1010096 221978 553176 434883 746646 588930 280872 170105 706847 297647 475438 573386 609749 359510 560668 737668 307343 299867 612698 563526 399157 617644 386631 932145 238977 977429 440541 1011277 868064 538665 482813 500812 821193 851953 236350 416080 789775
654050 318450 699515 785115 427760 322458 353036 167925 494273 451645 824555 577284 812156 999999999 748995 197570 601727 496222 825811 570994 792573 437765 904221 715009 224952 673797 568815 942751 439757 618561 590842 437782 346141 724322 65463 502261 511481 685189 161163 665857 661777 327070 632436 811919 460342 68059 522862 530457 264707 461615 157621 789816 340969 736880 493565 296488 146831 935694 664433 751091 574600 655742 336195 725795 678764 266064 536891 90106 467300 721584 650748 168395 539172 716585 440172 680640 875783 386215 81912 697599 933716 684020 720218 414186 813998 469877 520476 965334 523723 682145 215974 157712 390326 598144 674750 58542 508744 583120 701743 329045
100519 801068 542837 322616 570770 762126 612174 592767 551057 320609 221513 816214 333937 748995 999999999 567143 396089 253576 99315 520788 638056 558668 189689 577041 896519 680779 202138 215739 723732 474177 324763 712214 440988 214720 683833 405603 326690 185824 623413 320935 623038 673325 628574 299821 711227 730091 682541 437989 586232 423416 615651 260138 566896 421132 478440 686068 875160 233703 339888 504673 260994 519969 744785 711131 148677 553130 219969 716190 356758 61249 262024 711492 260699 731293 705602 292039 126790 384861 667094 568490 205412 294232 236078 425735 283750 500605 678588 283588 728678 686706 903475 741902 641237 205013 185068 733593 594368 277788 95325 594137
477634 421895 525216 657422 402168 282022 353351 124776 331818 301904 672516 490917 615362 197570 567143 999999999 503527 321160 637333 515217 743761 279047 712386 545379 402623 529607 377587 751930 480079 436971 394298 473572 148585 527175 141051 310178 313962 532581 167724 544995 505481 363610 605530 676775 491560 164096 398855 343720 249534 368962 150899 592261 315928 637059 425859 215145 308550 742085 548542 671610 377396 480052 407774 709679 484846 91784 367695 149068 344113 533916 453180 159483 343230 579238 338618 552199 693127 247061 122994 527713 743231 556030 578034 219790 675310 294390 528373 769869 550076 538384 399486 275740 267554 442536 521636 208421 485874 385558 532069 320464
319366 497661 801629 205071 232413 780958 305563 439526 703059 234865 301359 944783 689879 601727 396089 503527 999999999 300962 493816 127936 279568 677101 581904 834559 653257 892851 399982 599992 369936 708049 563694 358869 475268 555350 543947 576706 500391 215439 440862 95687 844626 368928 232553 243688 350088 620751 822370 626356 346803 140493 444387 622831 283306 135788 127370 707422 748504 627040 82084 173514 486654 763199 431931 320552 467902 554526 268666 619489 165595 425116 549097 659131 447420 948526 798382 126413 483417 263367 534637 820193 589723 127106 194271 526901 253827 644654 298724 678682 350058 900963 668240 513706 721062 207166 213260 558713 217458 512216 301057 307214
158032 568773 501109 376039 376390 552200 394529 339361 412690 93329 360352 668406 427094 496222 253576 321160 300962 999999999 337444 389237 580516 396010 422786 533810 646535 594607 117267 457546 522891 407100 265759 511932 218997 298931 430888 277994 199521 225415 371312 288797 544859 448844 504852 383626 517092 481043 539211 326890 346439 240307 362827 372651 344702 403128 313815 474396 625991 460290 300866 467323 192201 462271 519170 606200 221671 326043 50769 468873 165065 234371 265743 474095 149214 650150 532170 281164 380221 142253 414428 519305 447818 285221 281916 242861 377674 354147 506146 499643 550619 602518 652386 492463 457689 139375 214533 480042 427706 217037 211028 369874
195532 895911 526114 401451 669439 807174 708991 675293 571784 412817 283940 831286 280284 825811 99315 637333 493816 337444 999999999 619319 727609 588745 90592 558923 983949 674739 260310 120490 822397 472304 338007 810892 501421 191619 761393 433172 364315 280644 708600 415182 616286 769366 725977 372196 810204 801409 699567 456230 678431 521966 699688 208940 662877 509368 577732 733579 945684 134392 434155 593578 292175 510992 840835 806234 166367 611895 310746 785820 454004 104314 263600 773277 306777 721451 734750 385113 83828 474902 744085 553173 110560 386936 324445 471727 354578 527494 777896 184896 827993 679652 989799 829744 676824 304105 281204 814804 693672 301584 192890 689919
438440 404885 885842 314564 150375 797181 231708 424659 763643 305257 424452 987658 800930 570994 520788 515217 127936 389237 619319 999999999 228775 730003 708151 917387 579342 961548 499654 727239 257631 789651 654670 247461 523509 666797 521511 651036 582419 342890 412699 220657 917548 286686 115848 356767 234501 603231 873399 701276 306299 161464 420823 736792 230482 207538 90634 728950 715896 753116 204312 187709 581189 844807 338679 217907 580145 582609 368314 606837 227643 545595 650827 659373 538380 1016981 836723 252408 611234 306787 516185 901953 716938 252566 320871 587889 369640 706847 174304 804175 225195 970007 596957 455927 759864 323741 340169 520364 99824 606204 426466 246359
580536 579404 1081109 337092 364843 1025776 442147 652183 977968 510053 468042 1211040 955439 792573 638056 743761 279568 580516 727609 228775 999999999 948430 807778 1114100 769615 1170803 677240 815857 411735 987613 842612 405685 743081 822053 746489 855362 779883 453710 637420 321225 1123431 484651 169611 376833 384375 828854 1093144 905215 529531 381943 646651 885185 452406 218393 318026 956954 935021 852766 303036 134100 765029 1042767 518148 134541 735050 809074 547179 833574 435143 679407 824155 887810 726635 1226484 1061314 347260 694029 525670 742248 1099760 806332 344688 403260 801311 394985 920012 307226 906840 338557 1179011 789533 665107 984106 477147 456540 739376 286397 790627 545217 463670
505140 700903 264505 771235 648556 238005 615992 402433 56623 442365 737590 272410 446404 437765 558668 279047 677101 396010 588745 730003 948430 999999999 636067 277602 661465 251207 363701 678635 749436 197153 255308 741784 206517 416567 401834 155588 232271 614446 446484 682671 227412 636435 835710 775551 757601 376364 145275 141576 516868 569107 429661 456213 571659 794050 640366 182870 482271 650424 693121 850106 299278 222906 685313 942054 423464 187407 444329 352934 513997 504239 333068 290246 300208 302481 147005 676962 665605 423722 386427 260342 672683 681028 674853 153272 767616 62589 783268 659340 812108 260019 653647 551110 92890 534054 604123 470086 726761 287247 570903 582597
285728 985048 535576 475779 760027 863137 799075 757832 612152 501327 350837 863055 265010 904221 189689 712386 581904 422786 90592 708151 807778 636067 999999999 566158 1068800 690450 335454 42571 912984 496788 380818 901480 571626 220649 840523 482438 423074 367296 792613 500533 632518 859113 813454 442605 900782 876258 734656 497701 766402 612549 783045 205974 752646 589471 668095 792050 1019409 45375 519427 673733 350254 527967 930561 891298 229033 679610 399130 859603 544323 188560 303120 841717 373249 732939 779147 469755 120497 562239 822919 563162 37436 471293 406465 532947 424380 573646 868024 99064 918232 694367 1073954 915065 726981 394638 368707 896085 783783 354185 281889 779590
571051 963449 34545 867524 868364 480839 852398 662847 220979 612161 793694 343538 307647 715009 577041 545379 834559 533810 558923 917387 1114100 277602 566158 999999999 937908 133809 443260 604551 989423 127758 274743 980461 431736 369037 676302 269864 335465 704244 708264 809802 85862 883782 1031142 857851 993163 653961 253752 220872 762018 758975 691750 360311 803804 926311 834266 447999 754771 560575 824811 997163 353645 72843 940019 1135277 429876 456932 568189 630523 689785 515853 317144 565954 388236 167802 340943 793927 642668 620383 660115 17666 602622 797668 768112 350591 844952 251029 1005469 546198 1041411 135084 930675 821040 344546 647331 696273 745091 937514 328490 631163 819932
796614 194864 921113 855684 430599 535115 350602 315129 717762 577726 924428 792919 1011692 224952 896519 402623 653257 646535 983949 579342 769615 661465 1068800 937908 999999999 898679 740325 1104073 362261 837015 792758 366384 545961 911034 263434 712735 708654 793358 276724 736850 886456 292679 600017 890281 389094 290948 746739 745641 320135 527773 287676 980749 370698 777364 527581 519037 265965 1104833 729752 766757 764125 876762 251689 671191 853480 483556 676600 314045 563776 880765 844585 389817 723663 940989 661949 759372 1021062 512019 280731 920396 1094353 761949 812926 621932 896781 690146 464726 1140549 445640 907005 22586 154655 614989 716186 784238 194639 490558 776757 832065 346063
659924 950952 157843 951344 892859 397812 864960 653494 203505 661048 890189 216079 437779 673797 680779 529607 892851 594607 674739 961548 1170803 251207 690450 133809 898679 999999999 522425 730103 999476 206681 360242 991573 446393 483120 645793 316647 397457 787973 697284 880968 58452 887315 1071580 946526 1006798 608137 159757 267977 767223 800258 680455 484862 819363 996706 874152 384451 688590 688133 894293 1061784 435604 163791 936487 1177506 532116 437823 635783 584839 737301 619820 419106 511917 460862 55684 252876 868949 758426 655949 631601 130824 727451 872872 851684 374281 935172 256366 1028985 676754 1059955 8825 888539 798393 284038 721157 779008 712432 968244 412707 723442 831653
142573 678294 409219 428953 493656 560072 509824 426189 364329 210596 376491 629779 309827 568815 202138 377587 399982 117267 260310 499654 677240 363701 335454 443260 740325 522425 999999999 374478 639659 321716 168519 628768 241947 182893 505333 217866 133471 265557 463718 366821 468181 562133 615487 424938 634237 541665 496317 259288 454494 356201 452767 256691 459526 483265 428480 483930 685611 367432 382246 555854 89616 375078 631576 714351 113231 353442 132085 525710 280447 158505 151186 513878 64548 576663 509477 350725 322366 254319 487643 430519 365692 354490 329266 224236 414428 309522 622949 400451 667765 529591 743889 588734 442108 204243 256600 562253 543724 114911 208409 483951
314843 1015841 574487 480675 785893 905561 827843 794466 654549 533171 352330 904692 300562 942751 215739 751930 599992 457546 120490 727239 815857 678635 42571 604551 1104073 730103 374478 999999999 938792 538039 423379 927262 612237 263063 878755 524987 465102 384557 828402 515223 672361 888738 829978 445046 925688 915937 776664 540191 798861 638759 819230 245241 782263 598312 691528 834314 1059439 52263 533920 682240 392230 568155 960212 904372 270037 720760 431167 899565 572474 223428 345672 882822 414246 771771 821647 483824 121834 595392 861260 602088 10397 485040 418399 574853 426627 616210 890191 100857 940789 733845 1109700 949979 769546 419854 387081 933399 805989 396545 303474 809415
628192 168609 962640 569877 152965 735987 137231 357247 796311 430099 670763 968786 948722 439757 723732 480079 369936 522891 822397 257631 411735 749436 912984 989423 362261 999476 639659 938792 999999999 865966 761512 11540 558701 821811 415530 722426 676798 567169 320759 465383 967088 118391 243257 611003 27361 494417 878149 769434 232668 300445 336256 895491 187093 464793 252045 684402 565197 955975 451855 431900 702122 917832 113120 309010 742299 568727 525761 507402 371129 732663 782519 579347 656023 1051803 817520 495116 831508 389318 419479 972285 928405 496241 561047 638899 622550 747666 104519 1002729 86210 1008297 383292 287246 747629 518952 561453 381311 157806 723712 636616 169495
455540 848036 97418 749689 742115 429871 728754 548805 147410 484446 684163 367462 266622 618561 474177 436971 708049 407100 472304 789651 987613 197153 496788 127758 837015 206681 321716 538039 865966 999999999 155201 856754 311693 281562 573607 143798 208087 586033 594383 686424 149431 762675 903385 742814 868796 562158 244357 97104 641066 631248 578232 296118 679591 802885 706551 379907 676989 500633 700923 872183 232819 55265 821107 1007534 325553 353614 443076 539239 562068 413299 212902 483313 263666 258373 308711 671906 555481 493200 556512 112442 534205 675726 649961 229427 730889 149726 879131 498075 915881 212823 831739 711702 283731 524479 577514 642518 810329 208718 518163 696654
300358 769599 240719 594806 625875 486234 625609 483406 233866 351831 529995 494658 221355 590842 324763 394298 563694 265759 338007 654670 842612 255308 380818 274743 792758 360242 168519 423379 761512 155201 999999999 751410 247072 161500 535071 104379 87094 431174 527336 535194 304034 668515 770043 587613 760539 546449 362048 118312 550311 501524 512900 209091 574925 651681 576459 418938 679864 395646 550392 723390 78902 207213 733038 871912 178349 332849 295453 525918 428349 265164 77762 489458 116678 413062 398831 519202 418188 374557 516888 262130 417543 522952 495119 178175 575727 192835 760868 407648 801737 366844 791590 652154 346777 372659 422818 600986 686565 53895 363292 595652
616722 173823 953518 559186 141455 731470 128065 351292 788306 419068 659578 962895 937938 437782 712214 473572 358869 511932 810892 247461 405685 741784 901480 980461 366384 991573 628768 927262 11540 856754 751410 999999999 550059 810833 411965 713144 666861 555680 315645 454261 958778 113822 236683 600207 23438 491444 871235 760317 225349 288948 330927 884495 177452 454801 240599 679032 564949 944486 440828 423073 691648 908770 115676 305580 731166 561775 514501 503990 359756 721248 771920 575255 645553 1044056 811410 483919 819971 378828 415446 963356 916875 485067 549757 630015 611661 739316 98711 991276 86233 1000392 387169 286649 741112 507424 549947 379452 147673 713334 625076 160716
361639 537250 406500 589949 446469 333301 422216 240966 243719 242894 578870 469608 467466 346141 440988 148585 475268 218997 501421 523509 743081 206517 571626 431736 545961 446393 241947 612237 558701 311693 247072 550059 999999999 379517 288462 172632 165396 444266 286157 490850 409725 452060 629514 600875 563794 307954 350276 214666 330295 362770 270690 443781 374876 597733 433857 255483 448750 598958 499217 648777 229872 361197 509450 735844 342667 112169 269745 289672 310367 400451 304614 271968 198797 500655 323872 489652 563877 217595 270237 414407 603995 493710 499133 82330 595794 190625 582742 624309 614889 455123 544538 408359 246911 356628 433341 353932 522481 237079 422825 389344
241817 859617 335694 529001 674309 647199 692678 595998 391503 391843 436111 644571 134545 724322 214720 527175 555350 298931 191619 666797 822053 416567 220649 369037 911034 483120 182893 263063 821811 281562 161500 810833 379517 999999999 664034 265045 217529 374360 636408 501248 424668 744872 781592 510921 815654 687248 514862 277222 635721 533260 624054 73807 642414 612629 602838 578540 826084 234169 519139 692719 149781 319380 814064 875552 87482 479525 302253 668356 457585 155941 84019 640301 187419 530079 558682 477543 275337 437145 645861 362471 257801 480620 434498 326400 495787 354003 800863 248940 846969 488049 912745 762494 508264 348327 369298 725895 719853 144632 287567 666822
588659 316357 658520 723484 383383 323647 313752 105499 457481 386686 760166 569533 755882 65463 683833 141051 543947 430888 761393 521511 746489 401834 840523 676302 263434 645793 505333 878755 415530 573607 535071 411965 288462 664034 999999999 450708 453627 620566 109071 604801 628749 298427 590705 749353 433440 82786 501126 482391 217154 403465 101088 730742 294347 679581 440540 282728 206820 872590 604110 697826 514620 613926 320957 687792 616032 220349 471428 92176 404802 657113 592220 165265 477852 691543 424899 618590 810623 321611 18241 658713 869644 622042 656629 360738 750997 427241 487207 903164 496287 654363 259055 155578 366533 533176 610072 68974 466562 524341 636299 286366
360356 709630 241050 641379 598609 382165 585197 413274 146838 347098 594314 412747 317402 502261 405603 310178 576706 277994 433172 651036 855362 155588 482438 269864 712735 316647 217866 524987 722426 143798 104379 713144 172632 265045 450708 999999999 84884 479766 458609 565266 268079 620279 763618 640649 725045 453039 279000 50242 498947 491133 442971 312728 535895 680583 566181 314582 581875 499105 578179 745142 144793 197168 680057 868545 267959 238119 320212 431529 424319 349782 181028 389448 153355 372234 302062 554583 510193 350794 432861 253458 518703 558560 542503 91509 630956 95225 735686 512015 772133 324609 709595 579632 244736 407285 470116 518581 667824 131664 426095 553237
276041 682505 303498 556969 543992 442880 540392 397520 230886 277220 509923 496334 303084 511481 326690 313962 500391 199521 364315 582419 779883 232271 423074 335465 708654 397457 133471 465102 676798 208087 87094 666861 165396 217529 453627 84884 999999999 395022 441081 483558 346153 582116 696756 555810 676657 471103 362846 129861 463469 425470 426884 278937 489870 599468 500809 369865 608761 445354 497089 666246 72911 263348 646214 800316 198110 261998 238443 451679 354789 273757 139526 423042 68961 452681 379035 471679 437332 292517 435388 320508 457859 475622 457911 110143 546074 176301 679983 465650 719534 405116 708205 566319 315185 324002 385439 518312 607800 72993 341878 510006
135341 668656 669804 163656 416954 777172 472791 518118 623678 234485 140301 885909 505186 685189 185824 532581 215439 225415 280644 342890 453710 614446 367296 704244 793358 787973 265557 384557 567169 586033 431174 555680 444266 374360 620566 479766 395022 999999999 537551 135121 733489 537153 446188 161322 551088 683047 754078 523777 473296 276723 534367 433418 434505 239265 315348 699421 825029 412583 154085 321348 353273 638338 606932 525784 289914 549381 174657 674448 229587 226130 392313 690459 328135 842120 754690 106589 268707 298984 606402 692567 374293 109037 63945 463293 153309 566504 508972 464926 560081 795112 804129 641266 681433 90116 11021 656575 425293 377390 91569 461938
524497 255441 686149 627426 274704 416464 207762 45579 498427 309658 674830 649052 742218 161163 623413 167724 440862 371312 708600 412699 637420 446484 792613 708264 276724 697284 463718 828402 320759 594383 527336 315645 286157 636408 109071 458609 441081 537551 999999999 507547 672139 202418 482388 655968 335670 191564 564818 498352 108268 301086 16829 707197 185402 575825 333013 363721 307976 828256 505225 590575 491501 640701 240576 580683 576918 259485 404479 198040 312804 604977 573192 262408 449550 746941 498830 523943 749146 242802 106009 690628 818781 527174 567449 367428 659111 457748 383545 863838 397173 706067 281347 126180 431668 453978 527555 120384 358317 505961 564900 178755
259493 588824 775893 120255 324887 812918 394188 499302 701430 250130 205672 954455 634311 665857 320935 544995 95687 288797 415182 220657 321225 682671 500533 809802 736850 880968 366821 515223 465383 686424 535194 454261 490850 501248 604801 565266 483558 135121 507547 999999999 829407 458539 315408 153539 445748 677192 826931 613061 422546 210599 508619 563966 366392 116516 218783 736871 811465 545904 18981 191886 456350 740659 523707 391071 414585 582905 245197 673106 202397 358782 508200 703994 422795 936237 813603 32033 396071 297940 593516 796694 505117 31913 100501 529527 161368 642843 393584 598794 444852 888663 750651 592315 737255 162580 136466 627567 313009 481727 226261 391958
604256 927239 103419 897053 855081 406323 831325 627483 173725 614818 833559 257957 381824 661777 623038 505481 844626 544859 616286 917548 1123431 227412 632518 85862 886456 58452 468181 672361 967088 149431 304034 958778 409725 424668 628749 268079 346153 733489 672139 829407 999999999 857106 1028925 891279 973113 598005 172448 218270 736005 756763 655363 427152 784511 945502 831283 381738 689032 630873 843164 1012129 380434 105353 909140 1134443 474362 414280 584503 574519 691740 562000 361174 505278 407657 109032 263129 816463 699977 613725 613598 78120 669585 820350 797324 333603 879630 219485 991841 620642 1024610 63732 877639 778513 278288 668659 724709 696643 928536 357025 667304 798228
573963 131675 858341 573879 139198 617726 64815 239807 684922 360344 656935 850923 866456 327070 673325 363610 368928 448844 769366 286686 484651 636435 859113 883782 292679 887315 562133 888738 118391 762675 668515 113822 452060 744872 298427 620279 582116 537153 202418 458539 857106 999999999 316924 611321 135013 378543 762355 665625 121765 260482 218035 818580 106490 487089 241560 566121 459671 900139 448889 474089 615328 813135 71475 402409 670484 453375 461577 390546 317319 673110 697421 461438 569559 938880 699992 484420 789624 307845 301646 866427 878477 486447 544469 533690 619902 638326 194222 943601 197968 896139 310571 182687 630906 473807 529610 269319 200008 635128 593817 79625
550357 410121 999915 386584 207973 885235 279455 502714 871831 419585 509020 1087714 915900 632436 628574 605530 232553 504852 725977 115848 169611 835710 813454 1031142 600017 1071580 615487 829978 243257 903385 770043 236683 629514 781592 590705 763618 696756 446188 482388 315408 1028925 316924 999999999 430141 215974 673490 977521 813805 374280 272486 493319 851028 297716 263454 197643 820672 772194 858707 297093 205718 696908 958435 348541 106344 694672 679616 484051 680347 342174 656901 766653 740063 653906 1126793 935647 347260 711422 415634 588338 1015512 819799 346496 414908 697324 445615 815860 138966 910731 176317 1080123 619988 498788 859613 436344 444884 577490 124146 721872 533432 304484
287356 740967 823308 43558 476006 932096 547212 644221 784934 374937 92794 1047180 633754 811919 299821 676775 243688 383626 372196 356767 376833 775551 442605 857851 890281 946526 424938 445046 611003 742814 587613 600207 600875 510921 749353 640649 555810 161322 655968 153539 891279 611321 430141 999999999 589598 818335 915401 683997 574815 363232 655831 559957 519918 169175 370375 854637 956091 486258 162476 247233 510953 793982 675437 481742 432875 702580 333321 812312 344639 355220 541993 836148 488349 1000188 915008 132309 324087 432720 736961 847019 436061 129303 101781 623945 18452 727820 530641 540584 580968 953480 903919 744910 841135 244463 171474 776335 454810 534285 227134 545489
616905 195812 965785 548074 142273 751929 141864 370213 803374 423883 651385 981613 943867 460342 711227 491560 350088 517092 810204 234501 384375 757601 900782 993163 389094 1006798 634237 925688 27361 868796 760539 23438 563794 815654 433440 725045 676657 551088 335670 445748 973113 135013 215974 589598 999999999 513350 888377 772668 242421 289108 350679 889164 189362 440956 235817 698514 588185 944142 431674 406066 699249 921219 138895 282471 734945 578976 517387 525552 361699 722236 778884 596188 653201 1059594 829843 475944 816890 386704 436505 976151 915293 476912 542544 643074 601551 753634 77166 991588 63381 1015609 410003 309829 758946 506220 545754 402093 134992 721349 622787 175145
638718 382720 639920 794516 466115 255371 396322 181603 432987 448689 823305 509357 767435 68059 730091 164096 620751 481043 801409 603231 828854 376364 876258 653961 290948 608137 541665 915937 494417 562158 546449 491444 307954 687248 82786 453039 471103 683047 191564 677192 598005 378543 673490 818335 513350 999999999 455858 477317 299791 480422 182422 749961 376959 756539 521016 228766 145111 905439 677660 777730 537768 596844 395372 770432 648301 214929 525336 23500 475369 697907 610529 100342 505734 650044 372338 689084 856397 386370 87225 636702 907272 692672 723088 368319 818884 412581 568999 932084 576486 616404 280405 220422 324207 594015 672307 120417 549348 543814 690692 369142
638885 813370 259474 912929 786177 238182 747965 523417 132162 587639 872724 133825 510559 522862 682541 398855 822370 539211 699567 873399 1093144 145275 734656 253752 746739 159757 496317 776664 878149 244357 362048 871235 350276 514862 501126 279000 362846 754078 564818 826931 172448 762355 977521 915401 888377 455858 999999999 244991 646025 712988 548161 538749 706002 938894 783374 228394 529460 741995 837706 995378 421919 235580 805365 1083812 539593 309461 586591 432956 659076 624860 436258 357397 431791 195038 93211 820374 780227 567867 488453 241187 772029 824430 815525 297517 906666 187673 919002 741876 945066 166994 735440 656122 134699 676062 744000 565444 866121 404961 704724 714606
400629 751412 193206 686302 647564 378332 632270 452801 115564 397287 634170 378383 307491 530457 437989 343720 626356 326890 456230 701276 905215 141576 497701 220872 745641 267977 259288 540191 769434 97104 118312 760317 214666 277222 482391 50242 129861 523777 498352 613061 218270 665625 813805 683997 772668 477317 244991 999999999 543991 541319 482338 314638 583353 728733 616334 317038 599869 510179 626320 794209 178514 148570 724027 918770 294686 264394 367864 454988 474542 379924 194997 405811 195681 323397 281465 601517 535942 400594 464927 204190 534678 605465 587003 132360 673693 79773 784683 517905 820556 275775 741322 617007 234436 453862 514394 551011 717475 160204 465875 600029
485714 223903 736617 542650 166464 517994 104406 131878 564348 265816 604723 740288 753222 264707 586232 249534 346803 346439 678431 306299 529531 516868 766402 762018 320135 767223 454494 798861 232668 641066 550311 225349 330295 635721 217154 498947 463469 473296 108268 422546 736005 121765 374280 574815 242421 299791 646025 543991 999999999 211958 119159 708948 77196 479215 230759 459765 410094 805437 417585 487497 500766 691393 182746 473444 565732 336584 367694 306074 243772 578135 583342 367593 455576 819305 588128 442796 708031 204582 214084 744665 788813 445627 493718 411971 580082 516962 280904 845949 300554 776047 331579 170257 516638 397820 464263 215398 250311 519382 515579 72608
327912 392077 728017 330696 147521 649596 196068 299075 602196 149745 398991 829245 664766 461615 423416 368962 140493 240307 521966 161464 381943 569107 612549 758975 527773 800258 356201 638759 300445 631248 501524 288948 362770 533260 403465 491133 425470 276723 301086 210599 756763 260482 272486 363232 289108 480422 712988 541319 211958 999999999 304114 605929 159755 276218 75353 578265 608306 655547 205910 302805 431431 686211 330255 377689 449861 428127 231440 479583 75845 433158 506010 521762 386863 855648 679374 231687 533825 145479 394177 743235 628383 234350 286629 426446 369136 545388 267603 702581 314259 808739 540934 381772 602164 219031 269349 419873 187531 455649 337961 186711
517244 272117 669773 628162 285379 402012 220761 29725 481647 304441 672394 633062 728552 157621 615651 150899 444387 362827 699688 420823 646651 429661 783045 691750 287676 680455 452767 819230 336256 578232 512900 330927 270690 624054 101088 442971 426884 534367 16829 508619 655363 218035 493319 655831 350679 182422 548161 482338 119159 304114 999999999 694481 195713 579764 339454 348151 304199 818207 506921 596781 478421 624335 257287 592527 565868 242657 397464 187268 311721 595828 559844 249121 436930 730121 482609 524109 741715 237645 95599 674110 809678 527418 565961 351684 658508 441152 397079 853137 411842 689238 291268 139521 415128 449717 524232 122208 369434 492436 559122 190867
305282 932807 329603 581829 747673 691973 766484 666097 423700 465452 479270 663563 73904 789816 260138 592261 622831 372651 208940 736792 885185 456213 205974 360311 980749 484862 256691 245241 895491 296118 209091 884495 443781 73807 730742 312728 278937 433418 707197 563966 427152 818580 851028 559957 889164 749961 538749 314638 708948 605929 694481 999999999 716216 672679 674779 626892 886416 204851 582264 754232 216775 323225 887670 943376 156917 538948 374590 730319 530395 208046 139435 697628 257657 526965 592369 538667 290101 510903 712516 357190 242727 541516 490902 384179 543795 394120 873487 204182 919909 488626 981863 833370 549057 415735 429448 793818 792076 206707 343575 740595
467476 235544 776503 484987 89747 590655 50850 205567 615860 254771 558740 805959 766396 340969 566896 315928 283306 344702 662877 230482 452406 571659 752646 803804 370698 819363 459526 782263 187093 679591 574925 177452 374876 642414 294347 535895 489870 434505 185402 366392 784511 106490 297716 519918 189362 376959 706002 583353 77196 159755 195713 716216 999999999 411655 160538 529604 485437 793753 359055 414133 517341 731889 177963 398182 566285 398311 355486 382928 211356 566848 598592 442740 471284 872677 653328 389800 683752 205769 291026 786789 772005 392213 446346 453761 526930 565128 213300 837464 240618 828156 385142 231552 579854 368216 426512 289888 174139 538300 488172 27574
371225 610342 892389 126102 347892 912021 426798 575288 814958 354858 255244 1064833 744289 736880 421132 637059 135788 403128 509368 207538 218393 794050 589471 926311 777364 996706 483265 598312 464793 802885 651681 454801 597733 612629 679581 680583 599468 239265 575825 116516 945502 487089 263454 169175 440956 756539 938894 728733 479215 276218 579764 672679 411655 999999999 251231 837383 883704 634515 102416 84293 572822 857157 543965 313216 526909 683664 361027 755198 294484 465250 623438 793739 539232 1052062 921556 135425 476580 393209 670394 913209 588678 132174 185365 641422 185936 756304 375036 688536 423513 1004461 793564 643206 844639 279030 243502 692819 307146 598176 329922 433522
387466 370594 803354 332386 106124 707877 178421 340420 675055 224641 421713 897084 735460 493565 478440 425859 127370 313815 577732 90634 318026 640366 668095 834266 527581 874152 428480 691528 252045 706551 576459 240599 433857 602838 440540 566181 500809 315348 333013 218783 831283 241560 197643 370375 235817 521016 783374 616334 230759 75353 339454 674779 160538 251231 999999999 638969 639906 712072 207937 257571 505618 761488 305131 303357 518040 492056 300661 523110 148777 494449 579031 572525 461389 929434 746094 246551 581330 218282 433795 818491 681133 248149 310516 499987 379671 618711 201202 760873 250519 882674 543192 392060 669253 274033 309937 446052 117814 530045 388119 182423
613993 599025 440432 841527 616843 77819 564168 328711 234680 486833 834335 287209 624522 296488 686068 215145 707422 474396 733579 728950 956954 182870 792050 447999 519037 384451 483930 834314 684402 379907 418938 679032 255483 578540 282728 314582 369865 699421 363721 736871 381738 566121 820672 854637 698514 228766 228394 317038 459765 578265 348151 626892 529604 837383 638969 999999999 307466 811726 743142 878794 442702 401753 599487 924766 567789 154004 525102 206399 543138 638903 494787 129244 428203 423363 143758 738991 803801 444466 272790 431757 827312 742999 753113 262066 850216 238470 740518 826456 758976 392380 507291 437994 103754 611103 688464 342781 700797 437970 676701 531998
