NAME : synthetic_000066
TYPE : CTSP-D
DIMENSION : 100
GROUPS : 8
RELAXATION_LEVEL : 1
EDGE_WEIGHT_TYPE : EXPLICIT
EDGE_WEIGHT_FORMAT : FULL_MATRIX
EDGE_WEIGHT_SECTION
999999999 542653 535149 157424 408090 562694 811737 815291 316130 525694 497683 798038 678719 349795 798699 565653 467029 230438 825575 652862 821648 368173 446851 76298 387432 23255 773105 492355 80418 187970 460305 708749 479308 194697 709574 430620 818779 387943 220842 559090 381625 317396 450611 555232 205756 150186 622505 285307 639645 219924 540223 744033 550923 693230 565011 476138 477737 460409 563862 313146 760801 798616 491575 553792 393118 649123 375652 762929 835543 241145 407734 47301 494218 441460 347471 508674 628863 623090 473781 162406 134720 307072 618849 433227 484901 437596 509031 760593 119708 79889 95238 643077 543327 304014 208287 463915 532882 88937 402119 183919
542653 999999999 728292 670631 691424 411092 677383 637748 394361 215179 967282 570314 364178 725844 675649 368988 282040 729158 290349 282054 280789 560664 319474 616752 883378 524307 531078 53342 605372 646311 216056 244188 602072 436970 181862 427103 276256 901634 694950 170806 174548 741392 833518 17316 746573 401356 86107 290745 340546 761843 630088 369346 143669 290514 325567 804793 94714 273527 512727 757652 395321 287657 977509 164533 659477 722195 697761 308080 691090 360511 785827 500402 226669 334876 841237 352052 465727 244346 918120 690183 450985 765099 494943 738292 97202 530583 708894 727957 431337 548100 447669 103785 206899 532193 626498 359686 216513 623967 282480 641195
535149 728292 999999999 656272 942967 388888 432040 474034 352017 859269 451925 513292 553912 247388 414417 432740 456738 434680 988578 601131 918494 190452 414806 565455 465403 519834 515687 681922 595899 714217 516421 713954 128562 397420 797803 303675 932500 517086 733795 855140 580404 312817 258202 728168 559748 498975 808020 667739 531119 576556 129791 635687 622642 643885 473596 178029 633854 462663 284390 343079 633631 826114 489898 847774 144167 160657 185831 730086 455101 678674 243977 512724 842023 859753 445294 921626 397471 602398 382544 638440 625029 364897 357020 147255 631176 938885 1039979 312835 498383 455575 541612 780902 563956 249377 344888 380624 548588 585587 445876 711145
157424 670631 656272 999999999 323519 719900 964263 970216 473040 612634 504561 954881 834934 436808 950693 723041 623037 262284 942126 805948 951404 507529 603970 94436 384553 180650 930331 623667 77038 78509 612492 855325 618817 351319 845282 586197 945609 363411 78289 656317 522142 385952 517624 684833 157432 301286 744814 388707 795828 157593 680058 898613 696662 845140 721740 563278 616412 616067 717099 369368 916050 939679 485025 652184 512152 784854 479867 911700 988328 326358 483503 203542 578844 497928 353972 560040 785615 774797 502225 34117 221213 354828 774472 534586 624610 425792 438403 905479 272544 217941 235420 773701 694594 445907 311664 621329 684976 74693 557893 79039
408090 691424 942967 323519 999999999 901423 1177990 1169036 677094 537957 825167 1133980 970138 747495 1167345 888578 771459 584394 899098 915424 948278 769970 769451 392717 705059 423220 1102152 661977 357477 246953 733992 924827 878919 571414 871434 794638 933366 678339 254780 597326 608262 702984 836762 708579 478244 478810 738548 421373 932974 474736 938540 1013659 776932 944130 871144 875266 679930 761708 933854 689393 1036261 978852 802390 596762 801205 1049956 781093 988223 1200198 357453 799502 432166 506498 387768 676537 420554 972327 877755 825630 355036 338844 676278 973754 838184 690531 204492 117270 1148560 465195 487942 416476 789641 802081 705234 610880 800444 798205 374751 710740 247973
562694 411092 388888 719900 901423 999999999 287674 268656 247121 599846 771346 236470 168143 511519 281112 47310 145711 621955 625465 213995 541131 302886 133413 630571 733306 539594 210433 380815 643057 741377 208559 329279 266984 368860 426566 144564 558501 772642 780761 572526 333201 559504 589573 404128 706795 433803 473858 504339 142317 725815 263457 251032 274797 255456 93513 529044 330286 156522 113356 587699 253536 440113 798262 565384 394385 328225 454869 341275 306974 553202 551875 517929 596082 663071 697574 708127 71095 221499 706180 720482 567716 604989 85753 467138 322613 813200 964842 317034 456469 510542 503161 429693 208630 327343 494079 101622 196367 647908 194311 736577
811737 677383 432040 964263 1177990 287674 999999999 63764 503381 879040 882567 144570 330649 651045 17693 317509 432784 810585 836474 416373 730543 473134 419547 870655 881853 789745 176740 655871 889817 997981 492566 519873 375223 619447 639845 385144 754443 930108 1032520 845770 620395 712868 688173 667189 918286 701285 725488 790900 342160 937116 323814 377510 533983 435991 355135 609598 607469 443615 248006 744101 358795 608674 918987 838945 523193 280775 585147 496343 24691 836888 666761 771258 878235 950128 854712 993437 219354 445467 813126 958436 840035 764974 206375 567985 598547 1099729 1247454 141011 719364 746724 768021 669830 471015 525850 690391 382530 463075 889786 480713 993540
815291 637748 474034 970216 1169036 268656 63764 999999999 501528 844084 920436 83063 281499 681056 76937 290396 409212 831759 782418 368124 674253 492820 402013 877692 912549 792769 118699 620178 894590 999273 464536 466587 403094 621040 587989 384784 698805 959285 1035898 807703 595254 740918 726326 626521 934325 696636 680720 771952 298087 953317 357389 320746 494123 383621 322657 649667 573408 419922 255425 771881 300604 551183 955391 801071 552777 330280 615828 439169 61463 821841 701708 772977 845426 923271 883396 963409 197590 399859 851177 966609 833334 792219 197262 603784 563953 1080510 1233495 200608 716893 754263 764890 622807 433657 540611 708454 368708 427337 896300 462682 994668
316130 394361 352017 473040 677094 247121 503381 501528 999999999 507343 593716 481915 378708 339101 491801 254880 179588 396143 675485 374133 629325 169227 145690 383464 529539 293165 457491 343592 396347 497903 208710 459767 239449 121777 505741 118250 636543 560477 535551 505465 232056 366846 442561 397980 465986 198503 479044 327143 340843 484780 288027 453093 322876 419011 263519 410434 300811 177664 257013 389195 465502 566778 611411 498166 265427 399169 304516 500688 526376 353965 395926 272262 490097 515110 489654 574205 312740 354262 537469 473381 338259 401821 304325 343955 301060 622694 753898 474695 216057 264361 264643 466611 284758 139038 271596 151409 270196 400800 128816 493258
525694 215179 859269 612634 537957 599846 879040 844084 507343 999999999 1007728 780551 576802 796985 875549 563065 457382 746952 361210 496520 417468 674283 485408 587779 906629 514577 741755 223917 564994 565525 391673 453738 741963 498129 364296 578119 399629 912451 612639 61127 283653 794990 908642 230345 726934 422028 220937 241463 550455 738310 781729 584457 353468 505545 523907 898166 271576 447064 688813 803481 610461 472326 1008570 62634 762144 884762 785685 516183 894597 289444 860218 495777 34260 150642 865048 143083 661850 458228 970345 639998 400217 805181 685578 835268 280553 349825 529464 914056 444503 561597 436993 284102 410582 629159 672317 527838 416838 587992 432491 561011
497683 967282 451925 504561 825167 771346 882567 920436 593716 1007728 999999999 949066 936380 261248 865062 803353 767861 267272 1256922 955380 1221194 469274 728000 461761 120151 502087 943981 913980 496576 583053 802346 1050944 524235 530519 1098186 636714 1226630 154217 570509 1030833 792840 227555 194403 974815 347466 587045 1053282 767876 904004 350471 563341 1018309 916097 1001080 830707 273996 880409 768025 695365 209649 1023846 1159738 44149 1024562 379119 611035 316886 1086395 906054 735540 221764 516664 978930 938188 153125 1005654 806274 941765 69449 471497 632362 203846 772485 317140 883222 919294 941559 763965 563282 447089 574424 1052439 877309 461046 341679 713926 862331 473111 722525 583335
798038 570314 513292 954881 1133980 236470 144570 83063 481915 780551 949066 999999999 207785 700517 154567 245550 364138 837603 701717 293954 592348 501558 364956 864414 930928 775043 39551 557148 878255 977787 412518 387003 425153 603566 509165 370785 617230 975231 1016864 741053 544713 757015 756792 558068 932474 670152 607875 727077 230179 951552 388494 239149 427644 305220 268977 683665 512642 374391 259583 787303 218215 468793 981682 734649 573505 383246 637057 357044 144496 781274 727839 753769 784198 868274 899153 904722 169303 328144 880509 954174 802936 806714 186870 632280 502676 1033591 1192202 271196 692935 742769 739587 548060 370895 541780 711363 337748 366625 882203 423258 972999
678719 364178 553912 834934 970138 168143 330649 281499 378708 576802 936380 207785 999999999 675533 333312 133142 211921 771463 507948 86659 407408 467107 234629 751801 892435 655550 168245 355421 758249 843808 236336 192100 434571 494059 309622 301045 429306 929126 887316 534947 363908 720250 756922 351312 844266 535411 400243 551592 39113 862954 425857 82895 223499 107997 115343 697179 314685 219238 270668 747283 88265 292466 961830 528711 561386 473140 620907 183933 339627 612735 718293 631770 582759 674064 855186 705536 164768 120541 872127 840768 654476 763433 207108 635036 304159 850117 1016683 417733 562835 639217 604395 341370 174178 483788 644301 230785 174363 767137 277146 838736
349795 725844 247388 436808 747495 511519 651045 681056 339101 796985 261248 700517 675533 999999999 634186 542425 508776 191394 1012097 694456 968380 208705 468176 355245 231495 342420 691860 673207 390056 504816 547187 791742 277986 299719 844725 375488 975585 279068 514955 810589 553897 65461 111678 731521 319301 380495 811777 568235 642855 334812 327441 757265 661662 740149 569465 127772 635082 509559 442364 96142 763211 901527 286744 803785 128288 402775 66062 825737 675439 554041 63403 345796 771927 754955 203924 821861 550151 681711 199924 413374 469971 117929 518743 104033 636641 785176 854622 549305 365185 274465 393593 804405 619389 202232 142147 452841 604184 374000 466984 502744
798699 675649 414417 950693 1167345 281112 17693 76937 491801 875549 865062 154567 333312 634186 999999999 312958 426685 794689 840391 418343 735686 457695 411886 856938 864866 776823 184458 652858 876501 985270 487542 523754 358813 606969 642901 373566 759220 913255 1019394 843325 614279 696187 670674 665826 903070 690006 725541 782904 342856 921870 306842 383420 532569 439631 351947 592019 604015 437512 235521 727437 365536 614592 901560 836441 506442 263126 568250 502225 41288 827871 649470 758604 874069 944141 837923 988345 214270 446331 795617 944476 829076 748361 198169 550660 595276 1091585 1237941 124771 707604 732996 756354 670818 468919 511107 674989 374075 460479 876152 472989 980864
565653 368988 432740 723041 888578 47310 317509 290396 254880 563065 803353 245550 133142 542425 312958 999999999 119416 641831 578242 168526 494019 334110 121263 636063 759842 542408 213932 341591 646003 739589 175203 282955 308654 374723 379259 168097 511245 797231 780681 533080 304919 587297 625087 361183 720143 429973 429093 483020 101745 739032 308939 215037 230218 211251 46500 567443 291890 129970 160584 614535 221130 394315 828688 526042 429405 375532 488276 297811 334817 535894 585777 519724 561117 633682 722939 675970 98815 174336 739345 725846 559389 630931 126131 504226 283563 790921 947151 359468 454745 518968 499749 383473 164047 351424 514176 103488 152764 652589 177869 734669
467029 282040 456738 623037 771459 145711 432784 409212 179588 457382 767861 364138 211921 508776 426685 119416 999999999 575210 532003 194953 468354 312314 42838 540590 708457 443901 331008 244226 546399 632794 67106 283105 328329 286022 345242 153595 479703 740039 675812 434234 187627 542864 604997 278531 637977 323715 355489 363610 172809 656379 350098 278846 166038 239537 101141 560130 193045 10831 233190 566671 294232 392881 787818 426939 414197 440166 464793 321307 451369 417223 560869 419992 451929 517462 668895 562568 213801 175036 708683 629244 446562 580185 230765 493611 187113 671577 828089 456676 350931 430574 392955 324264 112066 306937 451183 78211 96503 555611 65266 627756
230438 729158 434680 262284 584394 621955 810585 831759 396143 746952 267272 837603 771463 191394 794689 641831 575210 999999999 1019069 770096 997237 338940 541571 199841 159677 235689 822163 676146 235905 337441 593667 850125 437354 300160 877488 477414 999000 172522 337902 774280 556072 130618 256653 738884 128289 332818 813780 505687 734647 143427 494591 848205 701710 814724 657424 310245 649447 572399 579583 108800 859273 952371 262427 768367 299142 583564 248861 894954 835274 469455 226702 251884 717000 671424 118270 738792 674556 748663 248045 233923 365147 92687 650816 295281 654092 657047 697341 723209 305890 186281 310448 822015 675169 296475 127891 540708 661610 214186 518608 336504
825575 290349 988578 942126 899098 625465 836474 782418 675485 361210 1256922 701717 507948 1012097 840391 578242 532003 1019069 999999999 426264 119370 835840 574336 897521 1173707 808650 663917 343651 882458 907055 475844 316649 860051 727037 200409 685539 90859 1191447 955530 302910 464771 1030430 1117833 282119 1031041 689232 205299 553451 505660 1045499 876919 462782 365978 400780 531977 1083540 377256 526586 738038 1047388 485177 241979 1267717 304388 936979 953469 979926 347326 842908 618238 1070769 785479 393355 511411 1131556 488785 658541 406759 1206555 964942 721062 1055190 697022 1016636 375456 707112 884249 922968 718573 836739 730390 209700 425930 814514 916618 608126 440955 902738 553275 902174
652862 282054 601131 805948 915424 213995 416373 368124 374133 496520 955380 293954 86659 694456 418343 168526 194953 770096 426264 999999999 331633 489861 229971 728021 901251 630130 254408 279042 730453 807186 193643 116310 476123 479333 226331 321250 351456 934088 852548 452198 307575 733085 784087 268266 831143 504703 313932 494150 79696 849348 477273 98235 146924 45700 128957 730792 243525 198442 326183 758104 121499 226130 977535 446184 589087 537847 645001 132044 425965 558960 742461 605562 504663 601460 862225 628831 233998 39328 893828 815103 612567 772491 274243 666157 232676 784027 954722 496725 533976 622676 571426 254712 114560 495348 645567 241741 121718 741796 255042 802024
821648 280789 918494 951404 948278 541131 730543 674253 629325 417468 1221194 592348 407408 968380 735686 494019 468354 997237 119370 331633 999999999 779889 511156 896419 1146680 802576 555573 329399 885907 925540 421559 216183 790405 698444 123818 620257 28626 1169375 974253 356342 443618 993642 1069722 266985 1023973 677055 212295 568691 411012 1039767 800488 353517 307012 299484 449175 1028185 348310 464959 654473 1013429 374276 125357 1235875 355401 881865 868336 929909 235362 735340 637485 1024102 778277 445396 566302 1105026 556357 565506 319689 1166587 970892 731456 1023440 605868 961498 343215 766930 946846 825126 707621 821337 727106 178585 356884 766968 886215 539837 372504 904177 501691 920465
368173 560664 190452 507529 769970 302886 473134 492820 169227 674283 469274 501558 467107 208705 457695 334110 312314 338940 835840 489861 779889 999999999 269921 413242 432719 349632 489229 511026 438549 554709 360688 591956 111533 209108 656295 168744 789984 474811 581583 674388 401278 258205 294477 563043 445578 310918 644111 477329 435032 464312 172759 549119 474011 535397 362969 248459 466232 315050 242118 287513 554625 703424 495415 667112 101977 281038 155168 621792 497807 489179 252721 338088 655422 669466 398912 731717 344387 480240 405419 496348 441998 306120 316012 181650 465374 751844 861320 398848 313259 292474 358899 626141 424380 64741 217296 248592 408811 433306 282589 550988
446851 319474 414806 603970 769451 133413 419547 402013 145690 485408 728000 364956 234629 468176 411886 121263 42838 541571 574336 229971 511156 269921 999999999 518665 671316 423601 334724 278675 526980 618669 103550 323678 286596 259500 388078 111244 522538 704261 660182 466068 207288 504002 563159 317094 609862 308908 395276 371418 196172 628498 310748 307490 208497 275353 119384 517486 227894 47858 203666 528507 320468 434247 748821 458703 371713 404375 422986 359092 439576 419830 519395 400432 477558 535346 632255 583835 204424 213775 668090 608106 438412 542632 213758 451032 223063 680299 831499 431187 334154 404654 378683 366116 154631 266980 416091 42430 139022 534586 61170 613727
76298 616752 565455 94436 392717 630571 870655 877692 383464 587779 461761 864414 751801 355245 856938 636063 540590 199841 897521 728021 896419 413242 518665 999999999 345407 98195 840869 567021 36291 150405 535912 785010 524609 261860 785192 494558 893004 337035 169220 624800 457547 310741 445018 629680 139322 226447 695506 350845 712800 150689 585860 818423 627220 768747 637486 482936 553551 534312 623891 299108 834730 874800 449684 619852 421327 691228 392954 839008 894794 298891 406854 123076 555284 491376 308693 557265 695123 698699 447767 89921 188024 288084 682618 448999 560841 458036 502217 811049 195869 123941 169328 717838 619091 351476 222737 533427 608450 20237 476022 147968
387432 883378 465403 384553 705059 733306 881853 912549 529539 906629 120151 930928 892435 231495 864866 759842 708457 159677 1173707 901251 1146680 432719 671316 345407 999999999 394414 920934 830124 379444 463059 734840 989095 509480 448535 1025309 591819 1149887 53616 450457 933638 709240 174545 219976 892332 227345 491102 968661 665344 857590 230438 558040 972332 846148 946668 781687 298946 800702 707095 671902 145610 980686 1094684 104523 927669 359773 625470 296929 1029739 906148 627941 221635 411364 876636 828857 42240 895978 777074 883475 135129 351398 521822 129076 747542 318870 804626 801480 821413 775589 464896 345655 470017 973593 813826 408683 260899 663599 799503 355593 656851 463409
23255 524307 519834 180650 423220 539594 789745 792769 293165 514577 502087 775043 655550 342420 776823 542408 443901 235689 808650 630130 802576 349632 423601 98195 394414 999999999 749990 473538 103625 208903 437788 687024 460388 171912 689634 408025 800186 397885 243155 546053 361393 313986 445809 536571 222500 128618 604964 273322 616481 237537 521109 721071 529446 670668 541791 467549 457616 437332 541795 312032 737747 777729 497974 540577 378899 630667 364608 740832 813490 233767 401788 24960 483679 436107 353702 503599 605904 600580 475123 185407 132192 307546 596191 422275 464579 442880 521677 740198 97860 68293 79155 624078 520921 285162 200284 440714 510344 111826 379035 204686
773105 531078 515687 930331 1102152 210433 176740 118699 457491 741755 943981 39551 168245 691860 184458 213932 331008 822163 663917 254408 555573 489229 334724 840869 920934 749990 999999999 518565 853478 950862 376881 348543 419937 579257 470445 349888 580107 963988 990790 701850 509082 746525 753250 518731 913444 642108 568326 692717 191300 932514 388226 202058 388624 266278 233761 682236 474541 341030 249522 776380 182313 432717 975361 695475 566197 394345 629577 320584 179809 748135 722272 728206 745784 831086 888022 866727 148135 288642 875966 930763 773131 795291 173398 628368 464483 998313 1158407 294109 665756 720292 711766 508584 332630 525708 695093 310213 328829 858291 391690 946015
492355 53342 681922 623667 661977 380815 655871 620178 343592 223917 913980 557148 355421 673207 652858 341591 244226 676146 343651 279042 329399 511026 278675 567021 830124 473538 518565 999999999 556869 602662 177133 263522 556863 383635 222563 383218 326713 848647 651108 191720 121208 688191 781253 63226 695458 349409 139317 250805 327376 710970 587625 372566 132507 295672 300911 753805 51190 234839 477238 704344 397868 323300 924169 184603 608995 683015 646083 327419 671038 320864 733450 449410 227456 323197 787994 350316 440007 239851 865005 642171 405637 711759 466057 687478 58202 511743 687298 697452 379618 495675 397714 150827 186694 480698 573157 320133 193056 574871 236511 597504
80418 605372 595899 77038 357477 643057 889817 894590 396347 564994 496576 878255 758249 390056 876501 646003 546399 235905 882458 730453 885907 438549 526980 36291 379444 103625 853478 556869 999999999 118319 537258 782511 550082 274732 777065 510179 881390 368846 143634 604352 451300 346636 481011 618924 166361 225873 682186 331694 719150 175095 611297 822552 624057 770128 644871 517818 546556 539550 642235 335340 839731 869261 483443 599681 452011 718140 425983 838003 913761 275557 442455 126594 531996 463052 343452 528214 709032 699839 483695 86123 165104 324375 698470 482449 554351 422790 466284 834643 196525 146234 162308 707553 619769 375614 255420 544331 609821 24489 481322 115330
187970 646311 714217 78509 246953 741377 997981 999273 497903 565525 583053 977787 843808 504816 985270 739589 632794 337441 907055 807186 925540 554709 618669 150405 463059 208903 950862 602662 118319 999999999 613987 846385 666148 378713 825204 614686 917554 441433 48727 613461 511105 457451 590614 661535 235914 309830 715428 356982 804813 235488 727243 902458 688211 843968 733380 632270 601792 624845 749975 442846 921507 923947 563421 609992 570323 835083 543338 905253 1021589 289353 554543 226734 531319 440673 432232 499659 809442 773807 579862 112060 198516 429405 802177 599394 610824 351210 360722 948541 285113 262454 240123 750089 693625 491063 372993 640665 685470 131012 567687 5209
460305 216056 516421 612492 733992 208559 492566 464536 208710 391673 802346 412518 236336 547187 487542 175203 67106 593667 475844 193643 421559 360688 103550 535912 734840 437788 376881 177133 537258 613987 999999999 256644 388793 295377 297765 213053 430120 762636 659082 367280 132222 575230 648239 213556 644027 311393 292105 317381 198986 661814 414298 288556 114560 232946 143584 609015 125962 57801 300258 596791 308297 359860 819354 360002 462349 506626 508596 305143 510020 376749 602543 413055 387532 458775 694126 500882 273337 162793 746059 622249 420781 608475 294292 542118 120256 621447 783501 522708 340978 434877 377792 266356 83564 345458 474394 143739 72588 549161 80206 608839
708749 244188 713954 855325 924827 329279 519873 466587 459767 453738 1050944 387003 192100 791742 523754 282955 283105 850125 316649 116310 216183 591956 323678 785010 989095 687024 348543 263522 782511 846385 256644 999999999 587546 551940 122702 425374 237318 1018371 893654 400768 335284 825548 886176 227277 898729 558566 243839 508121 195084 916207 591798 151037 158696 84281 240396 836951 247769 283067 442033 848756 175859 112469 1070481 396003 692927 654154 746161 64141 526707 577142 842901 662068 469204 579007 948860 594339 349537 112500 991666 868503 648076 861588 390241 771329 237813 773190 950123 609393 589181 689792 620368 177760 175344 590038 729575 344140 189600 796683 332436 841176
479308 602072 128562 618817 878919 266984 375223 403094 239449 741963 524235 425153 434571 277986 358813 308654 328329 437354 860051 476123 790405 111533 286596 524609 509480 460388 419937 556863 550082 666148 388793 587546 999999999 311469 669413 175751 804145 556327 693083 734156 459962 338230 333545 601352 550755 411882 680770 564970 408956 569168 61254 517249 494148 519727 347672 265645 508014 334433 173197 369350 517597 699925 556531 726755 149749 171048 213046 606436 399825 584997 302741 447947 726811 754343 480547 813647 286860 475523 456049 607022 547250 390017 250121 208633 504870 851444 967797 289357 417888 403993 465007 652572 435438 175299 322456 252062 420052 544704 320352 662397
194697 436970 397420 351319 571414 368860 619447 621040 121777 498129 530519 603566 494059 299719 606969 374723 286022 300160 727037 479333 698444 209108 259500 261860 448535 171912 579257 383635 274732 378713 295377 551940 311469 999999999 577815 236256 701358 471415 414901 510917 262433 306043 411134 445002 352003 101821 522876 278029 455421 370365 369283 564683 401651 522554 378882 401797 352260 281281 371494 320879 579120 652567 540719 504142 274580 481771 289005 599515 642964 281518 362639 152042 474176 470050 406720 534877 434315 454343 483481 351777 236073 328156 424314 341315 356091 542739 656804 577828 106831 145160 155026 525130 378132 148114 189585 271736 365342 279050 224345 374213
709574 181862 797803 845282 871434 426566 639845 587989 505741 364296 1098186 509165 309622 844725 642901 379259 345242 877488 200409 226331 123818 656295 388078 785192 1025309 689634 470445 222563 777065 825204 297765 122702 669413 577815 999999999 497820 134776 1049202 873666 306034 328364 870671 945904 165390 909388 562420 143503 471641 305458 925685 682061 273643 183208 204369 333334 904666 232105 341549 539633 890869 298171 108904 1113449 302669 758262 754791 806096 170076 647626 541628 900306 665000 385786 503320 983831 507376 458134 206550 1043133 862806 628121 901261 496737 837932 225672 703252 883086 722795 593244 704370 616163 82400 234422 643203 764548 417935 249982 794165 377921 820049
430620 427103 303675 586197 794638 144564 385144 384784 118250 578119 636714 370785 301045 375488 373566 168097 153595 477414 685539 321250 620257 168744 111244 494558 591819 408025 349888 383218 510179 614686 213053 425374 175751 236256 497820 999999999 632519 629741 651128 565126 294507 419221 462839 425920 563752 316522 505092 428795 267484 582811 205039 382098 319616 366728 194304 411589 333591 159082 139244 446455 389179 537467 661152 557713 268094 306948 323907 453252 408196 464004 421463 388225 566247 608745 555160 663167 202124 313086 573759 584076 455948 462979 188294 346015 329959 732125 869151 362130 334232 372195 382879 477334 263455 183807 349530 81327 247863 512749 147686 610122
818779 276256 932500 945609 933366 558501 754443 698805 636543 399629 1226630 617230 429306 975585 759220 511245 479703 999000 90859 351456 28626 789984 522538 893004 1149887 800186 580107 326713 881390 917554 430120 237318 804145 701358 134776 632519 999999999 1171382 966280 338639 443650 999123 1078154 263616 1022171 675848 202217 560592 431103 1037662 816073 378133 316023 321321 465862 1038438 349576 475738 671830 1018223 399474 152327 1240354 338181 891892 886372 938678 260699 759738 628703 1032120 776109 428586 549403 1108070 536797 585433 337107 1173042 965910 724990 1027694 625310 971626 345290 749450 929006 846703 706197 821249 723877 177193 369177 774855 889950 552709 384724 900168 509908 912516
387943 901634 517086 363411 678339 772642 930108 959285 560477 912451 154217 975231 929126 279068 913255 797231 740039 172522 1191447 934088 1169375 474811 704261 337035 53616 397885 963988 848647 368846 441433 762636 1018371 556327 471415 1049202 629741 1171382 999999999 423842 942566 728588 218548 273569 911403 207122 503990 986149 671096 893530 205945 606486 1008034 872192 979230 816997 352263 821807 738033 715750 187956 1017367 1122193 124652 936855 407064 676731 345037 1061119 954507 628931 273874 417099 881523 826864 76088 893345 818896 914671 183876 329465 520255 168698 790665 370119 826337 786548 795379 826126 476169 356418 475800 994453 843062 445944 289020 699074 829102 344442 686007 442344
220842 694950 733795 78289 254780 780761 1032520 1035898 535551 612639 570509 1016864 887316 514955 1019394 780681 675812 337902 955530 852548 974253 581583 660182 169220 450457 243155 990790 651108 143634 48727 659082 893654 693083 414901 873666 651128 966280 423842 999999999 661248 558393 463346 594153 710134 224338 352146 764151 405709 848255 220038 754331 947294 735300 889868 775992 641208 649649 668124 784688 445858 965965 972083 547690 657875 589632 860318 558091 952162 1056356 338019 560942 263289 578399 485243 422906 542743 848024 819616 573071 104006 246364 430589 839205 612873 658590 383417 371608 978229 326029 289705 282921 798721 739354 519008 389522 680670 730878 148985 610581 53788
559090 170806 855140 656317 597326 572526 845770 807703 505465 61127 1030833 741053 534947 810589 843325 533080 434234 774280 302910 452198 356342 674388 466068 624800 933638 546053 701850 191720 604352 613461 367280 400768 734156 510917 306034 565126 338639 942566 661248 999999999 274741 813397 921827 183938 763089 443882 162588 274153 511125 775438 770084 536470 313773 457445 491618 906007 242382 424425 667380 824024 562601 413336 1034098 7415 766333 869538 794416 462135 860178 330215 873330 525684 90828 211005 891680 202605 631254 414913 990161 682251 439331 827249 657771 841668 249921 410830 590560 889035 468871 588025 467230 227384 374827 633803 691739 508229 382846 626613 417599 608788
381625 174548 580404 522142 608262 333201 620395 595254 232056 283653 792840 544713 363908 553897 614279 304919 187627 556072 464771 307575 443618 401278 207288 457547 709240 361393 509082 121208 451300 511105 132222 335284 459962 262433 328364 294507 443650 728588 558393 274741 999999999 567312 662884 183096 581174 234101 260454 187839 328141 597367 498202 405738 177301 338889 275743 639007 96262 176796 410268 583195 428050 417961 802978 267371 496088 601313 529562 394553 638810 251393 614813 336698 272345 329870 667151 376608 401260 270633 744325 537392 312886 590551 417679 573337 103293 489311 652950 638425 264896 377774 289279 266457 193824 365293 451949 249147 190314 467309 150379 505896
317396 741392 312817 385952 702984 559504 712868 740918 366846 794990 227555 757015 720250 65461 696187 587297 542864 130618 1030430 733085 993642 258205 504002 310741 174545 313986 746525 688191 346636 457451 575230 825548 338230 306043 870671 419221 999123 218548 463346 813397 567312 999999999 134541 748456 258811 373349 827485 559804 686125 273375 390020 800901 688747 778716 611020 179797 653502 542489 497717 31316 808400 933493 244958 806853 189853 467986 130195 863084 737368 537768 97598 321772 768069 740939 142526 808423 602534 717544 177466 360165 445363 52802 573127 168287 656098 754955 812917 613737 353568 248815 374747 825205 651187 237880 122941 493150 636374 328261 495628 455841
450611 833518 258202 517624 836762 589573 688173 726326 442561 908642 194403 756792 756922 111678 670674 625087 604997 256653 1117833 784087 1069722 294477 563159 445018 219976 445809 753250 781253 481011 590614 648239 886176 333545 411134 945904 462839 1078154 273569 594153 921827 662884 134541 999999999 838546 380785 491713 919192 679497 726739 392829 369640 839631 762731 829535 656519 81712 741674 606859 506303 148303 843109 997327 231696 914990 195690 418214 140205 916089 711685 663540 48500 451618 883601 865290 212004 932377 618943 774654 124981 490312 575875 164401 583424 124917 742696 888108 947234 570893 475549 379075 501856 909167 716791 303600 247906 543064 701339 462259 568266 589182
555232 17316 728168 684833 708579 404128 667189 626521 397980 230345 974815 558068 351312 731521 665826 361183 278531 738884 282119 268266 266985 563043 317094 629680 892332 536571 518731 63226 618924 661535 213556 227277 601352 445002 165390 425920 263616 911403 710134 183938 183096 748456 838546 999999999 758595 412634 81120 306571 328790 774049 627830 354171 133258 275219 317064 808264 97169 270446 507483 765269 380208 270656 985719 177930 662524 718261 702058 291088 680475 376459 791046 512502 242856 351924 850246 368243 457108 231063 924841 703968 465669 773129 487298 741615 97735 547857 726203 720561 442834 558830 460438 88884 197939 536389 634584 356569 208423 637236 282968 656407
205756 746573 559748 157432 478244 706795 918286 934325 465986 726934 347466 932474 844266 319301 903070 720143 637977 128289 1031041 831143 1023973 445578 609862 139322 227345 222500 913444 695458 166361 235914 644027 898729 550755 352003 909388 563752 1022171 207122 224338 763089 581174 258811 380785 758595 999999999 347103 827465 488939 806010 19079 610067 916415 743543 873993 728927 438141 677356 633277 679265 235353 930273 994021 327670 758002 420577 704496 374528 949168 942921 438207 354022 246175 694536 629287 198569 694570 765376 805177 348995 124067 327345 216904 746202 422896 683758 579482 594283 839530 316408 209151 300726 845680 727511 393724 228591 616787 715447 142003 576105 236442
150186 401356 498975 301286 478810 433803 701285 696636 198503 422028 587045 670152 535411 380495 690006 429973 323715 332818 689232 504703 677055 310918 308908 226447 491102 128618 642108 349409 225873 309830 311393 558566 411882 101821 562420 316522 675848 503990 352146 443882 234101 373349 491713 412634 347103 999999999 484221 187785 496319 363271 468589 597472 400844 544257 423864 492345 330328 316174 455507 381484 615255 649274 590502 437684 372847 581319 380355 612900 724020 181195 443836 103667 394733 375975 448951 442267 503133 473975 548318 311112 140038 383709 499626 435165 336921 440956 558981 670631 30911 147775 69778 498992 393945 249599 250478 332409 383950 238463 258463 304866
622505 86107 808020 744814 738548 473858 725488 680720 479044 220937 1053282 607875 400243 811777 725541 429093 355489 813780 205299 313932 212295 644111 395276 695506 968661 604964 568326 139317 682186 715428 292105 243839 680770 522876 143503 505092 202217 986149 764151 162588 260454 827485 919192 81120 827465 484221 999999999 358535 383496 842289 705551 387622 199062 309837 383506 889368 178253 348003 580555 843641 413647 251413 1063251 159166 743644 793353 782992 302797 737032 426489 871589 581479 243562 362713 926485 364008 521960 280865 1004227 765980 523801 850945 554795 822728 178741 563547 743761 787917 513761 631586 527274 66382 265255 617340 712339 433699 277707 701679 363535 710401
285307 290745 667739 388707 421373 504339 790900 771952 327143 241463 767876 727077 551592 568235 782904 483020 363610 505687 553451 494150 568691 477329 371418 350845 665344 273322 692717 250805 331694 356982 317381 508121 564970 278029 471641 428795 560592 671096 405709 274153 187839 559804 679497 306571 488939 187785 358535 999999999 515432 501396 615161 592379 356378 522946 459045 678175 260724 353118 562049 566056 615185 574085 767623 269079 552185 726129 565611 570504 810987 70077 631595 254315 211353 192549 623871 256848 574879 456386 732977 412217 167942 566460 584768 619026 271041 308889 466143 789884 206368 320945 195532 394390 381263 422290 436898 408954 378145 353357 310254 351935
639645 340546 531119 795828 932974 142317 342160 298087 340843 550455 904004 230179 39113 642855 342856 101745 172809 734647 505660 79696 411012 435032 196172 712800 857590 616481 191300 327376 719150 804813 198986 195084 408956 455421 305458 267484 431103 893530 848255 511125 328141 686125 726739 328790 806010 496319 383496 515432 999999999 824660 404806 114785 197501 115342 77365 669076 284259 180150 251189 712736 124735 302289 928623 504661 531049 460107 589585 199552 353573 575718 687145 592682 554731 642671 819944 676313 154496 103485 840438 801722 615868 728523 195226 605968 274001 815877 981085 417340 523723 600564 565334 327967 142356 448950 607780 194497 140441 728089 238033 799745
219924 761843 576556 157593 474736 725815 937116 953317 484780 738310 350471 951552 862954 334812 921870 739032 656379 143427 1045499 849348 1039767 464312 628498 150689 230438 237537 932514 710970 175095 235488 661814 916207 569168 370365 925685 582811 1037662 205945 220038 775438 597367 273375 392829 774049 19079 363271 842289 501396 824660 999999999 628342 934906 760706 892089 747612 452106 693599 651601 698286 248893 948870 1010982 328493 770454 438041 722179 391073 966954 961757 449137 367613 261562 705680 637962 204437 702770 784449 823167 355650 123568 338214 229787 765275 438641 700126 582349 591303 857795 332479 226997 315130 861368 745330 412708 247202 635655 733358 151144 594329 236431
540223 630088 129791 680058 938540 263457 323814 357389 288027 781729 563341 388494 425857 327441 306842 308939 350098 494591 876919 477273 800488 172759 310748 585860 558040 521109 388226 587625 611297 727243 414298 591798 61254 369283 682061 205039 816073 606486 754331 770084 498202 390020 369640 627830 610067 468589 705551 615161 404806 628342 999999999 507078 513105 518866 351971 295195 537517 357601 155374 421326 504354 703243 598005 762669 200187 112758 261450 604314 348119 638769 344388 508249 768468 802377 531300 860041 267785 481702 494221 668122 605354 442482 227229 246423 533312 906373 1026081 229463 476041 465177 523650 672398 451047 236238 382249 271921 436176 605957 352723 723468
744033 369346 635687 898613 1013659 251032 377510 320746 453093 584457 1018309 239149 82895 757265 383420 215037 278846 848205 462782 98235 353517 549119 307490 818423 972332 721071 202058 372566 822552 902458 288556 151037 517249 564683 273643 382098 378133 1008034 947294 536470 405738 800901 839631 354171 916415 597472 387622 592379 114785 934906 507078 999999999 242322 79036 191086 780072 340078 284397 351705 827516 26153 231202 1043241 530931 644035 549015 703273 118843 381830 657132 800735 696786 595092 695756 934594 720100 242230 136437 954381 906439 709027 843261 284628 717895 329200 880795 1052352 480691 626110 709405 665183 323379 212290 563718 721710 308974 218175 832897 342564 897317
550923 143669 622642 696662 776932 274797 533983 494123 322876 353468 916097 427644 223499 661662 532569 230218 166038 701710 365978 146924 307012 474011 208497 627220 846148 529446 388624 132507 624057 688211 114560 158696 494148 401651 183208 319616 316023 872192 735300 313773 177301 688747 762731 133258 743543 400844 199062 356378 197501 760706 513105 242322 999999999 168067 185054 722470 98135 160912 382350 709679 267075 251231 932336 307248 575889 596360 622992 217257 547475 423924 717097 504487 359404 454538 805053 482789 324601 107616 860344 710101 490145 720765 356169 655636 87282 638565 811057 589483 431596 535327 461832 159295 66214 460014 585281 242478 78912 638538 194739 683003
693230 290514 643885 845140 944130 255456 435991 383621 419011 505545 1001080 305220 107997 740149 439631 211251 239537 814724 400780 45700 299484 535397 275353 768747 946668 670668 266278 295672 770128 843968 232946 84281 519727 522554 204369 366728 321321 979230 889868 457445 338889 778716 829535 275219 873993 544257 309837 522946 115342 892089 518866 79036 168067 999999999 173668 775718 266174 242499 366167 803660 105157 187111 1023204 451897 634417 575288 690553 86977 443331 589338 788038 645967 516580 618704 907546 641727 268331 70360 939498 855191 647975 817962 309811 711276 255335 805939 979064 525648 573920 665205 610051 246551 150656 541010 690562 287404 160358 782101 298245 838785
565011 325567 473596 721740 871144 93513 355135 322657 263519 523907 830707 268977 115343 569465 351947 46500 101141 657424 531977 128957 449175 362969 119384 637486 781687 541791 233761 300911 644871 733380 143584 240396 347672 378882 333334 194304 465862 816997 775992 491618 275743 611020 656519 317064 728927 423864 383506 459045 77365 747612 351971 191086 185054 173668 999999999 602050 252345 110090 206302 637181 202097 352524 854349 484683 461130 421578 518078 260625 370937 515515 615670 518282 523618 601177 743710 640776 140160 129764 768044 726721 547692 652615 171289 537678 243424 764706 924947 404488 450440 524038 493349 337098 119203 373359 530709 118088 109124 653128 165772 728362
476138 804793 178029 563278 875266 529044 609598 649667 410434 898166 273996 683665 697179 127772 592019 567443 560130 310245 1083540 730792 1028185 248459 517486 482936 298946 467549 682236 753805 517818 632270 609015 836951 265645 401797 904666 411589 1038438 352263 641208 906007 639007 179797 81712 808264 438141 492345 889368 678175 669076 452106 295195 780072 722470 775718 602050 999999999 711115 563234 438620 203316 781785 949046 312633 898943 146672 337199 112793 862667 632847 670601 85080 469086 875355 868292 286513 934334 552489 724598 204702 538772 592456 223254 515189 66918 711007 909282 982223 490063 480831 399280 513570 873904 672116 273716 267853 492879 656508 501587 530393 630270
