NAME : synthetic_000231
TYPE : CTSP-D
DIMENSION : 100
GROUPS : 8
RELAXATION_LEVEL : 1
EDGE_WEIGHT_TYPE : EXPLICIT
EDGE_WEIGHT_FORMAT : FULL_MATRIX
EDGE_WEIGHT_SECTION
999999999 803657 662281 335578 701898 383980 514794 766407 680423 336239 1049943 83914 788933 1019615 519936 914649 803999 750005 908824 497526 437214 843955 1057634 748067 672739 889585 821217 705976 639840 679243 626736 502632 765278 556601 367439 772211 649110 1084703 1120473 855857 864394 851173 330923 840941 71045 799524 604739 601469 375549 470937 394405 917518 935362 987318 640467 928964 801595 988985 481955 759519 941133 951431 315701 1012193 707875 731807 879406 850615 599383 658547 689000 796595 174603 676343 587917 342598 904953 490990 995314 308900 848160 1244786 757139 238158 670718 687408 1061350 851999 358186 559880 163986 920084 206471 397093 616484 88848 711087 760932 1101813 786180
803657 999999999 272834 606000 532158 536371 331690 531200 326902 473576 353156 746686 88677 367754 538563 133877 483651 245550 334738 563888 608783 613750 405550 181810 347077 230662 411079 511702 167822 225209 377305 531788 283946 261408 442907 32247 533269 466887 385753 326952 577379 592247 496031 331957 738708 523325 438214 211796 516718 333382 410340 192297 184973 218407 270343 494535 187218 428787 330657 207500 402363 161029 502393 246585 136652 373124 632049 243719 320454 238109 175051 357433 666620 142747 230589 632185 102953 523402 193490 602826 299573 441531 460539 599696 169101 214248 313075 533529 527021 452602 665835 501691 709875 449938 267900 716175 171346 436780 327321 446461
662281 272834 999999999 584732 673702 314030 152599 280394 481833 336275 389459 629209 198227 357413 602788 404240 254024 88088 249921 617002 633913 373918 674960 388435 496487 233112 211679 247798 176915 381385 500203 588142 487138 157846 371556 259562 261502 733561 657015 200706 768762 776659 331633 558765 591476 702475 547251 265243 305490 249287 300717 277715 457791 487991 399685 720909 153186 682472 212212 418083 648369 349539 348664 515904 138901 548758 818100 489528 66953 378635 334806 163815 573425 272076 282161 615875 358656 266553 408084 393397 188227 643527 216018 427700 306404 58613 583896 312713 504602 185763 502347 324990 639283 426740 377019 585233 351113 197772 464906 633526
335578 606000 584732 999999999 367089 456777 441422 798102 382252 293971 925008 251702 627087 914048 184949 684657 807225 658067 824700 161984 106815 892623 762564 490343 369310 766806 789866 740810 475328 418205 319015 168575 474233 431784 215942 574257 703633 779198 847359 781628 529674 515834 334544 539106 313910 466504 282615 396976 429344 335690 293417 768921 687540 742021 370403 603588 679215 679019 373264 491817 631623 766832 311926 762614 560479 419215 543837 571754 543585 397752 448161 747180 165640 463376 376749 31432 694319 557574 795357 431446 764191 1032979 759780 338140 441884 580203 798748 865229 82099 581847 327591 902603 141643 162957 356141 266605 464760 752419 931994 461056
701898 532158 673702 367089 999999999 711947 588087 946649 206258 544647 884476 618253 599722 899167 182147 535218 927670 710146 849811 207157 274993 1043238 474032 352162 186982 756355 878873 901682 501706 312651 173501 199299 262690 529008 439497 510619 887938 467261 592796 826015 162587 150037 593478 272558 673272 103350 134386 408686 681251 477731 498183 724453 505297 553397 279001 257037 689390 365894 519557 330899 325276 672060 577850 562635 574632 165928 182619 354848 668160 306504 366056 825485 528763 422928 391599 365727 575160 781602 671962 721988 800947 859660 887830 647410 385662 637389 569474 986402 355233 765425 664485 987912 505969 360716 297794 627600 362871 871124 830939 134616
383980 536371 314030 456777 711947 999999999 204895 384759 581651 172048 698674 378532 488264 659250 569504 667768 420019 399804 543067 567355 547779 467944 892822 566768 586174 546517 440798 324001 374822 520246 561595 549903 633682 280496 276335 510907 270906 939633 911369 488236 852077 850164 124845 716743 314877 779832 579276 395422 30701 256969 214474 590603 708526 751075 506611 856277 466499 863860 229729 590447 820334 651954 145990 778980 408282 651513 888729 682228 247103 505352 499257 422010 361120 455034 395489 485610 637001 111311 706508 81904 485492 950583 373241 152737 470686 356947 841490 468663 401654 176616 221308 536514 439764 358651 476718 326577 522790 377822 778404 731654
514794 331690 152599 441422 588087 204895 999999999 369672 421143 184074 535400 477795 289118 507830 486080 462880 368561 237747 402462 495192 501653 466893 695790 375089 430740 374791 348792 318484 170893 340095 419713 469207 455010 79461 225604 306013 299892 746124 707628 353051 707041 710118 184546 535914 444611 636399 454730 209706 185264 116663 150583 405872 504416 546284 339137 687082 287099 677234 73120 401350 636345 454582 199200 574230 207245 492173 750849 489266 102269 329240 309123 308485 420853 257611 216541 472835 432913 214463 506554 272550 340725 753794 322313 285870 279133 172747 637229 427553 364004 178092 358843 461225 487468 290814 310728 435168 331486 312608 592881 576771
766407 531200 280394 798102 946649 384759 369672 999999999 760450 508875 463954 762897 444413 404242 855657 650686 71544 285978 297816 864759 868173 97361 935974 667414 774250 376944 151026 60780 457034 661532 773906 838873 767312 418025 585035 526014 119657 998040 896627 255841 1048305 1055481 478510 837558 698619 981172 816357 541640 399672 486323 506426 447705 709849 728962 677604 1000487 355264 955552 442779 697187 923984 549447 501470 755178 410874 828319 1096894 763911 278903 658051 615176 188179 736754 552380 556651 829287 595519 275454 609802 457582 275620 800741 71083 537146 586781 330614 824138 90150 725886 219217 605562 180722 813186 657673 653397 711221 631139 95885 597681 913334
680423 326902 481833 382252 206258 581651 421143 760450 999999999 433698 679922 603057 393558 693161 244552 346458 734884 509583 644422 275180 337610 855396 381560 150457 20658 550106 680753 720391 305610 107040 67089 246035 92686 350973 340922 304529 714929 404379 467183 622418 288576 295033 478983 160643 633604 220743 125037 219558 552087 326671 372689 519083 329507 382566 83319 275154 484342 309233 362104 134882 261536 472334 469800 398295 372370 71131 336453 193866 486491 104070 160342 626561 509831 219395 207016 397479 378498 630254 478930 612008 596878 688161 697823 558013 182040 440114 424006 792593 327518 598028 596608 787525 518506 285623 110478 594663 156681 679305 635171 155763
336239 473576 336275 293971 544647 172048 184074 508875 433698 999999999 717858 294029 453088 691773 397545 592712 525462 421799 586171 395408 378528 601570 777498 451327 434775 556446 521050 450150 306828 392358 403691 377905 498875 220512 105522 443111 410177 816840 817615 535917 690313 686491 48881 581621 268032 618219 414110 285800 142008 141926 67394 581589 621608 670553 367533 708013 467552 732264 146028 469945 686362 616589 36164 697025 371731 500556 723980 564177 279630 374194 385524 486284 239125 357886 277758 324364 576209 264659 662528 179979 524501 912293 477241 132058 361365 354198 752657 581482 231741 290299 192515 630004 310068 187222 338407 253159 409269 473451 765577 576263
1049943 353156 389459 925008 884476 698674 535400 463954 679922 717858 999999999 1011714 301742 63488 884913 379450 392673 301404 170287 908117 945913 497226 644047 532479 700169 161835 315568 487170 449699 577891 729787 876161 629526 506229 729473 377845 542123 711054 550529 222693 915461 933070 719081 660992 979469 867975 790178 534143 693265 603434 671047 162340 434703 418445 621391 812144 251411 714449 578374 555482 703914 225440 734576 433919 364782 722829 971115 564749 455142 589565 526407 299080 947434 482324 555425 954066 323689 629122 257421 779759 216910 352427 407821 816963 515347 363663 490930 406207 843044 541001 891434 320279 1005666 762276 615232 970379 524414 385774 151827 790627
83914 746686 629209 251702 618253 378532 477795 762897 603057 294029 1011714 999999999 739371 985624 436212 852075 793770 715493 878646 413628 353484 846159 982394 678521 594439 850138 802566 702118 586912 608355 547463 419050 689688 509662 304543 714766 649242 1007372 1049992 827306 780793 767402 300446 763698 87153 716289 523121 539683 363786 418185 344010 872552 869259 922061 567532 847361 760985 910559 435399 688202 862697 898843 281306 946183 660047 652207 795512 777804 569718 587452 621945 773086 93482 614417 524560 258913 846346 489445 939757 313593 817179 1188120 745926 225826 605655 648073 992853 845088 277775 548654 163023 906320 125222 323268 544898 52899 643285 746948 1053733 704456
788933 88677 198227 627087 599722 488264 289118 444413 393558 453088 301742 739371 999999999 303565 584259 209238 395351 158445 253201 606833 644250 525575 491563 258344 412764 157012 322404 427769 154882 287227 436043 574960 363050 232635 442537 94277 453495 553950 460974 240296 657519 670984 467378 417215 721120 600248 494680 232760 472372 321328 395798 142001 266416 291547 326156 580755 99276 517463 307083 286389 490673 165577 477523 319152 82349 446923 711423 331404 254582 295567 233927 268786 666002 182800 253958 655394 160561 460278 218257 560751 213098 464691 373503 571134 217926 140943 387739 444871 545640 383261 641466 414357 717381 465472 316584 703850 237639 349421 314461 524368
1019615 367754 357413 914048 899167 659250 507830 404242 693161 691773 63488 985624 303565 999999999 886712 413956 332735 270203 118504 908342 941990 434368 688754 549502 712963 149036 258161 430604 441436 588440 738887 876687 650154 487421 712117 388637 487477 755887 602125 173490 940649 957000 689045 688381 948750 889709 798025 531022 656117 585550 649314 177000 472112 461656 629238 843927 234835 752580 556913 574452 738738 261618 705862 479435 355317 740828 995974 593307 420774 598187 535685 247871 925587 486355 552369 943843 355305 583512 302678 740943 173777 415771 350895 784075 521323 340203 539640 343714 831957 495743 858937 256846 987032 751132 620141 942421 536509 329891 213993 812496
519936 538563 602788 184949 182147 569504 486080 855657 244552 397545 884913 436212 584259 886712 999999999 584859 849380 658661 815991 31577 100882 952936 606017 383831 226286 738014 814433 804151 451934 318871 177895 20008 334810 445954 293761 510097 779571 613907 706064 781987 344734 331261 445687 383932 493337 282149 121842 357590 539227 369430 365287 722855 573081 626605 270257 424367 658193 511838 413070 375196 465873 695821 426860 642807 536067 258889 360541 437269 580224 302500 364287 764851 347413 402605 336545 185101 609032 653632 711490 566186 760017 930751 805123 483401 370582 580321 667186 908899 181829 654399 491545 927514 324531 211424 270816 447062 372893 792404 862179 284049
914649 133877 404240 684657 535218 667768 462880 650686 346458 592712 379450 852075 209238 413956 584859 999999999 597224 365964 416960 613663 668400 727384 290065 201136 366826 307296 519418 636662 294406 269797 409305 582430 272562 389454 548101 156888 662455 355454 252789 423870 541411 560821 619557 286198 852487 500586 470354 313190 647005 450809 527022 244838 61487 84531 319305 432775 296203 339288 454570 211618 325041 154044 623718 112708 270237 369304 597176 189811 454063 289047 236839 468640 767064 238306 327530 707589 60602 657278 137719 731805 397007 349017 579603 722053 247722 345713 179746 642358 610831 585948 785014 596938 801604 539861 329111 826103 220053 554976 297601 424325
803999 483651 254024 807225 927670 420019 368561 71544 734884 525462 392673 793770 395351 332735 849380 597224 999999999 239239 227779 860964 870162 130358 885319 631309 749994 312518 83072 110848 429277 632528 754181 833575 733692 404637 591669 481951 174427 948684 839120 188955 1020381 1029158 500613 800180 734700 955164 800414 519264 430597 483257 513808 384016 657460 673082 653255 964132 301171 911559 440764 661104 882297 487678 522857 698607 372610 800696 1070587 721977 269573 631177 583665 128693 759944 520735 536077 838633 540265 316098 547355 497339 210890 731624 48297 569670 556604 296255 767267 59527 731692 245227 640969 120086 834351 659370 630991 743248 597674 57067 528014 884863
750005 245550 88088 658067 710146 399804 237747 285978 509583 421799 301404 715493 158445 270203 658661 365964 239239 999999999 167413 675750 699085 368765 649998 394962 526436 146889 172988 271288 210143 403928 538080 645574 498797 226283 448877 242714 302980 712172 615146 124486 789662 800241 419173 562368 679271 727080 590378 305778 392654 323365 381909 198812 424368 446166 431342 726552 78368 672449 290609 424601 643091 283483 435711 473097 137977 571805 841478 482789 153990 405705 352558 118131 657094 290714 325514 688788 312880 342511 344073 480017 106218 568625 215119 515774 327832 79008 542108 291886 576698 256536 590392 278020 720818 496989 413030 672244 364076 191233 382817 654282
908824 334738 249921 824700 849811 543067 402462 297816 644422 586171 170287 878646 253201 118504 815991 416960 227779 167413 999999999 834981 862165 343776 705400 511475 663041 109691 147228 317327 364096 537440 682068 804098 616002 393154 616285 346992 371839 771629 638740 55206 910438 924142 579632 666592 837803 853429 738168 458728 541282 490627 548851 176466 478324 481400 572475 828423 160636 752444 457928 539257 731504 281927 597577 503909 280559 699813 964512 576335 309676 543543 484082 129694 823116 427455 479579 855264 356449 465180 337133 624921 61768 504085 238381 671866 464457 244497 570060 251791 743084 377546 746814 184186 887833 662971 558612 833852 489901 215797 300251 777557
497526 563888 617002 161984 207157 567355 495192 864759 275180 395408 908117 413628 606833 908342 31577 613663 860964 675750 834981 999999999 70295 961851 637544 412531 257194 759421 828629 812111 471008 346369 208291 32104 365882 459433 293829 534899 785272 645066 737529 799610 369283 354498 442780 415509 474105 308845 153233 377822 537416 378707 368156 746365 603052 656733 297321 453650 678275 542923 422078 404778 497096 722089 423016 673250 555948 290462 381884 468278 591418 329364 390413 779904 326769 426235 356578 158584 636534 655143 739104 559520 778199 960259 816050 473903 395240 597044 698294 920418 171282 660122 477503 941990 298955 212595 296016 427271 400002 804138 888670 314192
437214 608783 633913 106815 274993 547779 501653 868173 337610 378528 945913 353484 644250 941990 100882 668400 870162 699085 862165 70295 999999999 964423 705914 467850 320791 793039 844153 813169 500959 398853 270584 92903 429649 476420 284988 578577 781351 714715 803127 823562 435963 419874 423255 483084 419834 377580 219715 411878 518920 387685 363070 785520 661754 715895 349298 523803 708952 612690 429513 462869 566634 768891 401796 733605 586993 358435 444974 531470 601515 380379 438795 797723 271306 467851 390555 94632 687209 642774 789791 530269 803630 1016707 823933 439600 439795 620086 761615 929206 146814 657115 433608 957710 234326 210905 343392 372307 450909 813969 935664 384481
843955 613750 373918 892623 1043238 467944 466893 97361 855396 601570 497226 846159 525575 434368 952936 727384 130358 368765 343776 961851 964423 999999999 1015665 757934 869583 437902 209513 151817 550824 755228 870279 936097 859178 514989 680648 611337 197047 1079037 967950 313110 1142673 1150375 568912 927530 777948 1076129 913327 637208 485744 583555 602056 509625 787726 802658 772825 1091121 431462 1041198 539978 787752 1011300 614517 592069 827933 499739 922662 1191811 850970 375994 752486 707816 258744 825231 644864 652657 923689 670126 356757 673425 535822 337151 845320 158288 620592 679926 421206 896423 92090 821448 311300 686127 180923 902547 754178 749098 793852 722930 179309 640914 1007439
1057634 405550 674960 762564 474032 892822 695790 935974 381560 777498 644047 982394 491563 688754 606017 290065 885319 649998 705400 637544 705914 1015665 999999999 327701 393327 596080 808732 917161 528222 385978 443562 613206 292712 616451 701709 415429 936461 67133 137306 713930 392025 417811 815714 223800 1006492 390738 486621 498876 867192 644069 710622 530431 228769 227242 418671 249732 584281 116895 663936 307557 149327 429437 812789 210133 536084 347507 440052 213346 714159 405254 395074 757143 889672 438622 502293 775713 349776 906309 386909 942943 687069 455032 865058 908918 422613 617065 160763 931793 708774 845942 958650 886659 899983 660542 444909 970336 371226 840895 523767 339592
748067 181810 388435 490343 352162 566768 375089 667414 150457 451327 532479 678521 258344 549502 383831 201136 631309 394962 511475 412531 467850 757934 327701 999999999 171109 411021 567801 635932 218094 72295 209605 381303 104980 295947 383076 164614 642539 372894 372491 496512 399282 412668 488354 170330 691598 342419 271184 171568 540459 316377 384101 373437 197197 251683 120330 333212 355244 302701 337188 29818 263763 321929 486198 272636 258708 191327 453079 115469 411626 93115 67575 512916 589006 120438 174677 511443 228432 589028 329694 615263 469766 548857 599968 583241 96402 336968 314492 686139 420863 538118 636446 668005 614617 356923 135796 659389 44001 578706 484905 266135
672739 347077 496487 369310 186982 586174 430740 774250 20658 434775 700169 594439 412764 712963 226286 366826 749994 526436 663041 257194 320791 869583 393327 171109 999999999 569481 697054 733234 320947 125685 50824 228646 108896 362345 339432 324338 726307 413289 482748 640277 276763 281743 480845 170456 627534 207423 105707 232671 556336 332908 375308 539173 348999 401802 96806 273281 502767 316259 369716 155330 268401 492970 470744 417054 389650 65816 323039 211112 499031 120805 179093 643037 501031 236987 218868 383403 399147 637997 499525 613920 614906 707811 712325 557111 199609 456008 441223 807958 317665 608252 593389 804452 506930 280243 121582 587728 176467 694169 655825 146784
889585 230662 233112 766806 756355 546517 374791 376944 550106 556446 161835 850138 157012 149036 738014 307296 312518 146889 109691 759421 793039 437902 596080 411021 569481 999999999 229680 382072 292836 444089 592986 727808 514362 344576 568326 246957 426866 662173 533301 124807 808041 822788 559052 560882 819351 753362 651348 381993 538601 442051 509216 71725 368688 373120 483056 721497 89608 643081 416540 437709 622893 177129 573945 396369 206815 601541 862680 469119 299929 452571 390859 189594 785629 339022 403338 796330 246819 487322 235525 626397 101662 432492 309355 658299 374697 202364 463414 347822 684716 400114 732372 291265 844333 603854 472653 809248 393705 284340 238600 676746
821217 411079 211679 789866 878873 440798 348792 151026 680753 521050 315568 802566 322404 258161 814433 519418 83072 172988 147228 828629 844153 209513 808732 567801 697054 229680 999999999 172495 377174 575893 705809 799820 671771 369259 574304 412490 230864 872888 758451 105888 962410 972672 503328 734458 750660 899285 755577 471022 445833 457189 498940 301289 580203 593533 601100 898677 225139 839865 417136 597383 812556 405473 524184 618612 310732 744075 1013966 652652 246528 576692 525063 54887 759661 462808 489461 821239 461451 347426 464851 521588 128196 649741 92753 583491 499668 241491 687009 123087 711338 265066 657233 113572 830887 635282 581081 754003 537001 73045 446686 826954
705976 511702 247798 740810 901682 324001 318484 60780 720391 450150 487170 702118 427769 430604 804151 636662 110848 271288 317327 812111 813169 151817 917161 635932 733234 382072 172495 999999999 421064 624486 729957 786957 733203 372904 529043 503052 63692 977577 886434 268889 1008921 1014965 418701 806212 638021 940629 769992 500843 338959 434883 450487 450352 694131 717417 637143 967692 346267 929736 391203 665489 896105 547703 441743 744385 384307 789410 1056273 736979 234338 619477 580371 194124 676503 518242 514523 771884 584168 214988 608616 397261 284017 812734 79750 476366 551185 302674 813392 147427 669792 159899 544888 230050 753167 603285 611775 650443 597755 101555 612395 874725
639840 167822 176915 475328 501706 374822 170893 457034 305610 306828 449699 586912 154882 441436 451934 294406 429277 210143 364096 471008 500959 550824 528222 218094 320947 292836 377174 421064 999999999 204511 328803 440027 312242 95070 287832 138903 424718 581214 536797 331162 591892 600057 328209 387088 573569 525970 380262 95773 353035 169151 245437 294949 333731 376802 224418 547025 208046 519270 162874 246922 481667 312079 334840 404555 86124 371915 641498 327317 193544 201971 159369 323862 511687 98034 116001 504383 270775 378096 355873 437400 308411 605620 392805 431910 130147 135684 466670 487045 393413 321105 498616 486680 562513 312730 203929 553394 177651 373827 468498 456615
679243 225209 381385 418205 312651 520246 340095 661532 107040 392358 577891 608355 287227 588440 318871 269797 632528 403928 537440 346369 398853 755228 385978 72295 125685 444089 575893 624486 204511 999999999 152099 314650 115019 264020 316916 200373 623971 424668 441659 515538 387859 397013 432377 197080 624342 323417 213179 130445 492444 264395 326063 416060 269392 323847 49557 347955 377304 343851 291648 80372 300103 378117 427992 344930 266235 168342 438388 173483 392889 21016 53408 521430 518152 113215 125474 439632 290205 554028 392743 562416 489911 618657 597091 523270 76236 336549 385711 689565 348623 512071 572938 681575 542485 285833 63876 590801 54551 577660 543879 252378
626736 377305 500203 319015 173501 561595 419713 773906 67089 403691 729787 547463 436043 738887 177895 409305 754181 538080 682068 208291 270584 870279 443562 209605 50824 592986 705809 729957 328803 152099 999999999 178957 159197 357059 304139 352003 718649 461795 533432 655723 291279 291730 451069 220149 583628 219288 61716 235228 531277 314409 347945 567764 395312 448735 109971 309430 521447 363406 354140 198233 315589 528724 439164 464972 404007 105214 331912 260895 495914 140711 203557 652661 453982 254883 218134 332683 437635 620850 539260 583648 631215 753432 714510 521617 218434 464409 491057 812902 269909 597779 553796 815414 457366 238765 125051 542750 206305 697664 693444 172789
502632 531788 588142 168575 199299 549903 469207 838873 246035 377905 876161 419050 574960 876687 20008 582430 833575 645574 804098 32104 92903 936097 613206 381303 228646 727808 799820 786957 440027 314650 178957 999999999 337536 430894 274382 502796 761659 623075 710471 769236 361763 348944 425970 390216 474861 297930 126819 346443 519666 352550 346506 714362 572742 626581 265501 437402 647015 521319 396121 374182 474904 690051 407044 643501 524728 265699 378930 439676 564199 297480 358384 750664 329539 394196 325246 171013 604749 634660 707342 546209 747604 929456 789037 463412 363137 567005 669833 893074 162008 636469 471934 913055 309213 192140 263922 428792 368153 776654 856655 296016
765278 283946 487138 474233 262690 633682 455010 767312 92686 498875 629526 689688 363050 650154 334810 272562 733692 498797 616002 365882 429649 859178 292712 104980 108896 514362 671771 733203 312242 115019 159197 337536 999999999 378406 414447 269011 735735 321635 374498 601491 294471 308456 541188 83250 715440 239594 213379 245304 605426 376953 434147 473302 246182 297286 131496 234990 460215 233391 406023 76767 187781 411807 534928 310684 361642 96763 348573 102519 504198 128352 152874 616892 596971 215117 240248 489996 313676 669037 409326 672768 574742 604569 700939 627665 182453 438030 332415 789204 416731 625890 672120 772797 609215 368316 160478 678335 136254 680287 568535 162543
556601 261408 157846 431784 529008 280496 79461 418025 350973 220512 506229 509662 232635 487421 445954 389454 404637 226283 393154 459433 476420 514989 616451 295947 362345 344576 369259 372904 95070 264020 357059 430894 378406 999999999 224715 233512 364012 666667 630888 350039 639044 643760 236445 458402 488523 569558 398345 133943 258119 98169 165934 362891 428214 471834 267866 611909 255003 598378 74690 322556 557958 396825 245280 499550 151276 421397 684893 409879 139201 254751 230466 321478 441460 178151 143995 462528 364100 293113 444742 342360 332434 694132 361910 340482 200323 148853 561231 464124 350487 248373 409443 482717 499993 271128 240868 472251 252510 347570 545353 506610
367439 442907 371556 215942 439497 276335 225604 585035 340922 105522 729473 304543 442537 712117 293761 548101 591669 448877 616285 293829 284988 680648 701709 383076 339432 568326 574304 529043 287832 316916 304139 274382 414447 224715 999999999 410840 496373 735813 755303 570756 587106 582470 154389 495394 308680 515242 310024 235230 245861 126567 78612 580713 567946 619900 283868 612029 478986 646467 159357 397084 599519 597542 138404 644761 367175 404605 619504 490295 327847 296929 322093 532620 224343 310059 220731 247371 541918 361382 636307 283026 554973 883986 544432 217799 303280 373042 694658 649937 140851 372185 257691 686828 276304 82412 256828 278626 344589 536621 756267 476840
772211 32247 259562 574257 510619 510907 306013 526014 304529 443111 377845 714766 94277 388637 510097 156888 481951 242714 346992 534899 578577 611337 415429 164614 324338 246957 412490 503052 138903 200373 352003 502796 269011 233512 410840 999999999 521048 474690 405314 334242 563463 577228 466666 323563 707560 506967 412340 179582 490385 302398 379358 215764 202311 240679 243657 487452 192841 429938 301196 192278 400497 192580 472442 268760 120787 354594 617533 240304 302359 211736 148563 358060 634458 111399 198485 600618 133153 502727 225678 575717 307148 473366 456001 570083 139659 201664 333457 533790 495075 434877 635529 507687 677639 417809 239289 684590 147875 432914 358390 430746
649110 533269 261502 703633 887938 270906 299892 119657 714929 410177 542123 649242 453495 487477 779571 662455 174427 302980 371839 785272 781351 197047 936461 642539 726307 426866 230864 63692 424718 623971 718649 761659 735735 364012 496373 521048 999999999 994887 914453 320784 1003042 1007465 374609 811792 582183 933357 754609 496398 289037 413359 418694 492415 717815 745021 631725 970714 380725 941300 370134 671576 905419 585289 397859 772537 400395 785154 1048491 748272 231556 616899 583279 244372 628957 522751 507913 734300 612977 159798 646157 340290 332826 859305 139542 423586 553370 319551 841219 209194 635996 125192 489808 293736 706666 573852 604877 597030 602324 157984 661631 870454
1084703 466887 733561 779198 467261 939633 746124 998040 404379 816840 711054 1007372 553950 755887 613907 355454 948684 712172 771629 645066 714715 1079037 67133 372894 413289 662173 872888 977577 581214 424668 461795 623075 321635 666667 735813 474690 994887 999999999 190113 779171 364700 391008 856977 243770 1036511 375467 498327 544260 913132 687277 750724 597027 293987 294348 452051 222871 648028 102418 709973 349678 148180 496440 852578 277141 594736 360032 407931 257501 770087 442657 440376 820844 914068 488558 545629 789901 415540 958512 453997 986256 752196 511130 927283 947169 469167 676170 225275 995975 730954 901073 993497 952377 918859 688705 479914 998544 416890 903337 589412 335870
1120473 385753 657015 847359 592796 911369 707628 896627 467183 817615 550529 1049992 460974 602125 706064 252789 839120 615146 638740 737529 803127 967950 137306 372491 482748 533301 758451 886434 536797 441659 533432 710471 374498 630888 755303 405314 914453 190113 999999999 656951 525709 551062 850403 325266 1063951 517735 584316 531859 888611 677622 750300 462806 203457 169432 483562 384749 541660 252156 689326 361864 276945 356904 851172 142080 522404 449333 575290 275697 706175 462542 434116 710769 959425 461653 540516 864136 302270 908024 303103 970372 631581 321018 825778 949477 456463 598500 73235 879720 785248 838350 1006362 822894 979335 727116 505122 1031840 411051 800764 415843 458833
855857 326952 200706 781628 826015 488236 353051 255841 622418 535917 222693 827306 240296 173490 781987 423870 188955 124486 55206 799610 823562 313110 713930 496512 640277 124807 105888 268889 331162 515538 655723 769236 601491 350039 570756 334242 320784 779171 656951 999999999 895493 907865 527586 657511 784814 835908 709917 426856 486931 446252 501272 196522 485252 494394 547206 820960 141466 752789 411612 525260 728705 301718 546022 518586 251717 681102 948699 570666 257628 519705 462693 76589 773861 403309 447147 812476 364423 410045 360329 570118 27421 545576 191701 618476 440676 203476 586347 223141 700505 322361 693404 175026 839979 621074 531072 781865 470972 167758 343806 761177
864394 577379 768762 529674 162587 852077 707041 1048305 288576 690313 915461 780793 657519 940649 344734 541411 1020381 789662 910438 369283 435963 1142673 392025 399282 276763 808041 962410 1008921 591892 387859 291279 361763 294471 639044 587106 563463 1003042 364700 525709 895493 999999999 26339 738575 255322 834721 72252 277524 508123 821615 605250 637808 763728 496344 534264 371886 142836 754415 275143 644057 371185 250358 692109 724914 535344 651718 220017 55778 351925 775067 390264 437452 907687 691006 500080 495316 527826 592726 911663 677556 869838 868878 825732 984696 800531 463827 724300 522236 1077291 515175 884814 822270 1065694 668237 512329 398180 789397 425804 965477 836471 135561
851173 592247 776659 515834 150037 850164 710118 1055481 295033 686491 933070 767402 670984 957000 331261 560821 1029158 800241 924142 354498 419874 1150375 417811 412668 281743 822788 972672 1014965 600057 397013 291730 348944 308456 643760 582470 577228 1007465 391008 551062 907865 26339 999999999 735005 274676 823293 74344 272465 514245 819597 606124 635697 780003 517124 556176 377993 168949 767135 300970 645741 385191 275140 710512 720681 557980 662274 228674 41442 371042 780773 398090 447685 918076 678479 509889 500584 512666 611083 912533 697502 865484 881432 849474 992676 794105 473223 733489 546382 1086463 505015 888146 813594 1077041 653199 506141 403286 777551 437201 973882 856769 146718
330923 496031 331633 334544 593478 124845 184546 478510 478983 48881 719081 300446 467378 689045 445687 619557 500613 419173 579632 442780 423255 568912 815714 488354 480845 559052 503328 418701 328209 432377 451069 425970 541188 236445 154389 466666 374609 856977 850403 527586 738575 735005 999999999 624252 260391 666430 462706 319454 95666 173025 107091 589809 651858 699303 410373 753828 471637 774367 165470 508441 728945 632529 23256 726277 385105 546661 772623 602459 270030 414976 421588 472677 259376 388894 313733 364149 598984 223372 681178 133080 518505 930469 452338 104038 395941 357269 783955 554918 276907 259374 174761 609378 334804 235887 380875 254283 445471 450863 776092 623374
840941 331957 558765 539106 272558 716743 535914 837558 160643 581621 660992 763698 417215 688381 383932 286198 800180 562368 666592 415509 483084 927530 223800 170330 170456 560882 734458 806212 387088 197080 220149 390216 83250 458402 495394 323563 811792 243770 325266 657511 255322 274676 624252 999999999 793241 217422 263419 326453 688576 460121 517182 512065 243735 286563 214091 164220 516293 151110 488669 140723 104743 436981 617715 292662 427823 125150 311099 96612 580413 211405 229242 679685 670451 289058 322554 551926 337690 750269 422864 755962 630291 589455 769786 709842 259481 506983 297046 854193 487763 704602 752800 831249 677333 445250 243397 754897 209473 748227 582291 144694
71045 738708 591476 313910 673272 314877 444611 698619 633604 268032 979469 87153 721120 948750 493337 852487 734700 679271 837803 474105 419834 777948 1006492 691598 627534 819351 750660 638021 573569 624342 583628 474861 715440 488523 308680 707560 582183 1036511 1063951 784814 834721 823293 260391 793241 999999999 767556 567401 539809 305289 405361 328453 848298 875539 926783 587939 890120 731610 942837 414053 704704 895126 884415 245839 952153 639677 688782 853785 797068 528407 603956 630647 725653 148531 614441 527346 327117 840598 423222 929411 242126 777171 1179107 687612 167304 610933 617327 1003169 783452 320812 490112 93777 850233 205215 348042 562632 47706 653249 690942 1033227 748183
799524 523325 702475 466504 103350 779832 636399 981172 220743 618219 867975 716289 600248 889709 282149 500586 955164 727080 853429 308845 377580 1076129 390738 342419 207423 753362 899285 940629 525970 323417 219288 297930 239594 569558 515242 506967 933357 375467 517735 835908 72252 74344 666430 217422 767556 999999999 206201 439902 749366 533524 565556 712804 460995 503641 303654 157433 695570 277063 572664 315827 242000 647405 652903 508291 589170 155280 115724 311469 706452 324005 374595 844770 625425 436489 426282 467000 548164 839980 638143 797832 809643 803638 918488 729299 399653 659692 504271 1012591 447111 814354 752456 1004259 606679 441155 328986 722782 364943 899792 797970 77352
604739 438214 547251 282615 134386 579276 454730 816357 125037 414110 790178 523121 494680 798025 121842 470354 800414 590378 738168 153233 219715 913327 486621 271184 105707 651348 755577 769992 380262 213179 61716 126819 213379 398345 310024 412340 754609 498327 584316 709917 277524 272465 462706 263419 567401 206201 999999999 284947 548616 343476 365007 627988 454529 507472 168956 324264 577768 397260 385527 258902 350249 590365 448217 522728 458604 139237 309942 315898 537469 200614 263778 703199 430247 312416 266120 291682 499325 647278 600874 593023 685965 813190 759285 523112 276755 515011 545568 859551 247140 631619 547308 866421 423848 234954 179574 524131 267584 743548 755157 181443
601469 211796 265243 396976 408686 395422 209706 541640 219558 285800 534143 539683 232760 531022 357590 313190 519264 305778 458728 377822 411878 637208 498876 171568 232671 381993 471022 500843 95773 130445 235228 346443 245304 133943 235230 179582 496398 544260 531859 426856 508123 514245 319454 326453 539809 439902 284947 999999999 368915 146458 218568 374569 336832 387207 136303 478073 300633 469952 165717 195125 427866 371237 319365 412983 178483 289040 555602 287009 266987 120868 103993 418338 456775 74901 21358 424383 307742 423868 404709 444268 403862 650259 480407 417619 76646 230082 467049 577824 316691 382300 475880 581499 498118 238477 111932 512913 127725 462944 535340 374408
375549 516718 305490 429344 681251 30701 185264 399672 552087 142008 693265 363786 472372 656117 539227 647005 430597 392654 541282 537416 518920 485744 867192 540459 556336 538601 445833 338959 353035 492444 531277 519666 605426 258119 245861 490385 289037 913132 888611 486931 821615 819597 95666 688576 305289 749366 548616 368915 999999999 228479 183902 579695 686254 729810 477697 826905 456357 836245 203313 563636 792410 637066 117585 757588 391370 621767 858116 655918 238751 477180 472890 423457 340091 430339 368157 458550 618166 131823 690502 88873 482474 936187 383074 139097 444676 344746 819282 481313 372516 185405 211612 545105 418166 328222 447800 312777 496542 385723 767715 701601
470937 333382 249287 335690 477731 256969 116663 486323 326671 141926 603434 418185 321328 585550 369430 450809 483257 323365 490627 378707 387685 583555 644069 316377 332908 442051 457189 434883 169151 264395 314409 352550 376953 98169 126567 302398 413359 687277 677622 446252 605250 606124 173025 460121 405361 533524 343476 146458 228479 999999999 76965 456839 480182 528748 249824 600181 352605 608224 43680 337717 564079 481204 173934 555328 243222 397331 646144 431211 213977 248751 249193 412475 345794 216576 141854 366735 435536 306459 524385 299085 429578 773938 437733 272492 223021 246768 611735 542550 255315 289094 334242 570623 402283 178097 219960 384260 273088 426749 635785 479561
394405 410340 300717 293417 498183 214474 150583 506426 372689 67394 671047 344010 395798 649314 365287 527022 513808 381909 548851 368156 363070 602056 710622 384101 375308 509216 498940 450487 245437 326063 347945 346506 434147 165934 78612 379358 418694 750724 750300 501272 637808 635697 107091 517182 328453 565556 365007 218568 183902 76965 999999999 528712 554783 604116 303283 647779 419643 667390 92690 403078 621886 557162 102171 630423 316047 441071 674270 497277 252548 308310 318163 459043 276533 291131 210368 324825 512490 288589 601086 239588 487156 850719 466386 199448 293989 309152 685559 571857 219462 294118 258141 610836 338982 155686 273795 308276 341925 459119 709923 519240
917518 192297 277715 768921 724453 590603 405872 447705 519083 581589 162340 872552 142001 177000 722855 244838 384016 198812 176466 746365 785520 509625 530431 373437 539173 71725 301289 450352 294949 416060 567764 714362 473302 362891 580713 215764 492415 597027 462806 196522 763728 780003 589809 512065 848298 712804 627988 374569 579695 456839 528712 999999999 305442 305245 459134 669271 124535 583672 437257 397848 566578 105984 602605 327465 213696 564637 819015 417634 344069 427380 364268 259760 802630 320264 395691 797334 184440 540820 163808 668416 173136 370091 379359 691740 353026 235321 393668 419451 687353 455315 764490 360308 856603 607008 452934 834491 362957 354208 188022 635560
935362 184973 457791 687540 505297 708526 504416 709849 329507 621608 434703 869259 266416 472112 573081 61487 657460 424368 478324 603052 661754 787726 228769 197197 348999 368688 580203 694131 333731 269392 395312 572742 246182 428214 567946 202311 717815 293987 203457 485252 496344 517124 651858 243735 875539 460995 454529 336832 686254 480182 554783 305442 999999999 54509 317346 380532 356291 280500 488800 198886 269686 210668 654107 76925 321014 340968 551857 151073 504241 290020 247389 529020 781646 263722 348226 708488 121874 704948 183201 769048 458341 358928 638788 752672 264710 399192 133029 703220 617431 636688 812609 658422 810660 550922 332304 846527 226764 614322 340451 386582
987318 218407 487991 742021 553397 751075 546284 728962 382566 670553 418445 922061 291547 461656 626605 84531 673082 446166 481400 656733 715895 802658 227242 251683 401802 373120 593533 717417 376802 323847 448735 626581 297286 471834 619900 240679 745021 294348 169432 494394 534264 556176 699303 286563 926783 503641 507472 387207 729810 528748 604116 305245 54509 999999999 371854 411134 373698 299642 535096 253098 296980 202483 702440 28180 354719 390577 589235 198677 538522 344437 300639 544429 834936 313160 399549 762997 133502 741802 161111 813905 468246 307388 657968 800976 316698 429569 96200 715791 671697 670298 862222 664378 864760 604653 386640 898523 280507 633081 309377 430992
640467 270343 399685 370403 279001 506611 339137 677604 83319 367533 621391 567532 326156 629238 270257 319305 653255 431342 572475 297321 349298 772825 418671 120330 96806 483056 601100 637143 224418 49557 109971 265501 131496 267866 283868 243657 631725 452051 483562 547206 371886 377993 410373 214091 587939 303654 168956 136303 477697 249824 303283 459134 317346 371854 999999999 350789 411841 364827 282675 122489 318833 425766 403624 392211 295666 153547 419372 210313 403183 32361 95314 547309 476206 145064 123871 391156 339251 549954 441856 542479 522357 668088 615521 496178 108466 359782 430319 711301 302848 515383 541499 709278 497082 244264 29897 552571 102693 597382 591965 238750
928964 494535 720909 603588 257037 856277 687082 1000487 275154 708013 812144 847361 580755 843927 424367 432775 964132 726552 828423 453650 523803 1091121 249732 333212 273281 721497 898677 967692 547025 347955 309430 437402 234990 611909 612029 487452 970714 222871 384749 820960 142836 168949 753828 164220 890120 157433 324264 478073 826905 600181 647779 669271 380532 411134 350789 999999999 679964 132919 633386 303401 115288 586706 744007 408083 591603 207609 190555 252396 739185 357842 387728 843905 754507 449464 470656 608404 489201 899866 563707 886902 793673 691191 933180 829828 417432 670166 386892 1018340 571038 860024 863206 995034 745211 548060 380484 847663 369951 911862 719321 142943
