NAME : synthetic_000675
TYPE : CTSP-D
DIMENSION : 100
GROUPS : 8
RELAXATION_LEVEL : 1
EDGE_WEIGHT_TYPE : EXPLICIT
EDGE_WEIGHT_FORMAT : FULL_MATRIX
EDGE_WEIGHT_SECTION
999999999 629411 166887 143732 680708 705551 367489 568873 732217 662008 328174 715731 806267 503498 694972 482953 775143 780784 752101 315634 454144 497679 264744 262828 244158 182394 381008 278593 706971 169046 777032 944127 735019 146029 403844 666425 382313 750467 142022 589113 332862 460607 735626 290252 555199 152086 661823 132437 621370 379214 121745 484775 802519 768186 211830 466987 1021893 787272 830367 684084 162391 664312 951244 646954 648771 590714 838355 153929 839237 736509 846731 350225 437887 773983 510867 265420 518635 217469 723005 704808 643912 704456 861898 671979 312966 403408 615052 369505 744364 247446 253628 546291 185640 596574 679949 525261 724058 729752 595067 754972
629411 999999999 679526 487317 880156 1084634 723771 871607 304900 609584 321261 859413 881579 190437 354777 814458 943448 706020 799451 417330 572440 366868 877158 399795 453612 808980 722144 666445 901327 515468 729578 885176 985049 638151 236901 40991 619894 1171516 727653 525800 330697 168805 111721 502036 851769 738495 42239 760730 624248 801843 738370 845005 580791 384260 424702 237835 812185 604007 877088 159521 489135 84936 840469 352455 1082791 672798 706037 529332 719938 121847 714505 279648 732201 1114394 950412 437941 121711 810729 1016251 246448 1031820 801707 809231 309803 622449 956039 21360 493687 700059 767438 822369 564525 687628 746530 838818 165172 109614 818814 850639 1057097
166887 679526 999999999 251604 847150 855471 532820 732161 838651 817872 425330 882612 972623 593466 814104 646379 941685 938732 917083 451277 614781 628470 345838 380358 382107 196211 546770 444999 873352 164689 937013 1106336 898701 312309 442626 719635 547824 890492 280598 739902 438276 517210 775089 444264 719238 86009 717379 177006 780461 536962 130305 645452 945853 885157 265466 566566 1173018 934634 996137 765989 294227 731292 1110021 769371 789696 754356 992803 305342 994910 796822 1001417 409347 604321 927902 657325 401195 585515 142731 883567 802807 794460 870603 1023251 785104 479377 518031 669437 522707 903746 395545 143266 703131 346776 763026 846836 610476 784119 895901 760584 913977
143732 487317 251604 999999999 662591 746277 374234 575922 596068 577230 186078 683904 761727 361249 565408 493179 753639 699994 697391 201071 386730 376880 393930 129467 135189 325944 383200 284603 689022 132350 701856 874872 735269 184697 268458 523714 342489 807258 249507 494607 193549 318733 594894 211160 559064 276922 518848 276165 545380 416744 260954 506099 695452 637486 90733 326932 925892 685914 780015 541190 52982 520595 871489 519479 706938 531723 749217 93160 752689 592978 758040 209859 429050 804383 565143 152170 375100 348599 736110 565461 685173 659292 790297 538822 288085 502789 472400 284186 667753 321138 375432 465393 240258 557262 649979 382340 580558 684164 588288 772343
680708 880156 847150 662591 999999999 291916 315973 147604 706879 325950 647897 72185 177266 692440 622011 216778 94749 335720 191264 526754 317241 513627 645714 602316 551186 754868 301143 402165 26503 791884 304142 377406 110306 534854 806805 890581 321557 395565 588801 374498 623902 783551 977851 464981 148560 809344 880123 723981 281667 341413 756432 237887 501227 667452 735422 649313 569035 457603 216425 794515 610465 841537 431275 585865 361924 212648 409816 572319 395733 906535 411834 745029 242837 272860 333649 547608 775088 847060 162839 734778 277015 130952 330844 645754 376484 522940 858832 420346 299542 484597 896671 319093 504966 133655 56295 715927 900039 139644 94711 199540
705551 1084634 855471 746277 291916 999999999 379338 217511 963506 603775 800813 360914 451355 894665 881206 271739 325567 627403 482248 681280 518813 734326 559196 735197 675683 706635 375168 463247 292874 856357 596047 651897 208069 572469 957938 1103020 466058 103937 574915 631509 780892 957700 1191111 600286 236850 793152 1093351 694096 552133 330924 737168 246423 788198 935506 833889 846804 856695 745472 491246 1028166 702344 1062483 714181 838795 102680 473718 701732 654627 687578 1133825 703708 890827 353241 84765 199054 681372 968227 806551 142413 981968 61734 422797 617565 897299 480331 384897 1063540 591595 590291 460505 857470 564141 522441 390284 347422 920800 1125453 430683 256557 129215
367489 723771 532820 374234 315973 379338 999999999 204033 664088 405498 424533 359431 459671 538249 592717 119356 410719 498513 422011 309008 214612 406172 356573 356368 296598 443893 16536 91569 341809 494665 482643 627209 368543 221653 579629 747036 119875 453982 274705 375951 406132 584896 833735 225091 188862 493411 738185 409871 350061 87709 440811 133683 590716 660512 458617 489275 758443 559142 489916 693660 326892 714344 653925 543215 360536 286614 570682 281124 565072 789151 577181 512266 77063 431429 226890 303324 603644 533026 362893 666678 320370 363643 553703 594294 102960 298608 703320 236877 456434 180761 582015 306292 189004 256368 323269 565181 779309 387981 227764 398367
568873 871607 732161 575922 147604 217511 204033 999999999 747196 399759 600515 214402 322653 681212 665646 85919 233682 446248 319878 478448 302123 517369 503502 541522 484248 621865 193228 295599 167579 698430 419153 518743 166605 424063 760108 888488 259873 315136 461708 417308 578879 751951 976675 402475 19839 685857 878650 595219 344929 203953 631228 94104 590137 722134 657551 634029 696177 549563 360608 810884 526798 846496 566133 622308 251111 265200 523043 482842 511594 917207 526816 694325 150803 244242 189884 486237 757250 717208 160474 764633 175443 254137 463338 680465 291024 375337 850383 381822 405321 351327 767724 348335 385406 186605 184646 706965 909031 271322 59263 198203
732217 304900 838651 596068 706879 963506 664088 747196 999999999 388494 413516 665654 656275 251271 85181 716595 746616 451240 576224 427663 458618 262527 927809 469588 494934 910890 655672 643716 722109 681347 481123 613302 817176 677031 448613 284484 544360 1062300 780787 334200 402697 366473 346757 491270 728621 872985 274890 860180 425566 751631 853646 753832 294501 79894 576129 272132 511648 327070 641498 147393 569938 223310 558017 124972 989945 496578 430820 589331 447113 249002 438231 446419 639679 971254 878769 473398 297543 944528 863352 58475 921742 599005 547081 69807 582031 948970 291630 437406 458614 775249 970671 399387 710505 580546 655508 242005 249457 609322 708573 902957
662008 609584 817872 577230 325950 603775 405498 399759 388494 999999999 473105 278185 274187 440335 303466 400494 358211 123381 192084 382031 213330 263248 751235 466507 442107 801792 390749 439221 338039 705417 132000 306256 435389 541348 609210 610384 307400 706849 635177 92784 448469 558697 693110 373676 384453 813048 599554 756947 57316 484269 772136 439145 192450 342568 616487 409797 363645 155644 267507 495405 527610 554210 294394 275238 650837 135549 176775 512721 177271 609878 184943 562785 346043 597458 568646 426568 526321 871759 487540 424030 572592 210714 221443 333821 377059 700654 589252 295267 97923 573923 913479 115889 544368 214489 271690 457575 605509 221023 349273 525322
328174 321261 425330 186078 647897 800813 424533 600515 413516 473105 999999999 649319 705210 175356 391440 530044 728833 594796 630111 122619 333618 226909 559901 78547 134782 510443 426523 354844 672771 271722 604812 779361 739976 317035 160091 353368 340819 878516 409255 381420 25172 163468 432646 200533 581221 461410 346923 460108 457482 494298 446980 554759 551432 461027 167070 141929 791959 550702 714553 356005 172868 341277 761419 349574 784115 471017 629736 209039 636848 415910 638891 97312 451110 843603 646241 122583 201284 533709 757122 380185 743536 607897 694490 360309 321717 635502 303487 227553 570382 446734 557727 377957 366455 522423 620250 197315 403890 630549 594269 796826
715731 859413 882612 683904 72185 360914 359431 214402 665654 278185 649319 999999999 108464 675357 580475 273703 84057 270260 121498 531424 315815 493242 701967 611367 564484 802947 343546 439646 68533 815270 237462 305957 164917 571341 805497 866695 341920 463919 634126 340158 624617 775037 952789 478588 211893 850479 856047 769234 242247 396997 799059 299762 441925 620408 751048 634940 497469 397679 146247 763065 631063 814847 359095 548230 433802 187130 342388 596679 327560 876593 343807 746541 282943 334032 403147 558205 759982 892351 225838 697894 348777 68913 258909 607890 404745 587995 838258 424043 236970 535164 941075 295027 546901 128271 36183 697388 870923 70273 156982 258627
806267 881579 972623 761727 177266 451355 459671 322653 656275 274187 705210 108464 999999999 705839 572498 380903 128984 218270 82258 593561 379178 523561 807541 676948 635584 903380 443392 534789 164685 894031 184143 202138 244458 664238 855714 883887 425550 551492 733273 356131 680074 816050 967154 551796 320349 945493 873071 867751 259269 503098 895465 407974 398964 600575 822127 670152 408000 354904 40128 769364 708780 828240 263110 548423 532365 235047 277638 678551 260421 883849 276495 801085 382611 410676 510682 626482 791914 990504 310065 695866 447306 102626 171006 606034 493310 696431 860948 488130 199221 638154 1038412 331041 644180 209734 141566 725305 879621 77576 265446 335465
503498 190437 593466 361249 692440 894665 538249 681212 251271 440335 175356 675357 705839 999999999 252438 625133 759125 548496 624579 239079 382245 182907 728303 246016 289082 685694 535554 487667 714275 432948 567653 733447 796123 479522 204325 209295 431010 982562 577413 350945 172802 129905 296918 321749 661374 635033 200147 635284 446589 619015 622203 656445 455260 312110 328495 48986 698160 467712 705303 181209 346060 178652 699076 224795 895245 488227 562742 376871 574100 254703 571742 195161 542817 923965 765120 270059 86174 707651 826172 209872 842412 620573 652692 212064 438755 786175 169181 304842 535692 599787 729585 380734 523800 559086 653006 26994 243873 639209 660460 867002
694972 354777 814104 565408 622011 881206 592717 665646 85181 303466 391440 580475 572498 252438 999999999 638483 661505 370946 492004 381887 382802 204003 873825 436183 452245 869372 583281 579845 637049 663149 399698 539285 732317 625708 456754 342080 472906 980748 730074 250408 376188 379689 413933 435854 647334 840764 331658 818994 340544 680423 816672 676236 226575 73763 558230 257798 459234 253426 558835 209497 533171 280749 488776 50951 910423 412312 357227 546333 372577 320622 365186 441825 563340 887294 802733 430648 318379 910798 779071 125746 840673 513880 469405 45314 516306 882899 338188 374336 375834 714682 940534 317322 654615 496463 570434 252222 318933 524398 625603 818530
482953 814458 646379 493179 216778 271739 119356 85919 716595 400494 530044 273703 380903 625133 638483 999999999 309229 468691 361701 409768 259162 472427 429301 466810 408170 540208 110140 210741 240503 613970 445960 567113 252324 338225 688236 834155 194743 357573 377523 398491 509659 686011 922015 329793 73456 601119 824700 511782 343294 124636 546814 38915 592858 700285 576513 576847 726453 555482 416009 766456 445084 795950 606059 592062 274938 266336 544931 400021 535832 868731 549950 621555 82320 315618 168881 412165 697128 634296 243546 727970 217363 297162 502983 647957 212624 320415 793482 320801 426252 269322 684535 326517 299686 204533 239352 651556 859809 318514 122362 279173
775143 943448 941685 753639 94749 325567 410719 233682 746616 358211 728833 84057 128984 759125 661505 309229 999999999 333957 182768 609494 395355 577176 736475 687705 638655 848720 395885 496688 69160 883772 299780 326579 117502 629376 886103 950732 411379 423994 683260 423652 704344 857532 1036771 552392 238318 904071 940079 818378 325271 433541 851091 327016 511656 698850 824251 718368 536936 467146 167718 846450 701179 898755 391357 630562 411811 270955 400406 664283 384004 960141 400304 826143 337380 281716 409593 633713 843576 941401 183265 780188 327734 147639 299695 690049 469199 605918 922286 502200 306007 578112 991121 379007 599706 206461 108650 781285 954580 139187 186985 206665
780784 706020 938732 699994 335720 627403 498513 446248 451240 123381 594796 270260 218270 548496 370946 468691 333957 999999999 151592 505409 327555 378863 852498 589870 564988 914028 482640 544970 338445 828618 34374 186314 434953 655273 726584 701824 414265 731193 745103 213388 570373 671595 780180 494583 434926 930889 691029 870672 159832 569323 888255 505297 180704 388839 739831 522552 260297 136791 195081 577060 649957 642741 171579 356714 690521 211938 76860 633390 67324 690357 81302 682776 430280 604283 630056 549733 633285 987646 495855 496641 607386 204792 104219 409563 486133 783616 686602 416976 42618 674627 1030594 235667 653384 264995 279981 563044 687738 200372 388933 528791
752101 799451 917083 697391 191264 482248 422011 319878 576224 192084 630111 121498 82258 624579 492004 361701 182768 151592 999999999 521734 311137 442733 776990 606130 567990 861291 405475 488513 189980 829643 117753 206488 284610 613697 778222 801630 369856 585384 690227 274285 604939 736350 884922 486300 312619 895533 790814 822859 178477 477257 847504 393988 329059 522799 753356 589676 378766 284554 84499 687432 644724 746007 246445 466771 552503 165705 221402 617720 206235 801914 222520 725125 346148 454212 509377 557408 710715 944489 346954 614705 467879 65815 143471 524712 440586 682077 778853 418375 123948 602743 991060 253169 599256 165726 138719 643719 797590 51642 260625 378487
315634 417330 451277 201071 526754 681280 309008 478448 427663 382031 122619 531424 593561 239079 381887 409768 609494 505409 521734 999999999 216173 182059 502009 85221 71501 487512 309248 249636 551919 324475 510493 685189 617558 250492 282709 443423 218586 761799 353507 295848 100431 276701 528433 84787 459061 465143 435268 437200 356592 384685 436708 436169 494655 455570 235052 191253 725205 484893 606097 411854 157921 417710 676066 332769 669526 358529 550605 164550 555017 493779 559541 218789 329783 721981 534397 50638 296102 532962 634582 409862 625005 493939 600045 363074 206402 547378 397416 107397 475989 362114 566424 275514 289038 403616 501212 265813 482887 517446 471666 674355
454144 572440 614781 386730 317241 518813 214612 302123 458618 213330 333618 315815 379178 382245 382802 259162 395355 327555 311137 216173 999999999 215550 542088 298178 257004 588562 203241 229066 341221 518803 322892 491734 416143 328453 490879 587512 99852 612434 421975 163748 309033 466554 675688 175602 282438 603536 577519 544094 167732 301351 560736 295666 383960 448233 443089 336605 576971 357111 394536 509697 334333 544456 497247 334867 533933 145524 389533 310683 388433 615123 397410 430901 181060 542582 420277 247314 461868 660183 443942 468810 470951 278395 408472 389516 165017 512262 551110 109309 290305 366662 703055 99817 331522 188894 286721 407286 606910 302335 278218 484764
497679 366868 628470 376880 513627 734326 406172 517369 262527 263248 226909 493242 523561 182907 204003 472427 577176 378863 442733 182059 215550 999999999 669980 248721 253521 668276 399253 381210 534528 489048 393984 565171 619589 421775 347750 377230 287939 827713 526148 171281 204996 295625 464886 231939 497761 646687 366868 618245 264350 492962 618745 507453 325226 277554 388487 147271 565049 323872 524422 294314 338464 330639 540070 153475 747229 306256 406049 346053 414507 399985 415228 306741 391667 755762 627096 232338 268644 714938 654019 260528 686261 437695 481857 193491 320015 686647 345600 174993 360666 513273 747717 198250 451024 379973 471995 204184 392082 456322 489767 694845
264744 877158 345838 393930 645714 559196 356573 503502 927809 751235 559901 701967 807541 728303 873825 429301 736475 852498 776990 502009 542088 669980 999999999 483517 440599 158836 372992 313029 668641 429205 838278 982987 660171 251533 662123 911644 444196 571665 150941 703599 556695 710060 986573 438045 498210 264850 905804 169244 698714 305044 215609 409588 925360 947075 473836 684878 1111076 899165 840597 908198 388288 900893 1010391 823036 475977 641469 922540 351787 918227 975794 929519 603299 431012 640379 364826 460964 760161 255792 625698 911867 503078 716395 910264 861111 377612 183120 860864 503496 810942 177903 304880 641675 219648 611386 666789 753060 963791 739876 551011 646728
262828 399795 380358 129467 602316 735197 356368 541522 469588 466507 78547 611367 676948 246016 436183 466810 687705 589870 606130 85221 298178 248721 483517 999999999 60095 443182 360045 281334 627985 243039 595495 770268 688398 238694 223453 431620 285148 809351 332613 379031 73346 240459 511193 139610 522741 404906 425004 392479 441812 421562 384079 488796 570652 508535 150039 205753 805102 563825 690380 427077 101305 417503 760133 390026 713345 442141 633296 131783 638284 492708 642299 155957 390795 782187 574034 55471 279545 475655 700482 442326 676697 576566 685108 410582 254949 557129 381929 188910 560970 368342 504361 360734 287916 483136 580092 270030 480844 600402 540984 739385
244158 453612 382107 135189 551186 675683 296598 484248 494934 442107 134782 564484 635584 289082 452245 408170 638655 564988 567990 71501 257004 253521 440599 60095 999999999 417347 300655 221431 577174 264414 567434 741010 633981 190502 283506 483712 230945 749305 290266 359665 122930 298202 565310 86286 465717 393745 476535 366855 411323 361579 365348 429358 564035 525799 186887 244472 791729 552608 651535 467825 87882 465177 736428 403546 653251 402508 614127 94506 617510 541053 622931 215970 333454 723751 514012 21639 332271 461462 643842 473669 616967 533937 656218 431796 195780 502489 435015 150742 533213 314090 495102 330908 235655 436359 532101 314648 529533 558343 486195 682375
182394 808980 196211 325944 754868 706635 443893 621865 910890 801792 510443 802947 903380 685694 869372 540208 848720 914028 861291 487512 588562 668276 158836 443182 417347 999999999 460066 373386 779634 314431 905170 1062901 785577 260903 578840 846683 500493 726684 171093 738962 514393 640368 913430 445863 612980 110873 842432 50737 754864 417925 75581 528728 958492 943014 385914 648409 1165396 938622 932737 866418 341911 846245 1080214 820234 628954 710376 978073 323049 976569 917943 985894 529333 520884 785198 508486 438984 700186 99942 758722 885483 648163 805875 984659 848914 428190 340667 795304 522357 874662 270900 150851 686745 262633 697311 766848 707618 905436 830609 661857 783775
381008 722144 546770 383200 301143 375168 16536 193228 655672 390749 426523 343546 443392 535554 583281 110140 395885 482640 405475 309248 203241 399253 372992 360045 300655 460066 999999999 103377 327108 505255 466509 610686 356409 235003 582838 744648 111531 452604 290605 363303 407457 585751 831665 226253 177273 508515 735661 425688 335039 98123 456182 128752 576833 650435 466399 486640 742671 544788 473499 688456 334944 710798 637584 534087 360877 270707 555059 290044 549288 785285 561496 515671 60818 424625 230164 306270 602542 548814 353000 659551 317112 347169 537272 585928 105180 311833 701556 232408 440498 197296 597668 293093 204135 239837 307371 562421 775611 371537 214077 389181
278593 666445 444999 284603 402165 463247 91569 295599 643716 439221 354844 439646 534789 487667 579845 210741 496688 544970 488513 249636 229066 381210 313029 281334 221431 373386 103377 999999999 428398 403246 533857 689519 459706 132692 503991 693053 131843 530611 202402 391219 339436 517985 777797 165919 280260 411094 684898 334372 388139 140316 360678 221512 612651 651161 370870 439124 801122 586138 562053 654260 239164 666179 708407 529046 433012 337770 612577 191953 609389 742061 619898 436406 159328 519782 292862 232327 544882 456389 454261 638406 402764 435028 611676 574453 65622 305822 646751 206366 504465 138707 503770 328661 110831 326113 403585 514580 731446 460088 317100 489331
706971 901327 873352 689022 26503 292874 341809 167579 722109 338039 672771 68533 164685 714275 637049 240503 69160 338445 189980 551919 341221 534528 668641 627985 577174 779634 327108 428398 999999999 818370 305856 366606 98242 561077 831414 911024 347808 395607 614106 391400 648670 807061 998050 490936 170548 835070 900515 749218 296554 365006 782005 259735 508202 680458 761626 671657 564342 464170 204628 812910 636864 861253 423866 602179 368678 231010 410903 598804 396093 925423 412341 769971 269084 266159 349818 573380 797388 872241 157428 751488 283521 134870 325306 662064 402987 542279 880029 445267 304242 509105 921964 338583 530751 155251 66643 737473 919149 138797 118146 191152
169046 515468 164689 132350 791884 856357 494665 698430 681347 705417 271722 815270 894031 432948 663149 613970 883772 828618 829643 324475 518803 489048 429205 243039 264414 314431 505255 403246 818370 999999999 831751 1005424 860608 283899 278727 555385 473434 909016 310096 620317 288398 352521 612934 343347 682442 226503 552951 273852 675737 525582 239020 622987 813039 732322 105331 409765 1048130 806855 912347 602563 185256 566643 999789 620969 807486 663953 875077 219568 879416 632235 884016 245165 554855 919427 667077 278888 421072 297123 857505 642813 794690 791565 920621 631244 415689 572165 505003 414921 797475 408167 306965 595255 335454 689075 781058 448561 619532 816463 714789 892397
777032 729578 937013 701856 304142 596047 482643 419153 481123 132000 604812 237462 184143 567653 399698 445960 299780 34374 117753 510493 322892 393984 838278 595495 567434 905170 466509 533857 305856 831751 999999999 174958 401824 648109 740848 726772 404676 699697 735287 224677 580086 688646 806328 493938 408673 926035 715950 862834 156812 550414 882070 481806 214853 420507 745507 539515 280512 170762 162201 604050 650998 668322 175160 382810 661162 196959 105767 631980 92702 717823 108378 694784 412204 571309 604845 553148 653074 981135 463271 525123 577549 173276 89812 437111 477016 763222 709857 417775 34562 660702 1024993 236528 643378 241452 248850 583314 714835 167311 361139 495705
944127 885176 1106336 874872 377406 651897 627209 518743 613302 306256 779361 305957 202138 733447 539285 567113 326579 186314 206488 685189 491734 565171 982987 770268 741010 1062901 610686 689519 366606 1005424 174958 999999999 443978 810464 912872 878107 565229 750463 891900 398336 754718 857534 953026 665508 513864 1091063 867418 1022821 329691 683728 1045030 598146 320280 542169 920238 708599 224020 286458 162046 748622 823508 817777 77759 532986 734466 354310 182514 802348 166712 859544 175097 868473 551977 605716 708407 727230 817613 1143194 509782 663949 649430 269967 85180 581241 637394 887058 866368 590717 209520 807932 1188535 410394 800284 371640 334109 747067 858175 249095 459952 532005
735019 985049 898701 735269 110306 208069 368543 166605 817176 435389 739976 164917 244458 796123 732317 252324 117502 434953 284610 617558 416143 619589 660171 688398 633981 785577 356409 459706 98242 860608 401824 443978 999999999 589767 899915 996818 403354 307059 627730 484520 716747 881926 1084426 549020 179867 852122 986455 760567 391949 368352 797297 257198 606275 777399 813579 751795 651822 562168 284029 903385 684692 948915 507563 695990 296365 322258 505995 642785 490601 1014876 506921 836283 306237 169611 312027 633006 877438 881971 65808 844735 213691 232773 413203 755868 447408 513966 963693 513604 401814 516102 932701 427498 551977 240985 163768 820230 1008138 234589 147887 93889
146029 638151 312309 184697 534854 572469 221653 424063 677031 541348 317035 571341 664238 479522 625708 338225 629376 655273 613697 250492 328453 421775 251533 238694 190502 260903 235003 132692 561077 283899 648109 810464 589767 999999999 441333 670312 245241 626944 104373 478381 310393 475497 749285 191174 409901 281883 663681 215645 495609 241834 234569 342564 698700 699323 275415 434874 904805 677963 689901 658171 156048 654784 823245 575249 525823 456192 717890 109990 716868 730418 725824 376534 292019 636569 384532 210234 518231 333135 579964 660339 510794 563243 730077 610990 173318 323365 620521 263983 616740 137303 378084 426031 55585 454637 535396 504924 718720 588478 449077 613123
403844 236901 442626 268458 806805 957938 579629 760108 448613 609210 160091 805497 855714 204325 456754 688236 886103 726584 778222 282709 490879 347750 662123 223453 283506 578840 582838 503991 831414 278727 740848 912872 899915 441333 999999999 277113 500662 1032803 517524 516445 183208 83745 335613 358516 740902 503037 275214 532193 601728 644304 506296 711533 653817 514707 193064 210074 897499 661870 862117 341244 285307 293887 886495 427624 936607 623825 751235 332329 760751 355259 760387 67597 610232 1002693 796852 276572 156203 574854 917124 399600 899814 760917 829297 415851 477659 764648 227371 386814 707092 577767 585518 525111 495458 679687 777454 207402 342582 782726 754354 956755
666425 40991 719635 523714 890581 1103020 747036 888488 284484 610384 353368 866695 883887 209295 342080 834155 950732 701824 801630 443423 587512 377230 911644 431620 483712 846683 744648 693053 911024 555385 726772 878107 996818 670312 277113 999999999 640245 1191673 761622 529692 360959 206404 88194 527687 868674 777723 10839 798121 628681 826749 776611 865698 568623 364375 463388 258069 795340 594342 877544 137090 523359 61647 830478 345574 1104532 681069 697416 562256 711960 81072 705669 317589 751837 1130093 973921 467153 152089 850093 1030235 226343 1051326 807227 804103 298097 646728 986037 51386 514118 698332 797798 862343 572813 718780 756977 847525 182655 69042 823380 865124 1071096
382313 619894 547824 342489 321557 466058 119875 259873 544360 307400 340819 341920 425550 431010 472906 194743 411379 414265 369856 218586 99852 287939 444196 285148 230945 500493 111531 131843 347808 473434 404676 565229 403354 245241 500662 640245 999999999 551662 330894 263598 319015 492886 727917 145667 240476 526402 630930 458534 256521 207573 479802 225458 483408 541056 413889 382509 669435 455451 448315 578564 289875 603740 579741 423345 464855 211006 480954 254824 478092 677480 488358 435407 112818 503633 339686 229709 502389 578083 416595 548087 412047 323154 485170 474585 72430 414094 598971 126236 374360 267684 623324 198071 239121 217024 307628 457591 668146 348428 255836 456106
750467 1171516 890492 807258 395565 103937 453982 315136 1062300 706849 878516 463919 551492 982562 980748 357573 423994 731193 585384 761799 612434 827713 571665 809351 749305 726684 452604 530611 395607 909016 699697 750463 307059 626944 1032803 1191673 551662 999999999 613149 731885 859929 1038355 1279476 678727 333702 821630 1182247 721242 654613 391773 766417 326646 891971 1036452 896815 934151 958278 849322 591085 1122019 766836 1153339 814602 937386 101709 575761 805327 718108 791033 1225762 807195 965274 439867 151434 242443 757073 1053340 826015 241451 1078851 141484 526504 719269 995377 556853 389281 1150620 677899 694205 503071 875967 663426 573754 492861 451229 1009045 1217001 533906 358442 219556
142022 727653 280598 249507 588801 574915 274705 461708 780787 635177 409255 634126 733273 577413 730074 377523 683260 745103 690227 353507 421975 526148 150941 332613 290266 171093 290605 202402 614106 310096 735287 891900 627730 104373 517524 761622 330894 613149 999999999 577238 405762 561442 837629 295299 450954 224639 755609 135264 586636 260450 169567 371107 798634 803695 334801 534231 998668 776166 762113 757482 238530 750056 910152 679621 511726 539849 810652 200857 808465 825061 818280 456493 351337 647554 377108 310911 609893 258434 607365 762901 513864 635162 813976 715066 259026 262254 711024 366461 705239 115262 307871 521234 91927 526474 597958 602126 813097 659981 497295 636106
589113 525800 739902 494607 374498 631509 375951 417308 334200 92784 381420 340158 356131 350945 250408 398491 423652 213388 274285 295848 163748 171281 703599 379031 359665 738962 363303 391219 391400 620317 224677 398336 484520 478381 516445 529692 263598 731885 577238 999999999 356986 466902 614552 298871 399538 741111 518931 692160 99074 460978 703390 437189 221946 304854 528469 318380 433346 199678 354360 422913 446771 475985 381644 211558 665195 162641 254817 436784 259273 536490 263724 470235 330367 637062 566490 342631 437116 802894 529242 360285 592735 278080 313830 271396 326069 674506 505055 219663 190703 529563 842406 72166 489090 246370 325381 369546 530969 293694 375437 568988
332862 330697 438276 193549 623902 780892 406132 578879 402697 448469 25172 624617 680074 172802 376188 509659 704344 570373 604939 100431 309033 204996 556695 73346 122930 514393 407457 339436 648670 288398 580086 754718 716747 310393 183208 360959 319015 859929 405762 356986 999999999 179093 442404 181214 559489 470369 353936 463798 432401 477994 453121 535229 530094 446888 185080 134126 769812 528337 689381 353967 173448 344657 737411 332823 766352 445946 606164 204909 613046 420111 615309 121929 430062 822371 629387 107796 209353 542148 734813 372289 724102 582862 669799 346955 303174 625415 312094 203675 545633 436948 568061 352812 357877 497899 595732 196685 408359 605470 571452 774660
460607 168805 517210 318733 783551 957700 584896 751951 366473 558697 163468 775037 816050 129905 379689 686011 857532 671595 736350 276701 466554 295625 710060 240459 298202 640368 585751 517985 807061 352521 688646 857534 881926 475497 83745 206404 492886 1038355 561442 466902 179093 999999999 276560 359807 732310 572251 202599 591980 558020 656975 570220 712867 585038 434583 257380 149143 828053 596583 818991 257870 323207 214348 826137 354504 945293 589498 689981 365693 700703 280432 699048 111193 605263 996141 808476 285679 72547 644848 904864 316402 901686 725410 775436 337382 481956 796865 155076 370741 655739 608150 658991 485650 526927 652673 749445 127659 267750 745825 739729 945224
735626 111721 775089 594894 977851 1191111 833735 976675 346757 693110 432646 952789 967154 296918 413933 922015 1036771 780180 884922 528433 675688 464886 986573 511193 565310 913430 831665 777797 998050 612934 806328 953026 1084426 749285 335613 88194 727917 1279476 837629 614552 442404 276560 999999999 613027 956859 838379 98206 865956 713626 912628 841558 953332 638685 425482 527657 345470 857243 667351 959488 204442 599146 138915 902083 423584 1191887 767727 771148 640166 786368 100245 779118 385495 839696 1218269 1060554 549658 233377 909869 1118261 291296 1139248 892513 881263 371911 732906 1067698 131046 601722 778889 879060 918353 659593 799094 844314 934225 270467 97570 908127 953227 1159119
290252 502036 444264 211160 464981 600286 225091 402475 491270 373676 200533 478588 551796 321749 435854 329793 552392 494583 486300 84787 175602 231939 438045 139610 86286 445863 226253 165919 490936 343347 493938 665508 549020 191174 358516 527687 145667 678727 295299 298871 181214 359807 613027 999999999 383538 442242 519384 397367 337129 299900 405446 354255 514284 509235 272461 273226 731748 497420 569154 490056 158742 500273 666013 385137 585559 320606 549184 139050 550838 576181 557696 292127 252022 644272 449781 84139 380880 504680 561023 479995 543078 449701 581414 423684 122177 467612 482048 79269 460286 285941 543575 258923 219398 350608 445989 348666 565537 474344 401470 600075
555199 851769 719238 559064 148560 236850 188862 19839 728621 384453 581221 211893 320349 661374 647334 73456 238318 434926 312619 459061 282438 497761 498210 522741 465717 612980 177273 280260 170548 682442 408673 513864 179867 409901 740902 868674 240476 333702 450954 399538 559489 732310 956859 383538 999999999 674566 858841 585100 329090 195784 620268 89339 575528 704391 640036 614190 686972 535411 357487 791385 509577 826762 559061 603692 267140 249362 511784 466081 500798 897549 515820 675232 132335 263958 197086 467404 737430 707498 178318 745589 193368 246814 455995 661698 273221 376117 830544 362087 393572 342105 757813 330107 372736 172784 180247 687132 889346 265291 54958 216679
152086 738495 86009 276922 809344 793152 493411 685857 872985 813048 461410 850479 945493 635033 840764 601119 904071 930889 895533 465143 603536 646687 264850 404906 393745 110873 508515 411094 835070 226503 926035 1091063 852122 281883 503037 777723 526402 821630 224639 741111 470369 572251 838379 442242 674566 999999999 774570 100445 771181 485076 56037 595720 954441 913370 315050 603128 1173685 939358 971667 812461 308432 784054 1100732 793776 721930 736834 989611 305733 990145 852616 997919 461695 568244 868511 594116 414565 637235 72897 831826 841579 733023 844892 1009751 815377 454985 441998 726751 521464 893786 338761 101644 697202 304413 736140 814354 654428 839948 870093 719443 860021
661823 42239 717379 518848 880123 1093351 738185 878650 274890 599554 346923 856047 873071 200147 331658 824700 940079 691029 790814 435268 577519 366868 905804 425004 476535 842432 735661 684898 900515 552951 715950 867418 986455 663681 275214 10839 630930 1182247 755609 518931 353936 202599 98206 519384 858841 774570 999999999 793696 617929 818198 772717 856389 558222 354762 459916 249022 785435 583769 866707 127541 517534 51669 819948 334824 1095362 670490 686794 555928 701305 80599 695059 313749 742388 1120096 965075 459742 145735 847046 1020067 216637 1041816 796504 793338 287580 638097 978675 47948 504861 687498 790575 859904 562249 711813 746533 836957 173388 68105 812622 855021 1060926
132437 760730 177006 276165 723981 694096 409871 595219 860180 756947 460108 769234 867751 635284 818994 511782 818378 870672 822859 437200 544094 618245 169244 392479 366855 50737 425688 334372 749218 273852 862834 1022821 760567 215645 532193 798121 458534 721242 135264 692160 463798 591980 865956 397367 585100 100445 793696 999999999 711120 392268 46808 503410 910892 892606 339132 597777 1120303 891826 896004 816112 291197 796719 1037989 769964 621680 669249 933527 272670 932493 868759 941468 481153 486343 770381 495057 388486 650913 123175 737322 834766 634333 768973 943592 798303 386105 342356 746736 474539 831825 244612 172814 641508 223840 660117 733057 657356 856286 793916 632181 764298
621370 624248 780461 545380 281667 552133 350061 344929 425566 57316 457482 242247 259269 446589 340544 343294 325271 159832 178477 356592 167732 264350 698714 441812 411323 754864 335039 388139 296554 675737 156812 329691 391949 495609 601728 628681 256521 654613 586636 99074 432401 558020 713626 337129 329090 771181 617929 711120 999999999 427693 728425 381989 249566 386728 591476 411203 412986 212909 261086 521239 494318 575050 329908 306262 595997 79745 224445 475293 221834 635091 231843 550749 289121 550024 511598 397645 532648 827828 440699 455876 518847 179084 244934 366051 327659 644068 603402 261199 123285 520997 870786 81080 495195 161849 229981 466297 629743 194726 296250 479477
379214 801843 536962 416744 341413 330924 87709 203953 751631 484269 494298 396997 503098 619015 680423 124636 433541 569323 477257 384685 301351 492962 305044 421562 361579 417925 98123 140316 365006 525582 550414 683728 368352 241834 644304 826749 207573 391773 260450 460978 477994 656975 912628 299900 195784 485076 818198 392268 427693 999999999 429781 111156 672547 748103 505612 570067 829531 639305 536975 778362 375142 796384 717287 630918 293133 358536 643548 326544 636526 871674 649501 576721 139389 395319 152548 371724 680777 513675 347148 753479 269368 414640 615138 681828 180278 216389 781745 321663 526775 147751 564360 390289 193807 313578 361979 646008 861546 437347 246917 377018
121745 738370 130305 260954 756432 737168 440811 631228 853646 772136 446980 799059 895465 622203 816672 546814 851091 888255 847504 436708 560736 618745 215609 384079 365348 75581 456182 360678 782005 239020 882070 1045030 797297 234569 506296 776611 479802 766417 169567 703390 453121 570220 841558 405446 620268 56037 772717 46808 728425 429781 999999999 540606 919610 889916 313997 587135 1134381 902600 922477 801937 284066 778526 1057109 768544 666484 690761 948909 273344 948727 849191 957056 459026 516323 812475 538144 386739 631931 99653 776273 825391 677003 795513 964563 793685 407745 388985 725296 484090 850338 283076 143597 656284 252189 686620 762891 643134 836613 820631 665851 804238
484775 845005 645452 506099 237887 246423 133683 94104 753832 439145 554759 299762 407974 656445 676236 38915 327016 505297 393988 436169 295666 507453 409588 488796 429358 528728 128752 221512 259735 622987 481806 598146 257198 342564 711533 865698 225458 326646 371107 437189 535229 712867 953332 354255 89339 595720 856389 503410 381989 111156 540606 999999999 631551 738521 591655 607881 762118 593975 444293 801002 459844 828779 639495 629487 240096 304693 581753 413295 572287 902076 586597 644404 115791 298353 129969 434961 726695 624796 238315 764218 188879 328750 536292 684992 233908 289143 824156 351610 462984 258905 675506 365160 299445 240480 266792 683045 892949 349062 143740 270577
802519 580791 945853 695452 501227 788198 590716 590137 294501 192450 551432 441925 398964 455260 226575 592858 511656 180704 329059 494655 383960 325226 925360 570652 564035 958492 576833 612651 508202 813039 214853 320280 606275 698700 653817 568623 483408 891971 798634 221946 530094 585038 638685 514284 575528 954441 558222 910892 249566 672547 919610 631551 999999999 221894 713567 443960 243694 44511 374813 434813 651843 507214 263655 233590 840703 327743 139196 648709 156662 542770 145707 624205 535961 773747 761095 544664 532344 1018609 663941 347547 760844 373519 261088 271100 547751 888454 563636 436364 205821 750609 1056075 285697 710949 403651 445007 462357 542333 374315 537479 699270
768186 384260 885157 637486 667452 935506 660512 722134 79894 342568 461027 620408 600575 312110 73763 700285 698850 388839 522799 455570 448233 277554 947075 508535 525799 943014 650435 651161 680458 732322 420507 542169 777399 699323 514707 364375 541056 1036452 803695 304854 446888 434583 425482 509235 704391 913370 354762 892606 386728 748103 889916 738521 221894 999999999 627112 323930 432087 258273 582512 227285 606196 303159 483700 124110 969691 462649 360509 619966 377506 326770 367378 505544 627333 936716 866353 504187 368494 983669 827420 138185 897572 552264 480065 101463 587101 952949 370439 446420 401381 786780 1012838 375138 727718 546917 613962 307453 327961 559979 679005 866065
211830 424702 265466 90733 735422 833889 458617 657551 576129 616487 167070 751048 822127 328495 558230 576513 824251 739831 753356 235052 443089 388487 473836 150039 186887 385914 466399 370870 761626 105331 745507 920238 813579 275415 193064 463388 413889 896815 334801 528469 185080 257380 527657 272461 640036 315050 459916 339132 591476 505612 313997 591655 713567 627112 999999999 304440 951231 709569 837264 500798 131814 469189 909883 516639 796794 588331 782146 179317 787554 537614 791194 146645 508462 889929 654983 195957 322480 387786 818024 538231 773081 720685 835090 525975 366945 591780 412223 334982 710989 411615 404344 510405 330962 623044 718334 345036 524955 745002 665835 855121
466987 237835 566566 326932 649313 846804 489275 634029 272132 409797 141929 634940 670152 48986 257798 576847 718368 522552 589676 191253 336605 147271 684878 205753 244472 648409 486640 439124 671657 409765 539515 708599 751795 434874 210074 258069 382509 934151 534231 318380 134126 149143 345470 273226 614190 603128 249022 597777 411203 570067 587135 607881 443960 323930 304440 999999999 687651 451927 671633 223360 306921 227057 678588 222003 846487 448031 542752 334588 552942 302960 551868 184798 494551 877230 716152 224722 125779 675270 780411 238540 794183 582150 626331 222478 389799 738626 216741 256284 506668 552858 699656 341740 477816 516416 611423 75961 292326 601628 614586 821197
