NAME : synthetic_000672
TYPE : CTSP-D
DIMENSION : 100
GROUPS : 8
RELAXATION_LEVEL : 1
EDGE_WEIGHT_TYPE : EXPLICIT
EDGE_WEIGHT_FORMAT : FULL_MATRIX
EDGE_WEIGHT_SECTION
999999999 187904 956127 215236 296523 248679 759042 742569 996136 529365 369526 936075 527943 414943 768915 611603 838194 374502 635712 467952 331224 576094 616971 313349 375480 413899 140960 1044386 584134 875197 984913 555924 666587 826803 104633 568056 236465 367822 574170 351877 253322 736494 634471 159609 75004 748999 474128 824936 624287 458863 198162 1055640 901553 612681 666999 585560 631579 189005 932430 780608 413625 843660 903053 788448 1093695 350615 405163 668138 161388 1051146 835079 560268 592358 612486 849442 611497 760462 766739 284133 314414 740643 246862 424864 855099 566587 692060 545202 693653 574389 800005 658733 839957 659144 165086 790856 335493 453825 27230 375968 372276
187904 999999999 899951 103177 282727 60777 637670 669131 973097 372117 193709 930796 396840 254339 779226 615021 794997 511421 549076 625222 172460 500086 676154 479470 543836 573606 307370 1018366 627942 853892 983127 590616 605253 735113 202729 641569 188030 535132 684393 164578 313200 575127 733535 113554 262908 751333 288722 673379 762428 598351 73258 1035719 746772 534826 494100 463352 707608 323837 919244 612687 243661 715424 830815 781906 1081078 263916 218197 683341 293273 1036273 684685 376733 539234 628744 722787 445206 652497 620650 228055 414690 727199 98879 261049 741416 463010 685083 565632 768070 641089 705026 482445 741013 486628 144991 813143 359462 546605 166998 275262 473486
956127 899951 999999999 1000996 659604 890027 393188 237123 181569 647448 974824 255633 558538 714373 339579 398693 128217 837847 362055 940188 758824 400984 553598 941142 969107 936695 919329 191466 514433 181466 285593 502690 294949 229106 1047718 611518 731874 961298 748517 900549 727518 618469 707351 1007152 987528 317739 826902 549433 890044 855718 972405 227226 578681 368057 705113 493232 613362 850863 215803 667428 747018 405320 102079 270101 285873 636135 911285 395128 853894 249069 541691 803120 365277 427192 395532 666639 333687 519601 1126508 750233 273183 980705 719794 323529 458777 321241 477094 606479 587739 258223 733082 254898 702493 802034 383329 636556 693517 932653 626353 734871
215236 103177 1000996 999999999 383540 118827 724960 768696 1076210 445367 168826 1033788 484355 330689 881144 717039 897429 578099 647202 680769 256791 600391 770520 527786 590459 627207 353846 1121388 724955 957060 1086031 688880 706698 830725 175174 732374 289868 582643 764161 182836 401711 639613 817568 61872 283415 853765 325335 744133 830200 664496 30382 1138864 814217 634583 547903 552924 798237 387760 1022399 670001 311967 798951 929834 884823 1184251 365731 227393 784553 357189 1139450 756107 414915 641653 729635 806950 508003 744333 695819 125581 494625 830275 43432 334254 830548 558381 787894 665717 859458 733542 800044 531716 834740 541122 239006 914008 456726 631077 205557 374922 554216
296523 282727 659604 383540 999999999 304509 499800 449716 706541 357365 439655 655124 305656 285374 498062 334325 542399 344818 351926 479222 242191 288492 402598 383235 439279 441285 283268 753834 349140 585710 706358 309845 371382 540625 390377 378187 95390 429375 453470 375921 113295 545164 487164 369535 332776 471970 414148 606191 564800 420467 353180 767604 684800 324621 515249 341152 443059 231498 647041 602406 308997 588522 608466 505876 809308 121281 418539 401014 220262 765450 613566 470065 296407 346152 592184 447399 487729 541921 503635 217215 453870 380410 299327 584194 301887 408461 282981 500450 373057 516334 519995 557915 507101 150675 530555 87939 309323 273287 153575 259848
248679 60777 890027 118827 304509 999999999 606147 655696 973802 328584 143242 937655 365641 212593 792594 628731 790616 562300 532820 679636 138245 489090 705431 536447 600935 628802 365802 1017742 653572 856241 990685 614280 597315 714027 256641 675288 209751 592059 727227 104377 352735 527019 773028 154424 323683 762536 229752 628912 811674 648974 97187 1036989 700507 522256 441060 434425 741172 377503 923638 561359 196165 680311 815855 789883 1084438 260350 158113 699538 347359 1039195 640637 318612 535684 646178 688246 395879 626160 578948 240031 459363 733652 90866 216964 711838 442047 694261 585590 800541 672955 683051 427770 717119 433825 185036 829841 387340 586789 227592 264430 517031
759042 637670 393188 724960 499800 606147 999999999 209947 553783 296307 649628 583566 241032 397450 548346 468727 370900 807830 178196 938117 468438 237489 659463 873944 923320 912506 781113 577983 594828 480282 631437 557609 252359 164121 825669 688044 525089 913703 820580 580806 607188 225563 813083 751172 814461 508520 474124 177093 962857 862425 701401 610828 236622 213766 315098 175177 726216 731060 549167 277757 422950 89123 292123 492399 669554 409746 575463 524435 719664 627509 174621 429932 291207 511543 92391 286657 63619 130401 843439 685508 444930 693359 396995 107713 198051 452317 511722 753150 667633 135808 343935 143276 313373 594435 606045 532948 705347 732022 383086 702547
742569 669131 237123 768696 449716 655696 209947 999999999 363563 415157 737711 378423 322993 477312 341372 289519 170128 692164 124942 812265 522766 169680 480918 779437 818633 796690 725873 396265 421696 275150 428513 391750 84309 110206 828128 521047 510437 809737 660015 663465 535393 423694 640121 778723 782487 302295 592433 386882 805566 730638 740735 424991 441257 134318 492736 260296 548088 663114 346445 481518 510087 267837 162173 282890 481736 407099 674453 331340 660366 437299 383742 575011 158935 331186 262797 445224 148102 337953 893844 583978 237960 746546 482908 207481 221757 253123 350740 565728 498483 104509 518668 142305 488781 582228 399022 447150 565973 717587 393980 584455
996136 973097 181569 1076210 706541 973802 553783 363563 999999999 775065 1075923 104412 679096 822779 262452 389746 195146 808711 478626 891115 852731 497716 488742 922202 938614 898101 934434 49652 470271 120996 111577 474516 388077 394216 1095055 553644 791597 932090 678034 1001379 749734 778210 623944 1072394 1014780 262935 947772 719906 809057 808025 1046336 63621 755044 472311 855011 621193 536358 862196 77579 831476 856823 578684 276693 215006 118202 713491 1020119 352485 871574 74043 713252 936990 439307 401439 569536 808784 490973 683613 1200927 744853 255968 1062267 830511 497867 574056 306227 465259 512458 531458 418728 881495 425027 851377 856463 282255 661837 657849 975574 711556 715890
529365 372117 647448 445367 357365 328584 296307 415157 775065 999999999 353777 771462 99348 117813 672800 532717 579942 702141 296548 836383 201418 290873 686441 730239 790134 796988 594150 810492 620513 673172 824731 576387 391791 435407 572984 686995 327569 780240 791186 286829 467621 207151 810051 481678 597031 634253 181251 301273 914872 777037 425759 837719 375103 307287 157903 154876 743815 566210 745948 254725 133593 359355 556003 641532 892954 236135 279162 606380 544909 847713 312665 163998 365432 567847 368336 90380 332996 250476 556916 574539 583391 409279 111706 403929 203679 563505 532163 790174 673771 402906 164811 427709 149774 379659 724616 431126 651288 502569 203868 614204
369526 193709 974824 168826 439655 143242 649628 737711 1075923 353777 999999999 1049190 422175 261375 913628 751631 886370 704224 612771 818916 224465 580036 842244 672186 736367 767179 498887 1117407 787836 961901 1102843 747150 690441 779318 343879 815015 347330 727822 870267 74649 495522 521037 915207 230040 442526 881177 190728 632646 954347 791058 174504 1139528 695572 609363 417617 491776 880655 517476 1031747 540087 230456 711888 892008 904130 1189899 373614 79201 824524 486954 1144277 645470 273073 637323 772926 721208 392927 681804 593878 229942 602604 846414 127430 257708 757339 516389 811026 715369 939233 811603 747099 396371 776110 412064 328263 954469 525158 729355 353333 367815 660224
936075 930796 255633 1033788 655124 937655 583566 378423 104412 771462 1049190 999999999 672795 804695 175173 324515 213007 721832 478016 797179 824725 483314 394969 837799 850063 807251 863565 146601 384522 103429 53863 395249 379911 435005 1037533 460796 744984 844019 580016 975398 685011 802054 523430 1024464 948455 187525 936186 757092 708019 715120 1003533 136625 800832 464175 868120 621979 438197 790612 39903 859204 839023 622382 334523 149269 159561 678689 999164 273580 802673 121731 752015 935351 415275 327081 614345 815910 519971 713688 1156800 667978 204012 1023673 813825 544889 567786 246668 393803 410745 439576 454024 892868 469337 863625 805765 183367 600683 570727 917200 681450 634037
527943 396840 558538 484355 305656 365641 241032 322993 679096 99348 422175 672795 999999999 161805 573943 436717 484274 645987 200870 780657 227607 191525 597434 688377 744934 745471 569563 715803 530762 575203 726186 486980 293632 357198 587814 602992 302489 735031 714681 349752 418948 240715 728003 510273 588834 535223 269665 304213 844265 715427 460455 742096 382753 208834 234016 70081 657103 530728 647883 300299 191730 319479 471379 542185 796649 192100 354211 509659 513596 751241 312833 263198 266289 473159 326435 166668 262327 242094 604154 517837 484048 453841 164469 346199 105396 464668 441608 700742 588201 325058 249031 355468 226768 366534 626213 367015 578823 500715 160223 550873
414943 254339 714373 330689 285374 212593 397450 477312 822779 117813 261375 804695 161805 999999999 684448 530333 630432 622464 352528 754427 84296 325088 658589 636615 698647 711231 489896 862439 596008 712410 858555 552209 434903 518777 455286 648026 231948 688870 736841 188194 386116 322984 765118 364502 484504 648617 139760 419044 850060 702366 309659 886336 492807 351745 254766 231849 709507 470020 783876 365678 34328 468652 630644 664737 938638 171535 197852 605252 445997 892961 430354 184691 389421 559404 476874 196580 423680 366976 446373 498145 606081 296777 13952 504471 255598 577057 512312 761563 638332 486731 250869 517191 246684 273028 731306 369295 593269 388507 147457 544635
768915 779226 339579 881144 498062 792594 548346 341372 262452 672800 913628 175173 573943 684448 999999999 164231 231278 547852 401495 628891 691079 384135 227135 663070 676997 635769 690530 311187 209716 165094 218526 220686 303887 433111 871737 291424 591341 670684 419533 841699 516112 745486 371312 866635 777374 40350 821840 725061 556089 545629 850762 309105 782388 376886 791980 536601 279434 617450 185812 807160 718322 608812 376836 70817 334270 540044 871370 100947 630701 296682 722967 835087 307914 156431 603269 732038 488610 671317 1001653 493325 103528 875040 695247 542750 474737 109295 223740 267077 269060 440367 813298 469482 786260 647268 57720 435391 396721 751351 548708 458875
611603 615021 398693 717039 334325 628731 468727 289519 389746 532717 751631 324515 436717 530333 164231 999999999 270587 439199 297289 544164 530568 259039 192492 544602 570525 538314 544691 439102 132286 270886 374070 107160 219026 398564 713056 232344 427192 562808 372236 680486 361442 636111 350763 703501 626014 138241 669449 637552 517940 460020 686658 446599 704441 264939 665618 412178 259773 472541 321943 699523 563567 544654 393189 177319 482303 378678 712209 74939 481940 440337 638187 690923 185184 42856 541829 601326 418374 577236 837944 358537 135883 710828 541922 494750 347435 84128 79017 284597 209386 393393 683871 431772 659105 484147 203056 276170 295906 592700 389820 337325
838194 794997 128217 897429 542399 790616 370900 170128 195146 579942 886370 213007 484274 630432 231278 270587 999999999 709672 283595 813079 664937 306368 431749 813073 840909 808785 795054 232131 388844 110448 260635 375202 195960 223813 932504 487317 619995 833088 625789 811721 603936 591381 588522 898891 866127 202171 753362 544096 768945 728660 868104 257858 589055 278827 662861 426068 493880 725703 178322 647432 664250 410630 145688 160726 313193 531888 828194 271580 729908 268219 539097 741881 255780 300119 402981 614743 307282 501197 1022901 622707 149354 880385 637653 334976 379488 194712 348889 493005 463479 241251 688769 259136 658906 688439 282853 513114 565834 815560 526404 606676
374502 511421 837847 578099 344818 562300 807830 692164 808711 702141 704224 721832 645987 622464 547852 439199 709672 999999999 636102 134720 562342 572220 332728 119731 131425 105238 237107 858031 338502 698410 759479 338094 608340 799996 467958 267625 393910 124056 212579 660523 236480 886695 281796 530123 333841 546551 738006 937961 252167 86951 554237 856924 1015606 601640 859989 670693 314115 190352 733226 945424 640895 896151 824340 596215 878599 466006 711977 457335 221008 843536 943872 805123 538527 414043 897462 792217 779429 872721 658619 128232 570392 599597 636224 872475 619455 519339 360830 370564 285674 784438 864084 826815 851829 381289 544280 280679 151146 375753 498393 107783
635712 549076 362055 647202 351926 532820 178196 124942 478626 296548 612771 478016 200870 352528 401495 297289 283595 636102 999999999 764280 398629 65312 484852 709792 755689 741255 634551 514937 419213 377885 530666 380755 99975 191109 716015 510682 400023 746275 642441 538526 450184 344827 636274 660164 681645 361226 470401 340556 784680 687020 619788 541452 409429 35618 393684 144111 551014 577463 450719 407289 385482 263035 283045 357825 596432 290826 549916 359652 570335 551168 341686 459297 114318 339570 263106 338371 143377 279971 771882 517321 302526 623673 358376 237914 97287 296209 334467 581348 490688 164856 416948 206047 388551 472174 457719 368547 528153 609815 274160 529493
467952 625222 940188 680769 479222 679636 938117 812265 891115 836383 818916 797179 780657 754427 628891 544164 813079 134720 764280 999999999 691410 701330 402582 156863 105245 54520 327284 939363 427384 788228 828794 437991 729509 921489 548667 337486 524030 108861 227150 780773 369536 1021371 297272 627489 412275 634769 866201 1071535 178822 84485 659741 933788 1148943 729325 994157 804474 363182 302160 813926 1080144 771595 1025912 936076 685336 948444 600277 833304 548517 332307 917380 1077228 935898 662629 513038 1026797 926549 907181 1006252 746719 262952 667947 707045 768085 998821 752156 618951 468968 407155 359935 907846 997800 949849 985983 504311 614414 414820 248763 475213 632772 235676
331224 172460 758824 256791 242191 138245 468438 522766 852731 201418 224465 824725 227607 84296 691079 530568 664937 562342 398629 691410 999999999 359595 637097 565921 629096 645753 412437 894949 578300 737879 878381 535841 469540 576833 371709 618448 168696 619464 694430 151001 329096 407265 729345 284665 401628 657847 175972 502071 798820 645162 232995 916285 576494 390953 336408 296189 682368 398917 807450 449512 84990 544126 681353 679863 966058 152155 182720 604399 373023 920479 513146 246261 413583 554422 551765 280419 487952 448382 377828 442511 622038 227695 93647 573773 305686 587318 500342 737860 611577 545616 330000 579183 328457 196221 733618 329970 550231 304995 143428 493518
576094 500086 400984 600391 288492 489090 237489 169680 497716 290873 580036 483314 191525 325088 384135 259039 306368 572220 65312 701330 359595 999999999 438779 644602 690891 677264 570373 537880 372000 388231 536986 331256 110411 252265 659396 458948 341973 681443 587111 505388 385089 377486 585413 609166 619747 344876 453159 389214 727637 625036 572084 561291 461668 36588 409755 154311 503525 512529 460306 441011 359186 324634 331848 350662 613623 237449 522445 327793 505890 567955 391882 454628 76765 299443 325484 348197 208046 325884 725799 452497 292545 579729 333052 303117 90791 275234 284369 538440 440137 227977 429938 269850 403667 414030 437788 303257 468166 550610 225501 466071
616971 676154 553598 770520 402598 705431 659463 480918 488742 686441 842244 394969 597434 658589 227135 192492 431749 332728 484852 402582 637097 438779 999999999 451684 457435 412783 512645 536824 67152 389724 428956 110460 411408 588848 721504 66104 495872 451983 195035 777793 371567 814518 160083 742152 607958 237801 797291 825123 337197 320159 741055 531481 894019 450856 831226 585707 67290 441402 411431 878091 688839 736817 569043 287940 548601 490034 818209 160541 461800 515794 826517 834312 370659 150001 734155 764067 610518 763270 880266 309388 282396 775024 671692 687017 521279 241023 156486 103790 47377 585193 846210 622797 824103 532220 213372 318111 185045 605153 511167 260869
313349 479470 941142 527786 383235 536447 873944 779437 922202 730239 672186 837799 688377 636615 663070 544602 813073 119731 709792 156863 565921 644602 451684 999999999 64514 102353 174318 971721 453364 809490 876731 448410 695133 884245 391809 386988 405184 55662 324487 639679 270322 926296 395861 472896 255486 659333 736632 989306 327099 173703 508200 972038 1067867 676968 885755 723302 433648 167029 847590 981634 649331 963047 920044 708255 995456 498616 693046 569785 193649 959518 996506 812172 621843 523432 965522 820389 852430 924851 590064 195472 678628 556201 649705 947702 678942 626958 465585 489367 404448 865811 885893 908439 877528 371490 662088 341710 268037 322732 531524 207548
375480 543836 969107 590459 439279 600935 923320 818633 938614 790134 736367 850063 744934 698647 676997 570525 840909 131425 755689 105245 629096 690891 457435 64514 999999999 56110 237895 987790 468415 829303 886146 469410 734457 925280 449572 391427 466822 9916 307085 704193 325990 984021 379357 534685 314413 677027 800487 1043935 283302 149978 571471 985744 1122314 722049 946346 777055 430179 230315 862696 1040227 712129 1012251 954017 726902 1005645 556823 757559 588046 257662 971604 1050752 875345 662884 545398 1014264 880434 898919 979150 648781 238394 701779 619642 711858 993331 730321 650759 492022 481516 411269 908343 947167 950899 938120 435322 670537 390493 280879 385963 589768 235911
413899 573606 936695 627207 441285 628802 912506 796690 898101 796988 767179 807251 745471 711231 635769 538314 808785 105238 741255 54520 645753 677264 412783 102353 56110 999999999 273461 946955 429302 791319 841637 434423 713026 904820 494149 346710 479729 57185 253622 730652 329403 985875 325717 573488 357757 638214 819625 1040300 228767 97057 606561 943474 1118219 706841 954355 772911 381104 251985 821557 1043639 727083 1000956 926686 688503 961326 561447 783478 550110 281611 928415 1046496 891207 643616 510392 1002370 887339 884600 975157 692226 229090 666658 654079 724748 977711 722962 616388 460941 430312 367677 889518 956894 931862 946151 455998 626134 383036 243616 421673 594224 212800
140960 307370 919329 353846 283268 365802 781113 725873 934434 594150 498887 863565 569563 489896 690530 544691 795054 237107 634551 327284 412437 570373 512645 174318 237895 273461 999999999 983787 491037 815210 909045 470493 644114 821519 230862 456918 268540 229650 443535 469909 192169 798038 507757 300274 98873 676671 575908 873700 484367 319556 333893 990610 952122 605996 744123 616152 516851 73112 865356 848830 497382 869262 879958 720840 1023047 378199 523586 590257 65725 982759 882393 656143 568058 536555 873441 682255 770959 811471 423345 203404 679562 381889 502011 867410 583140 628451 470386 578205 467126 798306 740659 840215 735969 216931 703968 282983 336233 148483 409403 254555
1044386 1018366 191466 1121388 753834 1017742 577983 396265 49652 810492 1117407 146601 715803 862439 311187 439102 232131 858031 514937 939363 894949 537880 536824 971721 987790 946955 983787 999999999 519545 169343 138695 524138 427629 415558 1142899 601984 837949 981318 724937 1042785 798667 803400 669589 1118660 1063735 312521 985190 739453 854396 856478 1091623 36874 770135 510945 884188 655938 583130 911613 125478 854748 896308 596126 292202 264655 94491 757645 1060130 402059 920806 63140 732088 971225 482319 451088 586504 840382 516192 706651 1246343 794492 304859 1106638 869753 514492 611349 355428 514827 557247 579971 442195 911238 444092 880899 903435 328399 710481 707100 1023610 754649 765490
584134 627942 514433 724955 349140 653572 594828 421696 470271 620513 787836 384522 530762 596008 209716 132286 388844 338502 419213 427384 578300 372000 67152 453364 468415 429302 491037 519545 999999999 362044 424870 44208 349077 530850 688654 100672 443934 461828 240914 721626 332852 747414 219417 700475 582696 208945 735240 759095 386432 343013 695060 518770 828612 384905 764426 518555 131852 418222 394747 810983 626870 673498 520342 259202 542762 429228 760365 121196 435145 506209 760701 769909 304902 92254 671188 697425 547291 696935 838358 289270 241328 726683 608919 626160 454140 194249 89401 169981 77310 525337 779660 563984 757340 485950 213690 268529 187582 569983 448882 250241
875197 853892 181466 957060 585710 856241 480282 275150 120996 673172 961901 103429 575203 712410 165094 270886 110448 698410 377885 788228 737879 388231 389724 809490 829303 791319 815210 169343 362044 999999999 153746 361132 281572 333926 974060 452130 671391 822354 583695 887587 629410 698693 536399 952182 894481 153465 841182 654278 721158 704190 927077 182151 699435 366419 765877 521991 444336 743286 72838 755775 746665 520984 242375 102929 228367 595942 908637 241346 751926 182979 649414 836696 324667 286238 513239 714739 416712 610333 1081479 628273 135723 944078 720885 444714 469843 186841 347875 430827 428982 351678 790943 368911 761518 735782 203169 541138 548682 854586 595605 602227
984913 983127 285593 1086031 706358 990685 631437 428513 111577 824731 1102843 53863 726186 858555 218526 374070 260635 759479 530666 828794 878381 536986 428956 876731 886146 841637 909045 138695 424870 153746 999999999 439065 433019 479422 1086908 495060 796883 880471 607780 1029100 732986 851624 547632 1075861 995407 236018 989942 803503 730369 747988 1055744 115979 844828 517462 919617 674729 466731 835971 82322 908040 892883 666658 372488 201222 119724 732009 1053003 318990 849002 92659 797991 988557 469135 373676 658260 868163 567826 761784 1208724 711438 257112 1076400 867674 587893 621079 298260 440863 433412 474878 500054 944635 512882 915243 856889 215625 649898 608830 966502 735067 675104
555924 590616 502690 688880 309845 614280 557609 391750 474516 576387 747150 395249 486980 552209 220686 107160 375202 338094 380755 437991 535841 331256 110460 448410 469410 434423 470493 524138 44208 361132 439065 999999999 315792 501712 660023 130911 405083 462149 268349 680188 302903 705299 255546 666628 559196 211694 691554 719567 413822 353652 658806 526453 790046 345965 720768 476028 172631 397381 401171 768831 583236 637921 500338 259971 554704 386104 718178 122395 411863 516056 721532 725736 266603 76056 636054 653621 512058 656885 804108 272737 232489 689108 565066 593600 411843 181965 46918 213902 110024 494191 735791 533852 713643 450142 235303 232289 190912 540414 405224 241454
666587 605253 294949 706698 371382 597315 252359 84309 388077 391791 690441 379911 293632 434903 303887 219026 195960 608340 99975 729509 469540 110411 411408 695133 734457 713026 644114 427629 349077 281572 433019 315792 999999999 192007 755211 446427 438135 725535 583769 615792 452904 441682 568491 712209 703554 263537 560433 425927 728777 648426 677892 451565 488977 84891 493656 242606 478643 580327 354262 503274 468862 325714 237164 257972 504650 341347 632516 272077 578472 459051 425191 555547 76058 261798 322803 437937 199506 369295 832272 499672 203325 687639 442466 277815 188288 201797 272643 502071 424594 179817 516874 220997 488525 509058 360805 363946 484349 642223 332930 500584
826803 735113 229106 830725 540625 714027 164121 110206 394216 435407 779318 435005 357198 518777 433111 398564 223813 799996 191109 921489 576833 252265 588848 884245 925280 904820 821519 415558 530850 333926 479422 501712 192007 999999999 906590 630593 591099 916246 769852 706903 633603 389385 748537 847404 871925 396184 616657 325788 915469 840221 804318 449222 365828 216006 477591 287574 655802 761555 398149 439277 548865 187397 128124 368249 508179 480937 709927 435861 756580 467243 319461 583366 262539 439691 179377 443147 106571 291204 954049 689099 332245 804346 521644 111593 272382 355544 460938 670623 607859 32503 505984 36418 475356 663238 489688 547663 675799 800924 462234 692214
104633 202729 1047718 175174 390377 256641 825669 828128 1095055 572984 343879 1037533 587814 455286 871737 713056 932504 467958 716015 548667 371709 659396 721504 391809 449572 494149 230862 1142899 688654 974060 1086908 660023 755211 906590 999999999 672029 317700 443166 672842 348027 357165 777383 735021 113961 136632 850891 485079 873759 713234 549548 173158 1155224 948076 695768 696517 650538 735170 289166 1032774 815412 446270 907125 989839 889322 1194475 425740 397320 771135 263410 1151512 884769 574564 682565 715383 913776 647835 833320 819227 199578 417569 840297 216845 462810 925878 639699 792485 648201 797206 678724 878401 684122 917006 689109 246184 894708 437009 556543 120423 446696 474636
568056 641569 611518 732374 378187 675288 688044 521047 553644 686995 815015 460796 602992 648026 291424 232344 487317 267625 510682 337486 618448 458948 66104 386988 391427 346710 456918 601984 100672 452130 495060 130911 446427 630593 672029 999999999 467760 386058 140243 753630 330702 828804 126661 700154 553824 299065 784607 848088 285790 254543 703534 597224 919493 475612 836721 598906 66040 387264 476519 892092 676552 768784 620632 349589 614704 476921 796713 216390 409710 581770 850452 828108 396852 192924 766957 768510 642963 784800 837906 255451 338573 740016 661538 724152 535787 293458 176322 127177 23839 624168 849664 663337 829294 496622 279473 290727 123043 558175 501190 202651
236465 188030 731874 289868 95390 209751 525089 510437 791597 327569 347330 744984 302489 231948 591341 427192 619995 393910 400023 524030 168696 341973 495872 405184 466822 479729 268540 837949 443934 671391 796883 405083 438135 591099 317700 467760 999999999 457024 531102 286983 160732 529766 570980 280804 289444 563959 344649 606016 630875 476466 259491 853540 684245 378446 481182 353978 533340 239364 734969 581637 247576 611177 672153 595803 897172 115343 332922 495321 217344 852778 615023 411869 366718 440810 616402 416952 524237 544554 411844 274087 542132 285189 245296 619235 330626 498624 378217 591969 464327 563883 480728 603613 472962 72164 625186 178005 387611 210139 143681 326390
367822 535132 961298 582643 429375 592059 913703 809737 932090 780240 727822 844019 735031 688870 670684 562808 833088 124056 746275 108861 619464 681443 451983 55662 9916 57185 229650 981318 461828 822354 880471 462149 725535 916246 443166 386058 457024 999999999 304703 695213 316085 974107 376986 527174 307637 670268 791002 1034083 285765 147850 563411 979558 1112469 712685 936473 767226 425937 220761 856308 1030312 702436 1002649 945608 720053 999901 546908 748543 581176 248281 965615 1040913 865705 653808 538088 1004689 870544 889479 969307 642187 228956 694415 611508 702091 983957 720588 643305 484205 477966 405623 899189 937328 941755 928248 425850 664901 380836 274246 377901 579853 227555
574170 684393 748517 764161 453470 727227 820580 660015 678034 791186 870267 580016 714681 736841 419533 372236 625789 212579 642441 227150 694430 587111 195035 324487 307085 253622 443535 724937 240914 583695 607780 268349 583769 769852 672842 140243 531102 304703 999999999 816264 374948 947945 72286 722595 542072 432664 867613 975513 145712 157120 737585 716270 1048764 606961 945601 719002 141839 385166 600456 1010521 762050 903245 760565 482582 726882 566344 863772 354217 413521 698137 978700 920847 530015 333163 901932 876723 778134 911277 856354 270064 476556 779343 750729 861532 657982 432871 311354 180178 163791 762522 955811 802179 937858 542375 396745 367599 144224 570794 594556 210919
351877 164578 900549 182836 375921 104377 580806 663465 1001379 286829 74649 975398 349752 188194 841699 680486 811721 660523 538526 780773 151001 505388 777793 639679 704193 730652 469909 1042785 721626 887587 1029100 680188 615792 706903 348027 753630 286983 695213 816264 999999999 441775 466144 857875 236735 426796 808727 142999 575029 907566 746681 175656 1064989 641442 534780 368731 419649 818809 478772 957600 491548 158661 646168 818401 830830 1115498 301851 53739 753885 449055 1069864 587546 232233 562954 703019 655164 335401 610701 532328 275782 552129 772945 140081 185576 688448 442379 738283 646885 876362 748970 674803 350820 704670 362364 279515 883509 462918 673636 331561 294397 608143
253322 313200 727518 401711 113295 352735 607188 535393 749734 467621 495522 685011 418948 386116 516112 361442 603936 236480 450184 369536 329096 385089 371567 270322 325990 329403 192169 798667 332852 629410 732986 302903 452904 633603 357165 330702 160732 316085 374948 441775 999999999 658244 420762 370669 265071 497537 505039 719001 470173 316796 373021 807726 797550 419690 625124 453092 396530 127966 683357 715059 405391 696256 688103 538760 843533 232120 490277 415215 126509 801775 726186 569349 376924 359730 699325 557956 590312 654530 508759 113415 493813 410753 399914 686562 410448 443752 292404 457838 332607 611821 628306 654151 616930 168794 537582 90962 234137 237551 264963 166623
736494 575127 618469 639613 545164 527019 225563 423694 778210 207151 521037 802054 240715 322984 745486 636111 591381 886695 344827 1021371 407265 377486 814518 926296 984021 985875 798038 803400 747414 698693 851624 705299 441682 389385 777383 828804 529766 974107 947945 466144 658244 999999999 955270 681427 804058 705141 330371 114438 1081153 955727 623146 835980 175300 373187 112028 229901 877886 765486 769353 63588 331694 235166 516983 697508 894578 427695 441848 702569 746074 852115 127699 256854 451280 676888 246256 131615 287389 102535 741927 758529 644680 600357 314696 309217 293488 641029 658510 915357 811824 361339 140523 365544 114766 585535 802137 607515 815693 709716 394814 791105
634471 733535 707351 817568 487164 773028 813083 640121 623944 810051 915207 523430 728003 765118 371312 350763 588522 281796 636274 297272 729345 585413 160083 395861 379357 325717 507757 669589 219417 536399 547632 255546 568491 748537 735021 126661 570980 376986 72286 857875 420762 955270 999999999 778879 606612 389612 899441 974440 185322 229382 790113 658607 1045452 601395 961318 725372 94748 445996 546642 1018505 792248 892671 727903 438013 665747 593590 903524 319262 473108 639145 976663 947268 522149 308955 890485 892861 766540 911295 914311 323674 439616 830166 778835 845385 662387 400451 301876 114592 145596 744145 973532 782231 953802 589547 341717 399413 186959 629253 619691 264153
159609 113554 1007152 61872 369535 154424 751172 778723 1072394 481678 230040 1024464 510273 364502 866635 703501 898891 530123 660164 627489 284665 609166 742152 472896 534685 573488 300274 1118660 700475 952182 1075861 666628 712209 847404 113961 700154 280804 527174 722595 236735 370669 681427 778879 999999999 224164 841401 376776 782630 781465 615703 61198 1134333 854722 644471 594474 576906 765513 340719 1015386 715374 350243 828513 940758 875195 1177649 371780 284519 768167 310780 1133386 794216 466605 643835 712624 835981 550299 765858 731477 138119 455223 822347 102885 369998 854965 575681 777812 647122 827274 703088 817577 580068 853953 587374 219383 896239 434928 593767 154402 386007 514728
75004 262908 987528 283415 332776 323683 814461 782487 1014780 597031 442526 948455 588834 484504 777374 626014 866127 333841 681645 412275 401628 619747 607958 255486 314413 357757 98873 1063735 582696 894481 995407 559196 703554 871925 136632 553824 289444 307637 542072 426796 265071 804058 606612 224164 999999999 760962 548590 889228 576912 413872 269341 1072550 966537 656185 738012 643141 614621 166683 947930 849912 485130 900605 940715 803244 1107459 404755 480008 676531 147577 1066142 898973 634216 628026 621765 905846 680958 811612 829674 334656 298811 758878 317984 494998 907271 619000 708707 554722 676182 563104 846500 730672 887387 730076 222300 794121 354275 434140 98076 432618 352164
748999 751333 317739 853765 471970 762536 508520 302295 262935 634253 881177 187525 535223 648617 40350 138241 202171 546551 361226 634769 657847 344876 237801 659333 677027 638214 676671 312521 208945 153465 236018 211694 263537 396184 850891 299065 563959 670268 432664 808727 497537 705141 389612 841401 760962 999999999 785342 685111 572706 550727 823401 315188 742959 336896 752101 496867 295745 603844 189731 766810 682630 570010 346435 50584 346593 507658 837194 89556 615374 306137 683130 796921 268971 140248 564655 692487 449115 631117 975359 483226 64446 846223 659170 505078 435328 71612 206451 290972 275768 402309 773593 432461 746430 622120 97670 413883 396169 730488 514924 452972
474128 288722 826902 325335 414148 229752 474124 592433 947772 181251 190728 936186 269665 139760 821840 669449 753362 738006 470401 866201 175972 453159 797291 736632 800487 819625 575908 985190 735240 841182 989942 691554 560433 616657 485079 784607 344649 791002 867613 142999 505039 330371 899441 376776 548590 785342 999999999 442483 974506 821095 315646 1010983 504851 475706 227798 333725 846938 570307 913420 350661 108452 528972 736775 799217 1064911 307922 111528 744388 542987 1019368 455401 89835 522056 699023 538790 203597 513855 406299 415439 618448 740503 282936 127618 580953 373877 713731 651985 899926 775766 584156 208379 608481 221920 365169 869667 500801 723437 450709 286358 668968
824936 673379 549433 744133 606191 628912 177093 386882 719906 301273 632646 757092 304213 419044 725061 637552 544096 937961 340556 1071535 502071 389214 825123 989306 1043935 1040300 873700 739453 759095 654278 803503 719567 425927 325788 873759 848088 606016 1034083 975513 575029 719001 114438 974440 782630 889228 685111 442483 999999999 1114287 1000774 725890 773884 78677 374268 226154 267388 890945 834239 721567 130884 432788 145472 447567 669487 832908 496200 553611 697121 817684 792665 13285 371165 454494 679998 156033 239985 239188 65308 850377 811221 621751 706214 412732 226935 320928 627350 672843 921867 828991 303453 254080 295423 229166 667589 782722 657425 851315 797810 464435 837085
624287 762428 890044 830200 564800 811674 962857 805566 809057 914872 954347 708019 844265 850060 556089 517940 768945 252167 784680 178822 798820 727637 337197 327099 283302 228767 484367 854396 386432 721158 730369 413822 728777 915469 713234 285790 630875 285765 145712 907566 470173 1081153 185322 781465 576912 572706 974506 1114287 999999999 165795 806402 842567 1188616 749093 1071458 854018 277118 442501 731838 1142978 872393 1046520 905277 621814 847382 683337 957875 497596 473174 822422 1118008 1034722 673292 478679 1045500 1002562 921935 1049588 907702 357069 619592 851647 864010 1006386 794686 577232 456148 297430 309173 907836 1079580 947664 1063531 628249 526916 484283 265544 627083 713574 305767
458863 598351 855718 664496 420467 648974 862425 730638 808025 777037 791058 715120 715427 702366 545629 460020 728660 86951 687020 84485 645162 625036 320159 173703 149978 97057 319556 856478 343013 704190 747988 353652 648426 840221 549548 254543 476466 147850 157120 746681 316796 955727 229382 615703 413872 550727 821095 1000774 165795 999999999 640898 851640 1077513 651778 934878 734779 284924 276930 731002 1015703 722182 949554 852337 601272 867710 541536 797858 464180 307660 835778 1005933 886054 583042 428590 950038 866544 829302 935478 742625 204238 583467 686424 716226 919849 680182 534479 385359 333288 276572 827410 940366 869187 926780 467234 532930 348481 165346 461310 573301 164632
198162 73258 972405 30382 353180 97187 701401 740735 1046336 425759 174504 1003533 460455 309659 850762 686658 868104 554237 619788 659741 232995 572084 741055 508200 571471 606561 333893 1091623 695060 927077 1055744 658806 677892 804318 173158 703534 259491 563411 737585 175656 373021 623146 790113 61198 269341 823401 315646 725890 806402 640898 999999999 1108935 797085 606514 534437 528452 769453 363968 992270 655772 293103 776687 902124 854542 1154165 336682 224178 754191 333247 1109399 737669 405480 612326 699291 784483 491728 719243 676134 154834 467721 800068 48729 314151 806431 531941 757586 635434 830549 704400 773846 519548 809021 527430 209171 883671 426726 603413 185512 346775 527237
1055640 1035719 227226 1138864 767604 1036989 610828 424991 63621 837719 1139528 136625 742096 886336 309105 446599 257858 856924 541452 933788 916285 561291 531481 972038 985744 943474 990610 36874 518770 182151 115979 526453 451565 449222 1155224 597224 853540 979558 716270 1064989 807726 835980 658607 1134333 1072550 315188 1010983 773884 842567 851640 1108935 999999999 805648 535681 915054 683581 574512 918043 125486 888053 920364 631040 327210 269772 59024 776648 1083711 404062 928386 28253 766710 999275 502806 455203 621525 869980 548603 739981 1263431 798413 315014 1125290 894024 549546 637177 364051 520396 545145 575822 475182 941832 478462 911596 917814 319873 720684 705781 1035468 774990 766993
901553 746772 578681 814217 684800 700507 236622 441257 755044 375103 695572 800832 382753 492807 782388 704441 589055 1015606 409429 1148943 576494 461668 894019 1067867 1122314 1118219 952122 770135 828612 699435 844828 790046 488977 365828 948076 919493 684245 1112469 1048764 641442 797550 175300 1045452 854722 966537 742959 504851 78677 1188616 1077513 797085 805648 999999999 444082 280167 345440 960370 912911 763868 164424 504482 178472 478776 723614 864467 574795 616377 761054 896293 826242 71734 427563 523745 747164 186580 306594 293856 143177 917225 889129 678868 775319 485725 257392 397333 688538 743577 989031 899861 348566 305296 331947 284798 745219 840091 735233 926607 874483 542959 914156
612681 534826 368057 634583 324621 522256 213766 134318 472311 307287 609363 464175 208834 351745 376886 264939 278827 601640 35618 729325 390953 36588 450856 676968 722049 706841 605996 510945 384905 366419 517462 345965 84891 216006 695768 475612 378446 712685 606961 534780 419690 373187 601395 644471 656185 336896 475706 374268 749093 651778 606514 535681 444082 999999999 415279 160822 516754 547380 439063 436205 385474 298578 296290 337519 589225 273009 549582 329474 541321 543668 375800 471194 80304 306834 298530 356911 177900 312777 759838 483794 280666 613040 358833 271293 103618 269703 299524 548209 455800 192383 437225 234538 409703 450528 432211 336398 492617 587187 259740 494802
666999 494100 705113 547903 515249 441060 315098 492736 855011 157903 417617 868120 234016 254766 791980 665618 662861 859989 393684 994157 336408 409755 831226 885755 946346 954355 744123 884188 764426 765877 919617 720768 493656 477591 696517 836721 481182 936473 945601 368731 625124 112028 961318 594474 738012 752101 227798 226154 1071458 934878 534437 915054 280167 415279 999999999 255687 891119 720537 838110 122918 253457 341305 605557 751412 972800 393994 338696 736677 697994 929010 239439 147396 486486 703735 352227 68936 371587 207990 643112 732437 695482 506840 243429 410047 319226 683988 675140 934364 822156 447174 29542 458351 8227 527508 846744 588409 807097 641074 361771 771836
585560 463352 493232 552924 341152 434425 175177 260296 621193 154876 491776 621979 70081 231849 536601 412178 426068 670693 144111 804474 296189 154311 585707 723302 777055 772911 616152 655938 518555 521991 674729 476028 242606 287574 650538 598906 353978 767226 719002 419649 453092 229901 725372 576906 643141 496867 333725 267388 854018 734779 528452 683581 345440 160822 255687 999999999 648470 571568 594823 293215 261348 258102 403733 498306 739257 239284 422727 481955 557160 694189 273779 315821 230926 451574 264034 196089 192398 202288 673502 543834 441461 523179 234179 278129 64876 428363 429374 687343 582018 255325 276728 285387 249775 421712 591117 390081 589140 558435 210525 570610
