NAME : synthetic_000819
TYPE : CTSP-D
DIMENSION : 100
GROUPS : 8
RELAXATION_LEVEL : 1
EDGE_WEIGHT_TYPE : EXPLICIT
EDGE_WEIGHT_FORMAT : FULL_MATRIX
EDGE_WEIGHT_SECTION
999999999 272561 153438 836754 926555 728943 348003 183975 343282 348222 197477 680008 486615 620131 1009058 682186 942902 352528 702850 301266 872540 305223 257429 423039 566798 132230 687707 814277 804890 875546 688062 761603 960753 195366 795684 475797 533361 354944 857990 742555 751072 528891 480181 542347 618217 805376 720246 959298 962435 719117 665734 352987 582813 368338 389677 578571 294183 180248 520874 648232 467495 425580 867751 730792 710002 697747 225815 738880 361314 977421 228273 12831 48600 289317 243802 217268 217640 668186 547868 500344 892018 530956 669877 740039 632914 711027 230340 350765 556764 801420 476308 115755 586837 424282 624169 655063 292324 39921 392032 538054
272561 999999999 153052 766318 954791 873329 111958 293515 565681 147181 128808 884138 469827 409861 1026355 738993 938279 204537 801780 91214 912952 363315 298584 632075 770169 390436 895593 695264 845379 792527 663609 615119 959977 288193 800857 223845 475924 109616 797343 954037 772736 489727 597460 351359 835907 876406 547188 1004060 926262 901713 500257 249988 567179 283461 629459 733721 177711 140667 734335 688176 682428 171731 809888 685721 758698 697915 71686 805145 469761 901029 239020 259737 236395 513627 206205 361171 424891 470794 367597 580042 938414 291788 723737 790077 804038 567544 89674 98936 634651 754700 271537 180364 801750 649740 786353 761363 521065 270581 324051 360204
153438 153052 999999999 858429 1000602 852882 257014 145671 490460 278024 162114 824728 528414 553835 1078539 766650 1000738 312925 807164 220060 951893 375165 312479 567096 710520 285339 833551 808100 883432 890742 731864 738336 1020729 270750 856631 376390 555300 258334 885308 889633 819584 560497 588357 487398 766352 898377 679902 1041643 1004105 857214 629324 338728 628630 365702 541562 704991 264133 26854 667252 723863 613850 324172 896708 764526 791059 754477 145810 828756 460980 997427 119925 142357 140475 436246 111583 324957 356201 611281 499790 591498 974457 442496 752700 822233 766175 688811 164068 249501 648607 835456 410767 131149 734068 573178 753950 761937 440652 135081 400738 491215
836754 766318 858429 999999999 345316 638401 670457 990067 772394 623846 696328 832159 353424 485802 364841 364341 254175 561833 485811 675373 356721 541807 579749 751198 778116 827708 851199 155079 332337 51266 179519 253290 277446 643991 223510 650607 305178 681081 40102 896633 268158 308040 527481 471487 855422 427971 345378 417225 182520 769059 345374 522429 269248 493166 842633 626509 598415 866562 796313 326349 782507 670042 54219 118835 342470 221963 724386 395678 548685 140677 976929 831189 793917 767988 956707 654232 730310 433443 445665 450048 385092 597040 357189 348346 692124 265642 702353 694620 430558 74238 538309 747168 829427 803881 660055 498767 780031 871119 457831 447077
926555 954791 1000602 345316 999999999 415338 884343 1105242 728349 834503 850314 641089 485112 785213 87197 248867 113502 763392 294438 871974 63644 628075 688445 672880 633403 867420 658765 498846 123549 379089 309821 587979 103230 738123 161821 906448 494686 897733 310098 687375 182268 472016 474593 745389 692479 174196 670947 71913 222778 555956 655506 708996 390476 674430 776111 484393 777315 1016740 672386 278645 682431 910094 299308 322144 218382 260117 895176 209126 569657 362260 1118863 925688 895569 748394 1110524 711243 751280 745922 719548 430144 67496 870136 259011 190627 516665 586624 872696 910028 377104 287283 792141 871751 677921 722505 490333 337097 757691 965957 633275 717104
728943 873329 852882 638401 415338 999999999 849538 910399 422350 805842 745881 226711 500949 894539 492925 276573 511854 740356 152618 816879 355618 512477 575490 343105 245422 623766 243915 753962 330711 687963 485133 800684 511299 590884 425588 926295 565289 864053 621523 273237 372027 530486 276912 823321 286270 243769 848639 391155 606663 141059 808609 683151 470862 653684 436789 150737 722028 876373 296354 327239 327383 906472 618342 541742 295959 424219 802184 246135 403568 722719 954277 733725 717821 464668 961602 528180 513276 885092 803480 315898 348605 922228 286699 292547 123442 773436 783806 872359 278501 564213 831189 726478 279431 378223 113553 151122 468647 767353 621011 796222
348003 111958 257014 670457 884343 849538 999999999 401432 591507 49841 158175 889107 402432 298582 951181 684146 857703 121242 761024 48008 847448 339691 282371 647686 777725 447242 902373 589825 781455 693278 583346 506069 880216 297157 726133 127837 393462 14556 703439 961665 704262 412718 573254 239792 849613 822752 435782 938317 836835 895083 389837 178086 493868 212477 662594 719195 127734 249112 748449 629049 699127 79091 716494 598478 700197 624523 122986 751661 452138 801977 350850 335544 303838 543419 318029 373084 453795 358903 256922 541654 874462 186890 668351 731075 794464 459431 118434 25686 592384 665331 159694 237078 814719 673525 773165 724941 552733 356026 253092 249972
183975 293515 145671 990067 1105242 910399 401432 999999999 510482 423694 299490 845997 649248 699152 1186422 863160 1115658 456250 886778 365677 1052661 478352 422496 593182 735370 293163 851797 948197 984634 1024843 853273 881661 1134443 367524 969284 516985 685032 401744 1014828 903856 927420 686311 664128 633037 778568 988310 825107 1140343 1127621 892582 774084 477128 748383 501333 542837 759718 404698 152901 685979 826599 633476 465055 1025595 890810 890182 869158 291057 921169 544086 1130139 87328 182009 209684 458502 127005 400191 397189 756931 645178 682198 1072974 585219 850401 920604 810515 831812 308272 392039 738970 961928 556385 243450 749471 586078 803706 839036 458957 144299 533334 636505
343282 565681 490460 772394 728349 422350 591507 510482 999999999 564559 443334 337042 450590 770913 815546 485539 782208 524154 449524 546237 666038 303346 329050 83534 224990 217536 344433 815250 607199 821368 594264 806301 793440 295267 643082 705867 527284 603948 778028 399508 585561 502372 260167 686004 275895 570973 805977 738690 838182 383261 751814 484772 507294 473321 79332 277068 477829 516919 177593 481302 124242 666985 782847 653572 518087 570383 497571 519775 232854 901909 569759 351872 350645 54222 587082 220775 140793 794093 677980 327770 676259 734648 479696 540897 309021 760919 487410 606607 365126 712941 652094 387975 243794 84162 309362 400632 51574 376290 465431 667974
348222 147181 278024 623846 834503 805842 49841 423694 564559 999999999 151152 853141 352868 277747 901422 635331 808252 71607 714103 58815 797720 299377 245875 616476 743018 435654 866938 548226 731819 648000 533761 468395 830704 269378 676329 141664 343898 63449 656238 926320 654466 362898 530425 209490 816655 773934 403498 888564 788618 855647 354811 129153 444028 163281 637921 678183 88839 274497 716093 579859 667960 104646 669157 549711 650996 574686 133826 702926 411996 756669 381148 336340 301472 518536 351409 344122 429823 333406 223120 495779 824795 184230 619495 681807 754519 420520 120951 75526 545589 617002 133311 233239 781655 645125 732312 678877 528498 361656 203643 215094
197477 128808 162114 696328 850314 745881 158175 299490 443334 151152 999999999 756488 370913 423571 925769 624636 844115 160824 679597 110178 804661 239419 173875 506339 642830 289081 768280 648729 736402 728742 572825 583673 864703 159487 701877 284569 393635 168039 723400 826957 668232 400142 470947 347857 710109 760241 532599 895342 843621 772939 479686 177796 470972 203684 510892 605225 105813 171520 608448 577296 557159 237260 734896 603469 646574 599044 57144 689373 342546 835327 280970 185848 150351 392849 264308 233283 303121 473941 355690 458543 828742 334948 609881 677997 675241 533515 44097 167656 514357 674246 279226 82102 675693 526866 657709 637701 401272 213848 238752 346254
680008 884138 824728 832159 641089 226711 889107 845997 337042 853141 756488 999999999 617437 1002039 719582 470126 733893 798081 360320 848397 580290 556479 607434 257654 114548 554056 19041 928750 548832 883149 663299 957472 734964 597844 633863 988198 692965 902873 821147 74652 576137 659364 356098 922297 80709 467912 988613 617657 823745 93209 941575 746860 620515 724355 309090 212935 764431 850809 160032 506611 212923 957754 820052 724333 496445 610631 813221 458100 446400 930836 906799 688241 684270 390736 923704 523207 468881 1006457 907026 427893 574786 1000651 475595 501035 140102 922488 799312 908219 417966 759480 910906 713709 99271 260259 172273 335567 388466 713332 701166 898255
486615 469827 528414 353424 485112 500949 402432 649248 450590 352868 370913 617437 999999999 394128 556982 286277 473203 281262 381172 387191 445443 188466 229392 453241 528694 475210 634987 366481 379073 396042 204157 358282 493845 291999 331900 445377 78845 416306 372071 691276 303385 51990 261627 322725 610780 424085 373483 536481 478381 588212 324571 224994 100234 190358 527676 409019 292232 541359 526574 228396 496134 438170 381433 244208 299246 228833 411992 353994 217775 493418 648312 482001 446002 434215 634849 301994 383489 390490 302535 192136 472142 428419 270246 329664 489185 315757 389347 428009 222528 314817 339248 406457 578205 501787 459810 355959 446705 522511 149403 295362
620131 409861 553835 485802 785213 894539 298582 699152 770913 277747 423571 1002039 394128 999999999 830745 656870 723239 270359 767349 334114 768292 468881 445881 801977 904049 689695 1018665 358316 713559 489179 480820 254482 747298 496487 625620 206771 331558 300342 525106 1076615 628972 365829 647855 85087 984586 784425 162213 851681 668063 980201 141238 291185 437198 297838 849604 799341 328666 547463 891188 595712 851141 249516 539371 463678 659194 542128 411438 720785 564363 591433 648783 608915 572011 734740 614425 558898 654042 67027 95283 584907 798411 134830 641439 684817 879818 223462 398340 311813 616083 511971 144820 504430 950312 841850 851515 747361 746410 637158 308032 104565
1009058 1026355 1078539 364841 87197 492925 951181 1186422 815546 901422 925769 719582 556982 830745 999999999 335002 110718 831031 379493 941594 150147 708326 767306 759781 717174 952833 736835 519655 209903 388779 369112 616624 87478 818928 225580 965028 558333 964199 325925 762340 259294 538774 561427 797946 773959 257060 705141 107695 206196 632220 695990 778270 459297 743962 863040 569807 848645 1093847 757371 360955 768611 972160 312998 368906 303916 328440 968816 296213 654169 347235 1197426 1007810 976913 835400 1187688 794760 837074 786406 771781 515165 146546 924162 344479 277070 598861 622064 946206 976822 462994 320302 850081 950743 760697 809195 573508 423264 844753 1048258 702931 770277
682186 738993 766650 364341 248867 276573 684146 863160 485539 635331 624636 470126 286277 656870 335002 999999999 297725 564070 125180 663466 191097 391488 455096 437993 428578 618721 489138 477881 125318 414785 209975 530247 308018 498665 168997 731421 328074 698372 351216 532805 109131 295896 227484 596625 500805 138608 587037 277201 366545 404718 552921 506194 219691 472130 539795 273197 565661 784832 456755 61168 455904 724076 349928 265240 32618 147688 674168 67773 322401 461826 882715 682111 653819 501839 877880 465459 502426 636138 573423 182475 209862 710704 16042 58447 330898 507627 652411 709378 128279 290681 623389 635981 478373 489829 299341 134858 511604 721896 432446 568013
942902 938279 1000738 254175 113502 511854 857703 1115658 782208 808252 844115 733893 473203 723239 110718 297725 999999999 739029 376392 851368 159256 638303 693421 735561 714004 898629 752153 409088 187094 279705 274903 505977 24067 749235 147439 864165 464431 870272 215449 785083 198616 448553 522460 693781 778950 268368 594963 179442 109462 652833 587153 688551 373228 654824 837517 560305 761140 1014361 748052 305457 751600 874020 202730 265137 265134 246683 883992 280877 598505 250266 1120451 940503 907564 795377 1107960 733536 785918 677390 667531 464446 176057 820448 302570 246483 603026 512216 861297 883193 418500 211434 749148 875798 761169 787156 574393 412065 805705 981275 614299 666569
352528 204537 312925 561833 763392 740356 121242 456250 524154 71607 160824 798081 281262 270359 831031 564070 739029 999999999 644720 114010 726207 241609 196453 569297 690091 420264 812585 496966 660236 588785 464221 425529 761277 234140 605721 190283 274685 135045 592830 871945 583080 292270 466710 190083 765955 702652 371784 817085 722672 795775 319094 58450 372947 91948 600243 616550 58584 314947 666666 508354 620516 166147 605415 482671 579482 503776 168741 631717 352987 697107 425070 341900 304007 481750 399811 304195 395804 315694 195629 427955 753229 210495 548205 610260 694168 375898 148942 146882 476506 550995 132233 237811 730931 601892 670761 610542 492563 373119 132061 185980
702850 801780 807164 485811 294438 152618 761024 886778 449524 714103 679597 360320 381172 767349 379493 125180 376392 644720 999999999 734403 230932 440190 505758 385491 339576 618526 378995 603020 189623 535475 335056 654191 379878 536671 275553 822603 435811 775536 469464 417514 220236 401757 222684 701748 402561 124027 707708 291845 463451 286520 671017 586292 333189 553922 488465 190356 636632 828066 377991 180179 390100 809362 466673 390204 143347 272681 733134 97784 346443 573309 917793 705049 682041 478333 918537 487846 501287 751561 679968 221753 233915 809488 136775 141946 226688 629836 712676 785377 168661 411641 719818 676429 385438 432799 198118 49566 485862 742670 517021 673656
301266 91214 220060 675373 871974 816879 48008 365677 546237 58815 110178 848397 387191 334114 941594 663466 851368 114010 734403 999999999 832355 304726 244330 604284 736249 399236 861266 604767 765441 701325 576468 526597 873380 253223 716030 175256 387610 58391 706692 920442 690546 403290 540003 268040 806948 801793 462311 923460 836618 857312 413533 163325 482430 197699 616449 683335 98101 215795 705543 610295 655629 127099 719330 596449 681303 613457 78551 730494 416178 809842 322380 288922 256486 497478 293087 329271 407714 391267 281936 513431 858596 230737 647887 712490 757333 478405 71019 60488 565915 664955 190710 189364 772153 628741 737031 696538 506572 310917 238818 273894
872540 912952 951893 356721 63644 355618 847448 1052661 666038 797720 804661 580290 445443 768292 150147 191097 159256 726207 230932 832355 999999999 577561 639418 609636 570152 809362 598176 505248 68462 396476 287616 586897 156055 686583 145452 877297 463711 861154 325670 628544 144406 438100 414083 722580 630117 112393 664448 91131 263224 496618 643956 670424 355617 635783 712898 420773 736295 968921 608814 228050 618823 877687 316913 311834 162552 229788 851344 146307 513447 396088 1069284 872159 843052 687159 1062497 656199 692682 733566 697216 373534 30335 845278 202725 132750 454104 580072 829064 873086 319058 290687 764134 822084 615015 659085 427366 273471 696257 912151 594755 693941
305223 363315 375165 541807 628075 512477 339691 478352 303346 299377 239419 556479 188466 468881 708326 391488 638303 241609 440190 304726 577561 999999999 65573 334602 449110 287280 571059 545241 509154 584410 384400 517671 656610 110997 491409 431808 250569 354040 559400 630401 449159 236622 235587 384401 526157 524185 506637 666858 658031 556271 451615 191606 279630 173556 382561 379503 212138 393542 428339 349902 384826 403310 568215 430622 416112 392620 293529 454062 112642 681550 491778 302337 269391 272333 486414 115272 204649 490762 375152 219513 599582 446507 377556 447202 455201 469567 273711 361447 275883 500241 358749 244676 491210 373014 433489 398483 284618 343144 162103 365240
257429 298584 312479 579749 688445 575490 282371 422496 329050 245875 173875 607434 229392 445881 767306 455096 693421 196453 505758 244330 639418 65573 999999999 373038 497156 265583 621107 567014 570956 619494 432109 527481 712513 65641 547534 383515 278270 296405 600571 680480 508050 271721 299049 360830 571314 588851 504353 729254 706751 613152 448586 156193 326869 149425 406354 439259 157064 329861 471258 411384 424352 350521 610325 473450 478836 446795 228336 518453 172522 720361 430420 252617 216775 289506 423206 113062 208536 476009 355827 285005 662125 406469 440858 510089 513013 477752 208911 302728 341214 544183 323045 183441 536288 405622 492825 463887 300952 293122 154305 345595
423039 632075 567096 751198 672880 343105 647686 593182 83534 616476 506339 257654 453241 801977 759781 437993 735561 569297 385491 604284 609636 334602 373038 999999999 143798 300023 266669 809414 554757 801472 571681 811463 744838 351070 602229 756060 531928 660809 752636 323679 543070 503417 224594 718102 203851 509034 820991 677167 799874 299858 768516 524376 494645 508152 103293 203046 528053 593217 102265 443256 51490 720546 756041 632962 470512 539486 562197 463872 241544 874769 650618 430970 426654 134791 666469 275038 211600 818834 707345 301166 617129 778432 434472 490226 226827 768696 549993 664731 327446 687230 692387 458132 169722 52966 229573 338208 134511 457273 493945 697671
566798 770169 710520 778116 633403 245422 777725 735370 224990 743018 642830 114548 528694 904049 717174 428578 714004 690091 339576 736249 570152 449110 497156 143798 999999999 442526 125451 860270 527013 829373 602441 878905 718801 484667 597405 879660 606404 791335 772111 184293 537676 574146 269209 822583 82121 460120 902155 622697 793786 163462 852863 640540 545581 619814 208471 155434 654186 736531 55257 453181 102786 847657 772879 664613 458631 556957 699424 433136 341910 888212 794198 574768 570045 277991 810267 409597 354493 912845 808770 346820 570670 895248 430374 470119 122982 840745 685865 796306 349791 708073 806440 599187 51543 153838 144094 302080 276563 600774 599245 799652
132230 390436 285339 827708 867420 623766 447242 293163 217536 435654 289081 554056 475210 689695 952833 618721 898629 420264 618526 399236 809362 287280 265583 300023 442526 999999999 560655 829962 743940 871211 663765 793054 914167 202088 751827 573258 536772 456763 843376 614221 701231 523901 399475 606868 489268 730245 766709 891754 932585 599499 710965 402760 561409 407310 257964 473353 363225 312190 394107 594818 341167 526333 851428 714175 649090 660929 332430 668367 300216 966623 353496 142983 154976 165358 373484 173477 117586 729131 607085 437736 825512 619265 608469 677144 519208 743262 330148 455327 490454 782298 551718 213015 458852 295424 514365 569255 165964 160707 419036 596853
687707 895593 833551 851199 658765 243915 902373 851797 344433 866938 768280 19041 634987 1018665 736835 489138 752153 812585 378995 861266 598176 571059 621107 266669 125451 560655 999999999 947586 567310 902190 682262 975898 753040 610031 652743 1002574 710753 916066 840175 59394 595076 677244 373487 938635 78087 485829 1006513 634482 842374 107639 959268 761806 639016 739713 312357 231487 778163 859755 166843 525633 220215 971578 839066 743322 515402 629663 824873 476779 461571 949775 913865 696186 693176 398426 931501 535038 478254 1023659 923587 445871 592317 1015892 494631 519848 159131 940717 811296 921222 436608 778520 926341 724045 102513 265725 191293 354552 395609 720470 717040 914761
814277 695264 808100 155079 498846 753962 589825 948197 815250 548226 648729 928750 366481 358316 519655 477881 409088 496966 603020 604767 505248 545241 567014 809414 860270 829962 947586 999999999 472417 138318 269073 106778 432192 632576 364536 544995 295009 598161 193752 997591 398123 314539 595068 364613 940887 564656 203211 570635 329323 875681 218799 471117 316385 448813 890933 716899 544133 811659 869775 427998 847494 573398 206926 213178 462693 330414 665596 521874 582766 233789 921991 806662 767860 800666 896355 660432 747434 298301 341166 515652 534535 482723 467266 475529 789641 136992 645189 611694 512222 214561 440742 712093 911717 860279 757508 606417 813148 844392 422251 345496
804890 845379 883432 332337 123549 330711 781455 984634 607199 731819 736402 548832 379073 713559 209903 125318 187094 660236 189623 765441 68462 509154 570956 554757 527013 743940 567310 472417 999999999 377196 233947 546043 192300 618311 108980 814753 401454 795268 306861 602820 84588 374384 351610 664068 592042 96639 618269 158970 276041 470629 593834 604013 291969 569393 657643 373806 669034 900471 561924 159592 567648 813543 300674 267748 95182 171493 783361 93925 446682 395559 1000851 804356 774985 625767 994039 588898 627736 682323 639099 306945 93155 785178 135743 67169 416301 534517 761127 807053 253565 260791 702420 753645 574074 605394 387401 225327 635255 844439 528477 635306
875546 792527 890742 51266 379089 687963 693278 1024843 821368 648000 728742 883149 396042 489179 388779 414785 279705 588785 535475 701325 396476 584410 619494 801472 829373 871211 902190 138318 377196 999999999 229983 244011 301684 684337 269201 664461 342256 703212 70929 947350 316704 348659 578055 483737 906682 473497 339694 450721 191996 819434 347963 552793 316161 525061 892222 677753 628550 897693 847405 377554 833229 687385 79996 168538 392234 273169 753956 444185 596069 108700 1008337 869528 831809 815818 986588 697866 775943 432484 458577 500311 423839 607068 407940 396901 743146 265814 732271 716811 481651 124115 554575 782857 880689 854080 711098 549392 827938 909095 491530 461091
688062 663609 731864 179519 309821 485133 583346 853273 594264 533761 572825 663299 204157 480820 369112 209975 274903 464221 335056 576468 287616 384400 432109 571681 602441 663765 682262 269073 233947 229983 999999999 322222 297056 492712 148001 597280 189886 596104 184186 730686 149748 174092 348072 436176 681162 313665 386780 372871 274642 607166 360081 413743 105286 380167 663572 453632 486807 744024 618343 159026 603283 603107 190133 62253 198421 66025 610564 260229 374895 308586 851789 684099 648847 592212 837132 491362 560525 448376 410529 270540 317656 560406 198608 216689 523454 304250 587878 608907 253024 119972 482677 610612 653938 624374 491239 337393 604057 724800 339867 407728
761603 615119 738336 253290 587979 800684 506069 881661 806301 468395 583673 957472 358282 254482 616624 530247 505977 425529 654191 526597 586897 517671 527481 811463 878905 793054 975898 106778 546043 244011 322222 999999999 529616 591532 442228 448537 279874 512933 293257 1028958 465946 308254 609793 271411 960788 633163 96484 658950 432924 913185 119663 409829 337158 393495 884367 744594 477860 739140 881760 474348 853673 481080 307117 278358 520603 387938 593238 582423 574591 340200 848119 752824 713786 784951 819681 630333 722307 192460 250447 532412 616929 382958 517567 538291 821279 50577 574268 526215 540343 300752 350690 653461 929626 860027 789710 650038 797467 788519 374775 256509
960753 959977 1020729 277446 103230 511299 880216 1134443 793440 830704 864703 734964 493845 747298 87478 308018 24067 761277 379878 873380 156055 656610 712513 744838 718801 914167 753040 432192 192300 301684 297056 529616 999999999 767600 165203 887679 486815 892855 238453 784406 213018 470304 534315 717624 782119 267565 618849 164166 125010 652354 611208 710412 394113 676571 847217 566062 782675 1034650 754221 319801 759398 897194 225524 288807 275419 266268 905138 286125 613951 267018 1140342 958567 925985 807988 1128323 750272 800745 701434 691379 478553 169092 844261 313926 254677 605982 536179 882447 905735 431131 235500 772653 895220 765276 796062 577969 417541 818133 999303 635935 690366
195366 288193 270750 643991 738123 590884 297157 367524 295267 269378 159487 597844 291999 496487 818928 498665 749235 234140 536671 253223 686583 110997 65641 351070 484667 202088 610031 632576 618311 684337 492712 591532 767600 999999999 602397 410869 343645 310032 663965 668951 559896 336030 319888 412079 553993 628400 565027 775224 767072 613534 509249 205598 387480 206263 368782 447576 183676 291401 452480 459588 402405 371806 673427 536163 524492 503331 216608 559327 191310 784488 384430 191812 158393 249495 382298 76049 161945 531277 409737 321130 707853 443319 485270 555304 516243 541565 201607 313687 378305 606574 365689 139777 519282 376542 499470 491977 259784 232620 217054 399460
795684 800857 856631 223510 161821 425588 726133 969284 643082 676329 701877 633863 331900 625620 225580 168997 147439 605721 275553 716030 145452 491409 547534 602229 597405 751827 652743 364536 108980 269201 148001 442228 165203 602397 999999999 744881 334288 739276 199537 692954 59965 313469 383026 583825 668611 204519 518996 226085 198179 562052 499123 552707 233727 518384 702400 441974 623159 871063 625568 162050 623085 749422 194519 166395 138957 103073 743892 179453 451950 297757 976065 793419 760782 653019 964842 586131 639891 589021 558058 320150 175749 708361 169106 133610 496358 434621 721247 751798 277964 151865 630449 730460 646947 654708 465457 299336 663713 834167 477351 555470
475797 223845 376390 650607 906448 926295 127837 516985 705867 141664 284569 988198 445377 206771 965028 731421 864165 190283 822603 175256 877297 431808 383515 756060 879660 573258 1002574 544995 814753 664461 597280 448537 887679 410869 744881 999999999 413601 121410 687256 1061954 732949 440660 655093 181009 954723 868495 363915 966362 827353 985674 328948 244468 522852 272636 779536 805913 228369 364371 854771 672516 807486 52225 701134 599175 742502 648173 250357 799012 543250 771490 456387 463309 431629 660162 419038 485213 571486 273318 205887 611382 905989 73590 715379 771999 883973 408358 246151 127816 656495 659751 115030 364616 919691 785959 860107 791727 670154 482922 306409 203665
533361 475924 555300 305178 494686 565289 393462 685032 527284 343898 393635 692965 78845 331558 558333 328074 464431 274685 435811 387610 463711 250569 278270 531928 606404 536772 710753 295009 401454 342256 189886 279874 486815 343645 334288 413601 999999999 406228 330223 766391 319349 34833 338218 268556 688523 460754 296042 553027 451615 659918 248820 226122 110557 193724 604936 482729 300894 564922 605214 267113 574977 415408 341447 210747 334146 235062 426390 393900 294952 445594 674589 527274 489576 508509 656640 365840 452497 320107 245461 265468 492398 385041 312309 362156 562332 236919 403866 419022 288119 281015 300979 442001 656206 580197 532222 416601 521035 566858 155292 239940
354944 109616 258334 681081 897733 864053 14556 401744 603948 63449 168039 902873 416306 300342 964199 698372 870272 135045 775536 58391 861154 354040 296405 660809 791335 456763 916066 598161 795268 703212 596104 512933 892855 310032 739276 121410 406228 999999999 714382 975338 717850 425945 587735 244862 862956 836980 440816 951984 848383 909264 395921 192226 507279 226537 674589 733538 142178 248972 761721 643141 712227 70650 727513 610461 714285 637825 129186 765911 466442 811891 348441 342379 311586 555522 314522 386029 465811 361883 263033 556204 888244 184203 682564 745133 808704 466822 126900 13607 606900 676984 164384 245521 828084 686179 787491 739489 564712 361512 267036 256479
857990 797343 885308 40102 310098 621523 703439 1014828 778028 656238 723400 821147 372071 525106 325925 351216 215449 592830 469464 706692 325670 559400 600571 752636 772111 843376 840175 193752 306861 70929 184186 293257 238453 663965 199537 687256 330223 714382 999999999 883876 249510 329511 528110 508900 847978 403335 385478 381942 142959 754830 384951 551408 282134 521185 846368 618800 627326 894294 792932 318931 781764 705426 14268 129206 326858 215659 753406 376476 558601 124481 1004333 852893 816126 776385 985202 670084 742939 473296 482943 452412 353220 634868 345648 329386 681518 305565 731180 727872 428109 65409 574307 771494 823118 805530 649679 486067 788239 893123 484651 484021
742555 954037 889633 896633 687375 273237 961665 903856 399508 926320 826957 74652 691276 1076615 762340 532805 785083 871945 417514 920442 628544 630401 680480 323679 184293 614221 59394 997591 602820 947350 730686 1028958 784406 668951 692954 1061954 766391 975338 883876 999999999 636519 732617 430228 996941 125289 516962 1061748 657691 878818 132301 1015130 821059 691810 798793 361850 284701 837539 915960 222409 572750 275785 1030961 882098 791104 557469 676059 883456 514793 520726 990673 967711 751330 749430 453695 986308 593795 535174 1080662 981625 501044 620181 1075035 539444 559406 208161 994737 870076 980439 488745 823332 985384 781673 155731 318802 240174 398003 450232 774562 775783 972869
751072 772736 819584 268158 182268 372027 704262 927420 585561 654466 668232 576137 303385 628972 259294 109131 198616 583080 220236 690546 144406 449159 508050 543070 537676 701231 595076 398123 84588 316704 149748 465946 213018 559896 59965 732949 319349 717850 249510 636519 999999999 293805 325400 580036 609376 167478 535465 234440 258028 506386 509825 527927 211376 493302 643671 382268 595395 835268 565604 106892 563326 733379 246447 188115 79868 86981 712908 127539 401031 354700 938288 749470 718058 597163 929096 538538 587748 598030 554948 265853 173109 701791 109250 80218 437934 452136 690430 729930 220696 194068 619960 691491 587361 595430 406784 240867 607628 790045 452173 551304
528891 489727 560497 308040 472016 530486 412718 686311 502372 362898 400142 659364 51990 365829 538774 295896 448553 292270 401757 403290 438100 236622 271721 503417 574146 523901 677244 314539 374384 348659 174092 308254 470304 336030 313469 440660 34833 425945 329511 732617 293805 999999999 305400 301171 656260 430077 329272 528190 443628 625401 282967 240140 82504 206278 579248 448656 312730 571628 574328 235255 545429 439588 339761 204582 303481 211944 436611 362326 269520 448641 680290 523557 486642 486194 664309 351257 434526 354936 278621 231575 466256 415352 280017 332190 528092 267236 413936 438393 253300 275699 329558 442863 624227 552479 497853 381943 498686 563693 165803 272730
480181 597460 588357 527481 474593 276912 573254 664128 260167 530425 470947 356098 261627 647855 561427 227484 522460 466710 222684 540003 414083 235587 299049 224594 269209 399475 373487 595068 351610 578055 348072 609793 534315 319888 383026 655093 338218 587735 528110 430228 325400 305400 999999999 569966 351228 330771 634260 493478 578935 334334 586141 410685 278789 383313 321049 152738 445584 610275 274710 221572 255411 632321 531448 409815 259702 315073 526700 270146 128914 650187 696739 482489 460240 274361 699201 265977 281899 650435 553340 79488 428040 657517 220421 284530 232869 571587 507811 595798 105107 462713 566480 458692 319833 277537 206380 175082 284141 519991 354429 544911
542347 351359 487398 471487 745389 823321 239792 633037 686004 209490 347857 922297 322725 85087 797946 596625 693781 190083 701748 268040 722580 384401 360830 718102 822583 606868 938635 364613 664068 483737 436176 271411 717624 412079 583825 181009 268556 244862 508900 996941 580036 301171 569966 999999999 902668 728555 196017 809007 650287 903660 152378 206543 378195 212802 764629 722258 248660 483824 808344 535665 767552 209781 522933 429205 602126 493260 342320 662353 481781 590535 589231 531530 493899 649655 557560 473864 569074 126087 26268 510321 752225 126834 580842 629429 802656 228629 326924 257723 545147 485576 80524 427148 868227 757414 775063 678543 661323 561597 224462 28807
618217 835907 766352 855422 692479 286270 849613 778568 275895 816655 710109 80709 610780 984586 773959 500805 778950 765955 402561 806948 630117 526157 571314 203851 82121 489268 78087 940887 592042 906682 681162 960788 782119 553993 668611 954723 688523 862956 847978 125289 609376 656260 351228 902668 999999999 518284 984252 675299 863089 167663 934870 717759 626870 698143 236783 229181 727879 792813 101661 529435 153770 921139 848181 743184 529689 633676 766039 498902 421151 962253 842756 627213 626486 330106 861836 478116 413712 994308 889306 428514 627719 972664 503892 538593 176163 922803 753691 867298 429359 784516 884511 661213 35033 194002 204707 369989 326064 649763 678824 880098
805376 876406 898377 427971 174196 243769 822752 988310 570973 773934 760241 467912 424085 784425 257060 138608 268368 702652 124027 801793 112393 524185 588851 509034 460120 730245 485829 564656 96639 473497 313665 633163 267565 628400 204519 868495 460754 836980 403335 516962 167478 430077 330771 728555 518284 999999999 700416 168161 366482 384827 671870 644800 350448 610719 612152 313962 703890 917516 500727 195986 514082 862199 397290 355591 126632 247901 810780 71320 444229 490879 1012736 806381 780361 597034 1009905 588219 612667 758369 704576 307379 110635 845394 154448 99610 342519 617825 789236 847976 250201 355548 759236 767279 503990 556736 316567 170962 605195 845289 570957 699785
720246 547188 679902 345378 670947 848639 435782 825107 805977 403498 532599 988613 373483 162213 705141 587037 594963 371784 707708 462311 664448 506637 504353 820991 902155 766709 1006513 203211 618269 339694 386780 96484 618849 565027 518996 363915 296042 440816 385478 1061748 535465 329272 634260 196017 984252 700416 999999999 740838 526794 952252 55790 368381 377857 359536 885144 777448 428183 677838 899157 528056 866293 401085 399568 352632 581767 452538 534129 644384 579836 436663 784421 710425 671728 778742 753335 613575 708369 97359 180392 560745 694742 294898 573089 602696 856398 84460 517069 453592 577832 385810 276433 607770 951672 866820 825716 697600 791096 743612 350456 188718
959298 1004060 1041643 417225 71913 391155 938317 1140343 738690 888564 895342 617657 536481 851681 107695 277201 179442 817085 291845 923460 91131 666858 729254 677167 622697 891754 634482 570635 158970 450721 372871 658950 164166 775224 226085 966362 553027 951984 381942 657691 234440 528190 493478 809007 675299 168161 740838 999999999 288419 528724 723897 761438 445804 726796 780246 480681 827426 1058977 665749 318235 681309 967702 371040 390238 250793 318194 942301 223458 598844 429707 1158625 959299 930938 763428 1152449 742375 774490 814120 783396 459111 67388 932703 290054 219929 502040 656419 920048 963967 403347 358484 852745 911519 664117 724628 478610 339118 771909 999038 685745 780508
962435 926262 1004105 182520 222778 606663 836835 1127621 838182 788618 843621 823745 478381 668063 206196 366545 109462 722672 463451 836618 263224 658031 706751 799874 793786 932585 842374 329323 276041 191996 274642 432924 125010 767072 198179 827353 451615 848383 142959 878818 258028 443628 578935 650287 863089 366482 526794 288419 999999999 746660 527855 677306 379899 645320 899403 638455 752457 1015140 823292 357408 821260 843390 128693 240884 335495 272552 877994 365711 636320 142079 1123916 958624 923481 845083 1107544 762076 824710 615911 624194 511860 283217 776653 367262 324497 688826 448057 855451 861732 473923 171690 713560 884642 842714 852479 658752 493124 856174 999351 606640 624838
719117 901713 857214 769059 555956 141059 895083 892582 383261 855647 772939 93209 588212 980201 632220 404718 652833 795775 286520 857312 496618 556271 613152 299858 163462 599499 107639 875681 470629 819434 607166 913185 652354 613534 562052 985674 659918 909264 754830 132301 506386 625401 334334 903660 167663 384827 952252 528724 746660 999999999 908145 741530 576987 715869 371895 181605 768075 882503 218305 448254 265180 959431 752566 666463 427982 550113 830083 383294 443667 859797 947380 726105 717416 434151 960723 542212 502518 978549 886316 396091 488964 991275 412432 428444 101844 881639 814242 915860 374557 695319 900387 739004 174454 316983 128687 270792 434364 754787 688437 878136
665734 500257 629324 345374 655506 808609 389837 774084 751814 354811 479686 941575 324571 141238 695990 552921 587153 319094 671017 413533 643956 451615 448586 768516 852863 710965 959268 218799 593834 347963 360081 119663 611208 509249 499123 328948 248820 395921 384951 1015130 509825 282967 586141 152378 934870 671870 55790 723897 527855 908145 999999999 313343 338418 303862 831055 731540 374703 628268 848318 492821 814396 361683 399218 333660 550222 424651 483539 612825 527072 450839 735906 656061 617275 723864 705929 557979 652877 90546 132931 514286 674281 264358 538397 572978 811057 82481 465814 409025 534652 375819 232385 553848 901952 813746 780793 658038 736189 689700 294761 140053
352987 249988 338728 522429 708996 683151 178086 477128 484772 129153 177796 746860 224994 291185 778270 506194 688551 58450 586292 163325 670424 191606 156193 524376 640540 402760 761806 471117 604013 552793 413743 409829 710412 205598 552707 244468 226122 192226 551408 821059 527927 240140 410685 206543 717759 644800 368381 761438 677306 741530 313343 999999999 319142 34643 562430 561488 75987 344910 619662 450970 575145 223919 563485 436477 522118 450175 202028 573777 300574 660159 455582 343713 304747 445665 434297 268582 363211 326512 204581 369954 697111 254908 490368 553019 639760 359315 179925 203490 418134 506081 168090 243654 682807 559782 615672 552316 457048 378778 75756 194319
582813 567179 628630 269248 390476 470862 493868 748383 507294 444028 470972 620515 100234 437198 459297 219691 373228 372947 333189 482430 355617 279630 326869 494645 545581 561409 639016 316385 291969 316161 105286 337158 394113 387480 233727 522852 110557 507279 282134 691810 211376 82504 278789 378195 626870 350448 377857 445804 379899 576987 338418 319142 999999999 284738 580301 407584 389508 641569 553484 158524 531457 522073 290019 152976 223940 131033 511086 284395 279920 405964 748520 578816 543582 499810 735021 388316 461354 418448 354466 199499 383752 495598 204242 251645 484146 304720 488402 519553 203222 221103 411075 506070 596836 546225 452640 319942 511980 619514 243663 349453
368338 283461 365702 493166 674430 653684 212477 501333 473321 163281 203684 724355 190358 297838 743962 472130 654824 91948 553922 197699 635783 173556 149425 508152 619814 407310 739713 448813 569393 525061 380167 393495 676571 206263 518384 272636 193724 226537 521185 798793 493302 206278 383313 212802 698143 610719 359536 726796 645320 715869 303862 34643 284738 999999999 551852 535086 107181 373398 601317 416605 558357 255479 533022 404437 487748 415761 232796 539770 278222 631779 483790 359867 320845 437022 464023 262283 357896 326624 206542 339230 662484 276385 456272 518602 614026 342942 210354 237947 386174 474449 186682 263293 663319 545795 589163 520831 448766 396522 41155 196337
389677 629459 541562 842633 776111 436789 662594 542837 79332 637921 510892 309090 527676 849604 863040 539795 837517 600243 488465 616449 712898 382561 406354 103293 208471 257964 312357 890933 657643 892222 663572 884367 847217 368782 702400 779536 604936 674589 846368 361850 643671 579248 321049 764629 236783 612152 885144 780246 899403 371895 831055 562430 580301 551852 999999999 303606 552305 568372 153691 542081 110159 739185 850506 723867 572382 635547 563393 567059 310018 969538 609747 399775 404842 119395 631260 296065 208799 873323 756924 394045 720401 810639 535660 592772 315627 839345 554926 676474 425646 781031 729216 449596 210127 58574 323948 441413 109878 418325 544609 746893
578571 733721 704991 626509 484393 150737 719195 759718 277068 678183 605225 212935 409019 799341 569807 273197 560305 616550 190356 683335 420773 379503 439259 203046 155434 473353 231487 716899 373806 677753 453632 744594 566062 447576 441974 805913 482729 733538 618800 284701 382268 448656 152738 722258 229181 313962 777448 480681 638455 181605 731540 561488 407584 535086 303606 999999999 591600 728966 188333 300323 200792 781252 619073 515353 303204 404636 662121 279938 267223 733605 804539 583568 568628 316129 812844 381457 362561 799452 705184 217332 424222 810001 275348 315264 80477 710040 644857 740806 205190 555369 719032 580354 205274 246191 54211 148538 320957 616827 507014 696907
