NAME : synthetic_000305
TYPE : CTSP-D
DIMENSION : 100
GROUPS : 8
RELAXATION_LEVEL : 1
EDGE_WEIGHT_TYPE : EXPLICIT
EDGE_WEIGHT_FORMAT : FULL_MATRIX
EDGE_WEIGHT_SECTION
999999999 1243850 1200786 604381 1000150 843243 647577 1114861 45696 1242494 1057058 1037450 746189 1028639 586947 557285 639293 855918 795097 746214 1123084 1131680 1081468 938622 902529 918377 798799 832090 742647 427165 1045884 97226 1076702 465714 769568 865898 1079478 543670 1026963 1081035 825237 1143547 542144 957531 992585 508843 480974 1155723 1072616 284941 651299 1106015 1213648 902723 928471 715899 677705 410725 227078 963677 1175842 880471 939553 1058129 863132 1312741 660799 388853 1066646 684897 642223 695920 719762 857395 786461 824190 65387 823329 889128 547965 595198 900607 925824 736817 273631 1266874 1059170 881334 654934 648770 897255 169386 1203397 897235 1326659 958340 847495 144153 556543 715736
1243850 999999999 254842 922721 404924 562034 634989 131554 1201292 21473 313761 336843 668415 380984 747169 691674 608649 936253 807083 547210 347579 163198 336170 743038 735168 611355 484259 863308 866615 857443 250515 1158895 174450 855583 608223 896686 165116 788974 362417 163065 622925 246984 729037 490172 575974 772708 810368 88981 287292 981233 798626 146646 37116 581213 490615 572245 604934 1011063 1059782 346346 78987 480167 689812 215597 479549 122841 884088 969987 186598 560947 635667 636671 650202 488880 553228 551318 1180033 737611 610221 856939 807280 432166 428330 522088 996248 116431 253163 372613 748346 799200 682695 1119325 50434 945569 97797 386411 585711 1171710 877997 620514
1200786 254842 999999999 770887 575039 401347 678751 276722 1162623 233836 497736 166510 517294 190274 639456 649210 614142 729665 937045 455512 113072 141462 131537 525040 891360 768931 402224 662950 984524 870963 410209 1107749 222619 887368 711503 688785 277234 836326 538916 270872 750746 60365 749592 652561 754035 695907 728692 234465 128341 970724 887412 301035 227379 389844 312664 631773 653934 898363 1050803 238048 206431 607078 855079 367258 596825 193999 721941 998002 319210 565861 675491 711880 740649 605717 427900 404703 1135401 873053 758611 731430 677091 303467 282694 560549 986394 156340 154548 343791 611244 652643 478526 1103991 217620 731782 243550 245043 415530 1104068 745564 502356
604381 922721 770887 999999999 891072 370867 618465 823638 587343 911600 894751 611671 256694 580818 218449 393502 523040 255702 951810 391697 665062 767293 639444 352705 1003679 941618 451727 228296 943265 579433 833882 512266 753120 639947 776130 261830 788865 665754 892692 786760 853618 728335 566691 901985 990701 283751 262056 839655 660699 549775 805606 828479 885926 388996 458223 652891 629176 194542 598924 577329 843786 804259 1009699 820253 780456 939633 61038 681076 800414 530013 608110 704639 752074 781299 369927 374180 550603 932538 911750 113821 132799 491834 500813 605675 559859 891910 676351 575086 176780 123574 335673 613516 872848 297552 973939 543249 355402 464304 83628 308131
1000150 404924 575039 891072 999999999 630855 354603 305552 954589 419325 92271 530790 688136 570858 674506 529711 398531 1010672 407179 517265 606112 433665 566123 869988 330325 206440 472376 933875 471433 574775 166075 933500 353493 548453 246925 978938 298110 470530 43135 304420 232253 528739 459459 85408 179082 643786 680832 358170 508655 715936 430140 281140 400252 693003 612730 288242 325997 898766 784354 465488 391633 120055 286452 208976 137252 525313 877229 655170 256273 372254 361232 308228 297882 142755 571509 602584 943447 336785 207126 790378 758349 515713 536232 297269 728373 503697 455034 368114 724101 779966 792349 847223 400223 1035378 501054 514541 661434 969670 819497 602075
843243 562034 401347 370867 630855 999999999 498714 478605 810514 548883 603999 240851 115987 211120 257307 346528 395891 390856 840091 153780 299836 401825 269856 241794 847716 750555 166274 314114 860368 604361 525346 746579 401238 644159 616220 355105 447336 624513 617772 443847 685612 357473 515260 671331 775699 339166 362844 484328 290244 661029 730617 488737 524919 79514 90926 492131 490019 502247 736308 217373 483381 582700 834031 500154 561055 569578 325556 735415 468812 366561 490301 571625 617016 565932 81237 33012 778919 795882 726499 333349 278418 133618 133753 417132 676079 522126 310277 264689 211613 251313 162870 778670 511618 409985 605731 176014 30585 729625 345252 131296
647577 634989 678751 618465 354603 498714 999999999 503751 602246 639118 409945 550513 494025 568418 406203 224964 106267 802722 348830 345307 647102 565808 598849 726158 385647 330012 345698 732733 362150 228751 408305 578943 491119 220596 160472 781095 472728 158474 379551 476161 237230 618806 105443 324654 389848 338548 369129 553432 561523 365562 232660 488935 611430 577763 534619 68621 31030 576145 438545 462170 580650 236862 391997 428502 217465 728442 624160 335008 448663 133444 10358 86221 134085 212732 418077 465781 589627 317587 299006 506160 491997 450233 480847 118880 378980 688945 524382 338862 483900 532640 649269 500854 603967 836768 728122 488382 524625 615978 537000 402267
1114861 131554 276722 823638 305552 478605 503751 999999999 1071953 135710 222609 286117 575494 332270 635831 565901 478002 865818 693691 437357 332970 137869 304397 685682 632182 507913 374733 790258 749640 725898 139873 1031124 80885 724337 484962 827939 36574 658456 266494 37236 507056 240055 597489 387700 483892 652567 690803 54827 245921 850253 673819 24668 108952 512879 421244 441682 473842 897127 928609 263167 87792 361819 591124 97948 358118 232894 790156 838754 57546 430723 504284 508327 524564 367493 454993 462064 1051393 625686 502386 749162 702098 344998 349296 390535 865208 202711 195796 255352 647131 700442 617501 988371 103670 880124 225001 311239 505574 1046348 772255 516431
45696 1201292 1162623 587343 954589 810514 602246 1071953 999999999 1200233 1011867 1000091 716263 992497 555586 516887 595606 841191 751889 709044 1086847 1091047 1044626 914887 858432 873044 760414 813656 700548 381469 1001459 75542 1034936 420300 723888 849159 1036711 498133 981547 1038362 779751 1104985 496834 911834 947151 473778 447674 1113350 1034337 239250 606987 1062785 1171396 871974 894545 670623 632443 396046 182564 925084 1133877 834876 894960 1014167 817604 1271659 642061 345542 1023299 641602 596980 650229 674112 811834 751537 790441 36936 779043 843726 523942 569137 863679 889425 692468 227951 1226031 1019695 840386 626931 624036 870714 127051 1161273 882790 1284813 921122 815949 141895 534661 681827
1242494 21473 233836 911600 419325 548883 639118 135710 1200233 999999999 328857 320715 656550 364276 739117 688728 609267 920521 819470 539262 328069 147967 318123 726030 749643 625589 476475 848005 878111 859953 261907 1156709 168480 859647 617526 880787 166859 794142 377149 164039 634519 227732 731639 504334 591933 767297 804703 87173 270692 982074 807420 153492 28849 565863 475735 577375 609342 1003403 1060944 334452 69395 490880 704961 225115 489337 106201 872022 974064 192477 561158 639454 643600 658560 498697 542701 539156 1178434 750286 623623 847821 797624 420223 415135 524928 997184 95621 239000 367520 737922 788185 666696 1120078 40125 929212 89309 372948 571978 1168157 868369 610993
1057058 313761 497736 894751 92271 603999 409945 222609 1011867 328857 999999999 472967 674695 515869 683079 556777 433580 991832 499172 508502 539949 356670 503466 837108 421601 298217 456149 914670 562681 636868 90674 985285 280941 616961 326324 957856 221642 541004 49162 228030 321479 455722 515161 177574 263890 665829 704058 272741 444578 775456 514559 197944 311066 658910 573407 341382 379497 922059 847303 418065 305891 193002 376130 131929 202777 435038 874790 727095 180068 398945 414913 377928 375423 210688 553742 578531 998114 428853 299374 800443 763362 479688 496118 329978 788728 415588 390638 339911 722224 778351 761531 909927 311993 1013441 409308 468794 634201 1016018 828225 594592
1037450 336843 166510 611671 530790 240851 550513 286117 1000091 320715 472967 999999999 355675 46252 472969 490848 472595 599851 844312 291240 96773 173838 48669 407029 817556 701486 241851 527776 883144 724467 382873 943650 206089 747152 612434 560073 265525 703748 503331 260013 664329 117030 608697 595878 702740 530773 562928 272450 50854 815470 772907 304195 300457 245882 158010 513830 529455 732623 895129 88353 261899 529894 789247 345174 514437 329469 565817 854305 300870 426670 545610 597389 632819 522268 261455 240417 972078 785994 685288 566502 512539 137497 116298 437132 831139 282514 90534 213575 447398 491159 345983 946335 287276 608728 368071 79219 259152 938329 581734 335897
746189 668415 517294 256694 688136 115987 494025 575494 716263 656550 674695 355675 999999999 327099 162339 301571 387762 324060 842725 171715 415280 511223 385829 239368 866542 781163 218547 248416 853323 554948 603576 648988 501691 602730 631615 295475 542049 597088 681407 539315 705933 472613 486320 716599 816208 258549 273585 587225 404262 589496 718009 582754 631439 157358 206208 503443 492517 388879 660347 322142 589432 622334 860050 583902 599234 682977 215757 681871 558264 371695 484431 575159 622866 602520 122699 117683 683090 806684 754391 219617 164671 236332 244133 436595 603758 635227 420027 338523 97697 135540 170554 696909 618257 352326 717383 286596 107244 625924 229768 93059
1028639 380984 190274 580818 570858 211120 568418 332270 992497 364276 515869 46252 327099 999999999 455035 490194 484676 557296 872571 284817 94475 218556 58744 362126 850620 736451 242996 486245 908742 731597 426221 933762 252075 757833 640225 517218 311139 718523 544774 305713 695195 150264 619859 633506 740708 520039 550296 318417 93693 815900 794679 350122 344913 205691 122789 536292 549175 710335 894950 112745 307030 563980 824125 389354 547480 366237 532691 862557 345770 440680 562829 620317 657745 554983 244471 216133 963399 816024 719101 542493 487887 131267 103338 458423 831514 320346 136784 237908 421654 462384 303176 944257 331824 565002 407384 80632 225699 924834 555829 318322
586947 747169 639456 218449 674506 257307 406203 635831 555586 739117 683079 472969 162339 455035 999999999 184020 306858 405557 748190 199959 548558 603388 511708 386981 791670 724725 262935 342807 747196 412918 628119 489997 573080 466808 561054 390332 599715 475821 678045 598602 638428 587549 368909 683591 772527 101580 111369 660046 515882 431069 609095 637012 711633 316438 345214 436046 414261 264648 499749 415475 669791 585849 794870 619072 562049 784251 217973 533839 605108 311622 395876 492261 540283 562854 211590 241477 523112 723219 695193 117455 86807 337343 356783 387226 444862 736176 517316 380791 91001 128730 327514 534856 699177 442991 811059 395277 260559 472623 145348 137138
557285 691674 649210 393502 529711 346528 224964 565901 516887 688728 556777 490848 301571 490194 184020 999999999 134977 587757 564172 208253 582601 574395 537558 540939 610331 550793 249019 521797 564225 258186 520491 468718 521334 301932 383418 569955 529662 297501 541612 530482 460838 590520 187796 524100 604440 116834 151928 602833 521006 325719 426399 560158 659923 423432 412465 263802 236886 369115 404822 411182 620972 427361 616534 522968 404110 755674 400960 388904 522572 158395 214610 311141 358667 403087 269686 317411 492369 540286 520399 281386 268223 358930 387605 232451 341324 709638 503363 324309 268216 312459 470147 455521 649118 624043 771120 413562 364512 480453 312214 221720
639293 608649 614142 523040 398531 395891 106267 478002 595606 609267 433580 472595 387762 484676 306858 134977 999999999 698096 455022 242111 569143 515324 521255 620399 486665 418595 250336 627383 467392 257801 409130 559755 448987 274688 254314 675711 443536 235362 413727 445694 331610 553788 136213 389296 470060 251773 286623 522097 490745 372819 335098 467720 580617 475301 438137 130016 108078 502451 451905 385130 545294 292918 488085 419054 269880 688919 524291 383902 427990 49182 96766 189046 237261 268510 314786 363168 576998 421693 388723 413029 393537 359982 390817 103632 387966 645912 460401 270587 380510 430852 543879 510814 571376 731596 696114 404051 420877 584600 443672 296056
855918 936253 729665 255702 1010672 390856 802722 865818 841191 920521 991832 599851 324060 557296 405557 587757 698096 999999999 1149772 495718 616595 773059 609034 208204 1183575 1103156 538538 77163 1151976 811188 915494 765799 786495 868313 949046 41021 836058 881301 1001917 832204 1024811 704253 774286 1040657 1139982 499145 489715 865636 650211 798911 1014067 877538 899551 355364 446846 820820 805694 445474 852214 602651 859755 946256 1180245 890996 923077 919374 209310 922868 859228 689337 792630 887116 935351 926201 439515 413813 804316 1119764 1075709 347585 330374 522989 516522 757892 809956 875306 684129 652062 319912 277459 254121 868857 886271 41853 963365 555411 361972 713567 324661 414935
795097 807083 937045 951810 407179 840091 348830 693691 751889 819470 499172 844312 842725 872571 748190 564172 455022 1149772 999999999 688982 935997 802298 889363 1072897 120101 209792 678790 1080832 72539 414161 557750 763049 719008 354618 232372 1129211 675874 297392 450242 681483 187290 881951 385435 323064 275879 668091 691748 748476 840588 534505 155985 671106 797502 917733 863867 348396 351574 873455 570226 760084 781408 332902 171620 596701 340646 923805 964518 406351 637708 475012 358589 269009 223085 331600 761060 807113 756286 70518 200787 838002 831670 771292 800260 425534 539514 896399 792860 634918 830027 876456 995179 625720 795259 1184572 904492 797485 867531 823896 868461 750633
746214 547210 455512 391697 517265 153780 345307 437357 709044 539262 508502 291240 171715 284817 199959 208253 242111 495718 688982 999999999 378631 405426 335630 384857 702889 612470 63021 419760 707294 460540 443023 652502 373163 495934 469041 466316 401578 472078 512201 400136 541109 399723 363863 544977 645211 240627 274562 460177 328052 533133 576907 439885 511708 233205 205737 342604 337799 464161 611509 221645 469908 451161 693168 428557 428234 587453 366884 592411 409919 214133 336755 420022 466242 431813 72787 121093 680846 647365 586551 311806 265569 154704 181496 270691 548655 539589 322107 184175 215742 271452 306517 659748 499287 523166 612317 212135 179335 649247 335224 86092
1123084 347579 113072 665062 606112 299836 647102 332970 1086847 328069 539949 96773 415280 94475 548558 582601 569143 616595 935997 378631 999999999 199118 48254 412290 904311 785906 334088 550054 976692 820024 449348 1028235 260330 843585 704885 575719 321323 800521 575050 315139 753975 100789 705167 676189 781860 614513 644703 304344 98029 908076 868415 354794 314929 279633 209089 609344 625742 801584 987405 185061 283981 616276 873531 408515 602215 304986 614227 950234 361174 523393 642280 692612 727052 610397 338646 308247 1057833 876199 771407 633020 578157 224239 197448 533133 923720 263805 151113 309364 511438 549431 365727 1037416 303047 618967 352329 169295 310396 1019057 644972 412203
1131680 163198 141462 767293 433665 401825 565808 137869 1091047 147967 356670 173838 511223 218556 603388 574395 515324 773059 802298 405426 199118 999999999 178007 580631 752147 629102 344134 700226 852607 772625 268759 1042352 83379 781735 580885 733492 135773 724259 397466 129410 615227 102555 646796 511819 612707 641155 677277 105326 125063 884049 762363 161498 126639 418095 327780 512484 538665 867968 964052 190632 88736 470323 714771 225831 461680 182751 726108 894864 177750 466142 563945 588937 613683 470780 400683 393558 1066741 736933 619836 708426 656900 275526 268248 447052 899547 135624 91549 250965 595429 644268 519522 1020582 113440 782509 208137 225827 424358 1047661 727544 471379
1081468 336170 131537 639444 566123 269856 598849 304397 1044626 318123 503466 48669 385829 58744 511708 537558 521255 609034 889363 335630 48254 178007 999999999 409494 859668 742194 288608 539515 929354 772841 412824 987150 227657 795794 657916 568568 288690 752343 536571 282741 708106 95231 657345 634142 740407 573656 604873 282296 59276 862640 820401 324734 301329 261401 181264 561315 577523 768384 942164 136838 266281 571653 829916 373183 557021 311106 590961 902810 326896 475330 594030 644675 679444 565068 300407 274206 1016138 830138 726979 600824 546301 180949 156246 484971 878300 266328 112914 261223 480193 521127 355359 992846 288662 614651 354339 124125 284183 979985 614427 374677
938622 743038 525040 352705 869988 241794 726158 685682 914887 726030 837108 407029 239368 362126 386981 540939 620399 208204 1072897 384857 412290 580631 409494 999999999 1086862 991895 407668 154428 1087755 793024 754100 842601 604921 841852 853687 167332 659226 835939 854553 654663 924815 504011 725109 912817 1017440 488276 495200 678529 455800 817499 953996 700268 707038 178199 266466 727452 721324 540465 883847 426487 668918 824489 1074797 724370 802798 716877 291667 918288 687390 598004 716988 803937 850647 807600 314511 272995 879434 1032221 967428 390985 347575 357420 342775 654847 830995 674153 495410 501981 298964 291119 79129 914051 693948 206764 762671 376130 211630 805195 382749 325662
902529 735168 891360 1003679 330325 847716 385647 632182 858432 749643 421601 817556 866542 850620 791670 610331 486665 1183575 120101 702889 904311 752147 859668 1086862 999999999 124362 682066 1111454 191399 502747 492598 863985 669208 447905 234952 1159565 619684 380027 372763 625718 162115 839807 448192 245461 171114 721830 749821 686034 806761 632851 251727 608316 730234 922309 858926 363257 378594 945186 675903 738231 719490 288049 54795 534274 303219 855584 1009640 514416 579129 495105 395999 299461 251671 295636 772351 815300 860184 80467 133137 890852 877625 762632 789642 432218 639544 832886 755913 617828 867146 917284 1007951 733696 729732 1215940 830895 780522 876771 921000 921673 773483
918377 611355 768931 941618 206440 750555 330012 507913 873044 625589 298217 701486 781163 736451 724725 550793 418595 1103156 209792 612470 785906 629102 742194 991895 124362 999999999 584322 1028965 279663 497779 368265 867776 546450 452805 169823 1076473 495945 375947 249176 502025 96667 718352 414654 121257 76235 666653 698530 561700 688007 637334 281472 484001 605966 822338 753618 288762 314034 905689 692286 624940 595162 173012 87762 410038 191844 731443 940952 540567 455170 416165 339981 248554 208860 185787 678786 718924 869514 140517 31327 831360 811528 656116 681724 345283 646643 708526 636328 508428 793017 845780 912767 753473 605393 1133265 707437 669285 780393 917310 862075 688762
798799 484259 402224 451727 472376 166274 345698 374733 760414 476475 456149 241851 218547 242996 262935 249019 250336 538538 678790 63021 334088 344134 288608 407668 682066 584322 999999999 461617 703351 489391 386415 706394 310154 518459 451962 506566 339112 485567 463647 337538 520044 344754 381931 507501 610796 298163 333552 397158 273924 574080 578115 377800 448837 240438 188934 330476 332771 526938 653558 164950 407099 417226 667779 369494 395290 526610 423779 620800 348743 212409 338364 412268 456046 399970 99134 134685 733429 632049 560231 374563 327532 112682 142998 253583 589734 478932 263059 123461 275045 329990 328563 704484 436465 563043 550313 164812 196083 706445 397546 143691
832090 863308 662950 228296 933875 314114 732733 790258 813656 848005 914670 527776 248416 486245 342807 521797 627383 77163 1080832 419760 550054 700226 539515 154428 1111454 1028965 461617 999999999 1085429 753713 838428 739013 711284 809090 876634 48378 760119 817747 924866 756355 951926 634676 709335 964719 1064622 440265 435109 791278 578415 751751 947953 801595 826464 282143 372930 748303 734453 422837 809571 527153 786283 870721 1106897 814154 847644 850544 171596 869665 782765 616550 722750 816371 864518 850932 362541 336707 777116 1048941 1001837 301362 274811 446680 441085 683895 763636 805742 610582 574903 253890 218244 184509 830907 813154 104507 893375 480557 285518 692569 283064 340223
742647 866615 984524 943265 471433 860368 362150 749640 700548 878111 562681 883144 853323 908742 747196 564225 467392 1151976 72539 707294 976692 852607 929354 1087755 191399 279663 703351 1085429 999999999 384563 616271 717158 769756 322378 273188 1133709 729737 278285 514194 735121 243693 928061 378698 388806 347710 661109 681363 804454 882961 493169 138196 727740 855205 939113 891029 375006 370908 851200 521017 797146 836975 387869 243882 653797 392503 981367 960451 356529 692888 493873 371031 291525 251089 383200 780011 827381 707576 139148 267693 829697 828133 801328 831067 453579 496447 952081 837097 670990 832344 875925 1011229 573602 852257 1188150 964324 831677 886628 781192 859638 762796
427165 857443 870963 579433 574775 604361 228751 725898 381469 859953 636868 724467 554948 731597 412918 258186 257801 811188 414161 460540 820024 772625 772841 793024 502747 497779 489391 753713 384563 999999999 636755 370173 704099 62871 342876 800307 693121 123584 603638 695948 402388 810675 128418 530381 569973 313469 321997 773185 746157 142258 258224 712810 831685 681596 666275 296990 259770 468079 210439 638577 798311 454759 531011 655461 438528 943943 607056 131895 672493 306851 225594 268810 293870 432271 526281 574639 373950 422422 467488 469364 480887 602072 632295 335394 153875 901915 717746 528040 503866 535700 725188 273129 823264 850605 948112 651809 622698 420721 497157 479543
1045884 250515 410209 833882 166075 525346 408305 139873 1001459 261907 90674 382873 603576 426221 628119 520491 409130 915494 557750 443023 449348 268759 412824 754100 492598 368265 386415 838428 616271 636755 999999999 968599 190988 625619 359469 880382 133002 553928 128708 139379 372633 366287 510100 247844 344958 622709 661427 193436 353910 770046 550458 115765 239819 576115 488737 341083 377296 877126 845424 331189 226897 229760 451252 43031 230311 366102 809576 738904 91030 367836 411162 395183 403579 239548 481199 501748 984680 488854 363668 745348 704625 397366 411658 309093 784197 340610 299976 265165 658694 714475 679792 907137 238092 935311 348305 382170 555086 993037 771798 528552
97226 1158895 1107749 512266 933500 746579 578943 1031124 75542 1156709 985285 943650 648988 933762 489997 468718 559755 765799 763049 652502 1028235 1042352 987150 842601 863985 867776 706394 739013 717158 370173 968599 999999999 989846 417638 711593 774096 995349 492139 957844 996614 772558 1051025 474140 896744 940143 413722 384827 1070342 979798 231640 612662 1023372 1127869 805588 832262 646204 608083 320548 198428 871340 1089359 814938 896873 978485 796277 1224141 567451 361172 984485 603562 572629 635068 663551 791197 690880 727945 38606 783726 837601 451688 498321 806494 831221 660022 224444 1177833 967964 792951 557756 552292 800342 160565 1117293 807371 1239743 864457 750504 75708 461228 619634
1076702 174450 222619 753120 353493 401238 491119 80885 1034936 168480 280941 206089 501691 252075 573080 521334 448987 786495 719008 373163 260330 83379 227657 604921 669208 546450 310154 711284 769756 704099 190988 989846 999999999 709452 498556 748328 61144 649112 318983 55106 531894 175499 576798 430000 532158 598861 636339 87127 168483 820989 681593 98129 140037 432746 340996 434982 462987 836731 900521 184343 99769 386944 632472 149020 378433 239985 717206 823328 101108 400089 489991 509399 532495 387559 383242 386465 1012325 653559 536729 683777 634912 268043 270232 373200 836305 198194 116444 199054 577483 629581 537216 958530 128441 800141 249977 231260 427461 1000078 705511 448221
465714 855583 887368 639947 548453 644159 220596 724337 420300 859647 616961 747152 602730 757833 466808 301932 274688 868313 354618 495934 843585 781735 795794 841852 447905 452805 518459 809090 322378 62871 625619 417638 709452 999999999 307606 856128 693126 79033 580380 696460 359605 827016 138481 496796 526871 369312 380641 773784 765117 186006 199358 709471 831886 722565 700719 285080 250782 530941 240765 659810 800598 428878 479295 647990 415106 947960 665833 114419 669220 321900 220291 240352 256583 407951 564464 613376 417156 367444 423426 528965 538001 630540 661187 336382 194269 907619 733055 543630 557337 591728 771982 303009 824274 907272 948586 677363 664294 473096 557242 523203
769568 608223 711503 776130 246925 616220 160472 484962 723888 617526 326324 612434 631615 640225 561054 383418 254314 949046 232372 469041 704885 580885 657916 853687 234952 169823 451962 876634 273188 342876 359469 711593 498556 307606 999999999 924708 462005 228600 283616 467051 77488 654884 247244 189192 233477 498379 529506 539338 610360 484994 191048 464566 592845 692282 634103 128338 146975 735867 547574 527794 570957 133646 233819 392675 129182 717856 778604 410091 427490 260169 170559 79641 51553 120007 539388 583507 716771 180174 138673 664725 647618 540233 568820 199125 495937 685599 564002 402546 633810 684933 775006 610176 588564 981133 705767 565195 644736 756678 695532 538557
865898 896686 688785 261830 978938 355105 781095 827939 849159 880787 957856 560073 295475 517218 390332 569955 675711 41021 1129211 466316 575719 733492 568568 167332 1159565 1076473 506566 48378 1133709 800307 880382 774096 748328 856128 924708 999999999 798599 865638 969107 794643 999883 663767 757409 1011068 1111457 487008 480651 826817 610312 795181 996187 840070 860055 316338 408034 796371 782724 455323 851395 564848 820448 917458 1154708 855072 894464 878715 209209 915123 822503 664582 771117 864683 912820 897872 407435 379334 812430 1097235 1049478 343660 320289 486229 478737 731543 806778 834778 644926 617945 301898 264608 214116 870907 846792 56864 922906 517098 325712 724872 323426 387728
1079478 165116 277234 788865 298110 447336 472728 36574 1036711 166859 221642 265525 542049 311139 599715 529662 443536 836058 675874 401578 321323 135773 288690 659226 619684 495945 339112 760119 729737 693121 133002 995349 61144 693126 462005 798599 999999999 628573 261703 6392 488664 234131 564790 377373 477191 615993 654230 80733 229463 816131 649197 41481 138801 484747 393538 412029 443189 860737 894740 234051 109803 343006 580775 90148 337256 258246 756193 807523 41978 395910 472858 481157 499691 346580 420939 429676 1015880 608876 488318 713343 666609 313802 319978 358076 831158 223665 176882 219062 612226 665834 589555 954217 131316 851364 255490 283396 474871 1010115 736652 481297
543670 788974 836326 665754 470530 624513 158474 658456 498133 794142 541004 703748 597088 718523 475821 297501 235362 881301 297392 472078 800521 724259 752343 835939 380027 375947 485567 817747 278285 123584 553928 492139 649112 79033 228600 865638 628573 999999999 503291 632277 281711 776226 110835 417792 449287 385250 403700 709285 717456 261387 142903 642388 766852 703916 672591 216778 186150 576336 319578 615527 737284 351362 407438 578427 338491 885469 685176 186168 602383 277846 160943 163204 177550 331038 543454 592495 493630 299951 346120 552472 553792 595229 626068 277338 270889 846635 681816 494580 563879 603956 762767 381954 759878 918776 883380 637941 647244 544212 582154 511554
1026963 362417 538916 892692 43135 617772 379551 266494 981547 377149 49162 503331 681407 544774 678045 541612 413727 1001917 450242 512201 575050 397466 536571 854553 372763 249176 463647 924866 514194 603638 128708 957844 318983 580380 283616 969107 261703 503291 999999999 268076 273978 494475 484970 128417 217539 653615 691304 318175 478340 743752 469665 241900 358654 676726 593874 311697 349878 909614 813873 442492 351548 152205 327929 171681 165478 483254 875966 688862 219727 383238 385387 340178 333778 172432 562457 590719 969162 379873 250261 794845 760387 498072 516798 310596 756601 462639 424432 353248 722845 778938 777759 876675 359052 1025206 458268 492479 648252 991472 823382 597900
1081035 163065 270872 786760 304420 443847 476161 37236 1038362 164039 228030 260013 539315 305713 598602 530482 445694 832204 681483 400136 315139 129410 282741 654663 625718 502025 337538 756355 735121 695948 139379 996614 55106 696460 467051 794643 6392 632277 268076 999999999 494246 227754 567666 383558 483499 615929 654101 77358 223539 818399 653953 45626 135749 480487 389170 415847 446735 859998 897116 229920 105468 348592 586931 96536 342620 254001 753690 810838 48350 397896 476172 485496 504436 351934 418455 426538 1017347 614588 494265 711939 664945 310259 315941 361099 833458 218797 171120 218186 610189 663637 585273 956461 127816 847278 252334 279014 471226 1010912 735074 479391
825237 622925 750746 853618 232253 685612 237230 507056 779751 634519 321479 664329 705933 695195 638428 460838 331610 1024811 187290 541109 753975 615227 708106 924815 162115 96667 520044 951926 243693 402388 372633 772558 531894 359605 77488 999883 488664 281711 273978 494246 999999999 696347 318294 155860 167667 575573 606346 561877 657509 542824 203679 484775 611853 760365 698161 204215 224457 811124 600072 582463 594663 145658 156490 410581 153921 738100 855877 452530 450769 335482 247424 153454 112231 145070 610310 653186 775185 122564 65588 742176 725030 602493 630063 270432 552581 709736 608565 459739 710528 761968 845879 661840 609178 1056430 720631 622925 714656 821175 772987 612922
1143547 246984 60365 728335 528739 357473 618806 240055 1104985 227732 455722 117030 472613 150264 587549 590520 553788 704253 881951 399723 100789 102555 95231 504011 839807 718352 344754 634676 928061 810675 366287 1051025 175499 827016 654884 663767 234131 776226 494475 227754 696347 999999999 689228 603840 707074 640350 673852 206176 71882 911173 828983 263256 214140 355646 272137 572595 594225 848639 991289 179903 183924 553817 805135 323915 542551 216204 681686 937641 275681 505496 615445 653208 682848 551298 376657 357397 1078180 818852 706762 683127 629324 250258 232269 500783 926837 171102 94427 283427 564358 608126 450581 1044827 202290 709587 259149 192326 374574 1048931 698666 450866
542144 729037 749592 566691 459459 515260 105443 597489 496834 731639 515161 608697 486320 619859 368909 187796 136213 774286 385435 363863 705167 646796 657345 725109 448192 414654 381931 709335 378698 128418 510100 474140 576798 138481 247244 757409 564790 110835 484970 567666 318294 689228 999999999 425059 480716 283267 306344 644940 626810 260807 240502 584420 703414 594500 566636 173808 135664 497228 335323 521329 670330 340829 464809 527666 322208 816411 581885 248700 544108 183764 100300 167677 206301 317058 434454 483546 484268 372073 383347 452875 449453 493414 524160 206976 274556 774853 595484 405805 455517 497568 651986 397145 695089 811132 819902 539311 537391 513332 483221 400806
957531 490172 652561 901985 85408 671331 324654 387700 911834 504334 177574 595878 716599 633506 683591 524100 389296 1040657 323064 544977 676189 511819 634142 912817 245461 121257 507501 964719 388806 530381 247844 896744 430000 496796 189192 1011068 377373 417792 128417 383558 155860 603840 425059 999999999 107389 640640 675908 441135 578190 672637 358838 363591 484772 738473 663292 265212 299880 891134 736563 524367 474618 97771 203553 290076 121554 610189 893822 598062 336083 372870 332951 261951 240429 121333 605568 641236 903563 252554 122384 796462 769497 565328 588547 296634 684007 587588 525397 415974 741937 796853 834141 799231 484332 1067875 586434 571357 701780 938359 826488 626829
992585 575974 754035 990701 179082 775699 389848 483892 947151 591933 263890 702740 816208 740708 772527 604440 470060 1139982 275879 645211 781860 612707 740407 1017440 171114 76235 610796 1064622 347710 569973 344958 940143 532158 526871 233477 1111457 477191 449287 217539 483499 167667 707074 480716 107389 999999999 721160 754579 535701 683966 710483 357682 459343 574871 844076 770015 340661 370284 965502 766954 631747 569052 194117 118689 387938 216994 698105 986251 616399 435352 461091 399366 313095 277682 213813 707996 745120 942836 209873 103604 882448 859141 672026 695580 386620 720176 679477 630838 522707 835892 889937 938567 828409 575878 1168319 669625 678725 806029 988038 912917 725167
508843 772708 695907 283751 643786 339166 338548 652567 473778 767297 665829 530773 258549 520039 101580 116834 251773 499145 668091 240627 614513 641155 573656 488276 721830 666653 298163 440265 661109 313469 622709 413722 598861 369312 498379 487008 615993 385250 653615 615929 575573 640350 283267 640640 721160 999999999 38756 683925 568663 331131 523078 649898 738896 406265 421073 380498 352630 256262 402013 461848 698194 543656 730501 620622 520284 823895 299927 432534 614444 271540 328277 424124 470816 519489 277784 317293 443739 649503 636068 169997 169235 393347 417583 347163 345278 776466 561188 400096 192105 222461 427032 440715 727200 537965 845167 451561 348041 408680 200611 208764
480974 810368 728692 262056 680832 362844 369129 690803 447674 804703 704058 562928 273585 550296 111369 151928 286623 489715 691748 274562 644703 677277 604873 495200 749821 698530 333552 435109 681363 321997 661427 384827 636339 380641 529506 480651 654230 403700 691304 654101 606346 673852 306344 675908 754579 38756 999999999 721663 602033 322586 543909 688341 776370 426133 447504 414137 384918 218314 389209 496197 735520 579276 760369 659368 556037 859946 285220 434562 653016 308645 358973 453893 499847 554977 306441 343217 416342 676162 667736 149076 160377 425444 448628 383820 335879 812379 596230 437807 196259 217263 438249 423490 764590 529578 881974 483834 369075 375408 178473 234812
1155723 88981 234465 839655 358170 484328 553432 54827 1113350 87173 272741 272450 587225 318417 660046 602833 522097 865636 748476 460177 304344 105326 282296 678529 686034 561700 397158 791278 804454 773185 193436 1070342 87127 773784 539338 826817 80733 709285 318175 77358 561877 206176 644940 441135 535701 683925 721663 999999999 226775 894908 727772 77801 58567 510483 418811 492698 523919 923476 973804 266997 33485 416643 644311 152264 412806 178745 802929 888170 111904 473989 553501 561100 578393 422178 469729 471165 1091765 680392 556699 770904 721991 352137 351624 438443 910023 147930 183119 283857 664284 716087 613968 1032908 50593 877443 174991 310946 509541 1082773 792607 535269
1072616 287292 128341 660699 508655 290244 561523 245921 1034337 270692 444578 50854 404262 93693 515882 521006 490745 650211 840588 328052 98029 125063 59276 455800 806761 688007 273924 578415 882961 746157 353910 979798 168483 765117 610360 610312 229463 717456 478340 223539 657509 71882 626810 578190 683966 568663 602033 226775 999999999 843229 778044 265844 251242 296652 208765 519580 538470 777456 923239 109840 213722 518797 775602 314032 505154 279391 615634 874427 267635 443234 557456 601929 634543 513450 305300 287915 1007236 779913 673774 612543 559018 178540 161726 445119 858905 232151 53971 222889 494553 539529 396196 976026 238175 658521 317305 120924 309421 977181 628690 379361
284941 981233 970724 549775 715936 661029 365562 850253 239250 982074 775456 815470 589496 815900 431069 325719 372819 798911 534505 533133 908076 884049 862640 817499 632851 637334 574080 751751 493169 142258 770046 231640 820989 186006 484994 795181 816131 261387 743752 818399 542824 911173 260807 672637 710483 331131 322586 894908 843229 999999999 382100 839020 953433 733066 734537 434176 396209 399824 80179 733592 917962 596062 665240 785783 579203 1060559 589637 148446 798951 421210 361023 410979 435619 573232 589639 634960 232375 552489 607464 451773 478821 684633 713298 463065 15678 1016699 820982 634178 518737 536972 758083 138123 944176 840155 1068873 738869 673970 289396 474399 530169
651299 798626 887412 805606 430140 730617 232660 673819 606987 807420 514559 772907 718009 794679 609095 426399 335098 1014067 155985 576907 868415 762363 820401 953996 251727 281472 578115 947953 138196 258224 550458 612662 681593 199358 191048 996187 649197 142903 469665 653953 203679 828983 240502 358838 357682 523078 543909 727772 778044 382100 999999999 654099 782257 809870 766945 259091 246724 719086 424422 685255 758778 323654 288826 583033 320221 906513 822288 264615 616273 366084 240582 176122 149519 311056 649674 697770 608459 172056 256797 691941 689941 680787 711142 336288 388259 872734 735717 559331 694604 737817 878266 482912 777483 1050435 895987 715718 755934 671126 721990 628442
1106015 146646 301035 828479 281140 488737 488935 24668 1062785 153492 197944 304195 582754 350122 637012 560158 467720 877538 671106 439885 354794 161498 324734 700268 608316 484001 377800 801595 727740 712810 115765 1023372 98129 709471 464566 840070 41481 642388 241900 45626 484775 263256 584420 363591 459343 649898 688341 77801 265844 839020 654099 999999999 128279 526086 434792 425704 458714 896798 916931 275458 111200 339879 566926 74525 336989 253822 796526 823836 40333 421183 489882 490332 505122 346365 461317 470845 1042898 602831 478900 751369 705292 355233 361425 377533 853849 225527 214492 256302 651743 705650 630879 977125 124540 892799 242555 324636 516327 1040288 775109 520599
1213648 37116 227379 885926 400252 524919 611430 108952 1171396 28849 311066 300457 631439 344913 711633 659923 580617 899551 797502 511708 314929 126639 301329 707038 730234 605966 448837 826464 855205 831685 239819 1127869 140037 831886 592845 860055 138801 766852 358654 135749 611853 214140 703414 484772 574871 738896 776370 58567 251242 953433 782257 128279 999999999 544411 453692 550137 581775 975766 1032355 309332 42181 467518 686535 201440 465163 126303 847085 946291 166280 532452 611635 617279 633154 474537 516582 514286 1149586 728673 602951 820874 770978 395157 391213 496822 968557 105408 216151 338991 711753 762428 646129 1091418 13336 909148 116701 349300 548606 1139426 841711 584251
902723 581213 389844 388996 693003 79514 577763 512879 871974 565863 658910 245882 157358 205691 316438 423432 475301 355364 917733 233205 279633 418095 261401 178199 922309 822338 240438 282143 939113 681596 576115 805588 432746 722565 692282 316338 484747 703916 676726 480487 760365 355646 594500 738473 844076 406265 426133 510483 296652 733066 809870 526086 544411 999999999 91814 569435 568466 542294 806936 250796 504433 652533 906831 547021 631541 571813 335816 812181 511181 445241 569443 649707 694667 636896 160750 112136 839255 872276 799166 373783 319491 179222 165627 493526 747887 526037 328774 324918 253485 280285 104829 846979 531112 367426 612926 201645 59291 783281 379908 203774
928471 490615 312664 458223 612730 90926 534619 421244 894545 475735 573407 158010 206208 122789 345214 412465 438137 446846 863867 205737 209089 327780 181264 266466 858926 753618 188934 372930 891029 666275 488737 832262 340996 700719 634103 408034 393538 672591 593874 389170 698161 272137 566636 663292 770015 421073 447504 418811 208765 734537 766945 434792 453692 91814 999999999 516694 521131 593156 811589 160075 413364 581600 839643 458108 561800 487054 409926 798148 420959 401339 527296 599551 642133 567900 145222 104324 863749 814049 732198 424274 369335 97990 77292 438608 749876 440373 237672 247327 302492 340756 196258 856724 440370 459231 526065 110157 102925 817806 435884 212766
715899 572245 631773 652891 288242 492131 68621 441682 670623 577375 341382 513830 503443 536292 436046 263802 130016 820820 348396 342604 609344 512484 561315 727452 363257 288762 330476 748303 375006 296990 341083 646204 434982 285080 128338 796371 412029 216778 311697 415847 204215 572595 173808 265212 340661 380498 414137 492698 519580 434176 259091 425704 550137 569435 516694 999999999 38215 627092 507027 426281 521064 172852 360400 362948 151966 669455 652752 399026 385647 131849 73734 84099 125592 148257 413889 459209 657582 304785 259150 543043 522836 426323 456104 78595 447600 631486 478662 300257 506427 558234 649081 569398 543288 852804 666625 457995 519987 681430 573688 410396
