NAME : synthetic_000925
TYPE : CTSP-D
DIMENSION : 100
GROUPS : 8
RELAXATION_LEVEL : 1
EDGE_WEIGHT_TYPE : EXPLICIT
EDGE_WEIGHT_FORMAT : FULL_MATRIX
EDGE_WEIGHT_SECTION
999999999 608555 487741 34111 173920 1034330 801721 730682 531195 559194 505151 383464 216781 469108 1048627 993850 840726 397188 975379 728006 521065 63358 857835 423909 296635 237738 787321 406019 432710 810510 329932 774019 242356 17835 895665 262518 865714 834871 698541 712000 160597 682614 665574 816343 531011 282098 900594 751526 914547 791989 1067787 550907 307585 508166 614619 205055 682117 387862 504901 139379 1052235 913921 710100 783430 845294 767246 438641 420239 716876 668480 311420 663084 490070 404750 1278877 451623 561591 768664 104492 865183 918000 842188 46229 1075780 576347 157206 611898 347052 535447 458748 717749 860534 843874 688848 861679 608042 564605 570670 329917 440037
608555 999999999 822742 574449 461332 919630 927360 522009 887087 628048 105058 674086 392487 174510 914066 861731 273987 459788 890709 574140 895455 671882 1095627 662550 690152 395321 1016798 790862 186894 534531 466242 229631 538975 601157 984748 617081 864982 861691 988310 927677 732736 999279 964850 932106 160467 557291 877226 981422 679418 375937 820738 610891 536168 557425 549867 405228 171101 701053 136375 469631 861260 909925 140450 179396 629941 194076 855373 755220 711786 145324 440824 146385 362959 300336 1013228 606311 649202 352015 633261 263580 1119970 539285 600335 822576 680287 643768 288756 279488 432132 347174 323525 976330 240165 976472 365165 470096 455887 666643 570243 753658
487741 822742 999999999 493428 455777 692403 357282 576246 64429 294357 730514 150417 568294 648880 717433 673577 934236 366395 626036 530286 77583 486617 370465 163640 192754 487727 302734 87106 649585 667568 358647 865549 319655 504674 454121 249320 486709 445571 211259 237974 377722 200345 178639 374534 672144 283865 527715 268786 696471 769469 814930 303547 294181 321262 422752 569166 787788 126322 686367 513251 760798 524613 848594 946539 638181 889290 107036 74596 400785 790471 388405 783629 489123 522414 1000501 235670 275584 757672 383356 1007132 433492 706527 444296 825790 259757 330560 633294 569948 457224 489263 716668 410761 995131 201270 879084 485588 459140 267379 256505 69254
34111 574449 493428 999999999 144854 1019192 797663 707288 539883 546150 471087 380949 182716 435834 1032613 977449 807479 376197 961218 706982 531253 97441 862162 418476 300849 206438 790193 414176 398964 785593 309254 741013 228875 30715 890529 259045 854836 825163 704678 712744 187016 690654 671948 811855 498170 270620 888890 753928 892521 762133 1046606 537018 293501 492029 595413 171105 649188 387829 471362 105443 1033506 903469 676475 749420 823322 733717 451136 423755 703326 635275 288268 629930 463510 374579 1258162 440492 549858 738569 115371 831249 920474 816619 51739 1054385 566160 164762 582104 313954 511804 431419 687708 856647 809888 694667 830132 585059 541701 559777 318958 442195
173920 461332 455777 144854 999999999 896073 712051 566918 512868 434102 356286 316695 112978 306008 907133 851197 675069 243978 841062 571071 511202 232674 807948 339559 274246 68160 731343 392257 276474 642914 180423 606895 139609 175520 799811 207096 745245 719619 661159 647007 271714 655600 630300 724471 363967 181913 776436 693901 754075 618070 909423 422421 190703 371332 464467 113423 514825 333285 344181 72053 901442 794793 548632 628818 685137 604380 445689 381257 587054 503131 152730 497369 319535 230984 1121548 338527 442103 594779 172036 707998 857954 673190 148567 916790 463308 186427 437979 184897 371746 286896 543856 770819 688125 650070 689184 445835 402855 454641 226084 392715
1034330 919630 692403 1019192 896073 999999999 381954 398649 715834 476901 894983 688098 965004 820566 32901 58777 813755 652848 66463 355391 741839 1067493 568703 636807 794996 869245 539046 761067 860491 396103 715814 779722 791975 1045049 323334 788170 209429 252268 625705 515064 1002716 667271 637499 366456 781968 753289 168686 536085 263261 588705 220611 483847 726746 527311 435644 975820 769333 700612 831344 967175 126610 185616 835092 914790 293542 831299 799404 706917 319729 791274 744159 787087 626710 746650 326686 587214 478227 602767 953095 919512 522357 406578 989924 230871 471086 908251 632833 850902 550618 661301 609462 364050 925451 621312 681627 482342 517173 472897 706741 681411
801721 927360 357282 797663 712051 381954 999999999 481319 360414 306304 862630 418438 810961 775825 412734 385230 934376 509742 318937 415808 385844 816106 212579 379396 515075 714107 161752 440592 798489 547660 548942 877457 577971 816517 97233 539340 180458 141104 244528 137649 721946 286527 259290 17679 767460 534090 216887 154286 499233 719021 562381 322984 521350 380739 383060 817207 827186 417265 803032 782016 483744 196558 897089 993923 468881 918142 459500 399265 234958 840547 584120 834362 566656 661088 708272 375900 288698 719334 703064 1030017 203160 580764 755577 573994 260073 651007 659538 748749 495251 588902 697756 59058 1026443 240991 833715 467818 473142 272183 487105 374710
730682 522009 576246 707288 566918 398649 481319 999999999 629512 282047 497563 486218 608957 426702 395617 341553 459392 335977 369089 65818 650581 778337 686564 439400 576624 522483 618102 604281 469629 92459 402661 409467 504361 736817 507899 536181 364944 374423 641413 542587 751768 670570 632352 479064 384076 479000 367740 591604 189595 238091 346417 272908 445617 269540 154215 621740 380024 511051 434303 631528 357344 403569 448886 537645 123188 456212 665122 546519 247015 399763 419317 394905 255101 372340 558330 362133 301951 240557 674907 560078 684287 131167 692311 352759 323250 643646 234238 475596 195497 290962 228120 514720 560219 631293 352408 122931 166324 312837 444969 527613
531195 887087 64429 539883 512868 715834 360414 629512 999999999 347800 794531 214019 625775 713151 742554 701794 997030 430758 649414 580531 26039 523813 336378 227672 242950 547954 277133 125745 713361 719858 422576 928596 379116 548569 454631 305774 507191 464840 172638 228882 408203 151617 139618 378076 736559 345129 548356 247523 740109 828739 851638 358488 357138 380890 477376 625921 851499 188793 750714 567475 792401 540952 912646 1010701 684453 952947 107295 135186 439348 854452 451875 847610 552704 586752 1030712 297939 327564 817660 426889 1070843 405080 758743 489465 862736 308190 375287 695903 632885 518689 553412 777553 408944 1059034 164816 939346 543784 519131 317390 319905 133442
559194 628048 294357 546150 434102 476901 306304 282047 347800 999999999 557960 224397 520949 470886 493478 440497 675848 207631 416542 237209 368571 590652 468981 172697 328048 422455 391103 329239 492267 373211 257211 611529 317397 570737 380180 312132 311219 286182 382340 303492 529609 404718 366763 314213 467589 277209 343439 357188 413058 487742 547129 17159 252678 74491 129754 529150 547120 244177 499745 506141 510768 360706 614806 713856 350139 644780 386600 270596 157801 556414 290678 549827 265090 354785 748199 110744 23057 479530 476198 761442 492264 412170 514196 557075 53405 431920 380122 444231 201802 284198 444571 360719 753861 371097 601341 202955 189110 39668 230063 249427
505151 105058 730514 471087 356286 894983 862630 497563 794531 557960 999999999 580609 290209 87154 893123 838654 353399 374231 859458 541174 801473 568509 1019944 573348 589967 290464 940567 693840 83757 528036 371973 296187 437842 498350 927012 516582 817886 809896 904438 850989 627683 912743 879463 868936 113742 458727 834448 904340 671131 399689 820611 540917 439760 484734 496426 303425 214494 606802 63871 365907 850194 864903 216057 278705 614516 274325 757392 661061 658749 192165 344047 189364 297090 211538 1022096 522981 577757 373906 528203 361510 1049333 540246 495752 823897 608397 539149 267185 175380 373051 273863 334153 914404 339428 892588 417913 423797 401297 595080 475338 661260
383464 674086 150417 380949 316695 688098 418438 486218 214019 224397 580609 999999999 427038 499822 708005 657479 799607 223221 624281 453113 221370 399012 491645 52126 106909 341378 415885 127385 499343 578541 208639 729829 177248 398535 513098 121927 499307 463996 345583 334085 316449 343612 315622 433308 526090 137303 537464 378680 635437 651962 771524 225337 144070 216746 334376 429483 648354 28593 537800 380219 732936 544911 706507 803343 570510 749895 193941 81411 371133 649099 237991 642274 352678 373918 971530 124190 215362 637235 284963 867120 544202 616875 337407 781469 217322 233579 501443 419661 334784 347848 592649 477156 853861 334286 756438 378509 344449 217034 106101 81490
216781 392487 568294 182716 112978 965004 810961 608957 625775 520949 290209 427038 999999999 265703 973010 916553 634351 317239 913883 624361 624174 279902 916758 445967 386951 98520 839386 505165 223495 674833 264268 570322 250004 208717 895504 320007 828978 806748 772378 753708 354918 767797 741861 822438 331537 290363 857431 801837 798549 616544 955358 507452 293520 452255 529361 14542 479819 444896 297553 80930 957569 878779 500310 568912 731207 558283 557834 493717 667009 463432 230276 458619 353862 240726 1167248 435071 532022 591513 260476 651557 964498 700751 214738 961689 556084 288112 440735 151116 420681 318057 541915 869177 629629 761175 670816 494389 453934 546101 331190 504447
469108 174510 648880 435834 306008 820566 775825 426702 713151 470886 87154 499822 265703 999999999 820502 765260 371645 288761 782215 465305 721165 531721 933008 489792 517036 237867 853665 616417 49123 467315 291757 305674 367160 465115 841186 444364 734891 725575 818993 764110 576062 828218 794497 782305 66947 383441 752815 817521 607109 365093 760107 453859 361730 397590 412726 280114 214435 526662 39987 331290 783018 782444 242641 325360 547001 298794 681086 580859 574467 199471 266556 194223 211413 126860 965936 437086 490621 339202 476440 402647 962179 484161 452541 764271 521248 480371 207140 122281 288547 186931 293108 827907 383533 807142 406944 343375 317969 507938 395747 579710
1048627 914066 717433 1032613 907133 32901 412734 395617 742554 493478 893123 708005 973010 820502 999999999 56504 799073 663333 94480 356859 768515 1083269 601218 656389 814782 878108 570642 784449 861517 385536 727302 767415 806424 1058937 355878 805478 237896 280761 655937 544808 1021387 697336 667070 397488 779690 768545 197752 566988 247774 575749 190559 499490 741193 540648 444230 984138 760744 721453 829738 977809 96421 216901 825471 902998 284859 819494 824313 729614 337678 783222 754732 779258 630706 750969 295538 604152 496128 590922 969340 904933 555226 393075 1004612 200463 490690 925380 628970 855461 555835 665748 600227 396190 911665 651316 665334 485827 522271 491740 722553 704241
993850 861731 673577 977449 851197 58777 385230 341553 701794 440497 838654 657479 916553 765260 56504 999999999 755477 607315 73809 300936 727613 1029268 583084 605623 764013 821745 545966 737928 805907 337330 671536 721018 751815 1003968 339940 752628 205483 247371 624893 512541 969462 665565 633746 371242 725402 714391 168603 538964 205856 530115 185966 445863 686620 485703 387921 927706 710713 671877 775140 921755 98981 195481 776364 856038 234806 772551 780062 682248 286377 732740 698707 728593 574375 694611 329395 551242 444169 544039 915669 861188 543140 348180 950042 197198 440307 872320 575498 799082 499367 609364 550749 376217 866948 619481 623937 429541 465808 440623 668761 657096
840726 273987 934236 807479 675069 813755 934376 459392 997030 675848 353399 799607 634351 371645 799073 755477 999999999 577942 803869 524625 1011555 903229 1131130 771630 847549 607127 1057443 926279 410879 422645 613472 70631 710828 836713 967069 780275 823354 833793 1058161 974155 940829 1079138 1041577 933965 311109 714254 822612 1026649 551324 227709 660898 660323 684967 621861 559987 648440 161013 828198 337029 702816 724951 859475 137606 131359 525986 80213 993073 878794 699982 172275 600796 177816 446994 458602 824193 699122 698905 219575 842233 105866 1137220 407349 822959 659248 728275 839375 301213 493712 480754 454105 236787 971920 115132 1046871 139110 476259 487177 714933 709678 869597
397188 459788 366395 376197 243978 652848 509742 335977 430758 207631 374231 223221 317239 288761 663333 607315 577942 999999999 599156 330910 441652 442704 648961 203744 274998 219152 569437 348745 299246 420486 67273 507796 169812 404714 587433 216282 511989 491017 530288 479909 420557 539717 505767 519102 306060 151719 540196 532642 517487 447863 670667 192784 118070 135840 220647 326651 425228 251652 324033 314484 658375 561789 483481 580748 448230 526732 415512 304001 349771 425923 91399 419093 133393 162725 882021 148945 222050 429858 339373 643900 683767 454948 357258 678607 249697 311277 283822 239393 144601 124680 381968 565936 630718 518437 544619 213115 169938 237916 133744 298361
975379 890709 626036 961218 841062 66463 318937 369089 649414 416542 859458 624281 913883 782215 94480 73809 803869 599156 999999999 318469 675414 1006988 511831 573295 731183 817140 477947 695171 820187 381517 660641 764842 733148 986532 267531 726445 143523 186401 561635 450361 939644 602962 572595 304017 747599 693653 103274 473220 263400 576535 259742 424481 668034 470469 385880 924253 746870 636117 795599 912587 170864 124597 814383 898230 277923 815110 733049 641340 258755 767642 690082 763037 582593 701482 389609 526161 416512 588098 892221 908952 470058 398038 930598 270938 407835 846577 602152 805028 505051 616296 589339 305423 913122 556925 676139 440122 472039 410308 646600 615781
728006 574140 530286 706982 571071 355391 415808 65818 580531 237209 541174 453113 624361 465305 356859 300936 524625 330910 318469 999999999 602652 771835 622002 403780 549416 533110 554537 565498 505156 142142 398106 473407 493622 735617 442457 516146 301435 309255 582052 480831 734950 612639 574581 413354 429131 463732 306827 528918 188545 303899 339781 231051 431526 240396 120611 636363 439472 476119 477345 638770 333208 341789 509062 599790 120065 519141 623775 507019 182081 457993 419535 452797 275174 395441 551190 329551 254770 306173 664205 624636 618671 180203 687413 347841 272358 628847 285480 499988 203681 310732 291653 448905 624172 572237 418053 130577 170525 263368 425226 486451
521065 895455 77583 531253 511202 741839 385844 650581 26039 368571 801473 221370 624174 721165 768515 727613 1011555 441652 675414 602652 999999999 510876 354277 240294 238444 549116 298032 119630 719660 741336 429703 942746 380045 538603 479684 304622 533224 490877 190595 253369 393111 165268 158190 403515 746660 348131 574390 269704 764019 846701 876726 378655 362416 398496 497795 623715 864424 194679 759168 563485 818005 566962 924660 1022313 707744 965975 88410 140418 463983 866696 457823 859854 565989 595267 1056453 313232 348843 835085 417213 1083737 424520 780262 480335 887796 330540 366499 710712 637504 534806 565230 794222 433799 1071455 183735 956559 562399 536516 339297 326140 143319
63358 671882 486617 97441 232674 1067493 816106 778337 523813 590652 568509 399012 279902 531721 1083269 1029268 903229 442704 1006988 771835 510876 999999999 856555 443858 302292 298400 789081 401435 495843 860435 375717 836216 279410 72311 911610 283016 891934 859156 694661 718114 125003 675208 661462 831436 593069 314923 928143 754349 959583 849639 1111170 583838 343843 545117 655917 267946 744234 398907 567807 202706 1091509 939240 773077 846770 890376 830106 424961 424196 748287 730956 360986 725495 543350 463432 1321216 480878 590824 826693 115370 928468 919945 893103 87163 1119511 602835 165433 669653 409525 584134 513272 775745 874364 907198 685631 921802 655409 612018 598409 360784 446180
857835 1095627 370465 862162 807948 568703 212579 686564 336378 468981 1019944 491645 916758 933008 601218 583084 1131130 648961 511831 622002 354277 856555 999999999 471551 561573 826360 79525 455162 947909 757467 671249 1070884 668340 874606 245372 609300 385247 350038 163830 169106 743905 193146 196760 221027 935419 626615 416259 116595 711430 922214 765903 486022 624741 538210 571776 920064 1013041 478112 964602 871739 681936 387681 1081765 1180310 681221 1108180 442513 438412 439948 1023795 706000 1017311 733143 810208 892940 501079 447110 920430 753600 1222884 76571 791501 813882 777454 415979 700642 844825 884453 670108 749068 894658 206929 1217280 171711 1037634 656547 653646 429725 586257 420883
423909 662550 163640 418476 339559 636807 379396 439400 227672 172697 573348 52126 445967 489792 656389 605623 771630 203744 573295 403780 240294 443858 471551 999999999 158416 354824 393627 166082 494419 531855 205360 702618 201300 438156 472113 161765 450258 415988 335725 307822 366539 340162 308392 393412 509803 157869 487863 356049 584681 614319 719729 174407 153190 171310 286271 449974 624208 72349 526340 406898 680811 496579 684990 783034 520313 725735 230050 110647 319248 626838 238491 619996 325695 362933 919424 78695 163244 600873 328814 843544 518729 570442 377680 729722 165757 278984 471207 420651 298318 325748 557954 438434 831491 324014 721338 335781 304376 165051 114838 98087
296635 690152 192754 300849 274246 794996 515075 576624 242950 328048 589967 106909 386951 517036 814782 764013 847549 274998 731183 549416 238444 302292 561573 158416 999999999 318065 490690 118831 506304 667975 234458 776959 152720 313196 611299 73502 605367 569347 403986 416577 210588 391577 371389 530786 554986 134856 643843 454982 734780 721450 874311 327126 162588 309254 429067 385883 690389 98804 556744 325065 838290 650417 742325 835444 668456 790530 172457 123613 477637 687317 252172 680640 408155 398315 1076223 221381 320789 704236 193049 905293 621401 705503 252325 884033 324102 139874 558372 417817 408022 394626 656817 572932 889669 393881 819616 462062 423863 323397 141557 144214
237738 395321 487727 206438 68160 869245 714107 522483 547954 422455 290464 341378 98520 237867 878108 821745 607127 219152 817140 533110 549116 298400 826360 354824 318065 999999999 748223 432545 209404 593713 166084 539155 169072 237000 797732 246161 730580 708228 686450 661385 339065 684811 656907 725280 296075 204346 759285 710638 711510 556490 867944 408932 201661 353827 433915 107499 447077 361985 276161 111644 865928 780378 480480 561148 643283 536231 490438 413459 568862 435101 131815 429375 269340 169129 1080203 338339 433715 532653 239304 640023 871644 622119 215960 874755 458111 248928 376741 117188 330101 234683 481884 772091 620287 675015 623943 404470 362742 447950 240356 421296
787321 1016798 302734 790193 731343 539046 161752 618102 277133 391103 940567 415885 839386 853665 570642 545966 1057443 569437 477947 554537 298032 789081 79525 393627 490690 748223 999999999 389204 868395 692601 592159 996225 591815 803808 223072 535038 342009 302803 112954 89611 679782 152286 141669 174793 856702 549649 377364 37585 656874 851718 724124 408060 546748 459486 497480 842997 936633 403862 885433 796067 644745 353785 1005031 1103794 621606 1032561 384427 367081 373460 946879 626993 940352 654595 730718 865691 421606 368977 848888 683562 1147863 130885 727763 742764 735737 337887 630422 768623 805079 592663 670030 821472 177428 1141726 116427 967295 581762 577147 351658 508452 348006
406019 790862 87106 414176 392257 761067 440592 604281 125745 329239 693840 127385 505165 616417 784449 737928 926279 348745 695171 565498 119630 401435 455162 166082 118831 432545 389204 999999999 610941 696706 325407 856322 263952 423291 537770 186666 559329 519507 293455 324798 290745 276677 260305 457563 647472 235746 599834 355677 741376 778493 868797 334447 254695 337326 450403 504430 773807 98982 655343 443855 821050 599841 830559 926497 679328 875207 66795 58669 456974 773665 350180 766862 479599 492687 1061164 244750 314560 764156 301581 992016 519747 735442 363885 879288 306279 249679 628719 525800 461463 473344 719885 495359 978144 284253 883651 501809 469617 310662 221839 81784
432710 186894 649585 398964 276474 860491 798489 469629 713361 492267 83757 499343 223495 49123 861517 805907 410879 299246 820187 505156 719660 495843 947909 494419 506304 209404 868395 610941 999999999 513755 291016 347091 354101 427476 867498 432892 766911 755468 827690 778805 548169 834477 801897 805861 114933 375521 786594 831733 652262 414147 806107 475513 357429 418008 444819 237641 257357 525116 74190 293614 826724 815116 277716 352786 591006 335338 674163 579333 604834 240107 261846 235450 241710 138183 1012842 448062 510841 388240 448443 433184 980471 531607 419576 810503 540865 457125 254928 92717 320280 212691 342230 851977 412576 815859 453599 380129 351368 527908 393626 580364
810510 534531 667568 785593 642914 396103 547660 92459 719858 373211 528036 578541 674833 467315 385536 337330 422645 420486 381517 142142 741336 860435 757467 531855 667975 593713 692601 696706 513755 999999999 486026 384153 590085 815603 561497 625619 410262 427816 723866 621386 839368 754739 716701 543183 415195 566896 404227 668400 144908 195066 293058 364684 533222 361809 246459 688243 375948 603473 467393 704537 326754 441700 439965 518786 103704 435332 757367 638890 319206 399045 499636 395432 324490 434452 499334 454510 392494 207094 759788 527493 748491 38961 773760 296982 412364 730650 261647 533897 276616 359082 215129 574578 531668 714143 299243 208903 251045 402561 534654 619822
329932 466242 358647 309254 180423 715814 548942 402661 422576 257211 371973 208639 264268 291757 727302 671536 613472 67273 660641 398106 429703 375717 671249 205360 234458 166084 592159 325407 291016 486026 999999999 542849 107532 337589 631722 167261 567142 543369 540920 503713 358691 545174 513748 559772 322795 100912 597294 554734 584754 501439 737881 244350 72310 191383 286519 272069 455932 235053 330271 252035 724615 616862 508554 602850 515497 556141 390869 289301 407363 453070 35342 446367 183164 167288 949143 174301 267764 481824 274068 671276 712163 519828 290057 745850 292046 249340 329764 215353 209436 163327 432420 606635 656104 529174 592479 279731 236381 281876 104010 289403
774019 229631 865549 741013 606895 779722 877457 409467 928596 611529 296187 729829 570322 305674 767415 721018 70631 507796 764842 473407 942746 836216 1070884 702618 776959 539155 996225 856322 347091 384153 542849 999999999 640317 770524 914534 709645 774383 782234 993441 911837 871424 1013448 976089 877873 243204 643625 776329 964711 520506 191927 641923 595688 614373 555377 499109 584571 92078 758412 272903 636849 698888 812608 89632 136081 487738 53463 923117 809283 644303 107009 530231 111703 377431 388435 817348 630855 634564 177065 773085 152560 1079660 374526 755111 641484 664355 769429 233688 427063 414134 383752 181797 917089 150777 982056 139500 414477 422440 650877 639260 800475
242356 538975 319655 228875 139609 791975 577971 504361 379116 317397 437842 177248 250004 367160 806424 751815 710828 169812 733148 493622 380045 279410 668340 201300 152720 169072 591815 263952 354101 590085 107532 640317 999999999 253420 668170 79255 626133 597062 522377 507894 251379 518265 491890 591146 409581 43882 660022 554401 681914 608386 832327 308677 65242 266403 376686 252237 551066 195064 407092 205603 812252 674909 598588 689183 612877 649246 323574 245137 474835 545528 110457 539019 290276 253846 1041964 212052 321038 588372 170835 761760 718783 624740 198228 840825 338075 141974 434789 265106 314394 268229 538604 636980 744947 511186 697270 381951 339154 331251 91624 254640
17835 601157 504674 30715 175520 1045049 816517 736817 548569 570737 498350 398535 208717 465115 1058937 1003968 836713 404714 986532 735617 538603 72311 874606 438156 313196 237000 803808 423291 427476 815603 337589 770524 253420 999999999 910155 277177 878214 847809 715592 728022 177383 699932 682656 831015 527875 294058 912773 767913 921578 792833 1075344 562084 318500 518300 623233 196371 678786 403578 500248 133964 1061175 926593 705150 776939 852351 762555 456355 436753 728251 664586 317574 659302 493887 405270 1286724 463890 573675 769252 121711 859093 934424 846804 61324 1083210 589038 174124 612810 343495 541381 461938 718396 875389 837521 705847 860516 614425 571029 583089 342147 456283
895665 984748 454121 890529 799811 323334 97233 507899 454631 380180 927012 513098 895504 841186 355878 339940 967069 587433 267531 442457 479684 911610 245372 472113 611299 797732 223072 537770 867498 561497 631722 914534 668170 910155 999999999 633149 155312 134031 324248 227294 818811 366482 344060 80691 826685 624387 177673 229321 488646 744833 524773 395848 609555 454042 434932 902468 872301 513115 865674 870576 438279 145060 942545 1037027 471397 958398 555436 496348 274351 887794 666486 881928 629950 731940 648030 461557 365605 748445 798040 1066443 204000 590661 849456 536211 339734 746304 707394 824202 554751 655390 732876 47291 1065023 322946 856992 516705 529050 350408 576735 471684
262518 617081 249320 259045 207096 788170 539340 536181 305774 312132 516582 121927 320007 444364 805478 752628 780275 216282 726445 516146 304622 283016 609300 161765 73502 246161 535038 186666 432892 625619 167261 709645 79255 277177 633149 999999999 609015 576161 457358 455078 219790 449583 425767 553864 483954 66453 645507 498186 704133 663941 849324 307422 98604 277570 395866 320251 621883 131235 484169 264351 820660 656229 672105 764272 636189 721331 244690 175149 468442 617823 181207 611205 347018 327342 1055474 201388 310008 645482 167671 835250 664361 662056 216318 858510 320290 120133 495908 344324 356610 330125 596926 598221 819136 446585 758368 417072 376411 316482 91290 189046
865714 864982 486709 854836 745245 209429 180458 364944 507191 311219 817886 499307 828978 734891 237896 205483 823354 511989 143523 301435 533224 891934 385247 450258 605367 730580 342009 559329 766911 410262 567142 774383 626133 878214 155312 609015 999999999 42878 419681 307695 815696 460621 429574 167430 711401 584306 41179 333614 333555 598149 382352 322970 562356 376758 322304 837920 739676 507941 754750 817295 303546 49803 809604 901166 317146 820555 593675 507605 163900 757180 599548 751707 525231 637456 532068 414387 305187 603817 776566 924896 355788 437734 819991 393957 289485 728361 579904 736802 446845 555181 592822 180438 925149 414534 708209 395690 416938 295131 536090 481870
834871 861691 445571 825163 719619 252268 141104 374423 464840 286182 809896 463996 806748 725575 280761 247371 833793 491017 186401 309255 490877 859156 350038 415988 569347 708228 302803 519507 755468 427816 543369 782234 597062 847809 134031 576161 42878 999999999 377522 265269 779911 418270 386930 129623 705804 554592 83726 292676 362919 610933 421511 299299 534139 355181 313619 815172 742808 471311 747373 791569 344848 81146 812997 906358 339837 826919 552419 468730 151152 759203 576599 753507 514558 623384 574721 385020 277637 614867 743831 933794 326244 457638 788933 433124 259033 694828 579917 720626 437059 542881 600448 149774 932904 372180 722963 391646 408793 266041 506221 442986
698541 988310 211259 704678 661159 625705 244528 641413 172638 382340 904438 345583 772378 818993 655937 624893 1058161 530288 561635 582052 190595 694661 163830 335725 403986 686450 112954 293455 827690 723866 540920 993441 522377 715592 324248 457358 419681 377522 999999999 112859 580598 42314 33213 260976 830649 482846 458561 95134 709643 865403 794857 397866 486082 440386 504126 774392 926050 327913 853575 721644 722031 440826 992124 1091409 665643 1025185 278722 282919 410107 933388 574215 926662 632716 692903 951219 382141 359286 859214 594065 1142463 234388 761133 655409 806411 330348 541484 760904 756272 580591 642440 826290 277022 1133937 11852 980321 584036 571116 343482 447118 268689
712000 927677 237974 712744 647007 515064 137649 542587 228882 303492 850989 334085 753708 764110 544808 512541 974155 479909 450361 480831 253369 718114 169106 307822 416577 661385 89611 324798 778805 621386 503713 911837 507894 728022 227294 455078 307695 265269 112859 999999999 614230 153025 122568 155045 767713 465094 347110 53825 599368 772662 682028 320288 460398 370627 414617 757795 850219 324918 796009 713077 609394 331326 918200 1017166 557853 947010 332766 293923 303703 859867 538693 853293 565841 641109 839685 332331 281047 768529 609382 1062934 210952 657804 666726 693586 250105 556262 682599 715992 505292 580746 739115 180810 1056183 106946 888187 497903 491020 263872 422520 272377
160597 732736 377722 187016 271714 1002716 721946 751768 408203 529609 627683 316449 354918 576062 1021387 969462 940829 420557 939644 734950 393111 125003 743905 366539 210588 339065 679782 290745 548169 839368 358691 871424 251379 177383 818811 219790 815696 779911 580598 614230 999999999 558330 547434 738126 630736 272767 853911 646422 923258 857158 1069101 526024 306235 497285 615040 346174 779836 309085 614888 274180 1039668 860961 818054 900200 855006 872756 305564 323102 683709 770198 355692 764153 540204 484668 1275111 419267 525346 836267 99761 978681 810090 874721 141992 1078262 531816 109407 680605 456250 565051 515601 785901 778907 959214 572229 941175 630539 588419 529851 309857 347281
682614 999279 200345 690654 655600 667271 286527 670570 151617 404718 912743 343612 767797 828218 697336 665565 1079138 539717 602962 612639 165268 675208 193146 340162 391577 684811 152286 276677 834477 754739 545174 1013448 518265 699932 366482 449583 460621 418270 42314 153025 558330 999999999 38283 303083 843107 480479 499790 137233 745589 890927 834060 419522 486651 458415 529601 769023 943654 323257 863742 713595 762352 482627 1008720 1107921 699819 1043578 253422 274497 444173 949966 577483 943194 647808 701555 992462 393556 381801 883759 578223 1161237 267091 792409 640537 845589 354148 526330 780135 760032 599500 655370 849270 319275 1151925 46090 1005318 607527 592095 366795 447870 263716
665574 964850 178639 671948 630300 637499 259290 632352 139618 366763 879463 315622 741861 794497 667070 633746 1041577 505767 572595 574581 158190 661462 196760 308392 371389 656907 141669 260305 801897 716701 513748 976089 491890 682656 344060 425767 429574 386930 33213 122568 547434 38283 999999999 276367 808045 452915 469321 118312 709146 852717 800076 381685 457260 421373 491366 743631 906894 297037 829619 690117 729871 453887 972265 1071506 662614 1006618 246054 250954 407067 913507 546614 906748 611736 668045 961636 358630 343815 845633 561088 1124191 266342 754431 622555 811571 315999 508569 742918 728986 562309 620063 811334 296795 1115088 25599 967155 569486 554450 328702 418332 237591
816343 932106 374534 811855 724471 366456 17679 479064 378076 314213 868936 433308 822438 782305 397488 371242 933965 519102 304017 413354 403515 831436 221027 393412 530786 725280 174793 457563 805861 543183 559772 877873 591146 831015 80691 553864 167430 129623 260976 155045 738126 303083 276367 999999999 772509 547281 202665 169662 490477 717066 549769 330671 533829 388702 385778 828898 829209 432743 808893 794711 469970 180867 899238 995647 462204 919233 476995 415678 233985 843030 594856 836907 572436 668814 692990 387430 297401 718016 718129 1030408 205580 575650 770167 561377 269486 666222 661966 757708 500020 595479 697596 46903 1027264 257714 831405 470124 477033 281212 500042 390994
531011 160467 672144 498170 363967 781968 767460 384076 736559 467589 113742 526090 331537 66947 779690 725402 311109 306060 747599 429131 746660 593069 935419 509803 554986 296075 856702 647472 114933 415195 322795 243204 409581 527875 826685 483954 711401 705804 830649 767713 630736 843107 808045 772509 999999999 420150 726117 821496 557755 300246 708108 450434 394861 397227 392563 346013 151172 553895 52377 394566 736511 757550 189321 280459 500783 242251 713370 607491 555096 139501 302906 133560 202509 156686 911166 449553 488792 274269 531718 352322 959519 428849 511993 711649 519890 531367 153767 184495 272566 188241 229742 817048 335389 818837 340111 315779 297751 506231 425655 603663
282098 557291 283865 270620 181913 753289 534090 479000 345129 277209 458727 137303 290363 383441 768545 714391 714254 151719 693653 463732 348131 314923 626615 157869 134856 204346 549649 235746 375521 566896 100912 643625 43882 294058 624387 66453 584306 554592 482846 465094 272767 480479 452915 547281 420150 999999999 618715 512166 652274 598476 800663 269448 33918 230720 344908 293450 556271 157771 422942 249145 777341 632866 607533 700609 583611 656081 298668 210047 434982 552731 117490 546076 280998 263496 1009102 169919 279618 579712 202459 770554 676040 602605 236986 809449 295565 165212 429554 290172 294406 263676 530933 593101 754834 471515 692093 357997 316239 289194 48390 216967
900594 877226 527715 888890 776436 168686 216887 367740 548356 343439 834448 537464 857431 752815 197752 168603 822612 540196 103274 306827 574390 928143 416259 487863 643843 759285 377364 599834 786594 404227 597294 776329 660022 912773 177673 645507 41179 83726 458561 347110 853911 499790 469321 202665 726117 618715 999999999 370965 314719 595818 349645 354166 595758 406084 342136 866767 746272 546851 770923 848466 267442 37678 815756 905384 306550 823826 634704 547694 190426 764771 628994 759526 545082 659712 492677 448971 339105 603212 812822 925454 381410 428911 855058 361195 325309 765184 590038 760536 466409 576262 595660 209515 926830 453737 703428 410744 435341 330089 570695 521976
751526 981422 268786 753928 693901 536085 154286 591604 247523 357188 904340 378680 801837 817521 566988 538964 1026649 532642 473220 528918 269704 754349 116595 356049 454982 710638 37585 355677 831733 668400 554734 964711 554401 767913 229321 498186 333614 292676 95134 53825 646422 137233 118312 169662 821496 512166 370965 999999999 639303 823409 713697 374020 509165 424442 466786 805482 903705 367096 849595 758798 637155 350524 971792 1070714 601017 1000261 354491 331396 349426 913496 589535 906932 619660 694195 862523 384558 334798 819829 647986 1116000 166555 704230 706790 725303 303821 594819 735963 767859 558971 634437 791216 182181 1109439 95008 938989 550501 544382 317593 470878 311774
914547 679418 696471 892521 754075 263261 499233 189595 740109 413058 671131 635437 798549 607109 247774 205856 551324 517487 263400 188545 764019 959583 711430 584681 734780 711510 656874 741376 652262 144908 584754 520506 681914 921578 488646 704133 333555 362919 709643 599368 923258 745589 709146 490477 557755 652274 314719 639303 999999999 328602 156829 410277 620051 427230 308275 811311 519477 656764 609651 819853 182005 351646 581906 656392 69257 572972 795815 682733 303771 543015 604307 539599 444696 561466 368812 513607 426816 344868 852604 657178 688545 146049 874661 163267 437503 817371 404002 664123 382504 480553 358772 512194 663936 701485 418377 308250 351271 431488 613429 660431
791989 375937 769469 762133 618070 588705 719021 238091 828739 487742 399689 651962 616544 365093 575749 530115 227709 447863 576535 303899 846701 849639 922214 614319 721450 556490 851718 778493 414147 195066 501439 191927 608386 792833 744833 663941 598149 610933 865403 772662 857158 890927 852717 717066 300246 598476 595818 823409 328602 999999999 453455 474286 565390 448216 361417 630998 205507 679844 349716 666231 507258 632898 259220 327918 298620 244632 843929 724926 484223 231086 501466 229587 318277 387586 638391 536496 510245 25995 765452 332430 922116 182700 763268 453841 536886 748727 180092 465563 317181 341589 74809 752748 337006 854665 115590 285667 310575 524496 579996 710931
1067787 820738 814930 1046606 909423 220611 562381 346417 851638 547129 820611 771524 955358 760107 190559 185966 660898 670667 259742 339781 876726 1111170 765903 719729 874311 867944 724124 868797 806107 293058 737881 641923 832327 1075344 524773 849324 382352 421511 794857 682028 1069101 834060 800076 549769 708108 800663 349645 713697 156829 453455 999999999 547192 769261 571860 455881 968096 655031 790578 760362 975831 94173 379754 712547 777301 224675 695362 918468 810766 414153 679739 758761 677094 601515 718169 212286 653347 557458 473969 1002380 765461 728476 281872 1027079 11614 562593 965016 554687 820570 538394 637378 497222 559114 775935 788328 522256 463984 506651 559008 759729 787034
550907 610891 303547 537018 422421 483847 322984 272908 358488 17159 540917 225337 507452 453859 499490 445863 660323 192784 424481 231051 378655 583838 486022 174407 327126 408932 408060 334447 475513 364684 244350 595688 308677 562084 395848 307422 322970 299299 397866 320288 526024 419522 381685 330671 450434 269448 354166 374020 410277 474286 547192 999999999 243614 58236 119216 515901 530627 246566 482624 494472 513655 372627 598165 697257 346133 628528 393282 275986 166327 539727 277317 533127 247932 338175 750012 106899 39295 465543 469873 745331 509415 403629 506228 556947 70206 426678 363882 428369 185083 267123 429828 377084 737569 386553 587450 188909 173269 56431 223072 255755
307585 536168 294181 293501 190703 726746 521350 445617 357138 252678 439760 144070 293520 361730 741193 686620 684967 118070 668034 431526 362416 343843 624741 153190 162588 201661 546748 254695 357429 533222 72310 614373 65242 318500 609555 98604 562356 534139 486082 460398 306235 486651 457260 533829 394861 33918 595758 509165 620051 565390 769261 243614 999999999 201397 313380 298213 527955 168356 400734 261027 747672 611351 580864 675056 551242 628325 319537 222341 409868 525331 95715 518621 248479 238839 978291 149592 257179 546878 233134 743573 671061 568832 263431 777924 275608 198127 397724 275791 260488 232609 498352 580135 728411 474534 659994 324344 282454 268098 38964 225535
508166 557425 321262 492029 371332 527311 380739 269540 380890 74491 484734 216746 452255 397590 540648 485703 621861 135840 470469 240396 398496 545117 538210 171310 309254 353827 459486 337326 418008 361809 191383 555377 266403 518300 454042 277570 376758 355181 440386 370627 497285 458415 421373 388702 397227 230720 406084 424442 427230 448216 571860 58236 201397 999999999 119862 461167 485718 242050 427392 443197 546629 426553 551811 651095 359965 585247 400428 280853 215990 493099 222956 486392 195225 280368 778997 92983 93068 436775 433170 702837 564668 400130 464566 580982 123680 393585 321826 370160 141244 211530 397138 435189 693779 428785 558467 165341 138259 110351 188003 264493
614619 549867 422752 595413 464467 435644 383060 154215 477376 129754 496426 334376 529361 412726 444230 387921 559987 220647 385880 120611 497795 655917 571776 286271 429067 433915 497480 450403 444819 246459 286519 499109 376686 623233 434932 395866 322304 313619 504126 414617 615040 529601 491366 385778 392563 344908 342136 466786 308275 361417 455881 119216 313380 119862 999999999 540228 444396 358341 433768 534406 438128 370306 514156 611430 240453 537151 510926 392469 162609 457487 311737 451304 203123 318186 665304 210283 151080 355209 546505 651184 582839 285307 572760 464578 175958 509650 276501 420412 124575 234190 324499 428465 646056 493323 476197 85159 95178 164057 305185 373403
205055 405228 569166 171105 113423 975820 817207 621740 625921 529150 303425 429483 14542 280114 984138 927706 648440 326651 924253 636363 623715 267946 920064 449974 385883 107499 842997 504430 237641 688243 272069 584571 252237 196371 902468 320251 837920 815172 774392 757795 346174 769023 743631 828898 346013 293450 866767 805482 811311 630998 968096 515901 298213 461167 540228 999999999 494155 446595 311748 72148 969560 887711 514186 582084 743823 572209 555958 494663 676348 477654 238585 472873 366697 254395 1180066 441471 539757 605984 253105 664886 968692 714383 205174 974497 563363 282906 455032 165621 432706 330964 556354 875571 642844 763263 685343 506584 465868 553597 335406 506067
