NAME : synthetic_000689
TYPE : CTSP-D
DIMENSION : 100
GROUPS : 8
RELAXATION_LEVEL : 1
EDGE_WEIGHT_TYPE : EXPLICIT
EDGE_WEIGHT_FORMAT : FULL_MATRIX
EDGE_WEIGHT_SECTION
999999999 198477 500776 331086 290452 524018 596801 572220 556764 304198 190910 444061 230896 429514 571319 232377 430605 603648 554688 97152 237180 339253 691022 558115 634064 449202 183173 158236 428311 436792 390685 431399 712697 300954 160382 690232 368082 558308 242497 410805 326262 167102 401218 60142 104216 483226 614978 575616 162493 170673 440005 415286 272775 186376 460643 657087 432406 400360 482691 105639 385090 362601 447316 457236 529702 243349 218883 564459 459103 429609 471793 155410 234611 615379 369213 159927 508418 406407 399477 565392 546126 478413 573080 330965 437930 369159 331023 120724 185445 277455 194427 44857 80441 303865 719391 561152 237580 167755 59504 390661
198477 999999999 380260 373578 322902 672366 772093 476272 702487 319156 66885 537383 236337 259976 573548 140179 599116 793641 409982 206170 362115 462437 714242 457161 657681 425007 61893 40246 499830 627162 199526 617792 705921 258825 297253 665273 565690 724899 418265 344445 384796 347872 214015 156250 296308 325093 809948 657740 225709 330979 636696 303732 422489 317917 591587 656601 450768 554179 483771 247347 186789 560920 481130 637885 578416 328432 235567 524126 407766 564062 612393 109335 212328 797303 244978 225828 310486 480558 579505 636895 618349 617712 543020 135926 374001 390316 135015 222922 382395 241486 289944 153897 277650 190697 910720 645809 374730 348252 223141 255130
500776 380260 999999999 343083 322306 716399 872289 110503 734250 294649 446275 913066 303004 171489 353029 270760 930631 946818 86071 560259 722789 517554 494607 88106 451899 229179 343253 400177 442348 918615 416129 777633 435240 631992 649061 371838 826739 806017 592924 698818 372628 557684 438339 440807 548777 117644 989670 564413 376684 669584 900667 630219 770651 673556 616400 407099 828941 639022 300600 592680 330212 812502 860734 774890 958496 402354 317789 241029 169025 923930 652445 487565 280953 916976 136911 379655 396324 859145 894906 1016720 998050 653546 272399 382083 140339 769757 376033 418861 664438 244292 658297 472261 550877 200019 1060678 560773 496803 667664 553013 125658
331086 373578 343083 999999999 50713 376757 529212 350207 397609 62978 424168 770194 137412 402462 243483 250141 698158 607466 427151 426138 561452 175249 360647 347846 303443 158380 311934 357062 130424 646239 541646 444473 384819 601285 486561 371439 539146 463318 284533 703158 29693 281412 562089 293420 309962 408278 655138 287089 172640 483088 608837 675641 579868 512081 277804 328242 759462 296548 160193 435367 481785 519844 777099 436313 860788 99824 138515 268622 202859 736204 311983 428787 165336 574240 286998 174595 602811 736717 647229 894517 875314 313853 266043 478930 210513 695560 474774 210390 417669 154650 525495 335253 329729 260043 719532 276496 182047 457848 389343 314249
290452 322902 322306 50713 999999999 410778 555238 345205 433948 27926 374064 733013 86701 363177 280879 200479 675125 624622 403481 383545 524575 199478 405808 339623 348422 171051 261232 306895 179918 632583 492093 455808 422249 552974 448689 402311 529308 491854 279911 653898 67739 263446 512337 248568 281874 375425 667787 337288 128678 448783 600971 625196 547728 474495 313992 366700 714779 319861 192603 395803 434034 511583 733706 452672 819209 84758 88227 286975 202574 705169 345761 380182 115252 597331 249590 131007 556655 696857 627173 855697 836443 348481 289741 429014 200473 650797 424948 170397 394370 109502 484500 290683 298202 215809 738991 326385 178806 427212 349572 277596
524018 672366 716399 376757 410778 999999999 174027 702996 33824 434644 697466 844240 476228 773596 472994 590273 658903 293174 801727 608470 663973 216721 471707 706269 442202 501327 620233 640440 281594 543427 867541 219672 564146 822188 613682 598361 434907 102939 290107 932407 348502 362646 884477 530325 430522 784601 362510 251299 450657 581617 470726 938450 638002 630999 100070 517305 915425 123885 451802 589256 825732 410156 915943 176453 971488 357398 467560 573145 559436 758103 65027 675245 510092 229657 660340 449869 953566 841300 593718 972694 955687 62959 552633 802169 578187 858725 799565 449904 455879 518207 672410 557760 461681 623080 381947 239690 298002 534952 557445 688269
596801 772093 872289 529212 555238 174027 999999999 868171 176481 581458 784276 830620 607447 910745 646717 713589 608051 134025 956168 665277 679465 355952 641913 869810 615047 666086 727683 735843 449757 474927 971494 179681 736852 877225 646200 772313 386401 71257 355838 985361 499715 430207 985938 619007 493614 930021 208663 421836 565626 605929 394898 1007302 636265 657717 266907 690915 935051 235697 621574 636549 941410 364876 927632 142145 967116 487800 596378 744280 722223 726914 228112 752188 640668 57366 801893 564100 1070635 841960 543678 953221 938132 229626 724876 907018 737309 885070 905334 552484 476515 656637 706753 637240 521982 757008 208179 411351 407581 557155 615164 830225
572220 476272 110503 350207 345205 702996 868171 999999999 716272 317842 543094 999816 353180 281961 283411 352972 995868 955652 160998 641877 802952 523036 412724 22502 377617 202112 432322 491295 421569 970244 526299 794680 340138 732526 727341 272588 871339 799026 625059 804125 379267 601968 548589 513829 604619 224577 1005128 519014 430045 742881 944025 738209 844944 752649 603763 320763 927018 642440 257031 670506 440498 854746 957103 785495 1053651 429877 367765 160575 147736 1001068 641782 580267 339815 916957 232188 433115 504429 949111 955023 1108298 1089377 641557 192438 490376 145343 866446 484339 475446 721268 297934 742953 549458 611740 287454 1065478 518323 523855 735080 628076 228532
556764 702487 734250 397609 433948 33824 176481 716272 999999999 456936 728826 877377 502213 797124 477331 617259 689518 303269 819940 641799 697729 243744 465453 720509 439657 515558 649556 671110 295051 571994 896756 247006 561209 855372 647495 599005 464785 108759 323789 965597 370068 396067 913976 561940 463924 805886 374969 245581 479644 615425 498081 970825 671357 664823 120044 516522 949248 157135 462442 622882 853357 440141 949724 202320 1004997 384411 494084 581866 574568 790295 90764 707420 536029 233667 683065 478967 980742 874874 624211 1005688 988749 86502 559953 831387 595092 892535 828669 480480 489564 542320 706195 590006 495114 647810 383984 235565 328834 568725 590810 710797
304198 319156 294649 62978 27926 434644 581458 317842 456936 999999999 373612 748042 84940 340912 269654 190090 697446 652186 376227 395007 540169 225510 400523 311950 343227 149172 257267 306486 192643 657806 480768 483685 410092 556566 463797 386131 555463 517454 307225 655337 87282 288359 501520 258522 303212 350305 695647 347854 141770 466213 627430 622698 566142 489727 336893 355573 723270 346392 179524 409836 419349 538047 743559 480248 830694 112065 91036 265706 176477 723921 369631 383675 107285 624125 226167 144421 539885 709940 650587 869410 850136 372047 270687 418764 172874 659287 414430 186087 417107 91839 497060 300606 317821 197073 766343 337857 206492 446713 363656 253861
190910 66885 446275 424168 374064 697466 784276 543094 728826 373612 999999999 475858 289021 318447 633944 203909 555947 794556 472746 166872 310840 494391 772372 523895 715418 487497 121248 67207 546495 596683 203951 621889 768211 192685 253074 729360 545813 741867 428451 282882 432215 354416 212104 167520 294851 385873 804720 703572 264020 292048 614086 252711 375983 270726 622601 717875 383925 576144 543545 210018 218600 543904 414606 646281 512224 367643 285837 588990 472837 510247 640113 54058 268958 805085 311568 263448 329621 417144 542282 572071 553680 645962 607053 150948 439767 323708 152765 250188 363631 301860 235798 147799 270856 257485 910184 690914 400208 317095 197195 320826
444061 537383 913066 770194 733013 844240 830620 999816 877377 748042 475858 999999999 673985 794252 1013020 646891 259451 762551 947364 359892 208743 728884 1124807 983001 1068948 893028 569909 513192 849404 393023 622285 655727 1154569 335473 284349 1134171 447600 828054 573856 366012 760845 522257 615229 495096 469365 861586 727627 978546 606276 289692 465296 454368 207815 258518 820709 1098305 189928 732509 925616 338558 675504 467063 153337 700359 140896 675098 662541 1007719 899599 124749 814845 428066 673576 817857 776158 603623 751126 69065 308074 129714 111844 822625 1017058 599944 874982 199397 604365 562670 394525 715989 257223 455226 444125 714523 846579 962916 633790 325119 384558 790134
230896 236337 303004 137412 86701 476228 607447 353180 502213 84940 289021 673985 999999999 303497 352318 117447 643688 662474 375068 316725 468033 259645 485355 342350 428094 219380 174589 221833 265673 618811 407882 487468 491467 471767 391202 462875 524129 548532 293474 570435 151232 254705 427664 179681 251454 329388 697996 423454 76880 398824 597910 539143 500464 417185 383868 437964 640784 372970 261540 335636 354060 509557 662274 492110 751100 120170 14862 333773 229174 658298 411982 298936 33866 644645 199210 79950 479593 632726 601860 792857 773582 415741 343655 344082 211704 576871 340231 122666 368118 58719 419775 221103 259373 149562 779306 412217 205162 385322 290064 227270
429514 259976 171489 402462 363177 773596 910745 281961 797124 340912 318447 794252 303497 999999999 494228 210404 853002 963677 161835 462899 621727 559269 641406 259515 592735 347996 247786 291743 525622 865837 246654 787153 595162 487785 554595 535994 788985 850762 587604 541823 428193 534085 268437 371835 504770 70686 995141 669597 356559 584486 862764 466704 679944 576417 677160 560277 687445 675716 423120 501805 160600 779306 722583 794519 821843 422962 315210 397432 298172 823939 708639 368168 270769 948076 116101 358863 231091 734591 827539 886808 868846 711536 426427 220645 259244 632154 214695 386389 611460 255626 549912 390952 497109 154158 1081056 662624 507437 594342 470293 90904
571319 573548 353029 243483 280879 472994 646717 283411 477331 269654 633944 1013020 352318 494228 999999999 434197 935681 755635 431451 664031 804330 354862 147957 297126 99252 153321 513314 568072 213759 871882 701548 621271 141550 822112 728929 136684 760156 575460 506037 916766 257101 518494 723998 528019 552700 463436 816833 248920 409369 726535 824911 874738 823209 754614 383202 85949 992773 451995 90885 676572 624903 738521 1013200 598390 1099813 341830 360267 123594 196061 979168 421611 650002 366130 701156 391265 411775 723789 977725 881769 1136411 1117168 418774 93321 647378 235212 928807 642051 451011 657114 332284 765348 570144 573155 405416 853680 252249 409462 700965 630357 408149
232377 140179 270760 250141 200479 590273 713589 352972 617259 190090 203909 646891 117447 210404 434197 999999999 662939 757726 322413 290301 452550 373674 576458 336171 520382 284860 83523 142842 380314 662400 291616 580394 565764 396273 378372 525525 580713 657809 379173 484616 267304 323719 311951 172281 296278 254735 786442 537178 149507 399311 654773 440808 500031 403009 499876 516727 582155 482151 345042 321928 236901 570142 609401 590832 704113 232917 123552 385154 269179 653242 526660 231632 85432 747197 136921 151465 363491 596487 630886 756097 737090 530774 403224 228843 237229 519810 224639 176072 406680 103971 390259 201610 291545 71592 875500 526624 306141 400124 282589 158583
430605 599116 930631 698158 675125 658903 608051 995868 689518 697446 555947 259451 643688 853002 935681 662939 999999999 521266 985026 393020 252959 601685 1021394 983512 969989 846073 605813 563109 740736 139739 746505 447389 1073087 496662 303087 1068450 225988 619860 437847 568548 679874 417490 746918 490745 394629 911042 477722 840949 567034 268696 218502 639466 181425 285699 661359 1015861 427924 565966 858006 352041 774515 250100 400708 493800 398831 598498 629465 962075 869829 135738 645273 501909 656276 585593 799812 563975 878177 302720 65477 361288 349679 652995 963230 704369 855328 408459 707013 521022 280895 697935 328843 463967 384339 734462 594905 825143 527001 263038 383260 820939
603648 793641 946818 607466 624622 293174 134025 955652 303269 652186 794556 762551 662474 963677 755635 757726 521266 999999999 1027830 655989 637752 432799 764814 954758 733771 755563 757305 754915 548836 382302 991835 177624 855649 859064 618989 885913 316995 194576 380008 963009 577874 446068 1003796 637403 500008 991468 74760 544463 608403 574574 302767 997194 583654 625507 372707 807010 888413 313631 719879 621238 972945 300921 875334 171952 902509 547852 649690 844037 807996 649525 334828 755431 693870 82376 861414 606338 1101279 783755 460448 878453 864952 338461 827625 929486 817966 844633 928654 585767 451747 716695 678193 647306 523954 809896 117895 532658 457319 527197 609124 889606
554688 409982 86071 427151 403481 801727 956168 160998 819940 376227 472746 947364 375068 161835 431451 322413 985026 1027830 999999999 603877 765822 600729 568749 140992 529245 314514 383998 436330 528398 982162 403513 856857 500757 648401 694751 433582 894661 890446 668032 703530 456522 627862 424282 494652 612824 91244 1068742 649316 445165 719560 968849 626969 818773 718174 701799 478507 847838 722086 384682 639538 318660 881694 882228 855899 981238 481056 389505 313823 254018 968320 737588 519308 349356 1000039 186323 448014 357024 889843 953180 1044277 1026050 738825 345917 382303 226402 791485 376382 484615 726582 316896 697293 521785 611731 251290 1142469 646011 574580 722436 602983 164087
97152 206170 560259 426138 383545 608470 665277 641877 641799 395007 166872 359892 316725 462899 664031 290301 393020 655989 603877 999999999 162579 433202 786649 625856 729533 536045 219880 171250 525462 430101 368129 491943 804972 214329 91697 779401 385227 633398 320093 324338 422599 245918 373447 137081 178052 524312 657335 672270 254869 125809 450895 342810 217059 114313 551317 749961 335308 484665 574453 43178 384229 386015 351051 523429 435786 340336 306325 649462 539997 364592 559643 114527 314091 677636 424157 252577 496093 316029 375933 476272 457007 566575 660338 317797 515094 272008 319628 216141 208165 356300 103314 95859 147110 360250 768166 657699 331044 151361 51145 441464
237180 362115 722789 561452 524575 663973 679465 802952 697729 540169 310840 208743 468033 621727 804330 452550 252959 637752 765822 162579 999999999 527651 916705 787388 860652 686258 382008 330654 642932 329557 494550 499805 945874 250632 76838 926229 328093 663959 380540 338297 552298 321091 494297 291234 263513 684906 620568 776647 398530 85027 375642 396231 73611 50885 628285 889574 255755 545706 717156 133143 527564 339238 252193 540351 313185 466624 456056 801636 695621 202599 627069 257292 470045 678088 586736 395815 626530 182688 255997 334558 315549 634680 809959 455335 672978 207121 458407 354383 208691 512813 76626 253622 236764 522770 738651 761211 429662 129122 178011 603868
339253 462437 517554 175249 199478 216721 355952 523036 243744 225510 494391 728884 259645 559269 354862 373674 601685 432799 600729 433202 527651 999999999 420684 521960 371352 324297 407515 433358 143744 522492 654184 275199 482142 639429 462856 491532 408906 292501 164099 748617 145558 206909 671896 331288 266479 574795 482938 249662 237452 442755 471119 742785 523417 485020 129159 426115 761883 121470 298249 424831 609612 386298 770300 262551 840544 140757 250839 421111 375316 668409 153035 479595 293509 399429 447827 237031 737100 710331 542656 858203 839714 157387 409730 588876 385613 700648 585977 244244 339051 303687 515420 364859 296292 407377 544305 234045 102183 403813 384896 476049
691022 714242 494607 360647 405808 471707 641913 412724 465453 400523 772372 1124807 485355 641406 147957 576458 1021394 764814 568749 786649 916705 420684 999999999 429669 57393 300565 653087 705644 281098 941583 848759 657631 106993 957088 843516 169389 827272 572809 583677 1054995 365301 611972 871134 653777 656603 607896 832911 220471 533075 835356 885313 1017139 927186 868551 402124 93526 1120021 489292 231963 794211 772702 803876 1137678 626098 1220424 450394 491196 254950 343492 1079319 436007 784195 503418 698991 539220 535115 871422 1094938 963158 1251132 1232041 430859 222928 793701 382839 1056089 788463 570603 750746 473031 885133 695736 680746 551889 849213 232218 498533 804435 748539 555959
558115 457161 88106 347846 339623 706269 869810 22502 720509 311950 523895 983001 342350 259515 297126 336171 983512 954758 140992 625856 787388 521960 429669 999999999 392816 205013 414486 473172 425468 960652 504080 791905 359779 712662 712091 293002 863078 801154 618901 783210 377227 593319 526339 499287 593674 202192 1002936 528478 419037 728657 936094 716633 830616 737259 606653 338434 907755 642141 264570 655282 418230 846943 938220 784015 1035059 423941 357071 175732 147608 986261 644362 561941 327251 917821 212490 422101 482041 931595 943685 1090494 1071621 644409 207862 468683 139191 847465 462642 463993 710337 285995 726418 534173 599811 269398 1065512 527165 518421 722036 613348 207610
634064 657681 451899 303443 348422 442202 615047 377617 439657 343227 715418 1068948 428094 592735 99252 520382 969989 733771 529245 729533 860652 371352 57393 392816 999999999 248035 596396 648616 229343 893646 795155 617609 121955 899788 787152 165106 779706 544716 532917 997940 308727 558295 817422 596456 601387 562688 799863 195261 475780 779698 839556 960839 872322 812278 365041 80004 1062725 447823 177054 737499 720257 756676 1080533 588460 1163599 394099 433844 217180 294671 1025216 400828 726883 446502 671514 487923 477835 821650 1038414 912591 1194949 1175833 396357 185186 739254 333501 998784 734090 513557 697376 416732 828275 638433 625065 497799 823177 204144 445183 749513 691748 505817
449202 425007 229179 158380 171051 501327 666086 202112 515558 149172 487497 893028 219380 347996 153321 284860 846073 755563 314514 536045 686258 324297 300565 205013 248035 999999999 366256 423115 220508 801801 548299 598606 280917 678285 609539 244704 696299 596920 442583 769367 185150 433676 570724 399047 452228 326669 807229 335340 288359 614177 766625 723769 714660 635532 401849 232600 856152 441953 75282 554493 472338 677462 879397 586612 969594 251839 230491 116557 60696 872555 439750 508225 225327 715145 240143 291192 574731 852070 798165 1012232 992958 439630 124294 494131 92125 792534 488782 333861 565394 186847 639147 440311 466937 252190 864231 331597 339968 595755 508635 259186
183173 61893 343253 311934 261232 620233 727683 432322 649556 257267 121248 569909 174589 247786 513314 83523 605813 757305 383998 219880 382008 407515 653087 414486 596396 366256 999999999 59611 438812 619909 247315 580099 647014 313020 310894 608318 548818 677511 378191 403564 323780 312121 264469 128703 269013 305662 778384 596768 170099 337825 621642 365535 435435 334177 536539 596920 498948 504493 423186 256248 215684 541472 526760 596846 622144 270790 174294 468472 352638 584388 559021 148803 150535 755859 206363 170648 344447 517185 579784 676028 657141 564030 486020 181951 320682 436853 179473 175200 367750 181033 315308 143236 255931 145113 875007 585026 324478 346572 222684 222007
158236 40246 400177 357062 306895 640440 735843 491295 671110 306486 67207 513192 221833 291743 568072 142842 563109 754915 436330 171250 330654 433358 705644 473172 648616 423115 59611 999999999 480082 587990 237139 579524 703346 255181 262915 666204 525526 690040 381044 349358 365552 309650 250357 117781 256672 354260 770369 637448 199447 294486 596654 319104 388302 284708 562235 652393 439380 520873 477479 211084 226999 520681 467174 600558 562724 303164 218669 527097 411566 533205 581526 89242 202382 759955 263387 199128 350521 459111 541754 617427 598611 587090 543981 174722 380069 377243 174199 190633 342267 236638 260963 113656 237534 203850 871808 624972 342438 309704 184344 276987
428311 499830 442348 130424 179918 281594 449757 421569 295051 192643 546495 849404 265673 525622 213759 380314 740736 548836 528398 525462 642932 143744 281098 425468 229343 220508 438812 480082 999999999 665883 671913 407878 338397 715466 572269 349878 552535 379470 303601 820544 115043 331681 692234 401920 380047 523434 606879 157958 284964 559823 614749 799123 648606 596460 183179 282438 860655 239619 172033 526686 611981 530020 874197 386772 951820 186092 264550 295659 279753 799135 221770 545289 295169 501132 409523 286127 732017 823821 683260 977211 958308 220886 278853 608931 302184 797470 604857 312716 469977 284448 618614 441853 406195 388688 652430 146552 218081 526265 482494 435530
436792 627162 918615 646239 632583 543427 474927 970244 571994 657806 596683 393023 618811 865837 871882 662400 139739 382302 982162 430101 329557 522492 941583 960652 893646 801801 619909 587990 665883 999999999 797824 325324 1003874 579783 352456 1007731 114581 493240 365983 665861 623765 369484 802020 494030 369924 916831 338082 746857 542868 307895 80452 725543 257954 344101 560395 947338 546867 464588 801895 386939 811689 138726 524696 371096 533770 549970 603989 914792 834153 272712 538993 544591 637857 448920 796060 539840 926174 427525 85453 500461 488305 546432 911467 747590 825731 517298 749197 499768 255780 676548 396351 477706 370908 731860 455685 731349 465630 279904 404091 820124
390685 199526 416129 541646 492093 867541 971494 526299 896756 480768 203951 622285 407882 246654 701548 291616 746505 991835 403513 368129 494550 654184 848759 504080 795155 548299 247315 237139 671913 797824 999999999 816659 819065 288600 448257 766194 749753 923458 617744 311613 558723 546787 22745 354914 492521 313829 1005595 828503 417123 490624 817737 226452 565088 462021 782934 777278 480372 751403 618272 411150 86095 747773 520041 837357 618363 515715 411760 623442 512127 682390 806151 253708 376938 996777 315151 417791 132126 555696 739210 692510 676273 811064 649082 65374 473033 435137 68260 420637 567504 390775 418034 346056 471115 297581 1108513 818136 571426 519421 401135 305964
431399 617792 777633 444473 455808 219672 179681 794680 247006 483685 621889 655727 487468 787153 621271 580394 447389 177624 856857 491943 499805 275199 657631 791905 617609 598606 580099 579524 407878 325324 816659 999999999 736682 701456 467557 756452 221402 173745 202407 808610 415521 269929 829280 461771 327192 816852 212038 445651 431246 426612 251175 834753 457931 478419 256558 683644 755439 170306 572449 460841 795782 197500 748491 46411 790467 375805 474307 695943 647226 557404 226860 585393 518211 185694 686676 429127 924329 664019 381926 780540 764795 233441 683342 753719 653403 705430 752708 408148 297586 542869 528051 474124 353166 633716 295520 431226 282955 377862 442956 714724
712697 705921 435240 384819 422249 564146 736852 340138 561209 410092 768211 1154569 491467 595162 141550 565764 1073087 855649 500757 804972 945874 482142 106993 359779 121955 280917 647014 703346 338397 1003874 819065 736682 999999999 958312 870474 71253 890822 666612 639531 1050276 397260 656921 841771 668612 693332 552312 921447 316077 550561 867905 952997 1003605 964183 896163 486059 57271 1132240 566460 230567 818026 738458 868400 1153420 708812 1240735 482556 500117 197786 307203 1119742 522281 787159 502965 793393 504098 553006 826094 1119091 1017819 1277896 1258649 517954 170148 768969 346063 1068336 763374 592495 796001 466708 906573 710683 714289 528908 944937 325650 546088 841759 771802 516217
300954 258825 631992 601285 552974 822188 877225 732526 855372 556566 192685 335473 471767 487785 822112 396273 496662 859064 648401 214329 250632 639429 957088 712662 899788 678285 313020 255181 715466 579783 288600 701456 958312 999999999 241878 921229 565903 847296 534405 110226 604693 459994 280215 314032 392211 558145 852578 868788 431259 288136 621078 145784 323754 240959 761581 906888 199698 698309 731302 240747 350022 572494 236026 735100 335463 530176 466087 781424 665395 408993 771956 172928 455995 886686 500338 429856 415881 267860 506278 405679 388887 778716 798957 275323 632450 147634 280510 404022 407461 491671 186593 276011 361399 449281 967449 855005 538272 333184 265464 506514
160382 297253 649061 486561 448689 613682 646200 727341 647495 463797 253074 284349 391202 554595 728929 378372 303087 618989 694751 91697 76838 462856 843516 712091 787152 609539 310894 262915 572269 352456 448257 467557 870474 241878 999999999 849921 325045 623605 324951 344020 478462 259031 451011 214681 196408 615846 610746 710112 322068 46779 383819 384870 125396 25995 569940 814366 302641 492357 641289 56837 471669 330773 307785 504631 379743 393122 379265 724837 618834 274873 572090 199123 393367 650927 513668 319385 578673 251752 290971 408029 388854 579511 733321 402556 596429 245048 404930 278325 170017 436164 60559 177921 167348 449171 726019 694888 362671 91814 101174 531803
690232 665273 371838 371439 402311 598361 772313 272588 599005 386131 729360 1134171 462875 535994 136684 525525 1068450 885913 433582 779401 926229 491532 169389 293002 165106 244704 608318 666204 349878 1007731 766194 756452 71253 921229 849921 999999999 896394 701300 641755 1009343 388576 650966 788939 642327 681143 489440 948979 358043 527894 851093 961492 958074 949696 875842 513380 85104 1100816 586600 211331 795862 683859 874912 1124062 732135 1213879 471186 473087 143386 258962 1106758 551086 752311 470029 827907 451344 530552 766035 1095194 1015705 1255036 1235757 547582 122307 718895 295978 1037224 713156 571899 788636 431049 882167 683947 699664 482291 980303 365317 543884 828416 749720 460942
368082 565690 826739 539146 529308 434907 386401 871339 464785 555463 545813 447600 524129 788985 760156 580713 225988 316995 894661 385227 328093 408906 827272 863078 779706 696299 548818 525526 552535 114581 749753 221402 890822 565903 325045 896394 999999999 394176 255737 663203 515415 269925 756919 420206 284466 834988 292845 632510 450261 278313 74223 709845 268438 325249 446716 834490 573240 350773 692427 344021 752463 24878 558742 267813 586622 445326 509279 807610 731822 340538 426530 497394 546266 370380 710107 447329 873267 466761 160525 567611 552994 434073 802852 694250 726107 532578 695025 410106 183363 582687 379616 412027 293039 647572 411601 616969 357294 237019 348619 735550
558308 724899 806017 463318 491854 102939 71257 799026 108759 517454 741867 828054 548532 850762 575460 657809 619860 194576 890446 633398 663959 292501 572809 801154 544716 596920 677511 690040 379470 493240 923458 173745 666612 847296 623605 701300 394176 999999999 315874 956676 434064 391376 938857 574885 457505 867260 266840 352409 511870 586209 415442 972545 627424 637524 196346 620164 919372 175774 551051 608088 889042 370704 915129 127984 961341 428377 538195 673472 653677 731130 157704 713280 582123 126822 740204 510583 1018046 833551 554511 953653 937703 158832 653823 858470 669876 866472 856446 502866 456568 595572 683928 596622 487311 697764 279009 341463 353829 537735 582504 768459
242497 418265 592924 284533 279911 290107 355838 625059 323789 307225 428451 573856 293474 587604 506037 379173 437847 380008 668032 320093 380540 164099 583677 618901 532917 442583 378191 381044 303601 365983 617744 202407 639531 534405 324951 641755 255737 315874 999999999 644424 259975 75508 631401 263621 142411 621200 407545 409440 231057 296195 324378 656839 366358 343670 247972 582658 627517 167555 436703 299210 593829 235623 630477 219620 692726 195186 279422 552419 481660 506387 247308 397690 321993 379038 491404 228741 722619 561825 379679 703570 685523 254800 547154 553973 480031 569642 552670 205773 179627 351174 382886 281710 173010 435389 497896 393608 102626 252167 268949 518982
410805 344445 698818 703158 653898 932407 985361 804125 965597 655337 282882 366012 570435 541823 916766 484616 568548 963009 703530 324338 338297 748617 1054995 783210 997940 769367 403564 349358 820544 665861 311613 808610 1050276 110226 344020 1009343 663203 956676 644424 999999999 708358 570143 296129 420893 502328 612287 953165 975166 535617 388870 713841 95196 407988 338966 871429 1000481 187515 808530 826420 349018 388872 671713 229945 843220 320955 636278 566051 867527 751079 463059 882105 275281 551698 993327 573834 534419 422049 297560 587557 401875 388342 888844 887186 321228 716068 168063 327151 510939 512678 584552 285263 384231 471448 529657 1069409 961634 647794 435820 375483 575625
326262 384796 372628 29693 67739 348502 499715 379267 370068 87282 432215 760845 151232 428193 257101 267304 679874 577874 456522 422599 552298 145558 365301 377227 308727 185150 323780 365552 115043 623765 558723 415521 397260 604693 478462 388576 515415 434064 259975 708358 999999999 262392 578712 293230 296128 436128 625902 272991 173507 472262 584286 684656 567212 503655 250075 340176 757368 266860 178810 428926 501683 495593 773505 406822 855207 85830 149553 292475 231710 722485 283596 433186 181874 544582 313315 175032 624370 729692 627558 886366 867229 285696 287714 495202 240147 693659 491276 206620 400342 176762 520000 334388 317895 282985 689849 261335 158248 444625 383332 340877
167102 347872 557684 281412 263446 362646 430207 601968 396067 288359 354416 522257 254705 534085 518494 323719 417490 446068 627862 245918 321091 206909 611972 593319 558295 433676 312121 309650 331681 369484 546787 269929 656921 459994 259031 650966 269925 391376 75508 570143 262392 999999999 559667 191873 67884 573539 466594 456464 182828 236091 343413 581357 318037 279914 311250 599651 561029 238965 440755 227791 527391 254861 566691 291954 634225 182507 239901 548182 464669 467478 315697 322423 278510 451046 445679 180040 655371 503761 365823 651429 632890 322883 547321 483797 456964 501600 482818 147712 139279 313398 314698 207056 99048 385678 563479 440897 113600 197148 194836 472230
401218 214015 438339 562089 512337 884477 985938 548589 913976 501520 212104 615229 427664 268437 723998 311951 746918 1003796 424282 373447 494297 671896 871134 526339 817422 570724 264469 250357 692234 802020 22745 829280 841771 280215 451011 788939 756919 938857 631401 296129 578712 559667 999999999 367977 503945 335026 1016107 849083 434552 494278 824054 208572 565676 463664 800822 799892 468603 767535 640492 416190 108135 755647 508840 850900 606580 534059 431145 646183 534803 679027 823477 259669 397102 1010285 337884 435116 136003 548011 741614 681915 665995 828498 671800 83691 495729 425421 87438 436384 575427 411911 418083 356897 481624 319726 1120142 838575 587703 524778 408600 328679
60142 156250 440807 293420 248568 530325 619007 513829 561940 258522 167520 495096 179681 371835 528019 172281 490745 637403 494652 137081 291234 331288 653777 499287 596456 399047 128703 117781 401920 494030 354914 461771 668612 314032 214681 642327 420206 574885 263621 420893 293230 191873 367977 999999999 141557 424025 654317 554766 120780 229509 493206 411590 331350 240427 457979 613967 466303 408667 438045 158092 339107 412779 485311 482964 572279 216216 169277 512878 404782 487267 473829 148389 178894 642325 309081 118863 465586 453047 459046 613186 593913 479872 523332 292091 381759 402343 291265 90072 239979 221609 240100 42148 127236 243736 754473 541033 234080 227850 114330 330672
104216 296308 548777 309962 281874 430522 493614 604619 463924 303212 294851 469365 251454 504770 552700 296278 394629 500008 612824 178052 263513 266479 656603 593674 601387 452228 269013 256672 380047 369924 492521 327192 693332 392211 196408 681143 284466 457505 142411 502328 296128 67884 503945 141557 999999999 550751 513697 514003 174646 179804 358496 515105 271262 218980 377068 636291 496369 306805 469819 160938 480601 274612 503864 353412 575108 210870 236856 568596 475332 426471 382956 258953 268339 511255 427169 171580 606579 445594 350564 597283 578435 390056 571425 431268 462093 436068 430860 130179 116670 308012 249677 147312 31292 363800 616198 498705 166535 148533 126956 452004
483226 325093 117644 408278 375425 784601 930021 224577 805886 350305 385873 861586 329388 70686 463436 254735 911042 991468 91244 524312 684906 574795 607896 202192 562688 326669 305662 354260 523434 916831 313829 816852 552312 558145 615846 489440 834988 867260 621200 612287 436128 573539 335026 424025 550751 999999999 1027232 658650 391803 643448 909131 536157 740812 638452 686047 522338 757746 694336 401444 561795 228371 823788 792609 820498 891785 444596 342708 356642 270605 887466 719648 434180 299315 970386 130178 394407 279853 802816 882669 955998 937924 721823 387385 291060 234615 702043 285138 426699 661244 274986 614490 447192 546152 187978 1107919 653221 534267 650092 527794 102258
614978 809948 989670 655138 667787 362510 208663 1005128 374969 695647 804720 727627 697996 995141 816833 786442 477722 74760 1068742 657335 620568 482938 832911 1002936 799863 807229 778384 770369 606879 338082 1005595 212038 921447 852578 610746 948979 292845 266840 407545 953165 625902 466594 1016107 654317 513697 1027232 999999999 613102 638584 564843 262370 994022 560876 614202 436003 871569 865134 368045 776110 619826 992927 281763 848827 221097 868443 587738 684532 900281 857453 610113 399193 762220 728044 156591 897098 636282 1119903 754606 420641 838442 826004 403512 885442 944914 864785 825415 944552 611514 449506 754064 668090 659541 534538 842602 119473 600754 494399 519477 613207 924993
575616 657740 564413 287089 337288 251299 421836 519014 245581 347854 703572 978546 423454 669597 248920 537178 840949 544463 649316 672270 776647 249662 220471 528478 195261 335340 596768 637448 157958 746857 828503 445651 316077 868788 710112 358043 632510 352409 409440 975166 272991 456464 849083 554766 514003 658650 613102 999999999 440650 691920 684112 956282 772857 732982 189606 273855 1005642 283332 265258 668873 766249 608142 1016325 410780 1089062 338888 422507 367004 395425 915825 219696 700317 452397 478776 554416 441591 883589 959216 779137 1107851 1089343 213813 339869 766002 426441 943302 761816 464772 587628 438913 760488 593395 542796 540726 629564 15853 347488 653468 626569 578701
162493 225709 376684 172640 128678 450657 565626 430045 479644 141770 264020 606276 76880 356559 409369 149507 567034 608403 445165 254869 398530 237452 533075 419037 475780 288359 170099 199447 284964 542868 417123 431246 550561 431259 322068 527894 450261 511870 231057 535617 173507 182828 434552 120780 174646 391803 638584 440650 999999999 325917 524315 516433 426826 348014 366540 495255 586947 337108 320314 268113 377251 436669 605234 441356 690546 103739 62457 404471 304090 584790 389029 260342 96026 598076 263123 3070 506182 568630 524984 727850 708581 393974 411589 351759 288301 523014 349026 46318 291316 133702 356012 162663 182866 204734 726122 427622 158255 309842 221912 290005
170673 330979 669584 483088 448783 581617 605929 742881 615425 466213 292048 289692 398824 584486 726535 399311 268696 574574 719560 125809 85027 442755 835356 728657 779698 614177 337825 294486 559823 307895 490624 426612 867905 288136 46779 851093 278313 586209 296195 388870 472262 236091 494278 229509 179804 643448 564843 691920 325917 999999999 337239 431547 102126 51808 543655 811246 334343 462189 640747 83637 509958 284358 334659 465065 398211 386432 385920 730384 627936 259537 543172 238744 404866 608655 535966 323047 620108 267670 250259 417494 398671 550740 736877 442670 608020 280267 444720 280344 129813 447649 103665 197940 154634 470812 680595 676450 345295 48776 116753 555707
440005 636696 900667 608837 600971 470726 394898 944025 498081 627430 614086 465296 597910 862764 824911 654773 218502 302767 968849 450895 375642 471119 885313 936094 839556 766625 621642 596654 614749 80452 817737 251175 952997 621078 383819 961492 74223 415442 324378 713841 584286 343413 824054 493206 358496 909131 262370 684112 524315 337239 999999999 766333 308978 380529 495503 897186 608762 400781 759934 408698 823297 89389 589823 295981 606146 516611 583071 876760 803542 348295 471321 564417 620334 368483 784330 521393 942740 494228 158648 577073 564211 478526 870932 763562 798713 573834 764553 484317 254605 656521 434666 483498 366249 721768 381304 668878 426797 300203 417221 809762
415286 303732 630219 675641 625196 938450 1007302 738209 970825 622698 252711 454368 539143 466704 874738 440808 639466 997194 626969 342810 396231 742785 1017139 716633 960839 723769 365535 319104 799123 725543 226452 834753 1003605 145784 384870 958074 709845 972545 656839 95196 684656 581357 208572 411590 515105 536157 994022 956282 516433 431547 766333 999999999 469102 385850 869454 956344 281702 815153 785848 375957 308648 715457 324016 865763 416105 619830 537128 814949 699171 543460 884117 263800 516051 1020446 512539 515753 329038 385349 651486 496681 482837 890391 836914 248144 662318 254976 254195 499279 545895 544127 331669 380882 485749 475802 1107533 943617 645178 474947 392258 510607
272775 422489 770651 579868 547728 638002 636265 844944 671357 566142 375983 207815 500464 679944 823209 500031 181425 583654 818773 217059 73611 523417 927186 830616 872322 714660 435435 388302 648606 257954 565088 457931 964183 323754 125396 949696 268438 627424 366358 407988 567212 318037 565676 331350 271262 740812 560876 772857 426826 102126 308978 469102 999999999 105285 612908 907241 304934 524915 738765 179262 594238 282766 292544 500943 334436 481653 487384 831055 729635 157964 607222 321945 506964 629853 636302 423912 696754 206203 182553 337456 319648 614991 836772 523389 710063 265338 526153 380909 186821 549732 147813 298423 250193 571355 679918 757146 431072 122820 217730 655318
186376 317917 673556 512081 474495 630999 657717 752649 664823 489727 270726 258518 417185 576417 754614 403009 285699 625507 718174 114313 50885 485020 868551 737259 812278 635532 334177 284708 596460 344101 462021 478419 896163 240959 25995 875842 325249 637524 343670 338966 503655 279914 463664 240427 218980 638452 614202 732982 348014 51808 380529 385850 105285 999999999 589978 840000 284425 510595 667098 82374 489086 332871 287108 516776 356210 418188 405259 750830 644739 250531 590976 216678 419196 660362 537866 345324 593214 227364 278316 382714 363573 598469 759305 418673 622186 229058 421318 304163 181442 461976 54398 203197 190710 473577 730596 717683 385504 100567 127139 555591
460643 591587 616400 277804 313992 100070 266907 603763 120044 336893 622601 820709 383868 677160 383202 499876 661359 372707 701799 551317 628285 129159 402124 606653 365041 401849 536539 562235 183179 560395 782934 256558 486059 761581 569940 513380 446716 196346 247972 871429 250075 311250 800822 457979 377068 686047 436003 189606 366540 543655 495503 869454 612908 589978 999999999 435588 872248 95988 354722 537991 736562 422052 877086 224009 940694 267862 376374 477410 459618 746451 38850 605757 417572 319389 563023 366157 863223 809793 597987 950362 932517 37796 458456 717676 478118 812780 714694 372463 426245 422600 625933 489625 408168 528324 471527 174885 224464 500132 501383 590754
657087 656601 407099 328242 366700 517305 690915 320763 516522 355573 717875 1098305 437964 560277 85949 516727 1015861 807010 478507 749961 889574 426115 93526 338434 80004 232600 596920 652393 282438 947338 777278 683644 57271 906888 814366 85104 834490 620164 582658 1000481 340176 599651 799892 613967 636291 522338 871569 273855 495255 811246 897186 956344 907241 840000 435588 999999999 1078584 513339 176429 762252 698383 812206 1099130 657018 1185739 425588 446098 166073 265798 1062653 472564 735088 450955 746954 463650 497646 791269 1063481 960707 1222020 1202785 468624 134953 725173 305295 1014628 719699 536673 738734 416015 851198 656090 657457 483749 899078 281756 488870 784755 716053 477897
