NAME : synthetic_000046
TYPE : CTSP-D
DIMENSION : 100
GROUPS : 8
RELAXATION_LEVEL : 1
EDGE_WEIGHT_TYPE : EXPLICIT
EDGE_WEIGHT_FORMAT : FULL_MATRIX
EDGE_WEIGHT_SECTION
999999999 94500 367419 573723 280129 486464 175113 466310 758800 544886 303087 371655 491733 517892 516208 456399 491128 304485 584554 622070 373390 814859 820984 526331 384403 433527 652586 333455 415139 544898 449117 730826 619462 426169 687149 74589 269211 606332 387558 659821 477973 408787 458598 849963 404943 498791 415079 689677 125150 781012 405181 479559 209555 656505 158896 675070 723007 756607 495790 209743 658856 675307 811032 382665 351653 481656 101202 301732 779149 463521 681166 385001 498549 221209 665077 480785 439173 566150 258188 373587 530458 543831 752883 612982 704585 443673 498694 224873 728017 860947 400027 154286 112872 824511 334344 338187 542371 699507 122282 656483
94500 999999999 363611 668220 348870 532493 267294 551457 846439 612412 269368 340215 575959 612349 603208 517352 576257 304163 677365 698086 363753 901425 909596 609507 469815 500394 746842 354462 372455 621613 514568 816676 713782 512923 780156 110378 360218 684354 399729 726729 559607 499639 549216 935792 362692 569864 507904 783916 32513 874528 394296 533109 288193 747851 253361 768804 813074 836896 544938 301858 748306 766398 899857 365695 425495 569966 60924 344599 870952 458767 772786 433751 574234 133164 757991 489091 422094 647549 217202 387095 624514 621470 842365 705679 799083 443029 479679 312493 819889 944659 493788 170218 192752 915462 325659 432457 612394 791928 196261 746545
367419 363611 999999999 729245 624906 275049 389987 494200 1007118 430198 131639 702535 505248 674627 549336 802859 512616 63027 679618 546471 22904 801047 1058858 814066 675510 771890 823328 700289 729430 488740 348832 718736 752101 705943 772606 438566 422471 908759 752547 989512 775662 510247 708820 1105591 720155 416752 543416 857580 379806 962716 757096 833990 317142 717121 419545 860184 758001 694038 853864 404222 899874 899985 821843 729195 340747 746364 422206 666870 988471 96355 742815 226338 446326 450042 867162 844866 785677 858526 578840 738911 664406 494401 777286 823194 849690 803055 142064 531363 788292 1128049 619918 213348 318829 861369 687550 521365 443225 772276 477593 699601
573723 668220 729245 999999999 448772 575356 407430 269451 328578 449414 768044 812752 277340 57381 237726 484661 265947 688761 113640 396676 749955 376952 359571 299045 299899 441979 94574 640326 873584 365724 445922 328391 57288 268640 160651 591145 327542 378333 692185 510106 316396 219624 201526 422959 864592 409508 186292 128387 698444 233658 777275 536761 434003 184014 414899 135380 252915 418426 568239 375134 235545 209687 340223 781283 395394 230975 658658 555827 269566 787683 192189 534734 368695 788873 155609 755136 818278 327222 755204 681277 68724 355942 284860 135114 131192 766753 860486 386065 219762 459335 187486 611820 497148 316514 730119 237582 427713 185409 506129 212592
280129 348870 624906 448772 999999999 656684 261262 490299 522755 643875 580603 367126 517281 407412 517630 178611 510663 563027 512731 675820 635497 787952 589041 276669 160434 153417 496699 193171 428607 604568 569011 715736 505271 204235 600816 238905 306317 338932 249100 379947 224342 396528 264171 603695 420142 590087 374246 530301 366093 597878 329031 210215 349534 597334 219936 502314 672024 775442 233045 270259 437407 466597 765432 332619 460172 263980 304935 108961 573017 717212 616089 561987 569860 421929 478243 325816 370284 308604 331880 236786 438301 599054 705337 426642 563239 324752 763921 116085 655478 606640 266463 418075 307578 756360 282214 286079 631954 621617 157887 611830
486464 532493 275049 575356 656684 999999999 396783 306751 893259 169998 393520 857980 304294 530930 349450 816007 314890 287016 493359 287540 296574 547052 932545 754877 639704 775686 667489 793998 899170 247989 129458 470400 579390 654349 568157 558856 363406 854949 853731 962581 731174 370327 630778 991363 889077 179278 411746 696029 559815 801168 887514 859284 310265 504831 439659 710434 527873 429430 885937 386925 789136 775951 576192 867534 209822 674801 576677 734998 844845 271771 528148 101647 219255 652581 729092 946390 923473 799028 741422 839238 506672 256288 540510 696257 673716 918852 348243 542112 568353 1022828 535377 364524 384278 624549 817174 438062 188381 560658 551671 479717
175113 267294 389987 407430 261262 396783 999999999 297619 632463 407104 384422 506250 324153 350435 344475 429281 322165 333232 410073 466237 405064 642594 689710 425087 285527 392947 491941 404500 558636 389375 320781 559516 449627 317091 512891 217601 94526 518842 465384 602487 385696 233848 327991 728833 548480 355745 240631 528954 299142 625935 513617 468385 88350 481392 43285 519290 548200 592423 493253 34639 527026 535393 636873 500417 212150 361530 272301 339609 634119 475040 506068 300809 346267 396318 515205 555992 552951 469232 409844 450972 359092 386644 578357 465309 538562 535165 532050 150395 552970 747044 249874 215907 91674 649422 446705 169895 399730 524702 168887 481714
466310 551457 494200 269451 490299 306751 297619 999999999 592951 189113 562369 798798 27466 229052 56804 607515 24829 466614 190384 186039 516538 350220 628413 490165 407901 562825 360814 671282 853390 120620 177419 265230 273396 405938 278530 515176 206515 587626 731546 708962 480142 97954 362929 689711 843328 142715 133838 389371 583966 494770 794777 657921 265168 223875 331206 404045 273773 295937 688523 265592 492061 474294 352926 786458 156292 407514 566713 593302 538509 537458 249872 278754 104254 684322 424383 814696 835610 531010 707129 717872 201098 113105 298957 395307 369175 805856 613454 381462 296482 723602 275657 436306 358708 379143 732116 206828 169448 278379 458587 210191
758800 846439 1007118 328578 522755 893259 632463 592951 999999999 777137 1016856 863390 603852 363975 565909 436053 592396 957095 436348 723064 1025406 644732 67034 246449 377268 414908 253834 668667 923518 694223 765140 623900 349765 333552 429952 744496 584649 220819 699180 316015 298803 523881 304915 99084 916863 735149 483242 245293 870392 195647 796022 471805 691419 483704 618758 210119 531896 722344 494784 609632 107318 119068 594276 814166 697337 277194 815074 597931 118995 1078648 479085 839209 695029 939979 176039 724692 831059 221752 852180 693907 393804 684461 555841 197671 295415 760561 1146077 534329 480686 130884 387591 847961 721700 543551 775087 485930 755643 455226 652715 517301
544886 612412 430198 449414 643875 169998 407104 189113 777137 999999999 534213 908197 173884 415126 211781 780121 185306 427082 351793 118135 452823 377391 808373 677619 585725 736425 535428 809153 956860 87716 98362 300475 441379 588943 412545 608925 338173 775815 870223 895246 664608 280124 550197 872352 946626 53949 319899 559517 643300 661420 920633 828545 338217 347155 448857 580148 361738 263943 858040 384166 678586 658077 406310 906532 196370 594981 644313 738289 713550 440087 368561 209664 85051 742572 604878 958840 959730 719133 801905 855948 383344 97425 372242 580242 529934 941415 517162 528720 405498 908020 459890 460242 432415 455792 853188 377879 22266 401693 575758 318946
303087 269368 131639 768044 580603 393520 384422 562369 1016856 534213 999999999 596628 578380 711195 619127 758406 583831 107622 736291 645798 118943 891823 1073552 803616 660789 733178 859414 622078 617181 580578 443533 807223 799149 697026 835025 364119 443358 892243 668953 957801 759843 556562 712377 1113213 608404 511461 583169 895395 277300 997596 660399 782640 334759 785399 402127 892008 834751 794485 798661 408210 911166 917798 906632 629839 406416 744889 330292 602375 1013570 209832 811526 324549 534691 331774 892960 758424 685135 846487 473621 656173 708151 584717 857440 845069 895059 711471 213254 504971 858575 1130727 632057 170368 296857 939868 593299 541179 543982 838490 424105 772431
371655 340215 702535 812752 367126 857980 506250 798798 863390 908197 596628 999999999 826053 767528 839380 434089 822522 644105 865043 972431 700988 1129418 930361 621591 526588 448857 863824 194882 61597 895624 815414 1050838 868297 568922 959245 301134 592565 651948 177791 628870 571190 719005 631032 930251 53787 858960 708670 897347 322853 961623 95046 413693 570233 947522 468600 868655 1020851 1094677 404287 535182 791572 825448 1113842 60648 711955 627092 285689 269287 930119 796536 968630 756609 852201 274652 842884 218773 97183 641640 123739 177548 794581 892816 1053513 792121 930098 158142 809874 435504 1011013 922144 626507 507090 479244 1112037 88409 618034 903058 978123 340248 957086
491733 575959 505248 277340 517281 304294 324153 27466 603852 173884 578380 826053 999999999 241248 45881 632465 11457 480544 189087 159831 527807 326794 636907 510327 432177 587664 366315 698673 880513 98374 176534 241357 275642 428692 270312 541595 233626 606935 758906 729720 502134 123208 383502 699697 870441 132248 156701 393097 608449 497534 822243 683123 288720 212082 358234 410351 256372 268808 713855 292424 504727 484861 332114 813889 172177 427813 592361 620555 544616 544149 237632 285521 91369 708973 432928 841882 863073 550459 733856 745247 210187 89996 279862 406633 369421 833255 620775 408800 283113 734705 298348 457030 383250 361554 759548 233103 153020 267657 485819 194947
517892 612349 674627 57381 407412 530930 350435 229052 363975 415126 711195 767528 241248 999999999 206861 461360 229821 633043 115368 375749 695095 394586 401668 292857 267206 417277 149001 600333 827892 335250 402060 335591 103333 242415 193434 537512 270194 381392 654182 510747 300733 167214 178940 461150 818708 371521 131237 184343 642816 288307 736412 513925 376908 198498 358997 186082 272415 417854 545652 317946 263494 245576 364191 738560 343972 216196 604279 515798 317905 735182 213181 484707 331850 734207 198957 721401 777693 326976 705415 642685 40026 325762 305641 166305 188168 729390 807210 336372 249136 494562 141382 554471 439907 349493 686519 180749 394104 214890 454094 220923
516208 603208 549336 237726 517630 349450 344475 56804 565909 211781 619127 839380 45881 206861 999999999 621533 36901 522935 144092 174093 571794 298650 596617 486628 419768 576466 324247 703546 895232 128701 222230 215043 231864 411681 224762 561712 250937 581139 763031 706611 482686 122115 361480 660683 885262 174812 145554 349795 635712 453542 830472 673040 318971 167868 375120 368739 217201 258495 704221 311204 469020 446851 298065 824044 212895 404860 615820 623373 502581 589703 193719 330960 133368 735648 393109 843400 871641 525133 751845 749692 172627 119088 243017 369741 324506 838059 666207 413783 240000 696771 282503 492210 410746 322542 769743 231594 190004 222966 500151 153387
456399 517352 802859 484661 178611 816007 429281 607515 436053 780121 758406 434089 632465 461360 621533 999999999 623796 741233 576435 791735 813812 855901 502252 211819 201946 45110 499830 240616 492379 727462 716464 794742 540916 218970 645311 407298 454244 218899 263903 212655 173495 509575 283904 496924 486543 726403 477128 525984 530259 564195 360879 52592 516987 659767 390915 489247 733144 869150 84334 431299 380229 420731 823506 381264 611076 255472 466968 187961 517908 894449 673084 725980 699853 569729 454597 293029 395125 217976 446905 259688 499458 720444 766123 411695 570553 324802 942313 278892 704274 488071 340388 596684 484597 800747 347302 403185 765238 669816 334433 681727
491128 576257 512616 265947 510663 314890 322165 24829 592396 185306 583831 822522 11457 229821 36901 623796 999999999 486843 178671 168010 535105 325519 625517 499798 423165 578934 355102 693108 877348 108917 186734 240451 264756 418983 261635 539752 230603 596201 753197 719310 492128 115269 373112 688255 867300 143594 147333 382071 608764 486649 817479 674615 289786 204507 355348 399079 251250 272168 705433 289948 493292 473406 328959 809577 177415 417338 591505 614511 533376 552869 230256 294100 102791 709137 421525 835637 858398 539763 731510 739604 198741 100297 275658 395178 358877 827716 629335 403080 276215 723249 288685 460042 383506 356587 755230 225715 164388 259772 482392 188735
304485 304163 63027 688761 563027 287016 333232 466614 957095 427082 107622 644105 480544 633043 522935 741233 486843 999999999 646910 539653 72828 788315 1010461 758267 618387 710903 782044 637533 673075 476108 337806 704314 715185 650206 743040 375946 373500 851810 690117 929839 718586 471907 656271 1055096 663632 406013 502477 817074 322247 921283 696382 771739 265686 690486 360622 817346 736259 688311 791340 349972 850110 852290 805163 669061 310511 692586 361774 603865 943449 159055 716484 217525 431066 398038 822124 782614 725691 802462 520633 676424 625745 480696 757627 776670 812312 741450 201421 471533 762932 1076166 569509 150339 258219 840863 626536 472852 437366 744681 414783 675445
584554 677365 679618 113640 512731 493359 410073 190384 436348 351793 736291 865043 189087 115368 144092 576435 178671 646910 999999999 286769 701515 280032 460443 405186 380295 532180 185873 705783 924334 265016 365393 220666 89898 357470 102989 615378 318486 489328 761413 620393 415712 183093 294292 527419 914844 318475 169492 207826 709145 310061 840283 629020 412935 84956 428793 231027 159756 306427 660757 375542 347927 318854 252914 840026 338873 330738 678019 621684 362670 727113 103752 468758 277022 805247 260467 831881 881750 436664 793851 749393 77150 255138 193160 247744 180419 836965 802633 429675 146713 566141 247605 593336 492203 247274 786977 252549 329591 115647 538904 105559
622070 698086 546471 396676 675820 287540 466237 186039 723064 118135 645798 972431 159831 375749 174093 791735 168010 539653 286769 999999999 569224 259512 746046 660501 590813 746836 471832 854253 1024674 77291 202371 185038 375038 584954 323870 679646 382597 754262 914875 880488 656624 283009 535573 813890 1014496 135267 314816 490134 729972 585862 974598 842616 412600 258114 504341 516936 256390 148690 873443 437662 632123 605181 290696 964242 272614 578894 723162 777673 645889 558203 275263 322634 123875 830572 547236 999341 1014971 698514 873656 901021 338285 79625 261862 531722 453024 988576 635227 565454 305371 852902 455095 557081 509624 343477 910062 392812 103249 308191 633276 225886
373390 363753 22904 749955 635497 296574 405064 516538 1025406 452823 118943 700988 527807 695095 571794 813812 535105 72828 701515 569224 999999999 823932 1077691 829823 690477 783676 843910 705082 726103 511640 371732 741639 773443 721712 794865 443194 440855 923868 756338 1002632 790675 531236 726083 1123727 716968 439642 563944 878325 378179 983301 757966 843884 334531 739611 433226 880445 780775 716704 863145 420585 918230 919001 844742 729376 362689 763107 423221 674179 1008243 95601 765333 249242 469220 444338 886902 848189 785641 874145 577255 742857 685426 517305 800131 842527 870987 805182 128618 544325 810884 1145665 637961 220411 331047 884196 688882 539979 465975 794706 486145 722249
814859 901425 801047 376952 787952 547052 642594 350220 644732 377391 891823 1129418 326794 394586 298650 855901 325519 788315 280032 259512 823932 999999999 644354 675885 660275 811863 403584 979958 1186897 312648 452386 85750 325847 636993 223381 859181 548473 750786 1037041 882914 692021 412565 572620 717160 1177090 384302 420841 401568 933938 463777 1112214 908448 615278 196138 671465 440764 124037 132908 940162 608917 582566 542806 55123 1109280 493336 606482 914367 896687 539234 817356 184764 574935 357294 1034083 480962 1110138 1153702 702241 1047414 1024576 357175 307667 92909 491638 349742 1112695 894523 695949 166206 762082 526043 782334 708741 119384 1055430 511698 360818 196774 793449 176490
820984 909596 1058858 359571 589041 932545 689710 628413 67034 808373 1073552 930361 636907 401668 596617 502252 625517 1010461 460443 746046 1077691 644354 999999999 313108 441559 481776 274573 735607 990439 723440 803494 632373 371142 397317 439035 808752 637051 285573 765673 371700 365408 566214 364180 72873 983814 769075 526691 257259 934078 181427 862564 536942 744981 497713 678096 229416 538117 732122 559173 665468 163052 159403 591792 880963 741872 339637 879484 664956 105308 1127653 489665 883666 728252 1005089 204071 789668 897363 288742 918914 760546 427375 713582 559035 238360 301735 826442 1196544 597148 484694 118674 441926 905588 779859 536647 842072 537767 786500 462791 716800 531737
526331 609507 814066 299045 276669 754877 425087 490165 246449 677619 803616 621591 510327 292857 486628 211819 499798 758267 405186 660501 829823 675885 313108 999999999 143272 179634 294859 428141 682459 608678 636590 625317 351083 108125 456066 504103 403658 100073 464637 219990 52380 397976 127422 328157 675325 627111 357723 317768 631439 352632 560182 258597 499039 482518 401772 279503 551863 710515 287771 410151 171406 209717 637443 575209 545816 82667 573847 353642 310415 895427 491164 681184 592760 696306 243437 504048 597438 44943 605807 457673 332870 600083 583504 203477 365098 531541 955951 302693 515618 335157 220523 633278 507271 606911 533199 317109 659012 481998 413561 509372
384403 469815 675510 299899 160434 639704 285527 407901 377268 585725 660789 526588 432177 267206 419768 201946 423165 618387 380295 590813 690477 660275 441559 143272 999999999 156838 338435 344239 588166 528384 530106 595699 357182 45167 458038 367264 278097 233424 393514 324226 100202 310084 104826 466058 579889 532634 275998 371129 493231 437624 481581 253885 364130 464853 259565 342129 539265 667780 285359 274239 283506 308973 631376 488975 430277 105444 437937 260766 415697 759454 480370 558080 503459 563949 317872 455427 521976 185699 489944 383178 303223 521006 572585 266209 406452 467485 817572 159879 515426 476625 138601 490539 364970 614743 440427 208332 569590 480958 275447 484515
433527 500394 771890 441979 153417 775686 392947 562825 414908 736425 733178 448857 587664 417277 576466 45110 578934 710903 532180 746836 783676 811863 481776 179634 156838 999999999 460847 253984 508703 682896 674171 750098 498540 174903 602551 390030 412986 205381 285929 226707 135980 464873 240683 482622 502176 682791 432159 488236 515701 531672 382206 97351 479890 615761 356095 452539 689355 824123 129024 392845 350689 389279 780070 399315 569586 214552 453204 188867 489479 862253 629450 687050 655759 562500 419307 325696 418636 193440 449377 279731 455128 675812 722410 374494 531475 351916 912293 243191 661318 477884 295286 568742 453067 758378 360755 359048 721307 626822 311303 637357
652586 746842 823328 94574 496699 667489 491941 360814 253834 535428 859414 863824 366315 149001 324247 499830 355102 782044 185873 471832 843910 403584 274573 294859 338435 460847 999999999 682427 925286 449661 538055 373009 96816 299068 181440 663290 416938 353818 729854 484704 326343 314131 233624 342119 916760 498400 279970 37123 776099 139391 819676 549784 524755 230483 494981 45161 284258 470111 580135 460981 179088 141286 357830 827390 489955 247410 732515 599196 178360 882255 228008 629067 457147 863070 79309 784085 859795 311152 816762 720195 162391 439784 311512 92981 70725 802425 954993 451436 237416 381958 254545 700657 582921 318163 778436 322811 513390 207815 574938 263808
333455 354462 700289 640326 193171 793998 404500 671282 668667 809153 622078 194882 698673 600333 703546 240616 693108 637533 705783 854253 705082 979958 735607 428141 344239 253984 682427 999999999 254877 780211 725225 906330 697171 383840 793767 261891 473706 457405 61071 442881 378592 581480 448879 735630 248214 756504 562958 714414 354751 772689 137356 226312 485579 790283 361593 683398 864907 962040 223385 425038 598935 634204 958346 147391 616255 439771 294325 84573 737838 796567 809214 693734 741591 362384 655278 152395 178023 446949 217231 46878 631472 775683 898182 605795 750690 134613 827799 290082 848628 728390 459590 487649 413195 949477 107014 472866 799902 814732 242381 804174
415139 372455 729430 873584 428607 899170 558636 853390 923518 956860 617181 61597 880513 827892 895232 492379 877348 673075 924334 1024674 726103 1186897 990439 682459 588166 508703 925286 254877 999999999 947616 862740 1107628 928961 630519 1019205 347952 646890 710834 231830 683154 632262 775559 692580 989124 10235 908566 766474 958871 351053 1023173 139458 469542 618669 1006421 522356 930244 1079466 1149313 458215 588618 852686 886799 1172280 111882 761140 688665 322776 330698 991324 821626 1027800 798366 903455 287054 904468 256970 123372 701818 157749 233553 854455 945147 1111998 853718 991428 197587 829551 494659 1070532 980081 687054 542141 525481 1171486 149418 676111 952591 1037806 395145 1015350
544898 621613 488740 365724 604568 247989 389375 120620 694223 87716 580578 895624 98374 335250 128701 727462 108917 476108 265016 77291 511640 312648 723440 608678 528384 682896 449661 780211 947616 999999999 139908 230050 354825 526409 325297 602374 307243 705099 841008 828094 600253 218302 481875 788430 937432 72502 254227 472841 653603 574141 899065 777551 335503 260231 427926 494582 279974 218615 807960 361284 597721 575211 334048 888155 196490 526181 646022 704771 627418 510657 282280 262446 48035 754301 520614 926510 939272 648675 796395 827048 301312 9882 293893 498391 442412 914275 588206 492601 320882 825035 396074 483532 432553 378319 834047 325216 65492 315259 556873 233042
449117 514568 348832 445922 569011 129458 320781 177419 765140 98362 443533 815414 176534 402060 222230 716464 186734 337806 365393 202371 371732 452386 803494 636590 530106 674171 538055 725225 862740 139908 999999999 369927 450489 539963 444488 514951 263867 736442 786147 849001 616847 244350 510572 862946 852509 68319 286045 566786 545290 672101 831923 762696 245552 383043 363638 580976 414253 351013 791022 301808 661755 647408 473481 816279 109425 555152 547756 657969 715391 374151 407429 122560 99322 644365 599867 876409 870327 680016 706901 771743 377254 145726 431028 567804 545454 855746 451588 452933 450055 895089 416071 362035 337336 515491 763491 323188 102467 439133 487607 360624
730826 816676 718736 328391 715736 470400 559516 265230 623900 300475 807223 1050838 241357 335591 215043 794742 240451 704314 220666 185038 741639 85750 632373 625317 595699 750098 373009 906330 1107628 230050 369927 999999999 284289 576189 194095 776660 465819 706698 964353 838494 636272 332096 514385 704211 1097741 302358 344029 378759 849186 456778 1036903 847311 530020 145317 589593 414523 95318 100101 879043 526166 550436 514291 105866 1032640 407651 551396 830714 823895 527454 738629 145085 492404 273347 949490 452278 1040047 1078321 655386 966139 951564 296249 224387 84860 454110 330837 1039930 816052 619601 150296 747403 458717 696584 623932 160088 978558 434905 282362 169612 713167 116009
619462 713782 752101 57288 505271 579390 449627 273396 349765 441379 799149 868297 275642 103333 231864 540916 264756 715185 89898 375038 773443 325847 371142 351083 357182 498540 96816 697171 928961 354825 450489 284289 999999999 325684 105230 640656 364791 425302 749298 557453 371378 243369 258412 438934 919890 406676 216774 118157 744553 221895 834004 592854 467898 139150 460677 141898 202322 378640 624242 416282 267401 234298 286377 837602 413182 286324 707095 612637 272775 805050 142306 548394 365231 836804 173877 812418 875066 376401 808366 738325 91763 344945 233049 169849 97666 823932 879442 439166 164779 478568 241994 647757 537433 259854 786183 281335 419214 130932 557420 171022
426169 512923 705943 268640 204235 654349 317091 405938 333552 588943 697026 568922 428692 242415 411681 218970 418983 650206 357470 584954 721712 636993 397317 108125 45167 174903 299068 383840 630519 526409 539963 576189 325684 999999999 428744 411471 297923 204947 430822 309055 76946 309570 67540 423804 622398 536792 272183 330590 536893 393708 520900 271551 391186 440875 294902 300034 514461 652764 303287 302104 238506 263867 605342 529743 444566 60324 482265 301425 370586 787569 454616 577107 505172 608742 274268 488082 560844 152681 534720 421129 280530 518492 547535 223199 368213 503736 847838 201306 487155 436183 130352 526664 400299 585079 482157 217004 571663 452631 319486 462804
687149 780156 772606 160651 600816 568157 512891 278530 429952 412545 835025 959245 270312 193434 224762 645311 261635 743040 102989 323870 794865 223381 439035 456066 458038 602551 181440 793767 1019205 325297 444488 194095 105230 428744 999999999 716458 421475 527857 847469 659910 476482 285426 361946 510525 1009882 389129 272260 184706 811871 266882 929779 697406 514992 66050 530751 221244 102862 293310 728873 478397 360434 322228 181481 931523 432912 391283 779914 709231 334580 814441 51074 555721 348927 907613 260087 913359 971083 480294 892278 836049 164804 315915 130651 268259 137319 922582 890968 525336 59571 553435 334523 695098 595163 156705 879193 353020 390525 26611 638086 98197
74589 110378 438566 591145 238905 558856 217601 515176 744496 608925 364119 301134 541595 537512 561712 407298 539752 375946 615378 679646 443194 859181 808752 504103 367264 390030 663290 261891 347952 602374 514951 776660 640656 411471 716458 999999999 310847 575877 314354 616355 453348 447752 453422 831725 337717 560932 447709 699990 127856 785436 330802 424586 270786 691676 188384 681297 761044 809407 437832 250508 649202 670271 851317 308969 413413 470087 70971 238971 776096 534895 715388 457232 557266 200444 666922 407254 365275 540820 194061 300561 555015 600487 792072 614129 720124 369201 566466 215609 761203 838827 408789 226708 178137 859882 259987 363462 604897 731022 92100 694924
269211 360218 422471 327542 306317 363406 94526 206515 584649 338173 443358 592565 233626 270194 250937 454244 230603 373500 318486 382597 440855 548473 637051 403658 278097 412986 416938 473706 646890 307243 263867 465819 364791 297923 421475 310847 999999999 502524 534669 602271 373394 139599 289092 683143 636822 284652 150246 453332 392356 554471 592007 499439 109019 387652 124750 448680 453818 502423 527420 60453 477420 478795 542347 581952 156876 329347 366823 400550 571285 496567 412571 280052 267889 490357 450241 621755 632383 448590 501241 520583 273143 303279 483865 403610 457328 607395 561932 190675 459720 706256 197709 284278 174021 555440 527698 99354 327321 432174 252326 387307
606332 684354 908759 378333 338932 854949 518842 587626 220819 775815 892243 651948 606935 381392 581139 218899 596201 851810 489328 754262 923868 750786 285573 100073 233424 205381 353818 457405 710834 705099 736442 706698 425302 204947 527857 575877 502524 999999999 482738 132153 133234 496810 226325 278314 704780 725809 456155 368718 703691 376308 579700 251379 595589 561907 492533 327654 627600 795747 273965 506086 190858 236079 708633 600013 645845 181516 643464 394064 316760 991779 567540 780803 690827 760085 287072 504111 613377 56701 654108 478561 420919 696308 657879 261430 420284 541439 1050806 387568 586670 272568 320394 722413 597673 671896 564418 417130 756872 554364 488527 590919
387558 399729 752547 692185 249100 853731 465384 731546 699180 870223 668953 177791 758906 654182 763031 263903 753197 690117 761413 914875 756338 1037041 765673 464637 393514 285929 729854 61071 231830 841008 786147 964353 749298 430822 847469 314354 534669 482738 999999999 451576 417348 641061 497199 760393 227184 817573 621597 760771 396308 814039 96977 237862 545929 846153 422540 728265 920898 1021484 226728 486102 636037 673346 1014257 119997 677232 484407 338855 140464 775013 848901 864524 753194 802558 390540 698337 93569 132802 478788 234962 14497 686379 836414 954239 650179 798975 75654 877252 350126 903076 749674 514299 541045 471762 1003663 102221 531921 860963 868985 302106 860927
659821 726729 989512 510106 379947 962581 602487 708962 316015 895246 957801 628870 729720 510747 706611 212655 719310 929839 620393 880488 1002632 882914 371700 219990 324226 226707 484704 442881 683154 828094 849001 838494 557453 309055 659910 616355 602271 132153 451576 999999999 232154 615124 346219 340248 678736 843918 575712 497678 741169 494265 545093 216628 685439 693864 570083 456370 759752 926775 224939 595712 315172 360314 840515 571507 752781 302036 678212 399929 427077 1077155 699680 882295 810704 782361 415249 448299 572669 183890 656018 451364 550570 819605 790006 392866 549896 496168 1131029 458308 718624 316743 435573 791380 671769 802853 546145 526028 877137 686435 537739 722621
477973 559607 775662 316396 224342 731174 385696 480142 298803 664608 759843 571190 502134 300733 482686 173495 492128 718586 415712 656624 790675 692021 365408 52380 100202 135980 326343 378592 632262 600253 616847 636272 371378 76946 476482 453348 373394 133234 417348 232154 999999999 384712 123040 379937 624965 612770 346332 352732 580931 396987 512059 223737 463389 496535 359423 316629 568246 717177 254500 373650 220439 256112 656611 525919 521366 85558 522757 302570 359255 859216 507634 653111 580489 644483 283417 461611 549995 88183 553544 409756 340370 592110 600692 238693 397067 485969 917721 256113 535895 385480 204843 589788 464679 630490 482876 293948 646995 501679 363403 521139
408787 499639 510247 219624 396528 370327 233848 97954 523881 280124 556562 719005 123208 167214 122115 509575 115269 471907 183093 283009 531236 412565 566214 397976 310084 464873 314131 581480 775559 218302 244350 332096 243369 309570 285426 447752 139599 496810 641061 615124 384712 999999999 270629 622465 765662 229139 41706 347652 531845 453265 708489 560054 229857 248272 259470 353048 314368 380587 590721 199356 419007 407844 403665 702455 176777 315475 505838 501593 485057 568278 273412 317887 195780 629952 365409 722062 749697 440117 634854 627677 154192 211005 344741 328171 340407 716020 640867 291667 320786 652866 179879 410335 311029 415869 648195 110725 262284 294262 381145 247910
458598 549216 708820 201526 264171 630778 327991 362929 304915 550197 712377 631032 383502 178940 361480 283904 373112 656271 294292 535573 726083 572620 364180 127422 104826 240683 233624 448879 692580 481875 510572 514385 258412 67540 361946 453422 289092 226325 497199 346219 123040 270629 999999999 400843 684211 499742 230301 266393 575330 336752 586179 336288 391683 376553 314059 238351 449473 594233 367927 306699 201194 217272 539603 593802 423003 44848 524327 365574 322690 785480 389268 561021 465350 653245 216772 555578 626434 169690 590183 487198 218149 473402 482356 164184 301939 570548 849574 238046 420638 419967 95530 543148 416801 518040 545138 195779 531627 386139 361678 399852
849963 935792 1105591 422959 603695 991363 728833 689711 99084 872352 1113213 930251 699697 461150 660683 496924 688255 1055096 527419 813890 1123727 717160 72873 328157 466058 482622 342119 735630 989124 788430 862946 704211 438934 423804 510525 831725 683143 278314 760393 340248 379937 622465 400843 999999999 983092 831456 581986 327446 958646 254264 857260 525730 789495 568183 713552 297115 610232 803795 544772 706837 206232 215581 664654 878181 796298 370110 901754 670185 177967 1177597 560935 938187 791027 1024406 267853 775838 890068 295638 928496 756584 489522 778612 631544 295146 373384 816786 1244800 625091 557051 46599 485768 943818 817305 609462 842640 584628 850672 534600 740605 602150
404943 362692 720155 864592 420142 889077 548480 843328 916863 946626 608404 53787 870441 818708 885262 486543 867300 663632 914844 1014496 716968 1177090 983814 675325 579889 502176 916760 248214 10235 937432 852509 1097741 919890 622398 1009882 337717 636822 704780 227184 678736 624965 765662 684211 983092 999999999 898337 756729 950441 341525 1015269 136519 464571 608435 996846 512266 922003 1069836 1139245 453831 578506 845353 879223 1162616 107237 750909 680697 312750 323056 983906 812512 1018279 788247 893252 278754 896449 255950 123449 695127 147663 228345 845114 934973 1102343 845593 982756 196069 820914 485180 1061090 974441 677948 532286 515253 1162024 142126 666414 942361 1028406 385148 1005662
498791 569864 416752 409508 590087 179278 355745 142715 735149 53949 511461 858960 132248 371521 174812 726403 143594 406013 318475 135267 439642 384302 769075 627111 532634 682791 498400 756504 908566 72502 68319 302358 406676 536792 389129 560932 284652 725809 817573 843918 612770 229139 499742 831456 898337 999999999 269678 524562 601266 628304 869336 774713 290300 325563 397017 542547 350857 283518 804162 331788 634735 616304 406545 855896 147544 544583 599043 685018 676743 438412 348898 190695 41463 701311 565050 905816 908686 669108 754542 803336 342005 79311 365893 537615 498622 889123 515964 475066 389565 865908 408350 423526 385953 450375 802342 324544 44107 381380 524611 300647
415079 507904 543416 186292 374246 411746 240631 133838 483242 319899 583169 708670 156701 131237 145554 477128 147333 502477 169492 314816 563944 420841 526691 357723 275998 432159 279970 562958 766474 254227 286045 344029 216774 272183 272260 447709 150246 456155 621597 575712 346332 41706 230301 581986 756729 269678 999999999 314645 539658 419358 692879 528299 251131 244031 260078 317145 314619 401465 559329 206150 377960 367884 406520 688841 215217 275097 509136 481333 447698 604576 267698 356975 235098 635878 327272 699954 734293 399454 630213 608567 125198 246339 346504 288379 311914 697008 676182 275611 313800 611875 141852 431189 324250 412179 634857 90959 301461 284542 375021 249389
689677 783916 857580 128387 530301 696029 528954 389371 245293 559517 895395 897347 393097 184343 349795 525984 382071 817074 207826 490134 878325 401568 257259 317768 371129 488236 37123 714414 958871 472841 566786 378759 118157 330590 184706 699990 453332 368718 760771 497678 352732 347652 266393 327446 950441 524562 314645 999999999 813132 106111 851485 575055 560870 240738 532103 41351 286661 477600 604932 497887 185033 142511 353032 859971 522572 276773 769327 631638 155767 915109 234267 660699 483145 899875 82693 812799 891353 329881 852117 751414 194335 462964 311304 114472 53034 832742 988320 487667 236174 369447 291347 737247 619866 308011 811527 359692 537341 209942 611384 274710
125150 32513 379806 698444 366093 559815 299142 583966 870392 643300 277300 322853 608449 642816 635712 530259 608764 322247 709145 729972 378179 933938 934078 631439 493231 515701 776099 354751 351053 653603 545290 849186 744553 536893 811871 127856 392356 703691 396308 741169 580931 531845 575330 958646 341525 601266 539658 813132 999999999 902731 383103 543117 320571 780009 283894 797294 845418 869139 553236 333747 773440 792602 932306 352829 457358 594658 63607 352624 897617 473700 804894 461956 606149 100829 785642 483403 408520 668539 199115 384304 655606 653546 874766 733165 829138 434738 489864 337695 851946 966372 522464 195771 225259 947698 316258 463318 643622 823841 218041 778884
781012 874528 962716 233658 597878 801168 625935 494770 195647 661420 997596 961623 497534 288307 453542 564195 486649 921283 310061 585862 983301 463777 181427 352632 437624 531672 139391 772689 1023173 574141 672101 456778 221895 393708 266882 785436 554471 376308 814039 494265 396987 453265 336752 254264 1015269 628304 419358 106111 902731 999999999 907950 609200 662838 329834 625581 106651 361628 556877 636885 596093 187097 143887 410764 919899 628570 334647 855763 692727 78426 1021068 317938 766809 586842 985880 120011 856679 946460 351224 926714 806035 300368 564301 380355 172625 132863 882926 1094097 570374 307169 299991 381063 837198 717442 355224 874160 458517 639172 288540 694889 363590
405181 394296 757096 777275 329031 887514 513617 794777 796022 920633 660399 95046 822243 736412 830472 360879 817479 696382 840283 974598 757966 1112214 862564 560182 481581 382206 819676 137356 139458 899065 831923 1036903 834004 520900 929779 330802 592007 579700 96977 545093 512059 708489 586179 857260 136519 869336 692879 851485 383103 907950 999999999 333637 587169 924419 472556 820069 998823 1088530 320345 538633 731554 768167 1092272 36008 724893 576223 334906 221529 870582 852737 943928 785935 858119 352946 791275 123850 41502 575373 193016 102540 766751 895269 1031984 742274 888029 63367 872809 417468 984074 846125 595295 552192 503417 1085062 70841 602080 913281 950352 344882 937146
479559 533109 833990 536761 210215 859284 468385 657921 471805 828545 782640 413693 683123 513925 673040 52592 674615 771739 629020 842616 843884 908448 536942 258597 253885 97351 549784 226312 469542 777551 762696 847311 592854 271551 697406 424586 499439 251379 237862 216628 223737 560054 336288 525730 464571 774713 528299 575055 543117 609200 333637 999999999 556626 712311 428472 537638 785632 921438 31742 472981 423548 465349 875872 357661 656266 306956 479510 191607 559636 926924 725528 767469 749025 573728 502032 252903 364794 259365 440829 236293 552049 770681 818586 460601 620493 291060 971966 318549 756451 512822 392456 624836 517640 852622 329812 452681 814083 722014 359431 734319
209555 288193 317142 434003 349534 310265 88350 265168 691419 338217 334759 570233 288720 376908 318971 516987 289786 265686 412935 412600 334531 615278 744981 499039 364130 479890 524755 485579 618669 335503 245552 530020 467898 391186 514992 270786 109019 595589 545929 685439 463389 229857 391683 789495 608435 290300 251131 560870 320571 662838 587169 556626 999999999 473687 130107 557323 533717 548980 581597 89927 584425 587192 617027 570868 142762 429461 310572 424743 680292 396394 499511 212890 289002 421355 559260 637837 625189 543802 464244 531441 376238 334679 561260 512485 562404 613428 458181 238309 547222 811134 303829 180596 97058 638154 518301 208009 334192 522585 244452 467760
656505 747851 717121 184014 597334 504831 481392 223875 483704 347155 785399 947522 212082 198498 167868 659767 204507 690486 84956 258114 739611 196138 497713 482518 464853 615761 230483 790283 1006421 260231 383043 145317 139150 440875 66050 691676 387652 561907 846153 693864 496535 248272 376553 568183 996846 325563 244031 240738 780009 329834 924419 712311 473687 999999999 503728 273585 74812 239965 744024 446768 406105 371288 168107 923611 380066 411090 752293 706295 394461 755215 26146 497108 286002 877710 309679 916837 965905 511224 873436 834067 161668 250983 108210 308993 197903 921730 832146 512028 73711 609939 332544 651925 558927 168282 870354 331655 325229 56090 618163 34043
158896 253361 419545 414899 219936 439659 43285 331206 618758 448857 402127 468600 358234 358997 375120 390915 355348 360622 428793 504341 433226 671465 678096 401772 259565 356095 494981 361593 522356 427926 363638 589593 460677 294902 530751 188384 124750 492533 422540 570083 359423 259470 314059 713552 512266 397017 260078 532103 283894 625581 472556 428472 130107 503728 999999999 519161 572707 627038 452644 66681 515044 526945 662947 460404 254714 343798 249227 296335 628390 507469 527698 342991 385886 377214 511646 512898 512242 445062 376729 408152 372136 424728 603690 460400 545856 492768 561303 113002 573872 729383 245039 231773 105500 672001 406429 179595 440869 544291 128950 506551
675070 768804 860184 135380 502314 710434 519290 404045 210119 580148 892008 868655 410351 186082 368739 489247 399079 817346 231027 516936 880445 440764 229416 279503 342129 452539 45161 683398 930244 494582 580976 414523 141898 300034 221244 681297 448680 327654 728265 456370 316629 353048 238351 297115 922003 542547 317145 41351 797294 106651 820069 537638 557323 273585 519161 999999999 323935 512479 567177 489535 143886 102146 393031 829697 529606 243925 751317 601431 134464 921230 269477 669639 501380 881665 41378 777856 859558 289767 827686 719299 204063 484709 349725 78265 94154 799449 993274 467025 274821 337330 275047 730852 610810 349059 782142 352142 558147 247121 591408 307208
