NAME : synthetic_000543
TYPE : CTSP-D
DIMENSION : 100
GROUPS : 8
RELAXATION_LEVEL : 1
EDGE_WEIGHT_TYPE : EXPLICIT
EDGE_WEIGHT_FORMAT : FULL_MATRIX
EDGE_WEIGHT_SECTION
999999999 587827 587800 892698 654480 580911 965247 485132 176592 1016412 371369 945076 908360 632970 893581 971996 799356 632392 854848 576881 192424 784142 846978 508710 525025 711337 235407 773532 765822 949106 849490 1198610 838084 49102 824884 696717 193938 750657 627736 800684 593026 428622 768272 40174 148517 230356 32567 600889 718496 727043 844247 235547 626399 827972 787342 499573 512462 474159 933788 1211014 776650 539875 1088319 238080 827722 455637 748517 644089 669125 977947 145012 835151 695078 868425 1040692 457503 814370 983574 942752 93620 1215813 1072160 1118147 974254 945189 469450 280940 592791 535093 283896 899008 1073032 606071 550798 1079331 753553 1063294 312700 892233 1049118
587827 999999999 31738 462030 71497 261232 596285 780396 602142 609638 502125 651292 781651 416736 479438 641176 646264 139400 268023 872645 586938 668852 359882 213674 383367 418486 401174 314806 497826 474123 934912 869380 390189 570542 888238 391848 712025 1010469 196449 979472 799675 711069 201933 560619 716043 459075 565814 870802 982427 273346 413011 477960 468347 424700 852674 88916 174902 532884 1039343 934961 921836 78165 806765 507078 242893 361192 617776 511369 885421 907092 472192 701700 638657 485414 702505 175929 1019626 621571 863415 679739 934612 852510 826438 532306 569833 258766 440497 600816 754891 386571 575452 713138 19037 529283 789387 324356 885515 668753 834445 680418
587800 31738 999999999 434144 67115 230389 566728 760394 592778 581737 482142 620153 750134 385800 450851 610738 614835 108860 267476 851484 576616 637781 334915 186931 355425 386748 392216 286654 466092 449522 906330 839775 362495 568022 859383 360110 704577 986713 164806 953200 775910 691705 188495 562266 712199 447741 567140 848624 959025 244048 384604 465817 438036 395075 824079 96907 148909 508481 1010754 904280 894935 103801 775877 494365 251574 336606 586731 481115 861103 875841 467109 670303 608832 455569 672533 158539 993938 591926 832167 678702 904028 820953 795792 505788 540334 234408 426124 573148 732213 373829 544549 683894 32428 501932 758604 294625 853791 653723 803541 651325
892698 462030 434144 999999999 411302 312707 147868 817036 814073 147617 601851 247372 476468 303398 27929 209840 379804 328229 392728 875157 790688 425340 120405 392258 394854 214852 657512 147534 223935 85591 752715 414275 71942 855324 703049 215289 930429 944688 292584 858184 761594 770180 313305 882226 972336 677947 884287 854181 927220 192650 51532 683650 350327 67825 681438 515200 402479 546637 845412 495775 791017 537930 377781 699586 461919 451452 391294 372309 822387 608895 748314 424021 468423 72641 255842 464678 908559 173051 570702 966748 493214 455599 389516 81671 122582 424135 631571 515024 746684 611289 174413 256463 449304 477965 357923 148115 511544 800121 568579 222887
654480 71497 67115 411302 999999999 261006 551371 817642 658918 558023 540128 616712 767229 412360 431118 600985 633985 114814 200482 906872 642392 661008 302133 236101 397642 398825 458656 267029 475971 414626 943221 823659 339555 635083 895249 372581 771244 1037212 178542 997708 826763 749932 131607 628473 779313 513204 633451 902333 1010282 231529 364656 530843 468594 381542 861123 158873 201257 558901 1047398 895426 937722 145642 769211 559025 187158 387903 610499 511635 910611 896236 534191 689599 640984 442769 659216 221821 1039948 576949 852734 745598 894375 822687 786938 476965 524798 287609 489849 614547 785259 438714 539132 666231 52582 544771 751046 283386 860707 716526 827617 632983
580911 261232 230389 312707 261006 999999999 405337 593814 516618 444804 331968 425169 522687 155521 316107 431177 386683 150366 400701 674166 494597 407732 274264 85917 145548 173385 346485 198485 251781 369201 682287 667439 257585 544991 634246 148530 634673 789797 92759 741120 581972 532421 281456 569599 668440 373420 571749 664249 764711 157127 263495 382358 208457 250186 600240 264064 111769 318821 786420 713154 679632 312406 582838 402538 425519 165566 356628 251604 662052 646338 437252 441800 380440 298126 499050 168253 785001 427588 602662 657553 714652 611059 607064 394377 381686 111561 330977 356602 546945 302609 358121 521722 261104 289243 567982 173678 635882 529600 573215 492869
965247 596285 566728 147868 551371 405337 999999999 811709 863481 74261 637490 121061 373005 336759 122978 68152 310867 458198 539793 854779 839247 358638 268269 490816 443175 253955 731447 284352 212303 200203 676123 273096 215010 923710 628672 269366 975226 897796 412069 796916 735393 775700 460267 960202 1026789 739837 961244 828733 884723 322957 187707 741322 362733 171655 613899 639820 509690 562519 759746 348253 730351 669531 230516 752054 609712 510253 340267 368105 783271 497920 820480 340715 427312 111833 108649 570648 848200 25646 464377 1030825 345998 315152 241653 130421 26573 510551 690387 500127 731877 681525 84284 118200 585279 483070 210465 272118 376991 826168 473367 87662
485132 780396 760394 817036 817642 593814 811709 999999999 310450 882674 278318 734009 577534 517160 802725 783721 528712 729956 989920 99669 300190 489661 839533 583873 452350 602920 432384 768483 606035 898734 396428 958077 797342 441399 387673 607263 331838 269657 683910 319302 129093 71544 872825 516013 414092 367784 510200 116474 237349 739653 786307 345458 466709 752023 357353 720070 616562 278601 463769 925833 307178 780856 830218 317238 1001875 434646 484055 448275 187261 591374 431840 534003 397733 759214 840265 604651 329412 818700 569283 470303 933842 769707 861971 884597 803277 530666 358620 311640 90421 416369 728028 883623 791404 339095 829906 732763 732099 173090 516424 873027
176592 602142 592778 814073 658918 516618 863481 310450 999999999 922408 231048 825340 756471 526911 809823 859757 658706 606836 855305 404898 24418 637181 790881 463195 422737 613141 200968 715076 654413 881212 674674 1075849 769529 131128 651860 603918 118118 578446 584574 624266 416461 252098 752775 205656 164661 148107 199997 426787 546141 672851 769870 134996 506186 746665 614930 521780 480197 326816 757551 1075874 600244 574931 958640 114704 843988 362644 607350 514867 492914 815173 147423 688291 543830 777599 926602 439623 638914 878806 782190 188178 1081618 930313 989557 893594 846478 413103 185669 438979 358624 224002 789720 963011 618039 409243 951900 688266 914104 137362 730407 942606
1016412 609638 581737 147617 558023 444804 74261 882674 922408 999999999 699452 189536 442725 396200 132922 131285 385107 475455 519316 927617 898359 432865 259864 528306 499936 309326 781349 295090 278970 165884 749102 274533 219468 976370 701966 320592 1035813 972053 436931 870920 808595 844851 453942 1009162 1084535 794250 1010628 901992 958915 339414 197622 797182 427883 196571 687741 661797 542701 628796 831306 368555 804424 685512 266707 809649 593120 564329 414205 436694 857317 564272 871400 414088 500965 148124 138193 604700 922215 79800 532506 1085309 364224 364515 269582 89998 79525 553934 745638 571436 803918 732638 157763 120612 596814 551004 246295 292399 431528 891264 544195 88527
371369 502125 482142 601851 540128 331968 637490 278318 231048 699452 999999999 594595 537006 303674 594187 630306 430730 457187 717543 371354 206677 413130 597507 308733 207681 392436 197892 522589 426393 675474 519517 844801 566130 322982 484936 387113 338227 519491 416759 515489 313039 209810 602862 383023 395633 153550 380722 372543 489456 486632 561825 139969 276668 534049 445864 444097 339615 103094 616713 846527 470783 505379 727997 133349 725410 166503 379479 283819 401331 611501 248279 464239 323831 558087 696556 326514 546569 651556 574537 413142 852012 703460 758798 678591 621956 254743 113689 222942 260886 160900 561433 733789 513092 180711 721002 490703 692152 200102 525416 714456
945076 651292 620153 247372 616712 425169 121061 734009 825340 189536 594595 999999999 253201 314988 219506 59211 210732 512140 635726 766803 800925 256576 362157 509961 421725 253357 717651 357329 182509 314816 561912 253641 301548 900542 515742 276861 931334 794663 456827 687923 645796 706129 543707 945065 990000 715202 945151 738078 783927 385640 272353 713044 320280 242322 504061 680794 536256 507428 642136 288111 622251 719011 157848 719103 700766 492713 250442 311638 685425 376861 802788 229684 338180 185061 106385 593158 739203 109749 343641 1002154 289484 210902 182169 249855 135331 517231 664650 425358 649520 665997 78601 149811 643132 424102 142888 334130 264172 770448 354781 143792
908360 781651 750134 476468 767229 522687 373005 577534 756471 442725 537006 253201 999999999 369430 449473 311763 136189 652940 836185 582612 733371 128411 574551 592039 443543 368931 710501 544263 295462 554847 317488 399824 511650 859860 275715 394853 843241 572080 589732 453650 464367 572050 728394 919113 914835 685067 917157 548471 567234 555084 484419 675141 330707 446176 273583 783956 627968 434273 390459 349879 391900 834888 272243 670288 890590 507288 175004 293671 479680 134194 780334 82522 213451 404705 335340 670728 503956 362926 94261 944204 358450 193178 301951 497653 383129 575303 637191 317579 487178 660298 306203 379966 779019 359615 278733 510724 158706 665035 103115 386577
632970 416736 385800 303398 412360 155521 336759 517160 526911 396200 303674 314988 369430 999999999 292814 339026 233266 298256 526014 582536 502737 252258 325846 223081 107950 89460 403044 259908 133242 382603 536919 568202 280345 589821 487731 90112 639653 674384 235034 609845 475987 467482 407207 631173 690033 404849 631532 565599 652577 242602 269428 405203 61152 236629 455868 414526 258550 243384 640050 594460 545424 466072 466168 415312 563292 178137 201140 101744 547350 491112 489395 287709 230922 254735 407773 303599 656664 352965 447452 695121 597605 475722 493960 377011 319602 213104 354839 231767 452753 351613 266251 440449 416222 179935 454464 222102 491779 498803 417741 417741
893581 479438 450851 27929 431118 316107 122978 802725 809823 132922 594187 219506 449473 292814 999999999 183030 355236 343631 419462 858577 786210 401259 146191 397951 388454 203426 658180 164841 203891 108455 728523 392754 92406 855209 679014 207168 925475 924388 304010 835908 743894 757573 337290 884333 969427 675977 886162 836791 907496 207352 66576 680786 336523 65942 658117 529237 410700 535021 820398 471224 768711 554448 351732 695671 487875 447763 368713 355990 802959 581618 748822 398374 447562 48085 231546 472830 886463 148490 543667 965876 468960 428065 364348 84407 97010 426801 628781 498132 730683 610956 146583 235141 467382 464070 332025 159522 483673 791265 542338 201866
971996 641176 610738 209840 600985 431177 68152 783721 859757 131285 630306 59211 311763 339026 183030 999999999 266210 501900 602464 820024 835361 312946 329115 517036 446973 266078 741146 335794 206563 267986 621096 236270 272018 928690 574827 286359 968354 852157 450864 746542 699374 752831 517669 969752 1024161 743507 970264 792108 840856 369822 243365 742934 353722 219816 562737 678005 539911 547805 701178 294460 680689 712004 169866 751032 670643 516782 302631 351056 741506 433246 828285 288255 390729 158835 69165 599119 797839 51776 401221 1032880 293640 247754 185954 198476 88733 530299 693261 473102 700706 690080 74164 103584 631492 465587 150802 317994 308846 811942 413711 89353
799356 646264 614835 379804 633985 386683 310867 528712 658706 385107 430730 210732 136189 233266 355236 266210 999999999 519332 714302 556723 634746 47830 463192 456039 311620 238247 589970 423353 171752 463675 373408 431887 401705 751857 324128 263260 755317 587278 455812 486977 435546 507297 602704 806491 821434 571287 805202 527518 575080 428599 376900 563916 197127 337034 305348 647785 491815 331908 465810 417659 420115 698762 306610 563055 764615 378109 51359 163586 475298 262270 665244 55628 131059 307469 314994 535234 538167 309927 218842 843624 423805 272904 338371 418865 312010 440727 521767 229222 442090 538676 229495 359729 644072 250085 303758 387681 269831 584163 199194 354180
632392 139400 108860 328229 114814 150366 458198 729956 606836 475455 457187 512140 652940 298256 343631 501900 519332 999999999 260417 814951 587608 546206 237352 149413 292961 285245 413833 180992 363344 351445 831655 731159 257308 605342 783253 258806 723370 937164 63734 891268 727984 664966 147426 612268 742927 458729 616116 807498 911334 136288 277859 473203 355466 286563 749765 187914 126647 461580 935583 795572 829971 211365 667384 498712 276647 295338 495730 398331 809710 781548 498793 574955 527904 346860 563732 174995 934810 483321 738022 718790 795256 714686 687058 402517 431863 203606 426545 506854 689972 382859 436086 575619 131178 438802 649987 186107 749880 645474 712821 543224
854848 268023 267476 392728 200482 400701 539793 989920 855305 519316 717543 635726 836185 526014 419462 602464 714302 260417 999999999 1073538 837774 750701 273853 409144 546243 479857 656338 291969 543135 354190 1060743 793567 334371 835490 1010966 457942 969157 1189747 308175 1134696 982610 925321 119856 828389 979357 708182 833479 1064659 1165098 288200 363538 724655 587010 396675 980658 356937 381785 718749 1162533 884970 1070993 329449 770251 751790 78195 555319 703990 627242 1061894 970124 733966 767659 754333 450762 645935 415713 1180434 564382 928327 946076 881533 846247 780620 429431 515132 463372 680830 751568 947226 632709 558407 639027 249354 687643 750253 326662 897839 903753 913496 605772
576881 872645 851484 875157 906872 674166 854779 99669 404898 927617 371354 766803 582612 582536 858577 820024 556723 814951 1073538 999999999 396494 513260 908128 671490 529809 664250 531874 839589 656982 958829 351163 976011 862027 534880 354764 671750 411139 173800 765818 246432 121276 170585 955178 609429 492765 467408 603318 37856 141616 814201 848518 445097 527543 812364 332050 815153 705644 355373 400534 932203 252622 876257 847103 416906 1089283 520360 517402 502861 124537 573492 530670 552076 429305 813191 871706 697531 245481 859060 558189 553780 940944 775579 878383 938107 849101 619264 457149 360458 129818 514692 770496 916312 882919 402656 849180 802771 729871 268449 507399 909108
192424 586938 576616 790688 642392 494597 839247 300190 24418 898359 206677 800925 733371 502737 786210 835361 634746 587608 837774 396494 999999999 613592 768805 442890 398825 589133 186436 692966 630061 858318 657147 1051472 746716 145048 633219 580118 140300 569402 563920 610737 401657 238786 733990 218582 189075 129600 213450 416653 537066 651116 746739 114540 481777 723215 595979 507976 460980 302911 741595 1051800 584694 562267 934375 92090 828095 339360 583388 490490 480022 793578 143161 664725 520521 753727 902190 422114 627016 854507 760198 210870 1057511 906523 965271 870056 822324 392184 164028 415806 343412 205317 765367 938627 602497 385142 927584 665765 890825 128081 708600 918268
784142 668852 637781 425340 661008 407732 358638 489661 637181 432865 413130 256576 128411 252258 401259 312946 47830 546206 750701 513260 613592 999999999 504880 471504 317137 271444 582576 461441 211688 509704 327375 468479 444161 735993 277761 295033 729548 539775 482472 439202 391984 472419 637146 793535 798164 558822 791816 483195 527946 463328 420185 549742 206773 380161 257926 664472 508618 311517 421643 444972 372310 717589 341088 546413 798400 379458 51126 167385 428853 239255 653805 51179 96205 353318 359497 547981 490376 357375 195706 823827 451895 294164 372910 466215 359819 451006 510376 200367 401692 532166 277309 404589 667869 233572 340262 424883 279170 555110 166629 400324
846978 359882 334915 120405 302133 274264 268269 839533 790881 259864 597507 362157 574551 325846 146191 329115 463192 237352 273853 908128 768805 504880 999999999 338321 392722 250959 616003 75861 293342 114699 828501 532162 62997 814118 778298 238230 908926 996408 220965 921631 801476 785201 194386 831642 941649 647155 834620 891436 975959 120028 91296 656562 383311 128379 752602 423952 337432 561564 925903 616075 855202 437699 497884 676726 341698 434669 463612 415344 870497 708608 705925 512995 529723 177631 376138 397454 970592 293443 668347 927555 613396 572454 509921 175322 242832 381385 605240 555491 778311 574959 285460 374714 345122 505498 478121 107385 625181 797459 659801 341049
508710 213674 186931 392258 236101 85917 490816 583873 463195 528306 308733 509961 592039 223081 397951 517036 456039 149413 409144 671490 442890 471504 338321 999999999 170375 257032 278585 264973 333750 441710 722237 753305 332080 476058 676122 233110 580829 801515 121952 766277 590901 517597 296576 494283 606767 315800 497000 666336 774358 218341 341715 328418 265386 332371 640069 193099 39193 323039 826635 797646 708235 248367 667369 352472 418094 151805 420685 307192 675288 710641 367889 509922 430541 382675 584962 83418 807074 513273 667173 589658 799357 691769 692044 473597 466897 54243 279892 387275 549188 240925 443856 607477 219357 315630 652845 247378 713011 496159 633635 578416
525025 383367 355425 394854 397642 145548 443175 452350 422737 499936 207681 421725 443543 107950 388454 446973 311620 292961 546243 529809 398825 317137 392722 170375 999999999 190626 295955 319096 240937 467794 551873 675276 358728 481932 505787 181554 537382 644621 238232 600068 436439 394168 426900 523557 584620 297122 523814 519023 619296 287590 354161 298149 115052 327034 469696 359157 209565 174711 656279 697287 540363 417009 570387 309716 569515 71257 268550 149938 516992 552934 381584 361278 263713 354915 515688 236300 642621 460149 510183 587777 700943 571546 598925 472699 424919 137060 247330 217774 401894 244272 374141 548306 387740 147166 559567 285375 579827 407366 472404 525224
711337 418486 386748 214852 398825 173385 253955 602920 613141 309326 392436 253357 368931 89460 203426 266078 238247 285245 479857 664250 589133 271444 250959 257032 190626 999999999 477956 194725 79767 295832 584251 500997 198885 669778 534122 26638 727032 745795 223015 671440 553845 555329 365703 706819 775245 486192 707716 645215 725846 191970 184278 488320 136843 149104 506066 434955 285140 331937 684494 540663 605328 478935 410424 500341 527104 256383 224134 164883 620385 499716 566646 293360 280704 165652 335170 340405 720065 272443 456588 777306 542491 438694 435524 287566 234680 264872 437041 306711 534937 427734 191914 363544 413918 263926 396193 156770 467403 588233 436321 338204
235407 401174 392216 657512 458656 346485 731447 432384 200968 781349 197892 717651 710501 403044 658180 741146 589970 413833 656338 531874 186436 582576 616003 278585 295955 477956 999999999 541517 536273 715492 717363 971134 604040 198571 682671 462331 312829 695177 400001 706704 498507 361333 557299 228871 329417 65897 229798 542180 663629 496027 609378 88208 404270 592595 643579 321544 288542 292264 813961 991289 665775 376317 865549 118246 643159 224967 541027 428274 585728 798131 90830 632117 502729 633284 810172 241852 733859 750394 759005 311629 995336 859575 894448 739012 710873 235532 84462 410357 442026 51963 667546 840978 417120 352969 855180 519823 859129 285061 712369 816154
773532 314806 286654 147534 267029 198485 284352 768483 715076 295090 522589 357329 544263 259908 164841 335794 423353 180992 291969 839589 692966 461441 75861 264973 319096 194725 541517 999999999 251711 178083 778821 556750 76320 739883 728659 177084 833106 933980 151913 864706 735503 712708 187899 759160 866318 571616 761942 824240 912441 48293 98291 580833 319507 116149 700791 368554 267235 489988 878574 629711 798989 390423 505225 600884 348625 359097 416553 354729 807158 678161 631723 476127 475225 176964 392366 328500 912764 309943 636373 853146 628307 567347 521480 222024 257780 306395 529453 491533 709861 499780 278740 399551 302553 437743 486508 38313 613077 722375 622398 366479
765822 497826 466092 223935 475971 251781 212303 606035 654413 278970 426393 182509 295462 133242 203891 206563 171752 363344 543135 656982 630061 211688 293342 333750 240937 79767 536273 251711 999999999 309505 535865 435149 233302 722247 485731 106273 764568 720818 301862 635426 540944 566162 433249 764391 818531 537002 764715 634108 703655 259651 210731 536386 150528 170756 461465 514436 363453 350381 632596 466251 568369 558702 336621 544814 595444 311379 170964 158171 599069 428333 622518 224526 244562 157006 274935 417123 685508 225226 385919 826352 468702 359376 363264 281216 199601 336337 486718 296986 530364 484855 135308 309040 492858 272043 323725 216523 387780 613868 370690 288251
949106 474123 449522 85591 414626 369201 200203 898734 881212 165884 675474 314816 554847 382603 108455 267986 463675 351445 354190 958829 858318 509704 114699 441710 467794 295832 715492 178083 309505 999999999 836978 439476 111913 914059 787462 292889 998551 1030193 329799 943623 846073 850079 298501 935884 1036490 741266 938474 938432 1012585 226257 113915 748675 432439 146771 766399 538513 445310 625809 928652 534024 876445 552076 426514 766511 429042 519484 476587 456281 907670 685655 806149 506287 554012 156412 298545 506549 994047 221814 648759 1026748 529916 515348 432826 75996 180311 480009 696717 599158 829973 671681 248997 286383 459016 559755 406090 195672 576451 874981 649408 253714
849490 934912 906330 752715 943221 682287 676123 396428 674674 749102 519517 561912 317488 536919 728523 621096 373408 831655 1060743 351163 657147 327375 828501 722237 551873 584251 717363 778821 535865 836978 999999999 708877 769152 801473 50220 604040 722773 274339 769830 144898 268422 430180 943097 873022 804102 667546 868645 313366 279448 773217 746224 649480 477195 706162 82252 907616 761421 433981 104431 638280 100914 967091 585062 631187 1100211 586994 364993 435196 226863 249519 756475 335624 306540 680638 651636 782230 191539 670304 251857 853580 648334 489523 612830 791136 681117 684207 632982 336777 320967 678438 599211 696668 938431 408979 593761 741004 427526 547076 216050 701195
1198610 869380 839775 414275 823659 667439 273096 958077 1075849 274533 844801 253641 399824 568202 392754 236270 431887 731159 793567 976011 1051472 468479 532162 753305 675276 500997 971134 556750 435149 439476 708877 999999999 484953 1153882 671778 522168 1179283 971349 683538 850094 855495 939161 726520 1198697 1240404 968601 1198792 943486 967040 596052 459049 966055 572999 444712 672980 911333 775852 753632 763557 117156 790403 942419 128934 971311 867645 746167 480513 560982 878408 470412 1056428 424979 562278 384344 169021 835314 899344 247849 457907 1254593 108442 221397 98042 364181 299569 765792 918022 660323 869640 919538 309816 157815 858325 669835 128284 545150 291594 1013243 494429 191400
838084 390189 362495 71942 339555 257585 215010 797342 769529 219468 566130 301548 511650 280345 92406 272018 401705 257308 334371 862027 746716 444161 62997 332080 358728 198885 604040 76320 233302 111913 769152 484953 999999999 802571 719004 190447 886986 943924 225427 865519 752627 745935 245839 825569 924577 629353 828009 843724 924416 123074 29196 636814 334691 65510 694221 444838 338502 521431 865647 562997 798791 466296 441748 654839 399621 408253 404185 363613 818986 645674 694771 450839 473264 116488 323659 400432 914943 240614 605507 915105 560937 512334 455637 146164 188727 368707 584877 505575 732412 559892 224036 327211 377375 459976 422359 84755 563575 766052 597547 293784
49102 570542 568022 855324 635083 544991 923710 441399 131128 976370 322982 900542 859860 589821 855209 928690 751857 605342 835490 534880 145048 735993 814118 476058 481932 669778 198571 739883 722247 914059 801473 1153882 802571 999999999 776385 656044 171194 708632 596614 755116 546571 382909 744475 74629 147331 185372 68870 557611 676372 694093 807575 188740 581127 789886 738742 483555 482787 425596 886613 1164507 729741 527959 1042478 189633 812450 413483 700906 597681 623935 928868 108193 787049 646506 828653 997180 430512 770040 941545 893736 113760 1169437 1024738 1072485 936681 904156 434099 235893 543977 488406 244255 856064 1030237 588306 502843 1033803 718391 1015093 268376 843171 1006889
824884 888238 859383 703049 895249 634246 628672 387673 651860 701966 484936 515742 275715 487731 679014 574827 324128 783253 1010966 354764 633219 277761 778298 676122 505787 534122 682671 728659 485731 787462 50220 671778 719004 776385 999999999 554031 707110 301984 721179 178401 258617 413660 893494 846724 787492 635321 842664 317077 302258 723310 696157 618092 428318 656098 39107 862902 715314 395316 152389 606490 120679 921969 546242 601380 1050960 543432 314827 386079 233713 224383 726074 287956 257033 631079 607556 737812 228312 623523 219136 833983 616274 454678 574836 742415 633047 639317 598624 292863 306026 642003 550930 652811 891386 364766 553913 690864 396372 528531 177369 656183
696717 391848 360110 215289 372581 148530 269366 607263 603918 320592 387113 276861 394853 90112 207168 286359 263260 258806 457942 671750 580118 295033 238230 233110 181554 26638 462331 177084 106273 292889 604040 522168 190447 656044 554031 999999999 718916 758574 196435 687622 563511 557287 342584 690958 764870 473667 692086 653990 737826 169745 179435 476896 145166 147795 525055 408924 260095 332931 705039 564702 621937 452477 434393 490293 503432 243801 246794 177988 632381 525143 551775 318586 298878 173886 355159 316303 735727 289189 481906 764718 566302 464775 458934 291541 248549 243994 425209 317262 542067 412824 212397 381647 387305 269530 419740 138776 493996 584882 460611 355109
193938 712025 704577 930429 771244 634673 975226 331838 118118 1035813 338227 931334 843241 639653 925475 968354 755317 723370 969157 411139 140300 729548 908926 580829 537382 727032 312829 833106 764568 998551 722773 1179283 886986 171194 707110 718916 999999999 581828 702387 650330 455148 293464 868647 233478 82276 265132 226009 440727 550526 790966 886813 253023 614858 862854 672650 629010 596842 425756 795255 1172817 638021 679234 1059259 232344 954744 479369 704268 619715 518744 888990 242727 780098 634102 892157 1034220 554128 655883 989659 859312 144353 1179099 1023707 1090577 1009484 959068 531088 303768 529207 402022 340710 899656 1071885 728561 509522 1053702 806056 1001896 181262 806463 1052680
750657 1010469 986713 944688 1037212 789797 897796 269657 578446 972053 519491 794663 572080 674384 924388 852157 587278 937164 1189747 173800 569402 539775 996408 801515 644621 745795 695177 933980 720818 1030193 274339 971349 943924 708632 301984 758574 581828 999999999 882548 130947 210814 336818 1069970 783199 662598 632382 777105 154103 32336 915656 926164 610425 614482 887502 298501 960789 838183 478491 279356 908475 181539 1022341 844309 583525 1213803 650227 559803 581076 127868 523132 701002 566147 476991 876846 893666 838729 97838 897148 521069 725454 918253 756170 873762 997789 897179 752306 616471 442633 258644 672697 815137 939211 1018861 502413 850495 895904 698259 441585 478271 938210
627736 196449 164806 292584 178542 92759 412069 683910 584574 436931 416759 456827 589732 235034 304010 450864 455812 63734 308175 765818 563920 482472 220965 121952 238232 223015 400001 151913 301862 329799 769830 683538 225427 596614 721179 196435 702387 882548 999999999 832658 674669 621070 189360 611279 728625 437530 614425 756513 857463 103623 241071 449634 292968 242302 688119 227837 116475 410713 873560 742678 770587 262207 613485 472906 333582 251069 432003 335636 754792 717976 488607 511439 465258 300265 514929 176871 876977 436570 674429 710345 742869 656209 634478 371260 386253 171905 400294 448107 639110 362850 382458 530234 190997 381625 596703 144735 689289 610786 649087 498726
800684 979472 953200 858184 997708 741120 796916 319302 624266 870920 515489 687923 453650 609845 835908 746542 486977 891268 1134696 246432 610737 439202 921631 766277 600068 671440 706704 864706 635426 943623 144898 850094 865519 755116 178401 687622 650330 130947 832658 999999999 210958 372211 1015145 829219 732587 648959 823890 211990 141294 852178 845191 628409 548701 805557 183888 939937 804663 451074 157028 782482 67201 1001107 724629 605111 1166239 619671 467208 510553 132157 394415 728939 458292 392255 787857 782898 814817 51312 793786 395261 789603 792450 632259 753228 904623 798969 721545 623501 384571 269484 675762 716450 828341 985628 452995 732155 826397 571787 488386 355669 830078
593026 799675 775910 761594 826763 581972 735393 129093 416461 808595 313039 645796 464367 475987 743894 699374 435546 727984 982610 121276 401657 391984 801476 590901 436439 553845 498507 735503 540944 846073 268422 855495 752627 546571 258617 563511 455148 210814 674669 210958 999999999 165402 863097 620207 536886 439234 615106 93447 183556 713654 737506 418339 418361 700356 229003 750996 627428 267875 342223 814245 184449 812558 726647 394456 1004471 439476 396874 390048 88294 466114 518006 431121 308847 697779 750540 628319 235360 739055 446703 588916 822779 657544 758029 822084 730483 541501 416479 247255 58613 470651 651132 795209 808050 298505 728400 697953 614653 283203 394598 788347
428622 711069 691705 770180 749932 532421 775700 71544 252098 844851 209810 706129 572050 467482 757573 752831 507297 664966 925321 170585 238786 472419 785201 517597 394168 555329 361333 712708 566162 850079 430180 939161 745935 382909 413660 557287 293464 336818 621070 372211 165402 999999999 809204 457075 374192 297106 451698 182729 304741 681615 736710 274872 421311 703968 379490 649428 549272 224523 507596 915441 349841 710059 812997 247181 935013 370391 459589 408160 241236 602051 364566 519871 377146 715696 812445 535172 388574 784597 575551 424001 922869 761006 844831 840655 765337 463925 287076 280883 109322 344829 693136 854592 722454 294602 810962 677929 729640 117822 522316 841627
768272 201933 188495 313305 131607 281456 460267 872825 752775 453942 602862 543707 728394 407207 337290 517669 602704 147426 119856 955178 733990 637146 194386 296576 426900 365703 557299 187899 433249 298501 943097 726520 245839 744475 893494 342584 868647 1069970 189360 1015145 863097 809204 999999999 745162 884965 604738 749605 945690 1045425 174107 274308 619783 468039 301385 862607 285305 273325 600031 1045397 808511 951648 277237 687494 645690 162205 438814 589363 508716 942111 861577 639633 656979 636558 360144 568780 315660 1060729 485753 819134 857077 806222 754323 701406 367496 434213 350624 573693 631782 828346 528831 465174 568977 183513 567804 668170 218176 800958 792735 801591 535314
40174 560619 562266 882226 628473 569599 960202 516013 205656 1009162 383023 945065 919113 631173 884333 969752 806491 612268 828389 609429 218582 793535 831642 494283 523557 706819 228871 759160 764391 935884 873022 1198697 825569 74629 846724 690958 233478 783199 611279 829219 620207 457075 745162 999999999 187984 235206 7611 632239 750948 712072 833038 243972 628492 818489 808761 471900 495162 486107 959435 1214970 802904 509580 1090820 251291 798706 453072 756087 648619 698223 993237 142566 844284 706490 861038 1038714 438167 844546 979250 957071 128866 1219447 1078733 1120224 963893 939434 458096 284957 605818 561892 279672 896266 1069813 579116 559989 1081159 740839 1072572 342968 907272 1045020
148517 716043 712199 972336 779313 668440 1026789 414092 164661 1084535 395633 990000 914835 690033 969427 1024161 821434 742927 979357 492765 189075 798164 941649 606767 584620 775245 329417 866318 818531 1036490 804102 1240404 924577 147331 787492 764870 82276 662598 728625 732587 536886 374192 884965 187984 999999999 295233 180449 522768 631507 822199 926741 288708 670720 905410 752573 629752 617956 489729 877392 1238985 720066 675100 1122715 274917 958475 521719 770128 679440 601020 965509 245625 849090 703660 938755 1091145 569448 737785 1042529 934739 70966 1244903 1092029 1153726 1052649 1009291 560427 340775 598517 483167 366792 953823 1127328 733543 572795 1116206 841796 1073173 259560 882167 1106593
230356 459075 447741 677947 513204 373420 739837 367784 148107 794250 153550 715202 685067 404849 675977 743507 571287 458729 708182 467408 129600 558822 647155 315800 297122 486192 65897 571616 537002 741266 667546 968601 629353 185372 635321 473667 265132 632382 437530 648959 439234 297106 604738 235206 295233 999999999 233977 478862 600633 528158 631818 22433 396083 611403 596406 382534 332094 255035 761749 980976 610849 438903 857975 52362 699312 229971 520896 414133 525574 764326 95501 609427 473374 647178 811913 292556 674203 757193 726762 291141 985677 843611 887791 758656 720856 266894 50604 375218 381872 75910 671080 845290 474211 325501 848985 546610 837670 219415 678240 822340
32567 565814 567140 884287 633451 571749 961244 510200 199997 1010628 380722 945151 917157 631532 886162 970264 805202 616116 833479 603318 213450 791816 834620 497000 523814 707716 229798 761942 764715 938474 868645 1198792 828009 68870 842664 692086 226009 777105 614425 823890 615106 451698 749605 7611 180449 233977 999999999 626357 744869 714958 835231 242095 628113 820352 804774 477163 498432 483815 954665 1214333 798004 515357 1090448 248544 804277 453500 754705 647785 692773 990432 142378 842624 704372 862510 1039185 441804 838907 980158 954446 121865 1218872 1077588 1119935 965944 940608 460206 283977 603369 556851 280249 896862 1070522 584266 558246 1080913 743302 1070914 337214 904505 1045893
600889 870802 848624 854181 902333 664249 828733 116474 426787 901992 372543 738078 548471 565599 836791 792108 527518 807498 1064659 37856 416653 483195 891436 666336 519023 645215 542180 824240 634108 938432 313366 943486 843724 557611 317077 653990 440727 154103 756513 211990 93447 182729 945690 632239 522768 478862 626357 999999999 122015 800628 829220 456802 509070 792413 294899 816413 701492 346050 364526 897661 215118 877791 814552 429631 1083031 514603 489825 482171 86965 536446 546957 520556 401902 790845 842397 696715 215395 832201 521831 582093 906510 741158 845690 915298 823921 615056 464750 339278 117529 521615 744484 887239 880376 386498 817111 787006 694318 289463 471398 880945
718496 982427 959025 927220 1010282 764711 884723 237349 546141 958915 489456 783927 567234 652577 907496 840856 575080 911334 1165098 141616 537066 527946 975959 774358 619296 725846 663629 912441 703655 1012585 279448 967040 924416 676372 302258 737826 550526 32336 857463 141294 183556 304741 1045425 750948 631507 600633 744869 122015 999999999 892969 907315 578631 593186 868978 294600 931611 810721 451381 295676 907599 181926 993140 839300 551599 1187890 622809 545386 560965 105471 525756 668792 556723 461020 860200 884293 810058 118205 884931 521002 693964 917205 753972 869184 982088 883230 724649 585306 420935 228930 641726 801542 929792 991097 478618 844745 874492 698169 409255 476243 927682
727043 273346 244048 192650 231529 157127 322957 739653 672851 339414 486632 385640 555084 242602 207352 369822 428599 136288 288200 814201 651116 463328 120028 218341 287590 191970 496027 48293 259651 226257 773217 596052 123074 694093 723310 169745 790966 915656 103623 852178 713654 681615 174107 712072 822199 528158 714958 800628 892969 999999999 141807 538173 303631 151484 693659 322564 219186 461245 874600 664265 787362 347368 537697 559148 336093 321234 416023 341989 788158 687899 585900 482939 467221 212470 429590 280292 899221 348284 645309 807548 663420 593220 555719 269234 296492 261775 487210 473342 684926 455415 307759 439869 262452 415156 519597 51877 634778 685536 627498 407277
844247 413011 384604 51532 364656 263495 187707 786307 769870 197622 561825 272353 484419 269428 66576 243365 376900 277859 363538 848518 746739 420185 91296 341715 354161 184278 609378 98291 210731 113915 746224 459049 29196 807575 696157 179435 886813 926164 241071 845191 737506 736710 274308 833038 926741 631818 835231 829220 907315 141807 999999999 638300 321091 40064 672196 464308 351174 512303 841828 535156 778282 488288 413188 655203 428747 407446 381607 347578 802004 618296 700207 425082 453159 87292 296271 413361 894931 213352 578430 919488 533273 483145 427537 131948 161251 375056 586237 490251 719212 563932 194877 301579 400844 447750 393900 96595 534474 761184 571557 268381
235547 477960 465817 683650 530843 382358 741322 345458 134996 797182 139969 713044 675141 405203 680786 742934 563916 473203 724655 445097 114540 549742 656562 328418 298149 488320 88208 580833 536386 748675 649480 966055 636814 188740 618092 476896 253023 610425 449634 628409 418339 274872 619783 243972 288708 22433 242095 456802 578631 538173 638300 999999999 393063 616702 579280 402613 346612 242725 742854 975781 591191 459524 853847 30366 717348 233267 513177 408942 504364 751460 108882 600587 462615 650724 811016 309518 653083 758106 714468 290000 980698 836659 883936 763944 722919 278108 52082 362822 360751 92152 671051 845221 492792 316171 845337 554778 828869 197584 665378 822941
626399 468347 438036 350327 468594 208457 362733 466709 506186 427883 276668 320280 330707 61152 336523 353722 197127 355466 587010 527543 481777 206773 383311 265386 115052 136843 404270 319507 150528 432439 477195 572999 334691 581127 428318 145166 614858 614482 292968 548701 418361 421311 468039 628492 670720 396083 628113 509070 593186 303631 321091 393063 999999999 285671 395801 458485 303113 201096 580707 587105 484283 512814 462337 398849 623323 183940 156548 43147 487813 445492 485928 248194 172454 294424 420426 341214 595591 375622 402134 681880 591296 457510 491881 419354 349021 244696 345481 172308 398133 352317 284977 457152 469197 127659 452967 281424 464780 463627 368378 437945
827972 424700 395075 67825 381542 250186 171655 752023 746665 196571 534049 242322 446176 236629 65942 219816 337034 286563 396675 812364 723215 380161 128379 332371 327034 149104 592595 116149 170756 146771 706162 444712 65510 789886 656098 147795 862854 887502 242302 805557 700356 703968 301385 818489 905410 611403 820352 792413 868978 151484 40064 616702 285671 999999999 632209 469369 346133 480012 801803 514049 738605 497917 389092 632261 459215 384133 341580 310314 763760 580230 683294 385608 413688 61227 278153 408133 855387 196875 540005 900845 512868 453020 405674 147267 145300 360869 564642 453187 683357 545666 163813 289158 413934 413003 370432 100466 501610 732445 532230 257040
787342 852674 824079 681438 861123 600240 613899 357353 614930 687741 445864 504061 273583 455868 658117 562737 305348 749765 980658 332050 595979 257926 752602 640069 469696 506066 643579 700791 461465 766399 82252 672980 694221 738742 39107 525055 672650 298501 688119 183888 229003 379490 862607 808761 752573 596406 804774 294899 294600 693659 672196 579280 395801 632209 999999999 825901 679256 356336 186678 613715 119152 885220 545809 562811 1019074 505790 290758 354130 215368 241574 687370 274486 226441 610050 599323 700633 235147 610240 229475 797944 623188 459469 575309 724136 616758 602398 559550 255284 273183 602907 534298 644809 856179 327387 552111 662779 405490 493226 182191 646215
499573 88916 96907 515200 158873 264064 639820 720070 521780 661797 444097 680794 783956 414526 529237 678005 647785 187914 356937 815153 507976 664472 423952 193099 359157 434955 321544 368554 514436 538513 907616 911333 444838 483555 862902 408924 629010 960789 227837 939937 750996 649428 285305 471900 629752 382534 477163 816413 931611 322564 464308 402613 458485 469369 825901 999999999 156038 489051 1011634 968174 885498 61563 838350 432477 328900 321893 613575 500195 838310 903669 387484 702133 622144 527991 742628 125689 977386 664387 860170 591833 968762 873648 860408 590364 613910 223600 369764 570861 702744 313417 608355 757941 107695 498644 822163 369971 899927 597429 826681 726248
