NAME : synthetic_000276
TYPE : CTSP-D
DIMENSION : 100
GROUPS : 8
RELAXATION_LEVEL : 1
EDGE_WEIGHT_TYPE : EXPLICIT
EDGE_WEIGHT_FORMAT : FULL_MATRIX
EDGE_WEIGHT_SECTION
999999999 726613 248783 176896 359134 428790 548524 265869 360043 186806 882484 773622 237893 144957 103798 418738 267288 501108 334253 427357 510762 316571 446989 714576 796498 420782 740224 816744 574319 265686 417513 357629 634687 323139 270399 315215 757832 629324 265277 593816 381012 290385 295204 368335 219931 676636 133968 255655 539394 370881 525491 810897 701630 465766 196375 792954 952813 828510 358528 350382 555235 416234 828036 563222 455910 804773 564491 699056 399409 556045 244839 371212 23994 614003 533440 681097 762582 588345 285536 371657 646163 573085 468939 158985 464112 843045 614582 550697 856550 294970 277777 599695 567317 518338 848524 614816 101589 134144 135558 164510
726613 999999999 862830 780951 563237 673993 200834 465614 693502 775323 379049 75380 497328 780703 789200 355170 754250 572457 489630 485777 342534 505424 630604 28066 88561 695626 281109 92232 496604 462907 984183 747038 207563 673753 864685 661790 447962 311183 561156 259838 610337 616231 912886 370886 822869 95543 593079 618018 758479 735090 336558 372351 37367 898455 543416 282358 343777 318911 414461 926162 500077 664668 394276 375382 307581 261265 507251 456448 401858 606527 883487 418233 704941 128258 552037 94505 229576 416993 519136 652449 448652 233139 763116 638953 373802 203992 352391 733689 133706 855019 638311 456678 524226 217389 174954 118005 635614 629977 763776 578937
248783 862830 999999999 404694 343492 677554 717224 454656 254878 89476 918555 922941 437526 369449 146958 511925 507594 745629 383233 435956 720397 547857 369974 844491 916381 669161 794158 955005 810637 420869 604928 601738 719177 240840 475795 244718 981813 677000 504617 789336 327373 266987 481030 552421 435177 835478 322324 502757 397395 235630 734790 839814 831315 247202 335716 987522 1015368 1026453 566165 546186 792226 322514 851554 594275 644395 869064 538716 691718 611875 802116 431529 449779 250069 770941 489402 796059 949432 598943 516556 292466 874998 759730 318489 405060 522078 1014191 829367 421373 996535 64742 243043 830675 533927 681121 1010412 765590 332960 250692 367061 303465
176896 780951 404694 999999999 520698 303430 584870 325938 535673 358474 997397 813907 293053 35250 260622 529462 108500 409440 477481 576442 498882 291574 616806 774847 860696 287880 850589 864900 504757 359535 250436 205054 732422 497940 101780 489172 705604 748405 229969 594877 549417 459146 140781 410619 49352 713263 248850 184012 715366 547699 512713 931759 762820 637271 322553 783514 1050663 813192 370775 181931 485112 589410 951014 694132 479676 906549 717221 840003 396820 453832 102958 496023 192096 656762 692825 755035 764106 726715 268972 544415 589760 587049 645693 143467 589444 858597 585896 725509 901516 459593 449373 541387 722309 563624 873364 663335 182779 293961 41363 302170
359134 563237 343492 520698 999999999 665493 469089 314488 130307 274478 575186 632478 325038 495146 346150 215141 579568 670300 92738 92885 540813 458765 112522 540383 600766 669934 452246 652410 689527 248706 770411 645706 390219 114036 621333 104453 806554 335468 454099 573158 54430 79731 651857 363958 568837 561587 281333 490891 248980 171924 552252 496718 527822 336257 216760 751680 673239 793741 416247 702070 675824 117199 509124 251276 439443 528424 209553 355973 459739 730768 602614 157775 337427 500868 174322 482701 704064 256449 436329 91047 722461 532495 218137 418460 193105 743237 646143 241988 693670 313846 102364 689289 210118 430362 728723 488805 345131 227775 481519 223783
428790 673993 677554 303430 665493 999999999 479156 360241 731471 610336 984526 679362 342470 333483 531448 567484 199453 133394 588349 682612 333186 219680 777021 678951 762303 25139 840148 738452 243344 425314 360829 116718 710421 691494 311168 679093 445437 766658 211394 427537 711028 632996 354653 371660 306317 584988 402554 182985 903180 756694 341487 936371 670035 882139 451611 574224 999496 593063 302502 327351 226302 766454 958795 743904 381721 873816 815730 897803 288482 158418 360620 567615 429707 547825 811985 685937 573016 789203 233746 723354 334891 442842 847713 277686 643188 680086 372318 903254 766444 721746 633976 290399 826400 478248 708073 563167 358417 482680 327556 455794
548524 200834 717224 584870 469089 479156 999999999 282664 594239 627775 520541 229485 311805 587149 623149 258022 553772 389441 380076 416456 159050 304808 562237 201429 286889 499694 386201 280316 333758 297776 783405 547025 261786 565805 665660 552280 363186 349890 361475 119719 522528 500531 714220 181014 625239 129495 418804 417811 701701 634827 158468 486398 191656 799354 383051 282901 521448 324794 215175 725777 331746 583859 509689 371962 107004 404061 492586 504074 201117 432212 686699 311314 528666 72903 520676 208938 237322 422432 319665 559491 315085 74511 685831 444944 314362 298048 217129 683995 316663 721286 519021 304900 508682 38777 300127 84647 451811 470580 570501 417320
265869 465614 454656 325938 314488 360241 282664 999999999 404834 366609 677485 508871 32932 319899 344751 219222 330917 355962 230528 322510 266635 145190 426964 456118 540549 368775 529767 554068 384471 66360 557607 367099 407981 367138 420109 353301 532627 435143 154887 336385 364778 300905 464938 102975 372278 411063 138580 206329 561307 438408 280815 616296 443547 589689 126934 535851 725097 573664 115260 492334 368893 424946 636875 395561 193293 582117 456110 548968 162217 416527 428507 208460 246284 349005 451963 430823 501448 436991 126505 385797 432622 310749 517286 183041 290801 577909 376406 556361 593134 471887 309803 392816 466405 253189 582665 351117 170371 204370 302753 153217
360043 693502 254878 535673 130307 731471 594239 404834 999999999 213482 679572 762759 406596 504854 309948 344209 613659 756154 214189 214582 652430 541541 115205 670516 729597 731848 567675 782474 788866 344128 776386 692271 516887 40021 630331 52612 920913 453157 523886 693602 87386 103965 652342 472614 579936 690830 329386 549664 179786 41623 664825 599751 657998 206488 285357 877131 786489 918936 515935 709934 773610 67982 609106 366763 554964 645429 289010 442799 561798 816780 601107 284490 343578 629442 236721 612233 830645 360290 515006 44292 830507 654608 116247 463201 322056 872742 760434 191132 823667 208800 97790 794005 282340 555470 858828 618008 382229 253187 494413 275901
186806 775323 89476 358474 274478 610336 627775 366609 213482 999999999 847521 834549 350840 324149 103685 426700 453878 669189 301584 364391 632927 466107 322899 757510 830715 604213 718377 867546 729071 331444 581653 544294 637311 187679 442149 186961 896017 601356 426668 700406 269465 194984 456222 463436 395997 746418 237231 430907 380839 208691 647229 769855 744313 279338 246375 898332 939244 937398 479198 518232 711023 280125 782973 521045 555361 791792 479221 629475 525304 726995 404973 365405 181290 681868 434471 710492 860021 530610 435078 242150 790658 670435 304204 333486 442259 924851 742275 399025 909011 112562 172158 747109 476656 591741 921411 676804 256314 162253 318086 214545
882484 379049 918555 997397 575186 984526 520541 677485 679572 847521 999999999 433544 709149 984732 904490 468753 1007350 908375 555802 483402 679581 778740 573332 357228 314948 1001997 147815 392894 852200 637885 1235075 1029632 275158 681455 1095410 675373 826816 253196 818936 619506 595727 653274 1138114 620919 1045635 468170 758692 876157 648184 714293 678621 79955 358519 848216 687884 656473 132478 689194 686419 1169458 851558 621825 75604 326905 604719 119280 395365 249523 696063 952726 1097260 511288 858490 468013 452000 317004 605816 320319 779449 636101 818301 581880 691442 858144 418741 551694 718987 615060 409814 884588 676830 818531 406150 510985 508356 447276 820112 753848 967950 718073
773622 75380 922941 813907 632478 679362 229485 508871 762759 834549 433544 999999999 539245 816619 842019 421131 777924 568094 555653 557538 346664 529662 703344 103141 119944 702262 349471 60396 481752 514149 1004944 761515 282894 741505 892593 729204 403668 386240 588360 252855 680774 682223 941491 409288 853502 100725 641504 643384 832557 804382 337877 436030 112572 968466 597152 223270 378651 255816 443353 949799 488102 736250 457064 450621 334384 319745 582543 529799 423314 595465 915363 483749 752833 159884 626949 169773 174467 492372 547046 722420 422175 238473 835453 674419 445354 129731 332509 808150 88694 918267 703743 437842 599524 255697 99770 159536 679083 684647 799983 632489
237893 497328 437526 293053 325038 342470 311805 32932 406596 350840 709149 539245 999999999 287026 321331 248023 300614 349781 245896 341369 283218 135391 437389 488276 572934 349174 561523 585284 387636 84660 525982 341252 440424 367892 387606 354338 545309 465404 132678 358747 373206 303382 432212 130887 339525 440792 116405 180043 568733 438149 297726 647169 475768 584835 122209 558448 757845 595404 128668 460368 371073 431730 667545 423043 218277 614595 477690 575764 174472 410460 395587 231885 219407 379378 470343 463643 525898 463132 111312 390922 441767 335713 520867 150322 317660 605162 391852 565693 624078 458724 309835 399973 487247 283616 611267 382191 140020 189817 269884 142167
144957 780703 369449 35250 495146 333483 587149 319899 504854 324149 984732 816619 287026 999999999 225600 516022 142163 434501 456436 554424 509850 301767 588756 773363 858718 319067 838641 866212 526573 347561 275486 238704 722883 467611 126727 459271 725360 734174 240205 604134 521788 431222 158350 409827 75158 716269 229765 200260 684316 515668 523983 917578 761098 602635 303443 795745 1041969 826632 375272 207418 506891 559951 936369 676968 483481 896672 694610 820735 404715 481033 112937 479276 161912 658240 668283 750645 774183 707844 276720 515110 609727 593749 613778 142210 573148 866332 600745 695255 903587 424520 420423 561411 699081 563956 879341 663696 165246 267491 17152 280388
103798 789200 146958 260622 346150 531448 623149 344751 309948 103685 904490 842019 321331 225600 999999999 457400 361344 604651 348801 428611 602192 415519 412938 774411 852832 522544 768220 880862 675791 327896 478049 454965 674247 279091 339780 275228 855506 653023 367024 680025 353191 268063 352615 447278 295105 748274 206174 359446 482459 310039 616871 829181 761247 377916 245793 879729 986457 916715 447860 414993 656887 374013 844240 578468 538024 837863 555592 700608 491218 659808 301420 401403 110085 684289 516050 734271 846188 595407 384178 332706 745305 655500 406773 262546 488436 920735 708519 499049 921632 199000 248876 699478 555293 590071 922505 682496 197646 160461 221694 210269
418738 355170 511925 529462 215141 567484 258022 219222 344209 426700 468753 421131 248023 516022 457400 999999999 548468 533004 134604 159402 356265 347953 304217 334723 404462 579345 323381 446512 524308 170399 771224 585657 217335 320788 628620 308271 610189 219149 372159 369247 266988 261250 670241 203717 578085 346635 290815 425389 443929 385681 365116 402349 321692 550693 222371 538761 534112 581015 271704 704432 514281 327117 421873 177357 251324 386046 260134 331420 303599 590044 628656 63102 394909 285740 274567 284137 490065 221722 338339 306182 539132 326109 429015 392711 76541 528545 452601 427194 488130 500446 283157 513389 273877 219892 515572 273817 351379 298178 499280 255119
267288 754250 507594 108500 579568 199453 553772 330917 613659 453878 1007350 777924 300614 142163 361344 548468 999999999 316133 522204 622291 443783 248995 683273 751975 838343 181771 859535 832565 418564 380386 231380 96596 735141 574453 122869 564174 622713 765925 194424 542706 615175 527428 171623 394569 107227 677678 298275 136565 792823 630576 456366 947179 740831 733039 367029 720289 1047509 746350 340463 172048 399308 661497 967793 721973 446786 908322 763109 873171 354651 354724 165086 526425 276605 626674 745743 741342 707167 759783 236461 616431 507408 542607 727316 162974 616221 807449 517701 799598 866566 559579 521496 459489 770285 538945 827175 636517 235342 362198 141184 355785
501108 572457 745629 409440 670300 133394 389441 355962 756154 669189 908375 568094 349781 434501 604651 533004 316133 999999999 583998 669054 231935 214614 782670 581276 660883 158437 769208 628224 109999 421608 494200 246899 640294 717168 435407 703749 312646 710415 242709 315740 720707 653148 481316 329304 422385 479332 440130 246496 917132 786687 236247 868315 573885 927063 470914 444666 908864 461495 262779 458933 93496 780502 891359 702126 307617 793095 791639 852822 230179 60691 481147 547909 496138 451625 797258 598160 447601 750635 242008 740421 201508 339539 870647 342134 609346 555920 246513 912257 652848 781702 658971 157627 804313 397659 586877 469557 413315 522825 424960 484771
334253 489630 383233 477481 92738 588349 380076 230528 214189 301584 555802 555653 245896 456436 348801 134604 522204 583998 999999999 100126 448117 375713 201112 468745 535948 594857 420176 580730 598696 164207 727487 579508 336089 187516 579261 174570 713886 304350 378088 481517 147119 126648 614778 271884 526731 478946 228983 420452 340440 254983 459521 481162 455788 419904 156171 662977 639849 704823 326407 659054 585437 209918 496988 230907 346752 491677 241224 365517 368891 644121 568092 72011 310619 416617 225919 415871 616498 254115 355774 180384 629968 441506 310420 359232 141229 661126 553443 331088 622323 367397 148759 597294 248081 341303 649542 406229 295294 201152 441169 176074
427357 485777 435956 576442 92885 682612 416456 322510 214582 364391 483402 557538 341369 554424 428611 159402 622291 669054 100126 999999999 511503 466482 147805 461438 516456 690330 359385 572556 673310 257411 826714 678374 302458 205133 678187 196626 769146 242711 474047 528649 127678 169873 712724 345416 625582 494690 328540 518534 285419 255093 521257 405475 449348 414634 256171 694806 580354 737159 407148 758235 661646 178895 418707 158437 406847 435729 141184 273084 445890 728299 665312 122139 404247 437423 129476 400742 644755 167162 448972 171014 694889 485443 278172 459326 112191 673929 610804 267828 613292 406564 193477 666527 148041 378729 655716 422873 394800 293213 539481 274335
510762 342534 720397 498882 540813 333186 159050 266635 652430 632927 679581 346664 283218 509850 602192 356265 443783 231935 448117 511503 999999999 208083 646758 349937 431092 355766 543977 405401 178382 313581 664303 416789 417317 617984 563945 603932 269092 497709 269705 99176 595081 550248 613356 180018 531507 251916 399475 316715 787416 689810 14730 643980 342211 848113 391831 286365 676931 319287 154728 613183 174145 657866 667225 505090 104962 563004 612914 647933 111364 273163 594759 391851 495753 219760 630826 366772 265389 555562 234413 625274 183391 109848 757297 374270 427201 363668 110059 775175 434389 738437 563672 158366 627695 173553 384545 237643 409181 470822 494816 419809
316571 505424 547857 291574 458765 219680 304808 145190 541541 466107 778740 529662 135391 301767 415519 347953 248995 214614 375713 466482 208083 999999999 571283 503822 590098 231573 632056 583744 263004 211542 478878 251477 503621 502570 363282 489139 441319 551275 61711 303303 507952 438614 412410 157994 326653 429170 230735 113739 703872 572249 222237 725539 492941 715035 256326 494136 807242 525753 94160 421032 244922 566952 747441 524729 197859 673096 597146 678770 106785 275245 389571 349148 305618 377704 595923 496847 472773 569635 31398 526307 329862 297059 656137 168455 423526 567288 302745 700196 618191 577564 444385 283999 608261 291327 583384 387878 217879 312506 286784 271385
446989 630604 369974 616806 112522 777021 562237 426964 115205 322899 573332 703344 437389 588756 412938 304217 683273 782670 201112 147805 646758 571283 999999999 605498 655329 780883 471091 715482 799807 361066 863835 753363 438705 135275 715475 137743 909572 361357 565685 671882 68098 157660 742193 472592 663603 642424 386715 600792 140897 143092 657571 493390 593761 281302 326427 842016 685762 884349 527283 796087 786518 49449 501076 275493 543637 549519 178535 331301 570002 843093 691707 256093 427420 585181 123596 542936 792285 259062 548700 80810 829497 629562 133101 524461 259020 821225 749846 130050 755646 323225 169379 797850 169898 524073 802059 570673 447931 323486 576418 329220
714576 28066 844491 774847 540383 678951 201429 456118 670516 757510 357228 103141 488276 773363 774411 334723 751975 581276 468745 461438 349937 503822 605498 999999999 86386 700050 254579 112164 509341 449707 982627 748369 179774 651637 860482 639875 469774 283191 558083 272279 586719 595150 908318 364228 817636 111800 580724 615467 732359 712055 345034 347216 13213 874919 528717 308308 329760 345515 411540 923562 511841 640301 369399 348183 306659 238570 479931 428473 402077 617532 877634 397817 692551 131137 525216 66636 255049 389343 515969 629076 465332 241956 738221 632160 349769 232043 367713 707260 153661 835129 617504 470923 496889 213124 202398 116808 625369 614604 756349 564224
796498 88561 916381 860696 600766 762303 286889 540549 729597 830715 314948 119944 572934 858718 852832 404462 838343 660883 535948 516456 431092 590098 655329 86386 999999999 783804 246405 80730 583530 530945 1068940 833882 216842 713930 946768 702889 521981 308998 644469 347399 643785 660972 994541 450126 903728 182490 662530 701843 774998 770744 425088 323964 97949 930959 607837 343076 261254 374537 497919 1009946 587554 693683 343811 385905 392728 204530 513825 437158 487892 694282 963541 466902 774131 215276 563815 120328 294282 420130 602355 686875 532068 321679 788383 717813 407722 238111 437626 747696 109896 903336 683999 542568 530360 299510 196893 202547 709023 692498 841670 643215
420782 695626 669161 287880 669934 25139 499694 368775 731848 604213 1001997 702262 349174 319067 522544 579345 181771 158437 594857 690330 355766 231573 780883 700050 783804 999999999 857014 761163 268416 432946 335873 94280 727436 691830 289883 679679 470213 781344 216784 450885 714365 634668 332416 386298 287704 607300 402470 182186 905119 755938 364435 952622 690940 878032 454680 599200 1019185 618170 317710 303351 251427 768763 974914 756277 400755 892143 824866 910334 306495 181113 340341 576967 423052 568995 819472 705632 597622 800907 242809 725237 359945 465193 848066 273584 654587 704520 397083 906132 789569 714957 634699 315531 835155 497572 732163 583953 355156 481291 314194 456914
740224 281109 794158 850589 452246 840148 386201 529767 567675 718377 147815 349471 561523 838641 768220 323381 859535 769208 420176 359385 543977 632056 471091 254579 246405 857014 999999999 326155 719955 491293 1087373 882552 129812 563566 948163 555741 716354 117175 671373 493599 480927 527171 991213 474088 898639 356874 614127 728487 568921 605506 544482 100233 251312 752123 544486 562849 221210 599983 540361 1021881 717698 516799 123537 201540 462888 78442 302939 194803 552100 816033 950924 369685 716263 342741 358992 198341 509402 212606 632096 523406 694327 452829 598753 710773 279788 477832 594446 538098 355589 765876 551117 689646 317431 371970 440291 321093 674510 614081 821777 575750
816744 92232 955005 864900 652410 738452 280316 554068 782474 867546 392894 60396 585284 866212 880862 446512 832565 628224 580730 572556 405401 583744 715482 112164 80730 761163 326155 999999999 542122 554014 1060704 818838 282037 763794 945782 752039 458478 380491 641469 312734 698364 707205 994439 456918 905549 155506 683547 697267 839965 823986 397037 404627 124987 986549 635133 271887 326305 300093 495454 1004590 548496 751269 424321 452572 386837 284865 582940 514832 478047 655860 966920 509614 795335 208142 630693 172595 227107 490300 599802 740859 481659 296404 848444 724083 461266 158801 392786 813905 41626 946733 729484 498071 599728 302487 116369 203127 724396 721888 849417 670642
574319 496604 810637 504757 689527 243344 333758 384471 788866 729071 852200 481752 387636 526573 675791 524308 418564 109999 598696 673310 178382 263004 799807 509341 583530 268416 719955 542122 999999999 445211 604058 355520 594649 751513 539978 737634 204648 676070 309047 237093 742480 684907 586958 328388 522771 401249 492966 329241 938505 822872 175902 820156 503734 972431 509095 338606 839093 353061 273826 567505 19683 804386 843447 681091 277127 734175 783929 825761 229834 115445 583330 551347 565738 385300 797350 536107 346568 731267 294178 767555 91576 270714 899864 417582 598148 455370 149969 929737 562881 840323 694274 49105 798046 351661 489368 405398 478976 573709 515263 529321
265686 462907 420869 359535 248706 425314 297776 66360 344128 331444 637885 514149 84660 347561 327896 170399 380386 421608 164207 257411 313581 211542 361066 449707 530945 432946 491293 554014 445211 999999999 601008 425491 376114 307615 458275 293614 582470 389543 217027 370939 299709 240343 500289 135358 407942 420772 131800 264359 496376 379415 326945 572653 436673 535018 85396 567440 695558 606994 171818 534080 430428 360556 592267 341591 225880 549440 393052 493190 217758 482062 459645 147661 243189 356587 386695 415502 528578 380092 191954 322546 487488 339285 454702 222484 235835 595772 423403 490689 594479 430316 251586 450029 402715 263180 595441 354616 184994 172807 330625 119596
417513 984183 604928 250436 770411 360829 783405 557607 776386 581653 1235075 1004944 525982 275486 478049 771224 231380 494200 727487 826714 664303 478878 863835 982627 1068940 335873 1087373 1060704 604058 601008 999999999 251706 964527 740271 149095 732656 805928 990152 425766 763370 797103 706469 125434 625843 201684 905339 498542 367766 954653 783642 675781 1172709 971630 850593 571932 929073 1278366 950749 571388 68505 586666 833734 1192756 940470 676620 1138199 967590 1088381 582942 512095 176721 742602 436431 856228 943062 972722 922037 974872 467751 789166 695632 767605 881628 378533 835044 1025859 725204 967456 1093630 667147 695015 650539 972743 769797 1048781 866750 432244 542917 288900 552547
357629 747038 601738 205054 645706 116718 547025 367099 692271 544294 1029632 761515 341252 238704 454965 585657 96596 246899 579508 678374 416789 251477 753363 748369 833882 94280 882552 818838 355520 425491 251706 999999999 754675 652503 195846 641364 559454 797436 213796 515211 685559 600752 238169 408771 197449 663452 367017 161210 869728 712230 427474 974691 738237 822441 429229 677372 1058028 699234 345243 212066 337427 735701 996245 762550 442448 924573 817203 916066 346532 275011 247144 573073 364241 618871 805342 746314 671028 803958 250900 691052 446862 523067 807482 229759 657893 775717 473527 874093 849905 652016 597395 400729 825887 538757 800117 631570 310044 439086 237005 424245
634687 207563 719177 732422 390219 710421 261786 407981 516887 637311 275158 282894 440424 722883 674247 217335 735141 640294 336089 302458 417317 503621 438705 179774 216842 727436 129812 282037 594649 376114 964527 754675 999999999 504221 828030 494060 607554 104782 544857 374786 430134 456240 872367 345905 779639 258099 504166 602434 558845 557545 418757 228036 170777 715783 438555 472580 319459 512728 411293 899975 591436 477926 251066 170549 333401 174185 301230 257037 422297 688095 834057 273705 611018 228662 348730 113142 418365 209694 504907 473469 574881 331934 571693 590654 198541 411087 475456 532205 320431 699704 479942 566672 318101 244144 382077 207036 561075 515465 705830 472011
323139 673753 240840 497940 114036 691494 565805 367138 40021 187679 681455 741505 367892 467611 279091 320788 574453 717168 187516 205133 617984 502570 135275 651637 713930 691830 563566 763794 751513 307615 740271 652503 504221 999999999 593534 14055 886861 447451 484127 662250 86675 67736 616746 437975 542759 666410 289366 509647 218435 71894 630629 602080 638910 233742 246256 848387 783930 889957 479205 673450 736030 95138 612819 362034 522021 640468 297879 450961 525360 777757 565664 259250 305928 604126 249421 595277 802871 361136 475759 54479 794823 624172 156249 423313 306672 848579 726581 227646 805214 203222 58237 757634 293352 527125 836359 593659 342465 213432 456774 236020
270399 864685 475795 101780 621333 311168 665660 420109 630331 442149 1095410 892593 387606 126727 339780 628620 122869 435407 579261 678187 563945 363282 715475 860482 946768 289883 948163 945782 539978 458275 149095 195846 828030 593534 999999999 585475 744472 847757 304336 662407 648510 557949 49412 497712 52651 791950 350579 249662 809398 639569 576888 1030928 848851 717015 424233 842573 1144915 869029 450545 80764 520897 686328 1050473 795049 558945 1002196 818911 941531 470044 469388 55055 596931 288387 738365 793986 844770 828356 828174 346002 641568 629481 659875 737731 237508 690071 927377 640346 821091 980967 535238 547028 581737 823885 647663 945672 746682 284425 393921 139814 403882
315215 661790 244718 489172 104453 679093 552280 353301 52612 186961 675373 729204 354338 459271 275228 308271 564174 703749 174570 196626 603932 489139 137743 639875 702889 679679 555741 752039 737634 293614 732656 641364 494060 14055 585475 999999999 872814 439293 471294 648370 83349 53685 609538 423922 534428 653515 277305 497496 228727 85943 616580 596206 627106 247466 232874 834786 776415 876322 465235 665593 722189 101208 607383 354324 508028 632329 294804 447224 511366 764358 558587 246446 297402 591087 247947 583982 789406 355163 462477 57709 780788 610387 168674 411942 296085 835697 712541 236453 793497 210206 45198 743640 291050 513621 823796 580797 331410 202501 448112 223403
757832 447962 981813 705604 806554 445437 363186 532627 920913 896017 826816 403668 545309 725360 855506 610189 622713 312646 713886 769146 269092 441319 909572 469774 521981 470213 716354 458478 204648 582470 805928 559454 607554 886861 744472 872814 999999999 705487 496151 243959 860977 819132 791581 449025 725995 360465 659499 525538 1050461 958633 256239 813655 469476 1117197 659117 195043 782291 187572 417779 771519 223585 923749 836431 734823 367144 708344 855316 861037 371123 298009 787127 653479 746144 378924 880981 518269 231693 785116 472297 892659 115863 289059 1024117 606672 674157 326767 160577 1036102 464986 1003783 832750 164229 871239 396733 370432 400518 658203 735002 713022 685476
629324 311183 677000 748405 335468 766658 349890 435143 453157 601356 253196 386240 465404 734174 653023 219149 765925 710415 304350 242711 497709 551275 361357 283191 308998 781344 117175 380491 676070 389543 990152 797436 104782 447451 847757 439293 705487 999999999 583878 467497 365981 410013 889160 395095 797129 361813 506619 639291 470009 491817 501243 183418 274849 642503 435152 576643 338375 617057 464166 923505 670814 405219 202725 86584 403979 193040 205502 155558 483922 761999 847003 258188 605331 327540 257747 216739 522472 111422 546918 408873 664939 423157 492004 611725 165628 515103 566824 441258 416865 649269 433965 652339 221792 325405 484748 306429 569070 500852 717564 464968
265277 561156 504617 229969 454099 211394 361475 154887 523886 426668 818936 588360 132678 240205 367024 372159 194424 242709 378088 474047 269705 61711 565685 558083 644469 216784 671373 641469 309047 217027 425766 213796 544857 484127 304336 471294 496151 583878 999999999 364952 499907 423569 353139 200957 265966 487679 199247 58184 693028 551410 283793 762100 546794 686163 241016 555556 854307 586773 146704 365514 290000 556056 783428 549312 254644 716847 609957 703105 167271 301342 328635 363030 257122 434276 602972 546996 534483 591577 42120 513469 382660 357764 639867 110525 445183 628696 362376 692314 676668 539120 426099 335495 619739 344960 644194 443208 171658 281826 225394 248297
593816 259838 789336 594877 573158 427537 119719 336385 693602 700406 619506 252855 358747 604134 680025 369247 542706 315740 481517 528649 99176 303303 671882 272279 347399 450885 493599 312734 237093 370939 763370 515211 374786 662250 662407 648370 243959 467497 364952 999999999 627397 595231 711816 236976 628914 164920 474265 414189 812393 733037 87744 593485 266921 895596 454570 199705 602011 237333 235803 712339 240244 689729 616743 491671 145182 500610 611357 622419 199815 346889 692084 416824 576971 151745 637634 302504 170483 542150 327439 661866 200759 45234 791254 465832 430810 264972 100921 796400 339082 801249 611500 199522 627291 152843 285417 172992 492689 538705 588651 485897
381012 610337 327373 549417 54430 711028 522528 364778 87386 269465 595727 680774 373206 521788 353191 266988 615175 720707 147119 127678 595081 507952 68098 586719 643785 714365 480927 698364 742480 299709 797103 685559 430134 86675 648510 83349 860977 365981 499907 627397 999999999 90684 676081 417808 596482 612492 318757 533750 196670 127442 606581 516172 574383 288202 259686 804840 700355 846969 468869 729196 728518 62803 526545 279712 493857 558491 211546 364350 512839 781297 625850 211374 360914 552525 165007 527256 756797 275545 484409 43384 776519 586549 163860 456490 237130 793649 700555 192589 739355 289000 105197 742981 207718 483853 777870 539840 379834 255759 509200 261332
290385 616231 266987 459146 79731 632996 500531 300905 103965 194984 653274 682223 303382 431222 268063 261250 527428 653148 126648 169873 550248 438614 157660 595150 660972 634668 527171 707205 684907 240343 706469 600752 456240 67736 557949 53685 819132 410013 423569 595231 90684 999999999 585406 370239 505999 604221 234072 452791 270474 139592 562897 575236 582232 300368 183193 782665 748382 824071 412099 638609 669647 134965 588091 327663 454498 602210 287891 435632 458088 713817 535215 198474 270231 541262 248421 541251 737817 335634 412680 90657 727268 557609 217528 371026 257782 786352 658870 273341 748779 243489 23991 690346 287242 461975 775710 531692 292453 166131 418778 177921
295204 912886 481030 140781 651857 354653 714220 464938 652342 456222 1138114 941491 432212 158350 352615 670241 171623 481316 614778 712724 613356 412410 742193 908318 994541 332416 991213 994439 586958 500289 125434 238169 872367 616746 49412 609538 791581 889160 353139 711816 676081 585406 999999999 544977 92729 840817 387524 298880 830083 658734 626291 1072526 896599 725910 461310 891737 1190035 917972 499051 66410 568016 710732 1091743 834145 607625 1046546 852760 978840 519190 513066 51412 636137 315290 786851 825551 891563 877730 865808 394647 666430 676902 709138 756626 281900 729754 976786 689315 843474 1029805 542669 572946 629338 857025 695703 995009 794900 322123 424128 173768 438738
368335 370886 552421 410619 363958 371660 181014 102975 472614 463436 620919 409288 130887 409827 447278 203717 394569 329304 271884 345416 180018 157994 472592 364228 450126 386298 474088 456918 328388 135358 625843 408771 345905 437975 497712 423922 449025 395095 200957 236976 417808 370239 544977 999999999 453735 310241 241254 259105 612323 509812 192826 567688 352220 668362 217729 435347 653352 474038 69577 563978 316297 480401 589683 375533 92000 516542 462712 528404 100890 386674 513426 223289 349115 249670 471214 347473 399352 422908 159869 446398 358962 208623 578750 268116 280134 474981 289105 602216 495009 564903 383753 325412 475727 154433 480403 254011 270834 301888 392919 248957
219931 822869 435177 49352 568837 306317 625239 372278 579936 395997 1045635 853502 339525 75158 295105 578085 107227 422385 526731 625582 531507 326653 663603 817636 903728 287704 898639 905549 522771 407942 201684 197449 779639 542759 52651 534428 725995 797129 265966 628914 596482 505999 92729 453735 999999999 752777 298183 214809 759323 590296 544942 980430 805784 673021 371899 813774 1097366 841946 410240 133252 503317 635086 999790 743367 519158 953817 766277 889354 433141 461941 63275 545247 237054 697593 741378 799679 796824 776061 306629 590225 610276 623622 688445 189240 638592 893568 613576 770399 941523 492773 495471 562054 771235 605503 910012 704988 232131 341569 87384 351262
676636 95543 835478 713263 561587 584988 129495 411063 690830 746418 468170 100725 440792 716269 748274 346635 677678 479332 478946 494690 251916 429170 642424 111800 182490 607300 356874 155506 401249 420772 905339 663452 258099 666410 791950 653515 360465 361813 487679 164920 612492 604221 840817 310241 752777 999999999 545633 542859 777100 732271 244661 453327 109658 897318 505085 214931 439203 255801 342645 849636 405070 670909 476034 410694 233674 349087 541312 515095 323029 511809 814655 407177 656334 64555 579628 158553 160869 457472 446330 652549 353828 142146 772018 574101 383913 182184 256963 755356 189038 834724 624618 361135 558238 158537 175060 72823 580802 592867 699683 540072
133968 593079 322324 248850 281333 402554 418804 138580 329386 237231 758692 641504 116405 229765 206174 290815 298275 440130 228983 328540 399475 230735 386715 580724 662530 402470 614127 683547 492966 131800 498542 367017 504166 289366 350579 277305 659499 506619 199247 474265 318757 234072 387524 241254 298183 545633 999999999 220298 504094 354203 414023 689743 567756 487148 73799 673919 823288 711289 244775 430140 475262 369012 708049 447295 331852 675971 469664 591393 289894 499655 342527 249975 111869 482347 448646 547299 640015 478289 200363 324636 553442 449329 445596 137746 343970 715570 507687 507315 723588 347522 232464 509936 475546 387096 718832 482275 66311 82726 213826 57649
255655 618018 502757 184012 490891 182985 417811 206329 549664 430907 876157 643384 180043 200260 359446 425389 136565 246496 420452 518534 316715 113739 600792 615467 701843 182186 728487 697267 329241 264359 367766 161210 602434 509647 249662 497496 525538 639291 58184 414189 533750 452791 298880 259105 214809 542859 220298 999999999 723264 574059 330210 818470 604289 699849 274416 599970 912456 629252 203929 308175 309618 587180 839621 601884 310815 774718 656627 755172 220419 300439 278048 411887 252732 490701 646339 605100 582069 642876 100000 543420 410142 410269 665887 97787 496965 678985 401902 724897 731891 543140 452529 361943 665624 402403 696292 500184 176206 299749 187508 274912
539394 758479 397395 715366 248980 903180 701701 561307 179786 380839 648184 832557 568733 684316 482459 443929 792823 917132 340440 285419 787416 703872 140897 732359 774998 905119 568921 839965 938505 496376 954653 869728 558845 218435 809398 228727 1050461 470009 693028 812393 196670 270474 830083 612323 759323 777100 504094 723264 999999999 172425 798329 570286 721229 216126 452015 979986 771061 1022348 665172 888655 924783 137108 572871 389131 684479 646293 266429 398684 708704 977758 778722 396985 523289 721633 212264 667820 929545 359692 679613 179885 969956 769813 78912 640076 393442 953635 890739 33934 879065 337025 272333 937730 251515 663772 932027 706218 559973 431190 674078 448372
370881 735090 235630 547699 171924 756694 634827 438408 41623 208691 714293 804382 438149 515668 310039 385681 630576 786687 254983 255093 689810 572249 143092 712055 770744 755938 605506 823986 822872 379415 783642 712230 557545 71894 639569 85943 958633 491817 551410 733037 127442 139592 658734 509812 590296 732271 354203 574059 172425 999999999 702413 634358 699553 165111 316084 917669 823376 959401 550900 718202 807245 93649 642891 405271 593453 683515 320987 474249 597130 847176 607330 325677 356463 670752 266671 653594 871467 396397 544869 84078 866699 694469 98165 484720 363365 914226 798302 190663 865156 182908 128629 829396 312919 596075 900430 659448 403005 274810 506336 303220
525491 336558 734790 512713 552252 341487 158468 280815 664825 647229 678621 337877 297726 523983 616871 365116 456366 236247 459521 521257 14730 222237 657571 345034 425088 364435 544482 397037 175902 326945 675781 427474 418757 630629 576888 616580 256239 501243 283793 87744 606581 562897 626291 192826 544942 244661 414023 330210 798329 702413 999999999 644622 337749 861151 405717 272003 673128 304688 169316 625290 173282 669382 667898 511010 114423 561477 620583 652425 126094 274874 608208 402221 510475 215836 639550 364436 251886 561587 248830 637222 174017 103426 769091 388741 435136 351197 96459 785683 425164 752514 576579 152158 635529 176084 373026 234466 423911 485082 509015 433935
810897 372351 839814 931759 496718 936371 486398 616296 599751 769855 79955 436030 647169 917578 829181 402349 947179 868315 481162 405475 643980 725539 493390 347216 323964 952622 100233 404627 820156 572653 1172709 974691 228036 602080 1030928 596206 813655 183418 762100 593485 516172 575236 1072526 567688 980430 453327 689743 818470 570286 634358 644622 999999999 345538 768724 617856 654613 202556 690297 635148 1106318 817801 541870 23305 250717 561364 120838 315519 171952 649095 915720 1030417 440514 786923 442308 372238 295546 601913 241043 723801 556353 794146 552960 612077 794520 346901 561283 694263 537409 428505 805122 598658 789845 326509 471585 520852 420741 752447 680724 900978 646943
701630 37367 831315 762820 527822 670035 191656 443547 657998 744313 358519 112572 475768 761098 761247 321692 740831 573885 455788 449348 342211 492941 593761 13213 97949 690940 251312 124987 503734 436673 971630 738237 170777 638910 848851 627106 469476 274849 546794 266921 574383 582232 896599 352220 805784 109658 567756 604289 721229 699553 337749 345538 999999999 862570 515566 311864 335827 349821 400368 912305 505777 628236 367968 338070 296149 239433 469973 421812 391787 611053 865645 384791 679570 122661 514670 58253 258198 379943 504674 616666 461793 235081 726388 620022 337548 240332 363570 696364 166547 822068 604547 466090 486953 201886 212258 107063 612652 601419 744070 551071
465766 898455 247202 637271 336257 882139 799354 589689 206488 279338 848216 968466 584835 602635 377916 550693 733039 927063 419904 414634 848113 715035 281302 874919 930959 878032 752123 986549 972431 535018 850593 822441 715783 233742 717015 247466 1117197 642503 686163 895596 288202 300368 725910 668362 673021 897318 487148 699849 216126 165111 861151 768724 862570 999999999 463536 1082052 964844 1123664 704296 790198 955897 238171 774151 556353 754364 830565 454003 600449 751094 986764 675617 490777 458227 835862 396968 815224 1036235 539688 685833 246066 1021711 857838 157034 604642 525288 1079214 957466 249258 1027502 183606 284809 982504 442272 760637 1064967 824496 523775 404432 597186 443901
196375 543416 335716 322553 216760 451611 383051 126934 285357 246375 687884 597152 122209 303443 245793 222371 367029 470914 156171 256171 391831 256326 326427 528717 607837 454680 544486 635133 509095 85396 571932 429229 438555 246256 424233 232874 659117 435152 241016 454570 259686 183193 461310 217729 371899 505085 73799 274416 452015 316084 405717 617856 515566 463536 999999999 652023 756440 691260 242184 503593 492831 315045 635810 373943 309398 608414 397344 517596 289143 531502 416089 177410 172578 440706 378768 490106 613745 404498 229681 272571 559515 424063 400492 204247 271343 680965 501870 451660 675976 347432 188060 519311 403810 348089 679981 437804 139811 87789 287587 35524
792954 282358 987522 783514 751680 574224 282901 535851 877131 898332 656473 223270 558448 795745 879729 538761 720289 444666 662977 694806 286365 494136 842016 308308 343076 599200 562849 271887 338606 567440 929073 677372 472580 848387 842573 834786 195043 576643 555556 199705 804840 782665 891737 435347 813774 214931 673919 599970 979986 917669 272003 654613 311864 1082052 652023 999999999 598192 42363 434472 884414 352131 865719 676383 624104 343369 541245 753533 729265 395679 451689 876990 593950 776428 260241 789136 367776 54227 671646 520776 842255 254964 228231 967677 660578 587574 131729 203946 960356 273043 997158 800557 289506 770344 321676 175727 278097 691611 737188 780905 684124
