NAME : synthetic_000950
TYPE : CTSP-D
DIMENSION : 100
GROUPS : 8
RELAXATION_LEVEL : 1
EDGE_WEIGHT_TYPE : EXPLICIT
EDGE_WEIGHT_FORMAT : FULL_MATRIX
EDGE_WEIGHT_SECTION
999999999 469116 408374 565471 348261 409389 869671 483562 750690 482585 826362 839311 606137 831779 804744 730812 704868 918253 63320 288821 727168 307539 788996 404272 691088 565749 449822 750287 453707 719714 377826 247363 269782 594323 450717 278893 596723 485081 477448 528921 356200 669170 665384 721655 459632 812727 531435 115301 545012 893087 686794 444260 656425 881519 737020 436847 380308 213009 129563 211801 560241 169301 69249 519637 820905 462572 599895 631094 86347 798217 468878 599314 614251 430107 976702 677252 328688 334618 100135 302378 458161 776368 289126 479076 939765 920955 404030 626611 95465 964855 606964 434461 894879 844157 483723 243330 512035 567021 687428 818754
469116 999999999 69623 293404 367146 68560 896020 253699 546698 144932 404881 416303 153879 550139 441926 844900 549675 494738 517738 571126 585730 302992 899188 583668 874427 118412 122075 854432 192256 828579 696882 700683 214381 561527 363730 634483 728410 331013 228428 627206 672679 547236 683289 721377 470525 621990 446910 465738 644748 695055 506836 359012 368915 576456 379923 503319 796898 592149 591241 609845 108456 357075 403827 485065 584559 784942 615898 833959 384949 472665 475282 136322 316294 337088 949529 310777 180596 417561 443322 726591 583115 737847 628860 83900 967539 823988 780030 520634 564400 1008540 367573 54587 879448 686216 15014 540806 531587 696139 825441 656623
408374 69623 999999999 272282 302761 63154 847682 279739 524464 184254 438641 450863 199556 544856 455633 787142 518465 530485 454138 501622 553441 235689 842455 517245 811705 159594 89523 797672 152812 771050 627400 635002 170438 512508 371735 564993 667507 286260 192341 566897 603166 510349 631968 672993 412742 599585 399546 398189 584726 675864 478414 305563 357720 577553 389815 441884 728204 523316 527537 541435 152896 311703 341438 433062 570142 715637 563003 769608 322891 476306 418183 205546 304555 282762 908365 320892 111288 351468 376475 658511 519791 694536 559262 82968 919980 790517 710478 480148 503835 959684 344094 76608 835802 659610 84295 471184 475515 634876 765463 629991
565471 293404 272282 999999999 264475 333120 631769 545257 253741 438330 307100 319722 243700 280860 244218 620255 259313 388818 586639 507832 295989 264775 667264 451230 680811 231300 182797 624191 128769 603365 617580 731440 415775 313402 643984 596402 529421 117191 92977 432440 597801 264929 436170 461903 281575 329088 206365 499300 446287 403977 214704 178213 93573 322686 179629 334357 773054 583122 651375 608518 240222 536246 498305 259713 298261 689461 379892 656379 484964 233026 280849 357336 49583 173050 668070 138568 260860 315572 490274 720924 417556 463708 581837 209525 699892 533600 724279 247623 651755 743927 74258 337472 603560 392876 296573 500191 321170 502118 614702 363309
348261 367146 302761 264475 999999999 355125 580994 553259 404235 479096 567860 580783 425710 496684 505735 492676 356621 652435 350647 245009 379657 76479 549964 218707 509244 392398 263113 505562 212373 477292 361111 472952 332103 262825 603692 332076 367427 155237 207004 268851 339560 322098 362100 412747 131694 464586 183684 255649 287119 544842 339656 101055 340802 550782 443434 143279 508758 320396 405922 346444 394292 389993 292456 180649 476634 440574 290719 466985 286506 481150 140029 491902 312553 94595 666410 400329 199718 55628 255119 456928 217233 454084 318011 312814 654244 585682 463416 279962 419316 688776 280527 376108 586907 497029 379726 235760 196010 334374 466488 471066
409389 68560 63154 333120 355125 999999999 909025 216592 586172 124702 472394 483980 222335 601654 503164 844078 581420 562693 461026 537450 616484 283825 900012 564806 864091 186018 150724 855265 215870 828167 662943 646458 147720 573989 311544 593766 722083 349050 255287 622261 638400 573499 692506 734460 470557 661405 461650 416821 640290 737081 541063 366124 416104 631776 439228 496659 750372 547003 534326 562815 176498 289661 346376 493716 630025 752594 623010 819951 327288 529142 476410 189926 362872 343087 971146 369848 156323 400689 392811 677965 572182 757097 590057 131614 981506 853651 739702 543152 504046 1020803 405723 26034 898242 722152 80516 503540 534150 689179 820695 692521
869671 896020 847682 631769 580994 909025 999999999 1121554 450683 1031877 850344 858303 875461 569722 718767 186071 395676 888640 839829 599629 362746 656518 160945 469244 303431 861107 774026 163850 703914 185423 587495 848564 912592 335186 1183517 664092 289216 565059 669598 340752 591972 371395 219306 174758 449958 411757 449165 754623 324817 417523 441821 543184 609926 616524 704897 446825 765314 712614 857360 734860 869053 960787 836887 415870 489852 573131 290713 348699 838350 648772 442235 985896 640357 566384 133998 723990 766816 560677 770822 775139 411516 173220 643218 817815 73285 231575 675198 384172 900922 112712 567209 924102 78952 348217 904083 638654 385064 311833 237282 360796
483562 253699 279739 545257 553259 216592 1121554 999999999 798997 112696 621736 631079 376350 802597 684013 1045927 797364 703369 545774 692844 832664 477542 1103171 747337 1054277 354188 365418 1058699 432255 1030545 813025 730180 242123 787380 131621 728706 918943 565199 471445 821902 788473 790088 903550 947518 677016 874344 676497 537650 840221 948314 756251 578601 622613 826118 626274 696528 860694 670926 611911 679610 342594 317749 441084 705687 838252 903960 833097 1005292 423939 721707 683641 272358 569964 555335 1187032 558430 356342 591361 510418 783418 765673 972568 730455 336538 1194403 1070103 870338 759559 564652 1232649 618953 208085 1113380 936898 253799 652042 741758 885684 1018424 907257
750690 546698 524464 253741 404235 586172 450683 798997 999999999 691589 400400 407966 472770 135054 268102 508499 74694 439460 754715 598710 93163 447098 538559 492194 605078 471708 435461 503204 374455 493072 674903 860355 655123 242326 895883 691550 470745 272915 334813 404162 662208 124024 319913 313509 325986 75347 229327 659226 408687 152645 65223 306447 187191 193044 259023 376252 857629 702036 807205 729241 482119 760162 690626 265288 77071 721580 303233 604319 681614 198768 318537 595783 234650 321737 449099 292277 493659 432054 659336 824849 431706 279677 672219 462956 507517 295631 787812 156389 823470 554649 180449 591180 400461 143302 549144 610463 313909 456314 524408 114925
482585 144932 184254 438330 479096 124702 1031877 112696 691589 999999999 512641 522442 264512 690792 571446 968767 693920 596436 540714 649502 729786 406562 1024712 685935 987464 241502 262978 979963 332199 952865 773774 728383 214859 696692 236395 698133 846362 469116 370171 746767 749092 689870 816175 857162 595217 766864 583395 512844 764830 839554 651482 489731 512560 713583 513588 621097 845371 646239 611825 659077 229912 333052 428062 617275 728261 864323 747029 942292 409304 609138 601015 169198 460338 466847 1090556 445828 279540 523286 486865 770254 695804 877493 696631 228809 1104102 967941 843283 661649 572567 1143924 512480 107780 1018956 831106 143055 612642 658685 813391 945119 801505
826362 404881 438641 307100 567860 472394 850344 621736 400400 512641 999999999 13124 252865 303229 136176 885809 457057 92320 859905 812744 488028 552849 924281 757376 964014 286504 377497 884854 378819 869306 924504 1021362 608960 582745 749035 899298 815588 424182 366713 725056 904464 491209 693458 701744 583928 452605 495882 782040 736649 489052 413621 485302 263145 285603 150295 638416 1075809 880337 929864 904516 296501 750109 757115 551037 378831 996355 652509 947594 740533 208101 581910 351394 264595 479417 844591 168564 497754 620860 767985 1019801 719597 677938 885791 356960 907897 682995 1030370 496983 919382 955047 326306 458758 800499 526633 395751 801759 614034 791804 890489 504044
839311 416303 450863 319722 580783 483980 858303 631079 407966 522442 13124 999999999 263819 307747 141876 895764 465767 79734 872963 825638 496312 565961 933802 769743 974774 298001 390323 894585 391936 879297 937208 1034487 621116 593341 758804 912279 826605 436747 379806 736480 917217 500634 703331 710892 596013 458738 507455 795157 747946 493330 422753 497898 274252 287704 160602 650598 1088805 893423 942950 917615 307867 762419 770066 562587 384261 1008846 663094 958806 753456 213867 593916 360125 276858 492169 850814 181245 510680 633713 781084 1032874 731593 686139 898734 369352 915304 688627 1043195 507149 932379 962508 337818 470042 807670 532512 406980 814768 625574 803022 900925 510359
606137 153879 199556 243700 425710 222335 875461 376350 472770 264512 252865 263819 999999999 442996 309148 856720 495715 341495 648825 658917 532493 381437 906145 641992 906401 40398 170762 862355 213853 839881 781779 824841 365206 553593 499867 733973 755400 331136 229775 654787 758809 507170 677355 705253 495948 545073 441501 584395 670582 609096 448921 379771 285586 457769 256082 540674 904929 700926 721700 721763 46908 508089 538189 490567 492940 864823 617464 874694 520052 353741 498016 125107 241553 363074 907888 192987 286339 481064 565313 839651 625228 706799 724821 129307 943362 765709 876007 491323 701435 987565 311003 206721 845810 616068 143589 636331 547575 725518 846362 587533
831779 550139 544856 280860 496684 601654 569722 802597 135054 690792 303229 307747 442996 999999999 167748 641690 209364 322627 844083 712397 226384 524283 669271 615166 739977 453522 456568 635418 409440 626536 797618 965993 696195 374491 912327 805546 605476 347323 373526 535945 783271 257689 454577 445141 441753 158390 340932 750940 541492 185878 186333 395629 188631 59407 191364 495329 976058 809237 902335 836219 464962 816348 767376 385520 80284 849355 437464 739232 755868 98105 435425 567767 241006 405169 547082 250020 541371 533630 747127 937903 558134 404272 787214 470736 620076 382689 910406 285409 911806 667478 225517 600797 511068 228669 548894 718887 439907 590301 659023 210244
804744 441926 455633 244218 505735 503164 718767 684013 268102 571446 136176 141876 309148 167748 999999999 765483 329925 174841 829231 744966 358457 508644 800646 671936 850992 330221 376487 762798 352541 749313 847638 975471 621905 470048 803647 835601 706126 351757 327426 621697 829624 368612 573125 576195 494160 316868 397934 743191 631353 353586 289626 411629 167992 158457 68165 549959 1011680 825868 895010 851596 341749 755762 736439 451669 242657 912316 539100 839994 721860 72007 490474 428601 194722 411783 708946 134948 485155 553929 733408 962568 626151 547510 819904 373721 774523 546888 957487 380726 893295 821808 233440 496043 666545 390660 436901 741018 513595 685062 774399 368530
730812 844900 787142 620255 492676 844078 186071 1045927 508499 968767 885809 895764 856720 641690 765483 999999999 438052 940287 692819 446817 415623 568517 58990 327875 121836 834607 726895 22980 659797 16890 413458 678102 819163 308053 1089902 498529 134923 526846 632215 224303 421308 396872 192543 197753 374584 495674 415563 616114 205933 528469 475894 487080 626297 696570 735553 349400 584214 553278 700268 572983 840548 843367 708513 366562 567877 389967 240363 162632 713307 701982 369623 953157 642652 508242 320016 737171 691256 457632 636062 600072 286464 254063 478659 775060 235763 383311 493613 389089 748874 245834 570132 863040 254003 451348 855375 489954 313781 166738 52346 452523
704868 549675 518465 259313 356621 581420 395676 797364 74694 693920 457057 465767 495715 209364 329925 438052 999999999 504001 703943 534442 36845 408546 471015 422905 531751 488653 432063 434027 365691 422285 605120 799534 634235 168568 886012 626627 396153 244926 326137 330217 593368 49941 247497 246287 263482 109689 174126 607865 334317 188544 47333 265083 216855 267680 309670 310456 789738 641036 752691 668227 498177 728957 647999 200751 148356 649122 228540 529870 640593 264255 255343 614637 254354 283788 412460 329978 472385 377496 610363 759977 360622 222461 606801 466090 457551 274541 717857 87172 772826 503841 186306 589629 354277 145706 554104 549312 243924 381633 451749 117316
918253 494738 530485 388818 652435 562693 888640 703369 439460 596436 92320 79734 341495 322627 174841 940287 504001 999999999 951087 896570 531321 641386 974989 834692 1025312 376685 469728 937442 469094 924135 1005576 1110667 700664 643928 832376 984478 879551 504629 454871 793017 986214 543416 747959 750239 658714 480152 566168 872103 803393 502465 464399 565857 331883 288685 216826 714025 1161153 967754 1020662 992310 386298 842091 849005 620825 402617 1074753 713240 1013037 832523 240744 655908 431163 343128 561863 869483 252352 589756 704321 858598 1106815 793096 719011 970332 449074 941638 704377 1113000 555139 1011034 989043 397443 548147 832860 551295 485018 887514 683455 857668 949101 532225
63320 517738 454138 586639 350647 461026 839829 545774 754715 540714 859905 872963 648825 844083 829231 692819 703943 951087 999999999 246275 723562 322827 750206 370836 645282 608489 486927 713106 482722 682668 322971 187675 326377 581494 513883 222631 560353 496996 502476 500410 302594 665177 642279 699084 449507 813092 529835 96142 515451 892445 689917 450448 675031 896023 762269 419818 317015 156405 73503 151598 603809 232593 114696 511629 827249 405012 579825 584208 133811 817479 458645 650451 636060 439072 951714 705499 365455 327250 97084 239106 429835 757284 235083 520188 908453 906115 342166 622383 68887 931167 621637 486585 869897 839252 532578 203015 496467 532173 647430 815086
288821 571126 501622 507832 245009 537450 599629 692844 598710 649502 812744 825638 658917 712397 744966 446817 534442 896570 246275 999999999 544631 277556 503997 133594 402363 622459 489302 467362 450787 437028 125803 269781 450733 382955 699897 93168 315443 393727 450710 267014 101559 488158 415457 472036 272769 642565 372029 178784 279643 716047 534608 333351 577509 770036 685084 224165 266901 116129 257787 141492 622319 425795 281207 334024 675578 215192 361951 342855 291404 713089 280184 705530 554724 334952 717374 644884 390581 192261 203322 226182 200211 536249 75316 536172 666375 691650 218958 447380 302726 687015 513594 562530 636209 651967 585525 46012 296347 288724 401155 632204
727168 585730 553441 295989 379657 616484 362746 832664 93163 729786 488028 496312 532493 226384 358457 415623 36845 531321 723562 544631 999999999 435320 445433 427879 514216 525493 467572 410082 400630 400321 608586 812010 665935 167748 919878 635822 384043 276692 361242 326189 598177 58407 228579 220354 277645 99993 195973 627426 328284 171719 83737 292055 252712 282630 342205 320701 795256 653767 769883 680864 535005 757348 671996 214308 156614 647840 219979 516334 665339 290649 269011 651481 291069 311873 375874 365263 504415 396329 631276 768872 363246 189934 615555 502255 423149 238268 720779 101196 792355 469720 223126 625126 318854 117537 590338 562250 249766 372335 432830 91635
307539 302992 235689 264775 76479 283825 656518 477542 447098 406562 552849 565961 381437 524283 508644 568517 408546 641386 322827 277556 435320 999999999 626023 281744 580948 344926 211839 581704 177390 553260 401295 469603 256111 333640 527488 354284 441823 177701 186525 344376 377951 379645 437349 486970 206587 512963 242346 234559 362706 593983 384794 143486 352207 574600 442707 219241 528306 328334 386611 351945 344960 323429 244392 249991 515055 486505 365902 536129 234616 494661 214492 433265 314349 125606 739078 390448 127509 116867 225988 468197 289647 525412 344022 259354 729797 651456 494775 339110 389184 764790 299884 306096 660291 552640 316493 256033 271482 408624 541181 525330
788996 899188 842455 667264 549964 900012 160945 1103171 538559 1024712 924281 933802 906145 669271 800646 58990 471015 974989 750206 503997 445433 626023 999999999 386589 147448 885259 780307 44786 712515 72961 464847 729962 877459 353874 1148388 552728 193807 577876 683776 282299 474141 433188 232867 225129 429722 518203 464679 674462 263927 542851 511541 540550 667659 722233 774425 406786 629916 608889 755983 627927 891543 902353 767325 417714 593030 434387 288704 201076 772214 735099 424347 1005114 687107 562144 292221 779940 747955 515923 694634 650015 345326 269876 533240 828013 195501 380140 539237 429996 805436 197241 613894 918579 237109 467238 909373 547556 367601 225727 103717 472015
404272 583668 517245 451230 218707 564806 469244 747337 492194 685935 757376 769743 641992 615166 671936 327875 422905 834692 370836 133594 427879 281744 386589 999999999 308743 609966 481776 346644 428166 316066 182782 399853 509864 261261 775282 214658 193080 334248 416312 133430 170507 374233 282064 338532 178102 527570 277802 289097 146471 597085 430864 274152 504810 674209 618340 122301 367388 249608 390128 274435 612320 517865 380815 229673 569096 240426 231299 257956 386193 630316 182630 710426 492949 284710 584540 589402 408844 166139 308316 344783 68330 403396 193375 531514 537618 559619 295716 336383 431785 561015 438904 587591 503163 529263 596731 169621 178997 162774 287612 511700
691088 874427 811705 680811 509244 864091 303431 1054277 605078 987464 964014 974774 906401 739977 850992 121836 531751 1025312 645282 402363 514216 580948 147448 308743 999999999 880119 762271 141502 699407 129831 338255 600980 818347 381703 1083842 433680 151546 576138 677135 251634 351840 486287 285647 306385 410896 601443 474956 580284 235949 641123 564523 527356 701137 796830 814298 371474 489770 495093 640718 510691 884697 821646 679977 421099 669934 294313 312137 62628 687843 791572 408444 992369 709839 545824 436953 807265 708014 464501 603453 517055 292011 369308 416172 811875 342946 504597 399645 470267 694268 342083 640318 885342 374734 563539 886269 448149 360405 180917 83374 561728
565749 118412 159594 231300 392398 186018 861107 354188 471708 241502 286504 298001 40398 453522 330221 834607 488653 376685 608489 622459 525493 344926 885259 609966 880119 999999999 133224 841133 182573 817835 745979 784873 326572 534693 473847 696200 729714 307767 203307 628583 722793 496222 658682 689191 469223 545469 421021 544617 644807 612807 442633 352763 285479 473061 272293 511926 866390 662108 681399 682672 11611 469286 497792 468050 498008 829899 596726 846590 479656 368550 471856 126114 237367 334784 899184 205313 246551 447392 525311 800559 596037 694577 687456 89519 930109 761317 838854 477327 661040 973596 302424 172571 834770 614677 110004 598845 523198 699236 822234 585667
449822 122075 89523 182797 263113 150724 774026 365418 435461 262978 377497 390323 170762 456568 376487 726895 432063 469728 486927 489302 467572 211839 780307 481776 762271 133224 999999999 735633 70181 710414 613076 657932 245867 439772 461187 563258 614036 208976 107203 512490 589785 426891 561984 599429 353932 510683 325004 416811 529596 586563 390880 239839 268773 491069 309158 391030 734291 530566 558677 551794 133157 379951 380680 364375 480632 697594 495279 724984 363665 391358 357996 230436 215753 218816 828147 241853 121580 317176 399254 669631 473406 615978 554307 49938 845483 705455 705656 399147 543786 886580 255015 157568 757573 571746 130263 465737 413118 582380 709650 542106
750287 854432 797672 624191 505562 855265 163850 1058699 503204 979963 884854 894585 862355 635418 762798 22980 434027 937442 713106 467362 410082 581704 44786 346644 141502 841133 735633 999999999 667936 30583 436035 700532 833661 310990 1104785 520450 153620 533606 639411 238466 443617 394457 191755 190305 384941 487130 420855 635394 220121 516878 473242 495849 626809 689516 734754 362470 607188 574661 721561 594628 847333 860640 726817 373362 560500 412939 244928 184978 731246 698272 379561 960699 644983 517403 297847 738536 703340 472196 654960 622792 302726 242253 500468 783406 212786 366033 516590 389147 769717 223405 572010 873802 233279 440183 864640 510132 322845 184451 75326 442712
453707 192256 152812 128769 212373 215870 703914 432255 374455 332199 378819 391936 213853 409440 352541 659797 365691 469094 482722 450787 400630 177390 712515 428166 699407 182573 70181 667936 999999999 643213 571371 642863 287010 369895 522034 530976 549885 138858 39825 448404 548992 358184 492453 529362 289058 449111 255012 403222 465095 526758 326144 173252 221214 449512 284442 329765 705600 505440 551674 528621 186028 409530 384901 295556 425120 652628 426357 664524 369804 355129 292440 293915 170941 153645 758436 223570 134457 267932 389529 645341 413615 545941 519862 115589 775321 637848 669474 329469 544351 816493 195404 225616 687524 507445 200201 432607 346223 518799 644223 477866
719714 828579 771050 603365 477292 828167 185423 1030545 493072 952865 869306 879297 839881 626536 749313 16890 422285 924135 682668 437028 400321 553260 72961 316066 129831 817835 710414 30583 643213 999999999 407967 672009 804499 291203 1075439 491121 123037 510082 615503 209356 414918 380729 176237 183505 358395 481451 398693 604813 190982 515725 459773 470582 609612 681677 719036 334052 581395 544782 691597 564974 823801 830343 696297 349785 553146 388118 223474 165072 700787 686061 353335 936502 625810 491819 318789 720393 675612 442963 624382 595120 272696 241820 471008 758515 239268 374876 490968 372500 739484 252385 553323 847013 250043 438427 839000 479676 297299 153966 52509 438906
377826 696882 627400 617580 361111 662943 587495 813025 674903 773774 924504 937208 781779 797618 847638 413458 605120 1005576 322971 125803 608586 401295 464847 182782 338255 745979 613076 436035 571371 407967 999999999 265126 571474 440994 811759 100702 299942 501002 568108 293283 24692 556095 438561 491323 357776 708533 458648 282592 299052 775911 613631 439754 679694 856546 791000 302823 189742 166637 306077 176742 746227 531779 386803 412124 751751 90974 401626 275627 399968 809543 363244 831102 662449 445183 715320 755963 516311 305971 309595 187647 245342 560931 88746 660542 646887 718835 112934 518906 362643 659271 614256 688114 637539 705740 711255 161511 361287 283805 362285 689966
247363 700683 635002 731440 472952 646458 848564 730180 860355 728383 1021362 1034487 824841 965993 975471 678102 799534 1110667 187675 269781 812010 469603 729962 399853 600980 784873 657932 700532 642863 672009 265126 999999999 514009 652399 687227 186811 559375 628005 656021 531173 257168 754734 680694 736459 536062 908650 631150 241171 541573 983715 795379 572771 813032 1021697 910818 491538 156220 158505 118269 131307 781179 413279 301471 598912 936419 315272 630734 538585 320537 954028 544210 834961 780799 567419 973260 860048 538580 432371 259576 89793 467960 802803 208256 695535 910138 959435 219680 713096 170576 923919 753480 672235 893653 921093 715644 250234 565483 538830 627229 900686
269782 214381 170438 415775 332103 147720 912592 242123 655123 214859 608960 621116 365206 696195 621905 819163 634235 700664 326377 450733 665935 256111 877459 509864 818347 326572 245867 833661 287010 804499 571474 514009 999999999 586477 271731 489593 688500 389380 324456 595209 546865 615116 693364 742324 462634 728023 485375 300668 613569 807659 600669 382648 507648 734356 554877 472428 631334 434583 398202 445960 318390 142940 213221 502556 710593 662446 621919 767299 194445 636375 470418 334713 456096 360109 992386 487007 162019 361543 274054 555762 534336 777616 490130 253037 985875 894631 633221 578294 362291 1020846 480165 170471 914596 779690 227546 410222 527588 655274 787882 750712
594323 561527 512508 313402 262825 573989 335186 787380 242326 696692 582745 593341 553593 374491 470048 308053 168568 643928 581494 382955 167748 333640 353874 261261 381703 534693 439772 310990 369895 291203 440994 652399 586477 999999999 854728 472276 236342 231308 337110 161840 431064 118632 123989 160490 135454 267740 115022 486602 167036 335825 189608 208851 320543 433660 432772 163505 628286 495461 620420 522202 541675 652768 547030 83940 316899 481091 69766 370597 543853 413277 126259 657163 334615 232147 405947 429711 434684 260487 494992 604562 195682 191772 451576 484743 407521 326788 553063 90780 649247 447361 262370 588917 328430 269155 570019 405180 87209 217386 308022 250558
450717 363730 371735 643984 603692 311544 1183517 131621 895883 236395 749035 758804 499867 912327 803647 1089902 886012 832376 513883 699897 919878 527488 1148388 775282 1083842 473847 461187 1104785 522034 1075439 811759 687227 271731 854728 999999999 719273 958229 645145 561854 866333 787970 872895 964212 1012228 733698 970847 749465 529265 884668 1047545 847917 647718 727596 940121 743161 744085 829973 656423 571124 659916 462445 283039 425565 771096 941476 901209 892812 1030423 411803 836395 741306 402358 674374 624616 1259817 674243 421195 632609 502173 752019 804179 1044625 724852 441609 1256797 1154087 853143 838801 516815 1292250 715677 311654 1183152 1029182 367233 655745 798774 925111 1057316 999657
278893 634483 564993 596402 332076 593766 664092 728706 691550 698133 899298 912279 733973 805546 835601 498529 626627 984478 222631 93168 635822 354284 552728 214658 433680 696200 563258 520450 530976 491121 100702 186811 489593 472276 719273 999999999 375079 483888 534483 344653 82386 579853 494154 549759 365733 734282 465186 191669 354801 806859 627587 424166 668609 863135 774739 316172 176682 66254 207226 77136 695045 437272 293829 426576 768474 183837 445953 371294 308529 805214 373025 770504 644019 424307 787302 732267 456117 281705 219055 133372 282987 616471 21473 608044 727336 773477 145940 539481 262560 743498 605224 619533 707349 741398 649267 98370 386527 353087 449088 722442
596723 728410 667507 529421 367427 722083 289216 918943 470745 846362 815588 826605 755400 605476 706126 134923 396153 879551 560353 315443 384043 441823 193807 193080 151546 729714 614036 153620 549885 123037 299942 559375 688500 236342 958229 375079 999999999 424793 526504 101558 303109 348115 164474 205967 260843 478292 323887 481784 84907 529428 424150 377125 552446 663789 666512 225639 483171 425532 571665 446882 734550 708741 573598 269729 540504 299084 168764 134402 578407 649483 257870 843497 559213 396263 415413 656982 567140 327939 501379 487212 154166 276829 354340 663343 352642 431203 394941 326772 618167 371619 490557 742322 337789 452867 739782 357350 208862 33282 99534 445220
485081 331013 286260 117191 155237 349050 565059 565199 272915 469116 424182 436747 331136 347323 351757 526846 244926 504629 496996 393727 276692 177701 577876 334248 576138 307767 208976 533606 138858 510082 501002 628005 389380 231308 645145 483888 424793 999999999 106237 324937 481597 227769 354436 390510 168482 342441 116300 404712 340194 423237 213679 61249 185687 399126 291407 219032 660134 475478 556801 501631 313757 487565 421961 160315 338206 572273 289883 547285 411598 326024 169161 427513 161582 60642 622113 255720 227725 202188 399961 611122 303238 408422 468420 253435 636528 508943 608603 194620 564538 677635 125856 361623 549844 390534 339050 389427 216482 395557 515244 361749
477448 228428 192341 92977 207004 255287 669598 471445 334813 370171 366713 379806 229775 373526 327426 632215 326137 454871 502476 450710 361242 186525 683776 416312 677135 203307 107203 639411 39825 615503 568108 656021 324456 337110 561854 534483 526504 106237 999999999 425516 546528 319712 460534 495443 266354 409381 222134 418945 441604 487211 286346 150027 186504 415587 259992 311150 710477 513639 569574 537818 208605 443269 409405 266063 386514 646536 396066 644920 395288 324060 268716 321385 138730 133647 721155 204278 167920 262248 407421 653188 395857 509546 522017 148240 740526 598747 669611 292212 565976 782284 156328 264254 651137 467642 235286 436400 319989 496219 618988 438058
528921 627206 566897 432440 268851 622261 340752 821902 404162 746767 725056 736480 654787 535945 621697 224303 330217 793017 500410 267014 326189 344376 282299 133430 251634 628583 512490 238466 448404 209356 293283 531173 595209 161840 866333 344653 101558 324937 425516 999999999 288036 280336 149522 205505 159442 425375 229544 413918 18376 487347 350191 275851 462555 595216 577650 125762 483021 382948 523118 407517 633286 626205 497487 174417 478396 322379 109546 224027 499989 569469 156811 741954 464882 294765 451991 563208 468142 233731 430155 470678 70809 271878 323183 561785 411237 429253 401981 250785 563170 438612 398772 642072 370383 414816 638466 301932 111638 70730 198572 401170
356200 672679 603166 597801 339560 638400 591972 788473 662208 749092 904464 917217 758809 783271 829624 421308 593368 986214 302594 101559 598177 377951 474141 170507 351840 722793 589785 443617 548992 414918 24692 257168 546865 431064 787970 82386 303109 481597 546528 288036 999999999 544740 435389 489210 342203 697962 443280 259015 295225 766691 600234 420400 661632 841998 772226 287949 197246 146895 289533 159487 722910 508485 363348 398185 739197 115613 394970 289336 376245 792846 348071 807063 643164 425049 718197 735996 492139 284742 285894 185108 235652 558080 67511 637050 652991 715981 128112 506717 344863 667019 596432 663599 639540 697597 687083 136834 349491 284584 370881 680994
669170 547236 510349 264929 322098 573499 371395 790088 124024 689870 491209 500634 507170 257689 368612 396872 49941 543416 665177 488158 58407 379645 433188 374233 486287 496222 426891 394457 358184 380729 556095 754734 615116 118632 872895 579853 348115 227769 319712 280336 544740 999999999 204629 211151 219608 154434 138571 569043 284664 229452 79057 237068 239520 316455 341691 264001 741416 596367 711555 623502 505039 702523 614547 156291 198294 599268 179791 482207 608209 305999 211074 622214 269221 257763 403854 353626 454505 337936 573031 713094 311250 200053 559795 464774 437140 281218 668723 42795 733963 482227 196660 583776 338749 175021 552944 504751 195293 332641 407473 149932
665384 683289 631968 436170 362100 692506 219306 903550 319913 816175 693458 703331 677355 454577 573125 192543 247497 747959 642279 415457 228579 437349 232867 282064 285647 658682 561984 191755 492453 176237 438561 680694 693364 123989 964212 494154 164474 354436 460534 149522 435389 204629 999999999 56927 230762 317648 238470 552010 140249 365257 283686 326454 435086 511206 543258 232122 627760 531575 669602 556498 665651 745426 626881 198907 384421 455215 71448 291101 626751 510379 222957 781024 454427 349424 311633 547097 548087 344834 565374 619267 215685 122740 472682 607697 292585 280595 543575 197400 706962 329194 381094 708564 230016 288470 692217 448191 166099 162965 204495 281760
721655 721377 672993 461903 412747 734460 174758 947518 313509 857162 701744 710892 705253 445141 576195 197753 246287 750239 699084 472036 220354 486970 225129 338532 306385 689191 599429 190305 529362 183505 491323 736459 742324 160490 1012228 549759 205967 390510 495443 205505 489210 211151 56927 999999999 281060 297968 274473 608543 195062 334823 288143 368931 449677 499279 552651 286993 679789 588124 726495 612910 696798 798755 682216 242086 370362 502961 123655 322215 681672 510089 272764 813259 474796 392186 256274 563427 593682 398632 621586 673681 272490 71022 528288 643570 247049 227891 594317 215401 763860 287164 401068 749383 175182 257218 729560 505071 217741 210772 223025 255851
459632 470525 412742 281575 131694 470557 449958 677016 325986 595217 583928 596013 495948 441753 494160 374584 263482 658714 449507 272769 277645 206587 429722 178102 410896 469223 353932 384941 289058 358395 357776 536062 462634 135454 733698 365733 260843 168482 266354 159442 342203 219608 230762 281060 999999999 372767 101092 353838 176038 449059 261855 116461 327612 500179 441952 55839 534353 377560 492783 404755 473857 519560 411578 63338 402813 418242 159316 379339 408480 452398 9248 582799 319582 135493 535217 417503 320675 125208 360804 498946 136079 324254 346669 402930 523242 462097 469973 177398 517870 558674 261697 488869 455400 391022 481262 285833 65154 230026 355718 368179
812727 621990 599585 329088 464586 661405 411757 874344 75347 766864 452605 458738 545073 158390 316868 495674 109689 480152 813092 642565 99993 512963 518203 527570 601443 545469 510683 487130 449111 481451 708533 908650 728023 267740 970847 734282 478292 342441 409381 425375 697962 154434 317648 297968 372767 999999999 283337 717077 426729 81053 128855 370246 260126 205652 319851 418400 894954 750190 862333 777361 556026 829885 754647 309744 78189 747415 317904 608476 746563 244925 364488 668811 309023 387402 392078 360482 566208 487020 719060 867507 463203 249571 714198 538273 461766 231382 820764 195560 881978 509174 255704 666520 352825 74678 624340 658494 349052 468811 518680 52085
531435 446910 399546 206365 183684 461650 449165 676497 229327 583395 495882 507455 441501 340932 397934 415563 174126 566168 529835 372029 195973 242346 464679 277802 474956 421021 325004 420855 255012 398693 458648 631150 485375 115022 749465 465186 323887 116300 222134 229544 443280 138571 238470 274473 101092 283337 999999999 433778 242054 362664 164245 102768 234419 399195 349723 155907 635144 472952 579442 500142 427679 565754 476065 55179 305282 516782 175976 453162 469638 352849 95419 542646 235631 125326 511329 333803 328283 203893 436326 598030 228276 296322 446552 369728 520961 410448 570987 96999 598721 561637 169658 475650 436883 313370 455199 381524 118174 297753 408398 287423
115301 465738 398189 499300 255649 416821 754623 537650 659226 512844 782040 795157 584395 750940 743191 616114 607865 872103 96142 178784 627426 234559 674462 289097 580284 544617 416811 635394 403222 604813 282592 241171 300668 486602 529265 191669 481784 404712 418945 413918 259015 569043 552010 608543 353838 717077 433778 999999999 429872 796348 594318 356096 585527 803746 677085 326076 333858 133924 152420 146533 541314 249717 104409 415716 732200 371986 487772 521387 117497 727900 363007 601593 548881 345813 862851 623171 298074 231129 27387 261265 343121 664921 195730 455140 824559 812099 332962 526251 164989 849556 530130 442855 780994 743183 480752 132778 402324 451870 573390 718958
545012 644748 584726 446287 287119 640290 324817 840221 408687 764830 736649 747946 670582 541492 631353 205933 334317 803393 515451 279643 328284 362706 263927 146471 235949 644807 529596 220121 465095 190982 299052 541573 613569 167036 884668 354801 84907 340194 441604 18376 295225 284664 140249 195062 176038 426729 242054 429872 999999999 486544 356471 292239 473775 600610 588628 143953 488644 395199 536598 419348 649651 643929 514516 187195 482020 323058 108960 211168 517265 577820 172966 758808 477674 311514 438076 575847 486322 252076 446553 479031 87030 262989 333337 578787 394805 420819 406040 257205 577620 421483 410575 660002 356699 412947 655921 315837 125122 55835 180775 400499
893087 695055 675864 403977 544842 737081 417523 948314 152645 839554 489052 493330 609096 185878 353586 528469 188544 502465 892445 716047 171719 593983 542851 597085 641123 612807 586563 516878 526758 515725 775911 983715 807659 335825 1047545 806859 529428 423237 487211 487347 766691 229452 365257 334823 449059 81053 362664 796348 486544 999999999 209823 451160 328187 214410 370135 492314 963937 825486 940491 852581 623704 910767 835410 385742 117038 809443 378002 654925 827458 283025 440518 733888 379447 468438 371501 419385 646055 565748 798890 939684 531065 274648 786435 611783 456763 205102 887234 271825 961324 503426 331911 741083 348819 77609 696593 733964 420366 523919 557749 86188
686794 506836 478414 214704 339656 541063 441821 756251 65223 651482 413621 422753 448921 186333 289626 475894 47333 464399 689917 534608 83737 384794 511541 430864 564523 442633 390880 473242 326144 459773 613631 795379 600669 189608 847917 627587 424150 213679 286346 350191 600234 79057 283686 288143 261855 128855 164245 594318 356471 209823 999999999 242890 169581 245739 264975 313163 794880 637127 742048 664325 452315 701037 627482 202244 141169 663300 255389 558523 618915 227190 254651 568473 207415 259192 459609 282929 438674 366838 594769 760789 372292 268654 608451 423023 504434 319120 726559 99407 758712 550576 140889 548222 401541 181305 510733 545617 254037 406784 486235 151746
444260 359012 305563 178213 101055 366124 543184 578601 306447 489731 485302 497898 379771 395629 411629 487080 265083 565857 450448 333351 292055 143486 540550 274152 527356 352763 239839 495849 173252 470582 439754 572771 382648 208851 647718 424166 377125 61249 150027 275851 420400 237068 326454 368931 116461 370246 102768 356096 292239 451160 242890 999999999 244449 449857 352222 162239 600064 418384 506875 444875 357442 465508 384615 127595 377234 511354 257554 494984 376318 382571 119326 467165 222766 23302 612191 316781 226668 142938 354148 552571 247055 396974 408283 288072 615893 512963 547518 197622 518853 654746 181772 382170 536324 409247 368908 330850 173302 346478 470980 381852
656425 368915 357720 93573 340802 416104 609926 622613 187191 512560 263145 274252 285586 188631 167992 626297 216855 331883 675031 577509 252712 352207 667659 504810 701137 285479 268773 626809 221214 609612 679694 813032 507648 320543 727596 668609 552446 185687 186504 462555 661632 239520 435086 449677 327612 260126 234419 585527 473775 328187 169581 244449 999999999 229113 115308 383239 844361 661146 737941 687247 296152 629726 589904 289286 215713 745233 390253 684561 577029 142464 324435 408772 53238 246259 627969 114142 354278 387237 578169 796655 461313 437173 652586 286903 673662 480990 789501 237700 741079 719569 65930 417263 571120 330493 369513 574912 352128 528782 628565 301961
881519 576456 577553 322686 550782 631776 616524 826118 193044 713583 285603 287704 457769 59407 158457 696570 267680 288685 896023 770036 282630 574600 722233 674209 796830 473061 491069 689516 449512 681677 856546 1021697 734356 433660 940121 863135 663789 399126 415587 595216 841998 316455 511206 499279 500179 205652 399195 803746 600610 214410 245739 449857 229113 999999999 201697 554056 1034295 865491 955621 892385 484656 858684 816142 444537 129206 908716 496112 797300 803976 104512 494001 580696 278686 458103 584445 267841 583208 589423 798951 995196 617469 454894 844998 500168 663445 418312 969280 344770 963303 710703 274716 628733 554372 270035 573790 775536 499259 649087 715407 255771
737020 379923 389815 179629 443434 439228 704897 626274 259023 513588 150295 160602 256082 191364 68165 735553 309670 216826 762269 685084 342205 442707 774425 618340 814298 272293 309158 734754 284442 719036 791000 910818 554877 432772 743161 774739 666512 291407 259992 577650 772226 341691 543258 552651 441952 319851 349723 677085 588628 370135 264975 352222 115308 201697 999999999 497349 951221 762702 828595 788139 283903 687967 668605 404586 253696 858609 502516 799143 653918 97825 439088 379427 130886 350441 707856 69384 416998 493180 666744 900258 576283 531839 759630 308671 764733 550889 899637 346689 825968 811555 180637 433478 658721 394473 375931 679167 467403 643430 740326 369181
436847 503319 441884 334357 143279 496659 446825 696528 376252 621097 638416 650598 540674 495329 549959 349400 310456 714025 419818 224165 320701 219241 406786 122301 371474 511926 391030 362470 329765 334052 302823 491538 472428 163505 744085 316172 225639 219032 311150 125762 287949 264001 232122 286993 55839 418400 155907 326076 143953 492314 313163 162239 383239 554056 497349 999999999 481725 333619 456975 360605 515760 514128 395277 110993 453312 362409 163778 334759 394723 508059 60502 621364 373854 177603 543244 471352 342381 113921 336767 449527 84828 339525 296413 440767 519562 486300 415337 223319 486985 551556 317310 516714 461901 430075 514967 242566 76888 193012 324037 409180
