NAME : synthetic_000720
TYPE : CTSP-D
DIMENSION : 100
GROUPS : 8
RELAXATION_LEVEL : 1
EDGE_WEIGHT_TYPE : EXPLICIT
EDGE_WEIGHT_FORMAT : FULL_MATRIX
EDGE_WEIGHT_SECTION
999999999 191675 481703 433979 388687 193626 66298 508458 397170 202532 260562 241560 294762 262055 711298 646208 615473 171028 495563 520818 496294 399732 762194 298796 472719 306757 384498 514135 214311 568153 672926 384266 326025 211159 522845 594020 586520 302295 536054 299810 473820 253884 175247 219962 462658 500988 456322 283419 609625 82221 121891 462856 531883 133157 417948 457950 120516 292773 396011 466316 527016 179073 406581 562745 357252 406270 370031 349549 514990 357236 503980 386731 608127 498206 648915 274912 259892 593799 558472 463015 494636 373903 456213 288486 378714 720604 385720 591979 393488 421960 545403 210961 132706 368462 470143 240552 321436 149723 363594 509504
191675 999999999 591244 479680 360769 315887 256884 325148 586682 210005 283445 345102 132354 453641 603665 540160 465964 286264 675094 443708 480102 211014 590565 108516 318516 438454 277323 449513 225698 388362 486191 316460 328152 401497 481174 422794 395525 292591 376491 225477 628389 204282 78357 86480 536663 476980 495199 465655 453178 109587 173200 365282 501816 244245 309759 307835 285697 117267 491962 440081 356124 369657 514734 371077 548562 243014 561546 164277 431631 382815 424457 206513 467447 330959 479501 466584 254892 409079 393654 271577 583936 203441 381259 464773 560037 626602 406520 542708 525886 232955 413609 282053 165216 226368 570097 362274 132693 290951 492167 581488
481703 591244 999999999 889183 368826 289734 470209 895355 536461 389809 738639 682720 723461 446592 1183327 1118388 735213 622454 679818 1000161 350586 717634 922176 654359 909698 178836 520367 995167 695778 802257 922808 863368 326023 398864 1004234 788880 926174 783444 711173 774928 766575 732115 626279 539878 115283 980489 211366 547616 1043316 525819 603557 524546 1011951 359596 885826 899020 540258 707385 812830 946651 739604 461768 76924 884689 482874 642840 443905 668106 512676 269055 499583 788902 1058296 918598 823660 435982 368689 970843 981374 791306 66258 792663 473898 292883 598119 1197633 856793 1073543 108608 794799 642912 679056 426656 815371 870072 241620 707861 331986 125413 120481
433979 479680 889183 999999999 808881 617898 423114 597476 522635 624497 196521 206507 441057 490960 489398 440420 932518 269413 496591 302936 923065 634440 1022867 551532 474187 710785 755869 271581 254813 816267 877665 261314 753884 507174 223112 866181 715877 196586 838197 296398 353967 287205 401350 562542 890111 175262 890190 405578 558435 440658 333010 843446 201739 566249 345728 456548 349252 467190 127537 171026 805140 438201 819807 723182 531945 710025 575976 610353 907496 790230 899127 514556 509094 526851 922290 508313 682453 664912 554010 655841 914512 478900 853662 623741 439790 463308 83788 276171 787026 576334 890450 223552 552537 410420 162327 659710 518561 570428 764102 936412
388687 360769 368826 808881 999999999 279848 430002 588063 691466 186704 617311 628888 476810 553223 950222 889176 368066 558353 823253 803306 119333 393974 554351 367687 642943 325324 161854 810166 560185 440072 559291 677173 73999 483491 841163 421458 590018 640842 343746 585709 842908 559407 430148 277545 264733 834152 180037 624612 761491 368322 475882 156641 860409 279150 665458 637948 504523 451344 784184 797218 376337 505972 314801 543863 636735 296007 621150 354868 162352 104046 148527 506390 794326 634722 454854 554962 128822 650876 693990 462201 325415 523516 110444 455177 711356 979103 746884 903423 373594 490398 275663 587742 258649 571952 858806 281885 428963 312012 345111 294475
193626 315887 289734 617898 279848 999999999 195642 636424 411644 154458 453566 415113 445116 273998 895054 830001 603517 348574 544333 710430 358681 481344 776897 398289 631706 122953 356796 705613 407834 611409 729042 573634 205865 204529 716284 618136 688655 495887 546257 485472 576374 442383 339959 285804 272273 694540 282354 352026 767810 237674 314895 408098 725498 72497 598059 619494 272921 433014 560277 659940 556353 236472 213709 654092 357147 439428 344052 428192 437237 206208 423888 521314 776780 646798 665796 275174 178560 717676 709426 554209 301172 519200 379247 187946 434344 908209 576398 785257 211117 538798 517355 399084 153785 533038 627484 48518 443213 47651 178206 318741
66298 256884 470209 423114 430002 195642 999999999 568999 330902 248702 271121 219471 352655 197036 745480 680782 677895 153802 430945 548864 530741 465833 827376 364579 524638 291493 442634 538437 235762 634263 739215 414521 362357 151377 539466 659385 650501 319956 600228 337159 418107 288794 232083 285338 467315 512427 474525 218785 660567 147342 153513 517679 544378 155047 458380 508964 78326 353362 366656 479759 592474 112945 398404 627815 291682 471416 306451 415813 565938 384505 554289 447103 654120 553611 713988 210659 303067 654558 612541 528454 491843 431821 506532 243080 313919 750229 386587 609271 373474 485079 605381 208882 185120 419459 436588 236600 384896 147993 346942 513452
508458 325148 895355 597476 588063 636424 568999 999999999 886194 505958 451496 568770 218339 763970 420726 375762 452122 538165 950552 374932 694514 195559 465232 241317 135771 756997 436883 402576 419224 285359 297975 337829 589718 719228 463871 347394 119588 416633 366176 315414 866989 349207 337785 356313 822081 491331 758673 754732 186789 428040 438233 501734 497568 566603 258182 149293 574312 215775 671868 464598 313773 677576 821151 140042 855537 306429 874830 234196 569521 651283 570317 121897 240923 86744 391603 778726 530347 85603 120006 139818 876470 142014 546709 789573 843187 467545 514268 491805 842410 100737 464807 498676 482693 191551 741356 680615 193560 615236 808147 862508
397170 586682 536461 522635 691466 411644 330902 886194 999999999 541964 488455 365317 667957 142753 974220 914346 994476 361246 143953 769954 761632 796592 1153121 694925 819573 405658 750282 748028 489633 963988 1070085 656884 617469 211068 722269 986225 976169 543219 923236 607829 252159 560627 550472 613783 601139 680183 656833 136265 948348 477655 448310 813389 711553 429022 725122 802008 311894 674100 401957 659594 919821 218240 498666 956296 56593 798201 93301 746714 847900 610620 834732 765620 926690 857246 1039613 137392 583021 971418 910942 857941 590687 744932 789219 256781 87594 962234 540893 786652 431767 809522 914826 418567 496715 716420 422753 415783 710900 384195 430505 635718
202532 210005 389809 624497 186704 154458 248702 505958 541964 999999999 435939 442185 341029 399381 813495 749765 455395 371660 663229 647555 298570 335654 624476 264711 524391 260282 209017 649828 380230 457088 575169 514926 130275 331170 673772 464104 545054 464308 393226 422455 666244 389363 264194 150069 327101 661874 287742 456079 655672 186136 292299 273589 689892 113009 518242 515165 320327 321775 597523 625234 401936 337867 315199 507469 491079 285251 485834 283672 317660 176595 305794 399596 675203 529913 512624 405176 58192 583003 592535 409540 376246 405421 258118 340654 547684 835199 565676 739110 340749 405654 373143 402169 72212 436138 672367 187313 318343 161709 306423 371595
260562 283445 738639 196521 617311 453566 271121 451496 488455 435939 999999999 127472 261661 405508 492792 430412 741236 136260 518234 289284 733441 450639 842983 361030 351622 560832 559348 273468 58376 635448 708653 168429 566189 395247 268611 681527 563252 55411 648000 137084 417550 105345 205239 366027 723121 241879 711946 352809 468804 249910 144822 646940 273540 392807 240709 333090 215716 284334 225912 208668 618284 329464 664855 561384 476305 517603 510944 421121 711233 607177 703023 348772 440303 398134 738312 423409 493103 529805 442077 482239 754731 316351 657848 505119 424434 489324 129769 338443 644320 408106 695608 72285 365196 260872 301104 499455 335568 408096 616971 769989
241560 345102 682720 206507 628888 415113 219471 568770 365317 442185 127472 999999999 364151 298880 609424 549098 810779 70611 391022 404965 737830 539876 930719 441643 476761 504444 603233 384191 149685 724651 808733 294036 567544 304710 364630 764720 675807 180008 721531 260431 299088 220122 275072 414889 686526 327165 692402 231778 596162 271567 172714 687583 359663 369051 368181 458337 143422 381555 155663 301388 698920 235543 613748 668770 358657 588109 397093 502140 745720 597545 735737 458514 567360 521463 821736 316850 500166 649744 567835 582157 708989 429197 688509 420612 297764 599891 188330 432323 580614 514334 753849 70666 370460 381523 232134 455249 430050 367463 557602 732478
294762 132354 723461 441057 476810 445116 352655 218339 667957 341029 261661 364151 999999999 546240 475699 413385 496651 324887 736143 331611 594980 193553 583037 124813 186791 568055 363969 343692 216616 375789 447474 221320 453348 503750 386365 425164 314269 244684 401278 147111 662796 157254 120572 201342 668115 393038 622883 537152 322726 217841 220549 449074 412514 372769 189965 175560 356137 29295 487457 357766 364980 459745 646868 304648 637314 280650 657391 175871 519332 510477 514770 98111 335095 204556 481234 561275 382187 303782 266187 220714 716083 79234 476830 581202 626785 502431 359101 440444 656003 150255 466835 293587 297003 96110 562662 492348 78154 416307 622585 712548
262055 453641 446592 490960 553223 273998 197036 763970 142753 399381 405508 298880 546240 999999999 898244 835506 851788 269514 270342 694709 629915 661186 1011551 560778 710078 290497 607549 677440 392163 824622 932785 569916 479401 69774 662778 845151 847493 460673 781232 507298 322313 458410 426187 474265 491316 626041 534927 101727 843387 344060 332813 671394 658543 286537 628494 693380 199536 548960 389110 599646 779027 86538 394800 824700 95845 657371 111588 610228 707563 477560 694553 642235 829357 743217 898093 18026 441521 849569 800080 725070 491751 624894 648559 153908 163172 893825 486930 730971 337998 681846 772112 333246 354406 605078 434383 284828 581827 243061 327499 530690
711298 603665 1183327 489398 950222 895054 745480 420726 974220 813495 492792 609424 475699 898244 999999999 65125 872809 628765 977022 204510 1066868 592931 869106 584244 314397 1015203 821716 226986 511956 705127 695174 331492 929029 883875 266287 767338 511958 437571 785463 411502 842136 458017 557483 676981 1138959 314233 1098178 841147 244896 657645 593337 899014 290444 823924 297624 315432 704513 499499 613489 322867 733839 820447 1106483 550698 967210 706850 1003314 611383 969463 985714 967754 451744 180615 341258 808730 916115 857418 422524 302847 555862 1183487 428727 936207 987989 901588 57831 440770 223374 1103138 488340 880253 565077 760851 379607 648508 943572 523038 857096 1071856 1184353
646208 540160 1118388 440420 889176 830001 680782 375762 914346 749765 430412 549098 413385 835506 65125 999999999 825951 566001 921724 144986 1006394 539068 833280 524628 259843 950089 763757 171255 447805 661109 660328 267297 866405 819950 219156 723086 475220 375045 736611 346404 790391 393038 492742 614716 1074772 267212 1035089 780499 213552 592649 528439 842575 247512 758933 232901 258682 640840 437914 561796 270609 685973 756987 1041560 510573 905915 652205 941321 554505 913242 922629 911059 395121 144441 292515 766897 853327 794389 388530 262448 506741 1118937 370084 878325 923442 843218 93456 385894 189836 1038016 435580 828776 502648 696385 317498 601627 878517 463720 791977 1006748 1120281
615473 465964 735213 932518 368066 603517 677895 452122 994476 455395 741236 810779 496651 851788 872809 825951 999999999 749420 1107898 798868 406856 307152 187156 381012 570446 681531 246990 819657 686085 172680 249114 713358 425882 785014 871964 113335 379599 736670 95531 643548 1085315 645399 540060 400473 626169 885446 532738 896267 635098 550350 638221 211429 901460 567730 659274 576539 731995 468506 957313 851505 140625 782501 682810 332339 945180 223973 941223 322514 231827 471626 242826 451787 692949 533436 105988 858891 425610 468434 571186 320116 686739 486374 261445 791317 990904 918624 852844 915953 739337 397575 92425 747809 498509 559430 1035338 623369 418730 617039 709182 647915
171028 286264 622454 269413 558353 348574 153802 538165 361246 371660 136260 70611 324887 269514 628765 566001 749420 999999999 412387 425526 667249 488751 876066 387968 459950 443634 536275 409390 128394 671759 761471 301050 496959 260519 400130 708765 639153 191220 661973 246608 343890 199852 222506 350657 620724 368085 623553 225118 587191 204148 113746 619714 400579 299673 364526 442085 83920 338235 225922 338039 642274 193651 551648 627713 343757 528417 376279 447613 676797 527493 666614 422247 566273 500181 765586 287360 429605 621667 551565 536659 645578 396354 619241 372898 307027 625479 235940 469598 522957 474217 689437 64397 300038 358689 301604 390382 383755 301054 498140 667002
495563 675094 679818 496591 823253 544333 430945 950552 143953 663229 518234 391022 736143 270342 977022 921724 1107898 412387 999999999 777205 899378 885804 1257705 783109 866901 548258 868204 750853 535193 1061462 1161102 681608 749539 339885 714029 1089436 1050051 568808 1031172 650511 157674 607527 626119 715495 744841 668025 798631 212203 987031 570296 517391 936758 696881 551961 758677 848587 389490 747260 369060 654502 1022365 326270 642578 1035831 199673 901824 235916 838981 976014 747343 963194 833985 955960 910004 1144469 270549 708887 1033921 958271 941136 734569 808715 916708 399927 117059 956775 536301 772065 575623 883990 1032514 456896 610338 768841 362576 553420 789570 511943 574383 779659
520818 443708 1000161 302936 803306 710430 548864 374932 769954 647555 289284 404965 331611 694709 204510 144986 798868 425526 777205 999999999 922437 495069 838767 454422 239494 827414 695358 33714 313242 647301 672891 136808 771181 682863 97644 706734 490894 234465 704816 226875 648142 268047 383731 525806 965951 139558 935294 636653 273053 476793 399882 779616 132287 641455 143416 228243 503058 359909 420209 132121 658904 618233 923914 514739 762727 600924 799080 496783 850171 823694 845994 347635 213664 289263 756820 712635 697145 417680 290289 482370 1006181 314514 808440 789599 698286 201486 242345 117973 914299 401857 785662 361483 587548 245183 465256 758659 397950 669560 884269 1012310
496294 480102 350586 923065 119333 358681 530741 694514 761632 298570 733441 737830 594980 629915 1066868 1006394 406856 667249 899378 922437 999999999 498989 592069 482952 757444 367077 258150 929475 676854 514680 628553 796502 170292 561518 960381 484054 684526 758659 409218 704994 934099 678212 549104 396631 235454 952921 139284 710665 872265 483654 590621 213806 979396 376001 784104 753281 607624 569022 892082 916004 451243 594148 318945 636507 705432 392730 683215 464600 175060 152607 164214 619944 908027 746353 506259 628829 240674 751982 804231 563045 292587 638932 159296 511684 792022 1096837 863189 1022750 389598 599369 318846 700580 370618 689648 965171 346099 544303 398740 368621 246976
399732 211014 717634 634440 393974 481344 465833 195559 796592 335654 450639 539876 193553 661186 592931 539068 307152 488751 885804 495069 498989 999999999 392689 102695 279267 595280 241357 514209 400173 185367 275298 406380 401530 605077 565165 231782 209543 437907 211789 340253 832634 348750 266342 197103 636336 578340 567660 676669 376986 319005 375409 309334 594381 418094 353563 281238 496315 167419 674493 544582 171836 578762 646119 172748 756741 114369 766734 53346 378706 463273 378310 147942 420797 255198 288158 673177 348962 257880 308563 73996 692852 180671 352136 653600 770997 632493 552651 611073 676336 105193 291858 471377 331706 252750 751111 520616 115925 470460 642035 674786
762194 590565 922176 1022867 554351 776897 827376 465232 1153121 624476 842983 930719 583037 1011551 869106 833280 187156 876066 1257705 838767 592069 392689 999999999 489101 599450 862428 422111 864846 792849 207535 174086 779864 609447 947309 923852 168455 358083 827288 231484 726535 1218947 740000 655730 542232 813323 946137 719747 1045611 624223 688885 762362 397839 956396 733942 711183 610671 872199 558807 1067181 915703 235606 936807 868718 325423 1106611 355966 1106905 428771 417213 657421 428804 511631 690526 551959 113521 1020321 601856 446584 570952 368360 873883 548040 448565 964591 1140908 921257 939878 956299 923563 450084 279276 863139 657674 620951 1143727 800797 507440 785297 892728 834721
298796 108516 654359 551532 367687 398289 364579 241317 694925 264711 361030 441643 124813 560778 584244 524628 381012 387968 783109 454422 482952 102695 489101 999999999 275295 517229 241560 467879 307298 283809 377994 345813 356484 506525 511166 323438 293762 355999 287100 266626 731734 264536 166631 115026 584481 516942 527405 574091 397934 217330 274287 325200 537067 330666 311400 270407 393620 95593 581114 481275 258469 477501 579905 265325 656047 159293 667581 60723 395757 416988 391761 140106 426935 270713 380484 573256 292173 320024 332209 164716 637379 155999 355607 561830 668340 616179 472327 564854 601810 141451 344017 374545 244875 211393 658582 441084 61359 381487 567488 626352
472719 318516 909698 474187 642943 631706 524638 135771 819573 524391 351622 476761 186791 710078 314397 259843 570446 459950 866901 239494 757444 279267 599450 275295 999999999 754659 508340 266810 332727 411577 433662 213014 629261 675465 328259 472344 253718 307856 479117 216435 768337 260397 298408 378439 850985 356990 800189 684230 137143 400720 377324 584667 362122 559283 128694 18575 512014 202745 560246 331813 429853 624192 833240 275284 796033 392728 821559 297412 655076 688552 653458 138114 152049 53352 520328 726359 561208 191170 91639 250367 900531 120389 622621 761183 766384 353291 392757 356851 842694 175955 569236 410060 483598 105289 625201 679071 214180 601769 809332 894587
306757 438454 178836 710785 325324 122953 291493 756997 405658 260282 560832 504444 568055 290497 1015203 950089 681531 443634 548258 827414 367077 595280 862428 517229 754659 999999999 441043 820841 519594 711566 831297 690721 257504 232372 827527 711155 804215 606755 636009 604361 612257 559831 462094 403083 200905 802699 251703 387004 890730 359201 428441 474494 834342 195410 718943 742423 361643 555677 637802 769226 653091 289483 110451 767526 349140 541662 320761 542745 487413 226427 473553 643215 899514 769413 754694 283915 263716 837227 832098 668936 208024 641869 434845 149139 451580 1026612 678033 897060 88394 658439 591091 500374 274799 655796 697984 76443 564371 158190 56856 241564
384498 277323 520367 755869 161854 356796 442634 436883 750282 209017 559348 603233 363969 607549 821716 763757 246990 536275 868204 695358 258150 241357 422111 241560 508340 441043 999999999 707500 501092 281968 402443 581018 195204 539866 747441 271835 429486 569752 195413 495022 858311 480326 355434 193367 422914 748617 341746 658252 616925 332134 433374 87990 771225 321868 552709 506289 504537 335456 756816 712073 219274 541934 458209 382689 699925 135578 694676 211205 156183 251676 150883 370280 656398 492435 313661 613866 179893 494110 548601 305055 482895 393684 114568 544716 751720 856075 683806 803944 506427 343548 164626 548302 258427 452939 834554 378757 300931 370363 474348 455295
514135 449513 995167 271581 810166 705613 538437 402576 748028 649828 273468 384191 343692 677440 226986 171255 819657 409390 750853 33714 929475 514209 864846 467879 266810 820841 707500 999999999 302901 671045 700440 134951 775262 668613 64571 729790 519655 220000 725074 227376 619326 264513 385661 533268 964742 105890 937349 615892 306472 474887 392412 792750 99375 637833 160647 254368 488876 372553 390886 100580 680270 602888 919321 541900 742766 617697 780206 512887 863021 826363 858362 367870 247377 317773 780739 695429 700874 448318 321885 505364 1003390 333637 819715 777250 674668 216398 214719 97277 907044 424000 803301 345019 587719 262097 433757 753552 413238 663605 877650 1011315
214311 225698 695778 254813 560185 407834 235762 419224 489633 380230 58376 149685 216616 392163 511956 447805 686085 128394 535193 313242 676854 400173 792849 307298 332727 519594 501092 302901 999999999 585506 663626 180512 510484 372245 308541 629653 526352 88145 593519 118220 448611 72427 147789 307743 674462 287801 659305 353508 458819 194148 93411 588635 318163 343908 237051 314659 194027 236433 274415 252523 565526 310589 620867 520517 470885 462174 501390 367826 652857 553079 644652 309294 438683 374816 686609 409597 436935 500724 424353 436686 708505 279541 599513 476614 433700 514702 186810 377765 604972 366159 638614 79469 310309 233715 351480 454855 286697 363854 576241 721351
568153 388362 802257 816267 440072 611409 634263 285359 963988 457088 635448 724651 375789 824622 705127 661109 172680 671759 1061462 647301 514680 185367 207535 283809 411577 711566 281968 671045 585506 999999999 120760 577526 476554 763623 727471 62226 207001 620305 109142 520227 1015440 532575 450144 350383 704000 746508 619286 850274 464641 491183 558047 300875 758945 558773 513435 420131 673101 351302 859760 714760 63956 745959 738877 159730 920414 172097 925246 224447 352047 533638 358429 308830 524614 369811 109746 834920 448443 295835 402388 166277 764296 345178 355533 795237 945382 752827 733583 765260 783211 248624 214662 656518 476504 418937 936222 642668 299911 611605 750136 734461
672926 486191 922808 877665 559291 729042 739215 297975 1070085 575169 708653 808733 447474 932785 695174 660328 249114 761471 1161102 672891 628553 275298 174086 377994 433662 831297 402443 700440 663626 120760 999999999 625660 597238 873955 761221 146003 185459 685738 219388 582833 1104777 603497 539214 459948 823702 786754 737751 951771 450342 593292 648948 415501 794589 673999 551672 446405 771613 427511 934563 758211 183335 851890 859635 158810 1028601 290070 1035912 323484 460362 654029 468259 363388 517053 383944 146802 943950 568628 272724 398463 226941 884142 398785 470467 911128 1046227 747633 793922 789538 903701 301984 316587 738846 590121 468489 1008968 761592 378756 726990 870528 853295
384266 316460 863368 261314 677173 573634 414521 337829 656884 514926 168429 294036 221320 569916 331492 267297 713358 301050 681608 136808 796502 406380 779864 345813 213014 690721 581018 134951 180512 577526 625660 999999999 640751 552678 166440 632633 457069 114066 617858 92489 568389 131256 250813 401375 830398 172324 802405 521188 310077 340710 263839 667606 191255 504824 85320 195261 373799 250606 351373 138213 577314 490158 787153 468344 643939 501503 677326 396329 737151 691486 731719 268773 274354 265543 686573 587607 566280 403599 295663 412050 869871 232372 691519 656628 591797 336575 179825 226252 777744 329876 687850 239296 452880 158930 413281 621853 296589 532800 747575 876892
326025 328152 326023 753884 73999 205865 362357 589718 617469 130275 566189 567544 453348 479401 929029 866405 425882 496959 749539 771181 170292 401530 609447 356484 629261 257504 195204 775262 510484 476554 597238 640751 999999999 409701 801675 466238 606425 594227 389023 548352 771881 517537 390276 252320 235225 791102 171020 552088 754415 316411 422328 217096 818706 208970 637683 622253 438448 430443 721906 754358 414334 433726 263064 562901 562745 317859 547466 356086 234164 61761 220497 496524 781304 627179 505060 481007 74631 658989 688404 473625 293130 508873 178646 382486 638039 954138 695910 866109 314140 489587 334543 530939 201493 549457 795289 209090 416095 238914 283407 273342
211159 401497 398864 507174 483491 204529 151377 719228 211068 331170 395247 304710 503750 69774 883875 819950 785014 260519 339885 682863 561518 605077 947309 506525 675465 232372 539866 668613 372245 763623 873955 552678 409701 999999999 660576 781824 796993 448854 716383 481990 381901 432978 383223 414110 432618 627427 470365 155438 810939 292953 300561 602341 660010 218164 603871 659555 179838 503453 417701 598264 716196 69201 340593 771693 160168 594689 161967 553173 637878 408987 624844 597377 802169 704976 834015 74009 372139 804677 763759 671241 438500 582965 578928 116597 230514 883918 491527 729933 291107 633009 704259 324647 289653 570199 471649 217913 532427 173462 275517 473934
522845 481174 1004234 223112 841163 716284 539466 463871 722269 673772 268611 364630 386365 662778 266287 219156 871964 400130 714029 97644 960381 565165 923852 511166 328259 827527 747441 64571 308541 727471 761221 166440 801675 660576 999999999 785249 581807 220815 776846 255698 576232 284409 411820 566791 981008 48180 959604 593657 370686 493000 401432 833932 34816 651210 214092 314839 482667 415631 347843 63252 733632 592995 929407 602457 721642 664923 761387 559669 903558 850102 898157 421122 310373 380046 837211 680796 727044 512038 386203 561282 1016601 385821 857892 772565 645160 242797 181451 69832 912040 479222 851207 336404 608407 312536 382997 763394 459607 672375 884001 1027831
594020 422794 788880 866181 421458 618136 659385 347394 986225 464104 681527 764720 425164 845151 767338 723086 113335 708765 1089436 706734 484054 231782 168455 323438 472344 711155 271835 729790 629653 62226 146003 632633 466238 781824 785249 999999999 267259 669676 77745 571348 1051114 580418 489687 374089 686066 802843 597514 877402 526777 520430 595190 272394 816252 570982 571176 480355 703753 399188 903978 770440 67151 769337 729189 221023 940517 188126 942309 262748 314495 520010 322640 364854 586835 431458 57046 854386 447685 356964 464612 224448 746815 400901 327223 804692 972701 814920 784206 824610 778236 306061 170649 697978 492344 474841 981119 645588 347707 623086 746028 713454
586520 395525 926174 715877 590018 688655 650501 119588 976169 545054 563252 675807 314269 847493 511958 475220 379599 639153 1050051 490894 684526 209543 358083 293762 253718 804215 429486 519655 526352 207001 185459 457069 606425 796993 581807 267259 999999999 531798 307828 429263 974888 458954 426317 402898 841634 610403 768123 848405 267273 504332 533071 477007 615792 623144 377761 268251 666212 303279 786344 584066 254394 762197 855278 49622 941418 294123 956511 261508 538544 667817 542198 217471 332600 201884 300768 861069 557587 91035 213061 135557 899232 247249 528001 855590 939580 563396 632419 606470 885792 166783 413704 605185 536790 307049 857275 729119 265728 674634 851474 878376
302295 292591 783444 196586 640842 495887 319956 416633 543219 464308 55411 180008 244684 460673 437571 375045 736670 191220 568808 234465 758659 437907 827288 355999 307856 606755 569752 220000 88145 620305 685738 114066 594227 448854 220815 669676 531798 999999999 642070 103199 461189 91615 215240 378284 762489 199913 745930 407815 419193 279167 181523 657740 230055 431994 190506 289295 269031 270609 255279 164414 608562 383797 708739 534190 531662 515038 566345 414240 724180 638681 716834 322589 387622 356759 725872 478548 520090 491580 396657 461590 796637 288028 673012 557314 477754 435104 116372 290307 691542 383755 697379 127603 395665 225190 325547 542775 322004 451659 663275 809374
536054 376491 711173 838197 343746 546257 600228 366176 923236 393226 648000 721531 401278 781232 785463 736611 95531 661973 1031172 704816 409218 211789 231484 287100 479117 636009 195413 725074 593519 109142 219388 617858 389023 716383 776846 77745 307828 642070 999999999 548259 1001062 550994 448695 317240 608396 789981 520227 818991 551791 466599 549585 196184 806168 502464 564547 484318 649712 373257 866006 755992 53777 708033 651823 258528 875985 133569 875584 227852 243401 442357 250301 357320 606769 444582 119546 789627 373211 392420 486115 229901 669130 391538 251149 733662 914145 829707 758110 821594 701699 304619 106510 657212 426931 464329 943863 571853 323291 553835 669734 636110
299810 225477 774928 296398 585709 485472 337159 315414 607829 422455 137084 260431 147111 507298 411502 346404 643548 246608 650511 226875 704994 340253 726535 266626 216435 604361 495022 227376 118220 520227 582833 92489 548352 481990 255698 571348 429263 103199 548259 999999999 554565 49076 158324 311229 739082 253600 709988 471725 340604 250146 183688 582398 276983 415549 121889 198083 307849 175049 357095 217069 511935 423770 698403 430996 588261 425424 617515 321763 651131 599005 645092 219521 322065 261432 627019 524423 473849 392806 307764 359557 779542 184830 603739 580201 551205 422740 213376 318060 692042 280885 610641 193827 360910 124096 428524 533903 225262 446171 661132 785461
473820 628389 766575 353967 842908 576374 418107 866989 252159 666244 417550 299088 662796 322313 842136 790391 1085315 343890 157674 648142 934099 832634 1218947 731734 768337 612257 858311 619326 448611 1015440 1104777 568389 771881 381901 576232 1051114 974888 461189 1001062 554565 999999999 517784 566334 684953 813159 528827 851569 226629 878360 535036 457454 935444 555684 563765 650540 749765 354273 679078 228716 519980 984292 340035 717069 967421 293736 868022 340205 791103 983839 782215 972037 757596 840011 815627 1107702 331147 718904 946831 857791 879073 813777 728136 924343 474159 171968 817275 406063 629738 658371 813050 1018630 369736 602870 677871 208041 597857 726293 535400 649566 852965
253884 204282 732115 287205 559407 442383 288794 349207 560627 389363 105345 220122 157254 458410 458017 393038 645399 199852 607527 268047 678212 348750 740000 264536 260397 559831 480326 264513 72427 532575 603497 131256 517537 432978 284409 580418 458954 91615 550994 49076 517784 999999999 129434 290674 700329 274746 675514 424752 387837 210502 135598 568277 301403 373674 170943 242396 258909 181424 331129 237812 518459 374727 655899 456138 540022 423469 568788 323149 635494 565721 628567 243588 370963 302490 636905 475489 442919 429639 352034 377343 738984 211735 585541 531873 505988 466838 207978 350278 647105 302761 605832 151038 324575 161648 405667 490620 232945 401780 616675 746952
175247 78357 626279 401350 430148 339959 232083 337785 550472 264194 205239 275072 120572 426187 557483 492742 540060 222506 626119 383731 549104 266342 655730 166631 298408 462094 355434 385661 147789 450144 539214 250813 390276 383223 411820 489687 426317 215240 448695 158324 566334 129434 999999999 163099 583636 404093 551847 422145 435535 103390 109818 443335 430293 267861 259863 284302 239899 123634 417375 367146 424077 339797 549370 409791 518045 316150 537136 227069 509147 440703 501659 216126 438316 322987 546715 441018 315703 423383 383272 315633 626396 199752 457780 463215 513972 574806 328391 475833 550487 259536 490854 208773 204576 195500 495328 388301 163458 305978 518052 629676
219962 86480 539878 562542 277545 285804 285338 356313 613783 150069 366027 414889 201342 474265 676981 614716 400473 350657 715495 525806 396631 197103 542232 115026 378439 403083 193367 533268 307743 350383 459948 401375 252320 414110 566791 374089 402898 378284 317240 311229 684953 290674 163099 999999999 473435 563356 422588 503379 507271 149917 242827 280922 587952 221051 388287 370621 332529 178144 566405 526475 307140 396023 465112 369421 570078 186336 576032 143767 346086 310490 338563 250105 530249 380849 428975 484757 182781 434683 443257 268920 524811 258333 294936 456692 598675 703361 491239 627417 487067 256417 339017 356782 134620 297383 644449 327238 168712 273358 452723 516470
462658 536663 115283 890111 264733 272273 467315 822081 601139 327101 723121 686526 668115 491316 1138959 1074772 626169 620724 744841 965951 235454 636336 813323 584481 850985 200905 422914 964742 674462 704000 823702 830398 235225 432618 981008 686066 841634 762489 608396 739082 813159 700329 583636 473435 999999999 962255 96502 587687 980677 489859 581066 417296 992525 330622 842232 842106 543495 648645 828168 926891 640499 486342 104631 797879 545172 551693 512219 589736 400292 173890 387491 723090 1002142 854036 717831 484272 292334 893279 916188 708742 60823 731408 364923 345349 651645 1158347 847803 1048963 178108 721474 534324 670992 379063 763013 892003 231611 641747 319683 171250 46892
500988 476980 980489 175262 834152 694540 512427 491331 680183 661874 241879 327165 393038 626041 314233 267212 885446 368085 668025 139558 952921 578340 946137 516942 356990 802699 748617 105890 287801 746508 786754 172324 791102 627427 48180 802843 610403 199913 789981 253600 528827 274746 404093 563356 962255 999999999 945300 553449 411017 478097 381189 835932 32599 631669 235288 342163 451620 422255 300767 36951 748779 559109 906524 628042 681585 673570 722315 568484 904731 837267 898656 438024 353165 409830 856008 644014 716605 544660 421511 580336 995624 401947 857038 740927 601724 288988 140119 106484 885879 497928 859850 305669 594438 328007 334819 740887 468865 649559 858785 1009145
456322 495199 211366 890190 180037 282354 474525 758673 656833 287742 711946 692402 622883 534927 1098178 1035089 532738 623553 798631 935294 139284 567660 719747 527405 800189 251703 341746 937349 659305 619286 737751 802405 171020 470365 959604 597514 768123 745930 520227 709988 851569 675514 551847 422588 96502 945300 999999999 625005 925298 467254 567281 326244 974240 324109 804825 792994 552772 600677 841067 909032 555399 514830 183899 722663 600248 474817 572420 524512 304839 112466 292282 667482 952217 798045 626697 530749 240764 825528 859095 638068 155319 679805 272606 400784 697957 1121769 840110 1025759 257047 659065 441491 667256 351235 718934 909466 253971 587114 328842 240664 115996
283419 465655 547616 405578 624612 352026 218785 754732 136265 456079 352809 231778 537152 101727 841147 780499 896267 225118 212203 636653 710665 676669 1045611 574091 684230 387004 658252 615892 353508 850274 951771 521188 552088 155438 593657 877402 848405 407815 818991 471725 226629 424752 422145 503379 587687 553449 625005 999999999 812305 359235 316624 729372 585431 347488 588862 666544 182318 545241 295156 530535 810365 118892 493678 831117 128140 689687 170498 628782 772170 558233 759746 635201 790450 722832 932331 115075 504825 839556 775725 734504 591180 612940 712584 255392 95299 831274 413352 659750 439016 681646 822105 282465 399869 581659 334909 371473 584692 313419 427121 628395
609625 453178 1043316 558435 761491 767810 660567 186789 948348 655672 468804 596162 322726 843387 244896 213552 635098 587191 987031 273053 872265 376986 624223 397934 137143 890730 616925 306472 458819 464641 450342 310077 754415 810939 370686 526777 267273 419193 551791 340604 878360 387837 435535 507271 980677 411017 925298 812305 999999999 537833 511414 685951 405236 695491 228691 151753 644344 336185 660077 396080 498801 758029 967171 307517 927397 490395 954587 407676 754597 814851 754819 258016 69439 127258 565799 859966 689056 177641 68424 326543 1031760 250657 728986 898111 891000 297612 483405 373802 978583 273379 651487 533004 618372 241354 717632 814899 339089 738592 945051 1023380
82221 109587 525819 440658 368322 237674 147342 428040 477655 186136 249910 271567 217841 344060 657645 592649 550350 204148 570296 476793 483654 319005 688885 217330 400720 359201 332134 474887 194148 491183 593292 340710 316411 292953 493000 520430 504332 279167 466599 250146 535036 210502 103390 149917 489859 478097 467254 359235 537833 999999999 107689 416021 506998 166284 360424 387088 183447 213013 426263 441782 453280 260206 449063 480643 438996 334354 452250 269877 474726 359514 465073 306726 541706 422374 576209 357091 243198 513119 483704 381123 529414 296245 418208 363537 454241 672237 379677 560065 447564 340071 486545 221470 116498 298697 503513 286162 239477 202614 415400 536458
121891 173200 603557 333010 475882 314895 153513 438233 448310 292299 144822 172714 220549 332813 593337 528439 638221 113746 517391 399882 590621 375409 762362 274287 377324 428441 433374 392412 93411 558047 648948 263839 422328 300561 401432 595190 533071 181523 549585 183688 457454 135598 109818 242827 581066 381189 567281 316624 511414 107689 999999999 519129 411567 250497 304894 360772 136629 229937 323726 345926 528811 246874 528274 518592 420387 416040 444354 333867 579919 462396 570696 318632 501699 410984 652057 349035 349956 523260 467291 425343 615263 296676 524251 396516 406589 600410 274016 470364 514732 366694 581479 115197 220933 272266 401696 362234 272822 271600 485241 627957
462856 365282 524546 843446 156641 408098 517679 501734 813389 273589 646940 687583 449074 671394 899014 842575 211429 619714 936758 779616 213806 309334 397839 325200 584667 474494 87990 792750 588635 300875 415501 667606 217096 602341 833932 272394 477007 657740 196184 582398 935444 568277 443335 280922 417296 835932 326244 729372 685951 416021 519129 999999999 858182 385230 636493 584061 583370 420214 841921 799466 237512 611402 471390 428053 761075 195574 751582 288087 70827 260274 68998 447534 729702 564335 300651 676068 230850 550289 617569 364216 478093 473470 54968 593262 821269 935458 771724 889498 528754 414265 119048 634268 332618 535773 919409 421463 382800 429442 499208 442220
531883 501816 1011951 201739 860409 725498 544378 497568 711553 689892 273540 359663 412514 658543 290444 247512 901460 400579 696881 132287 979396 594381 956396 537067 362122 834342 771225 99375 318163 758945 794589 191255 818706 660010 34816 816252 615792 230055 806168 276983 555684 301403 430293 587952 992525 32599 974240 585431 405236 506998 411567 858182 999999999 662048 245624 348375 484057 441807 328579 65641 763720 591706 937792 635787 713571 692280 754499 587024 927407 865687 921652 451628 344358 414159 868643 676511 744127 546627 420985 592676 1026471 415988 880650 773447 632521 261636 172266 75497 917773 510433 878653 338016 623125 342310 358326 772035 487054 680748 890511 1039406
133157 244245 359596 566249 279150 72497 155047 566603 429022 113009 392807 369051 372769 286537 823924 758933 567730 299673 551961 641455 376001 418094 733942 330666 559283 195410 321868 637833 343908 558773 673999 504824 208970 218164 651210 570982 623144 431994 502464 415549 563765 373674 267861 221051 330622 631669 324109 347488 695491 166284 250497 385230 662048 999999999 526616 547014 232765 361139 520157 596407 506955 228612 282920 590463 378092 387042 373792 364748 424888 229705 412356 450285 704304 574912 621291 292168 157422 648693 637462 489856 365761 447281 365364 237263 437265 838138 518814 719639 283613 470008 486135 343851 86465 460560 591257 120522 373089 53008 250641 377514
417948 309759 885826 345728 665458 598059 458380 258182 725122 518242 240709 368181 189965 628494 297624 232901 659274 364526 758677 143416 784104 353563 711183 311400 128694 718943 552709 160647 237051 513435 551672 85320 637683 603871 214092 571176 377761 190506 564547 121889 650540 170943 259863 388287 842232 235288 804825 588862 228691 360424 304894 636493 245624 526616 999999999 111534 429267 217606 436102 206782 520235 545427 808956 393101 707871 457830 738261 353460 707124 692509 703143 207602 201749 181784 623164 645737 564650 319832 210435 347210 886054 173029 666210 701217 664483 316993 264968 257627 807127 265133 643024 307093 463577 101911 498600 646564 254537 561157 775419 887902
457950 307835 899020 456548 637948 619494 508964 149293 802008 515165 333090 458337 175560 693380 315432 258682 576539 442085 848587 228243 753281 281238 610671 270407 18575 742423 506289 254368 314659 420131 446405 195261 622253 659555 314839 480355 268251 289295 484318 198083 749765 242396 284302 370621 842106 342163 792994 666544 151753 387088 360772 584061 348375 547014 111534 999999999 495015 193467 541833 316147 435927 607634 822426 287692 778894 393721 804803 296117 654669 681071 652661 136527 160041 70339 529332 709749 553345 208448 109746 257015 890990 114437 620775 746429 748353 351881 374871 346068 830585 179900 572425 391793 472533 89603 607019 667076 209055 588737 797371 886026
