NAME : synthetic_000166
TYPE : CTSP-D
DIMENSION : 100
GROUPS : 8
RELAXATION_LEVEL : 1
EDGE_WEIGHT_TYPE : EXPLICIT
EDGE_WEIGHT_FORMAT : FULL_MATRIX
EDGE_WEIGHT_SECTION
999999999 784578 696830 702136 173190 503895 132026 595202 223889 670021 403844 824076 302173 326603 574676 299874 319814 506420 207879 459158 350412 550929 306739 756639 749562 633555 533559 344206 617946 465426 620322 89171 749759 377189 736056 484144 281330 810528 193559 646962 94277 373268 590408 272950 517039 303723 542694 513709 603054 465466 610977 455933 274054 115512 532881 600853 688788 359094 552701 513848 749121 440723 850942 364448 367860 261590 372316 847871 783136 527526 622319 787137 410220 542137 623129 196620 421458 206745 538872 522355 634098 274641 753113 545446 106169 402688 853965 619344 597773 616907 741435 186550 346490 749486 747375 372065 626785 537412 353939 551989
784578 999999999 513317 548910 630794 342128 868253 247997 927282 679173 963055 656051 730670 810151 1135555 957818 631736 295182 623665 879274 986243 236201 986613 122059 489725 942307 644270 708242 1232023 380291 278319 750927 67659 408983 565069 798264 517873 602898 591024 644770 690444 520729 201080 953537 621784 1026749 573050 689681 885419 513214 256618 408339 512390 684952 319302 1040803 197498 586865 275302 1024484 712876 1135220 805644 773224 685432 1009788 680814 744245 37771 423527 1127860 57318 1131427 1017709 1144344 593033 1048065 731979 452991 985579 174758 1039330 36251 331902 679999 420318 876995 1181750 191415 1130182 417057 962912 671423 784507 556391 455373 1053778 456797 853679 254441
696830 513317 999999999 35661 641049 298023 825406 312655 707572 180263 1049554 165949 843330 915180 757438 979555 769579 370300 670708 499971 695575 477178 727508 394531 63860 486260 225008 409365 868612 612337 256543 724722 445836 451266 58608 398602 582680 127383 563439 154178 631110 695922 496239 958782 220992 791609 171062 276499 433359 231646 615517 290822 540828 584238 608476 619997 317750 340284 571684 644433 199812 849033 295634 911565 847043 804691 370287 241479 545446 197750 721225 464404 870339 620582 742708 594087 732099 785141 170347 591053 380294 848641 482831 637197 608029 591674 363799 795756 488385 727087 114790 873522 384000 274254 59599 367451 624024 170212 534464 534284
702136 548910 35661 999999999 654789 324863 831959 345397 701508 148118 1062460 139933 860085 930591 735413 988815 788882 398971 686241 480920 682992 508100 717505 430192 86808 457638 209720 402654 847253 639333 290183 734130 481406 473437 34734 379105 601507 110156 576587 125409 640047 718522 528381 967119 209790 782958 165239 259254 405836 240074 647271 312046 558595 591126 637914 594501 353132 343434 602095 623248 164151 835116 261246 929056 866651 798528 363822 209470 580936 219561 696503 500065 858497 597761 718362 608389 716565 798973 188875 568854 414287 843176 518316 666763 616570 616259 328325 772653 520799 702698 147737 875934 379778 238896 45495 384847 597474 188086 521708 564945
173190 630794 641049 654789 999999999 393233 237587 470417 381826 660185 408702 789089 215356 277878 710743 352657 181452 373965 47648 543518 495107 394611 462316 618944 683945 703583 528299 382136 768707 293127 507210 120197 603512 238810 689513 536547 113992 764810 78692 630343 92031 204934 431623 339323 505794 470825 513833 525426 662227 416973 440512 362724 123688 137793 361511 705424 562071 338408 384432 632348 737947 604912 847963 287045 250900 432923 395224 830535 625304 450052 746156 640272 579111 652509 751126 47909 567758 144190 471621 627417 494850 447812 601689 372889 103046 231351 867999 757713 440218 742510 660032 334421 367221 756708 697614 277674 729581 471349 450896 387667
503895 342128 298023 324863 393233 999999999 615162 100694 604077 405220 793436 463624 571517 648560 793499 745845 487737 78514 410368 538847 649403 196975 655533 270889 320250 617966 327713 366195 890149 314517 116592 500408 285524 165850 355848 462963 307987 423930 325766 368256 417148 403466 227996 731433 302067 702323 264866 365116 561674 180239 338033 66332 274500 390790 316219 703724 190361 244979 284842 682824 464383 801483 574775 635332 563001 693443 338892 532057 358777 114121 787687 320735 802860 677443 803546 345856 708727 530162 150371 645369 167373 728486 305907 345282 399257 295308 626478 839824 224317 789615 278502 690422 329369 518002 357328 133359 718358 153167 512062 249920
132026 868253 825406 831959 237587 615162 999999999 700412 297506 802040 285878 955426 255711 247203 654128 170679 313103 606564 249164 575922 430344 632053 375034 854436 876575 752469 665584 474721 678236 517593 731522 118051 840772 472274 866088 610233 350560 940852 290617 778933 199450 398894 668570 141860 649000 346993 673837 645229 725824 593760 667767 573216 359218 241168 587687 704280 793416 489781 615915 610331 881129 482526 982609 299380 333828 291875 503834 979897 862065 650376 711734 877638 439333 643369 708975 278427 495246 176489 664295 627366 730424 282724 839275 594355 220230 460385 984165 695135 677400 704979 864700 109774 478272 880638 877026 487397 730730 663082 468801 622588
595202 247997 312655 345397 470417 100694 700412 999999999 704243 454012 857844 475303 629186 708551 889326 821412 538326 98558 480381 631624 749751 169945 756225 170229 314633 697464 400675 463882 987771 327218 59401 583587 187548 232147 370717 550417 372593 428375 409851 417667 505470 441584 184066 809587 377011 802686 331383 443934 640634 265255 303860 165872 347341 484385 306776 792860 93587 343477 265333 777537 501504 902099 605885 688068 609277 792877 434697 554131 269082 177814 880042 221594 903513 769945 896726 424733 808417 599707 209990 737811 77300 827161 211897 334239 489383 327692 667202 935134 175835 882479 255099 781096 427118 564869 367529 230636 806047 213661 610421 227275
223889 927282 707572 701508 381826 604077 297506 704243 999999999 624019 579859 797986 523172 536709 357641 454468 543009 633123 423659 313806 132898 707546 82863 874206 768727 487274 499052 298854 394121 658593 711967 312387 880984 525556 731475 380300 472879 799312 368697 612164 290052 586758 749194 421396 493036 99486 537097 460206 473702 497534 794129 542270 449865 261333 720832 414175 793937 384468 731503 316089 697716 224020 781897 581287 591336 97119 337736 797422 933315 584532 414381 917932 206506 352212 411491 388446 200222 428522 581790 340541 760349 142015 892776 738082 284557 594509 763155 400150 754129 407512 781912 252772 323971 674354 746057 475395 440744 579070 212724 722450
670021 679173 180263 148118 660185 405220 802040 454012 624019 999999999 1056304 178321 874221 937443 603688 967753 816173 483705 698678 362063 581901 601075 625009 564739 233787 312466 136527 335427 716625 707739 406357 718475 611616 523840 155504 262642 631447 195732 582146 36980 625116 763043 628202 942442 155476 694231 153035 164318 263237 257735 742498 369433 585301 569296 719553 454970 481688 322991 689998 494923 79217 727239 187957 945463 893969 718743 301101 178252 708659 291143 558186 634059 757390 465053 580822 617805 604791 801095 254880 438249 529014 765276 646442 748583 600774 673015 223056 637879 622498 565137 294980 828200 324808 112782 172214 419641 455594 252053 424166 655075
403844 963055 1049554 1062460 408702 793436 285878 857844 579859 1056304 999999999 1194954 233298 153091 932162 131131 331620 759311 383676 860147 711638 740407 653254 984248 1092518 1035990 920770 744041 944126 582774 902361 338990 954742 629582 1097192 887748 486655 1172599 486138 1029185 431298 442334 766660 164279 900854 614194 916024 908218 1006795 823247 719897 769665 519324 488461 646388 989909 943788 734111 688169 894953 1135270 740976 1241955 195106 283074 556005 768378 1231014 946136 858421 993716 988223 690280 928794 989509 456117 772884 265231 880316 913188 864341 532955 941770 639800 455651 548053 1251942 970762 777818 986473 1066451 341797 741143 1144407 1105723 685711 1016391 880024 753415 709558
824076 656051 165949 139933 789089 463624 955426 475303 797986 178321 1194954 999999999 996937 1066112 774117 1116260 927601 536242 822261 539599 760105 641978 802363 534235 167059 468810 300166 503489 887203 778093 417479 862610 590104 613310 107776 440866 740120 54214 710507 185824 768271 858408 659368 1093140 310792 871087 281699 338317 426953 372146 779089 451859 696623 716512 774187 618974 467665 466036 736843 668325 124763 905413 159826 1066447 1005493 893649 466613 90936 690613 359490 722505 603026 935680 635902 745877 743411 782725 933023 328365 610812 538968 939791 628718 802845 744343 756062 242554 805446 651024 730321 239060 991248 487218 198014 108004 523052 615889 327393 601740 699265
302173 730670 843330 860085 215356 571517 255711 629186 523172 874221 233298 996937 999999999 80432 876819 245682 99032 531040 175717 743173 652223 507155 605670 751281 880949 909974 743304 593257 916339 350738 676294 213283 721451 405782 894614 746548 264002 969281 292272 843610 276946 210333 533482 254270 720457 591276 726024 740702 871534 626358 491877 555612 302888 336029 416108 896240 713081 553456 456480 813554 951449 729206 1062153 71702 79627 540019 608942 1042529 714789 647375 923590 755015 690165 839426 924988 256430 722637 95490 672997 817455 632095 536447 708803 411944 298434 314799 1083319 921285 544596 918451 848580 361791 580878 971894 901407 475882 921567 673242 643425 476704
326603 810151 915180 930591 277878 648560 247203 708551 536709 937443 153091 1066112 80432 999999999 894140 185740 178546 610230 244479 781835 668839 587540 617322 831713 954732 952940 804408 643409 924190 429931 754853 243254 801707 483244 965248 794200 340573 1040284 356518 908019 323263 289438 613571 202463 782560 593787 791710 798101 917678 694275 568809 629755 377032 383169 494241 927431 793066 614816 535479 839755 1015486 729720 1124982 60630 137155 539064 662527 1108406 793638 720612 946500 835137 686108 868698 945907 322731 736767 137284 744924 848881 712436 528497 788698 488706 346669 395192 1142211 936831 624738 940578 924509 342068 634566 1031915 972668 548179 953321 744973 678615 556502
574676 1135555 757438 735413 710743 793499 654128 889326 357641 603688 932162 774117 876819 894140 999999999 803441 885435 849550 756913 263396 225351 951620 279401 1051963 820305 316433 536939 428320 113102 951607 873591 663754 1076872 781552 753493 360775 778176 799120 673626 613380 620929 910086 992384 769910 549074 322710 604965 484177 348450 628850 1066188 727464 743156 574624 1003454 164696 962963 549732 1001597 114435 650631 230122 687932 937392 940986 380785 454787 733089 1151631 724506 82010 1110319 287035 138638 65253 703097 159320 781420 704117 166560 960815 414411 1099313 1025983 607717 890065 633086 48174 993805 71189 862765 593466 464960 590905 770437 694560 179435 700393 287896 982562
299874 957818 979555 988815 352657 745845 170679 821412 454468 967753 131131 1116260 245682 185740 803441 999999999 338830 723788 342100 745060 584911 725622 525362 962639 1027382 921906 831248 644040 813252 583845 859754 254838 940400 589271 1023321 780907 451267 1098596 423121 943227 348768 447019 757138 33551 813454 483985 834753 813271 896205 748897 730506 712545 474253 399990 652292 867330 911771 650495 688935 770504 1046964 609890 1150169 245730 318713 425661 671952 1144921 945693 796145 866707 975836 559166 805722 861709 400014 644366 226381 813896 791689 839414 401859 932696 651531 372327 537606 1153780 841282 767411 859182 1009009 211197 645795 1049258 1033306 626444 893890 813096 637774 704055
319814 631736 769579 788882 181452 487737 313103 538326 543009 816173 331620 927601 99032 178546 885435 338830 999999999 441151 133880 724936 665091 409827 625635 654606 803097 883526 690055 560424 936201 251711 587827 234396 623442 322481 822988 714989 187491 896622 246005 783714 265545 111311 435111 343038 665725 622311 664830 693742 840780 562053 393672 479067 231940 318162 317296 886487 619669 502548 357448 811467 891498 759992 1003680 149780 78076 576194 570257 978919 615760 572001 924552 656686 726719 832915 928508 208705 737325 136855 600187 808298 536818 580288 610153 313971 281774 217805 1031235 931655 446328 920481 766189 422853 542592 918599 828538 404653 910789 600837 631858 377958
506420 295182 370300 398971 373965 78514 606564 98558 633123 483705 759311 536242 531040 610230 849550 723788 441151 999999999 382284 600719 691718 119113 691446 250224 385926 690064 403756 421406 942137 244064 147210 489047 248432 135155 428719 530733 274167 494127 316990 446736 414645 347415 152671 712603 377709 732490 342638 438815 634240 253497 259707 130518 250404 399152 239305 768780 188181 300523 206506 741194 542130 840070 651937 590736 513262 717686 398314 607500 305267 192569 848950 285681 836539 738932 863688 329160 754672 501391 228831 707078 128867 749246 260080 268287 400252 234702 704735 896633 150524 850221 335782 690905 385007 596486 428863 160354 784672 231660 563951 171406
207879 623665 670708 686241 47648 410368 249164 480381 423659 698678 383676 822261 175717 244479 756913 342100 133880 382284 999999999 591056 539832 388275 505030 621112 710854 750400 568473 428183 812989 269226 521357 138746 601237 248783 720875 582728 109232 795854 117622 667920 136331 165390 422808 333107 545289 510016 550314 567880 708486 451019 419069 386564 135879 185195 339095 753059 569957 378879 366779 679602 775777 645519 886630 246787 204613 469453 439980 866861 615384 476602 793258 637345 617494 700039 797987 80981 612447 119919 500479 675026 497576 481136 596311 347301 149760 211221 909099 803706 432252 789511 682887 352876 412074 797269 728204 303934 777227 500507 498512 374504
459158 879274 499971 480920 543518 538847 575922 631624 313806 362063 860147 539599 743173 781835 263396 745060 724936 600719 591056 999999999 231179 709617 285211 791220 563583 177006 276206 186292 371098 735806 612472 538588 818725 551958 502480 101859 581347 556149 486052 364351 466667 722474 748952 713843 286524 356406 342338 223786 160186 368086 833958 473927 539474 408991 779004 172444 701861 301497 770116 149030 422847 366903 487934 811870 792615 394844 202730 516848 897522 462854 248840 851248 401653 138596 265102 521263 243437 650835 441245 106542 705114 441712 843053 804119 446518 678793 457126 306582 749006 250914 601895 559581 219689 381125 519165 453794 192834 437494 107307 746662
350412 986243 695575 682992 495107 649403 430344 749751 132898 581901 711638 760105 652223 668839 225351 584911 665091 691718 539832 231179 999999999 780391 63259 919144 759042 387891 473420 297524 273909 754827 747153 439583 933961 601347 709189 320947 573685 770300 467781 577718 403585 698298 822133 551590 474608 129816 526055 426218 386681 512452 881194 583914 543815 363226 812417 291572 833887 409366 817075 189787 648515 155884 718749 712160 717852 178539 334627 744930 996801 606767 282079 969793 176006 229701 278633 493437 72651 556974 596105 224461 813757 222215 950605 832401 393134 691459 687546 269078 825479 274937 784330 378601 331557 611565 725092 531422 317793 592846 161289 803121
550929 236201 477178 508100 394611 196975 632053 169945 707546 601075 740407 641978 507155 587540 951620 725622 409827 119113 388275 709617 780391 999999999 772945 245193 483906 806774 522704 526339 1039509 170019 229343 514768 215234 181999 535748 644749 281739 596592 357692 564099 456652 302389 41811 719798 496563 806706 461660 556823 751327 371801 141426 247787 277346 456084 137572 879762 224267 408137 95461 846096 656991 923057 765243 557145 472352 784901 506996 717560 232226 310246 956183 250240 913762 846796 969786 357492 846689 499253 346436 815281 134337 811613 208036 164479 447745 192357 820860 999272 47086 956818 424966 727275 490898 713767 533975 257340 896707 349428 663970 57479
306739 986613 727508 717505 462316 655533 375034 756225 82863 625009 653254 802363 605670 617322 279401 525362 625635 691446 505030 285211 63259 772945 999999999 926406 790281 448049 509476 320810 311261 733853 758568 395236 937270 591655 745308 368173 549403 809251 444113 617929 370304 667124 814746 491912 507779 71252 556624 465120 443609 531774 865971 591451 523596 337116 794387 354822 843333 423081 802598 252882 694481 150224 769681 663013 674173 115515 359510 792366 994837 623486 341633 973741 148261 292959 336375 466212 120237 511193 616306 287214 816536 160072 951486 812749 363104 669905 742265 320150 818960 333910 810593 317326 351712 662042 760751 531571 381023 613266 200896 791412
756639 122059 394531 430192 618944 270889 854436 170229 874206 564739 984248 534235 751281 831713 1051963 962639 654606 250224 621112 791220 919144 245193 926406 999999999 368246 839519 541930 630236 1152825 412846 178808 736484 59666 382353 444798 704300 511950 480961 566415 531414 664635 547577 226714 954158 521296 972784 469564 590052 782818 423290 323551 335414 495621 648784 365621 946722 89618 511228 318308 938954 594342 1071981 684880 802314 717458 962174 599155 622759 157869 328585 1037858 69875 1073740 928431 1055629 576059 976738 736914 353496 896375 124100 995685 98840 385815 650473 436819 757456 1096931 214783 1040992 295393 940857 593703 667565 435567 399540 957881 357340 777138 286404
749562 489725 63860 86808 683945 320250 876575 314633 768727 233787 1092518 167059 880949 954732 820305 1027382 803097 385926 710854 563583 759042 483906 790281 368246 999999999 544389 288861 471244 931729 629990 255581 772923 423418 481393 83254 462092 617936 115732 607529 212214 680165 723385 497964 1007732 284587 853862 233666 340261 492635 284640 617866 325340 578148 635710 619090 680978 300694 396505 579346 707569 236962 912702 317466 947788 879744 865815 432159 254532 523928 234271 782741 437505 933594 683093 804457 636407 795935 827386 213495 653817 374194 909369 461878 647214 657619 615406 393269 858172 489013 788808 73065 928629 444794 315765 70070 407056 684190 214296 598019 541382
633555 942307 486260 457638 703583 617966 752469 697464 487274 312466 1035990 468810 909974 952940 316433 921906 883526 690064 750400 177006 387891 806774 448049 839519 544389 999999999 298164 324264 427459 862044 664642 710247 877153 671100 467952 171912 725947 500863 639166 332444 633176 868593 842669 890783 320650 517549 370104 253717 56889 437736 941027 559599 681207 573953 896020 153412 750850 413195 879655 228370 344051 496351 371626 979893 954435 562000 322154 419304 966143 519720 255558 905470 541707 186924 279385 675872 375857 819644 489317 173275 774509 607835 906978 923101 611574 810347 318538 341328 840463 264137 599733 735785 347536 277487 484680 564228 147315 485512 284285 851361
533559 644270 225008 209720 528299 327713 665584 400675 499052 136527 920770 300166 743304 804408 536939 831248 690055 403756 568473 276206 473420 522704 509476 541930 288861 298164 999999999 203351 646687 605660 366478 582493 578993 415317 236025 176177 508771 300668 451110 115456 489473 645306 555559 805918 26769 576218 72566 52763 241304 152499 661756 276459 462069 433138 627316 410553 452964 189892 603906 422919 215722 625423 321328 814846 767252 595369 166972 314369 668627 223003 507757 607428 649104 402599 527891 487505 507394 667560 191396 371855 477944 641053 609055 655803 465119 563942 341208 577344 552029 512524 325962 693766 189256 228863 251750 306672 419030 187617 312184 572064
344206 708242 409365 402654 382136 366195 474721 463882 298854 335427 744041 503489 593257 643409 428320 644040 560424 421406 428183 186292 297524 526339 320810 630236 471244 324264 203351 999999999 524027 550274 454434 406573 651091 365678 432772 154583 402721 501546 315190 318522 320151 545217 566405 616507 194782 382753 238489 172793 280374 215200 648207 299915 358864 260279 592715 358703 542789 121507 584194 320114 412980 453396 509542 664357 632767 395888 39089 513155 723511 310375 429956 685473 467026 321046 443473 352114 348432 507001 298588 289940 533529 440587 672047 617894 296842 494331 509760 475258 567171 430482 489795 493174 36826 406180 447243 269260 378435 295323 146916 561476
617946 1232023 868612 847253 768707 890149 678236 987771 394121 716625 944126 887203 916339 924190 113102 813252 936201 942137 812989 371098 273909 1039509 311261 1152825 931729 427459 646687 524027 999999999 1026052 975298 706496 1175093 864714 865880 470671 846742 912130 740924 725824 676961 972189 1080823 779899 657622 331874 713429 594002 461268 731118 1147881 823833 815385 637040 1081611 274320 1064431 645198 1083386 224180 763645 205166 799045 972084 985418 389082 553700 845418 1246343 827283 177581 1209316 260593 251653 153977 767222 201418 822203 808700 278825 1057403 412053 1195867 1102632 666990 963155 741869 89843 1083041 167347 972638 602371 560844 703217 882807 784287 285511 805037 378472 1066853
465426 380291 612337 639333 293127 314517 517593 327218 658593 707739 582774 778093 350738 429931 951607 583845 251711 244064 269226 735806 754827 170019 733853 412846 629990 862044 605660 550274 1026052 999999999 384551 407377 376000 192132 670324 691431 186532 737435 289981 671451 376129 140499 187371 583032 578930 753523 557374 628125 810205 455225 150271 338409 211023 397339 70176 908070 393102 448862 105821 856288 773181 882107 885214 393748 306806 720952 542461 845623 364127 423664 970568 407701 862589 865626 980504 272427 825872 361748 458587 836002 304043 739206 359900 80172 376040 64090 930795 999763 199093 969275 578346 622094 519852 819278 671440 301303 928501 460660 667990 128253
620322 278319 256543 290183 507210 116592 731522 59401 711967 406357 902361 417479 676294 754853 873591 859754 587827 147210 521357 612472 747153 229343 758568 178808 255581 664642 366478 454434 975298 384551 999999999 616335 212533 272951 314023 525773 415720 369810 441652 370747 533719 494469 242476 846213 344675 808989 294880 413111 607779 244745 362386 170425 386184 506821 366037 768357 89403 337793 324733 760374 449249 901488 551359 737189 660400 803428 422087 497782 304682 149782 859071 241513 906692 749623 876822 460300 802381 641245 175914 717567 124372 839941 243677 393589 515833 381286 615135 918365 233757 862186 195803 806868 418281 515460 310036 248840 779938 179755 601234 286675
89171 750927 724722 734130 120197 500408 118051 583587 312387 718475 338990 862610 213283 243254 663754 254838 234396 489047 138746 538588 439583 514768 395236 736484 772923 710247 582493 406573 706496 407377 616335 999999999 722786 354478 768677 554105 233957 844005 174685 692347 94339 299828 551805 235014 563240 388112 581589 569233 676293 494135 556676 461749 241167 149546 476935 685903 676322 397893 502520 601053 797602 526003 903389 277051 278963 341948 429652 894324 745471 542784 710482 759688 492359 628075 711718 160428 510572 117793 559514 607180 612445 348214 721637 485900 118361 347786 913096 708501 560414 705255 756490 215354 402285 805421 778539 375493 711571 558633 435582 507241
749759 67659 445836 481406 603512 285524 840772 187548 880984 611616 954742 590104 721451 801707 1076872 940400 623442 248432 601237 818725 933961 215234 937270 59666 423418 877153 578993 651091 1175093 376000 212533 722786 999999999 372604 497950 735626 493037 537251 557073 577309 656354 514178 188844 933843 556969 980218 507390 625194 820282 451300 273201 351782 481885 645814 322869 978344 129931 530262 276074 964990 645314 1084760 738668 769020 682679 966110 622233 677812 100515 359749 1066846 37438 1083380 956867 1083795 562929 994112 714030 388084 924735 120770 997538 39391 340549 644042 406992 809579 1122643 177352 1069456 351050 931453 614289 716848 489535 406057 990738 391912 797375 247789
377189 408983 451266 473437 238810 165850 472274 232147 525556 523840 629582 613310 405782 483244 781552 589271 322481 135155 248783 551958 601347 181999 591655 382353 481393 671100 415317 365678 864714 192132 272951 354478 372604 999999999 506682 501385 142987 578645 184671 488408 283783 245102 223642 577607 388706 624708 371402 436168 618691 267335 284712 161516 115309 276145 227247 724313 323284 258173 220164 680246 593255 741859 706179 469542 398529 603489 353993 672613 410682 253987 792967 409964 731818 685528 804738 194252 669056 368530 285366 654935 258565 631277 376619 253120 271683 149385 746204 829596 228704 792601 443905 559374 333093 633699 510755 109335 743580 286656 494031 202207
736056 565069 58608 34734 689513 355848 866088 370717 731475 155504 1097192 107776 894614 965248 753493 1023321 822988 428719 720875 502480 709189 535748 745308 444798 83254 467952 236025 432772 865880 670324 314023 768677 497950 506682 999999999 400677 635680 75445 611319 140130 674558 751683 554501 1001513 238619 811487 197033 283571 418064 274698 673895 345493 592947 625373 667046 608819 371476 377136 630288 642400 153919 860205 240865 963495 900699 828369 394168 183803 598114 252695 711576 514549 885005 615244 733853 643092 740573 833698 222817 587080 437225 873329 535615 695780 651041 648577 313019 789501 546529 718164 153546 909089 411065 232512 16972 419204 610388 222158 548066 592875
484144 798264 398602 379105 536547 462963 610233 550417 380300 262642 887748 440866 746548 794200 360775 780907 714989 530733 582728 101859 320947 644749 368173 704300 462092 171912 176177 154583 470671 691431 525773 554105 735626 501385 400677 999999999 554332 455336 469565 262996 471463 696974 682255 751501 189102 438858 244886 123423 125793 285241 775737 400783 509412 411583 727535 242731 614682 243246 713347 246759 327568 464599 402720 817337 787285 469980 150260 424450 818928 376291 334874 766708 495567 227513 353984 506583 342389 658724 351217 196268 625939 517178 762257 754169 448791 638892 383879 401579 681034 338870 502098 611058 175737 294956 417341 396102 255735 347390 169283 686618
281330 517873 582680 601507 113992 307987 350560 372593 472879 631447 486655 740120 264002 340573 778176 451267 187491 274167 109232 581347 573685 281739 549403 511950 617936 725947 508771 402721 846742 186532 415720 233957 493037 142987 635680 554332 999999999 709529 105906 598263 190120 142648 318024 442210 483629 567162 479221 517363 678818 375637 329691 292855 46770 212287 252133 750839 461288 325842 271721 689172 705778 696735 818335 329857 265460 534525 404879 791991 511604 385436 804054 529411 676218 703275 811925 86013 645584 227304 412944 675386 388353 553648 489474 266606 189533 122652 849031 826087 326851 801742 584580 448394 378628 736051 641458 217173 773184 413525 501583 273737
810528 602898 127383 110156 764810 423930 940852 428375 799312 195732 1172599 54214 969281 1040284 799120 1098596 896622 494127 795854 556149 770300 596592 809251 480961 115732 500863 300668 501546 912130 737435 369810 844005 537251 578645 75445 455336 709529 999999999 686672 192874 749849 823239 612251 1076642 306772 876628 269438 344411 455461 350113 732144 418125 667225 700333 730383 648000 416126 451448 691840 690655 160984 918889 213143 1037918 974179 895852 463451 145060 637721 325062 751539 549528 946300 660490 774515 718300 797548 908999 296648 633935 489688 941322 576023 758813 726286 718451 294698 832561 603556 758862 186359 982296 481757 239451 68084 493566 646807 296211 610025 654034
193559 591024 563439 576587 78692 325766 290617 409851 368697 582146 486138 710507 292272 356518 673626 423121 246005 316990 117622 486052 467781 357692 444113 566415 607529 639166 451110 315190 740924 289981 441652 174685 557073 184671 611319 469565 105906 686672 999999999 551992 99472 238649 397566 406786 428184 464402 435231 450343 595296 338366 427385 289423 83011 107374 352539 652868 502992 261369 366229 587058 659689 592127 770025 363752 320434 434818 324265 751952 589803 374334 701851 594379 573414 603164 708929 37377 539715 222546 394583 576217 442964 457378 559668 369385 90617 225933 791544 721414 404643 699155 586134 374721 296588 679826 619641 203362 676008 394172 400759 361794
646962 644770 154178 125409 630343 368256 778933 417667 612164 36980 1029185 185824 843610 908019 613380 943227 783714 446736 667920 364351 577718 564099 617929 531414 212214 332444 115456 318522 725824 671451 370747 692347 577309 488408 140130 262996 598263 192874 551992 999999999 598525 728614 591309 918581 129936 686112 119047 152941 280428 223354 705521 333061 552348 543742 682737 469639 447402 295078 653048 502526 107926 726023 220074 914646 861632 707891 282424 201978 673798 254170 572036 600470 753684 475115 594144 587223 604861 772145 217907 447005 492958 753986 611727 711774 574238 637417 259488 649436 585654 578461 268556 809093 304448 149750 157087 385122 472183 215091 417923 618100
94277 690444 631110 640047 92031 417148 199450 505470 290052 625116 431298 768271 276946 323263 620929 348768 265545 414645 136331 466667 403585 456652 370304 664635 680165 633176 489473 320151 676961 376129 533719 94339 656354 283783 674558 471463 190120 749849 99472 598525 999999999 296849 496166 327733 469727 380440 487296 478179 595710 400158 519433 373789 179908 59935 442247 623317 598966 303783 460141 546088 704158 513509 810681 346739 327648 345058 340248 800492 688860 451692 659012 693689 489148 568479 663038 104247 476218 187262 467028 544751 541561 363552 659139 456300 24354 312584 822534 667579 503501 654942 665902 276261 312470 713864 684559 288088 648119 466013 368994 458341
373268 520729 695922 718522 204934 403466 398894 441584 586758 763043 442334 858408 210333 289438 910086 447019 111311 347415 165390 722474 698298 302389 667124 547577 723385 868593 645306 545217 972189 140499 494469 299828 514178 245102 751683 696974 142648 823239 238649 728614 296849 999999999 325420 448593 619542 674899 610018 657048 821374 505351 283575 406603 188038 335973 206263 890821 518122 466371 246162 825580 834975 809674 947964 254981 170197 634842 547430 916809 504459 499014 940314 546825 782672 841737 947031 207083 770888 230985 530397 814567 432568 646002 499726 204549 305226 114123 983348 957582 336831 937475 680351 507328 521260 870315 755481 343492 913610 531621 639380 267510
590408 201080 496239 528381 431623 227996 668570 184066 749194 628202 766660 659368 533482 613571 992384 757138 435111 152671 422808 748952 822133 41811 814746 226714 497964 842669 555559 566405 1080823 187371 242476 551805 188844 223642 554501 682255 318024 612251 397566 591309 496166 325420 999999999 752515 529730 848312 492508 591430 786896 406077 119911 283070 316431 497003 140098 918552 221399 447486 93043 886371 681157 964863 787724 580191 493870 826142 546231 737585 193710 339019 996021 221575 955453 886452 1009871 395924 888319 531092 374861 854842 131390 852479 175885 162945 487874 220258 846025 1039967 11944 996796 435495 765243 530740 740551 551564 297855 935132 378046 704882 59723
272950 953537 958782 967119 339323 731433 141860 809587 421396 942442 164279 1093140 254270 202463 769910 33551 343038 712603 333107 713843 551590 719798 491912 954158 1007732 890783 805918 616507 779899 583032 846213 235014 933843 577607 1001513 751501 442210 1076642 406786 918581 327733 448593 752515 999999999 788681 450463 811460 786645 865846 727574 731180 695798 462304 376671 652218 834585 900780 627111 687318 737475 1021611 576710 1123887 263085 330398 392153 645245 1119989 942675 777766 833317 969674 526272 772910 828241 385916 610852 221968 794406 759159 830482 368703 927510 652953 350769 534218 1126019 807732 762512 825762 991320 177716 619425 1022283 1011840 609539 861152 793479 606536 700739
517039 621784 220992 209790 505794 302067 649000 377011 493036 155476 900854 310792 720457 782560 549074 813454 665725 377709 545289 286524 474608 496563 507779 521296 284587 320650 26769 194782 657622 578930 344675 563240 556969 388706 238619 189102 483629 306772 428184 129936 469727 619542 529730 788681 999999999 573209 55891 68841 263772 125859 635377 249975 436986 414281 600589 427768 432009 167771 577345 434711 234433 628122 342439 791901 743098 589841 156765 331478 645508 199198 523237 586049 649576 416595 542801 464310 512009 645981 168887 385358 454181 634977 586377 629064 445394 537434 365630 590542 526354 527581 316201 680679 176438 252876 253557 280189 437423 165063 313472 545643
303723 1026749 791609 782958 470825 702323 346993 802686 99486 694231 614194 871087 591276 593787 322710 483985 622311 732490 510016 356406 129816 806706 71252 972784 853862 517549 576218 382753 331874 753523 808989 388112 980218 624708 811487 438858 567162 876628 464402 686112 380440 674899 848312 450463 573209 999999999 620547 533173 514477 589194 891163 639860 546422 357446 816941 417360 891822 477789 828968 314490 764512 138156 840728 643511 663852 58447 421799 862728 1032784 678545 392693 1017118 109067 356316 384177 481789 167346 499329 673779 353490 859539 94703 992214 833361 377727 689462 813493 358079 853353 383968 871214 272856 411467 733053 826682 574426 443077 670899 270717 820759
542694 573050 171062 165239 513833 264866 673837 331383 537097 153035 916024 281699 726024 791710 604965 834753 664830 342638 550314 342338 526055 461660 556624 469564 233666 370104 72566 238489 713429 557374 294880 581589 507390 371402 197033 244886 479221 269438 435231 119047 487296 610018 492508 811460 55891 620547 999999999 123211 313326 104704 602216 220677 433343 434875 573150 482398 380754 184349 546564 490598 226673 680450 339115 796831 742789 634197 199455 316726 598123 155078 578626 535374 700137 472323 598358 469897 565682 656602 121395 441154 408660 678510 538056 602007 463235 520741 374805 646394 488215 583097 261201 712868 214567 262381 210464 266608 491333 117740 365493 513196
513709 689681 276499 259254 525426 365116 645229 443934 460206 164318 908218 338317 740702 798101 484177 813271 693742 438815 567880 223786 426218 556823 465120 590052 340261 253717 52763 172793 594002 628125 413111 569233 625194 436168 283571 123423 517363 344411 450343 152941 478179 657048 591430 786645 68841 533173 123211 999999999 197032 185363 693800 309045 470657 419895 654655 359246 500707 191769 634187 370177 240621 576633 337464 812404 769895 555475 141404 340905 712832 266380 455581 654578 602203 349977 475522 487464 457369 660821 237205 319152 520885 601778 654136 682673 453963 582573 344416 524632 588672 460199 378684 665892 167597 236354 299777 326855 368621 233366 265629 603899
603054 885419 433359 405836 662227 561674 725824 640634 473702 263237 1006795 426953 871534 917678 348450 896205 840780 634240 708486 160186 386681 751327 443609 782818 492635 56889 241304 280374 461268 810205 607779 676293 820282 618691 418064 125793 678818 455461 595296 280428 595710 821374 786896 865846 263772 514477 313326 197032 999999999 381500 886308 503869 633495 535974 842618 192555 694080 361605 825316 248759 302742 508589 344601 942106 913018 554680 273945 385281 909274 462872 296128 848663 549870 211885 319247 632346 385338 782884 432428 190771 717705 601400 850089 869931 573371 759686 302591 378508 784534 303631 546073 716894 300397 243405 434936 511058 192372 428623 263496 796540
465466 513214 231646 240074 416973 180239 593760 265255 497534 257735 823247 372146 626358 694275 628850 748897 562053 253497 451019 368086 512452 371801 531774 423290 284640 437736 152499 215200 731118 455225 244745 494135 451300 267335 274698 285241 375637 350113 338366 223354 400158 505351 406077 727574 125859 589194 104704 185363 381500 999999999 509860 124373 330175 352592 474935 527605 334132 114425 451515 515671 330363 668226 443166 696600 640107 593525 179955 417077 533708 96272 615647 483323 679478 505804 632889 371557 563030 560877 84614 473690 340734 634876 477147 503491 376834 416718 479188 673655 403326 618420 285896 644030 181032 366485 284410 161907 540952 81705 360175 420047
610977 256618 615517 647271 440512 338033 667767 303860 794129 742498 719897 779089 491877 568809 1066188 730506 393672 259707 419069 833958 881194 141426 865971 323551 617866 941027 661756 648207 1147881 150271 362386 556676 273201 284712 673895 775737 329691 732144 427385 705521 519433 283575 119911 731180 635377 891163 602216 693800 886308 509860 999999999 385493 344819 533765 80103 1005763 335968 534626 64599 964744 798022 1015699 905691 526401 437864 862053 633009 856655 232164 451601 1077068 297087 999986 969026 1089186 415202 950426 510814 487813 938108 248319 882885 246081 80117 516637 209224 962151 1114254 129060 1076904 554979 771757 614282 855193 671219 380899 1024026 490781 778742 89902
455933 408339 290822 312046 362724 66332 573216 165872 542270 369433 769665 451859 555612 629755 727464 712545 479067 130518 386564 473927 583914 247787 591451 335414 325340 559599 276459 299915 823833 338409 170425 461749 351782 161516 345493 400783 292855 418125 289423 333061 373789 406603 283070 695798 249975 639860 220677 309045 503869 124373 385493 999999999 252878 340968 352577 640153 252086 178650 327518 617114 435314 736572 547801 622601 556352 633155 273109 511829 424366 93072 722716 386821 739156 612492 738273 314823 642687 504515 123894 580468 233614 669516 372136 381387 353933 307210 592476 773903 281029 724459 297309 642091 263092 481325 350090 86275 655433 125285 445731 295699
274054 512390 540828 558595 123688 274500 359218 347341 449865 585301 519324 696623 302888 377032 743156 474253 231940 250404 135879 539474 543815 277346 523596 495621 578148 681207 462069 358864 815385 211023 386184 241167 481885 115309 592947 509412 46770 667225 83011 552348 179908 188038 316431 462304 436986 546422 433343 470657 633495 330175 344819 252878 999999999 188978 271027 709950 438571 279220 283306 651279 659990 672527 772413 370741 310014 517721 359589 746979 509530 344492 766075 518909 655322 663764 774744 81050 614957 255674 370625 635308 371528 540340 482029 289234 173418 147773 802462 791228 323998 764142 547822 450609 333684 689509 599228 173749 731852 371015 463074 279001
115512 684952 584238 591126 137793 390790 241168 484385 261333 569296 488461 716512 336029 383169 574624 399990 318162 399152 185195 408991 363226 456084 337116 648784 635710 573953 433138 260279 637040 397339 506821 149546 645814 276145 625373 411583 212287 700333 107374 543742 59935 335973 497003 376671 414281 357446 434875 419895 535974 352592 533765 340968 188978 999999999 459658 568369 577804 250549 471863 494577 648473 484787 753881 406221 383753 329992 281054 745652 686653 412117 608489 683249 466371 514892 613746 130216 435622 247156 424122 490137 527861 355532 652150 476752 37657 333275 764018 621929 503156 604950 626159 301137 253426 655970 636088 258034 592783 422765 313726 465234
532881 319302 608476 637914 361511 316219 587687 306776 720832 719553 646388 774187 416108 494241 1003454 652292 317296 239305 339095 779004 812417 137572 794387 365621 619090 896020 627316 592715 1081611 70176 366037 476935 322869 227247 667046 727535 252133 730383 352539 682737 442247 206263 140098 652218 600589 816941 573150 654655 842618 474935 80103 352577 271027 459658 999999999 951414 359111 484400 47320 904926 780547 943521 890942 454684 366541 786160 581073 846731 300026 429711 1018397 351915 925946 911743 1029434 338059 882618 431349 465734 881415 268472 805780 302343 29073 440636 130254 941853 1051618 151960 1017664 561838 691882 560338 832142 666384 331806 970804 468270 717412 82502
600853 1040803 619997 594501 705424 703724 704280 792860 414175 454970 989909 618974 896240 927431 164696 867330 886487 768780 753059 172444 291572 879762 354822 946722 680978 153412 410553 358703 274320 908070 768357 685903 978344 724313 608819 242731 750839 648000 652868 469639 623317 890821 918552 834585 427768 417360 482398 359246 192555 527605 1005763 640153 709950 568369 951414 999999999 857114 471954 942084 102923 494417 366264 524788 962650 950965 469688 373121 572478 1060990 618991 103593 1009416 417577 62127 126914 686984 256504 801846 593329 78787 868015 511801 1004750 976562 605144 850653 468443 187968 918140 111401 730288 666505 391610 430447 625762 625133 26576 589491 254644 918068
