NAME : synthetic_000774
TYPE : CTSP-D
DIMENSION : 100
GROUPS : 8
RELAXATION_LEVEL : 1
EDGE_WEIGHT_TYPE : EXPLICIT
EDGE_WEIGHT_FORMAT : FULL_MATRIX
EDGE_WEIGHT_SECTION
999999999 482451 847262 930004 822167 603206 799236 934800 291395 658086 699960 201518 849850 302142 198325 461328 659564 576797 742091 833528 555414 657218 633899 783043 811131 290800 734015 99309 588089 515677 570752 420638 662772 725201 801892 281649 607448 213464 260414 617284 537822 537261 275250 600539 618340 225442 290207 631559 605265 422726 658096 617570 213654 277172 255986 499896 335602 82348 411605 463913 307140 340471 233453 427398 774010 651282 580836 696081 369808 696963 561572 89571 79621 263221 474559 616287 679886 771667 75943 906757 376908 371342 208683 239235 409375 127385 249948 461910 758228 537298 731285 196999 618729 668403 648569 519946 751703 160164 618434 166575
482451 999999999 544029 736113 708755 928689 517416 652816 742522 409547 894320 672905 525575 587166 360482 24095 272262 156848 663486 688599 830257 867907 475288 555410 492067 639701 273053 569939 113238 839177 110427 96236 287534 272725 672787 680400 615143 693264 378472 420979 793264 540900 509497 478737 350224 665284 276222 166000 207241 152959 758476 171018 268822 418003 352956 26013 147364 400478 192037 247412 638349 260761 280002 437412 445269 664620 897934 280534 523212 967572 665116 420641 419904 409059 61997 349070 239088 697780 430830 724003 776878 153231 292419 287466 731832 466787 344909 648307 722664 851794 249052 669310 410720 579074 845670 236699 327747 523444 895213 576545
847262 544029 999999999 245083 325027 954418 53678 109463 1138358 190230 781296 965393 39556 729643 831903 562484 277119 389729 353306 276178 832342 783459 257414 128823 53834 1100239 379593 946102 560111 892273 449750 511859 767785 659767 290535 1116739 450245 1003546 877784 242379 789835 442028 999696 303692 230958 1071651 783687 593104 338518 694972 602042 629715 689968 920855 850771 556677 621077 778498 733150 390020 790691 786531 753261 470334 100113 467235 923403 292265 598630 916735 570511 835089 826131 907844 492613 232961 666681 370448 838174 248982 940278 523733 748852 613827 827774 751839 599413 653345 427514 890088 497494 964502 236242 326886 755160 346445 279525 962888 875087 833962
930004 736113 245083 999999999 156709 873255 238229 173947 1210566 327495 656853 1003179 283550 735413 963549 750317 494024 594309 233985 114052 755455 672510 300130 180761 292370 1208479 617288 1023440 775207 830930 658237 680816 988058 891699 149525 1210971 383553 1045617 1020481 333936 716800 419953 1130180 329582 386648 1153355 937216 814969 545412 877732 488556 848739 817285 1063131 994378 753674 778516 875635 913265 526579 789644 950823 893166 506046 330341 372263 845592 521545 605899 804732 499731 940675 929147 1048429 677526 387960 893158 226652 940330 27547 923107 673916 882069 721839 795157 814887 683969 611601 282035 822217 733929 1003589 339206 274376 645611 506899 518811 1068578 782088 872321
822167 708755 325027 156709 999999999 717006 292437 298696 1092578 312744 501193 873819 363661 599772 882450 718551 507038 586852 85371 51772 599916 515931 234488 206623 355717 1108497 649677 910846 769048 676834 650494 637488 981888 904728 38848 1103547 238451 917262 945076 287896 561898 289901 1044537 242979 367963 1040596 871519 815544 543985 836517 331853 844672 738279 986446 920241 729955 721481 776878 868671 472977 650383 892581 819530 395368 378477 219384 689641 546263 475429 648446 348147 844695 832051 970961 647132 368524 897702 70407 842454 129766 777081 617304 804444 635385 646850 700713 586213 464292 125612 667330 759453 874728 298798 154889 488953 472061 559371 969663 625463 745708
603206 928689 954418 873255 717006 999999999 902161 983731 699468 802096 251936 467620 980805 346228 791751 918138 939588 927052 641577 760683 122080 216312 702085 832616 951263 831159 1077344 617680 1039762 91615 961436 834150 1189888 1201339 726658 780033 507610 500773 859904 737267 164689 515568 870580 656673 807933 699257 862970 1094114 921714 950737 386793 1098172 727885 880099 850822 953979 819970 638881 956684 741136 308243 911014 794660 538003 940736 504207 32311 990745 415912 132590 385367 687848 674763 865770 884921 806430 1166601 646711 675445 845916 246588 775524 766775 653209 203517 515343 586444 311555 593723 76928 1134813 472416 749393 632881 237854 797695 1037247 742715 97015 436644
799236 517416 53678 238229 292437 902161 999999999 140968 1089920 141160 733001 913741 80298 676215 791054 534478 259703 366982 310928 246812 780112 733827 203835 86978 63336 1056288 379221 897778 543595 839246 429344 477560 754621 654066 255734 1070852 399537 952247 839294 189765 737510 388915 959205 250132 187732 1024121 747199 580459 316319 666027 553823 615541 647642 882430 812370 532009 584627 731966 703550 346543 737187 752695 713671 417152 92667 418769 871030 283764 545065 866706 518968 789952 780593 869026 463068 189638 657075 331040 792562 236127 886639 484793 707927 567908 774154 701518 550445 600106 386361 837316 495701 912932 184394 277548 705533 307628 281421 918198 823716 782078
934800 652816 109463 173947 298696 983731 140968 999999999 1224424 279167 789347 1039925 136806 790914 931866 670920 386571 499035 351484 246956 862368 797846 315419 161142 162996 1195805 483501 1032713 669270 929431 559212 617443 876046 765209 272828 1208801 476565 1079715 980250 318447 821018 486171 1100052 359005 328537 1160132 887872 701412 447835 803194 612497 738370 788127 1023384 953320 665844 725244 869571 841163 486927 850228 892545 854630 537238 209558 482160 953904 400296 658347 931917 598912 928791 919106 1009993 600483 330421 773862 358778 930998 188538 995282 625745 848743 706381 875812 832691 685063 695365 418016 924507 601402 1039453 316143 351820 769852 448511 383345 1057282 898531 907661
291395 742522 1138358 1210566 1092578 699468 1089920 1224424 999999999 948847 872666 246211 1141241 513311 390583 719327 946025 856260 1009455 1109236 701485 826636 919102 1070623 1102524 185176 1007880 192276 836764 632363 841563 696489 858258 951415 1076080 112155 864900 204848 407293 906199 700633 802921 312325 883048 909724 77802 491796 871778 888988 645132 880107 849490 482961 389673 422667 755230 597226 365710 620756 754962 484470 533269 464654 704529 1065297 903017 688824 979744 620651 821673 794906 324671 328460 386639 746855 907671 903216 1036342 316558 1186252 455133 653333 450127 529436 556140 395844 539591 678748 1014584 656688 988925 242803 908315 942158 826890 810023 1034992 226036 751239 353353
658086 409547 190230 327495 312744 802096 141160 279167 948847 999999999 661725 776079 199443 548193 654756 423083 197148 275700 291318 284141 681379 654636 112325 147959 162537 916657 345835 756672 458544 731825 339867 354280 672141 592039 274426 930085 323471 813813 705899 64845 638394 288694 822995 150756 59332 882964 617132 503563 231380 550302 487389 533846 510020 748994 679184 428117 455806 591035 586070 209281 610014 626967 579210 288235 140415 357035 770159 241317 420195 783230 430923 649670 640085 735099 350270 60547 585310 321701 652008 314512 762010 352864 571763 427343 656797 561631 409496 492327 364253 732789 450007 775079 53119 223888 626861 180164 267017 778126 731527 645090
699960 894320 781296 656853 501193 251936 733001 789347 872666 661725 999999999 626776 813287 398316 858772 890079 832312 850311 437868 549804 177549 46161 550949 653192 789844 970268 981198 746423 996035 262074 897823 798587 1176723 1157577 519006 932789 338904 667919 930704 599416 172035 382139 974713 511188 684341 853445 905717 1051049 831560 956032 179257 1064149 757027 960204 915066 920317 818821 707030 971861 666627 399775 947847 837055 459065 789974 314239 235810 883320 383557 150055 238373 769746 755323 944396 840074 683316 1130891 433764 759962 630519 431937 746724 811080 659783 316531 583028 586825 257392 375729 240656 1060084 630466 613356 455604 52451 711492 921344 857106 156224 546429
201518 672905 965393 1003179 873819 467620 913741 1039925 246211 776079 626776 999999999 974904 277694 394146 653236 817036 748765 788971 896220 457301 580818 725759 880596 937029 363898 909824 163423 782001 392914 752175 601026 864289 924024 861677 313315 639124 44320 447883 724374 454760 585320 421004 684916 747364 232438 490544 827797 769829 623780 638324 815957 407540 454514 448726 692338 528764 277112 613119 607150 240935 540548 434963 503925 905692 672836 452941 858944 398698 583146 557855 287430 279775 443251 656814 745326 879427 813109 273733 977481 221369 545947 409948 401798 310392 222900 380178 438535 785571 417048 919422 5297 729368 729563 580709 668311 914327 291548 509964 132322
849850 525575 39556 283550 363661 980805 80298 136806 1141241 199443 813287 974904 999999999 745867 825196 544994 254917 369572 389030 315224 858825 814052 279960 163905 38743 1096741 346915 949018 534818 916506 427505 499843 739976 628430 328662 1115778 479541 1012149 868502 257386 816116 466335 992303 326146 231530 1073146 772651 565462 318561 677703 634097 602808 685285 911430 841454 536744 610509 778965 716285 388298 807386 773065 745392 485779 81793 499051 949523 264444 616134 946837 598459 833520 825117 898839 476708 233586 637220 407391 837237 288191 958297 516065 742425 613898 848639 758681 604158 676889 463851 915152 464872 973806 249368 357844 785761 340152 246705 960514 903236 844242
302142 587166 729643 735413 599772 346228 676215 790914 513311 548193 398316 277694 745867 999999999 465814 575107 639898 605025 514494 625495 267282 356405 476475 629772 710222 580845 763189 358116 699598 254944 630851 494642 843726 859657 590329 552367 362911 321921 537116 488521 242061 315504 576453 431979 533965 477241 525003 753154 609128 604760 368502 754899 384141 564259 523681 611940 473827 311902 611821 427709 62118 571263 455845 260132 686711 395231 317249 688636 132600 412162 281736 372216 357893 548699 547740 532092 823245 537190 362048 708963 215732 435050 428403 307219 144974 186054 242453 166877 508024 270537 806069 279323 496700 461146 346644 489205 740387 460757 333631 161365
198325 360482 831903 963549 882450 791751 791054 931866 390583 654756 858772 394146 825196 465814 999999999 336550 596829 492956 811281 882330 731293 819229 664541 796585 787276 281051 632401 246471 447741 701948 466248 335002 479909 562186 855245 320172 699479 396661 72006 631330 707869 621395 168251 642501 603342 312829 103297 481279 533775 254873 785971 459101 146272 106841 59086 369922 224504 154410 233051 445507 486542 150210 82676 498853 744167 748523 767268 621412 491379 875604 684597 108757 119644 90689 376878 601451 514393 844218 122439 943872 573631 309212 83128 247323 591911 280701 305427 606029 844092 722156 601735 389220 628213 728772 806367 485609 674369 165609 796668 358605
461328 24095 562484 750317 718551 918138 534478 670920 719327 423083 890079 653236 544994 575107 336550 999999999 292819 177724 670947 699873 821564 862657 484424 569832 510951 615632 297148 547828 129624 828173 134043 92357 287890 284896 683064 656543 617285 672811 354451 431333 785197 541896 485464 485690 363785 642006 252205 179874 227403 132709 757699 180036 247709 394092 328896 39210 125748 379602 171407 252225 625070 237529 256296 435206 464266 667189 887628 302982 515860 960009 663016 398055 397631 385061 72813 362536 248464 705374 408435 737549 761687 144662 269203 272439 720002 449576 332660 641839 728501 841320 271062 649560 421606 585982 840912 247271 350904 499759 886897 559175
659564 272262 277119 494024 507038 939588 259703 386571 946025 197148 832312 817036 254917 639898 596829 292819 999999999 115439 488273 473673 823780 818874 302454 318090 223709 876007 151544 757614 284146 860128 172809 262057 495002 400411 468295 904487 502213 848210 631441 244357 781613 450208 759595 330407 153034 872791 531812 321151 65681 425131 665575 355855 467904 673536 604596 282149 373858 580913 464084 214460 700969 526405 514535 401693 177014 542103 907281 51492 529447 940697 594746 624764 618968 662258 228421 153531 399273 518848 631101 487531 854086 294140 516680 421724 769563 594148 437740 629489 560423 865573 252999 814813 230046 417312 792229 151922 100523 745852 880694 695443
576797 156848 389729 594309 586852 927052 366982 499035 856260 275700 850311 748765 369572 605025 492956 177724 115439 999999999 554446 559840 817312 830947 362466 414366 337018 773808 161903 672273 182866 842404 64307 160373 396537 323744 549041 806864 537952 776114 522454 303749 776784 473619 652080 378291 218902 781105 421475 228902 51213 309769 695232 258165 373492 563879 495898 167204 268452 495542 348775 187120 663328 413091 410280 396716 290133 583394 895055 128868 511141 944428 612660 531948 527809 553331 117177 218328 311650 587373 539704 584894 812871 205528 415588 347006 743471 528453 379420 624978 621324 850964 210494 745986 291006 475154 805911 139368 181472 647923 878416 635170
742091 663486 353306 233985 85371 641577 310928 351484 1009455 291318 437868 788971 389030 514494 811281 670947 488273 554446 999999999 120034 522577 447518 192024 225126 372867 1030006 636914 829237 733472 597045 616341 585637 943698 877193 85209 1022939 153223 832513 875776 250768 483346 206600 970962 185466 339429 958720 806638 782721 516092 782852 261871 809073 668948 916438 851580 686144 661853 699857 813120 420139 565022 830729 751736 317481 385820 138411 613250 532364 390929 581385 265865 768302 755335 900726 601489 339527 865848 34592 765431 206438 692608 559433 735143 564009 563019 619250 510882 379966 76077 588680 740679 789941 263862 86019 419775 429059 553667 891851 552376 661366
833528 688599 276178 114052 51772 760683 246812 246956 1109236 284141 549804 896220 315224 625495 882330 699873 473673 559840 120034 999999999 642229 562903 221746 163289 309671 1116766 612499 924634 742676 717078 623987 622264 956231 873471 35691 1115165 270033 939152 942841 269137 603243 311040 1046612 239902 341782 1054645 865356 787421 514896 821477 377819 817985 736871 984806 917449 708742 711563 783972 854895 460129 678481 883716 816261 406390 335498 258422 732669 510268 497724 696054 385683 850735 838550 969597 627622 342587 868743 116133 849322 86520 809981 606694 802706 636634 681485 714851 592181 498014 174310 708616 724457 896852 278298 167284 535590 452604 519767 977248 670449 766416
555414 830257 832342 755455 599916 122080 780112 862368 701485 681379 177549 457301 858825 267282 731293 821564 823780 817312 522577 642229 999999999 132252 580363 710649 829468 810648 964218 588782 939334 87535 855095 734521 1099963 1101762 607781 768064 385950 496791 801946 616534 42987 394037 829839 535109 689039 687712 792226 994198 809032 865809 273854 1000989 649832 826885 789655 855959 731464 576898 875528 630385 248283 838195 723038 423563 819537 384524 91546 875142 308854 144882 263607 633460 619510 811694 783055 687590 1069267 529509 622231 728003 254842 677316 695650 565195 149746 450592 494887 194322 478397 70436 1026657 461350 628870 511155 143044 684964 920409 706609 66714 392826
657218 867907 783459 672510 515931 216312 733827 797846 826636 654636 46161 580818 814052 356405 819229 862657 818874 830947 447518 562903 132252 999999999 545594 656495 788872 925547 966198 701829 971593 217970 876328 771826 1148140 1133713 530727 887397 335336 621862 891045 591187 126064 369681 932270 503927 673487 807912 868912 1026712 814652 924082 185648 1038399 721070 919756 876001 893919 787091 666686 938664 645556 355255 911884 799996 436187 786263 317216 196920 870180 351066 134090 224841 728482 714112 904038 815062 672345 1105635 446911 718436 645695 386101 718561 773686 625931 270498 541917 553095 223646 390480 197346 1041288 584535 604816 456584 28300 693013 910177 813648 119297 502094
633899 475288 257414 300130 234488 702085 203835 315419 919102 112325 550949 725759 279960 476475 664541 484424 302454 362466 192024 221746 580363 545594 999999999 154943 249223 908976 453511 729375 541668 636569 424339 403073 752591 685524 200289 913548 212113 766213 723215 59244 537489 186687 830550 46312 150149 858695 643943 590705 325064 602205 375509 617318 518434 765526 697503 497100 489884 576515 634745 239146 536560 661976 596200 222102 241141 244714 670569 349666 344218 675776 323787 640897 629558 750549 413453 149961 673823 225272 640857 279497 684307 385085 583763 421730 570376 523934 385539 396934 260059 635473 552404 725464 73025 115042 517602 239033 378698 769067 627319 593438
783043 555410 128823 180761 206623 832616 86978 161142 1070623 147959 653192 880596 163905 629772 796585 569832 318090 414366 225126 163289 710649 656495 154943 999999999 150163 1051791 451322 879825 596106 774221 478496 502232 809480 718256 169299 1060436 325702 920885 850200 167185 668579 327038 964482 197906 206606 1008414 763409 637429 366171 697972 474008 670255 650746 893178 823690 572915 602840 721581 733924 353218 689125 774457 723046 377045 172330 339567 802079 350719 497206 790145 447395 783538 773007 878946 497081 208008 716938 244222 784646 170589 834686 499132 714035 561496 716568 676626 533242 537686 300077 770585 565102 880260 168638 200821 628216 328108 357071 912253 750865 748275
811131 492067 53834 292370 355717 951263 63336 162996 1102524 162537 789844 937029 38743 710222 787276 510951 223709 337018 372867 309671 829468 788872 249223 150163 999999999 1058313 327452 910308 506345 885304 396471 463305 713975 606718 319070 1077110 453621 974084 831221 222333 786630 435899 954560 294978 192836 1034404 735887 539294 285821 643594 611039 575881 646972 874199 804178 504149 573539 740228 681975 349604 771902 737198 707715 450096 46885 476058 919780 238551 581190 920952 570823 794879 786439 861487 441801 194892 613090 393833 798555 293402 923336 478262 704430 575165 815262 720366 565615 645435 448586 884582 445159 935888 213538 334476 760627 301948 227759 921950 875358 806576
290800 639701 1100239 1208479 1108497 831159 1056288 1195805 185176 916657 970268 363898 1096741 580845 281051 615632 876007 773808 1030006 1116766 810648 925547 908976 1051791 1058313 999999999 912474 223967 719287 753649 746807 615035 706240 813804 1086302 73310 897925 335086 268064 884610 801132 826622 146011 879650 869462 139517 367128 746261 813763 517992 945240 718708 411801 237650 290479 647156 505413 333019 487166 710264 570511 398332 363645 713186 1016816 942057 815343 902045 660296 943256 850569 268353 279420 240457 657921 867484 765093 1060322 268153 1186452 585242 584353 359343 490409 660929 417917 524956 745941 1048555 777419 875012 358987 883775 953885 920696 756841 955268 139913 867844 424251
734015 273053 379593 617288 649677 1077344 379221 483501 1007880 345835 981198 909824 346915 763189 632401 297148 151544 161903 636914 612499 964218 966198 453511 451322 327452 912474 999999999 827669 221959 994944 166723 313484 403473 282308 610836 951362 653336 936339 651156 395757 922677 599202 782212 481933 304545 931569 548950 234422 155714 412839 816297 274309 525754 690028 625863 268652 411681 652057 451006 337633 822410 529730 550807 540667 286966 693612 1045132 104551 662733 1085545 743055 683348 680513 681603 261132 305065 295823 666546 692121 615003 973052 364577 560411 508064 899160 690142 541140 770181 710076 1002098 117976 906953 381413 568101 939950 279650 100224 793305 1023090 797059
99309 569939 946102 1023440 910846 617680 897778 1032713 192276 756672 746423 163423 949018 358116 246471 547828 757614 672273 829237 924634 588782 701829 729375 879825 910308 223967 827669 999999999 671593 536106 662906 514314 725915 800724 892259 196574 689643 154291 291107 714737 577814 622989 258186 694616 717493 130024 348497 711975 702335 493765 724854 694623 302768 293390 295801 585551 422614 177065 476770 563216 346649 396607 303847 518380 873303 731079 599399 793206 447084 724202 632536 151654 150350 283140 566989 715438 754008 857666 140045 999681 376076 467376 283373 338292 439110 210134 347667 524250 840487 559381 818864 158129 716570 758347 696747 619058 848739 128463 647610 200287
588089 113238 560111 775207 769048 1039762 543595 669270 836764 458544 996035 782001 534818 699598 447741 129624 284146 182866 733472 742676 939334 971593 541668 596106 506345 719287 221959 671593 999999999 950705 118701 205620 213708 162606 731442 766450 702797 800558 451852 483806 901562 632264 581198 553050 401369 759013 352421 55144 229942 202943 852928 75704 375150 487063 428808 90482 253312 507017 238225 334690 751332 323588 372339 537065 460180 750681 1008783 271397 631088 1074949 763059 520427 521304 480960 156838 400711 136252 766932 531582 766690 890092 264686 389232 400656 844043 579114 457643 754539 797924 962835 155916 778245 471641 652035 948489 306680 304205 613270 1003730 688757
515677 839177 892273 830930 676834 91615 839246 929431 632363 731825 262074 392914 916506 254944 701948 828173 860128 842404 597045 717078 87535 217970 636569 774221 885304 753649 994944 536106 950705 999999999 874807 745109 1098669 1111900 682065 706171 453908 429453 770660 667323 116518 450344 785744 590483 733342 625316 771835 1004854 839236 859214 356652 1008193 636280 791899 760972 864331 728770 548577 865068 657670 217019 819723 703403 458851 871701 458673 65350 910936 332211 190232 332652 599033 585738 777352 796536 731745 1076611 606590 586854 803392 178213 686170 675541 562109 111947 424411 495981 239921 557781 24328 1048893 397400 678763 577698 230437 715588 958838 659062 119628 349279
570752 110427 449750 658237 650494 961436 429344 559212 841563 339867 897823 752175 427505 630851 466248 134043 172809 64307 616341 623987 855095 876328 424339 478496 396471 746807 166723 662906 118701 874807 999999999 151232 332289 265359 612817 784764 593111 776494 488016 366049 815556 525785 618901 437866 282701 765081 385841 166404 113211 260345 747526 194201 360317 527991 462193 113316 244971 488479 299535 231202 686940 371138 384364 440203 349705 639746 929756 172627 546665 985925 661615 517249 514809 518717 96199 282061 249657 649553 526300 649057 833099 207347 393688 352857 772450 536423 395987 665158 682051 884804 175271 749021 353633 535917 852037 193541 217724 626607 917682 645318
420638 96236 511859 680816 637488 834150 477560 617443 696489 354280 798587 601026 499843 494642 335002 92357 262057 160373 585637 622264 734521 771826 403073 502232 463305 615035 313484 514314 205620 745109 151232 999999999 380228 367470 603170 646677 526026 625295 370527 353258 697287 450068 497742 400206 296237 621021 272927 260044 198801 199256 665359 267223 213528 413060 343549 122210 112054 338593 233031 165527 547579 275145 252556 342903 418051 576178 803200 287307 427096 871441 570726 371928 368205 401218 56182 294698 335171 620198 380002 666039 689572 59879 255965 203401 638783 386647 253702 552071 640689 757224 321067 597843 345000 500025 749732 174128 341298 487718 799307 496061
662772 287534 767785 988058 981888 1189888 754621 876046 858258 672141 1176723 864289 739976 843726 479909 287890 495002 396537 943698 956231 1099963 1148140 752591 809480 713975 706240 403473 725915 213708 1098669 332289 380228 999999999 144446 944496 767480 902500 872705 451007 695476 1065410 828428 560230 761037 614674 782465 377427 174681 443370 244283 1045420 139319 471907 471368 437294 262427 369918 591197 251178 533883 887420 329839 429359 723091 668665 951772 1160468 475750 798817 1240953 950890 579133 585243 472410 347665 613964 110440 977512 592462 980021 1010786 430005 454908 536736 987925 692494 605283 925875 1006030 1113788 295717 859749 683701 860908 1127042 514798 498855 634544 1166107 796683
725201 272725 659767 891699 904728 1201339 654066 765209 951415 592039 1157577 924024 628430 859657 562186 284896 400411 323744 877193 873471 1101762 1133713 685524 718256 606718 813804 282308 800724 162606 1111900 265359 367470 144446 999999999 866275 869477 858385 938628 548553 626487 1064112 790134 669137 701967 538704 873995 459764 107580 361560 307754 1011593 108317 517505 576155 530033 247725 399557 646921 330751 493357 909966 419063 496886 698514 563800 905104 1170511 370302 793652 1237555 923466 649455 652734 574053 319416 538421 48711 909680 661800 886782 1045472 425816 518442 556965 1004430 730610 617241 917116 944923 1124430 165822 919935 613336 798788 1110393 458896 382045 725379 1166261 839350
801892 672787 290535 149525 38848 726658 255734 272828 1076080 274426 519006 861677 328662 590329 855245 683064 468295 549041 85209 35691 607781 530727 200289 169299 319070 1086302 610836 892259 731442 682065 612817 603170 944496 866275 999999999 1083530 234344 904719 916769 251828 568535 276363 1018609 213204 330148 1022227 841215 777589 505770 802378 345259 807017 710308 958466 891635 693676 689375 753828 835034 439413 643046 861029 790634 374502 340559 223553 698417 507416 463047 664244 350352 821028 808660 943122 611334 330760 859609 86015 819295 122037 774291 584823 776336 608790 645822 682287 562339 462337 145224 673850 720643 862363 262244 133982 503212 436132 520694 946997 637033 732184
281649 680400 1116739 1210971 1103547 780033 1070852 1208801 112155 930085 932789 313315 1115778 552367 320172 656543 904487 806864 1022939 1115165 768064 887397 913548 1060436 1077110 73310 951362 196574 766450 706171 784764 646677 767480 869477 1083530 999999999 885346 279582 320925 893637 761820 817317 210213 881391 885905 80883 414782 796824 844072 568134 920302 771331 436633 296152 340414 690082 540402 339279 539857 727537 534900 450901 400670 709030 1037180 927327 766139 933737 643452 896389 828864 282402 290699 296171 692975 883886 820851 1052015 278612 1187974 533446 610545 391737 503004 619118 404195 528064 719105 1036262 730264 921268 308780 893979 949987 884505 777877 987971 158960 822644 391889
607448 615143 450245 383553 238451 507610 399537 476565 864900 323471 338904 639124 479541 362911 699479 617285 502213 537952 153223 270033 385950 335336 212113 325702 453621 897925 653336 689643 702797 453908 593111 526026 902500 858385 234344 885346 999999999 682993 767717 262512 344457 79735 851559 173922 350619 817862 710174 756034 510887 712565 164299 776120 564308 806204 745379 640076 581260 574250 737953 369189 412126 740924 649239 202829 451452 50990 477496 552132 244259 467426 122368 643583 629892 790117 554936 349819 838902 174282 639050 356186 540037 486974 629214 456788 411615 481531 394058 228048 150928 448148 742223 640331 276729 125292 307130 399792 586490 762303 425228 513708
213464 693264 1003546 1045617 917262 500773 952247 1079715 204848 813813 667919 44320 1012149 321921 396661 672811 848210 776114 832513 939152 496791 621862 766213 920885 974084 335086 936339 154291 800558 429453 776494 625295 872705 938628 904719 279582 682993 999999999 445051 763263 495903 628419 405385 725908 783482 199129 496282 844763 799213 635105 682393 831034 425426 447470 448562 711676 547423 293549 621858 640372 284969 545597 444808 544776 941831 716990 487833 888964 441937 619461 602175 293573 287881 437409 680602 781435 893174 856879 280267 1020045 254334 571789 421173 429484 351393 255737 413435 482789 829697 453726 941219 42673 767864 772313 622495 700874 944518 277948 547629 173487
260414 378472 877784 1020481 945076 859904 839294 980250 407293 705899 930704 447883 868502 537116 72006 354451 631441 522454 875776 942841 801946 891045 723215 850200 831221 268064 651156 291107 451852 770660 488016 370527 451007 548553 916769 320925 767717 445051 999999999 686896 779107 689126 131057 703595 652301 331535 102250 478224 566756 249968 857213 451200 206914 43139 27048 383196 258613 225272 219494 497154 556213 130478 127334 566079 786881 817153 836009 651239 562915 946011 755716 172462 185200 30877 405284 650486 499933 909079 185377 1001677 637321 354507 140695 312505 661292 351540 374152 678022 910917 791239 607739 442766 682794 792336 878307 531852 702220 184457 867068 424691
617284 420979 242379 333936 287896 737267 189765 318447 906199 64845 599416 724374 257386 488521 631330 431333 244357 303749 250768 269137 616534 591187 59244 167185 222333 884610 395757 714737 483806 667323 366049 353258 695476 626487 251828 893637 262512 763263 686896 999999999 573549 224094 798819 88594 91462 842725 603419 532299 265835 552403 426808 559502 485167 729662 660677 442059 445809 554598 586109 193367 550001 618313 559562 228531 204427 299156 705340 292460 358898 719119 366992 616354 605845 715112 359508 91141 615303 283629 617500 316370 701070 340888 549238 394360 593654 514396 367338 427689 319302 668094 493378 723648 14400 174048 563540 184305 324190 745069 666834 592534
537822 793264 789835 716800 561898 164689 737510 821018 700633 638394 172035 454760 816116 242061 707869 785197 781613 776784 483346 603243 42987 126064 537489 668579 786630 801132 922677 577814 901562 116518 815556 697287 1065410 1064112 568535 761820 344457 495903 779107 573549 999999999 351100 813024 492186 646255 682152 764874 956533 767675 833298 240200 964188 620430 805637 765722 819063 698043 553846 844293 589724 232261 809963 695635 382045 776565 345005 133590 833009 270482 175634 222109 612801 598631 790201 745008 644815 1032351 491536 602082 689298 264981 640678 668544 532561 144511 427718 461310 152497 441794 105441 986464 458472 585893 469499 128181 643669 877989 692109 102252 379005
537261 540900 442028 419953 289901 515568 388915 486171 802921 288694 382139 585320 466335 315504 621395 541896 450208 473619 206600 311040 394037 369681 186687 327038 435899 826622 599202 622989 632264 450344 525785 450068 828428 790134 276363 817317 79735 628419 689126 224094 351100 999999999 775371 141105 303842 752303 630534 686206 451103 634132 221794 704521 485065 727984 666522 566174 502068 499624 658965 297576 370775 661193 569910 123393 425657 130584 483971 501292 186696 495581 144888 568770 555320 711941 481603 302683 768514 234726 564855 393613 510492 409049 550191 377612 389689 413237 316221 211442 223881 448843 681379 586029 237127 145642 342597 334291 540507 689637 442863 456176
275250 509497 999696 1130180 1044537 870580 959205 1100052 312325 822995 974713 421004 992303 576453 168251 485464 759595 652080 970962 1046612 829839 932270 830550 964482 954560 146011 782212 258186 581198 785744 618901 497742 560230 669137 1018609 210213 851559 405385 131057 798819 813024 775371 999999999 806754 771516 245090 233290 605033 695413 378443 922915 576014 313746 94349 156728 514167 385760 279450 345520 613756 581810 257778 246964 654985 911032 899107 850276 780946 628655 970159 823420 210730 225099 100745 534942 769631 620443 1003208 218039 1110046 632788 476302 251334 409977 682410 394213 460445 732064 999209 808176 737092 415711 795987 890051 923097 653272 832424 129745 892025 437809
600539 478737 303692 329582 242979 656673 250132 359005 883048 150756 511188 684916 326146 431979 642501 485690 330407 378291 185466 239902 535109 503927 46312 197906 294978 879650 481933 694616 553050 590483 437866 400206 761037 701967 213204 881391 173922 725908 703595 88594 492186 141105 806754 999999999 177703 824372 628592 603906 345389 597796 338221 628255 497257 745358 678434 501790 479200 546640 628611 234689 491651 649799 577436 181150 284986 211709 625065 379538 299482 632998 280645 612470 600620 730059 416771 177052 687275 220006 611633 306905 638676 375645 563223 396787 524140 487254 354752 350757 245066 589604 575746 684786 102811 100344 476123 246593 412648 739830 583008 552696
618340 350224 230958 386648 367963 807933 187732 328537 909724 59332 684341 747364 231530 533965 603342 363785 153034 218902 339429 341782 689039 673487 150149 206606 192836 869462 304545 717493 401369 733342 282701 296237 614674 538704 330148 885905 350619 783482 652301 91462 646255 303842 771516 177703 999999999 841899 561720 447609 177146 491369 514619 476897 460010 695438 625445 368908 399687 548084 527365 159212 596083 569980 526274 278277 158359 389376 775719 201835 411171 798710 448648 604140 595247 681855 290973 2060 529945 371338 607307 373843 749498 298074 520216 383177 651478 528798 373151 496406 409704 736266 402323 746012 77257 265191 646283 122563 237006 731943 742641 618164
225442 665284 1071651 1153355 1040596 699257 1024121 1160132 77802 882964 853445 232438 1073146 477241 312829 642006 872791 781105 958720 1054645 687712 807912 858695 1008414 1034404 139517 931569 130024 759013 625316 765081 621021 782465 873995 1022227 80883 817862 199129 331535 842725 682152 752303 245090 824372 841899 999999999 414276 793987 814853 567472 845724 771814 407612 316347 345981 677732 520441 294695 543446 685575 456779 456282 386995 648404 996203 858349 685262 905459 574366 815539 756148 249161 253945 312211 670732 839854 825863 986857 241873 1129654 452669 579286 372868 459601 539030 339984 475389 644109 968517 649420 911341 227916 844114 888296 805563 739238 960529 148758 741924 315985
290207 276222 783687 937216 871519 862970 747199 887872 491796 617132 905717 490544 772651 525003 103297 252205 531812 421475 806638 865356 792226 868912 643943 763409 735887 367128 548950 348497 352421 771835 385841 272927 377427 459764 841215 414782 710174 496282 102250 603419 764874 630534 233290 628592 561720 414276 999999999 382183 466719 153812 814693 358027 150246 142526 77135 281246 162661 228467 129824 410807 554817 50361 69241 507410 690873 760691 836633 550072 526449 937098 712957 203283 210918 132881 304456 559987 411744 840636 216899 919700 656861 264329 96629 255802 660176 347752 325832 648871 847746 790543 507972 485800 598084 721609 853381 439782 600576 265813 858633 439701
631559 166000 593104 814969 815544 1094114 580459 701412 871778 503563 1051049 827797 565462 753154 481279 179874 321151 228902 782721 787421 994198 1026712 590705 637429 539294 746261 234422 711975 55144 1004854 166404 260044 174681 107580 777589 796824 756034 844763 478224 532299 956533 686206 605033 603906 447609 793987 382183 999999999 272582 228730 907163 40043 420259 510711 456804 141641 299632 551473 259529 388736 804221 347984 409609 592036 494026 803559 1063216 301125 686075 1130019 817780 560346 562226 506133 211967 447091 83372 815878 572033 807705 941560 318684 428625 452263 897779 628707 510905 809655 848350 1017194 142428 823899 519743 702249 1003573 358291 326234 646680 1058681 738057
605265 207241 338518 545412 543985 921714 316319 447835 888988 231380 831560 769829 318561 609128 533775 227403 65681 51213 516092 514896 809032 814652 325064 366171 285821 813763 155714 702335 229942 839236 113211 198801 443370 361560 505770 844072 510887 799213 566756 265835 767675 451103 695413 345389 177146 814853 466719 272582 999999999 359904 671256 304253 408174 608678 539981 218349 309964 525276 398770 182221 668961 460759 451256 385650 238936 554375 889516 90872 507026 931949 593202 566040 560928 597603 162867 176879 353962 548313 572983 536750 820605 235657 454519 370148 743900 547622 393957 615216 585081 846404 231342 767334 252367 439383 788872 124100 146441 685192 868427 651880
422726 152959 694972 877732 836517 950737 666027 803194 645132 550302 956032 623780 677703 604760 254873 132709 425131 309769 782852 821477 865809 924082 602205 697972 643594 517992 412839 493765 202943 859214 260345 199256 244283 307754 802378 568134 712565 635105 249968 552403 833298 634132 378443 597796 491369 567472 153812 228730 359904 999999999 840185 204366 227762 284210 228102 147303 137246 348359 39213 363765 645780 120693 190577 517673 596939 763418 922007 432508 573053 1008779 741172 343188 347495 278525 202959 489983 260459 817445 355915 863796 766634 226062 214073 300754 747780 448436 372361 700440 835148 875297 358733 619409 543896 696944 904923 371201 477743 419339 932399 552425
658096 758476 602042 488556 331853 386793 553823 612497 880107 487389 179257 638324 634097 368502 785971 757699 665575 695232 261871 377819 273854 185648 375509 474008 611039 945240 816297 724854 852928 356652 747526 665359 1045420 1011593 345259 920302 164299 682393 857213 426808 240200 221794 922915 338221 514619 845724 814693 907163 671256 840185 999999999 924389 664662 891906 837798 784094 704365 644326 861318 518454 397425 851405 748921 323660 612434 135072 360807 715809 295177 319559 101816 712282 697859 875709 700474 513773 989106 262161 704987 461494 487743 619503 725538 559490 354832 531711 488915 201721 207296 343591 902187 640805 441029 276602 157975 555975 750758 818146 293830 529852
617570 171018 629715 848739 844672 1098172 615541 738370 849490 533846 1064149 815957 602808 754899 459101 180036 355855 258165 809073 817985 1000989 1038399 617318 670255 575881 718708 274309 694623 75704 1008193 194201 267223 139319 108317 807017 771331 776120 831034 451200 559502 964188 704521 576014 628255 476897 771814 358027 40043 304253 204366 924389 999999999 409222 481933 430920 145140 291404 538892 231707 407194 804080 320735 390926 605978 530254 824406 1067643 338368 694219 1138580 833033 543087 545909 478253 224465 476262 68429 842571 555224 840769 938096 323676 411659 450461 899841 622615 512513 819267 873226 1021349 180963 811897 547345 727433 1015886 381721 365243 623698 1066080 731200
213654 268822 689968 817285 738279 727885 647642 788127 482961 510020 757027 407540 685285 384141 146272 247709 467904 373492 668948 736871 649832 721070 518434 650746 646972 411801 525754 302768 375150 636280 360317 213528 471907 517505 710308 436633 564308 425426 206914 485167 620430 485065 313746 497257 460010 407612 150246 420259 408174 227762 664662 409222 999999999 248194 182693 286388 122058 131950 229183 301202 420725 190846 85085 361678 605103 614385 700096 498433 376452 794342 562887 158457 154811 232814 264674 458077 474000 702336 166527 797676 538891 173923 66220 107547 524380 220679 175749 499800 705359 653530 517757 403643 482242 585422 704805 345187 553256 278267 716513 325502
277172 418003 920855 1063131 986446 880099 882430 1023384 389673 748994 960204 454514 911430 564259 106841 394092 673536 563879 916438 984806 826885 919756 765526 893178 874199 237650 690028 293390 487063 791899 527991 413060 471368 576155 958466 296152 806204 447470 43139 729662 805637 727984 94349 745358 695438 316347 142526 510711 608678 284210 891906 481933 248194 999999999 70091 421538 301284 253175 251187 540191 579627 163519 170168 605251 829784 855320 857187 692545 596972 970218 790706 193521 207380 16212 446778 693622 527444 949587 205215 1044193 652245 397640 182136 352583 683898 378206 412186 709546 950399 813068 642923 449290 725663 833350 907919 574973 743096 175241 891343 443529
255986 352956 850771 994378 920241 850822 812370 953320 422667 679184 915066 448726 841454 523681 59086 328896 604596 495898 851580 917449 789655 876001 697503 823690 804178 290479 625863 295801 428808 760972 462193 343549 437294 530033 891635 340414 745379 448562 27048 660677 765722 666522 156728 678434 625445 345981 77135 456804 539981 228102 837798 430920 182693 70091 999999999 358364 231604 213014 199610 470566 545401 110980 101311 543289 759833 795051 826284 624720 544254 934094 736139 166595 178150 57682 378721 623634 481564 885010 180083 975723 632135 327577 116644 289224 650827 339130 352586 661132 887714 781120 584553 443701 656444 767849 862626 504891 675894 197480 855173 417528
499896 26013 556677 753674 729955 953979 532009 665844 755230 428117 920317 692338 536744 611940 369922 39210 282149 167204 686144 708742 855959 893919 497100 572915 504149 647156 268652 585551 90482 864331 113316 122210 262427 247725 693676 690082 640076 711676 383196 442059 819063 566174 514167 501790 368908 677732 281246 141641 218349 147303 784094 145140 286388 421538 358364 999999999 164332 418332 186425 271749 662631 261265 291064 463286 457268 689406 923288 285882 549084 993444 690948 435255 435240 413447 85520 367841 213315 720347 445888 742200 800170 178742 305418 310758 756705 488639 369549 674268 746129 877100 233924 688644 431439 602075 871681 258111 330445 534250 920980 598276
