NAME : synthetic_000888
TYPE : CTSP-D
DIMENSION : 100
GROUPS : 8
RELAXATION_LEVEL : 1
EDGE_WEIGHT_TYPE : EXPLICIT
EDGE_WEIGHT_FORMAT : FULL_MATRIX
EDGE_WEIGHT_SECTION
999999999 368531 845345 67838 198814 511852 298323 848662 735599 357503 220618 723810 242621 310122 539977 834905 1090436 497753 71582 750591 139380 581637 565704 686921 761594 752649 914699 730971 680082 428394 670896 571211 846189 180357 701257 200610 737925 195504 428603 348514 552241 657069 248300 682005 764379 332496 328218 499801 408942 121019 515059 125671 943580 549699 192842 554661 898269 251097 720823 766926 725238 633984 575396 631578 515561 737812 732749 720821 843859 468979 791795 465597 805170 201817 159875 756912 684553 298154 394876 729573 247850 293507 719244 151625 769711 863764 284618 245072 588243 246113 447366 101959 530972 754618 400279 850507 885640 133016 823204 622971
368531 999999999 519288 307714 530117 279396 324246 565579 391102 261209 287844 496445 299414 324577 315217 466660 774035 376266 338843 515645 348783 358378 339889 407259 665552 506227 559149 364451 327726 157178 544234 205967 504067 408641 435130 226631 697661 325655 234420 175197 289525 323798 187019 326581 553271 291671 93275 279834 108982 389243 546883 298621 678650 393235 544022 363867 564353 413975 792284 582623 754666 536364 214786 399018 434474 675255 372119 353503 568962 540841 673080 578297 447005 304146 261347 400578 690962 191778 156269 446057 380581 331730 514788 514114 417118 503081 391335 376603 279547 406996 132581 317050 312272 695547 242860 611581 572903 491719 455370 354033
845345 519288 999999999 777584 1031713 355811 628067 144227 501263 527035 663714 273158 654720 835536 342894 285418 255049 464606 837830 256455 861901 724214 712173 190774 551018 231061 159844 364797 208184 416954 460775 414148 68739 924488 705039 649786 650292 844413 434995 501070 647213 525215 706259 445980 310260 571840 607028 372262 569239 810796 676724 734890 243768 412723 1036305 369830 59329 752874 856837 369285 778362 503900 319274 734362 513591 606594 208694 353765 166723 719007 518054 779625 447147 823182 775383 448351 711316 554122 628184 159632 720135 638474 319483 996893 471660 183094 702418 718269 257109 748942 403412 760093 353471 621787 716876 266179 68791 941069 270754 247208
67838 307714 777584 999999999 263587 444812 244374 781397 684014 293861 163446 658645 187110 305980 473470 772505 1022626 437140 93490 685152 160003 550984 534104 619414 708638 686612 848464 671876 613943 360651 613266 512575 778945 216329 665573 133932 691882 202081 361816 280908 513847 607528 212527 627158 700524 272516 277699 433063 358632 113067 474858 69213 877267 487349 260381 490034 830646 222257 692840 705121 689813 578837 510776 600635 459496 688722 667603 661159 776871 434277 736598 439103 749844 200800 140973 702066 644578 231040 352269 662068 210193 241091 655508 219312 716063 798383 244966 206717 520476 216077 380462 53514 464622 706245 371472 785324 817815 184342 760369 555538
198814 530117 1031713 263587 999999999 707638 493986 1043437 855802 556261 418544 922118 439710 337430 736856 991306 1280626 696051 194126 948706 189054 646192 633968 880733 953440 950165 1088406 876398 854923 616533 867242 718702 1026956 151348 774194 397469 921595 238156 625041 542560 640532 773209 364598 814121 963162 530837 465745 696283 539378 295122 693657 324318 1140688 748443 47210 753219 1082477 426227 876452 965481 893401 828419 744422 694031 711187 925355 902140 868454 1039558 641153 985810 625656 936129 259009 272561 887240 860257 494075 506404 923338 432142 488267 918038 87733 895786 1033188 469052 430148 775710 422932 628969 299995 728097 941178 475757 1048812 1075647 197010 981518 817247
511852 279396 355811 444812 707638 999999999 272282 337029 537657 171684 312183 225222 300885 591073 35929 470768 584957 147046 519763 248524 559859 616675 599179 177488 398986 245527 468997 439387 268248 122450 275049 345009 378411 625229 663251 311252 451600 560216 83707 165910 539402 504448 440953 461184 277956 216029 368905 17329 379357 460569 370994 392242 433846 130919 704613 89031 414010 397201 598227 303472 539655 280325 242117 649391 212582 420970 334266 423575 332058 396201 399662 452515 546865 542466 480903 515345 470264 213773 433695 219752 364324 282711 237160 660562 539573 441000 347414 362463 127410 393181 155245 417877 33574 441175 522144 348748 383044 593433 453571 113380
298323 324246 628067 244374 493986 272282 999999999 595154 702785 103254 81798 449114 57447 508527 288080 709039 850746 207073 337252 477383 399439 668716 650144 445288 464399 484728 735527 643052 516168 256127 373256 503185 648702 459562 757481 142624 450628 428421 197225 168662 607882 643411 369104 631232 481007 56467 364274 255827 425269 208651 247011 175547 674766 263932 478311 281864 686281 125089 485881 475803 465576 335694 445669 713655 217366 445118 580378 628775 585490 224269 493534 255056 741888 419581 350184 700299 412368 133185 453109 485890 92170 10568 435986 428364 720677 700297 78802 90546 386992 120908 300974 196834 277597 463025 513853 573596 652460 341500 693380 382964
848662 565579 144227 781397 1043437 337029 595154 999999999 626442 502657 646321 168021 632540 890020 311428 426187 259115 404049 853319 142635 887975 822763 808872 163447 424003 122730 300599 490925 305913 433024 350923 507920 212775 952756 819762 648143 528894 880313 420654 500902 743370 638938 749009 564060 184655 541811 658250 349985 636505 794451 591966 729128 118882 345837 1041485 315006 182265 715497 745555 240715 663001 400451 397203 839230 438764 484133 329861 478095 23573 642068 386178 703333 581719 860610 804857 577332 599141 550511 696431 121464 686038 604878 207683 997588 601712 327129 662162 684963 286051 712792 436062 754763 321278 497349 787939 122861 99012 928217 410600 226231
735599 391102 501263 684014 855802 537657 702785 626442 999999999 618651 677397 664065 686759 543464 561771 246916 712369 680852 687251 667200 667770 287224 284708 536295 920044 645354 419498 136508 329593 463209 798731 201533 442042 709089 216577 617728 986395 618862 550515 536284 239063 83243 496098 76480 723137 659700 407472 549879 326657 776880 892882 686715 740358 667318 882541 620364 507138 803146 1131167 774678 1076700 814395 296341 272957 746903 952475 296702 148451 643311 901901 907983 947992 94992 597281 591648 59169 1007628 570913 349745 550766 768930 711597 703601 865278 48148 354045 775788 765087 435406 796314 413705 702839 566365 972183 392344 729633 569913 866584 252661 526661
357503 261209 527035 293861 556261 171684 103254 502657 618651 999999999 144073 367216 130084 506692 191648 608769 755007 148398 379439 394505 431576 618444 599861 347736 438482 398445 632288 549029 413833 159659 329678 417222 545917 495860 694760 163212 449734 447009 94013 86696 550732 565483 356900 544885 406909 47430 323118 155993 369190 291819 285858 232717 589824 194079 547588 197590 584833 227959 531185 411960 494695 304869 348777 660058 188727 434090 478495 534285 494920 284737 458282 329361 650694 433552 365316 611136 432722 85912 407864 389301 194016 113820 361809 500677 632666 597294 181427 191867 283743 223406 207543 257885 181552 453736 481474 493763 554328 425730 592804 284273
220618 287844 663714 163446 418544 312183 81798 646321 677397 144073 999999999 510180 24583 431726 334944 712118 897102 277538 255816 537770 317645 613286 594933 489563 545306 542330 757500 632838 529307 262477 450674 483354 676672 377904 710299 71612 532208 347604 229584 169714 558108 611641 298119 609586 547242 112488 309307 297588 378642 148426 323895 95553 733666 330893 406433 340539 720322 126133 556741 547132 542286 415424 444405 660037 296193 526901 590548 619581 638900 293502 573219 313867 725870 339577 270520 681661 491503 118411 397950 531594 93352 80185 502013 358272 700182 716205 111566 89256 412005 119156 299305 118703 325043 544823 449746 636389 694960 281897 697559 425554
723810 496445 273158 658645 922118 225222 449114 168021 664065 367216 510180 999999999 493153 814717 190954 512456 424087 246952 739063 28629 782820 806982 790833 128262 281877 45621 429935 538532 337212 343712 188347 503416 330837 848218 830251 525105 377557 785175 301104 387714 727143 655197 665526 592123 60726 399854 588623 232026 587300 655254 424009 599765 225961 187799 914726 169694 327063 563737 585103 111408 505479 234687 385812 832637 273623 334316 387030 523395 150552 474884 255439 536082 642077 767607 705427 625169 439051 430571 645049 126389 536874 458065 46890 867859 650614 435465 509660 536331 243524 561823 364791 625039 197969 350248 735945 126700 256734 789258 494936 149761
242621 299414 654720 187110 439710 300885 57447 632540 686759 130084 24583 493153 999999999 455483 321729 713038 885030 257149 279841 520992 342099 631349 612916 477636 521532 526425 752782 637616 526860 260695 428275 490689 670030 402115 726080 92492 507654 372150 219728 168023 574480 622799 320237 617735 528630 93485 326697 285652 393733 162456 299776 118570 717542 311710 426134 323862 711890 117330 533894 526867 518279 392144 446032 677623 273193 502544 589132 624031 624415 270700 549990 293298 732514 364000 294864 689026 467101 119998 415637 519321 82372 55605 483419 377208 708124 713269 93522 78676 405621 110872 300284 140720 311608 520408 470114 618954 683908 296595 698127 413962
310122 324577 835536 305980 337430 591073 508527 890020 543464 506692 431726 814717 455483 999999999 626666 720533 1090326 651368 238762 835763 178685 309328 297923 731625 944793 828122 849788 593468 633060 471037 831822 450837 811287 186948 437763 365987 952106 117022 526755 443597 312567 460452 151931 516516 868996 510670 231790 587380 270325 416886 755025 361655 1003169 684924 375146 666812 875593 524046 987189 891807 973645 811211 517978 356715 695177 939729 662869 589347 893537 724360 961891 737942 631896 108355 166472 584119 920688 421012 216419 770630 505739 509744 827955 377547 587776 786673 536211 501781 603974 517356 456066 356466 621620 959056 151121 933524 892915 430005 714623 676878
539977 315217 342894 473470 736856 35929 288080 311428 561771 191648 334944 190954 321729 626666 999999999 480384 563601 135248 550622 215135 592444 650237 632875 157209 367459 213823 465412 458183 277831 158361 243501 372731 371578 657847 693901 339559 424918 594236 111964 197467 572507 532149 476303 485458 242552 232911 404835 41239 414525 483198 360898 418565 403832 106136 732404 58812 401888 411783 580933 267555 518884 252954 265431 682144 197821 392535 343080 442285 304730 391357 366147 449516 566078 576763 514495 536655 449044 242906 469234 198062 380147 298249 201379 687426 561266 442344 360317 378621 137334 408267 189813 444169 10591 412577 557900 315676 364385 616837 462880 95770
834905 466660 285418 772505 991306 470768 709039 426187 246916 608769 712118 512456 713038 720533 480384 999999999 468638 615149 803798 506209 804304 519131 512380 389770 791452 481128 174028 131493 202771 453663 681414 274288 218109 857554 463390 670541 877049 767995 519745 545295 454703 300903 629584 221306 564235 655776 526183 487236 458411 841506 840780 752933 528771 581592 1008687 531595 275122 828037 1057604 621916 989417 711597 267916 513836 678121 837031 137345 132256 446954 866655 767866 921858 170729 745439 718809 187920 919501 593954 505297 386595 792555 719315 558002 980530 205958 112047 787734 789450 344032 822245 412931 774604 488678 854933 576365 543418 350095 954892 17848 409113
1090436 774035 255049 1022626 1280626 584957 850746 259115 712369 755007 897102 424087 885030 1090326 563601 468638 999999999 663068 1087499 396746 1114523 962363 951917 407545 645213 380071 294737 581568 459505 664093 596302 660892 285878 1177694 926480 891687 755021 1098711 668134 742472 888248 752553 961050 670687 425903 796284 862075 599588 823042 1045513 846667 975212 231718 604949 1282735 572995 218110 972603 979837 472271 893910 648830 573068 966721 697084 710250 444993 574263 273816 898853 599664 959990 638980 1077632 1028508 654445 835161 794359 881529 365710 942320 860695 458554 1241283 674064 358452 919665 941048 505381 969632 655328 1000755 573894 719774 969129 333852 204990 1178295 460471 471579
497753 376266 464606 437140 696051 147046 207073 404049 680852 148398 277538 246952 257149 651368 135248 615149 663068 999999999 525490 275570 579492 731767 713556 273841 294435 286388 596765 586212 412408 231360 181512 484006 500587 643442 792014 310237 322230 595304 143199 210960 658230 642203 500122 604450 274382 165259 453013 132490 484436 415686 225723 372113 472619 59173 683282 94777 523907 317056 451743 269722 396274 161824 387367 769052 66110 299047 477957 570430 391155 257631 310870 316969 693502 581558 513580 661028 327899 231496 531384 308650 291286 215080 229601 634154 684966 576671 262913 291033 271263 315369 277738 396079 126537 319315 612435 368634 474802 548456 597720 222088
71582 338843 837830 93490 194126 519763 337252 853319 687251 379439 255816 739063 279841 238762 550622 803798 1087499 525490 999999999 764774 70261 517098 501755 690086 801053 764441 895368 693594 661447 423638 703551 534202 832886 122843 639132 216296 785371 123962 438762 353859 492702 606821 192196 638187 783627 362353 283661 509558 362223 186874 567719 162662 953607 573509 205194 572382 888382 310507 782037 791349 781712 670540 551997 566981 550979 782006 709931 684545 850470 525671 828098 527245 761378 130610 97654 712669 737514 308492 340466 732555 301738 334288 738948 179007 723781 841153 337250 298449 582250 304808 434881 145581 542421 799606 336020 865344 882598 196227 793205 627182
750591 515645 256455 685152 948706 248524 477383 142635 667200 394505 537770 28629 520992 835763 215135 506209 396746 275570 764774 999999999 807564 819338 803494 131686 294848 25763 415056 539253 338387 364865 209483 512584 317026 872968 838495 551447 394276 808726 326257 412498 739323 661865 687350 596502 58069 427785 608301 256365 603982 683201 450441 626850 197494 216411 941812 197240 308281 592309 605772 116153 524838 257991 394954 843623 301714 350317 384608 524401 123931 502111 264407 563244 641189 790866 729376 626370 459423 456343 662285 120298 565349 486385 65581 895179 651757 424600 538243 564783 255270 590372 383378 652183 222703 365341 753556 100619 234615 817251 488906 164248
139380 348783 861901 160003 189054 559859 399439 887975 667770 431576 317645 782820 342099 178685 592444 804304 1114523 579492 70261 807564 999999999 473660 459623 724586 860834 805382 907716 687839 676334 455075 759554 530846 851552 65404 599202 269535 849515 61892 481779 395122 458632 585522 175754 625094 830113 419497 278124 551207 350434 257061 634656 227934 992206 624549 215255 619209 909948 380119 851599 841504 849808 729057 563434 523008 609441 844477 720092 680171 886764 594143 885919 597028 747221 76785 87440 698328 804278 354674 318050 766571 370032 397369 786005 205658 707181 850494 404969 366614 609964 374291 459196 213300 584947 862461 295905 908121 910448 251556 795014 663110
581637 358378 724214 550984 646192 616675 668716 822763 287224 618444 613286 806982 631349 309328 650237 519131 962363 731767 517098 819338 473660 999999999 18625 691891 1014377 803157 681466 389628 520197 502848 890927 314849 678029 494997 128616 542239 1053982 414011 588611 533268 80111 218429 338475 298364 867438 644836 304878 621805 249511 661467 902821 581816 941618 741757 682205 705483 746215 732945 1148004 907662 1112807 889087 428367 49942 791879 1029467 518756 393311 834145 891610 1016272 922956 382165 396876 421845 342303 1049338 542549 215845 720357 704556 674414 835919 679092 335360 614086 724466 700336 564097 725693 461924 588426 650154 1049830 181372 902683 791299 712847 520099 657256
565704 339889 712173 534104 633968 599179 650144 808872 284708 599861 594933 790833 612916 297923 632875 512380 951917 713556 501755 803494 459623 18625 999999999 676510 996624 787563 672849 382095 507266 484892 873247 301180 667071 482650 140257 523939 1035753 400473 570424 514728 65512 212671 321581 291147 851222 626211 286381 604143 230988 644274 884203 564164 927751 723916 669335 687923 735276 714814 1129381 891011 1094255 871079 413600 66595 773536 1011390 507654 385100 819945 873002 998822 904426 379674 382885 406047 338421 1030838 523924 197350 705466 686305 655863 819364 665217 332821 605493 706068 682087 548224 707561 444293 571046 632683 1031752 165744 887515 778961 697238 512752 641077
686921 407259 190774 619414 880733 177488 445288 163447 536295 347736 489563 128262 477636 731625 157209 389770 407545 273841 690086 131686 724586 691891 676510 999999999 401846 112193 330660 410280 208962 269802 293132 382252 231540 789423 707305 486773 488657 717745 260933 338543 611780 530241 588103 465039 186845 390000 500478 192058 486229 637981 488198 569048 271719 222535 879745 179069 250067 568850 680754 239594 607007 328200 264951 714477 323872 447807 260411 395133 163055 528747 380470 589178 514132 698300 641735 496914 537945 389083 545670 42653 537351 455456 170767 836664 522357 323293 517044 535830 131504 565408 275739 594664 167707 465428 637481 211478 207178 770920 372025 64242
761594 665552 551018 708638 953440 398986 464399 424003 920044 438482 545306 281877 521532 944793 367459 791452 645213 294435 801053 294848 860834 1014377 996624 401846 999999999 320500 709903 803856 605335 512352 123995 738503 611685 922633 1061342 592875 110193 882836 431474 505279 937884 897309 794042 844837 241415 441961 746134 392723 771657 659278 287136 639944 413855 273007 932476 309998 601026 533790 337063 183434 249861 133620 626476 1048145 251983 66362 661395 788162 401156 350297 50286 399583 910451 870622 801625 887965 197945 523842 821745 407841 522267 468397 235135 880656 913276 717339 485882 523947 484647 535585 552579 660884 366003 74662 905143 314719 522320 780629 773748 394942
752649 506227 231061 686612 950165 245527 484728 122730 645354 398445 542330 45621 526425 828122 213823 481128 380071 286388 764441 25763 805382 803157 787563 112193 320500 999999999 389430 516404 316028 358219 232844 494412 291294 870748 819404 552698 419368 804582 325751 411002 723067 641929 680856 575342 83206 433729 599261 254903 591786 688867 469253 629812 191387 227369 944541 202993 283488 601780 629526 141745 549148 280069 377016 826396 317021 375553 360706 501688 106259 519510 290145 580756 617632 786293 725929 603662 483289 456572 650556 96165 573886 494000 89279 898591 629008 398884 547900 573142 239931 599562 373660 655283 222211 390751 742107 105428 211443 823007 463882 152470
914699 559149 159844 848464 1088406 468997 735527 300599 419498 632288 757500 429935 752782 849788 465412 174028 294737 596765 895368 415056 907716 681466 672849 330660 709903 389430 999999999 293202 234631 496636 615524 400752 99901 966237 635181 730433 807460 880033 538303 588288 611674 466087 739251 384265 469754 679287 635223 486305 579898 899132 817243 816059 383339 550477 1099484 503558 121752 860073 1009336 528862 932918 655816 344363 680864 651985 764223 188413 288264 323866 854332 677723 913658 344246 857770 820338 360967 864905 641115 633917 308999 825633 746094 476699 1065238 379838 67380 813132 823200 348556 855284 468734 840053 475511 779899 714491 423458 207180 1023275 166838 374759
730971 364451 364797 671876 876398 439387 643052 490925 136508 549029 632838 538532 637616 593468 458183 131493 581568 586212 693594 539253 687839 389628 382095 410280 803856 516404 293202 999999999 201321 389371 685437 159811 306432 738076 345242 582667 877536 647694 468930 474602 323466 172913 512108 91347 596235 593929 411129 453756 337953 751041 806963 660759 604119 564162 896836 515155 372413 754794 1037594 649868 977065 706568 202110 387662 651955 841136 161125 15912 508322 823873 787926 874754 107954 625211 604335 87449 907199 517782 380334 420714 719473 652774 580188 872143 112666 226049 720102 715987 323864 748454 342363 680475 464379 860323 447188 596642 433484 856074 130679 409016
680082 327726 208184 613943 854923 268248 516168 305913 329593 413833 529307 337212 526860 633060 277831 202771 459505 412408 661447 338387 676334 520197 507266 208962 605335 316028 234631 201321 999999999 266833 489446 206974 178419 736313 514225 497753 683803 652103 322005 359636 441901 333629 511750 261541 395085 461247 409220 284878 364086 667678 638013 583054 423951 380244 865165 330222 242804 638460 856860 448554 790818 515075 115463 534204 475647 645684 66085 186223 319980 664396 587575 720185 305824 630175 588905 288110 720767 411434 422164 221173 603303 526643 379094 830619 313532 187095 594890 600519 141267 633134 235043 606697 285988 664400 509694 401276 272804 789841 185430 212717
428394 157178 416954 360651 616533 122450 256127 433024 463209 159659 262477 343712 260695 471037 158361 453663 664093 231360 423638 364865 455075 502848 484892 269802 512352 358219 496636 389371 266833 999999999 389688 261987 420457 519753 560792 235148 552795 448452 89957 92879 427860 416103 322676 388244 398775 204925 246571 122777 259799 402520 430462 320924 539634 239354 619584 207066 470195 374499 671783 425916 623958 386278 189748 538647 294726 526869 328466 374648 432547 439098 517449 487182 491387 429417 371937 452627 557011 144764 312414 311573 339054 266246 359030 579963 474673 453791 334522 336025 159873 368807 49526 345568 155120 547238 400036 463365 459117 528338 438346 209749
670896 544234 460775 613266 867242 275049 373256 350923 798731 329678 450674 188347 428275 831822 243501 681414 596302 181512 703551 209483 759554 890927 873247 293132 123995 232844 615524 685437 489446 389688 999999999 615081 515765 822974 937401 490020 195681 776687 311334 389039 814177 774118 680189 723139 170457 341200 626915 269124 649391 578172 259072 546222 374317 151014 850665 186035 515351 462413 396768 129956 317649 54417 504005 924342 156432 156248 548208 669632 330457 318183 130268 376751 792725 763059 694987 768399 250725 412917 700500 306981 444365 379149 143911 799993 793586 615293 410253 445243 363625 462753 429015 568982 242016 175029 785225 265182 444039 706424 663587 277004
571211 205967 414148 512575 718702 345009 503185 507920 201533 417222 483354 503416 490689 450837 372731 274288 660892 484006 534202 512584 530846 314849 301180 382252 738503 494412 400752 159811 206974 261987 615081 999999999 375194 583327 327189 428597 796586 493707 350120 335617 235676 159485 355619 128096 564112 458752 252959 355548 184419 594628 692229 504061 626769 475915 737983 431446 442785 607866 932055 609580 880248 625057 117672 333156 549699 765197 218024 150343 519522 700388 732046 746583 242848 471151 446208 198364 811841 372706 234418 407758 573060 512267 537227 712549 217705 336393 577608 569353 261063 601227 212462 522940 375870 785277 313877 590927 479681 696882 266294 356065
846189 504067 68739 778945 1026956 378411 648702 212775 442042 545917 676672 330837 670030 811287 371578 218109 285878 500587 832886 317026 851552 678029 667071 231540 611685 291294 99901 306432 178419 420457 515765 375194 999999999 912505 650326 655595 708161 829386 452128 509488 602992 472429 689393 391553 372716 592241 587371 395553 541796 821313 719197 741353 310731 452674 1034661 406619 68205 773747 909443 431884 833073 555919 293866 684737 554246 665130 159458 296770 235012 757726 580800 817507 382805 807608 764279 387293 765014 562787 599237 209106 739926 659242 377688 997674 409806 114381 725226 737726 264668 769305 399145 766024 381905 681048 685303 334159 132082 948714 204122 278652
180357 408641 924488 216329 151348 625229 459562 952756 709089 495860 377904 848218 402115 186948 657847 857554 1177694 643442 122843 872968 65404 494997 482650 789423 922633 870748 966237 738076 736313 519753 822974 583327 912505 999999999 622890 333218 908199 90749 547166 460524 489896 626085 228395 671146 895402 482253 332658 616610 400225 301376 690108 285472 1057403 689206 188243 684428 971756 430123 900900 906388 903162 791449 622498 543040 671803 904560 778120 731235 951755 646883 948674 645694 791882 113030 149186 743112 859926 419797 361655 831318 423483 456854 851244 194970 750351 907858 459385 420316 673748 424776 522561 268132 650350 922252 324991 973523 973948 267458 848965 728150
701257 435130 705039 665573 774194 663251 757481 819762 216577 694760 710299 830251 726080 437763 693901 463390 926480 792014 639132 838495 599202 128616 140257 707305 1061342 819404 635181 345242 514225 560792 937401 327189 650326 622890 999999999 641083 1112074 540476 650230 608076 153262 180879 454208 259142 890885 726795 402502 671352 332600 773360 980495 689824 936971 793071 809556 751789 717114 833732 1225547 936769 1183250 942607 444514 85147 855425 1083623 496472 353745 834204 975968 1057379 1012408 304264 522566 542445 275732 1117199 626399 316666 729624 803247 764282 864415 804859 260640 569043 819568 799073 588250 826501 514610 699026 695712 1103914 303858 912653 773735 833612 468533 683253
200610 226631 649786 133932 397469 311252 142624 648143 617728 163212 71612 525105 92492 365987 339559 670541 891687 310237 216296 551447 269535 542239 523939 486773 592875 552698 730433 582667 497753 235148 490020 428597 655595 333218 641083 999999999 589248 290553 228015 149291 488426 548995 227887 552460 568056 150925 239063 299238 310807 171116 389525 85792 743338 357240 393366 357060 704281 192708 626032 575057 608144 460338 403269 589276 340954 580305 555673 570213 643249 362963 616691 385277 671336 279815 210281 625817 554718 97699 327292 529407 162556 144420 523211 349927 643136 684495 183161 158351 393299 185492 262909 110505 330690 598977 378176 651735 687291 293237 656919 422699
737925 697661 650292 691882 921595 451600 450628 528894 986395 449734 532208 377557 507654 952106 424918 877049 755021 322230 785371 394276 849515 1053982 1035753 488657 110193 419368 807460 877536 683803 552795 195681 796586 708161 908199 1112074 589248 999999999 878653 465424 527295 980334 956043 804934 910197 344482 441442 770415 441774 806232 626923 229948 622729 523862 320681 895986 366164 702490 495504 227146 288697 139721 172010 690142 1091161 263787 45010 743436 861659 506520 288978 158601 327301 985244 868919 799364 959013 94349 535097 851637 500592 491069 452203 330909 843611 983977 809988 454021 493515 553966 498668 597627 640872 420998 37891 929742 423358 626193 738477 859217 471086
195504 325655 844413 202081 238156 560216 428421 880313 618862 447009 347604 785175 372150 117022 594236 767995 1098711 595304 123962 808726 61892 414011 400473 717745 882836 804582 880033 647694 652103 448452 776687 493707 829386 90749 540476 290553 878653 999999999 486265 399472 402941 535974 140784 580398 835240 441254 244959 553286 310057 307975 670081 265316 988081 636341 269873 626175 890008 424260 893894 850849 887341 749805 537436 463068 630866 870751 691666 641044 880742 633471 904988 640894 701207 22556 81746 652420 838720 365185 270932 758963 410355 427728 792020 265300 659829 820671 443604 406662 597649 417995 445883 255126 587564 889314 238667 908762 896165 312983 759709 658177
428603 234420 434995 361816 625041 83707 197225 420654 550515 94013 229584 301104 219728 526755 111964 519745 668134 143199 438762 326257 481779 588611 570424 260933 431474 325751 538303 468930 322005 89957 311334 350120 452128 547166 650230 228015 465424 486265 999999999 86946 515082 505618 374972 474895 349129 141027 315607 71251 341843 377731 342371 308539 515700 160724 621260 140634 492285 321954 582331 366081 534013 301983 266841 625896 205233 441368 387312 453673 415298 355044 441144 406181 573514 469662 405637 536832 467189 130989 390401 303324 287863 207793 305754 576951 559611 504034 275041 285617 189790 317343 138585 334176 103666 461703 473981 426876 465445 510166 503376 196710
348514 175197 501070 280908 542560 165910 168662 500902 536284 86696 169714 387714 168023 443597 197467 545295 742472 210960 353859 412498 395122 533268 514728 338543 505279 411002 588288 474602 359636 92879 389039 335617 509488 460524 608076 149291 527295 399472 86946 999999999 464556 480556 291693 463702 436068 123553 243246 156239 283768 311842 372469 233861 599748 241342 541280 226813 556170 282914 617712 451971 579559 372739 279091 574213 263561 508003 421304 460450 497137 370460 519300 412805 573269 383107 318721 531979 516314 53320 325084 381194 247407 178241 392602 498879 552667 546493 245556 244232 245522 277021 133380 259157 189831 528066 402728 513089 538008 440219 530253 274790
552241 289525 647213 513847 640532 539402 607882 743370 239063 550732 558108 727143 574480 312567 572507 454703 888248 658230 492702 739323 458632 80111 65512 611780 937884 723067 611674 323466 441901 427860 814177 235676 602992 489896 153262 488426 980334 402941 515082 464556 999999999 160244 304063 233836 787647 580013 249521 545164 182919 620661 836358 536643 862248 665817 672602 628375 671186 680943 1081767 828339 1043470 813961 348368 110827 719536 954697 443534 325226 754497 828552 938655 862925 332597 383248 395194 288253 978933 478455 163455 640327 650808 614291 756480 663385 286230 544438 668001 646621 484113 673704 385372 546156 572773 975064 164916 822588 713818 685117 453965 577457
657069 323798 525215 607528 773209 504448 643411 638938 83243 565483 611641 655197 622799 460452 532149 300903 752553 642203 606821 661865 585522 218429 212671 530241 897309 641929 466087 172913 333629 416103 774118 159485 472429 626085 180879 548995 956043 535974 505618 480556 160244 999999999 415054 82009 715532 603871 329925 514776 248918 703652 846011 614165 756091 635364 800525 590891 539914 737773 1087871 763527 1038131 784541 272094 214834 707585 924653 316523 178543 653552 850198 889650 893293 173293 514489 510597 128033 970089 510358 267778 550682 704293 651690 691377 784258 127789 398867 713789 700335 416345 730792 367037 629058 535351 944719 309337 733258 593775 788837 302511 510791
248300 187019 706259 212527 364598 440953 369104 749009 496098 356900 298119 665526 320237 151931 476303 629584 961050 500122 192196 687350 175754 338475 321581 588103 794042 680856 739251 512108 511750 322676 680189 355619 689393 228395 454208 227887 804934 140784 374972 291693 304063 415054 999999999 450272 718846 364570 104363 436567 174794 323379 615841 247603 859714 533002 387673 515220 750701 406191 853900 740422 834053 660578 396858 388108 545626 790869 550890 504556 750965 590848 810337 611387 572904 118584 95564 524029 778244 270990 148276 628309 382077 371804 677293 369237 533890 680035 408078 377903 463909 399065 312948 251419 470910 810412 160070 786041 759728 381282 620750 531029
682005 326581 445980 627158 814121 461184 631232 564060 76480 544885 609586 592123 617735 516516 485458 221306 670687 604450 638187 596502 625094 298364 291147 465039 844837 575342 384265 91347 261541 388244 723139 128096 391553 671146 259142 552460 910197 580398 474895 463702 233836 82009 450272 999999999 651718 586761 354905 473403 276191 715343 817240 624779 680084 590919 837889 544098 458743 734695 1054972 702169 1000238 738188 220060 296810 670515 876527 237613 96540 579702 827281 833669 874201 123274 558218 544970 74939 931153 500393 309605 481899 700087 640275 630675 817135 90697 316990 705377 696329 360264 727979 338834 642239 489972 896285 367211 662816 514714 811065 221743 452438
764379 553271 310260 700524 963162 277956 481007 184655 723137 406909 547242 60726 528630 868996 242552 564235 425903 274382 783627 58069 830113 867438 851222 186845 241415 83206 469754 596235 395085 398775 170457 564112 372716 895402 890885 568056 344482 835240 349129 436068 787647 715532 718846 651718 999999999 435235 644823 282707 646033 689231 423840 639260 207963 217198 953506 211274 359611 589870 561454 59170 478424 223048 446491 893305 287773 299862 442402 581270 162755 479303 208097 539675 698711 818287 754759 683192 415149 475919 703360 178312 565364 489283 45229 905487 708608 481586 535748 565230 304217 588628 422447 664150 248291 313687 793912 98633 281747 822502 546950 210190
332496 291671 571840 272516 530837 216029 56467 541811 659700 47430 112488 399854 93485 510670 232911 655776 796284 165259 362353 427785 419497 644836 626211 390000 441961 433729 679287 593929 461247 204925 341200 458752 592241 482253 726795 150925 441442 441254 141027 123553 580013 603871 364570 586761 435235 999999999 343917 199708 397252 255416 258608 206871 624609 218524 518834 230862 629967 181553 503295 434691 473384 309622 394586 688020 190101 430406 525852 579349 532898 249209 466470 289429 694582 429823 360467 654205 414805 102373 431189 430954 148302 67001 390015 470345 675295 644677 134074 146442 330813 177300 251685 230845 222514 449365 499308 525516 597088 389484 639888 327277
328218 93275 607028 277699 465745 368905 364274 658250 407472 323118 309307 588623 326697 231790 404835 526183 862075 453013 283661 608301 278124 304878 286381 500478 746134 599261 635223 411129 409220 246571 626915 252959 587371 332658 402502 239063 770415 244959 315607 243246 249521 329925 104363 354905 644823 343917 999999999 367797 81024 377293 602490 290123 771759 476279 485770 450732 649721 431442 846651 672331 816398 614709 293920 350928 506768 751119 446818 402825 661970 587917 756740 618119 478175 222611 193305 429615 755611 241864 89033 539087 401583 369727 605552 462663 441711 575723 420020 397384 372221 424200 225737 302287 401122 771221 159518 704651 662669 459197 517005 447190
499801 279834 372262 433063 696283 17329 255827 349985 549879 155993 297588 232026 285652 587380 41239 487236 599588 132490 509558 256365 551207 621805 604143 192058 392723 254903 486305 453756 284878 122777 269124 355548 395553 616610 671352 299238 441774 553286 71251 156239 545164 514776 436567 473403 282707 199708 367797 999999999 381951 446014 355238 379192 444505 121719 692404 84450 430609 380622 584176 305068 526891 271304 255193 655484 198416 412282 350935 437987 344210 379520 395491 435586 561012 535950 473405 528769 457750 202213 435170 234006 347942 266220 240729 647854 552831 458270 330571 346142 144320 376683 159893 404824 34416 432565 522666 356914 398349 579200 470094 128321
408942 108982 569239 358632 539378 379357 425269 636505 326657 369190 378642 587300 393733 270325 414525 458411 823042 484436 362223 603982 350434 249511 230988 486229 771657 591786 579898 337953 364086 259799 649391 184419 541796 400225 332600 310807 806232 310057 341843 283768 182919 248918 174794 276191 646033 397252 81024 381951 999999999 456714 654252 368412 753248 498734 561934 466401 606890 503302 899626 679739 863324 643694 250037 291027 543293 783178 392598 331018 643002 645641 777209 680320 399253 287527 268877 350491 799860 295551 59937 521564 471898 431874 609985 541066 361715 517527 487149 467760 354805 496117 225182 381793 412825 803502 151550 696004 629262 540176 450702 439863
121019 389243 810796 113067 295122 460569 208651 794451 776880 291819 148426 655254 162456 416886 483198 841506 1045513 415686 186874 683201 257061 661467 644274 637981 659278 688867 899132 751041 667678 402520 578172 594628 821313 301376 773360 171116 626923 307975 377731 311842 620661 703652 323379 715343 689231 255416 377293 446014 456714 999999999 400319 90622 879932 472033 273446 486199 866874 133059 600101 684296 606699 536590 574377 710869 421789 630234 726409 739040 786664 351062 693082 344920 836246 309841 253567 789656 568689 258582 457601 680020 137162 201082 644114 222099 805578 854673 173970 135348 557049 128969 433397 75007 473224 646081 483172 780720 843176 134141 827975 573948
515059 546883 676724 474858 693657 370994 247011 591966 892882 285858 323895 424009 299776 755025 360898 840780 846667 225723 567719 450441 634656 902821 884203 488198 287136 469253 817243 806963 638013 430462 259072 692229 719197 690108 980495 389525 229948 670081 342371 372469 836358 846011 615841 817240 423840 258608 602490 355238 654252 400319 999999999 406840 631173 266786 666817 314628 735261 267638 245410 388951 218642 204697 605660 945280 165453 241838 703645 791357 574311 63210 331701 117956 913215 663081 594289 878166 169818 360909 689751 517233 267294 245301 388212 614416 901321 800720 230860 270223 496780 271374 479919 422137 352259 254407 756907 521537 675965 508646 823384 443585
125671 298621 734890 69213 324318 392242 175547 729128 686715 232717 95553 599765 118570 361655 418565 752933 975212 372113 162662 626850 227934 581816 564164 569048 639944 629812 816059 660759 583054 320924 546222 504061 741353 285472 689824 85792 622729 265316 308539 233861 536643 614165 247603 624779 639260 206871 290123 379192 368412 90622 406840 999999999 821089 424127 314967 430256 789689 162547 628781 641261 622837 510702 486601 630625 391633 619535 640311 648886 723239 368231 668540 376926 745624 261004 195360 699056 576376 181106 373188 611581 145240 171990 594082 268917 715061 769588 178364 141471 478743 155773 348044 25637 409204 637037 407149 726389 771222 207446 739699 504822
943580 678650 243768 877267 1140688 433846 674766 118882 740358 589824 733666 225961 717542 1003169 403832 528771 231718 472619 953607 197494 992206 941618 927751 271719 413855 191387 383339 604119 423951 539634 374317 626769 310731 1057403 936971 743338 523862 988081 515700 599748 862248 756091 859714 680084 207963 624609 771759 444505 753248 879932 631173 821089 999999999 413551 1135691 393750 262002 789596 749503 245982 663104 428301 515905 957781 493882 479239 443867 591934 110265 687209 367966 747461 690485 968995 910926 689476 605766 646689 813106 232763 762831 683823 247945 1089919 713352 422784 735487 762275 400186 787741 547446 846583 412653 488315 904790 109645 179404 1014054 514404 329910
549699 393235 412723 487349 748443 130919 263932 345837 667318 194079 330893 187799 311710 684924 106136 581592 604949 59173 573509 216411 624549 741757 723916 222535 273007 227369 550477 564162 380244 239354 151014 475915 452674 689206 793071 357240 320681 636341 160724 241342 665817 635364 533002 590919 217198 218524 476279 121719 498734 472033 266786 424127 413551 999999999 737321 50030 471804 376050 476655 217900 412960 149629 371075 776353 101572 290567 444391 548257 332460 306298 280471 366922 672087 621360 554701 642778 343048 271255 549504 254648 349790 272373 172095 688844 667365 534928 321935 349414 241798 374257 280538 448654 100957 310847 634317 310143 419154 605376 563905 177268
192842 544022 1036305 260381 47210 704613 478311 1041485 882541 547588 406433 914726 426134 375146 732404 1008687 1282735 683282 205194 941812 215255 682205 669335 879745 932476 944541 1099484 896836 865165 619584 850665 737983 1034661 188243 809556 393366 895986 269873 621260 541280 672602 800525 387673 837889 953506 518834 485770 692404 561934 273446 666817 314967 1135691 737321 999999999 745172 1088379 400907 841777 952992 862057 809904 756754 730627 694246 901724 914715 888234 1036557 612348 966526 593425 960577 289379 293097 911700 831551 490974 532828 922398 410218 471800 908285 52402 921300 1045971 446646 408606 779405 398254 635584 289705 723280 916966 508539 1041332 1077834 161607 998249 815811
554661 363867 369830 490034 753219 89031 281864 315006 620364 197590 340539 169694 323862 666812 58812 531595 572995 94777 572382 197240 619209 705483 687923 179069 309998 202993 503558 515155 330222 207066 186035 431446 406619 684428 751789 357060 366164 626175 140634 226813 628375 590891 515220 544098 211274 230862 450732 84450 466401 486199 314628 430256 393750 50030 745172 999999999 429133 400596 526656 225449 462332 194174 324041 738412 149228 333765 394375 499244 304146 351108 311187 411029 623107 609920 545165 594528 392341 264735 519473 214471 371695 291250 166833 698177 619250 486197 347165 370796 192143 398020 243685 455468 56078 353831 606567 296175 381328 620311 513917 129050
