NAME : synthetic_000760
TYPE : CTSP-D
DIMENSION : 100
GROUPS : 8
RELAXATION_LEVEL : 1
EDGE_WEIGHT_TYPE : EXPLICIT
EDGE_WEIGHT_FORMAT : FULL_MATRIX
EDGE_WEIGHT_SECTION
999999999 328946 319236 379467 570353 354836 605544 291610 114685 484524 326390 536496 606028 149381 462498 705330 738735 488835 245775 615960 557895 760299 325637 288156 237431 325781 65745 214349 493396 154510 671178 763149 611817 425011 239209 162501 353803 528480 493085 643461 313029 498790 546728 583299 552763 248903 589779 771819 509260 747648 497261 555186 199119 529929 314225 680168 61029 237724 252424 375018 179168 524532 87253 626372 173618 532656 417001 338544 599290 567846 277664 433680 641181 184975 174529 143835 627475 348563 495584 305775 585590 593107 594635 307910 596690 835933 694763 78376 451371 444806 226489 256147 380720 662092 324019 528904 634803 112406 142138 286122
328946 999999999 400807 271690 581195 474937 279163 86835 437135 515918 250449 393131 369745 247743 209278 860721 542112 161136 570063 289964 260323 494234 23892 338688 261297 598629 266780 253489 265333 251535 461047 499277 436226 459299 553060 262971 681500 566594 166276 801069 604405 581513 218404 793177 645193 170240 296915 539283 514984 489292 230290 586377 150127 208916 311379 375828 385584 100545 512173 392794 399204 195587 378897 639548 276737 459782 730161 494238 314413 348688 440885 707294 759514 158882 403707 192696 315592 203044 668959 588475 744538 502393 453139 182384 401903 597739 843995 259929 156191 686273 324593 403890 280082 492314 99893 261810 666930 432277 199602 594642
319236 400807 999999999 201003 864600 76390 588294 314742 397727 781610 562794 302896 439827 206277 369055 1024201 934469 502308 399025 651200 483422 894312 380142 62171 142386 302087 329740 157575 658729 198710 463319 899560 818836 719741 352528 439405 503390 829389 539652 962449 599655 809561 576049 895971 866615 230952 694250 938987 799223 889994 403013 855085 385891 508901 583609 764513 314283 381213 563637 660203 498078 545561 261668 923197 456681 792244 478362 656140 713482 394690 94891 385312 959332 374592 179136 351315 562578 238996 814541 600309 904711 847267 821890 512034 790237 998240 1013894 277334 556647 751975 99499 80365 613356 874522 315791 662459 937339 401321 360785 555962
379467 271690 201003 999999999 826560 273105 395340 192569 487733 751752 497615 158197 249708 230116 170993 1054106 810181 324414 547771 469801 283874 739395 247818 154832 147424 490653 352777 167798 535171 225314 296470 745524 707681 690764 509597 429721 661024 802442 370911 992101 691847 801030 397382 952046 863191 150398 536775 798441 759239 739119 203271 825393 333390 319041 541604 594650 406139 303474 628214 624980 534491 366375 365953 886089 448070 722014 659939 674687 559053 205723 285190 582424 969426 328830 322387 328172 362621 68651 847856 685238 933562 768966 724290 433697 672462 852987 1040387 306723 412983 820290 196547 255088 538314 763688 171808 521417 908299 487787 339714 660224
570353 581195 864600 826560 999999999 915718 756879 639503 566551 86174 332166 968447 946154 658878 788852 371939 405566 670143 723815 681196 810612 561484 602314 815637 738423 872498 538605 716689 415483 666469 1040369 557817 326064 145835 750782 425498 774465 55224 624023 333640 523902 128532 664702 421759 149334 681109 551040 493191 67321 536690 804909 35910 495515 730068 286245 622830 610254 523351 442100 205108 413300 669876 655315 59586 408710 160101 892037 278816 535175 928906 843973 968532 247543 502619 744749 516388 834277 763173 297985 498290 302652 177025 264939 399624 358388 542617 350629 589147 526815 436826 765107 817398 303431 326250 669584 481983 87469 557936 505996 568502
354836 474937 76390 273105 915718 999999999 663783 389462 415793 831348 624438 355954 503150 264965 442997 1052270 1004649 578691 384837 727575 556808 968988 454777 137666 214246 258113 377165 226226 730035 257696 516864 974129 887165 770035 334879 490761 479498 877757 615883 991193 609197 852709 652438 915550 907504 304707 769527 1011737 851536 964212 476229 903965 449166 584707 639523 840592 337106 449148 585977 713068 533063 621942 283630 973530 507135 852217 436396 693070 788438 458182 81790 327105 994871 436923 190686 409739 635697 314874 843715 613089 934354 908654 887592 577214 859887 1071537 1043274 326857 631048 768679 159438 99020 676338 942516 391750 736109 985260 420787 418276 561014
605544 279163 588294 395340 756879 663783 999999999 321864 715697 713247 466887 414139 282581 501301 225719 1086805 550257 118228 841124 108040 128456 412847 279960 531367 476732 843970 545086 480449 345638 502692 373654 420502 498038 668016 818827 534953 954628 759709 139311 1031044 881404 794920 92193 1044525 856413 395941 242717 500630 698532 422826 199466 772949 427092 81157 539364 246624 659765 378511 786062 607733 672191 93546 646040 808495 546336 604984 991882 745080 267809 299260 657297 947562 973844 437120 651367 471859 89668 349483 912550 864395 978102 623787 543896 409054 454252 538389 1068025 532575 233497 951130 545039 621704 468081 543673 298163 286424 843832 711059 478641 873505
291610 86835 314742 192569 639503 389462 321864 999999999 405511 568126 308036 329164 338844 180205 180959 892922 628072 211669 520047 355570 266690 579607 65402 252572 177192 528601 238099 172217 351026 182237 421281 584826 519814 508543 496963 272192 634216 619078 234888 831861 590476 624970 280431 809742 688255 85893 380327 626104 572343 575311 212182 640822 160150 242722 358271 454884 341600 118866 507281 441885 399229 252844 324455 698769 289079 529817 670607 517113 398981 309127 359598 635409 799092 161288 333738 179246 336078 125402 693222 577708 774044 576396 533213 242466 486771 684401 877506 214960 241943 691528 242845 322551 346440 575994 36271 348469 723069 402170 189522 572694
114685 437135 397727 487733 566551 415793 715697 405511 999999999 481103 385311 642705 719426 258933 577156 638734 794618 598115 169297 719472 672088 838114 436005 379398 341956 306629 170626 320206 570637 262985 782093 840159 666911 427923 185944 222247 260043 518085 598107 578462 206060 473693 652695 500086 519094 362826 680516 838230 512824 823182 611946 545073 296809 641552 352161 772991 84810 341088 170856 392314 153695 632099 136083 617638 224503 561288 347694 302206 687287 680539 334099 402585 591670 284165 225218 245621 740823 461273 432409 203556 522858 622745 640340 384622 658366 902591 630904 193020 547414 354507 316832 323427 436451 712751 438397 614344 618552 8852 240619 172954
484524 515918 781610 751752 86174 831348 713247 568126 481103 999999999 265591 897161 884518 576525 725062 381581 431327 618608 639942 646480 755888 566747 535821 733885 657859 786716 454202 635715 383018 584108 976926 564204 331187 62083 665823 342207 694342 50959 576586 332594 449785 92353 621423 393882 146088 604339 525102 511605 41507 543008 743632 74132 418783 678919 210331 604876 524081 450221 362504 126776 327622 623083 569265 142248 325011 158268 809886 200169 512560 864599 758883 883410 262489 424786 658995 435716 786026 690012 259190 423845 289295 201347 273915 333619 355093 566916 361387 505265 480053 381514 682130 732805 247245 345671 599728 451432 157279 472446 425025 491303
326390 250449 562794 497615 332166 624438 466887 308036 385311 265591 999999999 636505 619018 359473 459487 622778 413011 362100 552835 420106 494325 458270 270792 507303 425967 651970 270048 406788 197071 366752 711364 459530 285663 210380 558713 166499 643198 316179 327577 565575 473979 335409 378410 580027 398750 357019 330944 452920 265358 441456 478285 336011 177221 421948 73097 423821 383935 194723 368942 145084 265516 373710 410913 391159 161103 230128 730956 284344 329523 599122 563794 760061 514983 188204 482402 215793 531431 432646 446203 451208 511692 284515 270093 68067 273469 517280 604735 308224 237321 500808 465922 531500 54574 335760 337483 255271 417036 377089 208557 487775
536496 393131 302896 158197 968447 355954 414139 329164 642705 897161 636505 999999999 164342 387191 211876 1210023 905597 386384 688277 510961 285847 806991 370174 281351 300753 604859 510952 322839 640491 381997 161081 813956 815663 837251 646001 584582 798377 948098 441830 1148153 847869 951466 449773 1110129 1014273 305875 609813 879682 901362 811335 221982 969973 482745 356023 687056 648151 559738 447070 786208 770728 692502 420998 516357 1027605 602777 852863 781171 830710 634473 125628 397535 682807 1122596 479959 460366 483338 350252 208890 1004713 842041 1089690 894978 840619 569837 776766 928109 1195899 464738 508834 978390 337023 376118 671806 870402 299130 612689 1052228 643241 494865 814288
606028 369745 439827 249708 946154 503150 282581 338844 719426 884518 619018 164342 999999999 462063 161354 1227833 816411 296385 795257 388633 161113 693496 351842 402504 391682 737998 564944 408588 572635 459068 97837 700993 743666 828780 758534 611004 909309 934909 352825 1167417 917249 951231 342237 1148585 1014912 357248 508970 776669 881102 701769 141245 953738 497827 247568 681093 528321 642491 452406 841327 762416 736349 318868 607860 1003333 627750 812519 909198 854889 534587 45138 530406 825138 1128907 499967 571640 516498 203489 258514 1030985 907187 1110111 845626 778713 551134 701599 818328 1211666 528316 439236 1028651 446040 502758 642730 795191 302664 530238 1032906 718066 527237 892016
149381 247743 206277 230116 658878 264965 501301 180205 258933 576525 359473 387191 462063 999999999 328040 840382 747233 391756 345525 533634 432784 731248 234714 157877 90720 351051 132332 66898 477704 7591 523188 735502 626571 514518 318586 234701 460701 624901 411012 778195 461878 608942 459237 727692 667849 111295 540756 762452 593225 723165 364291 650285 185045 421260 377358 622987 180436 192458 399839 454184 313119 432452 150249 717689 252449 587611 490616 464030 555854 422248 208407 459550 765944 172313 155977 145409 507611 203563 631375 455132 719715 643734 623939 313946 601905 824369 828258 80710 397631 592342 107304 173888 411540 681249 203959 494530 732900 258446 154605 431873
462498 209278 369055 170993 788852 442997 225719 180959 577156 725062 459487 211876 161354 328040 999999999 1066520 694341 175130 672305 308923 114812 597173 190670 316156 276657 644242 415018 287225 433310 326753 251884 603970 608028 668570 641406 451844 787568 775662 230030 1006167 768646 790343 241926 989395 854019 217140 398395 667963 723138 600595 36769 795106 337760 153482 520256 441871 505657 291522 687782 602030 580188 211967 478163 846682 468206 660412 804837 694326 422875 140076 446087 742256 967727 340720 460285 360163 194148 137047 870329 756861 948941 697483 636830 391443 568035 717123 1050321 384137 299976 872478 341590 412549 485972 661989 144790 401671 875112 574785 370481 747700
705330 860721 1024201 1054106 371939 1052270 1086805 892922 638734 381581 622778 1210023 1227833 840382 1066520 999999999 773586 984858 738053 1026061 1115265 933388 876765 992013 930741 916126 708275 906889 764269 847239 1313980 929753 697517 419411 782712 625613 732134 343884 948097 62195 477415 293319 996096 174480 235633 904320 906681 863390 407855 908620 1090616 341732 732876 1044722 553047 985619 715166 776004 467974 479304 528284 994617 768674 350439 607550 527117 861147 379423 893965 1201421 971168 983562 124415 733150 861948 726688 1154143 1002316 209760 462400 120754 548777 636606 686695 727949 909791 21434 759813 853631 310621 931320 956428 619172 697360 928141 832762 310067 632901 715165 534785
738735 542112 934469 810181 405566 1004649 550257 628072 794618 431327 413011 905597 816411 747233 694341 773586 999999999 523929 963533 444753 655982 187580 565350 873538 792086 1063443 679807 778468 277079 753651 913212 181034 127760 437831 971450 579420 1047722 446814 466972 738856 843336 518645 474977 822129 554003 705660 308958 93494 391878 163613 691332 439544 565078 568843 444342 323556 796868 556276 741420 430463 658839 497567 821770 423921 572867 275741 1142010 601353 283388 818854 955585 1172220 649781 579179 886519 615538 639920 742092 690034 817826 707440 231829 164368 437455 145337 137088 752152 711852 399009 808268 846377 920459 359540 87778 640108 292940 465066 786103 611001 871220
488835 161136 502308 324414 670143 578691 118228 211669 598115 618608 362100 386384 296385 391756 175130 984858 523929 999999999 726901 148952 142985 422331 163442 442208 378525 739648 427598 378718 277469 393902 394201 429050 447287 569128 706663 417706 839641 667007 57026 927589 763412 695757 73858 934064 758426 291933 223431 493409 608324 425470 167617 682625 308937 60314 432933 270694 544079 260285 668712 506113 554950 43271 532940 724739 429596 526315 881614 633916 248137 295166 562141 845576 875477 318895 545148 353789 169369 266522 804228 746621 873263 554197 483537 300030 405251 542003 966719 417200 146334 836361 446773 525582 371364 498943 193804 234256 757611 593343 360463 755280
245775 570063 399025 547771 723815 384837 841124 520047 169297 639942 552835 688277 795257 345525 672305 738053 963533 726901 999999999 859321 778309 1001184 563812 407099 403679 179660 311478 388105 733410 346059 841897 1003604 835787 590265 51373 387545 115271 672800 735854 682211 261359 620603 788454 578372 658277 456698 835177 1005366 674094 987248 708846 699434 444814 762718 521457 925880 185745 482818 292092 559219 317603 764699 195984 771578 391738 729189 178492 449111 844086 752484 310204 251283 713765 430737 227914 389605 852781 541500 545651 275752 631961 790591 809635 546715 826271 1069740 734316 310204 697144 430237 352712 318964 604761 881979 547695 772780 767987 177978 387698 204597
615960 289964 651200 469801 681196 727575 108040 355570 719472 646480 420106 510961 388633 533634 308923 1026061 444753 148952 859321 999999999 229971 305207 299448 591160 526585 883910 551763 525696 265779 536471 481133 312802 401701 607272 843023 518909 969666 690113 123688 972929 866992 732742 75718 999266 792034 438561 141843 392722 627081 314811 290006 700644 422896 156039 493003 139738 674109 378925 766685 551965 653532 105682 668856 729526 527170 524422 1019985 704288 165518 401890 710426 990978 908946 435311 688797 474371 196879 414552 863824 847680 922583 536165 451821 372476 357959 430567 1006470 549570 185081 918329 594596 673732 409656 443961 341326 199763 766757 713752 478872 866150
557895 260323 483422 283874 810612 556808 128456 266690 672088 755888 494325 285847 161113 432784 114812 1115265 655982 142985 778309 229971 999999999 533561 250074 430968 389140 757879 504491 397961 419890 432418 257247 540968 587376 704027 749832 521827 893463 805084 196823 1056665 855139 829717 181264 1053296 892968 321726 348003 615614 747742 541196 80603 821730 407152 87975 562321 369540 605666 357707 767778 639397 656335 159129 582715 865948 536331 668861 916184 753872 373637 171984 560841 856729 1009304 413499 571623 440491 79336 251110 927732 841195 1001023 697172 625659 428780 544654 657945 1097791 480457 289292 945741 455172 527125 509309 637640 233982 372753 898034 668837 449536 839112
760299 494234 894312 739395 561484 968988 412847 579607 838114 566747 458270 806991 693496 731248 597173 933388 187580 422331 1001184 305207 533561 999999999 514237 832144 755528 1072421 695848 746975 267791 736449 786330 7991 236676 555909 999475 615880 1097978 593559 370059 892543 927112 658690 357478 959682 703743 664416 202659 102767 532137 25265 585296 592170 566093 452631 512595 166617 821181 541554 821984 528192 723332 386000 834692 590505 614884 409960 1176601 704698 181335 704514 933334 1182625 809017 580869 882950 621548 500074 675250 822864 903077 854483 385160 296974 454480 213047 125801 912099 715612 338044 922573 817917 896557 414694 240372 581090 236782 631889 830354 620407 944998
325637 23892 380142 247818 602314 454777 279960 65402 436005 535821 270792 370174 351842 234714 190670 876765 565350 163442 563812 299448 250074 514237 999999999 317973 241934 585677 265396 235493 288763 237956 441775 519436 460022 478521 544844 271774 676273 586610 176366 816751 608670 599718 226004 805539 663389 150556 315383 561252 535868 509916 213945 606788 157121 206034 329698 391755 380641 107635 518629 411844 406542 201029 370746 660871 286480 482699 721028 507632 333732 329115 423143 693723 777082 164039 390487 194369 309693 179169 683002 593558 759877 525822 477012 202857 425515 619237 860315 253848 176549 695708 306514 386093 302203 516093 76013 283358 687721 431561 202339 596685
288156 338688 62171 154832 815637 137666 531367 252572 379398 733885 507303 281351 402504 157877 316156 992013 873538 442208 407099 591160 430968 832144 317973 999999999 82372 335979 287896 100554 597420 150362 437458 837389 758845 671826 364720 392472 517105 782515 478374 929950 584870 766631 515787 870916 825178 169020 632160 877107 749579 827838 351285 807763 330084 451275 532129 702948 294590 322136 538857 610631 463789 485479 245322 874656 410291 737314 506974 618793 651332 357771 130840 428212 921633 319586 179321 299658 510304 182178 782338 582882 871736 791329 763341 454322 729605 936221 980730 235072 494484 730031 62668 100396 556817 814671 254089 600392 890498 381725 309777 545388
237431 261297 142386 147424 738423 214246 476732 177192 341956 657859 425967 300753 391682 90720 276657 930741 792086 378525 403679 526585 389140 755528 241934 82372 999999999 369308 222467 23866 516494 84297 443860 760543 676721 595788 368437 318883 518074 707127 409414 868547 547236 694953 450867 818176 754787 91392 557312 797539 671920 750310 313343 731935 248891 395610 453477 631681 259332 239764 489374 533328 403807 421461 218573 797699 337096 656087 528295 553640 575514 349325 183917 471013 854737 238979 184066 222176 467481 140584 721903 541937 810034 709607 680971 372109 647870 857294 918437 171399 417485 681903 68455 147149 474948 732494 185322 521957 814941 342519 232840 513801
325781 598629 302087 490653 872498 258113 843970 528601 306629 786716 651970 604859 737998 351051 644242 916126 1063443 739648 179660 883910 757879 1072421 585677 335979 369308 999999999 383757 363606 809700 347734 765406 1076016 936990 731825 133466 487953 238598 824603 761818 859391 440602 779585 808996 757919 822636 448534 888404 1092394 817057 1062010 680589 851608 507121 762867 637535 972893 271174 531820 460295 690539 459207 781351 241710 924168 497849 854573 178338 607512 901857 693069 208256 110206 886261 492362 195206 452593 836550 507195 720025 453851 807838 915638 920366 628482 920294 1156021 911718 357088 745397 609547 302722 235596 706393 987730 546935 836476 925047 315063 455283 384131
65745 266780 329740 352777 538605 377165 545086 238099 170626 454202 270048 510952 564944 132332 415018 708275 679807 427598 311478 551763 504491 695848 265396 287896 222467 383757 999999999 198618 429569 139378 636167 698834 553710 392878 304202 115204 418688 500934 429355 646081 353642 479934 483458 599393 537647 210126 524060 709789 474801 683622 448436 526997 133375 471089 267946 614430 126555 172942 277778 336974 182363 462107 142053 596367 130529 485762 482351 331749 533708 529143 306323 493010 634011 119260 214471 78245 571464 312166 499551 342442 587567 545058 540010 245399 536547 773716 696009 52853 385704 468549 231083 278811 324618 605233 272480 463619 608667 166206 76446 334635
214349 253489 157575 167798 716689 226226 480449 172217 320206 635715 406788 322839 408588 66898 287225 906889 778468 378718 388105 525696 397961 746975 235493 100554 23866 363606 198618 999999999 503916 60592 463674 751805 661698 573633 354770 295970 502983 684811 406646 844695 525041 671857 450079 794487 731516 87180 550358 786330 650346 741029 323994 709747 229569 399316 432292 626911 238346 223775 465999 511584 379952 421256 199632 775883 314120 636769 518230 529878 567816 366949 187651 467544 831123 219037 173681 200302 475548 153522 698038 519349 786185 690925 664321 354602 633812 846683 894604 147550 409230 658535 71106 150601 456545 717271 184927 512177 792690 320515 210765 492490
493396 265333 658729 535171 415483 730035 345638 351026 570637 383018 197071 640491 572635 477704 433310 764269 277079 277469 733410 265779 419890 267791 288763 597420 516494 809700 429569 503916 999999999 483659 670410 270217 175172 348912 732364 348533 830630 425167 223363 713151 671038 471589 254561 751633 529075 429020 144260 284887 361746 254283 437104 435013 302732 333143 261058 232322 554109 285246 565957 300880 461727 265562 569864 464680 348363 260024 909088 468942 136732 566910 684815 919788 645270 317452 624131 357165 428389 466718 613949 648165 665220 279286 206148 186696 137467 347440 744261 452787 133982 688888 573010 648930 164085 230192 364073 68528 501346 562964 355067 684106
154510 251535 198710 225314 666469 257696 502692 182237 262985 584108 366752 381997 459068 7591 326753 847239 753651 393902 346059 536471 432418 736449 237956 150362 84297 347734 139378 60592 483659 999999999 519140 740753 633226 522102 318126 242262 461303 632472 414105 785056 466535 616394 461882 733901 675241 110694 545330 768329 600815 728545 363129 657863 192024 422443 384913 627073 183539 198446 405584 461774 319767 434849 151438 725279 259995 595012 489211 471119 560651 418924 201934 455891 773151 179410 152533 152894 507662 200700 638153 460109 726592 651061 630918 320825 608335 830137 835182 87442 402270 598113 99801 167153 418720 687974 204914 499791 740471 262713 162139 435853
671178 461047 463319 296470 1040369 516864 373654 421281 782093 976926 711364 161081 97837 523188 251884 1313980 913212 394201 841897 481133 257247 786330 441775 437458 443860 765406 636167 463674 670410 519140 999999999 793935 841487 920211 801486 692305 953731 1027542 450568 1253049 984173 1041254 438456 1228264 1104895 426053 605143 871570 974851 795541 236705 1046961 581428 344562 771413 620275 701764 538139 913935 853585 812673 415923 662418 1097951 709627 908849 941111 938232 630787 112844 557620 843831 1217815 582150 614533 594718 289192 324091 1114271 975928 1195298 942796 876455 643313 799380 911661 1298336 595258 536912 1103796 489186 534714 737160 892926 385855 627931 1126801 781611 605841 954991
763149 499277 899560 745524 557817 974129 420502 584826 840159 564204 459530 813956 700993 735502 603970 929753 181034 429050 1003604 312802 540968 7991 519436 837389 760543 1076016 698834 751805 270217 740753 793935 999999999 233645 554207 1002282 617912 1099937 590454 376523 889280 927490 656032 364563 957401 700590 669497 208750 95199 529283 21231 592328 588733 569448 459813 513047 174388 823988 545465 822413 527380 724354 392959 837960 586208 616685 407099 1179247 703941 187040 711824 937989 1186222 805359 584228 886889 624812 507824 681200 820751 903368 851599 381274 293614 456896 211290 118017 908446 719104 343098 921493 822705 901245 415365 235685 586674 240972 627611 832360 623536 945840
611817 436226 818836 707681 326064 887165 498038 519814 666911 331187 285663 815663 743666 626571 608028 697517 127760 447287 835787 401701 587376 236676 460022 758845 676721 936990 553710 661698 175172 633226 841487 233645 999999999 326052 843803 451913 920574 356883 391149 655931 721071 422677 412346 724944 467074 593086 260059 185833 295685 212414 610485 355913 442642 499508 317268 310871 669598 438058 618005 309529 532332 429158 695466 359404 445161 173525 1014259 484106 237793 740146 834881 1045465 573285 456394 762325 491464 585630 639047 589091 695848 617965 152301 61297 313874 43839 246869 676298 587377 308095 696904 728052 800374 231927 56184 535947 214880 400357 658409 486366 746835
425011 459299 719741 690764 145835 770035 668016 508543 427923 62083 210380 837251 828780 514518 668570 419411 437831 569128 590265 607272 704027 555909 478521 671826 595788 731825 392878 573633 348912 522102 920211 554207 326052 999999999 613598 280348 651030 111896 529842 365666 416706 126943 576946 407179 189299 542895 492976 511124 85261 533278 688340 136155 357521 629369 150273 577253 466544 390183 322517 66801 274316 576424 510482 203595 263288 163339 763002 166949 482897 807625 698139 830465 306434 363211 599246 373656 737734 629600 269146 390676 316400 218416 274495 277807 342921 569855 400273 443666 434590 371296 620250 671633 199965 350217 540720 417259 219240 419158 362950 453498
239209 553060 352528 509597 750782 334879 818827 496963 185944 665823 558713 646001 758534 318586 641406 782712 971450 706663 51373 843023 749832 999475 544844 364720 368437 133466 304202 354770 732364 318126 801486 1002282 843803 613598 999999999 392224 152384 701148 719335 725926 307958 652470 770696 625508 693133 428459 827211 1008904 698318 986646 678128 728015 436714 739333 533632 916374 178296 470967 328594 577916 339287 745741 174189 800486 398711 746084 178575 480248 837566 715128 261863 217880 753714 422208 187315 380847 825672 508115 586914 320557 674477 807533 821078 546317 831694 1073179 778253 294305 686949 476815 313231 273123 611910 891790 522468 767816 799092 194773 380456 252082
162501 262971 439405 429721 425498 490761 534953 272192 222247 342207 166499 584582 611004 234701 451844 625613 579420 417706 387545 518909 521827 615880 271774 392472 318883 487953 115204 295970 348533 242262 692305 617912 451913 280348 392224 999999999 482130 390257 404076 563881 348505 376222 459511 537650 436672 279397 463463 617924 360822 600971 480525 415771 115080 470442 153328 556931 218096 164146 251111 222347 137255 444273 249077 483873 18441 371771 565195 246821 468333 580804 421318 595063 540100 111135 328711 101551 578390 376715 422349 330179 505540 431678 432484 163383 439621 682291 611326 163905 337943 423936 339923 393028 220019 500991 308340 394478 498255 214478 90012 348311
353803 681500 503390 661024 774465 479498 954628 634216 260043 694342 643198 798377 909309 460701 787568 732134 1047722 839641 115271 969666 893463 1097978 676273 517105 518074 238598 418688 502983 830630 461303 953731 1099937 920574 651030 152384 482130 999999999 720939 846576 681474 265061 660776 899805 562546 689388 571917 939055 1095570 731588 1082782 824115 746598 550981 876698 603387 1030892 295917 591462 332367 629576 389917 876746 310871 816956 483470 800408 129088 495651 946560 866238 410962 263742 727405 537371 339271 496830 967712 656463 557937 287136 637251 861100 889356 644656 914813 1159832 731744 422441 803464 422307 465031 424690 692795 963753 662402 873995 807821 267666 493801 211073
528480 566594 829389 802442 55224 877757 759709 619078 518085 50959 316179 948098 934909 624901 775662 343884 446814 667007 672800 690113 805084 593559 586610 782515 707127 824603 500934 684811 425167 632472 1027542 590454 356883 111896 701148 390257 720939 999999999 623920 299316 469011 75316 667675 375701 110244 654767 565367 531472 64163 569227 793934 27033 469322 727286 261187 642219 565526 501129 388704 177559 365801 670307 612105 99567 372757 184191 839505 225607 551516 915281 804293 919025 221569 475103 702980 485128 833780 740873 247407 443463 261895 215129 297084 384238 385009 583718 323092 552493 527042 382860 729982 778992 295878 364124 650684 493169 108000 509581 474320 514160
493085 166276 539652 370911 624023 615883 139311 234888 598107 576586 327577 441830 352825 411012 230030 948097 466972 57026 735854 123688 196823 370059 176366 478374 409414 761818 429355 406646 223363 414105 450568 376523 391149 529842 719335 404076 846576 623920 999999999 892032 752454 656785 55464 905631 718686 319570 168897 437942 563800 371859 224410 638275 302608 109785 400077 225471 550834 257027 654440 468847 540594 46585 545171 677396 414000 476602 896351 606567 193010 352191 593160 869498 836069 314384 566613 352543 210275 309247 773315 734227 838896 501764 428871 270400 348836 487857 929459 425959 97215 814713 476623 556217 330194 442367 224791 177460 711381 592644 357628 748583
643461 801069 962449 992101 333640 991193 1031044 831861 578462 332594 565575 1148153 1167417 778195 1006167 62195 738856 927589 682211 972929 1056665 892543 816751 929950 868547 859391 646081 844695 713151 785056 1253049 889280 655931 365666 725926 563881 681474 299316 892032 999999999 422893 241734 940826 138601 189114 842394 856449 826819 362209 868070 1030680 300975 671746 987255 494987 937413 654103 715297 407958 423354 466187 938463 707563 320773 545868 483503 810552 317464 844694 1140579 910227 929456 95804 671793 801044 664841 1096952 940595 147909 406529 58586 510262 595673 628575 684232 875769 52576 697633 798343 259236 869334 895076 564456 659747 867196 781672 282648 572466 653325 480288
313029 604405 599655 691847 523902 609197 881404 590476 206060 449785 473979 847869 917249 461878 768646 477415 843336 763412 261359 866992 855139 927112 608670 584870 547236 440602 353642 525041 671038 466535 984173 927490 721071 416706 307958 348505 265061 469011 752454 422893 999999999 403368 807910 317560 426595 560235 801122 904990 489737 908187 801851 493289 454658 813296 414537 894867 290640 503912 105256 412884 214012 791944 339944 561142 339846 577049 392619 250783 802103 880033 527859 506570 462957 445548 422335 414945 918345 661041 293315 26046 375197 634644 679460 500817 724986 967546 474538 389390 684352 168945 522456 522553 512789 756082 625526 727429 548332 204828 406427 57412
498790 581513 809561 801030 128532 852709 794920 624970 473693 92353 335409 951466 951231 608942 790343 293319 518645 695757 620603 732742 829717 658690 599718 766631 694953 779585 479934 671857 471589 616394 1041254 656032 422677 126943 652470 376222 660776 75316 656785 241734 403368 999999999 703757 303737 63681 651194 614730 601264 127595 634818 811494 93844 468778 755950 270139 695988 529350 506109 330893 190325 326282 703367 578700 157865 357920 249237 782326 172254 603011 928448 776448 869840 179747 472319 671748 475925 864525 742716 172634 378369 196987 286922 364488 401843 447363 655121 273828 532613 561462 308297 711004 753700 326841 434416 658446 540117 147659 465559 464614 451394
546728 218404 576049 397382 664702 652438 92193 280431 652695 621423 378410 449773 342237 459237 241926 996096 474977 73858 788454 75718 181264 357478 226004 515787 450867 808996 483458 450079 254561 461882 438456 364563 412346 576946 770696 459511 899805 667675 55464 940826 807910 703757 999999999 957805 764971 362975 166746 435327 606382 362999 227885 680786 357731 95834 451318 199988 603910 311652 709770 517498 595950 31011 596528 716463 469334 513254 947032 659431 192375 348704 634710 915770 882398 369321 613997 407074 174369 340318 824607 789643 888424 533491 455528 323519 368871 480007 977158 478280 142493 868938 518890 598014 376992 460375 265618 198191 751684 647339 412413 803958
583299 793177 895971 952046 421759 915550 1044525 809742 500086 393882 580027 1110129 1148585 727692 989395 174480 822129 934064 578372 999266 1053296 959682 805539 870916 818176 757919 599393 794487 751633 733901 1228264 957401 724944 407179 625508 537650 562546 375701 905631 138601 317560 303737 957805 999999999 273489 806136 895706 904927 431230 936253 1017407 386128 651773 991840 506931 982642 581891 699248 332491 450922 417679 950979 635060 424787 521194 552112 691100 300219 887542 1117598 833770 818587 222664 648774 725222 633550 1102027 907440 138119 306957 127772 590302 667697 635486 747026 958770 179451 647576 817343 149088 808645 823327 591841 738153 845938 818948 391936 495617 622458 373793
552763 645193 866615 863191 149334 907504 856413 688255 519094 146088 398750 1014273 1014912 667849 854019 235633 554003 758426 658277 792034 892968 703743 663389 825178 754787 822636 537647 731516 529075 675241 1104895 700590 467074 189299 693133 436672 689388 110244 718686 189114 426595 63681 764971 273489 999999999 713135 671133 640210 173227 679367 875157 114511 531527 818668 333820 750130 579686 569417 366228 253695 376779 765268 630302 154261 418279 294403 813903 217691 658332 992082 830131 909102 117433 534731 724079 537093 926964 805444 159065 402934 153483 323332 407091 465380 495123 691088 215327 590475 622919 308652 768600 808631 388502 472839 721863 597508 128231 511309 525707 478377
248903 170240 230952 150398 681109 304707 395941 85893 362826 604339 357019 305875 357248 111295 217140 904320 705660 291933 456698 438561 321726 664416 150556 169020 91392 448534 210126 87180 429020 110694 426053 669497 593086 542895 428459 279397 571917 654767 319570 842394 560235 651194 362975 806136 713135 999999999 465924 708088 613875 659506 253202 678278 185697 315044 395028 540704 288868 163238 487904 477779 388693 334299 261532 740694 297723 585710 597654 524931 484211 319882 273906 553731 819032 179776 255445 177878 397217 102062 698860 550816 783902 636381 601245 297329 562431 767297 890393 171069 326399 678281 157191 236885 402169 649153 98441 431578 761379 361150 189422 535014
589779 296915 694250 536775 551040 769527 242717 380327 680516 525102 330944 609813 508970 540756 398395 906681 308958 223431 835177 141843 348003 202659 315383 632160 557312 888404 524060 550358 144260 545330 605143 208750 260059 492976 827211 463463 939055 565367 168897 856449 801122 614730 166746 895706 671133 465924 999999999 270246 501387 203105 389938 573274 390776 261921 399810 93831 650578 357892 697018 444816 588254 191481 656702 596323 467147 391787 1005755 610390 25648 514281 737799 998182 786517 405143 695404 446504 332109 472638 758118 779386 809121 398036 311603 301795 216414 318964 886460 535542 143185 829615 621463 700805 305784 302329 379560 77021 634801 673591 447642 809048
771819 539283 938987 798441 493191 1011737 500630 626104 838230 511605 452920 879682 776669 762452 667963 863390 93494 493409 1005366 392722 615614 102767 561252 877107 797539 1092394 709789 786330 284887 768329 871570 95199 185833 511124 1008904 617924 1095570 531472 437942 826819 904990 601264 435327 904927 640210 708088 270246 999999999 473703 82873 660184 526232 586577 531110 495644 259659 831654 570021 801179 494885 710958 461412 851378 514881 613880 353568 1183111 669907 245284 783927 969058 1202223 739227 601196 908676 640080 589551 731902 770743 879991 793209 316889 238065 464390 181373 64376 841967 736290 386514 882321 856198 932945 402829 167389 632964 278197 556199 830005 637112 928707
509260 514984 799223 759239 67321 851536 698532 572343 512824 41507 265358 901362 881102 593225 723138 407855 391878 608324 674094 627081 747742 532137 535868 749579 671920 817057 474801 650346 361746 600815 974851 529283 295685 85261 698318 360822 731588 64163 563800 362209 489737 127595 606382 431230 173227 613875 501387 473703 999999999 508054 739886 74481 428331 668477 219166 578068 551636 456048 400564 139040 359140 610004 595114 126878 344441 122185 845615 239370 487391 863127 780827 915407 285732 435579 683177 450076 773982 695899 298158 463746 322348 160897 236995 333043 322174 527994 387129 524709 466673 422875 699773 753540 238929 307020 602610 429552 151982 504080 439814 530195
747648 489292 889994 739119 536690 964212 422826 575311 823182 543008 441456 811335 701769 723165 600595 908620 163613 425470 987248 314811 541196 25265 509916 827838 750310 1062010 683622 741029 254283 728545 795541 21231 212414 533278 986646 600971 1082782 569227 371859 868070 908187 634818 362999 936253 679367 659506 203105 82873 508054 999999999 590191 567548 555065 458668 493898 178659 808387 532373 803179 507002 705868 390653 823292 565368 599365 385870 1163282 683586 180091 711279 926660 1172205 784232 569844 873723 610207 510983 674140 799653 883971 830369 360220 272409 440711 190398 117008 887318 704954 333368 900894 811783 890018 396519 215121 578359 229076 606760 815320 608647 927088
497261 230290 403013 203271 804909 476229 199466 212182 611946 743632 478285 221982 141245 364291 36769 1090616 691332 167617 708846 290006 80603 585296 213945 351285 313343 680589 448436 323994 437104 363129 236705 592328 610485 688340 678128 480525 824115 793934 224410 1030680 801851 811494 227885 1017407 875157 253202 389938 660184 739886 590191 999999999 812603 365758 134289 541449 426286 541314 318277 719444 622160 610767 199539 514487 862114 496449 672146 841565 720844 414997 129807 481573 778111 989754 369665 497032 391198 159570 173462 896537 789584 973820 706641 642405 410548 569450 707121 1074056 418970 303122 902718 378025 448358 501486 663452 176514 400245 891671 609401 401230 781918
555186 586377 855085 825393 35910 903965 772949 640822 545073 74132 336011 969973 953738 650285 795106 341732 439544 682625 699434 700644 821730 592170 606788 807763 731935 851608 526997 709747 435013 657863 1046961 588733 355913 136155 728015 415771 746598 27033 638275 300975 493289 93844 680786 386128 114511 678278 573274 526232 74481 567548 812603 999999999 492655 742808 283796 647728 592495 523327 414543 200523 392833 684484 638965 72564 398404 185963 865654 251684 558440 934940 830758 945895 217777 498808 729703 509811 848446 763263 262134 467876 267994 209408 295202 404033 386415 576632 320586 578391 541153 401928 755638 805257 312552 358967 671967 502450 83162 536576 499095 539205
199119 150127 385891 333390 495515 449166 427092 160150 296809 418783 177221 482745 497827 185045 337760 732876 565078 308937 444814 422896 407152 566093 157121 330084 248891 507121 133375 229569 302732 192024 581428 569448 442642 357521 436714 115080 550981 469322 302608 671746 454658 468778 357731 651773 531527 185697 390776 586577 428331 555065 365758 492655 999999999 358959 209348 481068 259817 49740 362138 292135 249540 339196 268682 555094 130692 407263 615159 357192 400858 469186 392656 617274 640612 14781 322458 55900 465508 273941 533323 438422 613899 461465 438898 129093 419901 649766 717595 150076 252585 538852 289960 358790 227543 496871 195747 331792 575729 290929 57219 446950
529929 208916 508901 319041 730068 584707 81157 242722 641552 678919 421948 356023 247568 421260 153482 1044722 568843 60314 762718 156039 87975 452631 206034 451275 395610 762867 471089 399316 333143 422443 344562 459813 499508 629369 739333 470442 876698 727286 109785 987255 813296 755950 95834 991840 818668 315044 261921 531110 668477 458668 134289 742808 358959 999999999 492392 292131 582788 309457 720690 566193 607350 71361 567175 784404 483201 585113 911635 691620 287465 252871 576508 866407 935682 367748 570489 400172 110247 269905 862852 797369 932707 611416 538474 359141 456721 575670 1026663 455568 204753 891592 463942 540796 431674 549666 217616 284809 817532 637293 407753 802583
314225 311379 583609 541604 286245 639523 539364 358271 352161 210331 73097 687056 681093 377358 520256 553047 444342 432933 521457 493003 562321 512595 329698 532129 453477 637535 267946 432292 261058 384913 771413 513047 317268 150273 533632 153328 603387 261187 400077 494987 414537 270139 451318 506931 333820 395028 399810 495644 219166 493898 541449 283796 209348 492392 999999999 491653 366368 240000 309389 83676 215497 446025 401369 345807 140627 218582 699790 212000 396493 658667 572727 742858 448440 216413 481995 232586 602278 479688 373328 390650 440337 278882 288181 133651 314292 559388 535472 314063 310414 429973 484562 543086 98608 361022 390537 323236 366710 343487 222848 433940
680168 375828 764513 594650 622830 840592 246624 454884 772991 604876 423821 648151 528321 622987 441871 985619 323556 270694 925880 139738 369540 166617 391755 702948 631681 972893 614430 626911 232322 627073 620275 174388 310871 577253 916374 556931 1030892 642219 225471 937413 894867 695988 199988 982642 750130 540704 93831 259659 578068 178659 426286 647728 481068 292131 491653 999999999 740716 445628 790669 532602 682078 230372 744582 663871 560848 462758 1094937 701079 95591 541313 814460 1082167 863765 495206 778656 536457 333463 534415 844672 873049 891961 459457 368971 395587 270359 292404 965041 623255 229454 920825 697712 777408 396089 341600 448874 168611 703683 766186 538195 902852
