NAME : synthetic_000613
TYPE : CTSP-D
DIMENSION : 100
GROUPS : 8
RELAXATION_LEVEL : 1
EDGE_WEIGHT_TYPE : EXPLICIT
EDGE_WEIGHT_FORMAT : FULL_MATRIX
EDGE_WEIGHT_SECTION
999999999 793885 482269 961124 98534 1032840 669616 419821 697295 1035418 894315 796100 656252 591545 911169 296999 643177 971417 1101960 380720 644931 245922 698206 577303 504596 777101 656453 794427 851905 744913 490257 763352 807522 654221 851194 723368 935275 267020 1124768 388097 204786 1030730 468883 115656 860521 394417 609230 523088 910327 1062001 952979 22948 18690 685546 414067 639738 477979 635026 709084 823292 552867 333943 755138 389194 807562 201598 107774 1039059 928954 526779 656344 504357 628669 347865 728120 489794 1002676 69892 960750 918726 466866 732173 850689 1055809 801613 366582 227561 828591 480344 591769 468855 868960 628067 500616 953797 387374 492409 295332 920133 1107074
793885 999999999 351870 393492 882286 266597 220628 609747 680875 254793 706636 450824 653721 420360 121611 667521 433562 195282 312112 637859 746315 573884 608003 546894 503617 345082 637237 363869 175592 157320 659254 693075 289680 406346 174138 693638 215882 955461 332883 731932 753499 237064 477677 678520 758170 474232 681393 766961 122870 284197 719182 801997 780462 292750 482653 533142 316157 396166 716629 520576 248185 514337 718694 645698 369681 883906 801146 273082 157388 653101 522133 571956 531141 636380 607278 409369 210416 848690 264227 178934 421091 372798 255631 262144 144970 449228 612098 609054 528024 426858 437819 689835 189976 382658 165510 488893 620665 788850 563398 314725
482269 351870 999999999 489010 558473 558651 345047 271289 691543 606662 562275 367569 400289 184605 454442 471140 236303 546375 638494 292143 467581 323572 389057 275466 442241 516463 387937 335146 371837 265989 565577 481877 331005 470426 371233 462105 544790 607737 663681 386732 405366 581790 150737 369614 574293 321827 645588 446055 451839 591214 603702 484709 472857 412887 134658 554127 117141 448510 471872 419297 195203 166004 495173 301412 348494 538669 465793 564609 461044 345180 556337 262060 293310 286593 405735 86837 558894 525416 478910 515520 327631 502853 514948 606355 421684 115727 366554 468146 447603 440002 105566 538005 163241 65252 517015 334267 535208 437002 508011 647248
961124 393492 489010 999999999 1025658 287160 596944 610946 1057076 499314 414926 218738 501364 383068 350465 946014 343706 481318 391776 654370 601590 809045 430670 462960 846251 738389 485501 172697 217917 282839 995898 476045 159142 785301 219369 500650 561193 1025690 417996 727348 837234 422601 505465 853185 494017 768945 1042841 689734 342847 325904 398462 959956 954022 676911 551827 907144 549985 771247 533451 256560 544789 627597 508779 655166 161008 970430 923383 287800 299571 580072 899304 530543 414594 672631 409896 471857 430378 994356 168444 521895 741199 763155 642484 432820 536630 601422 852140 344188 863935 792108 494829 409756 397110 460681 436332 783660 959430 826688 231963 413698
98534 882286 558473 1025658 999999999 1114780 765815 452237 786960 1127014 921841 848704 679840 647916 997791 387443 696587 1063160 1187663 409178 653768 344133 729459 616032 601807 875558 682472 855768 930244 823925 578973 785563 875853 752640 929619 743664 1029962 191202 1211142 393187 212904 1119350 523678 206203 879476 492929 697388 523088 996574 1145348 982625 83020 116622 783526 473904 735649 566238 733514 725430 869175 644937 400376 773423 415256 868601 144450 106967 1120892 1012899 548218 752645 540475 669407 379340 760363 554545 1092047 33605 1036908 1012332 565317 830707 947800 1144429 896155 444239 325929 864492 576936 690087 530836 897087 710795 568720 1043976 485903 583986 284358 965595 1193710
1032840 266597 558651 287160 1114780 999999999 480924 772415 928636 227222 695888 464454 734832 545743 151358 931752 530975 231513 107452 809536 836182 828335 671295 660266 768604 567321 717813 382445 192869 293359 924129 735407 309427 657712 193049 751594 328249 1161203 135254 897408 960105 146318 644223 917459 769651 738905 938847 896115 147375 41324 684425 1038026 1021208 543077 669837 785428 560229 650979 781750 521517 507850 723556 766706 814332 378744 1094932 1024366 6514 109874 779483 772048 710340 624663 817414 658025 586425 165326 1081386 126567 295626 687570 608157 443745 150330 365502 670822 868473 615026 793751 686513 615170 687656 404773 564351 194866 753720 885435 976408 516854 127961
669616 220628 345047 596944 765815 480924 999999999 612507 462646 389595 843851 599347 731062 493523 329814 482859 528397 327556 504656 626622 807974 427356 704137 608993 289791 174997 716694 524147 384812 320937 444476 796561 465399 188749 383382 785543 270020 877088 519365 719018 685144 412040 495661 560849 878007 295553 460797 790465 333551 491780 869341 682808 653374 82858 473405 313679 245180 176485 801062 667321 152445 467232 815966 637294 533664 801309 704115 487251 374808 689803 303910 606232 612855 613581 712740 428932 379097 733300 483355 261262 228457 176554 185565 435107 141336 392320 457466 743915 316747 206468 450477 823065 249755 403103 326555 308285 405739 744245 730475 500686
419821 609747 271289 610946 452237 772415 612507 999999999 892058 861716 474501 410642 238305 232558 697122 569676 267291 804658 866318 44899 250673 413972 278866 165054 641064 779330 237182 438735 579880 489094 724403 345281 482013 713345 579807 307139 812549 416053 893483 125232 242337 825640 132544 348727 443901 500005 827458 181768 693020 810148 533505 409056 421186 674132 139106 772869 369883 690616 297533 421172 460222 174798 340325 44225 450003 366763 345330 777516 690808 116348 779958 88875 219204 73039 309250 200446 807139 426567 667245 781300 537793 759035 786037 848987 692335 238881 445159 412343 635391 670707 172445 449173 421180 227414 770779 506671 704012 215804 516433 879001
697295 680875 691543 1057076 786960 928636 462646 892058 999999999 778432 1250871 1028668 1084220 874656 778741 400344 922851 730186 928425 883399 1134418 504606 1080092 960870 252779 371264 1073733 965218 847331 776157 208115 1172347 916986 274569 845906 1149672 638001 963172 935871 954410 832165 829416 821108 642820 1265795 392067 92222 1068317 783811 931611 1287433 719360 678911 388520 772669 149955 576800 286391 1155431 1091502 532380 717260 1183530 895857 976356 892843 786895 934596 828806 999878 158833 927165 984360 856217 1097277 773791 796432 765308 944976 654492 364778 322863 505214 847798 563256 659016 494043 1153916 256737 267167 781968 1227284 679190 756346 748215 385665 206398 921870 1167393 918255
1035418 254793 606662 499314 1127014 227222 389595 861716 778432 999999999 887635 638765 881012 659540 175242 872346 662421 64079 166512 891314 978478 803665 826557 784771 670217 407316 864020 549765 328689 382471 819085 903159 469605 527306 327843 911304 140440 1208631 164499 984971 1007110 80941 729212 921322 952961 683037 807299 1012544 181563 202980 885366 1045343 1020856 422131 737001 648882 562776 527811 937953 703925 482551 768516 932013 898794 550465 1136294 1050529 229846 208986 896797 631866 818102 761138 890751 819841 661976 69567 1093557 330900 130860 617890 458460 273250 83806 248428 701882 838121 797846 699373 572339 690763 875625 444453 635681 90984 696379 781044 1043642 718450 149515
894315 706636 562275 414926 921841 695888 843851 474501 1250871 887635 999999999 255963 242631 377674 718367 1006840 328023 854935 802781 514769 298616 848079 197175 324436 1004036 1014785 239378 344529 562453 550629 1125550 141766 423410 1009740 563505 185438 914238 845262 829862 537051 708979 818284 460751 817095 88224 882108 1207813 432166 711113 736276 63403 883375 895379 925325 520322 1108712 674392 989813 212990 186658 725653 601966 164921 507505 340926 816293 815967 697510 678660 374109 1108257 391720 281760 546842 169219 487091 818407 898323 570212 874453 889157 1019897 957349 832815 844849 626426 886683 99962 1009873 991097 487761 25727 594258 499509 809850 893678 1096513 652759 184738 823829
796100 450824 367569 218738 848704 464454 599347 410642 1028668 638765 255963 999999999 283117 205629 466427 837895 152929 602347 571606 455376 384000 686117 213474 252098 791340 766384 267040 89571 310531 295523 926753 270955 169703 774196 311468 288814 658655 826147 599614 519418 648005 573645 327244 697413 314413 684944 995803 472054 459385 505764 271439 791247 791965 681940 383089 881937 463929 755685 320282 69889 496375 466557 302331 454150 88406 776838 742998 467264 430548 365032 879027 324802 200361 478246 195670 317160 570380 819444 338518 618971 677533 775865 702740 590401 590181 462188 728322 160268 802027 763207 331770 240237 353570 317101 557737 698261 894039 624902 141283 590912
656252 653721 400289 501364 679840 734832 731062 238305 1084220 881012 242631 283117 999999999 239849 705946 796314 220425 834302 839880 275534 101705 637604 72346 124833 831742 905961 17108 353743 558895 502119 935456 107147 425800 870531 559422 69870 869514 605807 868111 295042 466939 826222 263378 586557 205657 697888 1029474 203652 699920 775887 304636 644170 658524 805941 315950 951864 517265 848718 71639 254897 590174 388171 104170 267293 359392 574125 574425 738441 681598 131654 955199 166000 122771 308601 100012 314016 816540 656985 612247 832508 719934 898564 878858 846037 771361 429895 672751 204213 831936 839589 302596 218488 492423 335620 793004 707335 910625 410748 333491 857342
591545 420360 184605 383068 647916 545743 493523 232558 874656 659540 377674 205629 239849 999999999 487376 642342 55389 608043 643781 274093 326949 486933 211822 126538 626549 668499 224594 210535 355426 277212 749138 305057 249497 642874 355549 292023 634868 643523 671527 355140 454393 613459 124249 491792 393116 505374 830153 354826 482235 584725 419887 587494 586925 570447 177725 734746 297900 621858 308343 244149 358497 260928 322769 276394 222771 587363 543586 550511 472628 238119 735614 164637 119373 290107 224418 115414 599084 617745 436154 599069 511754 664146 639122 635425 532286 261360 528270 284094 632208 618514 126539 353461 252593 122849 569342 517349 719387 446419 338391 658205
911169 121611 454442 350465 997791 151358 329814 697122 778741 175242 718367 466427 705946 487376 999999999 788767 487891 136661 191439 729336 803781 694722 651343 611604 618280 422085 688936 376975 156070 210519 773635 728567 296738 506839 155075 736160 210866 1062067 213600 821680 859671 128672 564825 795563 780825 595435 787566 841727 7637 163775 720231 918429 898235 392096 578848 634601 433340 499757 762717 533004 369487 619985 757160 735981 378605 992193 913444 157612 54767 725356 621555 648279 586495 731720 644911 499875 111719 964193 190870 171963 540744 460025 305905 152586 216932 559159 733294 626332 643916 535175 529019 705141 291813 474674 91487 610030 734912 887894 555419 195961
296999 667521 471140 946014 387443 931752 482859 569676 400344 872346 1006840 837895 796314 642342 788767 999999999 697515 809843 976139 547413 820192 159176 814480 685789 235873 538078 790359 804093 780911 679501 193450 898287 787344 401297 779801 866035 749558 563382 993980 598540 448877 889224 546147 256097 997616 193335 312464 726561 790364 951671 1056396 319179 278677 467140 486985 356001 396424 386890 862400 885615 425067 408551 900465 559367 817291 494388 389907 938265 821928 685756 374686 630315 725093 515308 839084 527020 857240 365024 893606 743921 254456 485677 639831 913264 624192 382106 124519 921415 206354 338189 521060 981312 555443 522090 804880 178817 196586 543061 977259 975330
643177 433562 236303 343706 696587 530975 528397 267291 922851 662421 328023 152929 220425 55389 487891 697515 999999999 614428 632636 310979 316092 542299 177961 129415 676504 702706 203794 171983 346014 281913 801818 268797 224924 685237 346361 262494 649433 682712 660720 384730 498634 610726 174316 545260 350683 558026 880673 365377 482140 571092 367463 638357 639128 607458 230642 781144 346464 664726 283552 188762 400324 314690 290382 311500 182893 629699 591316 535282 467155 249231 781160 188311 98775 330765 184354 170744 599174 667023 415120 612220 561571 701805 664268 631531 554835 316739 583658 232134 683217 663949 181389 304524 281214 176770 573660 570279 771489 483085 283241 648525
971417 195282 546375 481318 1063160 231513 327556 804658 730186 64079 854935 602347 834302 608043 136661 809843 614428 999999999 199684 833125 930275 739649 782521 734091 610995 359397 817436 512796 292499 332653 761438 862030 432675 472675 291463 867832 99184 1146329 205685 927146 945102 100738 672378 857399 916599 619896 754526 959000 144024 217833 856761 981421 956822 364551 677858 596489 499417 471709 893375 669353 418557 707027 889978 840914 514819 1073691 987218 235670 182193 843988 580247 764121 713165 831552 777632 604410 69942 1029720 315434 75721 555439 407952 226948 117621 187094 639602 774232 762449 639756 514948 632964 841511 385214 577806 45526 633355 723158 983303 691559 188149
1101960 312112 638494 391776 1187663 107452 504656 866318 928425 166512 802781 571606 839880 643781 191439 976139 632636 199684 999999999 901741 940954 885923 777290 761416 794112 558450 822817 488708 288360 379241 947747 842552 414080 666135 288233 858184 297322 1245504 28232 991550 1043381 99189 736035 986313 877014 782990 949060 996693 191775 66531 790023 1108833 1089223 554404 756938 791917 624441 663008 888064 628969 560290 804490 873736 907259 485438 1177143 1101444 105354 177816 879792 776459 808260 727822 907417 764640 675017 131993 1154088 234019 274695 725098 605638 426595 84155 372638 746701 924205 722460 821392 703482 704107 794851 478299 651440 181654 797358 909096 1065603 622776 23078
380720 637859 292143 654370 409178 809536 626622 44899 883399 891314 514769 455376 275534 274093 729336 547413 310979 833125 901741 999999999 275423 395030 320528 209662 634601 789854 276004 481916 616713 523198 709301 382647 523015 716690 616577 343005 836632 371823 928655 94633 198187 858004 165707 316552 480181 492436 815516 184962 725520 846716 574577 368887 383150 684423 157487 769272 381819 693919 330520 465954 474262 170732 375308 12462 493366 321868 302462 814763 725326 147277 777486 133475 263891 33852 351289 229679 838454 384243 706656 806579 535482 766617 803772 881668 713580 241785 423238 455413 626824 671082 200682 489647 448157 255658 800571 497885 690932 172500 561068 913812
644931 746315 467581 601590 653768 836182 807974 250673 1134418 978478 298616 384000 101705 326949 803781 820192 316092 930275 940954 275423 999999999 664594 170922 201747 881863 981868 118549 455421 658661 597625 973292 158829 526942 935858 659143 117068 961467 554045 969183 260656 444505 925415 319961 591281 234457 743333 1073677 137089 797930 877184 361849 629949 650045 879569 362355 1008367 582100 913557 85935 351189 661973 421115 133881 264314 461095 533851 552642 839847 781068 135803 1013455 208982 217342 308969 193829 381049 914841 634871 713874 925234 773633 970351 963579 945600 858395 475420 695678 287766 878832 900029 363723 278583 577474 405678 889732 751233 951540 372192 422205 958211
245922 573884 323572 809045 344133 828335 427356 413972 504606 803665 848079 686117 637604 486933 694722 159176 542299 739649 885923 395030 664594 999999999 655337 526623 276117 531703 631415 658717 661897 556355 316521 739195 649953 412555 660938 707245 695891 485268 906657 455116 329539 807183 387329 150763 838483 150198 428107 577685 695011 853057 898245 261884 228619 439683 327952 416569 270603 392398 704235 730965 326002 249556 741711 407272 672066 409895 303573 834771 720202 529397 430446 471652 566323 364258 680082 371569 777261 313243 774527 682215 221615 488048 605983 832054 563189 225601 43115 763626 257881 351672 363724 822514 432238 369035 726523 145212 302453 417455 823992 888392
698206 608003 389057 430670 729459 671295 704137 278866 1080092 826557 197175 213474 72346 211822 651343 814480 177961 782521 777290 320528 170922 655337 999999999 128845 829287 878911 58738 288887 500761 452972 942149 93355 364070 854218 501396 85670 823636 667590 805496 354515 517291 768553 269527 619930 186608 700648 1030556 274160 645003 712529 254773 687862 698841 781894 327658 943058 505540 833021 111618 182552 570209 407202 112442 314208 293351 631378 622912 674636 623700 188084 944824 194630 95764 351716 31438 306612 760699 704770 547237 785683 715478 875780 842162 787517 732424 437692 692911 138547 832167 828037 301799 171533 458733 323941 740092 711244 915079 469257 262905 795415
577303 546894 275466 462960 616032 660266 608993 165054 960870 784771 324436 252098 124833 126538 611604 685789 129415 734091 761416 209662 201747 526623 128845 999999999 708740 783593 113042 295764 473967 402321 816608 214764 354053 745776 474245 188830 761234 576086 789442 267336 407326 736418 142504 494004 312901 576773 907919 235963 606212 700272 379249 568499 576679 682676 199322 827443 392433 723931 196448 256495 466187 278369 222866 206386 305164 530661 509071 664616 593931 120074 830576 76196 54307 237066 155217 189215 723285 589390 544357 725566 596255 774830 761940 757812 656677 310928 564073 251358 709890 714834 178923 298709 375729 210902 694902 586783 790551 374582 351407 776960
504596 503617 442241 846251 601807 768604 289791 641064 252779 670217 1004036 791340 831742 626549 618280 235873 676504 610995 794112 634601 881863 276117 829287 708740 999999999 305505 821458 735229 650301 563896 155639 921076 696375 166587 648975 897569 538023 758693 808084 709758 603974 700207 568495 425366 1015485 142416 204711 819063 621570 781113 1043273 524185 485999 249318 519931 140710 330430 154539 902859 851213 302913 466463 931549 647020 747207 684210 577230 775008 660650 747599 154382 674407 733704 608802 847423 522681 666956 574455 757533 539387 114937 251511 417734 722632 424592 406450 279527 908528 30906 105186 529825 979981 452915 506378 614656 138876 117071 688396 931941 789455
777101 345082 516463 738389 875558 567321 174997 779330 371264 407316 1014785 766384 905961 668499 422085 538078 702706 359397 558450 789854 981868 531703 878911 783593 305505 999999999 891649 687070 520604 477688 433945 971167 621951 139772 519148 960510 266884 1008054 564992 880096 826128 459273 667130 678384 1051523 382819 403435 959286 428105 566025 1037597 793570 759376 105433 640638 245730 409450 151390 976038 835340 321355 624560 990843 801050 695516 931716 828965 572936 475326 861625 227233 778469 787842 773885 887048 601683 426629 844934 602957 283859 310241 56128 134082 476996 206643 550040 551518 914843 336363 200593 622001 994612 422554 576365 380057 390784 398688 894049 892933 547545
656453 637237 387937 485501 682472 717813 716694 237182 1073733 864020 239378 267040 17108 224594 688936 790359 203794 817436 822817 276004 118549 631415 58738 113042 821458 891649 999999999 336876 541791 485343 927052 109069 408740 857824 542319 76650 853065 612945 851048 300905 469631 809132 253718 584242 208641 688527 1019971 215467 682897 758858 300446 644888 658242 792015 307727 940471 505037 836101 84539 240741 576712 381859 111132 268367 342636 579408 576605 721436 664500 135466 943530 160738 106652 308590 88287 302057 799494 659001 595331 815976 709200 884862 863317 828935 755545 421190 667166 194428 822171 827662 291779 214649 477034 323019 776075 698213 901747 416386 321448 840260
794427 363869 335146 172697 855768 382445 524147 438735 965218 549765 344529 89571 353743 210535 376975 804093 171983 512796 488708 481916 455421 658717 288887 295764 735229 687070 336876 999999999 221233 211110 876798 355998 80256 704196 222141 369571 569709 853042 516884 556644 664899 485866 333626 689205 403862 639198 938218 528363 369970 423704 355439 792133 788263 607005 382081 816730 416012 686769 399370 157874 434368 460522 386335 482957 13396 797833 752547 385752 342065 415087 812345 360004 251468 499934 276101 304867 481649 824913 258613 529936 623608 699904 617569 503283 505140 441815 701685 249811 748541 698263 325881 329532 286029 297095 468232 653231 842469 654337 206378 507204
851905 175592 371837 217917 930244 192869 384812 579880 847331 328689 562453 310531 558895 355426 156070 780911 346014 292499 288360 616713 658661 661897 500761 473967 650301 520604 541791 221233 999999999 107144 804041 574912 140994 573503 1458 584632 357078 969619 316148 704985 769183 267799 451355 737490 624941 592897 839834 708691 148935 230287 565779 855544 841375 462610 477826 697939 391386 560957 612378 376936 359305 534639 604197 621602 222562 904322 836962 198197 122946 591743 688688 519944 442882 624602 492339 394074 261072 897115 112927 317018 553372 546650 426447 287162 319033 486325 703738 470298 671148 585994 422676 549078 229697 372617 247532 607928 766301 783648 402742 303147
744913 157320 265989 282839 823925 293359 320937 489094 776157 382471 550629 295523 502119 277212 210519 679501 281913 332653 379241 523198 597625 556355 452972 402321 563896 477688 485343 211110 107144 999999999 714814 536541 144891 506936 106376 538627 371327 868352 405806 614162 666926 337869 357653 630396 600876 494613 760035 631240 205679 327476 565911 748755 734292 403139 378011 626240 286421 491593 562779 365413 264394 430272 562757 529134 218608 801632 731717 299192 202161 514972 619358 437812 380586 528205 450924 295776 322109 790715 218528 332932 460951 493951 407234 360642 294679 379759 598495 452428 582354 510126 324869 533270 124615 272414 292651 509579 677905 686385 415661 390699
490257 659254 565577 995898 578973 924129 444476 724403 208115 819085 1125550 926753 935456 749138 773635 193450 801818 761438 947747 709301 973292 316521 942149 816608 155639 433945 927052 876798 804041 714814 999999999 1031323 843252 296810 802736 1003700 683720 756821 960953 771623 635374 852815 674116 443284 1128577 243802 119015 893202 777011 936194 1168978 512541 472015 397049 619509 202251 462943 292439 1004899 983142 451114 552279 1038173 721676 889214 687666 582665 930525 816277 837490 223159 772009 848090 679502 963188 638613 819429 557764 912187 688364 254918 377820 557832 874767 576435 505908 297758 1033227 132895 246747 640456 1100751 599753 626456 767405 231885 38738 727699 1068017 942390
763352 693075 481877 476045 785563 735407 796561 345281 1172347 903159 141766 270955 107147 305057 728567 898287 268797 862030 842552 382647 158829 739195 93355 214764 921076 971167 109069 355998 574912 536541 1031323 999999999 434939 947572 575682 43683 907867 703786 870568 397224 572778 841505 357262 693088 99642 790932 1121579 290532 721919 776714 205132 751140 765671 874728 413506 1035991 598566 926373 73021 219549 663513 489758 32937 374281 357786 676285 680604 738191 697157 237676 1037922 269641 188684 415747 85934 398563 835976 763247 609368 869338 807606 968732 931462 859228 820928 525690 775451 138123 923300 921207 392107 120261 550006 416673 818657 801176 1005013 512725 273161 861773
807522 289680 331005 159142 875853 309427 465399 482013 916986 469605 423410 169703 425800 249497 296738 787344 224924 432675 414080 523015 526942 649953 364070 354053 696375 621951 408740 80256 140994 144891 843252 434939 999999999 650154 141893 446569 491383 889637 442311 604346 695277 406569 364269 697784 484087 612405 896354 589795 289720 350310 430890 807490 799636 547812 404438 767359 391849 634111 475405 237055 393483 475754 464759 525732 82485 830097 775761 313268 262319 474063 761366 410584 315763 536933 353540 321658 401648 843909 190330 451469 588366 638841 545015 424532 433203 444672 693040 329783 712357 650042 346897 409123 243682 307460 388034 626982 807505 694840 273864 431688
654221 406346 470426 785301 752640 657712 188749 713345 274569 527306 1009740 774196 870531 642874 506839 401297 685237 472675 666135 716690 935858 412555 854218 745776 166587 139772 857824 704196 573503 506936 296810 947572 650154 999999999 572070 930939 389393 896496 676481 801750 724923 568439 615927 562676 1035288 262587 282988 895108 511566 663396 1040385 672119 636018 114802 578986 127767 354087 22772 942031 840140 284926 546445 963311 728607 714525 820541 715261 663813 555708 807707 115786 727498 759481 696211 867044 557131 534989 723301 670409 397802 194808 84966 261288 588832 294651 475397 426714 910563 197284 63653 572279 987543 420646 534912 484493 267647 260507 800610 909440 658267
851194 174138 371233 219369 929619 193049 383382 579807 845906 327843 563505 311468 559422 355549 155075 779801 346361 291463 288233 616577 659143 660938 501396 474245 648975 519148 542319 222141 1458 106376 802736 575682 141893 572070 999999999 585310 355832 969265 315997 704925 768783 267181 451190 736751 625881 591726 838451 708909 147960 230344 566937 854866 840640 461163 477494 696520 390412 559533 613014 377942 358104 534133 604936 621493 223537 903908 836416 198404 122335 591957 687260 520045 443298 624390 493054 393774 260294 896482 113975 315771 552115 545193 425036 286620 317594 485668 702762 471271 669844 584598 422396 550089 228755 372254 246524 606758 764988 783421 403970 302933
723368 693638 462105 500650 743664 751594 785543 307139 1149672 911304 185438 288814 69870 292023 736160 866035 262494 867832 858184 343005 117068 707245 85670 188830 897569 960510 76650 369571 584632 538627 1003700 43683 446569 930939 585310 999999999 909296 660152 886333 354236 531058 852273 330262 655751 137182 765068 1096449 247001 729745 792905 248790 710709 726136 862214 384339 1015570 579235 909399 33781 244997 648413 457739 34542 334190 372850 633120 639099 754695 707479 196737 1018288 235767 172782 376415 93571 376928 845087 721786 626468 871353 785005 955633 926657 870851 817320 497839 742551 172569 898559 902103 367751 163662 542090 396935 825226 774809 978375 469596 307939 876775
935275 215882 544790 561193 1029962 328249 270020 812549 638001 140440 914238 658655 869514 634868 210866 749558 649433 99184 297322 836632 961467 695891 823636 761234 538023 266884 853065 569709 357078 371327 683720 907867 491383 389393 355832 909296 999999999 1127908 300729 931266 929637 199223 682560 823881 970023 565237 667707 976596 218454 316728 921581 947228 919613 288706 679249 509263 478305 391400 932487 727583 389132 696718 933966 845514 573673 1053479 961411 332773 263650 864514 491957 782143 746870 831052 822239 613036 169124 996961 400407 40068 496472 318404 132811 213740 133837 625197 727136 818525 567895 437415 640277 898864 392919 585758 133930 577649 646114 976616 759761 284031
267020 955461 607737 1025690 191202 1161203 877088 416053 963172 1208631 845262 826147 605807 643523 1062067 563382 682712 1146329 1245504 371823 554045 485268 667590 576086 758693 1008054 612945 853042 969619 868352 756821 703786 889637 896496 969265 660152 1127908 999999999 1271041 313344 202396 1188895 525469 334506 788320 634122 875835 416956 1059552 1195821 908375 244451 284991 909052 491895 897352 649969 875676 635503 831245 739198 442113 684898 372165 864710 76340 181732 1166870 1067734 479597 912679 501531 630025 353425 698951 576001 1164930 202866 1067456 1104921 702619 968643 1062587 1213605 995412 506758 479580 806125 737089 836568 547924 822418 770351 597018 1120848 630298 757446 201504 923689 1254791
1124768 332883 663681 417996 1211142 135254 519365 893483 935871 164499 829862 599614 868111 671527 213600 993980 660720 205685 28232 928655 969183 906657 805496 789442 808084 564992 851048 516884 316148 405806 960953 870568 442311 676481 315997 886333 300729 1271041 999999999 1018712 1068819 108267 762963 1009158 904496 801099 959057 1024641 214577 94071 816414 1131962 1111825 565969 783160 801370 646924 674235 916247 656685 580723 829680 901792 934274 513558 1202339 1125754 132868 203878 907725 785444 835948 755994 934003 792784 701523 141747 1177552 261760 281389 741936 613546 431979 88092 384711 771080 944511 750076 835787 715734 730643 822160 502786 677745 193549 815342 922384 1092007 649367 18703
388097 731932 386732 727348 393187 897408 719018 125232 954410 984971 537051 519418 295042 355140 821680 598540 384730 927146 991550 94633 260656 455116 354515 267336 709758 880096 300905 556644 704985 614162 771623 397224 604346 801750 704925 354236 931266 313344 1018712 999999999 184769 950280 256871 350663 488094 567442 882122 135271 817685 935269 599505 371750 394934 774709 252091 847125 473868 779017 333610 519446 566915 256302 382309 86234 567245 279242 292368 902471 815978 166431 856575 196812 320145 106262 385923 322999 931331 374347 791050 901165 616032 854933 897379 973743 808026 330171 477288 493053 699359 753566 294241 513319 542419 349375 894136 571310 756584 115728 610836 1004212
204786 753499 405366 837234 212904 960105 685144 242337 832165 1007110 708979 648005 466939 454393 859671 448877 498634 945102 1043381 198187 444505 329539 517291 407326 603974 826128 469631 664899 769183 666926 635374 572778 695277 724923 768783 531058 929637 202396 1068819 184769 999999999 986545 332112 192859 667234 468036 751749 318966 857162 994281 769900 187416 213326 724021 292759 744681 451382 703058 513573 662894 542504 239733 561195 203322 677162 135381 108383 965840 865665 335330 757551 331195 461346 170711 548352 377059 962722 191014 869058 905450 530406 791081 870499 1011239 798123 305704 338601 653264 587192 668636 349779 684270 567965 396798 918962 467437 627163 95424 758547 1052509
1030730 237064 581790 422601 1119350 146318 412040 825640 829416 80941 818284 573645 826222 613459 128672 889224 610726 100738 99189 858004 925415 807183 768553 736418 700207 459273 809132 485866 267799 337869 852815 841505 406569 568439 267181 852273 199223 1188895 108267 950280 986545 999999999 693412 915458 886474 696903 851162 968235 132622 123198 813102 1039016 1017135 457707 707318 693676 553199 566010 880170 636779 481487 746819 871256 864623 485299 1118375 1037535 148905 144854 851575 677976 775514 708730 860318 759711 628545 33488 1085752 254390 175508 636205 506710 327489 25084 276478 684296 844014 731006 728089 607477 657686 807435 418677 603304 85567 710949 814269 1016250 645565 89878
468883 477677 150737 505465 523678 644223 495661 132544 821108 729212 460751 327244 263378 124249 564825 546147 174316 672378 736035 165707 319961 387329 269527 142504 568495 667130 253718 333626 451355 357653 674116 357262 364269 615927 451190 330262 682560 525469 762963 256871 332112 693412 999999999 372710 455100 434812 766269 297218 560814 681171 511560 464096 465024 563292 60203 690622 262494 593604 334367 357263 345790 144548 364592 171489 346158 466286 419401 649513 559720 194504 694889 111954 178996 174113 293097 69688 674662 493592 543674 650512 457316 652427 662717 716876 565210 168469 426184 377981 568582 580601 45187 435192 290034 97026 638264 444578 648244 333236 453725 748167
115656 678520 369614 853185 206203 917459 560849 348727 642820 921322 817095 697413 586557 491792 795563 256097 545260 857399 986313 316552 591281 150763 619930 494004 425366 678384 584242 689205 737490 630396 443284 693088 697784 562676 736751 655751 823881 334506 1009158 350663 192859 915458 372710 999999999 792195 300093 560474 483511 794696 946434 873178 124022 103914 582778 314645 565089 362478 542181 645872 729955 438959 230899 689047 327197 702483 259229 152820 923694 813352 463025 579700 425704 542384 282740 648396 384656 887606 173085 846978 806132 369889 636630 744036 940540 690055 254016 149295 744119 405186 502250 366300 791428 512718 392844 839004 295859 436814 287017 826430 991485
860521 758170 574293 494017 879476 769651 878007 443901 1265795 952961 88224 314413 205657 393116 780825 997616 350683 916599 877014 480181 234457 838483 186608 312901 1015485 1051523 208641 403862 624941 600876 1128577 99642 484087 1035288 625881 137182 970023 788320 904496 488094 667234 886474 455100 792195 999999999 887252 1217078 371457 773795 810515 141930 847753 863318 957778 512128 1127496 690050 1014511 154501 249728 750423 589154 106055 471360 402535 765597 775453 771683 744385 333795 1128650 369280 281827 513563 168815 492947 884343 858152 643213 930698 901429 1052237 1003620 902287 891788 623543 874939 155483 1018675 1011593 488368 85022 628972 509459 872093 897816 1101661 602563 268193 897492
394417 474232 321827 768945 492929 738905 295553 500005 392067 683037 882108 684944 697888 505374 595435 193335 558026 619896 782990 492436 743333 150198 700648 576773 142416 382819 688527 639198 592897 494613 243802 790932 612405 262587 591726 765068 565237 634122 801099 567442 468036 696903 434812 300093 887252 999999999 331633 677083 597057 758411 925186 411321 376605 294867 383116 280504 223187 242239 768361 740059 234183 325212 799368 504869 651949 558308 452735 745419 629040 608325 291469 537455 605938 466413 720823 395583 665201 462667 704962 556390 73036 338050 465155 721120 436207 268808 169148 789450 135582 202598 398946 857410 372769 382767 613018 15034 214621 549421 826198 782472
609230 681393 645588 1042841 697388 938847 460797 827458 92222 807299 1207813 995803 1029474 830153 787566 312464 880673 754526 949060 815516 1073677 428107 1030556 907919 204711 403435 1019971 938218 839834 760035 119015 1121579 896354 282988 838451 1096449 667707 875835 959057 882122 751749 851162 766269 560474 1217078 331633 999999999 1000292 791935 945827 1247714 631539 591008 396379 714656 158446 534994 287934 1099993 1055914 504224 653296 1130686 827963 949994 806597 701410 945035 834783 938204 176216 868840 935302 786920 1049632 724222 817744 676575 942806 679184 319442 349619 536029 871234 577517 600318 413228 1112782 198414 254724 729499 1183592 654020 709104 767440 322747 125663 843129 1136225 940923
523088 766961 446055 689734 523088 896115 790465 181768 1068317 1012544 432166 472054 203652 354826 841727 726561 365377 959000 996693 184962 137089 577685 274160 235963 819063 959286 215467 528363 708691 631240 893202 290532 589795 895108 708909 247001 976596 416956 1024641 135271 318966 968235 297218 483511 371457 677083 1000292 999999999 836737 936002 495568 506340 530158 854350 318849 952733 550107 872376 219864 454690 638835 353288 269092 172500 536694 398490 425367 900506 827276 116959 960371 195014 276948 213705 303410 366564 953349 506401 780125 943174 718133 940224 959893 990250 861927 420313 603475 407463 811692 852052 341818 410661 583867 393781 921866 682738 875520 239102 536860 1011838
910327 122870 451839 342847 996574 147375 333551 693020 783811 181563 711113 459385 699920 482235 7637 790364 482140 144024 191775 725520 797930 695011 645003 606212 621570 428105 682897 369970 148935 205679 777011 721919 289720 511566 147960 729745 218454 1059552 214577 817685 857162 132622 560814 794696 773795 597057 791935 836737 999999999 161540 712794 917407 897508 396784 575524 639333 432679 504224 756420 525841 370149 617534 750596 732070 371495 989898 911713 153701 47884 720283 626441 643492 580685 728214 638376 496184 117111 962982 183537 179501 542999 465578 312693 156155 222580 557259 733786 619230 647016 539219 525344 697965 289523 471132 98751 611696 738300 884645 547905 197179
1062001 284197 591214 325904 1145348 41324 491780 810148 931611 202980 736276 505764 775887 584725 163775 951671 571092 217833 66531 846716 877184 853057 712529 700272 781113 566025 758858 423704 230287 327476 936194 776714 350310 663396 230344 792905 316728 1195821 94071 935269 994281 123198 681171 946434 810515 758411 945827 936002 161540 999999999 723891 1067801 1049960 549449 705160 790704 586950 658027 823033 562614 529920 756729 808025 851757 420056 1128798 1056385 38832 133318 819267 776497 749362 665236 853849 699336 622195 148429 1111871 167695 287423 704475 609467 438585 121263 369049 702098 892556 656025 807124 695560 651091 728320 434566 599559 187045 773085 897456 1012639 556518 87846
952979 719182 603702 398462 982625 684425 869341 533505 1287433 885366 63403 271439 304636 419887 720231 1056396 367463 856761 790023 574577 361849 898245 254773 379249 1043273 1037597 300446 355439 565779 565911 1168978 205132 430890 1040385 566937 248790 921581 908375 816414 599505 769900 813102 511560 873178 141930 925186 1247714 495568 712794 723891 999999999 942557 953545 951618 571607 1143316 712857 1021088 276327 202264 758238 654514 228034 567701 349579 878698 876459 685472 677266 435703 1141869 449079 333284 606207 225137 532469 815819 958631 560878 881561 928358 1045878 972915 826022 860426 674675 937636 135851 1050558 1025034 535591 86187 621267 542696 811325 937229 1138910 715234 167790 811737
22948 801997 484709 959956 83020 1038026 682808 409056 719360 1045343 883375 791247 644170 587494 918429 319179 638357 981421 1108833 368887 629949 261884 687862 568499 524185 793570 644888 792133 855544 748755 512541 751140 807490 672119 854866 710709 947228 244451 1131962 371750 187416 1039016 464096 124022 847753 411321 631539 506340 917407 1067801 942557 999999999 40545 700866 410633 660068 485844 652656 695616 816657 562968 332365 742117 376879 805187 178650 86556 1044202 934978 513977 676462 494745 620460 336534 718045 488145 1011350 51365 963600 929907 483391 749340 864811 1064100 813446 369354 245967 819486 500382 609960 466258 858127 633391 500118 962900 404790 514205 276057 913478 1114390
18690 780462 472857 954022 116622 1021208 653374 421186 678911 1020856 895379 791965 658524 586925 898235 278677 639128 956822 1089223 383150 650045 228619 698841 576679 485999 759376 658242 788263 841375 734292 472015 765671 799636 636018 840640 726136 919613 284991 1111825 394934 213326 1017135 465024 103914 863318 376605 591008 530158 897508 1049960 953545 40545 999999999 668301 409223 621056 464902 616908 712643 820615 538366 327851 758235 392052 801453 218522 121422 1027454 916804 529864 637677 504540 627474 349923 728492 483414 988853 88551 950726 903482 449176 714200 833957 1042206 786042 357139 209309 828035 461688 573486 463245 869937 616514 493342 939731 369377 473899 305622 917426 1094059
685546 292750 412887 676911 783526 543077 82858 674132 388520 422131 925325 681940 805941 570447 392096 467140 607458 364551 554404 684423 879569 439683 781894 682676 249318 105433 792015 607005 462610 403139 397049 874728 547812 114802 461163 862214 288706 909052 565969 774709 724021 457707 563292 582778 957778 294867 396379 854350 396784 549449 951618 700866 668301 999999999 535581 242558 304308 108756 876537 749726 217744 519315 893216 695628 616508 832751 731507 549202 440932 757772 230154 674921 689442 668514 791586 498735 424223 752099 556977 291343 222086 94607 172730 478953 181810 444714 463619 825446 279249 150405 518258 904268 331082 473900 372901 304935 358927 790092 813331 547564
414067 482653 134658 551827 473904 669837 473405 139106 772669 737001 520322 383089 315950 177725 578848 486985 230642 677858 756938 157487 362355 327952 327658 199322 519931 640638 307727 382081 477826 378011 619509 413506 404438 578986 477494 384339 679249 491895 783160 252091 292759 707318 60203 314645 512128 383116 714656 318849 575524 705160 571607 410633 409223 535581 999999999 646238 231286 556372 385716 416095 321121 84782 418852 166821 395015 428133 371862 675423 579286 229875 651759 154529 238703 153751 352130 84312 686273 442862 576334 649505 411311 621546 647797 731430 556220 114340 366378 438174 518073 539575 57541 494713 292679 105613 646619 392024 594870 309186 512243 767555
639738 533142 554127 907144 735649 785428 313679 772869 149955 648882 1108712 881937 951864 734746 634601 356001 781144 596489 791917 769272 1008367 416569 943058 827443 140710 245730 940471 816730 697939 626240 202251 1035991 767359 127767 696520 1015570 509263 897352 801370 847125 744681 693676 690622 565089 1127496 280504 158446 952733 639333 790704 1143316 660068 621056 242558 646238 999999999 437558 137199 1023440 945766 385765 599447 1048951 781610 827696 823375 716285 791517 683404 875814 20922 799600 847363 744745 958686 638641 660318 709589 796815 521032 235302 191330 377702 713438 421705 535100 417779 1010839 160263 118737 649454 1085571 530806 619360 610459 278595 174001 828768 1019849 783323
