NAME : synthetic_000211
TYPE : CTSP-D
DIMENSION : 100
GROUPS : 8
RELAXATION_LEVEL : 1
EDGE_WEIGHT_TYPE : EXPLICIT
EDGE_WEIGHT_FORMAT : FULL_MATRIX
EDGE_WEIGHT_SECTION
999999999 469783 684337 743826 357054 588276 492132 417795 209965 166626 614020 433544 249999 616735 64520 280180 395605 758048 139366 668069 175619 627218 540119 750554 249403 326371 476759 520561 224101 70031 482020 289312 446343 815728 185278 539168 354472 578596 259233 503810 353332 396778 746905 98210 486365 588098 111295 126321 753476 205136 525881 294593 362360 215432 92605 86196 674366 130337 177177 509921 439443 520472 501882 255107 753091 224609 53236 121996 559793 177179 847677 377842 572761 217543 162227 855390 497755 615341 280402 442560 25180 446637 451604 666805 453401 747506 434528 605357 563524 716398 282043 543612 305147 305574 634665 869821 637951 84731 492582 472339
469783 999999999 394325 809146 806509 521623 171628 457595 387090 619017 699580 50545 703392 434131 439884 444289 776519 374494 578093 838905 617287 188908 976826 527941 716351 328427 917559 958590 290359 533765 669341 181603 305721 805267 426315 497847 640564 614825 254904 595594 631421 709670 629167 561347 16675 859371 372538 578396 318798 441510 486254 254335 609812 566410 407903 506505 759654 546386 511144 606628 151244 751188 702574 305288 512592 385708 430931 556774 254494 604958 936294 431041 405174 307931 316136 932837 938235 229510 370753 855745 493945 264326 193564 720310 105842 528337 609149 812572 1004553 731568 278242 798081 715878 393113 906992 978783 353398 406140 805140 830647
684337 394325 999999999 563550 918075 279327 235937 370290 709803 770770 503718 373599 838794 138488 690472 788122 810971 154490 726219 670527 859550 266183 1044492 144750 879479 695642 999182 1030573 462265 722310 571323 485883 242746 504052 736512 297875 636841 413311 588092 452800 625289 701463 292161 781065 392286 771432 635190 810654 257421 530775 297386 391891 589333 648837 670647 756146 543392 687358 803704 462070 544886 658725 602184 645486 123180 714585 631524 708712 146154 733929 682409 803876 159615 628117 591110 671314 1016702 182175 721314 908762 700558 237753 587718 490565 306958 146974 529347 681597 1076194 467428 402392 711524 795933 750286 809226 733051 47640 599824 767813 829920
743826 809146 563550 999999999 731717 300306 653524 371737 903572 702156 130336 762848 716751 432886 793665 991471 556897 717502 675287 178675 882401 783828 758100 461153 780925 966871 744500 753770 633187 727830 278831 766112 503590 133021 902307 312758 431616 196060 844601 245505 425719 443798 300073 801685 817918 355463 781468 836893 816999 543670 323484 605904 399621 556538 799171 828673 70329 648778 920036 237411 920877 298934 275501 888240 488480 915912 703448 672499 607744 652695 127319 1061860 436069 850372 776088 124404 752694 700438 955233 642126 741202 545575 960962 89417 705050 455946 312392 243928 787616 97481 590637 327326 614469 987904 364659 173210 561538 683648 428918 516535
357054 806509 918075 731717 999999999 721934 783203 561541 550586 191574 625989 763594 107056 810098 412590 596439 178968 1028874 229040 584854 321484 937977 185337 935250 132915 674437 121302 165529 522828 287024 462570 634019 680796 845830 513865 675309 318703 643726 616200 558899 328478 288521 868055 301828 823124 427158 468349 313903 1053050 395671 666549 580283 364875 269771 446042 374774 665795 260321 455402 557836 795053 434934 457894 609503 947557 564289 381365 250333 827010 202138 791934 702316 771242 573763 517417 807404 141976 904684 620878 133865 332203 700500 808585 686736 765304 930797 456764 507853 206805 751526 558878 420373 128066 639382 456738 792411 878184 402098 321899 245502
588276 521623 279327 300306 721934 999999999 358149 173885 695181 615862 224623 478797 664604 141173 619884 783452 583517 432687 576017 391232 756105 483523 817388 225664 718275 730183 781284 806211 410349 600307 308684 514179 220136 284372 706233 49845 410072 134105 606971 186419 399032 464098 158921 671511 528517 500408 585987 706031 522811 389528 62492 360503 361331 470728 613487 672916 268384 539534 748120 193672 647247 391369 336029 658617 245340 704960 537569 564156 307474 569962 426216 834171 136303 626697 562682 419394 796224 400471 732704 682695 595477 258662 689529 218095 415868 220521 280371 404682 849404 212855 353416 443168 593985 765394 535103 473512 267733 509484 512522 585079
492132 171628 235937 653524 783203 358149 999999999 328752 481573 610861 553260 140637 689353 262568 484243 556155 716009 267497 566354 704238 661450 162619 936264 360335 717381 459899 882321 919672 271264 543077 551690 254590 157459 639030 512036 340937 558036 463907 355389 459660 547411 628312 457835 590239 175013 751869 422460 615439 269892 389648 330928 205102 518644 519750 459302 552453 609879 529303 585876 470760 316059 638761 585522 412606 347353 484985 442652 546207 89847 584050 780741 568020 235042 398804 372422 775528 901936 123927 487569 805839 512426 115652 359568 566317 72055 360286 494918 688938 966329 570626 224939 689322 674514 515764 797149 825674 190746 412053 715266 756502
417795 457595 370290 371737 561541 173885 328752 999999999 543906 443366 249171 408195 496183 249929 454037 632736 441398 504362 402785 381428 583114 485825 675760 373887 547397 597133 632974 662482 264201 426733 223689 394536 173508 411233 549290 124041 266662 179123 474091 138577 255106 331433 332405 498445 469050 425998 427358 533200 564404 216216 112025 234514 219048 301177 451390 503344 312378 365949 583107 149476 554180 311837 257439 519939 386100 555117 368545 390485 322936 398480 494760 695177 214015 483702 412676 495345 649703 419037 589793 539828 423529 213409 592839 283439 360880 369517 169667 360489 707621 316758 218908 363508 435195 622688 470007 531994 337951 342105 403371 460498
209965 387090 709803 903572 550586 695181 481573 543906 999999999 368646 773778 371263 445809 681762 145729 88844 605505 741398 347982 852985 267414 572577 735917 809017 426668 125084 671887 716114 284846 273471 663036 227347 503902 955136 44417 650620 552376 720622 132626 658076 549365 601424 846142 250127 401280 790865 124497 247295 703813 366098 636520 340470 551382 418774 120177 177114 837014 339884 132254 666255 295194 713837 687431 84728 804221 14663 221257 331685 567015 386314 1017224 170124 639315 82968 132525 1022141 692525 590536 71091 648420 230430 486077 290087 819655 420006 807219 608710 796535 756444 859743 343085 742501 513830 95970 838397 1045195 662319 229329 699276 682219
166626 619017 770770 702156 191574 615862 610861 443366 368646 999999999 579189 577869 85160 678634 225549 425675 249013 867088 44915 591311 193785 759819 373541 810217 108761 489845 310320 354017 342522 97046 424050 443851 528265 796281 336138 566340 273559 569089 425131 485190 277810 288906 772118 134621 635685 475669 277665 161151 879818 240746 555063 405763 302648 150070 257679 200552 632040 83533 293914 487908 603486 434850 433726 421196 818222 382921 190347 64668 664428 49586 788655 529422 636547 384138 325889 800062 331337 734343 439717 279941 142306 540765 617454 638000 585404 806340 393545 519608 397317 696746 386534 443581 151303 461477 517909 801634 727495 212930 370549 330174
614020 699580 503718 130336 625989 224623 553260 249171 773778 579189 999999999 651565 600353 365789 663392 861511 458110 657306 550082 167055 755583 695455 675656 429964 663242 839531 653591 668666 506210 599903 163560 642870 397728 220638 772066 218284 314269 92608 717989 116335 306940 338507 292960 673992 709653 301552 651373 709336 745475 413345 225433 483334 277245 431360 668851 699129 63959 522026 789969 107598 802963 211962 171157 760301 454359 786235 573203 546114 519964 529603 246791 933149 357013 721929 647026 249354 664313 616380 826311 550454 611921 440377 841919 60793 598027 424553 186011 193113 706611 126024 466645 255004 503494 858892 327254 282825 491643 553312 346932 431832
433544 50545 373599 762848 763594 478797 140637 408195 371263 577869 651565 999999999 661636 399284 408662 436205 728653 373845 536075 789286 587635 202665 931746 500970 677407 328776 873114 913704 243866 495353 618933 151720 260532 763058 407720 452811 590711 567861 239016 546445 581475 659990 592759 527467 64804 808842 341821 546637 333829 393232 440845 204435 559531 519364 378162 476444 712137 503274 489658 557447 175953 700655 652132 293490 487698 371750 391961 514815 229030 561597 889803 435194 367529 289392 286089 886826 893680 223823 364184 809221 457103 220241 219513 673769 68906 500918 558692 762286 959850 687054 228411 747539 670058 389542 856451 931664 329939 365696 755105 781646
249999 703392 838794 716751 107056 664604 689353 496183 445809 85160 600353 661636 999999999 739292 306085 495905 206202 941542 125593 588498 234323 840867 291106 868509 65424 568943 227335 271401 423812 179968 438806 528909 597774 820586 410437 616037 286217 602937 509154 517556 293437 280391 817198 199854 720049 452250 361293 216918 959012 308855 605833 484699 325118 195054 339293 271734 647857 160469 357658 518545 688259 432139 442034 502868 878451 459732 275499 146824 738853 105987 792149 601231 698473 466833 410567 805454 248248 812193 516494 210867 225161 613577 701540 660687 666969 864361 419253 513325 313672 722703 464425 430594 112240 536216 489797 799645 796888 297600 344115 286773
616735 434131 138488 432886 810098 141173 262568 249929 681762 678634 365789 399284 739292 999999999 634848 766475 689737 291517 635417 532364 791525 359302 924555 133892 785945 692367 882769 911684 407739 643760 436534 473406 178250 389813 701249 160978 514320 274934 574151 316339 502810 575777 195614 709118 437398 634750 588441 741409 384438 439008 162119 343054 465765 545056 620954 695891 407653 596885 757333 325232 574896 522911 466539 630067 139588 689136 563623 620035 190127 637404 555428 800234 44030 604844 553268 546125 899323 273010 706612 788638 629187 198530 618402 355754 330992 130772 398206 543343 956498 339142 345557 575536 684568 738005 671701 604815 128717 532700 636207 702277
64520 439884 690472 793665 412590 619884 484243 454037 145729 225549 663392 408662 306085 634848 999999999 216557 459796 751739 202424 725768 179410 608054 597188 767729 296372 264405 533401 577485 229321 128960 537936 258508 459490 859262 121347 571830 415661 621870 209742 550729 413882 460186 777158 124685 456123 651121 67363 138516 737075 250253 558129 298861 420508 278079 34684 68546 724920 194845 129115 557587 392280 580565 559384 196944 767949 160342 90306 185957 558658 240661 900884 313337 590877 162559 123798 907734 554285 605050 216463 504239 84904 453777 400246 714128 437626 765058 487871 664914 619382 760825 291097 605463 368359 241138 697979 924885 643253 112263 556600 536803
280180 444289 788122 991471 596439 783452 556155 632736 88844 425675 861511 436205 495905 766475 216557 999999999 670429 809810 411968 936980 288053 632889 780695 892094 466615 128727 716905 760915 373258 335797 747502 302314 589249 1043963 95283 739165 631405 809297 200781 746038 629155 676721 933607 296053 456868 867661 210432 283058 763078 451835 725060 427064 633500 494607 198745 225334 924573 409844 143495 754077 329214 795065 770929 143784 886225 78506 301011 398117 643616 450489 1104223 106040 724492 161817 221088 1109480 736980 659218 73930 704270 296840 569442 312521 907950 491004 890485 694260 878664 798638 948469 430747 821472 575438 61595 914534 1131375 740939 313030 772744 749316
395605 776519 810971 556897 178968 583517 716009 441398 605505 249013 458110 728653 206202 689737 459796 670429 999999999 937676 258603 406018 435316 877670 234923 805766 268014 720116 199098 222846 486764 334673 297452 623717 588742 675318 577880 540935 175463 488177 635123 406519 186947 122126 718783 383632 792420 251252 497350 409004 980124 335574 534539 527806 224241 211876 487311 447354 492843 266974 542576 403340 799029 258301 287239 644635 821569 620130 395977 273864 742339 220042 613153 771848 655344 604174 533695 628839 212961 829992 676001 99291 375478 616947 821356 518246 714312 800921 305109 328998 266919 584114 504068 241409 98567 700830 285384 613519 776135 404041 144022 81687
758048 374494 154490 717502 1028874 432687 267497 504362 741398 867088 657306 373845 941542 291517 751739 809810 937676 999999999 822187 823803 928676 195306 1167833 276584 975210 700940 1118705 1152759 534920 805919 716049 514750 350202 652591 774732 447447 766969 566224 610853 600543 755534 834276 438153 856258 366127 918233 689705 882258 119575 633857 445357 465738 721236 759718 726610 819924 697836 783988 851422 610298 521230 804463 747924 666549 249209 743203 707533 802966 202744 835557 835128 805216 305811 658517 638773 823414 1137212 150888 738024 1033320 777538 328458 560270 645054 321653 280535 670059 832102 1199043 621000 482332 857332 911971 763162 957610 886114 169569 676418 907208 963973
139366 578093 726219 675287 229040 576017 566354 402785 347982 44915 550082 536075 125593 635417 202424 411968 258603 822187 999999999 573234 209199 716113 406768 767425 153545 465736 344611 387575 298814 76197 399228 405031 483629 764932 319303 526323 252962 534771 392920 451967 255568 278688 733124 136105 594738 469328 247453 168426 835511 196813 514739 361287 276324 118802 231971 190906 604976 38874 288373 455381 568563 418363 411842 393694 774988 362537 153514 21328 619519 38562 766470 513302 593097 355047 292141 776951 365619 689739 418858 303569 117560 495872 584560 607920 541912 763614 364082 503882 432048 665052 341852 432196 165946 442785 513606 781995 682805 173061 367556 337432
668069 838905 670527 178675 584854 391232 704238 381428 852985 591311 167055 789286 588498 532364 725768 936980 406018 823803 573234 999999999 782007 853058 588814 594472 653918 935577 581422 586230 611245 637039 190202 757496 546812 311591 843158 380499 320366 257651 819386 244912 318627 308141 448309 707570 850473 179946 728500 741217 909612 487789 385762 603856 305709 459569 738575 747690 143835 554411 844340 233786 927665 156968 166384 854416 619569 866622 637059 575533 679427 543925 207155 1019904 521538 813720 736008 223332 587506 776726 912972 481432 659827 589035 963817 195899 741827 589067 247617 77023 617223 251239 583776 165013 478990 944377 185985 211245 657198 624103 266930 353145
175619 617287 859550 882401 321484 756105 661450 583114 267414 193785 755583 587635 234323 791525 179410 288053 435316 928676 209199 782007 999999999 787456 500812 925409 188572 389971 438143 481295 398004 157953 607919 436716 621955 966839 223810 706463 461993 732610 375121 652611 464761 482464 915021 84682 633307 669247 245818 50306 916439 366906 693635 468670 484821 326653 209616 111198 812082 233652 145036 657118 554868 626441 621036 345491 928397 278150 228813 209968 732745 238636 975550 393108 747620 322244 301723 985827 457287 783246 329855 443554 162516 621797 555132 812132 616775 922271 570170 711695 516074 866805 457159 637105 336975 340188 710930 991137 812978 260347 563478 516970
627218 188908 266183 783828 937977 483523 162619 485825 572577 759819 695455 202665 840867 359302 608054 632889 877670 195306 716113 853058 787456 999999999 1095532 410895 863844 516962 1040380 1078587 417322 684642 709514 353899 312321 749092 609970 477663 720655 603560 439960 610898 710026 790929 547174 723497 177649 911254 542005 744842 131299 548146 470022 357843 681080 678467 578739 676358 747828 680419 692321 621843 328908 797464 743258 492548 388876 572219 581635 695356 176323 736884 909379 617990 348239 491430 487057 901677 1060275 87048 559508 966365 649596 273443 366546 700272 174782 412972 654173 843506 1125220 694138 379857 848682 833080 582009 955766 957029 241059 552862 877448 919083
540119 976826 1044492 758100 185337 817388 936264 675760 735917 373541 675656 931746 291106 924555 597188 780695 234923 1167833 406768 588814 500812 1095532 999999999 1040413 314434 859669 64040 19819 688137 470266 522353 809642 817756 884702 699105 775502 410375 716490 798478 637429 421845 353444 948575 486991 993271 410305 651203 497685 1204010 547388 769315 739130 459162 417079 630292 560021 700572 433221 638736 633306 975329 465009 505978 793912 1056429 749626 560274 427552 969750 374747 789735 886690 889775 757503 698493 808281 43723 1054045 806209 135943 515586 843259 990659 733680 926529 1035538 537623 515600 32030 799978 716332 430815 262755 824523 420928 778011 1008603 578181 330496 243951
750554 527941 144750 461153 935250 225664 360335 373887 809017 810217 429964 500970 868509 133892 767729 892094 805766 276584 767425 594472 925409 410895 1040413 999999999 916881 810890 1001956 1028595 539663 777408 534083 594091 308967 380322 830508 264929 630852 349715 696201 411902 619540 687919 165937 842999 527845 721699 719813 875299 391678 571574 271349 473344 581903 673607 752946 829345 455975 729078 889083 418773 675978 615244 560627 752988 28194 815654 697418 752497 273484 767976 570418 919363 177802 730295 682564 556735 1017630 326222 829645 905056 763079 322943 719376 401777 432279 5411 505141 620403 1072442 363820 477435 666313 808404 860286 753467 622369 176256 666429 738139 810398
249403 716351 879479 780925 132915 718275 717381 547397 426668 108761 663242 677407 65424 785945 296372 466615 268014 975210 153545 653918 188572 863844 314434 916881 999999999 551598 250985 294719 447395 182649 502539 537553 637014 883062 387706 669151 349678 662513 505335 577405 356415 345800 872790 176685 733010 516348 358097 183592 985536 349144 658376 512398 386851 247719 330920 249554 711778 192286 324317 578915 687267 497518 506659 491734 925495 439806 285563 172262 772650 149066 857432 572653 744174 458882 411322 870636 270720 841119 495729 258244 224380 649360 696584 723345 689096 912911 480653 578740 332068 784689 493821 495824 176947 512171 552936 865069 836254 312095 408133 347136
326371 328427 695642 966871 674437 730183 459899 597133 125084 489845 839531 328776 568943 692367 264405 128727 720116 700940 465736 935577 389971 516962 859669 810890 551598 999999999 795683 839889 333692 393358 745800 219302 520873 1003778 166643 690132 650106 776250 123679 723284 645650 704797 871644 374955 339353 890373 223836 372207 645233 449960 676163 370360 642417 523799 233773 302084 903472 453143 248551 732520 202146 805172 773015 81334 801856 112628 326250 448003 549508 503440 1086011 108537 652839 122804 200783 1088800 816412 552142 61564 768531 348888 494047 183795 879817 390358 809900 688149 884955 880690 912794 380743 838428 631439 68764 938698 1118113 649658 325731 804376 794495
476759 917559 999182 744500 121302 781284 882321 632974 671887 310320 653591 873114 227335 882769 533401 716905 199098 1118705 344611 581422 438143 1040380 64040 1001956 250985 795683 999999999 44228 630029 406824 495290 748623 768550 867605 635076 737676 371389 687144 735433 605604 382587 321114 917879 422973 934068 407390 587944 433963 1151069 492709 730639 683045 420296 362601 566614 495991 683700 372332 575161 602428 912951 446830 482496 730202 1016808 685590 498079 365574 919100 313668 786191 822876 846579 694000 635777 803781 21032 1001440 742170 103160 452127 792327 927716 712973 870035 997206 504022 505929 87465 779200 660609 418665 207925 760516 425203 778664 961937 516792 316089 228670
520561 958590 1030573 753770 165529 806211 919672 662482 716114 354017 668666 913704 271401 911684 577485 760915 222846 1152759 387575 586230 481295 1078587 19819 1028595 294719 839889 44228 999999999 670226 450678 513678 790845 802589 879376 679286 763780 397965 707313 779032 627439 409375 342866 939106 467173 975056 408777 631682 477917 1187761 530473 757332 721847 446865 400148 610629 540203 695192 414414 619003 623598 956105 458930 498361 774239 1044258 729818 541089 408417 954176 355867 788528 866906 876463 737902 679151 806791 24021 1037883 786397 123561 495994 827573 971250 727152 909150 1023757 526998 512209 46657 793474 699155 426499 245533 804705 421661 778094 994260 559248 325189 237915
224101 290359 462265 633187 522828 410349 271264 264201 284846 342522 506210 243866 423812 407739 229321 373258 486764 534920 298814 611245 398004 417322 688137 539663 447395 333692 630029 670226 999999999 271845 424711 149905 230786 673915 297419 365939 361526 443207 211803 390148 353738 427960 562421 322117 306512 593932 180904 349846 538183 154136 351831 70666 338863 276080 213299 293978 570169 263544 349600 399622 327731 494971 454873 255768 539052 294826 172719 278034 335724 320833 752911 431028 364021 219779 152334 755322 650479 395180 326105 565496 242741 224838 358939 546196 243158 537175 364656 568297 716490 580805 62232 535834 426209 359016 642665 786218 415375 141499 526587 543886
70031 533765 722310 727830 287024 600307 543077 426733 273471 97046 599903 495353 179968 643760 128960 335797 334673 805919 76197 637039 157953 684642 470266 777408 182649 393358 406824 450678 271845 999999999 456813 355016 480613 809441 243464 550526 317573 574751 329233 495229 318505 350437 759083 74258 550419 541986 181325 109742 808588 210834 537956 340189 334053 177472 160662 115813 657627 82786 214000 499998 509035 484562 472805 324150 782287 287920 103478 64490 604971 114693 824985 437478 600270 287242 231445 834275 427810 666966 344529 375325 45321 486350 521614 655651 509953 773992 415497 570187 493523 709438 324236 502146 240785 367598 587071 843400 677028 131868 441927 413628
482020 669341 571323 278831 462570 308684 551690 223689 663036 424050 163560 618933 438806 436534 537936 747502 297452 716049 399228 190202 607919 709514 522353 534083 502539 745800 495290 513678 424711 456813 999999999 572946 397196 384011 654100 275996 152908 194670 630629 122269 146901 176191 427022 529485 682219 203462 538539 564157 784881 297592 274519 424276 123132 281315 549452 563829 209292 375488 659071 115429 746525 88945 33834 664568 553991 676608 448523 398279 544721 374775 368201 829714 412087 623740 545947 377949 507352 641624 722771 392677 475637 436796 781020 224353 578623 528878 60872 144644 553949 288964 402738 141589 340049 754195 246429 387886 546635 434480 204434 281772
289312 181603 485883 766112 634019 514179 254590 394536 227347 443851 642870 151720 528909 473406 258508 302314 623717 514750 405031 757496 436716 353899 809642 594091 537553 219302 748623 790845 149905 355016 572946 999999999 301800 792219 260058 476415 509649 571599 102507 528535 502303 574609 652779 379789 197988 743677 191245 396967 484684 300270 462675 160256 488585 411994 227100 325644 706491 376433 339291 538658 178694 644704 603692 159811 586512 230409 253733 383787 341352 435004 889159 326844 433586 144410 135015 889874 769541 364083 236151 694884 313839 274928 209045 677387 193098 592855 512460 717070 836057 704605 176296 685732 553145 266285 792437 925237 438798 232025 674085 686050
446343 305721 242746 503590 680796 220136 157459 173508 503902 528265 397728 260532 597774 178250 459490 589249 588742 350202 483629 546812 621955 312321 817756 308967 637014 520873 768550 802589 230786 480613 397196 301800 999999999 504278 522999 192311 421019 310301 400098 302203 409803 490017 351026 541575 314331 599237 410876 572368 395683 289019 180544 164843 377515 411058 444015 522399 455982 444789 580116 313302 427115 485251 430937 454957 308460 511569 393144 465993 154485 492372 630827 627608 135420 427994 375020 627142 787016 247614 531137 683548 461018 42653 469412 414997 201542 306572 342333 532313 848907 426526 168601 536691 562129 563001 643492 674007 199319 361632 570606 619815
815728 805267 504052 133021 845830 284372 639030 411233 955136 796281 220638 763058 820586 389813 859262 1043963 675318 652591 764932 311591 966839 749092 884702 380322 883062 1003778 867605 879376 673915 809441 384011 792219 504278 999999999 959665 316265 534740 237428 880108 314236 527172 557602 214884 883673 811605 486819 837635 919167 761462 610863 329788 634094 496324 646976 859880 901851 184184 734665 987997 309893 931308 420880 388528 928651 408516 966332 770622 759239 577987 746782 198858 1104491 406193 893673 823788 181814 876956 662605 1000020 764603 816684 543016 973382 159987 699426 375654 403174 374293 914780 100040 623064 454589 724052 1032931 497547 250742 512835 747133 554284 641474
185278 426315 736512 902307 513865 706233 512036 549290 44417 336138 772066 407720 410437 701249 121347 95283 577880 774732 319303 843158 223810 609970 699105 830508 387706 166643 635076 679286 297419 243464 654100 260058 522999 959665 999999999 660339 536216 723510 171502 657341 534067 581532 859705 212145 440920 772395 122030 206220 741267 360116 646307 358259 539001 399340 104650 139091 834676 315335 88208 664996 339134 700205 676928 127994 827026 54342 206369 304556 595601 357862 1013180 194018 658178 118620 148012 1019011 655549 624132 108244 615956 202892 508242 334503 820095 453099 828470 601803 784035 718801 862917 358043 726243 484124 125788 819310 1039233 688893 220241 677823 656050
539168 497847 297875 312758 675309 49845 340937 124041 650620 566340 218284 452811 616037 160978 571830 739165 540935 447447 526323 380499 706463 477663 775502 264929 669151 690132 737676 763780 365939 550526 275996 476415 192311 316265 660339 999999999 366321 125965 566558 155361 355091 423083 208589 621846 506020 473859 539520 656422 529162 339781 14110 319772 317390 421784 566275 624046 270595 489759 700352 164334 616928 361956 305632 616990 281875 660759 488749 514362 301819 520658 440058 792868 142035 583946 518114 435545 753082 398097 690236 640225 546049 233580 658502 225428 393004 260039 241193 384655 807531 234385 310838 414561 547566 723042 511355 484742 278639 460990 477394 546685
354472 640564 636841 431616 318703 410072 558036 266662 552376 273559 314269 590711 286217 514320 415661 631405 175463 766969 252962 320366 461993 720655 410375 630852 349678 650106 371389 397965 361526 317573 152908 509649 421019 534740 536216 366321 999999999 325030 545738 240261 11556 70364 550830 387302 655501 240291 430314 420853 815928 209709 359509 386281 48950 140587 433437 430252 362199 234788 528009 239149 688325 167076 160173 569489 646297 566701 331264 255324 575489 225002 515114 722329 480321 527681 450475 526543 386794 666462 617788 274575 343432 452571 717121 374759 566014 626057 138066 252650 442359 437575 362333 190184 192094 647230 288746 529179 603219 325330 165286 199101
578596 614825 413311 196060 643726 134105 463907 179123 720622 569089 92608 567861 602937 274934 621870 809297 488177 566224 534771 257651 732610 603560 716490 349715 662513 776250 687144 707313 443207 574751 194670 571599 310301 237428 723510 125965 325030 999999999 653142 85478 315432 366061 232355 648798 624149 372092 601548 684265 653016 373578 133857 411369 279988 419032 622951 664767 145982 502506 750572 85902 724817 268188 216103 698975 372380 732241 533201 527337 427784 520194 322239 874023 264556 662431 590393 320464 700074 523969 768319 585314 580144 352762 764952 106649 511694 344351 186964 271998 748193 139412 397189 317913 516833 801185 404095 363963 399662 509787 397296 476422
259233 254904 588092 844601 616200 606971 355389 474091 132626 425131 717989 239016 509154 574151 209742 200781 635123 610853 392920 819386 375121 439960 798478 696201 505335 123679 735433 779032 211803 329233 630629 102507 400098 880108 171502 566558 545738 653142 999999999 601951 540135 605033 750042 333997 269424 785276 148039 343038 571188 339303 552575 246806 533017 429103 175065 268560 781947 372223 257439 611410 182592 694494 659123 57393 688913 132745 241259 372896 443118 427909 964710 227826 533588 54066 101692 967019 756456 459998 133655 694752 284242 375676 192386 757155 290636 694888 571809 772006 822435 789329 257104 730771 553725 164119 833991 997852 541113 231177 705377 704791
503810 595594 452800 245505 558899 186419 459660 138577 658076 485190 116335 546445 517556 316339 550729 746038 406519 600543 451967 244912 652611 610898 637429 411902 577405 723284 605604 627439 390148 495229 122269 528535 302203 314236 657341 155361 240261 85478 601951 999999999 230434 284791 312300 569472 606718 318639 536199 604964 675992 300534 155522 369903 194647 335162 554727 589619 180218 420796 678352 11127 691858 206673 150524 643978 431723 670407 460914 445479 439818 436061 362783 816860 294885 605601 530813 365686 619202 537449 710065 504630 503511 344269 729937 163400 497250 406713 102467 234321 669312 214215 352260 259213 431725 742675 357072 396860 431040 439694 326281 400779
353332 631421 625289 425719 328478 399032 547411 255106 549365 277810 306940 581475 293437 502810 413882 629155 186947 755534 255568 318627 464761 710026 421845 619540 356415 645650 382587 409375 353738 318505 146901 502303 409803 527172 534067 355091 11556 315432 540135 230434 999999999 80913 540454 389032 646276 245235 426776 422895 804835 202880 348191 377090 37722 141067 430853 430294 356040 235811 527761 229621 680921 167213 156391 564857 634905 563625 328540 256985 564283 228863 511344 719157 468771 523070 445636 522386 398090 655436 614236 286020 343047 441564 710137 367252 556060 614754 128573 252455 453824 429599 353183 193311 201414 643931 293887 526478 591700 321552 173872 210146
396778 709670 701463 443798 288521 464098 628312 331433 601424 288906 338507 659990 280391 575777 460186 676721 122126 834276 278688 308141 482464 790929 353444 687919 345800 704797 321114 342866 427960 350437 176191 574609 490017 557602 581532 423083 70364 366061 605033 284791 80913 999999999 596912 414690 724744 191760 482259 446019 885347 274463 417591 455582 113052 182658 481364 465933 377333 269446 564275 281363 753224 151854 169375 625112 704756 615965 380786 286044 644492 244701 512187 771460 543569 583370 507350 525996 334425 736098 668879 219847 382356 522275 780723 399073 636204 682976 184194 233470 385433 464445 431586 154675 172221 697144 237892 519345 669220 379105 100365 129889
746905 629167 292161 300073 868055 158921 457835 332405 846142 772118 292960 592759 817198 195614 777158 933607 718783 438153 733124 448309 915021 547174 948575 165937 872790 871644 917879 939106 562421 759083 427022 652779 351026 214884 859705 208589 550830 232355 750042 312300 540454 596912 999999999 830418 632806 594162 740756 864952 548832 548368 221407 506973 503445 625120 769449 831266 305259 697135 904836 315586 767496 497332 447432 803839 194086 855182 695912 721868 384511 725393 405009 977846 225430 774375 714152 390964 931321 460130 879299 816652 754350 381712 810837 252413 525124 161128 414346 485834 980333 204341 503059 544679 740110 911607 619902 457092 306654 667456 628839 708750
98210 561347 781065 801685 301828 671511 590239 498445 250127 134621 673992 527467 199854 709118 124685 296053 383632 856258 136105 707570 84682 723497 486991 842999 176685 374955 422973 467173 322117 74258 529485 379789 541575 883673 212145 621846 387302 648798 333997 569472 389032 414690 830418 999999999 577769 604854 190812 35495 850561 282232 609051 392474 406453 248714 159161 73168 731440 154023 159832 574256 516587 553637 544425 316105 846644 263432 149823 132048 657841 170862 897664 401430 665318 285077 246782 907278 443417 713315 319670 408916 80578 543589 523078 729873 550319 839765 489298 639253 506725 783677 379253 568298 285793 337557 648554 915103 734940 181486 501806 464724
486365 16675 392286 817918 823124 528517 175013 469050 401280 635685 709653 64804 720049 437398 456123 456868 792420 366127 594738 850473 633307 177649 993271 527845 733010 339353 934068 975056 306512 550419 682219 197988 314331 811605 440920 506020 655501 624149 269424 606718 646276 724744 632806 577769 999999999 873181 388766 594639 306441 457253 494666 269220 624278 582508 424018 522604 769314 562979 526129 617779 156290 764557 715544 318928 511746 399564 447600 573420 254885 621540 945156 440691 409738 322723 332345 941376 954734 223508 383155 871968 510551 272474 197475 729284 113029 528412 622183 825142 1021040 739248 293184 811753 732212 404786 920685 988083 352486 422811 819909 846123
588098 859371 771432 355463 427158 500408 751869 425998 790865 475669 301552 808842 452250 634750 651121 867661 251252 918233 469328 179946 669247 911254 410305 721699 516348 890373 407390 408777 593932 541986 203462 743677 599237 486819 772395 473859 240291 372092 785276 318639 245235 191760 594162 604854 873181 999999999 669887 635236 988342 446934 474081 607555 255093 373055 671172 657600 307096 461206 755923 309530 921582 114527 170627 809780 743860 805312 569649 477527 748021 434087 379760 960985 613122 767972 690724 398055 411719 844740 857230 311153 574061 637926 952456 350525 773984 716348 257103 113069 438107 414037 584449 62575 340074 886211 48825 371418 748673 565277 108219 183729
111295 372538 635190 781468 468349 585987 422460 427358 124497 277665 651373 341821 361293 588441 67363 210432 497350 689705 247453 728500 245818 542005 651203 719813 358097 223836 587944 631682 180904 181325 538539 191245 410876 837635 122030 539520 430314 601548 148039 536199 426776 482259 740756 190812 388766 669887 999999999 205875 671546 241752 525536 246798 427476 300424 37020 134623 714299 230772 169472 544061 329207 590187 563025 147353 718271 138160 102417 228242 499809 283798 893791 292790 544813 107688 56436 899096 608950 541766 187479 550821 136231 400858 340357 698635 372967 717448 484359 672471 674782 740946 242933 620086 411229 217345 717830 921148 587676 105430 581351 570868
126321 578396 810654 836893 313903 706031 615439 533200 247295 161151 709336 546637 216918 741409 138516 283058 409004 882258 168426 741217 50306 744842 497685 875299 183592 372207 433963 477917 349846 109742 564157 396967 572368 919167 206220 656422 420853 684265 343038 604964 422895 446019 864952 35495 594639 635236 205875 999999999 872989 317041 643551 420471 441061 283073 171278 74516 766629 188701 141560 609736 524944 586734 578626 319445 878448 259621 179322 166110 685209 201382 932269 389088 697524 291873 262306 942042 453964 737870 314440 427708 112275 572942 528557 765306 572854 872139 524501 672282 515658 819171 408327 600134 310553 329268 678276 949237 764238 210966 531127 490523
753476 318798 257421 816999 1053050 522811 269892 564404 703813 879818 745475 333829 959012 384438 737075 763078 980124 119575 835511 909612 916439 131299 1204010 391678 985536 645233 1151069 1187761 538183 808588 784881 484684 395683 761462 741267 529162 815928 653016 571188 675992 804835 885347 548832 850561 306441 988342 671546 872989 999999999 658819 524573 474358 773106 788526 708414 805535 791102 798779 823456 686414 451944 873817 817938 623456 365096 703326 706376 815154 241821 853858 938037 744076 388467 622729 617075 927588 1170486 150160 689481 1072188 775209 363637 486613 739871 300259 395239 733865 910203 1234396 722145 494726 926264 943148 711166 1030370 988136 255760 676771 965918 1014979
205136 441510 530775 543670 395671 389528 389648 216216 366098 240746 413345 393232 308855 439008 250253 451835 335574 633857 196813 487789 366906 548146 547388 571574 349144 449960 492709 530473 154136 210834 297592 300270 289019 610863 360116 339781 209709 373578 339303 300534 202880 274463 548368 282232 457253 446934 241752 317041 658819 999999999 327143 192944 193716 130327 256060 291332 475292 158076 377913 307334 478953 355666 323513 368629 578506 379461 160392 181026 431570 203353 653071 532124 396449 327326 249306 659074 512408 509686 425189 419390 208342 305429 507412 463928 380342 567881 242616 435018 577117 511779 169577 391551 285037 456614 495744 679543 488272 140202 373816 390004
525881 486254 297386 323484 666549 62492 330928 112025 636520 555063 225433 440845 605833 162119 558129 725060 534539 445357 514739 385762 693635 470022 769315 271349 658376 676163 730639 757332 351831 537956 274519 462675 180544 329788 646307 14110 359509 133857 552575 155522 348191 417591 221407 609051 494666 474081 525536 643551 524573 327143 999999999 305805 310561 411280 552395 610636 279417 477971 686586 165039 604131 361412 304912 602933 287232 646652 475311 502510 294683 509699 450799 778820 139548 569849 504013 446712 746280 391480 676145 633818 532990 222204 645584 235534 381704 266574 237076 387206 801339 246814 296763 414177 538996 708954 512456 494925 276046 447419 474417 542248
294593 254335 391891 605904 580283 360503 205102 234514 340470 405763 483334 204435 484699 343054 298861 427064 527806 465738 361287 603856 468670 357843 739130 473344 512398 370360 683045 721847 70666 340189 424276 160256 164843 634094 358259 319772 386281 411369 246806 369903 377090 455582 506973 392474 269220 607555 246798 420471 474358 192944 305805 999999999 355924 322461 280846 364256 546779 324420 416262 380255 323814 502053 456503 298170 471475 348839 242813 341106 265525 379820 729271 473673 299919 267429 210373 729752 703099 328726 372779 612256 312768 154940 360596 517135 187534 471094 363412 568882 768412 545032 24027 547059 476383 405315 655655 766009 344886 211347 550812 578030
362360 609812 589333 399621 364875 361331 518644 219048 551382 302648 277245 559531 325118 465765 420508 633500 224241 721236 276324 305709 484821 681080 459162 581903 386851 642417 420296 446865 338863 334053 123132 488585 377515 496324 539001 317390 48950 279988 533017 194647 37722 113052 503445 406453 624278 255093 427476 441061 773106 193716 310561 355924 999999999 158189 434757 442550 329436 252434 538770 194509 666561 162953 139646 561198 597394 565378 332632 275148 531916 253130 491219 720233 432224 519614 441665 501080 435742 624214 614231 323430 354488 410668 697391 336861 530773 577107 94197 245230 491160 397843 332323 198074 237282 644723 303859 509543 556463 322127 197292 242881
215432 566410 648837 556538 269771 470728 519750 301177 418774 150070 431360 519364 195054 545056 278079 494607 211876 759718 118802 459569 326653 678467 417079 673607 247719 523799 362601 400148 276080 177472 281315 411994 411058 646976 399340 421784 140587 419032 429103 335162 141067 182658 625120 248714 582508 373055 300424 283073 788526 130327 411280 322461 158189 999999999 298707 289676 486219 94908 387526 338028 588072 307644 295727 444997 683927 433323 198445 117014 558470 101294 649258 588802 504812 403484 329128 659262 382188 639039 486457 290205 203150 431706 611741 489428 509994 669427 245349 393168 446794 547250 299430 328340 154770 514529 420075 666413 608523 199215 281001 276216
92605 407903 670647 799171 446042 613487 459302 451390 120177 257679 668851 378162 339293 620954 34684 198745 487311 726610 231971 738575 209616 578739 630292 752946 330920 233773 566614 610629 213299 160662 549452 227100 444015 859880 104650 566275 433437 622951 175065 554727 430853 481364 769449 159161 424018 671172 37020 171278 708414 256060 552395 280846 434757 298707 999999999 98608 731162 220705 136497 562114 357619 596408 572392 163637 752012 134786 102363 214332 536128 269694 909053 290098 577164 128213 92119 915134 587539 578768 189266 535052 115616 435461 365665 717858 409972 750471 497277 679920 652844 762298 275531 623618 397689 216109 718554 934732 623199 115902 579100 563078
86196 506505 756146 828673 374774 672916 552453 503344 177114 200552 699129 476444 271734 695891 68546 225334 447354 819924 190906 747690 111198 676358 560021 829345 249554 302084 495991 540203 293978 115813 563829 325644 522399 901851 139091 624046 430252 664767 268560 589619 430294 465933 831266 73168 522604 657600 134623 74516 805535 291332 610636 364256 442550 289676 98608 999999999 758996 196870 98349 595577 450431 597264 582150 245744 830586 190312 135358 180277 625953 228802 930824 329890 651861 217392 190629 939028 516479 673504 246502 479005 88194 518814 454401 752428 506167 826496 518222 682707 579885 802461 354921 616797 351095 264699 702836 951648 709119 164437 557722 527376
