NAME : synthetic_000715
TYPE : CTSP-D
DIMENSION : 100
GROUPS : 8
RELAXATION_LEVEL : 1
EDGE_WEIGHT_TYPE : EXPLICIT
EDGE_WEIGHT_FORMAT : FULL_MATRIX
EDGE_WEIGHT_SECTION
999999999 246098 157793 422408 556058 692098 235719 420205 110784 91972 593894 713682 625463 283463 660742 659371 440620 678334 402989 304981 728033 408871 362289 306538 99839 467391 746572 316653 336357 635304 646008 459632 447959 636232 472368 253300 213641 228438 229317 309131 322005 247267 510698 759655 275068 229236 448361 158900 577076 247355 507875 317451 505489 558094 435089 314204 530632 792614 484076 306546 516480 197299 351175 677612 713040 315389 357536 574786 648869 398674 530935 267219 580738 732351 235410 369880 359549 481609 479047 168424 774833 712251 752878 523149 251080 837508 232935 425739 258322 413603 721408 331469 800541 386362 511323 180499 622293 601597 663306 617219
246098 999999999 403793 597458 502065 841334 453331 584408 213447 333078 787138 953008 676518 265981 720973 833149 620069 711143 645342 513459 821971 582834 562304 377441 345072 355958 967560 504449 582434 840893 740632 403291 293680 742704 258418 125997 178398 449989 55135 436716 562091 444513 740397 765909 474589 342541 619705 366725 616687 453591 708901 416940 335764 478692 431117 463263 437687 1016067 266999 530383 652360 48871 546117 745468 876167 402100 347654 798387 626951 593933 560732 483399 684105 725352 102729 588007 604061 568964 603931 218333 868821 952677 825393 765473 452234 1069900 142969 579074 402446 480278 951964 573429 818499 629922 717641 365453 617898 616475 735490 715961
157793 403793 999999999 364303 634306 622535 145164 373849 230823 83677 489362 561076 635154 383028 661504 570013 361797 696411 249190 224419 700284 339896 269809 361857 59603 579596 610834 248174 178680 516932 622908 548058 577729 604766 620123 396263 340640 132825 383794 306625 180965 200453 370540 789906 201494 267368 377083 131153 598515 172435 400080 349528 637592 648929 499291 289848 629874 653999 632516 200083 471102 354949 266885 671873 630637 357489 437368 439757 702684 307124 563240 169557 556052 772236 382697 264045 206885 479650 461534 278597 744596 558654 739332 368501 197015 690478 371122 375282 256684 436692 576961 185610 821330 235426 397572 184066 667672 636815 655459 593123
422408 597458 364303 999999999 975441 955074 501492 31341 532915 349154 789242 701335 999455 705377 1025418 884395 701267 1060458 462583 141361 1057185 687701 607598 267547 389767 888195 827973 602998 366560 789774 982410 880946 859710 961616 855034 659175 633690 488830 610983 670611 263621 176593 609510 1152701 558209 621472 720909 492747 961972 531389 704438 216560 913566 980121 847883 653751 953025 856272 864177 182485 825145 559972 611206 1034971 949877 238533 775700 681942 1058008 641242 924579 518322 915955 1132802 635966 147117 317003 843864 138149 590423 1099889 690749 1100437 532676 175061 850675 645445 730523 619913 798850 763851 280618 1185366 310632 692990 244598 1026011 997933 1018304 952696
556058 502065 634306 975441 999999999 589515 548379 975407 445709 627099 663289 976976 279778 274553 325578 643319 524401 272764 755455 846982 460192 493993 548292 835600 592244 167251 894999 496280 759863 739742 403445 100949 257311 428615 388409 378940 361867 557140 451893 368955 808663 798854 754563 284806 513075 368580 504655 506819 224822 521749 633150 860134 273312 57125 139413 408762 95620 945716 398042 832615 439503 501395 528439 356326 648476 852594 199803 771877 135114 551162 183987 556156 386541 236183 405133 897424 813379 303528 1033183 388340 496815 984963 424856 846567 800881 1034410 372798 445845 400101 253109 924687 807955 343903 843241 654727 736504 148953 179148 357179 395870
692098 841334 622535 955074 589515 999999999 479081 973195 643212 686304 196830 535944 330732 601641 301373 101680 260742 379982 515758 817739 199315 285895 353569 978503 634705 698212 380835 380176 596022 252383 200345 597879 771211 166946 893794 738745 668005 490794 789885 405220 695847 816923 399712 470387 426097 499991 246967 535667 369740 456066 260038 971206 816384 644459 507468 384372 669272 422025 907088 772598 189652 806210 355716 278204 63324 977613 550728 356925 522208 317185 405641 452984 203051 499411 750574 817077 654708 304984 1073120 623605 212344 550296 272950 519830 811199 523640 710795 267974 445482 391967 446363 681552 450821 673456 278141 805539 476054 428172 265861 197494
235719 453331 145164 501492 548379 479081 999999999 513938 243171 208632 359968 507487 504426 337716 526599 432417 218719 568393 220368 360131 557018 194946 130416 500274 158259 530216 515668 103213 211716 399605 481084 475807 550850 461381 622620 403638 332718 12684 417441 187391 274501 344688 287823 666406 56987 190117 232641 86669 474464 30781 272750 492165 611219 573762 409021 158974 563839 563408 636123 325502 326553 406731 123910 534487 490625 498605 366049 345341 595425 167969 446633 31521 414517 654431 399282 383804 267473 347828 605405 265462 600755 509269 598948 332197 340506 617288 373792 230865 148356 320977 498997 269179 692689 296832 275611 326554 555767 519466 517575 451338
420205 584408 373849 31341 975407 973195 513938 999999999 530988 351727 810373 730504 1008151 703668 1035289 904495 717625 1068293 486253 155787 1070703 702674 623694 243433 394921 883414 854671 616271 388874 813036 994974 879766 851924 975066 842615 651266 629190 501254 600511 678762 286093 179063 633733 1159135 570870 625841 736678 500106 969144 543385 724736 192365 904797 978260 849861 663688 949984 883758 851402 201709 839179 548550 626403 1045674 969637 214057 775976 706549 1061228 658019 930373 532210 928315 1137926 627455 173247 341566 853221 109734 588625 1113920 720120 1112366 559795 179422 879739 638839 744074 627481 805316 791628 303743 1193109 336855 713992 240217 1030327 1003503 1029196 965212
110784 213447 230823 532915 445709 643212 243171 530988 999999999 191920 575089 748975 533698 172680 572276 625959 409776 582262 448621 412139 652512 373467 348890 402668 173767 359482 754784 291658 401971 627571 569798 348878 348208 564932 392350 168011 110423 241378 174346 240566 409898 357197 530968 658393 261181 147731 411473 156912 481361 240875 495698 420204 407579 447347 327880 259162 420421 803657 405191 408268 458002 169935 332910 591859 672811 415474 248104 586540 541996 380887 431948 272169 507276 628416 158790 472881 437150 399569 588006 57641 699797 749909 669572 566986 360480 860331 141092 376151 197810 322140 741901 416010 702107 466050 504206 291191 517758 500409 578852 542321
91972 333078 83677 349154 627099 686304 208632 351727 191920 999999999 564792 643472 664113 360705 694962 640800 426861 721692 331729 221316 747112 400607 338678 292199 52015 551316 693988 306437 254383 596475 667143 534285 537223 652592 564326 344769 300548 197848 320390 336087 230592 172954 453947 809602 260217 274693 439339 159691 621372 230239 475999 287982 595463 634411 498744 329262 610119 737469 576002 216828 523725 284875 332408 708478 699249 292329 427306 522622 709522 376312 580269 237561 600437 786864 327327 281138 271088 512602 424906 247486 792765 640622 779978 450224 174127 773985 323364 428732 283639 456709 660632 240827 845955 296865 475304 126058 678788 653003 692936 637570
593894 787138 489362 789242 663289 196830 359968 810373 575089 564792 999999999 352476 455687 588574 442794 101603 169598 517830 333195 657848 377881 208100 231669 851081 516660 732020 232302 283713 423159 77216 345995 641249 788728 309743 895680 705938 630850 369106 741920 368840 525844 668773 204862 619242 319944 453116 176952 436347 472539 346643 89340 835739 842316 711671 549234 332134 725184 282572 909531 608793 226471 745005 244291 428608 167774 845422 563696 160828 632400 196050 488034 329115 311013 636659 711007 645864 477776 360248 915060 573095 401503 365368 448308 323804 661541 374731 675613 232600 388925 421185 274995 509616 612986 492927 96418 672099 584016 534725 412326 328121
713682 953008 561076 701335 976976 535944 507487 730504 748975 643472 352476 999999999 802427 831620 793415 434389 453259 866645 311888 612034 728183 483052 439911 868536 614627 1009307 185778 500869 397409 284304 698187 933252 1045986 662074 1128291 911097 839488 507957 922022 626636 474509 657846 228291 969500 506756 679801 474480 592349 811217 516873 348222 834701 1104973 1018261 847328 583835 1022223 183694 1141939 559525 564559 904749 460581 780542 486951 851654 836066 207217 968615 428621 816592 481262 659082 983646 906492 560387 412280 686133 839484 772564 747658 16526 799756 194017 647518 149464 881155 532075 619513 724063 100982 455373 965254 404411 325146 700557 920657 872443 763993 679211
625463 676518 635154 999455 279778 330732 504426 1008151 533698 664113 455687 802427 999999999 410553 47955 405515 370802 67353 658345 859200 180425 357746 437810 931619 615949 423087 682801 412685 699331 531659 131604 322972 509458 163812 642088 553362 501600 516611 621405 329508 777272 830912 604666 171930 450884 396287 346015 508450 62539 473652 458592 941877 540705 336902 253650 346788 371269 730187 653748 828788 239597 657193 423798 77918 393450 940758 330756 597233 191877 421451 119407 495718 144716 181302 574136 888160 760256 156607 1088734 488757 218528 813718 154233 717370 829254 827479 533549 302297 381318 212209 730594 769923 188616 787209 482477 789211 147193 102703 77411 134790
283463 265981 383028 705377 274553 601641 337716 703668 172680 360705 588574 831620 410553 999999999 455056 612297 420348 446943 558084 582018 559552 381967 395516 563072 332919 197319 799486 332904 535310 654734 479548 176370 214724 485191 307431 144701 94379 342180 210858 220102 563579 529318 603891 509034 325598 151977 411738 269911 351018 320088 525823 586023 274502 274747 170658 259522 249482 850696 321312 573771 413054 248727 375351 479864 644868 579061 85326 644410 380272 416030 295537 357282 427091 473097 163843 638856 580440 310548 758783 115047 605925 835670 559819 667670 532222 922482 123027 359281 213030 219532 804591 566509 558533 610364 541102 463797 362762 354882 470328 456550
660742 720973 661504 1025418 325578 301373 526599 1035289 572276 694962 442794 793415 47955 455056 999999999 383547 375592 78674 667872 884531 135563 367311 449791 967268 645761 470924 665105 430850 714956 517122 101797 370919 557407 137666 690043 598574 545031 539030 665838 358922 796778 859279 603952 176455 471549 431689 350662 537366 110311 495992 454982 975789 588365 382657 300843 371699 418014 711105 701703 852039 238760 700390 437462 30750 364672 975441 376567 590690 228700 429878 166849 515363 136276 198757 618860 910039 776356 182548 1118524 529239 171450 805394 106659 719539 857132 810029 578070 313181 411327 250184 717364 788435 177147 802493 478848 820673 187365 146827 36074 114733
659371 833149 570013 884395 643319 101680 432417 904495 625959 640800 101603 434389 405515 612297 383547 999999999 218961 461667 432763 750540 296715 253074 302125 931149 590668 733554 284186 342785 519834 150714 282153 636881 799095 245908 914713 740843 667144 442959 784574 399710 621863 756873 306366 557825 385098 491542 214525 500487 434419 414071 180000 919166 848785 695643 544367 369939 715200 328309 928367 702811 209144 794101 309714 364221 66605 927501 573844 257916 592664 264499 460921 403287 264648 582013 749291 742600 576012 343305 1007626 615298 313392 448671 369773 424670 750227 428581 711404 255764 430744 419886 345967 606266 543639 592297 193355 754039 544941 495727 349774 271237
440620 620069 361797 701267 524401 260742 218719 717625 409776 426861 169598 453259 370802 420348 375592 218961 999999999 438037 294466 561839 365685 38558 94042 718872 375696 573130 383434 123972 354781 234641 301781 488014 624393 273300 727763 536404 461364 230247 573698 200247 448516 557196 237748 542729 167647 283610 24936 281834 366595 197271 110640 710596 679620 567598 398587 162587 575240 434987 741639 519287 138952 579167 95008 372965 273329 717296 401526 247476 519466 60779 365204 192243 242354 547074 541824 568603 416126 235750 815128 404452 404560 461936 421097 346789 551814 515569 506121 78815 219673 272446 402189 436413 552576 439297 130819 544905 472313 425637 355112 274343
678334 711143 696411 1060458 272764 379982 568393 1068293 582262 721692 517830 866645 67353 446943 78674 461667 438037 999999999 725572 920777 205350 425064 504874 983225 674591 430153 742280 478444 765465 592991 180406 335123 519422 216010 652704 586050 540290 580429 656369 389851 842021 890312 671294 104753 515651 450268 413222 568188 101265 537618 524425 995652 543842 328539 280717 409929 368044 788723 663535 891668 305702 695590 490623 103649 443293 993597 363526 662274 158962 488792 152112 560788 207575 120346 608418 951718 826214 221131 1146597 534249 233079 878218 155220 784483 889045 887180 568771 369575 440813 265583 792783 835070 124919 853380 548329 845914 125099 99405 114194 191269
402989 645342 249190 462583 755455 515758 220368 486253 448621 331729 333195 311888 658345 558084 667872 432763 294466 725572 999999999 341051 656758 300926 221351 574244 303434 749761 381162 261262 100420 327257 596091 690498 770933 566645 837821 615286 547833 216447 618033 386504 200687 369521 147975 829285 243240 409436 319009 296422 643850 240189 255869 547035 831374 785950 616782 347537 779558 418652 851080 288603 433392 596681 237498 666893 499344 561324 582791 221502 783865 238002 628964 203291 536514 827413 607409 316442 146245 509846 594181 480429 692631 309620 715004 120232 360275 444232 586529 356089 360185 511626 334661 182568 843951 159733 239637 398609 739926 697624 649044 568807
304981 513459 224419 141361 846982 817739 360131 155787 412139 221316 657848 612034 859200 582018 884531 750540 561839 920777 341051 999999999 916032 547159 467915 266848 255558 771460 718356 461730 241101 664687 841069 755283 752143 820436 764043 554352 518534 347470 516285 531038 142040 70847 488920 1014194 416854 486561 580949 354433 822915 390054 571208 226237 808771 855579 716022 512997 831403 751499 774500 53352 684146 470271 470796 893796 815295 245309 647418 562542 923618 502256 786973 377204 774598 995741 533602 78151 203290 703294 257244 468466 958917 603749 959077 428665 61790 758799 536547 589344 480964 660686 661788 161224 1045693 207633 561447 148999 890106 860492 877084 811350
728033 821971 700284 1057185 460192 199315 557018 1070703 652512 747112 377881 728183 180425 559552 135563 296715 365685 205350 656758 916032 999999999 371521 454684 1031827 695677 599975 579668 454433 720285 444159 82716 498536 684147 95643 815457 704217 643655 569692 767238 418930 811884 900736 565882 280134 500032 505567 342745 587522 238764 528182 415471 1034223 718563 517316 420692 418204 551382 621335 827599 877567 232450 796102 447883 105143 259950 1036545 488135 536923 362459 425992 291464 538863 147398 316740 722041 930496 781734 254515 1161807 617045 47310 741783 73647 686255 897059 722887 680812 326689 469979 341694 642430 800724 253554 804956 437932 872701 322648 282126 103087 110838
408871 582834 339896 687701 493993 285895 194946 702674 373467 400607 208100 483052 357746 381967 367311 253074 38558 425064 300926 547159 371521 999999999 84008 692766 348899 537021 420441 94282 351289 272830 301999 453656 586841 276833 689396 498017 423025 207115 536001 161876 440498 538083 262224 529189 140456 245280 39497 250839 347506 170448 146504 686601 642436 535556 365376 124044 541556 471964 703276 506881 139387 542440 76586 367831 304236 692402 364796 279320 496376 63958 341002 171593 238797 530055 503669 559001 412968 214158 797745 366628 412840 490975 421947 365032 533288 550816 467772 55725 181602 241011 436248 429742 543052 437771 165050 521183 450020 404657 350056 273257
362289 562304 269809 607598 548292 353569 130416 623694 348890 338678 231669 439911 437810 395516 449791 302125 94042 504874 221351 467915 454684 84008 999999999 629499 288654 569399 409949 62777 267287 278801 385990 495568 608334 360415 699158 492998 418154 140834 520320 187037 357242 463523 211845 608241 88897 246010 113460 204801 422592 114977 147529 619277 666574 584749 413134 144290 585046 460198 713006 425881 223113 518314 20676 451279 361220 626726 396218 249113 565205 37639 409675 101265 322699 606115 494181 476451 328965 288545 721109 355153 495224 445517 505939 298689 458003 527386 462336 136610 182582 297572 409205 346098 624581 353895 155369 453659 520336 477069 433550 357265
306538 377441 361857 267547 835600 978503 500274 243433 402668 292199 851081 868536 931619 563072 967268 931149 718872 983225 574244 266848 1031827 692766 629499 999999999 343880 715054 954538 598546 476561 875348 950392 735091 666145 938679 631969 471971 473796 489073 407889 613954 394669 211027 715475 1061060 552411 535655 731537 447293 882004 522437 761757 51085 712194 826125 728440 614416 790887 992896 638878 314614 813390 353081 624183 984066 990649 29549 645627 788238 941896 667103 834057 528249 884446 1030578 445595 338503 456517 787894 230681 455512 1078246 861689 1058943 678344 221557 1011780 468652 719282 562166 719507 907567 413560 1104241 467658 758419 179830 919776 903052 969640 921264
99839 345072 59603 389767 592244 634705 158259 394921 173767 52015 516660 614627 615949 332919 645761 590668 375696 674591 303434 255558 695677 348899 288654 343880 999999999 527817 654382 254666 237882 551188 615981 502483 521825 601006 561028 337517 284133 148038 324219 286918 236131 216094 415994 764286 208629 231765 387747 108857 574816 178696 428348 339935 581325 603245 460470 278232 581738 699182 573342 241440 471759 296202 281582 658626 648481 344333 393213 482505 668674 326226 535454 188031 549204 743220 323428 306543 265952 463238 472894 224357 741206 612916 729436 423506 215580 740512 312964 376724 234712 410589 625356 242555 799178 294126 428823 177036 636247 608618 642898 586359
467391 355958 579596 888195 167251 698212 530216 883414 359482 551316 732020 1009307 423087 197319 470924 733554 573130 430153 749761 771460 599975 537021 569399 715054 527817 999999999 956299 509050 731916 804549 532322 102044 90359 550667 222981 243357 254509 535793 311904 382921 760418 714453 781185 451857 510726 340342 558686 466666 361867 509728 683402 746073 119302 127816 190803 425674 83383 1007848 233484 766997 524463 365540 548727 500954 751625 735481 173419 813091 302350 583038 308698 546856 499576 403417 269985 831857 777716 393944 927452 304306 640960 1014808 575513 855189 718464 1087696 247773 500384 393280 313950 972160 763664 510587 807655 701910 643785 311437 331526 498132 518073
746572 967560 610834 827973 894999 380835 515668 854671 754784 693988 232302 185778 682801 799486 665105 284186 383434 742280 381162 718356 579668 420441 409949 954538 654382 956299 999999999 471872 480954 155335 564703 868887 1007132 528172 1106110 902947 828068 520615 928242 580789 576322 750629 240725 840661 494424 654080 397800 601573 703525 514009 274251 928186 1062875 942559 777738 540099 954379 51557 1119997 665108 458670 921760 428566 647343 324076 942302 784958 171923 863468 384385 720317 484855 538504 862297 903814 681432 515913 592389 964287 764913 591924 202287 653119 295644 741294 144924 872284 456648 589477 649779 85018 557197 827808 517856 258422 777029 815121 765723 632315 551014
316653 504449 248174 602998 496280 380176 103213 616271 291658 306437 283713 500869 412685 332904 430850 342785 123972 478444 261262 461730 454433 94282 62777 598546 254666 509050 471872 999999999 287283 337007 379610 438322 546101 358800 636402 431333 356309 115784 460939 129164 365945 447900 272578 579478 46823 183251 133406 157872 389503 76625 204785 592945 604585 529981 358949 87640 527939 522348 650253 424733 223401 461583 43315 436516 396906 598437 336385 311886 523548 89666 369578 85291 313470 572501 433299 480507 347797 257660 708566 294239 497834 505945 498327 351462 443676 590163 400673 127862 119892 250377 471957 357707 601235 375204 215365 427773 480524 439966 419257 349967
336357 582434 178680 366560 759863 596022 211716 388874 401971 254383 423159 397409 699331 535310 714956 519834 354781 765465 100420 241101 720285 351289 267287 476561 237882 731916 480954 287283 999999999 424463 653198 684810 741478 626909 794190 569758 508611 202725 561796 397436 102946 269811 247916 866760 254512 396584 377549 265399 676506 239734 340022 447743 801989 783823 620583 364524 771666 517215 806914 189155 490029 533602 277763 717872 585907 462582 573981 321616 804963 294298 653653 208819 589920 859017 558125 222822 61679 544919 495779 442952 759282 392625 773141 203928 260373 536645 543003 402760 360038 529866 431010 86486 887608 87928 327218 303878 763936 725395 700222 624544
635304 840893 516932 789774 739742 252383 399605 813036 627571 596475 77216 284304 531659 654734 517122 150714 234641 592991 327257 664687 444159 272830 278801 875348 551188 804549 155335 337007 424463 999999999 418740 715384 858587 382229 962160 766332 691093 407079 797945 434688 526970 683531 182833 693505 367347 514224 246272 481391 549617 391265 132236 855850 913194 787595 623778 395780 800162 206002 976043 613456 303671 797109 294818 501618 208172 867226 634618 118100 709512 247343 565166 368093 386950 712294 769639 643674 473362 437055 920242 630761 463482 298301 516178 290237 675442 297546 735771 304165 449418 495699 200496 509355 684994 484191 124307 695518 661131 611814 485754 402406
646008 740632 622908 982410 403445 200345 481084 994974 569798 667143 345995 698187 131604 479548 101797 282153 301781 180406 596091 841069 82716 301999 385990 950392 615981 532322 564703 379610 653198 418740 999999999 430293 613783 36581 743502 624013 562241 493766 686047 336886 741650 823241 518207 275969 424238 422897 277566 507452 178680 451621 367380 953641 651562 460096 347736 337888 490426 610144 755980 804215 163450 714073 377138 82899 263508 955570 410652 498531 323458 360398 224943 464730 66906 300551 641264 858829 714866 172219 1084275 534547 130012 710708 119949 636574 819912 709578 600039 253162 388271 260648 619236 731419 267068 739282 390896 792988 278539 232333 67658 29786
459632 403291 548058 880946 100949 597879 475807 879766 348878 534285 641249 933252 322972 176370 370919 636881 488014 335123 690498 755283 498536 453656 495568 735091 502483 102044 868887 438322 684810 715384 430293 999999999 186492 448742 319354 279058 261295 483253 352179 309252 725797 704587 706593 369396 447525 288412 471519 424554 261155 451659 598641 760310 221333 100887 92652 351600 89618 920306 330852 743864 427865 400942 475028 400621 652331 752416 111364 732566 224833 504666 207083 487776 398149 325049 305004 808932 735418 294892 934824 291248 540058 939837 476384 789299 707130 1003530 271987 412374 330366 220144 889844 726571 425761 765458 618421 640067 223071 235728 397144 416106
447959 293680 577729 859710 257311 771211 550850 851924 348208 537223 788728 1045986 509458 214724 557407 799095 624393 519422 770933 752143 684147 586841 608334 666145 521825 90359 1007132 546101 741478 858587 613783 186492 999999999 629828 133298 200660 237793 554509 258307 426755 757850 690510 818010 542071 540312 366676 612580 477951 447547 534411 732892 701412 60592 214275 266820 468384 168514 1058604 144446 753909 591374 313092 587927 587063 822024 688783 225786 856345 392415 626567 392850 571526 576585 493316 224844 817708 782053 466340 886404 299673 726208 1050216 662815 881943 695729 1133714 215637 556178 426628 380659 1016455 763334 600904 811498 749690 615828 401657 420413 583306 597674
636232 742704 604766 961616 428615 166946 461381 975066 564932 652592 309743 662074 163812 485191 137666 245908 273300 216010 566645 820436 95643 276833 360415 938679 601006 550667 528172 358800 626909 382229 36581 448742 629828 999999999 757900 628799 564511 474053 688586 327842 717329 805208 484571 312489 404394 417276 249676 493192 205256 432591 333551 940076 669943 484718 363012 324357 513030 573727 770636 782194 137464 714117 352943 119465 229657 942795 420529 463174 355301 332953 246844 443300 58603 336317 644850 835533 688489 174694 1066264 532776 140215 674691 148597 603560 801482 673058 603735 231095 377912 265732 582725 706492 303243 712275 356887 777961 309389 261975 104144 32920
472368 258418 620123 855034 388409 893794 622620 842615 392350 564326 895680 1128291 642088 307431 690043 914713 727763 652704 837821 764043 815457 689396 699158 631969 561028 222981 1106110 636402 794190 962160 743502 319354 133298 757900 999999999 224431 290213 623882 247788 527526 793845 697067 902917 673010 622665 453151 718741 541529 579965 611433 832932 673713 124341 341532 395767 566710 296039 1157161 13891 775014 709838 295570 679487 719509 942064 657870 343162 948138 523102 721931 524712 647345 703305 623350 237789 835782 826947 590448 860734 357681 858098 1130955 795719 953962 703988 1226404 251801 665048 517142 501831 1107964 802292 732301 855122 847703 618659 534354 553710 715301 726171
253300 125997 396263 659175 378940 738745 403638 651266 168011 344769 705938 911097 553362 144701 598574 740843 536404 586050 615286 554352 704217 498017 492998 471971 337517 243357 902947 431333 569758 766332 624013 279058 200660 628799 224431 999999999 75241 403728 73162 341253 572019 491168 688779 639923 410625 252824 532054 320045 492808 395726 634498 504312 254957 359850 305596 374335 321452 953119 237201 559564 549137 123462 474558 623918 778422 492963 223056 739151 501641 520152 436431 430245 570462 599609 26770 622292 603147 454124 687746 139164 750621 912877 703860 732653 496779 1016178 30664 485114 317263 363594 897425 579656 692548 631580 646513 415645 491923 490792 614708 600639
213641 178398 340640 633690 361867 668005 332718 629190 110423 300548 630850 839488 501600 94379 545031 667144 461364 540290 547833 518534 643655 423025 418154 473796 284133 254509 828068 356309 508611 691093 562241 261295 237793 564511 290213 75241 999999999 333719 124079 267446 520242 460182 615827 603404 336692 177754 457379 251427 443175 322996 559273 499664 297195 354132 265028 299535 322184 878343 303611 517362 478397 155647 399570 568723 706077 491300 179687 664952 473302 444993 388443 358228 505929 567133 82624 581634 546223 390591 676922 67470 690557 841713 648524 663751 464422 942375 44765 411394 242069 301993 823634 526103 652809 575376 571388 389341 456970 449085 558242 537592
228438 449989 132825 488830 557140 490794 12684 501254 241378 197848 369106 507957 516611 342180 539030 442959 230247 580429 216447 347470 569692 207115 140834 489073 148038 535793 520615 115784 202725 407079 493766 483253 554509 474053 623882 403728 333719 999999999 415309 198135 262978 332128 290453 678180 69661 196353 244592 84483 486185 43047 281372 480412 614972 581653 417881 170762 570933 567921 637316 313025 339159 402989 135289 547038 501626 487068 373062 349704 605974 178465 457771 40035 427193 665806 398540 371560 257496 360004 592795 266295 613406 509328 611608 330183 327899 620006 374127 243496 157548 331851 501977 258056 704799 287027 283407 314749 566643 530727 530145 464019
229317 55135 383794 610983 451893 789885 417441 600511 174346 320390 741920 922022 621405 210858 665838 784574 573698 656369 618033 516285 767238 536001 520320 407889 324219 311904 928242 460939 561796 797945 686047 352179 258307 688586 247788 73162 124079 415309 999999999 386342 550972 449658 705263 712351 433906 293067 572127 330981 561643 414829 665724 443410 306438 431431 376649 414771 391911 977411 258467 527777 600547 54809 503318 690351 826068 430508 292843 760653 574731 550606 505765 446511 630006 672481 48213 588113 588482 514581 629088 169482 814035 922500 770280 737536 456403 1034667 87870 529575 354664 425556 916247 560757 764469 615578 675578 371619 564437 562073 680415 661578
309131 436716 306625 670611 368955 405220 187391 678762 240566 336087 368840 626636 329508 220102 358922 399710 200247 389851 386504 531038 418930 161876 187037 613954 286918 382921 580789 129164 397436 434688 336886 309252 426755 327842 527526 341253 267446 198135 386342 999999999 460526 501413 398818 483864 144963 94796 192450 178959 292081 157965 306610 619098 483526 401080 230574 42801 398858 632181 541404 503395 217857 400992 166382 372629 439727 620029 209528 430903 408070 200617 260090 189497 271722 468791 349711 564830 454574 176517 759795 218549 465800 632478 445568 480556 499759 707325 311704 143950 52502 133753 590626 456140 514765 483701 322963 461930 368519 333376 357366 308103
322005 562091 180965 263621 808663 695847 274501 286093 409898 230592 525844 474509 777272 563579 796778 621863 448516 842021 200687 142040 811884 440498 357242 394669 236131 760418 576322 365945 102946 526970 741650 725797 757850 717329 793845 572019 520242 262978 550972 460526 999999999 183653 348601 940773 326415 440097 470067 301965 748913 305095 441884 360247 817437 826450 671270 433432 809137 609639 805749 88803 579871 514453 364585 802142 687715 377170 614562 421928 867116 387747 720532 281661 676814 928769 556197 121233 62363 620979 393547 459324 852368 467244 861388 287644 173194 619590 548467 488785 416372 594239 520382 19353 965845 75145 429730 235946 828837 793618 784760 712449
247267 444513 200453 176593 798854 816923 344688 179063 357197 172954 668773 657846 830912 529318 859279 756873 557196 890312 369521 70847 900736 538083 463523 211027 216094 714453 750629 447900 269811 683531 823241 704587 690510 805208 697067 491168 460182 332128 449658 501413 183653 999999999 514749 980375 401463 446779 574173 322462 790786 372730 580221 178172 746100 803996 671616 488511 777607 786926 707237 106871 671191 402267 463280 870743 819965 194030 599107 588371 882423 499746 751454 366518 756361 958877 469429 148769 245622 676842 261084 414529 944991 650804 939250 468818 10797 801947 475034 575423 449710 626672 699792 202599 1015014 256860 573205 79092 851284 824523 854562 793459
510698 740397 370540 609510 754563 399712 287823 633733 530968 453947 204862 228291 604666 603891 603952 306366 237748 671294 147975 488920 565882 262224 211845 715475 415994 781185 240725 272578 247916 182833 518207 706593 818010 484571 902917 688779 615827 290453 705263 398818 348601 514749 999999999 775948 280271 452327 261410 374378 604064 293053 151052 691016 876844 793709 622219 356032 795873 283546 916649 436569 365861 693194 232521 596625 372056 704304 608058 73761 757045 203448 602319 259189 467757 783256 686039 462767 292510 473416 741967 549658 595548 233673 631492 120896 505876 329558 658467 314998 391409 501582 211650 330323 780581 301835 128037 537117 710018 663374 579074 494442
759655 765909 789906 1152701 284806 470387 666406 1159135 658393 809602 619242 969500 171930 509034 176455 557825 542729 104753 829285 1014194 280134 529189 608241 1061060 764286 451857 840661 579478 866760 693505 275969 369396 542071 312489 673010 639923 603404 678180 712351 483864 940773 980375 775948 999999999 615041 535371 517931 660023 192077 635725 628685 1076745 555481 333100 338377 507438 377677 886025 682376 987237 410220 755997 593495 193613 533410 1073268 423718 765920 149915 593020 229481 660536 310777 52872 664160 1048316 927132 321887 1233658 606795 294487 981316 213282 889230 979717 985545 626532 473583 533238 353881 893799 934518 60324 954681 652593 931995 148048 158128 208347 291178
275068 474589 201494 558209 513075 426097 56987 570870 261181 260217 319944 506756 450884 325598 471549 385098 167647 515651 243240 416854 500032 140456 88897 552411 208629 510726 494424 46823 254512 367347 424238 447525 540312 404394 622665 410625 336692 69661 433906 144963 326415 401463 280271 615041 999999999 173639 179130 116560 423652 29993 236411 546283 599890 542717 374009 110020 536784 543879 636407 381293 269728 430070 76126 478659 440952 551952 340965 328580 550734 123981 399169 45789 357747 605247 409966 438505 313366 294570 662289 271652 543795 510365 542324 344464 397393 605685 380077 173972 117863 275659 486943 319538 639437 341809 243422 381025 509432 471128 461623 394508
229236 342541 267368 621472 368580 499991 190117 625841 147731 274693 453116 679801 396287 151977 431689 491542 283610 450268 409436 486561 505567 245280 246010 535655 231765 340342 654080 183251 396584 514224 422897 288412 366676 417276 453151 252824 177754 196353 293067 94796 440097 446779 452327 535371 173639 999999999 280020 138271 349184 169623 382896 545769 426277 388099 232071 122143 375127 704858 467002 467183 312476 306225 226370 449241 533628 544472 177400 495052 437074 269752 305898 206843 359775 512206 258654 531397 447124 254322 698290 124208 552798 683738 525576 516639 446903 773337 222511 236621 64849 184823 655010 439688 573513 477148 396129 396694 404591 378379 435382 395096
448361 619705 377083 720909 504655 246967 232641 736678 411473 439339 176952 474480 346015 411738 350662 214525 24936 413222 319009 580949 342745 39497 113460 731537 387747 558686 397800 133406 377549 246272 277566 471519 612580 249676 718741 532054 457379 244592 572127 192450 470067 574173 261410 517931 179130 280020 999999999 290319 342663 209100 128537 724734 666938 548942 381148 157901 557968 449318 732590 539318 114410 579950 110913 348174 264791 730826 388347 267893 496423 83309 342708 207897 217609 522657 538671 589699 439037 212738 833071 402645 382368 483538 397088 371446 569094 532371 502033 59322 217482 253989 420423 458375 527640 462610 150188 559176 449070 402082 330319 249904
158900 366725 131153 492747 506819 535667 86669 500106 156912 159691 436347 592349 508450 269911 537366 500487 281834 568188 296422 354433 587522 250839 204801 447293 108857 466666 601573 157872 265399 481391 507452 424554 477951 493192 541529 320045 251427 84483 330981 178959 301965 322462 374378 660023 116560 138271 290319 999999999 469265 90221 351763 446896 538543 524946 370120 169573 509379 649643 554845 331100 366096 320321 192655 549880 554641 450006 313193 431740 571638 240511 432548 116785 440756 641400 314231 394652 311961 354819 581166 184007 633300 593565 620589 412730 320916 703896 290757 272309 127376 306301 585649 302079 693015 342004 357088 285614 536531 506082 534093 477885
577076 616687 598515 961972 224822 369740 474464 969144 481361 621372 472539 811217 62539 351018 110311 434419 366595 101265 643850 822915 238764 347506 422592 882004 574816 361867 703525 389503 676506 549617 178680 261155 447547 205256 579965 492808 443175 486185 561643 292081 748913 790786 604064 192077 423652 349184 342663 469265 999999999 443822 463559 894414 480053 281604 191367 315493 313385 752415 591716 795315 247734 598804 406555 139547 430785 892332 269827 604267 159945 411297 57083 469289 170097 183596 514098 856262 736455 134075 1046204 434106 279094 821555 216769 712106 789766 847109 473784 292014 342076 164758 745258 742905 224604 764342 487099 745216 111601 62205 136316 173008
247355 453591 172435 531389 521749 456066 30781 543385 240875 230239 346643 516873 473652 320088 495992 414071 197271 537618 240189 390054 528182 170448 114977 522437 178696 509728 514009 76625 239734 391265 451621 451659 534411 432591 611433 395726 322996 43047 414829 157965 305095 372730 293053 635725 29993 169623 209100 90221 443822 999999999 261572 516344 594482 548676 382338 128337 540271 562783 625071 356053 298693 408164 104436 504118 470475 521965 342947 345840 565988 151392 416511 37242 384931 624047 393372 414555 296621 317052 633721 256615 572269 519585 569117 347589 368895 621106 365426 202865 121947 291215 502419 299491 661908 325740 266982 351148 525925 489204 487265 421850
507875 708901 400080 704438 633150 260038 272750 724736 495698 475999 89340 348222 458592 525823 454982 180000 110640 524425 255869 571208 415471 146504 147529 761757 428348 683402 274251 204785 340022 132236 367380 598641 732892 333551 832932 634498 559273 281372 665724 306610 441884 580221 151052 628685 236411 382896 128537 351763 463559 261572 999999999 746481 788799 677394 509001 266302 685735 325712 846823 523028 219020 665409 162794 446471 245892 756096 511301 141006 620425 115118 468587 241555 318735 638891 637508 562700 396924 338077 828427 498581 446540 358141 480492 270844 573151 404929 603903 187675 318048 382318 291970 426394 630973 414368 23908 582761 572523 524481 429039 344110
317451 416940 349528 216560 860134 971206 492165 192365 420204 287982 835739 834701 941877 586023 975789 919166 710596 995652 547035 226237 1034223 686601 619277 51085 339935 746073 928186 592945 447743 855850 953641 760310 701412 940076 673713 504312 499664 480412 443410 619098 360247 178172 691016 1076745 546283 545769 724734 446896 894414 516344 746481 999999999 749406 853606 747964 616020 819928 964952 681149 276521 811695 388873 615590 991237 980147 22067 666727 764380 962028 656642 848312 518572 887170 1048274 478406 294344 422571 794761 187059 475235 1080146 827188 1064635 646770 188038 979623 498462 716590 566760 730545 877963 379459 1117993 431345 741625 165697 937768 918626 976288 924217
505489 335764 637592 913566 273312 816384 611219 904797 407579 595463 842316 1104973 540705 274502 588365 848785 679620 543842 831374 808771 718563 642436 666574 712194 581325 119302 1062875 604585 801989 913194 651562 221333 60592 669943 124341 254957 297195 614972 306438 483526 817437 746100 876844 555481 599890 426277 666938 538543 480053 594482 788799 749406 999999999 222387 309042 525548 178197 1114400 130760 811875 640111 360629 646084 618622 868955 735848 278662 913961 405909 683870 427607 631635 618587 504725 277602 875368 842274 511616 935451 359894 759009 1109402 692022 942062 751628 1190846 272577 609764 485461 428995 1073941 823162 615366 871668 806093 670506 421857 446499 616366 637364
558094 478692 648929 980121 57125 644459 573762 978260 447347 634411 711671 1018261 336902 274747 382657 695643 567598 328539 785950 855579 517316 535556 584749 826125 603245 127816 942559 529981 783823 787595 460096 100887 214275 484718 341532 359850 354132 581653 431431 401080 826450 803996 793709 333100 542717 388099 548942 524946 281604 548676 677394 853606 222387 999999999 171640 442435 45803 993556 350261 844657 489935 483312 564501 413407 702805 844705 211889 814641 183702 590432 238900 584232 441410 282436 386561 909737 835213 353712 1030637 389752 553833 1025667 481427 881414 806769 1080582 358228 489720 426813 295158 969352 827022 393037 865230 698374 738211 203861 236105 414302 451899
435089 431117 499291 847883 139413 507468 409021 849861 327880 498744 549234 847328 253650 170658 300843 544367 398587 280717 616782 716022 420692 365376 413134 728440 460470 190803 777738 358949 620583 623778 347736 92652 266820 363012 395767 305596 265028 417881 376649 230574 671270 671616 622219 338377 374009 232071 381148 370120 191367 382338 509001 747964 309042 171640 999999999 271314 176822 829075 408259 698781 335291 418272 392917 328756 560907 742650 85342 644696 214118 419085 134294 416834 310091 303209 328513 763211 674484 203205 914096 273061 464424 854508 407497 710189 672827 913516 289614 321846 260708 128091 800775 669988 388438 704289 529348 613774 192509 185434 322572 330915
314204 463263 289848 653751 408762 384372 158974 663688 259162 329262 332134 583835 346788 259522 371699 369939 162587 409929 347537 512997 418204 124044 144290 614416 278232 425674 540099 87640 364524 395780 337888 351600 468384 324357 566710 374335 299535 170762 414771 42801 433432 488511 356032 507438 110020 122143 157901 169573 315493 128337 266302 616020 525548 442435 271314 999999999 441167 591387 580600 482015 202662 424983 123652 382264 414106 618471 252301 388536 440840 158327 289233 155722 271236 495971 380778 541788 423128 190418 748827 245387 464230 589687 451474 438980 485984 665374 344224 117006 61442 165903 548410 427678 534511 451725 281857 455164 399414 361446 366052 308344
