NAME : synthetic_000489
TYPE : CTSP-D
DIMENSION : 100
GROUPS : 8
RELAXATION_LEVEL : 1
EDGE_WEIGHT_TYPE : EXPLICIT
EDGE_WEIGHT_FORMAT : FULL_MATRIX
EDGE_WEIGHT_SECTION
999999999 782279 202763 286191 264436 454565 504304 638760 244230 255915 195870 389601 383726 354448 682032 598060 978122 900951 839488 234290 701676 632260 356596 402266 124789 318075 663014 597326 485243 52156 757976 492636 259021 380749 12100 619475 398795 865950 754841 365757 132186 942538 453777 608076 561298 455594 445100 686683 1080566 966895 247195 720915 57545 369614 135362 1061636 817111 458053 385604 239206 886977 566440 896929 773036 66378 471441 500204 805666 388600 42461 674082 171849 896532 823077 645580 528674 271561 1056557 404372 939103 670597 558319 781626 464213 215090 844078 431104 549494 429713 700083 373799 827433 1011539 182926 324308 592459 880632 553935 325647 764456
782279 999999999 888518 636663 946371 353455 699592 296431 596757 674224 725525 760604 540496 758294 192464 721929 300943 119721 778856 573657 235826 624248 982684 395250 695851 489032 227722 209718 343312 747033 467791 294110 734532 499561 771940 633039 628840 480160 525556 591130 760561 243053 569424 524132 242532 580555 377346 231515 299071 186793 541231 293512 739369 476697 650360 284235 238211 682812 901059 574190 684781 377856 648749 232998 716572 576109 688209 357668 845079 794459 793578 645927 115928 89868 419336 677611 720134 276638 955302 766047 631919 254157 248114 411747 570377 231239 708389 378560 829084 348636 544882 133515 239404 641837 498802 372559 641148 654090 793001 142773
202763 888518 999999999 485078 65748 536948 418583 798345 292350 457474 398594 278646 573305 246561 752578 506539 1034315 1001831 752602 316735 852239 574618 153995 493304 321997 399521 726162 729735 555628 190768 750362 619861 186315 561847 201943 558677 354123 861736 731024 349929 333423 1008504 649189 799144 695576 652099 599946 745544 1185915 1075203 357646 881117 256346 542572 269098 1153525 870542 380700 208374 415965 830883 737547 851527 922615 231706 439260 702560 829015 236099 161162 565232 246846 996723 911769 652923 730622 474231 1164832 211694 868109 611722 641526 831755 633968 368787 900704 633860 582864 287572 725439 563529 906143 1126429 248704 494132 763700 835433 754851 199258 839939
286191 636663 485078 999999999 548927 410999 664320 411510 357061 42424 112445 593713 116264 563506 607129 750743 895018 754195 963520 311464 486001 741759 636482 363448 163096 337292 602732 427765 451821 296169 787472 354670 471755 141206 284537 734467 540187 879576 806421 487594 176882 847242 169400 326952 394136 170124 259356 629463 916494 804071 270787 486589 229637 160039 251913 919125 752037 618048 640976 122579 968332 322767 963522 554068 256900 580390 224637 786359 625262 325188 837828 316318 751199 702286 670071 249414 83498 889100 671221 1036035 776601 485132 725433 237145 189496 771437 168587 555723 652991 690969 107490 722137 835978 326559 148514 346330 948261 270566 554322 670904
264436 946371 65748 548927 999999999 593517 435230 863159 349674 520204 459406 293224 638678 265516 804795 517904 1081693 1058331 760831 377608 916180 596391 99793 551780 385875 458234 777144 791981 609916 255984 784227 681976 226403 627571 264722 579768 387733 895308 760539 391702 392827 1058148 713954 864522 758169 716666 664759 795474 1242664 1132765 420473 945884 319520 608283 334559 1207859 918302 402159 188899 481686 849025 803096 872936 986343 297022 472836 764593 870105 232502 223907 568056 309354 1053119 966433 692122 793106 534711 1222151 175319 880732 632281 697058 879082 699536 434262 948955 694897 629377 285748 768105 628882 958929 1184970 310237 559816 829240 857083 818056 215297 892486
454565 353455 536948 410999 593517 999999999 398093 364137 244598 434120 459011 423048 370852 414885 227473 452585 524218 464964 606002 227659 382447 393972 629925 53696 397458 140450 210086 237898 40963 411975 380556 148633 381916 322607 443094 393785 298204 468772 407411 250729 470011 488012 445208 507270 215802 456103 227385 235043 649204 539401 207746 433652 422533 282604 319230 617769 365288 367623 554333 302727 578191 362241 565730 442017 388477 273745 568986 377777 502257 458337 538957 300064 459817 376066 265783 575801 485546 628664 607175 652880 420244 105736 332040 297817 265599 390872 549947 151517 494274 280057 368445 375070 592711 294186 267230 380706 551461 571661 444769 310746
504304 699592 418583 664320 435230 398093 999999999 761245 307781 663010 642855 142016 686579 172080 513969 93762 729007 785525 338552 352932 779533 164054 403081 396552 548500 351662 478836 634607 382345 454235 377649 544398 250922 647970 493907 146788 124604 483352 340449 179644 607962 722630 772817 875750 613888 781345 599095 485290 961290 866991 397541 831731 519163 610036 429310 903715 578250 47357 279888 544269 413868 747891 438322 836040 468046 126504 877300 491712 216948 474523 174770 361673 779546 681580 319419 894487 705588 948249 332046 449768 198057 460376 539159 664434 475386 610152 832043 321105 172111 407494 679900 656555 927968 349490 570851 769304 422639 902489 220920 594188
638760 296431 798345 411510 863159 364137 761245 999999999 539340 453658 519082 767966 297422 752315 389001 816106 596466 392727 947310 497603 77949 748719 926210 367780 524774 439178 409646 144309 386942 620417 668961 216903 693479 273223 631417 750989 654050 718262 715157 601297 572391 539136 296158 227702 151586 305947 198405 430457 526073 420564 447882 82831 584727 271834 530277 548043 504117 728229 879079 400372 888862 94521 863466 142639 581559 637805 402795 597309 836861 664794 901477 557158 391820 383976 578454 388064 489330 497091 926209 969317 770029 334755 497337 178471 431560 508139 435826 485134 839557 543282 305114 422066 439854 558951 314674 80122 852189 361399 770650 401344
244230 596757 292350 357061 349674 244598 307781 539340 999999999 355358 339753 247791 391073 223573 463363 396325 752029 709506 621873 48895 582124 404450 394208 202243 248250 109233 439064 449235 264679 193451 513798 339838 154139 358911 232151 394040 184705 621768 512325 136230 315094 722184 477701 599409 417341 485041 347138 460250 893652 783268 101093 619996 235679 325509 130042 861654 588599 261174 340102 238966 652112 497577 658257 650002 187217 239345 573899 565153 302209 233760 482075 72448 704385 619844 401579 593230 398902 872776 386940 710040 441919 349376 551134 399671 169648 617509 525313 309542 315113 459381 383286 615760 835300 61413 280162 522429 642066 604757 233140 549985
255915 674224 457474 42424 520204 434120 663010 453658 355358 999999999 71545 584274 158658 552819 637241 751461 927773 792327 970163 312373 527854 749007 610303 384496 137603 348662 631097 466103 474535 271791 806303 388699 458893 182307 255617 740829 539956 901090 822445 489176 138602 881034 206977 365370 431920 206404 297066 657730 956308 843572 277008 528980 201161 197897 240461 957372 782153 616172 622000 134467 981271 365174 978499 596160 234502 585719 245599 811366 610176 296459 837430 307390 789203 737901 688482 273164 51425 929090 649486 1047077 784679 513573 754368 278520 194282 802501 180913 575068 640735 713946 149914 756340 876391 318477 179791 388754 963012 298054 540030 703586
195870 725525 398594 112445 459406 459011 642855 519082 339753 71545 999999999 551705 227898 518597 672920 733951 967556 844656 961363 302756 591747 742469 552465 406741 95208 355337 663416 520237 498041 220922 819689 434469 422441 245918 197752 732847 522941 918907 830695 475963 69127 923173 278288 436752 485035 277350 351508 689672 1012780 899345 278006 596079 146214 254723 213545 1009649 817034 595535 574367 158541 983286 432742 984124 661045 188622 577440 306041 836159 568513 237931 817546 281329 841227 784510 701909 335565 75743 986106 597661 1045522 779310 547090 787040 341745 199087 839210 235492 591236 603212 735507 218723 799794 934732 293413 226732 456916 968300 363248 500252 744065
389601 760604 278646 593713 293224 423048 142016 767966 247791 584274 551705 999999999 638217 35399 588547 227893 834721 858842 474124 296641 799681 304054 267062 403187 456701 330569 555616 657718 420925 343599 504564 555230 131282 606699 380588 287178 132580 613776 474145 172394 506603 820967 724643 846521 630965 731636 585436 567737 1040435 938784 348664 845015 415187 572920 343813 991246 676423 112042 151713 482049 555869 737293 579952 862789 365975 204323 815797 606133 88680 354690 290834 277514 853071 757909 427492 836932 620958 1024317 207381 589904 339359 508378 636545 643177 413581 708310 761847 395285 71764 511754 630196 739773 997179 267158 527941 761149 564171 850408 79540 674307
383726 540496 573305 116264 638678 370852 686579 297422 391073 158658 227898 638217 999999999 611745 537586 766080 813657 655220 959965 342234 373262 739371 719715 332860 259353 338043 539132 331038 411127 382709 750852 277982 527595 48907 379755 734667 562601 833760 777886 506961 288952 762744 86729 225844 300463 94783 171990 565701 810935 699931 291954 370892 326202 88249 315891 819112 680515 642763 707640 162371 946920 207014 936267 440031 341656 586744 199532 730819 682934 418865 854925 369995 652694 612596 636630 210806 191912 782957 743933 1019434 771335 424108 658079 129834 226465 696596 182633 522101 703320 643130 9929 637185 728382 377662 116307 230212 921811 215925 611446 591697
354448 758294 246561 563506 265516 414885 172080 752315 223573 552819 518597 35399 611745 999999999 591037 260750 845175 859435 507351 271975 786975 331007 249056 390951 423789 313293 559004 646515 416168 308835 524065 541962 96814 581744 345536 314514 137646 634258 496709 167165 472396 829087 697864 822944 618524 704554 566360 572589 1042103 938666 324632 830522 380903 548995 312530 995511 685136 136645 144001 453864 585304 717971 607824 851376 332066 217235 786451 620493 87393 319335 325809 247250 853745 759789 441270 808194 588553 1025146 199547 621568 367242 504698 645247 622087 386030 716852 731235 400117 91706 523486 603509 743703 996164 237432 503159 742243 591898 822576 50356 677719
682032 192464 752578 607129 804795 227473 513969 389001 463363 637241 672920 588547 537586 591037 999999999 530776 297593 272124 592599 453072 360010 431791 827948 280247 620304 366064 35615 249720 199307 638999 289470 259670 582717 489696 670544 440711 456034 329260 343078 426295 691645 260690 592474 598465 261092 604120 366660 43555 451960 353317 435150 422908 649260 455537 546703 405528 144944 501591 735038 514380 510920 439194 480527 388302 615947 394094 719425 209130 675727 685029 601230 524611 266206 169511 227422 717431 687763 436582 790482 592489 439838 126570 120625 426037 487995 166372 719430 194897 654010 164047 538573 154379 414010 517660 458691 445490 470652 702816 630635 87817
598060 721929 506539 750743 517904 452585 93762 816106 396325 751461 733951 227893 766080 260750 530776 999999999 711951 796980 246664 439611 826827 115825 475126 460199 640071 428285 495167 682702 429988 547927 342997 601176 344022 725391 587646 100286 211628 439107 294919 263168 700682 713156 851529 946323 665762 860532 666263 496602 965775 878493 481355 882174 612348 686423 520583 901695 572013 140371 349006 629444 335378 811470 365759 878741 561184 182945 959867 470193 290116 568187 89039 453351 790931 692474 314458 975674 795170 955384 396257 362856 136790 498495 534818 733839 561271 603127 917461 348579 239142 401221 759918 662211 940743 441046 649808 831471 350949 981748 307355 603983
978122 300943 1034315 895018 1081693 524218 729007 596466 752029 927773 967556 834721 813657 845175 297593 711951 999999999 240399 667909 746714 536393 596815 1091963 577429 917679 660583 315178 490236 493041 933828 374995 540591 855638 768134 966500 611702 707714 314567 432905 691530 988702 58800 855406 823882 515789 866894 642303 292262 309949 285744 731900 592276 946604 738078 843009 224093 163831 731887 986235 809295 535708 673411 488483 524450 912308 630426 978613 241956 923331 979173 756952 816935 237303 212502 410188 970818 977313 315384 1042039 607380 585690 423934 202647 690849 785436 134573 990636 452321 891427 323406 816253 178130 337737 809089 748010 670643 488119 949681 890313 224193
900951 119721 1001831 754195 1058331 464964 785525 392727 709506 792327 844656 858842 655220 859435 272124 796980 240399 999999999 821475 688893 321773 691748 1090266 509690 815552 603166 306844 326433 450037 864846 507061 413831 842554 615810 890491 702678 726282 492694 567739 692959 880245 183606 678442 617390 360432 689265 495261 301149 184417 81618 658445 369715 858656 594509 768359 165083 251294 773706 1003186 693854 710964 481198 669586 294603 835065 666210 793260 379518 945181 912229 861713 761433 6055 104529 484403 780203 837558 165742 1058172 789993 693599 361620 277601 525633 689724 229992 818459 466956 925306 402694 660097 139554 143831 756800 617933 472121 664689 754123 896779 192999
839488 778856 752602 963520 760831 606002 338552 947310 621873 970163 961363 474124 959965 507351 592599 246664 667909 821475 999999999 659630 939041 221866 709264 631431 869970 627712 560695 804182 572114 788393 314567 747634 589405 914961 828650 229333 442806 353906 254445 485715 934655 689374 1041596 1113112 797075 1051695 833131 550113 963182 898373 693539 999942 849047 874530 750816 885156 571372 382798 583515 840956 148311 964231 196944 977386 797954 384655 1158802 444895 529456 811639 197828 685766 815632 723139 371766 1170492 1016948 960174 624687 130034 188630 612584 544094 903466 776111 596652 1125170 464211 476587 430454 955275 682283 960826 673281 845255 980083 190219 1171104 553350 640242
234290 573657 316735 311464 377608 227659 352932 497603 48895 312373 302756 296641 342234 271975 453072 439611 746714 688893 659630 999999999 543697 439876 430411 179332 215256 87260 431714 414922 254119 187482 531609 304897 198023 310096 222321 430613 228725 637041 535319 176836 285684 713592 428887 550999 381726 436293 302924 454548 872187 760441 52938 579054 214600 277031 104725 844521 584564 306902 384433 191700 682032 452144 685242 612624 171065 275102 526222 571866 349173 232460 526399 72642 683988 603157 416337 545097 357725 850289 429410 742969 476584 333354 548414 353000 122547 612269 479134 315948 363617 466489 334495 602641 810504 68286 231375 477291 669210 556178 279230 537926
701676 235826 852239 486001 916180 382447 779533 77949 582124 527854 591747 799681 373262 786975 360010 826827 536393 321773 939041 543697 999999999 750455 974106 396512 591561 477105 385774 144928 398022 679810 647787 245068 735417 346086 693680 754508 679543 686062 698116 629346 642626 478107 374076 295698 168724 383811 256666 403212 448604 344418 496628 62958 649161 340410 586955 473210 459439 750065 918929 465721 869329 172464 840338 71360 642131 653831 478978 563056 873104 725307 909588 607504 321424 325515 567348 462986 565044 419526 968097 950644 768378 331566 458096 250006 490211 459330 513609 484915 871435 521362 380593 367105 362050 608016 380061 156973 830144 434794 809372 356387
632260 624248 574618 741759 596391 393972 164054 748719 404450 749007 742469 304054 739371 331007 431791 115825 596815 691748 221866 439876 750455 999999999 567133 414057 652534 405878 396576 609322 363919 580319 227284 540238 396016 695007 620902 17489 234093 325841 181344 269616 719218 599622 821866 900142 597136 831773 618770 394520 856395 772852 472123 808722 636267 654731 534344 789953 460113 194500 443536 619217 257926 755933 277023 796992 585672 165186 937774 354897 380925 608365 170095 471282 685695 587657 207424 950110 796275 847231 494791 307051 38392 418890 423918 688625 554793 490770 903355 265547 334658 291145 734447 554816 835518 458836 624182 773623 261011 951785 381104 499381
356596 982684 153995 636482 99793 629925 403081 926210 394208 610303 552465 267062 719715 249056 827948 475126 1091963 1090266 709264 430411 974106 567133 999999999 593912 473803 502887 797780 843380 640443 340418 771504 733772 248153 704328 355302 549840 384912 880837 740776 402903 487404 1073466 798127 944970 811133 801626 728893 813578 1274443 1167265 478493 1008304 409216 681554 407227 1233440 930555 378918 126316 559318 810453 872652 839011 1042937 380450 466260 855730 869471 186424 314698 512287 369362 1084802 994146 690221 883420 628142 1255594 89510 833946 600414 729391 890770 769795 505536 962003 787571 642617 235987 771637 710095 982112 1222086 367260 632734 898575 823686 906856 201852 915610
402266 395250 493304 363448 551780 53696 396552 367780 202243 384496 406741 403187 332860 390951 280247 460199 577429 509690 631431 179332 396512 414057 593912 999999999 343830 93787 263694 255669 91307 360752 424396 152322 347543 285896 390914 411698 286274 516675 446676 233876 416464 540401 411409 487817 227823 421859 206535 288730 693245 581994 155096 442663 369180 245347 266918 665367 418925 361295 526084 251718 614214 351933 604894 460426 336022 277601 532299 429436 477604 407485 548381 251961 504748 424286 307560 541399 435864 671719 577305 686619 443435 156156 385732 275407 212128 444327 508345 192727 474947 329821 329438 425723 633278 247111 223708 372879 590146 540139 416097 362237
124789 695851 321997 163096 385875 397458 548500 524774 248250 137603 95208 456701 259353 423789 620304 640071 917679 815552 869970 215256 591561 652534 473803 343830 999999999 278686 606700 499474 433995 134264 742324 401806 327934 259451 121974 642281 429654 844820 749291 384263 73243 876912 329253 483301 463306 331366 337737 632166 990436 876384 199696 605822 67339 253043 119602 979187 761847 501151 485159 126388 897227 447677 900332 662640 97240 487353 383002 769279 475933 162351 723068 186831 811598 746245 625365 409950 165635 965070 511907 957328 689820 493785 729394 347417 132348 786171 317979 518234 509207 666140 249425 756507 916915 199062 211557 473409 884333 433083 406836 697057
318075 489032 399521 337292 458234 140450 351662 439178 109233 348662 355337 330569 338043 313293 366064 428285 660583 603166 627712 87260 477105 405878 502887 93787 278686 999999999 345414 341379 167565 273284 464780 232881 259023 297206 306314 399644 230296 566190 475757 174152 351760 626690 423252 525362 310437 432318 255403 368737 786890 675766 78990 518095 291785 258644 183980 757780 499086 310164 441852 215494 632609 407214 630533 543806 252954 248957 533929 492985 397734 319014 517242 159618 598173 516245 347292 548293 398245 765471 491191 699005 439950 246178 463573 316216 156915 526307 497479 239718 401660 388694 332160 515383 726996 153981 221740 430778 614913 553504 332474 450692
663014 227722 726162 602732 777144 210086 478836 409646 439064 631097 663416 555616 539132 559004 35615 495167 315178 306844 560695 431714 385774 396576 797780 263694 606700 345414 999999999 267450 177863 618682 262014 263035 553762 490669 651367 405327 423270 311112 313425 395325 678794 283129 598113 613089 274564 609721 370271 26761 485508 388207 417238 448384 632496 454959 528005 436585 155248 467156 702964 505125 483568 453849 455159 417797 597298 359682 725341 195544 643144 664154 565862 502383 300893 203516 193188 724920 682058 470738 758544 564935 405241 117617 123635 432769 474438 181101 721647 160888 620445 135592 539464 184763 449160 494881 454310 461937 444606 712019 599444 118753
597326 209718 729735 427765 791981 237898 634607 144309 449235 466103 520237 657718 331038 646515 249720 682702 490236 326433 804182 414922 144928 609322 843380 255669 499474 341379 267450 999999999 253277 568513 525058 110038 600318 289871 588020 612589 535675 577930 570854 486418 560067 436517 365416 349624 36208 376850 169193 289564 492942 379245 372189 199805 549409 268211 472485 491374 376196 605396 781297 374375 744634 191003 719704 205071 533866 508923 488474 458843 733264 615476 766193 482917 323479 283246 434438 481647 511126 466751 831836 825030 629022 191903 363928 203210 382237 385304 502239 344200 729372 399758 335251 312116 417494 481755 294286 195837 708255 462612 671365 276903
485243 343312 555628 451821 609916 40963 382345 386942 264679 474535 498041 420925 411127 416168 199307 429988 493041 450037 572114 254119 398022 363919 640443 91307 433995 167565 177863 253277 999999999 440847 339904 176466 392550 362719 473566 365048 291770 427855 367926 249333 506894 459540 484455 541323 235936 495449 263694 201497 634389 526861 240314 452298 455942 322894 350403 598070 332011 355752 558163 342565 539610 392804 526101 453712 419663 256136 608809 338170 503364 486450 514643 325361 444641 356519 225799 615050 525955 615179 612148 615094 388219 89181 297321 334025 302899 358850 590661 112483 491080 239434 408893 351081 582386 318354 308181 409873 511991 610087 449753 285374
52156 747033 190768 296169 255984 411975 454235 620417 193451 271791 220922 343599 382709 308835 638999 547927 933828 864846 788393 187482 679810 580319 340418 360752 134264 273284 618682 568513 440847 999999999 706802 461426 212348 373100 40589 567638 347078 815146 703005 313601 165702 899690 458578 608548 532870 461687 423608 641812 1045974 932756 206929 703124 75211 356693 96824 1023958 771961 407691 353445 227588 834851 553446 844786 751030 41106 419294 517265 756893 349825 47436 625156 121480 860254 784051 595030 544125 295784 1022627 378060 887232 618639 516821 735894 450051 189601 799480 451634 500714 387908 651183 372905 786466 979193 132038 309196 579625 828489 566689 283829 722658
757976 467791 750362 787472 784227 380556 377649 668961 513798 806303 819689 504564 750852 524065 289470 342997 374995 507061 314567 531609 647787 227284 771504 424396 742324 464780 262014 525058 339904 706802 999999999 495360 564088 702287 745910 243571 396930 111375 61055 404663 814838 385523 822182 861329 526449 833383 596308 245919 654354 584574 543315 710385 745824 662669 636167 580556 258068 393328 653480 671993 221613 704042 194757 677698 699780 311616 947664 135843 589484 744430 382097 586241 501195 408701 117931 952487 857294 649346 707465 303096 211639 344158 229551 664958 620641 284991 930503 231763 548853 126443 748758 367752 647233 575050 647137 715225 183229 945111 573676 327062
492636 294110 619861 354670 681976 148633 544398 216903 339838 388699 434469 555230 277982 541962 259670 601176 540591 413831 747634 304897 245068 540238 733772 152322 401806 232881 263035 110038 176466 461426 495360 999999999 491845 230374 482871 540947 437960 566690 532338 386143 466684 492606 335239 368476 77581 346825 107310 289270 589489 475493 262495 290378 447131 197879 364881 577901 402677 511433 674284 280518 706543 216616 688131 310950 428076 421473 462478 457380 628036 508657 687574 373017 409956 350145 390104 463003 437420 564759 724039 784316 564632 153043 380243 171298 278343 419587 459785 284120 626993 377725 279202 367678 518914 371741 209353 233417 675063 452141 564572 316732
259021 734532 186315 471755 226403 381916 250922 693479 154139 458893 422441 131282 527595 96814 582717 344022 855638 842554 589405 198023 735417 396016 248153 347543 327934 259023 553762 600318 392550 212348 564088 491845 999999999 501264 249707 381018 168605 675463 545872 165424 375582 833172 612669 744416 569420 618684 500605 571087 1026852 919240 250444 774063 284090 471245 219847 987644 692463 207222 186427 366854 653892 650167 671298 802672 235349 253342 695840 644490 155379 225716 416253 157979 837133 747387 467372 718700 493177 1007719 232891 697340 433978 481369 653109 550657 301207 723303 638444 403361 181849 541927 518921 737095 973934 149935 423763 675299 655063 734838 83858 670531
380749 499561 561847 141206 627571 322607 647970 273223 358911 182307 245918 606699 48907 581744 489696 725391 768134 615810 914961 310096 346086 695007 704328 285896 259451 297206 490669 289871 362719 373100 702287 230374 501264 999999999 375346 690803 524784 784864 729879 468771 300318 717958 126930 243481 257750 136772 125841 517278 775761 663681 258185 351209 323993 40567 297298 780379 633051 605056 684266 145885 899454 189490 888245 415138 332139 544746 246675 682030 655979 412720 814386 345478 613037 569199 588373 255748 223187 748227 723085 972458 726381 375366 610076 96269 201664 649660 231394 474007 673448 594233 48880 592377 694856 351949 78784 214779 873870 257172 584803 545448
12100 771940 201943 284537 264722 443094 493907 631417 232151 255617 197752 380588 379755 345536 670544 587646 966500 890491 828650 222321 693680 620902 355302 390914 121974 306314 651367 588020 473566 40589 745910 482871 249707 375346 999999999 608200 387598 853860 742889 354089 136174 931096 451211 604662 552044 453329 437027 674976 1070370 956763 235895 713715 54901 363112 124005 1050944 805382 447530 380420 232647 875406 560122 885181 765036 55468 459823 500623 793615 381672 40844 664144 159761 886044 812158 633484 528718 273487 1046469 400689 927804 659225 547012 769832 457578 205894 832413 432332 537437 421970 688023 369839 816235 1001713 170862 317292 586191 868887 553339 317817 753138
619475 633039 558677 734467 579768 393785 146788 750989 394040 740829 732847 287178 734667 314514 440711 100286 611702 702678 229333 430613 754508 17489 549840 411698 642281 399644 405327 612589 365048 567638 243571 540947 381018 690803 608200 999999999 220806 343013 198550 258502 708330 613549 817726 898756 599434 827504 617232 404261 868701 783937 464259 812240 624624 650663 523685 803118 473259 178202 426130 611888 272953 756017 293320 802210 573872 155512 932601 369912 363586 594922 160541 459950 696623 598406 218348 945471 787684 859124 477323 319646 53095 423064 436636 686820 546796 504125 896980 269843 317197 303417 729547 566355 846499 447480 619115 774143 277384 947823 364522 510000
398795 628840 354123 540187 387733 298204 124604 654050 184705 539956 522941 132580 562601 137646 456034 211628 707714 726282 442806 228725 679543 234093 384912 286274 429654 230296 423270 535675 291770 347078 396930 437960 168605 524784 387598 220806 999999999 508218 377270 56199 492404 691475 649006 755649 511328 657384 482516 435925 907879 806296 272950 728147 406241 487394 310053 859295 547490 80272 280613 419777 490996 633195 505391 740188 355156 85322 752712 485434 219910 374273 297717 243682 720507 625353 306317 770038 583547 891739 336451 540439 272485 377839 507601 545788 351014 579208 707665 263348 200288 386726 555783 607649 864862 231239 447197 655627 489088 778439 183069 542006
865950 480160 861736 879576 895308 468772 483352 718262 621768 901090 918907 613776 833760 634258 329260 439107 314567 492694 353906 637041 686062 325841 880837 516675 844820 566190 311112 577930 427855 815146 111375 566690 675463 784864 853860 343013 508218 999999999 144509 515651 917772 340609 900182 924065 585574 911629 671832 288370 616059 563354 645157 748962 851634 746348 741766 534817 245373 502038 761438 767625 222939 764899 178164 705488 806591 422896 1027007 123571 697585 853642 464710 694101 487304 405955 220750 1029233 952411 615949 814818 298895 302878 413758 232422 737988 720034 262845 1015526 327675 655353 190632 832582 360222 623959 683159 735583 772974 175425 1018784 684075 338258
754841 525556 731024 806421 760539 407411 340449 715157 512325 822445 830695 474145 777886 496709 343078 294919 432905 567739 254445 535319 698116 181344 740776 446676 749291 475757 313425 570854 367926 703005 61055 532338 545872 729879 742889 198550 377270 144509 999999999 393255 820786 445579 852378 900430 569477 863355 629652 299789 715251 645491 552739 760303 747295 689700 638689 640942 319109 362103 619720 688043 174594 744876 158381 731023 699526 292977 976382 196183 556144 738071 326338 584403 561855 468745 142743 982975 872841 710375 672448 254232 159449 384617 290144 699328 632670 346006 955013 255902 512553 179089 775100 428318 708183 572692 670366 757488 144069 977627 546943 385980
365757 591130 349929 487594 391702 250729 179644 601297 136230 489176 475963 172394 506961 167165 426295 263168 691530 692959 485715 176836 629346 269616 402903 233876 384263 174152 395325 486418 249333 313601 404663 386143 165424 468771 354089 258502 56199 515651 393255 999999999 449828 670993 593262 699514 460717 601736 427120 410692 876104 771864 218567 676518 366796 431262 265292 831680 528938 136370 310351 366335 521516 578145 531346 691406 316410 105889 698072 479300 254127 345819 350710 201675 687311 594179 303130 714942 534008 858700 365214 576311 307518 337613 489347 489895 298109 560109 654371 240085 243548 376504 500258 579977 829111 189237 391353 600834 515035 722860 204360 513623
132186 760561 333423 176882 392827 470011 607962 572391 315094 138602 69127 506603 288952 472396 691645 700682 988702 880245 934655 285684 642626 719218 487404 416464 73243 351760 678794 560067 506894 165702 814838 466684 375582 300318 136174 708330 492404 917772 820786 449828 999999999 947057 345345 503519 524153 344991 394175 704412 1052700 938767 272780 651418 91538 302312 185056 1044566 833810 560691 516467 186429 966530 489553 970795 712957 141070 554307 374492 842495 515454 174642 781595 248896 876480 813987 698090 404329 142436 1026767 536511 1025131 756859 565075 801734 393934 204455 857756 302893 591388 553364 739382 279362 825748 977183 261378 266775 514472 954729 432333 449392 767209
942538 243053 1008504 847242 1058148 488012 722630 539136 722184 881034 923173 820967 762744 829087 260690 713156 58800 183606 689374 713592 478107 599622 1073466 540401 876912 626690 283129 436517 459540 899690 385523 492606 833172 717958 931096 613549 691475 340609 445579 670993 947057 999999999 801932 766734 463399 813358 592187 262960 275452 235424 695475 533652 908716 689114 807181 195914 144862 721716 971685 765498 563547 617472 518035 465651 876373 617589 924257 249692 909617 945689 764131 784860 180155 155670 403554 915747 930014 276301 1027574 638345 592175 384883 184593 638397 745114 112868 938183 430934 880496 315262 765699 125586 291186 777631 701306 614017 516008 893949 872666 179867
453777 569424 649189 169400 713954 445208 772817 296158 477701 206977 278288 724643 86729 697864 592474 851529 855406 678442 1041596 428887 374076 821866 798127 411409 329253 423252 598113 365416 484455 458578 822182 335239 612669 126930 451211 817726 649006 900182 852378 593262 345345 801932 999999999 158489 340214 11651 228576 624173 821753 714412 378682 357118 396545 167139 398322 839055 731951 729211 791132 246047 1023306 201795 1010536 433937 417966 671385 127240 792596 768047 491390 940462 454776 676626 648143 710130 130602 222264 792918 825972 1097224 853065 486917 712872 166736 312047 745207 140378 596638 789355 709985 94453 677374 735962 462847 202003 218308 996446 130344 696518 637944
608076 524132 799144 326952 864522 507270 875750 227702 599409 365370 436752 846521 225844 822944 598465 946323 823882 617390 1113112 550999 295698 900142 944970 487817 483301 525362 613089 349624 541323 608548 861329 368476 744416 243481 604662 898756 755649 924065 900430 699514 503519 766734 158489 999999999 338525 160341 281544 636755 735094 636817 498321 255790 550557 273976 539284 767220 724479 835363 927746 385926 1074821 159334 1055245 337327 567499 763399 205378 807155 898766 644173 1035031 588959 616920 611389 758477 180969 379200 705576 966296 1152786 927405 517191 713519 212587 445080 731183 263423 651782 914523 739841 235643 648495 646339 595361 320703 155030 1042526 146714 827776 623154
561298 242532 695576 394136 758169 215802 613888 151586 417341 431920 485035 630965 300463 618524 261092 665762 515789 360432 797075 381726 168724 597136 811133 227823 463306 310437 274564 36208 235936 532870 526449 77581 569420 257750 552044 599434 511328 585574 569477 460717 524153 463399 340214 338525 999999999 351780 134878 298387 528653 414841 337930 217851 513234 234209 437021 525503 394314 582932 751646 338319 743924 179330 721145 233492 497991 489159 465126 468986 704867 579759 750566 448891 357284 312148 430367 460217 477603 502615 801555 823581 618652 185599 378861 175082 346211 405800 474908 333924 702716 402871 304131 338146 453627 448072 258743 188832 709121 443349 641864 298013
455594 580555 652099 170124 716666 456103 781345 305947 485041 206404 277350 731636 94783 704554 604120 860532 866894 689265 1051695 436293 383811 831773 801626 421859 331366 432318 609721 376850 495449 461687 833383 346825 618684 136772 453329 827504 657384 911629 863355 601736 344991 813358 11651 160341 351780 999999999 240103 635790 831779 724724 386464 365681 398546 177166 403374 849644 743595 737544 796341 251848 1034126 211750 1021547 443009 421250 680699 115656 804169 774038 493674 949426 460721 687484 659488 721167 119738 219028 802896 830610 1107896 863130 498426 724521 178384 318555 756828 130050 607568 795956 721397 101899 688847 745801 468996 210768 227637 1007425 121236 702505 649544
445100 377346 599946 259356 664759 227385 599095 198405 347138 297066 351508 585436 171990 566360 366660 666263 642303 495261 833131 302924 256666 618770 728893 206535 337737 255403 370271 169193 263694 423608 596308 107310 500605 125841 437027 617232 482516 671832 629652 427120 394175 592187 228576 281544 134878 240103 999999999 396556 661273 547896 251714 281173 393159 99351 332167 660310 508836 560857 686982 211350 802604 151869 786998 328016 385574 483383 355723 564200 648434 468801 754674 359547 492147 444196 486912 357460 342848 634630 732313 878675 646554 258354 487281 70438 234114 524622 352863 375893 656064 481910 174064 466618 583730 361902 127428 175883 773383 348803 580187 419822
686683 231515 745544 629463 795474 235043 485290 430457 460250 657730 689672 567737 565701 572589 43555 496602 292262 301149 550113 454548 403212 394520 813578 288730 632166 368737 26761 289564 201497 641812 245919 289270 571087 517278 674976 404261 435925 288370 299789 410692 704412 262960 624173 636755 298387 635790 396556 999999999 476338 382767 441548 466066 657027 481660 551900 423518 130538 476093 716329 531461 467368 477432 437169 431825 621158 368951 751379 170700 655757 686990 564471 524677 295123 196731 188152 750661 708717 462960 772066 548935 400679 144333 97446 458570 499989 157736 748180 172579 631257 120702 566087 172484 444586 516884 481052 484812 427195 737374 614161 108899
1080566 299071 1185915 916494 1242664 649204 961290 526073 893652 956308 1012780 1040435 810935 1042103 451960 965775 309949 184417 963182 872187 448604 856395 1274443 693245 990436 786890 485508 492942 634389 1045974 654354 589489 1026852 775761 1070370 868701 907879 616059 715251 876104 1052700 275452 821753 735094 528653 831779 661273 476338 999999999 114055 840302 479361 1036484 759063 949245 88867 398373 952204 1186018 866554 838998 620029 793386 397801 1015087 844856 926932 519527 1127356 1093407 1024861 944603 189755 282526 651317 909514 998947 29549 1241201 913543 853899 546037 432781 681599 867516 369678 961779 646395 1105895 565311 816923 304839 89163 940247 787222 605578 791459 879347 1080214 367679
966895 186793 1075203 804071 1132765 539401 866991 420564 783268 843572 899345 938784 699931 938666 353317 878493 285744 81618 898373 760441 344418 772852 1167265 581994 876384 675766 388207 379245 526861 932756 584574 475493 919240 663681 956763 783937 806296 563354 645491 771864 938767 235424 714412 636817 414841 724724 547896 382767 114055 999999999 727513 382004 922546 646039 835975 131641 327013 854766 1082211 752570 784006 513373 741259 301453 901530 747285 823209 454416 1024735 980192 942728 832682 87648 186120 565608 807376 886797 89938 1136992 861971 774113 437878 355891 570262 753607 302963 854749 547981 1005685 483157 705647 218977 62921 828628 673517 500629 737216 778692 975224 274546
247195 541231 357646 270787 420473 207746 397541 447882 101093 277008 278006 348664 291954 324632 435150 481355 731900 658445 693539 52938 496628 472123 478493 155096 199696 78990 417238 372189 240314 206929 543315 262495 250444 258185 235895 464259 272950 645157 552739 218567 272780 695475 378682 498321 337930 386464 251714 441548 840302 727513 999999999 529832 215642 224417 111896 817060 572077 352531 436728 148499 706473 399940 706271 566319 180926 309701 479762 571079 402101 254129 569230 111135 653779 577168 426018 497368 325087 817448 480902 770735 507676 311126 537635 300269 82726 598292 436228 318635 416203 467196 284566 580385 775492 111449 179401 425236 690497 506975 332064 517262
720915 293512 881117 486589 945884 433652 831731 82831 619996 528980 596079 845015 370892 830522 422908 882174 592276 369715 999942 579054 62958 808722 1008304 442663 605822 518095 448384 199805 452298 703124 710385 290378 774063 351209 713715 812240 728147 748962 760303 676518 651418 533652 357118 255790 217851 365681 281173 466066 479361 382004 529832 999999999 666533 352800 613108 513100 521149 800587 959177 482154 931867 163881 903142 81560 664154 706831 450720 625899 915726 747363 965957 639484 370075 383364 628478 431416 561832 449858 1006929 1013123 827611 390193 520617 258513 514368 520093 493130 543292 916739 583944 379237 426213 390731 641071 396639 141487 892877 400296 850314 418297
57545 739369 256346 229637 319520 422533 519163 584727 235679 201161 146214 415187 326202 380903 649260 612348 946604 858656 849047 214600 649161 636267 409216 369180 67339 291785 632496 549409 455942 75211 745824 447131 284090 323993 54901 624624 406241 851634 747295 366796 91538 908716 396545 550557 513234 398546 393159 657027 1036484 922546 215642 666533 999999999 314297 109883 1020775 787520 472054 428380 184384 887128 510640 893922 720475 51197 472376 446515 784344 424798 95623 692068 165338 854426 784255 630914 474325 221544 1011886 451592 943103 674274 523842 753261 408989 169020 813403 379077 529356 461998 679498 316275 791124 965524 177684 270064 536576 877724 498612 358127 729506
369614 476697 542572 160039 608283 282604 610036 271834 325509 197897 254723 572920 88249 548995 455537 686423 738078 594509 874530 277031 340410 654731 681554 245347 253043 258644 454959 268211 322894 356693 662669 197879 471245 40567 363112 650663 487394 746348 689700 431262 302312 689114 167139 273976 234209 177166 99351 481660 759063 646039 224417 352800 314297 999999999 274730 759527 599659 567630 655775 130466 859034 197100 848077 410990 316345 505310 287096 644939 625091 398670 775451 317708 591434 542695 548383 296295 243537 732090 696289 931932 685970 338734 575505 94692 176087 617296 269200 433881 640603 555765 86279 563709 680196 323225 48823 223226 833653 297165 554298 514494
135362 650360 269098 251913 334559 319230 429310 530277 130042 240461 213545 343813 315891 312530 546703 520583 843009 768359 750816 104725 586955 534344 407227 266918 119602 183980 528005 472485 350403 96824 636167 364881 219847 297298 124005 523685 310053 741766 638689 265292 185056 807181 398322 539284 437021 403374 332167 551900 949245 835975 111896 613108 109883 274730 999999999 927973 682407 381990 392996 153644 781757 468561 786898 657935 69299 369325 476161 675252 373687 144246 604005 68002 763808 688622 521058 499521 278515 925835 428058 840082 571898 423007 647306 365033 99702 709104 418880 419839 401277 570171 306613 692269 882383 79918 225988 494696 770768 516962 302546 629135
1061636 284235 1153525 919125 1207859 617769 903715 548043 861654 957372 1009649 991246 819112 995511 405528 901695 224093 165083 885156 844521 473210 789953 1233440 665367 979187 757780 436585 491374 598070 1023958 580556 577901 987644 780379 1050944 803118 859295 534817 640942 831680 1044566 195914 839055 767220 525503 849644 660310 423518 88867 131641 817060 513100 1020775 759527 927973 999999999 329866 898113 1139423 858271 757421 639433 710988 432884 995476 791582 950732 444785 1079187 1071189 956565 917154 168422 241811 588271 935897 1002443 103040 1195058 830568 784782 512354 366953 689339 852148 299284 979385 595997 1054490 500605 824209 251826 148575 911754 782918 628139 709802 908000 1035938 318059
