NAME : synthetic_000971
TYPE : CTSP-D
DIMENSION : 100
GROUPS : 8
RELAXATION_LEVEL : 1
EDGE_WEIGHT_TYPE : EXPLICIT
EDGE_WEIGHT_FORMAT : FULL_MATRIX
EDGE_WEIGHT_SECTION
999999999 592388 438834 942182 168660 209403 86990 681452 972966 713883 529785 890729 770261 766798 1006281 721457 697946 509502 776613 953071 831627 534791 45006 685314 871775 555681 906160 818704 996148 676765 251012 709045 561115 746173 548005 551472 764832 148551 440020 482956 313219 546254 364991 709747 63924 157983 615909 949846 366861 719601 1004165 977749 437806 756479 162835 885236 702912 438229 931045 582527 802049 785773 210881 127096 474130 147709 223352 132032 844550 48934 1158592 79422 889085 1027872 967433 699976 345703 341479 158017 514618 897620 889822 211366 519323 494028 404797 337325 460806 479335 421999 744611 632338 600400 878382 518279 64823 765933 408412 23093 695963
592388 999999999 160605 406285 441928 516049 545549 434922 448479 557037 807000 822520 438159 218643 781682 825115 704091 546946 559598 712545 1001309 804252 585469 302887 300914 104608 476192 645480 581013 151746 395919 748987 823765 158124 449905 124915 251478 620821 465083 760676 517210 428588 234055 166044 533144 516313 471666 397545 226852 926239 593835 453781 245019 582059 551745 293286 629701 170093 600463 122215 910114 553501 639344 547598 711332 470890 404767 460695 865396 610673 767894 646446 619917 706584 714021 459564 254272 316086 450512 632145 364997 324721 412956 243467 752542 363458 354731 134910 761817 268506 202422 356804 653158 536134 161926 646574 829075 232134 603156 387265
438834 160605 999999999 517202 300928 356604 386735 400341 553312 502433 667002 759148 442388 367877 766123 718026 613018 432631 527123 699278 887410 665283 436658 316502 434710 123122 530716 604235 633157 244989 275826 652410 686642 308067 360244 184907 387974 460237 341186 618588 366981 341764 112244 275432 382497 383780 401939 518944 73725 802609 644271 558421 203196 536054 391195 448540 554897 102179 616192 208554 805962 526300 479441 410309 572596 330227 244168 306882 780009 461689 815539 498540 612014 723722 705541 425673 128732 222604 308032 508947 472904 454278 252457 176064 612830 233263 266210 70600 619120 140570 348512 322743 546316 552952 185324 496191 731493 163239 451530 374313
942182 406285 517202 999999999 817608 801602 875174 414994 46416 525120 961803 743885 324380 435565 588486 868079 723347 667593 472036 528433 1043686 955398 947088 294255 130900 394113 202770 550190 269398 272624 788924 774359 965676 270152 545031 521727 494192 923192 634630 929061 753069 527253 621762 245356 891797 900935 511817 43322 590271 1008707 282788 51379 651252 519579 851306 239463 624503 570356 375263 506043 932477 455312 918645 927235 873477 846811 723738 813654 839590 971526 431579 1009034 448294 448906 517601 423459 640924 718055 824262 757291 44608 103717 735031 434722 912786 583303 758590 529015 932478 527668 443611 390996 726999 333663 563651 1003670 843524 636443 957996 352132
168660 441928 300928 817608 999999999 249242 171072 620552 852629 681860 619508 896650 694054 602596 972707 768951 713588 513499 732558 912725 904805 622288 148335 588730 733879 423662 811204 790076 908545 545848 86353 735990 648311 599282 512866 387292 597912 270603 425272 568893 338835 504508 208223 576263 104801 88894 576784 819863 227433 798683 918180 857668 269227 723006 235794 734618 694740 278534 864524 418207 855509 738103 322595 109731 544721 29329 170973 77656 874214 173021 1082494 206622 837562 967823 924096 642702 188060 172979 10697 547505 773173 754368 162054 422890 574256 352100 172867 307230 566614 330439 580218 557506 621663 806114 352028 210417 803823 241512 171785 619584
209403 516049 356604 801602 249242 999999999 122981 489368 825960 508444 372018 682315 585846 722643 799416 526765 490601 300100 574473 748183 656074 374269 244624 521426 754084 447229 733510 611621 815651 556730 323950 504874 400053 651358 346600 521066 736827 122885 234319 321019 104163 347972 337697 591881 207705 307816 414452 816834 303459 549446 822302 830299 452460 551041 54755 792806 493598 404845 737459 550111 611405 584954 123771 297403 295508 254512 121437 172385 642050 257550 968160 288122 688668 829932 763372 505325 325455 379807 242600 310985 758162 767325 118846 366898 325384 224155 399598 407221 319082 277331 702426 451620 393801 689014 501699 269968 566496 409174 232435 513918
86990 545549 386735 875174 171072 122981 999999999 597698 903866 627183 464328 805169 688771 734320 919416 642493 613033 422935 690565 866526 760952 468351 122118 609598 812460 496804 828493 731797 916223 615295 256841 625794 494736 694259 461907 521666 738772 99540 353162 415368 227103 460775 331131 649309 93345 202614 529880 885485 319072 650716 923835 908513 424185 669792 81173 835178 616120 404586 847232 552454 724973 700020 153728 184009 400334 163619 151482 101435 762205 134638 1075855 166314 803487 942966 881054 615606 313821 335129 161364 431387 830826 828894 140402 445789 424108 322466 342159 419910 412315 349242 712703 551473 515853 795679 493429 149811 684948 387907 109838 614949
681452 434922 400341 414994 620552 489368 597698 999999999 417663 128969 554054 391747 106595 621152 366184 457945 315394 265760 127636 300374 636733 546924 703801 154730 444700 336219 269374 210822 333045 325328 637493 366286 554945 445147 153531 543585 669410 608306 266514 526461 406801 144696 501913 346508 651860 708638 100620 448725 441771 594510 337883 420198 603060 147620 544122 543787 220801 500889 249601 551913 529307 125965 582742 720015 471359 644758 466184 579096 454675 723798 478917 759633 218049 348542 308505 25484 512155 612939 622216 349790 383534 440383 478041 224340 508244 277310 655513 461556 530501 295661 612961 79618 312101 199815 564407 746117 440841 563426 702604 66026
972966 448479 553312 46416 852629 825960 903866 417663 999999999 520575 969518 727783 320679 481885 561113 864255 719301 676489 462424 503632 1037687 962771 979453 310286 177209 430283 181609 536569 233934 310364 826806 770028 971879 315700 554934 565563 540475 948228 649731 938704 772715 538277 659702 285259 924052 936963 516736 81540 625774 1007649 246815 5303 693469 511317 876683 283632 619951 610493 349801 550592 925418 445017 941023 962356 883138 881715 752750 845690 828207 1003665 388676 1041253 427847 415994 491420 423424 678580 758026 858972 764708 83485 149865 764240 460091 921709 605080 799034 568553 942337 555000 490018 402374 729215 314332 607107 1035132 836769 677278 989371 357679
713883 557037 502433 525120 681860 508444 627183 128969 520575 999999999 481197 265583 200776 748899 293183 343683 198728 227641 77977 239751 518614 472855 742683 283502 568388 455274 351909 108268 384935 453904 712513 249528 475635 574110 169393 659719 796142 617065 274290 463563 411342 177741 594401 475474 694926 766778 106067 562154 532005 488641 385257 522298 705019 42619 561668 670771 99462 604586 262760 670651 408100 94876 579871 772272 411875 702855 515700 628979 326524 759820 489573 793303 190410 334083 255365 109545 601620 701865 681656 288518 498362 561896 526650 329645 442934 330002 742713 568413 468404 379089 740101 201247 224215 241032 676645 776825 319080 662488 736332 192507
529785 807000 667002 961803 619508 372018 464328 554054 969518 481197 999999999 491506 658177 1025532 698386 248374 323314 294476 558223 675831 305583 9739 574256 671470 962331 712399 820562 538364 865443 786531 695969 296224 32009 904684 417351 850091 1052757 381394 348487 51216 307476 436248 686958 819737 557545 666718 453652 990868 637978 191752 866246 972392 809874 511736 386795 1035817 400080 743250 742260 875307 303702 575801 318991 647423 95812 621115 481587 541885 392306 575578 961383 591255 661574 798374 696537 553048 679196 747380 612042 204810 925531 965953 483220 583866 54460 443677 770279 732175 52947 538608 1008437 571542 257790 721415 841017 567857 307593 763967 550171 611849
890729 822520 759148 743885 896650 682315 805169 391747 727783 265583 491506 999999999 434678 1012850 240980 252555 194472 385275 282018 254865 362604 481768 926924 543116 810837 720299 546349 195847 531863 716518 941423 199375 470023 834234 402775 923149 1061030 766239 471537 501760 578160 419056 842498 735804 886950 974835 357723 785060 779702 393673 525488 728095 959078 245481 728397 920259 206807 860995 391388 935142 254950 295585 714498 972815 469519 913120 725681 832738 128757 939360 547706 968035 303533 388704 275208 369157 847046 944813 894302 381779 726164 799917 734897 591108 479997 559083 983300 827269 507449 627174 1004685 466705 292385 413869 937970 948091 193887 914763 913821 450537
770261 438159 442388 324380 694054 585846 688771 106595 320679 200776 658177 434678 999999999 597002 344423 544161 399270 372118 153318 275221 719306 650795 789273 135507 376517 352553 163071 239195 230266 303286 700428 450199 657713 409883 259223 557545 650134 706717 370076 631984 508509 248469 551553 314457 735799 782920 206414 361872 495859 686986 236495 322644 638589 197403 640391 485807 300211 536829 174109 560012 608265 139097 684424 797878 577093 719991 550005 660402 519203 810477 389736 847102 182117 281378 275900 105246 564691 663512 696936 454729 298789 366916 562068 275490 613414 366330 706996 494305 636125 363637 592533 138274 410716 112472 585195 835081 519271 603661 790593 74830
766798 218643 367877 435565 602596 722643 734320 621152 481885 748899 1025532 1012850 597002 999999999 937138 1037530 911155 763269 737409 868628 1215330 1022843 750928 471647 304677 318255 580680 825744 677594 297014 535558 957896 1042407 190700 660821 215442 58854 818578 683317 978973 732929 639116 403847 282552 703858 660202 674292 406379 420985 1143199 691428 486686 345004 767807 752856 214914 830358 330099 735821 184439 1120908 727927 843977 696301 929904 629113 605534 640071 1067840 775572 857237 808193 775745 834206 865861 643795 422211 441886 612625 849741 408879 332105 612023 456571 971072 582084 467030 316926 980030 486934 22542 548580 866694 675171 251834 813012 1037683 362130 773321 563734
1006281 781682 766123 588486 972707 799416 919416 366184 561113 293183 698386 240980 344423 937138 999999999 480503 375423 506934 242337 69207 603567 688835 1035703 478899 683797 691551 386824 187803 335880 646989 998315 405035 682232 747363 462126 898858 991763 903704 566262 697162 699736 468536 867912 655498 988109 1058568 396275 631766 807310 628960 325849 559990 968254 250926 851792 800888 318238 865897 213678 903011 495199 240487 861791 1065002 654396 994514 808238 921751 369630 1052569 310160 1085692 162398 162576 72341 341131 877721 978586 972963 542706 583181 666327 819328 590355 675030 620713 1020881 825543 702686 658287 934132 443476 457047 265596 923858 1068773 426256 929333 1028853 397563
721457 825115 718026 868079 768951 526765 642493 457945 864255 343683 248374 252555 544161 1037530 480503 999999999 144955 285604 407165 473522 180209 238861 762826 606125 901801 721201 693299 355032 711584 759208 831239 94438 222989 882892 376742 900155 1076245 580961 379648 270106 430171 398492 773436 787092 733074 834366 373874 904176 714225 152609 708966 865958 898306 356791 561412 995893 244334 812209 574742 919472 88921 425497 521924 823634 254201 778665 605159 695555 143957 770062 770733 792897 485659 605945 495021 445804 771945 858966 763973 223140 839658 898261 611307 581947 250445 487070 890944 788504 275595 577494 1024470 507798 172513 572645 903212 770750 60138 851433 743893 523813
697946 704091 613018 723347 713588 490601 613033 315394 719301 198728 323314 194472 399270 911155 375423 144955 999999999 200552 263852 353671 321573 313839 735070 466402 760067 599484 548961 221402 571378 625610 764767 51103 308817 748964 255679 789496 953053 571812 293726 322524 386741 276304 682734 651747 696875 788504 238260 759740 620924 292177 569585 721010 804648 213464 535270 857007 99427 711916 437396 806078 214494 282269 520136 784230 283045 728122 543262 646387 167752 746727 644794 774708 350521 480176 374678 301951 684423 778212 710406 187347 695425 755592 551609 461366 300360 392826 814163 683365 328110 473978 899504 370650 98022 430475 797517 754477 127374 758619 721020 381420
509502 546946 432631 667593 513499 300100 422935 265760 676489 227641 294476 385275 372118 763269 506934 285604 200552 999999999 303216 462125 456169 288404 543756 377148 670005 445015 535103 320546 592125 501841 564396 228669 300623 623490 122884 615560 798311 397258 95707 262272 196669 142177 490149 533501 502158 589931 165900 696393 429890 380083 595080 679525 614285 268124 349481 748963 194071 526713 484359 635781 373969 317866 355191 587549 206761 528766 342892 447751 365053 557572 714753 588061 417782 561607 479519 269352 490002 581018 510578 91964 631069 672579 351447 307622 245310 201692 615751 503032 266008 292233 748659 277069 115882 450623 617700 569341 304161 567590 532535 319482
776613 559598 527123 472036 732558 574473 690565 127636 462424 77977 558223 282018 153318 737409 242337 407165 263852 303216 999999999 180173 576400 549761 803179 265774 529823 462750 286881 88494 309952 440438 756150 312913 551777 554852 228658 670497 787947 686588 340633 541392 480642 231327 626636 457053 753638 819269 160705 511361 565591 556024 309475 463611 730120 50414 628485 638300 166145 628092 184824 677999 463460 18431 652014 827438 489838 755153 570827 684617 367723 821430 412156 855859 115461 259162 192110 102158 635971 736844 733244 366484 449814 520069 582235 351079 520674 381600 778944 589061 546259 415970 730827 207136 300657 167153 691920 840360 375215 689925 798686 174294
953071 712545 699278 528433 912725 748183 866526 300374 503632 239751 675831 254865 275221 868628 69207 473522 353671 462125 180173 999999999 612451 666507 980980 409728 619204 622855 325750 142983 286498 577900 935563 390102 662429 679119 405854 829987 923039 856104 513960 669795 650715 410377 802237 586741 932227 999353 338650 571524 742123 625249 278141 502891 900940 197184 801406 735731 282135 798550 153832 833942 500492 175898 817039 1007135 623848 935239 750379 864138 379120 998621 297984 1032465 93267 134843 21505 275702 812517 913312 913376 507115 520582 602622 761691 523882 647874 561530 955851 757872 675168 594489 865400 376545 425639 199926 855325 1016264 423881 862516 975404 329079
831627 1001309 887410 1043686 904805 656074 760952 636733 1037687 518614 305583 362604 719306 1215330 603567 180209 321573 456169 576400 612451 999999999 299188 875483 786052 1081172 898000 863172 513327 871942 939152 974405 270528 273578 1062825 555258 1071263 1252753 684192 546296 349219 570421 577078 934124 967224 854114 960980 554070 1080701 877213 114073 867892 1039126 1059559 526737 680797 1176031 419391 978216 732046 1091885 114050 594344 621993 944958 361360 910443 750218 828427 234279 878434 908955 895692 641648 747294 633577 623505 930660 1012060 898524 380070 1016650 1077076 754629 758954 337644 654384 1040819 957383 353195 747642 1201768 687981 348638 737896 1071627 872429 201189 1012588 852697 702728
534791 804252 665283 955398 622288 374269 468351 546924 962771 472855 9739 481768 650795 1022843 688835 238861 313839 288404 549761 666507 299188 999999999 579152 665528 956984 709111 813045 529247 857274 782074 698166 286526 26401 900601 411282 848688 1050541 386551 344461 53406 307417 430374 686820 815149 561639 670564 446621 984707 637268 185644 857992 965612 810053 503104 390328 1031244 391151 742458 733667 873700 295033 567386 324159 651715 92987 624331 482625 544711 382771 580835 952408 596981 652730 789293 687237 545619 679325 748517 614938 198158 919332 960375 484497 579839 52577 440818 771886 730824 56058 535997 1005885 565399 249206 713238 840106 573630 298006 764026 555340 605092
45006 585469 436658 947088 148335 244624 122118 703801 979453 742683 574256 926924 789273 750928 1035703 762826 735070 543756 803179 980980 875483 579152 999999999 698427 871302 556555 920545 848591 1012829 678597 223980 747830 605500 741383 575166 535601 745745 193302 470201 527126 348766 572005 353810 710696 55441 118609 642720 952728 363347 763722 1021308 984335 415352 785169 201989 878748 736166 425639 953004 566530 844205 811592 255531 84590 517090 122710 239288 133910 884048 25204 1178658 62034 914407 1051611 994749 723263 333919 317342 138344 553390 902481 890406 227215 531386 537840 426493 308384 451825 523579 434307 728553 651012 637957 898773 500239 62105 806289 389645 30275 714597
685314 302887 316502 294255 588730 521426 609598 154730 310286 283502 671470 543116 135507 471647 478899 606125 466402 377148 265774 409728 786052 665528 698427 999999999 297300 218233 222815 354100 320467 174665 584580 516710 677444 291304 254338 422095 522381 644297 340459 636731 462855 235242 428062 192740 643434 677183 233425 320139 376653 735926 330688 314126 507142 297641 573847 390620 374482 406382 303912 424586 680892 256723 633091 696212 581254 616246 461965 565621 609381 721266 499774 758705 317029 411602 411182 174812 442903 539103 592967 468355 255316 297007 473948 167266 621197 297878 582710 363082 639951 264120 465154 101345 449502 239586 450324 749435 593077 474385 703884 92584
871775 300914 434710 130900 733879 754084 812460 444700 177209 568388 962331 810837 376517 304677 683797 901801 760067 670005 529823 619204 1081172 956984 871302 297300 999999999 316273 301148 615029 386389 197896 695113 810890 970467 149400 548399 406320 363291 871818 619667 924457 721345 528083 529845 163286 816916 812843 530569 104747 508271 1033221 400215 182025 541763 572353 799754 117994 664781 470518 471360 387303 973952 515397 875766 842126 869614 763190 662183 740407 893422 896291 558231 933224 531651 557708 611544 459726 549791 616999 741562 761900 108889 27806 672610 395101 910483 549122 655327 432434 927201 476953 313035 398298 746791 419311 449580 930447 885346 532820 885459 378680
555681 104608 123122 394113 423662 447229 496804 336219 430283 455274 712399 720299 352553 318255 691551 721201 599484 445015 462750 622855 898000 709111 556555 218233 316273 999999999 418213 546983 522430 122346 397356 644461 727611 204504 345481 207942 355046 560645 366550 667537 432951 324097 230923 154206 501755 506902 367578 396689 196236 824963 534276 435406 291110 482100 489191 345654 525672 193204 521988 215841 805861 458088 570786 533204 616590 452914 347601 424651 760975 581380 707629 618580 531558 629563 626100 361343 249171 335453 430515 531830 349790 334198 357622 139259 658074 269773 378325 149158 669050 179223 303890 256979 549545 457551 232803 614964 724541 262329 569753 294110
906160 476192 530716 202770 811204 733510 828493 269374 181609 351909 820562 546349 163071 580680 386824 693299 548961 535103 286881 325750 863172 813045 920545 222815 301148 418213 999999999 356492 104979 324628 803769 598875 819292 391885 420387 601102 638582 855933 528154 794979 663350 407953 642939 317610 865715 899474 369481 245789 595452 840335 117647 181778 707670 336925 787276 419139 449781 611406 173160 595080 749973 268844 838259 918948 740140 838871 682966 788113 648931 943128 291780 980460 246563 257120 315402 267638 659148 751731 815592 617587 196918 281453 695014 389982 776299 509842 795065 567359 799144 486426 582429 282878 570387 132723 636666 970573 661989 680540 925196 223522
818704 645480 604235 550190 790076 611621 731797 210822 536569 108268 538364 195847 239195 825744 187803 355032 221402 320546 88494 142983 513327 529247 848591 354100 615029 546983 356492 999999999 358810 528739 820461 264358 527075 643327 277376 754077 876018 716456 378716 529497 512068 285990 699476 545546 801601 874815 214106 590783 637434 507365 355245 537245 807383 68819 664004 724998 140188 706049 220049 762725 399286 100261 675737 879866 482285 810937 623508 736579 292628 865174 424022 898099 130631 260118 161945 185940 707405 807958 789811 364374 531006 604096 634363 429156 507758 438268 849198 668376 534779 485178 818980 290058 284524 226507 773818 881058 314112 765817 841327 262236
996148 581013 633157 269398 908545 815651 916223 333045 233934 384935 865443 531863 230266 677594 335880 711584 571378 592125 309952 286498 871942 857274 1012829 320467 386389 522430 104979 358810 999999999 429356 904570 618594 860548 491182 486432 705904 736028 936842 599287 845014 738550 477406 745384 421207 958510 997186 427584 311832 696332 862746 13882 231784 812372 359377 870081 503066 475593 715618 140970 699481 757895 291726 914525 1015257 791601 935738 773950 881673 646562 1034801 186881 1071844 231049 182962 270695 324093 761172 854891 912476 667589 277736 363300 786040 485752 825094 594491 898327 671578 849587 580554 680721 364988 609126 144038 741624 1060862 672861 784714 1015883 301923
676765 151746 244989 272624 545848 556730 615295 325328 310364 453904 786531 716518 303286 297014 646989 759208 625610 501841 440438 577900 939152 782074 678597 174665 197896 122346 324628 528739 429356 999999999 516577 674325 797939 123683 386670 276571 347979 673974 438595 745313 528737 365000 349422 35294 623669 628475 387395 274354 318427 877880 442240 315567 390381 471187 601938 249521 539446 301656 455823 270873 838844 431215 678937 655295 691748 575124 464623 546251 776663 703357 616228 740630 484633 560236 577107 347370 368437 448574 552789 593055 228619 213612 475185 205151 733210 357629 490210 258936 747543 280166 290622 256245 593290 392276 313156 736648 752973 369626 691297 266749
251012 395919 275826 788924 86353 323950 256841 637493 826806 712513 695969 941423 700428 535558 998315 831239 764767 564396 756150 935563 974405 698166 223980 584580 695113 397356 803769 820461 904570 516577 999999999 791233 723866 553840 546517 322898 525608 356348 471727 644956 404310 535184 167170 544017 188206 124832 606452 786829 208328 870780 915107 831983 193338 752143 317432 683645 736249 226155 873764 352982 919014 759701 406770 160811 617136 103306 226090 159178 928874 246932 1083805 276111 855506 979476 945249 661110 148265 94673 96685 608229 745141 717495 220397 424986 648813 384903 86834 262683 643031 341842 513022 568146 676632 812853 283813 284435 862309 174700 250732 627547
709045 748987 652410 774359 735990 504874 625794 366286 770028 249528 296224 199375 450199 957896 405035 94438 51103 228669 312913 390102 270528 286526 747830 516710 810890 644461 598875 264358 618594 674325 791233 999999999 277892 797844 299216 831121 998845 577086 324158 302900 402518 320410 717385 700977 712452 807832 287025 810822 656294 244156 616336 771694 840592 262511 546320 907228 150086 749930 482931 848622 164637 331274 522379 801277 270387 748883 567171 666319 138235 757976 684876 784254 394726 519897 411446 353037 717977 809673 732164 194467 746524 806572 574782 505678 281003 427429 844339 722964 308585 512388 945808 420172 114629 478816 837506 763268 80095 794182 731998 432303
561115 823765 686642 965676 648311 400053 494736 554945 971879 475635 32009 470023 657713 1042407 682232 222989 308817 300623 551777 662429 273578 26401 605500 677444 970467 727611 819292 527075 860548 797939 723866 277892 999999999 917297 423145 870480 1070957 412831 361797 79600 331282 442791 710381 830678 588029 696923 455169 995766 660116 159784 860842 974605 833956 504223 416636 1046730 390611 765162 734764 895168 273984 569636 350432 678115 114250 650532 507480 570763 366794 607090 950947 623037 652347 787154 683365 552469 703200 773402 641015 209088 930295 973202 509559 596841 76108 460364 797162 752729 82425 555910 1025707 576790 251424 716570 862621 599659 282830 787800 581622 614403
746173 158124 308067 270152 599282 651358 694259 445147 315700 574110 904684 834234 409883 190700 747363 882892 748964 623490 554852 679119 1062825 900601 741383 291304 149400 204504 391885 643327 491182 123683 553840 797844 917297 999999999 509833 256976 247470 763046 556198 862083 635635 488099 391896 98649 688286 674426 510845 252301 379315 1000792 504905 320898 393439 588828 692110 141655 661756 327748 545121 238099 962404 544086 775031 705537 809347 628364 548106 614146 898532 766567 673998 802736 586547 643872 675834 466041 412097 472021 607658 714173 234991 175758 557440 320830 850913 468194 509043 292864 864041 382190 190732 378903 716707 484615 300351 801992 876339 387065 757976 383786
548005 449905 360244 545031 512866 346600 461907 153531 554934 169393 417351 402775 259223 660821 462126 376742 255679 122884 228658 405854 555258 411282 575166 254338 548399 345481 420387 277376 486432 386670 546517 299216 423145 509833 999999999 534063 700300 461487 115275 384114 256862 21834 439723 416812 526475 597444 68006 573533 376931 491278 490975 558100 557268 211247 400955 630792 196293 460951 393590 550401 460500 238467 431921 602954 328521 533562 346316 459673 420918 593053 625518 627291 342150 483461 419640 163858 444457 542909 512479 214074 508236 550293 357299 206491 367772 161919 582247 429980 387619 224754 647967 154233 207232 350300 543373 611703 379310 512457 570138 199813
551472 124915 184907 521727 387292 521066 521666 543585 565563 659719 850091 923149 557545 215442 898858 900155 789496 615560 670497 829987 1071263 848688 535601 422095 406320 207942 601102 754077 705904 276571 322898 831121 870480 256976 534063 999999999 217611 609163 525477 801073 546562 514035 190573 288647 488441 447709 566584 508113 218213 987461 718742 570857 140602 688391 546128 369985 723719 117754 722991 31059 987500 666017 639119 482984 756285 414065 400777 425687 954837 560307 892783 593248 738138 829662 832600 568836 208059 231292 397268 693564 482392 432320 405878 332498 796145 417850 262020 117970 801359 323625 193173 464079 727853 658513 43886 597698 910820 148248 557878 501776
764832 251478 387974 494192 597912 736827 738772 669410 540475 796142 1052757 1061030 650134 58854 991763 1076245 953053 798311 787947 923039 1252753 1050541 745745 522381 363291 355046 638582 876018 736028 347979 525608 998845 1070957 247470 700300 217611 999999999 826773 715084 1005158 754955 678796 407968 336302 701200 648978 717785 464493 433374 1177224 749850 545251 332379 816691 763420 270115 874930 335359 792129 187401 1160789 779090 856060 686062 957574 623111 617392 641663 1111999 769908 916001 801049 829964 891342 920793 692617 424952 430965 608254 882810 467730 390641 622894 494305 998367 611201 451349 329816 1005917 515318 57642 595077 904481 730958 246673 807531 1078854 356533 769644 613783
148551 620821 460237 923192 270603 122885 99540 608306 948228 617065 381394 766239 706717 818578 903704 580961 571812 397258 686588 856104 684192 386551 193302 644297 871818 560645 855933 716456 936842 673974 356348 577086 412831 763046 461487 609163 826773 999999999 346678 335096 205975 465048 419238 708877 184811 294905 528506 937455 398286 571700 943198 952608 519489 659316 72163 904692 590395 491416 854654 639507 658971 698209 62404 270401 329659 262077 216083 199477 709488 194327 1086168 212826 801715 944313 872343 623047 403346 432944 260844 384863 879539 886049 207997 488557 346993 346980 441420 501838 331329 396818 797451 573628 473854 808117 583745 190174 628457 481199 168791 635508
440020 465083 341186 634630 425272 234319 353162 266514 649731 274290 348487 471537 370076 683317 566262 379648 293726 95707 340633 513960 546296 344461 470201 340459 619667 366550 528154 378716 599287 438595 471727 324158 361797 556198 115275 525477 715084 346678 999999999 306740 141596 121888 394624 472229 424472 505115 181831 658846 334725 463060 604362 653339 519017 316907 287985 688094 270211 432921 508856 547051 468371 351743 316806 506059 253277 442557 254396 363775 459810 486483 740793 519429 455382 597671 529055 278670 394307 485572 423201 168427 594861 625744 263953 235389 294807 108111 520749 411087 309042 202166 667504 249338 211535 465011 525395 502647 399851 472245 462616 304751
482956 760676 618588 929061 568893 321019 415368 526461 938704 463563 51216 501760 631984 978973 697162 270106 322524 262272 541392 669795 349219 53406 527126 636731 924457 667537 794979 529497 845014 745313 644956 302900 79600 862083 384114 801073 1005158 335096 306740 999999999 257013 401900 636415 778963 508692 617424 425867 956802 588050 236652 846578 941766 759068 496906 337058 994824 389525 693394 726192 826618 335328 558425 272821 598931 55594 570947 430413 491311 412129 529411 949429 546513 648598 788153 690012 527521 628439 696180 561534 177768 891731 929098 432009 541420 22164 398022 719080 683111 5690 492174 961572 538076 245102 701346 791291 523289 326821 713252 503770 581718
313219 517210 366981 753069 338835 104163 227103 406801 772715 411342 307476 578160 508509 732929 699736 430171 386741 196669 480642 650715 570421 307417 348766 462855 721345 432951 663350 512068 738550 528737 404310 402518 331282 635635 256862 546562 754955 205975 141596 257013 999999999 262262 379482 563888 310372 406037 323178 773003 331525 469031 744090 776687 502688 453702 152923 774496 390628 436916 650450 573084 516712 492410 176007 398768 218680 348797 179981 265710 540270 361569 882369 391506 595832 738639 666697 419918 371940 444451 333803 210050 711196 731243 184215 326253 255253 172278 471117 428739 256687 253775 714358 380969 290384 606029 534995 372673 466669 456610 336292 440191
546254 428588 341764 527253 504508 347972 460775 144696 538277 177741 436248 419056 248469 639116 468536 398492 276304 142177 231327 410377 577078 430374 572005 235242 528083 324097 407953 285990 477406 365000 535184 320410 442791 488099 21834 514035 678796 465048 121888 401900 262262 999999999 423928 395291 522311 590041 72295 555028 361114 512894 482486 541551 540134 218513 402620 609523 213379 442946 389761 529964 482060 239647 438120 596869 346345 526002 340062 453786 440803 590540 621120 625313 342831 482487 423291 158017 429357 528486 504547 233892 489872 530416 351329 185296 386045 152427 568369 411145 405258 208185 626340 136292 229060 343791 524114 610360 400503 495707 568114 185579
364991 234055 112244 621762 208223 337697 331131 501913 659702 594401 686958 842498 551553 403847 867912 773436 682734 490149 626636 802237 934124 686820 353810 428062 529845 230923 642939 699476 745384 349422 167170 717385 710381 391896 439723 190573 407968 419238 394624 636415 379482 423928 999999999 376963 303372 283143 490239 620083 62817 840786 756468 664885 125437 630710 357991 526408 635914 73760 725642 221325 862328 627427 451839 313647 596847 237010 216261 236370 850431 378953 927505 413960 717095 832847 809674 526814 20218 112010 217111 554634 577972 551600 219678 279246 634513 290111 155443 99159 635941 216021 382016 426750 606027 662924 165128 415563 794201 78478 373511 481616
709747 166044 275432 245356 576263 591881 649309 346508 285259 475474 819737 735804 314457 282552 655498 787092 651747 533501 457053 586741 967224 815149 710696 192740 163286 154206 317610 545546 421207 35294 544017 700977 830678 98649 416812 288647 336302 708877 472229 778963 563888 395291 376963 999999999 655945 657825 414001 243729 349128 908040 434461 290529 409699 490351 636877 216096 563588 325285 458630 279300 865609 446723 714169 685428 725181 605580 498909 578845 800127 735548 607537 772713 493664 560932 584681 367417 396348 472904 583456 625000 202270 180079 509366 239724 766590 392614 513782 283677 781264 315435 278662 281208 622669 396228 327647 769169 779095 392068 723944 285282
63924 533144 382497 891797 104801 207705 93345 651860 924052 694926 557545 886950 735799 703858 988109 733074 696875 502158 753638 932227 854114 561639 55441 643434 816916 501755 865715 801601 958510 623669 188206 712452 588029 688286 526475 488441 701200 184811 424472 508692 310372 522311 303372 655945 999999999 110378 593611 897687 309492 744036 967115 928929 373887 737254 173504 826375 692766 376154 900658 519480 816461 761536 243916 91010 493235 85314 186025 78471 849744 79750 1125399 117241 863929 1000111 945545 671793 283800 277729 94139 518689 847190 835778 174038 476305 517428 374798 274885 400342 505614 379344 681614 597529 600756 845765 454746 113761 773977 344703 70179 661042
157983 516313 383780 900935 88894 307816 202614 708638 936963 766778 666718 974835 782920 660202 1058568 834366 788504 589931 819269 999353 960980 670564 118609 677183 812843 506902 899474 874815 997186 628475 124832 807832 696923 674426 597444 447709 648978 294905 505115 617424 406037 590041 283143 657825 110378 999999999 662323 901523 311269 851856 1006886 942051 316699 808284 280646 806431 775316 348039 953207 477814 919222 825233 354293 38377 599642 64116 251863 142193 945892 136360 1171384 158558 925245 1056261 1011085 730544 263103 218502 86424 616078 856674 834264 241567 511637 625397 437955 200261 381681 614506 419321 637661 646255 694411 894945 408561 171556 872632 299479 148752 708422
615909 471666 401939 511817 576784 414452 529880 100620 516736 106067 453652 357723 206414 674292 396275 373874 238260 165900 160705 338650 554070 446621 642720 233425 530569 367578 369481 214106 427584 387395 606452 287025 455169 510845 68006 566584 717785 528506 181831 425867 323178 72295 490239 414001 593611 662323 999999999 543759 427611 502795 431164 519440 603248 146297 468719 622095 158097 504012 328046 579964 451635 170514 497193 668938 370818 598291 412122 525778 394258 660803 560111 695164 274221 415927 352041 103725 496821 596745 576842 249217 478249 529106 423316 234088 407625 224688 637290 469623 429930 274365 663361 133940 216946 288091 580347 679667 365597 559863 637996 159710
949846 397545 518944 43322 819863 816834 885485 448725 81540 562154 990868 785060 361872 406379 631766 904176 759740 696393 511361 571524 1080701 984707 952728 320139 104747 396689 245789 590783 311832 274354 786829 810822 995766 252301 573533 508113 464493 937455 658846 956802 773003 555028 620083 243729 897687 901523 543759 999999999 592556 1043195 325105 85338 641250 558258 865354 203039 661313 564969 418475 490323 970074 494935 935619 929117 901293 849168 734062 820001 879083 977416 470217 1014759 490784 491960 560820 458621 639643 712470 826948 786899 65540 77160 745089 450546 941069 601828 751997 524953 960056 540737 416020 419326 759979 376102 550911 1010378 881061 629432 964891 384602
366861 226852 73725 590271 227433 303459 319072 441771 625774 532005 637978 779702 495859 420985 807310 714225 620924 429890 565591 742123 877213 637268 363347 376653 508271 196236 595452 637434 696332 318427 208328 656294 660116 379315 376931 218213 433374 398286 334725 588050 331525 361114 62817 349128 309492 311269 427611 592556 999999999 786128 706951 630849 184419 568634 331873 518664 573147 105391 669872 246792 803026 566868 423335 336977 546022 256698 184637 234840 788668 388431 876286 425145 658050 776579 750051 466457 70412 171278 234394 497201 545881 527979 191058 221216 584735 228876 213749 104171 587951 153294 400240 367910 545665 607890 203505 423249 733580 137887 378874 424523
719601 926239 802609 1008707 798683 549446 650716 594510 1007649 488641 191752 393673 686986 1143199 628960 152609 292177 380083 556024 625249 114073 185644 763722 735926 1033221 824963 840335 507365 862746 877880 870780 244156 159784 1000792 491278 987461 1177224 571700 463060 236652 469031 512894 840786 908040 744036 851856 502795 1043195 786128 999999999 860471 1009628 965974 505642 571238 1121195 390708 889204 726762 1009774 148517 574444 509374 834633 253993 802964 648854 721693 269729 766026 922847 782589 637987 758200 646753 585283 835878 913208 791987 294689 978044 1031854 652426 687651 226609 569786 940066 871513 240373 665051 1128325 635207 286620 722568 984600 759255 202736 919161 740413 659294
1004165 593835 644271 282788 918180 822302 923835 337883 246815 385257 866246 525488 236495 691428 325849 708966 569585 595080 309475 278141 867892 857992 1021308 330688 400215 534276 117647 355245 13882 442240 915107 616336 860842 504905 490975 718742 749850 943198 604362 846578 744090 482486 756468 434461 967115 1006886 431164 325105 706951 860471 999999999 244558 824479 358445 876812 516831 474541 727422 135944 712534 753873 291395 920096 1024619 793431 945253 782274 890470 641427 1043147 174173 1080117 226359 171096 261772 327987 772114 866208 922002 669385 291533 377064 794365 495299 826500 601800 909678 683393 851205 589659 694510 372386 609450 145249 754269 1068917 669349 796488 1024033 309060
977749 453781 558421 51379 857668 830299 908513 420198 5303 522298 972392 728095 322644 486686 559990 865958 721010 679525 463611 502891 1039126 965612 984335 314126 182025 435406 181778 537245 231784 315567 831983 771694 974605 320898 558100 570857 545251 952608 653339 941766 776687 541551 664885 290529 928929 942051 519440 85338 630849 1009628 244558 999999999 698769 512631 881094 287820 621634 615754 349067 555865 926753 446136 945198 967396 886209 886746 757430 850558 829064 1008533 384976 1046124 427730 414107 490494 425680 683752 763280 863994 767584 88787 154614 768932 464565 924705 609251 804301 573797 945420 559590 494912 405745 731582 314464 612407 1039956 838154 682556 994191 360543
437806 245019 203196 651252 269227 452460 424185 603060 693469 705019 809874 959078 638589 345004 968254 898306 804648 614285 730120 900940 1059559 810053 415352 507142 541763 291110 707670 807383 812372 390381 193338 840592 833956 393439 557268 140602 332379 519489 519017 759068 502688 540134 125437 409699 373887 316699 603248 641250 184419 965974 824479 698769 999999999 739124 465171 510557 753382 102393 810737 167641 987159 728940 559423 353685 720833 292736 332482 323182 972392 439044 998224 469248 812460 918507 906488 628457 130760 98667 279827 680006 609993 566873 333710 379065 757941 413238 122644 144293 758377 332595 322495 524824 730078 746606 97310 476671 917990 46978 440538 573687
756479 582059 536054 519579 723006 551041 669792 147620 511317 42619 511736 245481 197403 767807 250926 356791 213464 268124 50414 197184 526737 503104 785169 297641 572353 482100 336925 68819 359377 471187 752143 262511 504223 588828 211247 688391 816691 659316 316907 496906 453702 218513 630710 490351 737254 808284 146297 558258 568634 505642 358445 512631 739124 999999999 604222 678488 116227 637992 230607 697935 414125 68812 621533 814194 446461 744302 557504 670918 321817 802374 453175 835898 152444 295063 213027 124082 638590 739139 722966 324245 495883 563851 568529 361447 475848 370940 780391 600724 501903 416364 760065 225364 253955 217235 707119 819441 325616 697334 778917 205070
162835 551745 391195 851306 235794 54755 81173 544122 876683 561668 386795 728397 640391 752856 851792 561412 535270 349481 628485 801406 680797 390328 201989 573847 799754 489191 787276 664004 870081 601938 317432 546320 416636 692110 400955 546128 763420 72163 287985 337058 152923 402620 357991 636877 173504 280646 468719 865354 331873 571238 876812 881094 465171 604222 999999999 833764 543511 428569 792176 576032 643801 639173 94334 264499 319753 234794 147597 158716 682176 211734 1022913 239659 742887 884381 816834 560054 343474 384523 227469 351862 807591 813906 140853 416792 344751 277514 398689 435964 334292 324678 732051 505779 437628 743758 523118 220146 604319 424408 185864 568260
885236 293286 448540 239463 734618 792806 835178 543787 283632 670771 1035817 920259 485807 214914 800888 995893 857007 748963 638300 735731 1176031 1031244 878748 390620 117994 345654 419139 724998 503066 249521 683645 907228 1046730 141655 630792 369985 270115 904692 688094 994824 774496 609523 526408 216096 826375 806431 622095 203039 518664 1121195 516831 287820 510557 678488 833764 999999999 764510 458412 588942 344624 1071500 624823 916420 838951 941181 763407 689635 753334 997227 903952 670975 939658 647137 675651 728576 561250 546594 597176 743389 840647 225431 139767 698884 454272 982615 605158 631001 427428 997062 521910 229194 488159 834915 535827 413623 939852 983676 511895 896337 478524
