NAME : synthetic_000233
TYPE : CTSP-D
DIMENSION : 100
GROUPS : 8
RELAXATION_LEVEL : 1
EDGE_WEIGHT_TYPE : EXPLICIT
EDGE_WEIGHT_FORMAT : FULL_MATRIX
EDGE_WEIGHT_SECTION
999999999 899677 652464 504175 440818 678229 709565 537926 779091 142251 646440 497573 171160 893813 880575 589734 658339 472591 266064 881910 545475 331342 828386 310672 537709 426631 526151 584980 426436 432612 920877 740739 222916 38727 377795 824565 378423 950675 939309 734521 506458 493055 661923 164653 557756 212896 850301 430300 96494 359432 711018 554563 158456 573125 646240 863242 392078 807629 618906 823747 201176 554043 734633 459976 1018533 900705 194894 607493 392428 733346 564187 833546 359898 161191 225460 467137 394561 533620 861240 182978 490180 940106 276636 989328 805925 934512 877354 428617 664819 852816 623200 699592 648851 693891 342443 108767 919184 690694 892781 943919
899677 999999999 420377 595762 694175 287953 272154 677616 150633 790322 427648 459917 728662 352251 149865 496654 410649 580939 640597 630832 578738 878863 636037 590073 710830 815947 650945 407748 520053 643553 66962 451816 1071038 862367 844049 176900 807309 114938 166929 541235 445993 413624 335547 1049921 366099 867781 139118 594067 950130 770923 797536 432722 741252 513545 518814 102540 669460 508428 724948 234664 719072 822804 582525 444172 145053 146380 755111 650364 509897 496395 335652 645597 635552 745624 675857 470836 505121 397496 284895 1071176 413271 127110 841684 98570 752544 132308 761590 475870 746733 401272 285709 203234 496698 657948 784992 819115 267592 568486 192872 82652
652464 420377 999999999 627926 302295 446733 149338 262508 410897 599968 566938 461454 500196 669750 512225 590913 559911 590016 400598 869281 639288 787939 846901 381832 295146 782912 239068 86716 467794 264581 395912 655151 866783 623686 781871 257171 424866 397903 356333 159371 451020 246763 92058 817111 386977 537255 480266 235303 733235 397484 383526 107992 512664 595260 100929 329270 302363 188613 807832 535150 541522 405689 193654 352261 565074 330062 463733 230000 373016 124304 291582 856564 565625 541631 446616 438047 341142 177287 228942 835206 338463 531450 729459 515705 922103 532502 962165 286174 329053 200535 224741 332694 78927 248158 415888 615313 621681 162890 551860 499769
504175 595762 627926 999999999 655011 308012 568694 719520 445245 362029 189019 169117 390844 432027 503382 112816 206524 43307 389157 379166 41550 312330 327841 345925 742295 224575 691085 542702 168703 605866 647321 253712 576455 468891 263489 626037 692378 693053 715545 780692 181541 383002 567290 593198 262406 619845 485229 556817 497116 651312 917560 530594 395349 92589 695077 618416 592607 815389 182376 415732 314902 825765 806398 277335 660822 676200 495950 754249 280529 751433 350624 333998 147838 361478 378429 189972 316244 451401 723898 614156 289552 571352 300521 653726 336312 562872 398660 362708 856383 785559 437777 416326 681577 823043 649424 395438 488106 764375 494060 598996
440818 694175 302295 655011 999999999 614160 429501 97126 638522 452755 681503 527284 346673 862144 750580 670557 682420 611708 282393 988127 683098 685566 950538 311767 100920 726538 89647 286876 490779 56144 683255 785564 663224 425311 703198 550313 123043 692741 656255 316483 524289 340715 365153 596156 505478 265673 716438 112885 535520 102501 284403 261573 354452 665483 244749 616035 64098 397497 831539 742187 424291 171596 306143 412513 837758 626994 252362 168295 379863 329799 436904 959024 534791 398598 315384 490704 346624 313933 530259 610046 422555 786831 620658 792646 988836 785481 1045454 316224 230365 476734 427923 547009 257274 254018 122923 451611 840339 266635 782456 766026
678229 287953 446733 308012 614160 999999999 331635 639300 137328 550383 148577 189591 515497 248594 209248 210471 134210 295616 450142 425212 291187 600213 409131 392855 670161 529810 608718 381159 259108 558016 341900 212738 819474 639520 561082 346006 700303 389045 418556 604755 177578 273576 360529 811689 124522 704221 184404 501289 709987 658346 811930 387364 526374 226407 540231 321286 566870 611688 443758 146484 481061 776386 640361 231522 362181 381376 576792 643946 295912 565086 178072 419020 364734 517166 471783 213090 309515 310218 459192 833418 207491 274972 569550 348759 503679 267625 530886 310721 751912 546739 222056 133262 520500 687469 666025 582713 245320 607891 215155 295003
709565 272154 149338 568694 429501 331635 999999999 405906 269651 629314 468835 400315 543208 533601 365491 508369 458397 536822 444060 756068 570847 781780 740603 407455 439066 754265 379838 144924 428849 382618 253989 544372 909310 676028 764283 123293 547622 264638 236301 288518 387352 229839 64614 871189 308018 632860 334493 339009 778511 514531 531592 174356 556289 517089 249594 186684 413665 281958 739142 397272 562508 550877 328129 316419 417172 201950 536979 379011 361851 245036 218714 750476 541475 574837 487319 387912 339639 176386 163390 891001 292026 382222 729997 368787 829445 383427 861295 290717 478119 219758 130918 203345 227407 394086 530664 651316 478335 305840 406413 350678
537926 677616 262508 719520 97126 639300 405906 999999999 642971 545286 724127 578848 438093 883048 752194 722443 722795 676543 365079 1033799 744214 774893 1000102 385589 33248 809113 30655 275932 551776 120961 657589 825478 760348 522016 789199 519532 198925 660377 617245 234500 573794 372790 342072 692979 541770 358841 718581 162930 632501 191920 200109 258696 446692 719697 180775 590563 152405 317042 899516 756236 512065 145411 217409 460147 822651 592349 348471 73440 439415 256308 461818 1008994 609287 489687 402225 544285 404148 329361 479747 706638 464286 780894 710242 774678 1048368 780716 1101288 364136 141096 409896 434018 554342 198788 157484 212398 545951 851106 182829 787735 754255
779091 150633 410897 445245 638522 137328 269651 642971 999999999 660608 279198 314965 610229 265149 112747 346479 262724 431386 530882 512772 428201 732464 509075 476247 675729 666188 613584 367919 379122 583844 206622 316220 937340 740869 695710 239237 740343 254800 290698 558084 301463 317215 318845 922352 227091 774072 78626 529258 821255 700580 793188 384573 622208 363109 511281 196312 601927 547149 576806 128663 589612 786836 597380 319173 240171 256681 652943 631870 386829 514684 223614 518913 491808 620596 560717 330271 389475 325039 359016 943908 289290 162240 698086 217714 617624 157719 634484 372075 736559 461829 210864 92084 489595 659053 711743 691179 210962 572642 144815 167110
142251 790322 599968 362029 452755 550383 629314 545286 660608 999999999 507321 364485 107849 756653 756835 448464 519931 330421 200522 740227 403279 238204 687132 222837 553673 308563 526457 522166 293068 427197 818426 599703 282820 107181 269070 735842 427948 852465 848466 707967 374644 401538 590589 261972 434637 296026 728097 406358 160650 397029 736489 494283 98598 431516 615569 765382 392899 772806 484151 693845 71271 596856 716069 346173 900742 808577 208409 606923 281615 698185 456690 692487 217866 58920 154822 337316 293671 454534 788798 283621 377080 818952 173976 875457 669724 812729 740106 338762 683058 798513 526722 587394 613313 692015 385419 34137 786908 670518 765518 827368
646440 427648 566938 189019 681503 148577 468835 724127 279198 507321 999999999 163807 502233 251607 319229 76619 17984 194441 463257 309980 160157 500194 281022 407949 752326 412216 693673 491357 226914 626608 485820 105460 751730 608457 452499 493966 748448 533906 566260 726278 162038 352410 487851 758351 184805 717224 304875 571063 658288 705774 910167 490140 510586 96611 652712 469285 626008 742736 297621 228191 445654 851125 758887 269230 476503 529566 587329 741200 313959 689647 276781 290512 294680 488887 470959 201601 341133 407597 605296 779897 260258 386967 482495 474126 360611 378145 395518 365285 848810 687501 346748 279477 634910 795421 709355 541387 299682 722368 306360 419004
497573 459917 461454 169117 527284 189591 400315 578848 314965 364485 163807 999999999 343829 398261 398788 143770 170625 136820 299499 461604 177884 418996 423300 244177 604915 364728 549039 377488 71458 473840 503319 268762 629999 458948 386479 464734 587183 545999 561185 616590 14245 220614 398324 624262 99379 554064 372924 420064 522613 544584 771916 368102 353180 141267 533742 465857 469134 647868 346474 329837 297197 698490 644283 119415 549995 520950 424102 604805 151622 585527 181779 431858 176907 336871 308858 38036 181539 286734 557523 646007 123996 463954 383124 532390 472194 456843 522606 214720 710297 616510 269485 264466 518869 667819 547296 397624 422507 603659 403176 480274
171160 728662 500196 390844 346673 515497 543208 438093 610229 107849 502233 343829 999999999 741888 713821 455878 511872 352017 100560 767068 429357 339494 717816 139683 447479 392821 418804 426087 275617 319492 749829 602755 368396 134689 361861 655796 333141 780090 770179 602030 350638 322665 499111 328427 392615 229513 682826 299003 235910 298604 630961 396892 13090 442088 510056 692630 285852 668624 540232 661903 86592 496392 609083 291281 848952 731209 114280 499131 223606 593861 393355 724332 244305 51967 55890 309800 223569 366824 698640 348647 320939 771896 274519 818839 719157 766599 785956 258185 576623 700176 452452 529194 508764 584168 289442 115921 759401 563620 728311 774089
893813 352251 669750 432027 862144 248594 533601 883048 265149 756653 251607 398261 741888 999999999 202387 321510 237446 444364 688524 290397 395887 743644 310175 631183 914609 645260 852670 615859 468217 806020 419063 185442 1002921 855427 691706 497097 948659 465639 518951 821156 391289 521936 578451 1009778 367307 944610 218713 749354 909456 906587 1047320 626655 751402 341424 768455 439227 815456 812297 478811 136540 692647 1022448 859740 473659 318560 494342 815415 881773 533281 778335 425275 318549 546168 734135 704279 432280 551979 554035 616888 1031353 452835 245876 731267 342779 439041 236862 430049 558303 988748 724568 452933 337217 747369 916924 913862 790550 94776 832579 160440 296532
880575 149865 512225 503382 750580 209248 365491 752194 112747 756835 319229 398788 713821 202387 999999999 394538 301264 497983 638523 484035 478686 805849 493136 582874 785148 727936 723180 476351 467701 696127 216694 318976 1028396 842043 763650 304777 853071 263602 316649 652087 386566 429233 420706 1018696 323059 884727 34187 641770 917093 813327 895749 494676 725416 413640 613151 240506 714616 631826 607896 96392 686645 896708 692459 422914 157525 293235 762129 737561 490395 607714 334129 502457 573718 720447 666142 420615 496326 437497 422296 1040384 394206 67976 777734 158600 614243 59572 617882 482515 840556 534543 322660 204824 591131 759315 824456 788523 120825 671322 44518 104663
589734 496654 590913 112816 670557 210471 508369 722443 346479 448464 76619 143770 455878 321510 394538 999999999 94413 123524 430387 320916 84150 424844 280127 378434 748661 335601 692546 510242 188832 617416 552243 151339 682280 552549 376236 547785 726204 599513 627846 748911 148852 359220 518752 693077 204663 678401 378647 563815 594313 683826 914598 504374 462903 20254 669739 530337 611699 773063 235601 304585 391332 841927 778883 262424 552015 589866 549680 746870 292222 715082 300257 288506 231450 436399 431198 179853 324101 421658 654083 714431 262334 462434 409795 547913 332467 453725 379639 358387 852974 728113 380309 332958 653565 807459 685259 482581 375294 739826 382829 492863
658339 410649 559911 206524 682420 134210 458397 722795 262724 519931 17984 170625 511872 237446 301264 94413 999999999 210659 469863 312992 178102 517245 287019 413999 751414 429999 692262 485732 236255 627222 469296 103166 766880 620203 469947 480166 751920 517517 550679 719278 167427 350309 479397 772356 181600 724689 287090 571353 672014 709241 907167 485618 520519 114295 647131 453909 627825 733943 314354 210259 457302 851383 752452 271094 458523 514290 594727 738121 318810 682053 271255 296661 308831 500004 479140 207877 344700 403449 592478 793943 260140 368990 498700 456306 371611 360165 403919 366336 845940 676430 338210 266355 628983 790783 713325 553934 282812 716572 288456 401181
472591 580939 590016 43307 611708 295616 536822 676543 431386 330421 194441 136820 352017 444364 497983 123524 210659 999999999 346595 415436 77522 308733 365815 302746 699159 235042 648203 504267 126705 562634 629591 273319 558840 436386 265943 600103 649666 674190 693436 741411 150319 344038 532208 570120 234371 580248 477375 513773 472000 608480 874797 491116 357167 104430 654947 596975 549303 778030 224108 414521 278961 782461 766382 238154 654599 653596 455222 711927 237896 713033 318117 372415 112864 325291 337184 152420 273704 412976 694330 591398 252540 565660 288070 644129 379265 557530 440809 321074 813682 751937 406120 394428 641894 781439 606824 364294 493227 723991 492474 589974
266064 640597 400598 389157 282393 450142 444060 365079 530882 200522 463257 299499 100560 688524 638523 430387 469863 346595 999999999 750352 422685 413238 705673 57445 379941 444679 341986 325572 241583 244120 657649 567814 468953 231973 424317 558511 303316 685842 673296 508640 302624 228798 398783 427169 325646 256196 606243 212421 336317 262647 563693 296522 113441 420239 415921 598543 218371 572358 557575 595806 150807 446590 518642 218822 766367 634815 126992 419202 155334 497791 308760 713167 256403 141691 46032 261988 142352 267811 598365 446942 245306 693109 349557 733328 725330 688512 787351 165030 506066 600186 359306 445471 413038 501768 260267 214738 695399 472966 657178 691040
881910 630832 869281 379166 988127 425212 756068 1033799 512772 740227 309980 461604 767068 290397 484035 320916 312992 415436 750352 999999999 338835 636141 57929 699205 1061653 519008 1003403 797697 509279 933950 697485 214139 926205 847350 575791 751569 1047083 745759 794041 1028269 463897 662389 785178 956668 494342 994022 491920 879071 866131 1004671 1219983 798461 772519 330115 958946 705769 930668 1036855 303402 397026 693796 1158767 1062684 576023 608845 764626 866893 1050966 612391 989506 583731 57429 526742 740302 748115 499014 643142 716423 870622 976581 569550 534797 649669 632348 172633 525563 142319 672739 1158681 967308 645077 553790 940325 1103458 1006173 773193 385164 1028007 446170 584092
545475 578738 639288 41550 683098 291187 570847 744214 428201 403279 160157 177884 429357 395887 478686 84150 178102 77522 422685 338835 999999999 347822 288485 376975 768041 252959 715273 555337 192752 632696 632875 214951 616500 510029 296297 620452 725224 679573 705362 794360 188408 397522 574123 634370 262829 657754 462629 582166 538549 683752 940906 545337 434307 65545 710756 607872 621460 825302 169224 388348 354963 854400 821610 293347 636155 666680 532671 775926 304977 763399 355252 294981 187939 401468 414500 205058 340068 464452 722422 655274 301639 546575 339572 631840 305764 537854 364966 383355 879489 789494 440418 407534 696298 842276 682649 436767 455948 780506 466492 576822
331342 878863 787939 312330 685566 600213 781780 774893 732464 238204 500194 418996 339494 743644 805849 424844 517245 308733 413238 636141 347822 999999999 578426 411232 786087 118876 753619 703384 363831 654582 921495 561927 293172 314107 60956 869211 666141 962968 973245 915006 432998 555818 757565 338073 515302 526992 783963 625639 269222 634967 969968 679988 332980 404593 822111 880432 623647 971515 337647 723243 263187 834465 928654 466726 961695 932622 446430 832052 421903 898599 575099 580733 246090 287579 373017 411976 449485 621128 945153 355249 493927 873242 64975 948517 520006 865297 593840 503834 914715 977242 659858 681906 816110 915003 623604 251483 799858 883052 801203 895149
828386 636037 846901 327841 950538 409131 740603 1000102 509075 687132 281022 423300 717816 310175 493136 280127 287019 365815 705673 57929 288485 578426 999999999 656005 1027103 461150 969927 772320 466079 897116 701882 196839 868858 794313 518010 745478 1004899 750693 795850 1006261 426976 631240 765459 900222 465446 945879 497083 843041 810460 962710 1189301 771033 722782 286884 933699 704635 891826 1019204 245558 401473 642711 1121790 1039448 540323 627123 764433 819820 1020607 572242 968772 557724 9919 475677 689298 701195 459904 604210 688360 863079 920014 536405 548572 592776 646384 131067 539156 125747 636943 1127788 955396 624425 540927 915781 1076292 963385 719804 403951 1003299 458380 595884
310672 590073 381832 345925 311767 392855 407455 385589 476247 222837 407949 244177 139683 631183 582874 378434 413999 302746 57445 699205 376975 411232 656005 999999999 404399 427121 359751 301081 190033 266539 610207 512908 501904 274360 413990 517411 349152 640455 631410 503780 246580 183297 367769 467161 268337 313443 550884 224857 371881 307254 585692 274483 152606 369435 410909 552991 248286 561569 520044 538673 160049 481008 518206 161766 713134 592197 184434 432398 97923 488045 255814 663769 223969 167392 85785 206358 86773 231907 566058 487664 188924 638460 350225 681415 681888 633646 741848 118917 526202 578000 312790 392410 405006 511247 307383 243860 638150 472748 600715 637950
537709 710830 295146 742295 100920 670161 439066 33248 675729 553673 752326 604915 447479 914609 785148 748661 751414 699159 379941 1061653 768041 786087 1027103 404399 999999999 824620 62237 308980 575333 137862 690519 854286 759061 524043 802702 552275 183520 692887 649197 257724 600324 402021 375284 689518 570824 350452 751498 185904 633222 183480 184148 291275 455350 745348 210873 623538 162700 340130 921320 788381 524245 112167 236669 486800 855870 624737 352303 91280 463069 282801 492395 1035909 628364 499376 414867 569794 428214 360644 510441 702361 492159 814093 721221 807849 1072895 813890 1126840 390330 129495 437360 466453 586846 229688 167153 203305 552324 883563 205975 820519 787503
426631 815947 782912 224575 726538 529810 754265 809113 666188 308563 412216 364728 392821 645260 727936 335601 429999 235042 444679 519008 252959 118876 461150 427121 824620 999999999 784843 696370 325419 688320 864364 460605 412029 402661 57946 828595 725944 908567 925808 922163 378925 539517 739529 454318 464106 604546 709373 651274 378126 690686 1008286 676872 389844 315740 830684 830067 662730 970666 218899 639936 307256 885925 940680 439543 885344 885635 506423 859253 409934 900452 538274 463113 217335 344129 412139 368252 442739 608322 915793 472231 462305 795901 152103 877391 401484 787438 475295 497427 950209 961511 626202 627842 821671 938291 682185 331332 708757 895814 718246 822852
526151 650945 239068 691085 89647 608718 379838 30655 613584 526457 693673 549039 418804 852670 723180 692546 692262 648203 341986 1003403 715273 753619 969927 359751 62237 784843 999999999 247267 523045 99355 632526 794911 749014 508384 766288 495248 204253 636720 595085 228377 543824 342193 315626 683663 511183 355313 689485 135536 619684 190797 226984 229074 427938 690006 164416 565348 135496 310201 871504 726181 490470 173601 216548 430172 795905 569090 334124 81626 410724 245243 431189 978844 582943 470003 380604 514700 375292 298860 460473 698024 433942 752783 689194 748357 1019064 752455 1071580 334384 166643 396352 404217 524615 180445 168072 211398 528698 821326 177788 758385 726928
584980 407748 86716 542702 286876 381159 144924 275932 367919 522166 491357 377488 426087 615859 476351 510242 485732 504267 325572 797697 555337 703384 772320 301081 308980 696370 247267 999999999 381373 238251 397076 583937 794374 554033 696027 267990 403242 409551 379262 239234 367604 160445 83296 749014 308282 491100 442833 194213 661357 369663 431944 31224 438881 513493 161402 330083 268741 275265 723339 485025 461121 420854 268726 266213 551946 346367 402917 266021 286577 208779 214596 781847 479052 464596 371173 352730 255212 91316 277522 767892 253793 505737 645760 506077 842441 505278 885009 200279 372925 276925 162928 281263 143757 306666 385740 539636 577500 231026 512445 481386
426436 520053 467794 168703 490779 259108 428849 551776 379122 293068 226914 71458 275617 468217 467701 188832 236255 126705 241583 509279 192752 363831 466079 190033 575333 325419 523045 381373 999999999 439995 559142 329152 560731 387861 338335 507131 538831 599662 609548 616693 81836 221033 416301 553217 153954 491836 440764 389494 451529 496691 749204 366486 284355 179403 529233 516639 429687 656355 350742 400974 225819 662256 640729 116325 616811 568949 362354 585550 112362 589683 213935 473924 117741 266047 244762 49218 147798 290561 590557 574961 136981 531950 322133 596797 498203 525120 555072 194383 687938 638017 301243 319610 516735 654735 497349 326170 493965 597978 473653 545756
432612 643553 264581 605866 56144 558016 382618 120961 583844 427197 626608 473840 319492 806020 696127 617416 627222 562634 244120 933950 632696 654582 897116 266539 137862 688320 99355 238251 439995 999999999 635308 730386 655383 412668 668265 504839 165021 647023 613272 305281 470386 284579 318992 592993 449691 279393 661957 56749 524564 133457 320145 211146 328730 612922 223245 568334 42042 382809 784088 686397 391531 224823 302324 357988 786407 582457 238496 179890 328238 311083 380800 905696 490507 370650 281645 437671 294211 258898 493486 608381 367175 733593 590068 742117 938164 732026 993670 261409 261973 450125 373611 492129 231600 265658 151385 430002 784741 259078 727471 714044
920877 66962 395912 647321 683255 341900 253989 657589 206622 818426 485820 503319 749829 419063 216694 552243 469296 629591 657649 697485 632875 921495 701882 610207 690519 864364 632526 397076 559142 635308 999999999 515778 1100780 884399 889591 139846 800250 49046 101003 502540 489152 428851 318581 1075115 406218 873575 205578 589118 976709 765886 763510 424714 762678 568295 490428 67319 664455 462132 783426 300884 747535 801539 543838 473597 180322 87027 766560 623905 536812 458113 361842 711489 676235 770849 695597 510232 527819 402047 231881 1096068 442886 187624 881183 127881 817125 194115 827533 492868 715558 349422 298351 239659 468711 623430 781199 845770 333354 534247 259321 137546
740739 451816 655151 253712 785564 212738 544372 825478 316220 599703 105460 268762 602755 185442 318976 151339 103166 273319 567814 214139 214951 561927 196839 512908 854286 460605 794911 583937 329152 730386 515778 999999999 829866 703369 508386 549938 853865 564823 606037 814182 267451 452766 571456 843427 283789 820783 315667 674514 745181 811188 1008492 585506 610496 169172 745060 512530 730751 824040 298149 222763 541542 954536 848546 373922 468063 572851 691058 839446 419377 775608 370541 206753 382775 586066 573897 306702 446532 503994 666829 864682 363298 381953 554155 477336 301754 372504 320378 469434 947421 758576 431070 344095 726312 890086 814815 633830 259911 813996 292556 423621
222916 1071038 866783 576455 663224 819474 909310 760348 937340 282820 751730 629999 368396 1002921 1028396 682280 766880 558840 468953 926205 616500 293172 868858 501904 759061 412029 749014 794374 560731 655383 1100780 829866 999999999 244952 354084 1018025 593095 1135223 1131029 956110 641910 683370 867199 83342 710255 420475 1001386 650947 133612 578402 928990 764944 355532 662829 866846 1048181 614973 1027890 630548 958024 353314 767558 957150 627605 1176652 1091232 417173 830291 564105 953317 738938 871678 459877 334658 423800 608392 576316 733343 1066560 86069 658471 1092576 278579 1153926 812976 1085819 886809 619871 884964 1067230 809466 867817 868418 916648 560339 258158 1045647 912988 1032817 1104450
38727 862367 623686 468891 425311 639520 676028 522016 740869 107181 608457 458948 134689 855427 842043 552549 620203 436386 231973 847350 510029 314107 794313 274360 524043 402661 508384 554033 387861 412668 884399 703369 244952 999999999 356492 789904 372968 914778 904458 711431 467779 457306 629743 195380 519164 216267 811850 406078 112181 350105 700781 523942 121758 536174 621920 827318 373204 782938 588871 785021 162909 548015 713356 421842 980447 865625 174340 589990 354381 708371 526760 799664 323546 122465 189872 428421 357378 499774 829286 214978 452143 901743 255737 951590 775262 896106 846134 392825 652436 824215 587139 661858 623497 676454 334488 75308 880474 668890 854105 905916
377795 844049 781871 263489 703198 561082 764283 789199 695710 269070 452499 386479 361861 691706 763650 376236 469947 265943 424317 575791 296297 60956 518010 413990 802702 57946 766288 696027 338335 668265 889591 508386 354084 356492 999999999 845378 693832 932478 946218 915516 400699 543054 744780 397218 484983 564020 743318 634926 323691 660355 986834 674541 357266 356043 823137 851788 640058 968015 276702 678326 279250 858058 931710 447868 920474 905749 473350 842806 410303 896340 552160 520184 222842 311138 387876 384465 440821 610479 927110 414870 473069 831425 101169 909812 459319 823219 533142 495776 929999 966152 638877 650937 815563 923888 650507 288177 751387 886393 756588 855799
824565 176900 257171 626037 550313 346006 123293 519532 239237 735842 493966 464734 655796 497097 304777 547785 480166 600103 558511 751569 620452 869211 745478 517411 552275 828595 495248 267990 507131 504839 139846 549938 1018025 789904 845378 999999999 669679 142429 115054 365318 450715 334705 185857 984187 365826 755621 280432 462186 889198 637265 624485 297638 668873 560259 350625 75887 536651 331983 783342 363625 666910 662789 406662 404112 316035 78773 657093 484205 459144 320583 294113 755373 624078 683655 600139 461230 442385 292027 120137 1004440 375679 301275 821868 264542 848182 305010 870150 398618 575893 229772 211435 215180 328958 484457 653625 760026 425189 395101 349080 259551
378423 807309 424866 692378 123043 700303 547622 198925 740343 427948 748448 587183 333141 948659 853071 726204 751920 649666 303316 1047083 725224 666141 1004899 349152 183520 725944 204253 403242 538831 165021 800250 853865 593095 372968 693832 669679 999999999 811943 777308 431937 586905 429480 483881 518741 583604 173976 818906 213552 474830 42680 336748 375758 336737 718085 366122 733319 138807 514135 859546 835759 418960 175622 416334 481838 949360 747079 220500 271567 435565 449279 527691 1012754 557641 382830 321052 549258 407338 416476 653171 529637 498027 893737 601840 905866 1028621 891700 1090159 390949 297543 598566 532418 648259 379624 350668 44005 417610 935474 380692 882160 876321
950675 114938 397903 693053 692741 389045 264638 660377 254800 852465 533906 545999 780090 465639 263602 599513 517517 674190 685842 745759 679573 962968 750693 640455 692887 908567 636720 409551 599662 647023 49046 564823 1135223 914778 932478 142429 811943 999999999 62631 490887 531779 457623 328062 1106978 447916 893818 254022 603487 1009543 779162 754302 438655 793048 615272 487900 87465 678279 443601 831433 349495 781966 802614 531827 509757 206311 68952 790836 621799 571259 447310 397350 760283 717177 803392 725222 551084 560007 424694 210227 1127722 479361 228996 921164 154941 866162 236283 876310 522061 709001 326390 327684 281549 466766 614544 795280 878925 378216 526286 305381 177213
939309 166929 356333 715545 656255 418556 236301 617245 290698 848466 566260 561185 770179 518951 316649 627846 550679 693436 673296 794041 705362 973245 795850 631410 649197 925808 595085 379262 609548 613272 101003 606037 1131029 904458 946218 115054 777308 62631 999999999 436641 546960 448293 296085 1098460 461886 869107 302954 573120 1002916 746455 700814 409623 783243 642392 440995 97535 646746 385253 862261 397050 778977 757304 477126 511941 268934 40648 771987 574391 569754 393953 400054 805566 727229 797068 714619 562085 554795 407077 152254 1118808 482494 288059 928272 217534 907767 294816 921594 512505 657594 266323 322031 299311 420577 561717 763429 873297 434229 474573 359798 237077
734521 541235 159371 780692 316483 604755 288518 234500 558084 707967 726278 616590 602030 821156 652087 748911 719278 741411 508640 1028269 794360 915006 1006261 503780 257724 922163 228377 239234 616693 305281 502540 814182 956110 711431 915516 365318 431937 490887 436641 999999999 606821 397695 244964 896809 545641 580676 622018 305581 823551 418733 264254 250315 613311 752568 92985 441187 347254 82563 961964 685187 657850 347181 41347 503421 681180 422616 539654 167032 514697 44859 450525 1015927 706518 649116 553516 590908 480388 329910 285517 912744 492722 661758 853558 629364 1080675 664235 1121412 426640 224722 188796 383263 486191 100606 126497 439270 717530 766618 51792 693930 623598
506458 445993 451020 181541 524289 177578 387352 573794 301463 374644 162038 14245 350638 391289 386566 148852 167427 150319 302624 463897 188408 432998 426976 246580 600324 378925 543824 367604 81836 470386 489152 267451 641910 467779 400699 450715 586905 531779 546960 606821 999999999 212134 386503 635046 85201 558018 360296 416075 533355 544253 765789 359083 360307 148143 524784 451613 466923 636907 357423 319228 306663 695184 635031 113653 537116 506735 428080 598229 151927 575215 169083 435690 190348 345474 313980 41179 180028 277221 544046 656789 115061 451402 396657 519004 479402 444386 528432 210019 704163 604043 256456 250239 509570 660077 547498 407557 412918 594784 391849 467075
493055 413624 246763 383002 340715 273576 229839 372790 317215 401538 352410 220614 322665 521936 429233 359220 350309 344038 228798 662389 397522 555818 631240 183297 402021 539517 342193 160445 221033 284579 428851 452766 683370 457306 543054 334705 429480 457623 448293 397695 212134 999999999 201954 650452 168996 458322 395461 227831 554636 388261 558106 147861 335669 360095 313261 370202 293961 435326 564401 406281 333493 505091 424113 105884 544331 408952 341726 389370 133918 369082 98213 640412 322544 348952 267613 193263 109802 69564 392309 670957 97121 477006 501926 508261 691201 473561 738191 64481 496642 423109 130510 226573 298898 448265 397723 425326 506092 383101 455077 469003
661923 335547 92058 567290 365153 360529 64614 342072 318845 590589 487851 398324 499111 578451 420706 518752 479397 532208 398783 785178 574123 757565 765459 367769 375284 739529 315626 83296 416301 318992 318581 571456 867199 629743 744780 185857 483881 328062 296085 244964 386503 201954 999999999 825105 314298 574263 388517 277078 735018 451467 475199 114076 512095 525150 192715 251267 351079 255061 743344 443457 526329 487275 282109 300393 480589 263771 483591 318256 335732 204569 219319 775227 523407 534352 443462 380193 308995 137660 199599 844419 280562 442144 702817 432740 846635 442777 883197 256251 419908 221986 141188 241902 170870 340208 467982 610377 529627 254287 460000 412847
164653 1049921 817111 593198 596156 811689 871189 692979 922352 261972 758351 624262 328427 1009778 1018696 693077 772356 570120 427169 956668 634370 338073 900222 467161 689518 454318 683663 749014 553217 592993 1075115 843427 83342 195380 397218 984187 518741 1106978 1098460 896809 635046 650452 825105 999999999 696604 344946 990061 593845 101707 507038 855443 718749 315343 674456 809509 1019542 551697 970983 669004 954098 332753 691776 895293 606141 1162519 1059341 357732 764241 540026 896922 714762 903857 463672 304463 384203 598638 547334 694854 1024628 21745 636962 1080924 308536 1136507 854872 1074695 928502 586066 813501 1017468 779403 847616 812691 850173 488240 231272 1045500 851945 1026679 1088933
557756 366099 386977 262406 505478 124522 308018 541770 227091 434637 184805 99379 392615 367307 323059 204663 181600 234371 325646 494342 262829 515302 465446 268337 570824 464106 511183 308282 153954 449691 406218 283789 710255 519164 484983 365826 583604 447916 461886 545641 85201 168996 314298 696604 999999999 580131 293601 393243 595211 541206 725650 305631 403818 210928 469228 366850 453858 568403 431334 270638 364030 672562 576810 107289 466665 421612 452370 556625 171511 510923 95649 474831 270168 397404 347687 104739 185601 222914 461497 718238 85758 384332 475841 444172 535130 378195 576738 192745 664382 526864 177738 166605 452037 610855 547583 465876 369837 539135 335717 394198
212896 867781 537255 619845 265673 704221 632860 358841 774072 296026 717224 554064 229513 944610 884727 678401 724689 580248 256196 994022 657754 526992 945879 313443 350452 604546 355313 491100 491836 279393 873575 820783 420475 216267 564020 755621 173976 893818 869107 580676 558018 458322 574263 344946 580131 999999999 851495 302186 307537 167273 510710 460187 226611 666107 502365 809335 238089 660358 768077 848738 312029 347168 571801 472846 1002157 834386 129965 432063 411329 589884 550683 952616 473793 267345 247289 517069 394706 471790 763412 355661 497249 935002 465613 964365 948422 931288 1015458 402216 470528 728758 582234 684580 510956 515725 147172 276244 948859 531711 906731 926956
850301 139118 480266 485229 716438 184404 334493 718581 78626 728097 304875 372924 682826 218713 34187 378647 287090 477375 606243 491920 462629 783963 497083 550884 751498 709373 689485 442833 440764 661957 205578 315667 1001386 811850 743318 280432 818906 254022 302954 622018 360296 395461 388517 990061 293601 851495 999999999 607584 888569 779192 863707 460842 694544 397182 581151 220515 680438 604083 598095 95613 657611 862973 662160 391630 177835 276251 729382 704729 459247 577837 300814 506613 548942 690593 634561 393044 464216 403311 399431 1011717 362550 91191 753954 169311 614861 84638 622564 449292 808151 509679 288526 170677 559193 727782 790369 759469 145970 640122 71937 114224
430300 594067 235303 556817 112885 501289 339009 162930 529258 406358 571063 420064 299003 749354 641770 563815 571353 513773 212421 879071 582166 625639 843041 224857 185904 651274 135536 194213 389494 56749 589118 674514 650947 406078 634926 462186 213552 603487 573120 305581 416075 227831 277078 593845 393243 302186 607584 999999999 518113 177031 362432 164859 309674 559980 215990 522647 75474 377330 736596 630258 363053 280072 310273 303088 735830 540575 236163 208081 277189 303097 324190 851719 447523 348092 254433 384450 242317 204280 461445 610612 311217 680750 561959 692589 887003 678914 941290 206346 302165 430340 319803 437338 218956 289434 192096 413481 728855 264970 672412 662777
96494 950130 733235 497116 535520 709987 778511 632501 821255 160650 658288 522613 235910 909456 917093 594313 672014 472000 336317 866131 538549 269222 810460 371881 633222 378126 619684 661357 451529 524564 976709 745181 133612 112181 323691 889198 474830 1009543 1002916 823551 533355 554636 735018 101707 595211 307537 888569 518113 999999999 455805 807386 631759 222926 576021 733845 922209 484792 894714 585882 852441 231724 650440 825513 506021 1061391 963450 286080 701226 440494 820081 615552 814610 363812 206170 291645 496946 449540 602225 934548 123444 536899 979484 226722 1035919 773229 973207 846283 490581 760769 933711 682446 747463 735114 787694 438917 131058 944079 781068 924972 987988
359432 770923 397484 651312 102501 658346 514531 191920 700580 397029 705774 544584 298604 906587 813327 683826 709241 608480 262647 1004671 683752 634967 962710 307254 183480 690686 190797 369663 496691 133457 765886 811188 578402 350105 660355 637265 42680 779162 746455 418733 544253 388261 451467 507038 541206 167273 779192 177031 455805 999999999 351588 341220 303208 675856 346615 699240 101558 499947 819770 794492 383431 200163 406968 439209 912187 715196 188622 265309 392974 432193 486459 970605 518002 349303 282663 506674 364660 377734 626414 519394 455582 855057 570299 869403 987618 852832 1048718 348631 306671 577910 493701 608515 358228 348482 20615 389166 894352 368522 841824 838735
711018 797536 383526 917560 284403 811930 531592 200109 793188 736489 910167 771916 630961 1047320 895749 914598 907167 874797 563693 1219983 940906 969968 1189301 585692 184148 1008286 226984 431944 749204 320145 763510 1008492 928990 700781 986834 624485 336748 754302 700814 264254 765789 558106 475199 855443 725650 510710 863707 362432 807386 351588 999999999 424753 638486 913180 282598 700131 346843 327594 1098323 914945 708370 169743 224369 652526 940105 685697 532353 169057 637042 307069 638836 1198437 809382 682912 599014 738674 601415 504749 549740 866363 653274 913338 905061 888956 1243496 914833 1294220 558273 61626 447774 594679 710958 304639 140080 368898 733697 1004149 229391 935187 878872
554563 432722 107992 530594 261573 387364 174356 258696 384573 494283 490140 368102 396892 626655 494676 504374 485618 491116 296522 798461 545337 679988 771033 274483 291275 676872 229074 31224 366486 211146 424714 585506 764944 523942 674541 297638 375758 438655 409623 250315 359083 147861 114076 718749 305631 460187 460842 164859 631759 341220 424753 999999999 409610 506420 165702 358020 239915 293856 712208 498039 434437 402271 276273 253260 576187 376215 371797 256590 267121 224129 214976 780441 459875 436378 342316 341068 234288 82922 308589 737518 244156 526981 621476 531248 836834 526098 881538 179459 364557 304230 175409 295651 151049 305281 356849 510995 592426 235724 529387 504658
158456 741252 512664 395349 354452 526374 556289 446692 622208 98598 510586 353180 13090 751402 725416 462903 520519 357167 113441 772519 434307 332980 722782 152606 455350 389844 427938 438881 284355 328730 762678 610496 355532 121758 357266 668873 336737 793048 783243 613311 360307 335669 512095 315343 403818 226611 694544 309674 222926 303208 638486 409610 999999999 448752 521503 705586 294314 680376 541793 672710 86151 501859 619897 303133 861108 744258 116597 508538 235442 605598 405848 729171 248146 46128 68971 319620 236132 379903 711637 335575 332937 783763 268050 831228 721846 778409 789168 271193 584661 712735 465394 541542 520473 593822 293282 104254 769947 574493 739534 786299
573125 513545 595260 92589 665483 226407 517089 719697 363109 431516 96611 141267 442088 341424 413640 20254 114295 104430 420239 330115 65545 404593 286884 369435 745348 315740 690006 513493 179403 612922 568295 169172 662829 536174 356043 560259 718085 615272 642392 752568 148143 360095 525150 674456 210928 666107 397182 559980 576021 675856 913180 506420 448752 999999999 672051 544857 605876 778750 223550 324260 375650 837024 781786 260678 571156 604086 537916 746020 286012 719547 305990 294891 213972 421075 419215 175559 318880 424036 664986 695763 262974 481579 389843 566353 331260 472924 381590 355624 851562 736660 388006 346019 656345 808197 676729 465594 395535 742117 402547 511354
646240 518814 100929 695077 244749 540231 249594 180775 511281 615569 652712 533742 510056 768455 613151 669739 647131 654947 415921 958946 710756 822111 933699 410909 210873 830684 164416 161402 529233 223245 490428 745060 866846 621920 823137 350625 366122 487900 440995 92985 524784 313261 192715 809509 469228 502365 581151 215990 733845 346615 282598 165702 521503 672051 999999999 424816 265086 161478 877068 634593 564916 316517 111500 417978 662926 419091 451790 133904 424851 88055 375983 943216 615760 556679 460960 506114 390044 248099 299655 825995 409835 631799 760590 612812 1002197 633014 1045905 337055 228553 232486 318864 431255 22196 148473 366656 625756 722186 70088 652697 599061
863242 102540 329270 618416 616035 321286 186684 590563 196312 765382 469285 465857 692630 439227 240506 530337 453909 596975 598543 705769 607872 880432 704635 552991 623538 830067 565348 330083 516639 568334 67319 512530 1048181 827318 851788 75887 733319 87465 97535 441187 451613 370202 251267 1019542 366850 809335 220515 522647 922209 699240 700131 358020 705586 544857 424816 999999999 597893 406079 764882 310646 695006 734720 482533 423683 240171 60561 704542 557948 484420 396464 311203 714432 634364 716046 637785 468548 472671 338769 183551 1040274 393508 228927 837171 188826 813877 233439 830231 434626 651051 299105 240219 202553 402959 560148 714741 791657 361225 470742 284988 184918
