NAME : synthetic_000851
TYPE : CTSP-D
DIMENSION : 100
GROUPS : 8
RELAXATION_LEVEL : 1
EDGE_WEIGHT_TYPE : EXPLICIT
EDGE_WEIGHT_FORMAT : FULL_MATRIX
EDGE_WEIGHT_SECTION
999999999 522915 372402 750414 411589 607741 142176 171221 556182 178119 565231 540187 550919 551497 303832 768183 515587 307317 337036 316502 440377 484049 638331 144279 451891 165039 416122 223574 271187 571245 553530 194775 461522 230552 299275 597138 535420 662897 399655 804068 30907 485799 236435 300981 724896 607731 334380 137046 822623 754982 650124 480422 436796 898761 247372 467117 448763 632256 182047 733456 654135 387189 351062 740654 433529 546234 666366 319652 491133 704311 921919 413523 373224 352401 591966 100453 220543 336749 598415 423167 735050 564772 509826 232760 180428 658441 274329 772630 537867 493022 905401 340975 480298 524991 560580 211940 659237 414984 549653 634700
522915 999999999 631513 426237 134112 844764 613334 351693 736859 664691 156085 771256 865937 134255 366006 754731 554307 370532 721980 349751 120370 721388 311063 446818 314087 364773 752481 613727 439224 359424 389680 713862 328145 294660 570251 220276 189350 141456 838107 434423 492654 862884 705860 562620 209816 586876 761772 632282 712481 403340 239609 795617 388839 608468 748039 231357 204995 810978 646869 344050 210059 701158 172254 844970 138540 234259 625002 813938 231555 986766 713605 231132 580459 282963 473192 440180 324794 788303 183232 114913 247939 620246 683812 392699 686886 894286 251796 396135 557576 834640 766001 196480 337427 82322 714488 730097 144445 833592 681260 840340
372402 631513 999999999 614846 589043 245340 498941 404763 184441 289184 573735 172219 234982 574180 265810 435275 228958 261072 153513 621360 617406 114440 549461 271169 364290 364048 130146 593309 614783 437692 396500 384769 359888 451803 78672 564796 743383 737687 278257 686917 366505 244643 264867 81487 833971 318306 220569 304403 528674 638275 616311 164179 291642 701098 338201 438613 447590 259906 254740 652491 644485 78579 495816 372411 622222 501400 369711 354519 455523 368772 666814 410680 60057 623113 378183 430614 488359 666904 783379 587532 879390 242992 142841 258922 489259 298045 478092 669545 252687 205591 613713 449428 367133 583015 193413 386753 772287 253121 191588 265109
750414 426237 614846 999999999 527691 719570 883161 614995 604859 811394 271677 666484 799388 294300 453847 458209 407653 452080 761374 729909 530050 642154 124497 614559 300337 597555 740695 925695 800304 186685 220759 895163 293178 591011 601406 207960 614475 392296 890204 74852 721862 851182 823681 592249 489771 362442 823986 797364 355599 39699 191217 751026 340510 182416 890272 292846 320432 649249 779982 105642 231900 692196 488791 612969 548418 223991 359166 934396 270505 862574 299706 346067 555730 674506 246752 713348 644294 1079430 592642 508430 572511 442821 570831 523965 930302 753745 566317 75655 391222 799873 379066 457819 276359 348389 570372 906371 468131 867631 534611 690900
411589 134112 589043 527691 999999999 820772 487944 244078 721942 568596 260092 745351 822645 237750 330351 791028 562625 336191 654593 217051 30203 691046 404886 362750 338946 267642 698870 481617 305195 420351 438870 606030 354954 181844 518540 320989 154637 271293 760751 548050 382819 803138 615922 512304 315570 614762 685165 532661 771775 511007 354077 749442 398850 708935 649235 273089 239819 800444 555816 458854 332795 650257 93794 855014 33966 311341 661334 718442 284758 955830 797637 244947 546110 152421 518534 320707 199381 657135 198999 20317 324449 630033 667199 332377 565147 872531 138521 509952 571543 783265 834807 144219 369991 186034 705111 622962 251129 761689 675475 824215
607741 844764 245340 719570 820772 999999999 722309 649748 116633 486982 758693 75608 125193 764509 490563 366008 321012 484842 298527 866554 847737 132319 692256 516388 544565 608882 209134 821829 858995 575770 530057 572199 534659 694963 323982 733615 975270 933186 353505 794351 605838 233911 441343 326639 1036003 359378 347351 514577 501245 752006 778099 150163 465218 747728 503768 628224 645868 87217 458323 785696 814220 222321 726990 214505 854556 673674 380579 485933 639331 146821 663604 614491 276091 866432 475161 673865 733237 869344 1009070 816826 1090828 276761 163304 498664 696018 52824 718731 787794 332163 176292 574994 677510 534173 784800 149546 568124 978604 314487 185924 49389
142176 613334 498941 883161 487944 722309 999999999 276571 683234 244854 679772 659657 649571 663648 443468 907623 656615 447316 432745 331025 513369 605860 767413 286169 587764 286460 519572 103303 251294 707667 692356 197110 598364 322164 430996 718364 584385 754734 460011 933274 165511 567976 302448 433991 802371 749334 410169 210213 964658 885105 769408 584322 577485 1036499 276356 594480 572685 756182 267058 858554 768275 500100 448459 870956 502229 672002 807954 343395 618232 803441 1063452 540379 507493 387319 733397 177509 289137 196986 653281 503446 798893 703976 640103 373093 85889 770770 362857 900348 679176 587688 1047541 451190 617508 630162 691054 212625 738803 484952 683151 754006
171221 351693 404763 614995 244078 649748 276571 999999999 570880 325344 403379 575402 624269 387703 214104 723567 468420 219926 432458 217033 273710 517701 495654 138609 331006 41117 491785 310839 228682 449151 442456 363569 344160 62843 326577 442268 379779 491826 526654 660766 141066 585260 374981 323281 554597 548853 452919 288728 749328 613684 492913 550021 343180 777555 405245 322750 298460 651394 314898 583536 492046 449202 179980 736810 269118 398178 605508 474882 345949 769797 823727 269027 379449 222331 499014 99930 83654 468399 437642 254000 568523 529668 517655 163705 340766 702547 105557 626773 486211 575849 826824 175068 363828 356950 564426 380207 488752 532268 543344 665037
556182 736859 184441 604859 721942 116633 683234 570880 999999999 465480 644785 68140 205497 651434 392607 290950 204392 386545 294712 787298 747766 86922 575625 445572 431688 529789 217262 777686 790152 459163 413446 558491 421060 609966 257801 617979 875557 820295 386575 679704 548831 290772 431158 257445 924117 247881 356860 485213 413452 636635 661877 184857 352567 642599 501278 516036 535349 80630 432599 669284 698424 201717 628640 190080 755898 558617 276516 500275 526024 263224 570837 505779 191869 780311 359435 608931 652962 847679 905476 716435 981238 162649 54873 411830 670469 159965 629280 672196 215801 229903 493182 577776 419576 673978 35752 558004 867961 350237 70253 103496
178119 664691 289184 811394 568596 486982 244854 325344 465480 999999999 675147 430730 405957 665824 362824 722623 492795 363257 190604 494536 598502 381721 714379 221293 515043 302181 279510 348020 445970 624837 595669 96284 519719 388184 242519 693448 703520 799207 223973 874549 197793 323593 60139 249290 872925 587957 166148 41261 805114 824147 748330 343407 472985 935316 84422 556201 547025 531333 35374 816537 761482 268669 494314 655532 594435 634801 644168 149962 579408 559391 929003 507600 318312 527790 610481 277274 390951 383827 762887 577034 892544 524012 430801 299468 209037 533039 430450 848025 517218 343433 890392 470396 535462 650336 480338 101171 806841 243743 480769 523059
565231 156085 573735 271677 260092 758693 679772 403379 644785 675147 999999999 689311 800092 22690 326365 618717 447327 328574 690072 471327 259523 645933 155031 455154 214806 400346 702302 701552 550729 218361 256132 741365 224042 361799 527081 64273 345420 177456 815211 287972 534425 816514 705374 518310 284268 461097 740409 649667 563790 251783 95674 735172 293944 454087 759417 135125 131173 712424 650647 199158 88940 649841 241226 727197 278102 92142 491550 818009 119970 904697 557705 171179 516426 410926 338072 502384 407935 868610 332493 240176 352875 508855 595399 377942 742345 804739 327268 249921 445134 779024 613207 228623 225549 76731 617692 755834 237151 803546 582156 746474
540187 771256 172219 666484 745351 75608 659657 575402 68140 430730 689311 999999999 137726 694247 415257 355650 260868 409579 248800 792362 772417 57860 630466 443256 474609 534443 163802 757485 786976 513696 468216 520194 465465 619841 250788 666999 899888 862551 327358 741301 536554 224634 390197 252888 964472 313590 305979 455016 480983 697120 713084 120937 395370 709775 457129 557442 573892 102182 399943 726684 747851 162073 651560 234398 779111 606055 344347 448768 569529 216142 638907 541625 200496 791286 419960 602532 658766 814553 934235 741565 1017890 227153 97143 423223 638975 128125 643251 732162 275396 163453 559983 602239 466234 712793 103397 517892 906302 289799 134857 94611
550919 865937 234982 799388 822645 125193 649571 624269 205497 405957 800092 137726 999999999 802517 500669 484884 391804 495828 217058 836457 851340 158772 755555 485906 586332 585113 135384 751988 815521 639292 594521 481270 579291 676804 304602 784238 976549 968450 238381 874012 555043 112001 352864 310462 1066707 450734 248894 439416 615340 828680 832924 74299 508828 847438 406373 665585 677718 209296 382693 854473 865018 175245 729848 339664 855528 721760 481986 377491 680371 154110 774995 642218 286288 846214 552678 629941 707337 778941 1017977 821776 1113874 363934 229040 490726 611680 148246 706705 863029 408572 63939 692304 684151 582892 814964 241028 474484 1005815 199610 272222 174574
551497 134255 574180 294300 237750 764509 663648 387703 651434 665824 22690 694247 802517 999999999 322053 634296 456208 324665 686834 449774 236865 649618 176878 445090 219949 386460 701942 683243 530038 234236 270112 730005 230442 344216 524952 86644 323582 168871 810948 310316 520625 815827 697630 516318 274021 474042 735740 639346 582603 274446 116996 736561 299291 476700 750205 137146 127591 720422 642145 221207 104953 649507 222027 738955 255457 106875 506336 809921 125436 910052 579350 166788 517668 388894 352862 486147 389171 851316 312471 217772 339422 518860 601241 370427 727596 811257 308618 272202 455135 779729 633359 212637 233783 54089 625149 744735 223520 800322 589953 753671
303832 366006 265810 453847 330351 490563 443468 214104 392607 362824 326365 415257 500669 322053 999999999 510568 257592 6359 365050 414258 357175 361731 351781 162213 153857 179280 387141 505323 441809 269997 249769 442286 160846 232302 205833 334523 484738 478069 488987 513684 278034 498974 384740 197748 570613 334890 414046 345016 536877 463459 389358 429738 134903 595301 445022 197281 195233 471980 334118 453714 407613 335458 236651 538746 364211 273760 391404 497865 219367 627416 621725 155404 217494 395278 292240 293331 284027 639955 519974 326314 613740 321702 337744 71375 480565 542207 242277 485914 273793 468731 615979 186990 178611 322363 377977 454211 507860 478481 350810 494246
768183 754731 435275 458209 791028 366008 907623 723567 290950 722623 618717 355650 484884 634296 510568 999999999 256435 504494 574659 921840 809394 373242 491702 631953 452334 686262 505459 989942 952052 400360 365418 818793 436456 741088 484315 568124 929506 790172 676368 525259 751869 580277 699905 479311 897430 178363 640240 732929 142396 497316 592211 475523 397227 418522 772943 526629 557408 278814 687554 553223 636431 480639 708762 178705 823008 527448 130259 782182 523394 477841 306212 546205 406406 894063 281929 791552 794205 1090287 937729 778666 970825 203658 302116 563478 913734 374986 743960 533852 237413 519076 209279 657536 422707 675817 261340 821590 855557 640692 247622 320011
515587 554307 228958 407653 562625 321012 656615 468420 204392 492795 447327 260868 391804 456208 257592 256435 999999999 251342 382462 671683 584942 234678 371255 376678 240735 430470 342522 735558 697101 254775 209056 588299 227713 489825 250630 415924 710765 624480 505225 482223 497657 448023 482331 243546 730225 95354 449495 495914 313263 437017 458257 344966 166430 474069 555597 325253 349340 265773 457496 465965 495800 299094 473726 293045 596097 358428 152907 580475 331519 467570 440078 326331 179361 649441 161152 535167 541448 844129 731184 553366 792378 67418 164047 307215 669992 362511 497024 471684 24513 394082 398264 421427 222440 484629 173390 593922 677320 477002 136889 301912
307317 370532 261072 452080 336191 484842 447316 219926 386545 363257 328574 409579 495828 324665 6359 504494 251342 999999999 362212 420558 362908 356228 351141 165061 152510 184790 383066 509987 447786 267698 246565 443564 158924 238592 202149 335546 490518 481579 486643 512488 281826 495177 384217 193951 574653 328977 411902 346115 531524 462210 390317 425103 130532 592220 445141 198567 197553 465857 334179 453409 409210 331267 242530 532392 370069 274416 385597 497307 220359 621986 617361 157896 212181 401634 287685 298367 290218 643659 525384 331991 618349 315382 331688 74582 483512 536426 248633 485053 267640 464396 610824 192669 176376 325904 371774 455308 512088 475685 344526 488274
337036 721980 153513 761374 654593 298527 432745 432458 294712 190604 690072 248800 217058 686834 365050 574659 382462 362212 999999999 635489 684532 207804 686894 295932 492493 396773 89540 534981 605692 579697 541030 273704 491171 490686 165145 690758 803857 841895 129258 831933 344272 153200 142859 174320 930582 470841 67422 222533 677647 782476 744344 152823 427706 854071 208342 557232 559485 350965 165717 791003 767832 94220 566498 481193 685396 627631 520609 207536 577065 371142 819320 520046 208079 653602 529662 422184 512497 570941 853538 657583 965845 392434 272605 329410 398903 343093 526249 812155 406125 156593 762107 528052 501592 686342 316905 270102 866160 113495 327063 337493
316502 349751 621360 729909 217051 866554 331025 217033 787298 494536 471327 792362 836457 449774 414258 921840 671683 420558 635489 999999999 230258 734623 605435 351890 491392 258099 702245 291413 95456 596051 602898 497674 506958 181995 542924 528473 261625 480298 713840 757821 298466 788448 552117 539940 501252 743987 644948 453539 929631 717610 566764 762548 527446 907458 561316 449680 417378 867889 495388 670244 548568 662348 242365 949361 213243 506768 797821 633868 467711 984317 980173 405334 596228 68943 673051 217981 134345 466768 332790 237228 482132 735895 733713 376802 416460 919328 179986 720232 686959 785077 1001214 282300 525472 400607 779688 515232 443784 725867 757138 882041
440377 120370 617406 530050 30203 847737 513369 273710 747766 598502 259523 772417 851340 236865 357175 809394 584942 362908 684532 230258 999999999 718476 408827 392936 357093 297770 728168 503131 321604 432341 453422 634986 372940 211255 547497 322232 127794 251518 790940 546336 411854 832833 646030 541149 289078 634136 715338 562397 785590 511305 351260 778288 420041 712089 678945 287080 254361 825870 585915 456426 326597 679336 121595 877771 18742 318515 679371 748305 296689 983598 805663 263464 573658 162791 534327 348317 225980 679244 169007 31625 295003 652351 693119 361482 591620 899320 168189 508062 593033 812488 846642 170287 387105 183409 730234 651981 225581 791793 700080 850331
484049 721388 114440 642154 691046 132319 605860 517701 86922 381721 645933 57860 158772 649618 361731 373242 234678 356228 207804 734623 718476 999999999 596847 385401 431287 476775 132234 702672 729223 480530 435753 473527 423332 562649 192949 627354 845674 817059 303254 716583 479675 219287 345212 195033 917554 302018 270183 403653 488379 670735 675262 112718 352796 699696 414743 512478 527002 150611 349695 695726 708243 115251 597272 274912 724693 565353 341080 413536 525966 265936 640811 493331 145005 734119 395828 544949 601118 765088 881565 687839 968756 215415 78155 366603 588523 185130 586701 704811 252933 161613 570428 548588 425889 665517 111969 472462 858284 268230 130926 151059
638331 311063 549461 124497 404886 692256 767413 495654 575625 714379 155031 630466 755555 176878 351781 491702 371255 351141 686894 605435 408827 596847 999999999 507703 200011 480967 679072 805520 676139 116770 162343 793350 197719 468575 522523 91275 500413 304390 816016 165928 608938 792760 732837 513270 409753 355636 745713 696533 418935 118031 100635 699148 259391 304102 795855 173130 198210 632463 684869 104248 145267 628039 364341 622388 426945 99922 372360 845366 149711 838706 402708 227193 489410 550446 226765 594908 521175 962636 485795 385952 487624 421693 533351 418883 818755 732713 442609 134809 361270 746604 462023 334411 185501 230317 543894 805673 375733 797443 507239 671095
144279 446818 271169 614559 362750 516388 286169 138609 445572 221293 455154 443256 485906 445090 162213 631953 376678 165061 295932 351890 392936 385401 507703 999999999 314277 101022 353176 359095 344801 431990 411564 288028 322468 194845 192505 477324 508999 578991 398007 672000 122141 447984 259073 190545 656287 466811 322461 194538 679992 622144 531853 411715 293158 757256 305695 341709 329110 525163 200486 606801 542383 311048 280010 621152 392167 421300 525374 368419 365510 632521 777653 290616 254359 360929 447744 164638 221431 480896 561398 367972 681905 430121 394503 90959 318457 568987 230723 642505 398039 437266 762223 250854 340609 429114 443616 301698 590401 399717 427132 535071
451891 314087 364290 300337 338946 544565 587764 331006 431688 515043 214806 474609 586332 219949 153857 452334 240735 152510 492493 491392 357093 431287 200011 314277 999999999 306630 494213 639240 542139 119950 112936 596059 16111 323024 327349 200535 478673 388712 620875 359989 424154 608798 532838 318175 492547 277572 548938 498619 439709 309701 252726 522983 79350 449267 596062 84868 109271 501925 485105 303540 280298 442004 260600 530953 370704 137112 322441 645432 94922 690224 494775 94003 305435 452645 182991 424565 379063 784723 493214 326333 552172 306219 381292 223627 631006 591408 312090 332995 243501 568039 509834 211984 34159 244194 406100 607808 437618 604727 371414 534242
165039 364773 364048 597555 267642 608882 286460 41117 529789 302181 400346 534443 585113 386460 179280 686262 430470 184790 396773 258099 297770 476775 480967 101022 306630 999999999 453382 332692 267376 426161 416058 349852 318781 93917 286037 434091 409927 502497 495397 646816 134166 548992 348292 282563 571488 512711 420682 268055 716073 598719 486399 510822 311499 755513 384379 308026 286885 610293 288206 572734 489277 409906 192965 696375 295289 385824 569872 452128 331801 729790 795595 253928 338333 261108 468501 117993 124356 481993 464725 275128 590666 490826 476615 124106 342632 661691 131659 613965 448857 537712 794683 176610 338371 360793 523513 365793 505404 499082 502728 623948
416122 752481 130146 740695 698870 209134 519572 491785 217262 279510 702302 163802 135384 701942 387141 505459 342522 383066 89540 702245 728168 132234 679072 353176 494213 453382 999999999 621047 680142 566393 524333 363083 490003 546120 182417 694747 851492 863603 171417 813592 419717 114585 232233 189874 957718 422341 142194 309729 618201 765513 746413 64878 421748 816111 295555 567296 574750 265548 252887 781758 774250 52461 607446 398111 731079 631320 466659 285059 584779 288192 767297 536962 189932 714090 499504 494609 574328 660476 896313 699515 999561 338383 206463 366813 488206 253653 577943 797475 364288 84693 701093 564341 497250 708250 244200 359054 894953 137829 261105 249205
223574 613727 593309 925695 481617 821829 103303 310839 777686 348020 701552 757485 751988 683243 505323 989942 735558 509987 534981 291413 503131 702672 805520 359095 639240 332692 621047 999999999 198467 758519 748553 296923 651473 340407 522096 746983 552983 752892 562665 969830 238079 671269 405751 524163 787309 825838 513469 312625 1037753 923465 794916 685893 640124 1087629 377486 633098 607517 852323 369294 890108 788000 599521 461675 963536 489158 707043 884361 442373 656010 905981 1126563 579631 596716 356668 797548 214701 294435 176601 624021 499512 773054 787001 732526 438371 170012 870963 374689 935048 757105 690409 1118986 475821 671058 643569 783392 311392 726736 588100 773132 852051
271187 439224 614783 800304 305195 858995 251294 228682 790152 445970 550729 786976 815521 530038 441809 952052 697101 447786 605692 95456 321604 729223 676139 344801 542139 267376 680142 198467 999999999 653881 655057 433306 556878 219229 536412 604541 356180 572909 669566 833590 261436 756232 505630 535018 596598 776652 605544 404810 973054 791161 646375 743026 566577 974028 503741 512276 481706 869918 453077 747950 631670 645354 312687 962109 305454 576334 832771 575562 532419 967099 1036387 463506 598502 163780 719066 185964 163202 372357 427514 324844 577057 758126 738463 391481 337041 911221 235003 796659 714775 760079 1048330 343608 576177 483553 786826 450503 538659 686057 767994 879510
571245 359424 437692 186685 420351 575770 707667 449151 459163 624837 218361 513696 639292 234236 269997 400360 254775 267698 579697 596051 432341 480530 116770 431990 119950 426161 566393 758519 653881 999999999 45723 709395 109751 436234 417413 171021 542486 391697 708926 253292 543798 679354 637184 408189 499256 247430 640789 611473 354535 203276 206103 583999 154387 329410 703588 148557 181993 517512 593315 215992 246668 516086 356358 515454 448542 127398 273604 748220 135730 722341 384127 191068 377739 550588 120595 543960 491901 904638 542396 404280 570831 307283 416581 341034 749781 616803 420111 232503 245729 631828 414504 313808 91393 278314 427784 720314 455340 688365 391147 555502
553530 389680 396500 220759 438870 530057 692356 442456 413446 595669 256132 468216 594521 270112 249769 365418 209056 246565 541030 602898 453422 435753 162343 411564 112936 416058 524333 748553 655057 45723 999999999 682651 98610 435959 380661 213436 568344 431865 670055 290985 527262 636695 604769 371512 539350 205480 603288 584664 333021 241889 251046 540181 122732 345708 672691 166347 199214 472040 563260 260055 290775 474591 367761 472957 468704 164003 236476 714663 159374 676620 381981 199220 336814 561595 83544 533974 491997 889167 572869 424098 608934 262093 371081 321079 730008 571114 424254 273163 200189 588259 399403 321578 79055 310399 382077 692832 493105 648372 345444 509871
194775 713862 384769 895163 606030 572199 197110 363569 558491 96284 741365 520194 481270 730005 442286 818793 588299 443564 273704 497674 634986 473527 793350 288028 596059 349852 363083 296923 433306 709395 682651 999999999 602125 424480 338454 765334 729052 852319 269507 955970 223227 387385 130856 345020 918164 683564 232688 98002 900963 905735 819811 424734 560038 1025014 81452 629593 616948 621757 131582 893799 829301 358969 541614 748229 628298 709092 740026 146306 653318 631859 1023081 578631 414552 541550 701982 291975 414591 298079 792859 617119 929776 620277 525636 374576 134598 615881 468191 927875 612669 417454 986203 525458 618826 709035 574717 17593 852297 298877 576246 610776
461522 328145 359888 293178 354954 534659 598364 344160 421060 519719 224042 465465 579291 230442 160846 436456 227713 158924 491171 506958 372940 423332 197719 322468 16111 318781 490003 651473 556878 109751 98610 602125 999999999 337679 326189 205526 494173 399310 619936 354833 434190 604531 535797 316965 503856 262070 548731 504435 423792 304428 256427 517003 70546 438176 600046 97604 123807 490273 489214 301824 285989 437996 276685 516841 386641 142565 306500 648051 105006 680674 480584 110032 300539 468595 167014 436774 393726 795349 507937 342238 564699 292611 371360 231552 640055 580948 327494 329088 229567 562588 494262 227949 19668 256921 394770 613546 449803 602861 359749 523231
230552 294660 451803 591011 181844 694963 322164 62843 609966 388184 361799 619841 676804 344216 232302 741088 489825 238592 490686 181995 211255 562649 468575 194845 323024 93917 546120 340407 219229 436234 435959 424480 337679 999999999 374976 406681 317514 435810 588062 631203 201280 642819 437625 370694 494375 563753 513805 351432 755120 585931 454590 602518 349562 760159 467884 298889 270629 690571 377508 550071 449169 501584 126320 768164 206314 369065 618511 537681 320591 819572 817583 247638 420769 171472 500232 146099 56047 507119 374816 192676 506226 553902 555773 198144 392701 747759 43777 595790 505429 630627 829534 135613 357016 308255 600518 441322 428792 592604 576779 707093
299275 570251 78672 601406 518540 323982 430996 326577 257801 242519 527081 250788 304602 524952 205833 484315 250630 202149 165145 542924 547497 192949 522523 192505 327349 286037 182417 522096 536412 417413 380661 338454 326189 374976 999999999 525863 672127 683712 293748 670530 291041 293177 233545 9257 776228 345592 223518 248933 562595 620665 579302 230994 263995 706305 306102 393286 397361 335679 207157 626735 603390 132063 426280 441467 551219 462649 401649 337744 412610 444600 689025 358547 78007 545948 379281 352776 410222 606982 715014 518359 817171 282903 210553 186252 429828 376655 402885 649370 275115 265724 647876 382228 337046 528051 261343 343511 713072 277759 252168 343136
597138 220276 564796 207960 320989 733615 718364 442268 617979 693448 64273 666999 784238 86644 334523 568124 415924 335546 690758 528473 322232 627354 91275 477324 200535 434091 694747 746983 604541 171021 213436 765334 205526 406681 525863 999999999 409558 222051 818206 229438 566726 809331 718922 516795 329359 418274 744911 671022 505464 190102 54934 722516 275609 390274 776983 137547 148886 681567 666701 143904 80910 642535 292211 686172 340671 63462 443554 832049 115187 880356 493914 186707 505773 470108 291419 542159 456009 910385 394690 301412 403629 473727 571149 393981 776497 777549 375638 192167 410619 768081 551935 271162 201468 140661 588818 778971 289553 803622 552573 717658
535420 189350 743383 614475 154637 975270 584385 379779 875557 703520 345420 899888 976549 323582 484738 929506 710765 490518 803857 261625 127794 845674 500413 508999 478673 409927 851492 552983 356180 542486 568344 729052 494173 317514 672127 409558 999999999 265567 905276 617722 509459 953990 754623 666093 251684 756230 830591 665315 896982 589893 425371 903119 545033 796273 780689 403276 372100 953606 694601 527777 391000 803504 248403 1003795 121173 420672 799249 851827 409121 1110444 902911 386388 700746 197862 650911 437122 314889 728325 71410 159169 221089 778100 820912 485879 667676 1026941 278442 579759 717972 936061 953287 298007 506947 270863 857897 746482 205825 908637 827543 978118
662897 141456 737687 392296 271293 933186 754734 491826 820295 799207 177456 862551 968450 168871 478069 790172 624480 481579 841895 480298 251518 817059 304390 578991 388712 502497 863603 752892 572909 391697 431865 852319 399310 435810 683712 222051 265567 999999999 962433 375919 632426 976515 837495 675437 107563 637315 886357 768331 723292 359749 206621 901153 468018 565229 883173 305113 290733 889133 779447 291466 162343 811381 311855 904158 267468 268738 665121 947387 294306 1078510 691882 327011 682572 411695 512272 581532 465988 928197 219189 253534 183298 686303 769961 516165 828261 980095 393150 340341 622578 943141 763208 328846 402254 155710 793977 868288 76694 954891 758707 922534
399655 838107 278257 890204 760751 353505 460011 526654 386575 223973 815211 327358 238381 810948 488987 676368 505225 486643 129258 713840 790940 303254 816016 398007 620875 495397 171417 562665 669566 708926 670055 269507 619936 588062 293748 818206 905276 962433 999999999 961012 415393 129159 163999 302978 1047720 589828 76336 264903 789319 911625 872094 207928 556917 978848 188295 683583 684175 425064 218473 920160 894508 206655 676602 559560 789901 755295 636316 142561 703960 376203 936774 644391 335432 741353 656372 495897 601132 557838 959272 765774 1078394 507673 377785 446553 404082 385649 627032 941398 528201 178021 872422 642166 630636 807514 415034 258273 982550 39082 432498 400275
804068 434423 686917 74852 548050 794351 933274 660766 679704 874549 287972 741301 874012 310316 513684 525259 482223 512488 831933 757821 546336 716583 165928 672000 359989 646816 813592 969830 833590 253292 290985 955970 354833 631203 670530 229438 617722 375919 961012 999999999 774769 924634 889456 661320 464408 436815 893724 858603 413923 50423 195302 825068 407596 191822 954686 338831 362455 723609 843951 90374 226735 764629 520954 684279 565036 262805 431480 1000984 315191 937160 333039 392933 627479 698659 321478 760273 682478 1128293 587633 528088 548767 517619 645566 582339 984469 828254 602767 38324 465999 873833 426160 495931 339498 363006 645194 967795 452590 939250 609455 765395
30907 492654 366505 721862 382819 605838 165511 141066 548831 197793 534425 536554 555043 520625 278034 751869 497657 281826 344272 298466 411854 479675 608938 122141 424154 134166 419717 238079 261436 543798 527262 223227 434190 201280 291041 566726 509459 632426 415393 774769 999999999 495303 254039 291827 695345 588607 347390 157683 802132 725839 619588 483276 411979 871985 271459 437317 418507 626173 196927 703506 623339 387517 320650 730969 405524 516273 647209 343151 461315 707521 898128 383594 362481 330037 568059 80505 194859 361956 571457 393949 706762 549033 500893 207586 210161 657202 245020 743066 519418 498824 884323 310077 453144 494112 551318 240145 629593 428325 538551 630709
485799 862884 244643 851182 803138 233911 567976 585260 290772 323593 816514 224634 112001 815827 498974 580277 448023 495177 153200 788448 832833 219287 792760 447984 608798 548992 114585 671269 756232 679354 636695 387385 604531 642819 293177 809331 953990 976515 129159 924634 495303 999999999 265618 301236 1069382 520995 157830 361282 703822 877070 860953 107156 536085 918211 308584 681591 688462 313063 306870 895065 888822 166903 713272 446470 834603 745905 560072 271084 699247 247828 858990 650351 304228 806699 607622 574133 665636 681819 1001648 805030 1109093 434632 297394 473323 520990 260238 677411 909576 468348 61222 783954 672182 611593 820954 323765 378419 1006074 91897 348719 282647
236435 705860 264867 823681 615922 441343 302448 374981 431158 60139 705374 390197 352864 697630 384740 699905 482331 384217 142859 552117 646030 345212 732837 259073 532838 348292 232233 405751 505630 637184 604769 130856 535797 437625 233545 718922 754623 837495 163999 889456 254039 265618 999999999 241654 915198 576238 107792 100904 790968 839071 773830 294206 483218 938195 73607 581403 575336 492071 60152 836247 789954 230049 537747 620107 643036 658500 630578 113136 603919 505147 921981 535395 303581 583037 611381 334272 444545 428489 812201 623169 938509 506376 401744 327435 258816 485245 478831 864836 506831 289477 876264 509893 550168 686004 449521 127695 849248 183866 454097 480135
300981 562620 81487 592249 512304 326639 433991 323281 257445 249290 518310 252888 310462 516318 197748 479311 243546 193951 174320 539940 541149 195033 513270 190545 318175 282563 189874 524163 535018 408189 371512 345020 316965 370694 9257 516795 666093 675437 302978 661320 291827 301236 241654 999999999 768289 338668 232768 254581 555943 611445 570192 237144 254743 697701 313988 384401 388729 335941 213967 617480 594406 139016 419811 439706 545101 453560 395010 346437 403637 449099 681378 350009 73732 541877 370670 352044 406872 611414 708418 511859 809709 277319 209128 180277 434495 379395 397898 640126 267998 272761 641185 375313 327795 519806 259720 350388 705262 286832 249304 344556
724896 209816 833971 489771 315570 1036003 802371 554597 924117 872925 284268 964472 1066707 274021 570613 897430 730225 574653 930582 501252 289078 917554 409753 656287 492547 571488 957718 787309 596598 499256 539350 918164 503856 494375 776228 329359 251684 107563 1047720 464408 695345 1069382 915198 768289 999999999 744766 971392 839541 828015 454854 310329 998030 571550 656042 955762 408085 390675 994122 855981 385762 265433 905879 378673 1011391 300394 375974 772642 1022533 399028 1180607 789071 424657 780419 432918 619834 636141 514793 963909 185926 302158 84580 792704 873052 601762 880574 1083624 450607 431325 728967 1038697 865092 406284 507791 252059 898563 934761 66092 1042640 863603 1026788
607731 586876 318306 362442 614762 359378 749334 548853 247881 587957 461097 313590 450734 474042 334890 178363 95354 328977 470841 743987 634136 302018 355636 466811 277572 512711 422341 825838 776652 247430 205480 683564 262070 563753 345592 418274 756230 637315 589828 436815 588607 520995 576238 338668 744766 999999999 538233 591260 217970 396799 451978 414736 218944 397861 649676 355984 385136 286811 552633 437946 493697 383280 531068 268044 647175 369005 58636 672228 355889 500546 348541 370689 272674 715699 128924 621652 617412 938233 768600 603097 813429 87038 224504 391910 764704 391503 565739 433360 71245 463550 302915 479606 250180 510770 212325 689047 697524 559371 178739 328635
334380 761772 220569 823986 685165 347351 410169 452919 356860 166148 740409 305979 248894 735740 414046 640240 449495 411902 67422 644948 715338 270183 745713 322461 548938 420682 142194 513469 605544 640789 603288 232688 548731 513805 223518 744911 830591 886357 76336 893724 347390 157830 107792 232768 971392 538233 999999999 204823 744823 843973 799067 197298 487509 920234 157930 609548 609276 407716 152596 849957 820530 159793 600510 540192 714586 682269 588004 143440 630291 399261 886728 569390 273711 669725 595032 427646 528949 530063 883858 689926 1002206 459767 338164 370347 364724 387449 552185 872873 473256 184978 829177 565840 560218 731575 380968 225590 906214 80949 392891 389928
137046 632282 304403 797364 532661 514577 210213 288728 485213 41261 649667 455016 439416 639346 345016 732929 495914 346115 222533 453539 562397 403653 696533 194538 498619 268055 309729 312625 404810 611473 584664 98002 504435 351432 248933 671022 665315 768331 264903 858603 157683 361282 100904 254581 839541 591260 204823 999999999 809152 808319 725721 374351 462072 927302 116602 534517 523307 554143 56885 797552 736903 293484 460941 675082 557719 613762 648457 186565 558073 593367 927770 484441 326593 487673 604989 236602 351789 362692 725590 541788 857001 531812 447198 278336 185263 562041 394209 830879 520087 377811 894175 439648 521007 621418 497541 109198 773455 283604 495111 548530
822623 712481 528674 355599 771775 501245 964658 749328 413452 805114 563790 480983 615340 582603 536877 142396 313263 531524 677647 929631 785590 488379 418935 679992 439709 716073 618201 1037753 973054 354535 333021 900963 423792 755120 562595 505464 896982 723292 789319 413923 802132 703822 790968 555943 828015 217970 744823 809152 999999999 395222 517688 597079 406646 282338 864566 498814 531973 414844 769751 458594 562599 585997 699577 321047 801238 478279 160946 882874 489261 619059 164186 531078 487959 892346 256848 829323 810604 1155124 894495 756697 906554 285753 411810 600073 982312 514563 749675 429663 289213 643217 85340 651682 406165 630512 380063 906059 794264 755803 357560 457313
754982 403340 638275 39699 511007 752006 885105 613684 636635 824147 251783 697120 828680 274446 463459 497316 437017 462210 782476 717610 511305 670735 118031 622144 309701 598719 765513 923465 791161 203276 241889 905735 304428 585931 620665 190102 589893 359749 911625 50423 725839 877070 839071 611445 454854 396799 843973 808319 395222 999999999 164532 778360 357449 207424 904263 291106 316001 683315 793529 69101 202098 716199 478569 650415 529879 216869 396183 950650 267740 895876 334336 345126 578673 660080 277312 712920 637994 1080531 564665 491339 538200 475366 600859 532312 935326 787345 558833 37022 421762 826971 417272 451188 289078 328181 602542 917505 436107 890251 566479 724574
650124 239609 616311 191217 354077 778099 769408 492913 661877 748330 95674 713084 832924 116996 389358 592211 458257 390317 744344 566764 351260 675262 100635 531853 252726 486399 746413 794916 646375 206103 251046 819811 256427 454590 579302 54934 425371 206621 872094 195302 619588 860953 773830 570192 310329 451978 799067 725721 517688 164532 999999999 772514 325602 371429 831895 192477 202960 722814 721632 105173 44936 694356 336141 719744 369983 116811 471756 886960 169992 924917 488317 241296 556936 505695 323276 592600 502159 960220 401441 333947 389735 513139 616592 448868 829016 820744 421489 156980 450976 818593 556631 319811 250462 168247 631641 833541 280382 856998 595138 760057
480422 795617 164179 751026 749442 150163 584322 550021 184857 343407 735172 120937 74299 736561 429738 475523 344966 425103 152823 762548 778288 112718 699148 411715 522983 510822 64878 685893 743026 583999 540181 424734 517003 602518 230994 722516 903119 901153 207928 825068 483276 107156 294206 237144 998030 414736 197298 374351 597079 778360 772514 999999999 447039 812384 354305 600179 610651 217146 317477 799962 802949 100947 656909 351633 782190 659506 452995 336179 616013 224247 751843 574272 218893 771926 505700 557219 633140 722672 945365 748926 1043450 328086 190585 417242 551631 191185 632579 811721 364309 49162 677696 611816 522056 746827 217075 419766 936455 169711 241565 194238
436796 388839 291642 340510 398850 465218 577485 343180 352567 472985 293944 395370 508828 299291 134903 397227 166430 130532 427706 527446 420041 352796 259391 293158 79350 311499 421748 640124 566577 154387 122732 560038 70546 349562 263995 275609 545033 468018 556917 407596 411979 536085 483218 254743 571550 218944 487509 462072 406646 357449 325602 447039 999999999 466433 550433 163480 184419 423686 440719 363360 356265 370087 312789 459232 431930 212935 270733 593937 174209 610895 486841 159901 231859 496989 157457 427426 404598 773481 564778 388584 629910 233429 301954 204393 610776 512178 348119 385478 173019 492990 483653 261003 75508 322030 327561 570127 515882 538054 293332 455337
898761 608468 701098 182416 708935 747728 1036499 777555 642599 935316 454087 709775 847438 476700 595301 418522 474069 592220 854071 907458 712089 699696 304102 757256 449267 755513 816111 1087629 974028 329410 345708 1025014 438176 760159 706305 390274 796273 565229 978848 191822 871985 918211 938195 697701 656042 397861 920234 927302 282338 207424 371429 812384 466433 999999999 1008807 461960 492351 666465 901737 274036 409482 773115 665258 594606 730380 400905 367290 1044005 441626 879581 153806 512543 646564 854050 327031 873214 814856 1233478 772089 689895 740293 484847 622361 666663 1075709 771226 739060 225207 451846 861298 263873 630421 418991 530790 606863 1034308 641868 951068 575325 709903
247372 748039 338201 890272 649235 503768 276356 405245 501278 84422 759417 457129 406373 750205 445022 772943 555597 445141 208342 561316 678945 414743 795855 305695 596062 384379 295555 377486 503741 703588 672691 81452 600046 467884 306102 776983 780689 883173 188295 954686 271459 308584 73607 313988 955762 649676 157930 116602 864566 904263 831895 354305 550433 1008807 999999999 639586 631006 559301 110991 898523 845572 299573 577094 689150 674111 717877 704143 72555 662648 554842 994991 591470 377064 599756 682400 347794 466314 373503 841666 658385 973596 579964 473813 383095 215859 545078 510760 928950 580105 342442 949865 554327 615212 734679 520927 70171 889670 218764 526636 544759
467117 231357 438613 292846 273089 628224 594480 322750 516036 556201 135125 557442 665585 137146 197281 526629 325253 198567 557232 449680 287080 512478 173130 341709 84868 308026 567296 633098 512276 148557 166347 629593 97604 298889 393286 137547 403276 305113 683583 338831 437317 681591 581403 384401 408085 355984 609548 534517 498814 291106 192477 600179 163480 461960 639586 999999999 33483 586745 529209 266490 210982 514838 208443 614068 302467 79675 396408 694524 24031 773402 531399 54104 381367 402379 247893 421826 353083 789520 412618 257898 467338 390188 465103 256785 647444 675563 277277 306057 327034 643908 562169 168909 106086 159407 490836 642889 352755 670553 456248 618800
