NAME : synthetic_000504
TYPE : CTSP-D
DIMENSION : 100
GROUPS : 8
RELAXATION_LEVEL : 1
EDGE_WEIGHT_TYPE : EXPLICIT
EDGE_WEIGHT_FORMAT : FULL_MATRIX
EDGE_WEIGHT_SECTION
999999999 416075 460345 245234 1033524 518409 569086 473967 484432 978364 395466 374553 633205 938173 333487 983956 353139 959960 702274 660076 665394 625022 881898 563165 903457 751702 344282 312196 264975 653058 748374 775403 344553 932217 635985 174371 404750 450268 464850 794529 302329 502492 599397 569633 514264 328416 880341 363064 403626 275759 345744 351700 403802 736591 676259 572219 822460 465794 393869 602726 708678 483394 1061292 330561 919386 655663 657150 887990 175715 862496 198678 354341 427248 999661 682367 731150 593646 758665 265379 519506 519316 264718 679166 285329 489180 477706 244935 248473 669055 441503 581552 709770 501645 495802 373661 856156 497256 478804 976616 537135
416075 999999999 292083 258250 617485 254151 485714 659124 447825 705785 184426 396284 324980 522563 404931 570976 159021 544910 385730 251059 658938 564337 566576 441365 491356 443237 343212 104743 178666 659788 476975 534548 370044 714368 323824 256685 181715 425490 414593 383326 191426 95782 183893 426954 161545 94747 719322 520573 278773 510064 80209 350397 235143 493154 328196 544054 438567 685544 263167 466065 302122 655671 870086 250597 770237 527816 242743 537636 343030 590996 288027 623059 292276 602496 273555 597882 461967 527041 423574 398159 237739 558825 340622 223545 86446 595878 171471 395146 298284 246545 244052 299563 657175 658828 659312 650481 443175 316503 585780 257034
460345 292083 999999999 215941 735988 546095 193774 444674 710935 518058 112744 634525 202792 660029 625483 649657 420034 643278 264697 364050 370143 272429 430018 150531 658279 304171 151819 302185 236532 373182 289463 315937 174063 481084 207909 302520 112343 683039 678510 567676 180550 279136 386723 139908 448504 256946 453620 327875 546929 373572 322201 589139 508829 276453 270428 256901 433389 486518 66693 179772 390353 434618 623294 130177 500902 242305 437646 455355 499383 402247 261669 470528 36574 615096 378802 317043 174098 300190 285002 678113 117145 444613 263230 446444 359607 357829 301459 271617 559300 45540 527834 501529 426775 432130 509930 407362 710651 25536 582363 120844
245234 258250 215941 999999999 847102 467580 351943 410736 559336 733837 158286 465854 391892 757849 445645 781194 301932 763892 460350 460667 487214 420249 637672 333590 736599 508016 132251 189761 85506 480826 503150 531808 148917 693548 395189 93197 168283 527399 529767 631626 74919 315355 429519 335272 408257 167643 652801 270921 414592 251842 227888 424543 388429 492381 441613 377811 596128 431714 149254 371648 503616 410093 829583 85765 695911 429628 489296 648760 299460 617569 48036 364823 184400 777643 481456 506769 363333 515733 166598 551382 279326 303686 441983 290164 344655 362828 140769 137485 555064 196621 490002 550684 416027 415728 401284 618417 564034 235774 750792 295779
1033524 617485 735988 847102 999999999 628104 868120 1180635 882778 684214 703041 901787 558275 98481 934918 115073 716340 96743 531800 387018 1035841 928005 539456 812810 157280 543719 872156 721491 784134 1048692 617607 682968 899033 794082 551806 870560 693387 882545 858106 254252 772184 535952 434378 786420 554595 707883 887940 1059865 764205 1085066 689949 868111 727237 668636 482080 947857 342094 1221965 764919 805281 348900 1170238 930024 797634 934692 838683 378123 440280 938953 642676 887842 1192994 765087 248665 367171 863395 809352 696225 992308 789429 619111 1146810 497615 799017 548264 1091569 788894 969147 436753 710651 529019 334534 1161072 1167052 1232059 784082 866181 743911 284015 615989
518409 254151 546095 467580 628104 999999999 739512 877860 262070 920360 436657 275214 552277 531170 312609 628019 173433 588687 601707 383547 910815 818066 766644 695511 473147 657660 579162 278353 382701 910613 705287 769545 603704 948425 549436 420643 434882 256557 233838 375991 419837 300458 275715 680817 117586 310270 965662 738225 143100 703756 242392 246241 119596 729664 531426 795674 586911 895507 512871 719723 428722 877641 1106875 488719 1017407 781151 296088 713650 366403 811984 478507 813393 544451 708518 400200 849883 715838 765017 630062 178815 484337 735181 548869 233297 204166 827716 332993 600198 193162 500575 99251 306672 883366 883267 845031 889893 248453 570624 705951 501986
569086 485714 193774 351943 868120 739512 999999999 357807 892662 467946 303585 808660 310334 804453 793515 768591 607039 771846 342139 526741 180948 78655 443741 55943 814449 351478 226820 486441 403938 187987 296407 275292 224608 383967 316828 445034 304736 863104 860972 734331 348976 468296 568955 81841 642019 443094 312853 295799 732790 382930 510810 764753 696854 254132 386283 79796 535539 410158 233437 70540 541004 341583 495873 280184 350322 92409 614715 505998 651403 372314 385347 443075 197475 702801 536924 163179 63089 254027 323704 866443 284967 455339 370535 623379 552518 258137 471688 328726 747455 239282 720731 676750 323373 332524 478569 308258 894030 170102 664410 276799
473967 659124 444674 410736 1180635 877860 357807 999999999 934583 816676 498062 829040 633727 1103934 795121 1092303 709142 1087568 681736 804993 305595 347993 801214 400660 1098519 701666 321434 600494 496170 284605 652701 632209 293459 713776 639796 466389 505975 900577 909236 1002452 468263 691709 808170 425548 816094 575502 610862 139841 811425 198879 638469 796024 791611 611872 707787 293343 868377 54367 423548 427698 834443 19490 786103 411429 627306 437444 864877 858680 631288 728475 401829 148556 416860 1045042 821256 481718 419322 610899 249373 945449 561712 223966 696710 681510 744309 99692 546351 279047 956882 472932 898619 929109 46284 35021 164113 644045 943538 437488 1008811 564810
484432 447825 710935 559336 882778 262070 892662 934583 999999999 1151426 599029 110050 772097 787631 155343 889170 294094 849037 830176 636753 1044524 967737 1005748 859206 725916 887600 690324 408753 490835 1039297 924688 981986 708251 1161617 770585 478100 601295 34312 33233 634481 544192 524966 530172 850813 368059 454135 1159167 803729 169068 739055 392064 138618 213111 940412 766320 932244 841706 937139 659830 890656 684616 939802 1316192 614779 1208593 953135 556805 962404 309870 1037900 546835 833297 697270 970101 655196 1027839 884678 973798 691192 95942 683096 744977 781386 270666 435969 910759 423712 663501 446486 668459 359421 568380 952574 949362 856115 1096174 20276 736451 966408 703035
978364 705785 518058 733837 684214 920360 467946 816676 1151426 999999999 599535 1100669 381277 673464 1104146 569522 864369 599716 321310 552008 541520 469493 163913 442600 721799 264038 648764 771352 740650 562309 235368 204632 659994 135683 382079 817446 592454 1130687 1118322 701203 688885 627227 653877 426073 802796 727379 260332 763040 983125 844818 772927 1054404 938444 241892 388945 523472 388127 870657 584656 405522 521747 798777 245972 648115 289456 380470 660328 253430 1002658 117845 779705 911014 551366 440810 542679 339327 415182 223425 772933 1090865 484272 918425 371925 918546 720223 718299 796968 769363 823509 540981 853023 695538 776792 787221 946407 179741 1145002 499931 401874 463775
395466 184426 112744 158286 703041 436657 303585 498062 599029 599535 999999999 525377 237946 618213 519120 630093 307373 615989 307147 316877 474644 381886 488905 263073 605193 358153 176881 190629 141295 475362 364456 405376 204879 579035 240578 223855 10129 571626 566461 505786 93348 194137 310163 252403 344729 144926 562063 365592 434336 382025 209460 479572 396085 363823 283554 359676 438206 531857 80357 292263 355025 491726 726810 94593 610532 354816 366928 492819 403690 481732 205681 490745 107941 620187 335974 428881 286785 392629 289287 565391 123919 444898 284696 337124 259770 424215 199202 266398 468134 69452 426176 431091 489396 492581 529569 508021 598373 138226 592758 142281
374553 396284 634525 465854 901787 275214 808660 829040 110050 1100669 525377 999999999 719398 804162 49248 894065 237331 856982 781763 614547 953053 881654 962741 779276 747843 839205 598022 336114 404747 946558 868926 921431 613951 1099508 718718 379889 529061 76215 95032 648209 460218 483839 512973 773301 356927 382078 1087312 700400 139175 632292 328351 46387 181295 879515 723767 842727 817713 829876 578684 812835 664992 834942 1250762 528585 1135296 874802 549922 929177 200687 984741 448471 724610 617010 960968 634911 950853 806180 911386 588484 167963 621604 635967 736766 188271 405379 809360 337024 561577 468367 594395 373288 573613 848632 844990 746811 1031023 124326 659755 952610 642051
633205 324980 202792 391892 558275 552277 310334 633727 772097 381277 237946 719398 999999999 494629 723557 461725 483210 462343 69252 234746 483182 374389 253160 254736 508397 123051 354397 392306 376123 494202 153562 217877 376799 396153 6496 461650 228957 750403 738900 437525 331292 252411 309395 228499 436536 349706 424659 526950 603270 576351 391899 673143 558999 179406 76222 389899 234733 679510 256344 250629 236947 621360 554807 312546 477332 293691 338661 257372 630284 266017 439927 672226 238519 414038 239157 339153 253533 215418 487210 716065 114054 647123 62994 538133 348322 539893 424950 472197 493930 199531 498822 393597 609436 616401 711535 339929 766546 201017 380220 96207
938173 522563 660029 757849 98481 531170 804453 1103934 787631 673464 618213 804162 494629 999999999 836833 131189 618064 86378 478265 301486 977292 868624 518179 748604 70392 499365 790585 625978 692074 988742 574116 643288 817921 771778 488143 777221 608823 786433 762315 156088 683037 444124 338809 722665 456116 614174 855403 979469 666280 999609 593637 770064 628989 623743 419667 883635 301326 1143367 683841 744942 269676 1094456 916300 712583 904430 783490 281422 421160 840918 616111 797295 1108958 687106 265946 283475 815504 748110 654196 907124 695093 542939 1059507 437311 700748 451285 1017604 694018 883016 341146 631438 431952 236118 1086741 1092158 1147748 752589 771410 670130 291352 542073
333487 404931 625483 445645 934918 312609 793515 795121 155343 1104146 519120 49248 723557 836833 999999999 922371 248604 886516 787749 633918 931965 864765 970568 767045 782488 844891 577720 333827 391390 924499 870629 920299 591886 1096915 723318 356307 523667 122816 143676 680751 447654 496182 535471 762692 384389 379066 1079102 669360 171146 597173 331894 66887 208390 878368 733035 823455 834940 793643 566901 801839 685031 801840 1245928 513611 1126087 863216 576020 941774 163850 987349 423945 686142 605530 983724 654913 939863 794771 909258 558534 217068 621719 596966 744931 185623 423929 780050 324511 532606 504888 587192 408724 603849 816558 812436 706964 1026914 171289 650343 973522 642280
983956 570976 649657 781194 115073 628019 768591 1092303 889170 569522 630093 894065 461725 131189 922371 999999999 689366 45633 428107 324283 931944 825058 424583 714053 200071 434876 792103 675612 725845 945673 507809 571408 818087 679086 455378 815118 620116 884489 861786 258219 706846 481467 395757 687481 538025 655546 774051 976873 754901 1009897 648187 856527 714325 559121 385950 848353 234981 1135836 685154 703630 277929 1080862 815212 723927 820374 733497 347523 325409 906446 528198 824569 1114883 681003 139554 302272 754339 708328 585434 917214 799719 534620 1074754 399385 770929 512902 1000471 739596 895911 446953 628853 529766 321584 1070092 1076675 1154239 670147 874235 654934 171320 528813
353139 159021 420034 301932 716340 173433 607039 709142 294094 864369 307373 237331 483210 618064 248604 689366 999999999 657049 544708 387852 768436 684006 725411 569872 572691 602198 422698 121442 220001 765711 634124 689283 445064 868553 482291 247706 308842 269260 261058 465046 265670 247760 294860 559775 167230 163985 865332 570181 127054 531197 98354 191621 90123 647543 486547 653927 586902 724537 373813 599631 439390 709966 1022415 337223 915018 662183 342517 693506 223986 749062 307757 640247 409725 740127 409387 735887 594128 680496 460146 259501 389656 561752 499436 82685 179053 664707 162828 430322 318461 376450 228537 382076 717249 716453 671653 802356 291929 445551 727858 409781
959960 544910 643278 763892 96743 588687 771846 1087568 849037 599716 615989 856982 462343 86378 886516 45633 657049 999999999 435057 303660 939122 831333 449660 716647 154560 447617 782138 649638 704996 952027 521744 587897 808664 704558 455890 793233 606158 845240 822151 215811 689137 458208 365866 690213 502260 632036 794970 968787 717951 997485 620625 820327 678177 572629 386121 851612 245920 1129737 674875 708702 261051 1076798 844516 710402 842486 741945 314537 350880 876298 551217 806114 1104126 673268 180389 282489 767153 712844 600715 904674 758734 526881 1060793 401312 739146 482615 997514 715087 882380 405041 619661 489943 283414 1067088 1073269 1143349 691286 833766 650284 208218 522779
702274 385730 264697 460350 531800 601707 342139 681736 830176 321310 307147 781763 69252 478265 787749 428107 544708 435057 999999999 254173 504279 396998 184917 288970 501388 57534 416319 458476 445287 517659 111490 183514 437267 352859 67233 530891 298194 809740 797092 443406 400494 306013 344347 262431 484514 416740 399760 582150 662050 637157 455868 735692 617268 152914 76024 421586 193732 729508 322048 275769 241870 668239 512192 379926 452008 306959 363518 190925 698261 210281 508378 729580 301110 363612 252410 337935 280821 187625 549615 770127 183289 708899 55605 602797 399768 585408 493317 536063 524638 266321 540551 411758 654386 662071 768657 305981 823692 259142 327079 165141
660076 251059 364050 460667 387018 383547 526741 804993 636753 552008 316877 614547 234746 301486 633918 324283 387852 303660 254173 999999999 706142 598122 391526 471286 294273 301580 489384 354479 401828 714617 365662 437518 516851 604566 229087 490852 307417 623313 605301 207591 385804 158115 107833 447118 269287 331739 652620 678519 479340 698672 330562 571921 434671 404614 178293 603212 204980 843112 382996 476156 51710 796283 763222 411370 705122 525191 110006 330633 592945 454094 502492 807585 388569 353257 22516 573856 477181 440257 606041 561525 248710 759817 199044 464966 209989 721432 416368 582408 272985 332108 304586 159231 789936 794792 846442 560154 626142 377090 340016 251964
665394 658938 370143 487214 1035841 910815 180948 305595 1044524 541520 474644 953053 483182 977292 931965 931944 768436 939122 504279 706142 999999999 108809 566605 235262 990927 501055 355039 647008 554415 21752 434023 388569 340144 423758 489633 575783 477279 1013303 1014026 913637 503516 647869 749842 259024 817840 606447 310705 321295 891309 422258 675457 911370 858520 384078 557626 115166 696998 358667 398173 232556 717898 286123 481249 431882 322552 199274 795575 645026 778860 474793 509105 436873 366706 852948 715447 204882 230085 368803 400361 1027197 465915 482790 540208 773914 729644 224117 620946 417548 927600 414928 897804 857422 259984 271358 462880 362108 1047908 348080 812788 457493
625022 564337 272429 420249 928005 818066 78655 347993 967737 469493 381886 881654 374389 868624 864765 825058 684006 831333 396998 598122 108809 999999999 472519 128978 882149 396997 290477 563040 477586 120703 333141 295814 282891 367178 380843 512529 383222 937729 936309 805483 423547 546014 644868 151354 720611 520229 274868 317420 809274 413370 588313 838294 773968 285036 448963 59842 590316 402240 310200 123760 609192 329756 457715 353409 303594 98065 689185 545253 718821 388198 449846 455507 275144 749916 607070 134483 121367 274982 368410 943501 360612 482292 431707 697729 630979 251185 545261 378628 824588 317934 799157 750509 307345 317853 487638 296165 969597 248685 710272 351049
881898 566576 430018 637672 539456 766644 443741 801214 1005748 163913 488905 962741 253160 518179 970568 424583 725411 449660 184917 391526 566605 472519 999999999 402131 562568 130791 576460 643012 628660 584710 150059 178045 593479 254917 251853 712594 480391 987036 972935 537680 581924 481274 495741 378972 649231 601593 353036 721982 839202 790238 639046 916953 794018 189845 239652 515090 225481 852909 493184 373544 358887 785253 399027 554377 397161 374538 498555 99178 883155 105854 685403 872099 466232 309636 380887 366075 381899 198132 708266 940333 366027 863700 225976 786235 570627 701662 678053 698790 661321 441150 694898 532022 767014 776252 909988 249794 998015 418081 268275 346803
563165 441365 150531 333590 812810 695511 55943 400660 859206 442600 263073 779276 254736 748604 767045 714053 569872 716647 288970 471286 235262 128978 402131 999999999 758535 302189 219284 450824 375666 243344 252608 242241 224050 372842 261226 426419 262870 830602 827038 678869 319510 417883 515892 26601 594933 406202 319421 323428 696537 402220 472367 734534 659002 215129 330804 135171 481742 451455 200594 39809 485093 385537 498388 254906 362450 96525 560548 458471 631154 339485 371749 473233 162347 651270 481218 173686 30497 221584 332930 828414 231634 475855 315385 592158 504541 301806 442895 332938 695847 195588 672412 622201 369282 377766 510241 296214 859546 125343 613436 222367
903457 491356 658279 736599 157280 473147 814449 1098519 725916 721799 605193 747843 508397 70392 782488 200071 572691 154560 501388 294273 990927 882149 562568 758535 999999999 529250 780671 592252 666029 1001057 603444 674494 808432 813034 502021 747971 596296 726317 701634 108986 662501 421284 308739 733265 407307 585143 889716 970033 611381 983163 557712 715601 576072 651387 436302 892552 339297 1135534 675435 758540 273447 1090150 961580 698359 939942 801311 249005 468370 796619 656193 773511 1094147 682639 330714 280040 839049 760850 683601 891486 632303 542424 1040048 455458 655117 414276 1015690 661580 866090 280668 625994 374556 193764 1084122 1088880 1132425 788308 709168 670804 352688 544224
751702 443237 304171 508016 543719 657660 351478 701666 887600 264038 358153 839205 123051 499365 844891 434876 602198 447617 57534 301580 501055 396997 130791 302189 529250 999999999 453726 514859 497892 516281 74753 145306 472710 303026 122316 581903 349608 867250 854529 480498 451239 363190 396643 276531 540268 472613 361756 610386 719542 671755 512997 793110 674734 125057 127471 428950 201697 751247 365397 281861 282537 687100 461672 425555 413003 301786 411579 157487 753316 154976 555888 759530 340708 353021 297024 319730 288489 154884 586725 826998 235266 744495 108920 659788 456448 603510 547887 575252 574129 311909 594304 456093 671402 679752 798180 263145 881022 294819 313742 216014
344282 343212 151819 132251 872156 579162 226820 321434 690324 648764 176881 598022 354397 790585 577720 792103 422698 782138 416319 489384 355039 290477 576460 219284 780671 453726 999999999 303322 203416 349047 430841 444150 28004 590838 359375 222725 185119 658747 660274 682412 159353 370275 486791 227828 503663 268974 536216 189369 541225 222152 336991 556409 511713 408706 419889 245867 582534 355185 107279 259014 523327 315733 717032 92625 576192 311466 543803 606681 428579 537187 159451 322905 115889 765003 507141 387355 249778 425558 133321 677985 258527 292799 414009 420133 426425 252668 267879 122461 638422 163397 586528 607938 315029 317450 362314 514350 694376 158941 733088 267470
312196 104743 302185 189761 721491 278353 486441 600494 408753 771352 190629 336114 392306 625978 333827 675612 121442 649638 458476 354479 647008 563040 643012 450824 592252 514859 303322 999999999 104463 644399 537147 586615 326772 763879 392597 161104 193554 381029 376376 483546 144858 196887 287223 442061 223847 46012 752390 460681 246350 433784 39670 289981 211558 544677 410690 532485 535214 620431 253015 481907 405004 599746 914649 216140 801096 544396 345040 624682 245592 654170 206417 545900 289552 703720 376993 619147 475976 575927 354563 380723 287971 474548 419944 148755 178799 549571 70041 324850 376504 260067 303450 398989 605075 605101 580109 694948 408731 327699 685258 308540
264975 178666 236532 85506 784134 382701 403938 496170 490835 740650 141295 404747 376123 692074 391390 725845 220001 704996 445287 401828 554415 477586 628660 375666 666029 497892 203416 104463 999999999 550127 505701 544836 225127 715757 378131 90900 148967 460350 459913 559206 56403 248204 357320 371637 323571 84760 689195 356335 338009 333906 142382 360868 308452 503605 413092 441506 557490 517024 175652 410591 448397 495296 859785 124181 735386 471834 417162 626639 264078 622888 109374 446755 214333 735239 423631 548548 403427 531178 251472 474670 262633 380289 417392 220317 264157 445783 67753 222004 472214 202669 404941 476510 500667 500645 482217 643054 493643 260678 711717 282014
653058 659788 373182 480826 1048692 910613 187987 284605 1039297 562309 475362 946558 494202 988742 924499 945673 765711 952027 517659 714617 21752 120703 584710 243344 1001057 516281 349047 644399 550127 999999999 450327 406684 332753 445233 500676 568192 478440 1007791 1009077 922205 500259 651867 755528 267982 819481 604614 332456 305027 887701 405983 673739 905342 855693 400826 569178 116322 710861 337474 397752 243881 727754 265121 502711 428598 344068 214761 802285 661832 770048 494029 500926 417360 367617 868730 724490 224815 240670 386677 387714 1023921 472260 465187 552147 768892 732014 205025 616147 405979 931922 417447 899970 864557 238846 250230 442758 383060 1043086 351924 828759 464680
748374 476975 289463 503150 617607 705287 296407 652701 924688 235368 364456 868926 153562 574116 870629 507809 634124 521744 111490 365662 434023 333141 150059 252608 603444 74753 430841 537147 505701 450327 999999999 72574 446378 243894 155981 584138 357223 902374 891466 551871 454677 405875 454253 229052 589015 492742 289695 571969 755695 641523 540596 822560 711701 51413 187468 370579 275908 703934 355057 225873 351696 637102 403164 417971 341584 235816 474960 212135 767308 117548 549987 722104 324629 419267 363553 246644 233767 80226 561235 869605 249386 715164 166872 685035 501587 553379 561600 553279 635710 307863 648566 522990 619618 628585 759948 194497 919496 274508 378875 228833
775403 534548 315937 531808 682968 769545 275292 632209 981986 204632 405376 921431 217877 643288 920299 571408 689283 587897 183514 437518 388569 295814 178045 242241 674494 145306 444150 586615 544836 406684 72574 999999999 455737 179893 221320 617651 399336 958444 948760 624362 491223 469163 523930 223504 654259 541232 217165 565484 812959 643307 593645 875062 769674 41940 259225 341523 343097 685062 382616 207810 424263 615426 337368 446070 269010 198413 546471 260964 808670 97416 576962 714984 348165 474055 435868 189786 217099 21310 569183 930525 299974 717108 238488 735326 565397 532567 604544 564967 706463 342626 716314 595259 595754 605451 751559 123142 977705 296601 432859 279651
344553 370044 174063 148917 899033 603704 224608 293459 708251 659994 204879 613951 376799 817921 591886 818087 445064 808664 437267 516851 340144 282891 593479 224050 808432 472710 28004 326772 225127 332753 446378 455737 999999999 596882 381961 235642 213085 676264 678658 710351 184059 398255 514790 235561 530084 293908 536731 161700 561834 199897 361332 573165 533511 421659 443783 234506 606651 327285 134182 263805 550304 287889 718829 119569 574927 312689 571803 626960 439561 550123 169375 297575 139140 788801 534450 387189 254290 436571 114869 698692 283864 271926 437199 438881 453672 226044 287801 109561 665834 189247 612964 635941 287566 289803 337017 520257 712903 178381 756364 291937
932217 714368 481084 693548 794082 948425 383967 713776 1161617 135683 579035 1099508 396153 771778 1096915 679086 868553 704558 352859 604566 423758 367178 254917 372842 813034 303026 590838 763879 715757 445233 243894 179893 596882 999999999 399103 782993 573788 1137796 1128399 777518 660691 648315 697180 363143 832555 718180 126051 677524 992633 766883 772383 1053188 949465 221232 428345 425313 473738 768142 546542 333138 584091 695102 159387 608914 154236 291669 714543 353949 979700 157053 736214 820882 509548 558652 599857 232695 342720 188184 704462 1110368 478922 839079 408357 912613 744405 618216 777829 705688 876798 513276 892385 758525 671421 682316 854065 76630 1157486 458859 518066 458774
635985 323824 207909 395189 551806 549436 316828 639796 770585 382079 240578 718718 6496 488143 723318 455378 482291 455890 67233 229087 489633 380843 251853 261226 502021 122316 359375 392597 378131 500676 155981 221320 381961 399103 999999999 464098 231473 749113 737402 431469 333893 249909 304885 234993 433458 350308 429182 532588 601849 581405 391532 672498 557475 183311 69772 396391 228757 685470 260686 257083 230723 627483 557932 316356 481862 299934 333451 253729 631343 267336 443218 677645 243486 408393 233222 344925 260009 219379 492063 713902 116672 652032 56927 537994 345625 546086 426214 476813 489236 203634 495090 388048 615639 622576 716971 343672 764874 206592 374783 99412
174371 256685 302520 93197 870560 420643 445034 466389 478100 817446 223855 379889 461650 777221 356307 815118 247706 793233 530891 490852 575783 512529 712594 426419 747971 581903 222725 161104 90900 568192 584138 617651 235642 782993 464098 999999999 232698 445169 450078 640010 130670 335189 439779 427289 383268 163138 745357 329986 345139 283559 200104 340796 326007 577349 502272 468468 648261 478324 236489 464178 538178 469011 921216 174354 788842 522609 499128 714809 206463 700248 68773 392771 273611 826135 512859 599782 455997 602478 217476 480005 347603 316526 505695 215636 338004 433392 92286 188362 537147 276512 460490 556120 479054 476990 424911 708453 484567 324145 802561 366135
404750 181715 112343 168283 693387 434882 304736 505975 601295 592454 10129 529061 228957 608823 523667 620116 308842 606158 298194 307417 477279 383222 480391 262870 596296 349608 185119 193554 148967 478440 357223 399336 213085 573788 231473 232698 999999999 574242 568620 497317 102459 186956 302518 251252 341132 147619 558837 374130 435890 391689 210639 483127 397061 357672 273710 362503 428117 540259 85989 291053 345235 499401 722371 104292 607641 353570 358903 483369 410376 474619 215598 500168 110841 610072 326385 427050 285859 386948 298921 566118 114906 454801 275057 340913 255146 431142 205303 276223 462387 67718 422177 423141 496700 500037 539040 503253 600305 137608 582684 133610
450268 425490 683039 527399 882545 256557 863104 900577 34312 1130687 571626 76215 750403 786433 122816 884489 269260 845240 809740 623313 1013303 937729 987036 830602 726317 867250 658747 381029 460350 1007791 902374 958444 676264 1137796 749113 445169 574242 999999999 27037 632001 514272 505769 517802 822794 356413 426728 1132783 770049 147856 704881 366366 104874 193025 916739 747397 901423 828218 902923 630735 862594 672071 905897 1291570 584468 1181862 924991 547633 946419 275585 1016406 513936 798986 668431 961234 642373 1000076 856444 949755 657592 107940 658915 710668 761916 240041 419235 877437 392945 630024 445808 641076 355456 562985 918814 915533 821820 1071502 48475 708516 956132 679022
464850 414593 678510 529767 858106 233838 860972 909236 33233 1118322 566461 95032 738900 762315 143676 861786 261058 822151 797092 605301 1014026 936309 972935 827038 701634 854529 660274 376376 459913 1009077 891466 948760 678658 1128399 737402 450078 568620 27037 999999999 608323 512833 492017 499066 818410 337124 421619 1126263 777221 135834 714761 359129 114316 179938 907191 733450 901418 810281 913100 627943 858263 653497 914023 1283024 583655 1175766 920765 527037 930217 289308 1004724 518687 810864 665245 940579 623967 995323 852352 940594 664510 80974 649910 723086 748428 240185 403478 883276 393080 636500 421376 635867 332208 540510 926265 923292 834635 1063015 34495 704035 936254 669837
794529 383326 567676 631626 254252 375991 734331 1002452 634481 701203 505786 648209 437525 156088 680751 258219 465046 215811 443406 207591 913637 805483 537680 678869 108986 480498 682412 483546 559206 922205 551871 624362 710351 777518 431469 640010 497317 632001 608323 999999999 558131 317223 202236 654623 301061 477504 841526 871378 510206 880069 448791 613977 472985 596277 371634 810650 313586 1037576 578960 683108 202254 994974 931910 597533 893196 730590 142363 452178 688761 621142 667328 991762 589368 363789 198915 775446 684380 630545 789064 543343 454530 935311 392097 547637 305358 922725 553018 763001 189268 532401 276754 84782 990330 994534 1029687 743602 618825 582372 374461 459033
302329 191426 180550 74919 772184 419837 348976 468263 544192 688885 93348 460218 331292 683037 447654 706846 265670 689137 400494 385804 503516 423547 581924 319510 662501 451239 159353 144858 56403 500259 454677 491223 184059 660691 333893 130670 102459 514272 512833 558131 999999999 241243 356355 315242 348190 109851 632827 329306 387822 322663 177646 415943 355509 450298 374854 389621 525814 494122 119279 354234 429096 465436 803834 71669 678983 415572 415947 585687 319067 571347 118160 435173 157949 706337 406665 492222 347118 477038 233567 523731 217256 377551 377047 274415 277465 409382 123402 206062 489707 148600 430938 477968 468202 469272 472457 587582 546249 204468 680567 235560
502492 95782 279136 315355 535952 300458 468296 691709 524966 627227 194137 483839 252411 444124 496182 481467 247760 458208 306013 158115 647869 546014 481274 417883 421284 363190 370275 196887 248204 651867 405875 469163 398255 648315 249909 335189 186956 505769 492017 317223 241243 999999999 116945 398947 186680 174099 666998 557472 357929 562846 175956 438766 312763 429207 241628 535754 342988 724024 272450 435557 208190 685713 806526 282129 719109 494344 175555 445755 438644 515441 353371 674622 291255 507288 180579 558214 433327 464583 471975 464443 190939 618772 256420 317825 96304 618095 258331 445782 280169 236450 257392 238830 683529 686705 712479 589480 517967 299961 490074 206288
599397 183893 386723 429519 434378 275715 568955 808170 530172 653877 310163 512973 309395 338809 535471 395757 294860 365866 344347 107833 749842 644868 495741 515892 308739 396643 486791 287223 357320 755528 454253 523930 514790 697180 304885 439779 302518 517802 499066 202236 356355 116945 999999999 494461 162159 276706 734045 674356 375834 678775 255803 471740 331910 487620 269397 640392 311933 840901 387100 528291 154447 801873 856534 399069 786721 583370 59901 438236 510801 551330 465150 790874 402900 448354 125117 640540 527474 523723 588370 453796 284259 733196 288978 375623 117146 733051 355266 561825 185114 346642 199257 121978 799121 802545 828524 647021 519121 405227 439796 294734
569633 426954 139908 335272 786420 680817 81841 425548 850813 426073 252403 773301 228499 722665 762692 687481 559775 690213 262431 447118 259024 151354 378972 26601 733265 276531 227828 442061 371637 267982 229052 223504 235561 363143 234993 427289 251252 822794 818410 654623 315242 398947 494461 999999999 578239 396854 318553 344237 686734 419806 461766 728165 648295 193911 304487 161451 455144 475889 196005 39868 459873 410701 494361 253807 363824 102418 537967 433192 630389 320141 375507 494340 157315 624927 456587 177561 35021 203374 347111 817354 210566 493614 288919 585524 487345 327043 438182 345086 675561 183534 654720 599165 394888 403223 531762 286774 850558 114377 587206 200016
514264 161545 448504 408257 554595 117586 642019 816094 368059 802796 344729 356927 436536 456116 384389 538025 167230 502260 484514 269287 817840 720611 649231 594933 407307 540268 503663 223847 323571 819481 589015 654259 530084 832555 433458 383268 341132 356413 337124 301061 348190 186680 162159 578239 999999999 240993 853675 676651 217964 656805 184183 318521 176347 614860 413878 703388 473989 839717 424241 616233 316579 813591 991342 411098 905766 676542 193100 597933 390753 694749 429779 769279 451964 605747 287257 742756 613122 650465 574813 292863 375277 698325 431423 248696 91616 756126 290982 545488 155350 403238 82880 220672 816241 817441 803815 775391 356981 471928 599777 391809
328416 94747 256946 167643 707883 310270 443094 575502 454135 727379 144926 382078 349706 614174 379066 655546 163985 632036 416740 331739 606447 520229 601593 406202 585143 472613 268974 46012 84760 604614 492742 541232 293908 718180 350308 163138 147619 426728 421619 477504 109851 174099 276706 396854 240993 999999999 706446 435877 290350 418291 69161 335972 253772 499302 372223 491547 503338 598743 210057 436718 380785 573489 868701 178651 755234 499248 336182 586972 282786 609979 193969 531225 245740 675709 354081 573711 430942 530318 334213 423353 243366 464940 380311 194464 179515 519084 85425 305115 387785 214376 323219 394057 577135 577870 566876 649047 453705 282480 655321 263931
880341 719322 453620 652801 887940 965662 312853 610862 1159167 260332 562063 1087312 424659 855403 1079102 774051 865332 794970 399760 652620 310705 274868 353036 319421 889716 361756 536216 752390 689195 332456 289695 217165 536731 126051 429182 745357 558837 1132783 1126263 841526 632827 666998 734045 318553 853675 706446 999999999 592265 991972 687338 767137 1041602 950963 248024 474733 334706 554077 664963 513978 281183 641230 591683 183717 572331 52682 224766 760540 450658 948941 247289 691082 728749 475354 662615 652037 149682 289480 212404 635590 1117211 482271 756982 453895 899043 762714 519537 754946 641547 918331 492920 920995 811160 566685 577886 759458 103910 1157216 428844 621291 463946
363064 520573 327875 270921 1059865 738225 295799 139841 803729 763040 365592 700400 526950 979469 669360 976873 570181 968787 582150 678519 321295 317420 721982 323428 970033 610386 189369 460681 356335 305027 571969 565484 161700 677524 532588 329986 374130 770049 777221 871378 329306 557472 674356 344237 676651 435877 592265 999999999 674943 100980 498628 665186 653651 538051 597655 257612 760411 166554 295629 358255 711416 139797 775034 275522 619590 386709 732039 767508 506518 662830 263835 150163 295876 940979 695996 447984 348752 544649 112816 809979 442331 165224 589074 545620 606192 114654 407356 141625 818711 349247 759073 795961 149198 147037 188108 602793 811669 326031 906876 448439
403626 278773 546929 414592 764205 143100 732790 811425 169068 983125 434336 139175 603270 666280 171146 754901 127054 717951 662050 479340 891309 809274 839202 696537 611381 719542 541225 246350 338009 887701 755695 812959 561834 992633 601849 345139 435890 147856 135834 510206 387822 357929 375834 686734 217964 290350 991972 674943 999999999 623925 225378 104275 45338 771413 599556 777393 683701 821370 499360 726596 529077 814142 1147479 459429 1041823 789150 411055 799613 237087 869185 411454 727638 535807 822978 499119 862938 721025 804895 562599 136862 514321 643604 614064 130261 272612 775507 274127 533358 334026 503478 237663 434659 823806 821980 755557 927521 165368 572457 815600 534180
275759 510064 373572 251842 1085066 703756 382930 198879 739055 844818 382025 632292 576351 999609 597173 1009897 531197 997485 637157 698672 422258 413370 790238 402220 983163 671755 222152 433784 333906 405983 641523 643307 199897 766883 581405 283559 391689 704881 714761 880069 322663 562846 678775 419806 656805 418291 687338 100980 623925 999999999 473306 600863 608378 612478 641880 354008 804318 198441 326241 439708 736796 207664 870767 287433 716757 475227 738172 826653 433349 739803 227389 113002 337973 986955 717979 540742 429991 623076 92813 755291 479327 73842 636161 493721 596433 210577 371489 117095 806058 383914 737207 800540 226178 220083 149795 691145 748837 378153 955226 489234
345744 80209 322201 227888 689949 242392 510810 638469 392064 772927 209460 328351 391899 593637 331894 648187 98354 620625 455868 330562 675457 588313 639046 472367 557712 512997 336991 39670 142382 673739 540596 593645 361332 772383 391532 200104 210639 366366 359129 448791 177646 175956 255803 461766 184183 69161 767137 498628 225378 473306 999999999 281975 186643 551783 402894 560494 518452 659202 278420 501603 381852 637341 925361 247508 816727 564143 312224 614715 262859 656621 245983 585501 313336 682576 353009 637627 496228 584206 393423 356079 293671 514179 413875 147233 143436 585511 108195 363783 337127 278312 263901 364042 642094 642374 619766 705305 390242 347685 665988 314024
351700 350397 589139 424543 868111 246241 764753 796024 138618 1054404 479572 46387 673143 770064 66887 856527 191621 820327 735692 571921 911370 838294 916953 734534 715601 793110 556409 289981 360868 905342 822560 875062 573165 1053188 672498 340796 483127 104874 114316 613977 415943 438766 471740 728165 318521 335972 1041602 665186 104275 600863 281975 999999999 142207 833148 678168 800332 774333 799109 533997 767768 622686 801188 1204594 484953 1089751 829846 510785 884376 175990 938416 409565 696549 572202 920079 592571 905725 761214 865055 552717 171372 575223 608808 690982 142695 362210 772638 293121 525169 438158 548694 341904 537425 813983 810748 720415 984810 148061 614427 910811 595667
403802 235143 508829 388429 727237 119596 696854 791611 213111 938444 396085 181295 558999 628989 208390 714325 90123 678177 617268 434671 858520 773968 794018 659002 576072 674734 511713 211558 308452 855693 711701 769674 533511 949465 557475 326007 397061 193025 179938 472985 355509 312763 331910 648295 176347 253772 950963 653651 45338 608378 186643 142207 999999999 728236 554385 744043 638810 804284 463769 688111 484648 793350 1104824 427128 1001141 750631 368940 754298 247049 824790 389907 714772 499443 779699 454637 823730 682817 761963 542241 169595 471779 632933 569007 119611 227378 751038 247826 512626 302422 464777 205764 395472 801755 800481 744296 884999 208033 534302 771686 491464
736591 493154 276453 492381 668636 729664 254132 611872 940412 241892 363823 879515 179406 623743 878368 559121 647543 572629 152914 404614 384078 285036 189845 215129 651387 125057 408706 544677 503605 400826 51413 41940 421659 221232 183311 577349 357672 916739 907191 596277 450298 429207 487620 193911 614860 499302 248024 538051 771413 612478 551783 833148 728236 999999999 226962 325451 326716 663925 343128 184276 394755 595715 377767 406618 300580 187118 512594 261010 767295 128517 537974 688078 309485 470032 404403 195257 192924 36106 535873 889587 258118 686317 206122 693386 525504 512234 562935 530340 671167 301720 678217 563296 577241 586539 725281 160637 936255 258038 429456 237831
676259 328196 270428 441613 482080 531426 386283 707787 766320 388945 283554 723767 76222 419667 733035 385950 486547 386121 76024 178293 557626 448963 239652 330804 436302 127471 419889 410690 413092 569178 187468 259225 443783 428345 69772 502272 273710 747397 733450 371634 374854 241628 269397 304487 413878 372223 474733 597655 599556 641880 402894 678168 554385 226962 999999999 465932 162962 752721 317065 325319 169379 695814 587560 367891 527140 365184 287501 214921 654916 282428 489202 740899 304643 345114 177450 404549 328672 262335 551116 702620 164912 711199 20842 549973 332093 614848 453510 533977 448724 259071 466834 336428 684448 691217 780315 381918 758865 272079 313775 152816
572219 544054 256901 377811 947857 795674 79796 293343 932244 523472 359676 842727 389899 883635 823455 848353 653927 851612 421586 603212 115166 59842 515090 135171 892552 428950 245867 532485 441506 116322 370579 341523 234506 425313 396391 468468 362503 901423 901418 810650 389621 535754 640392 161451 703388 491547 334706 257612 777393 354008 560494 800332 744043 325451 465932 999999999 615127 347210 283009 147160 619160 275719 517452 318151 362749 144419 688148 581835 673706 436577 403589 396201 251778 781193 614145 192950 141100 320291 312304 912973 358187 422564 450301 661592 615728 194878 508549 324374 815877 301126 783730 750887 254818 264840 428818 353054 935132 235927 742469 351816
