NAME : synthetic_000242
TYPE : CTSP-D
DIMENSION : 100
GROUPS : 8
RELAXATION_LEVEL : 1
EDGE_WEIGHT_TYPE : EXPLICIT
EDGE_WEIGHT_FORMAT : FULL_MATRIX
EDGE_WEIGHT_SECTION
999999999 317116 236456 311147 512396 274165 598059 374009 640003 668560 427571 456500 192156 97454 371565 436293 829031 650183 710064 795346 344716 554000 416004 324791 635340 565360 364531 932881 419882 462895 258248 686802 866498 530912 434658 821270 506844 466309 755523 332692 494771 454185 649110 589458 652360 609088 211585 571059 349451 453034 795051 464908 570628 227009 646876 275247 98708 440063 516563 774054 474319 818255 208066 664473 242218 503145 191311 442296 781166 392082 418454 467530 439661 488045 693901 459660 221986 248526 401558 511381 776450 764919 260323 140047 847387 488233 536133 758539 217256 179156 803343 517193 422340 255347 299606 693681 656621 388238 420150 709726
317116 999999999 458461 452726 454463 116377 634324 431639 740887 505221 736022 634389 170842 407157 377290 746360 963606 762325 521992 984978 59700 386066 732866 589875 813644 275057 438019 785724 112966 298946 376832 471666 1035512 219486 522195 995578 263330 199687 768255 643745 434861 142822 623343 822330 598716 534106 504946 613312 334337 329706 665577 521406 432556 463859 770246 586286 298822 587458 397802 734582 564603 977967 492655 832580 290266 351754 173204 587412 784829 275029 467148 703266 515591 439001 690745 754880 408490 68937 712382 256079 935691 956826 57639 239565 779386 770427 231916 693005 248553 489975 656387 492095 372954 138414 455623 535522 768530 679533 734732 691681
236456 458461 999999999 115826 402521 361578 409047 222415 416978 605875 476571 220388 287831 178611 264458 477420 594078 423035 661224 561422 506627 515862 410329 139820 399128 631193 203887 830816 528164 446644 129166 663552 630407 631450 240342 585442 538969 646244 565356 269556 391136 563488 491640 369152 512772 490962 132407 381878 272123 410166 691402 284845 506180 22283 416681 229150 173812 211963 450609 612161 270773 581799 109293 428017 203122 465271 285503 214900 594067 370035 256845 247423 252100 378277 517575 322162 57848 403059 445287 552341 540008 531224 404736 368826 697363 321879 690075 614480 226089 183105 711803 382292 335525 456253 96558 623401 429323 247918 362405 540699
311147 452726 115826 999999999 293365 341496 297921 110917 329843 503615 592201 181712 288135 279240 166174 592792 531107 342140 561695 532807 507929 424350 523144 224825 361932 576241 91011 717783 499577 367738 76089 572002 588157 592798 128807 546342 474114 650636 455705 379409 284068 532991 375909 381223 397311 378180 248155 270544 187000 323267 578943 170028 406267 138091 341842 343125 222550 139605 352558 496987 164842 533319 225093 383300 163854 376492 285760 140589 483564 296112 141566 272758 138420 270037 404008 406528 91774 410269 560897 490522 490725 504348 406524 424729 581630 390909 676948 498671 204180 297540 601234 268459 237617 484772 19760 518737 348626 338091 468897 426073
512396 454463 402521 293365 999999999 350250 213374 182458 360857 216876 873613 394652 368817 526819 145287 875988 584835 390154 278682 670233 512603 176682 812755 516803 513887 416321 202601 431090 429969 187252 283633 307220 687643 476038 220902 658993 305418 637050 318623 671337 19940 450298 169125 606948 148422 96692 532086 203786 163195 135381 291120 176491 131696 424177 409287 631318 415255 327518 97543 282783 237550 625562 508946 514473 270190 153095 367626 324199 332305 179669 161463 528425 203009 25012 239174 694597 356649 455117 842672 327262 588292 649369 440291 567666 341263 670555 615203 251624 300602 570796 309348 56191 92622 557709 312763 227877 394789 629434 762042 237416
274165 116377 361578 341496 350250 999999999 520409 315272 624538 436662 701435 522996 85639 348212 261790 709752 847324 645955 465450 871823 175591 315388 681951 498529 700341 293257 321890 715876 166873 221369 266539 428796 920457 273520 405908 881015 235116 315712 658259 576115 330337 202432 517253 717167 497600 436387 429214 498725 219161 237255 587372 405331 351126 370416 653997 520091 222668 473608 307779 632875 448250 862523 413425 718255 177689 271837 87235 473370 676252 175800 350960 600578 399215 332434 582067 672439 307574 105227 674872 237907 820340 844053 90062 252465 684733 681123 335590 596432 139508 427003 584484 383020 263719 208800 346205 465545 652157 596471 670606 585369
598059 634324 409047 297921 213374 520409 999999999 227412 155981 387868 875223 284429 510153 576835 260309 873654 372830 186736 450040 474881 694001 385671 793772 473331 336962 629538 234036 494660 629985 398205 339821 497971 480823 686165 169289 456252 518251 827897 158181 646896 226822 653950 124232 464917 176353 213628 537181 27390 301720 343759 373373 133175 331743 430462 209992 622591 501573 231446 309875 216028 140580 418873 515132 327600 381318 366454 508284 227170 185644 372974 183016 423162 160231 214938 112988 622407 388565 618788 844024 539996 384268 457918 607505 690686 308539 581439 817981 242662 424435 592026 410630 158664 266526 714491 315032 384749 190211 573136 724088 142318
374009 431639 222415 110917 182458 315272 227412 999999999 309746 394270 697772 242468 288926 365585 70992 699184 532246 330687 453418 570056 490600 322313 632419 334814 400325 502718 20549 608426 453727 278487 118110 468348 610189 533930 91236 573013 394353 630812 382846 489693 173616 483883 279442 456869 293239 268566 353992 201418 108639 228035 469128 96481 298593 244481 339113 451521 276140 179216 246702 403787 133008 550800 330758 412711 156226 277693 286868 177398 407665 216562 44701 362190 84059 159290 319937 514510 182375 404583 666582 413078 509164 544305 395914 463404 483335 494410 639750 397406 200757 397925 490575 160223 135190 494604 130382 408481 336899 447789 579746 336830
640003 740887 416978 329843 360857 624538 155981 309746 999999999 543834 841574 222466 595908 595495 366182 837186 228005 30834 605908 319338 800070 536710 748378 433324 194906 772053 305945 628298 753755 538106 395026 653587 326999 821070 221300 300591 659981 939482 217501 605511 371218 781004 272316 343791 328003 369588 527068 157914 409359 482487 518009 221140 485210 434705 56013 594715 552196 205288 458398 327516 177988 264895 508164 177946 461896 512484 593736 202177 247311 500240 274285 337832 225708 357249 229512 546308 418128 713802 811401 681269 228848 303525 705553 753350 418922 494882 941937 373835 507011 588702 557912 304673 394891 800798 340403 540227 34344 512880 668018 263283
668560 505221 605875 503615 216876 436662 387868 394270 543834 999999999 1063547 610509 491064 704681 341463 1067614 751612 574603 63257 862531 552668 121369 1012095 728434 716699 337930 414806 280851 432763 215396 479370 117695 866170 425393 437284 843631 259632 643264 422549 875128 221490 436483 282207 820847 226179 174246 729997 389736 338882 215541 166476 390945 100844 626483 597566 830921 579750 543549 157180 323470 450301 804666 707396 712193 438053 167397 490836 540106 420322 277273 377967 745246 419289 236851 350985 908758 554557 534472 1033331 277144 771493 844740 516050 686517 321415 886701 586823 258293 452511 760646 151304 262442 270523 635773 522307 30625 578011 841657 968229 328185
427571 736022 476571 592201 873613 701435 875223 697772 841574 1063547 999999999 619206 617867 362920 729862 16170 947119 835818 1112837 832701 751385 958777 108163 408937 731940 992834 679945 1304445 844015 873937 590145 1100097 925266 954312 711407 879721 931783 846355 1025394 236428 860149 877220 966993 598757 989340 965289 344185 849002 725277 852593 1164548 758940 962746 454293 819288 252633 493679 650826 906457 1085284 734672 900858 367362 769078 626697 906673 616759 654893 1055527 798071 733412 523474 725139 848784 987050 344018 517209 667384 31330 937581 868190 804837 681804 507275 1172474 407848 934823 1090725 620155 303516 1181948 857995 796521 638857 572676 1084751 840973 339948 200142 1012574
456500 634389 220388 181712 394652 522996 284429 242468 222466 610509 619206 999999999 468522 394381 313302 615014 374232 219049 672980 352329 689267 557773 527330 210901 183172 743546 225293 772361 678908 520860 257570 699301 413454 768264 173916 369773 636373 831934 416571 383384 393795 711614 401341 215238 443373 452662 311086 263371 347306 469480 642523 219831 524375 232966 206384 372699 384133 67180 478430 499701 163602 362515 294333 209017 345311 516783 466129 70455 447411 457711 239136 140466 191685 377661 395438 338809 243616 590499 588971 654693 320388 323390 587507 585484 592713 297191 858205 525328 385838 374267 674319 348895 374845 659914 179764 618045 224682 295248 449718 426376
192156 170842 287831 288135 368817 85639 510153 288926 595908 491064 617867 468522 999999999 262654 251733 625807 811899 614284 526992 820611 221886 372194 596448 421101 650011 378722 290196 764857 248032 278454 212241 498128 875702 357075 374617 834318 314732 364066 657875 491085 349227 283747 527471 651900 516814 462125 345293 485967 214474 279166 631151 384620 397871 294024 619060 434828 137713 426287 347939 648769 417950 819870 330383 671182 134013 323671 2404 426730 678931 215372 330294 532487 371530 347327 585788 591106 237761 122135 590859 319761 777326 791876 119455 200474 709883 602854 402246 620323 88899 341415 633526 390447 276601 205679 288787 518240 620676 515240 585304 593942
97454 407157 178611 279240 526819 348212 576835 365585 595495 704681 362920 394381 262654 999999999 381594 369053 768387 601578 751864 719145 439042 596938 333817 236244 565787 641374 351632 956328 504396 511091 248306 737266 795096 615266 408013 749040 572044 563353 734827 237315 511253 539526 644954 504327 656660 622148 116614 549445 369873 491451 816666 446417 604315 162298 594722 179716 131210 390574 548387 768943 443102 750325 117363 597349 266646 544917 261177 393495 762427 435551 407484 384290 416721 501827 680593 362290 188326 339750 334091 579358 709450 688540 349606 234226 848716 392287 630756 761985 257281 83115 829985 521119 442961 352798 263256 727309 607849 291407 327606 700412
371565 377290 264458 166174 145287 261790 260309 70992 366182 341463 729862 313302 251733 381594 999999999 732686 592348 389660 397623 638677 436913 258222 672482 389591 469816 431905 88395 575932 389104 208117 139976 405829 675619 465219 157070 639659 323361 574368 406163 533890 130500 417969 281116 527319 280800 240728 390590 237553 43242 159249 436001 145133 242197 285247 400677 490946 273272 250181 187331 405284 195342 615449 367672 480811 132074 211044 250007 248315 427587 145873 92547 430073 145738 120279 335023 572414 214528 358529 699068 342123 574327 613419 347559 441377 475917 556652 576622 386975 170153 426556 452089 146105 71848 454609 183607 359108 395629 502860 626768 345441
436293 746360 477420 592792 875988 709752 873654 699184 837186 1067614 16170 615014 625807 369053 732686 999999999 939318 830870 1117465 822786 762647 963796 97435 405359 724474 1001651 681122 1306547 853811 879657 592803 1105752 915645 964284 710745 870261 939247 859045 1022961 231675 862796 887206 966881 589394 990090 967114 345231 847585 729035 857409 1166721 758680 966780 455171 813946 251460 500112 648102 910460 1084521 733188 892076 368458 761653 631459 911680 624652 652200 1053194 803514 734207 516562 724738 851218 985744 333747 519370 677619 35018 945366 859838 795126 691806 519016 1172186 397704 946810 1090972 626008 307029 1184677 859372 799887 650871 573190 1088493 835952 332729 189581 1011624
829031 963606 594078 531107 584835 847324 372830 532246 228005 751612 947119 374232 811899 768387 592348 939318 999999999 202736 811292 180123 1022243 758498 843430 563371 215900 998858 525721 780779 980951 765260 603324 865886 126600 1049053 441417 129657 886890 1162995 353958 715749 596576 1008624 469886 359447 526644 579745 678572 381217 635299 709754 694510 447985 704074 607195 193415 722002 750455 392540 682068 478983 399270 80055 664256 179267 678716 737612 809630 391056 372712 728186 499891 425427 448721 583214 406912 613310 610423 932224 919661 908318 86803 188254 925333 953460 555136 551071 1168871 540818 723476 742240 737864 529003 622887 1014081 536940 743343 196865 607361 753733 436330
650183 762325 423035 342140 390154 645955 186736 330687 30834 574603 835818 219049 614284 601578 389660 830870 202736 999999999 636712 288507 821260 566315 740600 429291 168341 799884 325417 656855 778224 565806 410085 684142 297490 847446 240646 270179 687791 961395 241256 599410 400052 806011 302902 321606 358713 400361 528109 187929 432662 510134 547975 245273 515304 439762 26986 591512 564630 211353 487657 354726 197800 235418 510040 148910 480392 541248 612071 208702 270300 526014 297262 324929 246778 385847 258407 533140 428261 733271 805976 708971 198641 272854 725592 766780 445279 479752 966138 402755 525443 590531 588116 333967 421353 818399 351263 571059 6489 503498 658412 292064
710064 521992 661224 561695 278682 465450 450040 453418 605908 63257 1112837 672980 526992 751864 397623 1117465 811292 636712 999999999 924887 564968 156080 1064762 786404 779850 323253 473964 270892 438787 248562 533456 75235 927050 415167 499484 905245 263846 643506 476615 929716 282043 437338 341406 883803 284727 236515 783038 452536 391242 260426 184171 453642 155518 681399 659930 884152 624573 605938 210616 370700 513267 865725 760710 775087 486148 207460 527009 602542 472008 318333 439079 807036 481533 297717 407876 967742 608577 558109 1082945 277794 833065 907372 539265 717662 355554 947046 578036 303373 496594 811018 154433 325414 325946 656640 580065 68649 640007 899719 1023542 383139
795346 984978 561422 532807 670233 871823 474881 570056 319338 862531 832701 352329 820611 719145 638677 822786 180123 288507 924887 999999999 1040685 846787 725360 490141 171491 1066948 557650 932205 1022011 834444 608896 970479 94836 1103789 481798 55931 955715 1183394 503521 614517 677549 1053151 590587 235569 646816 688393 613856 473530 678649 779263 832067 506327 799024 568540 264969 633610 732478 398386 766579 626901 446872 100986 604835 158262 694816 816722 818223 398835 527244 783521 549312 339336 494676 662307 539934 489123 593617 942676 808006 975955 105544 30619 939312 930205 710927 425122 1205224 682354 736712 675310 873408 614699 685544 1011381 532022 859508 285623 502312 633299 572552
344716 59700 506627 507929 512603 175591 694001 490600 800070 552668 751385 689267 221886 439042 436913 762647 1022243 821260 564968 1040685 999999999 435571 756430 634427 869564 293205 496531 831929 132850 351817 431855 510100 1092703 221501 580916 1052360 302131 142710 827333 676323 493113 151664 681651 873240 655814 590450 542840 673012 393995 385793 715325 580872 484802 510388 828840 618726 340963 643974 452739 791636 623479 1035537 532323 889244 346846 404431 224289 644060 843596 332953 526542 753092 574616 497657 749582 794054 458935 104055 729430 291507 993182 1012277 102504 245292 834273 813024 191717 748642 304038 522132 703948 551154 432174 121536 509854 583197 827487 719435 764860 749979
554000 386066 515862 424350 176682 315388 385671 322313 536710 121369 958777 557773 372194 596938 258222 963796 758498 566315 156080 846787 435571 999999999 913843 646526 688824 257443 342313 401754 321600 94458 386800 147995 863696 333389 385444 835566 157655 534781 463115 781782 169822 330354 309687 772724 263319 194895 633228 378964 243739 106961 279796 347130 61207 535065 585844 734305 468892 491067 80820 388643 408934 801594 611358 690615 332477 52117 372105 488239 468743 162332 318639 684084 368543 185557 384322 830071 461137 413275 929133 178460 764703 825641 394930 565881 410693 814793 488915 332658 340869 658163 271109 232644 187596 514955 441457 150772 570809 759491 876615 370651
416004 732866 410329 523144 812755 681951 793772 632419 748378 1012095 108163 527330 596448 333817 672482 97435 843430 740600 1064762 725360 756430 913843 999999999 321044 629165 975168 613410 1240741 835290 834143 533022 1058806 818277 946378 634963 772950 904050 864779 939742 146902 800948 869889 892321 492158 919049 900923 282126 768340 673665 806886 1101547 684288 911480 388581 722733 181573 463075 564960 855256 1007130 654112 795170 304871 666381 582490 861923 594985 569147 970256 756884 664431 422480 649938 788394 906538 236314 458016 664060 88305 912216 763332 697737 676298 520134 1096458 300269 945489 1017557 583440 258894 1122087 791567 741985 652317 503384 1031219 745490 238704 92168 933679
324791 589875 139820 224825 516803 498529 473331 334814 433324 728434 408937 210901 421101 236244 389591 405359 563371 429291 786404 490141 634427 646526 321044 999999999 350059 771013 314425 934278 665400 582438 264290 794511 571712 770059 319347 525007 678087 770593 618830 174700 508422 700922 575972 268499 607075 597201 124320 448299 404202 542739 797209 369994 630918 128193 414696 162460 293724 243925 576778 687793 334591 532888 118884 385129 342798 597215 418863 248107 649293 506791 358816 151042 335545 494042 586263 184288 197472 530384 378469 691799 494361 459599 534303 464807 778225 182719 821721 701884 365261 185180 822118 486741 461415 570272 206344 743268 434730 113321 252295 614106
635340 813644 399128 361932 513887 700341 336962 400325 194906 716699 731940 183172 650011 565787 469816 724474 215900 168341 779850 171491 869564 688824 629165 350059 999999999 900275 387181 822533 850988 669468 437982 819292 231310 934234 313865 186840 789785 1012260 409339 499874 519021 882388 460001 161788 513312 544903 468787 329011 508947 614909 708631 343114 644950 408790 141445 506791 566718 226916 608044 522396 281975 184664 456330 37223 523423 655315 647630 227421 437977 615359 382317 209530 327878 503274 423763 402818 426541 772138 704198 809592 144668 144332 768417 767042 613468 342648 1033809 567778 565534 532140 747051 459920 520169 843044 361973 717300 169061 392002 540493 457591
565360 275057 631193 576241 416321 293257 629538 502718 772053 337930 992834 743546 378722 641374 431905 1001651 998858 799884 323253 1066948 293205 257443 975168 771013 900275 999999999 518614 591666 163218 234113 512975 252825 1095608 93891 586418 1063160 112093 332081 719852 866136 402943 142105 565852 954868 520738 452084 716941 618126 396242 289801 501673 561281 318623 644427 816112 811005 514059 681862 321935 644455 620076 1033988 699353 908689 428535 263739 380200 680108 726124 286176 518052 848933 572629 415790 640547 951750 573630 336714 966894 91132 994695 1042829 319281 512563 657160 952450 255871 585443 407876 719332 476975 471031 381607 409474 587808 366495 805064 876241 961407 627949
364531 438019 203887 91011 202601 321890 234036 20549 305945 414806 679945 225293 290196 351632 88395 681122 525721 325417 473964 557650 496531 342313 613410 314425 387181 518614 999999999 627331 464698 296505 106583 488589 600302 547401 84803 562281 411079 637586 391032 470237 194055 495527 293647 438952 309959 287536 335895 207370 122809 246898 488244 101045 319111 226060 332311 432775 267577 163554 267072 417326 127987 541517 312674 400990 156310 297214 288056 162047 416681 232539 55856 342671 81693 179622 330744 493966 166273 407983 648714 429458 499593 531423 400177 458869 498442 473964 649642 413325 201380 381172 510229 178412 154926 495556 110619 428925 331731 427344 559903 349107
932881 785724 830816 717783 431090 715876 494660 608426 628298 280851 1304445 772361 764857 956328 575932 1306547 780779 656855 270892 932205 831929 401754 1240741 934278 822533 591666 627331 999999999 708395 494678 714706 338859 906749 684650 616873 898091 533363 914390 429362 1097058 445504 708080 372032 959270 329899 339860 961864 511386 587190 485695 139970 565768 367079 852823 683640 1059945 839024 711312 417888 305308 611437 851223 938651 805764 693435 444246 764384 707189 408228 549503 577206 912806 599843 456033 398835 1102133 787249 815013 1273433 548238 828892 922740 796685 963203 226488 1067904 847396 254815 715785 1001865 131544 449371 513725 916588 737533 250994 657583 1043749 1184791 365030
419882 112966 528164 499577 429969 166873 629985 453727 753755 432763 844015 678908 248032 504396 389104 853811 980951 778224 438787 1022011 132850 321600 835290 665400 850988 163218 464698 708395 999999999 250136 427016 380242 1063820 111088 544448 1026686 175068 213551 748544 737616 411934 35727 596974 879271 563421 495168 593207 612494 346696 295321 598261 532970 376603 537275 789767 680794 385273 624630 354482 697410 584216 1004100 578404 865687 337252 299796 250032 623833 761182 257014 481628 764621 534479 419969 668885 838631 473489 178350 819484 161690 962683 995315 162581 352339 730139 847992 188445 648123 303814 585793 583016 476469 363645 246331 506549 463370 784090 762691 830837 664335
462895 298946 446644 367738 187252 221369 398205 278487 538106 215396 873937 520860 278454 511091 208117 879657 765260 565806 248562 834444 351817 94458 834143 582438 669468 234113 296505 494678 250136 999999999 318370 226175 861555 288802 356531 829441 122040 462522 502585 706694 171725 266468 349273 735327 313452 245038 556425 385293 180744 55688 368477 328158 133659 464224 582024 656834 381218 456525 104347 447289 387935 799901 535402 676303 252062 52809 278455 454343 513385 77537 287655 637205 341726 183310 422563 766716 389838 320961 844797 143172 760711 810941 302948 471426 483277 757191 430810 399249 253812 576320 363435 239687 149301 423617 382722 244176 571013 693880 802370 415759
258248 376832 129166 76089 283633 266539 339821 118110 395026 479370 590145 257570 212241 248306 139976 592803 603324 410085 533456 608896 431855 386800 533022 264290 437982 512975 106583 714706 427016 318370 999999999 534413 663590 523322 179186 622080 415561 574559 497322 396262 270016 461018 397362 452256 408490 376812 250932 312863 143114 280999 574741 206661 379038 148333 412074 351639 162316 214308 323057 521854 220969 608188 228160 458955 89783 336112 209876 214921 523193 242501 161553 339046 182326 258735 437169 448484 75196 334353 559282 430345 565608 580424 330446 359133 600488 441866 602129 513688 128303 287163 591877 273225 208995 410913 79756 498197 416564 375525 490363 454816
686802 471666 663552 572002 307220 428796 497971 468348 653587 117695 1100097 699301 498128 737266 405829 1105752 865886 684142 75235 970479 510100 147995 1058806 794511 819292 252825 488589 338859 380242 226175 534413 999999999 978374 346038 525599 954140 208565 578964 540208 928518 305787 374889 398009 913146 342714 286206 779280 497038 391497 253589 259406 483435 175610 682544 706065 880187 607275 632187 222051 439778 544733 916572 757684 817462 476349 198349 498471 629110 537922 302427 460954 828762 508102 321961 468036 977985 608439 514214 1070912 218799 882221 951383 495169 680596 429658 962010 508636 373491 479986 801739 228665 359565 334651 608878 589277 136290 687916 907486 1023634 445783
866498 1035512 630407 588157 687643 920457 480823 610189 326999 866170 925266 413454 875702 795096 675619 915645 126600 297490 927050 94836 1092703 863696 818277 571712 231310 1095608 600302 906749 1063820 861555 663590 978374 999999999 1139321 519380 46791 983585 1235035 478763 704103 697410 1093444 586625 326715 643576 692593 693954 484872 717375 805883 817575 535776 811925 639732 279595 720336 797554 449425 785146 603906 480369 62104 683242 205142 745901 838505 873349 449063 498528 817300 583724 422617 529882 683045 527469 582307 657062 997674 900096 1004522 101343 120627 992814 998293 681423 518308 1249811 664481 789348 756462 860494 631454 714966 1072004 590053 859819 292897 592147 726360 558081
530912 219486 631450 592798 476038 273520 686165 533930 821070 425393 954312 768264 357075 615266 465219 964284 1049053 847446 415167 1103789 221501 333389 946378 770059 934234 93891 547401 684650 111088 288802 523322 346038 1139321 999999999 622276 1104403 176373 239602 788858 847741 460378 77094 634689 974014 593536 524245 702284 671930 425294 342444 590836 603784 393974 641906 861481 791101 494738 710353 387441 721862 659383 1078471 686856 946022 434528 328734 358974 709114 797593 322043 555980 862364 610313 471355 708904 945763 575479 287293 930047 155038 1037988 1078226 272508 458087 740957 952770 162872 665697 405456 696412 567994 528088 426187 342541 601713 454784 852983 869796 941312 699304
434658 522195 240342 128807 220902 405908 169289 91236 221300 437284 711407 173916 374617 408013 157070 710745 441417 240646 499484 481798 580916 385444 634963 319347 313865 586418 84803 616873 544448 356531 179186 525599 519380 622276 999999999 482797 476124 721592 326905 488474 219929 574168 257416 387714 288110 285227 370129 141957 198111 302768 481832 51107 350499 262027 248112 459309 340932 106736 305441 373883 43342 459748 347680 323801 240610 346722 372450 103551 354879 301791 68891 308404 18062 203782 277357 485836 220054 492780 680098 495794 418239 456874 484951 537823 461753 455510 730839 382996 285726 423447 510070 177477 207497 579668 145744 445976 246948 427085 571503 301420
821270 995578 585442 546342 658993 881015 456252 573013 300591 843631 879721 369773 834318 749040 639659 870261 129657 270179 905245 55931 1052360 835566 772950 525007 186840 1063160 562281 898091 1026686 829441 622080 954140 46791 1104403 482797 999999999 951330 1194877 468750 657684 667807 1056842 566878 280977 623666 669486 647385 458034 680885 773874 803321 502093 785354 594363 249722 673594 753556 408435 756227 593424 445035 49812 636837 163174 705535 808402 831954 408300 490674 782684 548423 375828 494142 653066 511507 537252 613312 956407 854338 972028 72202 76731 951972 953736 674509 473300 1211875 651581 748581 709820 845545 602928 681757 1029251 547535 838742 266249 545810 681153 543204
506844 263330 538969 474114 305418 235116 518251 394353 659981 259632 931783 636373 314732 572044 323361 939247 886890 687791 263846 955715 302131 157655 904050 678087 789785 112093 411079 533363 175068 122040 415561 208565 983585 176373 476124 951330 999999999 383651 613738 786255 291459 176857 459470 849315 417301 348044 635505 506357 290033 177726 425981 449681 217790 554095 704062 733061 441283 573509 212978 545632 508905 921939 616298 797491 336314 154194 315659 571579 621740 179122 407480 746542 461924 304017 533948 861113 481128 309319 904240 21946 882717 931881 290308 480732 567542 857376 331605 490312 323410 645442 408740 359612 270172 401067 487078 290082 692973 786467 882210 523413
466309 199687 646244 650636 637050 315712 827897 630812 939482 643264 846355 831934 364066 563353 574368 859045 1162995 961395 643506 1183394 142710 534781 864779 770593 1012260 332081 637586 914390 213551 462522 574559 578964 1235035 239602 721592 1194877 383651 999999999 955046 798479 618225 206907 805666 1014160 774750 707116 672691 808074 531163 504622 809507 719215 590154 648766 969696 741250 477088 786551 566668 909504 763820 1177617 664185 1031794 489346 512980 366470 786598 969347 458908 665319 893389 714618 624606 876072 923782 600110 243647 827572 366957 1135320 1154982 244645 344709 943681 946585 106745 861351 446727 645451 791996 679900 562715 213331 652447 673732 967564 850364 882905 873599
755523 768255 565356 455705 318623 658259 158181 382846 217501 422549 1025394 416571 657875 734827 406163 1022961 353958 241256 476615 503521 827333 463115 939742 618830 409339 719852 391032 429362 748544 502585 497322 540208 478763 788858 326905 468750 613738 955046 999999999 793506 337021 768172 154268 561292 201433 268322 691479 185532 444527 453439 341895 290801 402466 586426 267980 773255 658490 375026 401421 125143 294756 422165 669879 386739 533286 460136 656162 370887 30876 496275 338146 546697 318391 330509 80036 753290 546629 760325 994391 635605 399655 495492 747478 844168 207909 705815 932971 187817 574892 747836 385827 276179 395365 859310 472456 408062 240280 711624 865470 94641
332692 643745 269556 379409 671337 576115 646896 489693 605511 875128 236428 383384 491085 237315 533890 231675 715749 599410 929716 614517 676323 781782 146902 174700 499874 866136 470237 1097058 737616 706694 396262 928518 704103 847741 488474 657684 786255 798479 793506 999999999 660455 773108 745887 379097 773588 757584 150916 621440 538924 675105 958349 538077 775109 248660 582896 57600 353468 418530 719257 860266 507213 674360 171312 536738 455075 730384 489290 422695 823943 629167 519981 290364 503664 647329 759642 151314 321186 576817 206864 796515 639516 585264 586113 459916 949745 204739 868025 871313 462845 154202 980226 647689 604621 586067 359695 892932 604552 112222 96009 786793
494771 434861 391136 284068 19940 330337 226822 173616 371218 221490 860149 393795 349227 511253 130500 862796 596576 400052 282043 677549 493113 169822 800948 508422 519021 402943 194055 445504 411934 171725 270016 305787 697410 460378 219929 667807 291459 618225 337021 660455 999999999 432879 188538 607360 168286 114746 519666 215410 145325 118455 305621 178290 130581 412565 418341 619399 398027 326627 89144 302723 239987 635394 496600 520979 252583 141271 348058 323479 351273 160270 157152 525575 202348 16175 257847 687631 343809 435185 829297 313183 597550 656063 420383 548310 360708 665254 597760 271109 281983 556969 321891 68160 73555 537769 303210 234870 404879 621397 751885 256867
454185 142822 563488 532991 450298 202432 653950 483883 781004 436483 877220 711614 283747 539526 417969 887206 1008624 806011 437338 1053151 151664 330354 869889 700922 882388 142105 495527 708080 35727 266468 461018 374889 1093444 77094 574168 1056842 176857 206907 768172 773108 432879 999999999 615472 913223 579523 510672 628890 637342 376081 314954 602833 560795 387705 572773 818223 716232 420932 656442 370274 712198 613308 1033407 614123 896392 371337 313737 285751 655538 779686 281806 510291 799111 563656 441837 688258 874347 508598 210267 852985 160108 992200 1026713 195417 382073 740834 883544 164905 660679 338733 621098 585104 498663 388513 270353 540390 466911 811796 798404 866196 682200
649110 623343 491640 375909 169125 517253 124232 279442 272316 282207 966993 401341 527471 644954 281116 966881 469886 302902 341406 590587 681651 309687 892321 575972 460001 565852 293647 372032 596974 349273 397362 398009 586625 634689 257416 566878 459470 805666 154268 745887 188538 615472 999999999 588764 56952 115970 623666 139361 313560 301704 249193 208282 249556 513855 328095 715720 550410 342491 247314 124956 243745 525747 600739 448541 413088 305955 526011 338276 164252 348771 237882 541569 242469 184879 74701 735377 459629 621402 935664 481337 494741 575747 607258 721805 205724 698056 780046 126001 450581 672982 287052 137035 254102 722903 395084 273545 305279 681275 828266 68338
589458 822330 369152 381223 606948 717167 464917 456869 343791 820847 598757 215238 651900 504327 527319 589394 359447 321606 883803 235569 873240 772724 492158 268499 161788 954868 438952 959270 879271 735327 452256 913146 326715 974014 387714 280977 849315 1014160 561292 379097 607360 913223 588764 999999999 637475 656915 392305 450384 559350 684477 836990 430570 737765 369963 295916 400509 542418 281659 693059 667079 370546 304062 387144 195721 542022 732021 649510 284500 591019 670231 454141 122549 405079 591187 564570 257176 414310 770534 573398 867079 275215 206730 770798 728572 759933 193597 1051817 705545 577662 450696 872235 558409 590021 824810 372851 826276 323677 266875 400565 598039
652360 598716 512772 397311 148422 497600 176353 293239 328003 226179 989340 443373 516814 656660 280800 990090 526644 358713 284727 646816 655814 263319 919049 607075 513312 520738 309959 329899 563421 313452 408490 342714 643576 593536 288110 623666 417301 774750 201433 773588 168286 579523 56952 637475 999999999 69309 645157 187290 307165 270747 199898 237171 202221 535048 383546 740151 553979 381519 209270 135867 281602 582679 621994 503190 411790 266370 515567 377415 205445 324115 255928 583809 271562 169540 125670 772419 475612 602711 958058 438932 551507 631527 587492 714847 195282 738120 743075 106185 445643 691043 235023 135847 240214 705657 416950 216704 361286 715145 858826 107609
609088 534106 490962 378180 96692 436387 213628 268566 369588 174246 965289 452662 462125 622148 240728 967114 579745 400361 236515 688393 590450 194895 900923 597201 544903 452084 287536 339860 495168 245038 376812 286206 692593 524245 285227 669486 348044 707116 268322 757584 114746 510672 115970 656915 69309 999999999 622179 216418 259815 204660 200766 235000 134144 512985 423428 720086 511899 387323 140694 202388 289211 630934 598954 538975 366878 197225 461063 383504 274122 261134 238553 591451 267403 121216 190089 769931 448186 541600 934197 369702 597377 670897 525752 661944 248750 740731 673985 160047 396710 663496 225368 110466 188204 645119 397907 172414 403767 708253 846227 175875
211585 504946 132407 248155 532086 429214 537181 353992 527068 729997 344185 311086 345293 116614 390590 345231 678572 528109 783038 613856 542840 633228 282126 124320 468787 716941 335895 961864 593207 556425 250932 779280 693954 702284 370129 647385 635505 672691 691479 150916 519666 628890 623666 392305 645157 622179 999999999 510333 391807 526325 822191 416210 629429 110124 517204 101140 208033 324201 573243 743415 397150 652992 23234 502563 304510 581539 343355 327850 720832 478891 389231 275222 382904 507505 647333 251370 176064 440368 312913 646012 613453 583271 447563 350398 829351 276664 733820 746822 312119 63677 841336 514153 459866 465146 228731 749118 534034 177752 246923 671428
571059 613312 381878 270544 203786 498725 27390 201418 157914 389736 849002 263371 485967 549445 237553 847585 381217 187929 452536 473530 673012 378964 768340 448299 329011 618126 207370 511386 612494 385293 312863 497038 484872 671930 141957 458034 506357 808074 185532 621440 215410 637342 139361 450384 187290 216418 510333 999999999 279621 330194 386606 106353 327375 403348 209075 596378 474779 207843 301235 239787 114417 422771 488211 322592 356161 356398 484060 203568 213027 355684 157319 403086 132862 202347 138252 600098 361177 595991 817778 527940 386568 455100 585107 664822 331451 560547 800795 261992 399643 564904 422298 147812 248926 690781 287699 388762 192158 549384 699572 165985
349451 334337 272123 187000 163195 219161 301720 108639 409359 338882 725277 347306 214474 369873 43242 729035 635299 432662 391242 678649 393995 243739 673665 404202 508947 396242 122809 587190 346696 180744 143114 391497 717375 425294 198111 680885 290033 531163 444527 538924 145325 376081 313560 559350 307165 259815 391807 279621 999999999 138584 448004 188359 238072 291440 443334 492912 252998 286363 181752 436130 237524 657462 369472 521157 107311 193378 212914 284841 464856 110912 135409 457548 187783 139251 371448 588328 217802 317324 694887 307757 616154 652944 305791 408725 502208 576850 533877 412649 138482 422006 460135 176615 73532 414883 202119 359481 438658 516688 633341 379596
453034 329706 410166 323267 135381 237255 343759 228035 482487 215541 852593 469480 279166 491451 159249 857409 709754 510134 260426 779263 385793 106961 806886 542739 614909 289801 246898 485695 295321 55688 280999 253589 805883 342444 302768 773874 177726 504622 453439 675105 118455 314954 301704 684477 270747 204660 526325 330194 138584 999999999 352743 272938 118881 428995 526342 627382 364815 404350 70565 406292 333099 744218 504514 621198 225950 55281 278689 402005 465875 63910 233905 589275 287536 128914 373658 726795 354853 341490 822811 198837 705061 755963 324699 478161 450128 714113 479852 363314 237178 551439 354417 185715 95315 445304 339431 240937 515352 655272 770102 369278
795051 665577 691402 578943 291120 587372 373373 469128 518009 166476 1164548 642523 631151 816666 436001 1166721 694510 547975 184171 832067 715325 279796 1101547 797209 708631 501673 488244 139970 598261 368477 574741 259406 817575 590836 481832 803321 425981 809507 341895 958349 305621 602833 249193 836990 199898 200766 822191 386606 448004 352743 999999999 430823 236251 713352 574019 920553 700405 579567 283219 219745 479745 758948 798988 695648 554644 316296 630539 575540 328376 416597 439041 782808 464435 316063 292203 967667 647379 689111 1133553 443620 732087 819464 671280 830800 178374 935728 752795 154079 578368 861902 44527 310933 374477 792056 598667 136350 549644 907590 1046839 260118
464908 521406 284845 170028 176491 405331 133175 96481 221140 390945 758940 219831 384620 446417 145133 758680 447985 245273 453642 506327 580872 347130 684288 369994 343114 561281 101045 565768 532970 328158 206661 483435 535776 603784 51107 502093 449681 719215 290801 538077 178290 560795 208282 430570 237171 235000 416210 106353 188359 272938 430823 999999999 307828 306907 257849 507452 368439 153297 266371 327326 61805 474732 393448 348280 252602 312210 382609 149672 317172 281771 54701 356991 34486 162194 234393 536870 258270 498389 727612 470170 434511 483143 488805 559281 413538 505905 720982 333272 296910 467434 459429 129073 179705 590217 188554 398228 251121 478137 621979 256056
570628 432556 506180 406267 131696 351126 331743 298593 485210 100844 962746 524375 397871 604315 242197 966780 704074 515304 155518 799024 484802 61207 911480 630918 644950 318623 319111 367079 376603 133659 379038 175610 811925 393974 350499 785354 217790 590154 402466 775109 130581 387705 249556 737765 202221 134144 629429 327375 238072 118881 236251 307828 999999999 526565 535967 730419 480329 457206 56337 327889 369137 749857 606894 644429 337677 80879 397437 454050 407666 182502 287072 655585 332876 146718 324034 812512 454233 453113 932509 238937 713944 778964 435438 596218 353572 792843 548072 273254 353771 659804 235664 185107 170673 556328 424575 123334 519499 744237 868581 309662
227009 463859 22283 138091 424177 370416 430462 244481 434705 626483 454293 232966 294024 162298 285247 455171 607195 439762 681399 568540 510388 535065 388581 128193 408790 644427 226060 852823 537275 464224 148333 682544 639732 641906 262027 594363 554095 648766 586426 248660 412565 572773 513855 369963 535048 512985 110124 403348 291440 428995 713352 306907 526565 999999999 432479 207243 172961 229421 470830 634233 291706 592412 87013 438757 217783 484198 291747 232545 615270 387257 279121 247522 274026 399852 539347 307500 74404 406454 423010 566939 550930 538170 409154 362307 719574 310905 695756 636754 237504 161564 733505 404447 355999 454957 118774 644331 445992 232428 342163 562665
646876 770246 416681 341842 409287 653997 209992 339113 56013 597566 819288 206384 619060 594722 400677 813946 193415 26986 659930 264969 828840 585844 722733 414696 141445 816112 332311 683640 789767 582024 412074 706065 279595 861481 248112 249722 704062 969696 267980 582896 418341 818223 328095 295916 383546 423428 517204 209075 443334 526342 574019 257849 535967 432479 999999999 577151 563597 206814 506578 381698 206312 217877 499862 122185 485604 559218 616809 204614 296853 539558 308140 304407 255968 403769 285052 511971 425514 739038 789708 725056 179226 248150 731989 766350 472258 457470 977210 429411 530466 580127 613907 353208 436031 822084 349573 594729 27863 484849 639386 318755
275247 586286 229150 343125 631318 520091 622591 451521 594715 830921 252633 372699 434828 179716 490946 251460 722002 591512 884152 633610 618726 734305 181573 162460 506791 811005 432775 1059945 680794 656834 351639 880187 720336 791101 459309 673594 733061 741250 773255 57600 619399 716232 715720 400509 740151 720086 101140 596378 492912 627382 920553 507452 730419 207243 577151 999999999 297459 399413 674268 833061 482039 686318 123527 542868 404777 682576 433076 403412 803274 579331 484680 299157 473418 606908 734458 197231 276547 519267 221442 742773 649511 603666 528662 403849 920866 242555 810430 840165 409921 96602 940665 611148 560633 529077 323400 849794 597008 140903 150526 760181
