NAME : synthetic_000471
TYPE : CTSP-D
DIMENSION : 100
GROUPS : 8
RELAXATION_LEVEL : 1
EDGE_WEIGHT_TYPE : EXPLICIT
EDGE_WEIGHT_FORMAT : FULL_MATRIX
EDGE_WEIGHT_SECTION
999999999 84056 366663 389058 81917 1043513 470507 797762 791212 47896 847340 368640 162053 289909 1037708 473606 768686 59012 712955 594148 857000 425910 53270 876760 642099 804414 753063 844861 927951 530832 662731 921307 841284 485125 808103 880525 1050407 438989 700753 527070 127125 560431 430385 929505 426949 870494 777790 833764 674167 408503 693683 622631 256076 637775 680178 922218 636219 977441 379927 662926 437065 481750 756055 979602 372523 783660 385039 440083 216167 699494 433383 1080155 525760 864873 357818 350594 518813 231687 280025 800711 382445 783708 285964 994978 795383 591521 656665 808560 83490 586790 848139 546794 161216 629966 288025 752133 924980 840491 774210 432183
84056 999999999 402924 359765 75646 1086251 494756 850737 794145 40283 927865 447893 85938 373618 1074210 449583 747152 42518 771629 678142 925806 400495 43884 901751 672894 886145 825725 903756 984622 536472 650597 987503 816484 504068 890942 938413 1085999 519444 782413 589512 173466 602438 394584 994495 399348 884928 855610 804972 727717 449763 722624 674209 251914 621817 728795 961402 711393 1031617 414657 726412 499884 543956 839316 1010753 454874 841100 469000 443077 244985 726772 436238 1132505 596159 900604 343497 370993 558438 213684 296274 829068 394980 834335 364757 1043143 836946 633148 627623 795441 165579 604219 883751 616628 231113 712733 339340 801653 949151 873653 839365 467738
366663 402924 999999999 296499 327369 683519 118354 459792 466973 372812 690325 303212 405959 409419 672360 312830 528247 362692 398070 568781 587731 294665 363783 512558 275821 672385 518927 526068 599294 226814 400068 633863 606114 145653 700732 557037 684639 358403 579792 250264 472825 200603 342683 635434 304731 518838 591258 615659 341238 52184 327980 285091 202217 394301 332515 558597 438848 640417 14809 374986 187429 213543 667194 612946 355293 461047 416421 177369 158142 334751 174693 737448 306367 499025 225749 78479 155701 250892 128215 434885 114202 439483 271043 643562 434161 230875 464862 532645 322926 239839 482225 318069 238660 545123 102104 405562 561135 473903 487761 65555
389058 359765 296499 999999999 308552 879519 291901 711877 469776 358509 985341 557858 299780 596451 842043 91794 388038 342694 673666 832026 875424 43452 347778 636624 454372 964375 814261 792114 853404 246578 301848 913878 456721 275328 989147 817848 849628 625642 868372 545740 515344 448189 50510 912338 39832 586732 887511 446104 607696 341927 489187 552698 153656 268463 583088 747186 734653 883427 294841 663632 482154 510040 951247 761349 598301 727609 646667 171989 249665 486181 167693 968543 601841 676534 70965 218042 404167 158458 198569 581848 191384 685109 495470 863903 643912 470366 268607 442392 410143 344237 660577 614316 380670 824795 337909 650614 678311 641358 772669 325872
81917 75646 327369 308552 999999999 1010797 419786 777137 725408 53214 876555 396836 107746 349799 998572 394721 691190 38745 700077 642942 859695 346469 42244 827051 597424 838041 763219 832082 912020 466214 588758 919463 762820 430001 846646 866301 1010380 470077 734465 520283 206839 527117 348917 925702 346956 812467 799446 754179 654444 374557 647333 600479 183860 562132 654314 885784 652082 958189 339034 657290 431341 474811 797171 935367 411498 768947 434877 373473 169359 651660 366658 1058530 532448 824970 281788 296294 482952 152986 221956 753890 322056 760169 314239 968357 761466 557768 576822 734389 134003 530668 808118 552321 173664 668839 266965 727279 874606 798103 770944 392114
1043513 1086251 683519 879519 1010797 999999999 607951 278004 528801 1054924 730517 796473 1085636 969396 89641 824462 758444 1045546 386282 896942 446444 847982 1046324 285309 428712 771866 538738 301680 234632 635795 690289 390116 795902 612431 827086 271179 102545 782414 762056 558137 1133539 484027 900706 367472 858649 394237 644748 835206 388695 636822 390333 430002 866353 725597 367845 132350 618421 182780 672322 462109 635711 594941 844417 172764 844827 324226 903365 709824 841662 393820 715095 156258 614790 203906 830651 727555 527853 916939 800712 305901 720444 276663 837927 92180 249362 453174 825723 678259 984987 535727 219322 596186 893830 808280 755920 301284 272679 241117 415791 619425
470507 494756 118354 291901 419786 607951 999999999 420167 349037 469469 740358 407472 481732 526203 584940 271877 429733 457450 385388 660780 592664 272912 459513 407436 181343 731662 546927 500560 561840 125135 300247 625475 506548 34085 766393 525950 595543 453676 647257 289117 583476 157049 327276 622688 284203 403488 635346 520993 317306 113551 228651 263549 259263 302492 291191 477800 490063 593756 103636 385492 258994 267098 739549 516913 462172 436343 525607 125286 254599 232104 127533 682617 364997 412038 230984 124010 115449 309558 199041 334494 112808 393967 385443 581131 362536 178475 387632 423428 435506 121775 395246 370502 354736 624728 220442 359355 455251 382100 488577 74647
797762 850737 459792 711877 777137 278004 420167 999999999 514759 815906 507522 521465 864157 695217 317225 681001 719595 808617 108452 625726 245948 690232 808475 329765 280054 535539 292421 94496 141797 495652 614341 237797 778968 437890 588417 108652 334662 504565 505282 286280 876059 266671 744978 226260 701539 431757 406743 810568 123603 408268 276741 176690 659049 639425 129723 209335 348319 181182 451985 184743 370124 326829 594957 321814 568240 58843 625832 541931 612837 290072 545348 282394 337146 214669 650503 521073 312928 709040 586745 275554 528240 32715 568735 205702 135068 241874 742307 662323 731553 400221 210054 318272 640893 541095 511807 62987 358881 233746 167749 403369
791212 794145 466973 469776 725408 528801 349037 514759 999999999 778457 982324 746790 754674 875014 459430 385187 229687 764088 555333 978613 755675 427428 767588 243493 279399 991761 764554 608589 622966 260413 187983 752018 272207 322048 1036475 613146 459633 782309 926752 569985 913140 390535 466476 738790 434712 142877 873915 309117 488735 457219 250916 464284 542389 228018 437639 413456 755570 620250 452401 600292 579146 569134 1022848 365953 802970 563691 867944 351987 580389 235332 358788 665480 656621 347651 456486 447484 389883 582369 512159 248522 410091 482298 733179 557967 384883 379133 313495 152837 771617 230802 339303 653293 697927 925069 568979 460336 263818 310509 660928 418084
47896 40283 372812 358509 53214 1054924 469469 815906 778457 999999999 887653 407629 114188 337159 1045107 445978 742981 15820 735078 639767 886828 397402 11032 876905 645512 846124 786016 867217 948756 519055 641642 949115 814055 480926 851292 902175 1057238 479257 742384 551826 159398 570898 397032 956395 397395 864372 815350 804583 692616 418109 696026 639655 237074 614658 695233 931253 671328 996517 385139 688571 462007 506281 799919 983608 415110 804939 430585 426484 216283 700821 419676 1098011 556760 871659 334451 346664 527633 205051 273029 802831 374012 800224 324485 1009955 805856 601790 627102 787198 126181 581973 854835 577342 191327 673072 304100 767869 924674 845636 801174 438125
847340 927865 690325 985341 876555 730517 740358 507522 982324 887653 999999999 480344 984140 592510 798841 999745 1148355 889559 432141 314582 284074 984912 886128 834251 705938 63784 219938 438804 495949 860184 1024031 347654 1219347 772612 111162 462332 816320 408461 151880 451402 854023 612247 1032656 370892 995045 927822 108610 1242520 494253 650435 731758 520169 862909 1035492 546023 709494 252056 551759 694233 382259 503302 479220 156957 824451 477021 448795 484113 854863 772373 747448 854357 631633 383960 722138 914386 768456 635448 898937 795026 770108 802603 533324 563489 638433 637100 612958 1126960 1113457 763850 796954 716787 373395 702920 233869 658870 541270 866017 738738 339863 677200
368640 447893 303212 557858 396836 796473 407472 521465 746790 407629 480344 999999999 504571 173970 818453 600244 831151 409241 417206 274223 510227 570766 405865 722916 496581 441324 395710 538295 626664 527551 702473 582266 908930 440106 452363 576394 834389 73806 337906 239244 395766 378937 608255 594686 578785 765113 409503 918869 408681 294006 546898 375836 413785 697512 438941 699177 273481 684409 314847 348394 178143 208528 406036 788348 56631 487677 122368 478257 315593 559529 474726 790471 190318 662876 490813 365397 362753 439664 359505 640312 409664 519810 83175 726921 573464 403762 765097 830823 285408 516822 648412 211821 223689 276732 222973 496889 769988 652981 444383 333345
162053 85938 405959 299780 107746 1085636 481732 864157 754674 114188 984140 504571 999999999 449736 1066567 391502 686901 104571 793079 748386 960368 342558 109809 882971 662937 945787 867043 924370 1001755 503566 599213 1017789 753178 485292 954182 957450 1077272 577822 842207 618220 258729 606075 327950 1022977 339526 855609 906134 738738 743115 456446 709956 687879 224093 567515 738172 957536 757799 1045244 415551 754785 530736 573129 904402 997656 518639 860295 539612 410282 251662 712285 403552 1143263 635966 893362 298209 358911 560306 176364 284972 814516 373657 845002 421980 1049229 836864 635799 562586 741699 235161 581547 876527 655334 281227 776269 361909 811294 929132 863831 869083 467576
289909 373618 409419 596451 349799 969396 526203 695217 875014 337159 592510 173970 449736 999999999 988676 659552 924597 345228 591175 310056 672667 620617 340146 880469 646649 541421 552747 711355 799833 633369 800587 747490 1002184 555025 535789 749509 1004290 211480 440835 411319 263555 533685 645783 761409 626118 911462 543697 1005621 580940 419429 698958 545006 442802 787964 608462 869096 428375 857992 423637 521854 340476 376873 480357 954155 135043 661557 108422 564937 349507 710186 559864 964031 363356 829216 539709 448874 509238 449715 413880 797918 493927 692831 144521 900770 741976 561267 838692 938908 215920 645088 814175 384509 215784 361774 309063 668956 928479 816535 614368 457789
1037708 1074210 672360 842043 998572 89641 584940 317225 459430 1045107 798841 818453 1066567 988676 999999999 780196 688472 1034678 423974 942947 515971 807793 1035950 219502 403637 836340 597652 361782 307591 595674 630399 466404 720972 584525 891033 336535 17675 812214 817973 579414 1134824 478588 858908 444501 818048 319842 707731 761211 411301 629257 358249 443691 843996 667415 380221 119658 665355 263050 659981 500379 649546 611803 904141 93707 869608 370917 930767 676293 829389 358275 682047 245807 644890 173632 798484 707835 518925 893990 782432 260209 695322 306846 852018 170792 248145 447537 764778 605104 984675 498685 190494 628019 894227 857809 753174 323603 196623 203335 471884 606982
473606 449583 312830 91794 394721 824462 271877 681001 385187 445978 999745 600244 391502 659552 780196 999999999 297576 430233 656294 873189 864524 49184 435092 568495 409746 984385 815512 766582 820640 190483 211236 895707 368117 246591 1013524 789037 786438 663469 892604 550845 600610 426990 81916 891871 52423 508883 897819 360406 586854 349336 437028 534463 224642 176890 555587 692511 747689 845141 306887 656745 499390 520526 979746 695709 645608 703635 698936 147653 310292 431564 146909 924177 616665 620556 121280 238324 387256 242025 247111 521083 198665 652077 546403 817098 598792 444424 184248 350643 486575 291545 605325 626353 445711 856477 377300 618359 607549 583727 760392 324098
768686 747152 528247 388038 691190 758444 429733 719595 229687 742981 1148355 831151 686901 924597 688472 297576 999999999 727293 740085 1090326 949701 346662 732042 473140 451554 1148015 938468 814018 839296 305234 129503 956675 77943 395724 1187044 823733 688021 882151 1070338 706757 895799 536194 360714 945855 348232 369345 1040253 94185 668924 541348 443211 631807 514427 136687 621996 641198 905706 842385 516314 770385 688402 692441 1164476 594820 883526 762125 944025 359774 586105 429550 364747 893217 788811 573287 411059 476161 517020 538204 516299 470361 430863 686923 795277 784884 598179 536412 133108 91157 773672 351447 563443 791138 719979 1053173 619880 660211 492143 535146 849204 503809
59012 42518 362692 342694 38745 1045546 457450 808617 764088 15820 889559 409241 104571 345228 1034678 430233 727293 999999999 729151 645651 883671 381631 5862 864843 634317 848908 784246 861282 942255 504954 626306 945124 798296 468229 855080 895980 1046663 481455 745169 547018 174960 561570 381242 952048 381595 851068 815766 788773 685515 408795 684545 632158 222282 599154 687088 921287 670631 989431 374748 683931 457419 501462 804230 972376 418837 798676 436565 412178 205349 689106 405361 1090502 554364 861144 319029 334247 517916 189484 260193 791238 360648 792442 326075 1001606 796334 592373 611290 771811 131610 569057 844306 574732 190056 676889 297043 759872 912499 834729 796941 427805
712955 771629 398070 673666 700077 386282 385388 108452 555333 735078 432141 417206 793079 591175 423974 656294 740085 729151 999999999 519857 212411 657905 728448 406394 288538 451118 212217 132142 215907 482346 624159 240316 805893 409813 501423 167630 441237 396926 408725 188825 783171 229337 711912 239019 669153 495887 325695 833539 72114 345990 304869 121877 600286 643529 118735 311909 244838 269710 393094 76505 277356 232700 501539 420242 462195 71891 518605 510664 541977 320262 512857 375416 230157 303226 607590 467883 270329 648622 526163 338502 483566 118364 469478 310826 211516 214899 743382 694035 642440 397881 294597 210669 553198 437781 433153 113588 442421 312901 109392 350747
594148 678142 568781 832026 642942 896942 660780 625726 978613 639767 314582 274223 748386 310056 942947 873189 1090326 645651 519857 999999999 496154 844763 641104 903629 706796 254100 374928 599257 681367 785121 960829 575138 1167314 694697 234353 634504 960363 210502 173378 412562 571434 589584 882445 595144 852892 969431 308496 1180665 548665 549199 749928 541634 686494 960041 594903 831688 278559 743183 578696 444263 403968 409489 176314 937975 237606 573722 209183 746046 587741 764678 743098 842361 326620 816486 765000 636389 589581 709118 633727 824889 679557 638159 342228 811832 722490 605798 1033612 1080231 514059 756581 805372 335265 479645 96013 496534 628299 946064 818340 484857 586522
857000 925806 587731 875424 859695 446444 592664 245948 755675 886828 284074 510227 960368 672667 515971 864524 949701 883671 212411 496154 999999999 862955 881923 574323 498747 327543 124494 161784 211916 694155 835790 79259 1013545 619015 382981 179911 533334 461228 336049 344166 904210 439209 916161 99084 874082 677705 204859 1042603 284501 537424 509156 331804 786901 855786 328170 432986 245949 268811 585521 212787 429707 388231 406668 547730 537815 192372 577232 717597 715828 523907 719259 355835 331488 455865 807193 662695 477272 832484 712716 521211 684056 276736 582773 354376 381014 426872 955791 899442 778568 610200 453464 310251 696443 400493 599997 295459 600119 478570 104339 549580
425910 400495 294665 43452 346469 847982 272912 690232 427428 397402 984912 570766 342558 620617 807793 49184 346662 381631 657905 844763 862955 999999999 386552 599797 426214 966649 807339 772945 831162 212489 258398 898159 416686 252357 993593 797278 814864 636338 872612 540008 552754 429947 54756 895587 11317 546478 884996 407866 590217 336164 458142 536213 180788 225208 562606 715662 733212 858849 290861 652624 482046 506756 957700 725578 613890 709017 664985 148459 271290 454163 145516 941478 600963 644394 81422 217043 387576 194230 212611 547691 183162 662480 512759 835719 616102 450151 230825 399263 441809 312315 628699 612120 405495 832695 348334 628246 640575 608514 759412 315581
53270 43884 363783 347778 42244 1046324 459513 808475 767588 11032 886128 405865 109809 340146 1035950 435092 732042 5862 728448 641104 881923 386552 999999999 866942 635958 845215 782003 860588 941791 508264 630611 943684 803184 470668 851100 895391 1048006 477912 741471 545865 169417 562308 386566 950741 386607 853873 812797 793823 685288 409514 686334 632095 226093 603646 687305 922336 668018 989209 375972 682724 456173 500309 800103 974044 414844 798111 431978 415628 206806 691017 408817 1090459 552325 862454 323427 336519 518832 194061 262695 793088 363476 792507 322690 1001923 797173 593154 616353 776170 127050 571626 845622 572770 187532 672893 296752 760028 914660 836231 795586 429000
876760 901751 512558 636624 827051 285309 407436 329765 243493 876905 834251 722916 882971 880469 219502 568495 473140 864843 406394 903629 574323 599797 866942 999999999 238725 857070 615523 414591 406171 391060 410933 552505 512127 398476 907792 408515 222365 735984 812621 498620 985350 346784 648870 535493 609530 114731 730195 550776 358517 479041 185557 362648 658941 448151 309494 175369 643322 391488 498512 471926 544874 517315 906783 128805 778496 387254 843605 478483 661611 177813 484773 424978 580047 121605 600116 530790 374673 707084 605501 82678 509654 301591 736840 319845 197155 319752 545294 393710 835181 301887 121171 568987 748550 831889 606290 293813 48752 96025 495267 448312
642099 672894 275821 454372 597424 428712 181343 280054 279399 645512 705938 496581 662937 646649 403637 409746 451554 634317 288538 706796 498747 426214 635958 238725 999999999 713075 490746 371929 414881 220035 337814 511256 517883 183721 757228 388461 414424 520107 647466 294609 747806 119090 480395 502907 437278 268731 597332 545021 217653 240362 53233 185936 440557 360508 170619 297468 476174 435772 262243 323884 319757 300650 743589 338096 553075 314786 618813 282872 429234 63540 287772 515323 381267 230731 402402 304348 137580 490739 379139 159243 292630 248789 502262 409668 189889 101292 462844 408167 597350 121035 213962 376152 510066 648263 367659 217425 287477 201146 397668 210742
804414 886145 672385 964375 838041 771866 731662 535539 991761 846124 63784 441324 945787 541421 836340 984385 1148015 848908 451118 254100 327543 966649 845215 857070 713075 999999999 243144 474587 538421 853980 1021774 396731 1220637 764727 55439 501282 853949 367970 103745 443401 804377 612728 1012673 419702 976449 945922 129161 1241942 507904 635799 742855 527491 836170 1030835 559932 741693 242585 596306 677558 393127 485103 466035 93423 856071 432097 476782 433154 841763 743024 758580 840757 680889 368430 748778 893641 749608 631679 869760 770639 789237 786012 559010 523827 680288 660645 616663 1119292 1117914 721087 797014 742173 361214 665003 179770 632313 563279 891295 762559 368632 665198
753063 825725 518927 814261 763219 538738 546927 292421 764554 786016 219938 395710 867043 552747 597652 815512 938468 784246 212217 374928 124494 807339 782003 615523 490746 243144 999999999 237300 311585 660431 817073 203464 1007470 577049 296118 268346 615323 341520 224018 268696 791445 405908 858440 221899 818094 707915 114789 1032578 275819 472363 513656 306733 710158 831767 327178 499402 124374 372724 519522 168098 343290 307375 306551 613411 418636 233712 454843 668050 630570 529281 668602 468710 231089 505775 744041 596818 435385 752592 637441 550266 624582 316067 472267 449099 418569 402268 927211 898908 672427 588680 499460 212188 594689 280222 513318 321937 648700 520446 126337 492157
844861 903756 526068 792114 832082 301680 500560 94496 608589 867217 438804 538295 924370 711355 361782 766582 814018 861282 132142 599257 161784 772945 860588 414591 371929 474587 237300 999999999 88531 584134 707851 143481 873436 521127 529251 38182 379406 508704 460376 319143 912897 343933 827533 131889 784260 520793 345962 905060 185981 473889 371003 242250 727944 732193 210998 271894 322377 148428 520042 190185 408551 363788 543604 386872 579003 65179 630924 624529 672953 384471 627466 253646 348073 294913 728335 592914 388596 776958 654259 366713 604719 127210 596197 213304 225796 322846 834754 756664 773641 490920 293431 326846 684812 508528 565124 154950 438799 319483 114777 474831
927951 984622 599294 853404 912020 234632 561840 141797 622966 948756 495949 626664 1001755 799833 307591 820640 839296 942255 215907 681367 211916 831162 941791 406171 414881 538421 311585 88531 999999999 633514 741728 159202 893368 578963 593782 50348 324576 597080 535442 404621 998961 408348 885917 137991 842457 518697 412606 927540 258685 547404 403087 314367 799648 769417 271464 241629 406903 61843 592066 278355 493227 448599 613764 351581 667532 144413 719253 683046 750102 414551 686590 165405 436511 284933 792286 662247 454490 849405 726866 374727 670015 168722 683606 142494 241177 383647 872849 774641 858225 535906 288563 415333 768720 588935 645325 202934 421078 317120 197509 544300
530832 536472 226814 246578 466214 635795 125135 495652 260413 519055 860184 527551 503566 633369 595674 190483 305234 504954 482346 785121 694155 212489 508264 391060 220035 853980 660431 584134 633514 999999999 175782 718072 382476 91060 889936 604236 603093 577012 771332 410593 652883 256359 264914 712349 223003 352162 753889 395963 410840 236140 246844 362626 284749 177665 374133 503547 611671 655807 213836 494799 384109 391323 864113 514884 580979 522970 642928 93676 320753 242066 100496 733727 488937 432055 210669 190343 225499 327994 251892 335472 150326 465684 497529 626625 408433 267448 267145 306047 512820 101086 416473 493422 443056 749850 324400 432686 434047 396033 589976 198662
662731 650597 400068 301848 588758 690289 300247 614341 187983 641642 1024031 702473 599213 800587 630399 211236 129503 626306 624159 960829 835790 258398 630611 410933 337814 1021774 817073 707851 741728 175782 999999999 848605 206729 266226 1059841 721213 633065 752779 942487 579368 789100 412152 288756 839489 263427 326495 916378 221415 552243 411921 338963 511517 406665 40066 507805 564638 779228 751715 387810 649141 559009 563762 1036247 539056 755281 652357 816370 236562 468900 327176 242136 813169 660533 493283 307418 351783 390112 437388 398291 387980 307041 582087 668733 703757 501964 415094 135539 145830 659751 228427 481007 663451 600262 924063 493732 552914 440740 454438 733546 374309
921307 987503 633863 913878 919463 390116 625475 237797 752018 949115 347654 582266 1017789 747490 466404 895707 956675 945124 240316 575138 79259 898159 943684 552505 511256 396731 203464 143481 159202 718072 848605 999999999 1016720 649118 451918 144053 483227 536427 413263 399608 973910 468876 952212 23271 909416 661296 279347 1048059 308868 582329 513466 361958 835378 871687 344435 397017 323148 207762 630106 263128 488125 444870 479861 509272 612456 196539 653915 750693 769871 527215 752996 284318 398642 431253 847425 706097 510601 882488 760997 509024 723454 270490 652171 298421 368443 451968 973590 900104 844508 628180 431733 376917 760175 479365 655967 296536 572668 458885 148706 589961
841284 816484 606114 456721 762820 795902 506548 778968 272207 814055 1219347 908930 753178 1002184 720972 368117 77943 798296 805893 1167314 1013545 416686 803184 512127 517883 1220637 1007470 873436 893368 382476 206729 1016720 999999999 472618 1260543 880879 718737 959487 1144547 780778 968385 608017 425323 1004857 417212 401896 1110988 42373 735497 618606 504690 700821 588435 214239 687278 684848 978717 892316 594118 839616 764820 767774 1239060 627519 961404 823996 1021961 437512 662419 490294 442413 936501 863630 619828 484555 553941 590944 609997 592922 520064 508607 746257 873200 829626 653348 606479 191015 119370 848806 423657 611470 865353 796739 1128950 697790 721171 524749 582700 914476 580831
485125 504068 145653 275328 430001 612431 34085 437890 322048 480926 772612 440106 485292 555025 584525 246591 395724 468229 409813 694697 619015 252357 470668 398476 183721 764727 577049 521127 578963 91060 266226 649118 472618 999999999 799872 544969 594293 487300 680912 321738 601199 180475 307096 645426 263669 385556 667154 486912 340276 146671 226298 288068 261267 268514 310433 481032 522840 608102 131393 414008 293079 300762 773383 512636 494452 457640 557479 104083 269116 227445 107777 694016 398572 413142 219331 134644 142606 310428 208051 329382 111666 410366 415563 590572 370758 198345 354677 390759 455035 101692 396542 403701 377256 658792 247240 376030 445417 381190 514723 108274
808103 890942 700732 989147 846646 827086 766393 588417 1036475 851292 111162 452363 954182 535789 891033 1013524 1187044 855080 501423 234353 382981 993593 851100 907792 757228 55439 296118 529251 593782 889936 1059841 451918 1260543 799872 999999999 556357 908656 378576 120992 480473 799308 653682 1038116 474931 1003102 994699 183345 1280694 555876 666840 788877 572489 856425 1067364 607793 795362 282293 651737 706847 440618 514659 499434 58412 909511 436256 529788 428895 873002 761311 804580 871635 736150 401446 800913 918813 776859 670033 887661 793233 838659 814859 611173 533166 735573 711917 659376 1153657 1159786 725372 837025 793921 396637 675138 178220 653779 614248 942833 813757 422157 697964
880525 938413 557037 817848 866301 271179 525950 108652 613146 902175 462332 576394 957450 749509 336535 789037 823733 895980 167630 634504 179911 797278 895391 408515 388461 501282 268346 38182 50348 604236 721213 144053 880879 544969 556357 999999999 353995 546821 492268 355794 949931 370412 851985 127332 808594 517917 373672 913654 215823 504937 382551 272097 758362 747079 234814 255428 358632 110687 550444 228166 444851 400134 573314 369360 617185 97355 669021 648842 705839 395185 652059 215550 386205 287205 755224 622144 415904 807741 685045 367465 632105 139743 633838 180791 228264 347522 850154 763092 809982 508818 287902 365003 720826 542948 599375 171634 428893 315313 149690 503985
1050407 1085999 684639 849628 1010380 102545 595543 334662 459633 1057238 816320 834389 1077272 1004290 17675 786438 688021 1046663 441237 960363 533334 814864 1048006 222365 414424 853949 615323 379406 324576 603093 633065 483227 718737 594293 908656 353995 999999999 828768 835637 595470 1148406 492007 865588 461231 825023 318787 725362 759280 427694 642100 368031 459287 854338 670479 395849 135236 682852 279150 672108 517606 664858 627441 921814 94132 885753 388510 947096 684864 841325 367409 690700 257769 661553 185615 807144 718767 531788 904186 793501 267986 705378 323922 867197 186778 263058 461013 766956 603676 998131 506966 202417 644807 907831 875351 766500 340174 195923 213462 489559 619178
438989 519444 358403 625642 470077 782414 453676 504565 782309 479257 408461 73806 577822 211480 812214 663469 882151 481455 396926 210502 461228 636338 477912 735984 520107 367970 341520 508704 597080 577012 752779 536427 959487 487300 378576 546821 828768 999999999 264400 238544 456210 401017 675819 550816 644786 788122 342612 971719 401272 340897 567689 377619 484382 750712 438443 694436 217177 656848 368550 323033 203218 220250 332715 790387 77193 464221 122304 535591 386923 581393 532610 762350 167791 665139 557422 426127 392919 511963 427093 654208 469102 507521 155859 707407 572897 422149 823165 875855 355509 555438 651738 186313 297270 203493 288180 488613 781609 659491 406542 379063
700753 782413 579792 868372 734465 762056 647257 505282 926752 742384 151880 337906 842207 440835 817973 892604 1070338 745169 408725 173378 336049 872612 741471 812621 647466 103745 224018 460376 535442 771332 942487 413263 1144547 680912 120992 492268 835637 264400 999999999 363776 702904 539977 917256 434625 882134 893398 137481 1163687 455369 546376 682252 465334 736814 948942 506431 714602 172033 596329 586007 340771 393991 380162 96145 826496 328587 448379 332414 752465 642483 697840 751016 690141 282395 711888 797969 655867 553604 769083 672853 739776 693940 524137 420228 672928 620032 547918 1034044 1045942 617399 721714 703283 279219 561587 83464 533644 522230 850481 720823 346788 578028
527070 589512 250264 545740 520283 558137 289117 286280 569985 551826 451402 239244 618220 411319 579414 550845 706757 547018 188825 412562 344166 540008 545865 498620 294609 443401 268696 319143 404621 410593 579368 399608 780778 321738 480473 355794 595470 238544 363776 999999999 594358 179489 590419 405422 550616 557480 347396 800289 169640 204086 337474 139255 444523 587494 201112 460341 201139 458183 250912 137013 90018 45557 458593 552712 290375 260677 352660 404528 371738 352146 404413 563521 86766 427253 475402 328132 189838 489025 370878 417514 356889 281755 282498 491795 335965 193396 676409 683053 454593 358148 413557 84725 366335 355128 256574 257758 543666 420948 250916 226855
127125 173466 472825 515344 206839 1133539 583476 876059 913140 159398 854023 395766 258729 263555 1134824 600610 895799 174960 783171 571434 904210 552754 169417 985350 747806 804377 791445 912897 998961 652883 789100 973910 968385 601199 799308 949931 1148406 456210 702904 594358 999999999 656422 555484 984678 553562 986408 798144 960615 753313 508776 800423 705540 382668 764634 766215 1017174 669027 1052081 486986 725008 506626 550865 743640 1082335 380949 854984 371328 563697 333383 807537 557090 1156858 575537 963910 484873 468037 618101 358607 401000 907049 503117 865612 321745 1078335 888736 687393 783391 934912 150668 702673 947425 597375 240598 624984 382351 835971 1033950 942232 830954 537191
560431 602438 200603 448189 527117 484027 157049 266671 390535 570898 612247 378937 606075 533685 478588 426990 536194 561570 229337 589584 439209 429947 562308 346784 119090 612728 405908 343933 408348 256359 412152 468876 608017 180475 653682 370412 492007 401017 539977 179489 656422 999999999 484323 465725 441242 387499 504345 630331 160312 152796 168014 107656 394288 425867 136959 361935 371411 444547 190524 238944 201301 181796 635630 428390 435236 279461 500886 281976 358404 180996 284492 538770 266086 307683 384820 255226 46573 444714 323605 264254 261822 242980 390193 443156 235097 31113 521919 506205 506127 184747 291330 263294 415886 534616 274595 208419 394845 288252 334871 139048
430385 394584 342683 50510 348917 900706 327276 744978 466476 397032 1032656 608255 327950 645783 858908 81916 360714 381242 711912 882445 916161 54756 386566 648870 480395 1012673 858440 827533 885917 264914 288756 952212 425323 307096 1038116 851985 865588 675819 917256 590419 555484 484323 999999999 949842 43465 590777 933919 411157 644534 386333 511371 590326 203131 252032 617284 768459 781474 913487 340032 705284 529357 555901 1000723 775525 648811 763527 697062 203144 299910 506962 200067 995716 648827 696933 119325 264303 441620 203063 248847 599115 233905 717234 545953 889705 670255 504783 234637 422851 456226 365426 681384 660749 430030 874556 387897 683001 688565 660698 812821 367653
929505 994495 635434 912338 925702 367472 622688 226260 738790 956395 370892 594686 1022977 761409 444501 891871 945855 952048 239019 595144 99084 895587 950741 535493 502907 419702 221899 131889 137991 712349 839489 23271 1004857 645426 474931 127332 461231 550816 434625 405422 984678 465725 949842 999999999 906870 645243 301475 1036751 305412 583624 502890 359684 837383 863389 338223 377543 339407 184923 631153 268435 494653 450895 502368 489061 626382 189430 669266 747697 774029 516321 750196 261233 409143 414002 846567 706559 508383 884981 763052 494323 722539 258943 663096 275955 354318 447531 965694 887734 853528 620961 415117 387303 768292 499542 661074 286618 554431 442624 155308 589713
426949 399348 304731 39832 346956 858649 284203 701539 434712 397395 995045 578785 339526 626118 818048 52423 348232 381595 669153 852892 874082 11317 386607 609530 437278 976449 818094 784260 842457 223003 263427 909416 417212 263669 1003102 808594 825023 644786 882134 550616 553562 441242 43465 906870 999999999 555051 895348 407258 601506 346688 468929 547475 184938 229313 573924 726344 743426 870074 301165 663654 492036 517114 966910 735539 621399 720326 671928 159776 277153 464831 156825 952567 611085 655006 88344 226884 398825 195515 219998 558006 193729 673771 519866 846732 627161 461468 229866 403003 444939 323053 639348 622393 410704 841660 356658 639544 650050 619030 770570 326475
870494 884928 518838 586732 812467 394237 403488 431757 142877 864372 927822 765113 855609 911462 319842 508883 369345 851068 495887 969431 677705 546478 853873 114731 268731 945922 707915 520793 518697 352162 326495 661296 401896 385556 994699 517917 318787 788122 893398 557480 986408 387499 590777 645243 555051 999999999 821560 441683 439018 495244 220612 430740 634856 365954 387342 290025 721787 505992 504098 554366 588485 568047 988925 226154 821659 487034 887413 445337 654644 206728 452081 538312 642830 233903 561570 519908 403534 679678 591670 157958 490420 401404 766982 434206 296695 366243 455698 285286 838980 283882 230566 634860 757357 904530 618825 387728 123221 202650 592527 459451
777790 855610 591258 887511 799446 644748 635346 406743 873915 815350 108610 409503 906134 543697 707731 897819 1040253 815766 325695 308496 204859 884996 812797 730195 597332 129161 114789 345962 412606 753889 916378 279347 1110988 667154 183345 373672 725362 342612 137481 347396 798144 504345 933919 301475 895348 821560 999999999 1134432 386257 549178 623487 411560 770881 928487 438145 612536 153677 471755 594189 273719 405996 378241 201890 726951 417206 347932 437725 751883 683733 639190 751675 560680 286305 620470 816593 669706 528687 809363 700990 664172 702033 430813 491829 553617 533313 504532 1020930 1004866 694775 688949 614240 273208 626405 213721 568012 436487 763486 635205 239548 574146
833764 804972 615659 446104 754179 835206 520993 810568 309117 804583 1242520 918869 738738 1005621 761211 360406 94185 788773 833539 1180665 1042603 407866 793823 550776 545021 1241942 1032578 905060 927540 395963 221415 1048059 42373 486912 1280694 913654 759280 971719 1163687 800289 960615 630331 411157 1036751 407258 441683 1134432 999999999 762557 631473 534908 725888 583793 221360 715256 722504 999558 928110 604282 864506 779969 785175 1257594 667642 970356 854224 1029792 443179 662060 520901 447605 974436 881878 656547 479650 559430 610676 602077 593594 555581 513990 777859 879690 867080 686877 630575 177502 157066 845423 445586 647696 884549 797284 1145346 704293 751872 564765 619045 942535 594545
674167 727717 341238 607696 654444 388695 317306 123603 488735 692616 494253 408681 743115 580940 411301 586854 668924 685515 72114 548665 284501 590217 685288 358517 217653 507904 275819 185981 258685 410840 552243 308868 735497 340276 555876 215823 427694 401272 455369 169640 753313 160312 644534 305412 601506 439018 386257 762557 999999999 289171 237838 56350 542584 571423 52035 293167 284977 303921 334647 115349 248757 206718 550427 391960 458709 120832 519476 442286 491484 253471 444793 405990 234821 268442 543012 406968 203545 591919 469222 284408 419179 113206 449797 325550 174528 143562 671293 624714 608183 325769 256823 219503 517421 473780 388544 88230 398753 270015 181369 288859
408503 449763 52184 341927 374557 636822 113551 408268 457219 418109 650435 294006 456446 419429 629257 349336 541348 408795 345990 549199 537424 336164 409514 479041 240362 635799 472363 473889 547404 236140 411921 582329 618606 146671 666840 504937 642100 340897 546376 204086 508776 152796 386333 583624 346688 495244 549178 631473 289171 999999999 293485 233095 254337 411109 281740 513855 398382 589111 48097 324651 152657 171245 636294 573646 348956 408877 412807 206186 206475 302001 204991 686850 267547 456718 271946 125494 110331 303074 180398 399223 153008 388561 276306 594254 387781 183688 489506 536977 358113 226479 440051 277044 269869 517686 127323 354873 527792 433688 436754 39492
693683 722624 327980 489187 647333 390333 228651 276741 250916 696026 731758 546898 709956 698958 358249 437028 443211 684545 304869 749928 509156 458142 686334 185557 53233 742855 513656 371003 403087 246844 338963 513466 504690 226298 788877 382551 368031 567689 682252 337474 800423 168014 511371 502890 468929 220612 623487 534908 237838 293485 999999999 216959 486540 366384 186770 258014 510260 416733 314188 350224 369299 347515 778338 288308 603235 319392 668897 319965 479885 15727 325422 488579 423392 187988 441549 352578 190380 536238 427597 107027 337378 244176 554688 380577 165902 145641 469854 390378 650064 145951 171723 416501 563068 687810 420745 217021 234308 154933 411705 263233
622631 674209 285091 552698 600479 430002 263549 176690 464284 639655 520169 375836 687879 545006 443691 534463 631807 632158 121877 541634 331804 536213 632095 362648 185936 527491 306733 242250 314367 362626 511517 361958 700821 288068 572489 272097 459287 377619 465334 139255 705540 107656 590326 359684 547475 430740 411560 725888 56350 233095 216959 999999999 486270 528206 63478 324092 293319 357842 278347 138799 206507 168159 561399 413593 428518 177076 491529 388810 436376 232584 391051 458366 217508 288084 487448 350664 148729 535662 412981 283258 363501 161103 409224 373220 197630 96682 626310 593370 558779 283241 274305 206500 467680 473847 335659 130441 406486 282089 227501 232591
256076 251914 202217 153656 183860 866353 259263 659049 542389 237074 862909 413785 224093 442802 843996 224642 514427 222282 600286 686494 786901 180788 226093 658941 440557 836170 710158 727944 799648 284749 406665 835378 588435 261267 856425 758362 854338 484382 736814 444523 382668 394288 203131 837383 184938 634856 770881 583793 542584 254337 486540 486270 999999999 382063 530170 736829 617274 838520 207945 574773 367596 403124 814991 773819 450290 662841 495685 191217 98900 488486 184378 932832 485572 671282 104146 139720 347737 50707 74383 590605 149604 636937 346178 834985 619029 422427 408763 552492 261964 357801 654499 501175 227018 686700 204118 602514 705248 640893 688464 255795
637775 621817 394301 268463 562132 725597 302492 639425 228018 614658 1035492 697512 567515 787964 667415 176890 136687 599154 643529 960041 855786 225208 603646 448151 360508 1030835 831767 732193 769417 177665 40066 871687 214239 268514 1067364 747079 670479 750712 948942 587494 764634 425867 252032 863389 229313 365954 928487 221360 571423 411109 366384 528206 382063 999999999 528815 598710 788329 781629 382948 664426 561092 568984 1041778 576608 749124 675159 808905 223316 450177 355501 228176 845764 666552 526921 280380 339772 400069 409708 380095 421735 294405 607493 659435 736356 531078 431525 103493 174210 639020 245676 514148 670753 583576 927074 483970 577348 479094 488128 752724 374921
680178 728795 332515 583088 654314 367845 291191 129723 437639 695233 546023 438941 738172 608462 380221 555587 621996 687088 118735 594903 328170 562606 687305 309494 170619 559932 327178 210998 271464 374133 507805 344435 687278 310433 607793 234814 395849 438443 506431 201112 766215 136959 617284 338223 573924 387342 438145 715256 52035 281740 186770 63478 530170 528815 999999999 260637 335412 308401 323972 167184 269822 231596 601731 351950 491208 148843 553771 414149 487810 202311 417294 405112 275175 226745 521036 391712 183296 580361 458435 233662 398554 107002 472537 314883 134855 112724 629948 575314 618480 284091 213689 261972 527275 522461 392269 73141 351173 223943 227292 274376
922218 961402 558597 747186 885784 132350 477800 209335 413456 931253 709494 699177 957536 869096 119658 692511 641198 921287 311909 831688 432986 715662 922336 175369 297468 741693 499402 271894 241629 503547 564638 397017 684848 481032 795362 255428 135236 694436 714602 460341 1017174 361935 768459 377543 726344 290025 612536 722504 293167 513855 258014 324092 736829 598710 260637 999999999 556118 218316 546750 387517 529889 492233 803822 115029 750679 266667 812257 577682 716425 261517 583006 252092 527635 72431 698747 598777 403756 787274 672622 177007 589884 193551 732381 144905 128897 330823 700147 565734 867347 403387 87188 511395 776625 749163 636306 206391 181329 110810 373205 493672
