NAME : synthetic_000679
TYPE : CTSP-D
DIMENSION : 100
GROUPS : 8
RELAXATION_LEVEL : 1
EDGE_WEIGHT_TYPE : EXPLICIT
EDGE_WEIGHT_FORMAT : FULL_MATRIX
EDGE_WEIGHT_SECTION
999999999 887810 375034 1043249 608100 611604 377182 458152 618301 502509 425004 715617 665756 341177 640760 309179 766601 706743 865683 444250 925425 490369 767045 494478 317957 284564 406465 643297 412790 476123 894395 618701 561354 846083 599204 209109 965718 564531 517150 572484 263790 683319 787211 1107638 539566 481732 609862 693719 630201 341074 198041 349071 479205 218987 476941 827109 377921 753676 544832 559634 513530 920929 912495 471193 210433 301903 698736 352221 281148 645690 870694 609796 166691 464183 949000 496472 707563 953666 356257 1008906 509411 947052 606900 714278 709877 617379 745891 771637 781353 889035 613520 955202 605473 436406 806135 391144 551507 425764 409733 594532
887810 999999999 1007707 155710 445697 361558 758781 493663 270466 390578 588588 178907 382039 922231 625913 873509 357745 267267 196867 576258 529957 814596 431514 849583 733798 675579 676908 632665 628849 685918 573719 289678 466616 691165 458216 692391 247846 598540 496327 759470 625479 208130 465535 233023 405567 685178 345999 645000 590105 1099228 710098 629700 408768 1049077 604024 676573 624951 541729 413833 634324 852791 39155 99288 588374 702641 595211 325174 781313 651052 607931 396935 840381 756579 830661 629127 396053 456576 647290 693341 159373 444565 59507 435356 260179 462560 532113 722304 269507 137756 162244 286909 213288 556430 865191 305538 593507 628111 484952 478900 347911
375034 1007707 999999999 1150387 596332 655126 735078 720762 772878 691177 730899 830688 916295 85478 965127 136298 1012228 759953 910852 434596 829495 264758 719172 241520 275252 605278 743623 969169 733812 817408 777391 718879 559323 673354 583368 502560 991676 470422 796412 370240 503151 836322 720750 1240730 602409 358999 833971 544763 945939 144400 505640 381252 650632 233802 794247 660122 382862 653023 787863 887724 255581 1046137 1064998 431262 370859 553060 930200 714645 583215 965552 830976 354526 333759 232632 812234 684995 657326 809587 314392 1156893 759157 1065018 602425 920228 656002 916925 554569 800831 875248 1066095 792759 994407 524783 183928 811744 414522 442051 661497 578178 814342
1043249 155710 1150387 999999999 570384 496517 905646 644389 426174 546092 736510 330625 511249 1065099 748114 1017857 464568 394015 269730 716171 576228 943907 520190 978940 878779 829210 823151 754466 776085 826203 630952 438209 598129 765458 583459 848041 257494 721042 640091 879162 781144 363395 547897 113975 548937 816018 491062 746224 714277 1247299 865672 776472 564372 1201584 746438 753941 769199 631267 561287 766876 980322 126436 173176 724162 856039 750831 453434 929478 805605 729591 455004 957051 909975 962657 676411 551616 558868 694902 836477 126831 593701 97449 561347 394822 563995 659871 816226 372651 275707 240862 440951 227609 674087 1000072 390708 738377 751557 639401 633977 495569
608100 445697 596332 570384 999999999 96808 689014 465043 307987 329590 552975 292801 547338 513428 735750 472804 607394 178784 316081 174888 328836 373628 160319 408636 344004 539592 631393 742571 587307 684447 315099 202975 46746 340889 13209 485402 395862 152844 530171 313923 410379 343823 186258 671974 121457 246880 450481 229077 700632 711543 505851 264625 293951 699305 609508 320472 242246 188205 458651 692505 409988 484665 525718 166481 397941 418728 524121 694512 501110 724559 263073 395547 443267 393428 379303 327807 106699 390076 296321 604619 457299 496574 12016 476804 111087 643767 314938 205487 308099 552947 355709 398131 114825 433156 217047 220595 182542 400882 291139 432324
611604 361558 655126 496517 96808 999999999 637615 394799 213407 252545 489205 198938 455866 570187 655194 524672 512103 105436 263185 220568 375047 453181 202372 488131 387706 497686 572972 662162 526296 619520 376420 106634 105670 426659 106517 460662 357425 243537 453165 404235 383708 247019 238297 592338 72658 323664 360341 324903 619145 759161 481295 291764 224125 730496 540692 406927 278503 267400 375973 618009 491746 400708 435622 227911 403376 380622 429776 646987 460845 642889 277682 487062 454140 469167 442555 252053 172150 455769 343058 518563 379312 415727 84822 380692 178466 560600 410455 160817 224503 458832 262609 351624 210954 504561 195811 249780 271330 336984 243108 343144
377182 758781 735078 905646 689014 637615 999999999 269666 515272 405165 170473 629967 415382 681124 286772 635346 503211 692411 822939 593112 1011006 765131 837419 782755 569045 159207 82754 287234 129937 115663 1003861 580996 650343 1011195 686905 254290 925864 729866 266943 811928 303296 561037 870334 934191 574503 697295 414585 866924 288906 718160 242536 523097 418396 593683 167417 990318 553898 874199 345011 208939 799986 780324 741694 631091 408791 276306 468001 31918 197163 297087 912520 875363 419326 749542 1068317 402613 794282 1078913 580639 829998 314797 810604 681456 514872 799298 302467 942044 765625 703362 692756 480046 903181 747071 739989 816278 543494 732782 305804 398509 410958
458152 493663 720762 644389 465043 394799 269666 999999999 246071 144534 101364 360541 208015 645698 281800 592539 308875 432445 554829 424070 768555 654429 596994 681299 478028 192539 191694 287996 142160 226205 770881 321037 435360 804008 466498 249834 657154 546841 79189 667852 219628 291978 633067 684720 343737 552036 161097 673978 251111 756817 260191 391170 171769 662905 145894 783277 413380 652975 90070 228456 694820 518053 488070 460889 349986 170050 241989 289404 180184 274534 659235 744582 391904 649948 836882 143829 563330 849592 466611 581216 53940 547806 455300 268247 569158 205811 756885 504803 433832 449448 210761 633854 548021 658115 557636 390037 559252 71080 191125 151203
618301 270466 772878 426174 307987 213407 515272 246071 999999999 121353 347211 114802 244780 688422 462575 636590 299484 204290 309222 366318 555840 620877 395184 654143 498611 411962 437692 469717 388149 464978 571416 108375 301189 638067 315658 422062 411126 440550 277685 594248 355272 66192 434078 490901 206561 494893 153527 537060 425272 849275 439982 392534 139276 787648 380982 618738 396725 477383 190419 440232 661968 302682 299712 391077 440584 325003 216386 533443 384448 448129 433808 677669 494079 629036 637105 126448 380222 652204 465449 395538 208463 329288 296049 171004 386838 364376 622920 271349 188327 293269 51586 387911 418020 654502 326445 364936 464063 220404 212154 139771
502509 390578 691177 546092 329590 252545 405165 144534 121353 999999999 243647 232880 242521 609193 406167 555933 328121 288932 419414 324985 624669 574531 453933 605241 424144 291797 332089 412982 283224 370739 628929 177238 305700 670469 332789 302176 523080 430711 201213 568474 238735 182815 490610 605276 208841 457925 148316 548668 371214 753901 319597 322228 44881 681820 289747 650013 335223 515573 131583 365530 615999 421334 410055 357732 338317 204885 242714 420548 263303 395166 514757 649556 390091 576657 695085 6363 423303 708296 399487 506491 127809 448828 319031 229600 429360 315307 633624 361764 305844 390877 111473 502465 422976 594473 413899 305980 448007 101670 113018 127827
425004 588588 730899 736510 552975 489205 170473 101364 347211 243647 999999999 461439 261842 662578 235527 611150 358376 532510 656145 489460 864144 700660 691500 724332 512781 140521 90522 240137 41029 131477 863444 420859 519542 887831 553090 231553 758337 619826 105341 727173 234155 390858 726643 769331 433092 610232 245965 751913 215071 747477 233952 440089 265153 640434 66773 866959 466621 741090 175239 163223 739471 610793 574826 527496 365810 187699 308925 192983 150055 234805 757849 799642 397191 691794 929104 242176 654450 941151 510407 665172 144327 640962 543976 349223 660020 192920 832495 605175 534566 529561 310083 734742 627212 693207 657541 448042 628684 152689 265965 241090
715617 178907 830688 330625 292801 198938 629967 360541 114802 232880 461439 999999999 324012 745234 559245 695876 349948 133725 197177 402512 475726 648100 332083 682763 556080 524676 551960 566389 502436 576655 501616 111823 303761 590229 303884 527188 297394 442450 386924 603143 456443 83828 370873 411031 230718 518562 248395 512968 521710 920392 545992 451398 240846 871088 492485 572570 447860 430319 298904 545482 687599 216340 238974 418203 525439 431395 280376 648245 495667 543427 345757 685999 579369 661665 565146 237267 334743 581658 516681 327024 320705 237923 281237 217192 341387 460347 596251 182277 73541 260192 154392 273320 407552 693626 236645 416168 470214 333798 305983 240122
665756 382039 916295 511249 547338 455866 415382 208015 244780 242521 261842 324012 999999999 837594 244843 784021 100880 443844 511642 567279 795487 816720 639121 847044 658861 391713 333969 251747 294169 320901 814688 352911 533279 882130 553529 457821 601304 666609 156731 809711 423424 240430 678156 523887 434620 700262 97893 774982 208431 961413 467715 560837 287398 870582 248282 862593 576207 721787 128595 255640 858150 392998 339476 599291 548668 375169 57840 443621 385807 227316 668444 891364 594327 817955 879988 247503 624797 895482 638422 420497 160002 423306 535664 122397 631390 150140 860921 504162 383238 281970 193812 570936 652045 833651 559307 547723 686213 255903 347478 117580
341177 922231 85478 1065099 513428 570187 681124 645698 688422 609193 662578 745234 837594 999999999 897914 53576 932389 675177 826989 349620 758390 204401 640770 189622 190151 542911 682333 902284 668608 756289 708967 633421 475445 614107 500571 438913 909200 392777 722585 309511 431018 751557 644432 1155254 516963 281210 753362 477899 876947 206450 444493 296290 567972 253580 727279 599386 297393 580233 709544 822146 206971 960660 979761 347604 297882 480480 849530 663147 517722 897291 752875 310488 267340 171379 747694 603072 578384 746390 228932 1071512 681937 979562 519144 837650 577416 845053 497288 717235 789873 981526 709320 911165 446855 125459 729622 329076 365593 584206 496379 733532
640760 625913 965127 748114 735750 655194 286772 281800 462575 406167 235527 559245 244843 897914 999999999 846631 287782 666812 752381 705799 1017439 930740 852209 955849 746387 363294 234875 7156 232387 171791 1028816 563460 710663 1076635 738876 463175 844729 827723 207340 949062 469369 475851 890252 745469 614893 832830 311650 952264 37540 974144 462430 667906 443897 859612 170887 1056178 692144 921029 279347 81277 970346 634486 574939 742687 601335 421875 300810 318514 382007 18683 896304 1024811 631827 923700 1094975 408108 827267 1109151 740977 645945 278649 664378 725134 367186 833508 98912 1036180 733101 623493 510156 412102 814949 826149 927184 788415 670327 840833 352796 472893 323026
309179 873509 136298 1017857 472804 524672 635346 592539 636590 555933 611150 695876 784021 53576 846631 999999999 878836 630005 783816 304623 732196 198863 606555 193220 139798 493902 633422 851102 618234 707316 685733 584165 432971 600099 460199 389751 868472 361225 669636 298781 378752 700122 612839 1106465 469026 251268 699865 457937 825140 239186 396394 245341 514925 258743 676219 584156 248774 553090 655986 771459 212051 911745 929266 306323 245715 428009 796045 618555 467543 845688 718683 314176 218160 167619 728044 549795 543706 727995 181700 1021555 628464 931213 477770 784600 543226 792494 486153 674758 742284 929821 656663 869105 414384 130548 689760 280019 336002 530741 443053 680058
766601 357745 1012228 464568 607394 512103 503211 308875 299484 328121 358376 349948 100880 932389 287782 878836 999999999 480563 517812 648146 825022 900966 679701 932331 750728 491318 424030 293653 387919 400425 851371 405691 599590 932429 615141 558695 596452 737306 254635 886467 523150 272962 718790 457761 502709 780656 180130 836466 257020 1060738 568564 650159 372386 971217 336260 913709 663201 771296 227192 322390 942468 358681 292277 677914 646630 475316 86540 532825 486436 269099 693350 969189 693276 904268 915087 333749 673968 931550 727534 358350 260102 387154 595434 133952 680664 211572 922271 531633 395135 224205 254083 563594 717194 922588 585005 633566 759181 354489 438101 200481
706743 267267 759953 394015 178784 105436 692411 432445 204290 288932 532510 133725 443844 675177 666812 630005 480563 999999999 160159 325642 352144 550726 199230 585780 493135 564904 620923 673950 572151 657978 371895 111715 204117 456516 191511 542286 259022 331508 477039 492255 466035 208043 238267 493532 170310 422249 357147 384911 629540 864566 562603 396343 275099 833992 575358 438930 383860 296850 391876 641715 587936 306112 350827 330754 501485 454627 406219 705736 530486 652419 230080 573134 553514 568791 436646 290746 202143 452524 448444 426488 404624 317829 168835 346726 208716 568666 466416 73266 130254 385376 255289 249570 289371 606094 125233 354854 361326 386608 316266 344044
865683 196867 910852 269730 316081 263185 822939 554829 309222 419414 656145 197177 511642 826989 752381 783816 517812 160159 999999999 479478 333093 686889 250731 721630 649062 707759 746517 759486 696988 773508 378149 253626 351563 502192 329261 695091 104019 460607 584091 614974 619922 277822 279988 380905 330430 562377 443873 476614 714954 1020429 715055 554928 416406 993533 689363 489156 540699 362091 496072 742066 721243 226558 296133 479590 661434 603869 461910 839604 675636 735957 200476 690803 713610 708399 432414 422753 290111 450631 603216 341392 517197 222927 308996 394591 295003 653802 546821 110619 128888 354911 351538 89573 410772 749058 121016 512674 491440 520942 467956 436768
444250 576258 434596 716171 174888 220568 593112 424070 366318 324985 489460 402512 567279 349620 705799 304623 648146 325642 479478 999999999 481178 254830 326766 287847 170446 434614 551746 711917 515539 616142 451784 291696 131013 424603 163563 357230 566531 137465 500894 245123 291718 422902 343940 808906 171801 132985 471315 275486 674966 541092 376086 95179 280232 524419 553973 404101 68319 311285 452112 647070 296116 615114 640801 38291 238809 317963 561620 591451 396096 698514 435168 324919 277571 263030 509044 320301 265370 515409 123804 729352 437142 632507 177585 532216 267104 626074 348945 371109 441757 651700 399828 565533 165461 291634 390248 55169 140340 353018 233430 450900
925425 529957 829495 576228 328836 375047 1011006 768555 555840 624669 864144 475726 795487 758390 1017439 732196 825022 352144 333093 481178 999999999 566902 173587 595379 629910 865878 947895 1024550 901342 994095 65705 454530 373380 215482 334417 814213 319633 373959 822187 465437 739169 556849 142608 689986 436665 481075 709129 287858 980370 964819 834640 576356 598991 983521 914286 212985 548084 179238 739874 987695 586331 558771 629207 456083 718307 745724 755479 1018766 827815 1003493 134380 513830 758750 597756 100531 624878 222546 119017 583215 669091 748497 551874 334118 692900 218925 919833 312186 293502 434435 686183 607150 348646 324765 646171 240218 534653 396711 712030 613113 695517
490369 814596 264758 943907 373628 453181 765131 654429 620877 574531 700660 648100 816720 204401 930740 198863 900966 550726 686889 254830 566902 999999999 470383 35054 196233 609887 744478 936243 718102 815713 513258 540376 348005 410493 360507 510871 756334 227000 733493 105924 471899 676008 466426 1044040 420787 129644 722488 280475 903362 405502 523756 263336 529710 454631 767398 396417 242227 393122 696368 863651 41503 853751 886951 231256 356725 513952 814588 754511 576063 926025 579891 119427 357101 33051 547521 569354 411511 545108 190253 971665 676813 867798 382562 786947 408989 860182 293016 576706 677124 902930 654517 764059 279539 81181 576975 269209 196244 584660 472293 701983
767045 431514 719172 520190 160319 202372 837419 596994 395184 453933 691500 332083 639121 640770 852209 606555 679701 199230 250731 326766 173587 470383 999999999 503340 488697 692813 774634 859264 728338 821891 176700 289382 206672 261941 168128 644069 294115 248777 653324 383643 568301 406903 39155 631622 263136 360212 548379 228609 815554 845043 664619 420383 426487 846322 742879 246076 395076 111525 573180 818668 499176 466787 526413 308663 557362 573021 604205 845273 654915 839018 112169 452543 601349 496958 242789 453780 63009 257316 440680 586386 579428 468849 163788 545799 63381 755792 296095 163289 309772 571960 446747 308939 194399 542587 129855 376944 277739 539112 439618 533259
494478 849583 241520 978940 408636 488131 782755 681299 654143 605241 724332 682763 847044 189622 955849 193220 932331 585780 721630 287847 595379 35054 503340 999999999 214507 629173 765192 961232 740399 837088 540308 574746 383012 431855 395522 528599 790389 261434 760464 130555 493530 709826 498319 1079088 454994 164507 753411 307859 929146 384518 540525 290336 560508 442839 791104 418832 271226 423447 725639 887519 19081 888738 921659 265432 374003 536971 846061 770943 596315 951601 612244 121641 369690 33217 572066 599958 445032 568820 215020 1006570 705227 902835 417599 819503 442358 887107 313067 611516 712134 937154 687055 798445 313560 64510 611249 299342 230623 612050 501423 732902
317957 733798 275252 878779 344004 387706 569045 478028 498611 424144 512781 556080 658861 190151 746387 139798 750728 493135 649062 170446 629910 196233 488697 214507 999999999 414696 550829 751508 527060 622982 590959 444383 301283 529816 332068 314755 736973 257182 556914 258930 280047 561475 500478 966725 329844 164169 570721 378391 721307 371519 327526 106174 381583 357629 579445 511334 109705 452106 532620 675927 231237 771991 789753 180338 160492 325088 666370 558284 381878 743193 599586 310014 165809 181357 640891 418198 425869 643821 48081 881830 508071 791608 347514 650671 426447 682689 427934 541313 603099 791555 520987 735664 305218 180882 560386 140461 239124 411577 312635 550532
284564 675579 605278 829210 539592 497686 159207 192539 411962 291797 140521 524676 391713 542911 363294 493902 491318 564904 707759 434614 865878 609887 692813 629173 414696 999999999 139520 366705 131113 213432 854516 456528 498763 854921 536348 104155 811774 571717 237291 653332 144090 468442 723857 875272 430286 538324 353515 709191 348807 611309 99770 364030 291671 500868 194595 834097 394723 721848 282549 283854 645902 702882 678111 472448 256289 121124 432115 157318 38944 366038 775261 718140 275798 595990 918017 287514 645962 927818 423264 772269 246477 731895 532931 460723 650607 332871 783402 637754 597574 641747 388669 792768 590839 589880 685132 384452 573941 191679 254595 342554
406465 676908 743623 823151 631393 572972 82754 191694 437692 332089 90522 551960 333969 682333 234875 633422 424030 620923 746517 551746 947895 744478 774634 765192 550829 139520 999999999 237096 49544 73961 944482 509209 595379 961266 630479 243673 848812 686096 184195 781403 272914 480999 808885 851526 513517 664987 332121 821090 228224 742607 238229 491256 350133 625448 88152 940350 520309 818686 263089 153598 781486 697991 658943 590036 394412 235470 385821 109670 169030 241213 844582 849656 415309 732113 1009705 330179 734870 1021139 555713 747324 233938 728315 623027 432121 740207 230379 899289 693842 625084 610211 400404 825264 698279 727886 745666 505759 692071 236500 340683 328998
643297 632665 969169 754466 742571 662162 287234 287996 469717 412982 240137 566389 251747 902284 7156 851102 293653 673950 759486 711917 1024550 936243 859264 961232 751508 366705 237096 999999999 235983 172714 1035863 570545 717358 1083451 745659 467016 851771 834126 213897 955037 474143 482987 897294 751248 621676 838748 318805 958866 44690 977268 466000 673507 450577 862209 175056 1062986 697881 927931 286352 83673 975789 641083 581290 748857 605924 426836 307602 318888 385974 24888 903450 1030641 636009 929042 1102025 414891 834222 1116187 746408 651908 285410 670947 731972 374064 840459 106062 1042728 740254 630599 516303 419252 821961 832747 932269 795567 676207 847126 358947 479113 330175
412790 628849 733812 776085 587307 526296 129937 142160 388149 283224 41029 502436 294169 668608 232387 618234 387919 572151 696988 515539 901342 718102 728338 740399 527060 131113 49544 235983 999999999 100605 899251 460444 552518 919831 586893 231298 799269 648085 140050 749657 247024 431809 763029 806977 468369 632812 285122 781730 217985 742403 230045 460520 302728 630597 64151 898928 488376 775110 215124 153911 756109 650585 613262 553772 374907 204520 343734 153697 150926 234928 796597 820175 401503 707553 964705 281487 689871 976445 528181 702766 185024 680825 578628 386960 695324 207222 861190 644969 575583 566412 351085 775745 657872 706293 697035 471744 655525 189325 297873 281067
476123 685918 817408 826203 684447 619520 115663 226205 464978 370739 131477 576655 320901 756289 171791 707316 400425 657978 773508 616142 994095 815713 821891 837088 622982 213432 73961 172714 100605 999999999 994484 546888 650881 1018929 684557 317569 873816 748550 191411 849591 343818 500357 857372 844718 564446 732833 340763 881838 173450 814182 312156 559992 395423 694937 84172 998043 588263 872568 278645 93294 853159 703371 657307 654377 467589 303639 376918 147572 241853 181512 885398 919328 489229 804084 1060231 369942 785700 1072400 626303 741128 256516 733925 675422 431424 791308 192500 961602 729888 648367 602675 422427 848231 757638 800792 783210 572121 756125 283912 396832 342102
894395 573719 777391 630952 315099 376420 1003861 770881 571416 628929 863444 501616 814688 708967 1028816 685733 851371 371895 378149 451784 65705 513258 176700 540308 590959 854516 944482 1035863 899251 994484 999999999 466063 356238 149836 318218 796052 376704 333806 829118 409797 722672 579753 138632 744924 430981 436189 724789 232784 992206 914963 816178 546393 599460 940206 916705 147460 516619 140732 749678 994247 530232 604677 672405 423204 690565 733518 778114 1009610 815933 1015689 178223 453543 727974 544859 66217 628472 209713 80806 545497 718286 755209 600157 322407 717923 204578 932487 248762 322237 468217 725872 623001 403759 289031 593520 273187 506498 353437 710756 605505 709851
618701 289678 718879 438209 202975 106634 580996 321037 108375 177238 420859 111823 352911 633421 563460 584165 405691 111715 253626 291696 454530 540376 289382 574746 444383 456528 509209 570545 460444 546888 466063 999999999 203024 529697 211816 441742 357274 343807 368455 502088 367130 141860 327912 522419 120179 411374 259696 431526 526608 809889 461602 340024 165119 764467 464683 510394 336040 369019 285344 533799 580471 327662 349123 309387 421431 350293 324067 594805 423257 549957 338993 585537 475078 552554 532075 179033 271907 546693 404864 438649 295239 348039 190959 274058 278512 466572 517087 184730 164984 362772 159128 341456 315829 583241 236691 304366 369662 275268 214739 244033
561354 466616 559323 598129 46746 105670 650343 435360 301189 305700 519542 303761 533279 475445 710663 432971 599590 204117 351563 131013 373380 348005 206672 383012 301283 498763 595379 717358 552518 650881 356238 203024 999999999 368860 38994 441163 436020 140790 503783 299869 366844 344650 231130 696358 98781 218771 435532 243297 676347 670874 461509 218561 266794 654888 578094 348069 197255 223877 436775 663731 386259 505769 541207 128105 351208 377654 514667 654650 460050 700317 309715 383106 396581 364974 419284 303161 150843 429107 254107 624079 432155 519943 46973 472069 154557 621002 328763 241890 329122 562824 345688 436146 118786 401991 259236 174474 167029 368849 254780 416500
846083 691165 673354 765458 340889 426659 1011195 804008 638067 670469 887831 590229 882130 614107 1076635 600099 932429 456516 502192 424603 215482 410493 261941 431855 529816 854921 961266 1083451 919831 1018929 149836 529697 368860 999999999 338042 781781 517028 288521 870810 304715 714425 660154 225916 879052 461926 365889 786994 152705 1041503 815686 800689 511690 634072 858801 946931 20916 479586 161138 799245 1032197 418574 725187 787364 389022 655656 735047 853101 1012235 816013 1065424 311444 328774 684134 443472 150462 668623 258508 142307 489834 843014 798131 724641 351603 798776 251822 984411 119380 424992 571707 833899 688419 541165 264155 491477 385778 478778 295912 737683 622117 769745
599204 458216 583368 583459 13209 106517 686905 466498 315658 332789 553090 303884 553529 500571 738876 460199 615141 191511 329261 163563 334417 360507 168128 395522 332068 536348 630479 745659 586893 684557 318218 211816 38994 338042 999999999 479997 408652 140436 532786 301644 405472 353178 192136 684848 123983 233675 456366 221769 704000 699037 500369 254391 296051 687856 610417 317463 231283 188240 462616 694391 396964 497216 537637 153918 389307 415314 531433 691810 497731 727949 272872 383525 433938 380232 381775 330769 111871 392035 284282 617032 460261 509337 22951 485151 115674 647581 307744 218659 320551 564076 362710 411157 104437 419951 229566 210474 169906 401435 289860 437960
209109 692391 502560 848041 485402 460662 254290 249834 422062 302176 231553 527188 457821 438913 463175 389751 558695 542286 695091 357230 814213 510871 644069 528599 314755 104155 243673 467016 231298 317569 796052 441742 441163 781781 479997 999999999 798255 494257 313223 560906 76957 484970 671658 905970 388982 448338 400987 632297 445837 516456 20660 276404 286361 414596 292560 761227 308378 658958 335762 385194 545746 723507 709458 393553 154600 97296 489676 244520 81590 464483 735870 621917 171679 495382 857364 296528 591762 865642 327874 805560 300456 750886 480596 506007 595671 423074 702003 612715 597031 682464 411016 783198 520044 487269 655088 303700 492573 217940 227136 386023
965718 247846 991676 257494 395862 357425 925864 657154 411126 523080 758337 297394 601304 909200 844729 868472 596452 259022 104019 566531 319633 756334 294115 790389 736973 811774 848812 851771 799269 873816 376704 357274 436020 517028 408652 798255 999999999 529625 683438 675695 722764 374809 312919 370803 427483 636760 540068 521529 807549 1106823 818307 647105 520415 1086608 789648 507578 630457 398706 595516 838809 788012 265036 341848 562227 759650 707565 548771 942943 779633 827790 206419 746485 811108 780339 419412 526511 346689 437876 690067 360226 618093 249509 390708 480972 350149 746859 581631 197141 225576 409542 451390 34853 476834 823400 180246 603933 560220 624680 571156 534473
564531 598540 470422 721042 152844 243537 729866 546841 440550 430711 619826 442450 666609 392777 827723 361225 737306 331508 460607 137465 373959 227000 248777 261434 257182 571717 686096 834126 648085 748550 333806 343807 140790 288521 140436 494257 529625 999999999 620675 161260 429137 485424 251885 824104 234660 111634 568755 138079 795146 598123 512863 223408 388141 609640 682784 268304 191491 195248 562021 773653 260637 637498 677764 100742 368028 454026 651660 728721 533080 819000 360569 243608 399631 250821 385153 427157 187373 389244 211843 757444 552439 649123 163370 611551 185738 742840 213205 350921 460936 702338 483270 537060 54382 294948 350019 190639 30843 476728 356556 549082
517150 496327 796412 640091 530171 453165 266943 79189 277685 201213 105341 386924 156731 722585 207340 669636 254635 477039 584091 500894 822187 733493 653324 760464 556914 237291 184195 213897 140050 191411 829118 368455 503783 870810 532786 313223 683438 620675 999999999 745354 293493 309244 690568 667468 408893 629952 150338 744984 174554 826991 320320 470285 237028 727739 108006 850248 492199 716718 88020 165509 773936 515637 474816 537239 425645 243522 203942 292924 236067 198353 706789 822717 465245 729134 895326 202529 624428 908829 545799 563253 73911 546097 519820 247932 630514 126689 828840 547179 457864 426508 232558 657333 618863 737158 601620 468385 634360 149181 267464 150703
572484 759470 370240 879162 313923 404235 811928 667852 594248 568474 727173 603143 809711 309511 949062 298781 886467 492255 614974 245123 465437 105924 383643 130555 258930 653332 781403 955037 749657 849591 409797 502088 299869 304715 301644 560906 675695 161260 745354 999999999 510214 642805 374486 983738 387900 116946 712722 177624 918962 511423 576352 290222 524041 557013 792983 290496 261328 296152 696905 887653 120916 798363 838993 210770 412307 546200 800096 804991 616884 942364 489386 83534 424618 138812 442079 564070 329143 439362 233916 918511 682257 809417 324590 764552 325549 870932 188032 507065 621982 862646 633863 686710 205075 187083 499526 279426 132940 596793 478088 692507
263790 625479 503151 781144 410379 383708 303296 219628 355272 238735 234155 456443 423424 431018 469369 378752 523150 466035 619922 291718 739169 471899 568301 493530 280047 144090 272914 474143 247024 343818 722672 367130 366844 714425 405472 76957 722764 429137 293493 510214 999999999 419847 596561 843867 312088 394674 354573 567013 446685 538090 97587 220305 216872 450844 300404 693702 250726 586827 296069 396724 509431 657922 648770 329241 133136 49971 447849 299954 106749 467598 659133 576944 172284 460622 784725 232686 516974 793524 282800 745197 263434 684494 405174 455526 521061 414188 639986 536118 524925 626921 349885 708401 451036 459684 578182 240641 430345 169769 152511 337515
683319 208130 836322 363395 343823 247019 561037 291978 66192 182815 390858 83828 240430 751557 475851 700122 272962 208043 277822 422902 556849 676008 406903 709826 561475 468442 480999 482987 431809 500357 579753 141860 344650 660154 353178 484970 374809 485424 309244 642805 419847 999999999 446027 425028 256290 548298 166051 571077 438331 914779 502395 455301 204939 853840 416352 641694 457721 499121 221727 464461 716714 238549 233574 444937 506766 387689 198733 581382 443117 459884 428346 726328 560270 685887 644155 188445 402001 660260 526795 329347 247248 266059 331829 139010 408704 377002 656108 264212 149584 230364 81279 348132 457435 713315 319155 425764 510824 277213 278286 159664
787211 465535 720750 547897 186258 238297 870334 633067 434078 490610 726643 370873 678156 644432 890252 612839 718790 238267 279988 343940 142608 466426 39155 498319 500478 723857 808885 897294 763029 857372 138632 327912 231130 225916 192136 671658 312919 251885 690568 374486 596561 446027 999999999 660317 295905 363246 587163 209733 853686 849997 692102 438738 462008 857421 778953 211041 411832 85787 611071 855769 492721 500043 561458 322217 578678 603476 643359 877399 685669 877200 115058 438803 620823 494504 204844 490269 80429 218928 452810 618786 616657 500735 191548 584902 77468 794076 269849 199400 346650 608546 485622 331034 198471 541288 160837 396091 278963 574047 471948 571898
1107638 233023 1240730 113975 671974 592338 934191 684720 490901 605276 769331 411031 523887 1155254 745469 1106465 457761 493532 380905 808906 689986 1044040 631622 1079088 966725 875272 851526 751248 806977 844718 744924 522419 696358 879052 684848 905970 370803 824104 667468 983738 843867 425028 660317 999999999 638537 915109 524900 856105 714573 1331140 922296 862378 629968 1277258 769520 867310 857960 742993 596868 775858 1081458 194758 197298 819996 930094 808960 468012 960358 855645 726791 568884 1062911 983879 1061245 790066 611252 667844 808548 926363 104217 631661 176638 662296 420121 673196 665599 927689 479939 367914 242102 495014 341466 778952 1096820 501814 826487 854280 690888 702920 533519
539566 405567 602409 548937 121457 72658 574503 343737 206561 208841 433092 230718 434620 516963 614893 469026 502709 170310 330430 171801 436665 420787 263136 454994 329844 430286 513517 621676 468369 564446 430981 120179 98781 461926 123983 388982 427483 234660 408893 387900 312088 256290 295905 638537 999999999 292310 336824 341774 580052 699428 409636 228747 172494 664136 488551 441391 220284 309241 339089 571050 461151 444218 469098 189564 332208 311517 417250 582139 392763 604006 347406 471389 383685 432450 496341 206786 221502 508132 288039 557633 336280 462617 111563 377361 226983 523853 427408 232110 273278 482162 248637 419711 217550 463157 268467 189489 257542 280551 176491 317735
481732 685178 358999 816018 246880 323664 697295 552036 494893 457925 610232 518562 700262 281210 832830 251268 780656 422249 562377 132985 481075 129644 360212 164507 164169 538324 664987 838748 632812 732833 436189 411374 218771 365889 233675 448338 636760 111634 629952 116946 394674 548298 363246 915109 292310 999999999 604251 215371 803103 486858 464644 174370 413136 504026 676074 347658 144682 301888 584361 770846 169144 724332 757359 103822 304216 429625 694116 691424 501423 826408 472131 192978 323945 146690 481987 453193 298347 483644 127703 842063 568214 738714 255118 662922 297006 755935 264741 451795 547829 774117 530847 642171 165889 186924 456540 162678 84819 481055 363281 583849
609862 345999 833971 491062 450481 360341 414585 161097 153527 148316 245965 248395 97893 753362 311650 699865 180130 357147 443873 471315 709129 722488 548379 753411 570721 353515 332121 318805 285122 340763 724789 259696 435532 786994 456366 400987 540068 568755 150338 712722 354573 166051 587163 524900 336824 604251 999999999 677570 274134 887997 414071 470062 192916 805416 258171 767259 483536 627253 71984 298741 763977 365923 329248 502623 471845 309777 96229 438705 338603 296416 585548 794677 520559 724947 790549 153811 530721 805555 547477 421038 107320 396297 438897 107221 537250 212814 763470 421840 315473 288358 102020 512376 554314 742599 477202 454241 588535 185269 258093 20509
693719 645000 544763 746224 229077 324903 866924 673978 537060 548668 751913 512968 774982 477899 952264 457937 836466 384911 476614 275486 287858 280475 228609 307859 378391 709191 821090 958866 781730 881838 232784 431526 243297 152705 221769 632297 521529 138079 744984 177624 567013 571077 209733 856105 341774 215371 677570 999999999 918464 683244 650834 359901 508695 715329 813435 133406 327677 125222 679958 902184 298485 682356 734267 238745 503307 590741 753104 866341 670457 942425 323622 231307 531436 312157 270219 545924 188904 270146 337489 803401 674316 688181 241032 705576 183243 863821 85980 377587 512697 770080 584469 537482 126121 360845 355966 328620 143248 605224 486439 658883
630201 590105 945939 714277 700632 619145 288906 251111 425272 371214 215071 521710 208431 876947 37540 825140 257020 629540 714954 674966 980370 903362 815554 929146 721307 348807 228224 44690 217985 173450 992206 526608 676347 1041503 704000 445837 807549 795146 174554 918962 446685 438331 853686 714573 580052 803103 274134 918464 999999999 959989 446623 640136 409797 848416 154218 1021104 663561 885375 243173 80418 943295 599448 541176 711531 579452 398243 264937 320818 364265 23970 858940 995522 612199 897250 1058340 373371 791276 1072608 714129 614153 244213 629471 689914 330827 797549 61372 1002686 695662 586065 477499 374705 777895 792395 902187 750985 640920 808907 322172 441638 285648
341074 1099228 144400 1247299 711543 759161 718160 756817 849275 753901 747477 920392 961413 206450 974144 239186 1060738 864566 1020429 541092 964819 405502 845043 384518 371519 611309 742607 977268 742403 814182 914963 809889 670874 815686 699037 516456 1106823 598123 826991 511423 538090 914779 849997 1331140 699428 486858 887997 683244 959989 999999999 513698 470943 717561 136312 805792 801891 480740 786670 833555 893837 399268 1136665 1147546 545120 416550 586980 983202 693253 597541 977328 957212 498901 367656 372725 952346 747549 782329 950398 417289 1241948 801476 1157881 716191 982611 781668 939523 697370 912160 971790 1140717 861689 1106596 651893 324344 928582 510364 571517 706299 642655 869541
198041 710098 505640 865672 505851 481295 242536 260191 439982 319597 233952 545992 467715 444493 462430 396394 568564 562603 715055 376086 834640 523756 664619 540525 327526 99770 238229 466000 230045 312156 816178 461602 461509 800689 500369 20660 818307 512863 320320 576352 97587 502395 692102 922296 409636 464644 414071 650834 446623 513698 999999999 293767 305157 407977 292625 780177 325892 678867 347564 383423 557922 740848 725529 412124 167039 114998 501325 230759 84843 464567 756529 635967 178465 507328 877340 314057 612162 885515 342788 821479 311883 768425 501106 519771 616040 426575 719801 633147 616158 697231 427597 803040 539400 497538 675658 322228 510595 232694 247151 399670
349071 629700 381252 776472 264625 291764 523097 391170 392534 322228 440089 451398 560837 296290 667906 245341 650159 396343 554928 95179 576356 263336 420383 290336 106174 364030 491256 673507 460520 559992 546393 340024 218561 511690 254391 276404 647105 223408 470285 290222 220305 455301 438738 862378 228747 174370 470062 359901 640136 470943 293767 999999999 278660 439507 506557 491603 32317 405730 436967 602340 303652 667627 683928 124492 145159 256361 564942 517867 327053 662888 527242 359764 182395 259475 602781 316487 359676 608583 77584 776384 415310 687919 265443 546439 361657 596966 426230 450039 500876 685396 415921 643060 258524 272829 475026 44094 217778 321718 213394 449679
479205 408768 650632 564372 293951 224125 418396 171769 139276 44881 265153 240846 287398 567972 443897 514925 372386 275099 416406 280232 598991 529710 426487 560508 381583 291671 350133 450577 302728 395423 599460 165119 266794 634072 296051 286361 520415 388141 237028 524041 216872 204939 462008 629968 172494 413136 192916 508695 409797 717561 305157 278660 999999999 650384 317345 613454 290814 481523 174074 398558 571185 441739 437288 313271 304281 190743 286628 430808 259255 433763 494710 604929 357169 532054 665378 40074 391574 677944 355667 533537 165621 467912 283952 269681 397392 355492 593137 348340 311321 423750 144128 502340 382670 550415 398068 261334 404640 113636 75065 172408
218987 1049077 233802 1201584 699305 730496 593683 662905 787648 681820 640434 871088 870582 253580 859612 258743 971217 833992 993533 524419 983521 454631 846322 442839 357629 500868 625448 862209 630597 694937 940206 764467 654888 858801 687856 414596 1086608 609640 727739 557013 450844 853840 857421 1277258 664136 504026 805416 715329 848416 136312 407977 439507 650384 999999999 694684 842723 457704 804451 745321 778538 460452 1084936 1087230 537868 347210 496687 898243 567191 492803 864290 957141 564024 293573 422116 984883 675492 783473 985457 405670 1183185 711291 1108495 701751 905534 783978 833336 744729 889520 929289 1072664 792665 1082113 660409 378382 913578 482860 587288 620410 575854 788278
476941 604024 794247 746438 609508 540692 167417 145894 380982 289747 66773 492485 248282 727279 170887 676219 336260 575358 689363 553973 914286 767398 742879 791104 579445 194595 88152 175056 64151 84172 916705 464683 578094 946931 610417 292560 789648 682784 108006 792983 300404 416352 778953 769520 488551 676074 258171 813435 154218 805792 292625 506557 317345 694684 999999999 926117 532796 797666 194626 96487 806239 622629 579299 591845 431344 254400 301936 196590 211218 172000 803575 865947 460965 758562 982676 289409 708860 995289 577147 665491 172546 653141 600030 352457 714631 144790 894888 646922 564213 527560 338258 764123 688119 759774 700547 513653 692576 209248 327022 258587
827109 676573 660122 753941 320472 406927 990318 783277 618738 650013 866959 572570 862593 599386 1056178 584156 913709 438930 489156 404101 212985 396417 246076 418832 511334 834097 940350 1062986 898928 998043 147460 510394 348069 20916 317463 761227 507578 268304 850248 290496 693702 641694 211041 867310 441391 347658 767259 133406 1021104 801891 780177 491603 613454 842723 926117 999999999 459546 142601 778963 1011500 406104 711007 772257 368683 635761 714185 834033 991409 795186 1045031 301352 318906 664733 429294 157166 648127 239760 151219 470863 829378 777636 711128 331261 780163 233061 964122 108824 409354 555580 817824 668952 530817 243300 477550 371609 458377 276375 716871 601226 749912
