NAME : synthetic_000436
TYPE : CTSP-D
DIMENSION : 100
GROUPS : 8
RELAXATION_LEVEL : 1
EDGE_WEIGHT_TYPE : EXPLICIT
EDGE_WEIGHT_FORMAT : FULL_MATRIX
EDGE_WEIGHT_SECTION
999999999 475064 968703 356261 348123 375606 546073 323290 695701 633723 614804 436522 254140 164341 355995 270122 48576 591751 320742 489649 496974 611088 681392 553734 600043 525562 251854 515962 218902 139800 66787 608859 575844 513317 732464 404423 479008 556638 308280 194329 545576 184785 264146 265619 600328 329164 134369 701334 485838 59399 321458 620611 208691 418154 456635 774271 655276 193100 217047 312482 102209 416695 652653 887926 209677 686862 653705 623866 471704 725475 644973 470486 127520 278482 353286 429635 643609 336685 705802 693639 479877 565315 608589 650485 222815 784095 375581 45279 516655 411256 309673 495594 727529 487092 418290 462594 255897 554072 202292 258157
475064 999999999 746663 736562 225670 794441 915052 539850 380913 823424 429381 642442 705770 333710 802306 421367 456129 174985 296829 534677 754665 848585 802789 107347 341280 52534 332509 143651 256983 614352 522854 235596 381071 466830 825727 405991 85117 103700 532526 619942 265794 409054 326043 740590 756837 226870 344869 609341 603645 514561 153767 382956 677991 532322 221449 537085 536761 455548 503064 685111 516803 283240 337888 745812 353256 590421 268673 526819 241283 905861 484458 603426 362502 644696 479244 200739 874154 150018 843183 312248 174024 103121 410981 782098 331881 471003 700702 493513 128396 200309 753143 20804 672804 165186 278105 177867 381177 671833 276933 531857
968703 746663 999999999 943822 942551 1342528 1011774 723527 369434 698587 359390 698690 1212759 820769 1092172 1093457 988776 875391 1002629 527856 778939 776845 592523 812263 413866 722249 1003093 603502 828909 1074884 1035462 517280 405261 464477 553823 567458 830579 665001 733436 961531 490306 1037821 1003462 1155489 637497 934128 911013 302976 592955 1028062 799855 376927 1150029 611200 568346 212198 321380 1081378 802603 914252 921554 569020 409576 157452 998713 309023 497755 356045 987712 710620 323775 612078 939244 894213 648495 601044 775419 745308 625263 464272 920393 678458 370168 604534 750324 291993 856363 1011459 618287 939302 1269949 739072 328728 592201 1016537 924422 713811 581738 877171 1169707
356261 736562 943822 999999999 681414 552792 191245 242063 796922 367061 654873 247979 424694 414955 156081 625548 404371 889767 668723 419296 215100 311342 457679 836095 695294 777282 603634 712463 503947 314411 376869 773207 639113 502922 517799 437354 771348 785348 239220 164883 676965 540945 615366 293579 372720 661341 462790 641139 351863 377749 601792 694015 353044 339727 611161 799956 631259 544156 234307 51513 259241 537896 766181 817382 562791 634914 813671 596255 806610 445659 655548 332396 469561 92132 328884 600085 342339 587171 462913 841746 798564 799618 659619 427448 404819 862763 89711 383602 721134 739633 469047 754072 630504 671227 762495 783581 364739 381132 515851 591352
348123 225670 942551 681414 999999999 597630 871894 547726 589489 867409 597782 667205 530873 277947 703683 201753 311173 262603 71702 619402 763485 871649 875774 248790 528687 273626 124159 350143 193245 472429 372550 452101 548079 582645 911711 489568 174735 329338 535681 532806 452403 214128 113855 599870 812085 20129 220495 756531 664130 365638 150010 566561 521081 586044 377523 730353 688884 254735 471745 631809 426677 402862 544014 917211 159436 738046 489577 669850 125392 957559 648279 657210 220773 592302 518906 345891 901561 205255 911211 533849 137531 327309 582265 849620 325358 682788 673186 347161 339159 64144 570215 243189 809748 352000 92402 119119 393296 738289 167083 318474
375606 794441 1342528 552792 597630 999999999 689407 655845 1066925 911929 990278 744279 136577 534904 434201 405953 364768 858904 534188 844951 759463 863274 987430 844416 973618 846954 473794 868927 563554 276297 309110 968274 951410 882448 1044887 775715 768081 890615 642008 426812 915422 387498 483775 261363 901167 586291 466861 1066830 820838 317025 648351 995610 209179 765624 825381 1149842 1025922 343454 555663 538953 426946 791252 1022787 1254589 444134 1053617 1012646 993343 688976 995736 1019196 802681 442424 529168 709210 796223 894736 681456 1001435 1054739 730711 895113 984193 955831 598162 1157011 622126 335584 866214 656423 84184 814994 1085171 846428 618594 712258 628734 878602 526817 288259
546073 915052 1011774 191245 871894 689407 999999999 387959 927025 339091 771234 333584 575372 602112 255261 813962 593753 1073632 859967 519142 233646 259691 450030 1017305 829178 952766 794699 876343 691472 487607 561417 925510 765663 615438 507233 576087 955341 955120 391002 352383 823942 730252 806482 431257 381404 851792 653865 713442 434161 563184 786523 820122 510009 454610 768915 899745 722281 730883 413478 240086 450370 691908 902264 869183 753677 712057 962979 689360 996909 385508 759686 418046 660801 279790 469086 762691 278734 767477 437188 986109 986761 970424 779873 426620 584179 981012 215769 570883 886758 929407 609815 931554 684112 833629 953620 972197 535536 430380 705745 771961
323290 539850 723527 242063 547726 655845 387959 999999999 554950 324727 414647 121602 519551 273081 374416 565545 365023 707459 559581 197791 218701 324006 359071 645647 453540 572795 510058 488983 354513 379640 379538 538766 397171 266621 409208 195542 591645 570023 15011 241748 439102 481097 519034 437176 280745 528290 360553 426974 166074 375079 430502 452027 449127 114137 380958 564161 403550 505081 106556 200502 235548 304194 524908 612580 477876 417142 577441 368413 665310 416776 419841 149046 380490 173253 86822 375348 353848 399357 385928 603148 639144 585932 418463 328609 224927 621276 174404 367332 499917 594857 575192 554514 433823 446027 638551 627485 161741 231098 386114 579492
695701 380913 369434 796922 589489 1066925 927025 554950 999999999 701529 166653 595243 949826 532607 918760 760143 702164 506634 654745 415093 707224 759134 632092 442854 102511 353342 667394 240637 512072 823851 760205 147976 161430 315467 627315 359596 463407 295609 557956 752776 151944 718387 665425 929370 627305 583946 605321 330412 504621 751920 457757 107725 898789 472415 242167 170271 267101 764932 591699 753302 680488 282871 46165 400079 671508 315235 131351 282935 622033 757469 204978 516824 632277 720914 468170 272849 773060 407702 674850 108253 553368 309050 152525 625173 475592 94191 725049 732329 253766 578201 1005235 371686 402160 239576 656187 558570 467851 541448 556670 851748
633723 823424 698587 367061 867409 911929 339091 324727 701529 999999999 534899 203150 778600 596876 516760 888237 679342 997731 883386 301772 152965 81290 112198 930644 619713 845392 834785 735737 674740 650725 680407 748597 548721 395998 168147 419269 888142 826487 338555 490166 643791 802807 843737 657845 74292 848466 685140 419077 220902 677784 739300 596313 705108 291573 622853 626642 451325 823161 421984 373144 534997 547345 690563 547364 802272 423660 775743 425306 980580 92337 504334 219999 704436 384871 351745 631271 77358 699360 99948 785759 947021 844175 549505 94194 542053 730903 289897 674577 750517 910227 827752 834149 372286 693009 959238 937331 474270 162427 709343 891688
614804 429381 359390 654873 597782 990278 771234 414647 166653 534899 999999999 437702 863943 462481 787633 736439 631866 587626 652829 253429 546369 593402 467013 517840 101908 421285 647373 291119 470285 729358 681513 247728 49819 155830 465792 228093 513972 375659 420394 634256 166024 678714 648588 821805 460694 587049 551652 187634 342089 673820 450097 65475 805117 319263 220797 159901 115314 722043 470967 615130 578141 209821 161196 320310 640788 169498 259830 121035 661242 591615 55679 355693 579877 586613 329211 251919 606720 394521 509943 258472 600001 392915 19685 459060 393544 209994 577091 656336 308189 604430 920870 428070 257544 264258 678873 600091 364271 375213 518767 810362
436522 642442 698690 247979 667205 744279 333584 121602 595243 203150 437702 999999999 608026 394293 401940 685926 480602 813987 680872 185920 116818 207706 247186 749528 499469 670515 631645 573618 474030 472208 487884 607078 433858 281971 302090 256458 700543 660253 135422 317827 502643 600907 640636 505400 163982 647976 482011 395740 105962 484381 544573 487837 535107 125209 461051 568859 393639 622980 221114 227635 341559 382580 572852 569500 599210 390965 641260 359598 782927 295283 427099 87478 501532 221095 163320 462359 235767 508901 269346 660457 753397 677144 446668 215728 342426 647430 158756 479045 586538 712431 661190 655367 382525 530038 758536 742606 275999 137877 507110 694500
254140 705770 1212759 424694 530873 136577 575372 519551 949826 778600 863943 608026 999999999 418032 322528 362897 254606 792746 476652 709859 626761 732770 851884 768543 853747 758009 408473 764575 460089 140515 191029 860364 827007 750574 909036 645306 691569 796223 505812 291031 799661 317319 420166 145807 765757 516277 364405 933240 684343 199518 554113 873218 73549 629900 710522 1023831 894377 282455 420332 406667 292998 670056 906781 1121067 371498 920435 905141 861314 637581 863771 890359 666144 343859 394484 574730 683012 764640 579900 866754 945875 668131 802751 858948 820258 475766 1037925 489430 220133 763733 593631 57196 726570 949935 738224 570511 649603 500210 742072 430009 262377
164341 333710 820769 414955 277947 534904 602112 273081 532607 596876 462481 394293 418032 999999999 468675 308762 170955 476064 286580 383955 486157 595653 618122 426092 438758 380533 240748 354690 89383 299739 227676 445176 420292 382045 660820 272810 357908 403574 260166 286522 381806 232668 248621 418710 547157 258061 99686 571601 407685 219353 188500 461890 371903 330667 292491 620045 517227 269545 194300 363822 183329 257413 489069 753555 213841 555372 490014 488780 399862 688423 498184 397240 126306 323303 260634 265295 626162 185619 650018 529548 384738 414235 454224 589728 73886 622142 397205 199738 356774 330438 472904 353136 608460 323865 367060 370486 134941 481713 113189 356003
355995 802306 1092172 156081 703683 434201 255261 374416 918760 516760 787633 401940 322528 468675 999999999 603364 397290 938629 675350 564686 367648 453614 611867 893247 816254 848255 605040 803508 550959 256677 347840 876543 766244 640984 672130 562395 822186 866134 367499 182550 787600 526705 617580 177060 527702 684462 485351 790674 503679 352150 655151 820313 261608 482267 712543 938576 775452 516164 329196 177936 286602 645760 884144 969886 562384 783288 919275 740254 827667 589501 794242 484010 482932 201261 458489 695961 482398 653259 614646 951527 833028 878433 790126 582080 482222 991282 245332 365807 809576 766291 354700 821558 783784 765270 773551 816251 460708 536723 549064 541157
270122 421367 1093457 625548 201753 405953 813962 565545 760143 888237 736439 685926 362897 308762 603364 999999999 221603 456130 132173 692606 760013 873807 921308 449888 685147 471718 92870 529562 268003 348581 256392 633570 688800 683290 966676 576786 376486 524369 551084 461660 612996 86509 96423 464068 845972 195712 209907 870261 713513 253108 302682 718248 374056 637729 527509 883562 809964 87752 466577 582567 371298 527711 713979 1045832 97481 853018 674357 784858 283042 980574 780671 701634 186282 548414 567767 494733 905925 352943 950679 718694 327343 524402 723963 891859 380357 854328 644255 243320 521572 254460 391885 440323 912574 521176 212883 309180 443650 786697 219350 119160
48576 456129 988776 404371 311173 364768 593753 365023 702164 679342 631866 480602 254606 170955 397290 221603 999999999 561901 278084 523179 544265 658393 723987 528231 609479 507741 207845 510047 205678 163001 66736 606647 590657 539625 773959 429795 452244 543157 350040 241536 550669 136586 220348 291291 643987 292985 111399 728947 525045 58513 302760 632827 221935 454983 460675 790222 679592 145167 259834 360965 150533 428322 658038 914219 165239 713804 651337 649265 432708 771312 665243 510419 95673 327056 388176 431805 690852 325510 749491 692569 445796 550473 624290 693327 238522 792476 423973 37728 509129 375064 306937 476884 758656 484473 376438 428049 281617 594717 179292 214470
591751 174985 875391 889767 262603 858904 1073632 707459 506634 997731 587626 813987 792746 476064 938629 456130 561901 999999999 325067 709579 924471 1020971 977665 70633 491735 166871 386628 296934 389077 724900 626679 360396 541695 639715 999881 580923 118425 214683 699053 759197 421625 476661 375905 853192 931605 276478 457485 772570 778339 619134 288018 534006 779078 706328 392614 674009 699425 517017 660201 838343 652679 457824 470010 894948 421391 753797 377852 692852 185618 1080671 643304 777759 466715 797693 651339 374543 1047138 308572 1018136 414273 128794 199100 568372 957077 490441 586404 861978 599304 279773 202504 832796 167306 838612 329621 253623 146989 546425 846793 390761 575215
320742 296829 1002629 668723 71702 534188 859967 559581 654745 883386 652829 680872 476652 286580 675350 132173 278084 325067 999999999 651915 770159 881077 900443 317914 589266 345242 71466 417191 213791 433003 333313 520138 603530 624495 939841 525604 245381 400529 546480 512762 513925 160768 58862 557894 832299 71391 208075 804013 688639 327366 203109 625764 474302 610552 434796 790654 738509 195148 473946 620920 409867 451367 608928 970200 113768 785858 558609 717307 161304 974790 701496 679898 199184 582803 541498 402386 911944 258417 933955 602976 196566 398836 638244 872991 345607 748521 669982 311061 407076 122709 512300 314650 853795 415721 98692 178166 413921 763078 174253 250635
489649 534677 527856 419296 619402 844951 519142 197791 415093 301772 253429 185920 709859 383955 564686 692606 523179 709579 651915 999999999 292983 348374 268122 640513 324466 551038 619381 436010 438778 569352 552796 447448 255333 99711 294953 132144 606508 527586 209192 439205 342348 615619 625394 634627 229498 602621 483444 229215 89599 546902 476265 307406 641553 83856 324270 383874 211969 649059 289543 386932 418324 252210 397274 415059 596767 219852 476264 177015 719124 375768 241285 102268 509127 366418 136861 336382 366178 428066 308662 489599 675279 545476 263881 248025 312718 462370 334906 534920 451325 650892 766401 543089 240250 393981 711246 668386 249517 140897 482943 731907
496974 754665 778939 215100 763485 759463 233646 218701 707224 152965 546369 116818 626761 486157 367648 760013 544265 924471 770159 292983 999999999 114129 244569 861314 613372 784524 715430 689974 570872 501373 538266 723659 546328 392009 304868 373275 809482 775976 229148 340455 619035 673620 725416 504883 162405 743780 565100 479816 204703 536427 649203 599521 553384 241420 577630 668219 490041 689373 296893 220512 395656 499126 686734 638850 679748 478453 757413 457769 882787 237339 530288 190733 581166 234870 277619 578228 146639 617198 247821 775712 857811 792716 556757 215463 443290 754681 137381 535351 702688 812447 675279 768300 452411 646398 853211 846035 380273 197201 599101 752735
611088 848585 776845 311342 871649 863274 259691 324006 759134 81290 593402 207706 732770 595653 453614 873807 658393 1020971 881077 348374 114129 999999999 193482 955852 672257 874769 827734 772062 678484 611371 651724 794350 602205 446861 248554 452464 908062 860958 335992 450781 688988 787467 837508 604914 141329 852148 677312 491768 260516 650048 752012 652319 659875 319498 658724 695572 518078 803496 409348 326680 509682 581156 744545 626971 792641 494811 824405 489776 989110 135894 567542 253723 694066 345684 369633 663456 32693 716573 177522 837814 960885 878255 606614 174248 548426 794889 245614 649284 785935 918627 779261 860895 449099 728693 962203 949892 483006 218774 708833 866584
681392 802789 592523 457679 875774 987430 450030 359071 632092 112198 467013 247186 851884 618122 611867 921308 723987 977665 900443 268122 244569 193482 999999999 908476 560176 818214 858870 699856 687285 718076 734560 697796 489256 347144 60299 398689 874177 791957 374018 560854 595806 838222 866601 740535 86473 857871 712898 326608 211932 730831 738035 531391 778514 290126 590108 538366 370225 863840 464448 454776 588358 520037 627341 438996 830258 334344 719913 349501 981580 127273 428651 220922 735110 458760 358961 603977 185383 692535 43050 724348 940932 809985 483723 31648 554837 650267 373168 724693 715757 912259 903708 811023 271483 658938 968171 933197 486587 137550 726886 938439
553734 107347 812263 836095 248790 844416 1017305 645647 442854 930644 517840 749528 768543 426092 893247 449888 528231 70633 317914 640513 861314 955852 908476 999999999 422903 96609 371031 226837 342412 690332 594365 295348 471564 569438 929974 512732 76986 147883 637896 712011 351819 457526 361722 818275 863774 258379 419795 702313 710676 586448 238138 465200 748830 639637 322196 608403 629195 500977 604121 784582 606647 388447 404543 827089 401007 683517 316584 622324 206432 1012730 573500 710657 432587 743983 586412 304785 981487 249833 949166 355401 136806 133806 498675 888280 433128 525703 803996 565951 209710 198426 811862 97463 768133 258999 265129 150928 485801 778396 351465 567251
600043 341280 413866 695294 528687 973618 829178 453540 102511 619713 101908 499469 853747 438758 816254 685147 609479 491735 589266 324466 613372 672257 560176 422903 999999999 327043 593398 198655 427423 725460 665414 145821 71221 225396 563165 258003 426393 277803 456151 650672 76972 636443 592863 828781 545541 520370 517332 289066 413799 657255 387095 42297 800755 375209 157739 201670 217169 682011 489299 651242 580218 183941 73391 405198 592884 271150 160351 221202 579272 682418 155894 424405 544953 618576 366902 190450 688439 333420 603226 166052 514719 294551 82366 549592 378138 184268 624757 638157 215158 527274 909670 337327 359381 179915 603886 516715 366545 457626 474060 769851
525562 52534 722249 777282 273626 846954 952766 572795 353342 845392 421285 670515 758009 380533 848255 471718 507741 166871 345242 551038 784524 874769 818214 96609 327043 999999999 383801 130232 306885 665103 574430 205457 374958 476189 837666 426152 113859 60311 566451 665714 255282 461356 376966 790842 776944 276393 396380 605744 624617 566101 205014 369323 729469 556168 228917 515806 532614 507733 543078 725999 563861 299113 312888 731839 405430 586958 232787 526058 273052 925407 476936 625933 414522 685840 507322 214801 899234 195072 859432 274754 202485 54093 402157 799058 372756 439990 737519 545015 113114 241602 805570 32011 671764 163408 317909 210285 417312 690365 328739 583317
251854 332509 1003093 603634 124159 473794 794699 510058 667394 834785 647373 631645 408473 240748 605040 92870 207845 386628 71466 619381 715430 827734 858870 371031 593398 383801 999999999 436899 184142 361545 261909 540913 599213 602231 901182 498299 295272 434604 496308 445277 520710 91185 12637 486514 787296 112654 150425 786937 648247 256040 209824 627142 403506 570895 435973 792579 724687 130600 418557 556851 344396 439948 621233 959591 42670 769327 581934 700864 231759 926797 692915 637984 135852 519603 500977 403163 859148 260547 890580 626232 260136 435602 634342 830429 307351 761584 609678 240038 429156 185449 446469 352038 832190 428330 170075 241571 373981 722379 137082 199565
515962 143651 603502 712463 350143 868927 876343 488983 240637 735737 291119 573618 764575 354690 803508 529562 510047 296934 417191 436010 689974 772062 699856 226837 198655 130232 436899 999999999 305721 653947 574203 104014 244765 353906 715553 319622 228484 92158 485347 623245 125209 498417 433407 773070 664951 345900 402499 475656 515403 565669 228818 240717 724652 452952 113349 393480 402501 545830 480963 662583 530513 191261 196185 603829 447044 456900 145937 396732 384233 811761 346749 519222 426504 624068 413757 113664 794374 187769 741852 189856 317672 110225 272063 682653 322157 333070 660996 544749 17174 337731 816721 138680 542133 43580 415651 321011 348148 576810 343067 629530
218902 256983 828909 503947 193245 563554 691472 354513 512072 674740 470285 474030 460089 89383 550959 268003 205678 389077 213791 438778 570872 678484 687285 342412 427423 306885 184142 305721 999999999 358653 271328 404829 423648 418091 726092 314863 271610 338406 342583 370376 360555 209517 188524 483961 620884 173946 96790 603223 475367 262835 104815 457125 425041 397197 271043 621176 542051 254621 282742 452933 264388 260670 466534 777829 171101 585754 449116 517409 312355 765293 513161 467197 121660 412476 328622 239408 708330 119836 721458 491423 295356 346603 458746 660222 133129 605042 486114 241692 303973 242378 511389 277321 648059 283307 284575 281174 201547 549797 48713 342630
139800 614352 1074884 314411 472429 276297 487607 379640 823851 650725 729358 472208 140515 299739 256677 348581 163001 724900 433003 569352 501373 611371 718076 690332 725460 665103 361545 653947 358653 999999999 100075 744672 694347 611614 774177 507688 614705 696396 365739 160919 676020 276616 374167 128295 632559 454774 270895 793162 544970 106792 460610 742328 75775 489457 588707 889169 755505 260905 279819 286016 153482 541606 782151 980977 319414 780557 789480 722146 591566 738500 753545 527017 258384 266508 434391 563402 643826 476373 735285 828444 608137 705114 725380 686434 348363 909620 365763 125766 655242 536537 197146 634948 809420 623589 531596 590233 365120 604342 339476 286272
66787 522854 1035462 376869 372550 309110 561417 379538 760205 680407 681513 487884 191029 227676 347840 256392 66736 626679 333313 552796 538266 651724 734560 594365 665414 574430 261909 574203 271328 100075 999999999 669394 642312 579352 787277 470757 518161 609369 364630 212158 609475 179189 274543 227401 651776 355073 178052 766868 544298 8534 369429 686658 155206 479171 520018 840915 721633 170470 273102 338705 146341 482469 716744 953755 219599 752604 714186 690029 491512 771229 711744 528173 161875 309678 416020 492172 684410 391012 756871 754850 508628 616896 675175 703307 289058 849255 409940 29636 573836 436682 245282 543605 791637 547280 431978 490635 322387 610552 246027 216303
608859 235596 517280 773207 452101 968274 925510 538766 147976 748597 247728 607078 860364 445176 876543 633570 606647 360396 520138 447448 723659 794350 697796 295348 145821 205457 540913 104014 404829 744672 669394 999999999 211928 353439 704766 351522 316491 147742 537753 699918 105366 601523 537391 860084 675275 448758 501421 434584 533856 660885 332565 185292 817050 482280 164002 313614 362964 648880 548524 725168 613521 235449 109631 537002 550680 416817 44847 366220 475706 816976 301265 541329 526361 688526 456495 183143 813414 289383 740718 86765 406360 161714 228171 684773 402770 235596 713155 640235 113065 435107 913554 224917 505148 122177 513131 412291 415901 586376 444395 733094
575844 381071 405261 639113 548079 951410 765663 397171 161430 548721 49819 433858 827007 420292 766244 688800 590657 541695 603530 255333 546328 602205 489256 471564 71221 374958 599213 244765 423648 694347 642312 211928 999999999 155722 493461 203864 465387 331594 401309 606976 120846 632679 600180 791072 474511 537471 507096 231022 344906 634456 400656 54995 770096 311066 170981 199809 157847 676551 443861 597031 544887 164438 142348 370114 593607 212348 230726 155498 611729 611230 103519 356346 535257 566348 310458 202190 617886 345141 532302 237092 550916 349165 35164 478414 353353 225038 565087 616433 261923 554656 883681 380449 298680 215895 629055 550756 329852 386786 471924 764886
513317 466830 464477 502922 582645 882448 615438 266621 315467 395998 155830 281971 750574 382045 640984 683290 539625 639715 624495 99711 392009 446861 347144 569438 225396 476189 602231 353906 418091 611614 579352 353439 155722 999999999 361856 109985 544372 446049 274424 498566 249658 613229 606396 691495 322247 567811 480296 189807 189309 572492 433873 207753 686361 164406 247396 297757 143895 651544 338252 465596 458132 186854 297877 374766 585847 174217 379746 110906 670813 463804 153288 201408 507813 439874 185675 266181 463355 380950 389644 391081 620193 464125 164914 332129 308176 365776 422863 557653 370173 605547 807742 472451 229992 314191 672102 615598 258155 233571 465653 737938
732464 825727 553823 517799 911711 1044887 507233 409208 627315 168147 465792 302090 909036 660820 672130 966676 773959 999881 939841 294953 304868 248554 60299 929974 563165 837666 901182 715553 726092 774177 787277 704766 493461 361856 999999999 427097 899972 807628 424219 618093 605639 884712 908414 799525 145656 894336 757300 307881 253281 783251 770635 531141 835800 330289 608750 519539 360933 912011 515479 514069 641476 542585 626984 397730 874145 318583 723512 345270 1013828 156869 422341 265256 780421 516930 400230 625342 236323 722990 74319 724252 970128 825711 483685 90517 594944 636767 432847 776299 731928 945279 961342 832635 244837 676045 1003934 963335 527368 180145 767389 988351
404423 405991 567458 437354 489568 775715 576087 195542 359596 419269 228093 256458 645306 272810 562395 576786 429795 580923 525604 132144 373275 452464 398689 512732 258003 426152 498299 319622 314863 507688 470757 351522 203864 109985 427097 999999999 475558 408750 198386 406171 248254 504805 503259 594791 351143 473339 371665 299748 198467 463735 344759 258163 583064 133491 206318 385408 250876 542339 242919 393940 354665 128810 329502 484430 479590 284184 387392 219634 587201 500012 246190 200360 398924 362582 109039 212141 475177 295968 438164 410130 543201 426190 228567 376707 198946 428897 367724 448463 333493 519254 702498 415700 336130 276230 580944 536242 148662 265900 361226 628388
479008 85117 830579 771348 174735 768081 955341 591645 463407 888142 513972 700543 691569 357908 822186 376486 452244 118425 245381 606508 809482 908062 874177 76986 426393 113859 295272 228484 271610 614705 518161 316491 465387 544372 899972 475558 999999999 174153 582788 641983 350865 380908 286357 742818 823858 182805 344745 692563 670576 510310 169647 468071 672367 596648 302529 621629 620272 424746 541972 719920 535804 358331 421235 830885 324329 673629 346138 609219 159535 972930 568870 668697 356572 679269 538914 278907 934949 192312 913694 388479 89962 166631 495709 852149 372671 551978 744090 489934 212848 131445 734915 91721 755006 249726 205491 96476 430119 740846 276818 492782
556638 103700 665001 785348 329338 890615 955120 570023 295609 826487 375659 660253 796223 403574 866134 524369 543157 214683 400529 527586 775976 860958 791957 147883 277803 60311 434604 92158 338406 696396 609369 147742 331594 446049 807628 408750 174153 999999999 565156 683978 210749 508103 428625 820028 756158 330446 432101 562360 605819 600914 242777 319967 763443 541476 203671 460520 489245 555096 551487 734610 585557 279940 256686 680265 453106 543797 172773 485663 333341 903345 431237 608966 452564 695123 498586 197921 883927 220130 833905 214474 262676 18084 356160 774577 384919 380733 739352 579753 76286 300782 845526 86837 630197 133635 377593 270594 421201 668253 366429 633389
308280 532526 733436 239220 535681 642008 391002 15011 557956 338555 420394 135422 505812 260166 367499 551084 350040 699053 546480 209192 229148 335992 374018 637896 456151 566451 496308 485347 342583 365739 364630 537753 401309 274424 424219 198386 582788 565156 999999999 230017 439192 466501 505391 425435 295443 516159 346589 438117 180600 360140 420453 456001 435677 126044 378559 571424 412897 490241 91593 195728 220864 302591 526967 624234 463804 427900 577025 377841 653934 430705 427359 163778 366243 166286 91239 371691 366165 390637 400693 603645 628834 580848 423562 343518 214159 625910 176041 352335 495885 583530 561602 547545 446460 442642 626240 616928 152683 246064 373310 564509
194329 619942 961531 164883 532806 426812 352383 241748 752776 490166 634256 317827 291031 286522 182550 461660 241536 759197 512762 439205 340455 450781 560854 712011 650672 665714 445277 623245 370376 160919 212158 699918 606976 498566 618093 406171 641983 683978 230017 999999999 615275 377920 457380 195444 474755 513063 312335 668072 400432 212886 473896 659389 217711 355824 536351 790840 640238 379445 163343 127940 107049 473694 715560 854219 403498 657596 743379 605486 658028 577610 648906 381448 314590 105593 313204 517780 483307 470742 576240 777448 657686 696097 634058 529227 301176 830602 205221 218970 628704 593779 343449 639114 675138 586009 608918 641514 286648 453555 372406 427468
545576 265794 490306 676965 452403 915422 823942 439102 151944 643791 166024 502643 799661 381806 787600 612996 550669 421625 513925 342348 619035 688988 595806 351819 76972 255282 520710 125209 360555 676020 609475 105366 120846 249658 605639 248254 350865 210749 439192 615275 999999999 567900 519618 785195 570696 444530 453404 351739 428502 601136 312714 117552 750401 377618 90234 278163 278584 614148 458404 630198 536326 141904 107371 480021 522350 333122 139140 275379 502612 713454 221694 435990 480422 594906 355072 121149 708152 260167 638565 164858 438624 228345 146879 581700 327948 244486 613314 581337 142222 450302 854707 263050 419472 103007 526950 440227 328648 481757 405761 701385
184785 409054 1037821 540945 214128 387498 730252 481097 718387 802807 678714 600907 317319 232668 526705 86509 136586 476661 160768 615619 673620 787467 838222 457526 636443 461356 91185 498417 209517 276616 179189 601523 632679 613229 884712 504805 380908 508103 466501 377920 567900 999999999 103059 398924 761799 200672 133178 802042 631990 174564 270334 666623 313789 557216 479322 830645 744716 47444 380890 497172 285248 468896 672455 981315 56641 785341 644339 717875 322036 895134 719856 619459 106549 462518 487573 447137 819626 312907 866787 688061 350980 511107 667703 808468 306123 812026 557909 161901 492938 276384 356148 429345 840830 483471 257761 332431 366113 704575 162396 133501
264146 326043 1003462 615366 113855 483775 806482 519034 665425 843737 648588 640636 420166 248621 617580 96423 220348 375905 58862 625394 725416 837508 866601 361722 592863 376966 12637 433407 188524 374167 274543 537391 600180 606396 908414 503259 286357 428625 505391 457380 519618 103059 999999999 499065 795605 103553 160323 790311 655679 268677 207674 627127 415864 578146 435733 792592 727445 141112 428524 568405 356129 441961 619284 961901 55257 772594 578011 704071 219403 935666 694721 645681 146911 531000 508325 402924 868834 259558 898635 622362 248950 429162 635269 838324 313976 759610 620601 252651 425237 174232 457629 345334 836389 426061 157444 230383 381061 729904 142495 207089
265619 740590 1155489 293579 599870 261363 431257 437176 929370 657845 821805 505400 145807 418710 177060 464068 291291 853192 557894 634627 504883 604914 740535 818275 828781 790842 486514 773070 483961 128295 227401 860084 791072 691495 799525 594791 742818 820028 425435 195444 785195 398924 499065 999999999 654118 582471 398556 863388 593868 234558 587060 841673 93298 551267 700448 980162 834113 376891 353418 286053 249015 646676 889475 1049658 444956 852721 904661 799569 717669 738861 839961 574597 386652 284407 507066 677284 635880 599955 750711 942107 736017 829425 820039 709283 458336 1011647 368823 253968 775473 664012 179341 761075 870259 740534 656084 718035 462571 642977 467063 383401
600328 756837 637497 372720 812085 901167 381404 280745 627305 74292 460694 163982 765757 547157 527702 845972 643987 931605 832299 229498 162405 141329 86473 863774 545541 776944 787296 664951 620884 632559 651776 675275 474511 322247 145656 351143 823858 756158 295443 474755 570696 761799 795605 654118 999999999 793585 639324 350460 153347 648333 679473 522023 692340 228476 552513 555429 378922 785491 384174 368472 505436 478084 616296 490054 756885 353753 701918 352058 922207 149119 430828 156120 660359 372343 293282 562305 147803 637218 105506 711575 885722 773951 475231 55189 487758 657740 287214 643002 680007 852172 817391 766831 308985 622539 904347 876782 419345 88943 658084 858140
329164 226870 934128 661341 20129 586291 851792 528290 583946 848466 587049 647976 516277 258061 684462 195712 292985 276478 71391 602621 743780 852148 857871 258379 520370 276393 112654 345900 173946 454774 355073 448758 537471 567811 894336 473339 182805 330446 516159 513063 444530 200672 103553 582471 793585 999999999 200727 743326 646109 348027 137417 557592 504688 567971 367503 721985 676298 242872 451746 611709 406827 389648 538226 905851 144961 724930 487246 656590 145364 938768 636888 638943 201691 572188 500527 335485 882137 193070 893059 531621 153753 329515 571893 831530 306444 677599 653093 329274 335694 82174 556707 245282 795614 345333 110812 135616 374539 720347 146976 310297
134369 344869 911013 462790 220495 466861 653865 360553 605321 685140 551652 482011 364405 99686 485351 209907 111399 457485 208075 483444 565100 677312 712898 419795 517332 396380 150425 402499 96790 270895 178052 501421 507096 480296 757300 371665 344745 432101 346589 312335 453404 133178 160323 398556 639324 200727 999999999 669392 504033 169722 191377 544533 333126 427920 363269 706474 613128 172036 268207 414096 206256 342658 560192 849742 117562 652850 545788 585668 345800 777288 590590 492588 28243 375432 357920 332585 708726 215964 743353 587933 347717 439185 541786 683852 172949 697510 461940 148650 400559 281692 415004 365604 707657 379673 299769 330901 234065 577527 68586 259787
701334 609341 302976 641139 756531 1066830 713442 426974 330412 419077 187634 395740 933240 571601 790674 870261 728947 772570 804013 229215 479816 491768 326608 702313 289066 605744 786937 475656 603223 793162 766868 434584 231022 189807 307881 299748 692563 562360 438117 668072 351739 802042 790311 863388 350460 743326 669392 999999999 289979 760234 606522 249551 866709 313047 391164 212229 73176 840961 514711 612784 640281 353708 339730 187827 772795 18934 442856 86752 832954 453520 133327 309125 697068 594567 359146 418418 496149 551455 366667 434529 775643 579807 207317 329179 497784 329465 553433 746001 492826 771805 990197 610041 71893 444921 842821 773872 447330 283612 651451 927584
485838 603645 592955 351863 664130 820838 434161 166074 504621 220902 342089 105962 684343 407685 503679 713513 525045 778339 688639 89599 204703 260516 211932 710676 413799 624617 648247 515403 475367 544970 544298 533856 344906 189309 253281 198467 670576 605819 180600 400432 428502 631990 655679 593868 153347 646109 504033 289979 999999999 539488 528213 396961 613090 78197 402295 465659 288951 660457 271446 326751 401426 326455 486736 466208 620873 285006 564066 255468 771525 302466 325973 19719 527307 313638 147395 410374 280160 484694 247285 578551 733354 623455 353118 185548 343072 549991 263574 530560 529979 701829 739471 613877 280552 472481 756531 724799 274977 74441 515322 738692
59399 514561 1028062 377749 365638 317025 563184 375079 751920 677784 673820 484381 199518 219353 352150 253108 58513 619134 327366 546902 536427 650048 730831 586448 657255 566101 256040 565669 262835 106792 8534 660885 634456 572492 783251 463735 510310 600914 360140 212886 601136 174564 268677 234558 648333 348027 169722 760234 539488 999999999 361092 678647 163446 473785 511642 833160 714604 167938 268556 338772 143086 474401 708418 947001 213602 745883 705675 683108 485087 768788 704318 523516 153887 309005 410200 483745 682723 382505 753524 746358 501484 608475 667384 699633 281148 841054 409002 21161 565303 429750 253670 535307 785494 538767 426056 483535 315261 606162 237784 217073
321458 153767 799855 601792 150010 648351 786523 430502 457757 739300 450097 544573 554113 188500 655151 302682 302760 288018 203109 476265 649203 752012 738035 238138 387095 205014 209824 228818 104815 460610 369429 332565 400656 433873 770635 344759 169647 242777 420453 473896 312714 270334 207674 587060 679473 137417 191377 606522 528213 361092 999999999 422929 524456 451147 231728 588074 539048 317775 373630 550394 368569 252855 411612 768505 218243 588044 374672 519841 243548 827281 499558 523390 210255 509748 387574 199278 780319 55680 775197 418673 208884 248670 435270 713333 206966 551945 576645 340002 222692 174652 602869 174419 660047 218513 238230 198189 269246 601365 124134 400748
620611 382956 376927 694015 566561 995610 820122 452027 107725 596313 65475 487837 873218 461890 820313 718248 632827 534006 625764 307406 599521 652319 531391 465200 42297 369323 627142 240717 457125 742328 686658 185292 54995 207753 531141 258163 468071 319967 456001 659389 117552 666623 627127 841673 522023 557592 544533 249551 396961 678647 422929 999999999 817956 365619 191523 165464 178814 711559 496600 651728 594375 204526 96033 363123 624761 232037 194731 186507 620126 655326 116285 409100 572455 620744 365271 224287 666914 368447 574383 193269 556108 336628 47680 522578 397817 171346 620068 660081 257302 567092 929596 379346 320560 220417 643300 557779 379371 435321 504565 799707
208691 677991 1150029 353044 521081 209179 510009 449127 898789 705108 805117 535107 73549 371903 261608 374056 221935 779078 474302 641553 553384 659875 778514 748830 800755 729469 403506 724652 425041 75775 155206 817050 770096 686361 835800 583064 672367 763443 435677 217711 750401 313789 415864 93298 692340 504688 333126 866709 613090 163446 524456 817956 999999999 560624 662577 964916 830248 287803 352284 333490 228483 616843 856807 1054445 363174 854410 861893 796705 635260 790487 829045 594686 316827 320936 507606 636664 691846 544162 793221 901385 658361 771372 801154 746896 423197 984968 416099 184478 725247 585035 126461 698730 881179 695504 571521 640083 440890 669710 401225 290159
418154 532322 611200 339727 586044 765624 454610 114137 472415 291573 319263 125209 629900 330667 482267 637729 454983 706328 610552 83856 241420 319498 290126 639637 375209 556168 570895 452952 397197 489457 479171 482280 311066 164406 330289 133491 596648 541476 126044 355824 377618 557216 578146 551267 228476 567971 427920 313047 78197 473785 451147 365619 560624 999999999 339722 460300 293198 587230 210222 304963 340468 261805 448518 498444 544277 303646 516103 258006 694184 376978 316014 72382 451820 283053 70055 343984 343137 408858 325199 535347 657272 558758 326433 263576 265061 529115 258477 463311 466602 624330 686100 543587 320698 409487 678442 648310 197160 152604 437421 667222
456635 221449 568346 611161 377523 825381 768915 380958 242167 622853 220797 461051 710522 292491 712543 527509 460675 392614 434796 324270 577630 658724 590108 322196 157739 228917 435973 113349 271043 588707 520018 164002 170981 247396 608750 206318 302529 203671 378559 536351 90234 479322 435733 700448 552513 367503 363269 391164 402295 511642 231728 191523 662577 339722 999999999 356947 319733 525233 384666 562503 452379 78514 197471 541020 435179 372246 207044 306923 442696 699913 272968 405903 390385 525347 302756 32813 681044 176962 631675 242054 384483 221439 204818 571827 242116 334313 554593 491697 127684 384080 765299 225582 452539 70187 458109 382878 251907 464739 316953 612810
774271 537085 212198 799956 730353 1149842 899745 564161 170271 626642 159901 568859 1023831 620045 938576 883562 790222 674009 790654 383874 668219 695572 538366 608403 201670 515806 792579 393480 621176 889169 840915 313614 199809 297757 519539 385408 621629 460520 571424 790840 278163 830645 792592 980162 555429 721985 706474 212229 465659 833160 588074 165464 964916 460300 356947 999999999 178671 875093 627971 763334 737666 363966 204012 231641 789714 204175 301555 210481 777484 665483 144522 482325 734581 737362 481220 389729 702887 533800 578789 275993 711100 475168 165940 539277 552391 126572 717923 815444 408800 727730 1080744 530629 276448 380340 804761 714396 524130 479636 668984 963373
