NAME : synthetic_000337
TYPE : CTSP-D
DIMENSION : 100
GROUPS : 8
RELAXATION_LEVEL : 1
EDGE_WEIGHT_TYPE : EXPLICIT
EDGE_WEIGHT_FORMAT : FULL_MATRIX
EDGE_WEIGHT_SECTION
999999999 325083 250640 832677 681018 1012673 272177 122219 615064 368937 982307 744988 675447 671853 368518 588150 808113 678621 854020 316435 529782 720182 863222 276595 371173 367515 768837 240035 253426 451604 287842 651270 121530 923006 573000 443147 436981 531057 845166 746368 377731 815099 885713 694118 346333 232745 834296 570891 366982 414951 92753 413354 600666 304772 496209 538297 646093 422652 781131 806830 503792 680200 790308 548760 64423 159340 168305 470866 133780 509682 117367 186363 751240 181176 886615 944245 558076 607178 560896 820538 535793 187147 532589 497852 857785 681678 154150 1023661 358864 908392 695024 318689 909987 271368 760596 281503 83980 593982 269893 1041855
325083 999999999 159466 542024 369775 688025 239222 221973 335927 426921 658758 572608 553878 376734 206761 460418 499804 383152 541198 368159 291062 407823 640036 184295 234167 488379 488890 498588 460945 132554 393903 499747 420867 601917 394216 126821 310018 494027 652086 442330 265906 491320 597473 385176 223837 526878 511443 261192 259849 195330 382778 269798 355274 148808 179951 230791 330209 113162 581793 521834 181949 355208 610672 327032 352463 320164 459332 313167 340761 184603 441233 436274 455339 463141 621778 753748 420844 516088 245601 684641 251696 453707 356445 175453 652155 480839 192134 699946 493138 583753 417023 118954 595849 363490 582958 513760 391778 354056 267112 716836
250640 159466 999999999 697104 446178 795420 82656 205863 367337 494374 760311 722804 691583 427824 336898 597111 647744 538542 617174 209795 279147 485322 798358 276737 358441 533451 519566 475829 463262 283266 437096 643893 369158 695592 542081 280306 209160 602913 806840 593523 150525 618812 752781 457108 340612 481434 641525 413163 375792 164472 272825 176285 350067 263794 330486 384822 475453 270754 736887 558190 325425 472632 762758 299361 249401 325010 414682 451849 328109 314036 363639 414846 609678 424626 780676 908830 558782 643844 394120 828434 410794 424117 292377 318237 808668 438881 98660 801794 532512 692406 446019 247824 673619 204364 734330 506450 332976 343552 338234 828080
832677 542024 697104 999999999 457165 415000 769419 711018 567001 688002 427890 359138 459144 526713 480567 438487 98445 158875 487005 896342 637201 454583 254299 567310 491660 776676 612307 913566 844313 413904 725940 394675 890482 438027 357938 416938 768226 585752 335063 113175 753250 245186 55728 470387 513744 970332 229163 284592 513340 637517 908796 733767 645870 530560 367065 312294 236458 428922 297833 609844 376199 325564 352107 674955 876423 747551 913310 424578 783378 400194 935532 863619 87788 908311 127969 393897 425047 506039 306126 475072 297860 888564 747044 383499 304466 780913 728957 448585 792746 361560 591330 513992 501186 900336 349480 899779 874303 655411 618186 412340
681018 369775 446178 457165 999999999 360634 479949 590067 127146 762306 320545 702530 745828 70224 502080 671820 364427 355572 173034 578152 230455 39270 677918 531048 531205 836834 169033 868341 828120 288457 748341 674829 786783 251606 575710 300386 393572 768784 734463 350586 409279 249214 503127 18695 535677 895101 275593 281633 563547 300449 718178 373820 207132 485282 274986 292551 254576 324557 672418 183682 248259 133368 721499 255358 692799 689114 827179 553153 710536 213324 798283 806049 387566 831947 582082 819478 636046 745294 259484 833347 355991 823278 331885 248492 715711 327874 530116 361358 844910 264285 134247 450952 228990 604463 703387 882083 755253 218794 615508 397046
1012673 688025 795420 415000 360634 999999999 837425 907218 478494 1003590 47695 769058 857419 408440 748707 815626 334629 446016 227261 938757 587647 325203 666049 808846 772167 1088738 406481 1168732 1115054 569659 1014369 787478 1106342 120851 720823 580093 752103 949828 749620 382523 769911 222268 423589 356119 786068 1207796 216856 480152 802567 659703 1061920 734147 549429 762429 532177 509970 404475 603950 711577 377248 516909 333146 766127 606386 1034047 987533 1141816 748625 1015725 504045 1129213 1109179 412988 1143155 525610 799865 791252 889591 477031 889321 549939 1130014 680336 521658 717884 629883 869590 35527 1101088 104283 440115 732182 190025 964205 761206 1171590 1078998 561750 885011 39709
272177 239222 82656 769419 479949 837425 999999999 262285 383763 562181 799549 805440 773514 450224 418948 679049 714819 611749 645484 129109 281807 518120 879213 355209 439817 593453 527746 509992 509053 356354 498822 726423 393655 731555 624738 354774 164930 680070 889057 663196 106487 673949 825144 488277 421276 503913 697829 484828 455987 180327 265680 144771 349048 345237 402504 458113 542367 347715 819020 567947 394172 525193 845303 290845 250639 378239 440470 534196 374168 377216 373071 452157 681676 453132 857349 991001 640903 724460 464003 910870 488518 457111 262886 386874 890436 412063 144686 840699 590562 736351 456506 330299 701686 132912 816918 546681 355962 340237 410759 871882
122219 221973 205863 711018 590067 907218 262285 999999999 540940 304120 879410 631936 570853 590502 247999 480249 688897 557862 762335 351227 470452 628568 744134 156688 253215 331203 696250 282328 259189 339545 236729 540346 199314 823685 456376 330116 414155 443277 729869 626543 354574 703405 763827 604771 228659 305156 721415 453504 253064 355952 207026 382145 540938 182581 381998 420751 529998 308074 664421 731966 392425 574113 676592 496850 174529 119161 237433 354498 126375 403369 228022 219644 630250 241900 764549 830060 447570 507786 445378 715298 414799 234391 497479 387014 740805 642162 117662 920410 328733 803134 622605 197181 817328 317478 646878 305823 172435 536321 169118 934677
615064 335927 367337 567001 127146 478494 383763 540940 999999999 757358 435395 772565 798980 70568 509343 716539 479272 446001 266738 467778 110207 155449 770166 516032 539382 823279 155317 823268 793358 301214 729584 731009 728963 362725 625835 311838 274501 793290 817746 455926 299280 374558 616268 125216 537972 840358 401039 345654 570422 205800 638442 260621 81133 474305 308037 344957 344151 331711 751864 191972 280138 243291 797203 129167 616467 650920 772397 583294 666452 238397 730191 760581 490279 779733 687741 908649 678234 786206 319367 901448 408422 774678 205244 277012 803049 215486 460931 474709 828656 387138 81776 440173 321759 499300 776019 844169 694640 92289 600705 516374
368937 426921 494374 688002 762306 1003590 562181 304120 757358 999999999 988683 458780 357089 787391 262310 294808 708701 572599 919070 655008 717409 795434 612875 242718 235067 88708 905000 272165 193216 473853 84377 363656 326078 950573 337729 461921 701331 180254 564799 645740 644342 781752 728879 780189 227053 344906 790856 525801 203141 613904 458071 665022 782178 283054 493259 498697 599337 437829 516061 933895 517300 694674 504110 751888 433086 209712 317214 265071 237989 549144 396289 252054 631016 302323 688937 651301 284251 278064 533937 494841 453661 276600 771005 515796 588665 904953 419718 1025913 104988 906802 836267 317284 967673 619165 476897 236909 338681 780934 161293 1021291
982307 658758 760311 427890 320545 47695 799549 879410 435395 988683 999999999 775845 859340 365015 730914 812783 341112 441632 180227 898324 545083 283911 681483 787029 755441 1072669 359098 1144916 1093423 544444 995719 788443 1078722 74263 716537 555270 709629 943211 762803 382912 729237 213785 442226 314711 768131 1181776 214136 463107 786436 620770 1028787 692820 504783 740310 509322 491562 389951 579573 721108 329586 492199 306379 775724 562509 1001506 963422 1115257 737951 990535 476192 1099263 1084684 416034 1117259 544100 818079 786584 887469 457480 898843 535714 1104922 635841 496488 732300 582697 837103 41520 1084411 82006 394259 709157 142432 924990 769023 1149711 1050463 517099 865042 87287
744988 572608 722804 359138 702530 769058 805440 631936 772565 458780 775845 999999999 119778 760924 393752 165592 435058 356358 794048 930834 798534 717243 166874 478079 380954 537324 871558 727542 649015 498703 527918 96788 753235 771744 181195 492612 874842 296748 106097 396904 836833 570675 371103 720227 404620 797706 563807 427458 379005 745562 836201 834770 836172 468907 473122 428485 450257 485361 70985 882490 498861 577962 46181 840164 804564 607956 758325 279159 645653 539896 816081 696076 361024 746753 288636 199739 188245 193613 453336 130943 367003 722149 895612 503721 131623 980158 705133 801162 556150 701593 826590 476858 822555 915097 18338 695566 752160 841737 477224 769755
675447 553878 691583 459144 745828 857419 773514 570853 798980 357089 859340 119778 999999999 797715 354693 94472 523575 422818 856805 893616 808752 765856 286631 426141 334272 429557 913413 629110 550128 506433 432870 72354 668068 847101 173171 498071 863437 184046 218139 476431 819288 648252 478770 764235 354634 701283 645233 464236 322634 740552 768073 823118 854672 428461 491258 456795 504274 485260 189935 929129 518957 630850 158263 849915 737753 527949 667798 241115 564418 560782 734320 603748 444446 654661 403658 295591 133285 79942 487345 145092 392451 629360 897575 522432 248605 997011 658367 887865 448587 781648 861170 444544 890912 872015 137280 593025 671593 858651 405864 861949
671853 376734 427824 526713 70224 408440 450224 590502 70568 787391 365015 760924 797715 999999999 531889 719926 434515 419831 196856 537741 180738 88771 743673 549773 561683 857733 119408 872105 837597 318042 766223 727744 782868 292192 625729 329594 345067 808191 797555 419069 368915 317889 573137 61246 563274 893280 344110 335045 593602 270460 700383 330711 143602 505737 314177 341060 317759 352116 734107 146627 286205 201709 781990 198075 677149 696208 825178 594219 714392 246726 788123 809424 455529 831474 651018 884522 682918 791997 310718 891295 405393 824893 272974 284807 780059 257804 518312 404198 864421 318805 66595 471182 252387 568345 762737 889943 749570 155771 634877 446555
368518 206761 336898 480567 502080 748707 418948 247999 509343 262310 730914 393752 354693 531889 999999999 260226 477117 339435 656799 540652 488031 534228 496444 91972 30040 342748 650860 436882 373179 214434 265850 309054 411110 689865 213451 202664 515424 289744 486705 412762 467776 528956 530283 520232 37387 490419 540862 268555 61730 401228 454964 475453 545930 75349 230975 239352 345158 179776 419434 677449 255383 433021 436567 526692 422377 266985 432747 116061 303012 288831 460691 384150 407490 427900 520647 588137 221958 310542 273759 492510 203435 408672 562143 254214 495176 679891 311382 769161 353768 649467 585049 90675 705407 522226 407174 429910 397715 546877 141048 769073
588150 460418 597111 438487 671820 815626 679049 480249 716539 294808 812783 165592 94472 719926 260226 999999999 487740 371183 793633 799392 720515 694614 319020 332868 240004 376246 837349 562104 483702 419652 362349 69131 589345 793524 98350 410635 770283 149647 271533 433534 725453 599225 468201 690433 260769 632118 599680 391355 229614 648763 680390 729993 768916 334048 408678 379647 440738 396243 221439 855493 436731 563901 211629 761375 649504 445555 593182 147270 482881 478270 653442 530645 406406 581380 409618 363326 39838 75459 412367 235692 315838 556688 806851 439573 293997 910159 564888 844112 394770 732812 781896 350163 831449 778307 183330 531028 589876 772330 318359 824153
808113 499804 647744 98445 364427 334629 714819 688897 479272 708701 341112 435058 523575 434515 477117 487740 999999999 138047 388776 838715 556941 359100 348651 556546 493612 796945 515693 913946 849368 367521 736054 454528 877659 343961 397161 373040 696795 628669 425027 64361 687547 147404 138853 376607 513045 965415 133446 239253 519553 569669 877930 664513 559435 515164 319924 271077 172529 389551 380244 512111 322326 235996 434830 592948 846270 740363 904812 444168 774239 338160 916562 860106 81439 901808 226326 490002 467384 559989 254568 557853 277385 883995 666970 329507 396724 690908 691243 366227 811656 269554 497959 493194 404500 847397 427945 905862 857785 569559 618053 338466
678621 383152 538542 158875 355572 446016 611749 557862 446001 572599 441632 356358 422818 419831 339435 371183 138047 999999999 438073 739309 500489 365233 324547 420592 355573 660502 522908 776316 711354 255599 598145 350752 743020 424553 275102 258255 619733 503957 379057 73828 600513 228052 214398 372125 375152 828695 229262 127765 381583 487140 752422 583693 520008 380588 209299 153798 102353 270068 318653 530118 220842 225148 369675 540342 720244 603887 768888 309375 638313 249320 784417 723015 72984 765379 253381 464721 345390 446026 151552 486672 143137 747128 608530 228055 360311 661198 570666 473526 674880 361702 486424 360852 469009 742113 354469 767829 724502 528142 480237 457436
854020 541198 617174 487005 173034 227261 645484 762335 266738 919070 180227 794048 856805 196856 656799 793633 388776 438073 999999999 734479 376708 134006 734720 695335 684683 997169 179647 1039204 996559 448724 911675 784464 959562 106464 695331 460569 540091 906200 805039 403764 565755 242052 519329 160317 692215 1067479 260923 407657 717006 465185 889779 527350 329488 648798 425825 427962 353286 485409 751368 153632 402103 231371 804343 389319 864932 859076 999642 691380 881656 373708 971259 977149 442352 1004093 614296 877182 761343 868904 392203 923743 485646 994898 460328 404104 780035 402632 702791 215359 1006420 164019 215940 615060 56460 765126 791274 1051200 928211 341703 778575 266937
316435 368159 209795 896342 578152 938757 129109 351227 467778 655008 898324 930834 893616 537741 540652 799392 838715 739309 734479 999999999 358273 614427 1007955 469601 559388 673089 596121 552875 569325 484415 583401 849526 429079 827588 749737 483253 200703 788445 1016310 788838 169172 788936 952032 583685 539225 529530 813638 611952 572569 281724 269863 207183 415271 465729 530029 585978 666762 476719 946461 636995 520306 639422 971443 353136 270344 455113 474552 656623 441395 500563 388069 502458 808554 490469 986057 1118342 762055 840597 590355 1033118 617556 500831 299579 512999 1018439 437079 240609 938752 667174 840525 530405 454148 789489 50500 942793 597225 392394 404321 514254 974805
529782 291062 279147 637201 230455 587647 281807 470452 110207 717409 545083 798534 808752 180738 488031 720515 556941 500489 376708 358273 999999999 262936 818036 475169 517422 774965 245941 750235 728627 302704 678824 744988 647803 472724 637203 310711 164546 777674 855794 524094 190751 468555 689502 232100 510998 760049 494890 384152 546017 115538 543298 151174 71069 439067 325577 374087 403482 324304 787249 286176 300749 326100 828148 41630 523851 586223 692859 578547 596754 261239 641760 688132 554784 701977 751232 951472 680966 785192 357139 923443 432243 699667 110063 295402 845397 191902 376930 584634 778058 494219 175231 407193 431363 391382 804393 776272 611947 65889 556688 625154
720182 407823 485322 454583 39270 325203 518120 628568 155449 795434 283911 717243 765856 88771 534228 694614 359100 365233 134006 614427 262936 999999999 683674 566428 563012 871127 159196 906237 865096 321930 783549 694278 825590 213760 597564 333872 427134 796193 743918 352247 445327 233099 497815 30919 568474 933674 258877 303263 595406 338246 757408 409062 232136 520347 304959 317391 267040 358369 683743 165287 279130 140100 734030 284600 732063 726627 865796 580325 748520 246469 837463 844035 390271 870400 581253 826045 659714 768774 283028 848186 379565 861488 360405 280022 723517 342146 569376 324363 879579 231743 142443 486185 189805 641705 717155 919315 794205 244225 650543 362348
863222 640036 798358 254299 677918 666049 879213 744134 770166 612875 681483 166874 286631 743673 496444 319020 348651 324547 734720 1007955 818036 683674 999999999 587469 492066 695263 842765 875388 798106 538339 675354 251860 887626 691861 293240 535727 920811 460441 89724 333600 891803 495579 244170 693707 516922 942930 481895 433973 499070 787496 951155 882240 842793 567183 501205 447245 426880 536194 98757 846043 521828 545221 133441 858874 918651 739915 898066 394082 777975 558330 946051 838385 294843 888196 144972 142873 330102 359085 460939 241908 398268 864576 923259 528170 53703 984971 799374 700364 713763 615798 810201 565960 753038 999655 149457 847585 881846 850413 605171 659626
276595 184295 276737 567310 531048 808846 355209 156688 516032 242718 787029 478079 426141 549773 91972 332868 556546 420592 695335 469601 475169 566428 587469 999999999 97320 308029 665832 361891 306407 247111 217322 388884 323261 739890 300483 235442 473092 326365 574282 492570 419885 593649 618278 548206 73492 409213 608148 333358 103540 374478 363691 434651 539486 46912 277790 301491 411705 210533 508204 696345 296835 482433 522106 510397 331218 184072 348345 199204 217754 321652 369982 305044 490935 345339 612001 675006 297532 371003 332449 568433 279233 328175 534006 293571 584440 663941 232251 826613 314744 706961 595818 80300 746992 446051 492465 362803 307627 538351 85106 832084
371173 234167 358441 491660 531205 772167 439817 253215 539382 235067 755441 380954 334272 561683 30040 240004 493612 355573 684683 559388 517422 563012 492066 97320 999999999 317275 680713 422394 355820 244006 244304 292901 404858 715797 203269 232285 541419 260727 477011 429307 492632 551510 539910 549417 24869 478878 562527 292408 32400 429196 459827 501623 575712 94648 259012 264252 367883 209607 411212 707118 283949 459611 424835 555883 427534 258345 423558 101908 295445 318093 457809 372047 421670 417505 524670 577686 203017 286080 299208 474430 223975 397159 590250 283020 487595 709227 326186 793305 329045 673782 615039 116155 732798 538868 395211 412257 394104 576566 126526 791673
367515 488379 533451 776676 836834 1088738 593453 331203 823279 88708 1072669 537324 429557 857733 342748 376246 796945 660502 997169 673089 774965 871127 695263 308029 317275 999999999 973818 214104 140703 549295 96930 444138 296988 1032611 425270 537365 742587 246222 642722 733806 683786 867334 817316 854359 306114 288160 877098 609572 286289 666831 449028 708442 841996 352273 572271 581491 684264 512773 597503 1004332 595126 775652 581791 807212 428759 218128 276207 353667 234349 624756 367703 213348 719522 258750 775825 725148 369273 349616 616288 560744 539017 233675 819471 593071 668403 958492 448773 1110374 19050 990952 903508 386825 1046928 632769 555611 168888 318557 839760 222943 1107225
768837 488890 519566 612307 169033 406481 527746 696250 155317 905000 359098 871558 913413 119408 650860 837349 515693 522908 179647 596121 245941 159196 842765 665832 680713 973818 999999999 978578 948019 437313 881257 842799 883708 285951 742276 448814 395678 927522 901946 511366 433514 381339 653771 151423 681827 995290 405463 449339 712539 355690 788112 392679 181291 622573 433200 457793 422915 471106 840737 40875 405314 298126 890211 243146 767520 805751 927387 713311 821691 366092 883152 915888 549452 934896 739509 985030 800753 909953 426130 1002381 521922 929979 303199 404068 882167 224028 614721 392101 979937 338704 73925 588091 221185 633274 872335 999169 849091 191885 750881 446190
240035 498588 475829 913566 868341 1168732 509992 282328 823268 272165 1144916 727542 629110 872105 436882 562104 913946 776316 1039204 552875 750235 906237 875388 361891 422394 214104 978578 999999999 78981 600594 200179 631214 124387 1093892 587743 589666 673754 451062 833593 849604 613873 955298 960606 883743 401470 74150 970029 695249 400408 634888 291075 647352 821127 407320 636556 663342 773592 565349 780960 1014212 652718 838699 773372 774151 283331 181539 82396 496451 157919 671239 182037 62715 843791 64200 935872 922462 545587 550227 693796 766632 638390 52962 766100 648479 855447 914106 377539 1185110 196743 1065939 904925 436615 1093289 505395 745399 53768 160485 815880 296299 1193012
253426 460945 463262 844313 828120 1115054 509053 259189 793358 193216 1093423 649015 550128 837597 373179 483702 849368 711354 996559 569325 728627 865096 798106 306407 355820 140703 948019 78981 999999999 551547 122952 552831 161615 1045496 512248 540161 668686 372443 755095 785035 608594 898537 890095 844317 336593 151993 911964 637432 331402 614748 323601 638828 798689 353121 584130 606261 715414 515394 703147 982075 602448 788452 694776 755878 308377 142724 135936 423534 135500 624546 230724 75864 777156 118169 861929 843580 468061 471267 638214 687844 576442 93454 755622 598811 777325 901157 368280 1133017 125131 1013350 875092 384809 1049510 524788 666922 56809 188963 794511 232402 1137746
451604 132554 283266 413904 288457 569659 356354 339545 301214 473853 544444 498703 506433 318042 214434 419652 367521 255599 448724 484415 302704 321930 538339 247111 244006 549295 437313 600594 551547 999999999 462953 442289 537733 494080 334513 11944 382925 492487 563954 311055 354143 364071 469605 306393 247314 638137 382759 130065 276140 250240 514188 344024 349304 200345 47661 101817 197715 36686 493983 463137 52947 238120 530941 344097 483348 419061 572286 282407 446242 75471 565553 540240 326417 573497 502251 663110 380507 487001 113084 621632 140101 560607 396921 48017 558153 490738 324607 584834 558038 466135 373423 167143 499951 486527 505796 607254 511975 352695 329860 595923
287842 393903 437096 725940 748341 1014369 498822 236729 729584 84377 995719 527918 432870 766223 265850 362349 736054 598145 911675 583401 678824 783549 675354 217322 244304 96930 881257 200179 122952 462953 999999999 431394 242093 952230 389497 451120 646145 261993 633878 671971 587553 794798 770471 765525 228464 269830 806456 534274 216621 570125 375433 611742 746274 263206 489659 504536 611000 426267 580781 912624 510921 694486 573873 710691 351491 130275 235749 302747 155148 538069 312065 171109 661721 221956 739761 724019 345435 355457 538248 573603 468160 196540 722544 508269 655344 861721 354352 1034347 99371 914559 810272 297409 962653 545123 545676 175345 254338 743816 133108 1034923
651270 499747 643893 394675 674829 787478 726423 540346 731009 363656 788443 96788 72354 727744 309054 69131 454528 350752 784464 849526 744988 694278 251860 388884 292901 444138 842799 631214 552831 442289 431394 999999999 656748 775195 108057 434569 807339 209935 202506 405680 765629 576776 418599 693169 315553 701111 574309 393461 287475 681675 743001 767023 788700 384307 424197 387357 432038 423479 153509 857905 451570 558795 142949 786381 711676 511926 661544 192993 549509 493397 720029 599300 374605 649968 351572 295720 93194 114262 417071 185002 323152 625379 836624 455394 225012 931707 619013 817528 462788 710316 791672 396132 818602 831075 114325 600067 656223 793103 382371 792973
121530 420867 369158 890482 786783 1106342 393655 199314 728963 326078 1078722 753235 668068 782868 411110 589345 877659 743020 959562 429079 647803 825590 887626 323261 404858 296988 883708 124387 161615 537733 242093 656748 999999999 1022776 594468 527921 558498 503519 857545 814143 499258 900748 941056 800904 380852 112279 918012 646853 391089 532430 167338 534712 718848 362585 578846 614129 724457 505153 798502 920928 590679 773302 799386 668340 159068 147922 46860 495132 109979 602641 71021 85767 813925 61418 929516 952421 565428 593146 640848 811298 600551 74537 653944 585473 874912 802945 270883 1119711 283698 1002316 809784 385409 1014926 381243 770179 172692 37798 712603 283130 1133472
923006 601917 695592 438027 251606 120851 731555 823685 362725 950573 74263 771744 847101 292192 689865 793524 343961 424553 106464 827588 472724 213760 691861 739890 715797 1032611 285951 1093892 1045496 494080 952230 775195 1022776 999999999 695792 505373 637202 917512 768908 374844 658417 201103 461010 244187 726649 1127743 210603 426000 747473 551925 965966 621416 430950 692982 462785 451926 358320 530107 721763 257987 443124 257782 776043 489116 939450 912436 1060632 707374 938010 422703 1040283 1032873 411157 1063507 560921 831883 764721 868856 416642 898249 501797 1052265 562043 446685 740609 509091 775434 112047 1043450 78766 320011 660719 77084 855435 766589 1101313 993380 443257 820168 160497
573000 394216 542081 357938 575710 720823 624738 456376 625835 337729 716537 181195 173171 625729 213451 98350 397161 275102 695331 749737 637203 597564 293240 300483 203269 425270 742276 587743 512248 334513 389497 108057 594468 695792 999999999 326638 700351 231516 273827 340221 659742 502778 394251 594256 227719 653065 504273 294433 206630 573933 662619 660069 681845 288252 318093 284687 342388 315429 208187 759357 345787 465845 223203 678548 630466 446698 605906 102138 484755 387611 652942 547427 315806 596667 351572 374874 70534 173766 316337 291222 220405 573560 728575 349273 284791 824511 524597 748619 442462 636114 688678 295680 733127 733960 193936 564414 588722 686009 311947 730779
443147 126821 280306 416938 300386 580093 354774 330116 311838 461921 555270 492612 498071 329594 202664 410635 373040 258255 460569 483253 310711 333872 535727 235442 232285 537365 448814 589666 540161 11944 451120 434569 527921 505373 326638 999999999 386567 481592 559549 315621 356142 373292 472575 318310 235419 627768 391587 134433 264382 254516 507012 347351 358631 188637 53631 104703 204498 24911 489426 474833 63191 249052 525519 351967 475966 408155 562097 272299 435659 87410 556622 529465 329720 563107 502864 659133 371352 477406 119331 614705 137644 549991 403351 58831 554483 499535 318348 595572 546131 476712 384587 155584 511706 484134 500054 595940 502542 361767 318037 606048
436981 310018 209160 768226 393572 752103 164930 414155 274501 701331 709629 874842 863437 345067 515424 770283 696795 619733 540091 200703 164546 427134 920811 473092 541419 742587 395678 673754 668686 382925 646145 807339 558498 637202 700351 386567 999999999 797307 945902 655869 60125 623556 822644 396238 527916 668838 649470 494174 564182 133547 426153 40333 215435 449867 420136 475471 531846 390319 875658 436540 401797 476344 910012 153290 413896 532985 605285 623093 533195 370413 536898 614966 682121 617723 873050 1045695 730629 825712 468719 991571 522917 621004 102367 394982 940992 249351 300421 749147 741649 657825 331367 425312 594031 240678 883604 708785 520837 204179 542616 789473
531057 494027 602913 585752 768784 949828 680070 443277 793290 180254 943211 296748 184046 808191 289744 149647 628669 503957 906200 788445 777674 796193 460441 326365 260727 246222 927522 451062 372443 492487 261993 209935 503519 917512 231516 481592 797307 999999999 400269 571153 745564 729697 617251 787442 270461 524427 732973 498546 234263 689345 623092 758124 834460 347828 494814 479648 559501 461735 361685 950330 522450 674869 339503 816435 595305 374256 497126 215870 407572 561472 572678 432058 547322 482488 558836 479385 161620 104389 514966 315810 420561 456789 850463 523477 428330 969564 547836 976621 265271 861939 865663 375126 948416 759037 315059 411989 512642 835840 274996 961104
845166 652086 806840 335063 734463 749620 889057 729869 817746 564799 762803 106097 218139 797555 486705 271533 425027 379057 805039 1016310 855794 743918 89724 574282 477011 642722 901946 833593 755095 563954 633878 202506 857545 768908 273827 559549 945902 400269 999999999 401283 912046 569828 330912 751149 501327 903616 558305 473957 478208 814029 935570 906391 886692 560814 532048 481708 480104 556059 70423 908291 555440 603983 60939 897214 903596 711515 863579 375381 749367 594567 919517 801638 362703 852238 233856 102077 292133 296115 500902 152473 425636 827743 957579 561150 36992 1030292 796814 783477 661603 694326 864083 565072 826967 1003619 88204 801624 855442 893406 579392 744890
746368 442330 593523 113175 350586 382523 663196 626543 455926 645740 382912 396904 476431 419069 412762 433534 64361 73828 403764 788838 524094 352247 333600 492570 429307 733806 511366 849604 785035 311055 671971 405680 814143 374844 340221 315621 655869 571153 401283 999999999 642409 173822 166801 365031 448687 901275 168842 181193 455410 525890 817701 621882 534062 451566 263447 211864 124152 330621 348880 512909 269042 217409 402630 562009 785827 676274 840896 381773 710309 289749 853905 795868 38824 837745 232245 476468 410743 507166 199496 524029 213618 819813 633899 276334 376904 670690 632714 411979 748328 305920 484685 430265 427498 795129 392000 841544 794719 543378 553693 390747
377731 265906 150525 753250 409279 769911 106487 354574 299280 644342 729237 836833 819288 368915 467776 725453 687547 600513 565755 169172 190751 445327 891803 419885 492632 683786 433514 613873 608594 354143 587553 765629 499258 658417 659742 356142 60125 745564 912046 642409 999999999 626279 808407 414557 477760 609980 651561 473174 513860 118603 370800 41077 252399 399576 395120 451436 518442 356504 841632 474254 379911 477081 873569 191491 356904 473237 545990 578237 473110 353056 479514 554931 666042 558201 852608 1012806 686071 778267 449002 950473 493767 561169 156517 372786 909134 305608 240353 769615 682533 672319 365093 377141 621015 200657 846461 648684 461671 242409 486736 806187
815099 491320 618812 245186 249214 222268 673949 703405 374558 781752 213785 570675 648252 317889 528956 599225 147404 228052 242052 788936 468555 233099 495579 593649 551510 867334 381339 955298 898537 364071 794798 576776 900748 201103 502778 373292 623556 729697 569828 173822 626279 999999999 278068 256802 566338 998268 26490 261179 581474 508466 873212 596759 455487 547979 321911 292337 183798 395627 521035 372761 311456 149521 575199 499128 843449 775237 933662 526487 805320 308433 929580 897091 210103 933612 372253 637288 572799 674067 261608 697227 328317 918951 575646 317274 542748 574815 680750 247157 879996 133733 375541 519503 257528 805965 565494 955278 875822 466835 667058 240173
885713 597473 752781 55728 503127 423589 825144 763827 616268 728879 442226 371103 478770 573137 530283 468201 138853 214398 519329 952032 689502 497815 244170 618278 539910 817316 653771 960606 890095 469605 770471 418599 941056 461010 394251 472575 822644 617251 330912 166801 808407 278068 999999999 515445 562559 1018767 258463 340319 560228 692363 962741 788492 695840 582630 422790 367960 290821 484337 304732 648820 431838 373467 357188 726726 930295 797076 962793 467924 833294 455378 987377 911886 143489 957287 102067 376368 458670 532078 361761 477977 352039 937064 799491 439139 297157 828992 783888 458365 833849 382782 636784 567090 528396 956056 359193 945084 925726 705656 666304 415695
694118 385176 457108 470387 18695 356119 488277 604771 125216 780189 314711 720227 764235 61246 520232 690433 376607 372125 160317 583685 232100 30919 693707 548206 549417 854359 151423 883743 844317 306393 765525 693169 800904 244187 594256 318310 396238 787442 751149 365031 414557 256802 515445 999999999 553680 909631 282970 300091 581744 308192 729570 378184 203117 502590 293528 311218 271606 342374 689484 165104 266714 148555 738812 254362 704623 704912 841647 571827 725872 231413 811275 821365 402360 846669 595950 835507 654699 763943 278079 851084 374614 838330 330414 266855 732016 318286 542546 355068 862299 262334 121378 468203 216670 611264 720922 898081 769045 215080 632791 393256
346333 223837 340612 513744 535677 786068 421276 228659 537972 227053 768131 404620 354634 563274 37387 260769 513045 375152 692215 539225 510998 568474 516922 73492 24869 306114 681827 401470 336593 247314 228464 315553 380852 726649 227719 235419 527916 270461 501327 448687 477760 566338 562559 553680 999999999 456591 578186 305918 36295 419137 435124 488421 571045 78189 266567 276587 382540 211735 435782 709329 290278 469541 448746 548705 402870 234860 400377 125984 271694 322376 433219 349943 442341 394741 548828 601822 224670 303259 310842 495945 240486 374821 580231 288743 512222 702410 304263 806445 316821 686730 614898 104897 741279 517539 419085 393255 369596 571376 105177 806459
232745 526878 481434 970332 895101 1207796 503913 305156 840358 344906 1181776 797706 701283 893280 490419 632118 965415 828695 1067479 529530 760049 933674 942930 409213 478878 288160 995290 74150 151993 638137 269830 701111 112279 1127743 653065 627768 668838 524427 903616 901275 609980 998268 1018767 909631 456591 999999999 1014312 740602 459527 644646 260254 646026 831100 452517 677013 708179 818845 604163 849546 1032268 690924 875554 843687 780580 260739 225149 68104 558963 193012 705801 142448 106962 897760 64688 998408 993697 613980 622763 736912 839714 688328 81775 765250 686139 924592 914387 383147 1222475 270641 1104183 921369 479075 1122481 480158 815422 123095 148923 824878 352475 1233678
834296 511443 641525 229163 275593 216856 697829 721415 401039 790856 214136 563807 645233 344110 540862 599680 133446 229262 260923 813638 494890 258877 481895 608148 562527 877098 405463 970029 911964 382759 806456 574309 918012 210603 504273 391587 649470 732973 558305 168842 651561 26490 258463 282970 578186 1014312 999999999 274839 591942 533566 893872 622379 481956 562920 339440 306705 196602 413349 511855 395639 330536 174507 566285 525583 863852 790605 950183 532987 821301 329747 948206 912384 202893 949715 354858 622753 574627 674057 277478 688895 338635 934577 602087 336594 530170 600809 701709 244440 890152 137791 401292 535248 272040 830061 557838 968756 893720 493314 679976 230693
570891 261192 413163 284592 281633 480152 484828 453504 345654 525801 463107 427458 464236 335045 268555 391355 239253 127765 407657 611952 384152 303263 433973 333358 292408 609572 449339 695249 637432 130065 534274 393461 646853 426000 294433 134433 494174 498546 473957 181193 473174 261179 340319 300091 305918 740602 274839 999999999 323330 360992 638901 457432 412763 288414 82680 32775 78363 150305 406924 465125 93267 176334 451568 425144 607381 516273 677304 284153 547683 125113 681515 637921 196872 676141 379571 567892 356747 465646 27057 557148 77990 660410 489507 100422 461804 556493 452106 500902 621448 381386 399950 261908 450642 615874 430473 694195 624526 419459 405888 500943
366982 259849 375792 513340 563547 802567 455987 253064 570422 203141 786436 379005 322634 593602 61730 229614 519553 381583 717006 572569 546017 595406 499070 103540 32400 286289 712539 400408 331402 276140 216621 287475 391089 747473 206630 264382 564182 234263 478208 455410 513860 581474 560228 581744 36295 459527 591942 323330 999999999 455177 457499 524705 605319 114368 291385 295687 398112 241486 414410 739179 316349 491593 423903 584008 425692 243325 406726 104988 281123 350387 447254 352575 446017 399501 539970 577653 195133 268561 330832 465292 253343 378144 616288 315407 491136 737611 335791 824086 298550 704684 646516 140903 765002 549577 394176 387379 383122 605892 108368 821556
414951 195330 164472 637517 300449 659703 180327 355952 205800 613904 620770 745562 740552 270460 401228 648763 569669 487140 465185 281724 115538 338246 787496 374478 429196 666831 355690 634888 614748 250240 570125 681675 532430 551925 573933 254516 133547 689345 814029 525890 118603 508466 692363 308192 419137 644646 533566 360992 455177 999999999 433012 96555 186597 343259 286619 341929 401747 260205 743937 394774 268368 359062 779579 141420 411863 472762 577380 502600 482057 238038 527979 572888 550805 586441 740262 913348 608929 708144 335803 864767 389936 584196 161118 261513 808352 291739 261628 661726 668895 560021 282507 314277 521422 304513 753678 661623 496732 181000 452612 694978
92753 382778 272825 908796 718178 1061920 265680 207026 638442 458071 1028787 836201 768073 700383 454964 680390 877930 752422 889779 269863 543298 757408 951155 363691 459827 449028 788112 291075 323601 514188 375433 743001 167338 965966 662619 507012 426153 623092 935570 817701 370800 873212 962741 729570 435124 260254 893872 638901 457499 433012 999999999 410223 612438 387496 560639 606861 711506 488739 870795 827569 564674 732728 881321 555752 32753 249722 209622 560536 220305 564925 118245 249682 825382 227021 968863 1035140 649827 699928 626259 913158 610940 241808 527011 558224 947311 675440 192846 1070304 438495 958026 715347 397163 946200 220110 851595 340001 134907 604256 362348 1093017
413354 269798 176285 733767 373820 734147 144771 382145 260621 665022 692820 834770 823118 330711 475453 729993 664513 583693 527350 207183 151174 409062 882240 434651 501623 708442 392679 647352 638828 344024 611742 767023 534712 621416 660069 347351 40333 758124 906391 621882 41077 596759 788492 378184 488421 646026 622379 457432 524705 96555 410223 999999999 211476 410469 382164 437839 497733 350560 836105 433452 364635 448318 870120 150427 395324 501283 581275 582818 503411 334573 517442 587589 647200 592934 836789 1006367 690330 785633 432332 951285 484110 594892 119237 357717 901833 268387 271091 732936 708080 637709 324713 385481 582307 240927 843625 680563 497322 201394 505564 770842
600666 355274 350067 645870 207132 549429 349048 540938 81133 782178 504783 836172 854672 143602 545930 768916 559435 520008 329488 415271 71069 232136 842793 539486 575712 841996 181291 821127 798689 349304 746274 788700 718848 430950 681845 358631 215435 834460 886692 534062 252399 455487 695840 203117 571045 831100 481956 412763 605319 186597 612438 211476 999999999 501488 364809 407862 419203 375187 819573 222122 338004 323650 863102 62178 593686 656136 763926 630292 667292 296516 712227 758963 567553 773038 765161 979625 729811 836000 385878 963456 469424 770648 131099 333698 873674 144026 447968 542764 845619 462135 116289 468682 381685 451984 840729 846744 682947 12322 622184 588075
304772 148808 263794 530560 485282 762429 345237 182581 474305 283054 740310 468907 428461 505737 75349 334048 515164 380588 648798 465729 439067 520347 567183 46912 94648 352273 622573 407320 353121 200345 263206 384307 362585 692982 288252 188637 449867 347828 560814 451566 399576 547979 582630 502590 78189 452517 562920 288414 114368 343259 387496 410469 501488 999999999 231010 256241 366764 163726 492929 652364 249923 435552 511454 475658 354749 227871 390219 191339 259934 275090 404980 349517 451945 388236 582050 662480 296369 380407 286503 567410 237966 372050 504106 246678 568176 629496 236346 779967 359753 660362 553336 34565 700286 446881 482142 409420 344168 501015 130231 785978
496209 179951 330486 367065 274986 532177 402504 381998 308037 493259 509322 473122 491258 314177 230975 408678 319924 209299 425825 530029 325577 304959 501205 277790 259012 572271 433200 636556 584130 47661 489659 424197 578846 462785 318093 53631 420136 494814 532048 263447 395120 321911 422790 293528 266567 677013 339440 82680 291385 286619 560639 382164 364809 231010 999999999 56474 150868 73926 462803 455532 28136 205018 502668 367201 529570 455432 611975 280113 484312 69641 609129 577175 279427 612326 458300 629622 370677 479210 65742 599107 106802 598371 425545 31201 523955 508327 371805 549082 582229 429602 374139 200052 474734 533286 478818 640389 554280 369650 357388 556905
538297 230791 384822 312294 292551 509970 458113 420751 344957 498697 491562 428485 456795 341060 239352 379647 271077 153798 427962 585978 374087 317391 447245 301491 264252 581491 457793 663342 606261 101817 504536 387357 614129 451926 284687 104703 475471 479648 481708 211864 451436 292337 367960 311218 276587 708179 306705 32775 295687 341929 606861 437839 407862 256241 56474 999999999 110669 118772 413291 476095 74591 198004 455449 415521 575244 484029 644729 263997 515221 112879 648767 605748 225018 643683 401828 577881 343530 452789 35846 556670 64350 628111 476883 80957 471914 551887 420863 529885 592953 410148 404408 229320 472952 588315 432867 662981 591751 413729 375212 531598
