NAME : synthetic_000154
TYPE : CTSP-D
DIMENSION : 100
GROUPS : 8
RELAXATION_LEVEL : 1
EDGE_WEIGHT_TYPE : EXPLICIT
EDGE_WEIGHT_FORMAT : FULL_MATRIX
EDGE_WEIGHT_SECTION
999999999 380745 480476 443120 109255 600612 534817 361068 334972 472745 253757 408921 589177 405707 359572 532638 479153 771467 595889 625513 105801 335614 598681 390319 380941 416050 238136 420930 517630 516479 407591 434867 815289 105291 111346 343865 482609 605139 682922 127151 388332 411923 178877 125681 621027 575353 335132 382904 571075 303588 301204 356132 594476 673986 308861 140926 155648 478389 660925 475210 670400 595588 441119 486449 23704 266209 486608 284109 582008 37017 391721 374655 583169 396137 664163 275206 547847 288888 251737 183921 402614 345547 154274 571959 523220 527975 280735 731206 298811 479275 463956 255637 289515 208142 406759 649085 598493 545130 622017 393055
380745 999999999 761765 823503 482503 859932 197123 681270 47641 800803 613838 35538 733041 280417 707255 169700 134851 1136648 873639 702417 305773 556112 900898 720169 513850 579096 597977 723718 520281 829308 338866 641127 1187019 470626 483665 84306 551531 689218 743300 278524 565774 243878 449495 368099 795853 915422 691070 732156 950164 568218 592203 43541 963783 1037259 201215 295572 280516 854420 1030400 101669 779749 972663 180584 831021 396311 483483 725328 174994 735623 405782 288295 650062 962188 768061 1043645 653128 571070 156897 427606 470898 498753 481856 232346 952470 747236 884625 547516 1106238 663218 625649 601932 367618 97876 572835 768101 904705 882313 591115 964061 442958
480476 761765 999999999 410716 474244 915483 823634 137506 716205 712545 527366 797004 1006577 586126 602208 851749 793609 804791 887221 1071817 582439 754319 142793 659344 834677 246386 284074 725692 991870 772093 887142 838300 801452 383812 476842 766031 944732 1050375 1131137 504735 236826 624157 620707 409717 1013487 219837 568008 609403 554267 698024 181112 721369 653550 740285 772614 618923 488688 536974 698431 823070 1097613 595618 706468 680722 456897 278879 93294 739636 994473 443723 867289 732244 562912 527715 609222 449909 1016538 738034 336715 308042 865485 315684 556254 521322 125037 668071 216730 710914 270442 911192 902415 401628 666828 503604 244119 171634 121733 1008389 779043 867272
443120 823503 410716 999999999 349947 559182 964547 305886 777205 345141 269993 852039 722349 784249 271739 969493 913533 405391 520804 818664 532778 516035 416468 324493 625867 572265 256001 395651 809287 402239 779187 564203 419458 358071 349743 784795 734699 797690 875701 553366 546355 806142 456590 484890 703277 299592 248285 264473 156655 451402 373808 796819 243489 331628 729748 557985 566067 129046 293406 915824 815651 195041 859126 296881 427267 482113 491770 714256 706225 418280 783713 441104 167747 157679 237766 188758 813867 722713 525547 413596 668592 578864 593106 139197 531110 266027 416001 327155 200094 657115 658489 580189 730215 286993 166732 543367 457792 793237 373127 700164
109255 482503 474244 349947 999999999 515064 643073 341117 438162 369335 145475 508475 542941 510980 252797 638988 586532 662540 504673 598911 183269 285741 573687 288161 360462 466550 196747 327205 523380 416547 448559 378235 707603 106460 3226 436829 471007 577605 658051 236064 437021 519472 147105 212580 562573 526484 226810 275468 467868 237563 309612 461012 485993 564847 380917 208214 262388 372255 552549 579554 630765 490278 550373 379044 105404 319109 501021 364321 532926 105006 444404 294941 479856 287966 561491 170805 544291 372858 322955 224004 392356 412847 262157 472071 541269 418867 307123 624714 242586 440937 430281 343600 394849 99421 346217 645871 583708 534646 514309 400573
600612 859932 915483 559182 515064 999999999 1054519 780954 831425 214042 399176 869189 257269 994878 313295 1029051 991884 487639 49410 378629 594811 303924 962309 256223 367610 974065 645997 193653 494895 158363 599268 226063 568019 617961 511871 781988 406103 364995 417164 714564 944187 991718 437019 722536 194184 857025 347497 307860 517612 304441 792321 860822 421014 415610 670241 585119 749467 446032 452910 959435 327565 496738 993895 266888 608952 831216 971514 686923 239439 613494 638641 226554 521451 404812 571173 466211 463337 704456 838008 735301 402196 927452 714850 557082 1013822 322975 805718 544529 645297 287437 308703 854492 808194 436078 693970 1074714 994662 429027 279193 466455
534817 197123 823634 964547 643073 1054519 999999999 771977 223379 983655 783235 197991 929310 245914 882930 56110 62710 1305355 1066417 893996 481322 750626 966420 901637 710968 602125 720053 911257 707825 1016045 527141 837475 1350091 606671 644822 280320 745515 881780 932058 413079 598324 203506 634599 482338 992822 1006522 863218 907496 1102665 758660 676066 194413 1129056 1207117 397613 478831 398532 1012714 1195586 110549 973330 1129120 117176 1008983 544908 551879 767230 372029 932248 551414 475990 840752 1114810 930862 1194642 809362 759512 353883 492829 572190 695264 512715 380916 1099594 779200 1057768 625987 1265474 785133 822588 798804 426166 253881 739448 882620 941955 937484 781807 1143791 638282
361068 681270 137506 305886 341117 780954 771977 999999999 634078 581477 390172 715418 869349 551232 468139 792231 733503 710695 754260 936265 466132 618003 237707 524757 701160 272240 147339 589965 862764 640719 768159 701006 718621 258660 343544 673047 812086 914772 995640 408928 249298 583469 488199 314606 876007 235655 433648 476815 459783 561000 96905 643998 547660 636689 664363 501869 400956 424107 599290 754244 960612 499748 656313 553754 337415 224405 194631 634521 857130 324102 752558 594811 469936 401933 528617 314748 885240 635314 281700 210535 733448 301137 460067 433326 236519 548158 148127 626214 136281 774923 766698 347670 583712 366132 147780 307230 242692 875709 660266 738767
334972 47641 716205 777205 438162 831425 223379 634078 999999999 763678 571792 81389 716690 259031 667220 205282 161039 1095030 843038 693716 264491 527640 854802 682346 493790 538711 550424 689025 516794 794202 337056 616006 1144163 423456 439438 84054 540412 679393 737331 230910 524224 227179 413051 320602 776678 868027 649918 692045 905312 535479 545519 29758 921226 995862 189499 257640 233181 810381 987881 141729 768251 928435 180264 791928 349938 438475 681760 156444 718151 359149 288243 617557 917365 724758 998662 608455 566345 138473 383385 423625 482528 441380 185144 906924 704691 844006 501328 1062593 615699 607053 583784 324996 50390 530009 720488 861062 837040 583973 925743 430195
472745 800803 712545 345141 369335 214042 983655 581477 763678 999999999 228445 818196 408004 878425 121992 968757 922957 369015 177448 520386 502624 291156 750962 82875 398852 797852 456635 95391 572253 59633 616070 281564 439362 458833 366512 733847 483842 501569 571589 598255 768190 883775 351330 581233 372243 643262 155392 106460 317870 247115 605578 791012 241674 274042 637616 506048 628389 235272 293158 902431 496738 305238 904126 62176 473755 664117 775168 641843 390126 474308 642102 179174 323874 191728 386496 271589 558297 657005 681723 569980 443448 764669 612836 353892 817382 133034 626611 387864 445267 376959 388061 710654 729811 273479 483634 867056 785365 529288 166453 497566
253757 613838 527366 269993 145475 399176 783235 390172 571792 228445 999999999 636776 486714 656224 108377 775641 725144 523298 380143 567961 308105 252843 597122 151409 358373 576846 248758 205524 540520 280232 513689 319222 573670 230441 143023 558914 469129 546466 626790 380906 546981 664926 193297 354245 486994 518144 81397 130229 351879 188731 393337 596559 350160 424360 483711 322926 407856 249312 416700 713449 579825 366931 694000 233693 250825 438276 575636 476055 473026 249617 522961 205643 363182 158610 444739 90579 547920 487853 453534 343167 400038 537833 403491 365661 617782 274949 407176 495500 259566 403888 401124 482591 531625 46229 335809 693877 620014 529614 368842 430172
408921 35538 797004 852039 508475 869189 197991 715418 81389 818196 636776 999999999 732510 310259 727807 161571 138754 1158574 884740 696120 328979 566128 935934 738392 517090 614406 629737 738870 510866 844674 329704 647986 1210416 501204 509487 87202 547619 683801 734872 310902 601230 272040 467142 401693 797413 949208 712870 752751 976336 581959 626876 78522 986936 1058986 202397 315641 314480 879530 1053463 91527 775352 997951 201701 850396 425400 518847 760861 182315 735971 435313 278592 663345 988314 792296 1069964 679279 562313 165029 463084 504935 499046 517199 263440 979686 782757 905595 582494 1130681 694791 627229 603246 403153 131711 596755 800203 940238 917637 584048 982479 440946
589177 733041 1006577 722349 542941 257269 929310 869349 716690 408004 486714 732510 999999999 929364 450620 893199 867690 738921 303424 121403 538650 257622 1083776 399392 226977 1002276 722562 330480 267022 373487 416798 168444 817936 647558 539908 649112 193002 108244 164990 672048 973575 915146 411207 713430 78104 1000808 476159 459284 724872 308845 851711 746164 646428 658891 531860 514532 709440 634782 689751 823647 93710 713203 894261 470119 606026 852094 1042494 560560 18399 615320 465112 284630 731396 566642 793917 574817 224157 578718 840821 761236 234396 934673 653732 758969 1083320 539190 849529 784236 744583 113732 134722 837054 708063 503777 821141 1176223 1105213 189293 524909 291932
405707 280417 586126 784249 510980 994878 245914 551232 259031 878425 656224 310259 929364 999999999 763759 285888 234340 1158403 995466 926027 402149 703948 728537 796024 702475 357140 529079 823861 761233 921687 587021 801865 1192173 441599 513579 342748 770492 909490 974594 282111 355217 43694 557978 308109 979206 780559 737268 786393 933579 690666 454389 240316 979778 1064506 434209 418720 250135 855085 1044483 284095 993020 965224 134604 889916 405609 326827 524209 395203 927438 406694 541012 768973 945582 783830 1021250 657302 808079 379914 270527 371860 702354 271137 281540 923163 534275 926021 403123 1102844 590466 815912 794729 207300 239125 610006 676993 697078 696426 821169 1024900 660082
359572 707255 602208 271739 252797 313295 882930 468139 667220 121992 108377 727807 450620 763759 999999999 872268 823634 432354 286521 548545 402877 261079 653201 57746 374958 676506 337502 128182 558544 177443 565793 294310 490446 337781 250181 646543 477057 527830 604919 486489 646787 771454 265192 462620 434360 556645 34723 24952 301832 200300 486039 693221 269321 332558 560652 412197 514658 199634 333560 808126 543980 305523 797416 127054 358151 542125 660021 558669 434568 357505 583435 171126 311390 118037 388330 153917 555758 572198 560245 448054 419857 642713 505857 326869 702336 177987 505433 420589 332185 389178 393014 590770 629668 154401 384730 762095 683122 531867 262720 463025
532638 169700 851749 969493 638988 1029051 56110 792231 205282 968757 775641 161571 893199 285888 872268 999999999 58733 1298902 1043248 852646 469398 725407 994257 887566 678661 637605 730570 892931 664542 998389 485251 808957 1346455 611706 640494 248021 706625 841228 888791 416136 631687 242328 617782 492980 958753 1027710 854415 897057 1103398 737841 697545 179167 1124118 1199979 363968 462734 406424 1010796 1190773 70077 933512 1128213 151640 997173 544903 576185 799768 342512 896995 552562 434252 819725 1115514 926752 1196156 807808 716524 324761 517119 587828 660218 545475 378598 1102512 814025 1048732 648476 1263525 796066 788626 764600 450902 244315 733060 896370 976366 967747 740121 1131023 601338
479153 134851 793609 913533 586532 991884 62710 733503 161039 922957 725144 138754 867690 234340 823634 58733 999999999 1247977 1003992 834451 421230 687978 936030 841163 648630 581807 672984 849637 649620 954611 468416 774779 1294100 555510 588161 218584 684949 821842 873596 360332 575070 190682 573211 435199 930704 968977 804655 848296 1049031 696505 638817 132422 1072354 1149402 335837 417480 349146 957538 1138965 61110 912998 1074545 100228 949312 490485 517640 742719 309545 870405 497687 417322 778587 1061163 874498 1141504 754289 701045 291375 458602 529345 633483 488776 324879 1047300 757762 999188 589784 1210357 738420 760499 736774 392485 193965 681872 838237 919841 910000 722542 1083823 577101
771467 1136648 804791 405391 662540 487639 1305355 710695 1095030 369015 523298 1158574 738921 1158403 432354 1298902 1247977 999999999 438700 859270 830926 659972 774796 434054 767524 977327 647683 464167 937201 376646 983759 643413 81183 716864 660695 1078398 847444 843169 902517 896860 951015 1173574 697417 850404 681569 639274 445713 407494 251556 612339 777728 1119850 178636 99798 992396 843124 919144 304994 114960 1236629 814928 211003 1211932 318929 763819 878761 891259 991023 720563 759304 1007440 548186 242210 376278 206962 501829 918653 1004487 916006 799915 811850 978409 924563 283688 928672 254831 817416 109921 600710 734595 748956 963516 1054769 566105 566734 912024 825649 887495 215587 866579
595889 873639 887221 520804 504673 49410 1066417 754260 843038 177448 380143 884740 303424 995466 286521 1043248 1003992 438700 999999999 424787 598835 318954 928404 231513 394344 956973 623176 177650 532397 118716 626769 252404 518932 604844 501537 797654 442583 410379 464927 713770 927103 994474 440027 715192 242873 819843 321213 277819 471910 309367 770969 872128 373163 366214 688390 592099 747688 404138 403792 974088 376249 449782 1001136 225303 602393 816768 946534 702548 285331 605914 663897 228015 475323 369127 523182 440438 503446 719711 826932 721020 431720 914685 717621 511997 988848 277362 787179 495191 618069 323682 343544 847113 817228 419953 660900 1043730 962486 469641 229792 495113
625513 702417 1071817 818664 598911 378629 893996 936265 693716 520386 567961 696120 121403 926027 548545 852646 834451 859270 424787 999999999 557087 319387 1159670 501722 244572 1041406 789023 436496 191544 490329 367396 254486 937880 698449 596139 618379 155539 21581 59402 689294 1013838 906493 455969 744558 191920 1086097 570394 560357 834089 380554 907568 722110 761110 777642 504279 527413 726183 740234 806892 784918 87872 825029 873938 582486 645176 891722 1098992 538563 139458 656044 418438 377726 841285 666387 906823 658269 139923 555987 872776 805950 228617 966032 662605 866298 1138517 652969 899024 901710 818802 164085 169629 859833 693655 577245 903464 1243127 1176604 112621 644645 266144
105801 305773 582439 532778 183269 594811 481322 466132 264491 502624 308105 328979 538650 402149 402877 469398 421230 830926 598835 557087 999999999 302127 703489 420392 316579 493234 343182 434087 429175 537284 304812 400856 881561 210985 183790 254079 406566 537905 612055 133587 467683 396971 158834 194039 581765 680859 385514 427660 649233 290505 401789 290353 658178 731610 204302 36614 170957 551103 724761 405824 611916 669613 404071 528137 129126 348139 582052 182782 534405 142356 286440 370864 661112 463371 742991 352965 464519 190104 319748 278543 328816 411403 120649 654926 616690 579516 375937 801767 402424 425260 406447 302751 227468 267797 510256 749172 701659 466532 662603 307090
335614 556112 754319 516035 285741 303924 750626 618003 527640 291156 252843 566128 257622 703948 261079 725407 687978 659972 318954 319387 302127 999999999 840304 233008 113944 745485 470664 196938 297589 297254 325834 99959 728545 389951 282753 478967 218785 297811 378754 431186 716602 696610 156801 461110 285500 769562 272927 280203 562799 64720 595129 557103 518184 563697 369635 286681 468035 460624 577181 655943 345112 564417 692611 343297 350899 595503 786334 383832 248528 359493 355264 112399 572174 375306 647751 343324 297976 401151 586997 503875 159019 680604 422478 587580 826833 413436 591948 669618 499446 156920 150102 588552 505772 258170 586015 925187 857502 277527 454319 207365
598681 900898 142793 416468 573687 962309 966420 237707 854802 750962 597122 935934 1083776 728537 653201 994257 936030 774796 928404 1159670 703489 840304 999999999 710849 930556 382935 376940 780989 1097020 810110 1005865 915884 757305 496248 575861 901187 1042492 1138090 1219009 637765 376726 766827 720320 542338 1081509 136662 621112 655162 534892 779849 311393 861147 645201 725454 899955 739373 624657 544938 678653 964592 1176699 575801 849251 709393 575007 419879 215332 868862 1070146 561688 989918 801649 541069 559464 569580 510574 1117269 868606 478306 438342 964995 457688 689389 495802 226744 682468 353480 671893 340869 996331 990325 543742 805011 582649 268620 138299 56149 1105860 788058 973730
390319 720169 659344 324493 288161 256223 901637 524757 682346 82875 151409 738392 399392 796024 57746 887566 841163 434054 231513 501722 420392 233008 710849 999999999 345918 727122 391688 71554 526605 129195 551165 249650 498732 381031 285263 654799 441772 481454 556879 515532 697300 801026 271275 500593 379133 613113 91355 60091 336399 179341 539495 709431 285215 335507 561696 424884 545921 238928 345136 821702 492157 333794 821349 115389 391927 589658 715862 563864 382807 392924 573481 129639 344777 167517 417255 210050 519344 578556 604301 494570 391164 689211 529991 365880 758183 181965 556658 436825 389082 346116 352512 630832 647756 194620 442321 819744 740865 493389 244088 439807
380941 513850 834677 625867 360462 367610 710968 701160 493790 398852 358373 517090 226977 702475 374958 678661 648630 767524 394344 244572 316579 113944 930556 345918 999999999 796868 555086 303485 184279 396857 232428 142111 838039 456342 357905 431264 112427 224264 302218 450027 769268 688232 214368 500627 282904 868672 385805 394133 676725 176202 666268 523481 630652 672785 314696 289851 487315 574415 688512 608604 295383 678219 669410 453791 400687 647150 857287 339217 226059 411677 271099 220403 686116 488446 761589 447551 190058 357428 628905 561815 45247 722401 428416 701217 896247 524804 655639 781636 591615 114164 92269 618584 482361 355912 684526 1006311 943370 175377 557780 101928
416050 579096 246386 572265 466550 974065 602125 272240 538711 797852 576846 614406 1002276 357140 676506 637605 581807 977327 956973 1041406 493234 745485 382935 727122 796868 999999999 345622 781115 922295 853851 783120 842044 989299 360181 469758 605097 896237 1021119 1098525 375331 29883 398680 591338 299468 1027769 461804 642524 691753 728347 703138 201106 535904 808416 898042 644722 527835 345278 681136 864083 620934 1085604 767302 486926 783718 397269 150267 170038 606257 993930 387303 751429 760381 738965 640830 800308 528500 957396 599212 175181 242723 816751 97333 420050 704119 177146 792655 171356 896765 379164 894200 879605 216813 494305 538021 419958 339952 344386 957746 904033 800172
238136 597977 284074 256001 196747 645997 720053 147339 550424 456635 248758 629737 722562 529079 337502 730570 672984 647683 623176 789023 343182 470664 376940 391688 555086 345622 999999999 452856 720109 514320 636540 554364 671451 133448 198925 574536 666527 767518 848408 319655 316675 552558 343494 237911 731162 338005 302850 350190 409127 413951 148981 565887 472576 561616 546972 376758 324272 344082 532794 682752 813543 443892 610533 438693 215947 231160 326892 521734 710591 203431 625999 450748 420853 295628 493727 185104 740645 525553 270359 157657 588482 331650 366382 395198 369024 447703 175576 580097 65581 627584 619430 324221 500887 220590 170980 454543 388383 730059 558672 597045
420930 723718 725692 395651 327205 193653 911257 589965 689025 95391 205524 738870 330480 823861 128182 892931 849637 464167 177650 436496 434087 196938 780989 71554 303485 781115 452856 999999999 477566 105848 522635 189631 534735 427298 324085 653167 389750 416757 490324 541754 751233 825285 276896 538408 307703 684536 159947 131226 397732 158773 598728 717223 333052 369423 552295 432530 574561 304579 387333 825301 422568 390560 838148 152834 426212 639630 779037 559573 313501 429210 550369 84542 405173 238259 473389 275833 465194 575499 649283 543792 348057 737167 549824 429915 821308 224872 612271 481605 455274 286169 295536 670175 658514 243204 512691 887939 809977 437116 257520 402521
517630 520281 991870 809287 523380 494895 707825 862764 516794 572253 540520 510866 267022 761233 558544 664542 649620 937201 532397 191544 429175 297589 1097020 526605 184279 922295 720109 477566 999999999 561135 181469 293982 1010612 608170 521260 437473 90537 184195 224298 552401 896857 737405 377469 623207 344548 1043775 570061 577047 859991 360477 816514 543950 809355 845476 328812 394509 587207 758156 864896 597883 277470 860167 696411 630161 540153 776933 1004117 366509 278647 552683 232386 398118 869176 672664 943629 628476 52179 382670 748137 701327 140703 838265 516879 885169 1040834 702000 798362 959035 762680 208815 190450 723944 523492 534122 860014 1162731 1105298 81159 723414 124809
516479 829308 772093 402239 416547 158363 1016045 640719 794202 59633 280232 844674 373487 921687 177443 998389 954611 376646 118716 490329 537284 297254 810110 129195 396857 853851 514320 105848 561135 999999999 622421 267154 452088 510202 413590 759012 471095 472717 538425 640107 824107 925009 381446 629123 329505 701147 211774 164524 362452 264271 663114 822236 273946 288750 657768 537215 671634 287683 316587 930923 458401 344913 940966 108612 519373 718096 834189 665402 355202 520937 652443 186477 367172 250667 423112 329586 542036 681346 733467 623291 439918 818009 651158 400771 876432 169314 682848 411383 504464 358073 372337 759721 762877 323813 543058 926646 844843 511094 162309 498080
407591 338866 887142 779187 448559 599268 527141 768159 337056 616070 513689 329704 416798 587021 565793 485251 468416 983759 626769 367396 304812 325834 1005865 551165 232428 783120 636540 522635 181469 622421 999999999 374488 1049895 509839 447384 256439 224892 356212 405182 407801 760135 560682 322607 491300 488404 973080 566336 588602 860915 371874 706598 363545 833603 886184 153037 268258 438816 756873 895641 417663 448959 869763 515849 665214 431294 645433 885242 192874 423445 444598 51152 438160 871556 666097 951338 590540 232645 207250 608118 582737 197847 693054 364664 878331 918626 733093 679773 985488 689522 323787 299702 574026 347931 492204 794625 1053895 1005927 254906 780119 133227
434867 641127 838300 564203 378235 226063 837475 701006 616006 281564 319222 647986 168444 801865 294310 808957 774779 643413 252404 254486 400856 99959 915884 249650 142111 842044 554364 189631 293982 267154 374488 999999999 717525 484038 375126 561008 204030 233615 311661 530848 812917 793210 256360 560496 186335 835586 315965 307083 585313 141490 685379 645708 522258 552735 447055 383449 567784 488532 574626 738993 260833 579832 785343 341714 449482 692479 875609 466539 156260 457615 412749 123279 593256 412294 662844 408253 276852 484443 685788 599682 179793 779208 520745 615519 916694 413741 685356 669415 576286 96773 106519 688395 597691 335332 654601 1007806 936841 247799 429435 242749
815289 1187019 801452 419458 707603 568019 1350091 718621 1144163 439362 573670 1210416 817936 1192173 490446 1346455 1294100 81183 518932 937880 881561 728545 757305 498732 838039 989299 671451 534735 1010612 452088 1049895 717525 999999999 752586 706028 1132205 921351 921446 981940 938569 964247 1209850 755036 885590 761715 620659 499671 466052 263057 678037 792765 1167999 223591 165326 1050737 896224 958514 338515 157410 1285882 895005 227721 1252994 385341 805710 900706 890879 1047087 799553 800096 1071408 617798 251741 419705 192253 541274 993733 1059822 941732 827148 882752 998231 969406 285313 926379 316874 835459 92550 619190 810033 823604 992834 1102173 614222 571592 895546 810289 963107 293258 935810
105291 470626 383812 358071 106460 617961 606671 258660 423456 458833 230441 501204 647558 441599 337781 611706 555510 716864 604844 698449 210985 389951 496248 381031 456342 360181 133448 427298 608170 510202 509839 484038 752586 999999999 109655 442548 564060 677382 757179 195691 330609 457389 242523 133540 668833 470082 307028 357660 498122 343816 210097 441146 538228 623022 414006 245555 208588 414412 603162 559606 734168 527151 503131 458941 82621 213638 400948 388306 638029 69987 496099 400556 510257 342536 588975 215921 634013 392139 223271 117970 484193 309871 238315 493126 440113 487681 202030 664691 195942 543384 531342 254378 374996 186455 303532 554568 499104 627565 591118 483503
111346 483665 476842 349743 3226 511871 644822 343544 439438 366512 143023 509487 539908 513579 250181 640494 588161 660695 501537 596139 183790 282753 575861 285263 357905 469758 198925 324085 521260 413590 447384 375126 706028 109655 999999999 437515 468550 574823 655294 238280 440225 521903 144747 215552 559418 528049 224389 272928 466853 234415 312535 462411 484279 562916 380793 208291 264839 370946 550855 580884 627798 489041 552436 376516 107974 322334 503924 364517 529862 107800 443579 291715 478827 286352 560505 169843 541962 373194 326144 227220 389976 416063 263920 471338 544206 416669 310231 623317 244205 438033 427452 346639 396307 97048 347532 648464 586099 532181 511828 398576
343865 84306 766031 784795 436829 781988 280320 673047 84054 733847 558914 87202 649112 342748 646543 248021 218584 1078398 797654 618379 254079 478967 901187 654799 431264 605097 574536 653167 437473 759012 256439 561008 1132205 442548 437515 999999999 467235 605033 659852 264212 588215 311220 383668 359295 712603 903039 633172 671490 903262 495724 589834 107879 908616 978655 117298 236014 277359 804606 974928 178001 695459 923128 259580 767705 362775 492889 739430 95135 651934 373937 206545 576867 915123 716042 997025 607007 487889 78052 441420 463784 414963 508294 212986 908846 765224 824528 549349 1054192 638348 542355 518527 388564 113394 520635 745475 917786 887679 507315 898801 358704
482609 551531 944732 734699 471007 406103 745515 812086 540412 483842 469129 547619 193002 770492 477057 706625 684949 847444 442583 155539 406566 218785 1042492 441772 112427 896237 666527 389750 90537 471095 224892 204030 921351 564060 468550 467235 999999999 139477 206648 537203 869405 751182 324078 597424 267346 981032 491165 494298 777102 283311 774140 569167 722452 756381 351524 375311 573735 676444 776883 637801 228235 775536 720371 542574 503634 747715 964459 384511 201324 515304 274331 312365 785929 593059 858979 558856 79191 402170 725076 665727 80130 817579 508536 803851 1002768 614579 761029 871323 703924 118939 99924 708616 538709 468139 796890 1116327 1054555 63659 633305 110892
605139 689218 1050375 797690 577605 364995 881780 914772 679393 501569 546466 683801 108244 909490 527830 841228 821842 843169 410379 21581 537905 297811 1138090 481454 224264 1021119 767518 416757 184195 472717 356212 233615 921446 677382 574823 605033 139477 999999999 80956 670413 993469 890571 434951 724638 182402 1064607 549406 539903 814462 358990 886384 707986 742631 760574 490164 508650 707389 720127 789141 773114 93494 805870 859494 563597 624654 871338 1077826 523765 125647 635443 407037 356892 821765 645736 887855 636797 133970 541337 852891 785232 210038 946242 644462 846377 1117411 634333 878107 884045 797222 142578 148100 840646 678186 555665 881933 1221663 1155059 103404 628192 250368
682922 743300 1131137 875701 658051 417164 932058 995640 737331 571589 626790 734872 164990 974594 604919 888791 873596 902517 464927 59402 612055 378754 1219009 556879 302218 1098525 848408 490324 224298 538425 405182 311661 981940 757179 655294 659852 206648 80956 999999999 743482 1071135 953611 514658 800972 224201 1144868 627561 615977 887150 439709 966489 765186 811021 823656 547985 581519 780145 794734 854741 822173 95522 876772 917521 633765 702872 949071 1157871 583729 183338 713895 456280 434598 894036 722503 957966 716997 172566 600749 929069 863999 283270 1022087 715173 920184 1197287 703449 957450 949215 878140 223087 229030 914591 739998 636526 962424 1302472 1236005 153747 689245 315045
127151 278524 504735 553366 236064 714564 413079 408928 230910 598255 380906 310902 672048 282111 486489 416136 360332 896860 713770 689294 133587 431186 637765 515532 450027 375331 319655 541754 552401 640107 407801 530848 938569 195691 238280 264212 537203 670413 743482 999999999 352503 285532 279253 95431 713677 640224 462283 509951 689586 411419 326430 246485 719204 799935 273632 161966 37393 600460 785412 364308 745404 716293 315072 613450 133081 241104 486801 237607 667533 138578 377356 488147 701731 520794 781652 397301 591166 234218 200341 199703 460699 286762 51635 687038 516924 654931 288389 852980 385049 558762 540033 171920 181233 335230 489578 662153 626442 595719 749060 433940
388332 565774 236826 546355 437021 944187 598324 249298 524224 768190 546981 601230 973575 355217 646787 631687 575070 951015 927103 1013838 467683 716602 376726 697300 769268 29883 316675 751233 896857 824107 760135 812917 964247 330609 440225 588215 869405 993469 1071135 352503 999999999 395555 562835 273657 998532 447873 612842 662139 702713 673796 173675 522902 781240 870865 623679 502646 323777 653684 837480 611886 1057272 741366 482123 754429 369164 122140 169054 585668 965095 358972 729501 730673 713455 612111 775966 499089 931322 579250 152286 213363 789772 86312 398500 679299 183142 764039 141890 871697 351780 865841 851464 199848 478667 508140 396522 344771 341645 931148 875273 774288
411923 243878 624157 806142 519472 991718 203506 583469 227179 883775 664926 272040 915146 43694 771454 242328 190682 1173574 994474 906493 396971 696610 766827 801026 688232 398680 552558 825285 737405 925009 560682 793210 1209850 457389 521903 311220 751182 890571 953611 285532 395555 999999999 554971 324281 967587 814874 746281 794632 953224 687307 486587 205782 995005 1078495 408857 409992 257099 871800 1060300 241181 975801 983743 90922 898223 414314 359542 564601 370949 914044 416770 513367 766950 965294 797812 1042133 671758 785297 354779 301781 396777 685452 310544 276979 944531 575796 937198 435490 1121406 615292 802206 780434 236404 213974 618884 705165 738582 735975 799899 1033679 640368
178877 449495 620707 456590 147105 437019 634599 488199 413051 351330 193297 467142 411207 557978 265192 617782 573211 697417 440027 455969 158834 156801 720320 271275 214368 591338 343494 276896 377469 381446 322607 256360 755036 242523 144747 383668 324078 434951 514658 279253 562835 554971 999999999 304310 442293 667591 256447 289972 544656 132688 452114 440882 532473 597644 295703 155769 315267 441375 597769 551141 494573 557724 562271 384135 194866 441085 643343 293902 403524 204142 329743 212118 555800 350154 636998 268016 397220 307973 430474 351661 245254 524194 277995 558927 682635 442698 443287 681943 385374 303147 289706 432168 381621 169641 484615 792326 730811 387736 515361 256304
125681 368099 409717 484890 212580 722536 482338 314606 320602 581233 354245 401693 713430 308109 462620 492980 435199 850404 715192 744558 194039 461110 542338 500593 500627 299468 237911 538408 623207 629123 491300 560496 885590 133540 215552 359295 597424 724638 800972 95431 273657 324281 304310 999999999 746587 547537 433961 484055 629427 428704 231001 332708 671768 756409 365022 229239 88142 547704 736672 447257 793029 659519 374417 586855 113763 154714 395608 330618 706718 109282 464985 497749 641525 475775 719148 349212 657928 328414 128279 104516 518307 221916 147063 622189 427688 619317 193941 797170 303256 602525 586273 132004 270237 308308 403916 568988 531365 658565 720647 500735
621027 795853 1013487 703277 562573 194184 992822 876007 776678 372243 486994 797413 78104 979206 434360 958753 930704 681569 242873 191920 581765 285500 1081509 379133 282904 1027769 731162 307703 344548 329505 488404 186335 761715 668833 559418 712603 267346 182402 224201 713677 998532 967587 442293 746587 999999999 990637 463484 438927 689663 325024 866941 806357 603070 606765 595427 561019 750879 605683 641227 888871 133394 674148 951990 433066 635811 878450 1055777 621715 66222 643938 535450 281413 695155 545714 752581 571033 302253 639935 872107 785187 298698 965543 699989 726135 1097298 498583 869301 734485 746530 170248 194167 873814 764590 510572 815107 1180842 1106593 267364 470859 359817
575353 915422 219837 299592 526484 857025 1006522 235655 868027 643262 518144 949208 1000808 780559 556645 1027710 968977 639274 819843 1086097 680859 769562 136662 613113 868672 461804 338005 684536 1043775 701147 973080 835586 620659 470082 528049 903039 981032 1064607 1144868 640224 447873 814874 667591 547537 990637 999999999 527208 554687 403242 706328 330504 878840 515799 593329 884026 714722 634911 424343 545537 989805 1094478 443532 890336 596460 552606 455676 311591 857293 985962 539714 963863 716197 408614 452380 433450 427876 1058343 859906 514299 444699 906721 517992 690541 362892 335864 562232 380621 535580 283958 922031 918910 580854 817638 513065 184146 274950 190577 1043258 663917 923891
335132 691070 568008 248285 226810 347497 863218 433648 649918 155392 81397 712870 476159 737268 34723 854415 804655 445713 321213 570394 385514 272927 621112 91355 385805 642524 302850 159947 570061 211774 566336 315965 499671 307028 224389 633172 491165 549406 627561 462283 612842 746281 256447 433961 463484 527208 999999999 50679 295292 209619 451464 675248 276440 346206 551813 397535 489195 191357 342260 791337 569793 303675 775082 152939 332087 509197 625348 547417 460587 330576 581044 193039 305632 102750 385004 119236 570254 560209 528652 415615 430092 610089 484196 316393 667665 194557 471344 425500 297815 409008 411092 560863 610848 127411 353001 728601 650147 547853 287641 469498
382904 732156 609403 264473 275468 307860 907496 476815 692045 106460 130229 752751 459284 786393 24952 897057 848296 407494 277819 560357 427660 280203 655162 60091 394133 691753 350190 131226 577047 164524 588602 307083 466052 357660 272928 671490 494298 539903 615977 509951 662139 794632 289972 484055 438927 554687 50679 999999999 282993 220946 499123 717987 245574 307704 585322 437136 537681 182501 309368 832996 552160 284569 821464 103599 380871 559501 669880 583541 442781 379839 606994 184855 292131 107445 367740 165197 572645 597107 579322 466143 439216 660524 530013 309981 712149 153046 520446 397154 340542 402943 408002 611366 654333 176456 386578 766969 686822 547897 239114 483930
571075 950164 554267 156655 467868 517612 1102665 459783 905312 317870 351879 976336 724872 933579 301832 1103398 1049031 251556 471910 834089 649233 562799 534892 336399 676725 728347 409127 397732 859991 362452 860915 585313 263057 498122 466853 903262 777102 814462 887150 689586 702713 953224 544656 629427 689663 403242 295292 282993 999999999 501934 530425 927150 115193 190566 834747 669291 706333 104059 144943 1046152 814460 41494 1001173 256598 558585 637725 639903 824884 707205 551430 873471 465894 12148 194986 93765 297081 855205 835545 679479 565703 721672 735196 724810 42974 677648 194660 572527 171100 356136 682034 688906 731963 860572 384407 315184 669689 582936 829721 273275 764023
303588 568218 698024 451402 237563 304441 758660 561000 535479 247115 188731 581959 308845 690666 200300 737841 696505 612339 309367 380554 290505 64720 779849 179341 176202 703138 413951 158773 360477 264271 371874 141490 678037 343816 234415 495724 283311 358990 439709 411419 673796 687307 132688 428704 325024 706328 209619 220946 501934 999999999 543895 564248 463274 514398 393541 282736 447020 398995 524268 669507 399615 505445 691784 293503 315593 554305 734151 401591 297492 322459 395474 82093 511624 312303 588475 279305 362492 417823 551147 460437 220515 643792 410411 525407 775210 361305 544485 615189 439132 216672 212583 559206 508149 197231 523168 868135 798675 342244 413308 262984
301204 592203 181112 373808 309612 792321 676066 96905 545519 605578 393337 626876 851711 454389 486039 697545 638817 777728 770969 907568 401789 595129 311393 539495 666268 201106 148981 598728 816514 663114 706598 685379 792765 210097 312535 589834 774140 886384 966489 326430 173675 486587 452114 231001 866941 330504 451464 499123 530425 543895 999999999 553659 607567 697192 591822 438343 313801 480087 663983 661569 940239 568586 560067 587033 277861 127585 191485 559346 841102 264886 686209 589773 541368 441304 606266 334083 843644 558304 184848 127564 694235 210116 378064 508668 231704 592654 51273 700265 178131 750539 739563 250986 495389 360030 232368 347910 301862 837622 704402 691706
356132 43541 721369 796819 461012 860822 194413 643998 29758 791012 596559 78522 746164 240316 693221 179167 132422 1119850 872128 722110 290353 557103 861147 709431 523481 535904 565887 717223 543950 822236 363545 645708 1167999 441146 462411 107879 569167 707986 765186 246485 522902 205782 440882 332708 806357 878840 675248 717987 927150 564248 553659 999999999 945384 1020866 217847 285213 244605 833209 1012045 119138 797142 951003 152469 818368 369951 442697 683295 185717 747718 378556 314113 646339 939233 748365 1020293 630703 593837 167653 386210 434158 511933 438719 203713 927791 704680 869572 508112 1085723 631374 636682 613380 325327 66684 554200 735102 862667 841560 612012 952511 459141
594476 963783 653550 243489 485993 421014 1129056 547660 921226 241674 350160 986936 646428 979778 269321 1124118 1072354 178636 373163 761110 658178 518184 645201 285215 630652 808416 472576 333052 809355 273946 833603 522258 223591 538228 484279 908616 722452 742631 811021 719204 781240 995005 532473 671768 603070 515799 276440 245574 115193 463274 607567 945384 999999999 89628 828096 672633 740916 128497 66662 1062954 732323 81148 1034225 180562 586123 703653 735251 823764 628260 581297 852568 411388 113384 198432 150200 323322 798244 836367 739146 622736 675861 804150 748141 158041 774564 108673 644845 151947 429482 618242 628489 785527 879805 391232 410033 778076 691454 770013 160338 724975
673986 1037259 740285 331628 564847 415610 1207117 636689 995862 274042 424360 1058986 658891 1064506 332558 1199979 1149402 99798 366214 777642 731610 563697 725454 335507 672785 898042 561616 369423 845476 288750 886184 552735 165326 623022 562916 978655 756381 760574 823656 799935 870865 1078495 597644 756409 606765 593329 346206 307704 190566 514398 697192 1020866 89628 999999999 892714 743473 823099 217750 50985 1137395 739268 149812 1114906 220982 667058 792548 823179 891226 640496 662991 908968 452636 184715 280750 185340 407204 829264 904692 827157 710581 717461 893259 826551 230494 862124 155195 734314 129664 519101 645915 658994 872358 955979 467670 497576 860106 773356 798997 136425 770833
308861 201215 772614 729748 380917 670241 397613 664363 189499 637616 483711 202397 531860 434209 560652 363968 335837 992396 688390 504279 204302 369635 899955 561696 314696 644722 546972 552295 328812 657768 153037 447055 1050737 414006 380793 117298 351524 490164 547985 273632 623679 408857 295703 365022 595427 884026 551813 585322 834747 393541 591822 217847 828096 892714 999999999 173493 299919 732940 893469 293918 579672 850612 369763 676532 331428 514733 760005 40402 534636 344318 110210 472695 846253 642301 928058 544339 377556 54296 471620 464572 297666 551606 225310 845019 790545 737565 558594 977074 606713 425182 401306 430924 195317 450818 714558 933982 893684 394519 803900 242065
140926 295572 618923 557985 208214 585119 478831 501869 257640 506048 322926 315641 514532 418720 412197 462734 417480 843124 592099 527413 36614 286681 739373 424884 289851 527835 376758 432530 394509 537215 268258 383449 896224 245555 208291 236014 375311 508650 581519 161966 502646 409992 155769 229239 561019 714722 397535 437136 669291 282736 438343 285213 672633 743473 173493 999999999 198770 569516 738983 396941 584989 687966 409135 535462 164500 383716 618573 156499 511247 177799 250795 364458 681040 480392 763008 374922 431027 166293 353677 315133 298797 444476 139292 676905 653079 589954 412503 818321 434800 400820 381026 333348 226127 285380 542372 785775 738000 434292 668593 273505
