NAME : synthetic_000196
TYPE : CTSP-D
DIMENSION : 100
GROUPS : 8
RELAXATION_LEVEL : 1
EDGE_WEIGHT_TYPE : EXPLICIT
EDGE_WEIGHT_FORMAT : FULL_MATRIX
EDGE_WEIGHT_SECTION
999999999 777708 315495 662251 671847 486848 796681 498966 162503 806865 559756 292634 852413 668428 346705 657414 532153 520389 411945 408676 609831 260254 766061 348095 386010 561199 797956 905949 681554 529537 379941 378627 837291 342339 484500 791807 271005 809875 621673 991881 167240 417796 621189 793488 687337 722295 543845 425633 583176 482951 461497 673276 286562 313448 697098 218495 931069 619234 743647 816123 425465 570271 375637 322155 269847 850527 234195 559757 688471 447778 932413 411899 878192 411693 302930 159813 180202 744599 593632 894097 430557 678317 785256 398263 824496 753307 583278 272900 130756 403432 719124 605362 510529 479537 422237 411332 577882 408012 396506 520398
777708 999999999 600510 170896 390820 706501 168600 310160 814150 459322 278177 597005 265729 328562 966846 474374 433265 257673 378376 473327 968942 534331 234788 700859 453410 560738 413050 165435 183923 553343 857706 786537 396741 678714 460202 434681 670242 467766 160270 346031 824166 688644 266643 235719 220973 78730 526360 562246 629482 865782 810648 516771 524808 696606 221151 576004 340718 680329 198492 291525 359522 523512 768334 668071 798825 347178 550121 295043 465663 332501 199895 575168 548275 776201 742732 648812 679995 356889 421982 264802 871862 507069 372826 897955 99292 266051 243324 514764 682655 547663 260195 452919 273372 353324 474946 458498 244667 414672 434963 417206
315495 600510 999999999 549597 667987 208985 560492 290595 455551 809258 489290 27109 590857 389655 650522 693481 236582 381255 241215 451920 431597 151510 683369 112874 404476 245738 783291 687205 451748 214047 641166 199398 544471 526085 187572 787296 73783 815053 443711 727588 463471 594540 556692 537009 441775 527846 229391 531222 273116 302770 253610 725738 338053 98032 613470 297665 658557 316188 648157 545432 264659 641241 182703 502384 531127 568684 178939 318716 715912 297510 706475 96487 899421 203983 529066 323017 137469 456600 611521 637304 287551 725649 494733 302367 676477 685293 494706 171924 331871 500532 457049 299691 395674 248050 137460 144770 488073 395088 166797 232608
662251 170896 549597 999999999 232948 699162 311317 278291 673895 331707 115352 538684 411295 398957 812809 312125 447585 168343 308552 313497 959094 446601 138684 659957 302431 582789 289796 336330 262098 566330 695418 747580 517853 517247 457225 305978 610475 339814 151778 510956 683647 521383 96379 366341 303716 182886 544685 395392 652856 841851 788063 355571 387512 647424 79259 447938 494723 708313 99698 421649 285312 353395 730133 508787 645000 479415 452574 306141 308616 252617 370774 552344 427441 745563 584851 518262 597510 454055 252841 421789 835692 346881 481568 851570 169493 151753 83146 423576 552727 383321 357001 494158 159373 327658 448440 424388 87132 267341 386684 425781
671847 390820 667987 232948 999999999 851814 543485 455677 626516 142184 196417 649414 643704 618715 715941 85427 634890 332138 443808 263187 1098381 530565 184474 780372 290945 766302 126132 551229 490939 744039 573714 864514 749157 414685 631049 122562 712300 147445 372483 736792 634766 385933 147399 599267 531489 415570 727729 281313 833820 970755 920914 126267 389624 759143 169754 459143 725910 890410 202493 654440 421757 165699 848974 417026 559707 712182 520482 506549 75737 392555 585564 700226 231879 871968 490159 512223 669549 680741 82167 651775 951179 116287 710745 954095 343920 150811 211976 506422 543448 288473 585949 695150 299687 500381 603266 575126 217175 282195 529079 611104
486848 706501 208985 699162 851814 999999999 618236 421093 642162 989996 662105 235431 614390 415776 833055 886631 274753 536806 408475 654856 262881 359048 837621 139025 606078 171466 959440 750925 530534 162483 841041 151585 519537 734260 247356 966585 219172 996464 567033 735796 648866 803369 726530 573330 505037 628143 192456 738521 135832 169640 118084 921553 546013 173419 771636 506478 659890 144908 798636 560648 431149 842426 140231 710514 729315 562870 387828 412397 906368 462080 761616 151591 1083365 116096 733482 527251 312537 453374 803277 662790 201042 920390 480777 250621 796141 845814 660021 377631 531837 707710 496863 284392 560624 371709 252174 278682 653485 591746 323123 289342
796681 168600 560492 311317 543485 618236 999999999 297735 864357 624744 394045 564678 100317 205173 1035670 623432 347988 314686 385482 568469 873616 537788 401504 644227 536522 455235 578960 132693 115141 456491 945301 723749 229745 768624 387981 599677 634120 633175 208263 213548 874449 792538 405137 69450 118995 128724 426920 668233 518529 785893 731548 666887 584740 648314 377666 620962 184109 563111 363148 123594 374735 657713 705643 753946 870937 178592 562517 244312 619217 359230 146655 509864 715376 705991 823736 692539 666764 204951 560729 115246 803083 658141 211952 838019 261854 431198 361232 523788 723888 648037 123699 339752 345615 322921 423713 416960 359848 496325 410914 339968
498966 310160 290595 278291 455677 421093 297735 999999999 574534 585154 259260 286941 358912 209720 754800 509084 179213 123888 89636 343219 682023 240379 416929 393887 297808 311787 549846 411878 182597 291811 683466 480821 381089 516789 180214 560398 360113 592375 153624 497134 584525 558842 316518 298976 191397 239483 273156 448108 380582 568249 513714 549892 311761 387372 352446 333806 442598 436959 377602 330528 85208 496478 462814 497930 596003 375230 264853 75194 521146 86956 436068 276400 681120 474276 558918 402497 376027 289659 427061 397688 567760 545579 329960 590236 387158 426841 248335 226066 431980 420837 231927 243662 156588 49392 172435 151467 242223 262922 124884 155467
162503 814150 455551 673895 626516 642162 864357 574534 999999999 748745 561088 429958 933265 767023 195290 592425 647584 561061 485030 375351 771866 358929 754171 504829 372819 698243 749047 959158 751685 665866 220530 540601 940622 232930 603303 738092 423315 750171 669821 1070698 10107 299983 612252 873253 765672 771203 675994 350943 728410 645451 623395 598430 289449 469864 690885 243443 1017020 768721 739927 904058 491644 494951 536961 220299 116749 945148 324885 644383 625456 505128 988860 550886 806929 572950 170341 172204 329930 846649 544472 970602 592678 605749 888035 558582 842896 734744 590890 361712 143189 338589 805333 725506 540930 567738 539642 522520 586765 406554 495937 631855
806865 459322 809258 331707 142184 989996 624744 585154 748745 999999999 328869 791073 724058 730396 816647 157041 763474 461462 581522 399442 1238906 672732 224767 921825 431050 896941 46739 603873 592891 876292 666463 1006303 844357 525215 763599 25731 854393 8444 482350 798178 756329 481949 268706 687248 634787 503142 858310 397873 965556 1111993 1061741 163277 528472 900998 253890 597654 799831 1022019 261618 743610 558918 257870 990647 531870 670498 800984 662542 628927 123713 528555 636463 838491 96524 1013214 599954 647084 811348 785077 213712 723661 1093123 152778 811045 1096279 386291 193588 336883 648575 677055 411565 687217 818692 432186 631811 739724 712054 342941 424136 666874 740153
559756 278177 489290 115352 196417 662105 394045 259260 561088 328869 999999999 473895 490172 431044 697460 254869 438473 135851 254216 198270 914371 366335 208151 602083 188447 570166 297362 441569 317073 548422 581236 688505 575258 402655 435498 304917 541961 335690 195348 603617 570732 410522 67912 438019 354318 268335 531563 284113 638039 790260 738529 297506 278220 584568 137795 342234 577255 694606 183919 489667 231149 266432 671984 393686 529676 546135 365387 312233 263475 200063 475421 510895 423821 691883 469614 410217 514948 498847 177624 508776 776451 291707 532313 785665 284455 201288 34887 342164 444573 269862 409335 499593 103671 304285 411069 383646 34567 155621 339249 414694
292634 597005 27109 538684 649414 235431 564678 286941 429958 791073 473895 999999999 599364 400377 625092 672640 250309 370623 230334 428702 452579 127199 670874 131420 381830 269582 766130 689569 454071 237547 614213 215370 559098 499222 201144 769463 73367 796713 438691 737066 438004 567945 541595 544360 446565 525879 251218 506205 299323 322151 274657 704175 312843 110685 600512 271051 669293 343031 636532 555399 253403 618301 199575 475508 504317 580953 153069 321162 695693 286068 709932 121016 880407 223630 501959 295930 117592 469785 591185 645194 302851 704360 508659 313277 670220 671574 480929 148692 305051 475592 464893 317216 382790 247144 145739 147776 474319 374062 162062 243981
852413 265729 590857 411295 643704 614390 100317 358912 933265 724058 490172 599364 999999999 204599 1110804 723319 360927 399718 448545 657246 858880 592215 500144 661540 622217 444266 678072 175023 186684 452630 1028194 734952 149682 853621 407015 699118 664331 732497 298948 139512 943277 881834 504469 60036 167594 228439 422668 759047 499912 784024 731388 766831 661701 670773 477942 691402 88274 537316 462466 55438 441862 755336 717348 837713 948633 90209 620346 292773 719440 431792 167853 526425 813901 712633 905156 761108 708883 164927 659451 48449 808589 758175 152193 848757 353837 530472 458189 581335 790874 737424 134851 330038 433314 372881 453966 453446 456384 582341 457470 359570
668428 328562 389655 398957 618715 415776 205173 209720 767023 730396 431044 400377 204599 999999999 953863 685383 156501 304147 290764 550255 668757 412086 525431 456948 506354 250264 688740 337061 147012 253329 890916 530893 174321 726255 203476 704685 462495 738425 248243 338451 776745 768291 471395 157969 107611 253557 223430 655477 313508 584725 531097 728360 519273 466662 477798 533634 268989 359373 483423 156090 292892 689678 513182 707093 799699 182349 443918 134834 691058 296203 346036 321886 826349 509614 766305 597732 513625 80793 608353 252595 606116 722175 121994 644926 427375 546858 408199 405913 624003 629022 81730 134594 341830 201008 254801 258963 403726 470079 273322 157056
346705 966846 650522 812809 715941 833055 1035670 754800 195290 816647 697460 625092 1110804 953863 999999999 661772 840264 724065 666528 499782 942295 551129 870164 694591 513571 893533 827651 1120409 926011 861155 155755 722476 1128096 303633 796881 811727 615384 816094 833677 1245976 187089 334718 737422 1050855 943881 933053 871124 437381 923090 821678 805215 654872 450956 659820 814547 421287 1196409 962440 863723 1085297 670089 560311 720820 306793 168113 1129068 516349 827159 694772 679098 1151781 746068 855589 756861 230163 356447 522452 1034185 635790 1145514 765221 664583 1075590 724696 981594 845359 730456 551742 332716 438423 986726 918867 698601 753126 733292 715100 727494 552193 685991 823692
657414 474374 693481 312125 85427 886631 623432 509084 592425 157041 254869 672640 723319 685383 661772 999999999 687031 388530 483973 256551 1125001 548660 268862 804002 295674 814809 166531 635888 564114 790483 513726 885305 823299 368216 678029 149989 730547 157930 443433 819961 599865 327299 220148 676898 603600 494882 776594 241510 880403 994636 946987 43708 387427 779958 253958 454912 806761 936850 287918 731342 463605 101531 870750 374893 513600 788902 533355 566501 33354 437415 670290 735869 220938 896260 443072 498350 678075 751100 83749 733343 970118 36838 782882 968041 429345 234591 277720 525319 526816 257024 658519 752059 353015 550548 643862 615072 281864 298578 567680 662932
532153 433265 236582 447585 634890 274753 347988 179213 647584 763474 438473 250309 360927 156501 840264 687031 999999999 302949 217988 500684 536123 289135 585301 300775 451747 135204 727151 480213 255788 121271 797009 376811 308822 646755 49180 738528 308137 770806 303457 494546 656817 700262 494789 311540 231749 354611 97265 602042 205321 439423 384654 727202 435340 310209 524889 431448 423599 260768 544334 312290 232261 668154 358862 625190 696810 332333 324032 144008 699954 252418 493792 165536 859656 358027 674226 486153 366755 220018 604352 408691 455105 723319 258412 491124 525431 598891 426650 290073 507605 572567 231681 80287 335592 136783 109946 125168 420684 422836 159463 24161
520389 257673 381255 168343 332138 536806 314686 123888 561061 461462 135851 370623 399718 304147 724065 388530 302949 999999999 140319 258389 794251 285117 303703 491768 222618 435572 426818 398328 214022 414930 630646 579366 460736 454481 302482 436817 442775 468629 109653 527881 571148 482764 193046 342004 243694 210282 396938 361944 504096 674871 621491 430273 274202 479101 235569 319918 487899 560558 267221 387239 117264 385607 561981 439374 557889 440401 296350 178397 398895 84904 428671 387591 557317 578024 509149 392871 435178 377353 308088 428130 667519 425267 413922 683293 309540 309361 125003 263472 426316 338769 296600 364011 37701 170501 284674 259084 118739 182643 219182 279306
411945 378376 241215 308552 443808 408475 385482 89636 485030 581522 254216 230334 448545 290764 666528 483973 217988 140319 999999999 282708 660461 157182 442341 352492 233797 334491 551483 494830 270634 308174 600303 439940 464604 438614 197787 558168 302703 587994 218156 586723 495007 486632 319969 388612 281031 314800 297294 384383 397709 537930 485415 521629 229119 338910 372808 245245 531997 453862 406944 419395 23586 454387 422752 418509 509541 462581 177965 160657 501192 56393 520657 256986 675045 440207 475723 313109 301822 371548 400231 487158 528159 519122 412613 543019 443625 445348 255464 139964 342373 355203 320665 294680 155588 91923 160096 131557 248829 205424 85365 194597
408676 473327 451920 313497 263187 654856 568469 343219 375351 399442 198270 428702 657246 550255 499782 256551 500684 258389 282708 999999999 879999 301778 379195 558482 49948 612747 389282 633439 472321 584237 384395 636275 715299 205390 478104 383485 480685 402928 360228 781891 384442 224590 239619 600128 501556 451329 576868 105232 671698 747680 702657 281344 130881 531875 317959 198924 745517 726424 367295 645545 269665 189756 622716 195470 332489 698168 281811 416076 285096 256627 666481 508876 476153 650479 271357 249042 422682 627949 185730 683310 719106 283538 666524 713986 481859 359414 232053 280101 280528 80385 553471 576557 223932 369365 430503 401870 229697 80321 354554 477198
609831 968942 431597 959094 1098381 262881 873616 682023 771866 1238906 914371 452579 858880 668757 942295 1125001 536123 794251 660461 879999 999999999 578460 1097041 321649 833968 418496 1211034 1005812 791300 418607 989310 247123 745566 918907 510233 1216373 401134 1244939 829621 969626 775793 993192 980430 823621 763744 890442 447510 950664 358969 133775 178015 1156752 758472 348672 1029803 705345 892843 326225 1058767 803760 683817 1069752 258596 895537 877993 796477 599160 675231 1147493 715897 1013869 406857 1330147 229522 900221 704138 476747 694249 1043117 906591 179292 1156916 715077 218301 1059011 1103559 915349 600915 697449 920780 750487 534332 815382 632787 510654 535240 908740 826484 576342 551763
260254 534331 151510 446601 530565 359048 537788 240379 358929 672732 366335 127199 592215 412086 551129 548660 289135 285117 157182 301778 578460 999999999 570954 256824 255541 356857 650598 651101 422695 324739 515426 336650 584061 383099 246459 652098 182223 677964 374507 731659 368305 448195 434070 533237 427172 471973 328575 379818 401837 446708 400921 578937 186966 231380 499744 154362 671514 451603 540172 556739 174824 491496 322263 359771 410921 593110 35503 299510 572882 202879 676118 223904 759859 348975 396310 198476 150909 490355 468385 633866 421807 579554 531560 423672 594448 567364 379086 24351 218502 349089 459254 367973 287229 219343 183310 163972 372698 250762 138789 272940
766061 234788 683369 138684 184474 837621 401504 416929 754171 224767 208151 670874 500144 525431 870164 268862 585301 303703 442341 379195 1097041 570954 999999999 794807 385146 720450 178332 381687 381527 704598 737389 882280 624870 566787 595866 200474 741454 233205 284804 574494 763384 552255 144949 465719 423539 284086 682522 434266 790620 978566 925102 306449 481319 780678 71226 547718 575089 845806 42050 522125 418809 345145 865066 563829 706351 579021 572351 442755 251025 385956 415031 690188 313875 881676 640171 613203 720947 572101 246227 498899 970498 295330 594799 984145 165816 34985 191875 547114 647171 431807 473253 628774 288088 466277 586476 561931 198294 358441 522885 563815
348095 700859 112874 659957 780372 139025 644227 393887 504829 921825 602083 131420 661540 456948 694591 804002 300775 491768 352492 558482 321649 256824 794807 999999999 512319 254901 896121 774529 541435 230098 707942 87638 592998 612157 256746 899981 86234 927558 547447 793505 511255 684026 669409 612062 525544 625806 255664 631846 251878 190734 144233 835270 438709 34981 725256 389746 720734 277613 758979 611894 376050 748235 70260 588419 595687 626387 278559 410548 827112 408884 790861 135301 1011584 92286 604667 400096 177087 513044 722604 709419 175752 835582 547271 197148 781034 797455 607002 279300 400845 601585 531940 343754 507646 347965 226377 242811 600364 505427 273957 304945
386010 453410 404476 302431 290945 606078 536522 297808 372819 431050 188447 381830 622217 506354 513571 295674 451747 222618 233797 49948 833968 255541 385146 512319 999999999 562880 416440 609485 436024 534311 409496 591514 673632 232102 428446 413212 436160 435228 328829 750006 382411 262991 241050 564130 463046 424137 527089 151134 621750 702191 656296 323916 99812 486606 319354 169256 710326 676493 368001 607616 221715 236853 577526 217992 345484 659014 237985 371672 322115 210864 641754 459452 512250 604508 290453 229202 382776 584939 219127 650533 675369 325069 624104 672377 471912 369343 219298 233164 262705 123081 513740 528177 191102 321664 380557 351933 215671 40229 304652 428393
561199 560738 245738 582789 766302 171466 455235 311787 698243 896941 570166 269582 444266 250264 893533 814809 135204 435572 334491 612747 418496 356857 720450 254901 562880 999999999 861323 587324 378497 32484 871601 307891 349320 736565 137060 872166 299656 904159 437888 564332 706557 796916 628285 405805 347691 482132 38634 709534 70254 340710 289489 853885 529282 278253 660019 510384 488442 125637 679412 390035 352735 788855 292222 713748 764998 391451 391893 278372 829407 377436 595667 149301 992884 278819 753167 552553 382128 282114 731446 492547 370755 850665 309415 416814 655455 734065 560097 366208 567377 679118 331994 115920 466633 265924 183761 211584 554005 538477 258287 157451
797956 413050 783291 289796 126132 959440 578960 549846 749047 46739 297362 766130 678072 688740 827651 166531 727151 426818 551483 389282 1211034 650598 178332 896121 416440 861323 999999999 557143 549702 841576 680241 981491 799650 530986 729293 25461 831205 55113 441248 751448 757031 493547 233918 641957 591700 458269 822734 400054 930404 1085575 1034545 183875 515482 876547 211082 585042 753416 986719 215848 698354 528493 267504 965472 535619 676654 755616 642588 590582 134453 497362 589759 808257 138164 986911 606362 638295 792421 741827 205862 677208 1068850 172360 767090 1074144 339570 147815 301815 626295 669382 410466 643649 780218 399415 597291 708100 680886 308107 405441 636601 704103
905949 165435 687205 336330 551229 750925 132693 411878 959158 603873 441569 689569 175023 337061 1120409 635888 480213 398328 494830 633439 1005812 651101 381687 774529 609485 587324 557143 999999999 235548 589113 1017346 855101 324679 838442 519133 580660 760402 612213 289356 196003 969255 851843 431960 186654 249336 188047 559492 725473 649675 918539 864145 677495 672295 777226 381967 716895 216693 692827 351686 224740 480485 688597 836943 826533 953081 264644 672640 368603 624807 459492 34569 640836 686153 838046 899930 789694 786981 326069 586737 145784 935160 667356 322942 969259 217608 415729 406703 634791 822519 709596 255333 471589 421831 443831 551670 542658 407470 569782 531738 471363
681554 183923 451748 262098 490939 530534 115141 182597 751685 592891 317073 454071 186684 147012 926011 564114 255788 214022 270634 472321 791300 422695 381527 541435 436024 378497 549702 235548 999999999 373270 841515 623846 259246 667092 289181 567183 524870 601101 121803 319984 761756 696777 344662 128107 42086 107002 345330 575288 446533 694291 639294 607761 475897 542644 339002 508628 274482 496705 339760 174446 260689 583276 605603 651056 762824 229688 447406 133065 565542 247245 256477 409456 687843 609236 718557 579585 553322 192187 492833 219538 706138 600363 219905 737486 281667 404956 288399 408657 610453 552675 95097 269105 248837 209317 316856 307128 285298 396319 297455 242903
529537 553343 214047 566330 744039 162483 456491 291811 665866 876292 548422 237547 452630 253329 861155 790483 121271 414930 308174 584237 418607 324739 704598 230098 534311 32484 841576 589113 373270 999999999 839271 289083 366548 705074 112991 851727 269925 883384 424284 576793 674203 765971 607967 410854 345147 474614 30011 680062 89952 331781 278773 829039 498442 251361 642673 478465 501677 146503 663972 399403 327274 762052 272632 682185 732560 405232 359698 265096 805889 353218 599275 117838 971918 262570 721032 520150 350858 293669 706927 501072 356988 826106 323902 400386 646376 716949 539855 334472 534896 649546 334562 122800 444751 244482 154056 182417 533647 510892 229738 141088
379941 857706 641166 695418 573714 841041 945301 683466 220530 666463 581236 614213 1028194 890916 155755 513726 797009 630646 600303 384395 989310 515426 737389 707942 409496 871601 680241 1017346 841515 839271 999999999 752898 1064182 179015 758742 663057 622952 665449 738164 1158501 218715 187813 612505 969143 864828 833339 844000 304104 911649 860780 835006 503649 371814 673204 687016 365652 1115757 957177 735393 1009116 598662 413060 747515 191516 112443 1057351 480077 758350 546237 600720 1050105 731295 701589 783078 124618 319598 530888 971643 496042 1058589 810034 513781 1012527 777994 861102 710226 615616 509180 309715 312298 912262 877260 600481 691434 697087 674502 613627 449694 637770 777491
378627 786537 199398 747580 864514 151585 723749 480821 540601 1006303 688505 215370 734952 530893 722476 885305 376811 579366 439940 636275 247123 336650 882280 87638 591514 307891 981491 855101 623846 289083 752898 999999999 655582 672970 335969 984789 155606 1011882 634239 863637 545763 746805 756001 687908 605766 710845 317602 704058 285733 113351 82887 915333 512563 105493 812612 458298 789375 295242 846565 683636 463479 825758 18261 649478 640620 693511 354512 494442 909287 496327 870084 214476 1095158 38486 657668 458341 230397 580970 804748 783215 88225 916118 612666 114327 867839 884629 694077 360053 453633 674348 608372 409659 594903 434351 311592 329460 687443 587141 361556 383815
837291 396741 544471 517853 749157 519537 229745 381089 940622 844357 575258 559098 149682 174321 1128096 823299 308822 460736 464604 715299 745566 584061 624870 592998 673632 349320 799650 324679 259246 366548 1064182 655582 999999999 897550 357961 818851 614331 852709 380684 225439 950291 936557 603586 161090 220946 341408 338593 820280 391856 686739 637464 866962 692372 609168 591826 707951 149194 419377 584736 106418 465551 840566 639179 878945 973891 60958 616657 305971 824141 466061 315569 463533 937406 627905 939572 771854 675490 93985 751803 185773 719915 859481 52587 765949 491577 652292 547430 579070 797762 795115 165983 249515 497922 375322 416896 425960 544145 635927 445439 317559
342339 678714 526085 517247 414685 734260 768624 516789 232930 525215 402655 499222 853621 726255 303633 368216 646755 454481 438614 205390 918907 383099 566787 612157 232102 736565 530986 838442 667092 705074 179015 672970 897550 999999999 613328 517251 526174 525785 560842 982100 238837 76013 436671 795116 692399 654951 705305 134057 784700 785748 750846 369327 211495 579361 512702 229318 941571 834682 561628 837063 433634 267748 663824 23773 145669 886984 350122 591977 401569 431562 871286 606832 577117 697233 75520 214770 442573 806438 333511 882562 743408 377477 846709 722548 683989 541731 436892 370857 224767 135810 741520 726656 423137 530535 555090 529670 434792 272306 488112 625490
484500 460202 187572 457225 631049 247356 387981 180214 603303 763599 435498 201144 407015 203476 796881 678029 49180 302482 197787 478104 510233 246459 595866 256746 428446 137060 729293 519133 289181 112991 758742 335969 357961 613328 999999999 739118 259535 770647 320232 541924 612392 669820 495506 355860 269799 382293 99515 576873 202846 406168 351043 716924 402859 263864 532419 393283 471712 259434 555840 359563 215691 652137 317811 591220 656546 381141 281793 165338 693084 240618 534500 121898 859111 320093 637021 444697 317739 269087 594580 454381 417072 713794 307590 450145 548842 606804 427481 249781 464686 546804 275595 122268 331828 132010 63664 84308 421218 402580 126185 48199
791807 434681 787296 305978 122562 966585 599677 560398 738092 25731 304917 769463 699118 704685 811727 149989 738528 436817 558168 383485 1216373 652098 200474 899981 413212 872166 25461 580660 567183 851727 663057 984789 818851 517251 739118 999999999 833432 33929 456660 774540 745882 477154 243882 661934 609072 477707 833540 387858 940896 1089934 1039411 163084 511432 879591 228187 580833 775315 997329 236657 718279 535439 251516 969001 522842 662849 775693 642734 603580 116974 504840 613458 815152 122014 991180 592394 632000 792005 759368 198210 699209 1071817 151846 785401 1075762 363220 168708 312069 627875 662503 399910 661534 793342 407988 607252 715955 688409 318182 404630 643481 715262
271005 670242 73783 610475 712300 219172 634120 360113 423315 854393 541961 73367 664331 462495 615384 730547 308137 442775 302703 480685 401134 182223 741454 86234 436160 299656 831205 760402 524870 269925 622952 155606 614331 526174 259535 833432 999999999 859743 512051 800721 430211 598377 609845 610711 515470 598757 289699 549608 313596 267791 226592 760060 357389 53411 670787 305399 731171 348230 707787 618454 325519 670152 142613 502453 510896 640464 198907 391805 755046 357985 779979 154563 942014 173044 518573 313862 93422 527871 650574 710903 239625 761003 565331 243716 743525 741075 550665 206090 314998 519662 530698 367038 453504 319475 211236 217745 544090 432972 235282 305483
809875 467766 815053 339814 147445 996464 633175 592375 750171 8444 335690 796713 732497 738425 816094 157930 770806 468629 587994 402928 1244939 677964 233205 927558 435228 904159 55113 612213 601101 883384 665449 1011882 852709 525785 770647 33929 859743 999999999 490337 806561 757680 481477 276017 695649 642984 511515 865526 399232 972701 1117811 1067686 161877 532302 906538 262109 601377 808272 1029181 270054 752008 565453 258174 996286 532802 670903 809389 667433 636549 124743 535213 644777 844932 88928 1019026 600352 650139 816025 793285 217270 732101 1098606 151680 819326 1101420 394623 202026 344171 653839 679905 413487 695462 826310 439109 638913 746388 718656 350194 428974 673355 747449
621673 160270 443711 151778 372483 567033 208263 153624 669821 482350 195348 438691 298948 248243 833677 443433 303457 109653 218156 360228 829621 374507 284804 547447 328829 437888 441248 289356 121803 424284 738164 634239 380684 560842 320232 456660 512051 490337 999999999 421768 679920 584442 225251 244285 160221 101695 400567 460628 508138 719515 664667 486987 383789 540836 231028 427627 387034 562622 243083 294675 199724 461696 616187 546663 667322 350869 391503 159547 446221 174135 319240 427238 578479 626781 617574 500484 519726 308340 371141 323111 720914 479879 339450 743860 233604 302414 166746 355436 533491 439916 215223 343986 137727 200228 324193 304779 163527 288600 277126 283315
991881 346031 727588 510956 736792 735796 213548 497134 1070698 798178 603617 737066 139512 338451 1245976 819961 494546 527881 586723 781891 969626 731659 574494 793505 750006 564332 751448 196003 319984 576793 1158501 863637 225439 982100 541924 774540 800721 806561 421768 999999999 1080741 1005752 607115 198598 305836 335283 547293 881057 613194 904848 853772 862591 795602 804674 567179 828118 76783 643804 541935 182361 579056 863292 846403 967251 1082394 173599 759576 432167 811694 567158 166514 659175 881749 839126 1036531 898494 847647 283128 763713 100465 933722 852994 255724 976501 412612 607820 569853 720557 928721 861305 273927 454429 559158 512344 591388 591998 569107 709822 596936 495265
167240 824166 463471 683647 634766 648866 874449 584525 10107 756329 570732 438004 943277 776745 187089 599865 656817 571148 495007 384442 775793 368305 763384 511255 382411 706557 757031 969255 761756 674203 218715 545763 950291 238837 612392 745882 430211 757680 679920 1080741 999999999 304704 621638 883269 775684 781297 684563 358463 736183 649957 628606 605356 299435 476311 700276 253543 1026990 776140 749346 913988 501685 502033 542408 226909 117861 954985 334370 654294 632945 515220 998964 558980 813815 578429 174472 182247 336896 856323 552681 980654 596707 612787 897704 561865 852691 743789 600623 371318 153037 346635 815266 734619 550964 577563 548728 531791 596522 416307 505493 641201
417796 688644 594540 521383 385933 803369 792538 558842 299983 481949 410522 567945 881834 768291 334718 327299 700262 482764 486632 224590 993192 448195 552255 684026 262991 796916 493547 851843 696777 765971 187813 746805 936557 76013 669820 477154 598377 481477 584442 1005752 304704 999999999 433407 824664 725305 673332 764294 126410 847842 859815 823912 320666 267672 651717 505222 296894 970105 899069 552744 869612 478681 226046 737238 98316 198011 921638 416625 633457 360180 472099 885498 671944 524439 770247 130804 289388 516511 847407 308875 907544 818332 330139 886829 798181 682896 524115 445405 433907 300629 144529 776519 779329 448521 577837 613855 587334 444411 301452 543710 678126
621189 266643 556692 96379 147399 726530 405137 316518 612252 268706 67912 541595 504469 471395 737422 220148 494789 193046 319969 239619 980430 434070 144949 669409 241050 628285 233918 431960 344662 607967 612505 756001 603586 436671 495506 243882 609845 276017 225251 607115 621638 433407 999999999 456965 384763 276423 589658 309094 697044 857117 805089 263855 336428 652246 78643 402796 589099 753460 127838 511231 296634 257064 739395 430845 571176 568766 432417 361876 221045 264811 466476 575771 364879 758886 507524 468396 582281 533587 156601 516990 844009 256027 564135 853540 249495 134399 68188 409862 502437 300962 439452 551386 165924 363545 474728 447848 74324 213495 404457 471447
793488 235719 537009 366341 599267 573330 69450 298976 873253 687248 438019 544360 60036 157969 1050855 676898 311540 342004 388612 600128 823621 533237 465719 612062 564130 405805 641957 186654 128107 410854 969143 687908 161090 795116 355860 661934 610711 695649 244285 198598 883269 824664 456965 999999999 107600 184900 380875 702656 465659 742512 689007 720568 601995 619562 436916 631368 146615 507154 426293 56417 381826 704181 670072 778932 888889 113805 560984 233736 674884 371918 190528 476765 779173 667340 845896 701089 652294 139942 610182 101328 763964 712344 142997 802111 330721 494203 407063 521964 730905 680436 80301 290006 376350 314026 399647 397512 404802 524411 399444 307857
687337 220973 441775 303716 531489 505037 118995 191397 765672 634787 354318 446565 167594 107611 943881 603600 231749 243694 281031 501556 763744 427172 423539 525544 463046 347691 591700 249336 42086 345147 864828 605766 220946 692399 269799 609072 515470 642984 160221 305836 775684 725305 384763 107600 999999999 146359 316337 605570 414322 671077 616374 647178 496000 529329 380914 523960 252566 462907 381801 144683 274363 619750 587610 675496 782642 196712 454198 128586 605793 265513 265577 391542 729828 588986 741086 593520 550748 150350 531054 206895 686098 639995 179381 719934 319771 447042 326830 415186 623304 581905 55057 235319 279975 208768 304806 298792 323397 423933 295737 222058
722295 78730 527846 182886 415570 628143 128724 239483 771203 503142 268335 525879 228439 253557 933053 494882 354611 210282 314800 451329 890442 471973 284086 625806 424137 482132 458269 188047 107002 474614 833339 710845 341408 654951 382293 477707 598757 511515 101695 335283 781297 673332 276423 184900 146359 999999999 447648 547717 551015 788246 733105 538392 484300 622909 252017 529262 312703 602180 243493 240980 298151 529838 692607 641977 766066 298645 490791 217557 491297 274530 218750 498447 596001 699525 714340 602141 614020 289868 432195 241491 795557 529761 310843 822946 174824 310901 234652 453943 635181 529454 191172 375074 234613 279820 399479 384430 233827 384105 364072 338802
543845 526360 229391 544685 727729 192456 426920 273156 675994 858310 531563 251218 422668 223430 871124 776594 97265 396938 297294 576868 447510 328575 682522 255664 527089 38634 822734 559492 345330 30011 844000 317602 338593 705305 99515 833540 289699 865526 400567 547293 684563 764294 589658 380875 316337 447648 999999999 674621 108186 361791 308761 815815 496655 274995 621740 480808 472364 164081 641588 369528 315090 751652 300898 682715 738693 376109 363939 241029 791006 339315 569427 135362 954250 291863 724346 525973 366856 264174 693296 471113 386659 812509 295068 429488 620192 695841 521471 336255 542413 644345 304758 93008 428050 227350 150459 177281 515375 501883 223014 119053
425633 562246 531222 395392 281313 738521 668233 448108 350943 397873 284113 506205 759047 655477 437381 241510 602042 361944 384383 105232 950664 379818 434266 631846 151134 709534 400054 725473 575288 680062 304104 704058 820280 134057 576873 387858 549608 399232 460628 881057 358463 126410 309094 702656 605570 547717 674621 999999999 765914 817090 775546 250237 193436 602472 382935 247050 847291 819599 431295 749106 372830 146199 692068 135842 278429 802277 353779 521230 274513 361330 759165 597229 458201 722317 209223 271525 479726 733159 199722 783410 782818 256582 771662 771164 558391 408368 318995 360939 295548 30878 657925 679011 326452 472792 526024 497952 318019 185439 451606 578880
583176 629482 273116 652856 833820 135832 518529 380582 728410 965556 638039 299323 499912 313508 923090 880403 205321 504096 397709 671698 358969 401837 790620 251878 621750 70254 930404 649675 446533 89952 911649 285733 391856 784700 202846 940896 313596 972701 508138 613194 736183 847842 697044 465659 414322 551015 108186 765914 999999999 296248 249889 918874 581200 281230 729917 556181 536549 56592 749620 444815 417073 851052 272645 761480 802807 439607 435753 348626 895837 443168 656168 180356 1061319 251585 796134 592131 403051 335356 796827 547658 335179 915993 357631 386191 724782 804026 628880 414176 603703 735239 394839 179457 534385 333856 241307 270135 622725 599417 317890 227220
482951 865782 302770 841851 970755 169640 785893 568249 645451 1111993 790260 322151 784024 584725 821678 994636 439423 674871 537930 747680 133775 446708 978566 190734 702191 340710 1085575 918539 694291 331781 860780 113351 686739 785748 406168 1089934 267791 1117811 719515 904848 649957 859815 857117 742512 671077 788246 361791 817090 296248 999999999 55142 1025588 625173 215822 910025 571589 828729 283663 941447 730277 561486 937364 125185 762315 748898 731632 466311 570781 1017843 594057 930125 292282 1202134 98787 768686 571008 343305 622808 913331 832428 62112 1026045 649450 117915 951916 983084 793384 469579 565216 787278 665441 454006 693508 519826 395849 417966 786748 696084 455703 451428
461497 810648 253610 788063 920914 118084 731548 513714 623395 1061741 738529 274657 731388 531097 805215 946987 384654 621491 485415 702657 178015 400921 925102 144233 656296 289489 1034545 864145 639294 278773 835006 82887 637464 750846 351043 1039411 226592 1067686 664667 853772 628606 823912 805089 689007 616374 733105 308761 775546 249889 55142 999999999 978817 582638 173305 856867 531991 777930 244511 887713 677970 508920 892400 87778 727225 722646 680929 422670 515642 969522 541348 876095 237501 1152578 53679 738100 536809 309116 571154 865127 779824 86233 978932 598852 140991 896920 930146 740839 423155 533762 745394 611533 401403 640880 465152 341279 363848 734209 648475 402469 396406
673276 516771 725738 355571 126267 921553 666887 549892 598430 163277 297506 704175 766831 728360 654872 43708 727202 430273 521629 281344 1156752 578937 306449 835270 323916 853885 183875 677495 607761 829039 503649 915333 866962 369327 716924 163084 760060 161877 486987 862591 605356 320666 263855 720568 647178 538392 815815 250237 918874 1025588 978817 999999999 411299 810268 295901 477073 850090 975217 327976 775040 501806 104064 901177 378624 513060 832605 561792 608501 56078 476503 711822 771362 208516 927550 442664 515674 704010 794494 122874 776506 999267 11808 826428 995247 469036 271707 321054 556027 542545 269963 702116 793232 394340 590523 681078 652182 325092 330851 604558 703068
286562 524808 338053 387512 389624 546013 584740 311761 289449 528472 278220 312843 661701 519273 450956 387427 435340 274202 229119 130881 758472 186966 481319 438709 99812 529282 515482 672295 475897 498442 371814 512563 692372 211495 402859 511432 357389 532302 383789 795602 299435 267672 336428 601995 496000 484300 496655 193436 581200 625173 582638 411299 999999999 409883 413665 69585 748288 633305 461397 639396 226854 315681 500002 190359 286954 686362 160371 386554 415847 230542 702857 407752 606852 529590 247214 132134 293406 599945 315149 695152 593267 413944 640763 585483 555352 467243 305355 169414 166402 162964 541748 515179 251872 320817 346203 319864 300692 123130 277107 413998
313448 696606 98032 647424 759143 173419 648314 387372 469864 900998 584568 110685 670773 466662 659820 779958 310209 479101 338910 531875 348672 231380 780678 34981 486606 278253 876547 777226 542644 251361 673204 105493 609168 579361 263864 879591 53411 906538 540836 804674 476311 651717 652246 619562 529329 622909 274995 602472 281230 215822 173305 810268 409883 999999999 710539 358732 733030 309869 745802 622485 362271 721545 90921 555655 560911 639895 250542 410340 803828 395091 794895 146164 989690 119872 570593 366568 142316 526544 699285 718232 192303 810933 562098 204338 773950 781923 591263 254649 366556 572422 539263 359707 492716 343361 225795 238481 584643 481697 264452 311718
697098 221151 613470 79259 169754 771636 377666 352446 690885 253890 137795 600512 477942 477798 814547 253958 524889 235569 372808 317959 1029803 499744 71226 725256 319354 660019 211082 381967 339002 642673 687016 812612 591826 512702 532419 228187 670787 262109 231028 567179 700276 505222 78643 436916 380914 252017 621740 382935 729917 910025 856867 295901 413665 710539 999999999 479101 558311 785639 49350 492956 349232 312982 795510 507773 648839 550651 501196 384510 244529 316431 416402 623063 349054 812754 584448 545779 649722 531189 210409 483482 900837 286040 557413 913727 181749 74396 120692 475894 579950 376902 433381 573060 217830 401505 519796 494585 127141 290538 454403 502698
218495 576004 297665 447938 459143 506478 620962 333806 243443 597654 342234 271051 691402 533634 421287 454912 431448 319918 245245 198924 705345 154362 547718 389746 169256 510384 585042 716895 508628 478465 365652 458298 707951 229318 393283 580833 305399 601377 427627 828118 253543 296894 402796 631368 523960 529262 480808 247050 556181 571589 531991 477073 69585 358732 479101 999999999 776138 605585 526109 664315 249608 378952 447017 205814 267044 707786 120833 405872 483943 261748 746141 377648 675010 478422 243882 72953 232692 614252 384126 727858 535919 480281 655588 524454 613586 534832 367240 144568 106661 218328 565653 511665 303195 332629 332217 308988 362141 189518 272461 412250
