NAME : synthetic_000285
TYPE : CTSP-D
DIMENSION : 100
GROUPS : 8
RELAXATION_LEVEL : 1
EDGE_WEIGHT_TYPE : EXPLICIT
EDGE_WEIGHT_FORMAT : FULL_MATRIX
EDGE_WEIGHT_SECTION
999999999 309373 378083 672655 236129 97491 574124 69491 571577 510166 570539 286709 521062 584504 156949 598109 681945 208438 393205 727334 471111 766242 494873 538365 613375 318301 138731 370070 441494 248107 168634 563663 609987 400078 331818 255530 182501 592834 228489 90535 545029 502164 438352 459279 288153 176417 383878 102215 387130 752902 441628 510686 578592 276944 167120 228699 235135 539945 611409 710419 573534 401136 540170 437769 343881 400461 491665 68943 477212 620302 124909 269017 134905 553750 268684 291268 348688 139112 687919 271289 379559 371173 643808 319861 45208 429297 652555 436284 585820 506844 437905 403181 690384 513126 440508 519871 293770 422578 412166 95287
309373 999999999 361677 514225 83049 403803 878666 334860 788702 720412 629208 579203 830138 804509 163975 717532 829478 426533 99494 899447 243739 847174 425206 709204 469087 495410 376983 61192 743384 73723 225455 727510 906974 613196 454102 559589 321892 634205 534193 227702 633846 321651 431544 441976 111696 198700 328116 322805 435682 880996 634629 438057 508260 384891 313076 414113 111524 849132 833476 478799 349575 492987 849128 172971 78495 653101 784770 265055 784595 841907 402535 573402 355128 478626 487452 544299 240221 405516 893553 301984 435018 570895 830532 315654 284135 143874 668128 134647 890862 813815 406704 416431 756190 815623 308551 260125 272551 592932 716460 403471
378083 361677 999999999 324560 374356 408006 764249 446329 515304 449340 268959 634288 759279 532376 378876 373496 493374 585185 450020 574912 269767 486772 120644 401092 263437 253967 515562 381088 633707 378860 458899 411309 758525 368896 689875 583648 530343 272527 555429 379795 281915 222190 71612 758113 249990 442542 652415 289374 93627 532763 361643 136009 200785 148361 514861 599842 268452 798922 560288 427940 316509 165641 774022 313353 440124 452027 639207 313078 699147 567260 500367 508769 280128 177212 301220 378336 131018 337137 597253 106805 99075 323729 522490 613238 399339 344521 310182 382835 777962 721626 60014 715617 395000 698484 142711 338593 98893 306877 719797 442940
672655 514225 324560 999999999 572271 721436 1083086 735075 781504 724152 424693 947568 1082967 797949 616882 566324 682835 867667 556751 775605 276681 582391 212177 648466 61313 567333 800933 491660 955352 570088 700220 647021 1070407 668254 943253 900972 789384 397769 872398 645285 476050 192838 306549 956199 432024 676922 842319 599550 386177 684870 645811 200568 180999 472619 775732 872658 481462 1123320 822469 179961 194457 446128 1097326 358480 579150 761223 954929 603763 1022298 827620 797501 833125 597836 179135 622827 699323 326417 657928 834066 417063 395992 626778 753364 825888 681602 400976 368620 439524 1096823 1043953 280204 928651 498850 1018024 233421 298550 382361 590151 1042080 751247
236129 83049 374356 572271 999999999 332916 809790 254508 751946 684796 633222 497965 756538 767064 83051 707183 813195 343644 157099 877051 312360 849323 456902 684579 522534 463335 294170 142822 676070 12002 143649 705149 842613 574879 378841 480836 240304 642964 456198 149516 629902 380106 445958 392174 142527 117003 281660 267764 434969 870756 602384 471137 543249 364458 230841 332270 106243 773161 795702 553266 420407 483459 775773 249523 109666 603899 721999 202521 713341 804355 321303 504263 303775 513935 444112 493173 269852 346665 861302 294519 432370 535278 803170 254614 206149 224859 684525 217690 821626 742959 426616 358275 760983 748049 352016 337627 277199 565897 637219 327827
97491 403803 408006 721436 332916 999999999 476908 120561 499768 443100 557830 226691 426787 511259 254435 562174 632542 225634 489995 667915 545334 737429 528515 485774 660647 281278 166819 463850 344003 344916 258335 512631 512706 337461 371287 180782 245620 584784 152130 187834 523153 564241 458118 526748 370160 269958 463939 122020 394189 708260 385227 543985 606806 279931 232675 259224 320458 448876 536749 778000 642830 390321 445612 520958 441180 319814 395152 143847 380956 545612 122463 171571 128956 584856 217099 216836 407826 87346 617517 305639 385128 317073 581312 396113 136665 516722 650040 527118 488711 410365 465306 467636 669387 415661 495241 599287 339500 377334 331592 44803
574124 878666 764249 1083086 809790 476908 999999999 574608 420503 430654 747534 399182 104178 414934 730880 654791 633778 587134 966827 599203 982207 814034 870921 529985 1023460 515912 576677 937597 136941 821792 721692 551961 84083 429552 722439 369786 673328 784518 382422 663674 688658 973158 777372 920736 829346 738510 895020 563987 697434 712951 470236 882989 921654 617876 666645 629090 786112 149861 415759 1188060 1063685 644247 92369 976489 918005 329561 132462 613945 104312 419820 526213 305599 540707 911441 463249 386094 825610 480685 492347 696208 687459 463735 524629 824308 609474 979969 855191 995957 13738 74936 802986 860582 796668 66284 893854 1044807 742916 517044 274353 487777
69491 334860 446329 735075 254508 120561 574608 999999999 618535 560088 638780 244660 510583 630456 171500 661654 741073 139168 407352 781981 521206 831937 562051 595806 676546 380141 69407 395952 447899 265854 147132 621841 619086 452124 265516 227157 125994 661625 203841 108184 611769 559725 507473 407368 334444 164567 343775 170496 456578 813965 496986 577874 646466 345960 112429 159770 279467 522513 656335 763504 626288 469221 530199 479876 354650 440200 506186 133888 473433 665215 68893 277210 200377 621206 324724 335478 409243 190895 736008 339550 448958 427172 696676 275595 55698 466136 721816 467474 585358 503640 506265 348968 757555 517412 501943 564966 359612 482444 382888 90024
571577 788702 515304 781504 751946 499768 420503 618535 999999999 68731 376366 607362 485093 17075 699320 252667 213305 714905 888193 193361 782175 395470 583053 136681 729879 293934 664684 833298 361132 762342 738120 148069 363979 177125 865734 546798 744509 412125 534848 648640 316658 735683 491280 1025900 696398 740777 955450 492732 423633 293437 157534 589797 601929 412332 730841 753213 677388 540623 45623 927005 829451 351901 487400 811391 855223 187196 301825 563054 429417 53547 615091 406633 454139 602711 309878 283108 627144 432477 117892 505158 416783 217822 107862 890789 616722 832832 475295 863804 431672 430427 526178 967216 390416 377889 657681 851219 549620 209146 575005 539865
510166 720412 449340 724152 684796 443100 430654 560088 68731 999999999 331849 568687 482174 85257 633842 224405 220988 662653 819906 229276 714993 387315 521945 99545 670925 225343 609408 764686 350498 695071 675263 121637 385317 111249 812381 506762 685990 368663 492132 584814 271326 670587 428796 967071 627688 676917 893596 427921 358695 303990 89190 529508 546243 343646 671928 699742 609031 536722 114242 865144 764619 287717 487232 743085 787434 146729 302955 498216 422737 122277 561274 366830 389190 545018 244888 226844 559225 371501 178460 436554 351423 149789 140378 829979 555116 764240 435752 795100 442940 428570 463016 909043 366220 380036 591976 783994 481213 142468 552052 484691
570539 629208 268959 424693 633222 557830 747534 638780 376366 331849 999999999 760593 779004 391351 621553 141697 259620 773579 718936 351687 514400 218004 262364 239753 382429 286487 705789 650014 642502 639270 693406 231197 712605 321648 901845 700092 746892 37126 675881 604045 60523 438729 204125 1001342 517828 682266 902171 468428 198759 276324 277308 261558 245207 294922 730977 798503 529984 829402 412204 589845 522491 169599 788361 572836 707376 421478 615278 520454 716294 415945 674606 582582 439816 255956 359594 414140 398654 470867 411956 339830 202543 297992 331211 854803 605091 607927 108073 647865 760681 729730 237005 953080 127766 689312 377754 578769 358137 234197 799765 601466
286709 579203 634288 947568 497965 226691 399182 244660 607362 568687 760593 999999999 310357 613609 415357 738107 783456 196545 647176 796475 757817 917593 754895 638854 886936 474311 210755 640169 307260 509004 373330 666821 465881 485224 323344 62778 299274 790997 84714 352763 717923 785650 681978 522888 574023 396675 507864 348108 614142 864850 539612 770297 832069 501109 297594 236132 520030 304679 632581 996338 859733 599858 329693 722229 593323 422899 383374 353053 296159 640639 176699 201872 354287 810761 401606 361428 630056 301549 720550 532322 604590 483124 707314 438598 298001 710253 859545 712128 406338 324374 690974 463358 860909 359347 719498 805763 565261 550935 149586 197559
521062 830138 759279 1082967 756538 426787 104178 510583 485093 482174 779004 310357 999999999 482494 675099 701443 696485 504324 913180 672623 956642 869488 872270 578684 1022221 523125 502649 890470 136523 768444 655858 603161 186933 457426 632493 291491 598139 815276 309285 607597 722549 957530 781778 833037 792565 674995 815320 528548 702478 778026 504967 885464 930901 610928 593167 545265 745443 55646 488274 1174079 1044894 657423 19787 942461 862250 358446 183369 569439 62863 493572 455234 263784 511369 917618 460901 385869 804958 448618 570485 680180 692255 484003 592378 745149 551580 941550 887015 953595 105840 54744 803763 773680 842178 109648 880326 1015994 724811 544859 174451 428996
584504 804509 532376 797949 767064 511259 414934 630456 17075 85257 391351 613609 482494 999999999 713688 265577 219449 724847 903990 192057 799196 403779 599906 151990 746509 310086 675578 849413 360965 777521 751464 161844 355944 192199 875908 553518 756371 426893 542317 662379 331881 752752 508245 1037752 712693 754492 968364 506925 440704 298031 174290 606578 618220 428895 742838 763492 693258 538112 29051 943890 846512 368959 484117 828204 870683 196013 299136 577218 427943 37402 625590 413653 468412 619231 324324 294999 644059 445398 108106 521809 433858 233632 110143 903356 629686 849494 489354 880331 425792 427757 543178 978870 401970 374467 674756 868237 566388 226168 577193 550855
156949 163975 378876 616882 83051 254435 730880 171500 699320 633842 621553 415357 675099 713688 999999999 680193 779284 268676 238172 836793 373009 833048 476990 644030 563043 419405 214271 224825 598434 94540 83901 666528 766605 522713 326532 397828 174263 635870 373333 67537 610375 428857 449260 381025 188055 63905 281034 206980 423551 842161 555621 492188 564473 335960 161988 262980 135601 690744 741815 616919 481149 461604 694435 319695 187429 541311 647456 137073 633170 750608 238659 425959 245307 536127 389442 430130 297184 278950 811993 283862 419100 486332 758829 235021 123717 300448 684447 297856 742480 662973 436061 336777 748266 670071 387314 407243 280220 524762 554168 246104
598109 717532 373496 566324 707183 562174 654791 661654 252667 224405 141697 738107 701443 265577 680193 999999999 122378 787037 812723 211835 636212 179548 394897 124874 523031 282064 723543 747064 566691 714982 742449 105465 608803 258242 926896 675506 780357 171892 654968 649665 95912 567960 321044 1050177 609410 735986 959465 498289 285247 163745 204097 396393 386383 344699 764772 817650 610662 754902 282370 729730 655591 224761 707932 686549 793611 347234 525757 561035 640359 284767 684284 543968 463239 395489 346154 376881 503700 476272 271859 416091 284180 255022 191594 904987 638401 717927 226581 755729 667186 648921 357032 997376 141878 602498 500263 703051 446623 187882 750781 606972
681945 829478 493374 682835 813195 632542 633778 741073 213305 220988 259620 783456 696485 219449 779284 122378 999999999 857766 926193 93097 757999 187877 516997 147237 642000 364649 798356 862069 568514 821693 835618 119953 575113 300681 1003181 720884 863991 285122 703892 742515 218270 690338 443045 1139958 723427 831756 1054779 586468 403006 83003 248588 518131 504576 448758 848854 891636 720587 751778 224175 849461 777796 337861 699630 806727 904190 366253 513819 653140 639128 222812 754641 582629 549174 515433 416775 427291 622586 550818 179741 527574 400888 315469 113350 996833 724609 837093 327269 874183 644867 642034 479155 1084916 210411 590414 622316 825084 561506 259388 773024 676638
208438 426533 585185 867667 343644 225634 587134 139168 714905 662653 773579 196545 504324 724847 268676 787037 857766 999999999 477587 890086 639555 960894 700049 710765 810182 505262 69761 484652 478527 352883 202679 737815 646570 560518 151537 217679 111779 797707 209512 223894 743485 687140 646640 336243 452267 229088 311499 307427 594848 933861 609818 715867 784982 483101 115869 42511 397352 501181 748461 883608 746965 604083 523924 588351 423169 529181 548541 272200 482840 757165 103197 327815 333773 759396 442712 436175 541268 310769 832620 478472 587010 542392 802384 242054 187578 567703 859198 560915 595571 512386 645164 275410 889780 539995 634269 675909 496866 602924 345631 181192
393205 99494 450020 556751 157099 489995 966827 407352 888193 819906 718936 647176 913180 903990 238172 812723 926193 477587 999999999 997501 280220 936791 499641 807846 519353 594884 438308 71192 832851 145109 276600 825752 998688 712609 474592 634507 366865 721445 610735 305605 727043 370324 517755 418145 203338 251548 306440 418219 528958 975749 734062 511042 578161 483582 361735 457417 210957 928728 932952 488864 373925 588817 932477 198297 54459 751056 877439 356768 870410 941389 471766 661261 451901 548796 586289 641622 322521 499707 992911 398777 529013 670382 929450 316100 361874 156312 750528 121939 978692 900047 490056 406105 844839 904901 376117 271349 366210 692011 789827 484221
727334 899447 574912 775605 877051 667915 599203 781981 193361 229276 351687 796475 672623 192057 836793 211835 93097 890086 997501 999999999 842371 261599 606257 192864 734077 417450 834728 935454 553000 886195 887282 172137 532442 330472 1038798 734980 907066 378026 721063 794791 307167 777834 528817 1186560 796268 885793 1106928 636993 482609 132263 285706 608099 596872 515016 892459 926296 789023 728263 184457 941221 866589 414059 673192 887578 972310 373587 489655 705870 619352 179656 787951 594718 598626 607004 458674 453993 702016 591281 111482 599282 479384 356183 89209 1046120 771397 916199 419873 952115 609063 617909 565195 1129789 299868 563680 707762 910145 636400 312140 768363 710628
471111 243739 269767 276681 312360 545334 982207 521206 782175 714993 514400 757817 956642 799196 373009 636212 757999 639555 280220 842371 999999999 722606 258403 670839 240506 503715 579089 215297 845981 307683 451556 680885 990859 625610 691078 723112 546526 505605 694957 417752 541327 94221 315242 683662 187622 425973 569603 430240 363394 789268 626140 264883 320573 382225 534846 635986 242842 986929 827524 244089 108379 435304 973838 82364 303552 696613 867584 405796 901969 834776 589204 693187 445297 293358 530642 604406 160266 508056 866947 291928 368575 579603 792194 559296 465512 125443 515951 165924 995544 928305 279607 660088 629421 916069 136738 69065 243939 573029 876826 562810
766242 847174 486772 582391 849323 737429 814034 831937 395470 387315 218004 917593 869488 403779 833048 179548 187877 960894 936791 261599 722606 999999999 464741 292555 555021 456154 895858 867638 737064 855751 901274 266810 759406 436814 1097400 855018 947013 218048 834322 809874 223282 640291 420303 1210035 735828 892101 1114075 664671 414420 131681 382248 460103 421805 499248 931220 989868 747055 923972 411113 760077 715993 371968 874400 785858 925292 521777 689437 723181 809821 410217 858797 723286 631774 441813 523281 556426 615758 650647 364821 554943 417004 434471 301017 1063734 804423 822438 216202 863006 825677 815836 451239 1159565 93350 766563 587455 783899 575691 366931 928201 782189
494873 425206 120644 212177 456902 528515 870921 562051 583053 521945 262364 754895 872270 599906 476990 394897 516997 700049 499641 606257 258403 464741 999999999 455439 153280 355164 630814 428449 743639 458929 559842 458772 858832 458358 797163 704235 638063 249193 676043 487704 299141 176813 95328 848339 318262 540750 738562 409219 174241 538636 439727 15823 87484 264354 622998 712183 352118 913726 626000 344089 260880 237308 886297 326612 502049 549730 742825 428179 811213 631933 618396 626326 400772 59703 411524 487665 187479 457470 648532 224850 183951 415915 569336 706672 512852 366242 258258 408104 884659 832425 68508 810374 371805 805911 126736 319263 203712 383629 839207 562902
538365 709204 401092 648466 684579 485774 529985 595806 136681 99545 239753 638854 578684 151990 644030 124874 147237 710765 807846 192864 670839 292555 455439 999999999 598579 224884 651944 747432 445062 693853 695807 27968 484455 154160 856764 576128 719656 275703 558265 603035 179979 616066 367183 997423 608303 693643 915451 445580 307489 226457 101365 460853 468014 324316 704716 744975 598238 632671 174555 799182 708530 235574 584554 708664 781037 229757 401416 513883 518251 179309 607694 439350 407527 470526 271084 280522 522379 405078 196255 411580 302341 168927 122943 855659 581781 734447 340179 768637 542345 525653 403168 941526 266725 478327 540710 739683 451444 119291 637525 529716
613375 469087 263437 61313 522534 660647 1023460 676546 729879 670925 382429 886936 1022221 746509 563043 523031 642000 810182 519353 734077 240506 555021 153280 598579 999999999 508066 742948 451830 895097 521142 646746 598784 1012105 611243 889563 839980 734353 358689 811424 588721 430334 149245 248438 910193 380796 624080 796736 538848 327499 650041 590791 142904 137711 411624 720418 816313 428254 1062315 771679 207997 178572 389535 1036692 322765 537432 703010 895839 544577 961697 777138 738279 771874 536687 128484 562431 639092 269255 596664 787299 355949 337157 569095 706911 777005 623530 365914 338910 406299 1037198 983560 220528 880352 467646 958231 176560 274752 321951 534861 980792 690902
318301 495410 253967 567333 463335 281278 515912 380141 293934 225343 286487 474311 523125 310086 419405 282064 364649 505262 594884 417450 503715 456154 355164 224884 508066 999999999 441480 539364 390949 473143 471521 248321 505303 123179 645039 413616 500775 317910 389606 378555 244732 473258 261494 775348 402733 468837 691039 221842 181548 434602 139485 367087 408130 122381 485421 535585 383934 568270 339134 681906 567107 136017 535842 523486 563662 198074 387787 289260 460912 347387 402803 299688 184598 396200 73214 138200 344177 194601 398754 215618 171550 77725 340259 632272 360278 541985 387949 571406 529646 480238 287569 720615 389945 451208 392665 571845 262387 105990 518639 326035
138731 376983 515562 800933 294170 166819 576677 69407 664684 609408 705789 210755 502649 675578 214271 723543 798356 69761 438308 834728 579089 895858 630814 651944 742948 441480 999999999 436934 458145 304476 162804 678575 629077 504280 204832 211290 96709 729341 194595 161339 677077 622654 576879 367080 391473 186861 320639 238459 525475 873031 551740 646636 715519 414182 90528 94114 336247 507206 700320 822667 685612 536198 522436 532211 384101 481592 523099 202725 473029 709130 53345 295394 266160 690079 381774 382676 474587 248160 782569 408815 517730 483046 748009 249931 119428 514616 790249 511504 586330 503204 575523 306669 823204 524168 567538 618890 427915 541397 358057 124856
370070 61192 381088 491660 142822 463850 937597 395952 833298 764686 650014 640169 890470 849413 224825 747064 862069 484652 71192 935454 215297 867638 428449 747432 451830 539364 436934 999999999 801908 132500 282394 764312 964266 659441 503152 620775 378019 651659 595344 288893 659932 302585 447952 471123 139216 255750 357396 378583 462323 909529 677564 439871 507181 424231 370118 470275 159119 909969 878454 437404 314808 524226 909392 135724 89173 704440 841591 323652 844322 886738 463476 632708 409244 477777 536994 596972 252392 461975 935303 336238 462912 616035 869736 355414 345323 97807 679726 77354 949904 873408 419642 452187 775395 874166 305116 217185 300673 633318 777651 464414
441494 743384 633707 955352 676070 344003 136941 447899 361132 350498 642502 307260 136523 360965 598434 566691 568514 478527 832851 553000 845981 737064 743639 445062 895097 390949 458145 801908 999999999 688068 594728 470270 171429 320905 622449 263421 554484 678808 269056 531717 586041 839104 651580 814770 692460 609955 778760 427198 571814 650969 368696 756329 799039 486091 546257 521036 649558 188419 371131 1054721 928870 523715 146477 839557 784895 222074 77799 478380 74058 377537 405788 172668 403788 786927 332739 256030 690111 343797 457380 561596 561668 348157 468973 708008 478777 843116 750525 859433 149968 89351 675273 753923 706854 72258 760334 908210 607866 408386 224132 359026
248107 73723 378860 570088 12002 344916 821792 265854 762342 695071 639270 509004 768444 777521 94540 714982 821693 352883 145109 886195 307683 855751 458929 693853 521142 473143 304476 132500 688068 999999999 151826 714212 854577 585323 384278 492368 248373 648422 467828 161283 636909 377576 450403 391480 142578 125079 280021 279170 441331 878630 612322 472983 544918 372942 239380 340531 110412 784935 806195 547479 415420 490946 787689 242856 97837 615159 733921 214274 725318 814833 332396 516266 314980 515513 454868 504511 271558 358360 871353 301303 438962 545468 812761 255934 217880 216775 689016 208068 833625 754943 430271 359220 767035 760049 351971 330834 282383 575325 648656 339684
168634 225455 458899 700220 143649 258335 721692 147132 738120 675263 693406 373330 655858 751464 83901 742449 835618 202679 276600 887282 451556 901274 559842 695807 646746 471521 162804 282394 594728 151826 999999999 719795 765724 564335 243035 367840 96655 709833 347053 93126 677999 511260 528383 308765 269724 26755 219663 250305 497288 902233 602527 575144 647307 402030 87746 188712 218761 664975 778717 694483 559934 529396 675560 392618 222185 569071 651429 182483 620230 787600 202115 423291 288681 619153 431118 459543 381055 306669 853581 360192 492031 532118 805987 162680 123907 368440 761144 359103 732379 650466 516973 259827 818864 664481 471168 480742 360911 577483 519327 235842
563663 727510 411309 647021 705149 512631 551961 621841 148069 121637 231197 666821 603161 161844 666528 105465 119953 737815 825752 172137 680885 266810 458772 27968 598784 248321 678575 764312 470270 714212 719795 999999999 503898 182083 883407 604095 745304 265982 586219 626867 173192 623001 373129 1022426 625097 717072 939351 469800 317799 198554 128987 463277 466088 342911 730282 771766 616954 657426 181202 801442 714625 246881 608587 721371 800188 256674 424583 537581 543151 184764 634696 467256 431999 470355 297240 308360 535137 431308 189772 428085 313408 195575 111634 880159 606799 748311 327515 783264 564124 549813 409438 966835 246089 501650 549051 749478 466488 142331 664690 556695
609987 906974 758525 1070407 842613 512706 84083 619086 363979 385317 712605 465881 186933 355944 766605 608803 575113 646570 998688 532442 990859 759406 858832 484455 1012105 505303 629077 964266 171429 854577 765724 503898 999999999 404731 787077 429351 725569 749727 437949 700486 652553 973816 763904 982406 848539 780465 949545 586223 684609 651665 438109 869868 902721 616212 717538 688981 808937 233937 352408 1185916 1066219 625744 176322 992093 951971 309186 123851 642327 171773 355306 576958 342682 558699 895067 462169 386720 831779 502504 423005 700414 674998 444034 463304 878755 648538 999146 818827 1018259 87632 147447 792124 921756 749986 106886 893535 1055640 748085 489359 351488 529895
400078 613196 368896 668254 574879 337461 429552 452124 177125 111249 321648 485224 457426 192199 522713 258242 300681 560518 712609 330472 625610 436814 458358 154160 611243 123179 504280 659441 320905 585323 564335 182083 404731 999999999 708521 422454 577668 358084 404192 473645 265322 590682 363033 858185 524180 565727 782987 316672 285700 380617 54746 468372 498134 245464 563320 596124 502239 508293 220922 794779 684941 222168 466724 646664 678621 100393 297206 386970 394786 229528 457959 287200 277943 491320 133644 126627 466654 262112 289689 338784 276790 46007 244553 719924 444847 664931 429704 693830 442993 408152 393764 800686 392608 369143 510422 694030 385398 87935 492788 380385
331818 454102 689875 943253 378841 371287 722439 265516 865734 812381 901845 323344 632493 875908 326532 926896 1003181 151537 474592 1038798 691078 1097400 797163 856764 889563 645039 204832 503152 622449 384278 243035 883407 787077 708521 999999999 359039 159539 923097 355684 310198 876763 754007 756422 202061 512366 266831 220104 434000 714102 1077638 756462 812728 884247 607279 175036 112643 461791 620797 899738 931747 799226 732701 651513 626602 423965 680442 694808 383694 619023 908460 251107 478163 465664 856817 586539 585570 622684 452736 983540 585847 707291 687874 951629 168621 297280 597244 980601 579986 729682 647565 749376 145674 1022202 680197 713645 714176 594687 745938 463124 328171
255530 559589 583648 900972 480836 180782 369786 227157 546798 506762 700092 62778 291491 553518 397828 675506 720884 217679 634507 734980 723112 855018 704235 576128 839980 413616 211290 620775 263421 492368 367840 604095 429351 422454 359039 999999999 306669 730991 28664 331986 656526 744891 628313 553069 543090 388741 525727 302516 558458 802185 476834 719436 779410 446578 301758 259917 490594 297163 573196 958090 822411 541056 311274 693167 581738 361438 336647 317540 265480 581377 165747 140332 303919 759025 340635 298738 588528 247507 660882 484140 548731 420573 645782 455166 275455 684564 800043 689922 378551 295245 639118 492468 799007 322595 675943 774409 519751 488493 157068 160927
182501 321892 530343 789384 240304 245620 673328 125994 744509 685990 746892 299274 598139 756371 174263 780357 863991 111779 366865 907066 546526 947013 638063 719656 734353 500775 96709 378019 554484 248373 96655 745304 725569 577668 159539 306669 999999999 766840 291068 150684 724794 602745 597085 281394 362316 123339 224798 282541 556484 935375 621666 653674 725018 451979 15919 92285 309357 600666 782144 790006 654833 578673 617918 489087 312575 565388 618432 226631 569594 791018 148732 389772 317157 697748 448887 461428 466006 315809 862001 426541 549992 551529 822198 154453 142595 465071 822913 455035 682917 599743 589837 223071 869137 620823 557902 577191 435273 604739 448591 209742
592834 634205 272527 397769 642964 584784 784518 661625 412125 368663 37126 790997 815276 426893 635870 171892 285122 797707 721445 378026 505605 218048 249193 275703 358689 317910 729341 651659 678808 648422 709833 265982 749727 358084 923097 730991 766840 999999999 706334 621901 97440 425908 203715 1016622 522515 697533 915500 491140 212592 292841 314282 246271 220988 315987 750923 821374 538376 865429 447179 566670 506309 194550 824797 567831 712647 458082 652227 540216 752524 450679 699906 615719 464194 235054 391123 447989 399307 498315 443635 352343 217886 333316 363139 870201 625869 604431 71891 645090 797681 766231 233466 969655 124754 726123 369842 568174 366092 270422 833509 627937
228489 534193 555429 872398 456198 152130 382422 203841 534848 492132 675881 84714 309285 542317 373333 654968 703892 209512 610735 721063 694957 834322 676043 558265 811424 389606 194595 595344 269056 467828 347053 586219 437949 404192 355684 28664 291068 706334 999999999 306929 633344 716280 600695 545740 515516 367051 512876 273853 531425 784647 458188 691276 751587 419135 284965 252022 463312 318723 562990 929590 793992 515503 329045 665780 558353 348272 339475 289589 278542 571326 145958 129176 275550 731018 316949 279037 559904 219773 650134 455625 521758 399964 631874 442102 250267 657762 774995 663800 391878 308677 611111 484876 776598 331854 647278 746647 491106 467438 183680 133455
90535 227702 379795 645285 149516 187834 663674 108184 648640 584814 604045 352763 607597 662379 67537 649665 742515 223894 305605 794791 417752 809874 487704 603035 588721 378555 161339 288893 531717 161283 93126 626867 700486 473645 310198 331986 150684 621901 306929 999999999 586622 463271 447080 400762 230143 92141 312484 157933 409966 809176 510514 503360 574512 310843 135396 227609 174912 623653 689999 661361 524348 438395 626921 372732 254943 484104 582149 89376 565695 698857 176895 359107 196565 547405 340079 373406 319477 220445 763268 276775 404103 440253 714106 255334 56679 358041 675614 359499 675207 595525 439202 349752 728589 603187 412260 458623 284638 484539 488775 178618
545029 633846 281915 476050 629902 523153 688658 611769 316658 271326 60523 717923 722549 331881 610375 95912 218270 743485 727043 307167 541327 223282 299141 179979 430334 244732 677077 659932 586041 636909 677999 173192 652553 265322 876763 656526 724794 97440 633344 586622 999999999 472090 226112 986762 523962 669001 891316 443023 198221 250850 218830 300986 295156 275970 708954 770721 529849 773614 353421 635958 559731 148843 731414 593660 711052 364301 556599 500189 660004 357476 642632 534350 411413 302110 316506 364876 412855 435808 358037 335661 198973 245435 277314 840486 582229 626190 166637 664745 701726 672607 261809 936343 146357 631159 405055 607798 361365 179171 749675 567518
502164 321651 222190 192838 380106 564241 973158 559725 735683 670587 438729 785650 957530 752752 428857 567960 690338 687140 370324 777834 94221 640291 176813 616066 149245 473258 622654 302585 839104 377576 511260 623001 973816 590682 754007 744891 602745 425908 716280 463271 472090 999999999 250085 763555 241642 487189 649760 443585 312064 715047 583473 180217 229252 357609 589724 688689 293396 992187 780262 216649 94322 383888 973690 175153 388466 670800 852373 433780 899995 786959 625279 697349 450777 203331 511972 588466 156464 513730 811900 277723 319163 545238 734587 633206 504699 218294 429516 259513 986748 924655 213662 735850 547766 906910 80605 144706 232799 528299 893913 588153
438352 431544 71612 306549 445958 458118 777372 507473 491280 428796 204125 681978 781778 508245 449260 321044 443045 646640 517755 528817 315242 420303 95328 367183 248438 261494 576879 447952 651580 450403 528383 373129 763904 363033 756422 628313 597085 203715 600695 447080 226112 250085 999999999 829144 319914 512725 723858 344265 79946 475192 345298 105981 152212 182008 581446 663503 340006 824604 534922 436363 341554 142421 795308 369386 510039 454735 648578 375900 720213 541174 557934 541200 329174 135973 321069 396132 195645 380927 562411 170578 89987 320657 484641 683972 462944 403881 238613 443740 791104 740657 36461 786024 327635 712694 179272 382042 170083 289175 757072 495931
459279 441976 758113 956199 392174 526748 920736 407368 1025900 967071 1001342 522888 833037 1037752 381025 1050177 1139958 336243 418145 1186560 683662 1210035 848339 997423 910193 775348 367080 471123 814770 391480 308765 1022426 982406 858185 202061 553069 281394 1016622 545740 400762 986762 763555 829144 999999999 534057 319148 114061 553710 804104 1208705 900862 862806 935074 710794 295174 293735 496229 822637 1063455 906366 785856 838133 852225 606597 381978 846206 884322 489145 816744 1072324 419972 660280 590784 905862 727886 742821 661846 596073 1143361 664875 799308 830437 1102517 146540 415649 568434 1065342 539032 928504 845803 813720 60952 1127277 875663 743370 687104 659225 880704 664901 489147
288153 111696 249990 432024 142527 370160 829346 334444 696398 627688 517828 574023 792565 712693 188055 609410 723427 452267 203338 796268 187622 735828 318262 608303 380796 402733 391473 139216 692460 142578 269724 625097 848539 524180 512366 543090 362316 522515 515516 230143 523962 241642 319914 534057 999999999 245548 422372 265562 325777 772413 539945 331885 403383 285671 349846 450169 55239 818147 741744 431450 294698 385750 810688 150801 190172 575316 724824 226754 741694 749920 402864 529541 289939 373862 406223 471078 131057 348664 796901 197023 325696 479997 730707 397032 278845 150767 556944 171945 842197 769614 295676 500773 644643 764287 209523 231782 162877 494708 698898 382168
176417 198700 442542 676922 117003 269958 738510 164567 740777 676917 682266 396675 674995 754492 63905 735986 831756 229088 251548 885793 425973 892101 540750 693643 624080 468837 186861 255750 609955 125079 26755 717072 780465 565727 266831 388741 123339 697533 367051 92141 669001 487189 512725 319148 245548 999999999 223522 249589 484981 896833 602080 555908 628228 393386 114463 215453 195827 685574 782078 668564 534343 520173 694639 366192 197267 575129 664705 179969 637827 790939 223448 437783 288321 599811 432128 464769 359900 311636 855375 346238 480160 531947 805701 172670 133449 341732 747207 332393 749436 668004 499900 273380 808449 680313 449070 454321 343988 574786 541597 251087
383878 328116 652415 842319 281660 463939 895020 343775 955450 893596 902171 507864 815320 968364 281034 959465 1054779 311499 306440 1106928 569603 1114075 738562 915451 796736 691039 320639 357396 778760 280021 219663 939351 949545 782987 220104 525727 224798 915500 512876 312484 891316 649760 723858 114061 422372 223522 999999999 469967 703751 1120333 822021 752774 824828 616294 234605 272058 387103 812540 995175 793459 671999 742500 834984 492721 268337 782077 843228 401805 790848 1004070 373359 614502 508306 795465 650173 674467 551416 522989 1071627 563173 699630 751562 1025366 70806 338729 454896 961484 426388 904110 820788 706663 103648 1029124 844236 631172 573822 553810 797023 656287 432049
102215 322805 289374 599550 267764 122020 563987 170496 492732 427921 468428 348108 528548 506925 206980 498289 586468 307427 418219 636993 430240 664671 409219 445580 538848 221842 238459 378583 427198 279170 250305 469800 586223 316672 434000 302516 282541 491140 273853 157933 443023 443585 344265 553710 265562 249589 469967 999999999 287781 655188 352588 424848 489693 175726 266829 330263 222873 556950 534953 658466 524402 298960 546329 414293 376401 336411 463186 70330 476461 543760 214071 264847 38767 466584 183058 225477 287148 83800 606336 184885 279745 282373 556191 410443 140170 416023 551815 432617 576770 504173 347962 499606 588222 499196 373455 487777 217484 327601 450412 153688
387130 435682 93627 386177 434969 394189 697434 456578 423633 358695 198759 614142 702478 440704 423551 285247 403006 594848 528958 482609 363394 414420 174241 307489 327499 181548 525475 462323 571814 441331 497288 317799 684609 285700 714102 558458 556484 212592 531425 409966 198221 312064 79946 804104 325777 484981 703751 287781 999999999 447214 272419 185693 229120 114300 540600 615493 332889 745856 468302 509753 405963 72279 715826 404969 513061 375559 568778 330409 640749 475089 501212 465076 266709 215205 242269 316656 219723 312742 503684 141074 10261 242319 428892 657650 417093 434218 266508 471186 711166 660950 108127 757097 326340 632750 234390 432200 163155 216739 682387 434443
752902 880996 532763 684870 870756 708260 712951 813965 293437 303990 276324 864850 778026 298031 842161 163745 83003 933861 975749 132263 789268 131681 538636 226457 650041 434602 873031 909529 650969 878630 902233 198554 651665 380617 1077638 802185 935375 292841 784647 809176 250850 715047 475192 1208705 772413 896833 1120333 655188 447214 999999999 327369 537357 512766 507541 920021 966742 774389 833433 299265 857876 798214 388468 780732 844052 957252 449049 595009 720039 721190 296672 830665 664496 618810 527879 491399 506892 663678 624912 240496 579777 446770 391896 188574 1064358 794603 876982 317742 915595 723728 723463 510020 1154750 188651 671292 652544 854473 609539 331712 856019 752689
441628 634629 361643 645811 602384 385227 470236 496986 157534 89190 277308 539612 504967 174290 555621 204097 248588 609818 734062 285706 626140 382248 439727 101365 590791 139485 551740 677564 368696 612322 602527 128987 438109 54746 756462 476834 621666 314282 458188 510514 218830 583473 345298 900862 539945 602080 822021 352588 272419 327369 999999999 448297 470986 255076 606957 644437 523112 556932 203155 781195 677680 202992 513241 653926 703146 146660 337975 422197 442755 210980 506842 341940 313967 467097 172980 179622 470059 306098 259271 347686 264657 70531 203620 760600 485737 675333 385085 706535 483405 454305 378486 844212 340242 412329 504354 695105 392100 56125 546684 428926
510686 438057 136009 200568 471137 543985 882989 577874 589797 529508 261558 770297 885464 606578 492188 396393 518131 715867 511042 608099 264883 460103 15823 460853 142904 367087 646636 439871 756329 472983 575144 463277 869868 468372 812728 719436 653674 246271 691276 503360 300986 180217 105981 862806 331885 555908 752774 424848 185693 537357 448297 999999999 72427 278598 638629 727951 366649 927268 632366 338354 260945 246644 899352 335197 514560 560690 754467 444002 824255 638145 634182 640539 416109 44091 424593 500469 201427 472524 652907 240576 195580 426429 573335 721434 528659 375441 251069 417434 896724 845228 82165 825184 367553 818138 136278 324001 219480 392281 853869 578523
578592 508260 200785 180999 543249 606806 921654 646466 601929 546243 245207 832069 930901 618220 564473 386383 504576 784982 578161 596872 320573 421805 87484 468014 137711 408130 715519 507181 799039 544918 647307 466088 902721 498134 884247 779410 725018 220988 751587 574512 295156 229252 152212 935074 403383 628228 824828 489693 229120 512766 470986 72427 999999999 333892 709878 798129 438988 974824 642308 345682 295498 277623 943888 395920 584049 594601 791110 512803 868893 647293 701149 693239 478058 29634 471340 545075 273414 531904 653116 307382 239381 459273 572443 793847 598249 437526 206145 479647 935339 888351 141744 897606 332359 857922 202066 373409 290023 416234 909282 642951
276944 384891 148361 472619 364458 279931 617876 345960 412332 343646 294922 501109 610928 428895 335960 344699 448758 483101 483582 515016 382225 499248 264354 324316 411624 122381 414182 424231 486091 372942 402030 342911 616212 245464 607279 446578 451979 315987 419135 310843 275970 357609 182008 710794 285671 393386 616294 175726 114300 507541 255076 278598 333892 999999999 436065 505605 274068 650703 457888 570654 450334 127556 625731 401311 457301 315147 495063 225681 550905 465865 387823 361974 152546 315326 154860 231879 222240 199586 511230 93441 105439 199712 445934 564545 310246 420816 376101 451485 631553 573650 196528 660591 417997 551856 277349 450012 140012 209092 575916 320190
167120 313076 514861 775732 230841 232675 666645 112429 730841 671928 730977 297594 593167 742838 161988 764772 848854 115869 361735 892459 534846 931220 622998 704716 720418 485421 90528 370118 546257 239380 87746 730282 717538 563320 175036 301758 15919 750923 284965 135396 708954 589724 581446 295174 349846 114463 234605 266829 540600 920021 606957 638629 709878 436065 999999999 101709 296450 597121 768759 778582 643064 562779 612954 478747 307308 552477 609175 210713 563198 777640 140720 380131 301624 682692 434094 447843 451809 301310 848228 410885 534094 536747 807803 164922 126799 455688 807040 446848 676443 593405 574409 237389 853256 613257 543906 566778 420035 589551 446384 198055
228699 414113 599842 872658 332270 259224 629090 159770 753213 699742 798503 236132 545265 763492 262980 817650 891636 42511 457417 926296 635986 989868 712183 744975 816313 535585 94114 470275 521036 340531 188712 771766 688981 596124 112643 259917 92285 821374 252022 227609 770721 688689 663503 293735 450169 215453 272058 330263 615493 966742 644437 727951 798129 505605 101709 999999999 396130 540676 787486 879884 744081 628923 564801 580455 403375 568212 590989 287605 524827 796228 138470 369551 359447 771799 475364 472939 547081 342045 871046 493752 608078 576191 839037 203700 200633 557118 881219 547315 637398 554281 659830 232912 916734 582364 639818 668487 508472 635208 384229 215741
