NAME : synthetic_000301
TYPE : CTSP-D
DIMENSION : 100
GROUPS : 8
RELAXATION_LEVEL : 1
EDGE_WEIGHT_TYPE : EXPLICIT
EDGE_WEIGHT_FORMAT : FULL_MATRIX
EDGE_WEIGHT_SECTION
999999999 407460 817512 957023 131724 90057 772018 572446 400287 180266 215457 638567 243132 191875 551662 965412 820121 691999 170747 212432 961797 239895 480778 315947 476786 660238 296561 704805 707723 74390 169712 448541 745553 407806 28984 674634 612768 196090 639295 750503 732863 658998 699953 156438 443886 971731 852307 493415 350443 499837 767647 359126 248480 484528 337918 678846 595868 531407 182947 641147 289115 556616 459054 515338 700219 535903 527983 484723 750123 489395 308705 152437 838632 614572 864543 668954 119460 709772 980394 847021 621996 845480 115583 61862 770584 165291 265135 848745 49855 762371 967242 676656 531157 556445 548260 586607 878122 639436 696507 710665
407460 999999999 710474 693951 522141 343214 620619 793803 700138 265400 429909 492250 167040 451094 296015 1049969 872926 874080 366173 403587 1040984 198254 145010 653445 266557 481019 509491 516275 322389 334938 237800 260064 868470 347294 436199 581219 214932 412508 282635 709979 518876 736056 798244 437558 518575 695920 643148 407637 555447 341982 656063 755484 261749 134643 91333 377249 760054 131589 242495 738194 646501 734671 746811 317998 881206 725253 416880 752746 634873 124060 529540 516306 550605 562800 606027 768619 512730 742249 726999 537351 216330 823795 513166 345604 616300 245747 144140 819813 457030 868551 980004 326640 132486 152662 190518 809958 1001008 751266 849803 759600
817512 710474 999999999 346872 818713 733832 109018 594603 706785 836139 620478 218230 751358 658137 426081 482639 327442 551667 647192 612913 468419 810451 846933 760233 444269 237168 583577 216299 626053 770446 751311 454965 445450 421704 835414 143981 664524 632921 549331 128701 243257 337195 381559 686637 403637 381563 205413 334815 560272 372815 54767 948750 594921 594585 767489 427517 488514 771006 805089 371715 794744 508468 698429 392477 552530 526230 308853 665150 75797 815395 587527 773795 377152 205672 312528 378860 821426 259051 335838 429601 775664 184346 831003 788003 115039 775483 706084 171246 847873 416442 334060 528561 667967 764354 866826 602902 511100 397957 491962 289135
957023 693951 346872 999999999 1002606 866966 274335 906305 974540 908111 807721 350610 804153 848207 417917 822421 674223 885308 804462 790255 807766 859171 794567 1003000 484934 311424 807314 269936 459415 892036 835843 511324 787830 561573 981732 390382 548409 811371 430851 468469 230730 666349 719161 866591 647372 35165 149282 489384 804463 458740 341021 1181745 708661 559327 777303 316954 806376 693131 876898 697834 1027987 817295 981310 442101 887248 830108 451275 955363 337943 757673 818311 965990 147263 462485 92812 711110 1001127 596740 38396 181070 655496 526908 1008480 909711 270407 857461 757639 512711 999125 760696 658469 389790 594463 674674 786556 917223 857842 724368 827736 627790
131724 522141 818713 1002606 999999999 179329 790060 477767 287863 311762 200145 664967 364509 160973 618229 898277 768967 604319 201189 213533 896463 368999 607699 194406 540684 694850 245766 738877 804393 191434 289475 511329 674938 441093 111659 681200 717348 192345 727876 734182 772894 609499 640270 136643 420673 1021165 884379 518386 289315 545749 773277 233657 315343 580945 460963 748659 520177 650388 312247 586012 161502 478902 347327 570280 612511 455682 555829 378654 758065 613669 249938 48413 896715 613096 911967 610858 12875 671878 1021976 911997 738444 817470 21773 186030 789628 290332 378016 822935 99049 696470 922815 761507 638207 673995 674684 490393 801885 579214 618263 667127
90057 343214 733832 866966 179329 999999999 684707 543837 395234 170482 159012 550288 190864 151289 462708 910737 757408 655066 95871 146628 906029 208912 436998 326850 387317 570875 250576 615416 629061 42858 117576 358895 695353 319704 115628 590283 539048 136504 556571 672764 643003 597365 643514 121199 373766 881740 762910 406132 306441 409924 683043 412296 158486 405170 287011 590696 551780 472418 157152 582972 311312 514941 450745 425332 663173 496645 439954 469444 665031 439480 266679 175192 749090 532975 774493 612047 170579 641514 890376 758302 559538 771584 172239 57353 683098 126235 199283 773932 134520 708900 899929 592565 459275 495461 502707 559011 830227 584305 652317 645176
772018 620619 109018 274335 790060 684707 999999999 633805 717255 769596 589930 137693 678133 629553 328848 582618 417577 611420 605110 578039 568827 737213 752714 757676 358204 139700 569008 110532 517525 718045 686924 373428 517822 365223 792602 121553 559554 598947 442583 202408 134244 392383 446908 654345 395361 306557 125101 278642 555810 294587 74157 943018 535969 498767 684166 319235 532567 671889 737999 423551 787790 545014 717927 305536 613546 559018 245306 689148 65023 719895 576549 747982 275675 196923 219928 437434 791113 325695 273940 326956 671508 286451 799924 735939 6066 710794 631614 274667 807021 492784 441386 420382 567913 663566 768480 644255 599639 450069 554416 356817
572446 793803 594603 906305 477767 543837 633805 999999999 204180 713762 390522 576796 702250 392646 687307 448265 373867 130687 462588 411450 450354 740721 927717 302538 629183 625889 297883 654668 944186 584102 645628 608753 234806 486638 568481 515990 906334 412987 848981 468518 701176 262306 243732 424853 306849 936752 758180 490938 244224 573200 576379 460125 535567 767377 782569 793055 107517 917809 696588 226594 347388 89052 155591 617149 138519 80363 518453 113221 573684 915771 279532 434208 865624 445914 837624 229716 488682 346108 907745 904837 979834 490606 499196 592727 637121 662324 682938 502566 565481 267090 528564 860860 852922 930448 983131 16156 338644 202335 164501 321940
400287 700138 706785 974540 287863 395234 717255 204180 999999999 563082 270229 625268 576828 252836 673215 649544 553873 334867 336707 296630 650614 603502 818660 99705 601976 669167 200517 706731 912486 429747 509448 575723 429902 462064 390129 595911 852288 288216 821499 593070 750319 412324 418613 275602 327269 1000817 834105 501932 177051 568006 675190 264226 440885 707987 667718 795973 278820 830877 552320 379825 143905 238953 59494 607353 342679 213928 537549 94005 666571 814022 181816 250426 904411 520409 894075 395430 299932 491863 983687 934737 905953 644596 309632 434020 719054 521106 569402 654121 382996 458573 711942 843218 785817 848596 880548 213706 542239 363062 363328 475801
180266 265400 836139 908111 311762 170482 769596 713762 563082 999999999 325312 631909 106981 321616 490194 1066140 905195 822635 255280 308258 1060417 69428 307894 487835 427216 640303 418274 682999 585970 133337 85963 404351 855730 415491 204154 693112 480273 302530 534432 795030 700810 748235 799190 291476 518543 916718 826581 501452 473946 476427 782482 537653 244753 375164 179792 603538 716849 373763 31765 737659 465545 681364 619650 476169 830673 664118 528329 639562 762658 321848 435321 326528 774817 647582 815880 767609 299650 782981 936676 772297 467002 901125 295789 130476 766831 62040 151315 901486 222614 866633 1040003 576449 397591 400966 375574 729047 991475 741752 816711 790605
215457 429909 620478 807721 200145 159012 589930 390522 270229 325312 999999999 465980 314594 40500 442443 753648 604935 497356 72190 26807 749390 350341 550934 234070 365535 497798 93113 541370 659567 201556 255136 336638 536792 247685 225525 481619 589560 22787 573472 542224 577155 443922 486923 66367 230736 827853 685767 320114 148643 356223 574035 383612 172068 445554 401080 572319 392871 560716 306507 427194 240716 356447 318180 386241 505408 338829 357950 328480 558451 544683 110990 159108 709041 414861 718352 455637 201639 494687 825540 728993 637031 632842 210875 213785 589528 271974 301599 636832 233804 551201 751853 601158 519329 578768 611539 406140 671399 427050 493341 495213
638567 492250 218230 350610 664967 550288 137693 576796 625268 631909 465980 999999999 541068 506290 212367 627487 449210 582802 474238 451513 615271 600206 629178 652583 226243 49833 457636 81469 441885 582446 549280 238491 512812 230761 660150 104243 460610 472672 354442 243402 126167 372429 436165 528386 298122 375750 219892 146937 453918 157839 163954 832848 399298 378042 550876 249792 486515 556256 600320 395876 678453 488725 635316 174262 586655 497386 110714 612264 142754 598131 468061 625074 288859 139764 268917 417788 665019 330190 363507 328982 568515 353569 673317 600384 135064 573129 494758 346023 675353 495590 515306 343912 454714 551463 651143 589550 618629 420436 532416 358526
243132 167040 751358 804153 364509 190864 678133 702250 576828 106981 314594 541068 999999999 324329 386643 1019020 850816 800018 243051 291559 1012050 59174 246190 515804 327589 545034 405104 586606 482392 173419 75035 306989 817698 337938 271435 610481 379454 293331 427935 721716 601478 699238 755159 302313 469102 811836 727799 419782 458029 383547 696966 597870 182646 268528 96570 497278 689325 288276 78826 693312 502054 657557 629226 378282 807762 643411 442581 642510 676560 249364 424254 365777 669215 572128 712303 723892 354078 724167 833494 665722 379185 831397 353222 181758 674964 78953 47208 830374 292089 824520 977157 469705 296598 313452 311887 718142 953527 700948 786377 735334
191875 451094 658137 848207 160973 151289 629553 392646 252836 321616 40500 506290 324329 999999999 480450 773537 630015 505853 84970 61238 769944 354221 565971 204362 403213 538289 104785 581841 692661 191578 259088 374122 553990 287936 197739 520231 619192 42899 608072 576838 617651 468856 508259 35442 263749 868279 726116 360559 159457 396145 612365 345111 199938 475905 414921 610646 405784 582574 306250 449863 206057 367482 304990 425446 514014 347981 398418 320288 597095 562180 118130 118807 748979 452468 758784 477362 163289 523703 866036 768395 661708 664744 172931 201059 629232 273084 316980 669273 203436 570502 779406 636890 546827 601875 628367 407765 687168 447642 506575 522447
551662 296015 426081 417917 618229 462708 328848 687307 673215 490194 442443 212367 386643 480450 999999999 826212 645789 727328 417457 419213 814950 442565 424021 668779 77680 189872 476589 221444 259451 482427 419070 107060 683055 211329 578271 313432 252688 438612 164106 451799 223203 540358 606393 489249 380504 427294 348556 199907 497468 114432 373404 825559 306075 169947 369137 130630 618128 344961 458993 554911 681834 607318 700792 70205 732784 607911 182655 689576 352447 391047 493422 589591 288405 321421 325762 582020 614175 518690 446854 295671 357394 564141 619785 499578 324094 440180 339913 557313 597167 672709 725510 173842 242525 339234 440792 702334 802529 575382 686536 543194
965412 1049969 482639 822421 898277 910737 582618 448265 649544 1066140 753648 627487 1019020 773537 826212 999999999 180523 321485 815957 764126 14957 1070847 1194950 744267 805891 669762 668917 669971 1069328 953594 984320 800606 223555 702994 969561 524057 1078788 775337 980419 388594 708866 319783 267337 808974 550254 857581 687515 648253 616073 728147 508913 908376 836393 970152 1074049 875668 379043 1147799 1041263 328542 789216 420715 603850 766804 314786 444972 650048 561384 522779 1171635 657829 850798 857838 504945 795166 298886 907261 310154 804739 909509 1179784 298294 918206 966913 588503 1006138 984716 311629 972037 203105 179158 971393 1056115 1150099 1234136 442292 117361 326602 286286 290493
820121 872926 327442 674223 768967 757408 417577 373867 553873 905195 604935 449210 850816 630015 645789 180523 999999999 277192 661580 611696 169794 904536 1017922 638819 625822 492961 527964 496519 890519 799974 821434 621212 151057 527120 827748 346864 898314 625356 800826 216612 537568 161177 135269 665128 386720 708980 531509 468861 479883 547885 343512 818076 668974 790196 900905 698478 276428 968322 878771 183099 682253 315027 520043 586317 274376 339969 469692 478289 354597 993740 520327 720595 692739 324449 635751 160581 776470 130801 661642 743137 999319 154261 787372 814524 423183 844073 814368 169123 832817 115378 158155 792919 875901 970165 1055570 374362 183662 193264 219363 115490
691999 874080 551667 885308 604319 655066 611420 130687 334867 822635 497356 582802 800018 505853 727328 321485 277192 999999999 567814 515105 324892 843157 1013388 433047 679406 632587 404635 653872 986767 696693 749429 663235 126388 543966 690332 503552 962687 520142 891417 423082 700255 219038 170792 539790 360402 917936 736108 527462 348814 613678 545240 588401 624607 830250 873670 818786 114195 992025 802929 189197 477957 142471 284912 657901 8232 158529 547809 243135 547368 997844 388474 559424 865951 443742 826753 174283 614793 292616 881238 909983 1045833 415797 625477 706866 615708 767963 775639 429491 688834 162072 421634 897113 917762 1001697 1064598 122261 209001 163335 60826 262803
170747 366173 647192 804462 201189 95871 605110 462588 336707 255280 72190 474238 243051 84970 417457 815957 661580 567814 999999999 52992 811024 278178 482048 288138 339819 500018 164834 544475 615848 138404 183044 310439 602111 245074 188395 504748 538168 50324 534284 580419 576105 501676 548632 76210 278155 821971 691412 327597 219823 346140 597819 414690 120451 396057 331377 548024 461577 497687 235181 487818 285766 426213 387190 369266 575812 409406 363641 399472 580644 477524 183095 173229 695823 443855 713122 517110 198051 545839 825218 710817 577449 677349 204659 153145 603996 200377 232702 680073 201983 614645 804221 565555 464170 517192 543895 478243 737484 489849 561538 549312
212432 403587 612913 790255 213533 146628 578039 411450 296630 308258 26807 451513 291559 61238 419213 764126 611696 515105 52992 999999999 759401 329520 525822 260449 341982 481520 113677 525449 633584 189480 234833 312906 549469 228913 225731 472421 562899 21198 548010 539392 560059 451241 496888 76894 231529 809667 670848 304857 167790 336109 565263 406346 145266 418959 376464 549428 408593 534248 287827 436371 265825 373355 343860 364576 523083 356790 342307 353014 549050 518988 132695 175840 688824 407808 700250 465419 213560 498205 808939 707600 610284 633081 222064 203200 577389 252872 276747 636462 236181 562438 756237 576242 492529 552152 585957 427223 684725 437759 508548 500386
961797 1040984 468419 807766 896463 906029 568827 450354 650614 1060417 749390 615271 1012050 769944 814950 14957 169794 324892 811024 759401 999999999 1064238 1185987 744647 795587 657198 665464 656891 1057153 948878 978250 790702 222681 694253 966378 511658 1067591 770943 968553 375639 695520 313023 262547 805386 543676 842928 673173 638330 613047 717679 495216 910425 829478 959935 1066088 863113 378198 1137875 1035283 323250 789533 419910 605836 756024 318418 444380 639481 563284 509277 1162382 654748 848830 843911 493876 780933 293983 905293 300097 789972 895656 1169040 284081 916245 962375 574726 1000210 977322 297316 969167 200234 164433 959132 1045694 1139901 1224634 444882 124454 322469 287326 281389
239895 198254 810451 859171 368999 208912 737213 740721 603502 69428 350341 600206 59174 354221 442565 1070847 904536 843157 278178 329520 1064238 999999999 241657 535059 385604 603767 442857 645117 520238 180392 95385 365611 866411 395900 266002 669395 413079 328101 472947 779515 659212 751217 805716 328062 520600 865909 785623 478469 497304 442631 756083 599021 235603 314807 110686 549529 734068 304347 56953 743855 516698 700813 658098 436676 851030 685425 501640 674499 735696 253533 461270 377904 722451 630141 767717 774295 357477 778894 889117 716836 397575 888643 354820 183126 734018 82694 105725 887870 285541 874579 1033082 515758 330738 331540 309353 756402 1002398 750367 832360 789151
480778 145010 846933 794567 607699 436998 752714 927717 818660 307894 550934 629178 246190 565971 424021 1194950 1017922 1013388 482048 525822 1185987 241657 999999999 761458 406234 613266 636573 645238 368333 416490 320064 402645 1011922 492139 507402 721715 257845 531283 364814 852664 642061 880564 942371 546626 660957 791478 762434 551976 685806 483473 793038 839560 392150 254123 151324 480868 899756 107824 298255 882026 748243 872712 868900 455985 1020682 861951 559705 878722 771852 37205 656427 611611 647682 706492 711896 912534 596655 887230 829961 624961 188343 966635 594736 422012 748035 317367 249447 962234 527109 1012706 1123758 407775 200127 133763 67728 943843 1145017 894511 991291 904601
315947 653445 760233 1003000 194406 326850 757676 302538 99705 487835 234070 652583 515804 204362 668779 744267 638819 433047 288138 260449 744647 535059 761458 999999999 593569 692573 197317 733083 893379 356047 444210 565460 522545 462557 302022 638385 823000 246050 806308 654591 774134 489553 504075 216181 362382 1026921 868527 517462 201942 572169 723516 188938 404002 679282 610279 796473 368447 785032 481043 459481 45035 327189 157242 607504 440967 302125 554977 193706 712519 760727 184814 163514 919998 563637 918257 478506 206999 564760 1015666 945517 865586 717266 215905 357361 758745 452481 515424 725594 292397 549424 796814 832481 751171 805077 825796 312762 639097 445789 458166 552211
476786 266557 444269 484934 540684 387317 358204 629183 601976 427216 365535 226243 327589 403213 77680 805891 625822 679406 339819 341982 795587 385604 406234 593569 999999999 220506 403508 260270 316038 408937 351612 29384 646600 143950 502943 315491 283889 361213 221884 447626 273985 505887 571375 411603 323617 497016 400225 159389 427843 78688 389728 748273 229688 164455 325963 208309 567573 343690 395570 516104 605477 552884 632252 52669 685377 551123 156979 623463 368558 377126 420972 511916 361848 304873 392141 544780 536744 495768 511519 372206 375832 561628 542466 426362 354343 373796 280383 556695 521531 639905 720453 241242 250369 344390 434500 644625 771797 534351 642925 517301
660238 481019 237168 311424 694850 570875 139700 625889 669167 640303 497798 49833 545034 538289 189872 669762 492961 632587 500018 481520 657198 603767 613266 692573 220506 999999999 496263 44580 401652 600674 559905 238194 561355 254960 683077 146097 429099 502713 317744 282503 81598 421575 484920 558295 342879 334369 192070 178196 495969 164588 185958 870343 415938 359538 546038 205915 536239 534290 608549 445457 716758 538016 681150 168059 636409 546290 140111 659121 165574 580723 507760 656657 240194 189270 225813 467055 694141 376853 327769 279361 539317 388941 702000 618625 135289 583316 498060 380184 699176 543386 550342 303181 430932 527226 630470 638775 664980 470120 581987 405746
296561 509491 583577 807314 245766 250576 569008 297883 200517 418274 93113 457636 405104 104785 476589 668917 527964 404635 164834 113677 665464 442857 636573 197317 403508 496263 999999999 537443 712150 292540 347853 376577 449214 267281 301158 452827 652419 115834 621651 491178 577709 367126 404201 140164 180098 830591 675544 320292 55866 376153 541972 375436 247750 508276 488467 602271 301881 638369 399611 346563 220817 264441 239565 412974 412718 246138 357941 243264 528873 627895 20053 197811 722697 380312 721663 373515 251661 426436 821140 748667 709745 571789 262336 303542 569557 365026 388566 577433 305115 465843 679431 644509 587595 654434 695175 313612 582583 343394 402634 422826
704805 516275 216299 269936 738877 615416 110532 654668 706731 682999 541370 81469 586606 581841 221444 669971 496519 653872 544475 525449 656891 645117 645238 733083 260270 44580 537443 999999999 411011 645064 603192 279637 575758 299402 727657 154283 449168 546647 333049 281453 46667 438994 500405 602275 379590 294437 147503 221352 535061 208311 170044 912179 460267 391124 584261 212385 561636 562268 651235 465204 758181 566108 716556 208489 657244 575817 183423 693057 151746 611810 548376 700347 212418 211073 187474 484827 738286 387101 284648 256459 561008 381434 746209 663011 105158 626487 539512 371353 743747 555492 541083 312984 458071 553424 659058 667020 672971 490623 601206 417085
707723 322389 626053 459415 804393 629061 517525 944186 912486 585970 659567 441885 482392 692661 259451 1069328 890519 986767 615848 633584 1057153 520238 368333 893379 316038 401652 712150 411011 999999999 633344 544270 339288 939497 459960 736608 545742 112501 649812 95501 683905 384033 796544 862474 692003 637575 448117 475017 459356 741316 373513 581031 1029756 495397 223891 413101 198672 877440 260511 560740 812787 898717 865772 945980 329184 992199 865422 440528 938803 562343 331887 730670 786444 315982 570330 392872 839207 797332 767796 497392 278917 200618 790131 800288 647289 511620 557618 447298 780866 757319 927240 951023 98502 190559 235666 342420 959458 1055021 833876 945462 794216
74390 334938 770446 892036 191434 42858 718045 584102 429747 133337 201556 582446 173419 191578 482427 953594 799974 696693 138404 189480 948878 180392 416490 356047 408937 600674 292540 645064 633344 999999999 98528 381360 738111 352903 103324 626606 538622 179157 565459 712432 670755 640055 686367 159623 415766 905531 792338 440098 348372 437862 719040 424502 184906 410230 269673 608183 594085 460821 125159 625804 336377 556981 486371 449959 704820 538393 472783 506845 700657 422291 308221 197512 770384 571131 799312 654897 180762 683514 916600 776995 550407 812363 179811 17959 716211 99390 191668 814459 124125 751746 941947 603215 457209 485230 483331 599125 872908 627161 694693 687527
169712 237800 751311 835843 289475 117576 686924 645628 509448 85963 255136 549280 75035 259088 419070 984320 821434 749429 183044 234833 978250 95385 320064 444210 351612 559905 347853 603192 544270 98528 999999999 326948 776491 330108 198405 608008 445559 232812 482413 709068 623265 665537 717942 233849 435203 846301 748213 416501 402578 395418 697872 522865 158798 324016 171542 538489 641291 362414 57381 656209 428724 607282 563463 398507 757353 591366 444255 579294 678215 324322 366113 291557 706660 561709 743175 686400 279066 698258 863052 708067 452437 815258 278321 107901 684338 24195 97249 815561 219230 786073 954838 522305 363266 387050 386315 661269 912454 661390 740245 706540
448541 260064 454965 511324 511329 358895 373428 608753 575723 404351 336638 238491 306989 374122 107060 800606 621212 663235 310439 312906 790702 365611 402645 565460 29384 238194 376577 279637 339288 381360 326948 999999999 635280 122120 474492 321761 299649 332034 246306 450124 296608 495951 560911 382261 304958 524192 422230 152372 402575 82566 400217 719129 200920 171200 312596 237686 550574 347193 372612 504305 576810 534245 607202 71820 669408 531456 157066 599515 379181 375355 394332 482546 390208 304177 418516 533508 507428 490607 537160 401348 386134 564047 513190 398889 369897 349558 259936 559853 492943 630099 721294 267968 258869 350275 435146 624347 762465 521534 628652 510818
745553 868470 445450 787830 674938 695353 517822 234806 429902 855730 536792 512812 817698 553990 683055 223555 151057 126388 602111 549469 222681 866411 1011922 522545 646600 561355 449214 575758 939497 738111 776491 635280 999999999 524161 748458 421617 929371 558999 845622 319511 620783 142954 77167 589322 351986 821557 640020 487969 395191 573785 447236 692006 636084 806252 881232 759058 155555 977406 832566 131164 567331 197259 388223 616564 123340 221701 500406 345599 452805 992255 436983 627605 784181 374110 737159 101828 684050 192166 780194 831320 1021366 294843 694986 750574 522706 797262 787260 309072 750195 35714 297059 845394 894087 983609 1057360 232291 135999 117609 71467 161081
407806 347294 421704 561573 441093 319704 365223 486638 462064 415491 247685 230761 337938 287936 211329 702994 527120 543966 245074 228913 694253 395900 492139 462557 143950 254960 267281 299402 459960 352903 330108 122120 524161 999999999 429548 278053 420767 249954 365775 383787 331877 389150 452181 305032 184039 580754 446409 87541 286141 109926 368809 628888 173274 286323 375416 335046 430577 453338 384872 393137 479668 412824 489740 145776 550374 409512 120255 479827 349650 469987 283301 404753 461864 234243 471347 423214 439878 396985 581043 484000 502070 494042 447499 370774 363497 354303 295989 492650 445055 522320 643115 383226 373985 460398 534089 502245 654980 408130 512125 412941
28984 436199 835414 981732 111659 115628 792602 568481 390129 204154 225525 660150 271435 197739 578271 969561 827748 690332 188395 225731 966378 266002 507402 302022 502943 683077 301158 727657 736608 103324 198405 474492 748458 429548 999999999 693133 641751 207840 667812 765107 756587 666582 705359 162666 455894 996920 875109 514297 353522 523817 786206 333627 273862 513332 365754 705955 597081 559671 209181 647415 272270 557169 449371 540536 698563 535729 549449 477008 769032 516779 311743 139835 864697 631501 889392 674636 98891 719994 1004617 873812 650484 858026 93211 90701 791323 193203 294064 861732 20887 766463 976596 704971 560126 584856 574993 582239 879861 644534 697369 719696
674634 581219 143981 390382 681200 590283 121553 515990 595911 693112 481619 104243 610481 520231 313432 524057 346864 503552 504748 472421 511658 669395 721715 638385 315491 146097 452827 154283 545742 626606 608008 321761 421617 278053 693133 999999999 563886 492807 458685 139285 199199 286403 346632 547306 276166 420804 243063 191710 436458 239345 93073 824839 451141 474593 632042 351770 417368 654175 662225 314356 669709 426956 596438 266498 506477 439815 168723 568001 76866 692191 459131 637476 363595 75509 324136 332263 683210 233031 393419 409835 670707 250714 692493 644197 123767 632196 565898 244021 706103 401234 412202 447562 554314 650952 747714 527088 520037 340346 449256 262850
612768 214932 664524 548409 717348 539048 559554 906334 852288 480273 589560 460610 379454 619192 252688 1078788 898314 962687 538168 562899 1067591 413079 257845 823000 283889 429099 652419 449168 112501 538622 445559 299649 929371 420767 641751 563886 999999999 577012 122111 702982 432397 787716 853542 614036 604466 541603 539967 441413 687926 355790 614834 947148 419263 144368 304125 250088 850208 150510 456631 799354 823845 833571 890860 313995 968779 830051 431470 888279 594635 220969 671823 703900 401415 573869 472405 827655 709313 770601 585295 372642 112944 814161 711285 551353 554030 456738 348416 806580 662619 921247 975873 159133 82880 128077 239028 922105 1052265 818037 926812 794383
196090 412508 632921 811371 192345 136504 598947 412987 288216 302530 22787 472672 293331 42899 438612 775337 625356 520142 50324 21198 770943 328101 531283 246050 361213 502713 115834 546647 649812 179157 232812 332034 558999 249954 207840 492807 577012 999999999 565184 557823 581213 464508 508417 55716 248182 830702 692034 326041 171419 356847 585569 387111 157968 433496 380964 568986 415545 543696 283847 448423 248925 379209 337630 384805 528194 361615 363503 349247 569497 525866 133490 154838 709461 427619 721301 477067 192456 513695 830114 727847 621438 650237 201039 191712 598332 249387 281837 653893 217411 573067 771314 594122 505331 562349 592513 428564 693752 448742 515969 514959
639295 282635 549331 430851 727876 556571 442583 848981 821499 534432 573472 354442 427935 608072 164106 980419 800826 891417 534284 548010 968553 472947 364814 806308 221884 317744 621651 333049 95501 565459 482413 246306 845622 365775 667812 458685 122111 565184 999999999 597753 312743 702717 768716 609958 542270 426720 417940 363964 648881 278028 501485 948968 414417 159454 373121 128253 781956 262281 506665 718291 813817 770313 853504 233703 896886 770095 345850 845310 481904 327709 639811 706710 283618 478613 351840 745003 721651 676437 466995 260620 234683 706378 725413 580581 436896 498488 387845 697860 688184 834101 867953 44265 165778 244458 356347 864210 962710 739109 850488 702239
750503 709979 128701 468469 734182 672764 202408 468518 593070 795030 542224 243402 721716 576838 451799 388594 216612 423082 580419 539392 375639 779515 852664 654591 447626 282503 491178 281453 683905 712432 709068 450124 319511 383787 765107 139285 702982 557823 597753 999999999 321355 208950 253337 608334 313569 502386 321408 305752 459917 369453 129253 843464 550285 609731 753695 488178 361681 789685 765363 243847 691930 383899 579699 401144 424054 402977 293111 544483 138391 824528 491867 687325 476504 149952 422077 250175 738452 130532 460843 526628 809191 114019 748622 729206 207806 733088 679485 110027 775233 292344 273980 585516 691250 787629 881945 476178 397446 269878 363568 160952
732863 518876 243257 230730 772894 643003 134244 701176 750319 700810 577155 126167 601478 617651 223203 708866 537568 700255 576105 560059 695520 659212 642061 774134 273985 81598 577709 46667 384033 670755 623265 296608 620783 331877 756587 199199 432397 581213 312743 321355 999999999 484871 545790 636597 423596 252883 126465 258757 577489 233117 202764 951455 485965 389251 591747 186690 608303 554022 669098 511456 798087 612668 761336 224840 703566 622219 220664 738429 186705 607514 589320 735643 165824 257714 144218 530730 771755 431179 249187 210671 545192 416672 779344 688634 128239 646064 554272 405758 773304 599852 574208 287701 449518 542970 651118 713581 715664 536964 647299 461438
658998 736056 337195 666349 609499 597365 392383 262306 412324 748235 443922 372429 699238 468856 540358 319783 161177 219038 501676 451241 313023 751217 880564 489553 505887 421575 367126 438994 796544 640055 665537 495951 142954 389150 666582 286403 787716 464508 702717 208950 484871 999999999 66036 503954 230661 698909 517116 346690 320186 431931 326861 674014 516610 667151 755624 616886 154789 840673 722675 35716 531554 182713 387990 474331 221272 204947 357766 349154 328413 859097 360082 561087 649922 232877 608266 45870 616662 83948 662846 695428 881443 233570 627525 654325 396674 687691 665203 244163 671762 134150 313393 702510 754737 845659 923185 268757 266620 61001 162980 63509
699953 798244 381559 719161 640270 643514 446908 243732 418613 799190 486923 436165 755159 508259 606393 267337 135269 170792 548632 496888 262547 805716 942371 504075 571375 484920 404201 500405 862474 686367 717942 560911 77167 452181 705359 346632 853542 508417 768716 253337 545790 66036 999999999 543680 286334 752406 570479 412338 353131 497786 378167 682809 572671 732075 814838 681959 142009 904707 774693 61868 547765 179843 385701 540292 171181 204733 423796 344334 382104 921659 394504 592114 709958 297166 665162 31584 648391 122936 713388 756453 946707 249979 659339 699828 451559 739497 722720 262886 708935 70343 293395 768256 819774 910176 986195 246370 202828 61115 110505 92431
156438 437558 686637 866591 136643 121199 654345 424853 275602 291476 66367 528386 302313 35442 489249 808974 665128 539790 76210 76894 805386 328062 546626 216181 411603 558295 140164 602275 692003 159623 233849 382261 589322 305032 162666 547306 614036 55716 609958 608334 636597 503954 543680 999999999 296122 885631 747741 381751 194538 411022 639886 339147 196623 472199 395303 619856 440694 569109 278008 485203 210459 402118 330123 437623 547971 382273 419187 348245 624086 544863 153008 100776 763188 481071 776295 512764 136833 557915 885584 780464 650814 697869 145589 167891 653784 245922 299400 702128 169131 605934 814072 640632 539369 589560 610291 439757 722344 483078 541469 557135
443886 518575 403637 647372 420673 373766 395361 306849 327269 518543 230736 298122 469102 263749 380504 550254 386720 360402 278155 231529 543676 520600 660957 362382 323617 342879 180098 379590 637575 415766 435203 304958 351986 184039 455894 276166 604466 248182 542270 313569 423596 230661 286334 296122 999999999 673551 508405 186517 160461 266584 363172 548728 286490 470014 529355 489602 246687 632784 492449 224608 393675 229363 338657 310385 366972 227852 217816 318993 351050 642624 184099 374051 580683 201968 567027 255283 424884 267757 657252 614275 685464 402153 435067 431119 396528 457602 436418 406103 464540 356123 526186 554170 557410 641684 708561 321979 486747 234381 331588 272635
971731 695920 381563 35165 1021165 881740 306557 936752 1000817 916718 827853 375750 811836 868279 427294 857581 708980 917936 821971 809667 842928 865909 791478 1026921 497016 334369 830591 294437 448117 905531 846301 524192 821557 580754 996920 420804 541603 830702 426720 502386 252883 698909 752406 885631 673551 999999999 181959 511309 829484 475832 374453 1204142 723258 561634 780956 318946 837611 688430 885751 730057 1050943 847705 1008931 456411 919991 860049 473281 983724 370676 754405 842114 985507 145336 491902 109517 743848 1019308 630187 63611 169608 646448 561968 1026416 923080 302404 867473 765718 547793 1014672 794703 693526 384396 591791 668888 780501 947891 892621 756553 860657 661271
852307 643148 205413 149282 884379 762910 125101 758180 834105 826581 685767 219892 727799 726116 348556 687515 531509 736108 691412 670848 673173 785623 762434 868527 400225 192070 675544 147503 475017 792338 748213 422230 640020 446409 875109 243063 539967 692034 417940 321408 126465 517116 570479 747741 508405 181959 999999999 365995 667770 354884 192784 1050975 607469 511743 717599 289934 657511 670386 794841 548553 896117 669262 837860 350413 738105 682690 328652 810474 188759 727138 684948 844874 182494 316766 109194 561958 884156 448392 150476 235326 652612 389375 892273 810276 121320 771223 680591 375887 891114 613683 532299 385623 566411 657112 767227 768846 715008 575088 678711 479497
493415 407637 334815 489384 518386 406132 278642 490938 501932 501452 320114 146937 419782 360559 199907 648253 468861 527462 327597 304857 638330 478469 551976 517462 159389 178196 320292 221352 459356 440098 416501 152372 487969 87541 514297 191710 441413 326041 363964 305752 258757 346690 412338 381751 186517 511309 365995 999999999 325614 86554 281572 692834 260638 322440 447946 303118 418377 499556 470525 358047 539913 408847 520725 130536 532968 410894 38111 504060 262240 526168 333033 479173 403562 156298 402024 386242 518248 338235 505851 432812 535215 418468 526473 457930 277169 440676 375985 415681 529106 480613 572661 371430 409327 502173 587033 505569 612418 377321 487556 358676
350443 555447 560272 804463 289315 306441 555810 244224 177051 473946 148643 453918 458029 159457 497468 616073 479883 348814 219823 167790 613047 497304 685806 201942 427843 495969 55866 535061 741316 348372 402578 402575 395191 286141 353522 436458 687926 171419 648881 459917 577489 320186 353131 194538 160461 829484 667770 325614 999999999 391083 522173 389029 294426 544735 539166 619136 246396 682649 454915 297212 234507 208633 204672 430850 356888 190298 361799 200646 510804 675606 41801 240905 728866 361817 721658 322987 296606 384631 815801 758218 750803 533382 307499 359235 556939 420192 439352 540027 356152 412997 633529 668764 626608 697464 742999 260138 527818 292056 347186 378315
499837 341982 372815 458740 545749 409924 294587 573200 568006 476427 356223 157839 383547 396145 114432 728147 547885 613678 346140 336109 717679 442631 483473 572169 78688 164588 376153 208311 373513 437862 395418 82566 573785 109926 523817 239345 355790 356847 278028 369453 233117 431931 497786 411022 266584 475832 354884 86554 391083 999999999 318049 738498 252977 242909 394701 228105 503929 422357 444710 444262 589593 492891 592145 44333 619260 493652 78412 578852 297085 455075 391510 511508 352835 226208 367062 472186 543622 418191 480829 374080 452150 483472 550628 455770 291442 418912 337067 478815 540823 565491 641923 287660 328020 422701 513054 588150 696755 463790 574110 440436
767647 656063 54767 341021 773277 683043 74157 576379 675190 782482 574035 163954 696966 612365 373404 508913 343512 545240 597819 565263 495216 756083 793038 723516 389728 185958 541972 170044 581031 719040 697872 400217 447236 368809 786206 93073 614834 585569 501485 129253 202764 326861 378167 639886 363172 374453 192784 281572 522173 318049 999999999 911202 542082 541206 712727 382427 472510 718334 751343 359567 756458 488487 670795 338081 546909 504385 254645 639511 21200 761757 547178 729123 349800 161666 292963 370967 775511 255745 336028 400929 725271 214091 784884 736686 79883 722024 651581 203001 799163 421089 371754 482908 615719 712282 813851 585862 525852 386150 487085 286821
359126 755484 948750 1181745 233657 412296 943018 460125 264226 537653 383612 832848 597870 345111 825559 908376 818076 588401 414690 406346 910425 599021 839560 188938 748273 870343 375436 912179 1029756 424502 522865 719129 692006 628888 333627 824839 947148 387111 948968 843464 951455 674014 682809 339147 548728 1204142 1050975 692834 389029 738498 911202 999999999 534846 807962 694171 955731 542848 884034 542071 642523 155228 503176 304589 769752 595668 478153 730866 347159 899674 846704 366579 243523 1090637 750606 1094836 659247 243800 751262 1196320 1112168 971815 904075 244956 417688 943823 522579 611435 912808 315100 721727 976162 979752 869307 907540 906869 466424 797396 626742 623623 737215
248480 261749 594921 708661 315343 158486 535969 535567 440885 244753 172068 399298 182646 199938 306075 836393 668974 624607 120451 145266 829478 235603 392150 404002 229688 415938 247750 460267 495397 184906 158798 200920 636084 173274 273862 451141 419263 157968 414417 550285 485965 516610 572671 196623 286490 723258 607469 260638 294426 252977 542082 534846 999999999 276249 249071 435479 512152 390957 215212 510850 404961 482769 485750 266858 632134 470797 290965 490998 522870 381181 267801 292295 591046 403025 616119 541464 310196 543419 732473 601654 465218 656895 315097 202830 533845 182864 151718 656992 292094 642180 798441 446679 347482 407873 448576 551693 771717 518997 607308 553566
484528 134643 594585 559327 580945 405170 498767 767377 707987 375164 445554 378042 268528 475905 169947 970152 790196 830250 396057 418959 959935 314807 254123 679282 164455 359538 508276 391124 223891 410230 324016 171200 806252 286323 513332 474593 144368 433496 159454 609731 389251 667151 732075 472199 470014 561634 511743 322440 544735 242909 541206 807962 276249 999999999 220193 242770 716699 179968 347224 675187 681209 697540 747038 208604 836687 692517 321314 745309 520091 221185 527752 564441 416392 469040 471467 704530 573690 659998 592369 405108 215868 723498 576509 424624 494034 339420 228628 717889 533967 801299 883330 201318 87930 179968 273289 783294 933656 691953 797892 681071
337918 91333 767489 777303 460963 287011 684166 782569 667718 179792 401080 550876 96570 414921 369137 1074049 900905 873670 331377 376464 1066088 110686 151324 610279 325963 546038 488467 584261 413101 269673 171542 312596 881232 375416 365754 632042 304125 380964 373121 753695 591747 755624 814838 395303 529355 780956 717599 447946 539166 394701 712727 694171 249071 220193 999999999 462068 761056 195423 161118 753468 597796 731822 718528 378632 881186 719562 463844 729435 691726 152795 508141 462118 635947 604097 687838 784162 450427 771564 809306 625227 288086 866219 449357 277185 680297 172628 99905 863622 386161 884984 1018062 416913 222644 221966 215853 798627 1016084 763670 855420 785866
678846 377249 427517 316954 748659 590696 319235 793055 795973 603538 572319 249792 497278 610646 130630 875668 698478 818786 548024 549428 863113 549529 480868 796473 208309 205915 602271 212385 198672 608183 538489 237686 759058 335046 705955 351770 250088 568986 128253 488178 186690 616886 681959 619856 489602 318946 289934 303118 619136 228105 382427 955731 435479 242770 462068 999999999 714682 383622 573288 636967 810914 709133 820022 189297 823459 712771 274725 805742 363901 444463 618326 720221 173891 385237 231248 661258 744454 579725 350816 169590 362870 592509 749919 624949 313376 558139 452273 582927 725202 743673 752963 101162 281361 368584 479704 807388 868164 659965 772573 607617
