NAME : synthetic_000847
TYPE : CTSP-D
DIMENSION : 100
GROUPS : 8
RELAXATION_LEVEL : 1
EDGE_WEIGHT_TYPE : EXPLICIT
EDGE_WEIGHT_FORMAT : FULL_MATRIX
EDGE_WEIGHT_SECTION
999999999 650633 734991 15674 621492 583308 933917 1188723 685178 988723 1007645 312820 680794 773984 961958 1296015 358395 829985 476680 1289525 1344262 1119281 373302 1158543 361543 1150289 999174 641778 39804 1011666 539967 851004 865043 9287 794270 873378 1317197 218754 289329 394968 922193 1040497 285308 572200 80070 864411 744452 921658 643463 681842 703381 1286225 936341 1128494 637888 1015348 672246 848468 709147 731964 605304 765143 810370 917799 756095 634786 555821 886405 427069 928060 979278 991942 714292 828261 505776 810617 262552 988544 294753 553611 570642 693028 917381 532070 1160448 750291 962428 609612 1030853 909733 230983 1077868 1268182 748498 891793 699685 572706 371863 374929 675882
650633 999999999 828083 659794 654767 550076 329469 659844 349197 467492 704186 590345 45877 716786 525832 804620 381823 658293 242633 824405 859693 584287 320758 742533 557071 679088 818907 736582 622109 778571 113082 447646 216332 655665 540753 418083 826883 547635 614730 357141 317333 583737 395266 90691 589587 689148 116759 283156 163549 698800 524207 773025 293183 690096 71327 571724 134884 462589 90536 113162 127784 559395 578174 909703 754710 287976 422766 849884 547717 324068 330502 396844 64242 764333 666934 165284 388125 646410 421109 216029 174903 584178 267017 166535 599330 693585 503935 641039 599494 964881 421846 784799 825746 340594 595341 537313 624510 373202 491377 832658
734991 828083 999999999 749887 174092 278143 860862 885875 521956 762515 511034 427721 814659 180819 644556 906392 536049 313555 609918 867416 932535 851393 599411 719779 394918 782575 380630 102852 700849 439005 756048 577418 934212 728975 407482 640830 920256 534877 446394 532046 855767 703641 803523 827042 767458 321960 820785 928040 956552 133274 346495 929662 952705 728469 760763 675630 722153 557379 800341 939506 701052 357142 382489 194500 115457 556665 405332 189315 347324 1137621 1068560 874770 855991 191110 233077 957558 701355 545624 558470 612665 653382 271845 984930 865235 917512 185171 671724 188470 667917 175588 729047 536712 824187 580721 463405 329318 212328 533469 423319 82007
15674 659794 749887 999999999 637048 598970 945550 1202361 699456 1002110 1023047 328262 690593 789602 976328 1310298 372624 845626 489236 1304096 1358673 1132717 386096 1173422 377180 1164629 1014848 656951 55239 1027293 549640 865391 874653 21036 809592 887292 1331515 234421 304485 409076 933786 1054816 289770 580412 80841 880063 754813 932072 649169 697351 718846 1300214 946500 1143139 648370 1029755 683749 863009 719534 739612 616700 780622 825820 933035 771554 648547 570994 901833 442735 934253 987832 1003945 723602 843849 520975 819015 272061 1003719 309029 566321 582714 708676 926701 538586 1173490 765926 976561 625195 1045410 924520 238941 1093372 1282952 762403 907076 715207 588290 386060 390516 690343
621492 654767 174092 637048 999999999 104843 710487 785209 362522 635971 457821 309531 642649 154873 533796 832706 372384 248807 436351 803316 867194 739853 432109 655198 261214 696292 390401 85937 583980 421748 582035 448221 769533 616979 292953 507126 849500 406778 337435 364039 704184 603039 647123 653024 640122 275094 652257 769655 782555 62144 207273 846385 793960 650156 588125 574003 552258 430930 630233 766620 528165 242066 281490 308705 137824 388949 232163 268007 200132 966948 905325 732159 684436 207197 135642 787669 545433 471110 403513 439027 479913 139624 821752 692416 802802 133882 555396 15039 573193 330945 577291 507673 766353 427997 374384 190985 49688 368124 270636 186608
583308 550076 278143 598970 104843 999999999 616807 723510 266252 559208 439556 285546 537828 207887 470856 787854 290126 247391 335683 765197 827112 671626 342978 620404 227254 645918 416817 188917 544103 429455 479482 374278 667344 580175 242522 427877 806247 364562 318994 275176 609779 545253 568406 550381 589590 281279 548459 670842 679936 152642 144878 795097 694867 606343 483287 516357 448018 359875 525859 661816 423348 199011 244712 390801 220059 286181 127356 340785 160117 862316 803638 643314 579672 264522 174425 683289 468809 437250 331911 334524 375287 110500 720223 592741 731569 181829 487728 91652 520462 426474 504627 502213 733054 335860 336711 133572 85287 283450 210884 288478
933917 329469 860862 945550 710487 616807 999999999 345223 350681 189529 533985 783870 284943 700359 308936 498886 600659 592160 461048 530397 554013 272422 564516 486794 733015 396402 700522 795560 899884 636509 413468 303049 173883 937145 468998 239719 520369 780970 816056 565118 12264 329976 710251 419206 885002 609889 212824 103012 463007 729748 514368 459171 123296 427826 307374 332255 261926 325139 243293 338663 329175 512621 503777 870728 757792 349386 511602 808383 695026 399289 252124 67814 275283 729479 781077 267290 678772 464838 658577 387972 364431 589048 186190 495953 274124 685253 274933 701199 362179 948822 719027 602462 543851 282499 466276 531553 702086 587922 669296 895782
1188723 659844 885875 1202361 785209 723510 345223 999999999 509870 203066 403186 969379 613970 705163 252790 156384 831839 572743 719020 199356 210474 75616 818660 232442 910402 123402 588742 857268 1150912 510767 722139 354411 516354 1189951 492328 317473 176854 1000705 1004579 794793 355659 183054 1008440 744851 1154662 569749 545366 436861 805094 776411 582302 114131 448659 185677 620193 211808 557748 365405 569444 683322 619743 543624 508262 818514 770521 554060 667455 763848 854483 723078 555581 281043 613358 707936 897102 611738 955518 348262 895291 641889 635907 645594 514931 824107 90377 702122 237666 782082 218097 910242 998935 431102 229149 441398 422504 596993 798987 818269 858196 946110
685178 349197 521956 699456 362522 266252 350681 509870 999999999 319490 379725 463724 321104 381354 277076 610843 326837 309421 243809 606192 659469 445558 327509 483031 406615 465225 471547 448314 646427 437549 327421 166406 413273 685612 192627 192569 632070 490982 498449 290615 343539 355381 548931 387586 659578 339953 308117 407407 506416 388770 184304 602264 431848 446768 278067 330682 219871 166701 294824 448374 229599 210981 229458 570072 429358 70720 167551 508569 357662 627465 546714 380443 356708 423430 431817 446812 474179 335709 390436 181555 203862 254309 463124 455083 496652 360999 277766 352331 347952 634543 518120 460767 588554 74436 260935 199896 351537 313426 350294 548991
988723 467492 762515 1002110 635971 559208 189529 203066 319490 999999999 360913 783203 421904 587766 136109 337853 633669 463770 516659 357591 392649 130736 617188 297856 725817 214748 539538 715599 951358 469089 521670 187824 359419 990256 355036 131712 360191 806227 817938 596512 195633 140674 805617 548940 952745 472958 357482 292522 620698 639855 428751 311007 311972 239361 421977 145839 357255 206172 377202 506768 417708 405647 382226 736441 650818 355800 484300 675982 674493 588747 438363 151035 427553 605192 733219 447359 752716 291650 696718 439351 432844 500091 375715 628437 177165 578255 101320 630071 175024 821848 796049 422314 363314 246945 319276 445284 640652 620111 669667 811487
1007645 704186 511034 1023047 457821 439556 533985 403186 379725 360913 999999999 723989 666447 335230 226812 396701 666839 210098 619093 356403 421516 392897 688491 209005 664483 285599 187096 509381 967847 110858 703863 259387 681631 1005824 214667 306388 409696 792311 758026 636007 535989 241334 920044 758743 999665 191118 626256 632676 867455 427143 304883 424828 655491 225579 637360 222060 569477 242309 628554 783624 599882 243795 197863 417111 398027 450364 454775 365386 598157 917406 785360 510128 691322 321787 590125 751424 835908 69528 725575 561242 581969 332572 712611 830707 459776 341293 261920 460695 199388 509836 878560 81400 314114 364696 121232 310482 489335 655064 634640 582315
312820 590345 427721 328262 309531 285546 783870 969379 463724 783203 723989 999999999 600729 463345 723381 1053472 208745 531547 351187 1037041 1096667 908080 274235 896314 60454 908235 693495 330906 276291 713289 483974 615694 773274 307938 518868 654698 1073171 108560 35376 234564 773907 801632 404875 545902 339762 564205 642969 805524 661739 369274 421801 1053637 826016 875754 545124 773879 546527 607150 610496 698455 491452 480965 527117 605903 443297 438601 302009 573586 125837 911729 906373 828495 642953 516700 195189 752612 308290 716412 184072 406762 441730 395600 829417 549689 960368 440460 732490 298242 783402 603307 323685 787758 1008699 537041 616190 414143 261478 217172 115113 377333
680794 45877 814659 690593 642649 537828 284943 613970 321104 421904 666447 600729 999999999 695593 483083 758864 393991 630363 249635 779018 813960 538411 337436 698850 563620 633934 786986 725990 650811 743979 141038 408413 184544 685412 510276 375933 781119 565694 626922 366180 272751 539511 433226 134263 622545 660146 72235 244630 204616 683720 500663 727151 256850 645889 57040 528132 101547 424248 44735 127760 116687 532085 548104 887503 736495 264777 410751 826903 548813 325915 308552 352048 43267 741367 664087 153036 418551 607238 438379 209041 168069 563775 238330 211724 553795 673142 460332 629378 556198 945965 454414 746607 780874 305149 560061 514583 615238 384216 497216 823641
773984 716786 180819 789602 154873 207887 700359 705163 381354 587766 335230 463345 695593 999999999 465869 727855 497956 132761 528818 690962 755975 671918 548902 542559 412519 602053 237683 178952 735944 278058 663749 406403 792039 769782 234693 471094 742363 557284 492002 481710 696509 523161 776248 733100 788652 144154 689218 775815 861109 102487 197053 749660 800690 548663 646201 495317 596845 385388 673967 823223 589568 187877 205563 193497 65374 430823 312208 136605 348258 1008694 922290 707728 734070 56690 287421 827910 676667 365586 538811 510270 547832 132852 839391 784254 738441 26147 494236 165198 487151 253396 712124 370997 649343 428461 282814 181833 201870 491027 412290 247392
961958 525832 644556 976328 533796 470856 308936 252790 277076 136109 226812 723381 483083 465869 999999999 334363 603783 337043 511086 329814 382404 207487 602383 219342 663619 188382 403438 608131 923049 333548 553868 110975 465032 962228 241937 108569 355335 763435 758740 567676 311870 78935 814325 595677 936325 342327 430316 409585 687668 528677 329635 330307 431602 173665 467361 53750 397785 116320 440639 587784 445473 293642 262276 604271 530455 334810 422019 544770 605383 700205 561020 283464 499591 477701 644317 542972 747021 157285 667311 438460 444767 394417 491141 673395 272991 459400 35214 530135 75708 691486 791077 293547 316035 221663 187884 344531 546320 590412 614997 699876
1296015 804620 906392 1310298 832706 787854 498886 156384 610843 337853 396701 1053472 758864 727855 334363 999999999 937675 596960 838049 61529 55341 226467 933205 188259 993244 146106 564842 895278 1257207 488571 858161 445298 671352 1296392 546013 426766 22356 1097413 1088833 901345 508830 255581 1136100 886787 1268617 584540 692468 592625 954508 812548 642991 57279 604872 182602 759697 281522 694162 449612 714130 835243 752501 593608 551559 806879 792118 665020 754064 759304 932506 879388 711430 436225 761686 718316 955965 766090 1075399 363771 1001278 762648 762322 695622 671203 966285 243169 730446 334641 832325 270069 900331 1119336 393964 110678 550447 458324 655191 854843 924251 947379 975024
358395 381823 536049 372624 372384 290126 600659 831839 326837 633669 666839 208745 393991 497956 603783 937675 999999999 513891 146531 932091 986174 763661 69570 803866 182227 792038 692053 433543 319827 688610 275449 492890 570676 358997 452401 515488 958904 180377 233156 37162 589762 682210 278292 338916 335950 549973 440745 609633 458961 432302 371783 928036 628636 771574 339418 657273 349136 491043 407089 489742 289000 432634 474806 677885 505605 278035 213905 630303 196038 703035 701504 652394 435659 554531 324294 544892 179659 639863 63665 212992 242172 384658 626617 351033 807846 471858 604056 357440 673422 702618 218121 742058 912205 390729 547168 372844 326332 13572 123066 512542
829985 658293 313555 845626 248807 247391 592160 572743 309421 463770 210098 531547 630363 132761 337043 596960 513891 999999999 506885 562194 626949 541353 551432 413455 474247 469425 178892 300099 790595 182068 624621 290472 701746 827070 126033 355418 612066 611403 564052 489385 589748 391232 786051 689945 832503 36135 611845 675481 813058 217509 147724 617417 700236 416712 587020 363715 528926 268541 602237 757282 535775 99145 88947 278571 198098 372038 303468 216300 407045 927967 826137 592067 664974 141423 382871 749266 692221 233627 565505 469824 501985 137042 744992 750773 608320 133493 367090 252795 354658 359345 731930 260071 522392 338018 151067 142486 283673 504159 455668 378408
476680 242633 609918 489236 436351 335683 461048 719020 243809 516659 619093 351187 249635 528818 511086 838049 146531 506885 999999999 840162 889378 647323 103855 724137 314822 695287 683568 512400 441092 663629 148550 404137 424204 479166 414837 411354 859965 324617 378023 116637 449716 586422 305354 218967 436288 542117 294216 464050 347709 488321 359459 821800 482618 684214 193964 564582 204106 408152 260661 354302 142498 412009 445855 720442 553607 177385 216649 665422 306415 566638 555703 516512 292115 582445 428955 402025 237427 578896 198916 77491 97367 399320 480187 257179 685210 503340 504362 421680 585167 761950 281306 699073 826689 289492 498237 367138 399201 135695 248851 603702
1289525 824405 867416 1304096 803316 765197 530397 199356 606192 357591 356403 1037041 779018 690962 329814 61529 932091 562194 840162 999999999 65121 261107 932196 148746 976611 146999 516119 862087 1250337 441388 870772 439809 704144 1289463 522697 430254 61171 1086485 1072291 896365 539556 253826 1141793 903740 1265765 546875 715056 627677 978221 779344 620649 117265 641638 161765 775483 276073 708231 441106 734394 862402 763600 567996 524265 759311 754292 664505 740987 713961 914211 918793 753144 470880 785052 677654 929873 797235 1076626 332209 995389 766354 769338 668538 708127 983084 289392 695371 336548 803934 258695 852706 1120676 344554 51028 550752 430570 631712 828342 918828 933827 938317
1344262 859693 932535 1358673 867194 827112 554013 210474 659469 392649 421516 1096667 813960 755975 382404 55341 986174 626949 889378 65121 999999999 281600 983505 213539 1036299 194537 579965 926712 1305277 505763 912231 493290 726256 1344447 584623 478067 33680 1143540 1131979 950078 564017 304325 1188638 941566 1318350 611914 747722 647226 1009830 843951 682344 102488 659126 221200 814272 328918 748426 496278 769225 890558 806216 630715 587430 823347 819370 715310 798912 778564 974567 932763 764149 491028 816984 742762 992949 821154 1126544 396164 1049679 814434 815060 731766 725371 1021061 295326 760210 385145 867574 314659 916684 1170534 408437 112078 600894 493744 693808 891493 972810 992102 1003346
1119281 584287 851393 1132717 739853 671626 272422 75616 445558 130736 392897 908080 538411 671918 207487 226467 763661 541353 647323 261107 281600 999999999 747920 256052 849828 146499 579923 815315 1081816 503432 646942 297931 445086 1120750 449166 253417 247969 934921 943079 726525 282431 153884 934322 669238 1083463 542889 469999 367174 730298 736129 533939 189036 380615 199704 544711 178946 482644 311779 493865 609435 545131 500898 469552 799647 736847 485634 607078 742379 796032 657774 493201 210384 538234 680340 845989 539631 883114 330520 826861 569970 562570 600918 447104 748492 67694 666348 184628 735574 195010 889508 926349 434210 281872 374832 390405 549481 749923 750094 795564 907364
373302 320758 599411 386096 432109 342978 564516 818660 327509 617188 688491 274235 337436 548902 602383 933205 69570 551432 103855 932196 983505 747920 999999999 810418 251452 788988 730323 497519 337380 720263 211012 492939 518460 375600 476679 506898 954891 228273 295755 68172 553100 679379 234939 271672 336208 587518 390140 563619 389867 490387 405257 919389 581162 773861 285364 656129 305612 494210 355447 425781 241061 463777 503052 733571 561953 268217 248019 683501 264223 638703 645988 620357 377689 604953 392511 485489 147927 655173 100944 180326 200158 428661 573837 281463 787506 522769 598598 417073 674843 763053 191408 766249 915905 382760 567427 408958 387923 67533 192465 579339
1158543 742533 719779 1173422 655198 620404 486794 232442 483031 297856 209005 896314 698850 542559 219342 188259 803866 413455 724137 148746 213539 256052 810418 999999999 835877 111532 378523 713346 1119015 301414 773183 320193 657137 1157950 378616 327705 200697 951039 931377 769206 493365 161248 1029064 814488 1139535 398593 641955 589498 902843 630609 476673 221821 607865 59502 685920 170823 616528 316491 655468 797082 664783 422044 377545 619363 606178 546754 604961 571129 772241 885991 731033 439565 712124 530789 782845 743422 957188 184474 866376 653955 662731 521473 672650 892487 311904 546675 238599 656130 143873 712771 1001144 209716 112675 437055 284117 486857 681259 790908 796194 789950
361543 557071 394918 377180 261214 227254 733015 910402 406615 725817 664483 60454 563620 412519 663619 993244 182227 474247 314822 976611 1036299 849828 251452 835877 999999999 848106 639070 294243 323428 656251 455061 556384 731239 357520 458565 596604 1012892 145589 95687 200474 723373 741741 415514 520369 379427 507479 601278 759342 641183 322568 361676 993796 780510 815353 507131 713899 502639 547468 569909 667553 451148 421158 467309 564682 397822 385330 242982 528466 67203 880605 865901 775576 606461 467124 163537 716470 314717 656138 176647 363135 400257 337685 787339 532483 902940 388747 673242 248751 723178 569645 337481 729129 948252 480423 555988 354319 211884 187503 66621 353915
1150289 679088 782575 1164629 696292 645918 396402 123402 465225 214748 285599 908235 633934 602053 188382 146106 792038 469425 695287 146999 194537 146499 788988 111532 848106 999999999 468714 762944 1111409 390557 723794 299356 569834 1150590 405778 284310 166953 951314 943608 755828 404446 109866 995743 757396 1123834 462004 571398 497184 834636 680696 501393 150104 513576 62551 628958 135416 561442 303516 589449 721507 616603 454972 414995 702671 667236 520812 608251 649985 788005 792554 632486 342589 641663 599321 816083 660398 932287 237549 855601 620778 622804 557642 579552 836654 200376 601812 190929 694906 125608 795235 976299 308174 148628 406461 323689 514360 715602 778643 801550 847159
999174 818907 380630 1014848 390401 416817 700522 588742 471547 539538 187096 693495 786986 237683 403438 564842 692053 178892 683568 516119 579965 579923 730323 378523 639070 468714 999999999 412461 960235 78161 795322 403838 833483 995694 278922 462604 574400 780544 723999 668119 700793 427675 964929 858300 1006128 142811 759181 794279 977866 340074 325940 600156 818185 406949 748389 406837 685811 382721 754560 911359 701102 271682 242691 243510 283798 538820 482357 203487 572520 1066596 947621 684881 818114 196637 524709 892640 870781 251527 742341 642005 671603 309855 870535 922517 646867 256567 438415 398988 385794 336747 910172 171568 468044 483749 236941 321368 434460 682560 627615 460531
641778 736582 102852 656951 85937 188917 795560 857268 448314 715599 509381 330906 725990 178952 608131 895278 433543 300099 512400 862087 926712 815315 497519 713346 294243 762944 412461 999999999 606415 456977 659774 527849 855273 636228 366200 588278 911028 436440 352465 430492 789420 674312 700782 730707 670182 319390 737323 855541 859943 82776 287658 912559 879864 713592 670935 645468 636932 509639 714740 848955 610771 314490 349326 276351 130074 474456 315278 251529 244650 1050962 991165 815899 768084 216462 136045 872159 598605 531567 455697 520557 561714 215575 907609 766089 879419 168397 631656 97513 642211 275594 626670 549568 822475 513082 439257 270772 113228 431237 320529 100694
39804 622109 700849 55239 583980 544103 899884 1150912 646427 951358 967847 276291 650811 735944 923049 1257207 319827 790595 441092 1250337 1305277 1081816 337380 1119015 323428 1111409 960235 606415 999999999 972201 510470 812079 835312 39186 754467 835157 1278341 179691 254488 356573 888244 1001653 269685 545971 83638 825099 713181 890156 622978 644638 663612 1247849 905376 1089221 606459 976383 638621 809336 677850 706774 571962 725385 770592 882036 719180 596864 516073 849644 388500 906027 951802 957153 685357 790467 470375 783627 234587 948790 256162 517648 535935 653681 888247 509925 1123666 712083 923859 571902 991692 875979 207261 1038133 1228764 710311 851997 659970 534994 333337 335341 643577
1011666 778571 439005 1027293 421748 429455 636509 510767 437549 469089 110858 713289 743979 278058 333548 488571 688610 182068 663629 441388 505763 503432 720263 301414 656251 390557 78161 456977 972201 999999999 764826 347406 776719 1008857 249229 402087 498830 793220 745501 661566 637612 352192 955016 824679 1012460 149234 710647 732851 940028 378905 316843 522721 756284 328796 709272 332591 644033 327500 709022 865694 665851 256665 218153 318339 333435 507277 475128 273108 589056 1011551 886151 616733 772523 248664 557381 840891 864590 178061 742853 614858 641006 319048 811017 892508 570082 291687 368752 428037 310246 411796 905560 98824 394305 438831 184260 316415 461273 678075 636994 516126
539967 113082 756048 549640 582035 479482 413468 722139 327421 521670 703863 483974 141038 663749 553868 858161 275449 624621 148550 870772 912231 646942 211012 773183 455061 723794 795322 659774 510470 764826 999999999 460064 325077 544699 517666 445892 880509 435874 506628 254845 401230 620872 296882 70996 481623 658147 208072 384580 200527 631714 481320 832514 397668 725460 106133 604288 164482 470607 173547 214787 108401 526106 552793 856996 693964 257601 355421 799756 453129 427871 443441 478119 175103 715172 577090 278059 277579 653335 310165 155237 123931 531572 377782 127682 671393 639033 538057 567578 629506 903751 313493 785256 865817 343447 587373 491873 546557 268209 390930 751987
851004 447646 577418 865391 448221 374278 303049 354411 166406 187824 259387 615694 408413 406403 110975 445298 492890 290472 404137 439809 493290 297931 492939 320193 556384 299356 403838 527849 812079 347406 460064 999999999 430011 851258 171710 65080 466307 652972 650982 456872 301560 189741 708883 508528 825957 306898 366907 391869 611194 452751 240963 439566 416163 280952 383197 164383 314015 22093 369579 524254 352490 220454 203431 568761 467707 226852 313713 506682 500080 664281 544837 302183 432096 430005 548700 494019 638550 198851 556389 333910 344672 312433 466833 583831 357314 394700 116879 442524 181905 649225 682589 338617 423177 117830 166909 257462 454184 479539 505893 624172
865043 216332 934212 874653 769533 667344 173883 516354 413273 359419 681631 773274 184544 792039 465032 671352 570676 701746 424204 704144 726256 445086 518460 657137 731239 569834 833483 855273 835312 776719 325077 430011 999999999 869760 575743 375563 692576 746332 801501 539995 165395 497715 610932 303432 805528 725450 130310 82728 309969 800946 595997 629591 82420 598780 233133 496282 229441 450832 163609 179988 282112 610702 613369 975671 842348 381186 545985 913254 707713 235841 137004 235313 152097 829849 813280 96740 602604 614506 619051 368144 331592 667476 56149 369731 439532 772946 433598 757851 526389 1045338 637556 755473 717593 365179 596636 612210 750361 559866 664691 955556
9287 655665 728975 21036 616979 580175 937145 1189951 685612 990256 1005824 307938 685412 769782 962228 1296392 358997 827070 479166 1289463 1344447 1120750 375600 1157950 357520 1150590 995694 636228 39186 1008857 544699 851258 869760 999999999 792700 874287 1317523 215670 283774 395721 925454 1040837 292743 577802 88875 861380 748675 925823 650282 677141 701368 1287008 940683 1128318 642044 1015557 675615 848482 713357 737843 608774 763076 808406 912369 751226 635921 554668 881439 423352 934630 984630 994848 719220 823887 500284 816076 267543 987339 295332 555923 573548 690066 922276 538548 1162345 746211 963038 605224 1030827 903563 236914 1075686 1267784 749433 890322 697455 568328 372503 372450 669316
794270 540753 407482 809592 292953 242522 468998 492328 192627 355036 214667 518868 510276 234693 241937 546013 452401 126033 414837 522697 584623 449166 476679 378616 458565 405778 278922 366200 754467 249229 517666 171710 575743 792700 999999999 236459 564099 580539 553713 422129 466009 310108 710167 579663 785042 151299 487936 550134 699002 287217 98084 555704 574936 364048 469950 281062 408767 150789 480030 636130 422186 51732 38188 402936 296356 260372 240142 340388 394068 802700 700334 473344 543248 260481 410379 624634 623294 197595 510909 366100 393747 153336 619026 645205 513675 223496 266110 290317 281275 479851 665501 290056 491279 212739 97994 109238 309842 440767 423357 458817
873378 418083 640830 887292 507126 427877 239719 317473 192569 131712 306388 654698 375933 471094 108569 426766 515488 355418 411354 430254 478067 253417 506898 327705 596604 284310 462604 588278 835157 402087 445892 65080 375563 874287 236459 999999999 448637 683235 689675 478605 238975 176820 711566 487111 842839 371123 326259 331693 580522 514726 300631 413041 355586 279785 358844 158470 289238 86883 334219 484376 337566 284453 268510 633540 531963 239181 354152 571544 543854 611185 485062 237117 394472 495084 601689 445956 648648 240437 579098 336482 339409 373607 408961 564853 307352 458913 93731 500601 183842 714289 692600 382028 421088 124890 226898 317516 509919 501939 542184 685639
1317197 826883 920256 1331515 849500 806247 520369 176854 632070 360191 409696 1073171 781119 742363 355335 22356 958904 612066 859965 61171 33680 247969 954891 200697 1012892 166953 574400 911028 1278341 498830 880509 466307 692576 1317523 564099 448637 999999999 1117994 1108521 922634 530396 276701 1158262 909120 1290180 598692 714624 613559 976560 828261 661370 71115 625513 200107 782048 302261 716517 470236 736386 857048 774821 611209 568711 817120 806341 686684 774225 770571 951835 899382 730973 457348 783787 731483 973639 787491 1097285 379502 1022486 784657 784509 712939 691777 988617 262257 745545 356293 849381 289904 910570 1141235 403022 112199 572136 475249 673329 872382 945495 967532 989692
218754 547635 534877 234421 406778 364562 780970 1000705 490982 806227 792311 108560 565694 557284 763435 1097413 180377 611403 324617 1086485 1143540 934921 228273 951039 145589 951314 780544 436440 179691 793220 435874 652972 746332 215670 580539 683235 1117994 999999999 102307 215988 770108 842370 305183 489867 234248 645722 617350 788666 595181 468151 487453 1092229 807109 924758 513406 815903 528525 647801 582975 649084 466590 548898 594537 709373 543350 451327 346112 673999 209205 860243 874241 832052 605712 612273 301820 712815 215405 776764 127366 393362 421517 474397 801871 480032 982081 533131 767831 394195 828894 710399 222960 860998 1062127 560097 678481 482842 357371 193049 157700 485878
289329 614730 446394 304485 337435 318994 816056 1004579 498449 817938 758026 35376 626922 492002 758740 1088833 233156 564052 378023 1072291 1131979 943079 295755 931377 95687 943608 723999 352465 254488 745501 506628 650982 801501 283774 553713 689675 1108521 102307 999999999 261604 805960 837002 406733 566620 323081 596304 671217 835634 679502 395961 456464 1089002 855800 911041 571871 809254 575942 642500 638293 721408 519407 515318 561457 628607 468965 472032 337278 598643 160047 934439 933721 861524 668758 544498 216513 778048 313920 751203 200553 436437 470361 428643 857604 566115 995098 469690 767761 326836 818764 621643 324649 821084 1043799 571580 650902 448535 290393 242712 148859 391202
394968 357141 532046 409076 364039 275176 565118 794793 290615 596512 636007 234564 366180 481710 567676 901345 37162 489385 116637 896365 950078 726525 68172 769206 200474 755828 668119 430492 356573 661566 254845 456872 539995 395721 422129 478605 922634 215988 261604 999999999 554331 645973 297492 321367 370339 525520 409758 576519 445203 422216 345005 891293 595976 736120 310598 621237 316035 455489 376698 467130 257884 404988 446062 665572 493854 240911 186609 615881 202307 680267 672184 616157 408494 537935 329778 518276 203141 607113 100518 178247 209511 363532 596074 341444 770700 455565 567486 349001 637768 694978 244098 712157 877061 353795 515738 347327 320214 23630 136147 514167
922193 317333 855767 933786 704184 609779 12264 355659 343539 195633 535989 773907 272751 696509 311870 508830 589762 589748 449716 539556 564017 282431 553100 493365 723373 404446 700793 789420 888244 637612 401230 301560 165395 925454 466009 238975 530396 770108 805960 554331 999999999 335613 698025 407014 873054 608107 200658 98070 451660 724330 509308 469694 119742 434590 295143 336925 250089 323617 231042 327840 317303 508947 501166 868253 753437 340367 503358 805838 686008 393273 249417 79709 263439 726427 773206 257742 666803 467038 647449 376958 352971 583922 180804 483835 285546 681047 278265 694721 366943 945665 706993 605381 552230 276383 465835 526463 695067 577070 659450 889757
1040497 583737 703641 1054816 603039 545253 329976 183054 355381 140674 241334 801632 539511 523161 78935 255581 682210 391232 586422 253826 304325 153884 679379 161248 741741 109866 427675 674312 1001653 352192 620872 189741 497715 1040837 310108 176820 276701 842370 837002 645973 335613 999999999 888085 658315 1014027 390577 481215 432984 742892 593364 402184 252087 452635 106378 529522 29069 460788 195006 495730 635901 512898 361113 325214 645843 588444 411294 500601 588866 682856 728884 578805 289316 551490 528531 717653 582655 823124 177005 745787 512539 516226 463439 516133 737028 221554 519448 83183 600340 41946 735954 867160 291183 244949 297165 240360 416280 618468 668807 693705 763120
285308 395266 803523 289770 647123 568406 710251 1008440 548931 805617 920044 404875 433226 776248 814325 1136100 278292 786051 305354 1141793 1188638 934322 234939 1029064 415514 995743 964929 700782 269685 955016 296882 708883 610932 292743 710167 711566 1158262 305183 406733 297492 698025 888085 999999999 307882 210506 822164 503456 677600 360649 708142 640174 1115658 688413 987900 402887 867448 455017 713427 469679 459645 389911 698649 737485 954686 782384 482549 482591 908238 456209 646550 712691 774418 459173 832819 577716 543981 102183 882978 245114 375865 373863 660928 659157 253844 963733 750149 805247 632393 889071 974509 82248 998784 1130346 592868 798812 643640 599364 285597 380285 768945
572200 90691 827042 580412 653024 550381 419206 744851 387586 548940 758743 545902 134263 733100 595677 886787 338916 689945 218967 903740 941566 669238 271672 814488 520369 757396 858300 730707 545971 824679 70996 508528 303432 577802 579663 487111 909120 489867 566620 321367 407014 658315 307882 999999999 507540 722871 206436 373189 129562 702523 548364 857294 382239 764194 128793 644054 197960 521032 177051 161790 159161 591016 615623 926498 764318 319487 425950 868814 521651 370440 407730 486271 152657 783970 646564 238714 311545 705154 367234 223110 188060 600629 351305 79498 687112 708574 576702 638572 670673 974259 341472 840058 902346 394760 644674 559497 617484 332872 457397 822647
80070 589587 767458 80841 640122 589590 885002 1154662 659578 952745 999665 339762 622545 788652 936325 1268617 335950 832503 436288 1265765 1318350 1083463 336208 1139535 379427 1123834 1006128 670182 83638 1012460 481623 825957 805528 88875 785042 842839 1290180 234248 323081 370339 873054 1014027 210506 507540 999999999 867811 688798 865904 570913 701795 698623 1255547 879291 1106052 583193 990035 623270 825431 653724 664969 555962 760458 804515 943620 777187 603775 544901 907808 440788 856556 915250 945292 653733 844261 534857 746189 206324 975285 274655 513763 525931 696814 856520 461853 1121158 763951 933998 627186 1007443 943036 168134 1072841 1247271 718359 881216 696872 590529 348739 378733 714282
864411 689148 321960 880063 275094 281279 609889 569749 339953 472958 191118 564205 660146 144154 342327 584540 549973 36135 542117 546875 611914 542889 587518 398593 507479 462004 142811 319390 825099 149234 658147 306898 725450 861380 151299 371123 598692 645722 596304 525520 608107 390577 822164 722871 867811 999999999 639215 696006 845126 237964 183399 608026 720632 406765 617988 364084 558606 284806 630864 786579 567745 132044 113117 263833 207649 404154 339576 203024 440323 953698 847666 606131 693915 138193 410327 775898 728349 224478 601374 503667 535115 171458 767308 784644 610345 150994 374063 280387 352183 349260 768028 232757 505216 363930 154464 178560 312774 540271 490493 391444
744452 116759 820785 754813 652257 548459 212824 545366 308117 357482 626256 642969 72235 689218 430316 692468 440745 611845 294216 715056 747722 469999 390140 641955 601278 571398 759181 737323 713181 710647 208072 366907 130310 748675 487936 326259 714624 617350 671217 409758 200658 481215 503456 206436 688798 639215 999999999 177277 263263 688065 492223 659011 192330 587284 106748 472222 101934 384885 35331 158153 151893 515915 526124 878051 735058 264121 424062 816357 579290 319494 264917 280102 70381 731403 687783 138705 483395 563831 490277 238430 201332 560188 186449 283293 482956 668307 404806 639857 501157 942071 520832 704885 719345 276072 526541 507446 629662 429790 534692 836809
921658 283156 928040 932072 769655 670842 103012 436861 407407 292522 632676 805524 244630 775815 409585 592625 609633 675481 464050 627677 647226 367174 563619 589498 759342 497184 794279 855541 890156 732851 384580 391869 82728 925823 550134 331693 613559 788666 835634 576519 98070 432984 677600 373189 865904 696006 177277 999999999 391232 795245 583566 549418 24879 530402 283780 434902 260537 413659 212538 261739 322619 589964 586538 953026 830066 389057 555836 890461 729173 296496 153386 156835 220731 809189 826476 179343 660657 564007 662500 399259 367462 657279 83203 443905 358063 758699 376197 759066 464890 1027464 697857 702958 643622 348317 558067 600423 755568 597881 693531 956235
643463 163549 956552 649169 782555 679936 463007 805094 506416 620698 867455 661739 204616 861109 687668 954508 458961 813058 347709 978221 1009830 730298 389867 902843 641183 834636 977866 859943 622978 940028 200527 611194 309969 650282 699002 580522 976560 595181 679502 445203 451660 742892 360649 129562 570913 845126 263263 391232 999999999 832031 673939 919158 392123 849210 230842 732288 297979 626074 247394 130128 277381 713916 735829 1054596 893418 441047 555283 996395 647067 286047 374554 530413 193172 911288 773213 218901 396332 809955 478984 350869 313776 728404 342644 115803 737130 836813 664518 768085 760555 1103491 416105 948179 982462 503309 757496 685713 746716 454410 580173 951265
681842 698800 133274 697351 62144 152642 729748 776411 388770 639855 427143 369274 683720 102487 528677 812548 432302 217509 488321 779344 843951 736129 490387 630609 322568 680696 340074 82776 644638 378905 631714 452751 800946 677141 287217 514726 828261 468151 395961 422216 724330 593364 708142 702523 701795 237964 688065 795245 832031 999999999 216108 830169 819866 630956 630552 564634 589994 433702 668198 809401 571273 235562 268150 246911 75690 423995 277282 206065 262205 1005544 935308 746076 724636 149677 186262 825211 606649 448815 465081 484563 524743 141613 851674 745340 800881 87527 553310 76220 560592 274199 638973 469539 739895 448574 357042 198887 111766 427483 332652 171754
703381 524207 346495 718846 207273 144878 514368 582302 184304 428751 304883 421801 500663 197053 329635 642991 371783 147724 359459 620649 682344 533939 405257 476673 361676 501393 325940 287658 663612 316843 481320 240963 595997 701368 98084 300631 661370 487453 456464 345005 509308 402184 640174 548364 698623 183399 492223 583566 673939 216108 999999999 650854 608365 461489 453076 373167 400921 223760 477543 628423 398405 61895 107091 387015 246848 236407 158410 326241 296563 811673 727601 530030 538276 240708 315487 630925 548139 294878 426812 326083 360541 74720 644340 606211 596117 176999 349311 201956 376106 450276 588828 374762 589342 235285 194453 17227 216690 361240 329767 385581
1286225 773025 929662 1300214 846385 795097 459171 114131 602264 311007 424828 1053637 727151 749660 330307 57279 928036 617417 821800 117265 102488 189036 919389 221821 993796 150104 600156 912559 1247849 522721 832514 439566 629591 1287008 555704 413041 71115 1092229 1089002 891293 469694 252087 1115658 857294 1255547 608026 659011 549418 919158 830169 650854 999999999 560259 201264 731725 280227 668039 446619 682536 797423 728660 605054 565038 839885 814595 652184 752307 789973 934875 832050 662777 394427 727253 744104 965872 725291 1059098 384096 991695 745343 742049 707737 626213 936671 194104 750369 324556 845007 274754 933148 1102814 431362 163467 537899 473371 664062 865546 914515 945158 995693
936341 293183 952705 946500 793960 694867 123296 448659 431848 311972 655491 826016 256850 800690 431602 604872 628636 700236 482618 641638 659126 380615 581162 607865 780510 513576 818185 879864 905376 756284 397668 416163 82420 940683 574936 355586 625513 807109 855800 595976 119742 452635 688413 382239 879291 720632 192330 24879 392123 819866 608365 560259 999999999 548589 299062 455506 280007 437997 227638 262024 340573 614838 611296 977842 854897 412390 579211 915278 751317 278990 129927 171361 229644 834049 849691 176002 674691 586651 680574 419376 386575 682033 66490 450757 367501 783556 397898 783296 485396 1052340 711159 725122 659087 373134 582163 625209 779500 617066 714524 980557
1128494 690096 728469 1143139 650156 606343 427826 185677 446768 239361 225579 875754 645889 548663 173665 182602 771574 416712 684214 161765 221200 199704 773861 59502 815353 62551 406949 713592 1089221 328796 725460 280952 598780 1128318 364048 279785 200107 924758 911041 736120 434590 106378 987900 764194 1106052 406765 587284 530402 849210 630956 461489 201264 548589 999999999 635417 121353 566457 280645 602094 741338 617229 411146 368957 642523 613488 507372 579223 590840 753404 826894 671544 380077 657605 542978 773565 685928 919422 183116 834706 612054 618217 513043 613516 842733 258797 549959 187650 649724 99108 735376 963470 245628 142486 395074 275778 473286 672357 758384 772097 795119
637888 71327 760763 648370 588125 483287 307374 620193 278067 421977 637360 545124 57040 646201 467361 759697 339418 587020 193964 775483 814272 544711 285364 685920 507131 628958 748389 670935 606459 709272 106133 383197 233133 642044 469950 358844 782048 513406 571871 310598 295143 529522 402887 128793 583193 617988 106748 283780 230842 630552 453076 731725 299062 635417 999999999 515380 69717 396974 71425 178849 60301 488094 507248 838919 685102 216747 355985 778928 491780 382315 362089 372022 100305 693364 607244 209954 377344 581266 386065 152369 111225 513756 288484 207743 566735 623200 447963 574667 542165 895073 415534 718326 773611 272786 526660 466319 559696 329237 440652 768109
1015348 571724 675630 1029755 574003 516357 332255 211808 330682 145839 222060 773879 528132 495317 53750 281522 657273 363715 564582 276073 328918 178946 656129 170823 713899 135416 406837 645468 976383 332591 604288 164383 496282 1015557 281062 158470 302261 815903 809254 621237 336925 29069 867448 644054 990035 364084 472222 434902 732288 564634 373167 280227 455506 121353 515380 999999999 446133 168118 484895 628381 496001 332109 296497 621112 560540 388492 473244 563519 654659 729437 583218 296756 542186 501774 688645 578606 800683 155317 720764 491604 497003 434397 517712 722307 246562 491214 67802 571278 30115 710659 844738 277687 263203 275097 212677 387228 589413 643922 666476 734582
