NAME : synthetic_000725
TYPE : CTSP-D
DIMENSION : 100
GROUPS : 8
RELAXATION_LEVEL : 1
EDGE_WEIGHT_TYPE : EXPLICIT
EDGE_WEIGHT_FORMAT : FULL_MATRIX
EDGE_WEIGHT_SECTION
999999999 343260 200615 297357 252772 422924 588985 241483 765881 290981 582642 335759 115594 345020 71567 487567 341078 260674 487400 233642 650227 310476 523022 396425 643587 337651 561053 337739 134188 691637 357330 722876 656096 624855 154953 304063 457163 502134 326029 607118 388317 288057 611267 303733 504457 301070 98342 331846 247017 507921 606378 282542 413387 697901 206857 415696 624050 388820 639819 452615 142462 168130 332548 322441 213088 376418 601667 745350 467755 249552 666223 257582 346922 629446 632246 787622 324813 178288 474121 325962 171630 385823 656782 705496 538880 674809 290324 664165 443593 38114 705012 444418 143230 428334 386268 101153 115989 644522 375823 281436
343260 999999999 524226 378972 594967 175180 253102 578902 465653 305551 254752 621281 334351 323566 373085 692286 379118 438850 149216 156436 509867 587169 311383 62095 391995 78003 746423 625842 382314 381324 498931 394915 387705 538753 396173 561772 483915 402503 30244 277676 294399 365734 362569 620634 378175 566801 412925 596931 587466 425659 325625 604364 687343 355382 335826 125915 390206 451984 301141 426326 204754 488191 207935 57340 191466 343603 339547 505513 494910 514844 331644 267163 282923 360839 317239 624210 656070 216467 186149 477735 490526 289295 409635 363771 341072 332649 230869 331205 107779 372561 367396 246079 267793 533097 610864 443748 261317 423023 542854 300247
200615 524226 999999999 315342 159051 561069 776217 185392 964047 480486 741653 358844 198382 534522 227378 559584 518032 222189 658066 385883 703157 352452 629216 569542 755738 531421 637464 151843 157315 834061 492242 914439 856314 651249 299036 369358 623002 693298 512121 766307 469838 462741 724830 284367 572557 145956 111684 380965 92500 695965 736794 259485 230313 878270 384967 570320 824573 551176 806641 633088 337147 36094 532895 491397 413642 564868 722913 843315 632374 119580 854487 346759 428617 829550 780436 839677 132358 378892 620422 273966 34139 469440 857396 887431 738730 856045 396407 853283 614493 163173 891375 644996 267102 375706 460693 138455 316244 844609 493039 349985
297357 378972 315342 999999999 464073 317242 611321 477205 841241 531074 509553 618714 182160 578269 368905 784513 599003 103626 459838 229333 387840 598693 338030 392457 462555 431073 858380 326223 183567 569199 647500 755716 766184 341054 450852 597885 721133 715525 386131 532359 173803 554053 434297 566179 260702 257364 258098 622764 407603 730227 462779 541577 360273 683220 478270 353048 762397 660243 584299 695812 312565 289805 509795 324194 400825 608956 439769 537940 732525 224977 686651 111828 141107 739121 527082 524685 425202 384356 380117 106310 288762 175375 785320 696274 699033 665058 154401 688791 423529 284072 714041 597169 177778 159072 682787 352701 353966 792609 670688 80713
252772 594967 159051 464073 999999999 668992 835973 42575 994682 462031 834928 218817 313488 511939 230262 428418 476590 377834 740113 481806 850118 223353 755602 649108 880321 581593 505216 275846 287200 940763 408997 964871 875517 804077 259801 251696 560332 666046 576088 859468 604155 423492 848457 134473 713475 295765 216217 251883 79548 662146 851002 111940 345978 948062 360237 666640 831582 489254 892583 589208 391078 175794 545876 575100 441937 538302 842400 975257 567768 278001 911892 474133 561849 850313 882683 987807 159235 406060 723307 432427 177529 602943 867571 954954 739903 924699 518410 909109 696333 229400 951913 657822 373552 534749 337524 151627 345061 845417 395459 485322
422924 175180 561069 317242 668992 999999999 316816 663206 558809 472196 192588 742363 363772 495758 474573 842509 547524 407669 157576 189346 336802 711213 136312 135273 230870 253054 902339 624757 404136 273358 656918 455895 514070 375198 521476 692238 656779 576224 203500 215871 167502 527294 199126 724351 215299 557939 459766 725836 641175 600029 183542 704344 671063 369831 483411 58637 534799 620384 267064 601162 315096 526288 382579 136696 342950 517378 182930 341908 667939 513397 385156 225019 181025 489741 219923 449046 690876 357074 63190 423455 527406 163080 546344 383862 502019 353504 172327 389079 135949 440170 406591 414330 297420 445039 753571 520843 381136 570316 697500 240701
588985 253102 776217 611321 835973 316816 999999999 815281 242977 455382 192654 827401 587414 442520 607399 850372 509509 683911 159241 405296 610476 791418 409069 220317 412888 254804 888399 878319 635307 305416 650964 144657 228023 672301 610160 759459 573687 426576 264297 194211 483052 522420 397778 843049 521035 818122 664619 794879 835658 455143 329992 830144 938150 122703 526760 265185 278132 572920 159399 498181 446725 740284 334372 295870 400204 445128 366006 510152 582007 766807 78546 502909 489406 211328 256224 685658 907534 434305 269093 715463 742736 478387 272514 124290 297520 99174 456937 78633 188716 620944 116063 269179 520416 754381 787666 687108 491937 314192 699780 530614
241483 578902 185392 477205 42575 663206 815281 999999999 966744 428085 823400 179585 316393 476798 207925 388028 438859 396639 725881 474415 860037 181782 755961 634900 879362 560478 465196 313177 295976 933027 367136 941377 845706 818229 226128 209259 519652 629238 558466 847780 608852 386563 847254 99296 720574 327706 222135 210484 117477 624438 846257 74863 385194 929407 326682 657165 799654 448919 878602 550497 374157 195420 516927 562818 417723 502317 839632 977059 526887 304845 890267 477405 566448 820908 873727 998110 201446 382319 715461 454280 197845 607298 836083 935682 707329 905844 519071 887114 682362 223763 930892 627891 371750 558436 295753 142453 323352 812341 352958 491651
765881 465653 964047 841241 994682 558809 242977 966744 999999999 552905 423037 937406 789979 517681 765883 905813 579155 904416 401548 621954 847701 901302 650097 450022 639119 435375 924458 1082385 838097 506809 718664 129741 132119 913503 744256 863933 594508 422887 466020 417082 723633 612748 628822 972916 763819 1027248 853636 897289 1009679 447482 558593 965200 1148145 254336 647083 505217 203007 622552 365653 518228 626977 929318 450011 517730 555737 504954 597131 724102 598868 974106 189341 730259 726967 151136 473840 911622 1090693 591793 512038 942484 932309 718854 167253 238929 288472 251457 688258 181878 426726 801853 195256 341699 727755 989863 867403 855407 654992 218126 766875 760959
290981 305551 480486 531074 462031 472196 455382 428085 552905 999999999 545430 385395 379056 54221 253755 398565 75953 531738 436282 338741 789906 349128 606467 364759 696875 238250 445353 626124 415279 678366 199450 553479 425500 797781 202281 312928 194558 212822 275307 565265 538088 67109 666840 421465 645941 592051 388856 347303 496349 217009 630966 415675 703009 578065 101826 430058 373389 148352 571535 166247 218832 452685 121206 335562 139220 85438 644792 810208 206139 540298 517981 442123 508170 402693 614034 914943 587185 147144 491577 593045 456525 533616 410653 579041 280173 554404 440657 512219 403621 327923 561023 212150 354502 684581 332378 346954 185382 384439 246929 478179
582642 254752 741653 509553 834928 192588 192654 823400 423037 545430 999999999 875816 543323 550574 622017 941052 613456 599911 109336 356805 425035 841849 234752 193332 220281 308050 990765 815040 586978 134565 744043 301457 420344 495242 650627 816462 702072 579515 282070 24687 350929 609965 206528 872108 355960 748942 635316 851655 816322 607141 137561 854707 863182 192320 588745 171335 465535 684205 76581 633104 453200 706032 430892 260628 445261 562861 174705 319418 711974 703025 234199 416124 371318 402369 72293 493318 873273 471218 129479 615615 707575 347241 463617 208253 467602 182215 363748 241235 147069 606378 241165 409864 474587 630730 863359 683614 513872 502197 790031 433257
335759 621281 358844 618714 218817 742363 827401 179585 937406 385395 875816 999999999 440991 420678 271383 210240 364278 552598 769924 556477 985586 36334 853778 682489 970205 581056 286527 492726 435947 998080 246949 936443 808280 955945 225199 74454 407729 550856 595184 898937 724064 324877 937860 87837 840188 504074 362806 47318 296927 538607 924302 107181 564521 948293 300821 722806 750392 345749 919446 458820 428642 360958 499006 621624 434334 437618 924918 1075745 411950 475851 895874 593171 682664 786572 935232 1123197 375983 405288 785339 614702 364119 721535 788617 951553 656856 924333 625257 890973 729046 337484 938508 597530 478988 720786 128074 266513 364078 755212 214246 615385
115594 334351 198382 182160 313488 363772 587414 316393 789979 379056 543323 440991 999999999 430934 186982 602352 439068 153230 461739 188508 547452 418954 442226 374801 567380 354925 676322 292776 48238 637107 470558 728859 692781 514997 270187 416340 559151 581514 326664 567967 292490 389322 535694 396232 405231 238188 97877 442162 277813 591440 542160 372659 358809 684366 309638 371989 672228 493739 608940 545022 177481 162981 390268 296264 268884 462630 530974 661861 570178 184533 665959 161105 250091 665428 582543 685587 330025 241672 422368 216553 164368 290905 701332 694285 594935 662681 205194 665551 418542 103597 701047 494679 69128 315540 500655 179473 193739 697255 490897 176670
345020 323566 534522 578269 511939 495758 442520 476798 517681 54221 550574 420678 430934 999999999 307562 408317 67066 583069 442788 377284 820950 384854 631581 379275 715071 250070 446829 680343 468181 684833 209875 529132 387742 833879 252385 346731 161113 158809 293739 568893 574716 96095 686008 463756 679265 646073 442989 379716 548745 162902 645466 459805 757224 564768 153199 449471 330648 133858 569586 117766 265826 506872 119959 360567 179660 31732 662264 828622 172375 594185 499602 485503 547034 366577 620993 942717 640044 194227 508909 643614 510716 570078 368620 564224 236918 541565 480055 493101 414088 382064 542579 183424 403114 733330 353643 400444 237769 338585 259069 522061
71567 373085 227378 368905 230262 474573 607399 207925 765883 253755 622017 271383 186982 307562 999999999 416073 291872 328316 521389 286535 718029 243649 582590 430831 700214 352612 489489 375815 201069 737500 290354 734745 649237 695189 85854 234207 401874 466365 351471 646064 454744 236880 667841 251055 571378 349387 148554 263367 247464 468605 657758 232778 453771 721638 157794 460470 609787 331371 673954 406455 169045 201708 319686 362109 211709 337651 656103 804730 411922 301356 682617 325642 414028 623472 676276 854890 335587 175800 521414 393842 205663 451968 644552 727799 520487 698036 354622 679603 478349 93043 723082 432624 210852 497529 314947 93972 115469 626731 305986 351235
487567 692286 559584 784513 428418 842509 850372 388028 905813 398565 941052 210240 602352 408317 416073 999999999 341261 733567 831729 672140 1125168 207852 968042 753933 1073164 633074 77880 699762 609201 1072199 199673 933971 773755 1109153 338851 192386 315577 485967 662766 961749 860923 332182 1041606 297697 977304 705514 541757 179033 505424 464772 1015134 317312 773074 972844 359372 810253 704979 284752 969987 388673 534071 556018 518927 709342 502766 410168 1023451 1184260 313788 672123 907655 736906 822281 757233 1007802 1259625 586196 485469 873643 798181 559559 857550 742874 972512 617533 949518 758372 900979 796271 501918 950558 589444 623425 904226 102316 447089 468998 699472 151647 765161
341078 379118 518032 599003 476590 547524 509509 438859 579155 75953 613456 364278 439068 67066 291872 341261 999999999 592287 504936 413465 865788 329229 682120 437170 771009 308993 380574 667619 471389 747286 143213 595139 448035 872771 222785 289832 122216 191517 348917 632390 613097 55344 741249 414745 721603 639538 436128 321281 521262 185599 703740 413494 745639 631806 134954 504326 386947 72951 634885 115288 289038 493557 182960 411009 214347 74324 718661 884463 133681 589551 566548 514022 582440 428122 683176 990875 614074 218486 565261 655170 497519 608677 425320 631289 293910 608581 514820 559988 474300 375828 609503 249452 421379 749870 289001 380408 246922 390934 192434 549588
260674 438850 222189 103626 377834 407669 683911 396639 904416 531738 599911 552598 153230 583069 328316 733567 592287 999999999 539639 282464 485218 537063 440501 463677 565647 477933 809768 223378 127247 667936 617800 828434 818530 429349 414043 542343 712166 731257 439668 623465 275936 542262 537013 490979 363449 154594 192060 563190 314426 742374 562805 465875 263415 765424 462160 436119 806005 646160 672885 697879 323134 202222 534061 389030 415540 614690 541382 641420 723145 121964 761183 184968 240269 791137 622995 620212 323619 391373 470831 65535 200332 277090 832378 777535 734348 745936 236482 762379 500201 235835 791617 632612 188455 170716 631272 288178 346680 833520 634100 167646
487400 149216 658066 459838 740113 157576 159241 725881 401548 436282 109336 769924 461739 442788 521389 831729 504936 539639 999999999 273354 466014 735552 259651 91033 293890 198715 881565 744993 507858 242358 634743 299595 365609 519983 545001 709218 596412 482200 174791 130475 324159 500657 270989 769734 364948 681521 548693 744538 727432 509051 214265 753241 799512 226015 480225 107821 396550 576111 152726 529386 352462 622034 322872 167046 337422 456318 241375 403655 606568 632479 229165 355291 332480 343146 178271 556688 790413 364675 113623 565458 623960 319553 402457 237897 381773 206304 306173 232496 43912 514078 254279 312040 392697 597972 754517 588499 410465 433146 680695 379653
233642 156436 385883 229333 481806 189346 405296 474415 621954 338741 356805 556477 188508 377284 286535 672140 413465 282464 273354 999999999 458144 526547 298750 187914 413825 201770 737164 474110 234533 459042 498928 548972 539147 459350 340266 510445 533180 498475 158508 381492 199778 380006 381461 535302 311225 412908 278522 542956 459591 516214 372873 515090 532855 497084 320173 186053 533130 482954 420759 493762 138314 350017 289895 109814 199551 405400 369667 519749 544756 362047 483499 119608 169791 511894 401038 589412 518039 198380 241511 323427 351745 195454 556568 507526 470649 475829 102867 483916 230393 252418 516644 369174 119398 387450 578211 332298 203234 563284 534226 156088
650227 509867 703157 387840 850118 336802 610476 860037 847701 789906 425035 985586 547452 820950 718029 1125168 865788 485218 466014 458144 999999999 960658 207221 471396 224259 587759 1192811 692576 564145 380197 957014 726087 830667 96862 787348 951925 981406 912278 536410 433690 264346 836647 223741 943593 147900 626610 637989 981347 795443 935509 294019 919822 702763 610665 778186 393446 861804 937212 490058 931524 595407 677270 713817 462958 652299 845330 254023 213552 992839 605897 659216 392675 304098 808891 384907 138181 808183 655868 354392 452121 676362 267634 868458 627206 836885 604645 366797 666130 462091 649487 664138 751079 507380 391747 1027797 726865 658007 898180 991403 370961
310476 587169 352452 598693 223353 711213 791418 181782 901302 349128 841849 36334 418954 384854 243649 207852 329229 537063 735552 526547 960658 999999999 824624 648575 939859 545741 285618 492020 417291 964952 216337 900123 772332 933684 191685 40547 377247 516872 560765 864841 698062 288944 907550 103422 814534 498392 345616 28883 298565 505296 892564 116456 565830 912440 264729 690311 714855 313473 884641 425819 396694 350976 462700 588850 399347 402264 893991 1046234 382014 466882 859698 567983 657031 750519 901893 1097908 382477 370885 753078 600268 354363 695377 753038 915602 621259 888482 598267 854766 694947 315422 902355 561273 453350 706568 114235 249053 331540 720094 187602 591519
523022 311383 629216 338030 755602 136312 409069 755961 650097 606467 234752 853778 442226 631581 582590 968042 682120 440501 259651 298750 207221 824624 999999999 267107 126645 389119 1030450 663856 473945 242102 787051 533760 625123 263418 638974 809181 792673 711104 339812 249364 164571 659571 96674 826635 123251 595023 539970 841555 716399 735340 133665 804950 696654 426895 610898 189280 654699 754813 307971 737475 434797 597104 518890 271326 474120 653557 103454 222358 803876 558766 464499 283182 202498 602797 217028 312871 752123 484728 147232 435716 597400 163588 661960 442938 630487 416793 237220 470532 255002 533103 475360 546940 384384 423807 875958 614561 500784 691029 825939 280780
396425 62095 569542 392457 649108 135273 220317 634900 450022 364759 193332 682489 374801 379275 430831 753933 437170 463677 91033 187914 471396 648575 267107 999999999 336365 129273 807336 661962 421733 319241 559809 364947 388466 509602 457297 623578 538184 444546 91167 216637 281175 426221 308152 679874 348980 600156 459440 658681 637279 469307 266582 663028 719525 309574 397896 78020 402761 509764 243712 477132 261804 533457 260939 78544 253561 397238 283299 449821 548946 549773 297553 282945 278745 362875 255144 578811 701876 278191 130576 495712 535512 276149 416958 319714 366783 288046 238585 298710 47528 423459 329233 279955 306192 539896 672933 497502 320964 437660 604168 311826
643587 391995 755738 462555 880321 230870 412888 879362 639119 696875 220281 970205 567380 715071 700214 1073164 771009 565647 293890 413825 224259 939859 126645 336365 999999999 465504 1132179 788766 600142 156075 885925 513152 640234 311312 751287 922084 874504 773709 422141 222421 290202 754758 32375 947219 221922 719905 665242 955334 842564 799882 83077 926107 818945 393124 713891 266819 682518 843916 274396 812953 545091 723453 597282 364728 572180 733589 53356 113552 885293 684734 449885 409376 328982 621557 166250 273309 878740 587698 206166 557230 723799 289556 682685 409697 675277 389983 362195 457705 307889 655846 449117 604269 507667 534785 984422 737382 611286 719306 927385 407387
337651 78003 531421 431073 581593 253054 254804 560478 435375 238250 308050 581056 354925 250070 352612 633074 308993 477933 198715 201770 587759 545741 389119 129273 465504 999999999 683152 647044 402932 440280 436109 385257 340753 614900 359143 516810 409001 324854 52582 328702 366075 302013 436942 590529 454748 592777 420122 552343 584599 347753 395446 576703 713587 370918 284798 201984 331364 381257 340804 349304 195469 496118 131834 128705 147582 268127 412516 579007 419811 539350 330303 320485 350206 313338 375903 701988 660583 180294 259434 523644 498935 361011 355383 376144 272061 347084 292140 327634 165475 371555 370490 173084 294692 588771 557319 433801 237145 361691 481982 356042
561053 746423 637464 858380 505216 902339 888399 465196 924458 445353 990765 286527 676322 446829 489489 77880 380574 809768 881565 737164 1192811 285618 1030450 807336 1132179 683152 999999999 777354 684773 1123431 247528 962606 793285 1179770 409802 269838 330072 501580 716473 1010592 929026 381358 1100991 373339 1044925 783392 618234 256835 582658 477619 1071313 393705 850368 1009989 419573 867193 721731 315628 1015174 407182 598854 633745 562764 767484 560034 443546 1081599 1244191 325619 749840 941371 807081 891158 778957 1059046 1326168 662354 545906 930214 874582 637301 925493 758749 1008508 638645 987103 826310 934191 848016 576944 983880 622350 694519 980479 178951 524077 534967 712342 204839 836313
337739 625842 151843 326223 275846 624757 878319 313177 1082385 626124 815040 492726 292776 680343 375815 699762 667619 223378 744993 474110 692576 492020 663856 661962 788766 647044 777354 999999999 244543 889784 643679 1020750 982228 623639 450451 513446 774395 838591 619318 839127 499302 612496 760323 410263 582199 68862 239733 520895 196406 842796 785530 387147 78501 970380 533506 646699 956665 702689 885715 782263 460617 174124 667397 583890 545518 711242 764693 861576 783872 112536 956781 399748 463321 955021 842862 822186 142138 512779 687419 240787 170187 500467 987680 981248 874319 949524 452463 956757 703139 299769 990656 777176 358050 315957 603808 289919 452727 979129 642927 388571
134188 382314 157315 183567 287200 404136 635307 295976 838097 415279 586978 435947 48238 468181 201069 609201 471389 127247 507858 234533 564145 417291 473945 421733 600142 402932 684773 244543 999999999 676890 490740 776959 740174 523922 286808 419355 589534 621339 374888 611555 317936 419754 568928 382838 426276 190851 74675 442278 242455 630011 579534 358361 311155 731278 338873 415826 718450 522133 653825 580190 222199 123591 434261 343203 312174 499908 566161 690742 600309 136992 713848 190779 275884 712848 623796 702172 286906 283074 464075 192774 124234 317014 748009 741397 639914 709754 239400 713516 464914 108791 748699 540265 115546 296968 506913 169494 230526 742911 506906 198430
691637 381324 834061 569199 940763 273358 305416 933027 506809 678366 134565 998080 637107 684833 737500 1072199 747286 667936 242358 459042 380197 964952 242102 319241 156075 440280 1123431 889784 676890 999999999 876277 377502 530164 466797 773267 941460 836628 711856 410128 119199 397201 742201 163844 988555 360470 821660 733049 976315 914513 739728 108657 969846 929394 253231 717136 277044 583548 818336 147431 767420 570796 799461 565023 376721 572777 697398 141736 218314 846513 780373 321984 492674 428348 515769 64416 412684 963163 596393 217593 671508 800515 394906 576557 269302 595221 255742 440513 330876 275928 711426 311928 542915 570653 665794 992171 791214 634151 619562 921684 501220
357330 498931 492242 647500 408997 656918 650964 367136 718664 199450 744043 246949 470558 209875 290354 199673 143213 617800 634743 498928 957014 216337 787051 559809 885925 436109 247528 643679 490740 876277 999999999 738283 586817 951757 204625 176081 160943 310911 468958 764236 695648 134096 854979 315516 809721 630059 436922 200110 470096 295525 824022 321620 721840 773528 178857 620251 522152 101233 770949 215261 361955 476282 319329 521256 313983 215222 834959 998377 165743 586159 709423 580883 660083 568170 811871 1087838 562352 302889 683097 683202 480259 691757 560566 773460 430951 750132 593416 702964 600660 383392 752418 392651 473749 785474 149638 357095 302247 521842 49221 613170
722876 394915 914439 755716 964871 455895 144657 941377 129741 553479 301457 936443 728859 529132 734745 933971 595139 828434 299595 548972 726087 900123 533760 364947 513152 385257 962606 1020750 776959 377502 738283 999999999 196034 796133 727644 865465 635548 470574 403001 292753 623260 618552 504737 960712 651475 961396 802768 900266 969852 498102 434087 949859 1081690 124629 637054 407155 269298 649794 238775 557696 580540 878728 437491 439950 523656 523960 473333 595237 641945 909685 70786 647549 631901 197321 347087 784560 1044792 559185 403080 860048 881340 618738 244736 109199 330077 123329 601315 67172 332461 756374 65608 345748 662705 897298 882463 818650 619863 297351 787479 675030
656096 387705 856314 766184 875517 514070 228023 845706 132119 425500 420344 808280 692781 387742 649237 773755 448035 818530 365609 539147 830667 772332 625123 388466 640234 340753 793285 982228 740174 530164 586817 196034 999999999 885111 621082 734453 463217 292057 380694 422114 669621 483404 623790 846811 728043 930930 747898 767411 895614 317446 557186 840192 1051307 298645 522276 456315 75415 490442 382735 386552 522020 822566 329838 443997 443234 373733 592197 738095 467902 877150 217160 654385 665712 27423 483905 912276 979653 478734 479038 862557 825782 664603 49386 287617 156353 285331 618156 207586 378175 693166 246346 217820 634969 920774 735767 740871 542154 101328 634915 687922
624855 538753 651249 341054 804077 375198 672301 818229 913503 797781 495242 955945 514997 833879 695189 1109153 872771 429349 519983 459350 96862 933684 263418 509602 311312 614900 1179770 623639 523922 466797 951757 796133 885111 999999999 770402 928916 991882 938730 562397 507045 259696 838490 304945 906748 160918 560271 598596 956236 743654 960187 372515 882279 626261 685497 773693 433809 909633 942201 564979 948194 591101 628692 734202 486525 658585 860414 332694 310403 1003440 545974 727385 372734 292054 861848 463892 200611 746946 656828 406360 387002 627291 264171 919796 701852 875865 677244 359432 733608 508735 618581 736380 784467 485743 312830 1009365 691761 649599 945332 982475 344139
154953 396173 299036 450852 259801 521476 610160 226128 744256 202281 650627 225199 270187 252385 85854 338851 222785 414043 545001 340266 787348 191685 638974 457297 751287 359143 409802 450451 286808 773267 204625 727644 621082 770402 999999999 170804 323978 408213 370401 673788 523005 167797 719094 233330 639663 429897 232759 204454 298763 406443 701792 222389 528929 729212 100607 498881 573635 252243 695169 337888 206380 278153 294636 397275 211572 279534 704406 859271 333421 383814 681704 398055 483826 596762 710235 922733 391374 180756 561816 479552 282166 519784 610218 733523 481205 705285 420820 677569 503914 178874 723665 403557 284802 582883 240451 160594 140500 586257 220872 426606
304063 561772 369358 597885 251696 692238 759459 209259 863933 312928 816462 74454 416340 346731 234207 192386 289832 542343 709218 510445 951925 40547 809181 623578 922084 516810 269838 513446 419355 941460 176081 865465 734453 928916 170804 999999999 336912 476701 534587 839101 688166 251191 889883 140950 804923 514941 350298 35554 323525 464890 872132 150680 588793 881040 233140 668582 676096 272926 856936 385342 377152 364114 428561 566716 371923 363249 875166 1029871 341817 480156 826548 559794 647832 712978 877971 1088454 410666 345393 731747 606608 367711 685238 714349 883741 582610 857104 587070 821392 669395 313861 869351 524820 445031 712807 91459 254972 311134 680766 149449 585258
457163 483915 623002 721133 560332 656779 573687 519652 594508 194558 702072 407729 559151 161113 401874 315577 122216 712166 596412 533180 981406 377247 792673 538184 874504 409001 330072 774395 589534 836628 160943 635548 463217 991882 323978 336912 999999999 171837 454300 718824 732247 169934 845850 475428 838803 751254 549363 360707 614663 149328 803272 480068 852854 692349 250669 609799 392029 72139 713483 77859 411121 601524 277249 521675 333633 141003 821483 987995 11581 702841 619518 635839 702707 449084 773585 1103788 707905 340238 668419 775619 605530 727726 429375 689165 308861 670388 635211 611771 570691 490200 661225 304544 543447 871374 301149 484571 368381 384458 197685 671558
502134 402503 693298 715525 666046 576224 426576 629238 422887 212822 579515 550856 581514 158809 466365 485967 191517 731257 482200 498475 912278 516872 711104 444546 773709 324854 501580 838591 621339 711856 310911 470574 292057 938730 408213 476701 171837 999999999 376925 592666 685338 242684 748089 605664 779157 802739 600400 505940 706245 28578 696132 604932 915159 539152 310988 521914 220214 209937 577438 97672 408606 665403 208629 452352 316667 129178 720458 885203 175981 750306 462098 614681 663869 279308 651769 1023337 798033 340088 572793 789360 669228 680389 257552 533969 140573 518644 599827 453694 466190 539579 502208 170238 546099 873504 459855 559103 391377 213630 355924 651771
326029 30244 512121 386131 576088 203500 264297 558466 466020 275307 282070 595184 326664 293739 351471 662766 348917 439668 174791 158508 536410 560765 339812 91167 422141 52582 716473 619318 374888 410128 468958 403001 380694 562397 370401 534587 454300 376925 999999999 304526 313830 335634 392613 597010 402365 562128 400466 569861 571973 399412 355825 581364 682977 372103 307155 155793 377580 421797 325058 397664 185010 476256 179079 76130 163218 314247 369746 535640 465342 509446 342410 274600 299040 353476 345895 652432 643263 189903 216371 481930 478775 308755 399314 379479 322779 348884 242855 341167 135096 357024 379939 225040 262296 542463 582133 425566 238005 409189 513084 309212
607118 277676 766307 532359 859468 215871 194211 847780 417082 565265 24687 898937 567967 568893 646064 961749 632390 623465 130475 381492 433690 864841 249364 216637 222421 328702 1010592 839127 611555 119199 764236 292753 422114 507045 673788 839101 718824 592666 304526 999999999 371949 630232 212071 895972 371776 772892 660003 874351 841005 620530 141576 878697 886810 178475 610658 195986 470560 702683 58608 648888 477163 730695 449544 284967 467567 580294 180590 315981 728570 727189 227742 439975 393517 405404 62319 495610 897901 494052 152681 638284 732232 368390 466641 194807 477316 170989 387508 235403 169898 630983 230465 423754 499249 651467 884990 708118 537476 507020 810533 456559
388317 294399 469838 173803 604155 167502 483052 608852 723633 538088 350929 724064 292490 574716 454744 860923 613097 275936 324159 199778 264346 698062 164571 281175 290202 366075 929026 499302 317936 397201 695648 623260 669621 259696 523005 688166 732247 685338 313830 371949 999999999 579509 261143 686914 116781 430480 388122 718081 559123 705499 289812 663897 533562 535617 516914 218419 681488 682731 427369 689789 333765 439199 478340 238228 398889 601728 265970 373503 743810 394532 552559 132079 42405 644041 358895 400288 589773 397775 225126 274324 439137 5107 697530 550068 635416 520131 102724 556343 297095 391036 573925 538858 245091 279877 763455 470797 394815 715422 728574 119963
288057 365734 462741 554053 423492 527294 522420 386563 612748 67109 609965 324877 389322 96095 236880 332182 55344 542262 500657 380006 836647 288944 659571 426221 754758 302013 381358 612496 419754 742201 134096 618552 483404 838490 167797 251191 169934 242684 335634 630232 579509 999999999 724172 368327 690746 585192 382060 284672 466497 239102 691239 365233 690581 645114 81202 488328 426705 106274 637825 170616 248948 438487 188315 390839 185659 116987 703289 867671 180882 535609 584450 474080 546758 461790 677798 964644 559171 181735 550762 605846 442456 575291 464707 645987 332982 621469 479171 578553 466664 322085 627508 274743 376334 702385 265541 325066 200137 433954 180580 508769
611267 362569 724830 434297 848457 199126 397778 847254 628822 666840 206528 937860 535694 686008 667841 1041606 741249 537013 270989 381461 223741 907550 96674 308152 32375 436942 1100991 760323 568928 163844 854979 504737 623790 304945 719094 889883 845850 748089 392613 212071 261143 724172 999999999 914881 200891 691474 633569 923091 811284 773963 70735 893796 792031 387387 682419 236930 663448 814187 267089 785226 512952 692341 568776 333725 541100 705058 31832 143499 856711 655440 439537 378235 299103 604241 161166 288579 848467 556145 177587 530592 692738 260240 665138 403956 652749 382319 330562 446963 281899 623685 441782 579221 475610 512238 952542 705219 579162 700238 896168 377219
303733 620634 284367 566179 134473 724351 843049 99296 972916 421465 872108 87837 396232 463756 251055 297697 414745 490979 769734 535302 943593 103422 826635 679874 947219 590529 373339 410263 382838 988555 315516 960712 846811 906748 233330 140950 475428 605664 597010 895972 686914 368327 914881 999999999 801124 426963 308171 128699 213864 596534 907826 25175 480149 961336 326114 711524 793890 408787 921685 518449 418991 292103 525631 612870 443255 484925 904682 1048898 480957 403577 914992 554841 644729 823580 927248 1081757 289124 410419 772337 550375 294811 684903 831540 966056 700237 937455 592301 910892 727259 295925 956881 631218 443870 655341 214113 216759 359325 802225 290273 572897
504457 378175 572557 260702 713475 215299 521035 720574 763819 645941 355960 840188 405231 679265 571378 977304 721603 363449 364948 311225 147900 814534 123251 348980 221922 454748 1044925 582199 426276 360470 809721 651475 728043 160918 639663 804923 838803 779157 402365 371776 116781 690746 200891 801124 999999999 513910 498675 834741 663743 801096 253880 777770 604893 548257 630864 273914 750095 792408 430341 791971 447889 544113 576157 326824 507453 704787 218778 279553 850305 485348 581378 247141 157538 704184 339983 283539 685874 509439 252131 344010 543627 119883 761349 564094 714990 537068 218949 586825 350229 505701 594949 623665 361270 313017 880110 584507 510180 785571 843696 228939
301070 566801 145956 257364 295765 557939 818122 327706 1027248 592051 748942 504074 238188 646073 349387 705514 639538 154594 681521 412908 626610 498392 595023 600156 719905 592777 783392 68862 190851 821660 630059 961396 930930 560271 429897 514941 751254 802739 562128 772892 430480 585192 691474 426963 513910 999999999 203665 526920 218112 808971 717076 402524 120900 907344 504585 581644 908993 680542 820335 752661 412250 154146 622902 522641 500539 677488 695967 793144 761260 53943 896392 332997 394707 903588 775372 757612 190411 469564 620801 174533 150227 431674 938790 918581 829340 886855 385628 896713 640226 264475 929338 730388 299833 257950 606355 273051 412368 932981 634550 320485
98342 412925 111684 258098 216217 459766 664619 222135 853636 388856 635316 362806 97877 442989 148554 541757 436128 192060 548693 278522 637989 345616 539970 459440 665242 420122 618234 239733 74675 733049 436922 802768 747898 598596 232759 350298 549363 600400 400466 660003 388122 382060 633569 308171 498675 203665 999999999 371383 181603 605864 639401 283686 315057 767489 301198 464328 718932 479430 698493 549008 226759 76029 428420 381698 307206 474276 628738 759107 559610 153580 742855 257937 345771 720948 677375 776104 243145 273674 517106 256425 78813 386831 750836 776427 635241 745116 303048 741618 504944 60937 779875 539209 162409 362538 439515 96597 213021 740458 448158 269889
331846 596931 380965 622764 251883 725836 794879 210484 897289 347303 851655 47318 442162 379716 263367 179033 321281 563190 744538 542956 981347 28883 841555 658681 955334 552343 256835 520895 442278 976315 200110 900266 767411 956236 204454 35554 360707 505940 569861 874351 718081 284672 923091 128699 834741 526920 371383 999999999 327391 493014 906212 143743 594702 916513 268672 702977 708111 299561 892411 413026 410771 378896 463624 601187 407316 395164 908757 1062636 364798 494903 861767 588799 677390 746238 912908 1118257 410894 380493 766051 626737 382326 715269 746437 919165 614812 892580 617552 856562 704597 338901 904594 558903 474013 733049 86174 275012 344953 711922 166960 613271
247017 587466 92500 407603 79548 641175 835658 117477 1009679 496349 816322 296927 277813 548745 247464 505424 521262 314426 727432 459591 795443 298565 716399 637279 842564 584599 582658 196406 242455 914513 470096 969852 895614 743654 298763 323525 614663 706245 571973 841005 559123 466497 811284 213864 663743 218112 181603 327391 999999999 705165 819915 190811 267718 942838 395572 645593 857245 542678 878322 636000 389466 119951 566704 560487 453991 577157 807931 932516 622931 205669 913094 433229 517450 869554 858978 932095 93280 417988 698709 364260 120195 558481 891911 950966 767799 920011 481194 911121 683544 215014 951613 679734 343968 463708 411973 154743 354695 874016 461822 439168
507921 425659 695965 730227 662146 600029 455143 624438 447482 217009 607141 538607 591440 162902 468605 464772 185599 742374 509051 516214 935509 505296 735340 469307 799882 347753 477619 842796 630011 739728 295525 498102 317446 960187 406443 464890 149328 28578 399412 620530 705499 239102 773963 596534 801096 808971 605864 493014 705165 999999999 722749 596944 919880 567657 311606 546344 244487 194325 605776 80267 420914 669050 227357 474335 329854 131625 746586 911652 152328 757024 490452 631171 682928 305689 679418 1047870 797519 351079 598160 801477 672923 700588 281183 562405 168033 547189 618187 482012 492131 544932 530433 197452 558799 887555 443243 560352 399512 235234 338974 668228
606378 325625 736794 462779 851002 183542 329992 846257 558593 630966 137561 924302 542160 645466 657758 1015134 703740 562805 214265 372873 294019 892564 133665 266582 83077 395446 1071313 785530 579534 108657 824022 434087 557186 372515 701792 872132 803272 696132 355825 141576 289812 691239 70735 907826 253880 717076 639401 906212 819915 722749 999999999 887880 823026 316758 656160 205014 599669 776346 196369 739393 495870 702924 526351 306681 512378 662298 40087 189413 813835 677312 369257 391787 322587 538482 91451 355762 864095 531318 141525 564052 703719 287753 599616 333319 594223 311590 340664 376807 232962 622841 371049 526123 477910 557170 929663 703820 561315 636448 867103 397358
282542 604364 259485 541577 111940 704344 830144 74863 965200 415675 854707 107181 372659 459805 232778 317312 413494 465875 753241 515090 919822 116456 804950 663028 926107 576703 393705 387147 358361 969846 321620 949859 840192 882279 222389 150680 480068 604932 581364 878697 663897 365233 893796 25175 777770 402524 283686 143743 190811 596944 887880 999999999 457912 947618 318176 692818 788905 411981 905504 519778 401536 266935 516513 594882 429959 482191 884071 1027103 486112 378589 902854 531822 621651 816546 908905 1057999 268896 396409 753200 525206 269651 661958 826301 952688 695432 923786 569998 898966 710495 273164 944495 623686 421542 630167 229903 193264 343368 798352 299750 549317
413387 687343 230313 360273 345978 671063 938150 385194 1148145 703009 863182 564521 358809 757224 453771 773074 745639 263415 799512 532855 702763 565830 696654 719525 818945 713587 850368 78501 311155 929394 721840 1081690 1051307 626261 528929 588793 852854 915159 682977 886810 533562 690581 792031 480149 604893 120900 315057 594702 267718 919880 823026 457912 999999999 1025514 611315 697971 1028219 781170 935750 860124 531393 252094 740549 642408 618303 788268 799261 883780 862350 174277 1016301 447412 501065 1023991 885924 826754 197596 586369 734211 261794 248126 535393 1058470 1037060 947354 1005355 499498 1016771 758764 375672 1048752 849176 420683 313434 678539 368414 527411 1051580 720357 430919
697901 355382 878270 683220 948062 369831 122703 929407 254336 578065 192320 948293 684366 564768 721638 972844 631806 765424 226015 497084 610665 912440 426895 309574 393124 370918 1009989 970380 731278 253231 773528 124629 298645 685497 729212 881040 692349 539152 372103 178475 535617 645114 387387 961336 548257 907344 767489 916513 942838 567657 316758 947618 1025514 999999999 648051 330390 364256 694373 120733 615903 557055 842178 457010 388117 518099 566466 356664 471328 700252 857936 81987 580768 550646 291285 227059 662507 1010465 551209 310533 789335 844345 531514 347789 16585 403750 23961 530796 91503 267244 727890 59094 388786 615748 814706 910310 797668 606586 397123 822389 603754
206857 335826 384967 478270 360237 483411 526760 326682 647083 101826 588745 300821 309638 153199 157794 359372 134954 462160 480225 320173 778186 264729 610898 397896 713891 284798 419573 533506 338873 717136 178857 637054 522276 773693 100607 233140 250669 310988 307155 610658 516914 81202 682419 326114 630864 504585 301198 268672 395572 311606 656160 318176 611315 648051 999999999 451166 473374 184100 625566 248815 183156 359383 200053 350009 144519 181810 664080 825299 261438 454673 595119 404368 481761 498429 652986 909367 487079 126425 514636 526152 363320 512989 510158 650989 380731 624104 414850 590309 442116 241021 637712 305511 301349 623985 275038 248747 125772 485665 215103 437750
415696 125915 570320 353048 666640 58637 265185 657165 505217 430058 171335 722806 371989 449471 460470 810253 504326 436119 107821 186053 393446 690311 189280 78020 266819 201984 867193 646699 415826 277044 620251 407155 456315 433809 498881 668582 609799 521914 155793 195986 218419 488328 236930 711524 273914 581644 464328 702977 645593 546344 205014 692818 697971 330390 451166 999999999 476183 577261 239118 551288 294451 534715 333391 101972 307593 469358 214977 380175 620773 534304 336879 251154 224752 431740 216593 501526 701955 326387 63520 459031 536246 213655 487991 343259 444073 312011 200502 339998 79103 437400 361789 357966 303271 490208 724735 516017 358800 511680 662697 273370
