NAME : synthetic_000558
TYPE : CTSP-D
DIMENSION : 100
GROUPS : 8
RELAXATION_LEVEL : 1
EDGE_WEIGHT_TYPE : EXPLICIT
EDGE_WEIGHT_FORMAT : FULL_MATRIX
EDGE_WEIGHT_SECTION
999999999 411011 587153 471449 823463 351097 123676 646369 945888 529972 1048468 267845 971301 326209 711913 198511 561769 485066 352762 68162 660394 811201 593711 304048 593020 687518 631794 456008 127641 536424 517701 609196 654633 320206 667196 734334 238242 786755 224800 678706 361850 521710 748569 342536 837208 958726 306641 100926 303349 582448 265509 555892 516303 235690 866245 446500 646529 357546 464839 373775 780163 420310 441761 410660 170663 576347 752524 845878 855437 957063 410103 458191 684765 972559 643218 445773 791708 84979 320211 282131 680630 855560 322221 823992 501821 128367 277422 175177 358179 694514 743500 524242 394684 336470 586974 912592 1013777 622547 331229 578677
411011 999999999 176150 369048 546374 399157 533937 566790 922690 714271 712248 240321 980398 383593 369601 294967 493757 225055 203113 350400 268370 875267 693289 697419 188014 548790 393366 221266 287932 539253 597728 595219 352613 472647 288993 329194 536089 380000 555660 774120 330914 548948 612306 727555 448234 695727 129816 417657 490163 240888 656594 210215 193819 432269 905350 91002 276024 286904 54124 635113 476960 280739 232184 677492 247366 493488 633492 768077 478063 670599 246167 597351 679362 653686 232206 250647 711220 352307 394460 192605 471648 673370 200772 847855 474540 376985 133912 577501 129728 723638 338595 180903 679290 206483 646134 711696 703540 540061 201748 363045
587153 176150 999999999 448613 487106 526214 709976 617224 965612 842429 595795 393143 1033553 516553 283229 459762 560762 272050 331294 526260 141191 955220 797825 870683 54561 573413 389635 291842 463673 627253 704864 669428 309985 614248 176800 163696 699077 210036 722510 871356 450092 644365 629540 899223 298733 631206 295767 589771 637141 200267 829790 182739 205186 587866 974265 173725 179958 406456 122413 786320 407302 373084 309588 827799 422505 554028 656803 797719 339503 592413 344811 722005 747719 553559 56109 330219 744620 527140 529682 349030 469835 659334 340394 914331 561563 546713 309984 752618 268383 801218 173047 178154 833279 339280 741468 683546 606458 593101 337461 383011
471449 369048 448613 999999999 379142 154759 550163 205289 557369 419577 630598 223824 611894 168779 354395 514147 125600 177426 529308 457163 587295 510675 352002 624961 409314 219885 194595 582740 425920 178652 262806 226925 268856 254923 383377 500156 406263 547643 447717 422896 110035 196857 283977 632692 527847 498298 421433 396702 289870 284401 589321 282381 247053 291988 537055 460029 357566 121027 381700 425450 361924 89084 142133 458787 417966 128751 294543 414047 517968 507821 590178 301325 310429 544799 486781 605458 356347 480077 182217 244881 217249 384537 202400 479057 112988 350640 364127 555179 247669 357272 505806 273950 476550 187678 293127 441147 576293 178091 195103 142440
823463 546374 487106 379142 999999999 533708 917698 352883 591574 741914 258599 555873 675000 547594 206024 805379 374429 350656 749293 792488 607962 676503 627208 1004050 432897 261621 192459 752936 745361 465673 570929 449037 193764 631465 314316 404797 785365 420392 826825 659893 481291 497337 269296 1011525 321192 149374 660718 763826 666904 308309 968123 337867 354099 670389 662487 613910 307243 470965 517762 792731 81544 404824 384681 821004 721931 353911 301529 419481 275875 133672 789790 640933 482857 169658 483196 787858 387505 809670 561278 550044 169881 215860 505430 605709 431270 715056 626363 929469 495695 547647 402959 365565 842852 489961 558240 212991 197159 348708 496104 246905
351097 399157 526214 154759 533708 999999999 410572 296040 606027 317359 785101 173617 642442 25796 495460 444639 212946 282357 507147 354783 654025 503807 301547 470867 498847 346381 348483 583070 341974 189644 207241 262077 413937 103216 504394 612480 251694 663566 293663 386709 77602 181744 403466 477940 662176 648863 402276 262303 136792 402245 435911 390756 348482 141074 547539 485005 478508 119847 430499 280339 515360 168886 230730 317510 349178 229380 404186 495287 658819 661389 573527 198535 342732 699531 573655 596927 440699 381277 31805 217822 369433 517528 198451 497249 150864 223044 339607 407947 270499 365317 619462 371860 331219 193361 267363 577965 730864 273171 197571 294991
123676 533937 709976 550163 917698 410572 999999999 703550 972193 511730 1151727 370164 987057 388711 821270 308285 622799 590918 469474 189731 783851 816378 601347 190951 714199 756700 725259 572698 251018 580655 539746 651408 758564 349880 783324 855011 215927 907722 181856 681157 440953 560278 813922 233881 953841 1046751 429942 154125 322677 694819 156937 669613 628566 273696 876831 569937 761726 446741 587577 340146 880759 513145 543988 368522 294011 639819 813408 891608 969505 1050422 522784 466512 718796 1072855 766076 559177 840634 199520 378823 392962 765835 927580 428632 841250 558395 202653 400686 63347 473188 717467 864092 638710 345190 441352 608812 987276 1111561 682206 437092 670846
646369 566790 617224 205289 352883 296040 703550 999999999 355979 397952 606488 422923 417649 320362 436991 714501 85949 352359 734370 644004 758412 351282 275183 734065 569955 91877 252667 784529 620766 136497 231797 97140 354049 360576 506759 627089 519456 665866 564000 309380 296306 166826 120024 729738 610570 415654 626631 558090 393742 425619 704804 436073 413117 429971 359701 656973 484036 321463 571762 483494 380951 292822 334627 502752 617524 76784 111102 209355 583093 449799 794604 313374 141211 517312 645065 808728 151851 669048 327595 448811 200248 243007 407411 299243 145505 518809 569363 693889 450993 204488 630338 439659 529335 392895 206759 306421 530842 27216 400293 237679
945888 922690 965612 557369 591574 606027 972193 355979 999999999 508251 787298 761710 86264 631775 747621 1048550 431936 706927 1085320 959056 1106170 210597 380598 942169 915733 393390 581422 1139605 947715 416775 432610 345732 677074 627765 836023 952239 760745 983230 801972 320846 632474 425962 344484 922018 904046 560077 977102 847683 650815 768134 924446 782902 764561 711228 146629 1012946 816371 665467 927235 668454 654126 646275 690573 665051 951855 429775 313587 175076 864174 619604 1147202 508288 263306 710811 988076 1162820 222195 986115 633389 794018 506999 379914 755871 143059 468554 819104 917777 944548 804951 254757 953753 790362 696418 742409 363383 410966 697375 382630 749587 582644
529972 714271 842429 419577 741914 317359 511730 397952 508251 999999999 999649 478339 500168 330812 770345 693760 369101 586479 795812 569905 971382 319103 140009 440663 812342 488192 593632 882800 587475 276664 171149 302217 683092 248032 802145 916843 298753 965709 329924 188505 392380 245531 512013 416265 945952 813385 698898 431414 243429 701633 428774 695585 655835 316933 385615 797380 776203 436337 747602 174371 752900 474175 538802 159964 611383 388979 491806 494625 932183 847116 862971 120845 314071 910247 888332 890934 464135 597420 319844 525884 575188 632442 513885 365758 322241 426847 637634 468984 586994 274662 923001 681061 191032 510134 196776 694741 927348 395701 513891 551023
1048468 712248 595795 630598 258599 785101 1151727 606488 787298 999649 999999999 782470 873534 796763 345304 998073 632962 563433 909692 1008890 676858 908142 881670 1252274 549902 514616 436856 886720 955501 723876 828909 703516 393887 885181 427896 454225 1035543 437942 1075692 907910 726427 755636 508831 1262463 316107 227257 839231 999853 920335 478891 1215108 509121 541172 917837 883517 757256 437001 709487 670025 1049858 272248 641956 607991 1078919 925777 612384 538283 630054 264136 169176 935795 899532 728521 89409 567663 924727 612522 1022330 811010 767161 428194 416528 726276 831312 689611 950255 818749 1169625 698908 792205 447437 541585 1100244 712300 813140 376485 90323 604844 717325 491119
267845 240321 393143 223824 555873 173617 370164 422923 761710 478339 782470 999999999 805575 152704 451799 291612 337726 220787 334143 239715 506542 675251 475136 496540 379257 443262 364785 409910 202654 348551 380780 416663 388774 233197 423385 511490 307389 564765 334569 560273 129278 348124 507714 518771 593162 693011 228671 222146 249847 328812 456251 306237 263334 194897 715841 319547 399905 102836 281364 395877 512835 155991 174556 438032 194781 346751 518050 631932 603885 689528 400205 365192 501294 705266 446344 423311 574672 260189 160680 47978 418303 603870 60496 663068 293164 172848 166011 394577 125083 532123 519842 277635 441386 71471 439089 657314 746009 396352 67993 312528
971301 980398 1033553 611894 675000 642442 987057 417649 86264 500168 873534 805575 999999999 667803 825181 1087080 486672 769919 1134678 990058 1174600 182638 386200 940279 984934 465830 654247 1194181 983801 457065 453602 390276 751939 651106 910390 1027969 772333 1060650 811481 312746 677369 460715 421778 916375 984769 646325 1026529 871385 670490 838324 926035 851346 830376 735614 114659 1071214 889886 713404 988461 668797 735508 700895 749395 659930 991353 487502 389849 256014 946083 705737 1198057 520593 304956 796772 1058603 1215590 297421 1017605 667595 840995 582486 464968 805341 147312 514730 846895 965883 954481 858958 278273 1029868 856703 691126 792763 384397 497155 783630 443149 799709 651070
326209 383593 516553 168779 547594 25796 388711 320362 631775 330812 796763 152704 667803 999999999 500014 419339 236526 281149 484828 329042 641849 527691 323126 456514 491478 368034 359931 562612 316357 215439 229751 287865 420388 101509 503389 608876 238783 660538 279373 408913 76095 207191 426177 465732 663909 665966 380838 238917 131734 401442 420592 388117 345140 123288 572262 467952 477677 113034 417206 279849 525862 169697 228541 318682 324154 252318 427793 520660 662669 676596 551449 214201 368474 712023 565275 575528 465875 355502 15036 198365 385507 538873 183072 522389 175622 198447 318191 388530 256303 390424 616117 367470 330104 179759 291378 598776 744670 297046 183226 305710
711913 369601 283229 354395 206024 495460 821270 436991 747621 770345 345304 451799 825181 500014 999999999 652771 415724 231804 570476 668084 402029 787668 683124 940778 229843 363837 185948 560197 612774 504633 605080 517936 87596 598608 108352 207791 732697 235614 768681 737460 424301 531850 403531 957242 177054 347998 494793 673606 631218 133693 901618 163817 197446 611812 789468 424050 103989 396311 331450 775124 124901 331483 282505 810593 581624 400158 435333 572801 163816 310646 603025 654462 578196 284190 277177 596742 527766 680005 515034 429917 244154 399075 392656 729371 449354 624016 473532 845850 356599 640847 208016 196307 826196 380337 616185 412085 334683 420502 384292 219935
198511 294967 459762 514147 805379 444639 308285 714501 1048550 693760 998073 291612 1087080 419339 652771 999999999 629142 455253 164435 134810 500892 943425 730977 497789 481488 731794 625837 266336 107000 632088 643291 702857 617115 456352 582142 620630 422318 669402 417444 817975 419280 626370 796852 538451 743187 951376 165703 273248 451944 519299 460917 488958 459052 377924 990814 293950 566967 393879 346222 554555 746312 437232 429139 594458 97130 638361 808680 923357 772344 936579 214501 602383 785904 932828 513075 250942 866189 113533 420314 271763 691784 886520 317442 941691 581637 267242 180224 367823 309866 809715 630085 456549 582501 333594 708658 936141 979969 687962 326218 580029
561769 493757 560762 125600 374429 212946 622799 85949 431936 369101 632962 337726 486672 236526 415724 629142 999999999 289751 653836 558231 701349 394601 267878 664426 517008 139749 231298 708329 534870 92720 198077 109183 328658 286381 469763 590150 446664 633194 490950 323789 210477 123582 191545 663576 592682 462554 545727 475207 320953 379299 633194 384559 355688 350210 415417 584626 445292 237077 503652 426454 384430 214671 263587 450938 532092 20957 191283 294222 572274 487405 715317 266932 188014 543775 593829 730981 237089 583181 244723 365212 206228 309670 325081 356407 66545 434710 487278 616315 373261 240718 594503 382833 474968 311126 200468 371927 564837 60835 318407 199008
485066 225055 272050 177426 350656 282357 590918 352359 706927 586479 563433 220787 769919 281149 231804 455253 289751 999999999 417198 446854 411956 683614 528935 709832 231909 324931 174165 446270 396467 355717 438014 397851 169805 382526 222289 331349 505186 381694 539445 600226 205704 374165 387736 727639 384629 496130 318581 442025 412405 120296 670412 109329 70096 384414 704776 311262 196534 170440 220960 560950 297344 113947 53076 599293 371469 284551 409929 546764 388512 482987 468302 465856 477534 488958 309373 475359 490732 462049 296010 204031 248796 450517 163026 645319 290336 392378 277689 614145 145399 529604 337980 96662 611251 149616 470528 492367 532394 326805 154219 138250
352762 203113 331294 529308 749293 507147 469474 734370 1085320 795812 909692 334143 1134678 484828 570476 164435 653836 417198 999999999 284877 345252 1009272 807918 656450 365682 731003 590318 103339 233511 679446 714331 744402 555539 548490 482271 494868 553224 539020 556965 893694 458521 681357 796038 695285 628302 898600 108249 407749 553528 443777 618246 413204 395775 482188 1048538 157670 472897 421274 239800 677330 679997 441732 410138 719202 195895 658043 813862 941958 665009 873640 67210 690919 829736 854584 378951 97248 884301 270319 490646 294410 665956 867506 329634 994520 619953 386550 169229 526795 285641 864586 504167 383986 712043 342910 773219 909195 905085 707155 335744 554467
68162 350400 526260 457163 792488 354783 189731 644004 959056 569905 1008890 239715 990058 329042 668084 134810 558231 446854 284877 999999999 594500 836670 620523 372204 535366 676548 603050 388043 62679 544107 538463 616755 616440 343605 616240 677101 289294 728964 282718 706910 350654 533096 739550 410450 785054 931887 240541 141160 333089 536310 333564 508439 470867 260464 888478 380633 596778 338097 404504 423148 744089 395683 407900 462157 105067 570901 746447 848508 806115 926070 343163 487430 696030 935796 582133 378545 792871 27974 326042 243160 658002 841027 287076 843059 502483 146120 216558 243254 311561 711867 686376 476172 448967 302542 606507 895796 978956 618905 296394 551666
660394 268370 141191 587295 607962 654025 783851 758412 1106170 971382 676858 506542 1174600 641849 402029 500892 701349 411956 345252 594500 999999999 1095555 933983 957434 190735 713455 528068 267291 532838 765846 840058 809768 442997 735931 294127 223036 804240 243864 822664 1009216 579916 781799 768463 990051 361823 745903 353966 681277 755738 338869 916953 323381 346128 700118 1115304 213914 305087 535536 225649 902358 526559 508656 446552 944566 489840 694959 796319 937415 412723 700901 330696 851903 888596 649279 125182 303361 884830 589124 654065 459523 607392 792008 460303 1055420 699975 643112 389271 833171 386513 941541 229482 319194 947189 462148 879302 811872 702602 734281 459058 523785
811201 875267 955220 510675 676503 503807 816378 351282 210597 319103 908142 675251 182638 527691 787668 943425 394601 683614 1009272 836670 1095555 999999999 217557 759759 911537 427497 603947 1078816 837603 336021 300135 285801 705327 493237 857053 977621 600516 1017076 637728 135321 552689 328897 407207 734752 959464 688105 902668 710345 507869 771759 746984 778694 750252 577303 68664 965900 833775 593490 891931 490269 720860 595916 652801 479067 850320 402845 375113 287212 928797 739751 1074895 353578 210997 823442 988206 1096147 295660 864580 524575 715704 546506 492976 685857 82913 400972 691077 840385 780187 747834 154015 981106 777410 510091 675436 236455 542380 822080 370457 681715 585817
593711 693289 797825 352002 627208 301547 601347 275183 380598 140009 881670 475136 386200 323126 683124 730977 267878 528935 807918 620523 933983 217557 999999999 561696 760713 367059 499176 884471 624413 179216 95614 178275 595758 276956 730505 849475 386201 895031 425348 87004 362568 155523 382032 542758 860171 685656 703739 492830 290363 634537 543973 634222 598853 360452 275556 781831 705210 406387 717867 287927 648245 425346 488244 287036 639873 284963 359050 354632 840106 723624 874575 136150 174999 792490 838126 898423 324930 648481 317540 519028 466785 499475 495452 242349 240619 474578 641067 568370 563595 135794 854585 625596 318197 487519 69130 560771 805275 278864 492912 464440
304048 697419 870683 624961 1004050 470867 190951 734065 942169 440663 1252274 496540 940279 456514 940778 497789 664426 709832 656450 372204 957434 759759 561696 999999999 867371 804123 815886 759775 429377 599275 528126 661476 868080 379030 919904 1004641 219693 1057956 177253 627616 525901 571987 852547 46118 1089407 1118446 606569 281207 343852 824001 40900 802534 759294 334453 825940 744704 896262 546262 749261 273774 980469 613261 658310 280714 471850 684206 844666 895142 1097891 1132256 711955 442718 711789 1168252 926460 748099 851301 386429 442774 531199 840190 973531 556952 802029 597975 326757 568550 129979 615271 693273 1013314 774174 249849 566242 590469 1036185 1201161 717910 563924 761318
593020 188014 54561 409314 432897 498847 714199 569955 915733 812342 549902 379257 984934 491478 229843 481488 517008 231909 365682 535366 190735 911537 760713 867371 999999999 522800 337470 337101 473507 587323 669136 626097 255725 591235 125229 141769 686642 193757 712877 831941 421605 606071 577794 893625 263777 577589 315795 586294 616264 148146 826514 133881 162489 571869 928391 209282 126087 379268 135309 766302 353399 339063 274504 807074 434122 509107 605583 746683 299379 539876 386320 691533 702713 503963 77467 374928 694213 539052 505245 338359 417158 605223 322757 868223 522147 541048 319512 753238 254732 757725 151085 135422 814458 319150 702349 629022 556537 546462 318480 333863
687518 548790 573413 219885 261621 346381 756700 91877 393390 488192 514616 443262 465830 368034 363837 731794 139749 324931 731003 676548 713455 427497 367059 804123 522800 999999999 188466 769866 645682 218564 319777 188928 286692 425726 444662 562915 586042 597677 630220 398697 326546 250362 65427 803237 532569 327605 625676 606264 460496 374926 772655 390758 375832 486374 425732 636147 424061 340706 545118 563548 294745 295602 321170 585762 636412 119976 85065 224550 501329 358926 787214 397969 224010 425435 594703 797362 171447 699790 378014 460417 119931 171273 415609 365791 206149 563072 572983 753335 445530 288874 565173 400608 611055 399818 298565 232690 439485 93377 407318 191994
631794 393366 389635 194595 192459 348483 725259 252667 581422 593632 436856 364785 654247 359931 185948 625837 231298 174165 590318 603050 528068 603947 499176 815886 337470 188466 999999999 612315 558483 322096 425060 332011 101384 449503 256727 376006 598700 413381 639050 551621 290691 350760 240441 825608 362179 328988 492743 571437 484366 189445 779146 209097 203846 481471 609490 473879 235665 278552 378392 618680 167371 212403 197721 650567 538055 214854 268945 410105 341072 325612 639137 481898 393561 352404 407470 643587 359231 621371 374155 362483 81098 280626 316898 549050 271510 522611 450621 737790 317505 455540 378778 225026 669637 301021 431532 318923 387378 234968 307554 54849
456008 221266 291842 582740 752936 583070 572698 784529 1139605 882800 886720 409910 1194181 562612 560197 266336 708329 446270 103339 388043 267291 1078816 884471 759775 337101 769866 612315 999999999 335316 744518 789524 805448 561316 634770 461330 448931 651536 486813 657349 968826 526288 749942 833533 798491 588683 901622 183908 508048 643008 444931 721513 416226 409407 573706 1113825 139586 457417 485462 236326 772468 678163 493659 451180 814707 296100 709838 854440 988035 631182 870018 63999 773695 890555 840174 329365 38599 930907 373645 570148 365462 691607 892895 392970 1057874 682052 483873 245534 630134 335237 930344 457723 391697 809060 403805 844695 928971 892345 757535 397327 584065
127641 287932 463673 425920 745361 341974 251018 620766 947715 587475 955501 202654 983801 316357 612774 107000 534870 396467 233511 62679 532838 837603 624413 429377 473507 645682 558483 335316 999999999 530952 537528 602615 564965 349384 557066 615275 323300 666953 324034 711390 324501 523485 709885 465846 725089 887320 179003 175383 345167 480035 389894 451484 415333 271149 885999 318926 538264 304977 342052 452542 693565 356743 361251 493328 43023 545726 719224 828218 747475 878538 295756 495400 684526 884325 519515 329703 771610 67456 316222 196000 617796 806276 241784 837806 483607 162111 154235 301948 256612 705882 624578 418987 483440 257853 603566 859009 928684 594793 251101 508820
536424 539253 627253 178652 465673 189644 580655 136497 416775 276664 723876 348551 457065 215439 504633 632088 92720 355717 679446 544107 765846 336021 179216 599275 587323 218564 322096 744518 530952 999999999 105522 72844 417123 231817 551727 671105 387358 716148 431845 244642 220990 32000 256492 593780 681665 546097 571688 442126 262894 456888 571116 458218 424846 308227 369594 629883 526570 259344 556995 347168 477142 260634 319769 367591 535651 112328 245765 311402 663087 574916 743876 179418 153816 634542 664762 763365 260039 570778 218157 385087 298534 379376 351975 315090 65938 408173 510260 565761 412000 185842 676041 451906 393538 340714 115550 442766 653730 125542 347244 285410
517701 597728 704864 262806 570929 207241 539746 231797 432610 171149 828909 380780 453602 229751 605080 643291 198077 438014 714331 538463 840058 300135 95614 528126 669136 319777 425060 789524 537528 105522 999999999 141170 517501 197504 645110 762765 330678 809659 373398 179495 266959 74703 349817 516544 781731 646866 609447 417862 218368 547093 504569 544874 508103 282021 350017 686217 619481 310826 622795 261559 582290 331835 395440 274885 550434 217847 333568 367039 765301 678137 780763 86774 184163 739532 746395 804043 324835 566248 225374 424073 404055 472404 399884 306299 155978 393974 546790 514483 468020 178210 768269 534552 303294 391905 69585 535613 757686 226545 397303 385145
609196 595219 669428 226925 449037 262077 651408 97140 345732 302217 703516 416663 390276 287865 517936 702857 109183 397851 744402 616755 809768 285801 178275 661476 626097 188928 332011 805448 602615 72844 141170 999999999 432051 301687 577350 697933 453841 740006 498061 219776 287743 91585 210256 653058 694007 511303 636260 514511 331241 488227 635117 493742 464523 379981 310213 686211 553199 323128 608529 400754 472819 314482 368514 415906 606126 119817 192533 240229 670054 546740 807892 226723 85361 614289 702976 825931 191110 643341 290916 450876 291020 332059 415151 252774 124461 480977 575648 634405 470743 131790 702049 491694 443956 402787 109638 395063 627930 101696 409659 305579
654633 352613 309985 268856 193764 413937 758564 354049 677074 683092 393887 388774 751939 420388 87596 617115 328658 169805 555539 616440 442997 705327 595758 868080 255725 286692 101384 561316 564965 417123 517501 432051 999999999 517113 159019 276225 656265 312206 693809 651190 345659 444258 333091 882295 264549 343115 468258 607725 550490 116839 829640 145117 160886 535912 710214 421855 140727 321819 325279 692200 129297 255002 214587 726799 537934 313540 363490 503701 249566 320606 596496 567739 494925 319453 319142 595564 455274 631083 435306 373822 170108 349572 332416 649835 361825 558016 437066 778791 309865 556733 278532 171865 743340 318419 529044 374572 364062 336141 323446 132369
320206 472647 614248 254923 631465 103216 349880 360576 627765 248032 885181 233197 651106 101509 598608 456352 286381 382526 548490 343605 735931 493237 276956 379030 591235 425726 449503 634770 349384 231817 197504 301687 517113 999999999 604804 710234 160317 761983 204569 363524 176967 210411 476598 381558 764467 740293 450866 220468 35578 502798 346938 489622 446607 84578 546513 552635 579058 214284 510351 178429 616776 270311 330015 217222 368481 305757 471654 541914 761867 756693 615695 146057 369984 798781 664125 643160 491716 371553 86881 281160 464407 596043 275717 503803 219843 197840 389697 334170 349466 374827 717521 468748 228901 275156 266865 658257 828323 342063 277505 396720
667196 288993 176800 383377 314316 504394 783324 506759 836023 802145 427896 423385 910390 503389 108352 582142 469763 222289 482271 616240 294127 857053 730505 919904 125229 444662 256727 461330 557066 551727 645110 577350 159019 604804 999999999 120666 722757 164603 754575 793175 427983 575441 492108 941148 170597 455626 418455 643373 634427 102151 879636 117913 161688 602884 865522 329460 26018 391888 243295 783221 233250 335556 274898 821557 521547 457534 522460 662715 190908 415651 508324 682547 646056 378978 169054 498808 614102 624362 518218 391837 329117 501322 362952 805026 490428 595044 408300 815046 310139 705882 124743 145863 833463 354074 666731 518242 431419 486601 356069 271927
734334 329194 163696 500156 404797 612480 855011 627089 952239 916843 454225 511490 1027969 608876 207791 620630 590150 331349 494868 677101 223036 977621 849475 1004641 141769 562915 376006 448931 615275 671105 762765 697933 276225 710234 120666 999999999 817429 53338 846043 913298 535065 694125 607770 1029343 141762 533192 455312 724208 737963 215772 963886 222079 264011 699860 985398 337397 144871 495950 275723 887911 324127 445162 381826 927442 575831 578125 638816 778033 190286 483996 505256 796547 766630 427306 119600 487527 730947 680781 623362 473638 445561 606430 452641 924927 609001 677886 461267 892736 389485 826546 9455 241544 937350 446605 786355 616129 480519 607164 447144 392582
238242 536089 699077 406263 785365 251694 215927 519456 760745 298753 1035543 307389 772333 238783 732697 422318 446664 505186 553224 289294 804240 600516 386201 219693 686642 586042 598700 651536 323300 387358 330678 453841 656265 160317 722757 817429 999999999 870531 44551 465260 311005 362521 636463 226970 889312 898758 475086 149104 125905 623288 186650 604904 561090 120938 661409 600979 697990 336452 582999 135550 764537 401694 452405 173054 357526 466074 630528 692484 893106 912893 617677 252739 513592 950638 753038 650400 644951 314840 224574 350059 620688 756298 364934 627286 380120 167940 422849 183948 432251 506255 825560 579169 160329 370959 398360 818566 982524 501788 370284 544485
786755 380000 210036 547643 420392 663566 907722 665866 983230 965709 437942 564765 1060650 660538 235614 669402 633194 381694 539020 728964 243864 1017076 895031 1057956 193757 597677 413381 486813 666953 716148 809659 740006 312206 761983 164603 53338 870531 999999999 899302 956905 586312 740029 639111 1082679 122333 539541 504627 777472 790070 264090 1017196 272811 315408 752750 1022310 382448 190180 547752 326168 939888 342097 495639 432839 979203 627134 620276 670815 808372 176416 486417 545219 845722 806325 421421 160134 525256 763231 732113 675103 526973 478730 628646 505826 961970 655029 731203 512787 945823 442820 867259 44971 293671 989485 499635 830991 633318 473807 647022 500259 434500
224800 555660 722510 447717 826825 293663 181856 564000 801972 329924 1075692 334569 811481 279373 768681 417444 490950 539445 556965 282718 822664 637728 425348 177253 712877 630220 639050 657349 324034 431845 373398 498061 693809 204569 754575 846043 44551 899302 999999999 502420 349766 406829 680923 188601 922391 941780 485486 149311 170381 656239 142821 636674 592969 158179 699736 615840 730171 372578 604333 158892 804185 438827 487069 190416 361361 510272 675074 736380 927917 955043 619788 293688 556824 991320 777187 653600 689161 306311 265551 374668 663058 800611 393683 667230 424412 179927 436746 143025 458167 547864 854364 609924 171133 401006 440464 862804 1023950 546266 399689 584594
678706 774120 871356 422896 659893 386709 681157 309380 320846 188505 907910 560273 312746 408913 737460 817975 323789 600226 893694 706910 1009216 135321 87004 627616 831941 398697 551621 968826 711390 244642 179495 219776 651190 363524 793175 913298 465260 956905 502420 999999999 444566 227514 399660 604521 913726 700702 788941 577780 375583 700409 613405 702650 669475 446588 198801 863435 768450 487703 796416 356245 690198 501352 562665 347591 726825 337732 371973 333365 889653 744480 960195 220527 179698 819778 909388 983534 317321 734879 403827 603431 508868 507807 578125 177869 309913 560859 726283 644940 644718 118391 917861 696519 378883 569450 129923 565648 827173 320029 575120 522772
361850 330914 450092 110035 481291 77602 440953 296306 632474 392380 726427 129278 677369 76095 424301 419280 210477 205704 458521 350654 579916 552689 362568 525901 421605 326546 290691 526288 324501 220990 266959 287743 345659 176967 427983 535065 311005 586312 349766 444566 999999999 223812 388997 537664 587839 606076 350937 287143 207827 325912 488713 313551 271055 191620 590088 419275 402189 44550 358313 355376 454574 93603 153551 393591 322153 221341 396014 504389 586721 612375 523230 272212 372662 642977 496766 543581 447475 374661 91118 164119 324968 493718 133747 536076 163922 240672 289305 448560 201188 406129 542111 294279 405849 124985 318609 550954 677654 270294 130556 235901
521710 548948 644365 196857 497337 181744 560278 166826 425962 245531 755636 348124 460715 207191 531850 626370 123582 374165 681357 533096 781799 328897 155523 571987 606071 250362 350760 749942 523485 32000 74703 91585 444258 210411 575441 694125 362521 740029 406829 227514 223812 999999999 286802 565265 708734 577945 574266 425479 239657 479043 544745 478804 443903 289993 367747 639027 550042 264808 569436 316748 507605 273879 335267 336262 530707 143628 274680 331632 691364 606916 746579 147628 163251 666324 683531 767363 282555 560188 207751 387230 329763 409825 357014 315946 85134 394043 512212 542820 420333 184304 699318 470765 362556 346855 97799 473241 685703 157177 353022 312062
748569 612306 629540 283977 269296 403466 813922 120024 344484 512013 508831 507714 421778 426177 403531 796852 191545 387736 796038 739550 768463 407207 382032 852547 577794 65427 240441 833533 709885 256492 349817 210256 333091 476598 492108 607770 636463 639111 680923 399660 388997 286802 999999999 849135 564683 303765 690926 665058 510558 429665 822512 447644 435699 541721 395482 698931 473134 404986 606893 603511 318099 360973 386011 622388 701277 174106 32884 170613 528712 344890 851841 432820 219986 421418 647733 861491 124620 763153 435262 525634 163066 123052 480936 337521 257421 623012 638398 807810 510688 283377 609270 459689 649199 465174 316470 186466 427528 134717 472678 252227
342536 727555 899223 632692 1011525 477940 233881 729738 922018 416265 1262463 518771 916375 465732 957242 538451 663576 727639 695285 410450 990051 734752 542758 46118 893625 803237 825608 798491 465846 593780 516544 653058 882295 381558 941148 1029343 226970 1082679 188601 604521 537664 565265 849135 999999999 1109725 1121674 641358 309905 345990 843701 77575 823375 779822 346417 801765 778306 917045 561179 778595 256785 991504 627353 675429 257141 507820 683783 839534 883041 1116151 1137999 752043 430079 698721 1177364 954713 787968 841194 426136 451453 555838 845645 971101 578771 780661 597560 352811 600781 171450 639974 676339 1037866 795881 225776 587085 576209 1034139 1208647 715005 585281 771442
837208 448234 298733 527847 321192 662176 953841 610570 904046 945952 316107 593162 984769 663909 177054 743187 592682 384629 628302 785054 361823 959464 860171 1089407 263777 532569 362179 588683 725089 681665 781731 694007 264549 764467 170597 141762 889312 122333 922391 913726 587839 708734 564683 1109725 999999999 426410 577716 813751 795629 266160 1049281 286929 330124 768769 957348 470839 193279 554936 397678 942486 250285 494262 437681 979389 688333 576878 597367 729282 54721 370233 643369 829002 751590 300501 260392 627263 689095 792105 678910 562390 413008 535929 532669 897846 625851 765259 574054 985558 480685 815000 133919 316182 993265 523176 793150 532449 352391 595436 525523 396686
958726 695727 631206 498298 149374 648863 1046751 415654 560077 813385 227257 693011 646325 665966 347998 951376 462554 496130 898600 931887 745903 688105 685656 1118446 577589 327605 328988 901622 887320 546097 646866 511303 343115 740293 455626 533192 898758 539541 941780 700702 606076 577945 303765 1121674 426410 999999999 809201 892681 775811 457429 1084446 487142 503184 789114 659583 762832 451504 602057 666870 889006 224541 538445 526155 912683 865868 441689 329102 405531 373760 63607 939077 725515 521506 156713 622587 936792 393333 950358 678560 691346 281200 195535 645868 609278 526484 845022 773269 1053477 641529 582790 529832 514937 937329 630009 619400 149589 137339 420942 636523 380489
306641 129816 295767 421433 660718 402276 429942 626631 977102 698898 839231 228671 1026529 380838 494793 165703 545727 318581 108249 240541 353966 902668 703739 606569 315795 625676 492743 183908 179003 571688 609447 636260 468258 450866 418455 455312 475086 504627 485486 788941 350937 574266 690926 641358 577716 809201 999999999 337882 459402 362871 566555 332064 307455 390923 941021 140095 404585 313149 180519 591502 595938 334317 306097 633966 135980 550185 707860 834622 607863 788770 172320 590378 721606 777760 350149 194697 776932 236289 387656 187037 565916 766515 221387 886695 511828 307394 62673 480408 180447 757064 464763 300544 629959 234702 667014 810537 826513 599417 227516 453579
100926 417657 589771 396702 763826 262303 154125 558090 847683 431414 999853 222146 871385 238917 673606 273248 475207 442025 407749 141160 681277 710345 492830 281207 586294 606264 571437 508048 175383 442126 417862 514511 607725 220468 643373 724208 149104 777472 149311 577780 287143 425479 665058 309905 813751 892681 337882 999999999 202476 550646 240316 527212 484837 136456 765721 471254 620552 292887 468782 282043 728285 359619 393377 321384 212056 491232 666476 753121 825835 896414 470974 357265 587868 920054 645446 504517 700088 167672 230592 251974 611853 776502 282241 724116 412623 49720 292453 172433 335518 595268 732972 497580 309391 293542 487305 835470 958124 535469 290091 516930
303349 490163 637141 289870 666904 136792 322677 393742 650815 243429 920335 249847 670490 131734 631218 451944 320953 412405 553528 333089 755738 507869 290363 343852 616264 460496 484366 643008 345167 262894 218368 331241 550490 35578 634427 737963 125905 790070 170381 375583 207827 239657 510558 345990 795629 775811 459402 202476 999999999 532669 312252 518403 475062 74023 563663 567352 608815 242702 530147 150175 651548 301429 359559 190865 367992 340526 504839 571145 794156 792262 620565 155112 396162 834070 688034 649343 522025 361022 116722 297613 499966 630508 297003 523464 254418 187265 399540 303190 370230 396578 745430 496448 199418 298025 287898 692879 863803 375888 299680 431332
582448 240888 200267 284401 308309 402245 694819 425619 768134 701633 478891 328812 838324 401442 133693 519299 379299 120296 443777 536310 338869 771759 634537 824001 148146 374926 189445 444931 480035 456888 547093 488227 116839 502798 102151 215772 623288 264090 656239 700409 325912 479043 429665 843701 266160 457429 362871 550646 532669 999999999 784068 30849 66272 502911 785169 305678 76283 290402 209457 681226 236306 233407 173137 719453 448203 369169 457464 598589 275210 429919 481769 581642 561422 414915 220279 479591 546373 547396 416306 301886 269581 461631 268455 724772 393920 501587 339867 723004 224924 618809 221566 62762 731546 258012 572393 490128 463751 403206 260848 188054
265509 656594 829790 589321 968123 435911 156937 704804 924446 428774 1215108 456251 926035 420592 901618 460917 633194 670412 618246 333564 916953 746984 543973 40900 826514 772655 779146 721513 389894 571116 504569 635117 829640 346938 879636 963886 186650 1017196 142821 613405 488713 544745 822512 77575 1049281 1084446 566555 240316 312252 784068 999999999 762371 719207 297808 812182 704404 856085 507871 708391 257252 943095 575067 619113 270107 432189 652681 815720 870941 1058215 1097033 674630 420482 688703 1131546 885563 710611 825716 348760 407146 490526 805324 942754 516702 785678 566652 286028 527950 94058 574567 673337 972573 733857 240456 526183 568714 1005119 1165124 687796 523760 724464
555892 210215 182739 282381 337867 390756 669613 436073 782902 695585 509121 306237 851346 388117 163817 488958 384559 109329 413204 508439 323381 778694 634222 802534 133881 390758 209097 416226 451484 458218 544874 493742 145117 489622 117913 222079 604904 272811 636674 702650 313551 478804 447644 823375 286929 487142 332064 527212 518403 30849 762371 999999999 43825 485181 794653 276740 93734 275715 180179 667819 266795 223084 160034 706775 418967 375933 474411 615175 299923 460437 451935 575048 569326 445700 209632 450468 561896 518911 402788 276807 290073 485444 245742 734442 393995 478510 309810 699317 197763 625103 228829 32656 717736 236398 573708 516035 494596 412640 238615 200405
516303 193819 205186 247053 354099 348482 628566 413117 764561 655835 541172 263334 830376 345140 197446 459052 355688 70096 395775 470867 346128 750252 598853 759294 162489 375832 203846 409407 415333 424846 508103 464523 160886 446607 161688 264011 561090 315408 592969 669475 271055 443903 435699 779822 330124 503184 307455 484837 475062 66272 719207 43825 999999999 441358 769178 270399 137233 232469 174562 624654 288682 182008 117981 663818 384637 348856 460593 600091 341237 481316 439651 535095 542536 473804 239916 441688 545382 482560 359734 235621 284321 484285 202866 709320 359752 435923 278883 657117 159307 596288 271081 27189 674448 193054 539939 519611 521061 388538 195510 183877
235690 432269 587866 291988 670389 141074 273696 429971 711228 316933 917837 194897 735614 123288 611812 377924 350210 384414 482188 260464 700118 577303 360452 334453 571869 486374 481471 573706 271149 308227 282021 379981 535912 84578 602884 699860 120938 752750 158179 446588 191620 289993 541721 346417 768769 789114 390923 136456 74023 502911 297808 485181 441358 999999999 631044 504990 577936 215529 475703 203446 646144 281067 331563 246030 294552 367918 540126 619628 772181 799795 549013 226995 451787 833866 640638 578550 567719 288437 110595 240818 508789 657646 249114 588304 285107 114345 332645 267081 319510 458984 707809 460201 247073 253525 351288 718514 867341 409021 253593 426871
866245 905350 974265 537055 662487 547539 876831 359701 146629 385615 883517 715841 114659 572262 789468 990814 415417 704776 1048538 888478 1115304 68664 275556 825940 928391 425732 609490 1113825 885999 369594 350017 310213 710214 546513 865522 985398 661409 1022310 699736 198801 590088 367747 395482 801765 957348 659583 941021 765721 563663 785169 812182 794653 769178 631044 999999999 996326 843248 628930 918387 555045 713320 624643 678205 545457 896333 420452 362629 254064 923466 714366 1113292 411297 227405 801224 1004102 1132957 275197 916254 570542 754144 545644 467046 721555 60507 431937 743820 879310 842586 780069 183959 988265 796127 576618 710118 282512 511142 795645 382117 716725 597354
446500 91002 173725 460029 613910 485005 569937 656973 1012946 797380 757256 319547 1071214 467952 424050 293950 584626 311262 157670 380633 213914 965900 781831 744704 209282 636147 473879 139586 318926 629883 686217 686211 421855 552635 329460 337397 600979 382448 615840 863435 419275 639027 698931 778306 470839 762832 140095 471254 567352 305678 704404 276740 270399 504990 996326 999999999 322822 375751 96740 708395 539977 371736 322401 750999 275926 584096 721094 856898 508524 732568 179224 682152 770362 706368 222891 173961 800302 375878 477930 271701 553707 754495 286979 938856 565340 435962 179146 619618 218805 814491 346727 252165 750369 294312 735955 789706 757934 630350 289009 447821
