NAME : synthetic_000226
TYPE : CTSP-D
DIMENSION : 100
GROUPS : 8
RELAXATION_LEVEL : 1
EDGE_WEIGHT_TYPE : EXPLICIT
EDGE_WEIGHT_FORMAT : FULL_MATRIX
EDGE_WEIGHT_SECTION
999999999 713501 356806 888065 457612 154473 195289 655537 677754 191574 245352 179525 178162 810895 416326 919404 728190 362351 622520 713652 374692 350425 332434 599273 386914 667117 253728 311762 582571 680493 33082 900468 520876 409477 510899 259769 717906 408167 830774 567326 583139 570352 515757 382022 177667 885493 636903 593686 84022 887722 70385 172446 228566 539695 473307 73384 488242 197687 728618 525132 665516 949401 763052 528448 561238 719762 437022 195920 555551 749680 1044550 213613 339104 498154 339904 918031 592876 520966 390262 349432 546592 873595 400666 684124 920588 556318 171578 503524 659210 522373 242071 758381 833490 864074 347899 582706 82625 786444 678322 372514
713501 999999999 394496 617567 269129 791230 641541 567970 577462 571696 582718 537661 863116 152090 420921 711398 118777 779092 682715 393218 753384 375613 464131 710820 336553 433172 887065 784242 149001 449463 716420 187960 192699 881476 625632 727115 196860 416719 323896 170120 288088 547239 826817 390572 865633 577640 76632 746938 786000 467727 783779 591098 485762 336089 667930 650496 410093 816031 18375 637962 308402 291054 94392 521737 738002 91947 808433 517697 695143 258749 335338 648471 668117 224432 908805 636963 586880 302274 507474 518055 200529 196626 996873 809657 318376 163190 558072 282587 419530 707759 484658 625932 312534 423229 935955 130935 638570 146401 138517 456069
356806 394496 999999999 582349 217497 402779 247611 387518 408294 183496 350065 218674 480098 464474 336957 638158 448724 397328 428487 374056 376867 184757 296432 433073 73490 342721 494269 394203 302693 359627 370968 571394 215847 497516 558664 334152 472445 90698 475060 297770 228290 548675 479450 34233 483423 568282 321390 454052 439136 544710 424930 305731 172303 388829 339328 284843 394845 423997 412037 575518 313343 597256 423034 503380 432160 377823 440376 187313 629570 392967 707616 393248 290309 171167 515008 611660 353134 165514 389952 366648 293895 527624 602777 540101 564160 268240 185604 308737 331457 392162 116272 488402 477205 516331 541696 274812 301352 438513 329076 327933
888065 617567 582349 999999999 705911 851191 703861 242260 222097 698260 932345 795239 934799 514510 880902 100035 736070 668036 347363 238261 633307 743033 865409 394222 611693 241788 890875 715067 680536 223773 912702 645587 620832 742716 1115560 705000 810433 499521 319339 695485 399932 1076998 586932 548267 940336 47988 611270 433438 970501 186223 942782 884853 753486 871693 478269 817187 915690 844576 629939 1131691 329135 506841 543087 1037342 454828 526393 634915 763261 1189197 360163 679319 974074 597290 579588 840219 29988 315107 447290 952454 937194 717930 535747 914321 418076 416207 657950 731442 787513 254701 463694 684194 159873 334593 222585 871899 621741 859393 498707 483983 887806
457612 269129 217497 705911 999999999 557669 429179 560189 577872 349940 314929 278217 620346 397373 181591 780928 270770 606361 629513 470075 589199 108806 200691 640707 144604 469876 660688 594706 126309 488883 456137 456088 98505 703148 414719 529927 270707 291579 497728 109814 305992 371532 696805 237156 621951 679265 196583 665602 524438 612569 526733 322939 230355 179133 555337 402031 209957 589175 281436 430133 383166 543690 340401 331435 645867 305485 654927 264014 488582 410728 604233 379922 503642 126716 702758 732392 544019 263772 263935 263387 90423 454535 787133 747945 544607 105962 321411 93880 455657 606956 255901 650232 493008 573591 725757 143603 378460 379081 289878 203013
154473 791230 402779 851191 557669 999999999 163188 609771 630959 220133 396126 296563 84851 866720 552018 866212 825289 238649 546140 711532 260871 458625 469116 514026 454678 654369 106429 181571 675851 664288 184172 972677 601547 263434 664653 153566 827130 422387 851265 663880 608466 720039 393596 417442 89940 856940 715542 498876 184674 883215 144166 318978 332181 667937 392602 165955 625442 43225 807939 679096 681741 995828 825745 676909 465949 780589 311545 299009 710024 778006 1110350 368069 258406 567349 185440 880536 539455 550951 536979 496255 648036 929810 249655 583439 953969 645453 236847 619486 649545 432368 307758 706473 856683 866581 194360 664053 223154 840426 731054 511300
195289 641541 247611 703861 429179 163188 999999999 466363 488334 80809 361805 217894 246670 707800 467850 728786 687241 203999 427231 550799 203201 344170 392662 404694 307895 496063 247020 173642 537903 507136 225623 818809 457023 285531 630601 106550 699228 259312 688135 528739 445493 662450 342568 258041 251150 705564 567411 401308 271924 723596 240490 283190 229135 566448 278820 138217 540273 177798 658876 646750 518641 834352 669234 616509 369385 623786 272469 203097 688519 614948 953394 362393 147787 417285 273827 733641 400750 388653 477829 440105 517388 770698 359505 492885 791028 505302 124228 504220 490331 329386 173944 567606 693500 705415 298019 518431 204431 681146 572127 435518
655537 567970 387518 242260 560189 609771 466363 999999999 22302 469852 730432 583333 693020 522229 716467 264161 675684 429108 139894 208218 394108 567188 683591 184239 436343 143553 648922 474087 576485 133525 682093 664627 496684 510046 944561 462757 735811 297222 377431 585289 285626 924831 368204 354133 698608 254474 532123 227402 736385 325012 706664 673353 548512 738260 239641 586872 764912 602384 584648 961318 266431 579468 524436 881277 238281 490461 403345 551938 1016244 359109 746078 763761 355032 445020 601711 271195 73940 302108 776320 754128 599563 567469 678873 256840 499610 545989 508373 651757 154409 235078 472117 104327 390834 330536 633613 520981 635285 497767 431991 713181
677754 577462 408294 222097 577872 630959 488334 22302 999999999 492154 752061 605298 714024 526129 735892 241872 686708 447333 147097 208434 412418 587116 704094 193195 455873 147832 668778 493261 590807 135384 704357 668517 512314 526379 964665 483322 748289 318211 374712 600172 298148 943704 380875 374751 719639 236522 544023 236146 758526 314018 728689 695345 570152 755489 257530 609151 783468 623042 593861 981397 272920 577877 530784 900363 249592 498097 419219 573862 1036517 361622 746008 785744 375538 461244 619870 250719 93018 318051 796581 774784 615186 569549 696105 257653 496314 560837 530632 668947 159983 249538 494013 82146 388537 322286 651706 534722 657574 502233 440519 733273
191574 571696 183496 698260 349940 220133 80809 469852 492154 999999999 299964 147968 296612 647970 389401 733942 611327 279028 454667 522994 273010 263361 316588 439645 235374 475550 316147 253507 461660 488941 214549 752551 383580 365207 562537 186515 620470 218773 646730 451508 399727 587876 406971 201485 299981 694459 496391 443521 275395 697127 253275 225742 150515 485786 317346 119200 461245 244714 588595 579011 479076 779808 605930 541629 413435 560896 343077 127696 623670 568740 890523 312213 202770 347493 352952 728248 411622 339229 404735 368487 438886 711120 437279 536077 742932 429853 50871 423566 467725 371667 94051 573780 650577 674662 375862 445753 166816 621984 512541 358990
245352 582718 350065 932345 314929 396126 361805 730432 752061 299964 999999999 154558 421096 711146 196021 986828 561423 563793 743128 717359 565005 217720 122758 733741 330031 691965 498626 524209 435199 709225 223075 767613 406821 632354 272228 460725 529883 436082 788525 415256 558277 325001 703616 384230 419775 917154 511462 741214 271463 881727 293721 80212 181921 325967 614925 241405 259661 438597 593809 287712 645009 857249 654942 283429 711979 618438 634095 182773 326875 701004 916276 67268 501894 410366 579370 961582 684981 498496 147898 108048 387148 769217 645048 833590 851503 420322 249325 318736 680190 669947 260279 833629 786640 848476 590447 458389 174450 691588 595082 149200
179525 537661 218674 795239 278217 296563 217894 583333 605298 147968 154558 999999999 348158 643659 258141 843465 548682 421859 589329 592698 419038 170953 177996 579245 224806 558784 402930 388808 403601 574931 178923 725394 345973 500072 414746 322537 539576 295735 686565 388000 443596 444990 554724 250989 349038 784100 461366 586758 248341 763146 248534 90149 53503 371381 460507 131325 331758 334307 552178 431167 529986 785780 592906 399281 557701 551090 488946 31982 475779 601439 871102 180467 350728 329522 465895 824925 534198 381042 260014 222255 367067 705486 542027 679090 765386 378283 97180 326756 548225 515625 111631 687342 687139 733898 482868 406751 100988 620513 514944 221116
178162 863116 480098 934799 620346 84851 246670 693020 714024 296612 421096 348158 999999999 944562 594043 947720 890375 304862 624455 796203 331538 516916 510152 590254 527394 739218 98986 246946 741908 749130 198065 1046684 671646 306004 679268 232619 886734 505020 934612 728592 690700 745379 455409 496954 6164 941199 786861 572164 166983 968026 132110 350482 390671 715907 471490 218656 666245 95192 879383 692515 765192 1075813 901886 704492 539490 857041 373495 356898 717228 860338 1186332 380806 339667 640645 203067 964040 622067 632303 567530 526780 710629 1007715 239139 653495 1035958 712910 305095 674901 734363 508141 378524 788629 939761 951188 198208 734275 259314 918596 809153 550568
810895 152090 464474 514510 397373 866720 707800 522229 526129 647970 711146 643659 944562 999999999 563773 613154 256591 813355 652953 320750 783597 495789 597789 688698 423982 378815 954320 828962 291360 390831 818720 142418 304912 915222 775681 779296 338287 457087 198312 312903 283955 699171 832917 449852 947850 470040 204738 728952 888731 344692 880982 708437 590221 487074 672958 742599 559194 885583 153129 788394 258534 146321 59414 672917 726707 93213 829509 619275 845927 166129 248447 774657 703312 314204 960407 529188 559199 326300 650395 657052 343869 63156 1048886 777187 166933 295340 645001 428058 367909 703312 571208 557034 184107 300758 989797 254188 742364 27563 135716 595205
416326 420921 336957 880902 181591 552018 467850 716467 735892 389401 196021 258141 594043 563773 999999999 951275 377967 668170 765351 647774 659762 152234 83900 768149 280138 641355 658328 641413 273117 660160 401858 596838 278956 753298 234927 574365 337526 425993 678536 251598 482603 211864 786209 367192 593838 856558 359077 786075 459686 793931 475669 246676 238950 129954 665308 386170 73635 591209 428604 250880 562791 708883 504773 166424 761619 475572 729483 265568 308774 591888 744645 261434 581645 306308 724033 908163 688826 434044 86695 101933 220746 616077 799556 874498 718979 269961 343792 139065 627598 720200 308577 812514 673332 755153 740791 312860 334768 548723 467961 46866
919404 711398 638158 100035 780928 866212 728786 264161 241872 733942 986828 843465 947720 613154 951275 999999999 829362 664496 332134 323511 630933 808303 929086 375343 675854 311055 894422 715933 765694 292055 946187 745304 700680 728439 1184572 715238 902064 550747 419026 779464 477252 1152356 563244 603961 953511 147468 700470 409061 999779 285439 969275 933611 805575 951441 478761 851015 990737 854686 724439 1200991 414466 606418 639801 1111296 435530 621008 621469 811726 1257686 456075 778579 1023800 608116 656153 833528 95452 328359 518072 1018855 1000693 800261 635582 901618 373258 515752 741138 771716 866053 325289 453155 731843 161191 434329 322585 864444 706924 899011 596601 575773 954480
728190 118777 448724 736070 270770 825289 687241 675684 686708 611327 561423 548682 890375 256591 377967 829362 999999999 844839 783281 509437 822240 378050 438727 807906 380557 545341 926386 842766 149703 562340 725687 229627 232879 945844 553484 781460 81705 490374 440807 161784 390989 463579 908643 453211 892131 696374 145801 841745 793160 585679 797007 585775 501077 267578 753000 672467 347773 854716 108587 563840 422427 378297 205577 445375 829892 210670 881961 534683 618492 377525 372349 628680 735653 281349 960157 755669 688126 392621 460569 479734 181829 284914 1046672 909836 422245 181990 588451 243016 531308 796858 518810 739251 428832 541115 985205 176784 648370 257773 254222 420087
362351 779092 397328 668036 606361 238649 203999 429108 447333 279028 563793 421859 304862 813355 668170 664496 844839 999999999 333031 582127 35073 535299 595329 293434 468981 514857 233346 57982 699994 518989 395433 940393 612314 102563 834037 104493 869349 362988 744684 694867 530679 865985 155580 391930 311021 683549 711022 270142 417032 739663 377460 484179 429489 758961 189862 328203 739497 210531 797317 850074 581883 920718 786159 819910 238212 741247 74778 405788 890627 688034 1061521 557883 111166 564027 172604 695592 355174 488625 681680 644095 689169 873437 252528 348763 860920 665440 326935 689850 514899 212263 363379 512088 753750 733464 204525 668967 397982 785799 682807 637900
622520 682715 428487 347363 629513 546140 427231 139894 147097 454667 743128 589329 624455 652953 765351 332134 783281 333031 999999999 346261 300085 613118 718807 47388 491498 278569 564744 385963 668903 271204 652594 794739 582748 397814 981775 392728 836111 341271 516787 674235 394665 977141 239847 399566 630426 372055 637576 89447 697207 460767 662799 676058 565382 808201 153593 561419 822434 529861 700229 998700 394491 717854 649420 931740 107493 612143 290235 560355 1050365 493327 882694 765048 289626 528545 501395 372480 95881 393320 813461 785679 683546 701349 570674 126942 639119 635867 501075 723343 287305 121070 484493 187498 529953 469232 532348 617609 620074 627454 551678 753743
713652 393218 374056 238261 470075 711532 550799 208218 208434 522994 717359 592698 796203 320750 647774 323511 509437 582127 346261 999999999 547967 516223 639152 387632 388697 70401 774447 615023 442988 75058 733462 462573 382901 676024 882690 584303 579912 305821 171885 457511 165261 840130 557480 341969 800999 209191 377180 430261 797674 174133 776136 679387 545565 633577 407330 640358 679221 715850 407669 898546 91220 371605 332491 801246 435389 305998 575614 561197 956548 154768 537956 765569 484837 343373 749533 263329 260286 219812 722607 710534 479686 361519 833827 464910 294233 419783 545513 549751 67429 421839 486318 237388 184323 155272 781301 384163 670285 298326 255273 658086
374692 753384 376867 633307 589199 260871 203201 394108 412418 273010 565005 419038 331538 783597 659762 630933 822240 35073 300085 547967 999999999 522906 589307 261718 449468 480418 264867 86404 678858 484326 407656 912072 590378 131866 833220 115173 849300 336681 711325 674598 500276 860819 141646 369056 337666 648565 686530 240816 434312 704807 395498 486225 422302 746058 155047 334426 730116 236453 771673 849468 549447 888978 757726 814526 208337 713042 70068 400687 891696 655877 1031477 563264 86700 540963 207628 660955 320169 460041 677653 640965 670202 843236 287361 322809 828120 644097 322574 674681 480670 179916 352369 477740 720580 698913 239569 645838 403618 756034 654078 631422
350425 375613 184757 743033 108806 458625 344170 567188 587116 263361 217720 170953 516916 495789 152234 808303 378050 535299 613118 516223 522906 999999999 122939 616300 132486 501482 563536 515814 235109 519888 347771 563315 190896 626860 377703 449209 369836 274203 573019 218326 352275 364053 642980 215446 518169 722310 301052 635070 415783 673481 418977 215515 126695 223699 515763 298300 213350 492701 388745 394382 437246 641378 440925 318641 611318 402683 591507 160321 450078 485276 710932 279264 441000 193125 613915 771202 537180 297089 210591 194500 196269 555196 695624 722871 633790 212939 226697 161717 488347 570229 172317 665139 570484 637983 634775 246582 270328 475306 377400 146471
332434 464131 296432 865409 200691 469116 392662 683591 704094 316588 122758 177996 510152 597789 83900 929086 438727 595329 718807 639152 589307 122939 999999999 717244 253845 623700 575287 565403 315536 641983 318338 647267 297259 677049 263140 498652 408094 387120 690994 295051 475032 271739 719960 329481 509938 845146 395137 731688 377379 795381 392248 163521 167386 210232 608072 303554 156562 508786 474367 280057 559598 744101 540327 225335 705449 506153 659344 189645 333234 603257 795945 190025 514542 310523 643120 893714 648560 419991 94677 71790 266126 654095 717359 822027 744489 303565 268595 195978 610715 663502 244123 783359 687590 759207 659058 343638 250900 579763 488639 43128
599273 710820 433073 394222 640707 514026 404694 184239 193195 439645 733741 579245 590254 688698 768149 375343 807906 293434 47388 387632 261718 616300 717244 999999999 499598 318707 526452 348100 688198 312793 630196 829783 600446 353186 979257 360545 857525 349527 559026 692184 423167 979929 192735 406401 596298 419401 662135 43162 671402 507193 635792 663930 559272 818215 125967 541283 827891 495199 728609 996165 430326 758708 682271 934087 60852 643638 246137 551470 1046489 531596 921804 751711 261681 545957 459146 418988 129757 415663 811845 782337 699576 738805 526322 107316 681473 654471 487840 734530 326402 82170 478187 234369 571858 514615 489721 638904 602612 662728 582656 753736
386914 336553 73490 611693 144604 454678 307895 436343 455873 235374 330031 224806 527394 423982 280138 675854 380557 468981 491498 388697 449468 132486 253845 499598 999999999 369928 551328 463014 232482 388160 395458 519319 149134 568269 509842 400982 400375 150395 464126 226060 228252 489609 552825 93475 530119 592394 261029 522805 465343 551704 457017 301810 171856 318946 410879 319172 331798 480024 353311 526452 315051 563391 376966 445437 502190 333149 513567 197591 582446 377954 660283 382526 363094 113285 579811 640126 410587 168992 343077 325629 220781 486717 666713 606904 540597 198755 223198 236962 357057 462870 149166 533177 463893 518870 605315 210720 320188 399614 292059 278879
667117 433172 342721 241788 469876 654369 496063 143553 147832 475550 691965 558784 739218 378815 641355 311055 545341 514857 278569 70401 480418 501482 623700 318707 369928 999999999 712677 549717 461717 19026 688898 521232 391416 607432 875463 522168 610819 264476 242060 473717 168040 841310 487083 308994 744216 225586 405909 361060 750925 229544 727116 647522 514815 641409 337631 594361 679691 656212 449036 891737 125807 440005 383126 800384 365357 351376 506139 526866 948904 215704 604149 735810 420338 345435 683686 270412 190440 207407 711302 695490 492537 424097 767090 399832 364243 434725 502758 555630 14635 351438 449177 194246 254178 218807 715573 403678 629697 354607 295116 646692
253728 887065 494269 890875 660688 106429 247020 648922 668778 316147 498626 402930 98986 954320 658328 894422 926386 233346 564744 774447 264867 563536 575287 526452 551328 712677 999999999 178784 776705 720396 279926 1065651 699727 213707 764026 190519 930885 501371 923581 765562 686822 823419 373862 504887 104109 901896 812181 503276 261524 942083 223555 423019 437484 774274 415830 272369 731700 71671 904163 777972 754506 1078636 916248 780870 471519 870791 294054 404589 805977 854923 1200336 465576 295502 662636 104630 919347 575770 632546 641475 600662 750844 1017094 147202 578809 1031325 745481 339284 724805 709684 444779 407589 738749 930237 929512 99891 761875 327673 927526 818741 617328
311762 784242 394203 715067 594706 181571 173642 474087 493261 253507 524209 388808 246946 828962 641413 715933 842766 57982 385963 615023 86404 515814 565403 348100 463014 549717 178784 999999999 695482 555421 344736 951621 609963 111894 796009 67098 861954 372954 773071 688634 549498 833714 212026 393821 253103 728256 713650 326727 362158 777256 322207 444055 402777 738982 237866 284568 713910 152551 802248 811736 607120 942351 798145 788082 294440 752792 130006 376243 850119 711803 1077391 513369 130713 564405 134957 743154 400363 502679 648454 609801 680415 890187 221771 406574 886652 661539 297637 674095 548472 266209 343796 561210 781285 768423 166449 668801 354230 801514 696010 608400
582571 149001 302693 680536 126309 675851 537903 576485 590807 461660 435199 403601 741908 291360 273117 765694 149703 699994 668903 442988 678858 235109 315536 688198 232482 461717 776705 695482 999999999 480280 582019 332453 90046 800116 486891 633311 172463 353751 427166 21560 294799 418834 772560 310757 743807 647118 88047 718735 650557 558659 652070 448638 354308 203918 620896 524663 269900 705037 158838 500314 351771 435872 232096 387743 703648 206287 740653 387620 558506 345971 481089 501496 592163 143769 811160 704160 576459 276837 359811 369189 52529 342977 897402 793321 450663 35023 439071 136780 447091 668050 369120 653759 419258 516137 835919 58826 504215 277953 212677 307176
680493 449463 359627 223773 488883 664288 507136 133525 135384 488941 709225 574931 749130 390831 660160 292055 562340 518989 271204 75058 484326 519888 641983 312793 388160 19026 720396 555421 480280 999999999 702753 533189 410363 610039 894185 529907 628465 279949 246279 492423 186915 860304 485439 325756 754205 209170 423616 355533 764171 222011 739753 663915 531507 660414 338876 607955 698684 665047 465117 910476 141295 446662 397249 819341 361494 366572 507546 542982 967595 226292 612581 752458 426826 364460 688848 252621 186363 226287 729837 713772 511393 434414 771471 390363 368729 453470 517261 574648 33513 349691 464916 176919 259070 214855 720802 422148 644514 367155 311149 665243
33082 716420 370968 912702 456137 184172 225623 682093 704357 214549 223075 178923 198065 818720 401858 946187 725687 395433 652594 733462 407656 347771 318338 630196 395458 688898 279926 344736 582019 702753 999999999 904021 524363 441698 484184 292791 711727 427641 845980 565922 598740 547387 548784 397916 196700 908920 640026 625355 70035 907283 74008 155363 230788 527614 504252 95535 472564 227330 731045 498057 682307 958844 769477 506434 593005 726846 470103 199864 526772 763691 1049261 185655 370739 504849 369375 942688 620623 536180 369972 329344 543858 881086 427129 716059 932902 557157 188300 496325 680537 553860 254920 785373 848160 882489 375950 585487 77939 794797 687513 356904
900468 187960 571394 645587 456088 972677 818809 664627 668517 752551 767613 725394 1046684 142418 596838 745304 229627 940393 794739 462573 912072 563315 647267 829783 519319 521232 1065651 951621 332453 533189 904021 999999999 379737 1042839 782941 898203 301737 578859 326278 352405 417627 692734 969164 562495 1049435 599484 264028 869603 973697 467078 970816 778690 673260 495362 808847 836332 574546 995336 174664 793429 400265 176305 154370 674983 866314 199156 961391 704905 848101 307806 148689 833948 829443 406045 1080262 657562 700549 452034 682094 696843 381179 110276 1168775 919332 250793 350479 742296 457983 510278 841534 668400 697929 310995 425339 1108613 318684 826233 167293 258293 635392
520876 192699 215847 620832 98505 601547 457023 496684 512314 383580 406821 345973 671646 304912 278956 700680 232879 612314 582748 382901 590378 190896 297259 600446 149134 391416 699727 609963 90046 410363 524363 379737 999999999 713078 509779 549087 262509 263707 399621 91739 223612 458312 682552 221565 674008 591358 116068 630131 594125 517593 591186 404691 293576 251005 530971 457933 298811 628255 208235 524770 293392 450669 250268 421082 614425 211868 651438 325183 583407 312953 525140 469817 503693 54511 728683 646229 491661 194617 362288 361601 102886 364429 815754 706186 447231 55109 366604 166920 376851 578458 293908 579358 394662 477685 754380 62631 446652 284794 191658 301491
409477 881476 497516 742716 703148 263434 285531 510046 526379 365207 632354 500072 306004 915222 753298 728439 945844 102563 397814 676024 131866 626860 677049 353186 568269 607432 213707 111894 800116 610039 441698 1042839 713078 999999999 904547 178981 968440 465535 841342 794328 632078 944702 172592 493505 311897 762479 813042 320710 447965 828290 407465 552152 514666 850279 272504 391247 825803 224097 899684 920064 680763 1020663 888571 899217 292935 843707 107822 488055 956878 787366 1163215 617463 213726 665486 117821 768968 437022 590962 759304 720347 787520 975012 173197 382361 958957 765749 409512 784222 608596 279029 454611 583743 850926 824880 143718 770381 460121 887659 785126 720081
510899 625632 558664 1115560 414719 664653 630601 944561 964665 562537 272228 414746 679268 775681 234927 1184572 553484 834037 981775 882690 833220 377703 263140 979257 509842 875463 764026 796009 486891 894185 484184 782941 509779 904547 999999999 731855 488931 649310 907258 465821 717529 109686 969456 591132 676979 1091481 574927 992215 516701 1026997 547469 352405 422200 290051 867416 513608 216995 707634 629298 16926 797355 916562 716323 109125 965054 693166 902901 436412 73905 821783 924786 298778 765062 540668 849378 1142941 911434 668411 168780 197172 435514 821816 911206 1083259 937447 492094 511883 351617 861837 922939 502505 1042840 901032 987439 858717 535298 445954 764230 693780 231393
259769 727115 334152 705000 529927 153566 106550 462757 483322 186515 460725 322537 232619 779296 574365 715238 781460 104493 392728 584303 115173 449209 498652 360545 400982 522168 190519 67098 633311 529907 292791 898203 549087 178981 731855 999999999 798291 322265 735956 625716 504236 767526 255994 336849 238475 713883 655188 346593 319803 751563 281494 380819 335685 672171 239312 223765 646824 139803 744933 747738 567693 897634 745721 721777 313620 700197 178214 309324 787324 670137 1027284 453447 107797 505206 182095 733931 390773 453647 582441 544081 616500 841277 270575 433133 846180 599737 230623 608063 519276 279068 277481 556599 743190 739236 210643 608890 293575 752038 644942 541606
717906 196860 472445 810433 270707 827130 699228 735811 748289 620470 529883 539576 886734 338287 337526 902064 81705 869349 836111 579912 849300 369836 408094 857525 400375 610819 930885 861954 172463 628465 711727 301737 262509 968440 488931 798291 999999999 526211 520603 174721 450253 393330 944980 482502 887941 771936 204931 889188 776812 664542 784750 564526 496357 214455 793187 668136 294710 859486 188804 497987 490862 457998 286628 379853 874961 288415 912025 530074 550644 454288 437554 596732 762694 315958 973015 830966 742225 442802 414265 438749 181900 365447 1057739 961622 503878 207446 591676 215793 596481 839882 526485 805045 508981 620064 996332 218663 636118 339001 326526 382771
408167 416719 90698 499521 291579 422387 259312 297222 318211 218773 436082 295735 505020 457087 425993 550747 490374 362988 341271 305821 336681 274203 387120 349527 150395 264476 501371 372954 353751 279949 427641 578859 263707 465535 649310 322265 526211 999999999 430065 353640 186229 637245 419144 58800 509204 488979 351014 374084 492163 479717 471885 385359 255051 468689 267908 334801 481283 435175 435019 666156 261219 577340 425204 592318 355110 379887 392772 263754 720269 355637 705247 474816 251833 210686 503380 529192 262983 131612 480625 457205 356329 519011 591896 456840 531746 318797 239823 385255 254842 317237 185056 398848 434845 456103 532710 313725 365699 429795 323227 418418
830774 323896 475060 319339 497728 851265 688135 377431 374712 646730 788525 686565 934612 198312 678536 419026 440807 744684 516787 171885 711325 573019 690994 559026 464126 242060 923581 773071 427166 246279 845980 326278 399621 841342 907258 735956 520603 430065 999999999 446646 247674 845694 728633 448757 938918 273551 342878 601808 913769 146785 897501 765934 634792 630961 576197 757937 692278 860836 332241 921720 169564 204041 236652 812928 607273 233616 743464 657163 980361 87779 375384 845056 642385 380624 908024 332154 432163 309880 761643 758613 475160 216687 994098 632352 122451 416180 659210 556866 237092 593181 591290 385605 15445 102540 939369 373510 775770 186860 214753 699885
567326 170120 297770 695485 109814 663880 528739 585289 600172 451508 415256 388000 728592 312903 251598 779464 161784 694867 674235 457511 674598 218326 295051 692184 226060 473717 765562 688634 21560 492423 565922 352405 91739 794328 465821 625716 174721 353640 446646 999999999 306056 399062 771402 308129 730355 662852 109289 721787 634106 576731 636528 430516 339610 184359 621431 510754 248868 693903 179446 479347 366391 457426 253650 367297 705825 227470 737357 373134 537610 364627 501091 481751 587980 146242 802401 719507 582689 284103 338288 347945 30972 364481 888156 797879 471895 39341 427043 115308 459082 669538 358291 664697 439014 534502 826668 74870 488270 299355 231932 285951
583139 288088 228290 399932 305992 608466 445493 285626 298148 399727 558277 443596 690700 283955 482603 477252 390989 530679 394665 165261 500276 352275 475032 423167 228252 168040 686822 549498 294799 186915 598740 417627 223612 632078 717529 504236 450253 186229 247674 306056 999999999 677143 551615 201121 694768 373988 246608 460159 666246 323452 649849 526650 393403 474191 391275 510266 515769 621252 305696 733432 86980 393451 264662 637428 453163 222987 545586 413234 791369 169642 531266 609925 421610 179724 682857 426442 298876 62826 557481 546144 324497 342974 770874 521606 345534 266932 411599 388897 153430 425694 344518 358960 250934 291249 713119 237516 529618 256437 161633 493016
570352 547239 548675 1076998 371532 720039 662450 924831 943704 587876 325001 444990 745379 699171 211864 1152356 463579 865985 977141 840130 860819 364053 271739 979929 489609 841310 823419 833714 418834 860304 547387 692734 458312 944702 109686 767526 393330 637245 845694 399062 677143 999999999 991581 578475 743808 1049123 505311 997373 589456 973291 615992 401102 439121 214943 875738 559984 161619 762028 548561 112571 751485 835658 640470 46495 972464 622271 930878 460365 158660 762933 830884 368146 786199 497428 901371 1103135 899720 634584 185485 225178 370767 740738 969479 1086154 864205 430630 539077 291988 827134 930855 514647 1018693 838040 931922 913978 472564 496998 690523 630950 230520
515757 826817 479450 586932 696805 393596 342568 368204 380875 406971 703616 554724 455409 832917 786209 563244 908643 155580 239847 557480 141646 642980 719960 192735 552825 487083 373862 212026 772560 485439 548784 969164 682552 172592 969456 255994 944980 419144 728633 771402 551615 991581 999999999 463858 461559 611706 766663 154633 572539 693116 533029 625614 552654 862913 160343 475847 854398 363032 845164 985890 581592 920913 816154 945111 132483 773592 82227 534000 1029619 687880 1075767 704194 205435 629826 288277 611474 300563 524846 810597 775157 771352 888488 343273 209780 850138 737551 457573 786625 491545 135751 477787 427097 740098 696253 315900 732424 544811 805745 712533 761159
382022 390572 34233 548267 237156 417442 258041 354133 374751 201485 384230 250989 496954 449852 367192 603961 453211 391930 399566 341969 369056 215446 329481 406401 93475 308994 504887 393821 310757 325756 397916 562495 221565 493505 591132 336849 482502 58800 448757 308129 201121 578475 463858 999999999 500588 534580 320012 429331 465156 513589 448979 338841 205823 412416 318395 309217 422868 435771 408513 607953 284504 578860 411604 533522 408869 366086 429930 219337 662381 368487 695458 426821 282444 172105 518833 577615 321739 139079 422566 400033 307535 512821 607156 513677 541740 275808 210478 330169 297918 369802 145163 454593 451637 486245 546599 277048 330388 423311 314147 360029
177667 865633 483423 940336 621951 89940 251150 698608 719639 299981 419775 349038 6164 947850 593838 953511 892131 311021 630426 800999 337666 518169 509938 596298 530119 744216 104109 253103 743807 754205 196700 1049435 674008 311897 676979 238475 887941 509204 938918 730355 694768 743808 461559 500588 999999999 946592 789329 578276 163658 972943 129569 349772 392078 716123 477421 220046 665895 101292 881845 690137 769536 1079427 904938 703105 545595 860143 379651 358305 714427 864410 1189331 378692 345429 643391 208405 969595 627735 636209 566454 525739 712185 1011005 243018 659648 1039945 714966 307563 675792 739292 514193 381144 794354 943998 955940 203003 736631 259230 921936 812497 550177
885493 577640 568282 47988 679265 856940 705564 254474 236522 694459 917154 784100 941199 470040 856558 147468 696374 683549 372055 209191 648565 722310 845146 419401 592394 225586 901896 728256 647118 209170 908920 599484 591358 762479 1091481 713883 771936 488979 273551 662852 373988 1049123 611706 534580 946592 999999999 575088 460147 968659 138257 942457 873025 740401 841436 493904 813657 888346 852716 589412 1107409 298038 459024 500680 1010411 479223 486001 655025 752152 1165298 319150 631400 961395 606766 552564 856145 59527 328412 425275 930304 916805 686370 489448 932607 452467 368370 626005 724984 758277 236987 484344 674010 187280 288676 175312 888026 588513 852619 455140 446201 865683
636903 76632 321390 611270 196583 715542 567411 532123 544023 496391 511462 461366 786861 204738 359077 700470 145801 711022 637576 377180 686530 301052 395137 662135 261029 405909 812181 713650 88047 423616 640026 264028 116068 813042 574927 655188 204931 351014 342878 109289 246608 505311 766663 320012 789329 575088 999999999 696172 709675 478612 707195 516504 409302 290483 609615 573895 357932 740974 92523 588307 287081 350358 146008 475254 684770 118241 743785 441135 646450 264933 410429 576475 600534 150304 836377 633316 542543 247107 445673 452705 140038 259059 924163 764073 362625 91572 481774 224510 391557 652337 408534 600122 334146 435232 863050 54755 562217 190187 131054 390766
593686 746938 454052 433438 665602 498876 401308 227402 236146 443521 741214 586758 572164 728952 786075 409061 841745 270142 89447 430261 240816 635070 731688 43162 522805 361060 503276 326727 718735 355533 625355 869603 630131 320710 992215 346593 889188 374084 601808 721787 460159 997373 154633 429331 578276 460147 696172 999999999 662743 550066 625954 669128 570480 841734 126328 539265 847817 476991 764865 1009077 470919 801036 721082 951252 32973 681773 215626 560239 1058145 573077 963444 755435 254618 575637 430386 457431 171230 449125 825956 795044 727815 779811 493753 92556 724259 684619 493011 759140 368422 72179 489772 273957 614551 557754 460227 670895 602943 702779 620601 769377
84022 786000 439136 970501 524438 184674 271924 736385 758526 275395 271463 248341 166983 888731 459686 999779 793160 417032 697207 797674 434312 415783 377379 671402 465343 750925 261524 362158 650557 764171 70035 973697 594125 447965 516701 319803 776812 492163 913769 634106 666246 589456 572539 465156 163658 968659 709675 662743 999999999 971743 40510 214242 300595 587598 545813 157362 528300 224486 800499 529278 749061 1028694 839505 550920 629934 796879 491455 269878 551550 832091 1119123 221352 409756 574883 360631 1000443 672277 603890 419211 379502 611414 951112 405764 751501 1002030 626232 254731 561054 743110 592543 323523 838613 916244 948002 361215 655083 147475 864768 757375 413641
887722 467727 544710 186223 612569 883215 723596 325012 314018 697127 881727 763146 968026 344692 793931 285439 585679 739663 460767 174133 704807 673481 795381 507193 551704 229544 942083 777256 558659 222011 907283 467078 517593 828290 1026997 751563 664542 479717 146785 576731 323452 973291 693116 513589 972943 138257 478612 550066 971743 999999999 950256 848362 714583 760272 555842 814406 815855 885704 477150 1042167 236825 321047 382871 937870 563096 376206 723718 731982 1100754 213683 493178 932864 648837 488269 910324 192857 393999 384066 873480 865579 603377 356820 992166 560097 230380 542997 719172 681625 233677 559037 658574 294675 160604 44594 942311 502031 843221 333602 347633 809843
70385 783779 424930 942782 526733 144166 240490 706664 728689 253275 293721 248534 132110 880982 475669 969275 797007 377460 662799 776136 395498 418977 392248 635792 457017 727116 223555 322207 652070 739753 74008 970816 591186 407465 547469 281494 784750 471885 897501 636528 649849 615992 533029 448979 129569 942457 707195 625954 40510 950256 999999999 229027 298511 601620 510601 140088 546061 184111 798835 560579 731152 1019052 833352 576119 593069 789988 451730 266109 585187 817291 1114934 249488 374173 568467 321207 972660 641172 588058 441418 401049 615247 943733 369113 714067 989069 626197 239327 569612 719864 556266 311212 808096 900600 927913 322838 652949 148874 856424 748125 430511
172446 591098 305731 884853 322939 318978 283190 673353 695345 225742 80212 90149 350482 708437 246676 933611 585775 484179 676058 679387 486225 215515 163521 663930 301810 647522 423019 444055 448638 663915 155363 778690 404691 552152 352405 380819 564526 385359 765934 430516 526650 401102 625614 338841 349772 873025 516504 669128 214242 848362 229027 999999999 133864 373555 542858 161365 317212 360934 604054 367922 613518 852946 654883 357981 639168 615238 554994 121934 406517 679607 926431 90421 425570 397489 500807 914486 623403 464721 218511 177674 405406 768856 568542 761674 838745 428215 176228 348872 636684 597364 201770 777411 765580 817807 512890 461940 95901 686785 584585 201542
228566 485762 172303 753486 230355 332181 229135 548512 570152 150515 181921 53503 390671 590221 238950 805575 501077 429489 565382 545565 422302 126695 167386 559272 171856 514815 437484 402777 354308 531507 230788 673260 293576 514666 422200 335685 496357 255051 634792 339610 393403 439121 552654 205823 392078 740401 409302 570480 300595 714583 298511 133864 999999999 340660 445302 172035 311145 367025 500568 439003 480137 732277 539682 392702 542956 497715 492281 33775 487690 549244 818530 220998 347221 276054 491956 782965 503849 331213 258606 225219 320307 652111 571785 661981 712267 327752 105710 287347 503699 500820 81099 651765 635064 684355 511412 354834 153158 567026 461463 209155
539695 336089 388829 871693 179133 667937 566448 738260 755489 485786 325967 371381 715907 487074 129954 951441 267578 758961 808201 633577 746058 223699 210232 818215 318946 641409 774274 738982 203918 660414 527614 495362 251005 850279 290051 672171 214455 468689 630961 184359 474191 214943 862913 412416 716123 841436 290483 841734 587598 760272 601620 373555 340660 999999999 728075 502474 80735 705183 339306 302002 543451 626730 427925 185856 820743 407840 814238 371742 359053 548823 639857 391081 663187 296425 832609 896849 723150 438817 200307 227495 156895 531906 911752 925529 650789 217369 445682 86548 626923 780964 395958 826202 623169 718395 851716 258450 457234 477077 416283 176810
473307 667930 339328 478269 555337 392602 278820 239641 257530 317346 614925 460507 471490 672958 665308 478761 753000 189862 153593 407330 155047 515763 608072 125967 410879 337631 415830 237866 620896 338876 504252 808847 530971 272504 867416 239312 793187 267908 576197 621431 391275 875738 160343 318395 477421 493904 609615 126328 545813 555842 510601 542858 445302 728075 999999999 415803 729097 377286 686242 884244 423708 764272 655817 829430 97655 613325 168671 434227 932731 530519 916726 629430 136542 477230 362344 505983 165830 365668 701972 670284 624062 729067 439408 218834 696401 586069 366706 647729 340158 55523 364973 323361 586863 553384 394176 577829 478103 645723 552229 646581
73384 650496 284843 817187 402031 165955 138217 586872 609151 119200 241405 131325 218656 742599 386170 851015 672467 328203 561419 640358 334426 298300 303554 541283 319172 594361 272369 284568 524663 607955 95535 836332 457933 391247 513608 223765 668136 334801 757937 510754 510266 559984 475847 309217 220046 813657 573895 539265 157362 814406 140088 161365 172035 502474 415803 999999999 459663 205241 666167 528988 592309 879653 696124 515771 507478 652280 401125 138260 565858 677324 978972 229683 285980 431686 341710 847171 526168 448267 375188 334908 492193 805518 413868 631011 848985 496612 99239 457110 586280 467228 171677 690333 760837 790690 356044 520330 69839 717724 609062 346011
