NAME : synthetic_000507
TYPE : CTSP-D
DIMENSION : 100
GROUPS : 8
RELAXATION_LEVEL : 1
EDGE_WEIGHT_TYPE : EXPLICIT
EDGE_WEIGHT_FORMAT : FULL_MATRIX
EDGE_WEIGHT_SECTION
999999999 284248 289021 477647 230769 461525 669561 294214 586817 583085 214482 500046 696869 224950 108947 260426 558620 594485 320359 295737 147783 188018 410396 880914 383518 321768 589021 664070 508924 502102 223420 848822 862282 281695 203766 438467 559258 822579 269730 394484 270822 123375 228642 503343 727947 632382 166692 863272 125771 363441 231670 390405 340015 398482 744289 87034 494648 646562 845843 716822 637103 654838 415358 547238 99337 194035 488412 494324 780693 172753 334094 286741 740694 554315 53575 253362 466212 335498 753177 437767 674498 286542 613521 581518 244710 645742 413587 446305 682778 176412 567978 440456 946153 631808 680636 376130 650411 809884 412962 156828
284248 999999999 214822 382387 514930 322073 407022 517973 379725 424422 255322 250661 420640 283765 358401 516648 457136 312086 186777 163361 261776 470695 291605 604080 260844 246510 317438 517856 534411 575282 217646 603321 595313 170104 259785 554078 559820 634070 145207 112669 69504 237431 512634 221604 482796 348250 325429 588864 198013 298344 496589 305854 374834 354721 481828 197288 441402 571780 562400 501775 388098 499659 438811 266325 271980 380623 207477 284127 496940 409482 271414 45929 689192 372327 299207 262430 185301 480876 724508 370728 390369 537329 412412 393736 39688 398416 372239 194030 475150 111392 346592 326324 678743 350708 540941 382175 495265 526026 151264 220797
289021 214822 999999999 588412 485892 534130 431423 386917 591155 294091 100742 265752 579215 118523 396590 418334 666341 458583 55587 58276 366963 456616 121614 658325 94735 438153 492298 376166 319591 364116 69225 583174 620342 363007 113455 355216 346901 534373 337594 294180 272411 332613 474189 382326 466548 463889 206025 635351 295766 491767 412813 109359 165976 545443 501100 236939 238249 382558 653561 437067 582263 714473 224572 365228 207567 464932 373399 226216 595003 459963 59959 172150 492434 586865 263769 75358 354868 302911 520629 569324 502159 429616 331775 607695 200985 391312 161850 398214 401081 181827 299144 153233 702102 499661 393892 167755 710076 623935 353824 134414
477647 382387 588412 999999999 637888 80245 680194 771858 218199 795277 594691 579477 473387 620765 456121 731329 82001 452672 568290 543176 335190 588038 673955 797045 643227 160639 385593 888789 902707 928582 568393 884731 828340 227738 593065 887011 934915 977641 252195 370828 317200 354417 649726 400821 778188 525701 616979 795483 358911 114205 698329 686992 732377 94057 742836 428540 822351 954010 707072 832489 337589 191596 804010 510523 542016 385148 389214 642583 647535 455930 647758 428306 1071558 158645 526425 616588 381563 793927 1105920 50914 555324 759038 762764 180918 387818 702188 749852 286716 814872 419348 688460 708559 901032 463116 913152 749422 187700 668561 309653 536962
230769 514930 485892 637888 999999999 644237 894326 248846 787502 771568 390380 723589 923417 385553 185945 166620 711849 824068 528730 508223 316964 50563 599880 1109576 578332 502985 814440 841655 603950 561697 416727 1065201 1087301 486115 377250 474728 663542 1013574 480794 624428 496598 314491 23157 732879 945830 863130 293349 1091098 338184 529989 134249 569345 468796 546315 968379 317643 641392 787723 1076558 922958 853092 827633 530958 777613 279788 257395 717730 707157 1011452 185547 515422 516529 859607 746400 228623 427632 695613 375074 856006 590042 905248 190749 817644 774324 475446 865751 567801 668430 886892 406796 781228 623992 1170964 860736 854012 512396 823481 1040650 638370 354777
461525 322073 534130 80245 644237 999999999 600377 753373 159886 724630 551646 503867 399264 578867 458676 720840 137729 372916 508787 485231 329829 593711 611420 718090 581416 142231 307446 817739 852262 884476 521698 804674 748300 187782 551587 849467 880818 901011 208557 296703 262091 341811 653524 320867 698764 445726 586230 716020 337035 119590 689848 627858 685540 136818 662658 400650 763377 890219 630018 755053 269186 194392 754619 430888 513444 402330 309513 570152 569574 469520 592333 367663 1009179 106435 506182 569673 302582 761152 1046142 108839 475882 747604 687993 133811 333630 623493 693838 207446 738428 375567 613089 645400 821383 384560 842436 698894 189906 591265 233025 498040
669561 407022 431423 680194 894326 600377 999999999 817631 535427 295726 531113 170942 329649 549860 758984 848471 726687 252395 378263 392269 668720 856239 362510 228443 363432 606932 332281 350886 621640 704407 493638 206011 192981 544816 543208 737593 604467 335937 526508 334170 460579 644108 886887 279586 101930 185737 635417 204185 604036 646187 840130 407240 555552 698854 75126 588095 474165 502255 252296 191898 439176 692121 569581 169939 618764 787640 291001 214119 214646 813884 434825 387762 612645 573929 665906 505663 300241 717783 671927 694765 187491 860792 200798 576398 440519 64833 469388 393789 198718 496876 159079 366019 276732 269031 374363 527736 689142 236683 378010 545264
294214 517973 386917 771858 248846 753373 817631 999999999 868830 623476 290181 652535 935561 268533 343222 83799 852746 820581 441593 433136 439405 265905 469830 1045103 459470 615307 835076 674655 380610 322966 330807 954895 1004230 568900 279484 231939 442133 856932 552999 628321 533073 417493 225843 733966 844152 839460 194527 1021778 416435 657654 114789 428785 290476 691442 885761 355560 455318 586379 1038015 795463 902129 947464 329722 742928 249658 442825 721373 607573 977609 383099 387319 497744 639016 841770 247194 312059 699797 145521 626348 731493 879783 68429 692014 868268 481489 774048 397916 706505 757323 411752 676899 482375 1084616 861088 681289 332792 943006 1006863 666658 299517
586817 379725 591155 218199 787502 159886 535427 868830 999999999 720881 632738 483631 268592 661130 601808 846729 220225 284862 553184 535359 470560 737047 641723 608072 615280 287950 205938 809734 908543 954347 596697 729126 652781 305578 635709 933011 927465 861044 317518 306016 341018 475651 794577 272281 637324 357509 687692 611400 461429 277489 818462 667780 754136 295464 585843 513874 799420 908370 508071 712214 124977 156775 815602 377916 620686 555649 268167 563991 454182 619978 643815 419357 1029806 59791 625043 642110 273276 854899 1074220 261840 377014 872002 664803 45149 405471 573169 740110 196329 703282 465137 589017 672364 717791 280527 835343 758747 153728 471265 239770 589159
583085 424422 294091 795277 771568 724630 295726 623476 720881 999999999 381838 239184 589740 386403 690263 677073 862248 480742 269720 297800 647566 746542 173389 500839 199627 670660 549424 93732 342557 431874 361354 348464 432275 594514 394843 484187 315188 242065 569590 429442 493917 614647 757505 451996 262073 440319 479743 471729 574845 721715 680586 202672 333627 778284 332787 525653 197029 209025 546885 180287 660217 870405 316425 363451 498889 753707 453698 157209 509685 753364 256221 381782 325560 739906 556253 343977 447637 495242 381231 790903 460596 680814 97243 752284 436052 231270 227329 533195 142814 453109 148669 147646 500260 513333 117882 293467 866543 532386 496582 427903
214482 255322 100742 594691 390380 551646 531113 290181 632738 381838 999999999 363532 655980 28458 323160 317761 675685 537719 152914 142958 323777 364810 209514 757139 188665 436182 561523 456294 315093 333919 41636 683318 720775 367571 13173 300672 357591 623883 344307 355629 294745 289455 377316 455021 567174 551283 105293 734683 260171 488403 312161 181252 140753 537569 601421 189281 280575 432377 747840 534503 641635 741097 216286 453854 119905 404306 443965 326914 687644 386848 125800 223335 529781 619326 177888 39390 423499 226467 547079 567724 591022 329708 428953 642779 227296 492001 199267 449145 497821 176230 399608 234765 802706 578717 471057 168311 736606 716853 405773 64570
500046 250661 265752 579477 723589 503867 170942 652535 483631 239184 363532 999999999 363567 384003 592380 679621 639513 247339 210980 222530 510235 686016 221236 393817 212280 477226 311506 326195 502470 575772 324843 354410 363797 406958 375213 594801 499419 398749 385223 209168 312691 483163 715985 213025 233160 222167 466729 372103 442325 523122 670211 263931 405481 578836 244804 420238 363335 438672 390097 257024 421588 635609 433555 130591 447873 627961 215546 87663 334649 649133 278890 223795 559274 506508 495079 340995 211616 561974 610371 583437 253449 692930 184705 516927 279549 148848 335223 302288 235966 329855 109256 236998 447385 283585 351843 384643 631899 362792 270915 374593
696869 420640 579215 473387 923417 399264 329649 935561 268592 589740 655980 363567 999999999 682794 749053 937288 488250 121399 526764 522038 625161 875834 576743 343781 560294 480478 109955 663876 861051 927904 614521 493551 398815 455581 663887 932972 862042 664800 452182 308267 426911 615914 924263 201696 425799 150446 741234 350746 586488 494969 916810 615425 741250 531405 357171 610946 726006 796867 239744 521393 144719 410370 783580 233123 692425 734135 214239 450586 189555 785553 614400 437856 915237 324558 718343 648980 236010 879383 969494 508077 142670 957801 508705 313660 459397 385399 689928 258880 524692 531505 441537 597559 455989 81200 688990 730058 408629 203743 285096 636061
224950 283765 118523 620765 385553 578867 549860 268533 661130 386403 28458 384003 682794 999999999 332329 301739 701968 564092 173075 166273 342708 363336 216759 776845 199258 461699 589097 456837 293589 307976 68479 696624 738159 394082 27770 272488 338747 628225 371122 383535 322808 308790 371125 482140 581965 576035 93641 753846 281594 513568 299034 183869 119430 561971 619110 209377 270824 422647 770412 544578 669876 768800 195762 478174 126667 417529 471292 342520 710869 395540 131183 251417 515926 647425 183347 45249 450978 198414 530430 592907 615417 311769 439132 670975 255668 508566 190783 477553 507383 203301 414116 238759 819521 605142 470281 151739 764305 739984 434139 85869
108947 358401 396590 456121 185945 458676 758984 343222 601808 690263 323160 592380 749053 332329 999999999 285198 532584 656622 424687 398811 131317 135393 518177 962401 490652 317131 639244 772336 609740 594729 332003 945004 950322 302586 312177 523313 662298 928595 299658 460602 326390 133304 194936 566113 823630 702677 264352 946717 164517 345921 249638 499174 444686 366829 834095 172814 602807 754730 918057 818862 670783 644114 518873 624655 205696 100814 550456 594756 852092 63808 442896 371333 846904 560471 150973 362176 528847 417751 857151 409878 744544 313817 716804 588391 321134 740248 521982 491135 785722 262549 667593 548763 1034130 691153 789191 482411 639894 880754 464845 265607
260426 516648 418334 731329 166620 720840 848471 83799 846729 677073 317761 679621 937288 301739 285198 999999999 810630 826540 470274 457141 396139 189125 514928 1073396 500259 579756 833027 735151 458221 405134 354912 998046 1038532 542041 305413 314954 519438 915002 529248 629139 520737 379392 143476 737364 883697 852454 213055 1051566 386196 617810 36701 476948 349916 646376 919153 335460 520553 657849 1057553 843410 891152 913091 398931 758641 245343 380938 723735 644007 995172 316144 429804 503458 716756 814728 223473 346972 701672 222887 706671 688084 893754 28658 738488 841944 478062 809626 456435 697013 805696 406106 715852 531912 1120432 866148 743759 393759 908706 1024604 659852 309773
558620 457136 666341 82001 711849 137729 726687 852746 220225 862248 675685 639513 488250 701968 532584 810630 999999999 487406 643821 619458 414801 662526 747824 823988 717525 242620 413787 955271 982218 1009601 648620 928361 862786 308213 674306 968826 1013198 1035035 332135 433736 394111 435267 724677 448095 826786 561403 698980 825287 440743 195514 777182 762839 812732 165842 785155 510536 898378 1027160 727051 888079 345202 134470 883766 559064 623999 456265 438358 707439 671224 527917 725299 502991 1145700 164062 607851 696820 434070 875924 1181636 122811 586745 838522 824035 175818 465370 754171 827236 339220 872864 499943 748759 782042 931633 491377 980022 828809 131682 689678 368760 618483
594485 312086 458583 452672 824068 372916 252395 820581 284862 480742 537719 247339 121399 564092 656622 826540 487406 999999999 405715 401784 539368 778079 456285 346942 439203 419696 79917 560368 740565 806634 496125 444544 376187 378742 546118 811794 743055 584562 369796 200100 330261 525382 823097 91190 354192 74007 626056 343361 492168 445862 807907 494429 619999 491242 301112 507570 607234 684953 271244 436589 188525 440978 662287 117609 581198 653973 106451 334991 206058 698821 493027 323652 804787 327985 611265 529178 128476 759715 857138 477104 103810 845934 406831 327317 351670 296631 569086 185840 433193 423410 335125 478084 448479 41118 585913 608671 438162 232119 196104 521365
320359 186777 55587 568290 528730 508787 378263 441593 553184 269720 152914 210980 526764 173075 424687 470274 643821 405715 999999999 28603 378394 496422 109717 604299 78040 424898 442836 357955 355638 408417 115903 536756 568514 348189 164945 406274 375602 504363 322470 250523 251425 345166 518431 332196 418344 408873 257258 581770 305737 478207 462956 119079 214909 533478 449028 256621 254625 388312 598054 397075 536337 682836 265518 310110 248944 484159 324226 178541 539416 486865 91806 141134 503823 553345 302314 130814 306728 357934 537842 553638 446873 482619 293221 572711 182910 340831 187595 357858 362552 184770 252543 144982 650847 446696 378118 209201 678515 568351 313739 173954
295737 163361 58276 543176 508223 485231 392269 433136 535359 297800 142958 222530 522038 166273 398811 457141 619458 401784 28603 999999999 350006 474455 137914 616256 106284 398040 434135 386426 373477 421509 102825 557089 583946 321527 153883 413371 396657 531201 295820 236274 225990 316891 498754 324338 437635 410126 244418 594608 277321 451467 447887 143933 224166 506484 464389 229487 279175 415415 604882 421085 524126 661877 280528 312010 228974 456469 315233 199644 544813 460586 108892 118589 530042 533172 280516 127841 296610 358201 562761 527410 449252 470884 318114 553276 156374 358354 208903 341342 387222 156197 273709 173104 666841 442898 406679 223711 657520 573988 296986 154252
147783 261776 366963 335190 316964 329829 668720 439405 470560 647566 323777 510235 625161 342708 131317 396139 414801 539368 378394 350006 999999999 266489 484110 859466 453472 187632 515222 736318 635950 639651 315757 864273 855841 172841 316655 581886 681077 876282 173012 350468 214064 34674 324681 450649 743294 591182 306704 846212 72722 221840 363322 476160 462131 252064 743418 134802 597709 746968 806218 753629 540962 518813 538469 521283 231986 119095 434745 529611 740045 160425 422872 287222 850878 430062 200369 357858 414015 480844 870609 292655 632351 423869 657058 457936 230707 658888 516596 366289 723712 194644 598564 518072 938898 571678 756152 492088 514494 768038 344180 259216
188018 470695 456616 588038 50563 593711 856239 265905 737047 746542 364810 686016 875834 363336 135393 189125 662526 778079 496422 474455 266489 999999999 573639 1068894 550428 452423 766589 820031 600745 565730 387489 1031253 1049153 436141 351899 482237 658916 988511 431320 578956 449410 264733 62587 686934 911125 818868 274368 1051095 289720 479689 153159 545706 455775 496837 930707 273852 626549 775355 1033009 892745 803527 777489 522058 735003 249050 209788 671645 674062 967628 138629 490605 474757 853053 695839 194112 403252 649611 379086 853205 540471 860978 216191 787892 723763 431475 830020 550372 619975 857306 364350 748151 599568 1132964 814270 833608 498456 773323 996721 590740 323182
410396 291605 121614 673955 599880 611420 362510 469830 641723 173389 209514 221236 576743 216759 518177 514928 747824 456285 109717 137914 484110 573639 999999999 590099 31679 533635 507169 254713 284316 354624 188006 485102 539785 456759 222632 376659 290090 414967 431063 335733 358586 450238 586554 397414 375468 441952 310361 564261 411871 586744 514946 44732 193466 642321 424025 357064 157905 280252 604956 328577 609396 778754 212493 345896 325567 585474 392981 148963 553200 581574 85667 245724 397878 647911 382869 172765 379269 357401 435795 661330 474576 521766 223565 665296 291720 310703 114170 445501 291053 292635 210324 35294 617969 495569 273000 165926 774539 580530 402879 254645
880914 604080 658325 797045 1109576 718090 228443 1045103 608072 500839 757139 393817 343781 776845 962401 1073396 823988 346942 604299 616256 859466 1068894 590099 999999999 591837 762808 411879 531341 839456 925268 718659 216045 88897 713689 768939 963307 815947 440485 700334 509593 645521 839172 1103793 419891 240756 278185 860544 30126 801174 791966 1063404 634774 783453 838141 169459 796270 691492 694092 115420 343596 487278 754022 794246 338525 838859 977960 435311 442339 154396 1012906 663265 594340 791604 660318 882793 733048 452903 946125 854296 823613 243133 1086703 404007 653121 641401 281164 694518 530317 371003 704954 382328 591456 113597 334083 550256 754499 752201 142668 531590 766900
383518 260844 94735 643227 578332 581416 363432 459470 615280 199627 188665 212280 560294 199258 490652 500259 717525 439203 78040 106284 453472 550428 31679 591837 999999999 502157 486685 283910 302807 367891 163140 497805 545668 425310 201834 382530 313441 439645 399605 309366 327411 419742 565784 376225 384842 429501 292066 566884 381094 555316 498285 55438 193925 610826 428209 327570 184502 311390 600605 345927 586904 750525 223891 331967 301561 556010 370879 149738 546690 553814 72285 214921 428357 619942 358225 154211 356154 354395 465020 630107 463791 508635 240375 637844 260191 315496 130483 418952 309158 261385 217430 66962 625363 479121 302920 172772 746280 574583 375854 229075
321768 246510 438153 160639 502985 142231 606932 615307 287950 670660 436182 477226 480478 461699 317131 579756 242620 419696 424898 398040 187632 452423 533635 762808 502157 999999999 374401 764211 747200 769674 411974 812369 777292 76953 433940 726549 782180 872993 102594 273994 177088 200367 511749 343440 697155 484727 456442 755261 199696 53617 548279 541413 575190 108714 676977 268111 675405 813210 690357 734204 373815 333380 648113 440554 381668 268329 328427 526057 625665 332050 498073 290692 927927 243563 368554 459985 312902 633318 958607 132045 521893 606806 652440 271504 242013 615429 599944 233856 711330 262646 582140 568841 856389 443428 787410 594551 328983 651088 232903 377213
589021 317438 492298 385593 814440 307446 332281 835076 205938 549424 561523 311506 109955 589097 639244 833027 413787 79917 442836 434135 515222 766589 507169 411879 486685 374401 999999999 632252 789479 850094 520629 523231 449387 346072 568441 847502 796865 663554 342264 207154 318411 506055 815715 110908 434102 151586 641595 411804 477030 393037 811408 542070 657362 433595 380049 503692 662247 749890 323129 515238 111653 361487 706036 187822 589194 624668 118902 398363 262129 675624 533408 339474 870713 251853 612394 558355 138233 787213 921019 414719 173075 854330 480494 249183 355207 375228 617122 148972 510446 426957 406968 532194 518029 77860 657920 650762 358747 284156 176216 536379
664070 517856 376166 888789 841655 817739 350886 674655 809734 93732 456294 326195 663876 456837 772336 735151 955271 560368 357955 386426 736318 820031 254713 531341 283910 764211 632252 999999999 350851 442788 440723 349426 453375 687960 468899 509092 309044 184058 662960 521981 587360 702936 826184 538961 291961 513439 548307 501318 663684 815371 742358 275144 385538 871931 371245 611464 222922 164280 593431 188560 743724 960725 351097 444639 575584 839911 541734 248512 564396 835885 331231 474873 263260 830694 633504 417259 536997 538066 324491 884632 528877 735870 155217 842282 528586 286833 278737 624419 161043 542527 225421 223613 510504 590399 25709 342212 956928 584233 588701 507480
508924 534411 319591 902707 603950 852262 621640 380610 908543 342557 315093 502470 861051 293589 609740 458221 982218 740565 355638 373477 635950 600745 284316 839456 302807 747200 789479 350851 999999999 91936 335259 688473 774291 675133 320418 168349 61558 530927 650513 605795 590180 602233 583343 678927 603705 724534 345391 811039 574918 800227 478326 247409 174455 850981 670064 502962 148005 219067 872700 520046 888627 1034063 99216 629688 410354 702758 673210 421294 826459 669767 264752 491268 258593 906251 459644 287418 657755 235619 252480 879238 755347 448717 436851 926687 518673 560985 172361 713493 483936 484555 462624 265508 842721 779883 347389 153448 1029665 852315 669341 378823
502102 575282 364116 928582 561697 884476 704407 322966 954347 431874 333919 575772 927904 307976 594729 405134 1009601 806634 408417 421509 639651 565730 354624 925268 367891 769674 850094 442788 91936 999999999 362927 779060 862271 701455 335735 92594 143028 622552 678007 657684 624486 607494 539801 739192 691639 796375 335468 897246 585253 821455 430246 313294 200491 869227 755825 511934 235248 306904 953768 610511 944703 1071674 144383 699557 408016 692276 732028 498561 905166 651046 316951 535048 326969 946849 449725 315259 715012 186913 305828 900786 829183 391118 524656 968874 554156 645258 240550 762306 574013 509880 545463 341467 932054 846790 439127 199403 1067210 931738 717917 392934
223420 217646 69225 568393 416727 521698 493638 330807 596697 361354 41636 324843 614521 68479 332003 354912 648620 496125 115903 102825 315757 387489 188006 718659 163140 411974 520629 440723 335259 362927 999999999 651048 684343 340657 51328 336472 372635 602482 316485 315266 261778 281084 405224 413719 533516 509832 141905 696664 247808 464968 347056 167306 164145 515972 564825 181638 281987 431968 707347 506238 602141 709023 236140 412570 138480 405853 402820 293190 646804 395723 111221 183483 535296 585454 195142 48202 382501 266728 557173 544000 549682 368168 400985 608301 192287 456670 200848 410720 470302 149371 366736 217140 766742 537134 457228 183264 704550 676056 367018 66788
848822 603321 583174 884731 1065201 804674 206011 954895 729126 348464 683318 354410 493551 696624 945004 998046 928361 444544 536756 557089 864273 1031253 485102 216045 497805 812369 523231 349426 688473 779060 651048 999999999 127157 748785 696280 832375 654121 227268 729588 538860 661211 837547 1055181 483953 121450 371649 788313 188245 796733 852136 995189 526475 671711 904865 143529 772266 545202 512965 316055 168571 622423 884474 663697 375590 785545 982283 496031 358218 322310 1002812 568866 578205 597154 771943 837546 651393 506039 836405 660849 900434 356914 1006211 264378 771857 633751 205563 569953 598971 205651 683060 284345 474291 162834 451354 363297 635205 881826 327153 584020 710552
862282 595313 620342 828340 1087301 748300 192981 1004230 652781 432275 720775 363797 398815 738159 950322 1038532 862786 376187 568514 583946 855841 1049153 539785 88897 545668 777292 449387 453375 774291 862271 684343 127157 999999999 721503 733143 906262 746679 352484 705514 511864 644275 832716 1079780 435490 170643 302682 825676 61916 793227 811262 1031335 583831 732667 860606 119564 780234 627137 617366 194356 264839 537285 804028 736436 338888 811344 974935 449793 396673 213852 1004125 617926 579034 710501 701203 858854 693387 464404 897148 773679 850351 276350 1049857 337630 697161 630326 230243 638157 550330 295714 688833 329465 536657 83893 372598 470788 700627 801825 211960 544420 737538
281695 170104 363007 227738 486115 187782 544816 568900 305578 594514 367571 406958 455581 394082 302586 542041 308213 378742 348189 321527 172841 436141 456759 713689 425310 76953 346072 687960 675133 701455 340657 748785 721503 999999999 366505 662928 708392 800059 25719 210844 100601 171785 491576 294915 631535 437875 398472 703851 156014 130024 513148 465142 504671 185662 616733 214037 599523 736471 649487 663273 368295 381690 576342 382678 326063 278596 279160 451686 583713 331791 422802 213881 851549 273251 322428 388853 260815 573476 882952 206380 477284 567809 578896 300171 165281 548637 524851 197654 639154 191736 509888 491949 802326 407583 711010 521965 377187 610557 183473 311565
203766 259785 113455 593065 377250 551587 543208 279484 635709 394843 13173 375213 663887 27770 312177 305413 674306 546118 164945 153883 316655 351899 222632 768939 201834 433940 568441 468899 320418 335735 51328 696280 733143 366505 999999999 298924 364427 636900 343662 362037 296511 282537 364149 462632 579983 560948 92633 746636 254514 485798 299360 193971 146000 534245 613743 182721 290898 442802 758619 547660 647039 741895 222119 463824 107968 394671 451305 339670 698130 375770 138720 229482 538863 621096 165845 51668 430626 221119 555022 565137 600896 317777 442111 644857 230335 504558 209840 453805 510989 176057 412480 247675 815176 587052 483477 175999 737396 727380 410721 58469
438467 554078 355216 887011 474728 849467 737593 231939 933011 484187 300672 594801 932972 272488 523313 314954 968826 811794 406274 413371 581886 482237 376659 963307 382530 726549 847502 509092 168349 92594 336472 832375 906262 662928 298924 999999999 227386 692160 640996 647066 595282 551565 452408 737498 736715 809963 275400 936399 534108 776577 341757 332298 191946 821167 794912 461311 289541 387202 981575 664471 935480 1040632 169848 711439 350976 622905 728600 525408 928955 576447 319845 518069 417955 919903 384991 292535 709891 105796 398407 855428 845506 299683 571296 943446 527807 682180 268816 746461 626834 474562 580979 371897 979849 852685 508830 210792 1036130 956622 702448 351470
559258 559820 346901 934915 663542 880818 604467 442133 927465 315188 357591 499419 862042 338747 662298 519438 1013198 743055 375602 396657 681077 658916 290090 815947 313441 782180 796865 309044 61558 143028 372635 654121 746679 708392 364427 227386 999999999 484164 683275 622150 619308 646902 643195 687429 577034 721013 398592 786901 617464 835606 539024 259789 219885 887752 647428 546843 136098 164194 856724 486974 899463 1058291 143923 629100 460044 753280 683064 414544 813963 723275 288541 515235 197331 928947 511507 326174 669117 297029 195389 914054 749332 510200 411970 948164 547880 541809 188029 731310 452446 520345 446956 265137 811641 781273 302225 189886 1053954 838735 687699 422107
822579 634070 534373 977641 1013574 901011 335937 856932 861044 242065 623883 398749 664800 628225 928595 915002 1035035 584562 504363 531201 876282 988511 414967 440485 439645 872993 663554 184058 530927 622552 602482 227268 352484 800059 636900 692160 484164 999999999 776751 607904 701601 844686 999345 591924 240007 521289 721361 411378 803975 920496 920318 444361 566798 976582 316747 760688 406976 324844 530174 148831 772915 1017336 535113 483265 740487 986834 599361 350162 521369 991107 498284 596560 385740 893055 797604 586028 601400 721752 449139 982152 522150 916976 221662 899321 653577 288479 459366 695853 162826 682226 291122 389582 385387 604436 183655 524141 1014029 533223 668175 668700
269730 145207 337594 252195 480794 208557 526508 552999 317518 569590 344307 385223 452182 371122 299658 529248 332135 369796 322470 295820 173012 431320 431063 700334 399605 102594 342264 662960 650513 678007 316485 729588 705514 25719 343662 640996 683275 776751 999999999 193722 75835 166796 485088 283607 611594 426221 378975 689621 145396 155742 501363 439462 480604 211308 599088 197442 573907 710753 639420 640952 372306 401370 551843 366693 307777 284389 267710 427816 573414 333372 397342 188539 825849 288956 307754 364685 248349 552919 857370 231940 466339 554487 555380 315286 139562 528287 499419 193302 616267 168132 487054 466260 786916 400420 685913 497240 396860 600721 173692 289532
394484 112669 294180 370828 624428 296703 334170 628321 306016 429442 355629 209168 308267 383535 460602 629139 433736 200100 250523 236274 350468 578956 335733 509593 309366 273994 207154 521981 605795 657684 315266 538860 511864 210844 362037 647066 622150 607904 193722 999999999 136475 332223 623123 109167 423162 242174 434547 497496 296393 316632 609257 362364 460080 371509 405892 307520 493405 605802 457640 464789 288459 445912 515772 173243 384162 468536 94823 273773 391589 506669 342240 132608 726782 314605 411680 355273 72633 581943 769372 374425 283963 649535 391939 330420 151958 341735 435544 109777 445096 223998 317785 366714 593520 238211 546930 459181 441830 420171 68220 329297
270822 69504 272411 317200 496598 262091 460579 533073 341018 493917 294745 312691 426911 322808 326390 520737 394111 330261 251425 225990 214064 449410 358586 645521 327411 177088 318411 587360 590180 624486 261778 661211 644275 100601 296511 595282 619308 701601 75835 136475 999999999 196184 497391 239755 541935 378044 347376 632675 161908 229222 496668 369862 424619 285471 534380 186642 505160 638790 593444 567078 370582 447252 492697 307703 283422 332450 224072 352254 527305 370550 331194 113817 755192 324621 297613 309227 202534 514152 788750 302752 419562 543832 480080 348386 71554 458004 433132 176495 541642 124180 412581 393592 726804 365319 610433 436841 442781 555638 142217 248206
123375 237431 332613 354417 314491 341811 644108 417493 475651 614647 289455 483163 615914 308790 133304 379392 435267 525382 345166 316891 34674 264733 450238 839172 419742 200367 506055 702936 602233 607494 281084 837547 832716 171785 282537 551565 646902 844686 166796 332223 196184 999999999 319807 435484 716318 574174 276165 825034 41161 240233 348047 441738 428216 275603 719042 100289 563036 712332 789607 723746 538814 533708 504515 500648 200776 144944 419691 499262 723476 174446 388305 259444 816224 438564 173870 323297 398416 451669 836129 314456 615738 406500 626171 466212 204033 631999 481925 357837 693272 162476 569047 484056 916084 559121 722567 457746 529320 751821 332188 224885
228642 512634 474189 649726 23157 653524 886887 225843 794577 757505 377316 715985 924263 371125 194936 143476 724677 823097 518431 498754 324681 62587 586554 1103793 565784 511749 815715 826184 583343 539801 405224 1055181 1079780 491576 364149 452408 643195 999345 485088 623123 497391 319807 999999999 731938 936307 860422 278171 1084835 341107 540600 111389 554984 450914 558911 960620 315649 623790 769246 1073083 911097 857237 838669 511794 773550 269798 272355 716955 696972 1008254 201036 501655 512186 839577 754722 221178 413926 694771 353387 835160 602459 902517 167634 805647 782606 473006 856881 551145 670700 874757 403291 770949 609861 1163306 860263 838082 494707 834475 1037530 639506 344712
503343 221604 382326 400821 732879 320867 279586 733966 272281 451996 455021 213025 201696 482140 566113 737364 448095 91190 332196 324338 450649 686934 397414 419891 376225 343440 110908 538961 678927 739192 413719 483953 435490 294915 462632 737498 687429 591924 283607 109167 239755 435484 731938 999999999 378824 142962 539580 411823 401600 375785 718028 431546 546923 425457 342625 416461 553462 647061 356059 443474 213149 426831 595128 110977 492107 566537 15934 296857 289959 609402 422560 236222 768429 301131 520774 449769 37347 679568 816796 417553 182731 757292 392546 308214 261050 306875 506571 115692 432231 332996 316832 423433 513380 129104 564643 539874 423346 317590 111808 434449
727947 482796 466548 778188 945830 698764 101930 844152 637324 262073 567174 233160 425799 581965 823630 883697 826786 354192 418344 437635 743294 911125 375468 240756 384842 697155 434102 291961 603705 691639 533516 121450 170643 631535 579983 736715 577034 240007 611594 423162 541935 716318 936307 378824 999999999 286232 672442 211067 675456 738774 879332 418589 566562 792549 81699 650925 456494 453667 304814 108484 540328 794034 566877 268036 666514 861119 389368 240401 285536 881364 456852 456913 554235 675336 717737 536748 396812 731527 616191 790666 283205 893092 166988 678164 512661 84418 469412 491474 130948 561618 167855 369248 243675 369413 312141 532870 791046 300869 472502 591608
632382 348250 463889 525701 863130 445726 185737 839460 357509 440319 551283 222167 150446 576035 702677 852454 561403 74007 408873 410126 591182 818868 441952 278185 429501 484727 151586 513439 724534 796375 509832 371649 302682 437875 560948 809963 721013 521289 426221 242174 378044 574174 860422 142962 286232 999999999 645964 272286 538562 514060 836501 483259 618421 561163 228565 545504 585042 648281 215472 375187 254267 512918 653084 98849 608363 708087 158731 306697 149422 748586 490315 350709 765871 401800 643738 537611 177965 766762 820920 548756 42119 870053 358260 400503 387685 236927 556116 252225 375973 457280 291781 459132 376380 83299 538544 602036 510230 178138 254664 543391
166692 325429 206025 616979 293349 586230 635417 194527 687692 479743 105293 466729 741234 93641 264352 213055 698980 626056 257258 244418 306704 274368 310361 860544 292066 456442 641595 548307 345391 335468 141905 788313 825676 398472 92633 275400 398592 721361 378975 434547 347376 276165 278171 539580 672442 645964 999999999 838562 260075 504733 206934 277082 184397 547288 706237 188506 352595 502523 847347 637823 712230 780064 256017 550207 75843 358681 527129 432207 785921 324717 224820 303378 586701 666187 115034 137977 505659 177190 593828 582877 686617 226555 532312 691570 290336 597190 276023 516730 600756 223475 504818 332147 907780 666563 560786 225573 775557 815280 475644 105267
863272 588864 635351 795483 1091098 716020 204185 1021778 611400 471729 734683 372103 350746 753846 946717 1051566 825287 343361 581770 594608 846212 1051095 564261 30126 566884 755261 411804 501318 811039 897246 696664 188245 61916 703851 746636 936399 786901 411378 689621 497496 632675 825034 1084835 411823 211067 272286 838562 999999999 786540 786106 1042281 608863 757717 833445 141631 779267 663136 664182 133866 313495 492534 759719 767106 324984 818750 965010 426933 417187 161838 998240 638594 577204 761484 662213 863686 709768 443595 920885 824188 820421 240161 1064384 375079 656256 625585 254311 667584 524190 341092 687798 355557 564721 106434 334008 520167 728104 757738 155289 523004 746227
125771 198013 295766 358911 338184 337035 604036 416435 461429 574845 260171 442325 586488 281594 164517 386196 440743 492168 305737 277321 72722 289720 411871 801174 381094 199696 477030 663684 574918 585253 247808 796733 793227 156014 254514 534108 617464 803975 145396 296393 161908 41161 341107 401600 675456 538562 260075 786540 999999999 245525 357136 405113 400470 287263 679040 73345 528934 677118 754018 682609 516439 531030 476384 462737 184356 186029 385953 458171 687981 211742 352634 218544 782887 428573 169274 291930 364330 437199 804681 323036 580345 412206 585201 455752 163601 591172 448300 330293 652207 121988 527888 446015 876716 526988 683619 427687 526574 716547 301552 196096
363441 298344 491767 114205 529989 119590 646187 657654 277489 721715 488403 523122 494969 513568 345921 617810 195514 445862 478207 451467 221840 479689 586744 791966 555316 53617 393037 815371 800227 821455 464968 852136 811262 130024 485798 776577 835606 920496 155742 316632 229222 240233 540600 375785 738774 514060 504733 786106 245525 999999999 585159 594935 627847 56595 714582 316264 729002 866495 713989 780060 377058 298213 701089 477794 429382 283560 361525 575303 650457 351913 551689 343029 981425 225990 412354 512892 348066 681893 1012222 79339 549340 645389 700734 253397 295297 658181 653551 261916 758305 315752 629385 621915 888844 465843 838783 647751 293982 674719 268620 428628
231670 496589 412813 698329 134249 689848 840130 114789 818462 680586 312161 670211 916810 299034 249638 36701 777182 807907 462956 447887 363322 153159 514946 1063404 498285 548279 811408 742358 478326 430246 347056 995189 1031335 513148 299360 341757 539024 920318 501363 609257 496668 348047 111389 718028 879332 836501 206934 1042281 357136 585159 999999999 478817 359130 612489 911791 310296 531550 672395 1043822 843360 866318 881355 413297 744075 228163 344622 704056 639029 980742 279490 429331 486200 736208 785079 199247 344109 681889 245009 728769 654496 878087 65102 738014 812455 457496 803585 463965 673163 805976 385368 711747 534054 1113797 847071 752125 403266 876993 1010189 637068 296877
390405 305854 109359 686992 569345 627858 407240 428785 667780 202672 181252 263931 615425 183869 499174 476948 762839 494429 119079 143933 476160 545706 44732 634774 55438 541413 542070 275144 247409 313294 167306 526475 583831 465142 193971 332298 259789 444361 439462 362364 369862 441738 554984 431546 418589 483259 277082 608863 405113 594935 478817 999999999 148979 649609 468467 345051 135552 274013 649284 367159 641858 800625 169878 386263 300450 572034 426027 193638 597015 562935 56342 260196 386539 670564 358392 142462 411013 313351 418942 671227 516758 482521 263237 689171 300209 355125 75058 471561 329195 290185 254474 55264 661553 534234 290558 121506 796336 624503 428047 233585
340015 374834 165976 732377 468796 685540 555552 290476 754136 333627 140753 405481 741250 119430 444686 349916 812732 619999 214909 224166 462131 455775 193466 783453 193925 575190 657362 385538 174455 200491 164145 671711 732667 504671 146000 191946 219885 566798 480604 460080 424619 428216 450914 546923 566562 618421 184397 757717 400470 627847 359130 148979 999999999 677763 617439 328660 173051 319619 794512 508537 748239 871566 76366 519773 240681 533886 538555 341491 740129 506690 128107 335073 402791 746388 293739 115977 520429 165018 413163 707070 654435 350387 407353 768384 353951 504100 107481 563037 470255 313069 403418 197724 809924 660846 393846 44147 867111 768196 518684 204374
398482 354721 545443 94057 546315 136818 698854 691442 295464 778284 537569 578836 531405 561971 366829 646376 165842 491242 533478 506484 252064 496837 642321 838141 610826 108714 433595 871931 850981 869227 515972 904865 860606 185662 534245 821167 887752 976582 211308 371509 285471 275603 558911 425457 792549 561163 547288 833445 287263 56595 612489 649609 677763 999999999 766251 359858 783190 921781 756379 835639 405458 285559 751768 529728 471496 291905 411711 631813 693906 363123 605402 399220 1036148 238733 449462 563590 399447 724315 1066072 43963 595040 674463 757055 264220 350648 712556 707009 310276 814264 367408 685459 677537 937099 508493 895314 699151 281701 717234 320845 476424
744289 481828 501100 742836 968379 662658 75126 885761 585843 332787 601421 244804 357171 619110 834095 919153 785155 301112 449028 464389 743418 930707 424025 169459 428209 676977 380049 371245 670064 755825 564825 143529 119564 616733 613743 794912 647428 316747 599088 405892 534380 719042 960620 342625 81699 228565 706237 141631 679040 714582 911791 468467 617439 766251 999999999 663102 522080 531029 223341 190161 480958 741476 625531 236803 691945 862397 355350 278643 205142 888996 500317 462888 634233 628415 739833 574463 366808 781241 695736 760054 216823 930698 235603 628424 515565 113344 526115 458168 210516 571933 214400 423420 202705 309355 392238 587045 738773 219411 445962 618045
87034 197288 236939 428540 317643 400650 588095 355560 513874 525653 189281 420238 610946 209377 172814 335460 510536 507570 256621 229487 134802 273852 357064 796270 327570 268111 503692 611464 502962 511934 181638 772266 780234 214037 182721 461311 546843 760688 197442 307520 186642 100289 315649 416461 650925 545504 188506 779267 73345 316264 310296 345051 328660 359858 663102 999999999 463558 613530 759252 647149 556072 595018 404839 461227 113581 228448 401601 422598 693983 232451 290532 202063 716275 486304 112032 223061 379383 365632 735841 394604 587622 359539 546074 512723 157828 567699 382259 363067 614614 91521 495091 389892 864122 545069 630063 357521 590526 723135 328080 124737
