NAME : synthetic_000787
TYPE : CTSP-D
DIMENSION : 100
GROUPS : 8
RELAXATION_LEVEL : 1
EDGE_WEIGHT_TYPE : EXPLICIT
EDGE_WEIGHT_FORMAT : FULL_MATRIX
EDGE_WEIGHT_SECTION
999999999 474611 142511 857939 273384 596171 750377 579091 345291 751070 284886 777533 713500 201705 323721 71761 457676 650513 204822 540631 567140 210799 237328 611514 477855 485072 523159 67188 319863 509180 546897 214747 634523 300094 781470 416105 116400 402949 791899 272732 234419 234304 558524 295109 634856 276602 365169 387180 623574 956330 581624 628713 298806 299787 268897 487878 818876 472273 515461 445160 795212 550717 253673 325996 443253 556459 274549 392453 345022 620101 274741 432682 424307 663385 374580 802352 509138 176777 169346 272507 440260 440898 454453 422784 150548 570036 433042 621820 533843 893719 373711 669304 751961 678685 395806 933593 571220 545830 217508 724310
474611 999999999 363942 385079 460065 378409 438562 633822 150818 656203 548300 336670 268836 354104 787539 439534 158440 181556 617795 454121 454379 680484 368756 200947 330784 415353 76821 507067 701760 82641 365199 519478 370102 567359 336193 236439 492155 79599 624925 595365 624477 336869 341684 614832 502075 248754 410209 363154 252004 482717 483496 524065 275908 734645 598968 537284 349257 21333 253735 429940 356559 107372 699267 561710 252884 301783 749053 86765 815660 503728 682686 247692 564367 542016 100227 327751 457807 407948 403837 502522 373547 414529 304323 210617 624912 533565 289086 443901 312293 422054 112968 408563 664732 227473 520782 460838 183037 406867 486423 358154
142511 363942 999999999 748295 336238 570094 607867 478646 262787 626798 235566 644825 582807 65525 425798 159723 321087 529841 255182 408950 570230 323761 108475 477593 337022 492391 424226 202925 349338 414436 526768 180208 597622 255182 649709 273974 230006 303205 658623 387460 266350 240026 416542 281139 501361 137884 391894 252523 484905 836851 590526 639406 156304 371193 385734 379281 713195 357218 467309 318023 661776 454433 335376 416482 404250 515448 403215 277542 457443 626609 322618 290302 337318 532327 268752 688023 525335 228598 65859 202188 304616 311350 312700 281835 283408 448264 407083 483385 500098 772011 280335 635897 628978 583457 300080 823948 492847 538687 303438 583510
857939 385079 748295 999999999 791226 514469 513884 916162 517841 846587 913710 256959 255239 732530 1172612 817387 470454 231734 1000452 713371 632455 1065272 739919 343242 611515 643611 337351 885405 1078166 354403 542298 894771 465309 931439 243660 558159 862725 455170 768969 939732 1004591 689108 568121 984863 713474 625089 704151 689588 392205 135900 658193 675722 641123 1117753 945026 838766 49832 391118 455012 734779 264356 313493 1083620 883934 513672 463670 1131598 470844 1200481 655257 1063412 558344 894614 747268 483963 71072 676686 768135 783938 867147 676507 719902 598480 533163 1007516 794242 551271 646239 495667 122537 485549 480057 858286 201192 854534 75765 332893 591283 835080 411578
273384 460065 336238 791226 999999999 387249 855689 814831 311458 949835 548813 796733 728902 397848 539628 204184 531299 635818 473553 725908 322127 430067 442290 651271 628977 242887 468702 231106 589461 447755 334974 480583 438283 565975 796062 535986 170712 382027 965668 151111 506012 131147 692211 567624 811778 402515 117742 571091 687968 913310 329465 372550 447763 550727 157585 714733 744232 469939 356363 644224 816623 484586 501313 102458 284854 377163 442986 410979 540258 368218 540257 555438 671401 846950 377465 753313 254504 107932 396774 526836 618065 634983 599277 528601 346818 776517 253771 779392 345773 861808 349593 464294 953452 591168 635729 862050 461251 315443 69877 797870
596171 378409 570094 514469 387249 999999999 806548 977639 335235 1030547 803978 636719 579040 602671 906953 528179 531443 469783 796080 818813 119135 792861 638220 558396 696372 157445 321145 583596 906087 303607 52325 749986 57249 823879 629713 593906 533188 351284 1003299 530513 819259 362125 718598 850447 876477 532935 270403 698978 618633 650153 143782 165275 579313 895892 538254 875014 464909 399457 126206 774467 655706 308397 849095 447123 167479 76751 822457 409415 915371 143992 867265 609461 874391 916391 382471 507068 176035 431732 633672 765981 724775 760186 667060 571677 713500 893417 164732 820816 73221 619984 345076 77071 1038413 331242 831052 569481 226054 85763 453674 714486
750377 438562 607867 513884 855689 806548 999999999 482326 557508 345201 634431 257676 269716 552496 981925 753909 324560 358917 787642 300495 891849 904855 527205 248609 283379 853425 485572 808481 814126 504083 800376 656277 786392 644418 271083 335845 822644 497235 256373 963861 771779 724545 197972 708003 246642 479399 833929 390683 188202 491765 921111 960115 451584 893713 964819 445806 522833 419850 686980 379033 253803 499257 879918 956928 691321 730420 995440 452174 1024971 939362 826215 318288 536453 267297 487471 449457 895978 773119 597281 595768 343702 370990 300209 334456 884585 358570 726762 193372 746073 432100 523298 820684 357608 532125 512285 558729 585345 844055 859552 104953
579091 633822 478646 916162 814831 977639 482326 999999999 643559 230882 314120 693020 666534 417855 651423 627705 480947 695106 483835 203254 1011954 622795 373540 573440 311814 942692 710177 645604 444999 715617 946290 377934 986146 308357 704945 397386 692168 631367 326843 851233 450463 709559 349012 357089 236313 450105 860208 278737 525591 938788 1036597 1084764 401362 547978 847749 103836 904768 614012 854725 204948 698550 739272 558821 892714 815027 907188 716408 574594 701260 1068559 483258 387114 159305 224845 597036 845099 980778 707242 420817 309710 260279 220030 333044 423390 647498 126282 833238 292048 904557 871843 633019 1026184 224467 839671 183307 979415 816049 972129 779393 545541
345291 150818 262787 517841 311458 335235 557508 643559 999999999 715997 483518 486531 418690 278541 667297 299797 237178 331342 514529 495802 373965 555787 308925 340417 377870 314564 180512 367794 612123 164709 302804 438815 350455 503508 486534 274018 346237 71352 706292 444561 528619 186146 419209 539464 564750 198080 276460 365561 380818 626092 400665 447180 244079 627489 448149 540464 476417 158825 216828 442076 506270 206308 587114 413719 171616 268610 615903 105363 690309 429433 583759 292005 540266 603769 70042 467607 356301 257853 318487 441863 395651 428323 347185 256620 492365 565692 193579 517583 262017 568224 38253 390304 722497 333470 496660 592901 230932 331208 335607 490623
751070 656203 626798 846587 949835 1030547 345201 230882 715997 999999999 520518 596492 592292 561309 872747 785902 499455 654904 694476 224879 1088550 831965 519040 527569 338153 1030185 725370 818040 670148 737291 1009390 574686 1026178 519579 609750 442122 855218 681359 111253 1013976 664658 829250 315596 575408 154208 551027 970594 378899 466235 836303 1115927 1161468 503410 770599 1011938 276614 847724 634872 904350 308778 595557 749194 776251 1039343 882297 954960 927028 623839 921957 1142847 703861 424650 370384 114248 654617 778240 1071449 846888 582311 503086 332431 316150 368813 461441 844483 181281 908886 215019 960473 775013 694078 1064764 12585 821652 376338 898077 834729 1043975 927799 438149
284886 548300 235566 913710 548813 803978 634431 314120 483518 520518 999999999 755108 704349 204982 359159 346511 445551 682989 173983 353014 805420 311771 180151 594739 357480 726866 619734 347277 180544 615185 761695 70224 828798 20014 763429 363107 401282 506760 588573 555052 146162 471476 440354 75308 443696 300899 621221 250264 576675 979291 825185 873986 274193 262748 550416 244005 886431 535170 696568 258781 768128 651276 258913 610475 637111 746305 406648 464720 406651 861629 194231 368781 155103 459753 469123 846776 758547 442958 170556 46563 291514 264537 351245 385257 333592 346057 642006 458843 733004 911129 491867 867723 518091 775768 144719 987115 704889 774253 500016 649236
777533 336670 644825 256959 796733 636719 257676 693020 486531 596492 755108 999999999 67856 608756 1063507 756942 325065 171176 875634 491215 740812 967614 601431 167429 411507 723234 342681 821720 932119 364792 645117 753721 603103 770117 13409 394513 816681 415281 513744 930395 870599 672537 347597 830053 473429 507532 741048 509135 179774 246084 769765 800642 504234 991386 933624 629444 270695 327844 534900 534920 20130 340574 965849 898282 564909 566568 1047725 397375 1099352 779237 929318 386744 701351 503769 426082 195824 763509 740421 660755 709964 481285 521727 408475 375913 926113 567294 604430 407808 590612 180563 448300 631095 608536 318404 666300 301915 412240 693650 821367 158343
713500 268836 582807 255239 728902 579040 269716 666534 418690 592292 704349 67856 999999999 549576 1004128 691096 265959 109390 818211 463291 680084 906306 544964 109802 371537 659452 277415 756331 879190 299413 584613 698861 548474 720146 68735 341443 750085 347429 519254 862655 814881 604719 317555 778735 458394 446376 674155 462826 141284 278893 709219 741683 446462 934683 865922 595520 256193 260043 473084 496156 87728 277553 907552 830490 499902 507146 984939 330400 1038897 720312 873861 335865 661063 492029 358605 186008 700170 672897 601867 658574 440109 482146 364332 320774 862713 542677 539233 391239 529792 210305 380463 578417 603849 271629 623965 313486 353227 632587 753624 164763
201705 354104 65525 732530 397848 602671 552496 417855 278541 561309 204982 608756 549576 999999999 454779 225142 283887 507382 270173 343668 613572 361385 44449 441567 276391 538320 421487 265251 347663 414916 562457 165841 625193 224968 614713 224058 295244 304692 593758 452976 272069 293396 358138 263960 436462 107486 445260 187604 441650 812581 635508 684400 106063 387537 451216 316941 700692 343826 492408 252531 624715 452729 358142 480776 435241 542690 447161 267920 491059 670375 330965 238466 283097 467041 267589 669142 573462 291009 52431 163946 240109 245836 253917 236301 332480 383055 443325 420416 530815 746210 287761 664420 563549 579873 243306 807593 501553 578984 368034 535351
323721 787539 425798 1172612 539628 906953 981925 651423 667297 872747 359159 1063507 1004128 454779 999999999 383041 738652 955599 194288 711348 859839 114620 465094 896345 698935 778614 842230 323462 208986 829608 855787 325781 949699 355934 1069489 674075 375413 720792 946696 447951 213551 547812 784262 297423 802800 558439 652502 591242 894149 1262555 868832 912151 559601 103893 439662 599169 1135877 782164 836086 615095 1079336 870874 102108 539208 762499 874406 120300 702032 50104 907662 168891 685808 502440 818579 689403 1113465 793908 475230 402768 390159 639491 618950 685527 689355 194221 703503 748070 815123 849473 1197411 693440 982348 868988 999670 502168 1248364 894810 846891 469999 981757
71761 439534 159723 817387 204184 528179 753909 627705 299797 785902 346511 756942 691096 225142 383041 999999999 446216 619514 276512 568665 495846 268468 266864 593987 492420 413714 480225 68019 391624 464365 478226 277407 568352 363062 759721 418228 70674 363574 818054 228078 306074 166226 568562 363524 660855 274515 293408 412125 613210 922009 510021 557017 306915 368382 226119 532043 776212 440158 453058 477259 775405 505914 321043 266393 379511 491798 317624 362641 398657 548548 346166 436282 477310 692040 339739 765251 437407 105024 207647 328240 463924 470935 466278 420403 195974 606519 366482 640865 467773 861519 332130 602239 787808 631658 445123 892591 518050 475460 154085 718074
457676 158440 321087 470454 531299 531443 324560 480947 237178 499455 445551 325065 265959 283887 738652 446216 999999999 238752 552274 296028 596276 642799 279614 157719 173089 546148 232149 507303 616288 240915 512622 434423 527121 462627 330841 89453 511466 186773 475531 644187 549580 400160 188089 518446 345264 183241 512666 222886 167021 534894 624626 668197 180607 668871 645775 388510 447181 137359 405344 280487 341402 259768 641647 632819 389571 455600 724284 133231 774288 648730 608663 94775 429242 385216 167998 402201 588597 451985 336066 399110 222099 264943 148253 63297 603985 376217 420403 289891 462228 467229 206542 566025 507628 360573 387472 542704 340826 550133 537957 273002
650513 181556 529841 231734 635818 469783 358917 695106 331342 654904 682989 171176 109390 507382 955599 619514 238752 999999999 777227 494929 570899 852097 511408 127628 385460 552060 172774 686605 850006 194919 475358 666807 440243 700477 166825 326524 673508 260766 594676 774904 778863 516413 353462 754855 509988 400168 573230 458472 189085 307051 599995 632292 411973 894695 778805 612483 211376 179361 364226 506723 191095 169404 863089 736075 394204 397757 924860 258191 986688 610922 837948 327259 664134 547107 279951 163787 592360 589097 559501 636440 447973 491577 369877 301435 801047 577197 433840 443333 420598 243230 294057 471148 665631 173395 623551 304191 243873 523487 666243 256989
204822 617795 255182 1000452 473553 796080 787642 483835 514529 694476 173983 875634 818211 270173 194288 276512 552274 777227 999999999 520592 771733 138960 274414 709306 504665 689739 679397 244164 115911 669518 748008 131708 831285 176050 882236 483206 305218 558353 761252 436653 38670 436539 589979 131760 613485 377066 569838 396961 703490 1082746 786437 833525 371774 117477 430289 417988 966790 609735 706849 423171 890827 709607 92435 509993 637623 751175 233115 531062 238304 824892 71220 494013 326863 631732 523863 938251 713916 381411 217836 198539 445470 426216 491601 499954 177929 519503 631652 622543 731003 1016364 534776 867430 691950 838638 318589 1075849 745458 749347 411484 788690
540631 454121 408950 713371 725908 818813 300495 203254 495802 224879 353014 491215 463291 343668 711348 568665 296028 494929 520592 999999999 869667 650956 303851 371339 123505 808606 528114 606522 526952 536740 794014 390850 819576 359168 502890 224949 638902 467540 251350 796031 497797 604447 145758 422081 95136 326152 745953 156908 322348 736470 896467 942839 278719 615695 794528 145702 703180 433219 692992 98803 497647 555195 610018 816906 664848 744695 745591 409417 757865 924791 547137 209560 237045 123378 437839 642340 849414 624085 371607 322067 107856 100124 151845 247481 649597 82490 689357 109812 747213 669207 476736 859028 229680 646211 217537 776192 636835 826164 706295 348328
567140 454379 570230 632455 322127 119135 891849 1011954 373965 1088550 805420 740812 680084 613572 859839 495846 596276 570899 771733 869667 999999999 748222 653507 647023 750585 82198 409792 541752 885755 389632 95731 745189 173962 824798 734783 646592 485332 409699 1071801 450835 799199 338057 784092 842877 936030 561849 207371 736686 703942 767877 29368 73235 610728 861976 459156 908170 582756 474178 207721 813860 760285 403417 813419 360228 206890 175515 765105 465858 862180 56889 841881 663900 894524 975479 434061 622085 72061 392143 635947 771920 769272 800598 720145 627265 665873 939351 180414 885123 150302 735632 394528 178202 1095414 444852 852640 688450 329059 47960 391904 805280
210799 680484 323761 1065272 430067 792861 904855 622795 555787 831965 311771 967614 906306 361385 114620 268468 642799 852097 138960 650956 748222 999999999 378974 800195 621908 666623 732476 209267 216460 719123 741857 260619 835234 314868 972851 584907 262933 611488 895561 352400 173695 433234 707085 268767 745112 460129 540892 517015 802989 1159072 758179 802323 467446 134004 344636 555353 1027378 676319 721526 552424 984183 760564 88274 439176 647889 759795 95228 596043 135212 797065 161011 598349 465620 765460 581330 1007698 683405 361276 311389 331381 568131 553783 605061 597670 83475 655355 633542 749142 734949 1094910 583202 868071 829750 888933 455642 1141028 781898 733954 361109 895720
237328 368756 108475 739919 442290 638220 527205 373540 308925 519040 180151 601431 544964 44449 465094 266864 279614 511408 274414 303851 653507 378974 999999999 435615 246383 579312 439628 302757 338603 435068 599475 155476 658372 199611 608239 209072 336326 327139 554858 494941 269988 336965 330399 246435 397682 120751 488569 149984 429328 813560 676006 724835 99656 389989 492911 272493 710458 356329 524985 210499 616474 471159 365492 524728 470799 576026 468359 284635 504321 710377 329053 220815 241332 427003 289397 674646 615124 335380 70993 135425 203164 204792 226999 225587 358682 339937 481014 385619 565789 746302 313802 697929 520975 596112 200534 814277 525618 617828 411813 517647
611514 200947 477593 343242 651271 558396 248609 573440 340417 527569 594739 167429 109802 441567 896345 593987 157719 127628 709306 371339 647023 800195 435615 999999999 269073 614130 238107 657622 769389 257527 554148 589193 537835 610677 173150 231713 655911 271868 470632 777503 705406 522898 227612 669028 382439 340151 610055 355077 64071 386170 676379 713909 337569 825521 780083 495888 331907 185690 440499 393238 184186 250669 799089 753698 451429 482561 880669 241779 931960 692957 764336 226650 556122 419480 274051 272206 656292 585487 493680 548887 335799 378699 258585 211009 759448 453034 488771 315715 499460 317612 302780 572401 538207 295929 517850 409360 336801 599078 668963 158540
477855 330784 337022 611515 628977 696372 283379 311814 377870 338153 357480 411507 371537 276391 698935 492420 173089 385460 504665 123505 750585 621908 246383 269073 999999999 692215 405215 539941 538009 413423 672823 373675 696261 369702 421585 104001 562959 345360 337176 714515 490125 502471 85418 432469 187755 227146 637385 108358 232525 650173 777853 823586 186360 612522 714078 227360 596457 309967 570363 124637 421805 432770 597043 724597 544681 621866 713226 287356 741660 805136 545770 87077 290109 226200 317029 540660 733637 532552 317257 316070 69953 110672 30885 124704 605063 203133 570766 150746 625168 581694 356338 735654 344839 528209 254929 678431 513651 706312 617665 292270
485072 415353 492391 643611 242887 157445 853425 942692 314564 1030185 726866 723234 659452 538320 778614 413714 546148 552060 689739 808606 82198 666623 579312 614130 692215 999999999 382799 459731 803939 361213 110051 665565 213993 746081 718562 588501 403691 360199 1019824 378129 717470 257318 732072 762568 879302 493494 126331 670309 667354 776799 98395 147122 542826 779808 386189 838869 593867 433609 192793 747680 743145 382687 731286 291412 162724 181186 685496 413317 781875 135794 759803 606565 820644 918263 379597 624212 42624 309946 558239 694507 705757 734960 661450 571052 584507 875458 126787 831558 148235 738170 340218 231394 1036468 447090 779397 705381 320520 75167 312254 772495
523159 76821 424226 337351 468702 321145 485572 710177 180512 725370 619734 342681 277415 421487 842230 480225 232149 172774 679397 528114 409792 732476 439628 238107 405215 382799 999999999 548238 768110 22151 316222 587326 305261 639060 339201 312838 525795 121626 687993 612220 688638 356123 409809 684442 571738 318903 400818 439959 297524 448693 439158 475908 349646 795188 616769 614017 296175 96164 202574 506569 362768 31579 757622 567291 222487 244859 795558 155019 867517 454909 746074 323496 640673 611535 155634 289027 424045 433294 469447 574433 449912 491134 379565 286797 671704 608313 261853 511382 261427 393978 149449 342203 734329 159284 596994 412393 109463 361839 504900 395780
67188 507067 202925 885405 231106 583596 808481 645604 367794 818040 347277 821720 756331 265251 323462 68019 507303 686605 244164 606522 541752 209267 302757 657622 539941 459731 548238 999999999 359751 532321 532606 277112 626341 361374 824834 472873 61093 431457 857614 207874 278492 225161 619102 349919 700427 330506 335212 452129 674216 989683 553346 598828 357660 321099 203504 554972 844202 507257 515227 511632 839965 573856 272086 268771 440897 551795 250825 429160 335216 592206 309444 490196 490018 729498 407100 833135 479153 152077 235939 337872 505015 507031 515480 477354 131618 637078 424906 685604 526265 928914 400110 658889 819009 699350 462399 960609 584620 525559 167349 777460
319863 701760 349338 1078166 589461 906087 814126 444999 612123 670148 180544 932119 879190 347663 208986 391624 616288 850006 115911 526952 885755 216460 338603 769389 538009 803939 768110 359751 999999999 760306 858937 183395 939201 169720 939976 538044 420841 649136 750225 547546 86921 549135 620816 106124 613730 454125 685028 430562 754812 1151151 901037 948370 438086 105294 540780 401898 1047655 691316 812263 436399 945746 799092 131441 623956 745006 858179 295852 615453 259080 939364 56097 545408 302570 625054 612977 1013222 828907 496637 298663 223222 471884 443353 531176 558502 279448 507577 741368 635009 839493 1083508 628523 976104 665615 926998 310363 1152720 841909 862142 527100 829589
509180 82641 414436 354403 447755 303607 504083 715617 164709 737291 615185 364792 299413 414916 829608 464365 240915 194919 669518 536740 389632 719123 435068 257527 413423 361213 22151 532321 760306 999999999 296666 580577 290459 634679 361346 318408 508323 111336 702532 591987 679866 336722 422066 678579 583338 314401 378787 442953 315889 468126 418998 456453 347629 784734 596648 618231 311986 103559 183057 511303 384884 41607 746369 545971 200525 226999 780583 151792 853978 435558 736876 330121 641502 623230 147456 308174 402599 414574 461815 570308 455435 495963 386907 292845 656958 616192 239821 524028 242100 414356 136193 328179 746022 170113 597652 428998 100551 341674 485014 415652
546897 365199 526768 542298 334974 52325 800376 946290 302804 1009390 761695 645117 584613 562457 855787 478226 512622 475358 748008 794014 95731 741857 599475 554148 672823 110051 316222 532606 858937 296666 999999999 705985 105558 781499 639057 569325 481551 328032 987410 478814 772032 312600 700677 805983 855853 498319 218316 668346 612207 677019 124663 159794 545835 846373 486494 843049 492472 385603 113658 744708 664574 308451 799267 396508 131269 80450 770443 385662 863673 138988 819113 585752 837828 895603 356175 528703 135781 380593 591148 724844 696990 730803 642905 548373 662120 866608 119701 802478 55021 642538 317422 129394 1016789 351073 794884 601173 233344 49692 401353 712002
214747 519478 180208 894771 480583 749986 656277 377934 438815 574686 70224 753721 698861 165841 325781 277407 434423 666807 131708 390850 745189 260619 155476 589193 373675 665565 587326 277112 183395 580577 705985 999999999 777807 85698 761035 359300 331126 470003 635077 484933 117729 408756 458842 101068 484662 271162 556686 265647 578625 968880 763958 812574 255115 240146 480359 299137 864423 508499 647161 292715 768101 618556 223699 540516 584435 695590 355671 433586 369952 800951 175775 368434 218882 504894 433152 829904 695889 375656 120364 71615 313773 295097 361803 378261 271116 396035 586432 491343 680256 901495 451573 816105 573263 745657 199905 969337 665655 715863 430457 660100
634523 370102 597622 465309 438283 57249 786392 986146 350455 1026178 828798 603103 548474 625193 949699 568352 527121 440243 831285 819576 173962 835234 658372 537835 696261 213993 305261 626341 939201 290459 105558 777807 999999999 848793 595263 595782 578221 355051 992931 583736 852709 402285 711741 878758 871995 548099 322748 707688 599840 601208 196414 210415 592563 934119 591323 884672 416183 391432 133627 781656 621549 287603 888150 502061 194243 82511 868746 412563 960067 189998 902487 610155 890369 911951 389161 462690 233234 475443 659568 789127 729706 766961 667868 572212 757230 896364 201874 813908 100682 574326 354214 40095 1034575 290256 846621 517543 201048 143010 503249 690998
300094 567359 255182 931439 565975 823879 644418 308357 503508 519579 20014 770117 720146 224968 355934 363062 462627 700477 176050 359168 824798 314868 199611 610677 369702 746081 639060 361374 169720 634679 781499 85698 848793 999999999 778618 379272 416371 526439 590768 568835 145088 490383 451678 63620 448354 320321 639773 263417 591278 995722 844425 893203 292754 257242 564009 243921 904569 554035 716579 266925 782868 670613 257171 626025 657051 766301 409147 484041 404192 880953 188751 384335 150816 462812 488775 864253 777534 460557 190353 64898 302666 273648 364757 401860 341417 347632 661804 466243 752949 927468 511726 887707 516678 794831 146240 1004656 724645 793840 516147 661864
781470 336193 649709 243660 796062 629713 271083 704945 486534 609750 763429 13409 68735 614713 1069489 759721 330841 166825 882236 502890 734783 972851 608239 173150 421585 718562 339201 824834 939976 361346 639057 761035 595263 778618 999999999 402067 818820 415201 527151 930806 877705 672658 358881 838270 486147 512724 738585 518242 189346 233906 763655 793956 510600 998228 934150 640529 257945 328158 529439 545296 26460 335911 972187 897382 561017 560181 1052320 399125 1104941 772550 936509 394794 711591 516693 427151 183003 758594 741365 666829 718126 491251 531972 417872 382920 930397 579337 600634 420379 584710 167903 448355 622749 621783 309293 676200 288568 405901 687775 821777 171612
416105 236439 273974 558159 535986 593906 335845 397386 274018 442122 363107 394513 341443 224058 674075 418228 89453 326524 483206 224949 646592 584907 209072 231713 104001 588501 312838 472873 538044 318408 569325 359300 595782 379272 402067 999999999 487352 242622 436071 632210 476464 406983 156281 437315 290860 143790 536935 133437 220295 616501 673853 719608 118673 597855 632602 301863 536099 216687 468189 194007 408802 342204 574540 634186 440801 520031 671202 184491 712655 701198 535009 19465 339790 329764 213260 489161 630049 444668 273578 317183 137108 178509 73638 26691 555257 300588 466773 247111 522266 548206 252459 635449 448839 448648 298100 629550 418931 602396 530941 311308
116400 492155 230006 862725 170712 533188 822644 692168 346237 855218 401282 816681 750085 295244 375413 70674 511466 673508 305218 638902 485332 262933 336326 655911 562959 403691 525795 61093 420841 508323 481551 331126 578221 416371 818820 487352 999999999 413982 888559 159669 339291 183334 638628 408528 731327 343566 278071 482522 678102 972228 495774 540585 377230 380212 156994 598366 819760 494877 473002 546825 835501 549382 330892 210213 398066 506314 291058 419862 382192 534668 370434 505622 539124 762279 394027 813829 421204 103815 274633 387968 534457 540824 536644 488541 181202 675333 378457 711527 479155 913549 381320 609321 856907 671650 508980 937211 551836 471479 106268 784154
402949 79599 303205 455170 382027 351284 497235 631367 71352 681359 506760 415281 347429 304692 720792 363574 186773 260766 558353 467540 409699 611488 327139 271868 345360 360199 121626 431457 649136 111336 328032 470003 355051 526439 415201 242622 413982 999999999 662170 515889 568531 257498 374396 568633 527865 207423 339349 353398 315949 558814 437940 481888 245353 673836 519437 530515 416019 87922 225679 426686 435054 151303 636025 484065 202869 277729 676432 58131 746627 462663 625561 258334 543500 567588 37822 401681 402766 328421 350813 462556 374811 411938 315842 220686 552346 542485 233932 475528 279810 499568 33370 395014 688794 280458 499468 530748 198635 363882 406915 425025
791899 624925 658623 768969 965668 1003299 256373 326843 706292 111253 588573 513744 519254 593758 946696 818054 475531 594676 761252 251350 1071801 895561 554858 470632 337176 1019824 687993 857614 750225 702532 987410 635077 992931 590768 527151 436071 888559 662170 999999999 1044398 734685 839644 287915 650401 157298 563201 972992 406163 406817 746373 1100108 1143695 519345 846831 1043247 348522 775147 603843 878076 348666 510171 708563 847390 1060089 865036 926706 990706 606921 994865 1124147 778806 416984 447671 130401 640246 703032 1061986 867398 622953 564208 354139 351388 367470 450265 899052 243292 895090 189088 935987 688065 679702 1030191 123070 766311 444559 815095 795662 1025630 951421 357435
272732 595365 387460 939732 151111 530513 963861 851233 444561 1013976 555052 930395 862655 452976 447951 228078 644187 774904 436653 796031 450835 352400 494941 777503 714515 378129 612220 207874 547546 591987 478814 484933 583736 568835 930806 632210 159669 515889 1044398 999999999 474008 258576 786677 553549 887460 489921 261142 639220 807617 1059605 451805 488493 528173 484847 8682 757987 893283 602656 507342 705302 949968 630247 436241 95135 435944 526500 336061 535869 436827 488869 492972 651143 697038 919346 504964 899483 379234 192582 434273 545175 690426 698810 686936 630003 272815 834515 404639 864476 494440 1006198 482603 606978 1015879 740508 667945 1011301 611400 453100 109032 916317
234419 624477 266350 1004591 506012 819259 771779 450463 528619 664658 146162 870599 814881 272069 213551 306074 549580 778863 38670 497797 799199 173695 269988 705406 490125 717470 688638 278492 86921 679866 772032 117729 852709 145088 877705 476464 339291 568531 734685 474008 999999999 462306 574972 95086 589406 379542 599282 381812 696131 1082821 814753 862237 369207 122565 467772 388886 972384 615210 726327 401750 885203 719298 112753 545800 658575 771865 266079 537777 260562 853000 59155 485971 295217 605910 533058 941076 742919 411066 220882 177126 428282 405983 479160 494785 216575 491951 654553 601918 752874 1015843 546592 889475 661691 847867 290401 1079660 759104 775295 445391 777694
234304 336869 240026 689108 131147 362125 724545 709559 186146 829250 471476 672537 604719 293396 547812 166226 400160 516413 436539 604447 338057 433234 336965 522898 502471 257318 356123 225161 549135 336722 312600 408756 402285 490383 672658 406983 183334 257498 839644 258576 462306 999999999 562895 505268 687479 278467 152114 452595 557727 804759 355599 404037 325881 533835 262392 607064 644372 344697 290594 528016 692220 376384 486975 232889 215952 326704 472913 281517 560283 393055 507416 426447 575661 723667 248902 644886 287216 80908 305471 441496 496833 517537 472304 398494 356724 660091 200430 652156 301815 749581 224303 436013 833570 493732 536618 762428 370415 313015 149834 667515
558524 341684 416542 568121 692211 718598 197972 349012 419209 315596 440354 347597 317555 358138 784262 568562 188089 353462 589979 145758 784092 707085 330399 227612 85418 732072 409809 619102 620816 422066 700677 458842 711741 451678 358881 156281 638628 374396 287915 786677 574972 562895 999999999 514905 162548 296765 689438 193234 176606 591820 812316 856169 261895 697237 786766 282046 559307 320368 592728 193533 355301 433677 682330 790442 577255 642387 798090 319013 827072 836769 630195 136867 359255 202059 352480 497157 774307 600504 400972 400025 149012 182503 104221 165512 688781 226126 607180 102265 650010 524222 391876 750000 324719 512039 328530 630462 519140 738116 686612 214126
295109 614832 281139 984863 567624 850447 708003 357089 539464 575408 75308 830053 778735 263960 297423 363524 518446 754855 131760 422081 842877 268767 246435 669028 432469 762568 684442 349919 106124 678579 805983 101068 878758 63620 838270 437315 408528 568633 650401 553549 95086 505268 514905 999999999 510316 366135 650609 325502 651820 1052896 860866 909262 343888 196432 547956 302155 956424 602729 748223 330488 843201 715842 201881 618459 685237 796581 360584 529861 346549 898244 128670 443502 205040 523474 531430 918571 791613 465880 221024 120185 365922 337268 426545 458935 307630 407122 686577 529570 781002 984869 551274 916976 571813 841914 207054 1058704 765286 814711 512379 724400
634856 502075 501361 713474 811778 876477 246642 236313 564750 154208 443696 473429 458394 436462 802800 660855 345264 509988 613485 95136 936030 745112 397682 382439 187755 879302 571738 700427 613730 583338 855853 484662 871995 448354 486147 290860 731327 527865 157298 887460 589406 687479 162548 510316 999999999 409512 824717 248873 324134 718804 963645 1008787 364256 705577 886221 216920 709892 480748 750294 193761 476094 596052 701987 904908 729448 800812 839918 470606 849894 989964 637046 272751 315648 39961 501975 643484 920900 712035 466134 415051 197039 195139 218639 308827 744706 116638 756867 67334 806599 653991 541530 910622 162686 672922 303473 770368 681170 891082 795467 318736
276602 248754 137884 625089 402515 532935 479399 450105 198080 551027 300899 507532 446376 107486 558439 274515 183241 400168 377066 326152 561849 460129 120751 340151 227146 493494 318903 330506 454125 314401 498319 271162 548099 320321 512724 143790 343566 207423 563201 489921 379542 278467 296765 366135 409512 999999999 420881 177805 347426 705921 586597 634684 49447 494530 490007 346331 593616 237341 414543 254985 524266 350423 463712 497460 367324 466554 541047 163954 592535 618463 438450 162121 342288 445312 169601 561680 532472 305499 159360 255908 218846 243000 198216 146857 421098 385202 383471 377886 459772 639918 196914 588052 555591 475797 298611 700119 406053 522314 390943 447825
365169 410209 391894 704151 117742 270403 833929 860208 276460 970594 621221 741048 674155 445260 652502 293408 512666 573230 569838 745953 207371 540892 488569 610055 637385 126331 400818 335212 685028 378787 218316 556686 322748 639773 738585 536935 278071 339349 972992 261142 599282 152114 689438 650609 824717 420881 999999999 598007 655200 831671 218148 264138 469792 656109 268640 757246 655636 424375 254401 674529 761173 410543 607253 184772 190509 267081 559362 381823 655552 256997 639040 556089 727756 862190 346500 673307 144333 188428 457077 592726 639396 663257 606618 524084 458503 805787 153334 784037 234326 785103 311068 347314 975632 502989 688555 771955 371267 197792 186365 764373
387180 363154 252523 689588 571091 698978 390683 278737 365561 378899 250264 509135 462826 187604 591242 412125 222886 458472 396961 156908 736686 517015 149984 355077 108358 670309 439959 452129 430562 442953 668346 265647 707688 263417 518242 133437 482522 353398 406163 639220 381812 452595 193234 325502 248873 177805 598007 999999999 329506 741103 762138 809798 128448 504177 637795 177117 668871 344723 576015 77372 521070 470345 489240 660677 537176 628483 609522 297426 634511 792953 437424 131251 206380 280136 318529 619928 709743 468055 220088 207989 53219 65263 101453 159856 505284 207809 556921 236243 625942 672493 354284 747753 382363 580995 165097 759927 542523 695648 549650 399028
623574 252004 484905 392205 687968 618633 188202 525591 380818 466235 576675 179774 141284 441650 894149 613210 167021 189085 703490 322348 703942 802989 429328 64071 232525 667354 297524 674216 754812 315889 612207 578625 599840 591278 189346 220295 678102 315949 406817 807617 696131 557727 176606 651820 324134 347426 655200 329506 999999999 418332 733234 771965 335639 817864 809599 454553 386001 234251 498783 356709 191651 312261 794817 790305 504811 542378 887093 277354 932146 751188 754392 210193 522633 360064 311771 321442 709791 615038 492480 531985 302016 343112 228705 205359 768313 402398 541045 256894 557873 350088 344555 634918 477119 359516 486893 453856 399007 656099 700183 109972
956330 482717 836851 135900 913310 650153 491765 938788 626092 836303 979291 246084 278893 812581 1262555 922009 534894 307051 1082746 736470 767877 1159072 813560 386170 650173 776799 448693 989683 1151151 468126 677019 968880 601208 995722 233906 616501 972228 558814 746373 1059605 1082821 804759 591820 1052896 718804 705921 831671 741103 418332 999999999 793814 811622 713939 1200111 1064445 872556 185250 484057 586405 774708 242781 429359 1169483 1008601 641425 597845 1230866 563992 1293722 791150 1141976 612595 939918 748073 582890 160122 810769 881829 864916 933090 718958 760835 643176 594048 1106852 813240 679908 653623 629358 68629 591066 615655 848592 330644 902829 104621 461481 726212 953077 400935
581624 483496 590526 658193 329465 143782 921111 1036597 400665 1115927 825185 769765 709219 635508 868832 510021 624626 599995 786437 896467 29368 758179 676006 676379 777853 98395 439158 553346 901037 418998 124663 763958 196414 844425 763655 673853 495774 437940 1100108 451805 814753 355599 812316 860866 963645 586597 218148 762138 733234 793814 999999999 48921 635654 874249 460268 932773 608591 503227 237043 839401 789205 432683 825400 359327 235072 203924 771578 493804 869540 38895 856163 691301 917251 1003026 461699 649221 74962 405531 656353 792561 795485 826283 747340 654826 675360 965535 207158 913185 179434 762582 422125 196080 1122689 472288 875659 713027 357823 77327 399320 834643
628713 524065 639406 675722 372550 165275 960115 1084764 447180 1161468 873986 800642 741683 684400 912151 557017 668197 632292 833525 942839 73235 802323 724835 713909 823586 147122 475908 598828 948370 456453 159794 812574 210415 893203 793956 719608 540585 481888 1143695 488493 862237 404037 856169 909262 1008787 634684 264138 809798 771965 811622 48921 999999999 683646 919910 497068 980956 626584 544196 273413 886998 819809 467167 870899 394543 279373 234555 812873 538389 911512 21406 903006 736835 966052 1048287 506882 671513 119807 452262 705239 841460 842506 873769 793185 700098 719236 1012585 253645 957415 214482 783916 467392 200568 1168392 496366 924402 726940 388616 118066 442165 871655
298806 275908 156304 641123 447763 579313 451584 401362 244079 503410 274193 504234 446462 106063 559601 306915 180607 411973 371774 278719 610728 467446 99656 337569 186360 542826 349646 357660 438086 347629 545835 255115 592563 292754 510600 118673 377230 245353 519345 528173 369207 325881 261895 343888 364256 49447 469792 128448 335639 713939 635654 683646 999999999 488266 527719 297701 612627 261683 459315 205559 519818 381186 461620 540810 414640 511585 552820 195867 596713 667266 428337 134228 298772 399187 207968 575388 581886 348055 157031 227882 170979 193687 159423 130281 436590 336047 431894 336463 506093 646749 239057 632613 507690 503050 254793 715230 442736 570783 432321 429838
299787 734645 371193 1117753 550727 895892 893713 547978 627489 770599 262748 991386 934683 387537 103893 368382 668871 894695 117477 615695 861976 134004 389989 825521 612522 779808 795188 321099 105294 784734 846373 240146 934119 257242 998228 597855 380212 673836 846831 484847 122565 533835 697237 196432 705577 494530 656109 504177 817864 1200111 874249 919910 488266 999999999 477279 498544 1083792 726893 813133 521224 1006282 825136 49573 569215 742013 855486 197387 647972 153989 913077 68568 607832 400747 719686 639887 1055702 800200 470049 335253 298128 550043 526277 601725 615481 212351 603548 732796 721437 833459 1133634 649344 969074 766574 954288 403043 1193190 858198 843510 483709 900223
268897 598968 385734 945026 157585 538254 964819 847749 448149 1011938 550416 933624 865922 451216 439662 226119 645775 778805 430289 794528 459156 344636 492911 780083 714078 386189 616769 203504 540780 596648 486494 480359 591323 564009 934150 632602 156994 519437 1043247 8682 467772 262392 786766 547956 886221 490007 268640 637795 809599 1064445 460268 497068 527719 477279 999999999 754967 898713 605993 513940 703360 953155 635098 428769 103815 442267 533597 327532 538576 428302 497377 486074 651472 693153 917876 507945 904332 387603 194744 431587 541165 689183 697039 686674 630760 265405 832250 411299 863862 501639 1010735 486118 614783 1013738 746037 664443 1016767 617190 461115 112577 918130
487878 537284 379281 838766 714733 875014 445806 103836 540464 276614 244005 629444 595520 316941 599169 532043 388510 612483 417988 145702 908170 555353 272493 495888 227360 838869 614017 554972 401898 618231 843049 299137 884672 243921 640529 301863 598366 530515 348522 757987 388886 607064 282046 302155 216920 346331 757246 177117 454553 872556 932773 980956 297701 498544 754967 999999999 823669 518058 752711 108046 637346 643789 501083 795182 711781 805180 650417 474395 647823 964794 430757 293753 99845 223739 495553 767851 877014 607575 324396 227803 166586 123593 243555 328386 569987 105732 729593 253295 801864 804513 530911 924749 274547 749026 99773 905078 718295 868480 681884 491967
