NAME : synthetic_000678
TYPE : CTSP-D
DIMENSION : 100
GROUPS : 8
RELAXATION_LEVEL : 1
EDGE_WEIGHT_TYPE : EXPLICIT
EDGE_WEIGHT_FORMAT : FULL_MATRIX
EDGE_WEIGHT_SECTION
999999999 293843 604977 181100 435461 945497 50025 712502 627508 744444 468472 881268 510771 586526 791281 401269 184165 702173 333827 340283 404926 505242 344807 751987 563500 848682 780041 588756 908727 569813 551891 980970 355781 259798 371116 490352 871516 726884 737472 781163 283824 581019 1014464 358628 851002 856396 373326 1037723 304616 556496 214557 269091 126485 335093 1086285 648237 421840 1133002 357161 1086104 771790 523090 738397 942363 1033822 859473 304898 738232 278818 375696 696125 441324 923686 572693 682596 918641 309272 601023 972064 789049 920432 696160 587204 791958 755755 331004 573576 795643 590010 1121153 972819 296625 346603 1179886 402531 301974 163325 865968 722476 469819
293843 999999999 620154 259359 215174 674272 291219 429418 408626 471986 517169 634745 507863 293015 614968 169640 129712 462838 205875 106562 452689 513971 203503 522128 313872 555017 633528 295630 621409 322265 463504 724949 70252 346282 355393 287903 598146 444459 464175 498424 395645 495126 767182 398612 557179 614795 258038 763930 398204 492423 304494 67620 212207 183653 810158 355071 385413 880659 305917 819258 527890 386829 466167 689799 753970 615562 127248 487289 56886 335245 491293 400534 715823 375174 390301 671764 360819 476057 735418 561582 633118 412083 610348 501631 565783 223487 374856 501880 502015 853134 716717 386509 202277 926624 283324 408235 147825 590783 443317 504571
604977 620154 999999999 752509 832873 1190670 652512 732969 493169 702675 139283 693874 112402 773457 455642 787485 650943 1050814 811477 726716 200051 107414 813431 1114176 907049 928578 384085 736512 893605 548323 225823 795792 673981 849146 927040 447830 1116992 957389 702094 773948 882585 213232 790360 939807 940453 1188855 864987 912247 302154 178413 393140 670071 513647 794456 962389 821937 235473 900155 891046 918775 619744 1005101 1004916 1243291 940906 1186754 495042 1060223 666198 284917 481034 222318 611994 991411 858987 720109 298682 289080 725490 581862 902376 728697 21742 834619 470121 397991 990797 893340 215812 951951 1262219 309025 425849 941682 893575 900513 544260 792215 719211 135158
181100 259359 752509 999999999 304436 819722 135704 681323 661307 728975 622464 893987 648908 516817 855848 283769 136003 559217 181972 242931 555738 647350 195689 601863 435472 781574 861767 533698 866225 580493 656554 984063 292194 99949 190362 531575 749803 621568 720945 749682 143699 687920 1026528 187708 780588 709757 207571 1018628 463801 672128 362396 199918 238864 193952 1063432 573084 542176 1139877 177936 1076289 786736 350124 619717 800825 1005177 714152 341577 601317 213060 490679 740831 561121 968487 416042 601551 931055 454578 689899 994013 818009 877805 663422 736890 742943 811204 409534 417360 728072 696268 1109707 833225 454026 408725 1185747 234009 159354 219648 845848 697683 619387
435461 215174 832873 304436 999999999 516476 409539 457555 542465 522604 732336 714030 720473 260578 763209 45581 255243 267149 126916 111767 667790 727514 112572 320021 131386 505965 798774 296375 613451 439259 661867 783992 159971 338652 264345 453896 445597 321008 513912 518630 384146 692542 836851 332958 501795 421743 136456 787132 609355 695600 511035 184362 400437 110568 825482 302174 597448 937414 211502 854174 620073 192237 315325 506918 762529 424443 337838 303083 181673 548507 627977 611524 832908 160016 321438 747882 574689 661178 820871 670146 624315 439540 823877 489712 707727 434888 159736 454515 698470 884169 537589 597684 408826 980083 138850 388014 338645 622612 481229 719556
945497 674272 1190670 819722 516476 999999999 924017 495424 733262 558495 1131817 719807 1087132 421010 916316 545269 761444 273869 638348 605388 1078606 1101091 624344 261652 385142 333541 988144 454420 463774 650122 972912 718795 604231 838420 728547 742982 76685 237830 553608 493931 877134 995347 781046 800029 317458 176498 625642 635766 1053372 1018509 971641 678505 885932 626120 642989 368846 973748 825122 689863 710344 691536 541795 208389 113634 584549 166293 753488 224265 670432 938733 792539 980188 892352 429829 331719 734569 1006778 932747 807205 757797 466471 491063 1189515 417897 859818 832657 427616 336117 997109 722923 102067 1042087 796158 850528 608867 875973 821242 560422 519965 1112483
50025 291219 652512 135704 409539 924017 999999999 717805 649457 754212 516765 899156 556442 580094 821781 378792 169197 674242 300193 322061 452548 551633 312172 721699 539707 844675 814552 586466 911911 585229 590677 996714 347288 210003 324141 512958 851153 711054 746913 786793 233972 620453 1032645 309104 846055 827605 335684 1047758 353272 597740 260373 255690 158568 304600 1095446 640775 463372 1150161 313450 1098761 789758 483116 718510 915550 1041256 831158 322735 712466 266849 415610 721291 482867 949843 539465 673680 936594 355414 636425 992648 810710 923627 700927 635049 792796 783892 361023 540509 791255 629342 1133469 946743 344964 372525 1196893 364054 252124 179190 875101 729586 517413
712502 429418 732969 681323 457555 495424 717805 999999999 246220 74408 706340 270727 642216 200919 422065 441328 558815 480937 557484 448461 668113 659482 545914 536598 406714 195689 492721 161191 198249 191344 507386 327435 389466 754735 715292 303841 433096 304715 66663 69038 804638 524151 382843 778185 208047 560866 587894 337983 679804 554762 631949 481733 603231 531982 382109 187149 548350 479898 660615 399866 205383 628700 367888 578382 324634 554464 419984 458216 468636 530032 297513 548266 423155 534285 201505 300096 626680 453968 376614 270713 209804 18286 736340 102474 364859 454174 532047 165634 524018 431683 586166 670543 418751 522581 595615 813772 550433 167015 28394 683692
627508 408626 493169 661307 542465 733262 649457 246220 999999999 209509 485976 260535 411647 355173 221558 508191 525416 664404 598745 480879 460367 430423 591720 726374 549675 440606 269910 307323 401849 105041 267966 366311 409085 753430 757711 137186 665780 519076 209017 281028 802068 281106 390923 806155 453662 773337 644169 453539 498663 315122 482565 475675 502439 573117 505272 381601 338432 511059 705089 483328 154995 734091 577552 806063 469623 768559 327556 655515 463796 337144 85681 332777 307492 668457 411762 296935 446056 208581 344841 161542 411120 245784 498659 344944 165272 305951 666790 411429 280102 519051 818137 491848 282554 557981 662362 815498 470382 307171 228731 462127
744444 471986 702675 728975 522604 558495 754212 74408 209509 999999999 689797 197249 619245 271091 358396 502977 601537 555315 616252 503534 657765 637561 605377 610733 478948 240322 433382 227851 194829 188279 477381 262153 440125 807212 775922 298565 499625 377544 8695 72928 857266 490354 314319 836659 254935 632605 649772 293564 680779 524598 643620 529207 629237 590358 341846 261386 535924 417265 721141 347390 134273 698303 440941 646115 291331 625931 443576 532088 516070 524554 243241 533213 349367 606491 275607 227984 627277 416678 303798 200511 204899 89035 708070 144875 303065 462514 604294 222928 489031 381149 652079 672359 429582 461510 659356 867361 581149 121710 46088 666376
468472 517169 139283 622464 732336 1131817 516765 706340 485976 689797 999999999 720051 89902 710807 510883 686783 529825 966872 696744 622534 67482 70680 700196 1029094 819459 898240 454700 679952 884571 515189 234387 826453 577636 717248 802045 404283 1056223 894654 687506 756869 748697 240973 831411 810173 908386 1111493 749636 931797 164119 197944 260248 559607 384710 681974 983265 765099 160014 947443 769311 949395 630880 894614 936325 1173658 953182 1110423 398896 981911 557537 193891 498200 158108 670022 892311 803539 750846 169019 310746 770011 606238 894441 698776 119839 808680 509613 305947 891961 857308 248085 984130 1195413 171852 339851 991599 779064 766738 422485 793140 697586 24200
881268 634745 693874 893987 714030 719807 899156 270727 260535 197249 720051 999999999 636331 467719 258757 690787 760825 749308 799357 683166 705675 656354 789508 802724 676100 386355 343887 423075 271564 315109 486788 107507 615284 979158 960409 394847 670423 565918 205667 235992 1029002 487105 133516 1017681 402444 815523 836690 219326 754795 528730 743076 697641 758122 773200 268694 457710 586755 251926 905810 229459 109490 893674 629392 817590 254654 808062 576960 723006 684762 592993 222212 577676 174599 803603 468877 37438 703094 411946 107128 113868 274211 286206 704910 307548 226076 565889 801420 390088 482296 264490 818715 748709 540608 298882 848544 1040571 720465 161267 242913 695861
510771 507863 112402 648908 720473 1087132 556442 642216 411647 619245 89902 636331 999999999 667789 421501 675083 542389 940226 700491 614421 117100 20177 702129 1003436 795723 836658 364867 632766 813143 453236 149639 741961 561637 746912 819509 347122 1012682 852147 617685 688462 782532 152423 744744 835265 847718 1079789 754066 850472 218909 109383 296272 558501 410714 683039 901672 718376 123122 859892 782078 865184 551042 893195 897951 1136329 874124 1077935 382640 950805 554372 172708 415681 110729 580725 879061 756032 666127 201565 224774 682607 522490 822591 636271 104932 744624 422171 285594 878457 798583 159097 899614 1156127 222839 313811 903697 782432 800254 436562 717523 631008 67988
586526 293015 773457 516817 260578 421010 580094 200919 355173 271091 710807 467719 667789 999999999 570022 251086 411642 309343 370701 274218 658099 681164 357913 371209 209257 265750 625029 48851 355952 254636 561743 528218 232888 577800 523108 328901 345576 184410 262503 258672 626688 586888 583680 589210 266216 424200 394726 526574 638503 605576 564751 326322 498852 346583 565444 62558 552935 679605 469062 593805 385937 427811 232732 470423 503029 420546 341384 301749 314292 517844 432878 559826 606255 336322 100023 499074 589908 531920 574641 444861 367156 183639 771134 231435 511315 413533 334197 212131 589857 623613 488762 627537 376581 721405 399426 633748 436840 363037 226793 691524
791281 614968 455642 855848 763209 916316 821781 422065 221558 358396 510883 258757 421501 570022 999999999 727801 720734 878667 812967 696308 514724 441449 806946 939352 769708 595803 85142 521295 510518 326442 282766 349551 624634 952162 969309 327295 855158 720515 362874 426986 999130 270274 336351 1013180 611072 977589 860346 475381 588387 313088 609362 682575 665256 787856 522388 587884 411845 444519 918004 469898 229406 955138 781873 1000214 513337 971919 514293 865532 671586 437893 137859 396889 159255 889693 613235 276687 543476 209235 270618 166771 515975 428853 469924 502297 58824 460889 887995 581301 262862 501433 1008204 585542 451261 486367 879959 1013829 648163 397070 396557 487666
401269 169640 787485 283769 45581 545269 378792 441328 508191 502977 686783 690787 675083 251086 727801 999999999 218356 305523 119938 67807 622303 682028 106877 360830 162343 507364 760617 281069 606981 406487 618306 765115 115579 330567 274000 414004 472440 337949 494333 505045 378328 649156 816183 338437 504611 460075 146819 775503 564724 651409 467110 142285 358796 96977 815717 299715 552095 919757 219397 840528 593700 231320 340095 542602 753790 462204 292446 337971 138339 503026 593868 566288 803272 205536 323701 725465 529512 619531 797079 641192 618138 423094 778400 482499 673161 389527 205218 454713 655230 871468 572334 553042 363872 963256 158007 384261 296115 607913 463463 673975
184165 129712 650943 136003 255243 761444 169197 558815 525416 601537 529825 760825 542389 411642 720734 218356 999999999 522281 173733 156124 462384 543767 180773 574798 380660 676865 729102 420375 749476 446336 532239 853000 178793 231571 277695 395712 687360 543543 593770 627772 278477 563995 893817 302431 677825 676928 223845 893641 383663 552184 279782 86532 155954 166044 939835 471914 427764 1008400 240165 948690 652892 374424 554234 760821 883436 679482 207030 556257 97697 375344 604836 445817 832512 402323 504540 798047 361497 560045 859731 682658 761167 541365 637458 628472 675485 282451 402846 623333 571975 982663 790683 372553 277086 1054572 254068 293103 107354 720493 573003 522708
702173 462838 1050814 559217 267149 273869 674242 480937 664404 555315 966872 749308 940226 309343 878667 305523 522281 999999999 377629 372402 906105 950555 364391 63785 149099 417938 934305 357710 556317 562648 853458 786697 394942 568442 455038 623330 218455 192094 547580 516259 605318 881104 847569 526302 406175 154667 357518 745163 860382 894087 767085 447527 663732 369892 769833 295638 818664 923812 418048 820176 683156 269048 135866 241777 705045 157325 568878 51897 442559 774910 741946 829521 903234 156015 280436 775429 820391 832921 852633 745858 564224 467648 1045158 454987 819872 661111 153834 383616 885174 842740 274013 848707 628601 959343 338180 603409 600295 613412 509321 951040
333827 205875 811477 181972 126916 638348 300193 557484 598745 616252 696744 799357 700491 370701 812967 119938 173733 377629 999999999 118221 629727 704121 14354 422262 255571 626735 836691 398699 726654 502167 668158 878100 189755 212550 161232 488703 569327 447907 607696 622484 259282 699911 927271 220720 623607 529254 53620 893427 555912 695115 452530 143937 329686 26178 934381 419527 580732 1033513 107070 957307 698581 200807 440771 619378 872843 533317 330224 419345 150849 528832 683769 597327 901423 239348 442620 834888 530360 681867 904545 741565 737851 539200 799570 602130 761102 422878 240354 574292 707001 988749 651555 544630 406044 1077640 82342 264595 277302 724462 578454 687688
340283 106562 726716 242931 111767 605388 322061 448461 480879 503534 622534 683166 614421 274218 696308 67807 156124 372402 118221 999999999 557426 620499 110861 428420 226889 538643 722728 294248 626574 383948 566038 764415 71826 306793 278966 374257 531236 389040 495097 515286 356509 597385 812188 334558 537718 526715 164076 786223 497595 596736 399456 75215 291395 92333 829008 330184 491912 920247 225200 847779 581284 281444 398116 607718 768964 528573 233024 403091 70552 441807 566076 506888 783203 271063 359287 719034 463354 573242 787799 623479 638042 430232 716868 502501 643809 329769 270931 485149 603926 880026 636813 485926 306946 964908 185262 365331 228415 615199 467720 610454
404926 452689 200051 555738 667790 1078606 452548 668113 460367 657765 67482 705675 117100 658099 514724 622303 462384 906105 629727 557426 999999999 105469 633358 967880 758028 856852 467859 629780 852310 477013 231992 813007 514635 651089 734663 364272 1002570 840904 654745 722228 683373 247047 822991 743423 866230 1052343 682520 912133 103865 206606 194072 493386 317592 615255 963848 714179 122209 941122 701830 934860 610710 828006 880410 1116764 929978 1051584 337244 922763 491657 141373 483793 128316 672114 827805 752896 738273 101639 307153 763972 592799 862587 659231 182570 769770 505705 247424 827515 813875 255449 970093 1139381 109587 282968 986285 712021 701363 355056 766124 661616 64893
505242 513971 107414 647350 727514 1101091 551633 659482 430423 637561 70680 656354 20177 681164 441449 682028 543767 950555 704121 620499 105469 999999999 706160 1013603 805340 853585 384093 646915 831664 469944 169598 762047 569306 744746 820222 362720 1026392 865572 635884 706467 779432 172574 764919 834252 864492 1091216 757617 870295 208924 129546 291271 562945 408640 687233 921526 732516 131937 880058 783809 885257 570655 898169 910600 1148892 893699 1089518 389832 962043 559256 179007 435559 121837 600689 886560 770351 686223 196222 244895 702779 542504 841178 653253 96391 761934 442346 293123 886010 814994 179194 919708 1169077 213747 322775 923848 786250 797247 437285 736628 648684 50069
344807 203503 813431 195689 112572 624344 312172 545914 591720 605377 700196 789508 702129 357913 806946 106877 180773 364391 14354 110861 633358 706160 999999999 409750 241314 613102 831992 386666 713840 494237 666738 867367 182687 226691 170945 483693 555169 433571 596798 610577 273197 698424 916956 232380 609864 516417 54647 881400 561241 694509 458221 144040 336477 19854 922087 406142 581760 1022630 116303 945640 689361 195298 426482 606166 860381 520366 329146 405708 149830 530071 676936 598101 893448 227911 428888 824885 534529 678860 894941 733139 725006 527635 801846 589343 754631 422848 228828 560748 705396 976936 638224 549887 404868 1066614 80603 278253 282521 712829 567177 690689
751987 522128 1114176 601863 320021 261652 721699 536598 726374 610733 1029094 802724 1003436 371209 939352 360830 574798 63785 422262 428420 967880 1013603 409750 999999999 209881 457611 996189 419220 598146 625202 917242 835213 455190 602365 481984 687053 221915 238562 603224 567967 636001 944882 896725 551345 444647 109167 396130 786608 920226 957844 825665 503096 719615 417355 808321 353637 881682 968455 450336 862202 740345 287403 176669 204527 744065 115098 630656 80627 498926 837549 803067 892714 959673 187291 335128 827601 881097 896493 904723 803806 605304 524096 1108366 503379 880530 723548 185670 428185 948940 883145 238916 908536 691376 1002469 373680 632458 656828 662340 564976 1013513
563500 313872 907049 435472 131386 385142 539707 406714 549675 478948 819459 676100 795723 209257 769708 162343 380660 149099 255571 226889 758028 805340 241314 209881 999999999 408199 817590 256491 530906 444976 716147 731228 245849 463209 371080 490500 314338 199947 470470 457463 506178 744900 788626 442984 401155 301373 251848 714277 711283 754974 618270 302007 517030 241534 747395 225298 673419 878977 323572 785682 594938 229904 185314 380834 682777 302629 420834 176206 296053 628466 631851 685027 814884 127580 230612 706619 671466 701840 782740 652820 540828 390335 900579 412691 711639 514222 125360 361037 749577 812819 410151 699607 482666 918836 242474 507974 453080 561245 433758 804129
848682 555017 928578 781574 505965 333541 844675 195689 440606 240322 898240 386355 836658 265750 595803 507364 676865 417938 626735 538643 856852 853585 613102 457611 408199 999999999 672946 260363 141358 383743 703059 390681 498103 837806 769152 494023 288509 227458 237652 169046 885686 719741 453281 838774 16089 444783 642260 329069 859766 750425 801280 591947 752960 604337 351898 208703 739048 513084 717246 404793 366851 636311 282851 434197 287160 436173 579884 378011 579800 716776 483373 740219 559483 523823 184547 401309 807574 648989 474838 432027 147869 200399 931737 96191 542058 630841 521270 53620 719493 425613 433183 849824 593929 545501 640713 891327 693750 227075 212034 876021
780041 633528 384085 861767 798774 988144 814552 492721 269910 433382 454700 343887 364867 625029 85142 760617 729102 934305 836691 722728 467859 384093 831992 996189 817590 672946 999999999 577006 593174 373106 241500 433168 652129 960158 988769 348471 924683 784554 437065 503919 1005449 221233 416360 1027692 687903 1040604 886259 560025 551019 261375 585658 700424 656146 812450 606583 648935 377642 519885 939320 552267 309184 990912 844547 1068193 598430 1035432 522481 924706 690388 412012 196679 360490 229353 933494 676885 361168 510666 179483 349960 249298 598996 497666 400101 578190 131193 455783 931957 655241 212594 583037 1077815 549730 453049 559832 907903 1020990 647289 480199 468655 432635
588756 295630 736512 533698 296375 454420 586466 161191 307323 227851 679952 423075 632766 48851 521295 281069 420375 357710 398699 294248 629780 646915 386666 419220 256491 260363 577006 999999999 332668 208289 521367 487956 243130 600825 555012 289434 380484 222030 219174 223992 650347 545536 541910 619023 263774 468887 427229 494741 616955 566048 549028 337615 493204 373620 535960 85611 520781 641044 500459 559486 338490 470715 275061 510740 475122 464797 325301 348461 324942 488632 384283 526432 558425 382872 123640 455321 566873 488257 530178 396635 344208 143167 735122 209302 462565 389042 380809 207966 548109 590419 527335 606304 351688 683763 434466 658495 433463 327021 185166 659897
908727 621409 893605 866225 613451 463774 911911 198249 401849 194829 884571 271564 813143 355952 510518 606981 749476 556317 726654 626574 852310 831664 713840 598146 530906 141358 593174 332668 999999999 378755 669454 255055 574743 932554 877570 491080 426296 364409 197569 133024 981793 680484 317273 944682 155669 585402 749228 188852 872182 716348 828808 668890 801171 702460 216817 312013 730606 371742 823992 264130 286088 760808 422410 569547 151957 576625 618232 518145 656011 717952 420446 728035 445644 652310 300328 278229 818756 605381 346525 343981 11717 213385 899954 124542 463266 649549 649809 173843 678474 286624 565339 863376 614900 404397 751618 989291 747464 113864 195212 861108
569813 322265 548323 580493 439259 650122 585229 191344 105041 188279 515189 315109 453236 254636 326442 406487 446336 562648 502167 383948 477013 469944 494237 625202 444976 383743 373106 208289 378755 999999999 325139 411557 312779 668418 662611 112987 579495 426649 183500 246610 717884 345860 448516 714461 394548 677075 545550 473383 493528 371837 455792 387293 449652 476206 523693 287865 357007 565093 609122 517166 206599 630316 482501 715592 477414 672846 265012 556323 374772 339997 189413 357083 399258 563417 321261 352482 440070 283025 413529 240518 389558 183675 550096 293529 269534 274441 561749 345572 347258 552491 729996 484853 242262 611751 562338 730280 407443 307241 185115 492689
551891 463504 225823 656554 661867 972912 590677 507386 267966 477381 234387 486788 149639 561743 282766 618306 532239 853458 668158 566038 231992 169598 666738 917242 716147 703059 241500 521367 669454 325139 999999999 592665 502837 756490 806300 232899 900640 743395 476593 548325 798216 31879 597060 834550 715109 983759 721050 700931 309695 47415 348408 524635 432984 646923 752086 605783 136822 713460 762052 715808 402135 846963 794475 1031767 725227 980791 337989 857213 517317 176577 266087 119135 440269 814145 641659 516911 269488 76514 535995 372928 678505 503516 230697 608869 275906 249971 813150 668727 39766 750352 1048694 308242 262167 757910 746808 814902 436963 570766 493391 210344
980970 724949 795792 984063 783992 718795 996714 327435 366311 262153 826453 107507 741961 528218 349551 765115 853000 786697 878100 764415 813007 762047 867367 835213 731228 390681 433168 487956 255055 411557 592665 999999999 699215 1065799 1038013 498553 679019 596743 270787 274262 1115832 591689 62600 1098268 406207 834162 911918 131509 862109 633753 848663 785510 859225 852140 174172 506772 694248 156060 983233 123339 212239 955733 658789 823699 179716 825845 676083 754600 772455 700272 329308 685082 226988 858334 510269 75940 810279 517240 102575 220457 252993 345087 807641 331962 325735 670278 856012 408660 586512 157692 820253 855935 643744 201684 921249 1126551 818954 173299 302817 802281
355781 70252 673981 292194 159971 604231 347288 389466 409085 440125 577636 615284 561637 232888 624634 115579 178793 394942 189755 71826 514635 569306 182687 455190 245849 498103 652129 243130 574743 312779 502837 699215 999999999 367091 349834 303800 528201 375633 431863 457612 417148 533768 745435 403085 499039 545900 235720 727220 465453 535844 373745 94503 281819 164039 771515 293535 438518 855254 296482 786480 512033 345081 396036 619876 713000 546434 179665 417874 81949 390456 494254 452168 711939 317431 327047 651515 425954 505834 719132 552775 586369 371475 665537 452243 572002 276203 316819 444556 539925 819397 646605 453782 249039 900386 255948 427443 217198 554879 406717 563656
259798 346282 849146 99949 338652 838420 210003 754735 753430 807212 717248 979158 746912 577800 952162 330567 231571 568442 212550 306793 651089 744746 226691 602365 463209 837806 960158 600825 932554 668418 756490 1065799 367091 999999999 133987 626360 772897 659248 798936 821929 50059 787865 1110655 99787 835176 711532 213080 1092683 556366 771967 457074 281599 336217 233639 1135761 629660 641627 1221858 152185 1153223 873364 326390 648035 806063 1075740 717190 438571 615064 294419 590296 834436 660644 1060922 415597 654260 1015879 550588 789224 1081027 907833 943946 736558 833031 808181 906290 509149 417406 784976 796208 1185865 839804 547090 507338 1267192 230262 62068 319597 921090 773156 715253
371116 355393 927040 190362 264345 728547 324141 715292 757711 775922 802045 960409 819509 523108 969309 274000 277695 455038 161232 278966 734663 820222 170945 481984 371080 769152 988769 555012 877570 662611 806300 1038013 349834 133987 999999999 642933 667635 571027 767320 778931 156419 838171 1087867 72318 764287 590620 128409 1049063 647798 828542 544460 288348 418000 187409 1088547 566520 705441 1193090 54781 1114497 859811 197892 550041 686509 1026034 597029 471248 504354 298508 653012 842250 723429 1061748 299144 584925 995823 633035 827642 1065724 902418 888494 697047 912841 753572 918677 556626 301265 718271 845842 1145316 720861 637475 545980 1236863 129146 150931 382997 881913 737154 796729
490352 287903 447830 531575 453896 742982 512958 303841 137186 298565 404283 394847 347122 328901 327295 414004 395712 623330 488703 374257 364272 362720 483693 687053 490500 494023 348471 289434 491080 112987 232899 498553 303800 626360 642933 999999999 669710 511238 294513 359389 674034 258783 526760 685887 504102 751114 537866 574564 382272 276804 352254 355454 365274 464223 625763 374522 245085 646488 592390 611681 286429 645183 561623 799139 583288 748037 192641 625125 344664 227080 210083 246421 438884 596901 411263 431820 328771 211402 481977 298710 501745 295179 447436 405600 279932 171949 595628 453284 262331 647390 816566 373986 145874 693457 559447 688260 334173 414173 298070 382267
871516 598146 1116992 749803 445597 76685 851153 433096 665780 499625 1056223 670423 1012682 345576 855158 472440 687360 218455 569327 531236 1002570 1026392 555169 221915 314338 288509 924683 380484 426296 579495 900640 679019 528201 772897 667635 669710 999999999 161671 494093 438911 813143 923699 741612 739673 272850 166095 559819 607039 976726 945880 895000 603781 809993 555871 620112 295188 898509 795265 626467 682736 633721 487030 133191 147318 558649 156273 676832 166650 595439 862935 728298 905254 840510 371624 259010 688059 930225 862498 762606 700049 430677 427080 1115449 363932 797867 756369 369262 281035 925720 698676 153149 965435 719958 823994 544849 812905 745326 514215 458890 1037070
726884 444459 957389 621568 321008 237830 711054 304715 519076 377544 894654 565918 852147 184410 720515 337949 543543 192094 447907 389040 840904 865572 433571 238562 199947 227458 784554 222030 364409 426649 743395 596743 375633 659248 571027 511238 161671 999999999 370552 330303 703709 767477 658180 642902 216780 257179 450410 553211 816200 787982 736434 457803 656604 430065 578850 138799 737198 731937 523121 628122 510092 417704 63550 289122 513912 251404 516518 158036 448208 701292 588155 744223 726744 301767 107670 589802 769196 708971 666811 575181 372509 294366 955341 264836 662056 594826 299186 191532 769945 650973 305339 804978 558347 767261 442329 706348 592281 423788 332719 875609
737472 464175 702094 720945 513912 553608 746913 66663 209017 8695 687506 205667 617685 262503 362874 494333 593770 547580 607696 495097 654745 635884 596798 603224 470470 237652 437065 219174 197569 183500 476593 270787 431863 798936 767320 294513 494093 370552 999999999 72133 848988 490087 323014 828130 252032 625964 641132 300853 676559 523878 638330 521139 622687 581812 348841 253357 533047 425834 712539 355358 140371 689654 433889 640389 297614 619360 437093 524723 507999 520899 245731 530635 356640 598001 268106 236574 623064 416809 312301 206421 207875 80798 707229 141770 307101 457393 595809 218517 488925 389000 646709 668048 424190 470021 650681 859037 574206 128500 38269 664163
781163 498424 773948 749682 518630 493931 786793 69038 281028 72928 756869 235992 688462 258672 426986 505045 627772 516259 622484 515286 722228 706467 610577 567967 457463 169046 503919 223992 133024 246610 548325 274262 457612 821929 778931 359389 438911 330303 72133 999999999 871745 562130 333211 842954 184144 579914 650989 271118 739603 595654 695886 550282 670950 597236 314009 232583 601068 422070 724418 335698 198683 683661 393672 586163 255770 572608 486919 487876 537205 586465 315749 599440 402065 584302 237091 259635 686224 488941 336761 264537 144225 86443 778873 76115 373013 516525 581962 158240 561020 366427 589898 730699 481908 463110 657311 880564 618856 104500 62191 733710
283824 395645 882585 143699 384146 877134 233972 804638 802068 857266 748697 1029002 782532 626688 999130 378328 278477 605318 259282 356509 683373 779432 273197 636001 506178 885686 1005449 650347 981793 717884 798216 1115832 417148 50059 156419 674034 813143 703709 848988 871745 999999999 829374 1160587 99724 882778 745000 254500 1142562 586132 812035 489488 331375 372494 281367 1185517 677862 680369 1271890 187338 1203231 923050 354149 690184 840376 1125362 751087 485002 653111 344240 629630 882630 699568 1109535 450678 701795 1065755 583993 833182 1130699 957045 993159 786451 865847 857360 953899 552564 452631 833021 837842 1235842 874472 577382 552401 1317237 268404 18151 361532 971053 823148 747970
581019 495126 213232 687920 692542 995347 620453 524151 281106 490354 240973 487105 152423 586888 270274 649156 563995 881104 699911 597385 247047 172574 698424 944882 744900 719741 221233 545536 680484 345860 31879 591689 533768 787865 838171 258783 923699 767477 490087 562130 829374 999999999 592737 866264 732184 1009850 752764 703511 330903 43081 375393 556434 463142 678603 754275 629371 162423 707514 793925 715025 407630 878149 819524 1056256 729976 1006699 369778 883864 549064 205326 269538 143760 429213 844172 664713 515755 293449 76347 530287 373663 689198 521219 220897 624825 269932 281794 843146 687015 9164 749136 1072576 330304 293965 751275 778446 846117 468288 579146 508840 217539
1014464 767182 790360 1026528 836851 781046 1032645 382843 390923 314319 831411 133516 744744 583680 336351 816183 893817 847569 927271 812188 822991 764919 916956 896725 788626 453281 416360 541910 317273 448516 597060 62600 745435 1110655 1087867 526760 741612 658180 323014 333211 1160587 592737 999999999 1146663 468806 896648 962764 176438 878596 635530 872253 829399 890957 901189 209261 565058 706969 120386 1033133 140774 242897 1011490 720455 886216 229526 888356 710353 816140 816449 717459 341514 696320 194756 916005 570046 96083 827845 520668 66561 234036 314880 400049 803596 393347 322917 696874 913714 470804 586786 168111 882587 873127 672635 167174 973183 1171855 853898 234396 357071 807399
358628 398612 939807 187708 332958 800029 309104 778185 806155 836659 810173 1017681 835265 589210 1013180 338437 302431 526302 220720 334558 743423 834252 232380 551345 442984 838774 1027692 619023 944682 714461 834550 1098268 403085 99787 72318 685887 739673 642902 828130 842954 99724 866264 1146663 999999999 834272 659502 196532 1113733 651112 853329 550082 331047 426263 246401 1154154 634666 725882 1253858 121530 1177975 915106 264922 622356 755723 1092157 666185 505841 575959 342563 673841 889592 744506 1112322 370292 654313 1053590 642191 861585 1122053 954955 955725 759901 924384 820373 964394 584873 372469 787468 874302 1209314 790235 641470 578447 1298140 200620 88742 401267 945144 799149 806982
851002 557179 940453 780588 501795 317458 846055 208047 453662 254935 908386 402444 847718 266216 611072 504611 677825 406175 623607 537718 866230 864492 609864 444647 401155 16089 687903 263774 155669 394548 715109 406207 499039 835176 764287 504102 272850 216780 252032 184144 882778 732184 468806 834272 999999999 429898 637859 342502 867505 762438 807530 592512 756927 601566 364018 207549 748964 527354 712756 418345 382278 628370 270694 418331 299517 421211 585459 365375 580508 725854 497745 750462 575548 515077 180989 417348 815518 661852 490787 447582 161669 211812 943359 110287 557106 638396 512515 55869 732064 438529 417152 857463 601356 559268 635584 888111 697167 243117 225437 886303
856396 614795 1188855 709757 421743 176498 827605 560866 773337 632605 1111493 815523 1079789 424200 977589 460075 676928 154667 529254 526715 1052343 1091216 516417 109167 301373 444783 1040604 468887 585402 677075 983759 834162 545900 711532 590620 751114 166095 257179 625964 579914 745000 1009850 896648 659502 429898 999999999 504783 769542 1010875 1026365 919289 601900 817857 523008 784668 391857 959854 956559 559495 845448 766090 394890 196060 96623 722448 10320 715982 129598 596666 918234 844567 969513 980605 296325 364375 836485 969418 956116 912559 831578 590759 551198 1184498 508550 919065 805669 294656 427293 1013154 862626 131473 999236 771793 986786 482711 741265 754175 664927 588554 1094688
373326 258038 864987 207571 136456 625642 335684 587894 644169 649772 749636 836690 754066 394726 860346 146819 223845 357518 53620 164076 682520 757617 54647 396130 251848 642260 886259 427229 749228 545550 721050 911918 235720 213080 128409 537866 559819 450410 641132 650989 254500 752764 962764 196532 637859 504783 999999999 920855 607246 748411 503533 197344 379425 74480 960170 438459 634351 1066572 75046 986650 738121 151940 435710 597575 897626 509704 383265 402878 203827 582449 729566 650937 944438 209243 457784 871636 582804 733506 942667 783439 760175 569686 852992 625182 807621 476343 210697 590943 759781 1017282 630718 596050 459049 1110027 30332 256149 329087 754245 610238 740830
1037723 763930 912247 1018628 787132 635766 1047758 337983 453539 293564 931797 219326 850472 526574 475381 775503 893641 745163 893427 786223 912133 870295 881400 786608 714277 329069 560025 494741 188852 473383 700931 131509 727220 1092683 1049063 574564 607039 553211 300853 271118 1142562 703511 176438 1113733 342502 769542 920855 999999999 951493 744361 926468 818773 921152 868260 51749 490919 790927 189364 994704 75953 301502 943778 611170 745825 55157 760436 735456 706782 805642 790426 434863 783877 358484 837806 484286 198901 898517 627603 232323 330419 181311 356133 922740 301639 445395 745188 835339 362197 699167 98629 737782 944289 714837 217253 925981 1151549 874398 173149 321016 907619
304616 398204 302154 463801 609355 1053372 353272 679804 498663 680779 164119 754795 218909 638503 588387 564724 383663 860382 555912 497595 103865 208924 561241 920226 711283 859766 551019 616955 872182 493528 309695 862109 465453 556366 647798 382272 976726 816200 676559 739603 586132 330903 878596 651112 867505 1010875 607246 951493 999999999 294667 104130 427846 230681 544329 1003135 698122 176613 998407 618981 981353 653262 756465 849555 1081554 963849 1011071 299915 882141 428448 161863 537137 191759 741705 768167 736958 789391 53503 379360 823144 644967 883047 668566 283563 778576 571248 229229 768152 813143 339883 1017002 1106429 11697 266472 1044521 637340 604230 278724 795776 677606 167691
556496 492423 178413 672128 695600 1018509 597740 554762 315122 524598 197944 528730 109383 605576 313088 651409 552184 894087 695115 596736 206606 129546 694509 957844 754974 750425 261375 566048 716348 371837 47415 633753 535844 771967 828542 276804 945880 787982 523878 595654 812035 43081 635530 853329 762438 1026365 748411 744361 294667 999999999 346864 551187 442232 674797 795297 650810 134664 750512 786035 757064 446966 878166 838227 1075918 769833 1023600 365507 899214 544686 182846 309721 115196 472134 849850 687011 557844 260695 116845 573245 415073 725320 550799 183614 656278 312834 272841 848944 715889 50238 791302 1093321 294966 290153 794323 774958 829092 452871 616867 540805 174591
214557 304494 393140 362396 511035 971641 260373 631949 482565 643620 260248 743076 296272 564751 609362 467110 279782 767085 452530 399456 194072 291271 458221 825665 618270 801280 585658 549028 828808 455792 348408 848663 373745 457074 544460 352254 895000 736434 638330 695886 489488 375393 872253 550082 807530 919289 503533 926468 104130 346864 999999999 327733 126725 441658 977477 626189 213187 992628 514948 963595 636596 653257 765297 993326 933047 920020 223894 791598 329396 173646 535657 232303 754277 668633 664577 779285 95050 406831 821725 638963 840091 618785 376387 726343 582675 181511 668729 752118 384538 999330 1019480 93331 214236 1039412 533686 507443 175955 762976 633802 258508
269091 67620 670071 199918 184362 678505 255690 481733 475675 529207 559607 697641 558501 326322 682575 142285 86532 447527 143937 75215 493386 562945 144040 503096 302007 591947 700424 337615 668890 387293 524635 785510 94503 281599 288348 355454 603781 457803 521139 550282 331375 556434 829399 331047 592512 601900 197344 818773 427846 551187 327733 999999999 216519 124676 863789 386034 437789 941495 239835 876447 591786 335539 470594 682799 805966 603784 186661 478212 13144 386213 558672 454069 782602 340900 418247 734431 396594 540828 799454 627341 680535 463916 658885 546650 633369 279002 341003 538351 563635 909810 711729 416250 262469 987127 224629 343242 154283 645944 497794 549077
126485 212207 513647 238864 400437 885932 158568 603231 502439 629237 384710 758122 410714 498852 665256 358796 155954 663732 329686 291395 317592 408640 336477 719615 517030 752960 656146 493204 801171 449652 432984 859225 281819 336217 418000 365274 809993 656604 622687 670950 372494 463142 890957 426263 756927 817857 379425 921152 230681 442232 126725 216519 999999999 321044 970547 561409 308926 1010040 388302 966817 648788 530356 677619 897041 920206 819492 185732 692913 221196 259415 569884 328300 797247 554014 598102 795398 216096 477868 847250 663896 812801 587787 498121 688658 629293 204622 554340 701077 471945 1002123 925110 220027 220585 1056985 409717 390045 64705 750933 610689 380790
335093 183653 794456 193952 110568 626120 304600 531982 573117 590358 681974 773200 683039 346583 787856 96977 166044 369892 26178 92333 615255 687233 19854 417355 241534 604337 812450 373620 702460 476206 646923 852140 164039 233639 187409 464223 555871 430065 581812 597236 281367 678603 901189 246401 601566 523008 74480 868260 544329 674797 441658 124676 321044 999999999 909482 396550 562465 1007606 133190 931840 672407 212847 425890 611502 848145 526611 309390 409592 130159 510857 658231 578723 875462 238362 420629 808750 516790 659032 878370 715491 713704 513695 783011 577918 735745 403276 239102 551655 685565 963393 643120 532924 385090 1051794 100190 287523 265750 698986 552762 672221
1086285 810158 962389 1063432 825482 642989 1095446 382109 505272 341846 983265 268694 901672 565444 522388 815717 939835 769833 934381 829008 963848 921526 922087 808321 747395 351898 606583 535960 216817 523693 752086 174172 771515 1135761 1088547 625763 620112 578850 348841 314009 1185517 754275 209261 1154154 364018 784668 960170 51749 1003135 795297 977477 863789 970547 909482 999999999 526363 842667 191831 1034432 78186 353182 977283 634640 754834 65045 775270 784815 729348 850682 842120 486000 835584 398961 869127 516789 245801 950131 678490 270495 380827 207479 400045 973130 336633 494426 796112 866626 390068 749817 80355 744481 995897 765476 209196 964206 1194107 922995 220402 366843 959082
648237 355071 821937 573084 302174 368846 640775 187149 381601 261386 765099 457710 718376 62558 587884 299715 471914 295638 419527 330184 714179 732516 406142 353637 225298 208703 648935 85611 312013 287865 605783 506772 293535 629660 566520 374522 295188 138799 253357 232583 677862 629371 565058 634666 207549 391857 438459 490919 698122 650810 626189 386034 561409 396550 526363 999999999 606139 653692 513446 561252 387531 453424 195954 427869 462504 386972 402490 277902 374295 573251 453336 611961 607778 351765 38883 486174 648856 570221 563064 450355 322674 172757 820671 189776 529123 471613 349415 155465 631673 589180 443239 687276 434401 693589 439814 683976 499344 336017 215313 745199
