NAME : synthetic_000619
TYPE : CTSP-D
DIMENSION : 100
GROUPS : 8
RELAXATION_LEVEL : 1
EDGE_WEIGHT_TYPE : EXPLICIT
EDGE_WEIGHT_FORMAT : FULL_MATRIX
EDGE_WEIGHT_SECTION
999999999 792952 285198 825053 248229 253477 766299 453388 458224 433533 709269 680200 299403 522564 706212 595725 531387 325233 617831 756084 205696 206828 186787 185787 85413 551430 761170 466574 388480 309622 477224 324100 670275 112549 750949 337645 84788 624255 699698 175679 447050 620423 221782 620681 282087 224726 662875 440491 689857 614427 418822 320545 901659 624004 777880 802094 722761 587291 730887 242086 788009 425094 488487 661174 241020 245552 466044 360183 657344 453858 458539 791344 534701 777891 250110 836934 491595 543643 681790 643360 316705 421922 249136 192677 209876 250001 511177 737481 594495 88206 455922 652604 712597 840751 407527 610277 336387 338406 525656 233332
792952 999999999 757932 224781 762311 1016006 168693 491933 759404 486087 942886 640518 670383 744180 982763 197558 320529 526802 666637 733933 971737 886019 610125 695997 738982 879218 300947 632487 682789 1102227 500543 705547 551417 858144 763333 666544 798317 968526 772627 938828 346061 384655 916651 913162 546165 1011205 883442 373241 103118 178538 579737 550243 161206 242732 801308 11222 410081 643859 406947 771980 226450 1172442 738569 138819 1024833 666668 785120 1151949 952820 714091 714522 261309 621440 985377 597287 206917 303472 313634 758400 284353 1109212 855697 886566 946501 842876 845758 897712 898207 380322 745285 602647 690890 927388 1002476 639138 182862 676858 1124083 583322 665027
285198 757932 999999999 709886 510815 328919 672207 288359 174581 283263 425872 428412 87824 242511 427060 573530 441395 468881 357196 488400 462911 175394 257952 127390 210202 270503 619362 220011 128311 469775 296887 563546 443980 395099 478033 561851 367160 351849 422596 279740 447693 460924 505072 339290 421961 368753 377864 501176 661907 595655 211117 481194 820190 532699 501204 764149 543513 332203 552545 507957 671923 443722 208478 619605 371471 106228 180892 503233 378314 687508 183195 662916 287577 494505 186288 728614 472996 610429 405821 524103 474257 152178 534084 460767 126389 103178 238561 452325 702103 345653 225011 387596 428182 556181 167255 594419 94282 454746 712108 454037
825053 224781 709886 999999999 860316 1011661 76605 421577 660455 427909 793321 473631 624609 626220 838704 292319 293748 629858 518655 553539 1023258 865943 639361 685407 754473 762272 109123 533105 606170 1122332 416257 823957 385465 911756 586503 788610 852858 842722 608801 941158 409084 257652 990367 781845 632834 1023568 738554 481046 245822 289122 503909 656998 139330 202017 621714 218390 227772 504690 221368 868039 38179 1150219 630329 228306 1033952 640484 684795 1167796 816897 862309 614981 56066 499547 825190 589849 25459 361253 468470 597958 187630 1128689 771736 973012 1002547 817726 809377 793203 737159 564232 799755 509587 533971 775281 830884 559585 295895 617822 1130822 751915 757325
248229 762311 510815 860316 999999999 469259 789492 581630 672802 556739 934822 846556 495539 728450 937871 582368 587655 236173 796657 936213 272122 454765 295273 388591 302569 781268 825296 646518 587197 456424 610794 93974 814103 192579 938161 126440 168779 860858 894693 403079 451270 715495 176241 849848 227524 413247 883237 390949 665903 594596 581445 212068 901098 663942 969964 773024 822125 762865 828716 11743 827630 634012 695832 653318 432329 437929 685678 507473 889127 214964 662154 841143 707842 1003183 398966 865218 499078 459390 875654 703096 463613 658132 128948 241271 456501 495202 747055 952780 460514 167551 626652 834071 935375 1062174 591558 588643 534761 510832 323199 103263
253477 1016006 328919 1011661 469259 999999999 963090 599753 478199 587869 666680 753153 399199 549758 645405 819313 723796 578205 679358 801850 251867 153747 410645 326913 280094 513805 931058 548795 456928 152184 614579 557910 772892 277875 785705 578807 306813 553556 725606 79788 673191 776235 350957 576317 533962 75587 638646 683686 913639 839741 533971 574022 1106677 818949 802098 1024193 866435 657461 875339 459854 973532 171651 518527 879159 63165 372257 472116 176220 600655 684118 501862 969841 615630 730473 424885 1027467 712903 790578 711496 824164 154692 385165 407936 271741 203558 228911 458248 718558 847265 336832 553283 706104 677295 799252 495686 836502 420116 125829 773358 481517
766299 168693 672207 76605 789492 963090 999999999 386945 640746 389069 797170 484649 585229 614163 840068 216417 239396 557224 519764 573268 961306 820953 579650 636192 699110 750884 132461 512029 577232 1067907 386813 750421 394952 848880 604208 714578 789483 835679 619113 890428 339256 242072 923973 776942 562400 970662 739811 406753 171244 212604 473117 584088 148403 144259 641273 165097 245534 501181 241474 797526 60940 1107306 614139 151701 981922 595226 665872 1114594 814307 786343 595031 94651 487740 834605 538588 75915 291041 391867 606344 151473 1074442 747179 904368 939583 773876 768865 776829 746657 488471 736077 485570 539949 780319 846518 531102 219376 582775 1079814 675312 686864
453388 491933 288359 421577 581630 599753 386945 999999999 269078 25768 488121 276153 204140 266302 518577 332277 173183 416607 247821 376043 659042 449487 293163 282727 371020 394555 332617 147331 192114 723516 30142 589432 232582 558523 388097 568384 506919 487384 363392 534989 259729 176492 657521 438504 387255 621836 426280 352766 406319 353698 88021 441453 535348 253488 425520 496394 271735 213702 280251 584777 383668 730291 253294 359490 629635 228960 294814 764836 480991 683179 225399 374789 166090 544202 203633 440607 257167 438408 344455 236801 729234 364583 660869 645155 400171 388727 407266 465872 552080 460524 115270 284771 477432 581369 147392 354803 196533 722812 643866 487378
458224 759404 174581 660455 672802 478199 640746 269078 999999999 279899 265430 282586 180728 71661 278699 599618 442239 591082 206556 323702 636631 332441 394283 284638 379392 131612 557253 128744 98463 627081 258937 715496 324390 569109 308992 708087 538434 225967 250876 442875 505328 403084 679092 189956 548183 529469 210793 582571 675393 621367 183970 608755 787215 518002 329128 763329 457987 192042 466906 671196 624713 557069 41366 628462 529102 236593 25751 654281 233196 833347 45720 607313 168261 332624 296602 682774 515149 683130 235261 489848 630693 118490 706087 635190 289148 253323 138353 280809 788793 512134 156931 229290 263699 389501 127611 622051 143212 601601 836098 604628
433533 486087 283263 427909 556739 587869 389069 25768 279899 999999999 507045 301824 196905 282809 536001 319719 165616 390947 272071 401427 639218 439230 269711 267011 352199 407805 343190 163292 196854 708575 55910 563787 257793 537346 413011 542634 484936 501369 387076 521295 238625 190430 635206 454384 361487 607291 445265 329862 397407 341485 95995 415733 537234 251560 450229 491069 289578 237707 297867 560023 389793 722355 267393 351405 615691 215745 305480 750814 497241 657439 237637 383112 188656 564362 183423 445930 239320 417991 368024 241134 714429 369715 637428 624647 390451 381542 417275 487261 530701 437830 130936 309273 497004 603047 154517 342154 194275 709944 619058 462033
709269 942886 425872 793321 934822 666680 797170 488121 265430 507045 999999999 321984 446133 228164 51532 813531 649181 854056 277481 271375 868231 546776 659713 546407 636041 159246 684215 345222 360882 818328 466687 980469 408071 816125 236392 973500 792430 124231 190971 655318 745055 558991 925267 91335 812209 732206 61843 831395 874592 833744 420148 872676 931300 703379 220274 944330 566348 299081 573468 932568 763707 686923 253192 826406 726549 501491 249692 832957 70691 1098777 288561 737258 328241 68653 561199 818326 745286 924703 197711 658725 820170 293122 958345 871965 515305 473883 209544 78007 1035790 771186 377135 259369 21322 133935 376885 835883 408526 776543 1098099 869635
680200 640518 428412 473631 846556 753153 484649 276153 282586 301824 321984 999999999 382553 216691 369697 543524 385755 692759 76177 103797 878376 601844 551655 494536 594877 329074 364944 214575 301668 897709 246134 862308 89701 792027 125801 843021 748349 390483 135242 708150 519822 260090 898512 326588 662649 797091 271456 618464 586353 560729 266619 717522 612539 413069 165036 640399 245874 96211 252545 848396 445916 839654 241306 539305 799271 434652 297029 929096 354960 959131 251917 417725 145638 351647 449761 498887 503020 689400 124716 359346 901988 397491 911786 870746 554191 524366 376918 263572 806446 708753 224919 67004 303055 362281 273597 564400 348765 878304 916984 757230
299403 670383 87824 624609 495539 399199 585229 204140 180728 196905 446133 382553 999999999 232921 457130 487414 353580 414785 318483 456759 495843 246858 213641 114229 214907 303337 536647 168029 92085 530902 216062 535037 382937 411883 452581 527367 372767 393850 403627 339803 366011 379338 520226 367769 370344 428657 391024 427069 574903 509590 135285 430877 733011 445120 480999 676516 467247 288417 476161 494681 586535 526187 200394 532208 434302 57746 197844 568871 410080 652681 166647 578769 236986 513313 119746 642821 388484 534264 385164 438039 536083 211687 539798 488430 197077 184796 286467 457839 631347 339906 161857 353232 444241 569094 108956 508572 39245 523907 660232 424175
522564 744180 242511 626220 728450 549758 614163 266302 71661 282809 228164 216691 232921 999999999 253453 597594 435123 628772 140730 252095 705420 403976 442144 343594 441481 136730 519857 119518 141506 698742 248844 765425 268987 634359 237550 755212 600876 224417 180311 514239 518888 372495 744180 172306 588333 601041 167693 603559 666524 618667 192603 648463 757714 501457 258854 747113 413283 133180 421908 727590 592019 624786 34166 618677 600754 290600 80985 725785 214691 879379 66313 571539 126858 290769 340013 649617 522128 698497 164120 466010 702351 180981 768652 702982 360198 324864 169846 226498 808456 571466 151874 159514 221332 340414 149517 620123 193690 672921 871646 654824
706212 982763 427060 838704 937871 645405 840068 518577 278699 536001 51532 369697 457130 253453 999999999 847535 683648 869744 320724 322651 856321 533746 670277 551291 636573 156676 729593 372806 376748 795922 498973 987839 454271 810432 287785 982926 790312 92176 240904 639904 772274 600244 918581 89379 826571 713371 100328 855640 911663 868148 445721 887160 976079 741867 271684 984581 612512 339562 619844 934986 808349 654352 273817 863502 706518 510442 259374 807700 48897 1108608 308225 782652 363682 88435 574905 863555 775228 951830 246386 699245 797350 284867 954458 861830 506134 464285 196572 128764 1061122 772355 405123 305611 72837 157272 398174 869994 421073 751060 1114797 877325
595725 197558 573530 292319 582368 819313 216417 332277 599618 319719 813531 543524 487414 597594 847535 999999999 164416 346911 548980 645710 777586 692142 412570 502106 541602 726745 298441 479437 513508 904812 348961 536982 462228 663917 669175 500230 603963 819654 663747 741771 148676 289223 727931 769876 358721 813658 752020 193140 94540 22208 415683 372806 319183 143798 708468 206452 362639 520082 364019 591169 266788 977505 585568 70951 827338 477119 625193 954437 811888 570000 557031 290829 485299 864544 404297 291447 106429 181918 646859 205051 911780 684525 702305 753176 650431 656121 736797 781052 290827 550610 447521 579968 800793 892864 473573 22534 499219 926593 463239 481502
531387 320529 441395 293748 587655 723796 239396 173183 442239 165616 649181 385755 353580 435123 683648 164416 999999999 373645 385732 489211 730787 582959 346206 396960 461151 566520 238627 318393 362441 829588 186373 567562 310096 620243 510414 537258 562033 658463 501343 651050 155442 149165 703532 607137 363603 731705 587722 253677 233162 184596 260130 401498 383699 95164 549673 325673 247471 356147 252220 593964 256623 869940 425045 186353 742740 357848 467981 875777 648772 633350 398306 261589 320940 700214 299192 306572 123418 306208 484059 116310 836040 535324 691525 710929 536656 534234 580449 617056 423473 509501 287105 417756 636378 729479 319385 186714 357183 840486 558266 484854
325233 526802 468881 629858 236173 578205 557224 416607 591082 390947 854056 692759 414785 628772 869744 346911 373645 999999999 658644 791857 462036 498305 211836 346117 315634 717797 604769 522891 493557 620506 446651 195532 642096 352458 801540 163642 296466 808606 769476 499300 224476 514744 393214 780726 48161 547041 795522 154787 429752 358583 447956 27898 665139 439091 837617 537422 618870 623782 624331 245485 598774 749502 601144 417799 564326 367119 610833 672845 823604 267568 565685 615097 570696 918965 295369 633136 270294 232685 750065 484624 627883 618964 359891 433847 475786 502247 699841 853163 269270 249825 495452 696533 849355 968525 479528 352575 449087 659102 245454 138767
617831 666637 357196 518655 796657 679358 519764 247821 206556 272071 277481 76177 318483 140730 320724 548980 385732 658644 999999999 139899 812638 529014 501589 432221 533022 258951 409676 152212 232851 825137 219822 819081 138550 730237 143372 802542 689218 328148 116810 636510 504484 282091 838097 265398 624866 725106 220398 599905 602563 567941 216162 682021 655508 429612 178987 667742 294405 34870 302234 797686 487764 763586 165232 554558 726686 373093 220873 855488 298565 921933 177502 462678 89332 319284 397705 543336 494585 680218 98704 382286 829254 321366 854690 806425 482058 450948 303889 233289 795878 652281 170046 38014 261105 343885 210671 570817 282559 804167 890900 711546
756084 733933 488400 553539 936213 801850 573268 376043 323702 401427 271375 103797 456759 252095 322651 645710 489211 791857 139899 999999999 948417 655327 641011 570862 671636 328612 447334 291919 368634 950656 346388 956849 185114 868606 35693 939185 828537 366670 89447 764933 623310 359471 976921 304369 760048 852403 235979 721666 685028 662453 355027 816056 692776 512632 68235 733062 328601 173348 333749 937362 529414 870352 283888 638576 852539 512154 330813 977847 321414 1057085 305269 498719 228374 282892 537350 578998 606816 793188 95946 456844 954332 426269 994346 943291 610369 576315 384122 199269 910242 792079 309597 103601 250331 278276 349944 666309 419867 924804 1018953 850066
205696 971737 462911 1023258 272122 251867 961306 659042 636631 639218 868231 878376 495843 705420 856321 777586 730787 462036 812638 948417 999999999 322593 384771 385848 288977 709222 963930 663807 580103 188561 682624 365914 873508 113672 940086 397664 173623 767700 885450 221153 630822 825587 109566 777099 430820 178412 829192 603622 869678 794405 621464 446635 1091481 821321 964065 981563 928341 783765 936431 260606 986833 390323 671385 846047 195560 445762 639511 237606 808604 477291 644908 992080 732830 935637 455799 1033718 677786 694433 868500 844651 195383 575152 171298 30852 353652 394581 660461 907280 718550 227051 656127 845812 874940 1002062 604791 789528 530245 249950 595319 330584
206828 886019 175394 865943 454765 153747 820953 449487 332441 439230 546776 601844 246858 403976 533746 692142 582959 498305 529014 655327 322593 999999999 301569 190103 182788 388411 781883 395399 303624 296139 462859 529961 619334 289586 641432 540845 287664 445252 582828 111152 550938 625620 392029 455472 450696 197096 510583 577771 785248 713429 380926 501055 966635 677625 660587 893519 713852 505817 722798 448205 827764 287285 371485 747607 197705 225823 329784 327954 486133 659748 352002 822293 462690 613714 288765 882795 586305 688016 567617 678354 300246 254544 436012 329230 49975 79117 338165 589756 760081 292864 399536 557273 554405 680711 341945 710889 266445 279500 721187 433237
186787 610125 257952 639361 295273 410645 579650 293163 394283 269711 659713 551655 213641 442144 670277 412570 346206 211836 501589 641011 384771 301569 999999999 134350 130581 515319 579645 352371 301203 493158 320979 323352 523429 275606 643569 313898 219270 603490 601832 331672 264477 446560 367268 580901 164346 401098 604024 276847 507084 432134 286172 223245 715057 437829 676062 618907 551854 467675 559446 296791 602615 575329 411220 476264 414951 160250 411301 542212 622822 439064 376270 607324 412640 726694 104403 650707 307085 386652 582620 459906 500021 409261 367741 365810 271410 293626 492515 668569 461024 169404 331543 539124 657456 781329 299197 428431 251339 514198 454156 213023
185787 695997 127390 685407 388591 326913 636192 282727 284638 267011 546407 494536 114229 343594 551291 502106 396960 346117 432221 570862 385848 190103 134350 999999999 100806 394696 608257 280790 205179 441610 302732 437030 487890 298044 566781 434545 258710 478605 517264 255976 362224 457433 406060 462568 298436 340587 494719 397750 595145 523455 235820 356548 780215 492092 594905 703566 554359 401514 562926 386704 647343 476632 310093 557696 349642 60038 297089 484481 502859 560251 277959 644919 348974 614678 99072 700810 396428 508536 498953 498225 447511 279511 426047 376582 149482 163573 365690 565271 591101 227992 270727 467294 546784 673689 221764 520997 152326 445560 587061 327067
85413 738982 210202 754473 302569 280094 699110 371020 379392 352199 636041 594877 214907 441481 636573 541602 461151 315634 533022 671636 288977 182788 130581 100806 999999999 480317 685547 381484 305085 368826 393919 363616 585250 197299 667244 368429 159398 558374 617005 201108 394238 540953 305321 549299 268204 273200 587109 405032 636131 561558 333574 318371 838344 555387 694905 747534 641776 502218 650058 298973 716927 445912 407608 603717 286095 160284 389227 416181 587721 491692 376578 718148 449433 704659 169580 767721 435520 513475 598863 570067 375406 355576 327186 277624 165546 199121 444578 659960 579356 135833 370517 568080 638023 765826 322510 558049 252534 385272 540896 259063
551430 879218 270503 762272 781268 513805 750884 394555 131612 407805 159246 329074 303337 136730 156676 726745 566520 717797 258951 328612 709222 388411 515319 394696 480317 999999999 655327 248146 229202 665973 380523 831444 395992 657374 301918 827096 635110 94416 240169 497807 636609 509211 766313 69251 673666 576775 124932 714105 799203 748235 312742 734210 894337 636551 306424 882424 546305 262000 554719 778461 728375 552542 141475 751669 572165 355133 108460 684035 108167 952851 170334 707329 263463 227368 422427 785846 645207 814672 232997 602473 668267 134095 800263 712738 356086 314732 58415 204810 920341 616014 279533 263264 165994 292875 258498 749258 268914 628236 963226 721046
761170 300947 619362 109123 825296 931058 132461 332617 557253 343190 684215 364944 536647 519857 729593 298441 238627 604769 409676 447334 963930 781883 579645 608257 685547 655327 999999999 431532 509173 1049288 322605 800217 276463 855152 479636 767734 797844 734555 500177 863787 380414 158962 941285 673347 599535 948768 629462 467301 286065 303394 409650 632608 247600 167350 515569 297553 119431 396378 113665 831885 82106 1062527 525590 251878 957845 558873 581083 1092738 708056 854250 512158 53060 393693 716588 517004 134135 336347 480219 489075 122394 1055346 670708 930139 945455 732712 720864 687973 628516 587829 745948 410121 424877 666217 723663 462726 309731 525759 1052846 759082 722210
466574 632487 220011 533105 646518 548795 512029 147331 128744 163292 345222 214575 168029 119518 372806 479437 318393 522891 152212 291919 663807 395399 352371 280790 381484 248146 431532 999999999 91895 689017 132471 673205 224255 578783 291713 659043 537078 340311 250065 498134 400024 275458 686234 291350 485418 587428 283715 486651 551087 500738 76182 544420 658678 390355 323694 636097 338334 120734 347397 647159 496971 653102 106683 503622 590944 221280 154037 723219 334050 780874 83061 480662 69281 404818 247990 555058 402611 579694 230729 361106 693675 239177 702486 656408 346279 320967 265998 332280 690596 500162 32358 188569 336363 448374 59123 501971 134643 674619 762369 564252
388480 682789 128311 606170 587197 456928 577232 192114 98463 196854 360882 301668 92085 141506 376748 513508 362441 493557 232851 368634 580103 303624 301203 205179 305085 229202 509173 91895 999999999 597868 190702 624255 316134 500998 362475 614820 463843 323117 312088 407346 410822 350468 610055 288300 451340 496552 303574 485233 593909 535560 104371 511831 725453 445600 389835 687606 423803 205638 432889 586511 568963 563458 110017 548183 499649 149803 120780 631529 331613 739474 75259 555970 159341 426783 200530 626760 423935 587231 293824 425991 602424 172908 631221 574657 254688 229132 226221 367525 691467 431913 101377 265729 357269 480178 46591 535684 53006 582746 738254 513556
309622 1102227 469775 1122332 456424 152184 1067907 723516 627081 708575 818328 897709 530902 698742 795922 904812 829588 620506 825137 950656 188561 296139 493158 441610 368826 665973 1049288 689017 597868 999999999 741603 550333 911595 273495 935591 579591 324743 703860 876000 191308 756178 898955 297626 728192 582406 102252 790826 748005 999110 923764 665959 609687 1206828 924074 952938 1111259 994300 801580 1003009 445239 1084590 219628 666809 969376 98455 494903 622296 52472 751767 665195 648117 1084365 757206 881603 533120 1136101 800002 847824 861482 936663 7400 537095 359431 218446 343573 374667 610266 870737 886143 371144 690222 853302 829212 950529 633468 919701 556615 68430 778292 500367
477224 500543 296887 416257 610794 614579 386813 30142 258937 55910 466687 246134 216062 248844 498973 348961 186373 446651 219822 346388 682624 462859 320979 302732 393919 380523 322605 132471 190702 741603 999999999 619425 203317 583665 359057 598500 532974 472127 335998 551955 285478 164040 683845 421019 417395 639602 404893 380097 418684 369905 87665 471555 534894 259176 396732 504398 252753 186143 261515 613791 378791 740435 239117 371165 646720 246805 284626 781849 462931 713298 213981 367294 140984 521127 228600 436415 279732 463071 317238 235421 747163 360649 688427 669500 413131 398914 397188 441338 577636 487378 102104 256361 455196 556351 144363 371473 203154 738568 673022 517047
324100 705547 563546 823957 93974 557910 750421 589432 715496 563787 980469 862308 535037 765425 987839 536982 567562 195532 819081 956849 365914 529961 323352 437030 363616 831444 800217 673205 624255 550333 619425 999999999 820736 284006 962215 40122 252315 915376 923265 488633 420005 705161 267182 898800 206668 504746 926053 344059 613829 546414 603079 167797 851604 634613 996040 716544 810553 784522 816391 105353 793531 724754 734230 607205 523779 479001 730919 601437 939596 129802 699437 810430 729756 1048068 426801 826288 465660 394718 903935 679745 557533 714494 213854 335064 525572 561911 802059 991764 379596 237101 649976 857008 979181 1104011 621874 540063 573545 604168 229626 110869
670275 551417 443980 385465 814103 772892 394952 232582 324390 257793 408071 89701 382937 268987 454271 462228 310096 642096 138550 185114 873508 619334 523429 487890 585250 395992 276463 224255 316134 911595 203317 820736 999999999 779714 212377 798210 731570 466627 224488 720346 453405 174488 882691 403650 616527 809630 354608 553424 499950 478377 252080 668116 523968 327563 250941 551118 158302 135864 165573 817102 356891 874548 285458 453462 813883 428307 343685 946864 435564 909664 285385 329433 160207 440674 427153 410586 431297 616215 212714 271918 916443 442839 889997 862853 569961 545217 437701 352580 733505 687874 221590 148762 389850 451875 278143 482433 354997 898721 856275 719815
112549 858144 395099 911756 192579 277875 848880 558523 569109 537346 816125 792027 411883 634359 810432 663917 620243 352458 730237 868606 113672 289586 275606 298044 197299 657374 855152 578783 500998 273495 583665 284006 779714 999999999 863472 309498 59963 725961 811997 216913 517264 720531 109988 726509 318924 220827 771565 490886 756030 680742 529210 339078 978116 709740 890248 867948 824705 699517 832564 182663 875617 441434 600234 732432 239888 357563 575874 325841 761741 407425 570703 881808 646670 884585 355097 921717 564341 583849 794160 734938 280877 525577 146508 90791 305970 347725 614187 847159 614264 113470 567418 765108 820385 948544 519797 675877 448937 322056 507891 227064
750949 763333 478033 586503 938161 785705 604208 388097 308992 413011 236392 125801 452581 237550 287785 669175 510414 801540 143372 35693 940086 641432 643569 566781 667244 301918 479636 291713 362475 935591 359057 962215 212377 863472 999999999 945896 825307 334714 62198 751787 640097 385474 972442 273274 768161 838437 203372 737445 711684 686488 359141 825126 725817 538608 39304 762761 360489 178176 365970 938865 561613 848419 270665 664805 837835 509027 313595 961266 288221 1065254 295205 531397 232553 247270 539346 611955 625866 812348 74235 484096 939046 406099 991997 936088 597692 562315 358581 163649 929067 790611 312470 105359 215259 244471 348110 690124 414725 907585 1031963 854347
337645 666544 561851 788610 126440 578807 714578 568384 708087 542634 973500 843021 527367 755212 982926 500230 537258 163642 802542 939185 397664 540845 313898 434545 368429 827096 767734 659043 614820 579591 598500 40122 798210 309498 945896 999999999 271994 912925 908898 507078 387335 677292 302326 893637 181701 529026 917911 307837 575641 509066 587281 135766 813590 601422 980455 677570 781969 767806 787559 138171 758762 747523 724787 570136 547932 472599 724619 631190 935054 125793 689669 776460 713371 1040580 415283 790361 432093 355102 889504 648050 586865 713718 251191 366857 532815 567549 800224 981704 339985 249484 634567 840545 971354 1094991 609536 502652 565235 631324 198747 109423
84788 798317 367160 852858 168779 306813 789483 506919 538434 484936 792430 748349 372767 600876 790312 603963 562033 296466 689218 828537 173623 287664 219270 258710 159398 635110 797844 537078 463843 324743 532974 252315 731570 59963 825307 271994 999999999 708853 775923 236320 457321 665608 151122 704341 260916 259944 744990 431878 696139 620827 483206 284948 918241 650855 853614 808095 770494 657529 778205 161319 816889 476012 567006 672472 278486 316455 547494 377197 741424 380589 535880 823616 603793 861080 304766 862541 504443 526485 757652 677151 332139 506345 167792 150176 294204 334630 595643 818679 561449 53570 523442 724943 795261 923317 478621 615982 411034 367737 467495 178503
624255 968526 351849 842722 860858 553556 835679 487384 225967 501369 124231 390483 393850 224417 92176 819654 658463 808606 328148 366670 767700 445252 603490 478605 558374 94416 734555 340311 323117 703860 472127 915376 466627 725961 334714 912925 708853 999999999 278094 549911 731014 593612 833132 64018 763800 622044 131603 808266 890559 841016 406705 824211 977024 725823 328034 971368 621785 338185 629827 857341 809974 564034 234147 842812 614889 443391 202371 715539 53670 1038699 264346 787173 348502 179550 513498 866831 739288 909076 277223 689167 705248 202931 871059 774214 420304 378427 113803 196276 1014509 694059 372134 323520 141474 248750 352889 842182 360901 658906 1054031 805662
699698 772627 422596 608801 894693 725606 619113 363392 250876 387076 190971 135242 403627 180311 240904 663747 501343 769476 116810 89447 885450 582828 601832 517264 617005 240169 500177 250065 312088 876000 335998 923265 224488 811997 62198 908898 775923 278094 999999999 693553 621099 389046 921473 215302 733799 779576 148696 716012 713693 682263 322261 792019 747765 540121 78615 772953 381029 149855 387575 894830 581137 786319 214163 666000 778516 460907 253707 900857 234564 1030141 241437 552928 199541 216412 497456 634079 611352 797028 19429 489398 879327 344565 943291 882484 540024 503771 296537 128358 912652 743309 274730 83800 170919 230668 303157 685367 364974 846896 1004634 814168
175679 938828 279740 941158 403079 79788 890428 534989 442875 521295 655318 708150 339803 514239 639904 741771 651050 499300 636510 764933 221153 111152 331672 255976 201108 497807 863787 498134 407346 191308 551955 488633 720346 216913 751787 507078 236320 549911 693553 999999999 595014 711160 305421 563996 454682 89314 620801 603978 836219 761991 474994 495833 1032757 746170 771456 947173 804688 611942 813467 394462 903136 250223 481400 802567 94769 306038 440815 229916 592998 616666 460475 900887 566591 721588 351917 956209 635451 710790 678136 754140 196338 364487 357186 233280 154671 189866 445953 700197 768144 261211 498927 665855 663673 789177 442252 758621 365350 189665 699294 406772
447050 346061 447693 409084 451270 673191 339256 259729 505328 238625 745055 519822 366011 518888 772274 148676 155442 224476 504484 623310 630822 550938 264477 362224 394238 636609 380414 400024 410822 756178 285478 420005 453405 517264 640097 387335 457321 731014 621099 595014 999999999 303497 586201 688408 223759 665503 683378 100219 242944 167733 326668 252268 461283 214704 678666 355089 402815 471346 407381 458955 376464 833944 499996 215374 679427 345310 529766 805902 731732 478680 467420 391240 425730 802965 267747 414624 48263 179671 602493 261149 763157 573768 565141 607136 511677 521497 636919 725549 292353 403798 367956 540137 735431 841098 378135 163955 385406 778675 404836 348241
620423 384655 460924 257652 715495 776235 242072 176492 403084 190430 558991 260090 379338 372495 600244 289223 149165 514744 282091 359471 825587 625620 446560 457433 540953 509211 158962 275458 350468 898955 164040 705161 174488 720531 385474 677292 665608 593612 389046 711160 303497 999999999 813547 535109 498708 797560 500318 402606 326267 304573 250750 542265 385466 153207 424456 385656 106690 260684 113613 720576 221632 904451 374083 279341 805709 405162 427638 940888 572960 778524 357517 205814 245828 600740 371392 279702 272306 451424 374243 100473 904781 514165 809372 809431 576117 562875 537105 513702 568070 615831 252312 306568 543085 619576 303954 308860 367084 899252 707364 614740
221782 916651 505072 990367 176241 350957 923973 657521 679092 635206 925267 898512 520226 744180 918581 727931 703532 393214 838097 976921 109566 392029 367268 406060 305321 766313 941285 686234 610055 297626 683845 267182 882691 109988 972442 302326 151122 833132 921473 305421 586201 813547 999999999 835350 370532 281381 881260 543694 816749 742763 633988 373493 1046286 789134 999625 926969 919086 806902 926633 164515 955357 498162 710071 798179 299615 465014 685813 345546 870008 371097 680313 964302 753559 993639 455836 998385 634334 624480 903538 819577 304308 633903 61809 81887 412847 454739 722099 957044 635044 197870 673614 873345 929822 1057943 627446 737334 557728 359502 496236 255028
620681 913162 339290 781845 849848 576317 776942 438504 189956 454384 91335 326588 367769 172306 89379 769876 607137 780726 265398 304369 777099 455472 580901 462568 549299 69251 673347 291350 288300 728192 421019 898800 403650 726509 273274 893637 704341 64018 215302 563996 688408 535109 835350 999999999 737372 641219 73132 769712 837814 790909 361893 797962 916999 670805 269443 915636 559581 277211 567514 847169 749616 603376 188429 789832 635808 421106 170079 743958 43534 1019299 221794 726124 291761 158651 485717 806148 693576 867599 213639 631961 730174 202179 869506 781122 424491 382949 118413 147861 975608 684919 323657 259661 101050 225259 311896 792401 331855 687720 1025898 788217
282087 546165 421961 632834 227524 533962 562400 387255 548183 361487 812209 662649 370344 588333 826571 358721 363603 48161 624866 760048 430820 450696 164346 298436 268204 673666 599535 485418 451340 582406 417395 206668 616527 318924 768161 181701 260916 763800 733799 454682 223759 498708 370532 737372 999999999 505605 754308 173791 446318 372730 411560 60589 677850 436786 803536 556454 604389 590015 610379 235226 600113 704865 559869 429451 522505 321250 567314 634514 780035 297124 524404 613938 536168 877722 251666 638014 271652 265772 714369 477792 589746 572587 343696 403812 427699 454092 654299 813728 313565 211416 459115 662864 808120 928620 439734 367166 405518 618440 290700 124511
224726 1011205 368753 1023568 413247 75587 970662 621836 529469 607291 732206 797091 428657 601041 713371 813658 731705 547041 725106 852403 178412 197096 401098 340587 273200 576775 948768 587428 496552 102252 639602 504746 809630 220827 838437 529026 259944 622044 779576 89314 665503 797560 281381 641219 505605 999999999 700977 664911 908179 833208 563707 539538 1111143 826542 857104 1019938 892338 700898 901067 403093 985694 221196 568578 876661 19092 393033 526127 144242 667659 627784 548611 984648 655834 797190 433756 1037877 707970 768341 764546 837261 107594 445188 340331 200475 243050 276184 522807 780754 815808 298508 588174 753997 741792 865547 531554 829446 454633 113879 726446 438319
662875 883442 377864 738554 883237 638646 739811 426280 210793 445265 61843 271456 391024 167693 100328 752020 587722 795522 220398 235979 829192 510583 604024 494719 587109 124932 629462 283715 303574 790826 404893 926053 354608 771565 203372 917911 744990 131603 148696 620801 683378 500318 881260 73132 754308 700977 999999999 770157 813886 772310 358923 814652 875802 643195 196936 885099 512707 239736 520139 881422 708066 673697 194449 765699 696709 447335 197997 808904 85873 1042840 229919 682515 266820 123446 504094 763366 683444 863006 150695 599601 793157 256329 911907 831218 475556 434975 182069 79911 974309 721297 315526 206292 53833 178980 317035 774394 352735 753039 1038980 815186
440491 373241 501176 481046 390949 683686 406753 352766 582571 329862 831395 618464 427069 603559 855640 193140 253677 154787 599905 721666 603622 577771 276847 397750 405032 714105 467301 486651 485233 748005 380097 344059 553424 490886 737445 307837 431878 808266 716012 603978 100219 402606 543694 769712 173791 664911 770157 999999999 275093 203934 411254 179979 510469 299976 775730 383699 499827 566183 503933 400175 451973 850940 581880 263751 680622 395167 605901 799469 813237 386948 547935 471310 518484 891414 314959 482524 133350 110801 697152 352506 755247 638637 513613 577104 544513 561274 708619 816444 206243 380326 455307 636196 823000 932446 457822 197861 452551 778747 304907 292014
689857 103118 661907 245822 665903 913639 171244 406319 675393 397407 874592 586353 574903 666524 911663 94540 233162 429752 602563 685028 869678 785248 507084 595145 636131 799203 286065 551087 593909 999110 418684 613829 499950 756030 711684 575641 696139 890559 713693 836219 242944 326267 816749 837814 446318 908179 813886 275093 999999999 75534 492823 454251 238071 173613 750591 112304 376283 576601 375358 675224 230911 1071134 657768 48187 921877 567982 701132 1048837 878773 633198 631439 262026 548021 921513 496826 237408 200772 231343 698048 228401 1006094 766378 788506 844755 742853 747192 813568 835836 319035 642975 520064 630331 860416 944333 551842 80161 583956 1021132 512256 566957
614427 178538 595655 289122 594596 839741 212604 353698 621367 341485 833744 560729 509590 618667 868148 22208 184596 358583 567941 662453 794405 713429 432134 523455 561558 748235 303394 500738 535560 923764 369905 546414 478377 680742 686488 509066 620827 841016 682263 761991 167733 304573 742763 790909 372730 833208 772310 203934 75534 999999999 437471 383901 306558 155648 725756 187834 373722 539450 374627 603635 265925 998514 606984 61806 847054 499009 646963 973592 832816 574665 578647 291905 505511 884226 425850 286338 127246 180190 665553 216760 930762 706668 715813 769640 671958 677946 758656 800382 284438 567609 468894 598464 820810 911763 495476 6774 521423 946308 463337 494543
418822 579737 211117 503909 581445 533971 473117 88021 183970 95995 420148 266619 135285 192603 445721 415683 260130 447956 216162 355027 621464 380926 286172 235820 333574 312742 409650 76182 104371 665959 87665 603079 252080 529210 359141 587281 483206 406705 322261 474994 326668 250750 633988 361893 411560 563707 358923 411254 492823 437471 999999999 470014 621422 341420 393207 584300 333133 181847 342118 582852 466406 654783 173656 446426 569554 176379 209513 704156 405141 707941 142410 454867 126864 480615 183283 523968 332606 506131 302832 322066 671204 276570 645447 611176 330962 313941 321300 408440 615872 442395 47562 254007 411903 524547 59410 438103 116859 658970 686473 495385
320545 550243 481194 656998 212068 574022 584088 441453 608755 415733 872676 717522 430877 648463 887160 372806 401498 27898 682021 816056 446635 501055 223245 356548 318371 734210 632608 544420 511831 609687 471555 167797 668116 339078 825126 135766 284948 824211 792019 495833 252268 542265 373493 797962 60589 539538 814652 179979 454251 383901 470014 999999999 690397 466824 860913 560959 646550 647151 652049 221812 626126 745630 620203 443589 557198 381377 627902 662134 840619 241842 584734 642687 593712 938081 312255 660002 297892 250987 772595 512515 617082 632265 337605 417828 481090 509307 714465 873582 276760 241089 517569 719969 868473 988636 499626 377795 466107 650579 230929 118517
901659 161206 820190 139330 901098 1106677 148403 535348 787215 537234 931300 612539 733011 757714 976079 319183 383699 665139 655508 692776 1091481 966635 715057 780215 838344 894337 247600 658678 725453 1206828 534894 851604 523968 978116 725817 813590 918241 977024 747765 1032757 461283 385466 1046286 916999 677850 1111143 875802 510469 238071 306558 621422 690397 999999999 289118 760925 150455 366823 639902 360584 910060 167743 1253497 759393 248403 1123082 741283 812135 1254521 952979 869388 741505 194889 630883 964177 681800 113898 413822 467053 736642 299478 1213515 894913 1021481 1068245 920100 916163 922367 876111 540928 864674 632902 672117 913509 970211 679242 312609 731103 1221563 742509 800628
624004 242732 532699 202017 663942 818949 144259 253488 518002 251560 703379 413069 445120 501457 741867 143798 95164 439091 429612 512632 821321 677625 437829 492092 555387 636551 167350 390355 445600 924074 259176 634613 327563 709740 538608 601422 650855 725823 540121 746170 214704 153207 789134 670805 436786 826542 643195 299976 173613 155648 341420 466824 289118 999999999 577630 245898 218842 404574 220310 671113 166268 964393 496108 126246 837715 452172 543646 970538 710817 686921 472811 177202 379286 748830 394344 212931 169413 320530 524577 61283 930572 617950 773452 800531 630984 627413 656101 662758 433231 597786 361071 456837 688657 770777 400643 160765 445720 935562 594545 560681
777880 801308 501204 621714 969964 802098 641273 425520 329128 450229 220274 165036 480999 258854 271684 708468 549673 837617 178987 68235 964065 660587 676062 594905 694905 306424 515569 323694 389835 952938 396732 996040 250941 890248 39304 980455 853614 328034 78615 771456 678666 424456 999625 269443 803536 857104 196936 775730 750591 725756 393207 860913 760925 577630 999999999 800587 396792 213839 401976 970381 597646 857535 292755 703797 855718 538024 330979 976889 278549 1100497 319899 566940 267377 221365 571684 647173 664874 851342 96090 522819 956146 419112 1020796 961059 618214 581605 364362 143566 967991 820254 346090 141200 198964 210987 378686 729404 442580 922548 1069287 887631
802094 11222 764149 218390 773024 1024193 165097 496394 763329 491069 944330 640399 676516 747113 984581 206452 325673 537422 667742 733062 981563 893519 618907 703566 747534 882424 297553 636097 687606 1111259 504398 716544 551118 867948 762761 677570 808095 971368 772953 947173 355089 385656 926969 915636 556454 1019938 885099 383699 112304 187834 584300 560959 150455 245898 800587 999999999 408146 645416 404781 782664 221723 1180113 741990 145943 1033473 673584 789024 1160880 955081 725310 718327 256617 623876 986195 604756 199777 312029 324799 758922 285608 1118229 860496 897129 956426 850133 852584 901580 898879 391372 755010 606475 691509 928659 1002536 643710 192330 682443 1132714 594487 675567
