NAME : synthetic_000625
TYPE : CTSP-D
DIMENSION : 100
GROUPS : 8
RELAXATION_LEVEL : 1
EDGE_WEIGHT_TYPE : EXPLICIT
EDGE_WEIGHT_FORMAT : FULL_MATRIX
EDGE_WEIGHT_SECTION
999999999 943782 713650 869334 803877 560497 874986 479697 1074052 908379 483428 761519 246629 712666 557645 443240 484720 218642 397758 533981 420914 165103 806043 608381 162082 452601 568274 29873 169038 1055398 709403 651028 704309 33095 878347 1088638 144020 725306 690221 203679 879045 315834 676913 375336 400449 530646 1129019 521930 118752 777799 777440 313435 532760 532468 118493 235381 374549 193260 113389 991540 699193 1006421 150008 830124 731697 1003484 415272 24928 598875 470454 520771 680502 825324 171825 771898 397307 440730 974132 476881 579432 587126 872416 82748 910422 521302 170630 434777 350262 472947 646246 875274 596495 340114 420775 153422 200801 121728 589136 213927 185759
943782 999999999 589471 466295 274374 946404 311707 875375 341455 483382 975921 609638 766679 318928 653935 901370 870444 872203 560246 552704 569992 944975 383298 990306 916771 818138 808930 955428 774778 290755 627698 332885 322229 972826 610971 362322 831603 264774 438403 859164 375502 682674 513219 571906 563422 531172 330753 812695 1062208 186847 586999 844750 416117 498143 884565 713138 841251 823268 881295 328054 931577 323483 937940 411666 234064 451985 762942 963815 550805 494138 571198 596124 292843 1030203 184905 882497 540733 232464 507924 537519 361581 379940 862945 75014 449408 774044 534485 772680 854065 380889 96803 697407 606210 583887 1058183 806296 1065020 361937 1038566 784893
713650 589471 999999999 200276 695811 404111 310826 369806 477183 227913 467421 51703 467022 647697 836374 412944 362662 525643 552594 721137 616653 612529 217884 434012 592089 336041 264292 739852 593394 487988 917597 581840 287910 746312 164772 481747 569817 351241 160781 528688 266754 406705 90057 518793 387708 694000 551922 291340 814700 566104 63870 444677 494834 655688 734465 519430 402323 723868 726986 395924 348897 413840 802925 207213 558549 339548 324754 720261 775271 553692 728718 873960 303149 695955 549434 421366 340551 442905 321400 746254 399454 258788 663977 619865 335734 602483 571781 792666 354159 257656 600540 154996 526404 638735 746962 513386 805559 389391 678733 662706
869334 466295 200276 999999999 643339 603152 154870 569417 280668 40694 667644 186054 627093 620503 876760 611598 562358 701647 627318 756834 681386 788863 105440 630037 765844 532427 464365 892923 728717 298281 927378 570831 254713 902428 145519 283349 726446 299885 186479 700932 92165 553582 195068 604373 495179 728803 356780 491252 978299 505356 157539 629303 527169 687872 869739 652116 593320 844065 863037 204411 532289 221838 937372 66338 515229 141826 511952 879606 797312 604979 768731 885299 182268 875333 489034 616757 446947 271380 415985 770979 417418 86763 808941 515814 400329 735585 633709 881435 553125 272065 506498 354591 622348 703335 922895 674917 971662 407703 862788 785566
803877 274374 695811 643339 999999999 968530 507065 880877 601390 672558 971453 732326 689219 91240 398704 893303 877943 795812 407868 317781 386540 850880 540567 1020372 823067 818942 848274 807824 641652 553295 354052 160863 411479 827730 773704 622673 723243 351726 536039 777423 566270 616855 606516 438140 496236 304012 601818 836633 916318 138032 717559 798919 295600 283873 719085 600191 815481 646152 718013 567215 996687 568013 759567 578150 137393 676627 751966 827137 295269 335355 336750 324490 463548 926430 154308 861822 497960 480007 478079 289688 323685 567464 721330 200821 422780 636708 369231 556626 859194 439703 179416 753831 472570 392023 940756 717092 923964 331357 946061 623883
560497 946404 404111 603152 968530 999999999 706921 97635 881277 626494 95059 420842 383206 894339 946513 118774 97361 345793 656981 858430 722621 400808 612489 56127 398633 156573 142012 590257 539118 890597 1072214 818183 624190 584800 519305 885753 453826 682997 516624 365324 669263 402326 448555 612498 493783 837880 955787 134532 614040 865435 448939 259230 690224 811622 642901 499847 203073 677332 634725 799474 152577 817405 700380 608868 839539 738411 227218 552477 927404 701167 856916 1030974 687018 449775 850841 166630 476731 839025 491516 898367 645665 661207 559098 957201 545754 551835 695012 810092 116454 566910 929987 257473 595473 739519 507412 401509 596860 638733 412222 623647
874986 311707 310826 154870 507065 706921 999999999 656217 200138 172916 758105 316765 647474 497651 785629 692795 649855 737500 572037 666627 615243 822181 94457 741609 796437 609096 564919 895010 718842 191331 816078 459851 179522 907609 300184 213762 738244 194010 203787 731955 63958 565387 260078 559188 477716 639151 263357 582212 990284 370085 290643 680228 448446 598328 854315 643797 656244 815492 848584 116558 659214 131710 919110 107498 388599 175980 572490 889084 696802 533700 680958 775846 56419 910651 354739 688013 434589 132463 398819 673068 341178 68251 805224 363914 362430 723285 568326 825172 637210 229883 357496 449570 584194 635924 952149 694433 986869 333247 905639 761634
479697 875375 369806 569417 880877 97635 656217 999999999 840515 597613 102306 397472 287523 804338 848889 48015 7516 261427 559940 761402 625303 327279 562899 153748 320335 62102 116872 509566 444859 844679 975112 727978 554839 506245 507324 847114 363783 610631 457590 278843 625510 304787 396349 515446 399181 741141 912887 78822 544905 782956 423720 169258 598036 715507 554423 402973 109560 584595 546183 756451 219509 774277 614361 564999 754583 709354 131852 474319 830601 605509 759659 934031 630051 388748 768930 83745 385219 786418 402799 801669 559986 617435 470586 880950 459099 457521 598334 714218 21803 494504 852309 214885 497978 642055 446220 309068 529351 553671 356926 529560
1074052 341455 477183 280668 601390 881277 200138 840515 999999999 266658 940958 466721 847601 619649 937159 879957 833765 936894 755154 822176 791135 1021926 283158 910035 996331 797705 740808 1093551 915964 51376 942631 601595 372247 1106547 403591 21284 938113 368157 400287 931744 215380 765475 446843 747260 675238 796063 76676 763882 1189832 479135 438197 877125 621446 756681 1049407 841634 849990 1006769 1043960 85663 812426 68828 1113064 275633 512775 170599 766413 1088539 840606 708536 838393 906081 248911 1110342 467725 879180 633335 125243 597275 820528 521271 223410 1003108 414270 557385 919874 745885 1003326 822726 427873 425133 627826 774603 810504 1152209 894571 1186675 514825 1104526 954887
908379 483382 227913 40694 672558 626494 172916 597613 266658 999999999 694366 205896 665401 653323 914987 640840 590432 738122 667646 795008 721298 825412 141161 650650 802763 563143 489767 932191 768828 290758 962961 605814 291800 941468 140229 266422 765244 333870 227144 737969 109215 592780 232569 644955 535770 766992 343334 519011 1016710 534559 177602 664019 565936 726003 909962 692246 626280 884669 903226 198004 547372 214308 977663 102306 546848 112112 545793 918346 834343 644477 807164 921140 209113 911452 518482 648055 487490 275861 456640 808302 455978 106370 848660 536823 440853 775789 673601 921892 582071 311898 529748 382898 663028 743204 959652 713177 1009795 446363 897942 826100
483428 975921 467421 667644 971453 95059 758105 102306 940958 694366 999999999 491358 336549 892232 910354 78154 108360 277465 630758 830955 693313 319818 664568 128694 321832 157947 205430 512760 484136 946071 1043260 815863 656189 505332 596808 947088 390914 711158 559888 299158 726317 374438 498092 586610 481333 812610 1013812 177079 527483 878347 518486 204802 683453 790095 574571 456172 162777 616746 566575 857272 247398 875135 628018 665733 848127 806411 219990 472989 901282 682506 827410 1003439 732341 360467 864744 116231 473567 888543 494571 873070 653644 718234 491772 979643 552481 496823 671039 757974 122635 595274 950387 313522 565035 708258 417652 344829 509503 647885 321031 567059
761519 609638 51703 186054 732326 420842 316765 397472 466721 205896 491358 999999999 515018 688140 885624 442604 390106 569504 603476 769713 667134 655885 228781 444990 636330 369800 285977 788077 643968 482820 964078 624249 321367 794029 117994 469051 617958 383416 196763 573651 265143 456830 134009 570083 439364 742412 542796 318692 860827 600075 28564 485739 542039 703719 784785 570354 440177 775153 777252 389238 346968 406916 853216 209513 595622 317617 365678 767467 822691 603016 777692 920508 318221 737951 583301 455428 392112 446203 372436 793860 443984 257604 713465 645115 384710 653205 621961 844291 383664 298316 627941 186557 578003 689260 789993 560889 851144 433824 718877 713936
246629 766679 467022 627093 689219 383206 647474 287523 847601 665401 336549 515018 999999999 601799 574509 268923 289880 107656 306398 501127 363552 179779 571312 438333 152198 240625 346833 273077 158758 834289 710722 528368 487939 279324 631725 860572 102965 521265 453339 92541 644271 85206 432990 264615 204221 485318 907885 304012 351322 625672 530814 132085 393929 467901 283601 119654 180456 300569 275460 763135 496804 779003 349771 592127 585652 763964 184719 253985 572042 368243 495792 672176 601943 267448 615674 222443 228061 757364 263323 544961 406874 637213 204100 748345 318764 171214 348574 426896 273031 425515 714701 354917 237234 376396 305034 47860 344641 405401 271983 243257
712666 318928 647697 620503 91240 894339 497651 804338 619649 653323 892232 688140 601799 999999999 335121 814143 801820 707779 316729 239716 296185 761078 515343 947310 733384 742240 779234 716772 550508 574840 323386 76405 373945 736628 741720 640741 632925 320932 491763 688960 551879 531702 557642 347709 413102 222150 631055 764376 825314 141289 676268 714615 210376 197235 628761 510101 734090 556602 627539 573880 931744 577506 670544 554215 109560 672480 673945 735905 231878 244329 258711 286455 448157 835871 151925 780811 419316 494849 402887 219446 257149 551775 630104 253033 351052 545499 277992 473784 782830 390215 223000 690551 381909 302641 849675 628265 832834 266093 856109 533061
557645 653935 836374 876760 398704 946513 785629 848889 937159 914987 910354 885624 574509 335121 999999999 839331 849363 656235 297603 119998 229402 672116 774401 1002635 650070 791877 870269 547875 445653 896198 152133 335871 623773 568861 969502 957646 547862 592099 708700 633266 828454 544391 753213 340334 474782 147999 957494 839177 644294 471612 883259 706558 350510 189022 443719 455084 750010 365110 446852 880068 1031775 886881 454247 812779 429784 960164 722608 582455 103928 282682 108672 129051 730394 720224 478723 794842 511895 812226 520451 117561 459462 826093 488469 587585 500919 434527 268325 217038 830582 608381 558112 817949 351994 209767 710983 575409 658736 469297 754867 380674
443240 901370 412944 611598 893303 118774 692795 48015 879957 640840 78154 442604 268923 814143 839331 999999999 55438 227229 556008 756869 619578 286470 600303 171360 282011 84499 164676 473076 422385 882422 969826 737765 583168 468465 553719 887183 335252 636797 491886 246565 664628 299294 433960 511676 403681 737886 951502 124484 502827 800812 468389 141249 605527 714423 524127 387562 89362 559402 515951 795381 258392 813127 581827 604336 770225 752237 142128 436266 826887 606101 753935 929543 664206 343786 787332 48026 395414 821824 416577 798421 575825 656579 440326 903458 474673 435123 595778 694803 58964 521401 873854 258062 491381 635177 401459 283888 486664 570174 310614 506615
484720 870444 362662 562358 877943 97361 649855 7516 833765 590432 108360 390106 289880 801820 849363 55438 999999999 266274 559655 761112 625260 333136 556444 153448 325776 60058 109370 514581 447603 838143 974880 725487 549655 511485 499848 840286 367582 605740 451592 283357 618821 305059 389914 515168 397729 740658 906235 71522 550905 779234 416399 173455 595955 714696 558371 404638 113197 587687 550126 749772 214669 767607 618662 558292 751200 702204 130494 479619 830160 604489 759556 933683 624022 395341 765130 89709 382900 780195 399905 801164 556653 610744 474574 876521 455874 460242 597809 716315 19296 489555 848027 207789 498157 642184 452758 312411 535470 550241 363807 532317
218642 872203 525643 701647 795812 345793 737500 261427 936894 738122 277465 569504 107656 707779 656235 227229 266274 999999999 405736 593582 457875 87315 656321 396413 67149 235207 351515 248469 213894 926837 798401 634959 585629 246378 687495 948689 114829 622846 537824 23144 728455 189592 506739 366029 311286 580132 1000035 304809 296461 733270 589033 95334 500922 566165 297972 208394 156137 340078 289879 851623 480905 868071 354606 673366 693305 841645 207028 215085 664394 470983 586367 761701 694953 174214 723180 180114 331816 852525 365931 638539 513589 721042 214625 855360 423119 226139 448223 486108 254305 522104 821866 392555 335917 468242 221787 83032 284382 511776 169515 293313
397758 560246 552594 627318 407868 656981 572037 559940 755154 667646 630758 603476 306398 316729 297603 556008 559655 405736 999999999 201463 68203 449237 534173 712972 422291 500737 573524 404201 233785 724847 415237 253273 393451 423337 698117 773289 319272 386998 445122 384856 599473 256719 475760 44494 177416 181893 795405 543999 512840 384489 605023 433331 144750 161524 325135 199206 468036 263637 322358 682424 735072 693679 377837 569184 337133 734363 430427 420444 270956 72784 200444 374112 516014 520585 380509 514593 217065 638767 231263 242415 233884 595138 315010 518826 227990 229009 42490 254978 540528 356875 483612 521201 69820 88721 532965 323191 518926 240508 543196 225724
533981 552704 721137 756834 317781 858430 666627 761402 822176 795008 830955 769713 501127 239716 119998 756869 761112 593582 201463 999999999 137849 623545 654403 914406 598776 702131 771987 530559 395211 782571 213845 224351 503779 551560 851123 842429 494002 472833 590012 571409 708706 457765 636595 245956 372797 28036 845739 744112 635130 366747 766346 631066 231224 69024 431265 385672 668467 352813 432223 762859 933308 770210 459403 692790 321938 840755 631745 558746 70952 169674 19048 172723 611164 683307 371749 714723 405293 697741 409876 45974 339651 706273 456262 490999 385444 386094 164549 240541 741977 489034 459217 711707 265981 125357 683587 510680 646489 349535 712868 348420
420914 569992 616653 681386 386540 722621 615243 625303 791135 721298 693313 667134 363552 296185 229402 619578 625260 457875 68203 137849 999999999 493017 584922 778694 467238 566743 641415 422684 267904 757696 350266 244769 439518 442970 758810 810043 362545 424853 502451 436057 647399 320893 537655 111404 245538 122279 826379 611363 530743 386892 667517 493228 169741 112922 332593 249495 530964 261161 331473 722104 802964 732223 375885 621194 338604 782243 496705 444903 208619 82606 134437 310126 558842 558265 385855 577089 284206 671317 296213 181430 274071 643607 339418 521074 286471 260432 47719 212303 606223 409401 486345 589175 128282 22251 564485 374845 539296 282193 584734 237909
165103 944975 612529 788863 850880 400808 822181 327279 1021926 825412 319818 655885 179779 761078 672116 286470 333136 87315 449237 623545 493017 999999999 742235 446387 28344 311478 427480 193800 228834 1010731 819613 690864 666736 185530 773838 1034062 130557 701030 623705 90261 814594 264978 593903 413842 381559 613532 1084118 380616 218101 798329 675791 174144 559528 604877 268766 251165 231029 327671 261512 936843 544811 953134 313557 759948 756331 928707 291626 153211 693208 518835 613997 785645 778513 88534 789286 243534 407800 935210 443098 669368 583988 807241 193713 923999 498272 238882 491197 483372 324170 603781 889889 477036 380674 499936 134535 138817 203643 583121 95459 293710
806043 383298 217884 105440 540567 612489 94457 562899 283158 141161 664568 228781 571312 515343 774401 600303 556444 656321 534173 654403 584922 742235 999999999 647238 717334 517040 470495 827713 656290 282127 822214 465454 150768 838993 235522 293317 666064 194537 118530 652397 73084 491974 166558 514850 416893 626410 351979 488318 919043 402909 204576 594170 426298 585380 795150 580012 567056 763039 788910 197523 566768 214803 861620 39180 410742 202801 483403 818554 693187 506558 666838 780254 90458 830338 386391 597203 370560 226824 336636 667197 316157 66380 740195 424878 311234 661943 537222 789138 544175 177574 411944 355188 535836 606582 874089 618908 914295 306743 822849 706443
608381 990306 434012 630037 1020372 56127 741609 153748 910035 650650 128694 444990 438333 947310 1002635 171360 153448 396413 712972 914406 778694 446387 647238 999999999 446304 212355 181423 637978 593426 921999 1128209 871299 668267 631514 535756 913379 506335 728233 556632 416673 700702 458451 486145 668495 548955 893753 985377 183880 656033 914972 473488 312595 744294 867260 694260 555470 257926 730759 686129 829781 134259 847678 750419 640820 890258 761782 282938 599142 983295 756647 912967 1086912 724901 489148 900133 219359 530768 874051 544440 954221 697002 692711 610639 1003633 597716 606158 750876 865090 172477 612647 977150 295229 651590 795629 546275 455205 638147 689815 449404 677796
162082 916771 592089 765844 823067 398633 796437 320335 996331 802763 321832 636330 152198 733384 650070 282011 325776 67149 422291 598776 467238 28344 717334 446304 999999999 299496 415916 191731 205191 984560 796648 662941 639740 186454 754323 1008679 104838 673426 598830 65067 789865 237389 570784 386390 353349 588193 1058018 369057 229999 770004 655595 160043 531392 578743 257281 223752 219376 311436 249669 911382 539333 927572 306732 735712 728052 905210 274143 154277 668716 491508 589615 762123 752261 115300 760947 237031 380049 908593 415475 644509 555717 782572 178482 895662 470360 215779 464374 465253 315412 576969 861547 459691 353467 474694 157182 110530 217426 554891 123671 273855
452601 818138 336041 532427 818942 156573 609096 62102 797705 563143 157947 369800 240625 742240 791877 84499 60058 235207 500737 702131 566743 311478 517040 212355 299496 999999999 116432 482213 399376 799141 915958 665878 499115 481284 484313 805413 326422 553412 407641 248930 582328 247582 351068 456280 337705 681399 868666 69621 528897 722041 394229 139908 536013 655054 517157 351474 80451 540926 508896 712833 256277 730513 579819 522275 693116 673780 70652 450225 770945 544677 700890 874588 579866 383074 708172 85636 323121 737700 340875 741866 498484 574306 434023 821811 397483 411838 538521 664344 40805 437707 792730 183250 440168 584003 439024 268714 515065 492309 357117 483861
568274 808930 264292 464365 848274 142012 564919 116872 740808 489767 205430 285977 346833 779234 870269 164676 109370 351515 573524 771987 641415 427480 470495 181423 415916 116432 999999999 597772 504309 749101 984788 704151 486987 597314 392407 745864 438772 547318 375796 364655 527914 335225 306729 530079 399329 748989 814886 46887 645167 738059 313257 256283 582773 718573 628322 448744 196672 646565 620085 658411 161551 676339 692373 467416 715677 601877 162429 566410 838175 606953 773133 942206 545386 496686 722856 191227 372121 697014 379450 808529 524756 519844 546055 823198 428199 516398 607553 760763 109160 432132 797274 115491 519878 660520 553304 379906 631123 516922 468112 587667
29873 955428 739852 892923 807824 590257 895010 509566 1093551 932191 512760 788077 273077 716772 547875 473076 514581 248469 404201 530559 422684 193800 827713 637978 191731 482213 597772 999999999 181927 1073875 699961 657133 722806 21118 904611 1108454 170120 741778 712604 233285 900610 339419 701284 384674 418723 528789 1147395 551487 108699 786741 803569 343176 542181 532913 104398 252527 404312 182873 101032 1011554 729064 1026210 124696 852538 740131 1026126 444097 43539 593859 476494 516597 672439 844666 193131 781418 427175 460425 991951 496322 575576 601137 894090 92874 920071 538849 181534 439668 336863 502769 665696 884863 624589 349773 420970 167230 228083 116734 603588 236742 185020
169038 774778 593394 728717 641652 539118 718842 444859 915964 768828 484136 643968 158758 550508 445653 422385 447603 213894 233785 395211 267904 228834 656290 593426 205191 399376 504309 181927 999999999 894610 591489 485842 544069 198350 756729 931469 102253 560609 544431 190758 728562 187970 542752 207468 241136 386338 967933 462302 287463 609486 655672 281436 364388 380765 141784 76622 336166 142256 134706 835129 655557 849286 210152 683619 563779 857357 341881 189788 464551 306385 385286 556984 667174 290361 603272 374687 285843 811893 320651 441126 419227 722414 89089 741690 359190 12739 273366 273906 431196 488961 706578 500953 172141 272804 299289 139332 290555 421664 317836 84714
1055398 290755 487988 298281 553295 890597 191331 844679 51376 290758 946071 482820 834289 574840 896198 882422 838143 926837 724847 782571 757696 1010731 282127 921999 984560 799141 749101 1073875 894610 999999999 897112 560327 351112 1087585 430466 71720 921929 339104 395114 920474 221413 750915 448542 719485 655179 756908 73724 769375 1172204 433785 454617 871337 588043 718082 1025621 821397 847510 980071 1020454 93875 829779 76685 1088153 281729 469260 206692 763754 1070780 798367 675156 799181 861225 232355 1099263 423070 878845 615240 86379 578893 779113 491486 229446 982564 364036 535431 897893 713300 969983 826149 410223 375988 634656 748086 776499 1139322 880655 1169906 485727 1095516 929755
709403 627698 917597 927378 354052 1072214 816078 975112 942631 962961 1043260 964078 710722 323386 152133 969826 974880 798401 415237 213845 350266 819613 822214 1128209 796648 915958 984788 699961 591489 897112 999999999 357561 673319 720960 1035631 963776 693148 629775 775604 775713 866722 671083 830069 459717 585471 235815 950865 957639 796232 463513 957686 841841 423083 267792 595841 592930 881115 517147 598931 896894 1145863 900803 605309 861382 432146 991915 845588 734249 146774 378715 215899 43692 764066 870608 475092 927080 615601 818057 616828 176537 521635 865735 639001 554798 585372 580919 378106 368082 955762 671880 531500 920640 478452 335042 862639 716292 810803 531866 904292 530596
651028 332885 581840 570831 160863 818183 459851 727978 601595 605814 815863 624249 528368 76405 335871 737765 725487 634959 253273 224351 244769 690864 465454 871299 662941 665878 704151 657133 485842 560327 357561 999999999 318322 676453 684869 622197 564056 272262 429443 616640 509263 456675 491958 279820 337213 200553 622119 688574 765826 146173 614129 639261 135091 165548 573806 440755 657937 505211 571871 547159 857711 552998 620242 504632 99034 635829 597542 673636 239630 180673 241999 316468 406967 767592 148846 704607 342918 476523 326867 218939 185384 508199 568280 278006 276048 481791 218064 440371 706483 326117 243921 617431 314780 255597 783923 556440 772168 194861 786177 475905
704309 322229 287910 254713 411479 624190 179522 554839 372247 291800 656189 321367 487939 373945 623773 583168 549655 585629 393451 503779 439518 666736 150768 668267 639740 499115 486987 722806 544069 351112 673319 318322 999999999 736474 367850 388380 571981 63712 127223 576946 208078 403319 201650 379678 304086 475806 424711 490631 821295 278808 306081 541806 276935 434757 677228 470385 529636 636434 671739 293442 615145 306568 741235 189504 275656 342770 448306 719868 542660 359357 516422 631000 124688 755011 262058 568104 264691 270571 228279 516509 167003 204634 631687 339005 185148 547756 392098 647560 533785 64159 316243 376756 404824 460733 792250 533182 819334 158058 755143 583312
33095 972826 746312 902428 827730 584800 907609 506245 1106547 941468 505332 794029 279324 736628 568861 468465 511485 246378 423337 551560 442970 185530 838993 631514 186454 481284 597314 21118 198350 1087585 720960 676453 736474 999999999 910971 1121218 176921 756719 723256 232785 911982 348926 709973 402839 432474 549647 1161176 550784 89730 805176 810122 341626 560388 553464 125247 266868 402512 203921 122059 1024167 725537 1038991 140803 863166 758735 1036548 445920 32373 614951 495782 537646 693522 857761 176866 799643 423265 473214 1006089 509301 596611 617384 905369 109917 938266 553101 198810 459255 357448 500312 678696 903076 627982 367795 441530 147719 233162 96333 619612 221260 205548
878347 610971 164772 145519 773704 519305 300184 507324 403591 140229 596808 117994 631725 741720 969502 553719 499848 687495 698117 851123 758810 773838 235522 535756 754323 484313 392407 904611 756729 430466 1035631 684869 367850 910971 999999999 401109 734558 422970 261284 691594 237656 570834 223162 668078 542694 823294 479977 429236 978561 636784 101286 603311 620171 783290 898138 682055 556619 884916 890742 338151 421895 354259 966613 201318 640974 237704 483332 884732 898847 689161 860854 992573 322308 855649 620118 569699 494291 414294 470378 870971 514913 232247 828489 658119 472460 765511 712229 945269 495133 364105 646787 301854 679441 781061 907890 677950 969014 504717 835974 824085
1088638 362322 481747 283349 622673 885753 213762 847114 21284 266422 947088 469051 860572 640741 957646 887183 840286 948689 773289 842429 810043 1034062 293317 913379 1008679 805413 745864 1108454 931469 71720 963776 622197 388380 1121218 401109 999999999 951971 386386 411257 943962 223654 778930 455133 764725 690525 816234 80557 770040 1204043 500296 440487 887451 640427 776751 1065587 856840 859127 1023813 1060059 97451 813534 82244 1129555 283191 533731 165084 775702 1102832 861324 727464 858566 927158 264335 1122392 488822 887483 648062 146120 612137 841111 539447 231570 1018321 435307 573376 935568 764602 1022145 829635 442829 446358 633652 791703 829540 1164861 907710 1200608 532833 1115855 971501
144020 831603 569817 726446 723243 453826 738244 363783 938113 765244 390914 617958 102965 632925 547862 335252 367582 114829 319272 494002 362545 130557 666064 506335 104838 326422 438772 170120 102253 921929 693148 564056 571981 176921 734558 951971 999999999 598716 549188 92183 739147 174132 533379 285219 272422 483365 995654 393812 252997 677175 633569 194970 434985 474321 191008 123367 254387 225835 182748 854593 580776 869944 253641 688841 633707 861716 279796 153183 564037 389623 485005 658085 690314 203663 669118 287256 307362 842552 343767 539707 470273 732329 107602 805733 393399 113760 361026 371621 353041 511708 771122 456287 251362 369857 226580 59647 248656 470679 223925 178667
725306 264774 351241 299885 351726 682997 194010 610631 368157 333870 711158 383416 521265 320932 592099 636797 605740 622846 386998 472833 424853 701030 194537 728233 673426 553412 547318 741778 560609 339104 629775 272262 63712 756719 422970 386386 598716 999999999 190754 612323 237919 436059 265358 380381 326577 445277 411005 548865 843523 216971 366979 586254 256153 404400 688157 489933 578752 641030 683260 297257 678047 307521 749769 233548 218016 368092 499206 742424 505197 342546 487008 588382 138331 788559 200171 619001 293579 253870 257951 480635 153114 236413 649422 276563 205327 562916 378792 636439 589301 116291 252915 438530 409202 444923 822625 564635 843068 146832 791821 591388
690221 438403 160781 186479 536039 516624 203787 457590 400287 227144 559888 196763 453339 491763 708700 491886 451592 537824 445122 590012 502451 623705 118530 556632 598830 407641 375796 712604 544431 395114 775604 429443 127223 723256 261284 411257 549188 190754 999999999 533880 191116 375079 75487 419779 308859 562142 466782 386704 802154 405383 184762 477032 358936 522048 684801 467833 452520 657669 678256 314680 493278 331555 752107 139936 399079 313610 368775 702053 637725 429824 600028 732355 172485 711815 388695 484982 260840 330153 229508 609746 254108 183942 626494 462801 217132 550836 455178 697684 437779 103943 441824 261514 436499 524638 755637 501036 796968 243885 704608 599387
203679 859164 528688 700932 777423 365324 731955 278843 931744 737969 299158 573651 92541 688960 633266 246565 283357 23144 384856 571409 436057 90261 652397 416673 65067 248930 364655 233285 190758 920474 775713 616640 576946 232785 691594 943962 92183 612323 533880 999999999 724881 176899 505864 345731 296694 558264 993857 318257 288459 717421 592346 110341 483086 544871 277650 186735 171522 317820 269498 846708 497965 862962 335739 670650 676830 840184 215028 202310 642170 450895 564003 739164 688269 178790 707652 198965 319849 845087 354650 616471 499387 717574 193967 840742 410863 203016 427343 463134 270502 513823 807021 399686 315058 446107 222239 61666 277740 497942 179766 270421
879045 375502 266754 92165 566270 669263 63958 625510 215380 109215 726317 265143 644271 551879 828454 664628 618821 728455 599473 708706 647399 814594 73084 700702 789865 582328 527914 900610 728562 221413 866722 509263 208078 911982 237656 223654 739147 237919 191116 724881 999999999 565058 231584 582368 488576 680901 287506 549321 992125 428570 237715 664606 484564 639855 866939 652410 635493 833329 860789 130959 611308 148820 933126 60610 443848 134953 552115 891621 743035 567435 722125 825715 103786 902576 412798 663980 442726 182064 408385 718210 374942 8085 812845 427690 380106 734026 599882 854262 607532 245450 420597 413863 604668 668708 946730 691898 987371 366110 894412 777339
315834 682674 406705 553582 616855 402326 565387 304787 765475 592780 374438 456830 85206 531702 544391 299294 305059 189592 256719 457765 320893 264978 491974 458451 237389 247582 335225 339419 187970 750915 671083 456675 403319 348926 570834 778930 174132 436059 375079 176899 565058 999999999 362143 212386 123195 438592 824588 298907 427128 545946 469573 183293 321592 415680 328003 118658 211668 325033 320436 681490 494337 697076 396405 514800 507524 687873 179137 327010 527634 309046 455329 630484 518708 352600 535282 258511 142988 673200 178120 499129 324316 558217 258197 666231 233973 197983 296633 426133 286214 341337 632962 315592 193214 337313 388984 129918 422396 322289 356662 263746
676913 513219 90057 195068 606516 448555 260078 396349 446843 232569 498092 134009 432990 557642 753213 433960 389914 506739 475760 636595 537655 593903 166558 486145 570784 351068 306729 701284 542752 448542 830069 491958 201650 709973 223162 455133 533379 265358 75487 505864 231584 362143 999999999 444997 320434 609162 517624 322171 784309 478108 130168 436540 408189 570205 684514 466723 404527 665900 677451 361801 418375 379458 752771 172146 469162 335074 321553 686320 688848 470972 644990 786501 238800 680602 461529 432396 271790 391251 247216 660093 310320 223613 619646 538283 252669 550612 491675 722115 377633 167681 517126 191326 456406 559879 727855 480721 777255 300196 669033 605711
375336 571906 518793 604373 438140 612498 559188 515446 747260 644955 586610 570083 264615 347709 340334 511676 515168 366029 44494 245956 111404 413842 514850 668495 386390 456280 530079 384674 207468 719485 459717 279820 379678 402839 668078 764725 285219 380381 419779 345731 582368 212386 444997 999999999 136837 226220 791171 500004 492558 402474 573094 390081 157549 204401 314163 162677 423853 260988 310362 671904 691622 684022 371953 548477 356433 716737 386005 396927 315396 105340 244745 418604 503873 488293 396804 470494 179629 634055 198089 286769 228946 577569 293119 535436 204266 204732 84745 278156 496045 337405 500241 480486 35328 130600 504215 284180 497059 233992 508617 214895
400449 563422 387708 495179 496236 493783 477716 399181 675238 535770 481333 439364 204221 413102 474782 403681 397729 311286 177416 372797 245538 381559 416893 548955 353349 337705 399329 418723 241136 655179 585471 337213 304086 432474 542694 690525 272422 326577 308859 296694 488576 123195 320434 136837 999999999 349663 728735 373106 517963 422786 444854 302833 202946 319978 378364 166414 321362 348908 372240 594046 560539 608309 444735 445988 384426 619086 267333 416619 438916 208524 374563 542967 426342 467060 412249 368281 48798 573685 80259 409315 202728 482650 327872 544147 121360 245860 208655 405011 378440 247846 510585 343904 139037 266053 497672 242889 516851 201580 475443 290580
530646 531172 694000 728803 304012 837880 639151 741141 796063 766992 812610 742412 485318 222150 147999 737886 740658 580132 181893 28036 122279 613532 626410 893753 588193 681399 748989 528789 386338 756908 235815 200553 475806 549647 823294 816234 483365 445277 562142 558264 680901 438592 609162 226220 349663 999999999 820633 721960 634671 344634 738824 614173 203285 41069 431555 371765 649911 354200 431978 736023 910117 743557 463547 664780 298979 813099 610866 555234 89588 144151 42332 193539 583602 675928 348882 696422 380716 671841 384167 60561 311616 678430 451448 471086 358415 377858 142880 252654 721466 461052 438696 686767 248653 113629 678529 497105 645241 321503 704128 344919
1129019 330753 551922 356780 601818 955787 263357 912887 76676 343334 1013812 542796 907885 631055 957494 951502 906235 1000035 795405 845739 826379 1084118 351979 985377 1058018 868666 814886 1147395 967933 73724 950865 622119 424711 1161176 479977 80557 995654 411005 466782 993857 287506 824588 517624 791171 728735 820633 999999999 836827 1245884 489844 514307 943562 657053 782486 1098408 894892 918663 1051986 1093311 156586 888836 138693 1160612 348108 528301 245284 834933 1144458 858090 744009 862759 916399 305946 1172646 480520 949180 688941 157141 652586 840038 562666 295591 1055988 405715 608802 971108 782600 1038490 894730 483947 422518 701253 820204 844765 1212912 954302 1243619 557211 1168556 1002208
521930 812695 291340 491252 836633 134532 582212 78822 763882 519011 177079 318692 304012 764376 839177 124484 71522 304809 543999 744112 611363 380616 488318 183880 369057 69621 46887 551487 462302 769375 957639 688574 490631 550784 429236 770040 393812 548865 386704 318257 549321 298907 322171 500004 373106 721960 836827 999999999 598281 731462 344898 209526 563402 693075 583954 409509 149786 604440 575703 680266 195666 698139 647446 488724 706392 630841 121564 519789 811455 581617 744320 915486 558571 450375 716748 146059 350420 713314 361843 781982 513165 541236 501291 822716 414150 474552 579593 722403 66173 432675 795455 136702 487506 629798 506831 335333 584257 505943 422510 546207
118752 1062208 814700 978299 916318 614040 990284 544905 1189832 1016710 527483 860827 351322 825314 644294 502827 550905 296461 512840 635130 530743 218101 919043 656033 229999 528897 645167 108699 287463 1172204 796232 765826 821295 89730 978561 1204043 252997 843523 802154 288459 992125 427128 784309 492558 517963 634671 1245884 598281 999999999 894906 878545 389949 650107 640258 204043 353771 448507 283241 202912 1106764 761046 1121907 195004 941736 848452 1114400 503007 101428 696633 585179 620492 770998 941433 169757 889358 461206 557011 1091492 593325 679616 705878 985320 199531 1027975 639103 288355 548353 428879 542248 762419 992789 688091 457495 528359 117819 303607 21110 707871 213949 292840
777799 186847 566104 505356 138032 865435 370085 782956 479135 534559 878347 600075 625672 141289 471612 800812 779234 733270 384489 366747 386892 798329 402909 914972 770004 722041 738059 786741 609486 433785 463513 146173 278808 805176 636784 500296 677175 216971 405383 717421 428570 545946 478108 402474 422786 344634 489844 731462 894906 999999999 583948 721509 245101 311297 709424 554911 729361 644359 706798 436830 880040 439333 759494 440291 48290 541573 658736 799218 370009 314867 385057 427464 325613 879911 16801 774134 412478 354778 385916 354271 226116 429627 695566 134654 326679 607175 354652 586429 761155 314602 99620 637113 437686 399520 902124 660227 899526 230971 893552 610183
777440 586999 63870 157539 717559 448939 290643 423720 438197 177602 518486 28564 530814 676268 883259 468389 416399 589033 605023 766346 667517 675791 204576 473488 655595 394229 313257 803569 655672 454617 957686 614129 306081 810122 101286 440487 633569 366979 184762 592346 237715 469573 130168 573094 444854 738824 514307 344898 878545 583948 999999999 507022 537120 699621 796995 581214 463054 784718 789577 360964 375177 378609 865470 183170 581471 289475 386946 784120 817611 601118 774956 914232 294674 758766 567149 479846 396889 419215 375008 789058 436357 230276 727204 624453 382836 664552 621706 848974 409425 288149 608283 211162 582696 689722 810145 577233 869347 426142 740759 723740
313435 844750 444677 629303 798919 259230 680228 169258 877125 664019 204802 485739 132085 714615 706558 141249 173455 95334 433331 631066 493228 174144 594170 312595 160043 139908 256283 343176 281436 871337 841841 639261 541806 341626 603311 887451 194970 586254 477032 110341 664606 183293 436540 390081 302833 614173 943562 209526 389949 721509 507022 999999999 504298 594475 385251 251712 61195 418214 377020 791466 387848 808486 445209 607180 685524 770733 120098 310412 701830 490596 626439 802824 642138 252442 709751 93341 309313 801371 338692 674257 496181 656903 301388 835923 398401 294174 474799 554545 160191 477659 803873 303985 365527 507001 305880 142651 376802 492536 234260 365476
532760 416117 494834 527169 295600 690224 448446 598036 621446 565936 683453 542039 393929 210376 350510 605527 595955 500922 144750 231224 169741 559528 426298 744294 531392 536013 582773 542181 364388 588043 423083 135091 276935 560388 620171 640427 434985 256153 358936 483086 484564 321592 408189 157549 202946 203285 657053 563402 650107 245101 537120 504298 999999999 163120 468458 311847 524247 408387 465251 553242 740154 563003 522486 464087 199685 618630 466683 554118 280661 87142 242003 379401 392070 638539 239256 571104 213530 501666 203538 251953 110150 481412 450649 377896 163359 362131 125663 382034 576788 257881 342695 505184 192665 189136 658344 423519 654487 119600 654985 368790
532468 498143 655688 687872 283873 811622 598328 715507 756681 726003 790095 703719 467901 197235 189022 714423 714696 566165 161524 69024 112922 604877 585380 867260 578743 655054 718573 532913 380765 718082 267792 165548 434757 553464 783290 776751 474321 404400 522048 544871 639855 415680 570205 204401 319978 41069 782486 693075 640258 311297 699621 594475 163120 999999999 439238 358258 627342 364112 438894 695823 879216 703557 476422 623777 264573 772133 584405 556677 121414 111623 82650 224528 542710 671119 314392 674180 348064 632749 349200 91706 270826 637371 451540 440551 320601 373354 119678 277801 695434 420579 407369 652861 230863 111944 677212 483294 649648 280756 697156 347917
118493 884565 734465 869739 719085 642901 854315 554423 1049407 909962 574571 784785 283601 628761 443719 524127 558371 297972 325135 431265 332593 268766 795150 694260 257281 517157 628322 104398 141784 1025621 595841 573806 677228 125247 898138 1065587 191008 688157 684801 277650 866939 328003 684514 314163 378364 431555 1098408 583954 204043 709424 796995 385251 468458 439238 999999999 217952 445218 79439 8263 970049 771783 983650 68475 823454 661816 996973 467451 142188 492640 394990 416483 568884 801425 289738 705642 476365 424779 941541 458572 475614 540566 860997 83880 843888 492249 134188 356050 232710 544014 624815 808688 636367 281521 327924 270437 248633 216478 544471 330595 99673
235381 713138 519430 652116 600191 499847 643797 402973 841634 692246 456172 570354 119654 510101 455084 387562 404638 208394 199206 385672 249495 251165 580012 555470 223752 351474 448744 252527 76622 821397 592930 440755 470385 266868 682055 856840 123367 489933 467833 186735 652410 118658 466723 162677 166414 371765 894892 409509 353771 554911 581214 251712 311847 358258 217952 999999999 298466 206768 211063 760228 604940 774610 286080 607093 510945 780857 287954 253052 456584 267759 379133 555162 592728 327024 547292 341650 209855 739440 245092 430383 353491 646199 161483 684595 286347 83889 241567 313102 386888 414042 649794 434247 129870 260336 347258 125363 354196 354925 346020 145345
