NAME : synthetic_000140
TYPE : CTSP-D
DIMENSION : 100
GROUPS : 8
RELAXATION_LEVEL : 1
EDGE_WEIGHT_TYPE : EXPLICIT
EDGE_WEIGHT_FORMAT : FULL_MATRIX
EDGE_WEIGHT_SECTION
999999999 892309 637119 558412 577367 800121 328209 763770 1075436 639407 847060 251825 982157 141779 353493 459034 453854 571290 595483 375777 409351 550312 797580 228606 454193 970521 525821 226688 957067 490116 685040 397631 693884 602800 374161 548562 521935 916658 998212 802574 600043 356501 868066 663928 882642 442312 516252 507004 79946 972062 684641 262975 519742 512988 376700 336287 475494 455109 253994 671353 824311 337551 451628 63810 385769 523596 473595 615776 580157 670230 763385 668771 645315 375758 649608 733183 708941 1103330 653480 265494 298597 407753 727527 801557 344216 813024 907808 835839 305806 643977 537397 953967 500949 214710 468899 640155 480966 543085 779335 255521
892309 999999999 299437 891223 413176 627964 856400 343864 822026 407829 101065 671089 791857 811476 812372 874152 616578 321019 1076989 658021 662606 1112363 316002 685654 453781 585176 777400 849240 67062 528579 918944 859497 268113 433522 518235 470727 994207 269740 791151 641626 298561 546026 272906 866776 570289 745834 585761 417126 881920 828730 391972 808096 651040 468931 554973 579199 533133 501377 640534 489437 600401 882583 732154 898260 834920 539233 467237 1249750 369232 242356 366824 227803 1106664 598925 261151 659106 578384 840372 332784 708752 630494 487041 844737 773862 707464 113588 210849 930934 1053477 304772 593300 622834 400840 677623 1123016 277880 518639 484120 148326 744699
637119 299437 999999999 798817 353654 679823 690795 429347 939000 398494 310207 459142 880733 587320 658111 749973 503876 141827 961073 359905 363202 974081 430133 413938 278967 723962 689342 558844 365585 426511 866260 716359 294296 398275 284814 399745 871344 473990 886508 691719 183391 337188 445622 816611 673132 628001 504574 283200 644747 904173 416191 514759 570884 369469 270282 303642 233696 364709 385072 498568 669224 717600 618761 630728 690135 459839 330244 1098579 69961 219567 448484 175319 1000341 439118 214787 674841 596418 962912 327679 420917 431158 238265 822602 795329 410018 279901 429644 930214 852567 280747 523340 744251 143194 428504 956584 34288 219216 411289 267813 553668
558412 891223 798817 999999999 481872 408458 230449 582886 604791 485202 799929 429331 509021 428205 210319 99862 295157 661085 192382 784935 823347 253738 623016 616591 521684 607901 114167 752711 933916 377683 128100 160874 623119 457704 560138 424382 131266 747369 527975 401597 639257 495582 702775 122451 524687 175005 307955 518513 479450 480339 509881 766636 240840 438900 684638 645166 800748 434128 563616 422864 449158 225146 181526 620258 174082 355512 469029 395112 786794 661997 565727 695738 215913 371147 648226 328142 371378 630082 558453 700292 421331 608578 200945 317847 786230 778489 775985 288217 389960 590100 298077 567703 675862 534243 323621 777007 795157 410901 742910 341059
577367 413176 353654 481872 999999999 338883 453506 186634 617733 69622 329212 326124 546498 459976 406203 461029 204726 213819 664611 524882 552589 699394 220464 440390 156516 438098 367718 632190 461999 118128 526539 448893 148326 47899 262183 57770 581095 343841 555321 349301 172423 236737 294284 475073 364271 332836 174047 102028 539923 563114 112480 611376 241154 67228 389015 377555 462826 122433 372335 154472 337766 478566 319012 606892 425141 126741 107611 837596 369485 180376 188334 216958 695893 214102 167874 322898 247610 644000 87454 506140 279247 277378 472166 442554 556682 303158 345744 577277 664148 108793 185172 440940 279119 387221 715029 324270 450637 71261 266302 365987
800121 627964 679823 408458 338883 999999999 541118 285314 287684 282337 526900 567427 208413 660135 492123 460855 348007 546903 590999 849830 880890 661412 312336 733771 483055 200075 334213 918946 647247 341215 361020 492707 399738 290987 580140 315724 539665 403228 218760 13693 497253 534600 372186 317202 116962 383704 288302 437052 737706 225013 265339 909373 282439 360694 716501 696787 799990 408743 664067 184626 42067 554839 369440 847507 482736 297296 419993 801019 705005 470121 262119 515901 598791 441576 468840 81273 98264 315262 353211 811113 527901 606762 258938 152355 875066 520775 450132 313583 756025 400218 264923 164825 617997 662305 727968 647458 788271 310993 495339 545789
328209 856400 690795 230449 453506 541118 999999999 611715 789549 488992 780397 248964 693243 203301 51419 130842 254076 569874 298919 591960 630837 288491 651971 416138 419506 734357 218902 529911 910773 335714 357824 69588 600737 452296 415170 400974 212131 781953 710990 539433 567563 355417 732762 340905 644721 158345 307799 442174 249029 674512 527989 549010 271384 390468 514385 470328 634132 355408 376591 471531 574637 26909 173551 390516 63151 342234 390476 407785 660699 614124 601760 635248 346722 260242 595829 463196 467810 816671 540861 495747 263063 466011 410538 502798 584371 751912 794237 512839 221517 555961 316865 705375 551758 338471 268850 677181 631797 389218 714726 146535
763770 343864 429347 582886 186634 285314 611715 999999999 513367 127171 243011 512204 465005 643640 561324 589831 358223 319406 774826 684386 707244 824775 40903 620836 331755 294957 474376 811977 369129 285980 588848 592736 135184 165213 436988 220616 700826 170654 467831 298886 263101 420656 122392 537380 247615 469449 305312 273314 724216 496165 84206 787460 357102 251146 549689 546753 600567 308662 554530 160342 261213 634511 453754 793421 572183 269931 293081 966886 471024 209786 23202 254562 797303 395273 216589 316541 237514 536154 125273 680798 465330 440864 506372 430010 721767 235463 193100 587732 830149 161769 301479 315709 411883 572362 858914 395162 586656 229463 210896 544154
1075436 822026 939000 604791 617733 287684 789549 513367 999999999 554436 726052 851312 96633 933899 745255 684584 630070 815409 749915 1136142 1166448 833982 523297 1021129 767601 237598 570845 1205131 821021 628888 505541 730423 646083 570361 866757 601094 727848 557202 78560 281201 761972 822234 549261 485305 266188 640797 573052 718648 1008287 128566 526526 1196647 556390 646451 1001957 983659 1080494 696055 951526 464640 280311 797698 628875 1126143 727127 584850 705767 959241 973110 720648 492451 766334 739322 727217 724212 343275 385938 27973 613746 1098782 813392 891340 406045 289336 1162339 731284 615379 366316 988566 659775 548736 200543 894776 948641 923644 905234 1068151 597315 715534 819933
639407 407829 398494 485202 69622 282337 488992 127171 554436 999999999 314758 387582 487227 517039 439394 478641 234938 264645 673901 593377 620401 716566 165357 509483 225990 368935 372308 701270 448715 159011 512852 475156 141975 38064 331786 93449 594706 294208 494865 293830 215312 305150 244615 460683 296982 353661 187886 170400 597798 507314 45250 680903 247858 126768 457399 446939 526969 185510 441082 100282 276221 512635 338518 671514 453224 147169 175853 857299 422875 198860 124093 242360 701097 268422 192944 278999 198692 580215 80151 575750 340856 345812 446427 400011 625874 294402 305798 544398 705531 123863 189861 373375 340351 454433 742449 366789 514312 102526 259882 416992
847060 101065 310207 799929 329212 526900 780397 243011 726052 314758 999999999 613363 692767 754396 734333 788603 533927 285010 987915 652686 663119 1027186 215037 653897 396139 490504 686781 829114 134066 446979 822292 778105 180920 343501 475459 385503 907069 184442 692609 540562 247454 492658 177670 770209 471042 661073 497898 351218 828625 728842 294878 792094 561339 389969 536247 553287 536655 429436 601432 391386 499514 806002 646784 859652 754283 452588 397713 1166284 375459 177575 265900 181791 1015799 528142 198171 558823 478495 745270 244312 688341 570029 452591 745792 673012 699737 34752 129241 830478 984687 224487 503277 526008 377972 634316 1043997 280862 521746 398577 68347 678068
251825 671089 459142 429331 326124 567427 248964 512204 851312 387582 613363 999999999 762109 141060 233001 347150 221475 357354 544481 355668 394180 537070 546570 190335 217958 725980 353171 356542 732627 240803 539142 295459 449579 351043 174761 297072 455008 667655 776554 571813 372570 126761 618611 503374 639891 265250 279126 263823 216903 759433 432817 356074 300710 261223 265865 222515 385528 203697 134401 423803 586885 274027 266973 287113 271353 277753 224743 649608 420321 436084 511568 443310 590498 127977 415645 508950 471902 879259 404650 274889 46884 224015 549487 595866 358242 580588 662335 665475 394047 399699 302852 713481 316242 107843 502980 451241 382905 292120 545016 102490
982157 791857 880733 509021 546498 208413 693243 465005 96633 487227 692767 762109 999999999 840451 649306 587999 540640 751465 658563 1057173 1088679 741477 481610 935737 691354 227848 474444 1117410 798559 545972 413190 633836 592415 498623 787435 523975 633249 536823 19200 199432 700027 739927 520545 390449 221730 545498 485675 645358 914011 50096 464632 1110808 464514 568775 924413 903699 1008304 615395 866565 392028 211686 701175 533888 1033837 630725 501307 627999 869185 909777 665718 442663 711764 650402 639843 666958 253210 305201 123439 553101 1014841 725594 814998 311510 192766 1081204 693622 592607 283459 891992 599987 460879 178416 825507 861481 829090 847610 996507 518888 673783 726846
141779 811476 587320 428205 459976 660135 203301 643640 933899 517039 754396 141060 840451 999999999 218758 331035 316245 495349 493586 407673 445855 464648 679721 231985 358935 834454 386243 326633 873402 361768 552370 269966 589119 479405 304246 424096 411486 803559 856569 662194 513144 265651 754134 527774 745815 301357 379275 404356 81141 830317 561811 346682 378780 393319 358677 313280 474391 338495 215083 538914 685506 219138 310218 197343 254132 391169 363097 556620 541144 577144 640831 583820 542873 248725 556704 592027 570446 961775 541694 303461 185164 349056 588673 659960 392270 721648 800842 698889 270941 539408 399304 815914 444469 169861 406066 582993 475536 416967 686050 114409
353493 812372 658111 210319 406203 492123 51419 561324 745255 439394 734333 233001 649306 218758 999999999 117104 204551 532835 312815 585463 624281 316029 601699 412533 382806 684166 177187 542391 865557 288102 333612 62539 554059 403039 389199 352603 222683 731730 666754 490868 527068 326983 682660 310442 594433 108467 256857 401010 276792 632574 477791 556952 220141 344532 497970 455289 617221 313121 365841 420175 524942 73261 123208 413647 38839 292347 348848 443376 632017 570512 551034 593557 357927 221467 552689 415069 417160 772592 493305 494856 238290 440006 375432 460564 582308 706491 744989 482364 272936 510222 265519 655983 521712 331689 310661 642685 613752 340555 669312 135235
459034 874152 749973 99862 461029 460855 130842 589831 684584 478641 788603 347150 587999 331035 117104 999999999 258812 617585 211150 701520 740270 238583 630715 529405 471094 660245 127565 656996 922228 346770 227788 61493 608150 446191 493483 403696 122303 759258 606500 456430 603534 429505 712083 215580 572964 128481 291301 478376 379855 563937 510417 673142 232816 407960 609632 568033 728010 390359 481071 434950 498819 125628 142021 521195 78582 336016 426555 378658 730402 636707 575603 665585 251369 311788 620791 379752 404808 710852 544292 611921 346641 543600 289990 395248 699240 763882 780940 385801 303999 569428 289647 624912 619127 448179 273554 731350 723697 390417 727193 252012
453854 616578 503876 295157 204726 348007 254076 358223 630070 234938 533927 221475 540640 316245 204551 258812 999999999 365997 466857 542316 578061 496088 398235 400208 228688 518271 186089 577225 666643 88115 370009 244212 353015 198492 285677 149101 380489 528103 555094 351605 346622 224521 478806 324029 429573 130492 63198 223713 396117 538776 274232 573174 84955 149150 421981 390095 529312 139236 333228 227853 370576 277751 118312 499661 220746 88314 173873 633253 494878 377959 349321 407080 501980 103713 361983 287475 255139 658031 290679 482493 186387 328997 351020 378409 557188 507670 540439 467432 471996 311928 83591 500157 385127 322579 510819 481852 521397 136596 470687 203762
571290 321019 141827 661085 213819 546903 569874 319406 815409 264645 285010 357354 751465 495349 532835 617585 365997 999999999 828538 380467 397663 847034 330523 369379 150374 611883 550237 544932 386017 285962 725084 588432 189105 259848 197267 258071 739713 406620 758564 558226 56406 230600 367754 675187 552104 492886 363307 142888 562875 771912 288884 509604 430065 227940 254787 268558 282923 227973 320169 363222 539970 596772 482688 578527 562368 318190 192324 976056 158313 125595 335028 103513 866130 311386 109735 536514 459733 840399 202572 404554 321134 168250 680842 656368 424039 250260 376087 788921 748762 158716 381688 626139 98947 356611 838398 116295 268631 269505 221697 441650
595483 1076989 961073 192382 664611 590999 298919 774826 749915 673901 987915 544481 658563 493586 312815 211150 466857 828538 999999999 890831 929700 88346 815087 714746 682232 787437 301863 814348 1121976 553865 245688 250553 809223 644510 700774 606847 90538 939744 677743 582670 813163 637544 895038 277445 707961 336793 491234 688652 517084 621459 700582 839201 426581 615480 810210 766971 929690 600984 674891 615025 632655 277386 348562 659166 276117 537993 637089 212322 940459 842981 757922 873749 49846 522494 827876 512914 562246 772548 744672 793267 550889 751352 351037 478685 882147 965139 967909 392395 337040 773402 484638 743865 829322 637368 197819 942484 926446 593371 929008 443382
375777 658021 359905 784935 524882 849830 591960 684386 1136142 593377 652686 355668 1057173 407673 585463 701520 542316 380467 890831 999999999 38888 870446 702944 176828 369795 962090 703554 214276 724692 513027 891974 647023 564754 570017 269744 535082 803583 787070 1068469 857939 433559 320993 747402 853260 888963 617694 582597 423040 422758 1065092 631527 164189 627264 489694 135998 154125 131566 441943 221319 672901 856534 613793 617258 340320 624269 557998 430393 963476 290055 506044 695442 479388 938629 439442 489461 810931 752091 1163192 559388 110588 367865 247571 891310 915972 50991 618956 755284 1008106 665602 524960 607808 965699 281525 254063 812860 380269 144171 538956 596104 450401
409351 662606 363202 823347 552589 880890 630837 707244 1166448 620401 663119 394180 1088679 445855 624281 740270 578061 397663 929700 38888 999999999 909022 724124 215508 398994 988394 741124 233767 728771 546042 929753 685875 584534 598442 301772 565473 842470 803696 1099641 889291 452154 355452 765415 890650 916852 655580 616911 450562 458937 1097610 657402 182123 662954 520266 164492 188345 129650 474212 259785 702381 886438 652634 654912 370842 663081 590973 460934 1001222 293380 523022 719194 493764 977511 475615 507321 843865 783479 1193343 582811 146021 405461 275564 927746 950218 69089 629936 769667 1044514 702143 546602 642041 993487 299156 292939 850629 386313 143992 569904 608895 489246
550312 1112363 974081 253738 699394 661412 288491 824775 833982 716566 1027186 537070 741477 464648 316029 238583 496088 847034 88346 870446 909022 999999999 865517 693645 697724 860079 351433 774503 1160800 584202 328471 258602 846708 684595 702936 642181 124914 992725 760676 654034 837329 641973 946497 354896 777984 366563 529702 711292 474980 705810 747020 803730 469365 644899 801570 757017 921245 622778 661358 667109 702436 263046 380508 612991 284683 574598 659024 142617 947419 873867 809393 901224 122856 536117 857463 581567 623761 857142 782875 768046 550880 753828 431389 557881 856908 1002385 1016996 479537 268925 807591 526956 818331 837486 620712 113541 958186 919402 628933 965647 434593
797580 316002 430133 623016 220464 312336 651971 40903 523297 165357 215037 546570 481610 679721 601699 630715 398235 330523 815087 702944 724124 865517 999999999 647890 358848 296390 514941 838173 336226 324341 626414 633537 141561 203362 462622 258428 741490 130047 482918 326021 274269 450556 81504 575202 260742 510297 345972 300604 759999 515622 124008 811869 398000 286462 569561 569466 613368 342894 582790 200187 284501 674917 494615 825496 612893 309921 324869 1007672 476712 212802 57894 254996 837102 431987 223140 349948 272836 544798 149397 704916 499698 462743 541762 460377 742029 212336 153196 619605 869975 178032 342362 323267 426190 602670 899789 395853 599135 267879 192732 581899
228606 685654 413938 616591 440390 733771 416138 620836 1021129 509483 653897 190335 935737 231985 412533 529405 400208 369379 714746 176828 215508 693645 647890 999999999 289217 872267 543506 191801 752052 393184 729040 473223 523695 478560 186224 432579 628140 753021 948943 739929 409039 205264 707520 693707 791305 455516 450481 347643 257329 937382 552825 175652 483580 388541 148313 110299 250725 331871 69976 570773 747474 437462 457275 216798 451352 436524 333853 788578 353760 483604 626488 472118 762836 297369 463741 683531 635801 1048851 498493 84554 214603 201310 738855 778579 169877 619167 733472 855153 495913 476259 475569 867360 285485 82745 637994 420709 254685 432496 588815 277393
454193 453781 278967 521684 156516 483055 419506 331755 767601 225990 396139 217958 691354 358935 382806 471094 228688 150374 682232 369795 398994 697724 358848 289217 999999999 594572 414698 480224 514770 163044 597454 439246 240943 200404 106189 167389 592682 468091 701716 491997 155360 97693 421142 549930 519466 349414 242270 58447 432486 702959 267071 456732 303436 123061 234586 221058 320271 91513 224146 303393 487474 446402 340702 473661 413091 204910 65227 825832 266194 218589 338191 226057 721381 161612 198043 452250 386582 794421 209508 350721 176739 123786 567206 565418 400338 363009 454670 680705 602418 191526 264982 596235 157060 247392 688088 260740 309774 173221 327844 293786
970521 585176 723962 607901 438098 200075 734357 294957 237598 368935 490504 725980 227848 834454 684166 660245 518271 611883 787437 962090 988394 860079 296390 872267 594572 999999999 533095 1063029 583459 486256 550415 689661 430110 395349 699770 439755 739166 319620 220749 206308 556092 667101 312998 510836 89881 576020 455181 539309 914361 274756 331042 1046184 466973 483808 826091 815629 889261 540632 802648 303286 161488 749795 560979 1012410 678065 448333 540108 998632 765628 504541 277280 548780 791978 598071 511474 281301 268019 255199 410578 942390 682211 714602 444253 320175 994761 497891 377794 467533 952195 453169 435825 52096 700260 809591 928043 689717 875840 440589 485089 721792
525821 777400 689342 114167 367718 334213 218902 474376 570845 372308 686781 353171 474444 386243 177187 127565 186089 550237 301863 703554 741124 351433 514941 543506 414698 533095 999999999 697810 820832 265197 189351 161121 509290 343964 463161 310267 226828 641457 492291 330371 526449 399269 595597 150247 445515 88697 193872 407367 451481 455903 398845 704912 126682 325946 593882 557269 706621 325134 484126 315807 371612 227194 86452 583565 156284 241459 359102 493995 680840 547891 458382 581966 329282 272894 534257 253452 277912 597883 444620 628060 335694 509594 202662 284018 710496 664854 667204 315438 423933 475937 184108 498740 570751 460940 399836 666449 699874 296794 629122 281594
226688 849240 558844 752711 632190 918946 529911 811977 1205131 701270 829114 356542 1117410 326633 542391 656996 577225 544932 814348 214276 233767 774503 838173 191801 480224 1063029 697810 999999999 916293 580728 874205 596275 710763 670120 375553 623300 735793 939946 1131409 924330 590135 396681 895497 845249 981082 609360 632157 538663 299524 1115824 744619 51842 657242 579703 294513 276617 343295 522400 260628 760699 934814 544794 614438 168956 579240 622881 525576 842321 490955 665249 818035 648395 864110 477926 646110 864242 821651 1233000 688872 140942 391872 381824 899145 952194 165883 794454 917138 1013238 531878 664497 656698 1056769 451739 256642 695555 573691 354362 622625 766624 416779
957067 67062 365585 933916 461999 647247 910773 369129 821021 448715 134066 732627 798559 873402 865557 922228 666643 386017 1121976 724692 728771 1160800 336226 752052 514770 583459 820832 916293 999999999 579224 954217 910614 314111 477530 582907 518761 1040979 263849 796243 660932 360354 608496 279094 902245 578900 794472 631787 475178 944937 838080 427428 875143 695398 521064 622001 645950 599197 557229 706020 522757 616537 936657 780313 964059 886520 586247 524046 1299540 435491 299287 391195 289890 1149803 655540 318995 685465 606570 837603 378028 775785 691112 552876 875151 796500 774249 159125 206276 955806 1111488 355444 637339 624877 467554 742498 1175790 344721 584778 531934 196274 803306
490116 528579 426511 377683 118128 341215 335714 285980 628888 159011 446979 240803 545972 361768 288102 346770 88115 285962 553865 513027 546042 584202 324341 393184 163044 486256 265197 580728 579224 999999999 439955 331402 266268 120980 244532 66412 468183 452645 558224 348017 261580 193958 402930 390861 401645 218322 79677 143328 442888 552162 202317 568827 144408 61659 383426 358967 480237 73556 323295 183263 354385 360589 205539 527914 307345 44972 99646 721177 424761 289938 280774 319932 587834 114379 274201 297911 243004 656476 205239 469898 196132 279255 404416 406029 535354 420144 460154 517661 548596 224091 101938 476620 318659 324887 597042 402249 470571 56519 383084 258468
685040 918944 866260 128100 526539 361020 357824 588848 505541 512852 822292 539142 413190 552370 333612 227788 370009 725084 245688 891974 929753 328471 626414 729040 597454 550415 189351 874205 954217 439955 999999999 288280 654803 492909 651799 472286 227248 741456 432384 350844 694919 588195 701452 52190 476488 274383 361777 583113 606502 377511 527443 885403 295584 497227 783221 746537 895552 506314 671710 431492 403053 353234 274968 746345 299397 407457 538207 457375 863139 704814 568665 743401 242691 461811 693979 289942 355786 528897 591635 813457 524340 697477 106976 234748 897342 805393 778326 163381 510921 629785 344273 504353 754444 646295 421029 841108 888566 459502 772018 458636
397631 859497 716359 160874 448893 492707 69588 592736 730423 475156 778105 295459 633836 269966 62539 61493 244212 588432 250553 647023 685875 258602 633537 473223 439246 689661 161121 596275 910614 331402 288280 999999999 597208 440346 450620 393142 160261 763320 651955 489730 579508 387857 714995 272622 600853 123676 288017 453330 318578 612703 510690 613354 239246 390578 560508 517808 679740 364847 427948 443943 528503 68376 139600 459717 26227 328652 401017 390977 692195 618920 580507 644419 295405 277693 601832 412821 427107 757192 534797 554840 300338 501328 344087 441899 642744 751545 780562 444182 263435 555430 291724 657531 581494 393028 267328 699857 676220 380400 714483 196638
693884 268113 294296 623119 148326 399738 600737 135184 646083 141975 180920 449579 592415 589119 554059 608150 353015 189105 809223 564754 584534 846708 141561 523695 240943 430110 509290 710763 314111 266268 654803 597208 999999999 165441 337611 204675 727256 229369 596777 412629 133041 338059 185028 602641 379901 480367 318199 186948 666482 619814 137208 681118 382988 210516 433259 437220 472026 254697 462461 233621 382989 626091 466210 714602 573460 272248 226332 985492 336579 74790 154261 120252 838560 352840 82048 412065 330023 669511 64671 574166 404075 330214 587114 532016 605501 155972 213954 681854 808229 49977 325196 450085 285714 488205 863298 260169 457732 217826 119848 504633
602800 433522 398275 457704 47899 290987 452296 165213 570361 38064 343501 351043 498623 479405 403039 446191 198492 259848 644510 570017 598442 684595 203362 478560 200404 395349 343964 670120 477530 120980 492909 440346 165441 999999999 304648 55467 563726 331933 507520 301442 215504 273444 282276 440962 319062 319933 154899 148443 560246 515294 82407 651386 217954 91693 434421 421049 510410 150581 409535 106597 290218 476216 305094 635940 417948 111697 145012 824673 416476 212297 161439 252825 673244 230704 202941 276792 200273 596744 100805 547121 304462 322913 432739 397069 600551 320898 341974 535174 668108 136938 159977 395832 327018 420886 707660 368024 498314 64542 285207 378941
374161 518235 284814 560138 262183 580140 415170 436988 866757 331786 475459 174761 787435 304246 389199 493483 285677 197267 700774 269744 301772 702936 462622 186224 106189 699770 463161 375553 582907 244532 651799 450620 337611 304648 999999999 266108 610245 566869 798739 588198 228097 64565 521297 608036 623180 385324 317554 164112 367440 795845 373232 350722 368978 220628 139025 117091 243985 172445 126509 404827 587626 441449 380565 384204 424777 289387 161631 821050 246448 301066 444069 295301 744007 190342 280756 542162 482350 893909 313354 244547 152123 50894 636272 649919 296567 441025 548469 752275 567753 290035 342358 699924 141673 159671 676093 278831 236768 269442 408675 272543
548562 470727 399745 424382 57770 315724 400974 220616 601094 93449 385503 297072 523975 424096 352603 403696 149101 258071 606847 535082 565473 642181 258428 432579 167389 439755 310267 623300 518761 66412 472286 393142 204675 55467 266108 999999999 523482 386346 534444 324608 222975 227619 336617 421242 359294 275722 116441 125822 504999 535974 137778 606977 183885 45482 400998 383193 486165 100918 362900 139233 321553 425476 261687 582991 369842 69007 104690 780818 408578 237625 216756 272738 638182 175372 224317 287444 219265 628112 141660 504340 250775 291041 422892 403959 562525 360204 393957 531103 614897 166555 128878 435740 310257 371136 659919 372129 475020 13504 323498 323582
521935 994207 871344 131266 581095 539665 212131 700826 727848 594706 907069 455008 633249 411486 222683 122303 380489 739713 90538 803583 842470 124914 741490 628140 592682 739166 226828 735793 1040979 468183 227248 160261 727256 563726 610245 523482 999999999 868281 652376 532862 725788 547008 822304 242819 655745 249999 409192 600679 442360 601189 623920 758138 346908 529584 720498 677516 839852 512642 586309 542630 580244 192682 262714 585722 185670 455098 548847 267513 850084 758008 685122 787517 135525 432467 742372 459187 499147 752250 663001 707848 460517 660816 321841 444753 796500 883201 893371 388576 293231 689775 404846 698816 738996 549682 195842 853187 836435 510088 846731 354568
916658 269740 473990 747369 343841 403228 781953 170654 557202 294208 184442 667655 536823 803559 731730 759258 528103 406620 939744 787070 803696 992725 130047 753021 468091 319620 641457 939946 263849 452645 741456 763320 229369 331933 566869 386346 868281 999999999 533649 416572 354285 563766 49749 691368 320319 639941 475960 411691 883108 578058 253966 909497 526892 410934 658861 665505 684057 465146 691182 325650 367623 804954 624203 940800 742836 439805 443304 1135134 532140 281029 183656 311414 959707 557633 297942 455963 385754 574056 263226 802705 621026 558754 650475 555540 830007 203046 59010 716771 999597 277150 471856 361509 505566 715292 1029249 441270 669266 396424 206561 708794
998212 791151 886508 527975 555321 218760 710990 467831 78560 494865 692609 776554 19200 856569 666754 606500 555094 758564 677743 1068469 1099641 760676 482918 948943 701716 220749 492291 1131409 796243 558224 432384 651955 596777 507520 798739 534444 652376 533649 999999999 210590 706571 752104 519080 409567 222243 562516 499362 654853 930515 65394 470822 1124190 479884 579453 935260 915237 1017704 627000 879615 400976 218677 719176 550726 1049490 648571 513723 638753 888322 916829 670487 445769 716498 669464 653612 672297 267656 316410 105868 559134 1027608 739538 825458 330665 211357 1093137 694425 590050 301779 910499 605872 474717 173026 834042 875246 848214 853206 1005756 529738 675475 742792
802574 641626 691719 401597 349301 13693 539433 298886 281201 293830 540562 571813 199432 662194 490868 456430 351605 558226 582670 857939 889291 654034 326021 739929 491997 206308 330371 924330 660932 348017 350844 489730 412629 301442 588198 324608 532862 416572 210590 999999999 508957 541738 385768 307859 125888 382603 292800 446782 739289 213947 277820 915449 283786 369348 724995 704650 809631 416412 670343 195409 52818 552577 368612 850648 480432 303769 428567 793165 716214 482721 275696 528444 589584 446598 481196 76956 105849 308946 365476 817795 532889 615597 247885 139157 882598 534349 463684 300340 753157 412445 268993 168484 628333 667735 722178 659468 798025 319458 508799 547792
600043 298561 183391 639257 172423 497253 567563 263101 761972 215312 247454 372570 700027 513144 527068 603534 346622 56406 813163 433559 452154 837329 274269 409039 155360 556092 526449 590135 360354 261580 694919 579508 133041 215504 228097 222975 725788 354285 706571 508957 999999999 248182 313844 644083 497747 476372 334842 126208 584757 721998 235870 557083 402703 200504 304651 313754 339099 214661 354324 315238 488343 594261 464858 612292 553852 287976 178519 969853 211232 75115 279009 70758 848573 307364 56472 491640 413027 786678 148253 450913 332090 208830 644323 612288 475792 213150 327235 749628 757024 103130 350726 571249 153022 386885 836271 152542 324876 235519 180618 448080
356501 546026 337188 495582 236737 534600 355417 420656 822234 305150 492658 126761 739927 265651 326983 429505 224521 230600 637544 320993 355452 641973 450556 205264 97693 667101 399269 396681 608496 193958 588195 387857 338059 273444 64565 227619 547008 563766 752104 541738 248182 999999999 516146 545042 586799 320803 261609 152084 336631 745610 349129 379363 308845 183307 197462 167138 307371 127468 136099 366377 545550 382006 316209 377066 361868 238726 129312 762704 305488 315148 424497 318636 680343 126395 294524 491026 436340 849713 302383 277470 93979 114097 575537 594987 341482 459151 551969 691936 519595 288354 286815 663105 196453 152150 619552 326790 300678 228207 424504 216518
868066 272906 445622 702775 294284 372186 732762 122392 549261 244615 177670 618611 520545 754134 682660 712083 478806 367754 895038 747402 765415 946497 81504 707520 421142 312998 595597 895497 279094 402930 701452 714995 185028 282276 521297 336617 822304 49749 519080 385768 313844 516146 999999999 650793 299995 591790 427313 364204 833801 559219 204892 866145 479426 361323 617434 622241 648193 415816 644809 280085 339199 755905 576114 893006 694259 390544 394525 1088749 500416 242681 137232 277066 916123 507966 258134 419260 345899 568005 214625 759188 571921 515241 613175 523653 789286 188141 78232 684506 950101 231268 423865 349937 466414 667963 981292 412101 633527 346743 182917 659063
663928 866776 816611 122451 475073 317202 340905 537380 485305 460683 770209 503374 390449 527774 310442 215580 324029 675187 277445 853260 890650 354896 575202 693707 549930 510836 150247 845249 902245 390861 52190 272622 602641 440962 608036 421242 242819 691368 409567 307859 644083 545042 650793 999999999 433734 238368 312069 533677 586745 359430 475343 853944 246879 447248 741285 705786 852017 458531 634262 379586 359237 340161 236660 723902 279496 357152 489699 489596 815001 652984 517391 691824 281735 418981 642328 243015 305630 510021 539527 778259 485449 652720 79394 203102 860713 753220 727411 172156 512365 577872 293770 466564 706989 611101 438650 791030 844604 408571 719829 428479
882642 570289 673132 524687 364271 116962 644721 247615 266188 296982 471042 639891 221730 745815 594433 572964 429573 552104 707961 888963 916852 777984 260742 791305 519466 89881 445515 981082 578900 401645 476488 600853 379901 319062 623180 359294 655745 320319 222243 125888 497747 586799 299995 433734 999999999 486377 366646 466293 825470 259224 264209 966132 377098 404240 753208 739911 823270 459520 721424 220532 75548 660413 471273 925592 588808 362202 462022 917860 708953 454499 226377 500153 715444 511919 458388 196560 178152 289782 349624 863594 596846 641592 372550 255605 919478 472216 373997 412646 862996 394962 346741 76774 635385 726234 842468 639278 810355 358814 453406 632797
442312 745834 628001 175005 332836 383704 158345 469449 640797 353661 661073 265250 545498 301357 108467 128481 130492 492886 336793 617694 655580 366563 510297 455516 349414 576020 88697 609360 794472 218322 274383 123676 480367 319933 385324 275722 249999 639941 562516 382603 476372 320803 591790 238368 486377 999999999 165809 352063 370353 531660 387913 616215 116093 279615 511888 473726 626844 264928 397333 320448 416521 175057 15999 498507 105530 208787 300818 505246 613075 508254 456938 537535 373256 196161 492436 307112 309645 668359 416833 540052 250458 433591 290130 360153 623187 635893 658252 403917 378033 441072 168146 547518 501900 372844 389600 607799 620903 262541 599113 193803
516252 585761 504574 307955 174047 288302 307799 305312 573052 187886 497898 279126 485675 379275 256857 291301 63198 363307 491234 582597 616911 529702 345972 450481 242270 455181 193872 632157 631787 79677 361777 288017 318199 154899 317554 116441 409192 475960 499362 292800 334842 261609 427313 312069 366646 165809 999999999 221629 459273 487119 222718 625228 67992 135521 456406 428700 557084 151458 381797 166393 308953 329789 150633 560923 266949 47603 179321 669848 504337 354042 294298 388356 521885 154258 340425 233055 193527 600950 253831 530809 240343 355570 324941 333378 601430 474171 492634 438734 528268 282616 25314 437779 398293 375885 555047 479364 547874 102952 437873 266960
507004 417126 283200 518513 102028 437052 442174 273314 718648 170400 351218 263823 645358 404356 401010 478376 223713 142888 688652 423040 450562 711292 300604 347643 58447 539309 407367 538663 475178 143328 583113 453330 186948 148443 164112 125822 600679 411691 654853 446782 126208 152084 364204 533677 466293 352063 221629 999999999 480527 659668 210023 514831 287684 87937 287103 277218 362947 88516 282198 254174 438383 468772 341216 529148 427652 178046 52315 843653 284790 175909 279965 193098 725117 182491 156268 413093 342685 745112 151397 408583 219331 175473 543126 529730 455675 319400 400813 653819 636517 136998 241292 542948 184436 303761 710636 259158 351245 134866 283049 328128
79946 881920 644747 479450 539923 737706 249029 724216 1008287 597798 828625 216903 914011 81141 276792 379855 396117 562875 517084 422758 458937 474980 759999 257329 432486 914361 451481 299524 944937 442888 606502 318578 666482 560246 367440 504999 442360 883108 930515 739289 584757 336631 833801 586745 825470 370353 459273 480527 999999999 901841 642650 330397 455505 473537 398925 355022 507860 417985 261439 619822 764103 257709 380772 143513 307700 472167 441247 548484 593499 651064 721685 655051 566930 329654 630498 667891 649378 1036070 620661 312920 262738 408135 652010 730498 398050 795407 879075 758855 243471 616601 478744 894904 503710 216707 399357 643521 511207 498000 760328 192725
972062 828730 904173 480339 563114 225013 674512 496165 128566 507314 728842 759433 50096 830317 632574 563937 538776 771912 621459 1065092 1097610 705810 515622 937382 702959 274756 455903 1115824 838080 552162 377511 612703 619814 515294 795845 535974 601189 578058 65394 213947 721998 745610 559219 359430 259224 531660 487119 659668 901841 999999999 488440 1111541 459260 579906 933962 911100 1022033 623400 868903 409353 236835 680702 521095 1025516 611518 507202 638635 830677 930015 691979 473376 737980 610816 640194 691911 254658 317017 151392 576828 1017913 724982 825965 280041 172014 1087018 727954 632811 239175 867238 623878 461923 224102 841994 861206 796784 871539 1010685 529752 706471 717795
684641 391972 416191 509881 112480 265339 527989 84206 526526 45250 294878 432817 464632 561811 477791 510417 274232 288884 700582 631527 657402 747020 124008 552825 267071 331042 398845 744619 427428 202317 527443 510690 137208 82407 373232 137778 623920 253966 470822 277820 235870 349129 204892 475343 264209 387913 222718 210023 642650 488440 999999999 723292 277790 171992 495579 487240 559699 230673 484812 98053 253041 551028 372398 716694 489614 185917 219860 888588 446714 204996 79039 250635 725513 313104 203593 274973 192897 551559 88514 617665 386100 384371 453690 394808 665449 278680 270601 545475 746049 135513 220861 339503 371350 499051 777495 383270 546600 145879 246794 460746
262975 808096 514759 766636 611376 909373 549010 787460 1196647 680903 792094 356074 1110808 346682 556952 673142 573174 509604 839201 164189 182123 803730 811869 175652 456732 1046184 704912 51842 875143 568827 885403 613354 681118 651386 350722 606977 758138 909497 1124190 915449 557083 379363 866145 853944 966132 616215 625228 514831 330397 1111541 723292 999999999 655309 562458 255849 243995 294588 506633 245546 745648 923073 565793 620008 210303 594732 612158 506375 877634 446068 632051 794791 612635 888736 471408 613432 858230 811436 1224390 663159 107036 386788 350907 904326 950785 114802 757586 884265 1019600 568572 636154 650187 1042360 414126 250688 729375 531203 306208 607386 730988 426794
519742 651040 570884 240840 241154 282439 271384 357102 556390 247858 561339 300710 464514 378780 220141 232816 84955 430065 426581 627264 662954 469365 398000 483580 303436 466973 126682 657242 695398 144408 295584 239246 382988 217954 368978 183885 346908 526892 479884 283786 402703 308845 479426 246879 377098 116093 67992 287684 455505 459260 277790 655309 999999999 202857 506182 474898 611829 211932 417346 204782 310872 290076 100102 569753 221592 115468 242831 610801 568126 421450 343330 456243 455687 188430 408142 213490 198960 584339 318347 566424 269063 410676 267346 295481 641935 538758 548187 383326 492590 349260 58087 442430 460422 404667 502747 546283 603446 170458 502836 264401
512988 468931 369469 438900 67228 360694 390468 251146 646451 126768 389969 261223 568775 393319 344532 407960 149150 227940 615480 489694 520266 644899 286462 388541 123061 483808 325946 579703 521064 61659 497227 390578 210516 91693 220628 45482 529584 410934 579453 369348 200504 183307 361323 447248 404240 279615 135521 87937 473537 579906 171992 562458 202857 999999999 355829 337712 442940 58921 319101 184548 367018 416033 267054 544770 366008 90450 59339 781108 372708 228968 250457 258286 649477 146874 212833 329589 263737 673504 153234 459371 214397 246308 455217 444206 517050 361972 412679 565961 598457 165691 153916 480788 270739 329286 654759 343881 432118 50160 324799 298820
376700 554973 270282 684638 389015 716501 514385 549689 1001957 457399 536247 265865 924413 358677 497970 609632 421981 254787 810210 135998 164492 801570 569561 148313 234586 826091 593882 294513 622001 383426 783221 560508 433259 434421 139025 400998 720498 658861 935260 724995 304651 197462 617434 741285 753208 511888 456406 287103 398925 933962 495579 255849 506182 355829 999999999 45504 119748 310862 143963 537974 721969 538910 509073 363118 535816 428203 296510 908493 206948 378918 560197 357241 855877 322417 361100 680739 619220 1028859 424486 153790 263744 111639 772999 788943 172482 501753 630676 889377 629269 391591 481284 829919 158293 188827 759250 281331 118225 405550 475522 367911
336287 579199 303642 645166 377555 696787 470328 546753 983659 446939 553287 222515 903699 313280 455289 568033 390095 268558 766971 154125 188345 757017 569466 110299 221058 815629 557269 276617 645950 358967 746537 517808 437220 421049 117091 383193 677516 665505 915237 704650 313754 167138 622241 705786 739911 473726 428700 277218 355022 911100 487240 243995 474898 337712 45504 999999999 164333 288304 98462 521892 704687 494609 471728 327087 493398 403939 278709 863175 244068 388852 555530 372071 812993 288342 369924 656849 598832 1010855 421712 137291 223856 107066 740442 762064 179586 518565 640956 857121 583977 392774 453871 816676 178405 143420 713844 310970 163525 386380 490165 324033
