NAME : synthetic_000982
TYPE : CTSP-D
DIMENSION : 100
GROUPS : 8
RELAXATION_LEVEL : 1
EDGE_WEIGHT_TYPE : EXPLICIT
EDGE_WEIGHT_FORMAT : FULL_MATRIX
EDGE_WEIGHT_SECTION
999999999 468651 313803 395174 440682 423568 246511 565488 657101 477808 548578 235507 460096 583764 284530 415046 211179 302143 516113 431230 489312 489598 311693 244992 624380 550640 267666 451974 647023 527590 369613 169100 225809 556562 46085 396902 516319 196510 344068 242886 512275 697685 553721 188475 343923 386825 494320 355565 321720 339539 281567 153469 434668 157556 689244 557914 416148 295571 472845 81220 495072 317502 480190 205914 440541 351957 334018 319043 246158 505591 185646 385926 232162 259316 189203 484308 381128 150659 428752 595781 512410 406679 526248 125861 688227 472510 606200 547609 90521 417459 577619 436637 377093 432504 52765 464446 257706 558848 332800 519419
468651 999999999 309616 832338 521439 745933 373219 400463 340529 579914 549408 664274 346498 843348 440476 828170 389485 389992 95531 659559 67199 932397 779736 606495 450483 790784 685956 471072 203307 685708 821995 469921 372327 463615 439950 86201 534581 453155 619914 547660 69520 327565 674503 327274 445924 139645 828833 429387 703394 551579 533828 570935 844014 604905 595946 675579 855012 178348 615268 514904 910387 172673 441988 301919 597043 391665 245262 756450 452213 38050 422692 305682 444441 421897 342727 556684 807039 491605 821012 359319 509520 807387 497388 357394 328013 931605 190112 105810 391857 565279 756436 876606 196507 529405 516276 529429 696106 732359 285202 501648
313803 309616 999999999 706435 625296 444566 409992 623678 354769 282958 290945 549308 532536 533733 482427 728849 121299 81033 399013 690020 367051 797504 576747 544153 683571 481328 428747 192943 410071 382379 674921 211500 100567 657038 317298 225591 675901 181500 616645 262358 377729 408841 378860 129682 137264 171040 526786 520493 630521 580664 234750 335127 748450 470735 801748 380829 597970 180503 694008 391727 808676 155424 602343 122737 665538 88962 64691 631334 465123 332385 404412 72173 450941 123769 336651 669924 543144 242700 741297 283461 248508 719899 250268 196798 396523 769037 355386 331581 226052 635303 452076 746451 120040 229420 337314 643545 570682 428108 406943 248259
395174 832338 706435 999999999 532536 617244 488830 766725 1052186 808827 904386 168325 679908 785825 455402 71756 594132 681426 855118 380858 834837 100452 231161 245085 809799 778482 418345 817705 1025794 818488 61392 522135 612022 715046 405421 773599 612587 556694 319278 546486 860157 1090688 859330 583579 708274 774506 645568 521684 166332 394235 600381 413873 86374 238113 797819 864268 412310 675320 484932 325801 114178 703296 639415 600843 461718 731315 729158 76990 419933 870388 420313 778512 419490 629893 492875 554174 433417 490844 122969 989681 874637 101263 893640 520299 1081849 135580 990857 924072 485639 465336 843897 44450 770711 776182 369934 553471 138905 832925 603918 884791
440682 521439 625296 532536 999999999 863902 218650 253645 849539 877170 913998 418369 204293 1023804 157606 486263 588415 664243 484487 183545 482489 620010 637356 309007 284510 988538 691932 813657 717258 948455 561784 593124 590459 186527 397894 518267 83927 609526 213778 678404 505624 847864 965268 516720 724127 561389 932336 105065 366347 140884 708309 590242 491496 429047 272415 968748 805125 469979 98521 394433 550341 507587 121827 510509 93096 703367 597116 482910 194599 551878 256558 679426 208530 646652 295006 45413 787739 584282 450663 838193 872161 453269 875519 466532 846954 666886 711512 626656 463261 72202 1005862 570699 598553 824948 480594 24523 450824 985127 242126 873111
423568 745933 444566 617244 863902 999999999 665241 970774 741953 296353 415430 543986 866188 172421 708097 676591 359451 364762 827077 830254 795227 665746 390787 619490 1031609 161766 202948 383510 850360 240910 559342 297132 374707 973246 467746 659742 939843 300971 738944 206635 810404 814427 291526 433587 325891 612457 82911 778187 653577 754011 212143 275121 696255 480033 1110025 296447 264974 582091 888804 475786 729931 575507 899510 456705 856338 384295 508012 571395 669309 772923 609107 481720 655537 324578 597569 907077 211916 291841 716118 643860 410585 689238 438631 440440 799116 594834 793146 776095 424481 836110 239402 637240 564558 303583 384511 887805 537478 235628 731601 426472
246511 373219 409992 488830 218650 665241 999999999 323215 668807 658677 696610 330277 219419 817967 75262 470467 370188 445751 374304 297110 358785 588518 511140 246587 380368 779478 512939 596033 576387 732009 494100 381552 371843 310073 200510 341564 281949 394811 247149 470119 384487 681371 747395 298123 505477 371246 738859 117782 340781 185095 495317 399890 483962 299357 444785 750795 650782 270273 284526 229351 550440 308035 234444 292655 257153 485661 387976 418668 79108 409737 75424 468123 72963 428423 76402 264013 622058 376924 455819 642551 655052 445541 659519 249013 677404 607163 555950 476452 249367 226154 791109 532902 398386 606336 295010 239252 365562 769844 115278 656605
565488 400463 623678 766725 253645 970774 323215 999999999 739059 904188 908001 629331 105505 1110997 320281 728561 636093 686855 325758 437177 339769 859927 829486 526367 61333 1066801 833154 814751 559985 995277 786709 675569 629614 84438 519586 439288 204655 679376 457061 767023 354594 714622 999233 555736 750563 498151 1048374 246759 601873 376055 780582 716925 736125 615259 195688 1001661 973997 443453 343157 552034 797728 473087 132485 538891 345756 712041 574117 707534 362222 417187 396103 655271 368939 690182 377556 258480 944589 678978 697503 757854 865579 697034 860663 532134 718366 897022 573520 490998 546324 325382 1061180 807739 551098 850065 616017 242091 664399 1038108 239196 861810
657101 340529 354769 1052186 849539 741953 668807 739059 999999999 472769 379072 889085 686186 769417 743108 1067201 475800 408675 416111 965870 399332 1146332 931451 863824 785953 713773 774806 363084 220507 578088 1025030 564636 455239 804123 649767 331824 871331 532614 909779 599756 386233 81469 543430 469105 423148 298141 816424 750350 957224 853896 558099 689011 1085872 814162 934739 541876 939498 401925 938255 728788 1148916 366008 780202 451354 916185 370309 323100 975769 742334 322011 694939 287464 730960 464484 613672 888058 882193 596527 1072992 102026 357986 1054059 331735 531978 64727 1122248 177351 250424 566588 884059 643126 1093719 284414 444832 687657 860420 914069 621740 607522 342622
477808 579914 282958 808827 877170 296353 658677 904188 472769 999999999 119130 685179 809688 296807 723571 852553 288997 218458 673581 905407 642295 880730 613375 721163 964613 241070 414962 116529 624157 110009 760597 309507 287033 932267 505532 501238 937477 281557 820711 262517 649414 551344 95946 361986 155238 441299 358206 775484 787548 805329 209344 395902 873204 605755 1076906 97877 543709 462771 931860 556234 921949 438210 872006 372402 900883 194073 341004 744739 696300 595601 631205 274673 681327 230903 582276 922575 485344 333775 879917 370901 118692 854550 146992 411491 534968 826209 564515 573326 420863 873482 180333 839946 383585 54142 469297 897910 693565 156724 679126 134915
548578 549408 290945 904386 913998 415430 696610 908001 379072 119130 999999999 770116 820879 399534 766691 943132 342048 254474 644935 963638 615441 981386 719836 793396 966601 345423 525254 100780 555857 205945 859461 387956 333066 946082 568929 480393 966619 355403 883440 361144 617939 460097 165671 400797 204676 418613 475461 809679 867503 858208 306735 491004 963706 689373 1090487 163664 660851 466266 978166 629466 1015924 434976 893091 403982 948534 211052 334007 836745 744783 557880 681146 253177 730066 289417 621345 958956 602203 416791 966568 278129 42613 942098 53345 460691 443370 931579 496989 521817 478228 919315 266099 937934 361496 130436 549567 932937 782288 246083 697609 47760
235507 664274 549308 168325 418369 543986 330277 629331 889085 685179 770116 999999999 534931 716371 309612 179545 443279 533291 689453 311343 668294 268130 224155 109485 678114 698019 342590 677748 857503 712501 163955 382187 459474 588624 239648 605365 502148 415277 225298 425887 693462 924971 747731 422935 567942 607453 591461 382943 109650 278505 476656 294312 199191 80951 690755 752423 406161 507444 398068 160306 260122 536087 509638 438389 368668 583470 566916 92216 269455 702319 258044 621422 265820 485575 326485 449686 403735 353729 196578 830859 736897 172811 753313 357706 916572 277020 822974 755759 324532 361639 748963 212417 606006 646347 221241 441878 35486 734428 445302 745483
460096 346498 532536 679908 204293 866188 219419 105505 686186 809688 820879 534931 999999999 1008332 225856 647396 535906 591399 291432 380233 295817 775823 728814 436031 165567 965007 727753 725160 529206 897685 695355 571789 530631 125678 414241 367682 192175 576804 382092 663169 316175 672357 903938 455849 655012 422348 943406 159757 518001 299983 678357 611421 656825 515254 269615 906576 869796 354657 302524 448752 720602 387389 97988 440424 295513 619719 487503 616861 265571 370957 293518 570305 270518 591134 272053 227028 839624 574347 620784 692670 778279 617423 775446 428751 673809 807102 532065 446937 441723 268762 962495 722188 471218 755572 510801 202795 570319 939700 135440 775676
583764 843348 533733 785825 1023804 172421 817967 1110997 769417 296807 399534 716371 1008332 999999999 866632 846873 478578 453720 931765 999660 899689 828528 556578 790187 1172295 55848 375108 410550 914462 193637 726840 438020 488863 1121116 625910 758939 1097093 431635 908528 347944 911306 848151 237304 558327 398239 704378 149228 933629 825977 919723 330585 441646 866295 651534 1261151 240555 406460 695947 1054304 642167 897420 681693 1050267 578289 1021840 455093 598169 742613 829658 865130 767398 550447 815426 430365 746565 1067813 363414 441159 887384 667455 412530 860499 439961 579733 831771 753226 855101 854366 570412 1000280 141647 803485 650152 331748 549240 1047278 709788 156229 872892 428404
284530 440476 482427 455402 157606 708097 75262 320281 743108 723571 766691 309612 225856 866632 999999999 427476 434602 514008 431752 222938 419641 552672 511715 210645 371331 830992 542016 665936 643686 792053 469500 435645 438182 287704 240893 414352 231870 452692 181499 520831 445113 753836 810173 366338 572149 445969 778102 77246 296829 111826 550935 435965 438758 297475 409583 813769 666571 345472 211736 246109 504243 383265 207955 363093 183182 555659 462565 391085 43403 475995 99255 542076 54195 492673 145852 202407 643833 426716 406301 717803 725520 399500 730996 312083 750314 581352 626124 545098 306523 152935 848718 498280 473648 672093 326925 180723 344887 828160 163583 727671
415046 828170 728849 71756 486263 676591 470467 728561 1067201 852553 943132 179545 647396 846873 427476 999999999 621790 711230 842997 323575 824888 134284 296955 224245 768118 836826 475142 853068 1025897 869251 131593 556550 638401 671588 417471 775306 563461 590439 273037 590316 850494 1100916 908169 602305 743171 781901 709206 487705 130733 352622 643227 456786 20650 258992 745488 913027 481431 679953 429876 338926 82626 710427 598520 617305 409210 761410 745726 108353 396385 866096 407739 800966 398441 662135 485558 503715 499675 526602 51574 1010280 911401 34371 928911 536727 1093020 197044 994483 923911 503938 416503 898384 91409 783411 816912 398093 505751 161252 886256 583733 920659
211179 389485 121299 594132 588415 359451 370188 636093 475800 288997 342048 443279 535906 478578 434602 621790 999999999 90994 467894 622521 436154 682449 455662 453659 697390 431908 311600 243079 520232 364419 559246 91106 20952 654295 227211 303571 650479 65252 541431 158192 452107 529817 377317 80391 139446 263101 442168 487477 532899 519087 150359 213884 641868 362874 797755 380663 482085 222729 643546 292262 699725 217292 589414 99799 612862 140802 169248 520586 408144 418982 343317 189725 393207 58241 293858 633828 429055 121569 638660 400750 303925 615832 316063 122581 517682 650334 468467 433430 136233 585000 427211 632783 225771 237666 224504 609410 461386 404802 401470 309822
302143 389992 81033 681426 664243 364762 445751 686855 408675 218458 254474 533291 591399 453720 514008 711230 90994 999999999 478127 709268 446070 767627 530262 544397 747556 401944 366142 154174 486792 309930 644194 163248 79004 713810 317303 305236 721468 128867 629890 192365 457636 470646 312602 147768 63712 251945 446633 561076 623855 603791 157663 286326 731420 452627 858451 315190 532044 249164 724931 383251 788414 229861 654012 154958 694939 50188 145674 608848 490745 413342 426825 124081 475965 56347 369692 709511 475561 195901 729075 324703 214955 706012 225637 206227 457027 731262 430632 411546 225249 666124 378111 719132 200689 164459 313215 684151 550394 354417 460704 219877
516113 95531 399013 855118 484487 827077 374304 325758 416111 673581 644935 689453 291432 931765 431752 842997 467894 478127 999999999 640083 32096 955558 827051 618793 370121 880015 751727 565893 238233 778388 851445 542306 452405 397183 481485 173559 483600 529335 613152 624839 30190 388886 768562 398748 536169 232289 909905 404176 714375 538288 615848 633685 857258 638364 520718 769750 917978 246776 581936 550536 923849 252021 389417 373978 568024 483462 335659 781218 452145 96225 435823 400081 447258 505580 363010 514455 872966 560786 830066 447207 604994 819214 592911 417290 392668 963308 247762 166069 448908 537447 848908 899561 290063 622442 566737 488375 723081 824839 268346 597176
431230 659559 690020 380858 183545 830254 297110 437177 965870 905407 963638 311343 380233 999660 222938 323575 622521 709268 640083 999999999 632265 457248 534036 213298 465528 972885 637714 863425 861856 958786 422020 599711 630575 367152 399932 637198 248464 624523 91365 671962 657075 976437 984440 565554 761869 668335 887747 236167 224555 112249 712762 558503 324668 354329 423536 988547 717473 566656 107227 360408 377671 604150 305238 567581 92681 754975 677844 348539 227198 693882 285610 754219 240474 678175 358817 187608 712707 581629 281066 937965 924122 289272 932870 503097 973109 516125 847205 764997 486586 112567 1007414 413370 693592 857299 454191 196852 335840 989274 375542 928202
489312 67199 367051 834837 482489 795227 358785 339769 399332 642295 615441 668294 295817 899689 419641 824888 436154 446070 32096 632265 999999999 935281 800738 601002 387336 847975 721789 535234 235058 746796 829411 511255 420529 407302 455869 141735 487160 497841 601082 593292 25710 377785 737415 367641 504241 201035 878072 397498 697162 528111 583902 604156 839616 615013 535427 738655 888609 215588 578885 526468 906222 220019 393292 342763 563363 451759 303834 760313 437423 77445 417163 369234 431641 473531 341991 514588 843069 530179 813594 424560 575208 801926 563682 387891 380290 940811 236825 152359 420080 532268 817260 879284 258966 590970 539422 487966 701512 793195 257574 567690
489598 932397 797504 100452 620010 665746 588518 859927 1146332 880730 981386 268130 775823 828528 552672 134284 682449 767627 955558 457248 935281 999999999 275825 343430 900858 827370 475790 898466 1125056 880697 123445 605902 701088 804806 502796 872733 697666 640680 406399 620604 960594 1186874 924140 677229 790086 872140 682981 616713 258238 484789 675011 491100 133094 334288 879689 929161 433948 773910 563865 423432 99936 801144 730852 695488 543481 817015 823277 176026 518403 970444 520589 869273 518547 714515 593310 637985 466657 573816 177650 1080954 953784 168247 974136 615351 1177666 88358 1089316 1023453 580061 550607 899741 56002 866434 851747 460202 639768 237185 890865 703431 964760
311693 779736 576747 231161 637356 390787 511140 829486 931451 613375 719836 224155 728814 556578 511715 296955 455662 530262 827051 534036 800738 275825 999999999 331769 882645 552552 201403 644519 951728 606203 170856 368174 476219 798541 346012 705398 721255 401731 449389 360394 823881 983379 650756 475035 540418 688143 414649 588535 316483 499744 414197 243982 315022 214387 909250 655808 188953 604344 622160 285428 341033 622249 718720 498024 592523 576726 616453 203484 468639 816332 435912 644907 460823 474278 479981 671128 202734 335741 342792 854045 696047 316567 718662 426435 971908 212972 906889 854512 390371 584207 623920 246945 667803 589400 263609 661388 198323 615216 618926 708395
244992 606495 544153 245085 309007 619490 246587 526367 863824 721163 793396 109485 436031 790187 210645 224245 453659 544397 618793 213298 601002 343430 331769 999999999 572969 766030 424740 696125 806318 763061 260342 411664 466226 481665 228065 558245 392725 440925 122733 473435 626646 890834 793143 414471 588722 570937 675015 279719 96923 169027 518947 351764 238614 141113 581342 797545 508991 466969 291464 164992 305221 500078 403370 424303 261167 593456 549207 181243 174991 644241 184229 614447 175385 503996 264078 340290 500826 388600 214750 816663 756764 201141 769707 347390 884161 371237 777893 704488 320813 252586 806864 288416 579778 677032 254423 332436 141988 790107 360715 763288
624380 450483 683571 809799 284510 1031609 380368 61333 785953 964613 966601 678114 165567 1172295 371331 768118 697390 747556 370121 465528 387336 900858 882645 572969 999999999 1128134 891974 874090 598808 1056241 832813 736676 690821 98383 578375 494592 220878 740666 495178 828118 399798 757208 1059788 617026 811251 554345 1108963 295550 643879 416135 841899 776375 774456 668259 154747 1062173 1030656 503155 365235 608055 834375 532018 170398 600073 372886 772109 633020 753438 414116 464185 451916 713590 421899 751384 437239 279983 1002393 739778 734430 809452 924266 735774 918764 593308 761912 941815 616805 536190 607129 356575 1122291 849817 608258 910510 674449 268752 712824 1099186 300181 920173
550640 790784 481328 778482 988538 161766 779478 1066801 713773 241070 345423 698019 965007 55848 830992 836826 431908 401944 880015 972885 847975 827370 552552 766030 1128134 999999999 361791 354710 859014 139604 720911 398027 440991 1079656 591258 706843 1060094 388586 882219 310193 859057 792399 185622 512137 345033 651516 166835 896072 807575 889057 286800 414695 856660 629627 1220814 189254 416825 646498 1023120 613255 891431 630947 1010172 531184 990728 401219 545523 730768 795259 811887 732011 495897 780794 381601 706753 1032982 368489 404282 875228 611841 357245 848388 384823 537461 776034 755520 799610 799821 530569 968089 96776 798958 596759 276090 519582 1011690 694085 106398 829675 373185
267666 685956 428747 418345 691932 202948 512939 833154 774806 414962 525254 342590 727753 375108 542016 475142 311600 366142 751727 637714 721789 475790 201403 424740 891974 361791 999999999 457781 831337 405026 362623 221454 332247 822226 313611 603005 772038 247688 546512 177128 741607 835547 449354 359263 361207 570831 250424 616850 451873 570991 226504 120036 495066 283685 951252 454406 170786 508458 704853 297521 532104 515234 744627 384610 672674 406651 480848 369013 500231 719076 446710 488896 487891 310627 456364 732848 121294 195407 513586 688358 504956 486725 529306 335048 822369 413861 780055 741961 306205 655568 425865 441901 537206 395456 217937 716361 334714 415760 599238 518375
451974 471072 192943 817705 813657 383510 596033 814751 363084 116529 100780 677748 725160 410550 665936 853068 243079 154174 565893 863425 535234 898466 644519 696125 874090 354710 457781 999999999 507629 226520 775549 296541 233059 849873 470289 396106 867234 262695 783900 284482 540502 439675 205691 300025 109906 334820 454842 709504 772591 757620 231817 407648 873530 596804 994537 206189 606889 371466 877390 533142 927737 342285 795071 303378 847754 110374 241621 747977 644050 484236 580504 166182 629347 192980 520655 858683 547975 327064 874308 262528 60875 850369 75949 360344 423587 853600 447988 458310 378882 818539 296563 852947 276758 81786 456527 832779 691837 273117 599772 67747
647023 203307 410071 1025794 717258 850360 576387 559985 220507 624157 555857 857503 529206 914462 643686 1025897 520232 486792 238233 861856 235058 1125056 951728 806318 598808 859014 831337 507629 999999999 734128 1010945 609888 499947 634412 624828 252384 721213 585137 823204 671837 213177 165522 709316 479053 526390 263992 931161 629556 903204 754589 644025 725277 1042375 793081 752449 708924 1002062 352487 813123 702877 1108415 330006 627101 454935 796582 467426 351705 949170 655298 167986 623539 369429 647246 533835 542299 749644 949271 637216 1021068 293560 524439 1006468 503242 525698 174657 1117945 59647 101986 562055 765142 803849 1069696 294548 583147 689885 723014 887891 780595 486528 511671
527590 685708 382379 818488 948455 240910 732009 995277 578088 110009 205945 712501 897685 193637 792053 869251 364419 309930 778388 958786 746796 880697 606203 763061 1056241 139604 405026 226520 734128 999999999 765447 360203 367462 1017872 561664 605179 1013585 339584 870855 289710 755061 657700 51237 442916 246902 546360 283391 849767 819389 864719 246026 418228 889741 636620 1161756 55962 504545 558897 995319 600802 932661 537405 953822 457266 963555 295239 443469 760965 760997 702863 695911 382002 746072 307343 656242 993751 449187 377211 901801 476070 220177 875533 247100 483091 641173 817667 674483 682680 485541 937924 70954 845135 489225 156488 508739 970291 715536 46992 764501 235785
369613 821995 674921 61392 561784 559342 494100 786709 1025030 760597 859461 163955 695355 726840 469500 131593 559246 644194 851445 422020 829411 123445 170856 260342 832813 720911 362623 775549 1010945 765447 999999999 482490 578014 740246 386337 758665 643798 517264 352001 499314 854342 1067271 807472 556077 666943 754819 585504 540041 199038 421309 553617 368626 147502 217876 831133 812452 350924 658673 522833 308134 170654 684331 662774 575037 497467 693571 702225 79394 430975 859938 421966 746540 428405 591083 488595 587105 372519 450445 181541 958290 831248 157636 851300 495451 1057694 113075 973209 909870 459718 497674 788474 79745 746672 730205 337836 583850 129052 778227 609206 842034
169100 469921 211500 522135 593124 297132 381552 675569 564636 309507 387956 382187 571789 438020 435645 556550 91106 163248 542306 599711 511255 605902 368174 411664 736676 398027 221454 296541 609888 360203 482490 999999999 112033 683129 201462 385275 662736 34783 513117 91463 529218 620340 384779 143626 186677 349952 377516 498501 480543 504523 115517 124513 577028 301416 823283 388930 392213 295679 635583 246728 631388 297517 612468 168665 603680 211647 259945 451565 402390 501501 337759 277326 387577 108717 308841 638050 340366 32665 578700 485890 354998 554403 372429 143668 607980 568034 558893 521018 132590 578577 413676 558543 315911 266238 161838 615789 395342 393740 436537 364108
225809 372327 100567 612022 590459 374707 371843 629614 455239 287033 333066 459474 530631 488863 438182 638401 20952 79004 452405 630575 420529 701088 476219 466226 690821 440991 332247 233059 499947 367462 578014 112033 999999999 650412 238669 286218 650578 85196 550898 176110 435846 508915 377554 75650 133969 244027 457572 488462 547223 525707 163759 234752 658379 379410 794372 380684 502625 208848 648294 306468 716834 200874 587123 90818 617970 127248 148649 538038 413418 401113 349069 169710 398558 60572 295457 635842 449338 142492 654245 381121 293890 631732 304495 127905 496818 670000 447901 413893 146348 589581 431885 651041 205411 234493 242111 611000 478419 409072 397054 298867
556562 463615 657038 715046 186527 973246 310073 84438 804123 932267 946082 588624 125678 1121116 287704 671588 654295 713810 397183 367152 407302 804806 798541 481665 98383 1079656 822226 849873 634412 1017872 740246 683129 650412 999999999 510581 491533 124361 691150 398557 773810 424701 784890 1025900 575006 777215 547275 1048135 210470 548799 320818 792962 709963 677442 584741 144785 1028672 953498 480026 267557 531218 736793 513025 79842 561121 274522 743650 612995 660874 331100 484373 376354 695898 340648 710616 375786 182176 928631 682494 636999 815409 903471 638952 900940 542214 787592 848039 643720 559655 551041 258428 1081506 754417 596750 878234 604402 170371 622810 1059035 253488 901057
46085 439950 317298 405421 397894 467746 200510 519586 649767 505532 568929 239648 414241 625910 240893 417471 227211 317303 481485 399932 455869 502796 346012 228065 578375 591258 313611 470289 624828 561664 386337 201462 238669 510581 999999999 372804 472262 224688 315761 281723 479547 685529 585189 187939 364884 369345 539484 310585 313334 303062 316447 199384 436283 168783 643774 589206 459879 272397 434622 79645 499164 298400 434410 200591 402574 365888 328574 328455 204015 477481 141653 388447 189620 280293 144100 441991 426231 187878 425669 594609 531129 405425 542928 120937 676989 493347 587001 524088 92758 378164 614235 448351 366368 457991 96978 421403 266517 594754 287924 536934
396902 86201 225591 773599 518267 659742 341564 439288 331824 501238 480393 605365 367682 758939 414352 775306 303571 305236 173559 637198 141735 872733 705398 558245 494592 706843 603005 396106 252384 605179 758665 385275 286218 491533 372804 999999999 544671 367551 587165 461762 152426 339813 596640 243745 362652 61784 742644 418526 654767 525992 447648 489634 792212 540789 631095 598005 772790 101345 606433 450552 857918 87860 456449 218395 584575 310058 162107 696902 418088 116250 378411 229981 408114 335817 296034 557632 723790 407982 772630 325545 439175 756987 429952 279612 335973 866133 219657 151284 315223 552445 675583 817432 119489 449553 441997 529945 635553 651523 276144 432886
516319 534581 675901 612587 83927 939843 281949 204655 871331 937477 966619 502148 192175 1097093 231870 563461 650479 721468 483600 248464 487160 697666 721255 392725 220878 1060094 772038 867234 721213 1013585 643798 662736 650578 124361 472262 544671 999999999 676743 293329 750059 508072 861885 1027704 575503 782966 593624 1009928 164321 446958 224110 777032 667742 567376 512431 188618 1030969 888210 510333 144880 474667 623946 546796 94188 566556 156436 757671 641551 565237 272170 561169 330739 724895 285196 708558 357350 60866 869840 656192 525315 869443 924311 529901 925575 530507 862594 747534 722406 637105 531049 147327 1073050 649674 636178 884418 558486 60323 534410 1051737 274507 924065
196510 453155 181500 556694 609526 300971 394811 679376 532614 281557 355403 415277 576804 431635 452692 590439 65252 128867 529335 624523 497841 640680 401731 440925 740666 388586 247688 262695 585137 339584 517264 34783 85196 691150 224688 367551 676743 999999999 539221 95600 514629 589867 360776 132658 152793 328281 383009 512464 512224 526722 101814 157761 610879 334378 832784 364722 417730 282835 656136 276009 665667 280548 622498 156207 624534 176948 233693 485822 421455 483334 356338 245151 406519 73954 320233 654722 364171 67220 611853 452412 321620 587762 338483 148949 577200 602592 532898 498682 146264 598519 396510 593246 290594 236114 194269 631691 429191 375607 441381 330369
344068 619914 616645 319278 213778 738944 247149 457061 909779 820711 883440 225298 382092 908528 181499 273037 541431 629890 613152 91365 601082 406399 449389 122733 495178 882219 546512 783900 823204 870855 352001 513117 550898 398557 315761 587165 293329 539221 999999999 582936 626580 926676 897785 489420 680159 611766 796451 223840 153808 82146 624991 467641 279408 263384 479463 901982 630144 507905 173807 270803 340712 544363 326005 493940 146197 676883 610202 274615 169130 656029 216477 683327 179279 595807 296248 235421 623363 493710 240481 874602 844758 240606 854905 424830 922042 454231 802981 723558 405215 146203 918237 356949 631311 773701 364349 234253 252782 900444 344833 849648
242886 547660 262358 546486 678404 206635 470119 767023 599756 262517 361144 425887 663169 347944 520831 590316 158192 192365 624839 671962 593292 620604 360394 473435 828118 310193 177128 284482 671837 289710 499314 91463 176110 773810 281723 461762 750059 95600 582936 999999999 609831 662985 322171 227956 184285 419893 288036 586203 531142 582425 54430 133530 610963 348248 913297 326798 339889 378423 715508 312204 659459 375310 702393 251762 683266 230159 320719 482347 485506 577072 421933 316385 470946 139252 398716 722931 283199 94126 618874 511667 335786 593202 358279 235097 649281 570923 617702 588887 222774 659616 335456 578327 378242 231171 219340 701511 432184 317520 527962 348007
512275 69520 377729 860157 505624 810404 384487 354594 386233 649414 617939 693462 316175 911306 445113 850494 452107 457636 30190 657075 25710 960594 823881 626646 399798 859057 741607 540502 213177 755061 854342 529218 435846 424701 479547 152426 508072 514629 626580 609831 999999999 360455 744023 385652 514478 208767 893305 421966 722835 553341 598611 624578 865258 639584 549850 745097 909115 233827 602406 550808 931863 234977 413996 360553 587366 460730 313711 785521 463106 66083 442759 375198 457348 487423 367284 536960 862900 549033 839293 417141 578344 827592 565668 408662 363823 965597 219231 136550 441442 556406 825749 904600 265936 598814 561996 510532 726580 801671 282780 570192
697685 327565 408841 1090688 847864 814427 681371 714622 81469 551344 460097 924971 672357 848151 753836 1100916 529817 470646 388886 976437 377785 1186874 983379 890834 757208 792399 835547 439675 165522 657700 1067271 620340 508915 784890 685529 339813 861885 589867 926676 662985 360455 999999999 623982 512689 491756 319951 890422 752720 986057 865590 624302 743649 1118945 852859 909247 622527 1002650 423942 940116 765156 1183260 391136 768854 492507 920218 436424 367636 1013804 757717 301460 715494 346864 747453 525192 633153 883957 946178 651380 1103159 182193 437914 1085606 412092 571828 16757 1167916 141224 225578 607604 888182 723402 1133169 320598 521095 732389 856602 951866 701781 608227 422766
553721 674503 378860 859330 965268 291526 747395 999233 543430 95946 165671 747731 903938 237304 810173 908169 377317 312602 768562 984440 737415 924140 650756 793143 1059788 185622 449354 205691 709316 51237 807472 384779 377554 1025900 585189 596640 1027704 360776 897785 322171 744023 623982 999999999 453105 248936 536381 334405 864785 853310 887489 274212 453780 928740 670419 1170376 5079 554358 558471 1016283 629367 973394 534148 964358 465048 984873 290007 436829 799816 781008 689161 715783 368857 766030 319162 671126 1010670 498492 404890 939183 441794 187006 913155 211930 498736 607317 862956 649762 663833 504728 958329 100453 887216 478501 149591 538893 986518 752517 81415 772502 201541
188475 327274 129682 583579 516720 433587 298123 555736 469105 361986 400797 422935 455849 558327 366338 602305 80391 147768 398748 565554 367641 677229 475035 414471 617026 512137 359263 300025 479053 442916 556077 143626 75650 575006 187939 243745 575503 132658 489420 227956 385652 512689 453105 999999999 207663 215214 515666 414004 501273 458230 228643 247312 621622 345998 718845 456194 529217 152057 577510 263795 682974 155981 511474 25373 547752 190178 146148 507518 344112 359870 281018 200510 329462 135609 221963 562036 480074 164364 612980 407983 360118 592093 367526 67149 502456 655263 432252 385303 98412 518673 506775 624771 193400 308966 219718 536872 446135 484137 321796 363265
343923 445924 137264 708274 724127 325891 505477 750563 423148 155238 204676 567942 655012 398239 572149 743171 139446 63712 536169 761869 504241 790086 540418 588722 811251 345033 361207 109906 526390 246902 666943 186677 133969 777215 364884 362652 782966 152793 680159 184285 514478 491756 248936 207663 999999999 306516 405388 621658 663532 658464 136632 300265 763628 487009 921800 251569 519542 312016 782097 424876 817997 291014 716786 217213 751645 58968 200767 638200 546983 466928 482371 156969 532084 84786 429146 769484 461387 217448 764516 330557 169158 740513 185754 261164 477007 747399 468415 458364 275336 723424 315747 743933 251915 101562 346764 744457 581935 291908 523967 177581
386825 139645 171040 774506 561389 612457 371246 498151 298141 441299 418613 607453 422348 704378 445969 781901 263101 251945 232289 668335 201035 872140 688143 570937 554345 651516 570831 334820 263992 546360 754819 349952 244027 547275 369345 61784 593624 328281 611766 419893 208767 319951 536381 215214 306516 999999999 695145 458999 666111 556205 400639 462086 799680 537988 688354 537630 741546 104525 645803 448809 864395 71478 507878 190953 622123 252025 106362 697517 444199 161416 397657 168638 432836 287982 315909 602393 690316 375642 783279 276879 377398 765954 368252 263131 313290 859298 219582 171131 299615 590099 617008 817633 58076 390235 427426 574744 635638 592931 320814 371118
494320 828833 526786 645568 932336 82911 738859 1048374 816424 358206 475461 591461 943406 149228 778102 709206 442168 446633 909905 887747 878072 682981 414649 675015 1108963 166835 250424 454842 931161 283391 585504 377516 457572 1048135 539484 742644 1009928 383009 796451 288036 893305 890422 334405 515666 405388 695145 999999999 849883 699989 817371 295021 342220 728069 534042 1183185 338919 257322 664711 951919 540102 755413 658395 973295 539012 919557 464168 590459 607801 738170 855730 679771 561977 724815 407367 673203 974728 216398 369892 752015 717007 475824 725222 504170 520063 874853 605900 873582 858156 502325 900865 261000 660535 646822 373446 451755 956489 580711 264830 809437 491983
355565 429387 520493 521684 105065 778187 117782 246759 750350 775484 809679 382943 159757 933629 77246 487705 487477 561076 404176 236167 397498 616713 588535 279719 295550 896072 616850 709504 629556 849767 540041 498501 488462 210470 310585 418526 164321 512464 223840 586203 421966 752720 864785 414004 621658 458999 849883 999999999 358621 142361 612714 508425 497069 374459 334484 868140 743633 365664 187945 322374 560945 403410 130709 406762 167728 599325 492112 460951 120649 462104 170575 574366 130674 545675 193705 149431 720241 492511 461243 735396 767730 457667 770753 366717 750898 650725 619039 535193 366728 135894 908844 563491 494515 722831 400341 123275 417871 887613 144584 768472
321720 703394 630521 166332 366347 653577 340781 601873 957224 787548 867503 109650 518001 825977 296829 130733 532899 623855 714375 224555 697162 258238 316483 96923 643879 807575 451873 772591 903204 819389 199038 480543 547223 548799 313334 654767 446958 512224 153808 531142 722835 986057 853310 501273 663532 666111 699989 358621 999999999 227987 580507 401392 143222 182907 633243 857927 504173 562523 323826 240760 209659 594982 473570 513141 298541 673671 639854 123987 265836 741121 280944 701781 268341 579610 360995 389223 507307 454054 117906 906962 832622 104840 847394 434234 979076 300630 874423 801353 404805 299992 857418 206005 672845 746570 318841 387538 121163 842466 453375 840239
339539 551579 580664 394235 140884 754011 185095 376055 853896 805329 858208 278505 299983 919723 111826 352622 519087 603791 538288 112249 528111 484789 499744 169027 416135 889057 570991 757620 754589 864719 421309 504523 525707 320818 303062 525992 224110 526722 82146 582425 553341 865590 887489 458230 658464 556205 817371 142361 227987 999999999 619389 479015 360101 296666 412664 891409 672448 454408 134794 278225 422302 491905 246069 458754 102333 648308 566491 342260 115876 586703 177213 643709 129764 575875 247186 171432 659169 489664 322117 825806 818052 320980 825710 397803 861964 527603 737835 656504 384536 85678 916753 433753 581424 755826 370491 163791 310373 897567 270561 821485
281567 533828 234750 600381 708309 212143 495317 780582 558099 209344 306735 476656 678357 330585 550935 643227 150359 157663 615848 712762 583902 675011 414197 518947 841899 286800 226504 231817 644025 246026 553617 115517 163759 792962 316447 447648 777032 101814 624991 54430 598611 624302 274212 228643 136632 400639 295021 612714 580507 619389 999999999 186762 663877 397947 934508 278644 382931 372457 750911 355490 713123 363934 724115 249850 718946 188060 297056 535485 517906 560835 453243 280339 503090 112666 421362 753312 324873 131284 670785 466979 281853 645323 304814 250754 610046 625143 588197 565960 245990 694024 298161 632547 354131 176746 264689 730836 484306 278344 542972 294351
153469 570935 335127 413873 590242 275121 399890 716925 689011 395902 491004 294312 611421 441646 435965 456786 213884 286326 633685 558503 604156 491100 243982 351764 776375 414695 120036 407648 725277 418228 368626 124513 234752 709963 199384 489634 667742 157761 467641 133530 624578 743649 453780 247312 300265 462086 342220 508425 401392 479015 186762 999999999 477434 219061 842489 458521 284539 392698 613795 200861 526392 402469 633652 272262 581321 333241 379789 348851 395961 605051 337974 401806 382599 230478 339397 632902 240124 92502 485752 610147 462695 459943 483161 216407 731565 447330 676521 632579 186443 560999 456866 446930 434003 362332 109721 614346 299010 441313 481190 473690
434668 844014 748450 86374 491496 696255 483962 736125 1085872 873204 963706 199191 656825 866295 438758 20650 641868 731420 857258 324668 839616 133094 315022 238614 774456 856660 495066 873530 1042375 889741 147502 577028 658379 677442 436283 792212 567376 610879 279408 610963 865258 1118945 928740 621622 763628 799680 728069 497069 143222 360101 663877 477434 999999999 279007 747761 933601 498261 697406 431582 358036 66608 728222 605401 636369 412163 781604 764715 128929 408915 881887 422678 820542 411564 682481 501291 507232 517738 547137 44743 1029604 931913 39414 949359 555862 1111182 203142 1011562 940400 523301 420979 918635 97480 801912 837538 418346 510370 181693 906595 596534 941134
157556 604905 470735 238113 429047 480033 299357 615259 814162 605755 689373 80951 515254 651534 297475 258992 362874 452627 638364 354329 615013 334288 214387 141113 668259 629627 283685 596804 793081 636620 217876 301416 379410 584741 168783 540789 512431 334378 263384 348248 639584 852859 670419 345998 487009 537988 534042 374459 182907 296666 397947 219061 279007 999999999 699033 675043 376352 440894 427116 90280 337983 467154 504900 362810 395626 502815 491223 161619 254311 642766 223951 542907 246457 404640 278316 465787 362933 273332 277508 753227 655993 253716 672361 282211 843874 326726 755772 691996 247786 382343 675810 280310 532677 566130 140290 453437 100150 660374 410509 664541
689244 595946 801748 797819 272415 1110025 444785 195688 934739 1076906 1090487 690755 269615 1261151 409583 745488 797755 858451 520718 423536 535427 879689 909250 581342 154747 1220814 951252 994537 752449 1161756 831133 823283 794372 144785 643774 631095 188618 832784 479463 913297 549850 909247 1170376 718845 921800 688354 1183185 334484 633243 412664 934508 842489 747761 699033 999999999 1173184 1073663 624271 316334 655622 800997 656761 210912 705434 336497 888433 757068 752942 452137 612825 504997 839739 463777 854418 514591 244065 1053008 820933 704491 952359 1047885 711443 1044991 683905 913362 933218 768350 686366 690762 333465 1224871 833525 739173 1022896 734779 248925 723010 1202553 397875 1045280
557914 675579 380829 864268 968748 296447 750795 1001661 541876 97877 163664 752423 906576 240555 813769 913027 380663 315190 769750 988547 738655 929161 655808 797545 1062173 189254 454406 206189 708924 55962 812452 388930 380684 1028672 589206 598005 1030969 364722 901982 326798 745097 622527 5079 456194 251569 537630 338919 868140 857927 891409 278644 458521 933601 675043 1173184 999999999 559366 560611 1020064 633697 978325 536041 967344 467936 988682 291922 438460 804676 784745 689980 719521 369901 769766 322476 674504 1014153 503527 409221 943971 440334 186011 917956 210590 502223 605849 868019 649396 664117 508469 962075 102760 892197 479707 151764 543333 989951 757295 84436 775310 200356
