NAME : synthetic_000655
TYPE : CTSP-D
DIMENSION : 100
GROUPS : 8
RELAXATION_LEVEL : 1
EDGE_WEIGHT_TYPE : EXPLICIT
EDGE_WEIGHT_FORMAT : FULL_MATRIX
EDGE_WEIGHT_SECTION
999999999 501842 160708 349935 352647 350618 543531 393743 511240 273675 631040 204190 468831 229596 457739 347458 471739 755029 329238 278159 597938 477689 481640 291830 690043 412528 411894 330749 105000 388688 279694 761228 651086 411342 289645 259001 331866 160299 527240 223947 451184 363861 126818 460952 271177 120820 105136 525261 550563 567693 450327 248081 291115 370264 72698 453349 191271 389868 188886 641243 410254 768721 343434 733608 271770 798862 588167 447367 394704 453517 520871 359280 381934 461131 453129 274446 441553 691395 253850 300159 592272 552081 461254 270562 508522 384215 657562 303466 300405 533677 151333 353014 603166 576522 340358 513518 483626 192384 481992 500742
501842 999999999 657881 525212 741472 458567 661436 795990 257591 253350 149489 450983 428274 730123 53314 713315 39445 588085 582727 699075 96106 849920 909104 393626 319252 444494 590758 559257 528300 310436 515418 492497 503817 536016 790224 637162 489511 570110 369108 319660 871021 626945 605241 122881 296231 622659 546102 736640 941076 185605 624636 738012 641036 402523 525844 850131 318751 681196 548995 261727 102744 595061 822084 497088 325331 553659 893048 833966 764112 445526 74834 823547 784884 669269 866374 284441 639173 592339 656184 745082 614783 794874 907930 742615 652597 556774 162025 800816 792945 92908 364803 694777 486149 183682 818470 322019 298732 511313 630129 406958
160708 657881 999999999 386058 351816 414903 555162 287486 634593 434361 790428 281334 605821 74523 615706 364335 629419 831157 334174 272342 753880 464385 349811 432652 817833 543733 426763 348360 150739 540815 316129 862516 732075 449410 154213 295933 382730 153031 627707 382816 326343 433035 136702 621584 429174 56119 131455 500928 433915 705898 457438 89724 250804 454978 176949 426658 340707 439535 201625 801092 562663 845527 251848 829226 426099 891907 511405 343339 310207 586606 670869 213182 363437 450569 332125 433379 440305 754728 273921 177740 630518 509238 319738 127068 516070 483628 810164 179186 139942 682184 311714 383875 681976 715622 186079 623862 597736 296720 493196 642692
349935 525212 386058 999999999 698004 70732 196831 324256 357292 447279 674164 152757 731358 447165 511435 696194 518815 452571 77838 619981 603104 821532 439498 570622 527280 694010 74249 50550 258753 612468 72140 510798 360390 63814 534373 608691 36187 233532 294516 449946 400243 707776 460239 566738 488235 401637 271768 220293 440292 465727 114917 409205 180533 134921 422626 791997 304899 738252 185171 763165 427150 467147 637492 470743 511273 527719 368250 343049 274239 726661 493142 415992 722432 149210 390583 481926 120044 370553 601375 334299 246869 272909 458776 373591 166167 709693 625971 562830 454091 493764 392857 702912 310340 477362 436752 313427 302358 531077 138672 746271
352647 741472 351816 698004 999999999 703205 885928 632056 833173 490212 828957 556626 464438 341339 688710 39241 703316 1104338 664721 80265 829299 125245 668646 362980 998812 398509 753826 671996 439956 483027 626193 1097689 999636 760824 296521 106943 682923 477319 868677 424653 655266 173578 238921 651059 445549 310899 429106 847263 764637 862871 789518 403370 597111 721032 282642 109890 502364 137227 520621 767781 677984 1117739 199250 1074353 418470 1140351 861200 686735 660835 435980 786910 525326 45071 791181 664349 457121 776473 1043545 99808 520894 943194 859911 625783 459722 848730 270360 902752 271330 415964 803903 403150 73253 952801 869278 483328 848387 816318 231876 823476 512708
350618 458567 414903 70732 703205 999999999 229041 389981 287380 402415 606881 146661 691620 481595 447704 697445 454279 416372 144502 627629 534268 828116 506159 538843 460136 659324 132401 116876 273759 568264 106607 457576 317555 84930 567564 608055 42001 263041 232170 414015 466719 695488 470131 506999 448143 421482 290018 279661 510475 395058 168416 450580 239643 64403 421894 802133 266888 730337 215320 701569 362508 430702 662418 420248 474028 480517 437037 411822 342255 689346 423822 472295 731245 210919 457685 440523 180836 343733 604435 388839 245810 336458 522675 421295 207437 687761 555610 594002 499095 423914 365250 700726 267305 406689 488970 246450 233218 518694 181369 702804
543531 661436 555162 196831 885928 229041 999999999 395550 437978 631454 804006 349588 920339 605338 659901 886805 664245 369078 222314 806634 723764 1007634 490209 764416 566540 886464 132224 214105 446671 797295 264077 479565 312997 145225 691620 800841 224101 410344 335193 641280 456393 903924 647011 726220 676734 580806 456824 124427 448212 553327 97738 556320 310782 266143 616088 975159 494413 933135 365425 915721 574193 382649 805209 433139 701888 472231 309103 385239 336465 917470 612881 522295 907286 117248 442787 669341 116760 272290 791428 454064 115582 184854 526713 508849 39839 906370 727944 722658 590789 607995 587857 895433 275689 564488 555108 374979 381881 727490 62521 931842
393743 795990 287486 324256 632056 389981 395550 999999999 674875 632443 943428 345008 862326 292919 767721 648641 778674 748656 246559 554865 885273 734849 116783 685275 850117 806125 309469 274223 303044 774052 294394 828607 669458 365266 361715 583392 348073 246105 618755 601065 77292 719780 422759 800515 648704 339979 293744 292519 157460 776378 315203 230626 157257 452918 443623 691854 497327 726922 250921 996112 693247 763042 487005 786108 656968 838117 232529 55919 59087 847257 782215 138376 636496 279089 70566 648472 288945 655814 560684 111257 503256 270522 136377 173138 358080 764190 922264 394488 237072 787190 526222 670108 621585 787780 180246 636375 622454 572030 347487 892795
511240 257591 634593 357292 833173 287380 437978 674875 999999999 379142 380760 361828 641648 708481 280127 814687 277204 337408 431602 771344 295399 954828 791568 547628 183849 637687 403603 404118 484406 511176 381612 273273 247148 341083 786407 726862 328360 502209 114220 431038 752052 764462 636532 361546 436508 619647 503957 535349 797584 115486 427731 694183 520160 223112 564863 942016 331800 812630 463332 518196 212514 346100 854544 262343 470116 326374 711584 699032 629160 651664 191189 742979 871040 477183 743657 424282 448659 334772 735681 658812 370464 598300 804583 678514 439207 719336 290318 806395 747768 180706 431300 805916 228915 126806 752036 67213 57313 608082 422054 632356
273675 253350 434361 447279 490212 402415 631454 632443 379142 999999999 363832 314787 291295 501489 202012 463900 216780 700920 474731 445743 345461 602587 734936 168492 521685 268932 521517 460057 333271 165878 404144 652300 599033 486807 551215 384842 413395 387272 452106 66317 700313 391645 359621 188357 57451 390604 346845 665589 788243 380986 561938 521326 493635 375328 281094 599591 145506 443068 384845 369704 190943 711881 571794 640133 90988 705019 783569 680018 615961 292528 297072 625824 532996 594157 699187 45544 566277 669710 403019 556990 629891 711939 722405 538660 608337 340254 415375 558067 574060 314472 123187 448038 562664 385878 611388 416620 383383 258824 581436 300391
631040 149489 790428 674164 828957 606881 804006 943428 380760 363832 999999999 598674 443235 860634 177476 796813 165364 688361 732216 797448 87017 926843 1055639 466917 379184 479942 738745 708702 668521 356095 664808 570605 616419 682815 914442 729869 638592 713341 494976 426722 1017888 693101 723443 179739 391612 750858 685538 883755 1089786 280323 771793 873750 789285 549419 644870 934052 457571 748592 694893 164790 251288 692994 933244 585806 413527 633590 1042217 982381 912748 467256 192120 965407 873693 817162 1013645 382029 787088 708074 752932 888647 749183 942732 1052679 882456 797381 609464 138650 921870 928103 200199 485161 773676 606972 272876 957796 447894 430031 607463 775734 408039
204190 450983 281334 152757 556626 146661 349588 345008 361828 314787 598674 999999999 588064 352785 423835 551460 434352 557774 160877 480979 540724 681483 458692 422030 545516 546657 222832 149707 132569 475467 92484 581255 455792 210323 435541 462449 129334 140421 346378 306097 420304 555942 323873 462817 348124 279821 150790 357349 492157 447870 263595 333047 191034 175028 275955 655574 169419 587999 103765 660710 348239 571833 521899 548597 367684 611957 469470 384151 315251 581186 439764 386548 584618 286986 415419 343563 261687 489364 458035 303605 388800 399178 460823 317247 318171 557104 580980 459443 386148 446210 243429 555732 406458 458676 391696 344164 319848 378997 290759 606938
468831 428274 605821 731358 464438 691620 920339 862326 641648 291295 443235 588064 999999999 652086 381769 425951 391743 976137 748276 468217 482441 530247 948509 177052 745906 67903 805309 737548 563037 131462 680397 906610 877939 775188 666172 394733 699066 621441 730598 282132 919377 296038 482239 305787 243638 550613 569649 945188 1019355 606823 846206 694132 745490 666619 429223 551554 426718 347445 634855 329795 429985 985901 629070 902545 220520 964467 1044159 915351 859328 29186 499460 818360 507865 874371 921757 251125 847890 954050 426015 767515 921108 986420 923905 730262 895381 198056 560013 658330 736939 518589 348111 394485 845561 607336 791329 690408 658473 316196 868148 48573
229596 730123 74523 447165 341339 481595 605338 292919 708481 501489 860634 352785 652086 999999999 686995 361325 700879 896664 388644 266907 826204 441985 330346 483747 891886 587571 480904 405878 224134 597579 379550 933053 799142 509471 87337 307807 447320 218639 698861 446755 314425 450149 170060 689582 491820 111110 204638 539243 423924 780420 508311 62392 295087 524791 230984 399558 414073 447441 266364 864972 635897 911126 202908 898828 485637 960829 524668 346592 328072 630857 744632 186764 343678 495580 323146 497029 488890 817568 280585 183111 687737 539468 291682 119794 565679 512878 883512 117376 85953 756159 378311 386081 748862 790143 148521 696416 670810 336800 544508 691610
457739 53314 615706 511435 688710 447704 659901 767721 280127 202012 177476 423835 381769 686995 999999999 660295 14768 616284 563823 647324 143656 796707 879123 340400 364159 394404 579972 541763 491180 260361 494652 529876 527045 528432 744519 584716 475315 535916 386480 268165 841622 573712 557291 82178 243264 578329 508336 727331 915906 225683 615728 697755 614852 396006 477960 797212 280268 627917 518271 255821 85829 624192 772672 530846 272093 589806 876902 807986 738893 397581 117863 787959 732252 658362 837719 231591 628341 612904 604180 711223 622208 783610 875423 705264 647939 504307 214141 754035 752370 137060 316767 641567 504892 225695 780739 340531 313732 459007 624233 363678
347458 713315 364335 696194 39241 697445 886805 648641 814687 463900 796813 551460 425951 361325 660295 999999999 674803 1093320 667018 94424 799742 140349 690907 330011 977229 360370 754583 672713 440145 448270 624919 1081571 988339 758319 323791 90264 679270 481199 854762 399152 675723 134338 242340 619833 417085 319361 430810 853502 785228 839925 791254 422510 604536 711882 275565 137448 485790 100090 522643 731879 653242 1106516 234079 1059606 388798 1125716 875607 703865 674521 397386 760971 547227 81990 795387 684206 428950 779391 1035258 95506 537406 939709 868951 649537 477735 850290 231253 873982 300638 439281 778292 383447 34345 942257 845967 506302 832665 800212 208173 824554 474305
471739 39445 629419 518815 703316 454279 664245 778674 277204 216780 165364 434352 391743 700879 14768 674803 999999999 612153 572507 662076 128937 811075 890479 354253 354337 406070 586656 550088 503909 271972 503732 522773 524349 534254 758802 599396 482764 548064 385309 282932 852843 587571 571843 88718 257823 592389 521200 733730 926202 217273 621960 711143 625279 401384 492497 811763 293115 641871 529665 251973 91782 619778 787371 524919 286456 583142 885061 818438 749150 408206 107885 800468 746891 665129 848776 246197 635070 611061 618915 723362 624106 790528 887317 718105 653095 517404 199478 768462 765824 126926 331296 655940 503489 216658 793668 338938 313070 473712 629696 372290
755029 588085 831157 452571 1104338 416372 369078 748656 337408 700920 688361 557774 976137 896664 616284 1093320 612153 999999999 522369 1032672 601841 1229456 852490 867023 328382 967154 441325 499222 688871 844893 517274 151888 105146 394523 983195 1003071 449346 678749 248965 742872 816458 1066850 879586 698201 757861 836812 705776 493124 816978 410254 433886 861513 627934 384948 822201 1207923 615125 1109751 630504 841339 549403 14598 1078402 113498 790633 114088 674193 747515 690729 984410 515552 860966 1136280 475000 803738 746396 460466 97060 1004532 782641 253506 550721 884153 825709 399432 1035479 566048 1010128 906590 500436 723328 1091226 151870 416426 886055 285947 318477 897165 403772 968919
329238 582727 334174 77838 664721 144502 222314 246559 431602 474731 732216 160877 748276 388644 563823 667018 572507 522369 999999999 585109 665077 785754 362159 579935 604121 705112 92647 27733 227832 636303 71249 587256 433877 127900 475835 582612 103255 188118 372310 466637 322813 692971 425903 612284 508996 358494 236209 199628 367684 537442 124994 344998 105708 208508 400672 752889 329242 718353 144376 810296 481939 536965 585467 546470 528150 602118 314326 267430 197754 740625 556892 340672 685235 132305 313448 504405 112683 436176 571514 260533 299334 238353 380939 304521 184245 705661 692919 505807 386310 559102 401693 677271 384321 549019 363800 390247 377718 519071 159866 767766
278159 699075 272342 619981 80265 627629 806634 554865 771344 445743 797448 480979 468217 266907 647324 94424 662076 1032672 585109 999999999 790071 201554 596645 340303 941537 400419 674645 592891 361427 464488 547997 1031885 928386 683092 233174 73871 605960 397450 800563 379426 581299 202192 159888 617859 407158 230638 349964 767005 690804 808505 710000 328114 516851 648234 210994 175267 439548 185511 441217 751456 628150 1046261 162027 1006845 383931 1072610 782806 609936 582041 441349 739012 452944 103777 711111 589798 417755 696651 969462 45053 443608 865837 779814 555688 383513 769237 287532 861091 212901 345462 755201 346709 120740 880870 815584 412296 782595 751133 190029 744145 514953
597938 96106 753880 603104 829299 534268 723764 885273 295399 345461 87017 540724 482441 826204 143656 799742 128937 601841 665077 790071 999999999 934428 999416 474389 297738 509110 664882 640466 623071 377625 599883 486850 529419 607133 886180 726334 568194 663537 409470 411441 960980 706606 700419 185526 384084 718753 641083 807974 1027623 193307 696353 833618 729197 474530 621037 937049 414307 761595 640568 244072 194787 606692 916302 500374 410998 549740 971187 921408 851120 503396 111414 917321 873239 742885 955805 372895 712936 621123 746615 838046 665088 868114 999908 837249 718992 630379 78136 896508 888611 116148 459856 779543 520450 185939 913204 362612 346235 601063 698253 453441
477689 849920 464385 821532 125245 828116 1007634 734849 954828 602587 926843 681483 530247 441985 796707 140349 811075 1229456 785754 201554 934428 999999999 758544 460974 1117491 469660 875794 794127 562964 573215 749550 1221005 1124702 884615 381094 228483 807242 597743 993005 538448 749712 237640 361398 752267 554121 428671 551282 964237 857825 979913 910733 504223 713625 846274 407886 49532 625241 183468 642249 850279 792601 1242827 261938 1198369 524620 1264427 966587 788041 768508 501061 899513 617940 101113 910326 760086 566229 896777 1168760 224970 624919 1067285 973505 712186 561770 969987 332811 1009624 350839 507188 917046 523687 155143 1077967 985835 573987 971880 939590 348428 945120 578608
481640 909104 349811 439498 668646 506159 490209 116783 791568 734936 1055639 458692 948509 330346 879123 690907 890479 852490 362159 596645 999416 758544 999999999 772226 966211 889042 418827 389887 401827 868877 411154 939313 777868 477200 377492 636924 464342 348281 733643 698390 39517 778166 485591 908274 746333 405768 389462 375463 102071 893103 419239 271537 273594 569378 521249 712205 604781 777684 360852 1102039 806446 866678 499132 895978 751467 945928 256807 105161 166377 931272 897433 143708 665319 377825 49456 747248 392516 757820 610598 181482 602501 337572 52266 222832 455334 833313 1037876 407905 252895 902799 623170 716344 731026 904494 185481 752368 738936 645786 448758 982037
291830 393626 432652 570622 362980 538843 764416 685275 547628 168492 466917 422030 177052 483747 340400 330011 354253 867023 579935 340303 474389 460974 772226 999999999 685500 125379 643439 571523 386640 124588 514367 820747 764120 619640 507860 268574 540549 445028 618070 127276 742663 233319 316270 291300 111145 378437 392789 778783 842312 543716 684428 521856 570528 523738 255758 467149 272640 287731 460418 411305 353043 878312 491398 808492 77513 873467 869689 738357 682847 163428 450576 643953 407949 708882 744876 123485 683685 831257 295278 591003 778102 816832 748796 555434 736532 171972 550562 504707 567087 469167 178612 306951 725803 547530 618711 584084 550720 158741 709060 210342
690043 319252 817833 527280 998812 460136 566540 850117 183849 521685 379184 545516 745906 891886 364159 977229 354337 328382 604121 941537 297738 1117491 966211 685500 999999999 756246 562497 576388 667936 622938 560068 193706 286768 499489 968982 891881 502060 685930 238645 581775 926802 913326 813643 441942 576497 801233 687508 678782 964358 142009 579484 878026 697977 397706 739522 1108527 504536 964513 646468 541535 332464 329603 1033325 216945 609627 256412 862430 870170 801503 761528 246482 924556 1038585 629504 917569 563866 603302 375931 903626 840316 473400 742727 982213 861784 577688 856216 245913 988241 931563 227412 595971 965179 301811 139466 934877 213886 229305 769068 566076 726137
412528 444494 543733 694010 398509 659324 886464 806125 637687 268932 479942 546657 67903 587571 394404 360370 406070 967154 705112 400419 509110 469660 889042 125379 756246 999999999 767249 696297 510260 134098 639096 907552 866478 741351 599354 326877 663166 568526 719110 245327 860925 233041 417520 325641 214835 488094 515423 903737 962537 615005 808251 631277 695158 639888 368116 488482 392448 286201 585359 382333 430252 977642 561176 899997 185862 963449 994415 859894 805969 43325 511715 756777 442361 833632 863878 224741 808137 938541 358123 708737 894998 942179 862861 669208 859527 137183 587246 590985 672830 530924 303494 329634 831193 616794 728502 681478 648704 250884 832102 114833
411894 590758 426763 74249 753826 132401 132224 309469 403603 521517 738745 222832 805309 480904 579972 754583 586656 441325 92647 674645 664882 875794 418827 643439 562497 767249 999999999 81885 314448 686713 133522 520487 360005 63154 567983 668728 108840 279237 324275 523663 380962 773520 514932 637872 562336 449872 324730 147896 403262 516285 41002 435824 191764 190459 484328 843838 379031 801714 233565 833326 494878 455839 678113 477266 585080 528648 308988 316258 253224 800310 553906 420278 775608 78533 369391 556110 48440 351297 659205 344173 208293 204122 445793 392832 96733 779424 682501 598166 475055 552918 465225 763345 312428 527919 447545 351672 346711 597635 70130 820486
330749 559257 348360 50550 671996 116876 214105 274223 404118 460057 708702 149707 737548 405878 541763 672713 550088 499222 27733 592891 640466 794127 389887 571523 576388 696297 81885 999999999 232570 623131 57223 560998 409072 105144 493212 586993 75914 198575 344772 455450 350535 693313 433126 592274 496580 369061 242935 207676 394543 510451 119585 364749 130600 181006 403002 762537 314973 720612 152089 789988 459099 513818 600184 520612 517066 576940 335202 294959 225417 730883 531756 366100 694062 137360 341181 491415 113156 414652 577325 285011 282349 251949 408379 326562 177959 702125 667054 522560 407816 533571 392918 681633 359263 522044 387902 362514 350085 518064 151868 755534
105000 528300 150739 258753 439956 273759 446671 303044 484406 333271 668521 132569 563037 224134 491180 440145 503909 688871 227832 361427 623071 562964 401827 386640 667936 510260 314448 232570 999999999 471023 186664 713302 587681 322161 304385 354880 247097 58405 478082 298155 367825 467560 201573 510737 345911 147944 19595 421306 460392 559377 351300 214578 186977 307554 173862 533306 210951 490933 84665 701663 428728 703044 389750 681085 354040 744525 485476 354015 296292 549935 532680 297218 463685 358580 367507 346115 340514 617325 344757 224161 505246 447103 389803 214337 410227 488954 673789 327349 269661 542439 223198 449553 538066 569452 290176 473216 446997 297379 384411 591365
388688 310436 540815 612468 483027 568264 797295 774052 511176 165878 356095 475467 131462 597579 260361 448270 271972 844893 636303 464488 377625 573215 868877 124588 622938 134098 686713 623131 471023 999999999 566560 778124 746490 652685 628005 392174 578920 528500 599138 174096 836850 337562 434002 192729 128132 488956 480901 829751 931414 482141 727281 630535 645314 539493 366691 583980 308400 393049 534576 286974 300524 854756 615865 772712 117422 835212 940584 824704 764257 140730 377832 747571 528097 758424 837522 131904 730931 822738 419519 687673 792948 874423 849922 658714 774163 254082 455657 626568 678637 397049 248024 422428 714178 483576 726051 559075 527063 282565 747221 134573
279694 515418 316129 72140 626193 106607 264077 294394 381612 404144 664808 92484 680397 379550 494652 624919 503732 517274 71249 547997 599883 749550 411154 514367 560068 639096 133522 57223 186664 566560 999999999 564141 421285 135805 466374 537883 68263 163121 337624 398330 371684 640158 388202 541553 439733 329830 199654 264882 428329 482008 173491 345403 138556 163257 352352 719865 258776 669078 114524 739657 413838 531768 566891 526466 459941 586058 385189 323834 253164 673663 493255 366919 650347 194537 364130 434749 169684 438691 529917 283074 318952 307946 422986 314750 230140 646444 631342 494063 393010 496666 335756 632293 370919 493427 382515 348077 330930 464132 203146 698678
761228 492497 862516 510798 1097689 457576 479565 828607 273273 652300 570605 581255 906610 933053 529876 1081571 522773 151888 587256 1031885 486850 1221005 939313 820747 193706 907552 520487 560998 713302 778124 564141 999999999 166658 463406 1016726 992522 497076 715582 235431 703969 901335 1036881 888045 611413 709604 858263 731910 602762 917103 306960 523853 906727 691325 408419 821835 1205198 595803 1084252 669760 730749 477709 148264 1099311 46832 743238 62992 788580 836395 773470 918812 417670 926702 1133646 570613 889872 697319 550331 229159 998820 844402 368214 664393 964888 878870 502619 992542 439400 1040605 956288 400063 699815 1074732 209221 309837 945819 249372 281417 877047 499942 892640
651086 503817 732075 360390 999636 317555 312997 669458 247148 599033 616419 455792 877939 799142 527045 988339 524349 105146 433877 928386 529419 1124702 777868 764120 286768 866478 360005 409072 587681 746490 421285 166658 999999999 306781 885077 898102 353022 580592 147485 639272 740494 961979 776155 608044 655647 735469 605020 436108 751917 336208 359844 766669 539421 281692 717722 1103595 510145 1004682 532815 762414 455309 118178 977430 120571 688145 168774 621945 674012 613038 885119 434220 774501 1031911 405505 728552 644380 386514 92461 899828 694070 203077 497784 805797 733664 336159 931782 504206 911256 813472 420986 618403 986107 50367 344236 796931 188710 219663 792036 334395 872816
411342 536016 449410 63814 760824 84930 145225 365266 341083 486807 682815 210323 775188 509471 528432 758319 534254 394523 127900 683092 607133 884615 477200 619640 499489 741351 63154 105144 322161 652685 135805 463406 306781 999999999 596773 670333 81295 297150 261492 496112 438744 766198 523479 590098 531563 465450 335453 200983 465597 454366 89226 469688 233578 133503 483925 855467 349197 798131 248883 783377 442758 409120 701011 421345 556669 475394 370667 376103 310880 772246 495832 467938 785741 136984 427764 524260 107800 309545 663756 388395 183157 261213 501495 431590 122552 764169 622129 625579 512946 493974 443819 764296 257713 465980 491697 288528 284038 589199 96828 787170
289645 790224 154213 534373 296521 567564 691620 361715 786407 551215 914442 435541 666172 87337 744519 323791 758802 983195 475835 233174 886180 381094 377492 507860 968982 599354 567983 493212 304385 628005 466374 1016726 885077 596773 999999999 290747 533940 304560 781904 491556 369252 431939 195259 739182 533550 170083 285332 621975 476852 853144 594863 138226 380949 609046 270773 335190 480157 418659 352692 905111 699881 997631 125342 983300 522373 1045790 594024 412225 403283 642467 810461 237381 288687 580754 380126 540401 575001 904673 259694 257211 775009 618607 331864 193487 651887 507406 947052 32905 126995 823072 429299 353240 834863 862469 193065 777559 750983 351724 631094 708943
259001 637162 295933 608691 106943 608055 800841 583392 726862 384842 729869 462449 394733 307807 584716 90264 599396 1003071 582612 73871 726334 228483 636924 268574 891881 326877 668728 586993 354880 392174 537883 992522 898102 670333 290747 999999999 590779 399158 764921 318915 617886 142844 163981 550801 342269 245594 346964 772452 726887 755983 706097 365409 525738 621704 186569 216777 396773 143695 438530 679086 571575 1016279 234515 970035 316902 1036118 805388 639210 604118 368106 680978 493991 148296 712403 625039 353469 695256 945144 32119 473115 851081 791111 599481 417204 764896 218513 798856 275201 391425 697799 296350 94673 851993 762439 456242 743408 711107 126018 738827 441276
331866 489511 382730 36187 682923 42001 224101 348073 328360 413395 638592 129334 699066 447320 475315 679270 482764 449346 103255 605960 568194 807242 464342 540549 502060 663166 108840 75914 247097 578920 68263 497076 353022 81295 533940 590779 999999999 229819 273754 418402 424883 685002 446975 530607 455599 393323 261941 255977 470390 434614 148701 413661 197839 105311 404220 779403 272348 717331 181359 726981 391136 463815 632448 458814 479459 518002 403640 370676 300853 695057 458598 431184 709117 185112 415964 448937 155701 372233 585146 348009 260456 309080 480676 382278 196475 683181 592520 561244 461039 459683 363757 684442 302656 446214 448802 288428 274741 507983 169141 712997
160299 570110 153031 233532 477319 263041 410344 246105 502209 387272 713341 140421 621441 218639 535916 481199 548064 678749 188118 397450 663537 597743 348281 445028 685930 568526 279237 198575 58405 528500 163121 715582 580592 297150 304560 399158 229819 999999999 482521 355107 313107 518347 239058 560618 402662 170635 55430 373307 403140 585716 313105 193082 131136 307185 224994 564816 257712 538536 48599 753765 468763 693164 403987 680635 411769 742324 428097 296215 237888 608298 568563 253906 497144 314224 311949 402367 299203 601700 385821 175307 479266 394782 340006 178327 372350 544272 710233 331459 245768 576898 280487 493413 530345 596276 253847 483372 459901 351604 347841 649621
527240 369108 627707 294516 868677 232170 335193 618755 114220 452106 494976 346378 730598 698861 386480 854762 385309 248965 372310 800563 409470 993005 733643 618070 238645 719110 324275 344772 478082 599138 337624 235431 147485 261492 781904 764921 273754 482521 999999999 494255 694512 820771 653955 465987 508953 622833 496803 442077 727018 224038 340922 674872 471563 176297 589757 974905 370900 865182 437858 630633 310795 260298 863982 206453 541678 272057 624408 635199 567727 737640 305008 704316 903182 390966 684528 497544 364658 227201 769186 620647 258271 505950 753123 650259 342082 786842 400169 805430 725690 294913 478184 850294 118516 234474 719799 47323 73498 654065 328716 726139
223947 319660 382816 449946 424653 414015 641280 601065 431038 66317 426722 306097 282132 446755 268165 399152 282932 742872 466637 379426 411441 538448 698390 127276 581775 245327 523663 455450 298155 174096 398330 703969 639272 496112 491556 318915 418402 355107 494255 999999999 665398 333815 297930 248611 47951 335684 309098 663067 758240 442372 564622 471485 471315 396707 220794 534230 147128 383414 360519 418471 254158 754483 507033 688911 61618 754488 767374 651145 590224 276727 362258 582135 467162 592240 665504 50574 565837 704716 336742 518002 651372 704959 682033 493780 614873 292611 481683 496734 522697 379330 75221 384504 599926 447878 564299 462386 428930 192939 587509 301681
451184 871021 326343 400243 655266 466719 456393 77292 752052 700313 1017888 420304 919377 314425 841622 675723 852843 816458 322813 581299 960980 749712 39517 742663 926802 860925 380962 350535 367825 836850 371684 901335 740494 438744 369252 617886 424883 313107 694512 665398 999999999 757903 462956 872007 713292 381722 356315 344444 109506 853658 382730 253506 234289 529890 494115 704362 568466 759923 323500 1066440 768318 830710 493124 858227 719441 908777 241533 72163 127903 902836 858602 131875 654501 342578 14826 713837 356067 722265 592648 152254 567594 310714 71881 200864 420715 809634 998904 400766 242553 863823 590206 699925 693347 865055 176374 712976 699447 620244 413040 951925
363861 626945 433035 707776 173578 695488 903924 719780 764462 391645 693101 555942 296038 450149 573712 134338 587571 1066850 692971 202192 706606 237640 778166 233319 913326 233041 773520 693313 467560 337562 640158 1036881 961979 766198 431939 142844 685002 518347 820771 333815 757903 999999999 297020 522045 337490 379821 463576 888826 866396 772403 812764 506718 648584 697702 293857 255630 451950 55500 552157 612649 581776 1079194 360557 1020097 305096 1086007 936747 775699 736393 267024 682841 635762 214598 824978 764489 350095 805027 1019022 172564 610766 941296 913127 741668 557045 870236 98435 783294 414143 534167 701214 343608 100754 919152 776960 598665 792415 759078 177040 843303 344611
126818 605241 136702 460239 238921 470131 647011 422759 636532 359621 723443 323873 482239 170060 557291 242340 571843 879586 425903 159888 700419 361398 485591 316270 813643 417520 514932 433126 201573 434002 388202 888045 776155 523479 195259 163981 446975 239058 653955 297930 462956 297020 999999999 546414 338763 82823 190202 611196 570610 687807 550630 217355 362787 494658 79397 332437 310227 307139 281715 709854 520735 893417 220951 860266 327117 925423 641925 478678 440832 460813 632709 346136 262283 553277 468827 346004 537880 813227 147275 314094 706393 627858 453087 262855 609829 347910 765007 198803 255551 646891 240569 256430 727756 696116 313738 640245 610181 166751 584555 522365
460952 122881 621584 566738 651059 506999 726220 800515 361546 188357 179739 462817 305787 689582 82178 619833 88718 698201 612284 617859 185526 752267 908274 291300 441942 325641 637872 592274 510737 192729 541553 611413 608044 590098 739182 550801 530607 560618 465987 248611 872007 522045 546414 999999999 211959 578826 526197 785768 952767 305932 675317 707497 652379 460272 468609 757268 303543 577243 549604 198181 157326 706216 753997 612948 234052 671626 926609 844200 776780 323894 196000 807183 695589 715511 869391 202618 685791 692954 573432 734495 695552 839602 900047 721497 711503 444857 263296 745188 760866 214800 311442 597997 584503 305080 795511 420644 392766 427839 686771 284198
271177 296231 429174 488235 445549 448143 676734 648704 436508 57451 391612 348124 243638 491820 243264 417085 257823 757861 508996 407158 384084 554121 746333 111145 576497 214835 562336 496580 345911 128132 439733 709604 655647 531563 533550 342269 455599 402662 508953 47951 713292 337490 338763 211959 999999999 380950 357010 703783 805796 435162 603146 518168 517499 425584 263499 553948 183345 389943 406910 373228 244388 768917 542279 697583 33657 762455 812452 698537 637143 241644 346590 629800 489276 632637 713336 12632 605625 725200 363181 565948 680686 747293 729921 541353 651811 283049 457212 537177 568894 364632 123163 399031 618634 439537 611491 473902 440625 217381 624612 258955
120820 622659 56119 401637 310899 421482 580806 339979 619647 390604 750858 279821 550613 111110 578329 319361 592389 836812 358494 230638 718753 428671 405768 378437 801233 488094 449872 369061 147944 488956 329830 858263 735469 465450 170083 245594 393323 170635 622833 335684 381722 379821 82823 578826 380950 999999999 131569 536455 488718 683447 483377 143585 286213 454763 122881 394497 310215 389184 217367 753999 530646 850980 242087 827231 375660 891158 559795 395895 358538 531051 640801 269154 327700 481657 387112 386005 468521 764743 226152 231768 648371 549727 375806 183134 542570 427944 778124 187053 189683 653206 267421 336269 685935 692674 240728 614787 586866 240609 518335 588087
105136 546102 131455 271768 429106 290018 456824 293744 503957 346845 685538 150790 569649 204638 508336 430810 521200 705776 236209 349964 641083 551282 389462 392789 687508 515423 324730 242935 19595 480901 199654 731910 605020 335453 285332 346964 261941 55430 496803 309098 356315 463576 190202 526197 357010 131569 999999999 426469 451198 578877 360632 195355 186561 325524 169899 520516 228089 484930 91834 715965 446946 719997 372627 699378 363599 762625 483033 345888 290591 555688 551442 281063 451460 365443 356655 357787 348635 633174 335305 210183 518606 449664 375568 196929 419778 488876 692422 308701 250493 561364 233895 441527 555270 588930 272501 492410 466348 296176 394385 599201
525261 736640 500928 220293 847263 279661 124427 292519 535349 665589 883755 357349 945188 539243 727331 853502 733730 493124 199628 767005 807974 964237 375463 778783 678782 903737 147896 207676 421306 829751 264882 602762 436108 200983 621975 772452 255977 373307 442077 663067 344444 888826 611196 785768 703783 536455 426469 999999999 325610 650306 112007 483815 250612 334345 595154 927528 521351 911398 336674 981098 642004 506561 742134 556560 724685 596624 186356 272294 235093 938534 696618 427405 863124 71458 330158 698306 100280 396168 758421 370136 239822 63946 416098 430764 101848 904777 820966 654325 509825 694364 600258 866612 396588 661804 464928 477037 478069 716727 113670 962671
550563 941076 433915 440292 764637 510475 448212 157460 797584 788243 1089786 492157 1019355 423924 915906 785228 926202 816978 367684 690804 1027623 857825 102071 842312 964358 962537 403262 394543 460392 931414 428329 917103 751917 465597 476852 726887 470390 403140 727018 758240 109506 866396 570610 952767 805796 488718 451198 325610 999999999 904992 393706 362965 301144 574878 597925 812009 650796 869177 404346 1149465 838585 830686 599669 872084 814385 917033 172152 108613 177061 1003918 921574 240102 763306 346513 101909 805351 367580 720412 701919 257216 563589 275670 153543 309684 418075 916076 1059382 507857 350787 924899 683505 809381 707960 916586 283840 751534 742408 725354 417531 1050162
567693 185605 705898 465727 862871 395058 553327 776378 115486 380986 280323 447870 606823 780420 225683 839925 217273 410254 537442 808505 193307 979913 893103 543716 142009 615005 516285 510451 559377 482141 482008 306960 336208 454366 853144 755983 434614 585716 224038 442372 853658 772403 687807 305932 435162 683447 578877 650306 904992 999999999 541898 773390 619778 330826 611435 972750 377706 824054 551548 431167 190824 415878 908667 313455 468134 368406 825013 804008 733576 621487 110776 834170 903555 591034 846111 422532 562153 428109 769288 750712 482308 713026 902618 763989 554633 714253 176164 869995 828111 93147 461814 826675 329330 11653 839113 179596 172435 631880 537204 589311
450327 624636 457438 114917 789518 168416 97738 315203 427731 561938 771793 263595 846206 508311 615728 791254 621960 433886 124994 710000 696353 910733 419239 684428 579484 808251 41002 119585 351300 727281 173491 523853 359844 89226 594863 706097 148701 313105 340922 564622 382730 812764 550630 675317 603146 483377 360632 112007 393706 541898 999999999 460431 214667 222374 522530 877829 419815 840181 268920 869947 530280 448198 707674 479301 626020 527115 284447 314710 256938 841284 585058 434367 810228 50063 370218 596837 26742 340611 695781 362126 189758 172084 450309 414522 59254 819832 710864 625679 496744 583154 506184 800764 314633 553472 464595 372225 370453 637227 36256 861157
248081 738012 89724 409205 403370 450580 556320 230626 694183 521326 873750 333047 694132 62392 697755 422510 711143 861513 344998 328114 833618 504223 271537 521856 878026 631277 435824 364749 214578 630535 345403 906727 766669 469688 138226 365409 413661 193082 674872 471485 253506 506718 217355 707497 518168 143585 195355 483815 362965 773390 460431 999999999 245770 498920 266111 461452 419312 506684 237108 889309 640462 876066 260831 870581 515681 931077 462620 284200 267264 674327 746302 129380 406064 443927 261710 522057 439560 779177 339436 121483 643958 480893 236113 57647 516494 564760 886925 170784 55210 756513 399409 446420 716306 783591 97230 676452 652842 382302 496678 731649
291115 641036 250804 180533 597111 239643 310782 157257 520160 493635 789285 191034 745490 295087 614852 604536 625279 627934 105708 516851 729197 713625 273594 570528 697977 695158 191764 130600 186977 645314 138556 691325 539421 233578 380949 525738 197839 131136 471563 471315 234289 648584 362787 652379 517499 286213 186561 250612 301144 619778 214667 245770 999999999 300372 355860 677113 352322 666914 110937 849682 538359 642527 496512 651171 530684 707474 299272 193159 124441 733919 625317 235514 612512 200873 227671 515414 194080 540920 509970 154825 399919 265439 284491 201078 271003 675286 765123 412216 283326 630065 399114 619122 489735 631130 258136 485162 469111 482737 250911 770980
370264 402523 454978 134921 721032 64403 266143 452918 223112 375328 549419 175028 666619 524791 396006 711882 401384 384948 208508 648234 474530 846274 569378 523738 397706 639888 190459 181006 307554 539493 163257 408419 281692 133503 609046 621704 105311 307185 176297 396707 529890 697702 494658 460272 425584 454763 325524 334345 574878 330826 222374 498920 300372 999999999 438422 823494 252410 736291 261816 651510 310194 398759 696849 374256 454132 437128 498435 475936 406164 666919 363468 529973 751954 268357 521139 416641 238411 323610 621351 445955 255124 393681 584506 474036 251979 680871 492986 633764 549454 362532 358032 712095 233100 342465 544073 184907 169559 522912 228312 673725
72698 525844 176949 422626 282642 421894 616088 443623 564863 281094 644870 275955 429223 230984 477960 275565 492497 822201 400672 210994 621037 407886 521249 255758 739522 368116 484328 403002 173862 366691 352352 821835 717722 483925 270773 186569 404220 224994 589757 220794 494115 293857 79397 468609 263499 122881 169899 595154 597925 611435 522530 266111 355860 438422 999999999 385975 235001 317754 258524 636343 441869 835707 298835 796128 255064 861813 648939 498735 451493 410678 553910 389138 314248 532128 497842 269897 513215 760972 183099 341909 664514 619561 494868 301186 580886 322431 685688 277004 312321 568318 161204 280375 670510 619474 362967 572810 541796 129065 554447 465744
453349 850131 426658 791997 109890 802133 975159 691854 942016 599591 934052 655574 551554 399558 797212 137448 811763 1207923 752889 175267 937049 49532 712205 467149 1108527 488482 843838 762537 533306 583980 719865 1205198 1103595 855467 335190 216777 779403 564816 974905 534230 704362 255630 332437 757268 553948 394497 520516 927528 812009 972750 877829 461452 677113 823494 385975 999999999 610688 205114 610448 865475 787771 1221499 214103 1180987 526057 1246865 924069 744457 727220 522477 896470 572493 71752 875401 715025 565690 862944 1144468 206511 582665 1038537 934660 665292 519096 937041 353560 1011066 304302 461848 913547 512693 161619 1056130 979167 528255 955826 924009 341634 912656 600122
