NAME : synthetic_000789
TYPE : CTSP-D
DIMENSION : 100
GROUPS : 8
RELAXATION_LEVEL : 1
EDGE_WEIGHT_TYPE : EXPLICIT
EDGE_WEIGHT_FORMAT : FULL_MATRIX
EDGE_WEIGHT_SECTION
999999999 437666 111486 553640 446732 299928 343357 679222 282134 321617 227772 289990 204236 255330 313935 381284 911639 664752 588384 567716 183541 681172 289030 356348 564348 483990 727833 567003 659162 426437 262600 753059 292467 598880 198434 383739 259285 646336 576363 665201 802074 374334 761778 437736 231463 662403 795347 699011 162529 142244 601866 671844 293648 422255 548298 607843 755845 831658 899676 591235 258396 423985 378334 420274 456916 606050 717265 742466 799295 494461 461183 236110 893320 805185 901674 98347 357243 165022 319789 439633 847594 512593 625482 868563 502397 710124 437943 316214 595841 410946 514471 783081 519226 419808 169417 342417 353378 369119 662625 457162
437666 999999999 547862 810547 733814 398212 504109 436797 214948 370385 623748 284775 480105 493646 132359 738649 606685 872510 700622 256365 502573 392029 174293 90258 126987 578070 820164 142952 870324 713774 284571 901114 327721 254442 465481 129442 222657 679916 726558 348583 652804 263709 683695 773417 653690 468744 844058 541186 290370 357648 214944 352859 324954 475744 294663 456579 902191 558045 659125 160854 287712 25928 620996 785175 108171 207148 458410 379096 919879 163645 763734 631553 672859 576458 670535 375700 788643 552567 726456 234331 701025 280519 239281 553535 784576 428449 259024 752515 174356 551214 245486 904694 717979 691393 597197 100716 784751 806763 744688 273707
111486 547862 999999999 546661 436645 378513 396203 778423 379597 406886 183399 390395 250120 300904 421794 341583 1013686 668408 626544 675654 180030 785063 393222 467618 674188 536240 762777 678381 661977 418498 364225 771055 363702 695994 250729 494627 358290 700497 604472 771704 884887 458109 833543 404689 128211 756291 838297 786600 265121 223025 712876 778423 365561 491403 652628 698304 774217 931179 993833 702447 342199 533308 396128 372092 568194 717341 817328 851449 823150 604770 442501 155106 984777 899613 994491 185787 259651 113740 250231 529118 928647 616506 727286 972186 489133 812722 523690 204931 707293 459199 606005 807355 536547 419696 96995 453592 242458 260356 703879 559664
553640 810547 546661 999999999 110025 412615 307124 715888 775389 443631 367776 525801 368455 332408 748135 232514 929350 130418 243376 747024 719761 770682 753861 724800 916694 290654 311925 871778 122894 128609 527640 257541 831577 1050208 380702 687967 752127 363836 184684 794615 661213 889001 551479 173009 624862 652988 405252 624259 668308 686668 843049 800711 832008 370550 684261 588243 261404 834820 835003 900933 785208 814063 193582 236169 750691 860430 752659 897349 320878 743287 112072 683604 804848 762246 824050 644046 463850 660344 357801 934553 682979 657099 1048461 913751 62172 776225 942553 576874 886773 272673 995883 308332 119701 134582 457243 719303 632489 550462 299978 610443
446732 733814 436645 110025 999999999 342769 243797 696400 679749 378531 258240 452043 270814 242564 660195 135703 922449 235777 280847 700845 610263 743113 661779 645551 846347 279280 383955 808271 228767 21103 449296 353500 729118 965391 284183 616814 656106 396665 230636 760241 678525 791456 579709 92854 516601 639713 474777 623933 568761 582296 789735 766712 729703 333224 642784 572626 357147 827756 842447 837455 684626 734737 117173 155108 684440 805378 735323 862027 413593 684349 36201 574343 816418 762105 833930 539117 369924 550321 257874 840862 706951 612173 968578 900723 56086 753658 847260 475098 826135 233137 905185 399464 147090 44460 347515 638561 531727 454977 352494 560285
299928 398212 378513 412615 342769 999999999 105924 420114 398857 39857 325754 113552 150150 125933 349426 380233 659261 478687 332483 372029 477787 444930 365859 314056 505213 210578 468453 465524 475848 324038 119940 525685 486943 642342 141201 275811 378604 360172 343514 447960 506426 514790 461893 398150 505638 386115 520189 409223 320943 372824 451547 454811 486305 126317 323905 324044 527478 570356 621571 494700 432158 402827 226500 426518 341740 465788 460571 544451 557085 343280 375527 528605 609460 528495 620537 343057 517131 463670 417365 545270 550568 289074 636821 624664 390196 465462 558081 546350 483838 159917 597875 540924 322122 298842 356616 309899 598294 571808 395531 231568
343357 504109 396203 307124 243797 105924 999999999 473332 493563 137005 292916 219472 146179 95672 451559 304222 708879 374850 248638 458115 526886 511040 464343 419803 609753 141271 388295 567068 371668 226629 224137 431351 571615 747649 147391 380845 471991 305185 248324 522789 511870 609728 443585 309826 515879 426262 452164 430478 403242 443820 545947 529443 571334 113220 402296 359413 433493 616076 650916 596279 518940 508690 126724 347964 444591 561710 513629 623205 468688 441236 278283 551252 632436 562006 646539 407969 478520 496793 367947 645207 550895 370340 742740 680400 287839 526021 656572 532468 583751 68353 700570 452360 217678 199343 348423 415323 588145 545056 320290 317045
679222 436797 778423 715888 696400 420114 473332 999999999 607561 383123 745598 389305 570241 541217 514839 777226 239151 709303 500167 182704 826197 74908 558940 428677 438858 425637 558693 359892 711160 684041 416630 671745 727587 653891 560791 356274 601799 410230 553088 125686 232903 690834 308457 776279 906218 71319 536825 142319 611679 685760 271232 127585 725421 365963 148685 128210 670934 152756 230781 376729 675017 461038 588562 820034 330232 292901 40582 209698 660454 273230 732601 914939 238002 141177 238648 677321 936955 840178 834052 670904 276993 177107 607160 207083 724818 62570 695145 962084 347540 463768 676648 649530 596550 654404 773120 440028 1011550 991254 497176 224587
282134 214948 379597 775389 679749 398857 493563 607561 999999999 390388 503207 304692 408957 443265 94052 645601 804838 864624 731247 442617 295335 578418 48633 180416 325192 608344 865904 357705 860655 658650 285189 923482 120428 317141 395803 251293 24006 745903 740568 542822 796743 116205 799369 694144 465366 621443 910718 683253 120697 161565 425825 548123 118126 514048 458889 589977 925416 745238 837794 373583 73136 191532 582844 688656 292112 420459 636670 588305 955934 348209 702622 432386 844787 748320 846210 193892 637023 356206 600099 162647 845719 432546 348418 753552 735177 613809 167511 576152 389125 556556 233907 939779 707922 643292 451525 167991 599675 637828 791824 399088
321617 370385 406886 443631 378531 39857 137005 383123 390388 999999999 363921 90408 187703 165756 332979 419835 622210 502529 343809 332338 494702 405944 353915 289427 473068 219614 476002 430319 500170 360295 105315 541008 485522 618465 177754 244849 371548 358005 361013 408243 480643 505200 444208 436592 534791 352069 521371 379815 323216 380951 413217 415100 484644 123863 284117 291871 542553 534209 588737 459529 429763 376927 261588 466022 307587 427910 423446 504596 568452 306015 411948 554188 578220 495084 588503 354808 555182 486516 456617 530446 525981 249226 609636 586711 424412 427135 544801 580592 447630 181182 579263 552494 347595 334302 391015 286808 631603 608141 401571 191734
227772 623748 183399 367776 258240 325754 292916 745598 503207 363921 999999999 389841 176370 206719 516155 159223 984663 493370 483313 684245 362555 769556 501265 534670 749151 417061 611813 734241 486544 241776 371567 604289 519669 815713 187469 536313 479494 575614 450758 768759 804779 601275 732827 221430 260207 707978 694742 720656 382662 369736 746280 775651 520957 404559 644410 643222 607698 894844 939265 761584 485875 615857 243599 194008 612196 755932 786115 861005 660412 633947 260587 316163 922975 848139 936148 326044 191385 295498 102844 664066 843593 608423 835144 950409 308434 791035 664003 243727 759318 340593 737104 645210 374739 248226 89680 523125 300926 252213 561681 549536
289990 284775 390395 525801 452043 113552 219472 389305 304692 90408 389841 999999999 219835 218400 242949 473905 623315 591022 433820 295663 446144 395237 265881 200765 394308 309469 564613 360083 588402 432565 28119 631400 406255 529531 206293 164867 287296 441218 451311 385631 526221 418059 507265 499915 517604 374330 606210 417652 251768 317648 358509 392476 405101 211065 263651 323934 632932 541870 610743 388978 349888 289327 337399 520873 235129 369943 427613 473181 658236 246604 483450 525938 606236 516279 613548 299170 576386 452214 489611 440617 573800 227258 523269 582026 501317 422355 455516 581322 381040 270271 488857 642340 435023 408804 396589 197237 627760 618351 489713 169523
204236 480105 250120 368455 270814 150150 146179 570241 408957 187703 176370 219835 999999999 52029 393101 258962 809392 468681 385042 510460 386608 593186 391726 389926 600596 286887 524124 575675 463696 249720 205909 550124 464185 699401 14627 376974 385350 451101 372215 592944 644775 521229 585670 294779 371433 535269 594014 553635 299853 322921 578335 599832 464485 245050 468531 471923 552811 720427 769291 604038 416852 477131 180376 305757 451196 589662 610678 686371 595257 466412 294747 405113 755366 676914 767376 282351 367502 351469 271900 570126 686493 432711 707678 774395 326235 614826 576468 399245 598458 210786 635311 579018 318052 234910 210320 380781 452768 421958 460371 373948
255330 493646 300904 332408 242564 125933 95672 541217 443265 165756 206719 218400 52029 999999999 417985 256881 779840 425255 333294 497127 438195 569720 421651 404480 609864 235424 472566 578474 420674 221917 210788 501467 506543 722843 57146 381945 420172 399697 322049 573840 601770 557568 538153 281829 420244 501550 541993 514518 339774 369001 572690 580685 506656 200575 449835 436545 504050 689169 732611 607341 457215 493327 139616 303662 453507 585682 581798 670308 545193 462292 270686 456007 716793 641425 729687 329741 397023 403398 293077 602162 642312 414974 726602 747245 296031 589027 610234 440637 599255 158917 664303 528915 271745 202566 254244 396884 495504 457881 408401 357257
313935 132359 421794 748135 660195 349426 451559 514839 94052 332979 516155 242949 393101 417985 999999999 645022 710865 826398 676725 348565 370573 484449 46317 86567 254594 552404 807072 273935 823139 639357 229794 873648 214368 306322 378818 159146 94556 679187 692454 448831 709142 185252 718411 686981 523175 531354 845008 595491 159524 225294 335318 454167 212004 453495 366185 503336 875267 651357 744670 293130 165751 113467 554660 690297 198477 331591 543277 496396 901184 254224 686648 499386 752474 655834 753430 244716 669858 420558 617428 197747 758146 341071 319246 659710 714014 519912 213683 625277 305108 509326 249043 885287 669165 620524 479153 74838 655296 681990 731918 311400
381284 738649 341583 232514 135703 380233 304222 777226 645601 419835 159223 473905 258962 256881 645022 999999999 1011279 362898 410356 752161 521355 814764 637078 648400 859556 385116 519335 833081 355403 129555 463171 486530 673551 950237 273535 634946 621604 521310 363750 824123 789437 749635 698670 65159 399984 727648 609579 723104 527009 523318 829571 830877 674647 412637 701493 660270 490268 917687 944171 861692 636188 734796 195663 46991 708211 842489 817393 922863 547816 719054 120618 462717 921547 858896 937604 479264 234408 451772 125296 808113 821739 667723 962949 984193 170348 830236 810391 344406 854844 321801 878393 534026 280319 152436 245372 638818 399991 319979 484701 611235
911639 606685 1013686 929350 922449 659261 708879 239151 804838 622210 984663 623315 809392 779840 710865 1011279 999999999 902819 697237 363085 1048857 232456 756977 625244 562207 644970 721762 488641 905969 911768 649831 840594 924699 771964 799916 560683 803563 588869 754529 262043 309796 870372 429486 1006089 1140856 283842 673896 305991 828990 904239 397470 256719 922218 598641 364664 351314 838933 94806 144329 492305 876271 632588 819404 1052912 513070 412076 198765 242072 814580 456641 958460 1145947 185751 172010 165187 900876 1175989 1069568 1072319 834673 323345 399576 712299 54548 945677 201587 860607 1200254 463837 692858 821436 806996 809906 882063 1011666 638657 1249036 1230284 674644 454536
664752 872510 668408 130418 235777 478687 374850 709303 864624 502529 493370 591022 468681 425255 826398 362898 902819 999999999 209162 771669 837285 772198 837996 791622 968569 306312 215856 915443 7837 251598 598376 132878 931713 1120549 479084 745099 842216 314931 158665 803723 612974 980202 494672 303028 752352 641147 305804 598186 764948 791499 874338 809218 931859 404200 704994 581842 136838 810379 793592 944086 882371 879452 288383 365354 800171 893565 742441 905408 197652 783747 242346 809495 759325 731435 780055 750319 593889 782059 488164 1019212 626279 682864 1111770 894732 192556 771607 1029678 707187 926514 321377 1075419 187254 157287 248854 582089 788211 762887 680608 233079 644130
588384 700622 626544 243376 280847 332483 248638 500167 731247 343809 483313 433820 385042 333294 676725 410356 697237 209162 999999999 571073 771479 563703 696968 627566 784821 124402 139783 725503 211216 281686 448339 200550 817070 954080 389962 571190 711088 120609 59068 596699 418649 847024 308217 373519 735350 432035 212427 391461 649251 692363 676361 602016 816613 225671 503195 372878 201574 603890 594937 753389 763176 711340 239752 435691 617146 696511 533331 697770 224839 593349 310496 780132 563342 527018 583057 656558 637378 734063 520823 874255 439604 484155 937405 687003 278425 562509 888452 724488 733502 180455 921733 208786 135405 258096 560042 626900 782127 718010 78405 451621
567716 256365 675654 747024 700845 372029 458115 182704 442617 332338 684245 295663 510460 497127 348565 752161 363085 771669 571073 999999999 690454 136964 394453 262472 260647 466342 662598 183376 771719 684437 317462 763856 562863 473267 497949 198317 440629 511664 613604 101764 409266 515767 462514 766561 799176 226418 662554 303857 468733 544074 108188 107736 560456 376520 68636 236578 763912 304164 402942 204699 513512 281327 584452 798268 153279 129974 202069 177607 766460 95432 735929 796310 416678 320554 414172 544309 871949 718058 782307 490635 455745 89944 430004 313249 740568 173138 515387 873236 177887 475215 494018 753221 634426 656475 691309 275691 917040 913104 591639 141415
183541 502573 180030 719761 610263 477787 526886 826197 295335 494702 362555 446144 386608 438195 370573 521355 1048857 837285 771479 690454 999999999 816422 328866 442255 619528 667384 910718 644482 831248 591155 418066 931926 228297 587580 381599 493327 281920 829275 757671 791797 970607 333584 938554 583967 193979 819112 978881 863538 222474 147912 700323 797996 230953 602483 685155 770063 934846 975880 1053371 663413 232469 481730 555349 552052 556108 699149 861790 855455 980046 604637 618963 143360 1051178 959329 1057465 148881 414720 83371 427540 410664 1017413 651667 631629 1001806 664204 848542 398147 316475 675597 594476 487840 963914 697047 589000 276971 427451 324174 385832 846054 601698
681172 392029 785063 770682 743113 444930 511040 74908 578418 405944 769556 395237 593186 569720 484449 814764 232456 772198 563703 136964 816422 999999999 530029 398008 377892 480214 629446 298820 773631 729380 420879 740846 698811 594074 582427 330383 575436 479625 614534 53544 303600 652644 383342 818988 911442 144378 610548 217226 596908 672080 206744 54029 696452 409934 132916 191671 740193 167242 267526 312613 648591 417328 631571 858965 290242 227373 72450 136894 731906 232385 779218 914533 284548 190952 279995 668424 960518 837732 862263 625752 345428 168652 543926 187391 775198 36427 650825 975801 282912 510106 624675 720582 652364 700034 788952 410767 1022929 1009663 565865 225731
289030 174293 393222 753861 661779 365859 464343 558940 48633 353915 501265 265881 391726 421651 46317 637078 756977 837996 696968 394453 328866 530029 999999999 132046 291666 573224 829880 317049 834356 640757 248762 891543 168979 314549 377923 202679 48826 706369 709184 494934 749314 152540 754213 682387 488495 573286 871753 635747 128101 186472 381046 500308 166711 476715 410264 542775 893335 696762 789161 334868 119455 152871 560419 681383 244780 376778 588053 542534 921803 300358 686472 461025 796212 699722 797588 210955 646271 382973 600828 181302 798309 384062 336658 705923 716538 565351 192372 594455 348389 525178 243588 905749 680797 623658 457297 119419 621804 653418 755254 351455
356348 90258 467618 724800 645551 314056 419803 428677 180416 289427 534670 200765 389926 404480 86567 648400 625244 791622 627566 262472 442255 398008 132046 999999999 214497 503620 752397 210911 789078 625338 197262 827241 300831 329041 375300 74943 178362 617710 649499 363235 626998 265675 642501 683535 579062 447296 783358 513441 221464 294423 258068 368711 298495 401916 280131 422703 828545 564836 658249 234899 251061 89351 533863 694919 115205 257519 456768 415380 849830 168920 674952 562900 666493 569771 667175 304889 702581 483387 637474 262561 675946 256170 323758 574517 696970 433399 282884 672519 240372 470493 296900 834287 635784 603543 511365 14839 707604 724287 676800 231078
564348 126987 674188 916694 846347 505213 609753 438858 325192 473068 749151 394308 600596 609864 254594 859556 562207 968569 784821 260647 619528 377892 291666 214497 999999999 666355 894441 79164 967069 826859 399077 984559 425307 216211 586032 229600 337632 747767 817021 326340 669241 340845 721006 891366 777769 487057 907045 564446 414103 478008 171855 328369 422347 565264 319960 492453 985243 532199 640304 69924 394574 141313 731281 906340 168479 153061 449916 321105 996805 196340 877647 752616 661333 568837 654853 499305 915564 674288 851964 286188 715039 320280 169365 507664 895190 412751 312435 878587 98679 650004 260340 982343 817581 803018 724127 226434 909727 933466 820126 336106
483990 578070 536240 290654 279280 210578 141271 425637 608344 219614 417061 309469 286887 235424 552404 385116 644970 306312 124402 466342 667384 480214 573224 503620 666355 999999999 257901 610363 305934 270854 324470 323652 697250 830872 288638 448796 588601 164274 150824 505788 404334 723832 318138 367242 653532 364438 313350 344663 530406 577731 568128 511716 696663 102327 400605 298591 324929 550166 563525 638792 642667 588080 190459 420975 498007 587268 462974 608457 348843 478324 314846 691341 538528 482919 555515 544171 591543 637999 475892 749998 437202 377057 815836 625963 300894 485650 764402 660534 620592 77795 797371 332903 172216 241613 482407 502717 717370 665265 185226 337991
727833 820164 762777 311925 383955 468453 388295 558693 865904 476002 611813 564613 524124 472566 807072 519335 721762 215856 139783 662598 910718 629446 829880 752397 894441 257901 999999999 829648 222126 390527 581285 119132 954772 1074601 529403 691268 846369 151502 161072 670087 417909 981113 296134 471975 868000 487432 93339 428654 787421 831815 770482 674489 954234 353615 594002 440133 117282 633824 600183 856304 900406 833016 369810 536493 729695 791773 585447 766319 103894 699118 406481 915269 562922 550287 584588 796260 752478 871620 637787 1004801 423382 581256 1053053 722022 364066 620631 1020116 848785 833878 320011 1048727 91343 240887 372444 692260 753061 906336 836076 75612 558340
567003 142952 678381 871778 808271 465524 567068 359892 357705 430319 734241 360083 575675 578474 273935 833081 488641 915443 725503 183376 644482 298820 317049 210911 79164 610363 829648 999999999 914427 789542 370025 923776 468118 295258 561409 198887 365551 681073 761104 247545 590801 394495 645447 859912 789518 409381 837761 487090 428670 498421 93573 249770 465276 511291 245537 417913 924252 454650 562137 29212 430215 166334 691683 880070 124977 76614 370779 250192 932778 132208 840968 770928 582558 489772 576397 513484 908899 691584 836807 349081 636337 249955 247494 434236 854728 333824 375337 883218 31421 601215 333048 918705 767890 764246 718590 225201 918497 934020 756229 273894
659162 870324 661977 122894 228767 475848 371668 711160 860655 500170 486544 588402 463696 420674 823139 355403 905969 7837 211216 771719 831248 773631 834356 789078 967069 305934 222126 914427 999999999 244802 595421 140639 927014 1117927 474231 743133 838180 318580 159472 804729 617152 976142 499203 295378 745367 643244 312483 601068 760430 786417 874057 810265 927180 403136 705220 583544 144598 813355 797523 943117 877865 877052 283335 357626 798722 893184 744540 906543 205400 782843 234888 802693 763465 734721 784123 745117 586223 775654 480683 1015609 630947 682764 1109601 897447 185055 773401 1025912 699731 925746 319112 1072177 194910 153991 242574 575357 785533 755383 672958 237508 643508
426437 713774 418498 128609 21103 324038 226629 684041 658650 360295 241776 432565 249720 221917 639357 129555 911768 251598 281686 684437 591155 729380 640757 625338 826859 270854 390527 789542 244802 999999999 429341 365907 708221 944672 263108 597404 635004 395145 234196 745445 672619 770360 576205 96650 501140 628519 480236 615011 547694 561574 772261 751962 708794 319512 627146 561248 369477 817193 834373 818709 663608 714473 99993 154965 665502 787667 723231 846953 424850 666278 51713 557900 809133 752853 826307 518462 361978 532231 248070 819785 702215 596098 948196 889058 77037 740690 826160 463474 807725 220277 884186 410377 150789 29713 330586 618227 520453 446080 355295 543580
262600 284571 364225 527640 449296 119940 224137 416630 285189 105315 371567 28119 205909 210788 229794 463171 649831 598376 448339 317462 418066 420879 248762 197262 399077 324470 581285 370025 595421 429341 999999999 644111 383149 523672 191810 171843 266694 461638 462668 409553 553942 399885 533210 492436 491044 402396 625868 445637 225854 290463 374798 416363 382110 228859 288700 351998 645786 569067 638690 398552 326969 286601 336691 510150 245351 385008 454707 495050 673145 262472 479567 498378 634328 544240 641582 271263 556051 424362 472481 426449 601415 252445 521019 607961 500064 448612 440148 557059 392550 279661 477967 657122 441527 406824 373849 191741 602706 595653 506885 195467
753059 901114 771055 257541 353500 525685 431351 671745 923482 541008 604289 631400 550124 501467 873648 486530 840594 132878 200550 763856 931926 740846 891543 827241 984559 323652 119132 923776 140639 365907 644111 999999999 1002503 1154381 558193 771694 902435 261517 183091 779167 536989 1039660 415169 429947 864478 600815 191681 545224 834109 869960 870689 783907 1002298 425727 695337 549794 3960 752123 719229 951317 950223 911600 376768 493611 817244 891396 700156 877359 64794 791872 366545 917995 681780 668947 703509 831194 720096 883523 610836 1070545 541479 679155 1137936 839972 318127 734090 1083740 828597 930520 366928 1120171 55658 235090 356093 690626 826148 885165 806292 175035 650048
292467 327721 363702 831577 729118 486943 571615 727587 120428 485522 519669 406255 464185 506543 214368 673551 924699 931713 817070 562863 228297 698811 168979 300831 425307 697250 954772 468118 927014 708221 383149 1002503 999999999 360823 453009 371357 126764 843522 819752 662774 912937 105763 909865 728749 418870 739787 1006219 799772 168405 150253 541792 667993 3012 608849 578964 705861 1004753 865662 957984 480852 56444 302722 644183 712718 411671 534851 757000 705327 1039893 468212 747374 371628 964502 868170 966211 194289 621587 305347 606909 183197 961820 552019 408841 873132 785204 734229 169850 538859 499321 638039 259819 1023587 777808 697139 451420 288395 551501 606042 882401 516411
598880 254442 695994 1050208 965391 642342 747649 653891 317141 618465 815713 529531 699401 722843 306322 950237 771964 1120549 954080 473267 587580 594074 314549 329041 216211 830872 1074601 295258 1117927 944672 523672 1154381 360823 999999999 685091 383525 339624 933909 978047 542524 882489 255144 927101 993218 772870 698916 1097494 775297 436505 474441 387963 544472 357990 728666 527539 697935 1155547 747241 855928 283586 359634 242792 857501 995038 351812 368622 666012 529917 1174156 396542 992494 730693 877473 785025 870751 510263 954104 660189 914728 177705 928982 521684 68167 717547 1018615 628959 194512 888487 313311 799522 104009 1158914 964418 924975 768279 332448 907098 952249 999114 524501
198434 465481 250729 380702 284183 141201 147391 560791 395803 177754 187469 206293 14627 57146 378818 273535 799916 479084 389962 497949 381599 582427 377923 375300 586032 288638 529403 561409 474231 263108 191810 558193 453009 685091 999999999 362654 372272 452541 379161 581327 639958 508511 583336 309322 373879 527153 597736 547298 287833 313162 564788 588218 453248 241713 456958 464401 560814 711452 761929 589733 405046 462515 191174 320310 437008 575939 601156 674172 602304 452771 308610 405286 748674 669218 760361 273268 378095 349409 284386 556680 682206 421011 693142 764344 339419 604561 563294 405963 584321 213611 621487 586031 327258 247623 216443 366158 458803 430667 464536 362158
383739 129442 494627 687967 616814 275811 380845 356274 251293 244849 536313 164867 376974 381945 159146 634946 560683 745099 571190 198317 493327 330383 202679 74943 229600 448796 691268 198887 743133 597404 171843 771694 371357 383525 362654 999999999 246059 552542 597693 300079 552055 340592 569072 663774 613244 372641 717445 438500 271043 346280 218281 306025 369172 346474 207616 347950 772762 495966 586635 227085 319364 142015 501690 681914 76060 223793 385906 363488 790631 112316 648317 604500 593579 497051 594921 348985 714102 525411 638640 335482 601004 181942 367384 511468 665609 364941 356615 697561 223035 424327 364020 775399 591703 573430 525461 84459 737009 744237 615729 156725
259285 222657 358290 752127 656106 378604 471991 601799 24006 371548 479494 287296 385350 420172 94556 621604 803563 842216 711088 440629 281920 575436 48826 178362 337632 588601 846369 365551 838180 635004 266694 902435 126764 339624 372272 246059 999999999 728146 719426 541582 786441 138012 785862 670155 447133 613044 892561 673181 97266 143255 429758 547072 124867 495378 453357 579410 904412 741715 832429 382885 73304 200587 559782 664689 292398 425600 631956 590933 935619 347250 678826 416488 838274 742098 840309 173008 614935 339346 576671 186650 835355 425731 369054 752874 711585 610453 191197 556339 396922 535542 257695 919432 685680 619830 428701 164938 581168 617253 772562 389659
646336 679916 700497 363836 396665 360172 305185 410230 745903 358005 575614 441218 451101 399697 679187 521310 588869 314931 120609 511664 829275 479625 706369 617710 747767 164274 151502 681073 318580 395145 461638 261517 843522 933909 452541 552542 728146 999999999 179176 519154 300287 858860 187647 489488 817100 339347 165893 286754 680000 732822 619700 523679 842649 235044 443148 289246 260734 497453 479256 707268 787752 694501 337342 550096 585314 641132 439061 616325 255321 551680 428010 855593 446062 417081 466345 701642 741710 801947 624934 875743 319294 431697 909020 583507 398246 472595 892827 819263 684204 241513 914527 242750 254402 369316 644805 619906 876539 819220 87431 412435
576363 726558 604472 184684 230636 343514 248324 553088 740568 361013 450758 451311 372215 322049 692454 363750 754529 158665 59068 613604 757671 614534 709184 649499 817021 150824 161072 761104 159472 234196 462668 183091 819752 978047 379161 597693 719426 179176 999999999 645260 477716 856764 366805 322239 707483 486118 247120 448556 651348 688851 717043 650804 819511 252007 546643 425117 185184 660837 653749 789476 767257 735489 209454 385629 648607 736572 587300 747118 223144 629008 257871 755871 622342 584861 641999 650933 594678 714693 479037 888769 498417 525172 965060 743070 222590 615103 901503 688155 770974 184090 940008 206870 83616 213589 531751 647556 745752 677215 122006 488287
665201 348583 771704 794615 760241 447960 522789 125686 542822 408243 768759 385631 592944 573840 448831 824123 262043 803723 596699 101764 791797 53544 494934 363235 326340 505788 670087 247545 804729 745445 409553 779167 662774 542524 581327 300079 541582 519154 645260 999999999 356770 611324 433173 832471 896515 191493 655753 267064 570319 645669 154606 6892 660311 427924 124422 229961 778707 210260 315352 260121 614236 374264 646358 869235 251336 174710 125712 102740 773270 194613 796094 895740 335018 243043 329071 645189 958559 817878 864190 580750 398915 160351 491341 211580 795262 86572 606176 966605 230339 528626 576309 761416 677748 716501 782097 376725 1011912 1003737 604217 219285
802074 652804 884887 661213 678525 506426 511870 232903 796743 480643 804779 526221 644775 601770 709142 789437 309796 612974 418649 409266 970607 303600 749314 626998 669241 404334 417909 590801 617152 672619 553942 536989 912937 882489 639958 552055 786441 300287 477716 356770 999999999 892595 121879 769250 1011608 184471 364426 113652 774462 843323 503809 357629 911165 401217 358604 207093 535009 231494 182321 608866 857519 675221 594331 824885 544645 525618 234416 424325 506704 491255 712683 1034475 146384 146615 167418 825095 988707 967065 875254 883065 49006 373678 838286 320700 689551 276488 905837 1042399 579924 471703 897311 499994 546383 644073 854863 635780 1096994 1056919 380066 397919
374334 263709 458109 889001 791456 514790 609728 690834 116205 505200 601275 418059 521229 557568 185252 749635 870372 980202 847024 515767 333584 652644 152540 265675 340845 723832 981113 394495 976142 770360 399885 1039660 105763 255144 508511 340592 138012 858860 856764 611324 892595 999999999 903649 801006 522369 712764 1024165 778996 223770 236107 476913 615841 102971 628504 543381 687646 1041584 819604 917943 402614 116566 237793 697171 791173 362620 466619 716176 640885 1071787 420541 813018 476938 928757 831918 928130 277581 717654 408937 693791 77455 941561 521361 304889 817240 847191 688895 65934 640956 424626 672739 154256 1055654 823692 756097 540396 256934 655743 707035 906769 495651
761778 683695 833543 551479 579709 461893 443585 308457 799369 444208 732827 507265 585670 538153 718411 698670 429486 494672 308217 462514 938554 383342 754213 642501 721006 318138 296134 645447 499203 576205 533210 415169 909865 927101 583336 569072 785862 187647 366805 433173 121879 903649 999999999 672036 957038 242583 244920 166193 758957 822434 566345 435633 908434 342198 401127 229212 413165 346237 304060 667182 853499 703511 507142 730704 577836 588645 323119 515169 385371 530564 612356 986956 267013 260869 288546 798579 909679 924880 793958 904545 132224 405609 889815 435771 584850 363718 925367 975065 639887 392563 928713 378341 440812 548897 791981 648867 1031218 982763 261711 412756
437736 773417 404689 173009 92854 398150 309826 776279 694144 436592 221430 499915 294779 281829 686981 65159 1006089 303028 373519 766561 583967 818988 682387 683535 891366 367242 471975 859912 295378 96650 492436 429947 728749 993218 309322 663774 670155 489488 322239 832471 769250 801006 672036 999999999 465107 722445 563913 710938 577406 578878 849674 839098 729704 410466 712048 655030 433768 911689 930661 888861 689186 771425 187780 64629 735010 863884 815839 933031 492530 741084 65502 527850 905672 848518 922756 534832 290882 515765 187932 856767 798608 679697 1002457 982153 111838 831809 860380 406558 880043 313318 925254 479370 239065 125631 309149 674920 461272 377581 444244 625153
231463 653690 128211 624862 516601 505638 515879 906218 465366 534791 260207 517604 371433 420244 523175 399984 1140856 752352 735350 799176 193979 911442 488495 579062 777769 653532 868000 789518 745367 501140 491044 864478 418870 772870 373879 613244 447133 817100 707483 896515 1011608 522369 957038 465107 999999999 884502 947772 914316 363687 303975 830570 903176 421340 615579 778737 826386 867877 1058961 1122041 812040 413302 636560 498196 418235 684857 833538 944969 973663 920220 724762 514622 68814 1112855 1027824 1122657 278473 235135 113531 283145 598253 1054880 742792 811899 1098744 563968 939642 587906 122978 819366 575812 675964 904902 633826 508433 175745 564543 134500 193137 813553 686473
662403 468744 756291 652988 639713 386115 426262 71319 621443 352069 707978 374330 535269 501550 531354 727648 283842 641147 432035 226418 819112 144378 573286 447296 487057 364438 487432 409381 643244 628519 402396 600815 739787 698916 527153 372641 613044 339347 486118 191493 184471 712764 242583 722445 884502 999999999 466183 78158 611590 683705 325935 194468 737832 315082 174229 67473 599960 190053 237596 429108 685432 491486 535581 769096 360578 348146 101296 280585 589135 306801 675826 898398 232082 143330 239335 670786 898566 826047 792131 700102 232342 191520 656402 261558 665154 133304 723276 932316 400896 409142 712931 578230 533323 598807 742599 457024 983657 957157 426465 224092
795347 844058 838297 405252 474777 520189 452164 536825 910718 521371 694742 606210 594014 541993 845008 609579 673896 305804 212427 662554 978881 610548 871753 783358 907045 313350 93339 837761 312483 480236 625868 191681 1006219 1097494 597736 717445 892561 165893 247120 655753 364426 1024165 244920 563913 947772 466183 999999999 398248 841114 890741 770575 659380 1005447 397586 595065 429519 188616 591060 543717 862945 950791 859246 451244 628287 747325 792507 558337 746524 146276 710725 498487 992246 504240 505762 526434 857517 841613 944714 726138 1041634 360740 587863 1070541 680536 456880 596617 1058668 934380 838498 384405 1080071 143274 329600 460625 772412 785707 992021 924334 134451 573966
699011 541186 786600 624259 623933 409223 430478 142319 683253 379815 720656 417652 553635 514518 595491 723104 305991 598186 391461 303857 863538 217226 635747 513441 564446 344663 428654 487090 601068 615011 445637 545224 799772 775297 547298 438500 673181 286754 448556 267064 113652 778996 166193 710938 914316 78158 398248 999999999 663477 733380 404093 269454 797970 317287 248460 94637 544003 212435 221237 507124 744505 563157 527873 762012 433181 426303 160125 350353 527762 381101 659499 933446 202319 138525 216071 716800 908685 863910 798286 770275 162655 261117 733811 296937 643309 199211 792838 952879 478995 401303 786273 517979 505184 585532 763685 522150 1006099 972376 373911 284312
162529 290370 265121 668308 568761 320943 403242 611679 120697 323216 382662 251768 299853 339774 159524 527009 828990 764948 649251 468733 222474 596908 128101 221464 414103 530406 787421 428670 760430 547694 225854 834109 168405 436505 287833 271043 97266 680000 651348 570319 774462 223770 758957 577406 363687 611590 841114 663477 999999999 75351 479090 576423 168192 444962 467259 568861 836353 758899 841310 449905 117441 272873 478506 569401 334124 478983 645672 633028 871663 382165 589586 342281 842321 748259 846904 85342 519244 262915 479430 281754 822664 435157 463423 781033 624670 629911 283389 466871 459209 469846 354485 855350 610240 534528 331826 206628 495841 525342 715629 389112
142244 357648 223025 686668 582296 372824 443820 685760 161565 380951 369736 317648 322921 369001 225294 523318 904239 791499 692363 544074 147912 672080 186472 294423 478008 577731 831815 498421 786417 561574 290463 869960 150253 474441 313162 346280 143255 732822 688851 645669 843323 236107 822434 578878 303975 683705 890741 733380 75351 999999999 552481 651770 151408 498928 542074 638937 872451 833626 914887 518338 119624 338077 503115 562517 408203 551564 720166 707702 911357 457115 599191 274609 915039 821520 920089 44073 482612 196554 458955 306100 891162 509614 509430 856367 638329 704937 301247 415071 529341 511908 383017 895023 640402 552095 304597 279606 438173 477876 762084 462395
601866 214944 712876 843049 789735 451547 545947 271232 425825 413217 746280 358509 578335 572690 335318 829571 397470 874338 676361 108188 700323 206744 381046 258068 171855 568128 770482 93573 874057 772261 374798 870689 541792 387963 564788 218281 429758 619700 717043 154606 503809 476913 566345 849674 830570 325935 770575 404093 479090 552481 999999999 156519 539083 474301 176555 343296 870827 361093 468626 105960 498948 240639 672597 876319 145947 22304 279088 164203 874310 112335 823973 818866 489510 397480 483026 561272 928583 739413 847249 437427 548215 192219 337237 343347 832415 241134 463461 915776 76431 570376 425756 860962 733270 745286 741767 272877 955211 961649 699139 232687
671844 352859 778423 800711 766712 454811 529443 127585 548123 415100 775651 392476 599832 580685 454167 830877 256719 809218 602016 107736 797996 54029 500308 368711 328369 511716 674489 249770 810265 751962 416363 783907 667993 544472 588218 306025 547072 523679 650804 6892 357629 615841 435633 839098 903176 194468 659380 269454 576423 651770 156519 999999999 665518 434291 131307 234435 783422 206733 312604 261655 619653 378590 652917 875966 256427 176217 125408 96741 777579 199951 802580 902247 333004 241768 326634 651493 965450 824342 871070 584618 399313 167243 492711 205895 801590 85335 610108 973419 231843 534994 579381 765804 683729 722998 788955 382269 1018684 1010601 608922 226177
293648 324954 365561 832008 729703 486305 571334 725421 118126 484644 520957 405101 464485 506656 212004 674647 922218 931859 816613 560456 230953 696452 166711 298495 422347 696663 954234 465276 927180 708794 382110 1002298 3012 357990 453248 369172 124867 842649 819511 660311 911165 102971 908434 729704 421340 737832 1005447 797970 168192 151408 539083 665518 999999999 608031 576786 704098 1004539 863331 955784 477959 55214 299930 644417 713917 409174 532092 754757 702650 1039532 465763 748083 374296 962393 866038 964053 195410 623590 307812 608454 180388 960056 549933 405902 870617 785788 731893 167206 541227 496471 637678 257080 1023229 777840 697595 453026 286113 554048 608338 881792 514525
422255 475744 491403 370550 333224 126317 113220 365963 514048 123863 404559 211065 245050 200575 453495 412637 598641 404200 225671 376520 602483 409934 476715 401916 565264 102327 353615 511291 403136 319512 228859 425727 608849 728666 241713 346474 495378 235044 252007 427924 401217 628504 342198 410466 615579 315082 397586 317287 444962 498928 474301 434291 608031 999999999 314022 247799 426925 505136 537714 539997 553279 485879 222689 454569 396793 492526 405742 530231 448534 379814 369302 644790 519340 449125 533335 469349 591503 583761 481152 651239 441887 286580 713581 572373 367420 421464 666515 641210 522991 100703 696669 432829 258975 290115 454243 401440 696000 656735 278648 241899
548298 294663 652628 684261 642784 323905 402296 148685 458889 284117 644410 263651 468531 449835 366185 701493 364664 704994 503195 68636 685155 132916 410264 280131 319960 400605 594002 245537 705220 627146 288700 695337 578964 527539 456958 207616 453357 443148 546643 124422 358604 543381 401127 712048 778737 174229 595065 248460 467259 542074 176555 131307 576786 314022 999999999 172564 695372 291664 379083 269075 526622 317720 527436 746957 186559 198079 179217 221405 697855 132747 678296 781659 386362 289661 387329 536749 834393 704989 739787 526976 406570 36444 488693 320294 680456 163481 550565 844928 243671 413952 538716 684594 570145 598646 659240 291362 891301 880617 523006 95239
607843 456579 698304 588243 572626 324044 359413 128210 589977 291871 643222 323934 471923 436545 503336 660270 351314 581842 372878 236578 770063 191671 542775 422703 492453 298591 440133 417913 583544 561248 351998 549794 705861 697935 464401 347950 579410 289246 425117 229961 207093 687646 229212 655030 826386 67473 429519 94637 568861 638937 343296 234435 704098 247799 172564 999999999 549239 257422 297561 440774 650427 477362 468112 701639 349692 365494 164448 327662 543396 301395 608766 843123 286473 205066 296685 622896 833343 772430 726014 682051 255958 176828 660923 328182 598864 189989 703976 870243 414427 341715 702043 531467 468750 531537 680543 430743 922335 893326 374759 192009
