NAME : synthetic_000323
TYPE : CTSP-D
DIMENSION : 100
GROUPS : 8
RELAXATION_LEVEL : 1
EDGE_WEIGHT_TYPE : EXPLICIT
EDGE_WEIGHT_FORMAT : FULL_MATRIX
EDGE_WEIGHT_SECTION
999999999 412062 453748 562391 807823 906627 882577 228949 664544 258531 209052 549476 654412 609597 198517 791770 406910 256531 83007 307035 781790 423744 382198 485117 966872 759092 438847 616935 950126 437551 466387 232074 508363 331638 379853 954584 881002 124792 361025 132446 242043 875303 842230 424477 334524 150241 294118 711504 700018 138185 666881 454779 653058 219877 82775 577224 471784 233648 741467 253898 92553 743922 550954 383351 134355 435636 397938 596023 327211 858123 972062 812373 364689 831996 711018 881402 372065 596044 712815 392778 400017 827242 430471 209413 668790 789216 438273 550991 943343 288741 443296 170986 373227 245171 829875 719071 673186 436863 838993 828428
412062 999999999 278368 522880 480325 507668 547422 234924 359181 522503 280489 207971 247800 392636 361928 438322 604004 234052 470834 457431 372349 341607 629010 350139 659761 492719 41139 364239 612594 330123 566366 180026 454772 592464 317007 656211 609111 374978 281437 536320 432307 505769 555106 683532 555878 262329 234334 365549 452472 428975 258864 89661 296850 298562 437879 326595 232754 491713 402559 500184 325102 380417 344220 88520 420132 625975 350399 269454 556860 465510 605217 529316 393054 443214 299061 506065 547096 184786 373806 252868 79476 482962 353048 501817 497582 401124 510770 431947 562929 233530 699531 333006 347607 514912 446068 482018 477662 258185 436734 470725
453748 278368 999999999 248583 736023 689908 795613 412267 227217 666453 449968 478489 445578 670912 521630 681944 418760 200327 535282 645101 535050 90028 468567 71980 515478 766249 253219 164638 509526 589096 785181 305503 711496 744143 102733 501930 427293 347322 524069 531879 313681 463809 389392 519632 723912 338494 161011 296351 246398 544340 448964 209524 261443 237487 426364 604891 508867 385138 657511 650358 367757 621465 98065 193921 535883 431759 594810 191750 721075 481957 826722 359443 186987 650503 450185 476104 364468 376063 630808 509660 199141 397386 606664 628565 238688 613815 280829 153995 772001 449344 530914 290988 135089 405873 441748 759278 755885 526008 617869 708862
562391 522880 248583 999999999 984093 920694 1042496 608718 375993 812698 636882 726351 688090 912955 693515 928588 308573 368802 643300 822055 765414 185274 377918 177950 554694 1013896 500799 289512 591849 813761 975287 503131 931319 889299 221988 532465 441247 437655 741570 586881 335086 604194 435298 412566 882019 501637 336288 461193 302240 685784 689939 458100 457740 359891 501909 848721 748105 386292 905672 802324 501237 868092 232575 435329 678823 304419 809986 395291 876742 655779 1067226 410349 198502 889658 682146 622471 278313 620325 879176 735707 443524 519897 827241 766904 190308 855010 156810 115542 1009564 658907 415584 396225 206671 396473 610207 1004894 997420 758317 850461 954373
807823 480325 736023 984093 999999999 265130 75060 578884 697675 770787 604134 276185 312507 248700 653123 74120 1081525 708373 831602 655221 315699 812924 1100690 806155 899872 134177 490504 752241 812845 415848 643370 609247 453417 805927 793994 910142 908591 820602 467854 939985 902349 670614 849566 1154665 751987 683508 713754 643429 817540 748951 316977 527560 594183 768466 863432 242474 336930 953851 78623 746507 745224 125042 769713 566396 742890 1104513 472566 625661 759622 573697 191665 835869 873008 192564 359982 654814 1025160 370391 106606 424841 553208 712930 440400 782092 907571 189052 990143 879133 205152 521641 1171589 791877 826128 976157 595794 189695 259957 380041 263842 82870
906627 507668 689908 920694 265130 999999999 251212 690878 572139 938732 728145 370885 261197 474442 795804 203067 1090137 736146 951299 834438 155432 778195 1125010 750178 698234 397214 495793 647042 603222 601927 860337 679345 675085 988717 773673 713485 733126 882510 626832 1036342 933277 465466 677605 1179381 938198 762112 727027 497253 688416 885331 252219 509909 472081 802333 942745 436393 484496 996455 252816 913877 826423 203875 689071 573040 877658 1108314 656809 527077 943908 364211 178326 671594 861262 88572 239850 445743 1032966 330286 264708 578660 555713 529067 631158 937662 799098 125473 968598 806350 109689 649752 1194032 840148 808846 1019777 399340 447664 511534 540372 72873 182320
882577 547422 795613 1042496 75060 251212 999999999 653666 741056 844025 679170 346795 360097 317860 727984 114007 1150525 777832 906662 727768 337713 874960 1171345 864688 923214 184600 554786 800803 832703 489044 709471 681955 519986 877507 858030 935312 940640 893571 542569 1014797 973049 690957 882260 1225480 823314 757108 781614 681023 861318 823861 362001 589059 636826 838888 937521 316713 411944 1025744 146031 819860 819153 174445 823444 632013 817838 1173045 545540 674029 831171 591287 131126 870683 938711 199377 395379 673572 1093897 423567 175418 499807 618084 740804 512889 856191 956737 211694 1055088 935226 165270 596661 1242227 863711 890806 1048191 618173 244354 317411 454966 270563 94171
228949 234924 412267 608718 578884 690878 653666 999999999 569024 287898 45669 325156 450415 388384 127348 564368 564641 240006 261003 236380 578579 429953 562575 471068 877375 533921 272879 549983 839231 230643 373311 107817 331697 359494 388340 870711 812654 264402 150290 361137 375534 739031 763497 612740 326869 127750 273382 591148 640511 199272 464241 309076 524209 264967 289632 350251 243064 406362 513156 266060 176723 518497 504630 254060 190853 592020 208990 484325 326589 700255 745233 735457 424314 612119 517273 740185 515448 402272 484723 170169 264074 710045 233800 267475 650906 569722 533350 553117 719494 65012 631153 258306 402482 425768 680840 497642 458990 212028 626527 601245
664544 359181 227217 375993 697675 572139 741056 569024 999999999 848774 612938 496769 385332 712390 692558 630200 627677 408566 742813 804125 422524 303044 684385 244201 309098 765961 318698 86784 286059 686621 923928 474922 810608 924260 328262 301688 250035 568254 640529 754168 540643 241046 196293 732597 895411 531494 372898 85236 120262 735300 380831 270120 104277 457766 647390 642422 574649 611967 624827 829458 573813 572936 157476 314976 726404 635794 709545 90198 894546 280049 735888 170136 405409 560509 348467 255928 577386 335485 604195 611115 305979 170190 710970 817436 227524 533973 474830 262674 671948 585555 741801 511571 357442 632351 234921 776756 794692 611172 507648 647299
258531 522503 666453 812698 770787 938732 844025 287898 848774 999999999 242230 569264 720718 531104 160601 778926 660127 468756 192500 119464 846119 657507 626686 712253 1157857 683543 560774 819368 1124512 354997 239710 373858 359327 77920 612769 1149488 1085676 380061 312482 316628 500483 1026848 1039862 661975 78917 328118 508237 876861 908182 126958 735325 595954 810777 455710 336452 528986 455047 487971 722282 24865 312271 746142 763882 536474 134214 688625 298545 767319 70086 987090 956699 1010955 614268 853513 793618 1028083 629048 681279 697850 360391 548408 995871 331805 50555 898067 813489 695787 786627 945760 300800 680310 416514 613737 496153 968567 630489 566888 400871 881600 815656
209052 280489 449968 636882 604134 728145 679170 45669 612938 242230 999999999 359485 491901 400600 81691 594166 571385 268922 228440 195409 619738 461680 563645 506173 921599 550227 318546 591613 884394 231550 339461 144610 319208 314048 418901 914597 855365 265991 152922 338623 383980 784687 806845 611990 282486 140663 304727 636360 681935 157885 505945 354487 569594 284652 278494 369380 267258 407149 541409 220435 175318 550753 543910 298196 149882 599358 199408 528895 281850 745685 775387 778609 447649 647788 560284 785853 524790 445732 513572 183993 308766 755300 228743 222601 688088 605720 552469 587042 752478 82624 630644 269580 430215 425017 726466 510108 465863 228453 665124 631254
549476 207971 478489 726351 276185 370885 346795 325156 496769 569264 359485 999999999 173054 216392 425016 245111 805490 432268 585965 469489 284731 548016 824718 550318 760787 287783 225555 529666 691863 252768 521649 336898 357086 622828 524868 763872 737576 548618 259833 681615 626385 560033 679067 878785 574356 414863 438801 468966 608903 515532 187728 270251 404680 492365 597098 146715 122528 679132 200802 544467 478331 194513 529138 296107 508075 828689 301361 410927 579166 486095 423366 658392 600516 288557 253996 552018 749252 174434 171387 211786 284922 569573 282953 566839 677872 246870 718497 628942 394458 279521 895612 517109 555570 701671 486464 285335 297926 179325 312360 280868
654412 247800 445578 688090 312507 261197 360097 450415 385332 720718 491901 173054 999999999 370661 566905 247004 832531 474982 705778 629993 128334 530345 865168 511631 611220 387997 234614 441008 534209 424711 693435 423716 529761 780481 520716 617676 604859 622667 421908 781728 672367 396904 545498 919643 734841 506818 466700 335427 505065 649378 14991 251700 282310 541141 685171 305962 293432 735263 239815 696381 570650 188255 464493 312233 641096 851752 470852 314207 738639 316102 381255 529246 606768 206566 80969 386543 775236 71029 220732 375557 295104 419398 454745 711238 596836 168381 717978 578093 328780 420772 934616 579282 555382 758583 321449 408685 442705 348879 189364 268451
609597 392636 670912 912955 248700 474442 317860 388384 712390 531104 400600 216392 370661 999999999 431742 278791 941061 578323 617456 412977 450755 728909 946487 742532 974996 154043 421790 740961 902799 180429 395560 453028 205807 560480 698592 978904 953960 650697 249398 737634 752838 767255 895411 998052 506056 510823 596320 685036 822705 527179 383410 471372 621067 626726 677029 69969 166597 791688 223347 507542 564930 272084 733130 478209 522423 967046 234096 625450 514157 685618 440223 874778 762803 386732 448257 757199 888111 388573 209909 218377 471778 783166 199807 548055 884876 358200 880546 824583 445233 324008 1016179 635579 724896 812035 692038 109546 85081 177051 441646 311182
198517 361928 521630 693515 653123 795804 727984 127348 692558 160601 81691 425016 566905 431742 999999999 650524 594238 331545 186711 128551 693899 524960 576884 573905 1001509 585214 400192 668167 965569 252446 285334 219669 310401 232692 480984 994035 933153 289575 185845 313482 413519 866377 885571 621334 203762 192248 369608 717623 758056 96114 581238 436009 651060 334503 279082 412293 320830 423264 595760 138770 202591 611303 617329 378453 90789 622834 205602 609409 202219 826786 831287 857076 498865 713168 637475 867505 552705 523822 569129 228590 389593 836601 239810 144345 758056 671808 595796 652618 813105 146921 640168 308009 488133 437972 807981 539339 486551 273141 735102 687693
791770 438322 681944 928588 74120 203067 114007 564368 630200 778926 594166 245111 247004 278791 650524 999999999 1042308 670808 822589 667070 241593 761930 1065506 750825 826223 196299 443330 688008 738847 427744 672512 581925 483761 820329 745917 836751 836692 793554 468881 924195 867569 596608 777817 1119858 767512 659835 672604 573186 750374 745029 249759 476112 526203 733202 841852 253594 329715 922550 57373 754242 723080 60501 709570 521295 738337 1064253 484549 561205 774377 499578 181234 764779 827567 122781 288359 580729 985418 309602 81477 422842 506857 639908 454899 785513 843836 115069 943344 821220 168864 511781 1136284 760731 779031 945286 521908 244712 308898 379629 192201 37178
406910 604004 418760 308573 1081525 1090137 1150525 564641 627677 660127 571385 805490 832531 941061 594238 1042308 999999999 373248 468238 712457 938980 330352 70696 383628 856274 1072845 602774 545262 882213 795214 872493 488125 890548 727283 321342 835392 745280 306510 714918 363410 189294 868509 732294 106665 738223 436899 369940 706913 588470 544990 839494 580952 679504 316116 325081 889915 778568 173264 1004869 658704 397052 984306 470376 523654 541255 28739 770229 609851 730070 898306 1206834 705028 232998 1038076 854629 883579 57310 761713 975718 729325 539620 791669 797608 609657 492537 997677 159031 384370 1159994 628546 114199 307087 286233 164073 856348 1046950 1018035 765741 1017264 1074621
256531 234052 200327 368802 708373 736146 777832 240006 408566 468756 268922 432268 474982 578323 331545 670808 373248 999999999 336570 458876 592543 193594 395069 243851 710485 702806 240369 361244 694511 453925 608277 136275 566631 546658 150146 698542 626745 166376 377877 350528 198406 626324 586364 449559 529849 141335 39611 459755 446256 344979 484150 233344 405614 66454 243386 522337 412525 260394 631987 453927 167943 613739 298386 164090 336678 396779 444165 344167 526203 619920 839266 556590 188462 675852 512006 634271 317222 406425 602761 379096 181910 573328 464112 429275 429448 634163 303737 321132 796361 292714 465699 112466 162486 283726 587297 680814 659152 408848 663966 703945
83007 470834 535282 643300 831602 951299 906662 261003 742813 192500 228440 585965 705778 617456 186711 822589 468238 336570 999999999 266356 834035 506747 434309 567965 1046910 770333 501297 697730 1027659 438947 419272 292821 490612 259615 462823 1035111 962556 206016 369145 132943 317137 948491 922920 470682 271212 216946 374897 786639 781674 96788 718978 522367 726369 302718 147769 593864 495160 297106 769797 193878 169120 778567 632805 452576 98652 496632 392002 671642 262586 926555 1003800 893128 446321 873099 767314 953650 439325 651629 742008 407928 468404 903448 426394 141949 751786 830663 514753 633955 980002 310968 489172 253943 456115 304166 900250 725595 673239 452949 885965 859665
307035 457431 645101 822055 655221 834438 727768 236380 804125 119464 195409 469489 629993 412977 128551 667070 712457 458876 266356 999999999 751917 652465 689112 699825 1111542 564733 497928 786300 1069402 239926 160235 339990 241329 154318 608732 1105631 1048880 412276 209712 399155 536734 961999 999250 730156 105013 320623 496373 821573 876776 172671 644890 539474 753450 462989 389809 414834 350320 539597 609982 97669 328573 637674 739316 489392 174273 741187 182978 718051 109725 913128 842916 971408 627282 747780 706381 961010 673956 598222 586664 257707 498240 939793 214888 147838 882836 708972 722708 779514 835074 224182 748912 435035 616534 552079 899009 511227 447430 294072 780675 703420
781790 372349 535050 765414 315699 155432 337713 578579 422524 846119 619738 284731 128334 450755 693899 241593 938980 592543 834035 751917 999999999 623727 976253 594789 586188 425170 354168 494307 497515 536212 804415 550430 631213 903910 620632 597776 604276 745483 542483 908188 787427 355286 546447 1030385 856930 633453 580206 352513 540953 777380 115104 361731 320303 658996 810181 394938 407187 852607 263748 821614 696934 201150 534084 428458 769143 956393 586022 372585 861220 258051 313630 536600 708649 142069 84955 339158 881996 188047 258149 495027 410688 403242 566438 838129 647938 127614 814452 651258 249510 547311 1044561 699937 655911 875929 281201 460988 510057 464056 85773 245301
423744 341607 90028 185274 812924 778195 874960 429953 303044 657507 461680 548016 530345 728909 524960 761930 330352 193594 506747 652465 623727 999999999 382908 66362 569456 834262 323543 227388 575632 629112 801124 322715 747702 735324 44751 552985 470943 305709 558004 482494 245132 543535 441666 432786 721493 333560 156983 378620 293071 531575 534594 285901 349184 204774 381748 665581 563500 314648 734306 644154 347228 701659 150846 253205 523749 342395 627131 279573 717369 568236 911503 412023 102367 736307 538784 557258 277190 459980 706804 550780 263161 471763 643284 615336 245063 698714 191063 129132 858200 476798 443354 253167 57767 333507 526819 822702 813111 573043 705893 790203
382198 629010 468567 377918 1100690 1125010 1171345 562575 684385 626686 563645 824718 865168 946487 576884 1065506 70696 395069 434309 689112 976253 382908 999999999 440441 922101 1083502 632132 603962 944952 792459 847877 496905 880716 689987 367686 901678 812078 298467 712133 318464 198342 925411 797174 54566 705494 436342 398573 761491 651832 518078 873085 615230 729976 332483 299480 899142 787542 156561 1025320 627696 388488 1008743 528040 553371 515383 86241 762955 660306 696745 950391 1234176 769454 281702 1068885 892743 939699 107648 794981 995963 730975 570195 850645 792169 576177 559639 1027684 225218 448518 1190109 627446 70899 312035 333692 139241 909523 1054095 1020655 769724 1052252 1098900
485117 350139 71980 177950 806155 750178 864688 471068 244201 712253 506173 550318 511631 742532 573905 750825 383628 243851 567965 699825 594789 66362 440441 999999999 503180 838097 325160 164267 511061 656909 844282 363299 778340 790173 106267 486628 404762 369522 589799 548149 311266 485218 375384 488396 773604 385173 204776 323652 226731 587497 514108 280879 302259 265251 446467 676719 579921 380355 727752 697736 405145 690324 87758 264853 579399 392598 660151 234211 770037 516730 891946 345782 164948 714882 510470 500006 333253 443153 701331 577630 270788 410543 673470 671672 185877 679269 233545 84106 835669 512442 497685 315697 124085 398796 473803 831251 827458 595573 678880 776952
966872 659761 515478 554694 899872 698234 923214 877375 309098 1157857 921599 760787 611220 974996 1001509 826223 856274 710485 1046910 1111542 586188 569456 922101 503180 999999999 996107 618631 350869 98260 978307 1226017 783999 1099837 1233346 605626 26123 115343 862737 939904 1046552 814409 233326 127797 962563 1204074 838783 672813 297292 276579 1043638 600970 573278 366073 752937 941673 906538 857318 882944 839148 1138550 877879 778745 422294 623413 1034779 856173 1006924 393493 1203363 334527 876545 157478 665387 724531 544504 252513 815794 586696 825837 906445 613522 192101 1004618 1126142 364959 713696 697418 474291 807911 890795 967447 806465 627222 900616 305076 1019855 1051666 900448 655676 831463
759092 492719 766249 1013896 134177 397214 184600 533921 765961 683543 550227 287783 387997 154043 585214 196299 1072845 702806 770333 564733 425170 834262 1083502 838097 996107 999999999 513164 809290 914099 334463 529966 586662 342527 709236 808971 1003936 992765 791701 401349 888549 887037 772948 933405 1136143 654501 651599 715472 722792 883085 680874 396653 557870 666088 756741 823553 184854 296158 930831 161441 660280 708840 224051 814793 581225 675974 1097777 387856 685779 663087 680482 315215 916613 880635 319047 451770 759130 1018260 430478 170501 366315 571247 805378 353347 701754 960993 305983 999068 916535 338024 471003 1153906 771467 838280 951977 696949 60047 133400 322450 387272 215468
438847 41139 253219 500799 490504 495793 554786 272879 318698 560774 318546 225555 234614 421790 400192 443330 602774 240369 501297 497928 354168 323543 632132 325160 618631 513164 999999999 326891 571749 369101 607463 208560 493606 631547 303529 615149 568714 391642 322251 559730 438013 466427 514410 686685 595758 288613 233774 324513 414173 464113 243957 51174 255897 306547 458551 354110 266351 500667 412013 538767 349510 383966 311599 79129 455199 623457 390887 228781 596542 429367 604077 488816 384240 436754 276583 467313 545527 166643 384045 292621 63620 442110 392675 538644 464179 395634 500302 405017 558085 274276 702067 345856 336031 523991 408216 506566 506835 295680 423704 473969
616935 364239 164638 289512 752241 647042 800803 549983 86784 819368 591613 529666 441008 740961 668167 688008 545262 361244 697730 786300 494307 227388 603962 164267 350869 809290 326891 999999999 348641 694014 916164 448514 818677 896336 258521 337721 266664 511955 639739 696266 470782 324031 225299 650934 871912 494241 322893 171780 90681 700584 438840 275736 175172 402069 590971 671443 592343 541231 676808 801702 529156 629024 76707 301784 691896 552191 710319 126803 870027 366824 805447 195440 328745 628275 415653 340188 496479 382834 653997 615888 297499 246693 715972 784260 155981 598611 390502 175891 743368 575741 659459 455620 284123 560582 321683 814309 825089 622254 580051 708158
950126 612594 509526 591849 812845 603222 832703 839231 286059 1124512 884394 691863 534209 902799 965569 738847 882213 694511 1027659 1069402 497515 575632 944952 511061 98260 914099 571749 348641 999999999 920092 1175078 752544 1039099 1198261 606923 119105 182206 853968 888003 1039736 819405 142243 160110 988858 1165559 814320 658953 248120 293864 1015485 522853 530533 315956 743435 933155 835607 795084 889857 755149 1103993 858943 693796 424821 588190 1006518 885225 952723 358275 1165680 241581 781509 181982 675992 633446 462928 159167 837433 517630 743608 851490 576135 129640 947544 1096156 402832 625072 723613 498077 712886 846023 995472 797277 632678 909087 217483 941024 976833 841439 563496 742066
437551 330123 589096 813761 415848 601927 489044 230643 686621 354997 231550 252768 424711 180429 252446 427744 795214 453925 438947 239926 536212 629112 792459 656909 978307 334463 369101 694014 920092 999999999 268894 318606 124670 392609 592219 977400 936454 493994 80400 562291 606016 796685 880943 841904 339828 358329 480317 681015 782581 347273 439585 419578 612350 490433 509893 174921 131372 635979 370505 330818 404495 401373 668077 398937 342796 822500 56953 596423 346633 731469 602990 856312 642364 514022 505206 791378 745533 411205 347959 79466 399162 792611 30230 368721 821324 477141 756067 741014 596208 166870 860444 488504 612747 654744 726378 286975 235817 78863 553324 463866
466387 566366 785181 975287 643370 860337 709471 373311 923928 239710 339461 521649 693435 395560 285334 672512 872493 608277 419272 160235 804415 801124 847877 844282 1226017 529966 607463 916164 1175078 268894 999999999 480994 189961 217525 758336 1222552 1172728 572308 287076 550190 696757 1057497 1120220 887739 170174 474263 644150 930479 1006780 329886 708338 654129 861433 618420 549078 423966 400006 699492 615790 229183 487519 656719 875960 614595 332513 901228 224959 835050 181056 997098 835018 1093624 782856 771770 773738 1053669 834189 676435 598019 325675 620416 1045994 238753 285008 1023867 737687 881129 925930 840293 340435 906420 593334 768815 711558 989365 470777 398560 345081 816914 706067
232074 180026 305503 503131 609247 679345 681955 107817 474922 373858 144610 336898 423716 453028 219669 581925 488125 136275 292821 339990 550430 322715 496905 363299 783999 586662 208560 448514 752544 318606 480994 999999999 430359 449648 281781 775744 713596 211772 241742 358017 300648 662266 666556 549801 423430 83103 166904 506095 538497 263525 435808 231451 441995 174389 263925 402598 291010 345740 536636 354806 147157 529268 399339 165200 254529 514019 307956 394456 421710 634830 758528 637875 324187 608392 478945 665841 435124 364069 507250 245649 179222 624844 327970 343623 543883 565596 437492 445307 723805 156485 567427 184927 297944 367622 610212 558925 531105 278834 610263 617355
508363 454772 711496 931319 453417 675085 519986 331697 810608 359327 319208 357086 529761 205807 310401 483761 890548 566631 490612 241329 631213 747702 880716 778340 1099837 342527 493606 818677 1039099 124670 189961 430359 999999999 372162 709336 1099592 1060246 584637 189757 621664 703075 912601 1004394 927496 317515 457110 595745 802702 907239 393940 544228 544179 734363 596617 587198 240120 244159 724716 427458 338772 493850 471229 792021 522783 392091 918556 122873 720419 326940 842664 645073 980066 754008 586616 610710 906102 843839 525118 411079 203310 523475 912629 104875 388456 945067 554448 864797 862402 650938 273970 946277 587670 727834 741545 840706 284422 214436 199836 635665 516788
331638 592464 744143 889299 805927 988717 877507 359494 924260 77920 314048 622828 780481 560480 232692 820329 727283 546658 259615 154318 903910 735324 689987 790173 1233346 709236 631547 896336 1198261 392609 217525 449648 372162 999999999 690581 1225363 1162441 454853 363069 374086 573475 1097973 1116128 722264 54804 405928 586126 950308 985374 204192 795279 668532 883641 533169 406646 567334 504447 556714 763111 94842 389613 791843 841471 610877 211731 755528 335782 841866 46337 1055108 994919 1087341 690803 902098 855424 1098528 698883 744961 740256 411258 622242 1069279 366145 122693 975986 863247 769874 864452 988644 364973 740248 493090 691211 563288 1038135 653397 585777 448346 934525 856473
379853 317007 102733 221988 793994 773673 858030 388340 328262 612769 418901 524868 520716 698592 480984 745917 321342 150146 462823 608732 620632 44751 367686 106267 605626 808971 303529 258521 606923 592219 758336 281781 709336 690581 999999999 590070 509920 263264 519593 442606 212804 566296 478065 419628 676940 289280 114981 399058 330353 486825 526143 271078 362869 160421 340290 636807 532373 283870 715533 599479 302541 686052 183691 228782 478998 336734 588036 293384 672760 583922 900573 448213 88522 727278 535834 578779 265623 449767 687479 514573 240935 498327 605320 570595 289052 688497 197843 173881 849481 437079 431695 209743 35340 304093 544182 794822 782187 538791 700954 775468
954584 656211 501930 532465 910142 713485 935312 870711 301688 1149488 914597 763872 617676 978904 994035 836751 835392 698542 1035111 1105631 597776 552985 901678 486628 26123 1003936 615149 337721 119105 977400 1222552 775744 1099592 1225363 590070 999999999 91583 848770 937090 1031877 797548 248021 112544 941511 1197052 828609 660478 297160 259951 1034056 607888 568808 365229 739365 927518 910075 857921 865580 848052 1130526 866265 788173 407395 616657 1025237 834770 1004713 388189 1196114 349290 891669 142506 647702 737171 552999 268086 795717 590334 833973 904625 607392 198559 1003310 1116930 343305 725014 676725 454666 823075 885965 946102 792701 610706 882914 317459 1026307 1056486 899921 669059 843033
881002 609111 427293 441247 908591 733126 940640 812654 250035 1085676 855365 737576 604859 953960 933153 836692 745280 626745 962556 1048880 604276 470943 812078 404762 115343 992765 568714 266664 182206 936454 1172728 713596 1060246 1162441 509920 91583 999999999 771402 890317 952526 713970 277507 59362 851178 1136872 760897 587867 270613 181025 967248 596875 519828 332898 663287 849532 884250 822556 780911 841812 1067708 794633 784359 330254 560079 958559 744122 959508 340147 1135297 373867 909418 80203 562817 746110 548612 299529 706626 567954 825003 861144 552806 204074 960963 1050904 252775 728947 586922 366776 841449 833267 855481 715978 528331 797589 334420 1010046 1034313 860605 681634 846921
124792 374978 347322 437655 820602 882510 893571 264402 568254 380061 265991 548618 622667 650697 289575 793554 306510 166376 206016 412276 745483 305709 298467 369522 862737 791701 391642 511955 853968 493994 572308 211772 584637 454853 263264 848770 771402 999999999 413679 185999 124459 791551 736250 348339 453737 140172 196863 624164 590713 255047 633369 394062 571610 110536 79212 606847 495860 142020 748377 372858 90789 740335 441719 322128 249323 334830 465375 508955 447198 786237 969402 706281 240307 815471 668011 799996 263174 557485 719000 433693 340055 735722 494007 332188 550128 772875 315896 430550 932805 329382 366754 56692 252459 161486 753635 759216 723178 473646 811713 828827
361025 281437 524069 741570 467854 626832 542569 150290 640529 312482 152922 259833 421908 249398 185845 468881 714918 377877 369145 209712 542483 558004 712133 589799 939904 401349 322251 639739 888003 80400 287076 241742 189757 363069 519593 937090 890317 413679 999999999 488264 525766 771391 836539 761715 314665 278019 406186 643761 729633 281951 436870 370489 574695 411630 431335 226474 142590 555684 413054 287623 324386 433904 607670 339363 276367 742257 70990 550890 319346 714499 648591 810642 565919 541160 499667 768219 665462 395240 387447 48242 342281 758949 86236 316632 759768 501437 678401 673747 634305 87123 780232 408359 538427 574564 704444 358549 312949 89253 571511 505905
132446 536320 531879 586881 939985 1036342 1014797 361137 754168 316628 338623 681615 781728 737634 313482 924195 363410 350528 132943 399155 908188 482494 318464 548149 1046552 888549 559730 696266 1039736 562291 550190 358017 621664 374086 442606 1031877 952526 185999 488264 999999999 252277 976788 919517 348290 395180 274914 382657 809779 772677 229131 793751 569748 756068 296405 107245 707916 603600 206596 873898 322110 211268 876109 624491 497343 230014 390454 518626 694382 385647 968303 1104411 889570 401495 962930 835004 984790 346045 721091 845259 522565 514832 921710 552369 267322 722565 920114 442138 601007 1075139 419756 366196 242633 426153 204989 937054 846796 797967 567074 967910 960832
242043 432307 313681 335086 902349 933277 973049 375534 540643 500483 383980 626385 672367 752838 413519 867569 189294 198406 317137 536734 787427 245132 198342 311266 814409 887037 438013 470782 819405 606016 696757 300648 703075 573475 212804 797548 713970 124459 525766 252277 999999999 776892 686614 252437 575712 247790 207324 608741 537865 377432 681066 425823 566673 134368 170463 703220 591650 71567 827020 494839 212034 811148 395004 360236 372201 216491 582023 498663 568740 787600 1037407 657043 152545 874160 705327 788441 140821 603059 797655 540152 377620 710818 608848 451446 475125 832537 197698 353368 994762 439288 269241 117824 187426 93210 750105 859412 829133 576995 860830 901198
875303 505769 463809 604194 670614 465466 690957 739031 241046 1026848 784687 560033 396904 767255 866377 596608 868509 626324 948491 961999 355286 543535 925411 485218 233326 772948 466427 324031 142243 796685 1057497 662266 912601 1097973 566296 248021 277507 791551 771391 976788 776892 999999999 229337 973602 1061547 731799 594852 168490 306249 925211 384815 432052 222265 682694 869570 701269 668666 848453 613465 1005070 782799 551904 398133 497551 916215 876082 833145 282654 1062620 101310 643673 234110 645854 491877 322972 22190 818430 387646 602547 731964 483045 87645 825084 1002782 428925 482862 714527 496160 575070 737857 982675 735564 596868 869496 76121 801245 839294 717829 422523 599991
842230 555106 389392 435298 849566 677605 882260 763497 196293 1039862 806845 679067 545498 895411 885571 777817 732294 586364 922920 999250 546447 441666 797174 375384 127797 933405 514410 225299 160110 880943 1120220 666556 1004394 1116128 478065 112544 59362 736250 836539 919517 686614 229337 999999999 838843 1089017 717460 548160 211416 148820 923296 537534 466308 274520 626822 815027 825774 765614 755211 782549 1021295 754188 725235 295036 509866 914515 733399 905269 285654 1087784 321802 853159 29969 537780 688423 489616 251527 690378 508923 765664 806294 501648 149904 905859 1006467 245142 670576 573264 348696 785425 781671 844394 680163 499431 772978 280492 950816 975502 804609 624695 788437
424477 683532 519632 412566 1154665 1179381 1225480 612740 732597 661975 611990 878785 919643 998052 621334 1119858 106665 449559 470682 730156 1030385 432786 54566 488396 962563 1136143 686685 650934 988858 841904 887739 549801 927496 722264 419628 941511 851178 348339 761715 348290 252437 973602 838843 999999999 740890 487373 453095 810851 695132 558018 927509 669543 781044 386723 342424 951607 840052 206509 1079450 664559 437431 1063180 575601 607906 555919 108548 810921 711336 731780 1000934 1288714 811644 332662 1123436 946758 988332 155620 849412 1050080 781818 624706 897525 840726 611725 598404 1082246 265627 491033 1244673 677720 18834 364879 385224 187160 959590 1105992 1071424 821119 1106606 1153317
334524 555878 723912 882019 751987 938198 823314 326869 895411 78917 282486 574356 734841 506056 203762 767512 738223 529849 271212 105013 856930 721493 705494 773604 1204074 654501 595758 871912 1165559 339828 170174 423430 317515 54804 676940 1197052 1136872 453737 314665 395180 575712 1061547 1089017 740890 999999999 388543 568833 917442 961737 198693 749722 635033 849980 522901 413869 514202 454665 565700 710225 80905 380832 740158 820255 580661 204672 766776 283229 811187 10883 1015296 941355 1060622 684109 851183 810929 1061268 706156 702033 687760 362576 590943 1036164 312815 129328 958789 812782 769580 850263 936036 324638 759220 486875 680322 574376 999952 598601 531000 398113 885197 803497
150241 262329 338494 501637 683508 762112 757108 127750 531494 328118 140663 414863 506818 510823 192248 659835 436899 141335 216946 320623 633453 333560 436342 385173 838783 651599 288613 494241 814320 358329 474263 83103 457110 405928 289280 828609 760897 140172 278019 274914 247790 731799 717460 487373 388543 999999999 180512 571092 581853 206432 518888 306062 509843 144719 182552 466751 355936 280910 612769 312755 64387 608582 436175 235705 197817 464272 335139 456771 384869 710170 837862 688069 308818 690344 561389 736759 387864 446812 583529 294635 251743 688683 361215 290406 570659 647519 411857 461956 804799 191855 505597 130823 295913 301239 683368 619158 584314 333809 693238 695729
294118 234334 161011 336288 713754 727027 781614 273382 372898 508237 304727 438801 466700 596320 369608 672604 369940 39611 374897 496373 580206 156983 398573 204776 672813 715472 233774 322893 658953 480317 644150 166904 595745 586126 114981 660478 587867 196863 406186 382657 207324 594852 548160 453095 568833 180512 999999999 427311 407201 384586 474874 218521 375779 88321 275465 537750 429782 274297 636409 493241 206812 614406 259026 154834 376278 391651 473952 312204 565312 592873 837302 518328 166488 670424 498003 603620 312899 396766 607462 403782 171635 539240 492216 468882 390147 629403 284514 283148 791855 322695 468341 140712 132434 297452 558710 696468 678504 430773 654402 704717
711504 365549 296351 461193 643429 497253 681023 591148 85236 876861 636360 468966 335427 685036 717623 573186 706913 459755 786639 821573 352513 378620 761491 323652 297292 722792 324513 171780 248120 681015 930479 506095 802702 950308 399058 297160 270613 624164 643761 809779 608741 168490 211416 810851 917442 571092 427311 999999999 191835 769537 328288 282430 69067 514840 702534 615630 560761 680309 574121 856152 619300 518482 239123 341120 760548 716247 710132 115674 917564 195302 665718 193855 480505 493421 285652 179800 655271 297641 556102 609425 328497 119010 707368 849391 308356 470621 556357 347563 600173 598585 820745 567957 430439 701504 150826 739434 764510 603202 435943 586853
700018 452472 246398 302240 817540 688416 861318 640511 120262 908182 681935 608903 505065 822705 758056 750374 588470 446256 781674 876776 540953 293071 651832 226731 276579 883085 414173 90681 293864 782581 1006780 538497 907239 985374 330353 259951 181025 590713 729633 772677 537865 306249 148820 695132 961737 581853 407201 191835 999999999 788279 500868 363245 224522 482317 669061 752864 677970 606391 744201 890876 614013 692924 149244 392291 779668 591379 800070 198174 959700 371672 854573 119504 389038 679954 468371 325944 544526 453022 723061 704868 387602 219778 805040 872214 123087 654014 429769 204217 789959 666348 701621 535121 350815 624197 325321 891624 906115 709852 625546 767557
138185 428975 544340 685784 748951 885331 823861 199272 735300 126958 157885 515532 649378 527179 96114 745029 544990 344979 96788 172671 777380 531575 518078 587497 1043638 680874 464113 700584 1015485 347273 329886 263525 393940 204192 486825 1034056 967248 255047 281951 229131 377432 925211 923296 558018 198693 206432 384586 769537 788279 999999999 663308 493361 705474 328979 220119 508376 415403 371734 690697 117836 185425 704416 642233 428718 8999 573704 298059 657213 192299 893479 926031 894019 487392 804089 716490 928194 509990 601335 663757 324180 442426 888183 332761 84297 773370 762286 570892 660698 906347 236041 576734 289662 487021 382581 871207 634222 579678 368911 822841 782207
666881 258864 448964 689939 316977 252219 362001 464241 380831 735325 505945 187728 14991 383410 581238 249759 839494 484150 718978 644890 115104 534594 873085 514108 600970 396653 243957 438840 522853 439585 708338 435808 544228 795279 526143 607888 596875 633369 436870 793751 681066 384815 537534 927509 749722 518888 474874 328288 500868 663308 999999999 258563 277206 550436 696611 319298 308332 744532 245899 711013 582572 192114 464729 320830 654997 858375 485823 312110 753494 302664 377909 521895 612679 201716 66526 374020 782229 78114 228131 390541 303495 409424 469633 725580 594803 165165 723007 579137 323670 435238 942323 589339 560975 767861 309133 418957 454493 363833 179827 269423
454779 89661 209524 458100 527560 509909 589059 309076 270120 595954 354487 270251 251700 471372 436009 476112 580952 233344 522367 539474 361731 285901 615230 280879 573278 557870 51174 275736 530533 419578 654129 231451 544179 668532 271078 568808 519828 394062 370489 569748 425823 432052 466308 669543 635033 306062 218521 282430 363245 493361 258563 999999999 215136 299476 465554 403139 317368 491847 448949 574744 363151 415923 261778 72428 484373 600053 439830 180921 635232 404198 629774 440184 355725 457853 279590 434842 523677 180784 421848 342525 54980 401145 442697 570784 413787 418273 468920 358697 580025 317546 684126 344082 305131 515121 378764 553783 556323 346682 437097 504864
653058 296850 261443 457740 594183 472081 636826 524209 104277 810777 569594 404680 282310 621067 651060 526203 679504 405614 726369 753450 320303 349184 729976 302259 366073 666088 255897 175172 315956 612350 861433 441995 734363 883641 362869 365229 332898 571610 574695 756068 566673 222265 274520 781044 849980 509843 375779 69067 224522 705474 277206 215136 999999999 464063 648989 551353 493078 637955 522107 789750 560544 469288 226136 276812 696475 691284 641104 69710 850289 221332 632968 253850 448426 456915 244498 228864 625748 236769 502233 540451 263212 186346 638552 784429 327637 429809 535157 342202 569777 530131 792159 516169 396328 659878 183709 679660 701681 534717 405865 543037
219877 298562 237487 359891 768466 802333 838888 264967 457766 455710 284652 492365 541141 626726 334503 733202 316116 66454 302718 462989 658996 204774 332483 265251 752937 756741 306547 402069 743435 490433 618420 174389 596617 533169 160421 739365 663287 110536 411630 296405 134368 682694 626822 386723 522901 144719 88321 514840 482317 328979 550436 299476 464063 999999999 189739 574089 462959 194122 692872 443895 143607 676818 333083 230543 321506 341162 473814 400063 517995 681059 903338 596862 164462 741266 578398 691709 261796 472782 663529 419520 248357 625535 497169 412033 449453 699410 268538 333261 861423 324602 403350 53850 158043 217445 647030 731603 705409 453209 730231 766844
82775 437879 426364 501909 863432 942745 937521 289632 647390 336452 278494 597098 685171 677029 279082 841852 325081 243386 147769 389809 810181 381748 299480 446467 941673 823553 458551 590971 933155 509893 549078 263925 587198 406646 340290 927518 849532 79212 431335 107245 170463 869570 815027 342424 413869 182552 275465 702534 669061 220119 696611 465554 648989 189739 999999999 639684 531073 151994 793981 333887 118776 791044 520268 393155 216759 353763 473733 587140 406038 861998 1020289 785060 308592 872312 734929 877652 292637 622318 764861 458723 410857 814620 505209 286324 624845 829510 368085 504204 987273 353158 361257 135889 326902 162539 830288 786515 744266 501478 873067 877904
577224 326595 604891 848721 242474 436393 316713 350251 642422 528986 369380 146715 305962 69969 412293 253594 889915 522337 593864 414834 394938 665581 899142 676719 906538 184854 354110 671443 835607 174921 423966 402598 240120 567334 636807 910075 884250 606847 226474 707916 703220 701269 825774 951607 514202 466751 537750 615630 752864 508376 319298 403139 551353 574089 639684 999999999 111612 746095 196228 504569 524307 232778 664885 413409 502665 915239 231873 555519 521248 621959 428113 804990 704023 347821 385088 691875 835876 319854 175349 186062 406030 714919 201417 539618 816167 314534 822248 758167 422408 288486 969436 587152 664254 767177 626498 158721 153691 141131 395552 289332
