NAME : synthetic_000380
TYPE : CTSP-D
DIMENSION : 100
GROUPS : 8
RELAXATION_LEVEL : 1
EDGE_WEIGHT_TYPE : EXPLICIT
EDGE_WEIGHT_FORMAT : FULL_MATRIX
EDGE_WEIGHT_SECTION
999999999 419196 164147 203272 119784 740469 82331 292353 260043 604031 426259 488864 793369 487561 764039 117128 908229 483592 492382 117984 348121 388494 150976 589520 599328 774911 360375 617771 508340 806040 213990 631145 735331 684446 220790 626900 631572 638102 470152 325441 760206 185545 284618 374921 727894 79506 577290 486785 459525 602759 647065 806369 164361 271838 487986 430544 454885 801746 382101 599825 290530 413329 500238 319674 533423 1021045 204018 713462 697035 113936 128878 149508 560264 569495 161955 102075 776967 303278 638571 479290 401756 746641 818688 473786 718592 636151 387866 250335 1001488 712585 300565 778935 505859 159596 317985 334742 265012 643843 833068 670350
419196 999999999 460234 362367 299449 529991 489137 395799 452433 632056 695032 299422 663294 831286 891955 381616 831874 578968 874082 329898 128263 760607 384116 568105 821523 436505 237141 475604 746266 732742 576095 556068 883141 650648 421929 251214 975538 236046 657626 191834 795158 593117 510534 775664 449526 489380 289626 611652 538562 267145 391732 888857 548074 676274 781947 362507 111948 420256 250008 637268 129471 559501 546660 240895 433587 996109 329467 468148 445843 305432 540691 364021 515361 932029 580455 486283 589135 500641 827586 558525 434477 480018 717572 437861 749230 902772 720738 632692 969661 444363 441564 612134 289242 463503 424384 265054 385879 930232 741587 835424
164147 460234 999999999 357828 211517 869852 129979 168868 423562 765178 579729 609860 939729 612102 927167 86409 1063878 646886 590289 143807 351955 502001 76139 745787 755675 867489 479542 756832 664542 960684 353732 781769 897549 841482 83015 699408 749172 695267 632797 303610 923298 287783 120957 459977 839414 212085 679466 650883 621547 690823 761954 970504 115882 363413 632380 571916 455585 874283 503222 761557 348737 577422 660791 441280 676157 1182350 350665 833554 815021 201647 158027 96247 712726 678408 235457 251192 912278 467425 798416 641707 557101 862090 969911 623656 881191 782734 523950 370913 1162186 826498 157088 918478 621795 322593 477115 274543 421652 784719 985837 831957
203272 362367 357828 999999999 174012 547089 280015 440677 97946 409793 336841 310468 590496 470115 604865 284922 706535 300013 523143 243786 357689 408833 316595 388098 482102 617328 197137 418670 398303 603772 234009 427875 583555 483686 392212 500843 613510 530801 326439 371442 572200 288686 472514 443017 551186 217913 417030 314011 269421 458601 469058 632356 364557 355801 421326 232291 443284 666291 212611 407294 249281 243801 305049 160167 332801 826255 33015 528576 514531 181379 315381 304053 357136 573062 307045 187106 579080 151055 503514 290607 199518 565565 615492 270628 528522 550001 359620 295832 805443 533803 464363 578629 332738 119730 121347 417878 64151 572989 630153 524323
119784 299449 211517 174012 999999999 658336 193851 267021 263866 579605 479487 398693 732171 574060 777517 126824 864200 473855 595167 74352 236440 485775 152589 549412 640782 667690 268224 546773 552589 760206 301349 578139 754637 645372 225644 511892 720204 519964 493160 225934 744170 298073 312926 485424 631069 192030 474090 487670 442245 492845 552400 806365 264290 383429 553849 363880 340723 687424 291806 578116 170787 416553 475227 229763 467922 993627 155202 622964 604833 9873 244495 136450 511602 664937 281153 196785 701113 316086 669251 463663 362677 652625 765745 420962 699854 695085 467356 349941 971757 617383 292999 708167 411537 207140 293798 255607 235879 710383 783086 693643
740469 529991 869852 547089 658336 999999999 821727 881031 549313 365485 688865 261908 171818 874542 621601 784532 350596 441943 973650 728621 644814 872534 806316 290086 697843 249939 390773 140481 675740 279708 747173 214445 640674 288257 871864 355338 981181 422112 573350 703186 446259 825666 964051 941071 129176 764998 243557 483741 419584 291701 141709 564011 904826 876417 769651 315562 634307 367431 366881 379144 559819 500182 379235 428573 225026 533312 538014 75580 95905 668206 861160 787487 262644 980820 852295 732489 63910 552192 658480 420316 385417 102512 239369 302704 415050 810066 786739 806159 504639 116128 920913 99264 255927 652913 469157 778107 498899 857374 266361 632532
82331 489137 129979 280015 193851 821727 999999999 290422 323464 669916 453417 571109 870250 482920 810063 133219 979445 545167 467510 165442 405248 374328 157641 661207 630332 856315 442705 697435 539433 878285 224856 706473 778326 755062 207353 705316 621556 713621 515695 372511 821120 159767 245929 340585 810224 87194 659208 543495 524659 683389 729386 859230 84588 240028 503044 510260 513012 880640 464414 664674 362782 470735 567649 402005 612329 1085409 284122 795595 779270 186193 51634 166660 634827 552722 113428 129649 857170 360378 675978 543401 475342 828932 893144 550195 781033 653555 394004 241311 1066895 794908 285604 858132 588189 211961 388956 366241 339154 654841 906551 711819
292353 395799 168868 440677 267021 881031 290422 999999999 526254 845670 718038 620681 978242 771381 1040861 175272 1121460 740687 756937 198419 268856 664520 141484 811371 889221 830134 498784 787278 798651 1017266 503302 833065 1015819 906829 85857 646989 911597 627091 751502 206387 1010925 450116 130916 627739 826483 360840 661998 753158 709260 656086 756523 1072790 283189 529434 779972 614959 352531 814336 522587 844577 322236 681107 741623 467886 716118 1257616 421885 832402 811633 259323 325624 144678 770170 843125 401469 393092 931622 576544 924666 730684 627294 853593 1018097 679128 966399 928482 677022 529659 1235053 817195 46526 944829 625153 446052 560819 144783 502900 935306 1037324 952909
260043 452433 423562 97946 263866 549313 323464 526254 999999999 346452 242667 344169 563464 390745 514683 360800 658466 223560 458806 327842 455280 346656 394390 342502 384176 657291 256736 411972 300621 559029 197991 396446 490859 434113 469742 563395 530111 601046 230076 469174 500198 279916 542883 398881 575799 244173 461384 228683 201198 512466 494878 549318 405877 327290 329800 240262 538512 719766 264957 341322 345139 155587 244705 228211 324989 762381 129239 544227 533612 269889 346696 384688 323771 497221 315698 203270 571207 53304 406955 220156 167627 584925 578261 250492 458884 453524 282266 257999 743555 556654 545655 563996 370427 115455 80197 513821 71833 478391 589381 429860
604031 632056 765178 409793 579605 365485 669916 845670 346452 999999999 366066 357599 279899 546597 279368 694697 320173 131524 658965 652130 696589 575412 726306 82038 335273 584039 398155 249911 328269 230338 509129 151437 287121 108238 801828 596913 632969 659131 238716 734251 167836 605901 881823 661497 464040 589447 455264 155159 145270 524863 411383 257720 752078 626401 431888 269556 741951 688450 382512 13939 581066 211961 104745 408312 221616 417183 424443 409015 413681 587980 691524 713250 132191 645925 651764 547438 347381 314486 293001 127333 219605 452146 264820 194242 121970 448167 480635 554709 397481 443594 872479 319336 381460 459995 288692 796859 345738 497063 266815 268811
426259 695032 579729 336841 479487 688865 453417 718038 242667 366066 999999999 547043 642253 185851 379135 542897 673978 250503 293165 528024 692852 214454 577065 413384 177383 850823 488173 550136 87811 593993 231058 488530 340541 474286 646238 786682 303146 831089 127649 699836 455398 322881 698875 307860 750500 367826 668344 213741 269284 727986 676195 449568 516099 303433 90339 429070 780062 929584 491118 353775 586116 190255 311340 465437 475229 720464 369565 706897 702388 482751 448866 573746 427404 292182 381564 328990 689999 195644 229796 269856 329071 750959 630831 398551 430100 215777 118763 243624 709621 729763 726351 669796 575475 274924 284452 735064 310433 236154 631616 273017
488864 299422 609860 310468 398693 261908 571109 620681 344169 357599 547043 999999999 368452 721333 633919 524032 532901 347777 800764 467635 397681 690060 544915 283158 620376 313122 130538 177375 566622 433322 535156 258790 634707 356343 609963 249824 850038 306466 462836 451646 510110 598934 702203 741532 241220 523858 121303 389463 309371 183722 159295 613586 652212 662124 636707 118844 411004 382637 107394 365935 301915 365826 296237 170177 140333 697128 293651 225038 208174 408526 614124 525910 228957 829888 616075 496779 310960 367400 605924 323476 219949 257976 419458 174563 465496 721396 618438 597113 670491 224639 659776 325958 28619 427230 272336 525176 278361 760286 442906 599902
793369 663294 939729 590496 732171 171818 870250 978242 563464 279899 642253 368452 999999999 825214 488937 858278 180329 394408 935283 805985 766132 845824 884606 232436 608879 420172 479922 192434 608156 112674 752449 167162 515883 175010 955697 519667 912196 587232 516366 819397 302508 842190 1044946 926308 300979 801231 393651 428535 387455 451589 300119 417717 954839 877989 711475 368317 772827 538264 456439 293372 667107 468893 339671 510636 264285 362023 590955 246251 264494 741849 902585 867549 239744 925639 878932 763323 114537 549898 557710 379235 397923 273103 67684 320068 282259 721261 753058 805665 333400 287487 1014062 74589 374445 677146 486890 892162 531662 771449 94588 522478
487561 831286 612102 470115 574060 874542 482920 771381 390745 546597 185851 721333 825214 999999999 496932 600892 843815 435956 120673 603462 805847 115710 632207 598287 272655 1029921 647217 735488 225199 770440 274909 673917 452477 654558 690023 952669 146251 991760 308894 799888 614250 324577 720645 200899 933168 412065 842147 397826 454983 898319 857280 583031 520207 259782 118008 605607 903052 1103292 654040 533696 711167 374928 497143 618677 659095 868255 502587 891003 885715 574353 458525 634872 613255 108655 380404 386381 875710 355778 341460 455665 508073 934849 810019 581540 596048 219504 110564 241832 861229 912588 768507 854995 749288 372522 450716 820350 462569 196107 808809 392143
764039 891955 927167 604865 777517 621601 810063 1040861 514683 279368 379135 633919 488937 496932 999999999 872868 416636 316209 616880 842485 938478 577069 906983 360317 224509 855990 654819 524165 294760 388674 600686 419172 45324 333344 981502 876114 517132 937801 294606 966410 188543 697549 1048108 674662 733323 722947 734602 292126 355389 804188 687552 95769 881858 682413 386875 534779 998037 964136 643326 269318 821493 361113 346079 655507 500645 383445 629587 676203 683989 784014 815176 898469 411552 563929 754456 680478 587504 464578 156559 334542 458396 717137 440317 463000 208264 304504 488350 621909 382393 713660 1058929 551469 658905 604654 492686 1020216 547956 353361 425057 107467
117128 381616 86409 284922 126824 784532 133219 175272 360800 694697 542897 524032 858278 600892 872868 999999999 987015 581352 596349 57452 282393 497682 34444 670238 714868 781989 393908 673539 624090 883324 329603 702563 845983 766220 108948 616094 743348 614760 580839 242893 856132 286162 188555 472035 753005 188827 593166 589463 553222 605483 675615 910104 169095 370077 605032 489986 389228 791433 417697 692022 265148 516360 589957 356112 594167 1111097 273464 747401 728771 116990 180472 34408 634764 678144 245913 218450 827856 408666 752054 574027 481921 775733 890532 544748 812928 753277 503633 360507 1090084 740116 186395 834975 535600 272350 406073 233049 349040 760712 907263 781998
908229 831874 1063878 706535 864200 350596 979445 1121460 658466 320173 673978 532901 180329 843815 416636 987015 999999999 451670 961557 938525 927253 887648 1016070 318709 592569 595119 630782 356333 618652 104204 829113 288662 454698 224467 1089843 699789 904724 767398 547491 976896 238596 925341 1175542 977218 479141 902594 571478 472480 460895 631143 480106 326232 1063117 946282 725890 506976 942875 713452 608652 329419 821988 532098 414583 656118 409425 183226 713829 425780 444545 873464 1005141 1000630 352598 933721 969704 861622 289553 631971 529591 445465 507017 449745 116275 443397 248179 697723 791896 874753 154543 466709 1153972 251424 543123 773745 590759 1047458 643444 749007 90665 484157
483592 578968 646886 300013 473855 441943 545167 740687 223560 131524 250503 347777 394408 435956 316209 581352 451670 999999999 542137 543477 622328 451553 614211 163276 274623 625713 342761 306282 235441 359857 377640 238030 304306 234441 689915 597600 539419 652880 131502 651547 276647 474673 765681 534188 515805 462601 463423 43704 40677 530171 448198 333028 625944 495367 327936 234160 683199 717375 333986 123181 505321 80437 62925 340209 241734 540583 320599 467426 465966 481373 563928 602899 179301 540444 521424 420045 439852 185824 258749 24600 144716 511892 390116 175440 235866 380803 358699 423494 522873 494794 763752 419307 375683 333572 181046 707794 238531 424161 394998 258214
492382 874082 590289 523143 595167 973650 467510 756937 458806 658965 293165 800764 935283 120673 616880 596349 961557 542137 999999999 610301 831519 114336 624255 705409 392955 1113086 712948 833427 343959 885539 298188 779527 572205 767202 672165 1020291 178508 1053584 420253 816402 733854 310216 687459 132906 1023029 412975 919600 506761 556572 971192 944690 703606 485505 227571 237472 689391 934113 1178570 723071 646485 748258 474437 601236 680258 753256 988899 553618 984291 977199 593454 432268 630732 715569 97002 355470 398681 979331 434188 461865 559955 596598 1027401 923530 674718 714387 330328 186995 245227 981739 1002873 746838 960897 827803 411254 528623 825996 529160 297387 923546 512602
117984 329898 143807 243786 74352 728621 165442 198419 327842 652130 528024 467635 805985 603462 842485 57452 938525 543477 610301 999999999 239810 506244 78665 623434 695434 724828 337850 619716 605642 834544 328706 652468 817780 719422 151343 560314 748227 560933 553974 209737 815770 302252 238962 491421 695667 197328 535714 554938 513166 548430 618470 874913 218189 388329 596347 437803 347573 735859 361754 650253 209764 482736 547536 300703 541701 1067001 227921 690537 671770 65079 216539 62106 585930 687212 271268 217131 772836 378353 728239 534389 436227 718546 840020 495312 771804 741817 501249 368093 1045340 682877 220625 780830 478706 253242 364846 217195 307042 753052 857424 755307
348121 128263 351955 357689 236440 644814 405248 268856 455280 696589 692852 397681 766132 805847 938478 282393 927253 622328 831519 239810 999999999 721510 276905 642287 838451 564733 302119 574524 755893 825287 536250 643005 923857 731532 302799 379051 952058 358582 678928 63574 863745 532379 387921 720951 573142 425585 410354 648652 583759 394076 510500 947595 451419 618386 774165 432743 107765 545503 321848 699571 117032 586981 601526 288315 519612 1083103 326070 587347 565445 238741 456300 258196 592619 899681 508456 433217 701323 507796 854809 605076 483425 602611 815740 506955 817547 907283 697125 586305 1057781 566512 315020 720952 393871 433746 449667 137472 399880 928428 838281 869921
388494 760607 502001 408833 485775 872534 374328 664520 346656 575412 214454 690060 845824 115710 577069 497682 887648 451553 114336 506244 721510 999999999 527572 613770 355297 1002955 599380 732053 285540 805178 185769 685499 534603 682974 581597 906626 247266 939380 340172 709270 669445 214594 607724 97662 915939 310182 808015 420461 460845 858436 836639 655885 406321 144425 192216 580752 822887 1066096 610001 563833 635481 378319 507373 566270 649704 932888 439283 879184 871088 484685 346256 532019 618689 181003 267835 290874 882110 325670 420877 466916 490889 921738 839722 571077 644543 325645 95821 138163 922897 896052 658992 866110 716735 297338 418801 723236 416259 308893 842162 469720
150976 384116 76139 316595 152589 806316 157641 141484 394390 726306 577065 544915 884606 632207 906983 34444 1016070 614211 624255 78665 276905 527572 999999999 700120 749251 794375 415618 698342 658446 912196 362244 730574 880266 796133 75726 624314 773896 619280 615161 231296 888464 314594 160360 498194 770250 220436 608833 622974 585525 617572 694046 943595 178654 397150 638500 516379 381720 798898 439599 723889 274264 549977 621568 378957 620325 1142248 303556 766870 747767 143043 201065 20468 663551 707545 271063 251655 851116 442639 786493 606453 512221 793899 918280 573142 845031 787025 536166 391113 1120974 758021 152070 859393 555116 306794 437920 211752 380573 793935 935475 816357
589520 568105 745787 388098 549412 290086 661207 811371 342502 82038 413384 283158 232436 598287 360317 670238 318709 163276 705409 623434 642287 613770 700120 999999999 407792 502432 340359 168404 389107 217118 523917 77117 369135 96013 774663 517317 695494 580473 290466 684500 227942 616510 858750 693901 383198 585810 375298 200632 155365 444897 329352 330952 745143 647628 487759 209593 679355 606415 322025 94122 529296 236459 107339 356803 143872 447022 396780 328982 332711 558412 688310 685416 54203 701517 657083 545616 279717 322003 370753 146896 188691 372592 236749 135871 182688 519985 521667 575253 423848 362603 841466 256804 305343 457923 272277 750609 324792 567466 246896 349499
599328 821523 755675 482102 640782 697843 630332 889221 384176 335273 177383 620376 608879 272655 224509 714868 592569 274623 392955 695434 838451 355297 749251 407792 999999999 898249 595084 570902 91152 533583 408426 483759 180557 434028 820052 869799 312161 922700 164319 853212 355395 498878 875359 452908 784880 544253 737609 231590 311297 803678 720855 311020 693416 470750 163441 503669 916423 991868 591600 321337 725753 264185 333592 581858 514796 598359 512761 733502 734463 645229 626198 744548 442064 346449 557991 504507 682645 331088 68999 299222 405554 777741 579403 449929 346583 112919 271259 417132 593049 763912 899892 654145 648641 443241 397144 895196 440051 162578 572671 119797
774911 436505 867489 617328 667690 249939 856315 830134 657291 584039 850823 313122 420172 1029921 855990 781989 595119 625713 1113086 724828 564733 1002955 794375 502432 898249 999999999 422274 334128 858471 529594 846782 436978 869713 526470 845691 189976 1153390 237324 752966 628279 689605 905250 937499 1054111 124009 821882 200524 669413 593236 176818 177528 806708 931674 972383 938753 424629 514027 118343 404862 596515 520844 662955 564901 462223 383991 778313 595990 182147 172091 676785 903594 773983 459063 1138565 916411 799622 306386 679013 869857 601438 522223 147459 487828 455004 654552 1006416 929426 908910 749644 142677 875094 345819 287277 736336 584493 701371 590825 1049679 514590 851690
360375 237141 479542 197137 268224 390773 442705 498784 256736 398155 488173 130538 479922 647217 654819 393908 630782 342761 712948 337850 302119 599380 415618 340359 595084 422274 999999999 288501 526574 527469 430477 343401 646502 429584 482332 307363 784749 344706 430918 347161 563869 483284 573996 639474 367519 400673 221804 377149 302179 261585 286883 653395 522843 552842 578175 130774 344732 469477 24084 402431 191619 330905 309681 40806 221379 781817 173867 355334 337861 278068 487126 396939 290526 753949 494656 377356 436209 294267 595321 321786 198045 386772 522834 205663 517679 684461 539000 492530 756872 352364 535844 446854 145530 316866 204340 416732 184986 717020 543662 600335
617771 475604 756832 418670 546773 140481 697435 787278 411972 249911 550136 177375 192434 735488 524165 673539 356333 306282 833427 619716 574524 732053 698342 168404 570902 334128 288501 999999999 541575 258945 609233 106554 536057 204646 767890 368256 845342 434668 437641 627130 369095 690391 858300 801099 215163 635440 228383 349134 281125 295529 163622 482806 781561 738261 632474 187238 586544 439989 264774 262419 474680 360667 243377 320949 87293 525021 413756 162606 164601 556578 734050 680632 128980 842307 719926 600877 160734 412412 537878 283624 246186 206911 242172 162963 329292 681644 646469 667495 497701 194431 823972 161724 186852 518788 331829 699751 365996 727400 265983 517879
508340 746266 664542 398303 552589 675740 539433 798651 300621 328269 87811 566622 608156 225199 294760 624090 618652 235441 343959 605642 755893 285540 658446 389107 91152 858471 526574 541575 999999999 547058 318427 466183 254643 434737 729016 813276 306393 862594 105505 767912 390054 410678 784290 382404 750779 453213 686655 192458 265299 750189 681329 370435 603507 388400 107238 447942 837521 945438 525733 314794 645098 201101 298246 509387 475468 648932 429856 702859 701138 556703 536256 654006 413691 318710 469372 413365 668798 248492 142524 258786 347122 747323 588306 403833 370854 157888 194063 330808 640168 729784 808902 644388 595222 352911 323785 807697 361184 193678 585721 187614
806040 732742 960684 603772 760206 279708 878285 1017266 559029 230338 593993 433322 112674 770440 388674 883324 104204 359857 885539 834544 825287 805178 912196 217118 533583 529594 527469 258945 547058 999999999 734957 184663 419877 126309 985840 614917 843648 682534 466364 874071 200131 829788 1071808 891829 408150 802742 481319 385425 364677 544238 396180 310842 962256 855037 653544 402905 844229 647112 505590 241443 718903 439666 317256 552216 306325 266557 610342 351505 367699 769498 905274 896650 248645 865453 872361 762287 226360 535310 476100 350922 404374 382136 52091 339307 190158 643519 710028 782989 238942 392994 1049783 186378 445355 674481 489330 944200 541052 694608 39092 435761
213990 576095 353732 234009 301349 747173 224856 503302 197991 509129 231058 535156 752449 274909 600686 329603 829113 377640 298188 328706 536250 185769 362244 523917 408426 846782 430477 609233 318427 734957 999999999 585622 565484 608656 425723 734731 420299 762820 312473 526359 640319 99252 470735 209044 771328 143060 647639 362423 370534 692046 689778 659999 285083 129300 278739 437288 637150 899948 444351 500647 450086 297242 418458 394166 522541 909405 261659 741554 730334 300895 217835 362944 513698 363634 153888 112028 767553 202554 458432 384177 363445 781716 760283 446833 605430 429003 174038 62190 894235 752596 505718 758478 559798 115803 278041 545455 257033 432464 768323 498007
631145 556068 781769 427875 578139 214445 706473 833065 396446 151437 488530 258790 167162 673917 419172 702563 288662 238030 779527 652468 643005 685499 730574 77117 483759 436978 343401 106554 466183 184663 585622 999999999 433161 100185 803520 472515 772558 538147 366923 690435 263166 675029 890666 763003 315041 635524 331143 276893 224698 399584 269906 376277 790999 711738 564293 218322 668008 545372 321957 164947 535003 307182 178451 367556 123533 440859 431212 258888 265212 587577 737313 714515 72684 777784 712048 597053 202753 383137 444234 219588 231938 301425 188143 158119 222784 596235 594656 639498 415054 295021 866156 181386 275619 510489 320548 760001 367321 644054 204980 419806
735331 883141 897549 583555 754637 640674 778326 1015819 490859 287121 340541 634707 515883 452477 45324 845983 454698 304306 572205 817780 923857 534603 880266 369135 180557 869713 646502 536057 254643 419877 565484 433161 999999999 353512 954201 880171 472054 940396 265281 949194 220999 661293 1018483 632259 748202 691132 739643 275206 344591 808999 698380 139650 848371 643020 343604 530766 987420 975448 636502 275650 807177 340312 341437 644413 505379 428325 609677 691837 698291 760748 781414 872531 418003 518621 718850 649052 610184 439460 113772 324717 448669 733741 470839 461420 233629 259373 447172 584046 426713 728137 1032336 575394 660609 575736 475235 1000736 528915 308497 457251 67647
684446 650648 841482 483686 645372 288257 755062 906829 434113 108238 474286 356343 175010 654558 333344 766220 224467 234441 767202 719422 731532 682974 796133 96013 434028 526470 429584 204646 434737 126309 608656 100185 353512 999999999 870666 572272 737616 638131 346950 775883 164948 703531 954718 767941 402764 678187 431172 262517 238391 499378 365875 280669 838670 729105 539334 299771 762513 638227 409784 120876 620303 313800 191124 448955 217380 353140 492771 344967 354650 654391 780739 781415 139337 753086 746473 637340 257251 409158 384395 224710 284497 384743 156783 228914 128108 546571 588474 656979 329196 383806 937263 224148 374567 549470 366628 843243 420136 596606 160568 351848
220790 421929 83015 392212 225644 871864 207353 85857 469742 801828 646238 609963 955697 690023 981502 108948 1089843 689915 672165 151343 302799 581597 75726 774663 820052 845691 482332 767890 729016 985840 425723 803520 954201 870666 999999999 669393 828854 657761 688949 246793 964172 367004 92890 542426 829373 282664 666181 698396 661235 669230 755162 1019035 197725 444863 704020 587992 399820 841662 506413 799499 325764 625306 697103 447219 691514 1217525 378528 829279 809545 216422 240260 89265 737245 759280 316792 317976 918541 517509 859035 682174 587131 854340 990855 646571 920697 853610 598380 448222 1196107 818171 80209 928265 618287 379323 513553 204064 456129 858157 1008499 889871
626900 251214 699408 500843 511892 355338 705316 646989 563395 596913 786682 249824 519667 952669 876114 616094 699789 597600 1020291 560314 379051 906626 624314 517317 869799 189976 307363 368256 813276 614917 734731 472515 880171 572272 669393 999999999 1087464 67678 710730 442542 735427 777774 759641 943557 240187 684227 142165 639213 559104 72942 219725 846146 774724 852915 876997 366390 324053 175723 298697 606805 350961 612202 545132 341010 375479 879348 473511 280848 259517 520131 755112 603859 464797 1060078 779343 669004 419246 597373 855584 573282 466371 273654 584354 423675 693649 969337 845440 796288 851007 244313 692663 452595 222040 619475 503501 514308 491938 1006800 611091 848311
631572 975538 749172 613510 720204 981181 621556 911597 530111 632969 303146 850038 912196 146251 517132 743348 904724 539419 178508 748227 952058 247266 773896 695494 312161 1153390 784749 845342 306393 843648 420299 772558 472054 737616 828854 1087464 999999999 1129335 407919 945965 667219 461852 853265 306389 1050772 554805 971337 497460 565258 1030269 977979 611172 651138 388244 214683 732208 1048898 1232645 789877 619267 856595 490782 602303 758224 774763 900319 646243 1005099 1001927 720394 592831 777548 718633 82081 514446 531125 975190 490736 376597 561726 632147 1049448 887887 699562 658390 212705 255613 382860 897855 1029895 906205 950543 878418 518581 583964 965340 601527 164393 882710 425024
638102 236046 695267 530801 519964 422112 713621 627091 601046 659131 831089 306466 587232 991760 937801 614760 767398 652880 1053584 560933 358582 939380 619280 580473 922700 237324 344706 434668 862594 682534 762820 538147 940396 638131 657761 67678 1129335 999999999 761656 420725 800635 798373 745543 970392 304092 700650 207015 693594 613608 139251 287378 910357 778355 876573 921366 419412 287642 188290 339994 668592 352018 662127 602682 373968 437533 947026 501416 347222 326211 527432 764456 599033 527369 1098120 795006 689319 485985 638642 911548 628848 517426 337492 652013 481014 758369 1019660 883090 823482 918685 309708 673415 519785 279886 647020 546670 488729 529213 1055487 678759 906363
470152 657626 632797 326439 493160 573350 515695 751502 230076 238716 127649 462836 516366 308894 294606 580839 547491 131502 420253 553974 678928 340172 615161 290466 164319 752966 430918 437641 105505 466364 312473 366923 265281 346950 688949 710730 407919 761656 999999999 697373 335297 411376 753754 430587 645630 428679 582285 90090 159822 646551 575838 347663 588846 411226 197373 344552 753859 840407 427952 226263 564743 100239 194403 417635 370087 603591 355388 598270 596131 498712 522657 607767 310740 411073 465875 386055 569559 177180 177075 154117 244469 642711 503338 298398 306305 258649 244476 343652 590789 624649 767225 547213 491382 310572 233468 743814 279097 298111 503967 201408
325441 191834 303610 371442 225934 703186 372511 206387 469174 734251 699836 451646 819397 799888 966410 242893 976896 651547 816402 209737 63574 709270 231296 684500 853212 628279 347161 627130 767912 874071 526359 690435 949194 775883 246793 442542 945965 420725 697373 999999999 902031 510930 328476 700310 634943 404768 471493 674694 614311 457191 570682 981046 409434 597198 777455 476113 153226 608164 368535 736245 155643 609569 636024 327755 567750 1128664 341997 647500 625791 225584 422116 214440 636554 889389 480872 418458 758528 522424 874323 635925 517275 663999 866913 548634 855979 915499 693260 571952 1103906 627786 252776 776769 449979 431846 474081 75292 420727 933386 888761 892729
760206 795158 923298 572200 744170 446259 821120 1010925 500198 167836 455398 510110 302508 614250 188543 856132 238596 276647 733854 815770 863745 669445 888464 227942 355395 689605 563869 369095 390054 200131 640319 263166 220999 164948 964172 735427 667219 800635 335297 902031 999999999 739410 1041650 763136 565629 737483 593678 279704 302940 662485 530823 117758 900970 746064 496469 433841 905971 802482 547087 166946 748575 350911 269681 575648 369871 269208 589062 507553 518373 752268 837774 876250 281848 699498 790201 694611 405993 460813 291248 282125 386955 545783 251817 358402 46211 459204 574072 677299 255507 547171 1036391 368369 531012 609198 450942 964649 508732 510468 236728 245588
185545 593117 287783 288686 298073 825666 159767 450116 279916 605901 322881 598934 842190 324577 697549 286162 925341 474673 310216 302252 532379 214594 314594 616510 498878 905250 483284 690391 410678 829788 99252 675029 661293 703531 367004 777774 461852 798373 411376 510930 739410 999999999 396898 189383 839072 106812 704741 461046 465150 742414 756963 758653 199716 86294 356872 511262 638232 948373 500444 597847 463759 394523 512587 444057 603120 1008426 309418 813852 800930 294416 134969 320557 602527 393258 59617 109066 850381 294696 552375 479889 447523 852213 853256 530122 704168 506859 243114 86030 993051 821279 444595 843876 621424 173315 359245 516333 327398 503086 862350 593667
284618 510534 120957 472514 312926 964051 245929 130916 542883 881823 698875 702203 1044946 720645 1048108 188555 1175542 765681 687459 238962 387921 607724 160360 858750 875359 937499 573996 858300 784290 1071808 470735 890666 1018483 954718 92890 759641 853265 745543 753754 328476 1041650 396898 999999999 554862 922255 331121 759000 770854 739186 761252 848013 1090845 202306 465021 748427 676737 479170 930778 598058 878714 418278 697402 777163 538213 780662 1298680 461998 922038 902359 303340 262185 177669 823210 779251 340258 371289 1010092 587707 918980 759654 670338 947224 1078481 733032 999041 899029 637823 482218 1277958 911058 89535 1019110 710903 443497 593168 274042 536658 898765 1095492 952830
374921 775664 459977 443017 485424 941071 340585 627739 398881 661497 307860 741532 926308 200899 674662 472035 977218 534188 132906 491421 720951 97662 498194 693901 452908 1054111 639474 801099 382404 891829 209044 763003 632259 767941 542426 943557 306389 970392 430587 700310 763136 189383 554862 999999999 974617 295912 855703 506433 538998 901011 893758 752837 353212 103120 289682 638747 826135 1108951 653038 650528 647153 457473 586639 603184 716328 1028098 470143 941704 931876 482390 302169 506180 693926 227554 227277 290111 955272 388919 518525 547394 555910 983072 924200 638369 736587 418515 189711 147269 1017474 955363 615863 941854 766848 324107 476513 704088 463302 396958 928092 567279
727894 449526 839414 551186 631069 129176 810224 826483 575799 464040 750500 241220 300979 933168 733323 753005 479141 515805 1023029 695667 573142 915939 770250 383198 784880 124009 367519 215163 750779 408150 771328 315041 748202 402764 829373 240187 1050772 304092 645630 634943 565629 839072 922255 974617 999999999 765032 164494 559352 486178 187887 82131 682801 890020 899614 836357 336041 544784 239463 346097 476870 505683 560546 453637 408239 276037 662120 534867 58147 50569 640707 854309 750386 343051 1041388 857267 737855 189881 590283 753027 492078 426589 33470 368545 351963 530872 894753 837017 832708 633433 21016 869225 227791 222089 666507 498594 710113 514694 939521 395535 732619
79506 489380 212085 217913 192030 764998 87194 360840 244173 589447 367826 523858 801231 412065 722947 188827 902594 462601 412975 197328 425585 310182 220436 585810 544253 821882 400673 635440 453213 802742 143060 635524 691132 678187 282664 684227 554805 700650 428679 404768 737483 106812 331121 295912 765032 999999999 621943 458803 444344 653962 683151 772965 163488 192985 421536 449938 531589 857237 420222 583537 359918 386604 488766 360157 548849 1003181 230286 745203 730413 187961 102554 222863 563134 491122 95212 43078 796110 276916 589025 462307 403596 781091 820271 482021 698207 571479 316244 172270 985308 748417 362680 794128 543842 129453 315199 413507 270536 575512 832382 624640
577290 289626 679466 417030 474090 243557 659208 661998 461384 455264 668344 121303 393651 842147 734602 593166 571478 463423 919600 535714 410354 808015 608833 375298 737609 200524 221804 228383 686655 481319 647639 331143 739643 431172 666181 142165 971337 207015 582285 471493 593678 704741 759000 855703 164494 621943 999999999 506054 426376 69613 102678 704009 736479 772457 757980 239764 391231 261383 204446 465402 341572 486296 408181 261924 234307 747547 395466 178587 156230 483502 705528 588762 323077 950628 716251 599156 305326 487426 719445 438869 340783 192561 455216 288048 551635 840450 738482 709823 719574 156299 704827 333102 92966 536284 392191 546762 393089 880198 481330 709825
486785 611652 650883 314011 487670 483741 543495 753158 228683 155159 213741 389463 428535 397826 292126 589463 472480 43704 506761 554938 648652 420461 622974 200632 231590 669413 377149 349134 192458 385425 362423 276893 275206 262517 698396 639213 497460 693594 90090 674694 279704 461046 770854 506433 559352 458803 506054 999999999 80111 572388 491900 320641 622167 474611 287442 274243 713863 760758 370028 144111 532003 73463 105926 371319 285437 547903 337736 510658 509447 494611 558409 612876 221346 500935 510784 415794 479484 183810 219433 68069 180298 555126 419284 218367 243141 337143 326054 403742 532056 538339 773937 457436 417566 331738 200671 728107 255907 380474 421958 223807
459525 538562 621547 269421 442245 419584 524659 709260 201198 145270 269284 309371 387455 454983 355389 553222 460895 40677 556572 513166 583759 460845 585525 155365 311297 593236 302179 281125 265299 364677 370534 224698 344591 238391 661235 559104 565258 613608 159822 614311 302940 465150 739186 538998 486178 444344 426376 80111 999999999 492424 416032 367718 606833 492759 351612 194401 643192 682258 293309 140338 466728 82568 48215 300307 210355 561591 287701 439844 436933 450109 546554 573409 159015 561335 508812 402505 422765 171082 298532 21734 104151 484191 390187 139467 259860 415068 370695 420414 542450 465225 733773 405360 337510 314904 148459 671882 206380 456846 397790 298876
602759 267145 690823 458601 492845 291701 683389 656086 512466 524863 727986 183722 451589 898319 804188 605483 631143 530171 971192 548430 394076 858436 617572 444897 803678 176818 261585 295529 750189 544238 692046 399584 808999 499378 669230 72942 1030269 139251 646551 457191 662485 742414 761252 901011 187887 653962 69613 572388 492424 999999999 151920 773322 757124 813976 818058 302247 357540 208033 248667 534961 344078 549234 476098 299050 303774 809504 433892 219569 197324 501760 731637 597175 392679 1006415 749066 634824 355336 542579 787182 505698 403198 220442 515245 355222 620746 905118 792798 754113 781288 187276 700544 386741 155222 578297 447629 531517 442178 943867 541790 778483
647065 391732 761954 469058 552400 141709 729386 756523 494878 411383 676195 159295 300119 857280 687552 675615 480106 448198 944690 618470 510500 836639 694046 329352 720855 177528 286883 163622 681329 396180 689778 269906 698380 365875 755162 219725 977979 287378 575838 570682 530823 756963 848013 893758 82131 683151 102678 491900 416032 151920 999999999 645684 809719 817874 763302 255954 493898 277073 264983 423316 434392 487201 387409 327446 206468 659758 452922 76849 55229 562117 773018 674412 283380 965765 775225 655763 204543 511046 693577 423947 349381 100225 364635 278556 492185 828888 759310 751287 631377 65526 798252 234901 141407 584465 418413 645952 432956 872225 391394 677055
806369 888857 970504 632356 806365 564011 859230 1072790 549318 257720 449568 613586 417717 583031 95769 910104 326232 333028 703606 874913 947595 655885 943595 330952 311020 806708 653395 482806 370435 310842 659999 376277 139650 280669 1019035 846146 611172 910357 347663 981046 117758 758653 1090845 752837 682801 772965 704009 320641 367718 773322 645684 999999999 934872 751816 469446 526541 998020 918895 638907 251672 830936 393851 346083 660016 474824 289275 653618 624791 635152 813670 869258 933326 384961 655212 813529 729953 523245 503139 242026 345986 464349 663359 362923 451592 153528 398490 564006 687678 287072 664139 1094395 485245 636259 649161 514069 1039566 571516 447996 344717 191230
164361 548074 115882 364557 264290 904826 84588 283189 405877 752078 516099 652212 954839 520207 881858 169095 1063117 625944 485505 218189 451419 406321 178654 745143 693416 931674 522843 781561 603507 962256 285083 790999 848371 838670 197725 774724 651138 778355 588846 409434 900970 199716 202306 353212 890020 163488 736479 622167 606833 757124 809719 934872 999999999 262940 556202 594335 557959 950439 545078 746458 426408 550082 650494 482381 696674 1166519 367941 877093 860333 255478 67253 195009 719286 576951 140838 206398 941069 440361 743000 625162 559734 909585 977542 634784 861637 706428 442825 285736 1148465 875180 264992 942427 668330 292439 473007 387872 423680 702577 990781 781230
271838 676274 363413 355801 383429 876417 240028 529434 327290 626401 303433 662124 877989 259782 682413 370077 946282 495367 227571 388329 618386 144425 397150 647628 470750 972383 552842 738261 388400 855037 129300 711738 643020 729105 444863 852915 388244 876573 411226 597198 746064 86294 465021 103120 899614 192985 772457 474611 492759 813976 817874 751816 262940 999999999 315698 566326 723956 1021217 568237 616865 547232 415371 540967 514946 651694 1014762 380280 870589 859128 380089 205679 404355 640356 315254 128073 190008 896160 329051 530556 504590 492257 910522 882842 575658 714599 460591 200803 72376 1001515 881063 520336 886311 686119 236207 407321 601520 384927 449373 889518 575792
487986 781947 632380 421326 553849 769651 503044 779972 329800 431888 90339 636707 711475 118008 386875 605032 725890 327936 237472 596347 774165 192216 638500 487759 163441 938753 578175 632474 107238 653544 278739 564293 343604 539334 704020 876997 214683 921366 197373 777455 496469 356872 748427 289682 836357 421536 757980 287442 351612 818058 763302 469446 556202 315698 999999999 518436 864228 1019071 581379 418709 670151 276117 390441 554747 560436 752399 454295 791279 787692 556161 490102 637370 507080 214227 416414 386912 766926 284780 230317 349353 417976 835552 693983 484928 478055 150619 115516 271372 744669 815510 784135 744402 665193 346773 374700 808228 398991 156803 692074 280168
430544 362507 571916 232291 363880 315562 510260 614959 240262 269556 429070 118844 368317 605607 534779 489986 506976 234160 689391 437803 432743 580752 516379 209593 503669 424629 130774 187238 447942 402905 437288 218322 530766 299771 587992 366390 732208 419412 344552 476113 433841 511262 676737 638747 336041 449938 239764 274243 194401 302247 255954 526541 594335 566326 518436 999999999 472536 500639 113255 274874 320552 247026 189372 149825 104248 652686 226526 304271 293350 373544 547486 499515 160442 714261 536736 416935 347050 255320 492845 210574 101107 344670 403564 75510 387716 603200 504919 498029 628198 316639 648692 348505 147461 338065 162566 543842 183885 641620 422383 490709
