NAME : synthetic_000390
TYPE : CTSP-D
DIMENSION : 100
GROUPS : 8
RELAXATION_LEVEL : 1
EDGE_WEIGHT_TYPE : EXPLICIT
EDGE_WEIGHT_FORMAT : FULL_MATRIX
EDGE_WEIGHT_SECTION
999999999 100300 577461 332055 389423 424546 314223 237117 232687 626153 467578 500580 129069 256452 337874 195208 457468 374469 191372 427266 288736 397687 415413 595888 246791 207690 256901 487847 255260 342703 237351 392885 539843 420238 345400 550156 528997 313554 383781 120072 236325 76363 594016 290583 270774 413072 466067 464831 175368 471910 562319 638722 122485 243548 132692 265416 318168 644243 419778 800100 181567 567123 384341 653955 488062 420802 438031 118359 269596 744523 570378 302727 312385 525979 512686 347488 544783 487474 334342 453362 388240 487281 655333 440061 674667 612289 478054 647686 460156 312277 445591 695724 533387 105484 437076 462990 322261 552213 243594 330371
100300 999999999 634811 406757 489005 500409 220785 137854 330750 552247 388158 554187 33598 344961 366456 145158 440685 284415 230509 377667 336807 395644 506842 633050 339794 297590 328585 520098 261859 322956 155851 339383 459507 320769 387155 465744 443199 240697 447232 218592 136029 84824 613701 343188 299316 510565 374657 528056 99089 426272 585389 648586 197299 281930 211155 344668 348760 690453 514790 854452 224309 578161 483532 610717 415985 320750 371080 155779 290316 673265 494984 298383 286071 625372 447803 316658 601944 395285 434165 550772 483522 418263 685563 420268 615169 592108 409665 595552 554464 408434 345805 623194 579972 149505 527874 498356 235853 552086 155798 348087
577461 634811 999999999 743239 554953 796327 717631 745058 558353 786938 1019756 82922 637411 365236 865460 558536 425373 906023 405017 565443 298551 369082 688021 139669 608376 404047 710699 185690 409155 916088 635935 968193 772581 843141 847978 805431 800832 875506 195013 555940 728712 653683 246867 783036 809344 400987 798291 117087 611237 559596 223024 317334 455260 355997 446693 328566 304866 102796 651561 222983 410572 292412 565545 623486 1050529 886077 647220 479143 817732 850213 761084 411234 888516 614769 1082229 924154 32881 818602 533919 402057 634415 1053074 202537 438240 729477 476754 1044461 670534 680071 394068 869347 824490 88147 486574 705226 183542 686600 351493 786637 874137
332055 406757 743239 999999999 250614 93653 624779 509781 185994 956086 614114 687978 440349 383831 196540 527239 768648 579755 473877 757936 530184 697691 155544 814441 136051 357354 78419 727902 560318 349550 561394 474572 865867 705542 149604 872467 849755 479815 563804 239971 521201 323870 848866 111164 195589 392627 778673 628785 501050 800989 813252 907870 378891 513117 374102 430000 584506 835481 192756 954075 462356 838474 237132 980281 603815 680961 769549 426188 218756 1075556 899534 612323 355935 339404 597958 383307 715428 798361 233228 420854 176586 592425 884727 754488 1006465 921612 583059 977881 214447 352813 726575 1026290 735401 412578 166605 699594 642599 840630 474514 231757
389423 489005 554953 250614 999999999 263173 700995 622167 160753 979229 802142 519263 518475 256621 438444 555609 709575 737523 427920 750136 431591 629092 137270 654990 173438 264877 271741 593947 518430 569870 617693 680797 906489 809613 396966 922736 904013 651553 409956 270621 624285 429405 716412 344600 415970 160488 849220 452613 557054 782432 680202 784877 351922 443744 338874 306581 495795 655490 96973 746221 418473 722804 13682 942179 804184 806358 788552 420992 436246 1088700 928007 568252 564679 136676 809336 597771 532791 871275 55698 178763 85987 796389 728219 702275 997381 848556 786673 956251 126560 178349 834804 1043935 571383 411430 151747 566156 703061 743740 612267 467797
424546 500409 796327 93653 263173 999999999 718215 601768 253664 1049417 689828 747563 534001 448256 251669 619730 853961 664493 557730 849056 605647 780975 132588 878117 207681 428679 171951 797991 646141 415898 654993 545137 959487 797159 199459 966112 943378 562653 626260 326780 613791 417419 920353 186785 270555 420450 872029 685164 594544 891344 884324 982056 463301 593868 457073 497214 662887 892385 178012 999616 546295 913888 249771 1069312 674726 770386 862436 514633 293634 1168657 992959 698443 428604 314271 663508 452022 770432 891608 265617 441844 177548 661856 949789 840683 1098221 1005677 652804 1068556 181077 402277 817717 1119510 796980 501238 130195 769520 736250 919997 564067 291376
314223 220785 717631 624779 700995 718215 999999999 137114 546701 353594 366172 635041 187802 516430 553880 170440 385933 243389 344344 256523 435961 383238 727288 671882 559561 475860 546360 559473 309353 456678 90749 405891 252316 127740 585088 251569 227501 286868 558876 434171 115801 301036 616273 550952 491918 698204 154096 631572 145384 305202 598042 626559 368508 377757 383758 498225 413345 744982 733742 919067 345641 565466 696826 473820 414878 171119 204456 301205 476972 475845 295801 309838 416747 837622 463836 433617 686633 174506 645406 737178 702272 426618 705242 362666 442668 508690 421529 440047 773869 594702 154867 424817 643590 305315 748457 546882 44739 517866 203104 526134
237117 137854 745058 509781 622167 601768 137114 999999999 462110 490483 279382 662599 117332 480280 420389 194845 478798 161080 343202 373252 447953 455329 627316 724207 464840 433768 432145 609577 344792 320027 139137 281023 388310 196020 454601 384569 359714 162165 565986 351900 24307 195860 686947 426094 360824 648389 279494 645015 135801 423746 663210 709573 330225 389419 344820 475614 445012 789420 640109 959190 339910 642894 615858 601022 318547 184313 335643 277190 344323 612608 432781 365294 280010 757733 360699 298365 712554 296537 568079 688581 609503 325937 768341 455998 578149 617123 318956 572026 678434 546090 218227 561576 681482 274861 647256 591632 174174 604732 68392 390966
232687 330750 558353 185994 160753 253664 546701 462110 999999999 842996 646370 501993 361339 197969 326757 411730 609191 577530 313444 624011 352312 533246 194844 628880 50101 175025 158036 544996 404610 431437 466858 532324 763650 651448 298191 777058 757029 493903 377886 112616 465061 268674 667020 235093 286676 240153 697550 443243 405185 661657 631081 728393 223120 344245 213724 245079 410741 649651 190197 771840 302422 660307 153811 832742 651855 646106 651992 285467 303279 957041 789439 456869 420169 295627 661169 455081 530059 719220 109048 276488 158594 645392 699569 597845 874397 758082 635659 838727 231398 174415 676232 910235 549480 273716 217344 516559 552398 667854 451610 347028
626153 552247 786938 956086 979229 1049417 353594 490483 842996 999999999 663301 717545 519213 745361 905579 432982 361579 557695 556860 240345 597472 426082 1035768 683784 868163 720280 878789 601271 473518 808416 396410 743096 104878 356038 933997 124066 147601 628903 701290 736948 469368 637032 585451 894638 841964 929140 230819 747203 455326 229808 588162 553055 627490 557720 640357 707818 542235 766491 1032772 931120 564812 525456 978574 235879 717672 427572 191131 559539 828315 122381 57967 433031 768765 1110766 771067 783152 764344 225934 924756 962711 1001322 733720 680189 349947 131289 366632 731417 172822 1074100 833701 359458 71466 699061 570275 1058019 605738 322248 459655 554716 879091
467578 388158 1019756 614114 802142 689828 366172 279382 646370 663301 999999999 937960 382418 724016 445441 474144 747533 123859 614969 622503 721271 731901 762453 1003517 629213 675197 551057 888893 624001 280455 411336 151072 560548 308014 496292 539860 515737 155299 834975 554684 299677 397629 964849 505041 420016 869148 433577 915493 415018 670547 941942 984010 582994 663943 595832 730260 723136 1067893 789236 1236414 610075 918995 792456 830925 54699 235756 562649 542989 396756 774889 612384 644053 261504 927403 108417 242551 987012 437422 754724 908983 763057 72321 1047448 724311 778374 874856 72713 788994 820492 773665 304230 726934 959212 537532 777560 870637 410862 877165 233387 404935
500580 554187 82922 687978 519263 747563 635041 662599 501993 717545 937960 999999999 555821 304687 798742 475621 357031 823624 323858 490500 217397 294281 647192 136348 552020 338491 649524 123793 326321 841376 553044 889346 697553 760823 784359 729611 723958 794772 125721 487934 646056 576447 219322 719484 740452 375103 718422 67831 528521 488408 187468 292823 379227 274017 371744 262496 222023 149121 614012 300566 329907 251171 528566 568388 969434 803253 570589 398872 747566 787347 688714 329788 812655 595330 1001933 847989 51684 739018 491265 384360 593867 972323 209549 367600 668529 428021 963797 610998 645784 348076 787123 758811 52707 406876 665853 112440 604474 301841 705061 805143
129069 33598 637411 440349 518475 534001 187802 117332 361339 519213 382418 555821 999999999 363120 395909 121533 420351 272495 232552 349307 338880 380147 539514 628250 372025 316957 362162 514354 251842 342427 122846 347041 426026 291320 418354 432146 409611 241195 453512 248813 110809 117889 603149 375719 329300 533653 341460 533590 68808 398530 576108 634750 212895 281915 227515 358557 344554 688598 546677 855075 227838 565076 513400 582788 414076 295953 339267 162089 319189 640427 461850 283835 304295 655046 449165 332916 604642 362226 463331 573699 515314 417896 678124 399269 584048 569885 409696 565813 586562 430740 316887 590252 578839 158530 560658 493864 202256 535758 149244 375847
256452 344961 365236 383831 256621 448256 516430 480280 197969 745361 724016 304687 363120 999999999 501525 350280 454132 628397 189533 508669 174973 373151 362743 431002 247780 48940 345796 350910 273101 568323 426070 641367 684111 639487 482756 705594 690143 569707 179982 196582 473058 328321 473911 417822 448107 186243 649260 248538 374015 535854 437664 538454 151042 192156 136003 51101 239215 453109 338493 583919 182953 472961 261143 688240 743313 656369 558629 215256 458605 848300 698179 319389 546018 374097 765191 582386 335523 671863 211899 223183 312396 741604 502005 448002 750194 591959 732217 705873 376482 88661 666529 806185 351574 212166 383756 322447 505761 489079 497995 512669
337874 366456 865460 196540 438444 251669 553880 420389 326757 905579 445441 798742 395909 501525 999999999 509906 793743 439676 523085 744092 607107 735561 351573 911887 283696 461481 171409 811313 593108 166278 515377 296920 806049 603490 52300 804502 779829 335481 673468 310869 438922 286939 924371 94454 67908 562873 699767 748374 464600 792450 891017 973416 435657 572402 437893 537288 648087 947661 389208 1085407 512207 901874 425574 976881 425733 562273 733434 455147 77368 1027919 847616 640304 185569 535844 412119 203591 834751 716242 409586 596098 371448 411978 976914 775405 979123 948196 403157 961691 410108 499854 619528 977042 840142 441685 360755 784522 583378 889747 365549 40622
195208 145158 558536 527239 555609 619730 170440 194845 411730 432982 474144 475621 121533 350280 509906 999999999 299203 353963 173907 235624 268420 263904 603164 529916 435238 312919 451593 415320 151565 463927 80664 461113 352100 297667 527292 367146 348537 348270 390916 304070 174850 223485 493063 478523 442279 534839 299771 465931 61160 282915 468625 519259 208031 209460 222767 328839 254501 596816 601923 768252 175343 451001 553373 467185 512901 330143 243365 137920 434537 550049 378336 170986 425643 690666 553301 453627 526621 322337 500122 572941 570324 519488 573521 277898 480091 448370 512121 455604 643123 432194 324910 501746 490423 145309 625337 398263 155492 417519 251036 492918
457468 440685 425373 768648 709575 853961 385933 478798 609191 361579 747533 357031 420351 454132 793743 299203 999999999 623676 296574 154832 281448 81651 800292 329087 648833 447183 701888 239743 208362 762626 339870 756356 354866 489629 802815 389906 389845 639854 358845 528679 455340 509473 245014 746471 725989 620418 408365 392178 358226 136027 237580 242101 390660 267484 397342 406538 217155 411192 784119 581826 307909 187666 712887 235741 792728 551200 240589 345523 721816 432349 337542 156749 724646 827076 837978 752829 402971 425043 661067 647820 755123 802120 340377 23283 317075 154855 795791 263565 824153 539888 511527 401978 337573 359414 822548 244741 343022 132737 542668 781954
374469 284415 906023 579755 737523 664493 243389 161080 577530 557695 123859 823624 272495 628397 439676 353963 623676 999999999 503183 499910 608526 609012 717548 883873 568827 580360 508370 769282 505003 291790 288287 191829 453216 203553 485527 436705 411686 104207 725448 475736 179187 313112 842362 478089 397287 785914 327027 805015 296411 548454 820106 860462 481708 550209 495541 628980 605932 950081 738452 1120201 499338 795821 729267 712509 171514 138940 443029 434574 375438 673856 504100 522549 259185 868792 221357 257075 873480 334683 686478 826173 709906 183825 926059 600452 666662 751765 179370 673240 773314 686420 207609 624384 842437 430779 735050 751945 288127 753428 130875 401799
191372 230509 405017 473877 427920 557730 344344 343202 313444 556860 614969 323858 232552 189533 523085 173907 296574 503183 999999999 322876 106505 223815 506454 407022 352265 164293 410490 297091 91749 532186 254269 567905 494689 471475 523270 516732 501938 470944 222942 234550 329066 262606 403048 462723 457650 375381 465717 301867 214525 354610 371023 450338 95009 52871 100777 158775 126805 460736 493720 623961 11535 378818 429045 520043 645613 500454 369200 76897 458790 662419 508892 143614 499886 555748 678307 533873 372209 488253 375567 411222 463653 648479 464534 284496 569501 448050 639976 529543 534566 277214 498732 619023 349957 87394 528875 272989 326455 370631 381699 519360
427266 377667 565443 757936 750136 849056 256523 373252 624011 240345 622503 490500 349307 508669 744092 235624 154832 499910 322876 999999999 357131 196476 818808 480865 655067 487161 684003 383004 235590 682854 239525 653873 207185 343977 762796 240182 237361 534411 462699 525288 348947 458718 399834 713973 676784 690668 254197 513242 280593 50601 391601 392151 402248 318712 413625 469151 302547 561987 810991 734417 331868 342075 750671 233567 671386 410178 85818 338965 667936 339783 201404 192873 643143 878602 720020 666548 539801 270372 696928 723496 780081 682938 495178 134806 250541 253023 677663 220465 852250 597311 363816 297775 479666 351372 841294 381900 211784 283641 441217 725123
288736 336807 298551 530184 431591 605647 435961 447953 352312 597472 721271 217397 338880 174973 607107 268420 281448 608526 106505 357131 999999999 199876 533127 307858 398328 178413 476394 204244 134086 631433 348616 673010 550770 563668 600857 577396 566085 577374 122919 301742 432717 363202 320651 537610 544320 340584 542151 198060 316228 376135 285935 377692 172577 59198 169224 125669 64591 356389 511813 517693 112619 308506 436020 516907 752116 598522 420872 181775 548230 691729 555921 164843 600736 545834 784588 635425 265767 564198 385995 370289 484547 754928 370217 277476 586826 416997 746399 538967 550542 258769 590709 653005 245395 190421 554751 177472 411888 316969 488093 607881
397687 395644 369082 697691 629092 780975 383238 455329 533246 426082 731901 294281 380147 373151 735561 263904 81651 609012 223815 196476 199876 999999999 722589 293858 574484 368011 633560 188617 142527 718292 320725 724775 403661 499017 740901 436349 432070 612021 280845 458226 433311 456508 233890 682434 668377 538850 435607 321169 325045 196301 214864 255365 318815 189372 324017 325158 135513 372104 705130 546481 235338 187573 632691 317366 773621 553742 278481 281348 666156 506395 394747 97463 681711 745636 815815 712004 343338 454723 581258 566536 676519 781265 322084 80909 394551 224927 774229 343095 744878 458476 523227 472715 283929 295108 744725 185579 344236 156640 514619 726815
415413 506842 688021 155544 137270 132588 727288 627316 194844 1035768 762453 647192 539514 362743 351573 603164 800292 717548 506454 818808 533127 722589 999999999 781443 168710 355765 211534 711839 598058 504034 652747 626907 953756 822263 302895 965293 944352 621644 531785 299223 634644 432201 835012 265820 348651 297713 880520 581905 590751 856445 798684 900847 417756 533289 407853 413777 594962 787250 45463 882930 495679 835704 124880 1026444 755401 806769 845093 480065 371446 1150863 981494 650067 508031 187004 751835 536903 664446 901562 156019 314810 53609 744798 854319 789992 1069227 946518 735316 1033418 59045 299499 845391 1103634 698470 468081 22504 683527 737623 849961 602679 387293
595888 633050 139669 814441 654990 878117 671882 724207 628880 683784 1003517 136348 628250 431002 911887 529916 329087 883873 407022 480865 307858 293858 781443 999999999 678490 459036 770781 114630 379556 938400 599900 972416 683945 791382 901865 718849 717942 869354 251857 602300 704754 669196 111199 837496 850551 511312 728479 204077 588499 464775 96488 178556 480108 354156 475611 384644 284296 82713 749206 253664 415650 164657 664049 500262 1040109 842999 566188 483831 855348 734756 665183 363774 906749 731154 1077216 940876 140420 746999 625425 519484 728334 1045182 73265 346686 612376 349345 1037249 552186 781549 481947 816097 713805 83746 494291 800490 134699 635228 229147 774993 914574
246791 339794 608376 136051 173438 207681 559561 464840 50101 868163 629213 552020 372025 247780 283696 435238 648833 568827 352265 655067 398328 574484 168710 678490 999999999 222708 112609 593319 442200 399812 484081 507698 785202 657993 251827 796584 775658 479821 427753 131230 470359 269003 714939 190288 249544 279272 712387 493338 422082 694626 679121 775398 259103 386569 251530 294261 455207 699742 175467 821367 340965 706776 163309 868808 630746 647079 677869 316373 268061 984164 813512 494617 392371 300142 636386 426119 580143 733577 131355 313296 144668 623007 748959 636480 905572 799386 613288 872088 214705 222228 681860 936494 599350 303730 190563 564928 569049 712322 446996 307001
207690 297590 404047 357354 264877 428679 475860 433768 175025 720280 675197 338491 316957 48940 461481 312919 447183 580360 164293 487161 178413 368011 355765 459036 222708 999999999 312001 370679 253768 521733 386194 592794 654215 597171 445869 673993 657473 520811 212786 152485 427392 279385 492249 380996 405718 222458 612689 286969 331895 517972 456414 553384 107531 179884 92244 76035 239253 487609 337122 624911 155651 485511 266949 678005 694373 611530 531282 175516 415073 826697 671209 303376 498590 391455 716368 534930 373272 635256 214292 261321 308626 692684 528246 438667 732948 591058 683302 691376 376988 119315 624058 783104 382541 170546 377651 342321 467787 495230 449791 470481
256901 328585 710699 78419 271741 171951 546360 432145 158036 878789 551057 649524 362162 345796 171409 451593 701888 508370 410490 684003 476394 633560 211534 770781 112609 312001 999999999 678211 493775 300156 483545 417944 787909 628073 140164 794213 771438 410776 523926 176678 443144 245475 796976 77679 144696 391516 700258 594271 423524 728010 761984 852891 315929 453229 313210 387457 526779 798424 239333 927087 398973 782485 259531 908739 545396 605210 693061 356993 165859 998633 822060 545149 299439 382176 544691 330374 681281 719965 238928 424732 215370 535519 839239 686726 931492 855899 525941 904323 269439 332436 649440 949179 694472 343179 227558 650290 564381 780359 398991 196986
487847 520098 185690 727902 593947 797991 559473 609577 544996 601271 888893 123793 514354 350910 811313 415320 239743 769282 297091 383004 204244 188617 711839 114630 593319 370679 678211 999999999 264963 829268 485877 859432 589528 680634 804791 623134 619904 755300 185226 505195 590146 559669 123179 741257 748229 465786 623723 176418 473877 374483 86858 191219 376159 244428 373422 300967 171822 185876 683920 360513 306410 135264 601327 444678 925637 730470 466532 373341 751587 666072 576197 250220 796687 686520 963062 830339 164798 643099 557397 482250 660090 930844 167492 253211 546292 304921 922961 488204 719331 415960 705797 639255 97844 384445 732195 28482 523927 179206 660634 811519
255260 261859 409155 560318 518430 646141 309353 344792 404610 473518 624001 326321 251842 273101 593108 151565 208362 505003 91749 235590 134086 142527 598058 379556 442200 253768 493775 264963 999999999 581576 226918 598780 419603 436128 598527 444946 432829 491557 254638 320362 325830 316130 351925 540502 526019 455652 408290 323350 209009 264237 324300 388256 183175 84837 191055 234310 104298 445292 585443 616769 102381 317231 519951 428387 660793 476931 290683 138999 524178 575209 428461 52417 546179 644411 698899 577874 377758 430262 466656 489309 555400 666264 426610 194550 479200 362131 658493 438149 626257 361755 462803 533247 339019 152822 620495 246942 281414 297295 396103 584902
342703 322956 916088 349550 569870 415898 456678 320027 431437 808416 280455 841376 342427 568323 166278 463927 762626 291790 532186 682854 631433 718292 504034 938400 399812 521733 300156 829268 581576 999999999 443519 130740 704785 477350 218128 696959 671608 191660 721140 373052 342893 269607 931030 238438 156125 670753 587592 801052 407388 733258 900842 969771 462255 584937 469739 592482 658153 986451 537043 1139067 523060 898806 558217 915090 259501 425079 654287 456117 134304 929895 751130 620878 40086 681768 248651 37950 883761 600898 531166 707813 514891 246061 996666 741672 898038 912123 237114 889997 563072 590570 488821 878964 875749 444824 516136 805004 493971 874862 253850 125675
237351 155851 635935 561394 617693 654993 90749 139137 466858 396410 411336 553044 122846 426070 515377 80664 339870 288287 254269 239525 348616 320725 652747 599900 484081 386194 483545 485877 226918 443519 999999999 419090 304530 217217 540095 313040 291658 301005 471300 355311 115489 240622 554189 498526 449739 608649 231528 545665 61999 290052 532548 572979 279181 289830 294362 407483 331109 669711 655979 842520 255206 507661 614261 471658 454265 250624 218057 211021 438136 517583 339138 236328 403726 753974 498425 427088 604345 253619 561995 647402 624349 462918 638985 316991 463841 478588 456357 449265 696678 505304 244480 467412 565258 215775 674426 470804 85572 466984 204822 492709
392885 339383 968193 474572 680797 545137 405891 281023 532324 743096 151072 889346 347041 641367 296920 461113 756356 191829 567905 653873 673010 724775 626907 972416 507698 592794 417944 859432 598780 130740 419090 999999999 638218 393570 348554 624543 599254 119607 775926 455188 305289 316762 950164 363751 278988 766100 514091 857134 400188 704241 923079 980094 515105 620168 525567 657008 688136 1028641 657202 1189865 560632 911138 670009 878943 129643 330764 610280 491395 255871 861475 687823 629795 118877 799506 128874 93400 935360 523652 637551 804793 633059 117914 1024464 733957 845398 897676 108496 845804 685707 677591 399257 811377 917831 482657 640398 837717 448436 878469 214294 256298
539843 459507 772581 865867 906489 959487 252316 388310 763650 104878 560548 697553 426026 684111 806049 352100 354866 453216 494689 207185 550770 403661 953756 683945 785202 654215 787909 589528 419603 704785 304530 638218 999999999 252630 836238 36758 49725 524181 663432 654639 367944 543726 595477 799369 743489 870067 127024 718294 365557 219819 591747 575401 555417 504271 569235 651170 502194 765925 953836 936523 501218 535842 904748 299649 614699 324894 130186 485666 729014 225136 52105 387205 665277 1040472 667907 678986 746974 125014 851245 905606 922211 630433 691547 337813 220678 402591 627888 244164 994976 771057 258015 174288 686556 495063 975741 589044 224918 472476 451427 778434
420238 320769 843141 705542 809613 797159 127740 196020 651448 356038 308014 760823 291320 639487 603490 297667 489629 203553 471475 343977 563668 499017 822263 791382 657993 597171 628073 680634 436128 477350 217217 393570 252630 999999999 642246 233694 208952 287367 686586 539356 187713 390071 728626 618939 548771 818579 125609 758928 265493 386360 713219 731653 489679 505497 504962 623752 539701 866507 833458 1041068 472366 674907 804279 530156 362080 73019 269935 424582 530205 470614 304389 433085 439985 946078 415282 446854 812485 131294 754580 858051 802510 377829 820252 466872 470707 594120 375400 484192 872380 714971 27268 421477 767360 427366 842470 669650 156977 622264 238500 570131
345400 387155 847978 149604 396966 199459 585088 454601 298191 933997 496292 784359 418354 482756 52300 527292 802815 485527 523270 762796 600857 740901 302895 901865 251827 445869 140164 804791 598527 218128 540095 348554 836238 642246 999999999 836572 812242 381431 658653 299877 471642 304184 920589 64954 93817 528663 733848 731140 486213 810117 886462 972578 432294 570541 432704 521881 645855 933478 342001 1065772 512061 901322 383777 994121 477627 604401 757576 459562 112281 1056071 876134 647466 235371 488545 464418 255157 818012 751138 372258 560233 326066 464049 968645 785449 1002277 957656 455179 982053 360947 472598 659464 1005414 827708 445793 310972 777426 612034 892996 403748 92564
550156 465744 805431 872467 922736 966112 251569 384569 777058 124066 539860 729611 432146 705594 804502 367146 389906 436705 516732 240182 577396 436349 965293 718849 796584 673993 794213 623134 444946 696959 313040 624543 36758 233694 836572 999999999 25413 512892 691904 666809 365589 549013 631388 802140 743266 891808 110522 748613 374880 255485 627132 611984 573135 529174 587299 674362 530782 800644 967012 971722 522696 571856 920505 333865 594344 304330 159567 502992 727899 237183 81391 415113 657864 1057547 647849 669747 779381 102591 867266 927950 935358 610626 727454 372345 248710 439266 608555 276755 1007981 791757 235723 187785 719841 511701 987091 621913 229900 508731 445142 775535
528997 443199 800832 849755 904013 943378 227501 359714 757029 147601 515737 723958 409611 690143 779829 348537 389845 411686 501938 237361 566085 432070 944352 717942 775658 657473 771438 619904 432829 671608 291658 599254 49725 208952 812242 25413 999999999 487485 682164 646310 340980 526076 633131 778369 718849 876380 85178 740780 353629 257529 627424 616611 555517 516497 569859 660149 521404 799279 946778 971306 507502 574002 901530 349062 570146 280049 153620 485269 703319 262336 100510 405369 632539 1039203 623587 644346 774160 78334 848456 912914 915126 586293 729097 371304 269249 447947 584109 293889 987655 775712 211874 212699 715983 493580 966065 617533 207601 511841 419943 750657
313554 240697 875506 479815 651553 562653 286868 162165 493903 628903 155299 794772 241195 569707 335481 348270 639854 104207 470944 534411 577374 612021 621644 869354 479821 520811 410776 755300 491557 191660 301005 119607 524181 287367 381431 512892 487485 999999999 687204 399742 186312 242476 840603 375913 293990 714060 402503 768234 287121 584735 814923 867256 431231 521768 443527 577794 585745 929536 645093 1094854 464973 799267 642405 759436 175798 233439 491066 396436 271851 748708 572794 518757 156702 779614 207981 159639 842640 414038 602733 753957 617574 177571 918152 617225 727873 779284 169033 726914 678479 618367 297575 698183 819491 389643 638286 735039 329038 763993 97525 297756
383781 447232 195013 563804 409956 626260 558876 565986 377886 701290 834975 125721 453512 179982 673468 390916 358845 725448 222942 462699 122919 280845 531785 251857 427753 212786 523926 185226 254638 721140 471300 775926 663432 686586 658653 691904 682164 687204 999999999 362856 552002 460136 306709 593770 615870 281746 662616 81247 436785 473654 270628 376394 261310 181475 252129 136777 161238 274828 501641 417950 226150 318128 417871 590648 862903 720786 533289 291995 623597 786925 663952 276861 693881 501776 892372 729633 162945 684441 376102 301110 479176 864413 323791 361665 675158 468508 855577 622409 535964 233075 713628 751895 171597 297749 551452 158354 534501 350073 601693 680630
120072 218592 555940 239971 270621 326780 434171 351900 112616 736948 554684 487934 248813 196582 310869 304070 528679 475736 234550 525288 301742 458226 299223 602300 131230 152485 176678 505195 320362 373052 355311 455188 654639 539356 299877 666809 646310 399742 362856 999999999 353664 162810 622245 236069 253418 314549 585428 438965 293436 566003 587672 676811 139629 276552 136536 227378 350310 636802 300668 777286 223016 606181 264949 742680 566387 536205 546645 188090 262609 852993 682391 372426 353021 406821 582240 389336 524797 606996 216203 354309 269042 562221 668773 514644 775591 681751 552586 743476 341398 222428 564359 805270 529420 174887 321327 477693 440725 603765 346919 318209
236325 136029 728712 521201 624285 613791 115801 24307 465061 469368 299677 646056 110809 473058 438922 174850 455340 179187 329066 348947 432717 433311 634644 704754 470359 427392 443144 590146 325830 342893 115489 305289 367944 187713 471642 365589 340980 186312 552002 353664 999999999 202454 665530 440764 378061 644430 262399 630368 117658 399444 642292 687096 322251 373839 337125 465951 427162 770991 645824 941510 326442 620806 618454 576896 340312 185277 312018 265911 362339 591641 411539 344380 302827 760378 383379 321928 696344 280348 569701 684492 614935 348248 747785 432478 555145 593030 341462 548315 684677 541549 211576 540614 663658 264693 654947 572768 151081 581842 92543 410536
76363 84824 653683 323870 429405 417419 301036 195860 268674 637032 397629 576447 117889 328321 286939 223485 509473 313112 262606 458718 363202 456508 432201 669196 269003 279385 245475 559669 316130 269607 240622 316762 543726 390071 304184 549013 526076 242476 460136 162810 202454 999999999 662422 258528 219120 473912 455065 541194 183349 506390 631726 703723 198847 315396 208879 340608 388595 719340 444250 876224 253603 632346 422342 690664 415025 378475 455547 186565 212831 758089 579718 359475 237636 563843 437723 272226 620977 475037 376504 514068 413655 413353 727059 490342 698978 663162 404002 677877 482674 376451 413396 708006 608386 175225 452499 535520 319400 612777 184159 272588
594016 613701 246867 848866 716412 920353 616273 686947 667020 585451 964849 219322 603149 473911 924371 493063 245014 842362 403048 399834 320651 233890 835012 111199 714939 492249 796976 123179 351925 931030 554189 950164 595477 728626 920589 631388 633131 840603 306709 622245 665530 662422 999999999 857800 859881 584533 653129 283729 553941 375969 36330 73503 488947 352250 487894 423745 276618 188941 806901 345773 413416 60108 724005 391690 1005490 786020 485538 476501 861694 628975 571864 322087 896644 805739 1046360 929009 240708 670024 680472 598396 783220 1012465 96070 265887 506289 239687 1005160 445778 842066 538706 751806 610696 171544 488765 855345 151551 576140 125805 743808 922159
290583 343188 783036 111164 344600 186785 550952 426094 235093 894638 505041 719484 375719 417822 94454 478523 746471 478089 462723 713973 537610 682434 265820 837496 190288 380996 77679 741257 540502 238438 498526 363751 799369 618939 64954 802140 778369 375913 593770 236069 440764 258528 857800 999999999 85124 469028 702668 666188 441868 760228 823447 910823 370512 508936 370202 456994 583939 868598 300395 1000980 451395 839745 331874 943423 493174 587570 714064 401596 108408 1016084 837076 590330 245382 446445 486794 272181 753058 721051 315141 501876 280437 481520 904597 729788 956996 901277 472194 934127 324860 409262 638092 965806 763004 387732 277705 713759 574452 833158 382346 123971
270774 299316 809344 195589 415970 270555 491918 360824 286676 841964 420016 740452 329300 448107 67908 442279 725989 397287 457650 676784 544320 668377 348651 850551 249544 405718 144696 748229 526019 156125 449739 278988 743489 548771 93817 743266 718849 293990 615870 253418 378061 219120 859881 85124 999999999 526575 640147 692383 397824 724970 826897 907760 372082 507648 375251 480793 583324 888927 380967 1030628 446926 836171 403957 909371 408254 512360 667706 388512 23284 964185 784041 572849 160383 525677 403186 188252 778126 657359 380190 561977 358820 396859 914514 707576 913111 880385 387479 894820 407627 455145 566325 913419 780426 375167 361571 721775 519764 822942 310329 64793
413072 510565 400987 392627 160488 420450 698204 648389 240153 929140 869148 375103 533653 186243 562873 534839 620418 785914 375381 690668 340584 538850 297713 511312 279272 222458 391516 465786 455652 670753 608649 766100 870067 818579 528663 891808 876380 714060 281746 314549 644430 473912 584533 469028 526575 999999999 834447 307281 553816 714531 549142 656016 329698 371965 314446 221517 403753 503066 256801 586146 369119 599742 172903 856144 880489 829593 743887 397894 543428 1029189 883077 498782 657433 221234 894309 692932 381558 857038 159509 40295 245581 875762 584315 617760 926947 745213 866082 879551 281142 103618 845310 988423 427809 392945 311956 439684 690020 630478 655380 585848
466067 374657 798291 778673 849220 872029 154096 279494 697550 230819 433577 718422 341460 649260 699767 299771 408365 327027 465717 254197 542151 435607 880520 728479 712387 612689 700258 623723 408290 587592 231528 514091 127024 125609 733848 110522 85178 402503 662616 585428 262399 455065 653129 702668 640147 834447 999999999 727499 292555 287855 642802 645890 507311 488193 522220 624258 505227 807649 885820 981800 469621 595985 845749 412070 487687 198050 170128 437513 623817 347424 178809 390392 548751 985482 540884 559810 769697 22604 793523 872297 854257 503413 747861 387247 345836 491637 500899 362530 926220 731953 132489 297554 716664 444060 901833 617482 146327 537753 337265 669541
464831 528056 117087 628785 452613 685164 631572 645015 443243 747203 915493 67831 533590 248538 748374 465931 392178 805015 301867 513242 198060 321169 581905 204077 493338 286969 594271 176418 323350 801052 545665 857134 718294 758928 731140 748613 740780 768234 81247 438965 630368 541194 283729 666188 692383 307281 727499 999999999 514222 517463 250276 356969 342347 257249 332857 211594 222353 207280 547867 338796 305815 310080 462184 614164 943882 796044 589068 372557 700975 824515 714134 337456 774313 527535 973577 810161 87020 748861 426268 316856 528435 945514 277194 399396 708328 479816 936700 652557 579030 283789 785758 792969 120533 378651 600200 157047 604764 355059 682133 757174
175368 99089 611237 501050 557054 594544 145384 135801 405185 455326 415018 528521 68808 374015 464600 61160 358226 296411 214525 280593 316228 325045 590751 588499 422082 331895 423524 473877 209009 407388 61999 400188 365557 265493 486213 374880 353629 287121 436785 293436 117658 183349 553941 441868 397824 553816 292555 514222 999999999 329976 529113 580388 224364 257129 239651 359990 309573 653712 594099 823909 213160 512158 553346 514125 452663 286910 272198 159481 387962 575660 398537 231871 368514 693519 492462 395321 578934 314423 501379 593064 562477 458894 633572 336450 516085 505171 451424 497091 634758 450215 292515 525909 546085 161874 612440 455832 147289 478294 189949 444631
471910 426272 559596 800989 782432 891344 305202 423746 661657 229808 670547 488408 398530 535854 792450 282915 136027 548454 354610 50601 376135 196301 856445 464775 694626 517972 728010 374483 264237 733258 290052 704241 219819 386360 810117 255485 257529 584735 473654 566003 399444 506390 375969 760228 724970 714531 287855 517463 329976 999999999 371989 360274 438754 343913 449240 493677 317221 547055 846763 716871 364366 316598 783655 184449 719967 454443 118398 378338 716578 315627 201774 216506 693582 908498 769018 717110 535945 301674 730155 745830 816182 731820 472021 121357 214978 207799 726694 177497 887870 624380 404704 278381 472256 391238 878948 377146 260530 254392 491760 774135
562319 585389 223024 813252 680202 884324 598042 663210 631081 588162 941942 187468 576108 437664 891017 468625 237580 820106 371023 391601 285935 214864 798684 96488 679121 456414 761984 86858 324300 900842 532548 923079 591747 713219 886462 627132 627424 814923 270628 587672 642292 631726 36330 823447 826897 549142 642802 250276 529113 371989 999999999 107166 455387 319605 453902 387565 244254 178784 770592 344967 381163 69789 687752 404778 981522 768605 477383 445377 829141 638328 571070 297939 866937 770288 1021454 899684 213310 660473 644149 563620 746891 988004 107220 256796 516010 255106 980528 455897 805804 502435 737023 617372 142433 457372 819016 115255 559037 132843 718578 889483
638722 648586 317334 907870 784877 982056 626559 709573 728393 553055 984010 292823 634750 538454 973416 519259 242101 860462 450338 392151 377692 255365 900847 178556 775398 553384 852891 191219 388256 969771 572979 980094 575401 731653 972578 611984 616611 867256 376394 676811 687096 703723 73503 910823 907760 656016 645890 356969 580388 360274 107166 999999999 540370 402038 540856 487703 326889 248821 874065 388966 461274 71610 792053 343075 1027145 793134 475913 520374 908089 584190 546301 350922 934076 877071 1070270 965230 313137 661016 747296 670778 849621 1035343 138776 265053 461981 191316 1028495 401556 909946 606694 753298 570780 244762 533313 921522 218743 584326 109391 769798 968819
122485 197299 455260 378891 351922 463301 368508 330225 223120 627490 582994 379227 212895 151042 435657 208031 390660 481708 95009 402248 172577 318815 417756 480108 259103 107531 315929 376159 183175 462255 279181 515105 555417 489679 432294 573135 555517 431231 261310 139629 322251 198847 488947 370512 372082 329698 507311 342347 224364 438754 455387 540370 999999999 138427 15287 147531 213562 524436 408743 678063 83480 469237 351084 610117 606812 505327 436668 70272 375665 738390 576087 235585 433523 485081 633551 469007 422653 529813 297271 368773 377864 607024 542713 377645 652154 542856 597953 615664 450006 226206 516593 692840 414001 63447 440258 349847 361700 464501 352615 435412
243548 281930 355997 513117 443744 593868 377757 389419 344245 557720 663943 274017 281915 192156 572402 209460 267484 550209 52871 318712 59198 189372 533289 354156 386569 179884 453229 244428 84837 584937 289830 620168 504271 505497 570541 529174 516497 521768 181475 276552 373839 315396 352250 508936 507648 371965 488193 257249 257129 343913 319605 402038 138427 999999999 140020 150456 75693 408613 516639 573252 61998 330834 446426 498451 695838 539467 375511 129701 509557 657489 513203 127418 552743 565876 729452 586744 323359 510449 394098 405003 487668 699153 411911 258812 558056 413936 690758 513986 556730 280529 532605 616458 298043 140231 555462 220143 355001 327623 431122 569954
132692 211155 446693 374102 338874 457073 383758 344820 213724 640357 595832 371744 227515 136003 437893 222767 397342 495541 100777 413625 169224 324017 407853 475611 251530 92244 313210 373422 191055 469739 294362 525567 569235 504962 432704 587299 569859 443527 252129 136536 337125 208879 487894 370202 375251 314446 522220 332857 239651 449240 453902 540856 15287 140020 999999999 134429 214051 517927 397632 669644 89439 470007 338362 619018 618925 520405 449723 84863 379741 750590 589309 243416 441830 471447 644933 477525 414224 544736 284520 353498 366956 618837 539295 385010 663121 548608 609710 625799 438816 210978 531871 705330 407877 78591 430338 346680 376717 467407 366114 439043
265416 344668 328566 430000 306581 497214 498225 475614 245079 707818 730260 262496 358557 51101 537288 328839 406538 628980 158775 469151 125669 325158 413777 384644 294261 76035 387457 300967 234310 592482 407483 657008 651170 623752 521881 674362 660149 577794 136777 227378 465951 340608 423745 456994 480793 221517 624258 211594 359990 493677 387565 487703 147531 150456 134429 999999999 190239 411605 389527 550121 154686 421944 311539 641506 753012 646053 523736 201056 489481 807850 662401 277496 567574 420547 778060 603756 297535 646818 262836 255089 363497 752598 454732 401459 707031 542148 743405 661211 427354 133353 650981 766909 307069 201266 434833 272485 483537 438156 500133 545585
