NAME : synthetic_000562
TYPE : CTSP-D
DIMENSION : 100
GROUPS : 8
RELAXATION_LEVEL : 1
EDGE_WEIGHT_TYPE : EXPLICIT
EDGE_WEIGHT_FORMAT : FULL_MATRIX
EDGE_WEIGHT_SECTION
999999999 474147 563062 294770 364072 571984 615580 253261 830743 259547 515335 574641 553633 666107 863952 551126 544235 295708 446273 278133 560295 522770 618666 375539 453838 456663 450158 765434 250565 361183 479621 471112 184838 109895 198478 542956 732481 509105 537941 206479 103345 702529 225682 704979 96898 812090 676788 480916 566465 554521 582821 192895 642960 235710 71462 564875 960759 321938 441162 388191 331925 580718 134788 617561 416291 316269 512120 358685 640699 614778 687690 286181 615212 338746 118736 420344 890539 641503 706646 356513 101665 483146 41240 100656 671236 547138 521562 652254 604123 591799 627847 519698 643177 454901 850877 170596 374112 492908 604619 464443
474147 999999999 817300 760130 202465 647863 820643 223617 420461 403655 273628 401904 208432 856998 458340 323650 782844 731569 171226 629300 304522 353640 190090 603647 216306 437368 560902 476389 723801 513274 684562 721602 310253 548725 667167 618191 512912 695862 650813 580208 385885 239831 537237 623842 478554 367385 375024 224199 125111 483005 163101 319560 566002 468910 495555 668336 598072 207143 60311 88923 415010 515976 372755 305821 156750 210692 124427 714229 746572 263730 237061 190998 230220 529722 393657 137022 571445 204316 236044 805687 540620 301212 487905 568892 859345 425473 49233 634333 275184 573655 357305 115365 776926 664842 546874 569619 112651 697799 744633 384590
563062 817300 999999999 654284 615498 272574 87421 689951 946936 813855 634305 1092072 992053 131653 962920 621900 37966 381658 896216 289207 650293 564112 1006687 218046 924647 423241 276171 754250 533558 304117 136470 99177 687042 465174 604682 278978 659463 138106 229270 359027 636373 947961 343297 488038 471192 990832 728666 649684 941946 457461 976812 708240 468191 798667 491601 235678 968723 790824 758344 770318 885299 448625 527924 1081144 861666 610807 760144 231003 232596 756682 1051200 709597 791422 901500 664284 687423 862760 864303 974413 739387 470883 581266 598851 511445 137877 513404 861954 397605 731025 392669 1112234 775554 194551 153157 819273 397947 778470 125342 179898 997329
294770 760130 654284 999999999 658018 769738 731400 536517 1125288 436867 804577 760389 803243 781792 1158220 836466 652259 273481 700367 394523 848385 801947 884593 544605 695055 712084 659328 1048998 120820 578374 628765 590740 452712 276766 96596 746678 1005212 661726 724918 351361 374262 993773 413378 944016 341790 1106193 964988 773278 839549 808525 848947 449238 887398 370507 308689 750882 1250577 582201 732371 671869 492015 829241 425167 847211 675970 610842 806428 424653 811328 908452 957691 569179 909909 419998 369295 715046 1175345 935296 995392 86118 279665 768059 273217 226391 787858 814514 805608 875745 896788 823853 841324 813577 798225 608172 1134241 319320 653392 638319 763326 642715
364072 202465 615498 658018 999999999 452713 618356 189656 467652 416371 163338 549332 394188 655378 500221 209939 580723 569705 317780 447398 209496 207337 392524 403832 357867 245729 359486 418425 594897 311385 482208 520659 268784 405672 561428 422017 411963 493438 451478 409341 310503 367670 356189 466080 331788 458457 321745 119672 327557 310927 364413 290775 402925 460095 358329 470413 600165 261669 142925 174910 459374 344745 233851 490123 286821 50682 165371 527841 550431 250715 435957 178809 253531 550348 332636 75479 538588 293573 383491 719937 398998 152590 392241 440725 657872 266135 246459 457569 240988 393249 533279 177794 578357 462746 502289 408090 195347 495391 544926 493513
571984 647863 272574 769738 452713 999999999 220323 590959 691538 775612 411798 991292 846783 235133 703628 385292 237087 530260 767456 379143 414830 329777 835047 226125 804704 210731 122301 486473 655892 211110 171423 235377 624251 511953 693221 31945 388511 146958 50676 419352 605042 726399 363261 218804 477176 747280 473287 442352 770841 201598 810694 649049 195814 785288 509645 36947 698005 687873 587821 626569 839445 184288 477344 942830 734837 469415 561325 385584 98947 522024 865081 598970 563157 891071 635895 510842 591140 642965 758110 854515 513262 363901 613170 567543 235064 265123 684972 129238 495051 122053 985002 577225 134848 180491 548000 454641 643829 171357 112681 917559
615580 820643 87421 731400 618356 220323 999999999 714985 910376 858100 614291 1120741 1005504 51446 923393 595117 79148 461044 914448 352166 624344 537779 1010723 247299 946010 402681 261528 706587 610621 313515 144371 146631 722708 524649 676210 235484 607364 125645 187827 418020 679856 930703 390528 424270 520459 962091 691686 636364 945743 418588 982710 745276 413439 849260 544637 184626 916462 816123 760642 782175 928236 404101 563487 1097577 880194 620833 751583 306818 157566 731924 1049871 731359 770080 953865 709067 686568 808693 846723 959753 817102 529441 562757 653466 574317 57179 479430 862902 335165 705429 342176 1132575 767343 114541 168495 766123 457656 793483 130104 111628 1031654
253261 223617 689951 536517 189656 590959 714985 999999999 613795 227129 350265 406220 317759 759321 649847 398816 660586 528378 213004 452318 395636 395840 368892 472752 235832 404099 478425 602439 503824 404344 570856 590775 91293 338736 443720 559020 601519 591048 576433 391624 162305 459360 365202 644564 275121 578732 502437 301502 314099 485720 333394 107730 580104 275698 284784 599838 769146 101191 200659 135749 270872 518725 176073 397351 179096 144307 286352 540591 682298 413960 435708 33000 400705 361417 172052 208341 718201 408128 459106 583570 330147 341950 264515 351139 763021 449454 269642 623087 411678 557409 423298 289656 701383 547411 684466 372214 121050 585083 664315 326632
830743 420461 946936 1125288 467652 691538 910376 613795 999999999 820681 340768 777848 560687 926060 38130 333067 908995 1019541 578698 877895 308411 388810 464860 781549 620188 530573 674940 231607 1060910 684030 815196 873972 705003 870277 1028744 674971 335355 808832 723511 856888 765998 217139 794645 534910 796777 103545 218783 357532 440711 491928 473798 720549 513091 882083 824975 726087 195894 625367 417024 499291 835465 507384 701468 634910 573007 514481 327444 944025 777107 220095 426028 586221 215930 949396 782522 412698 226711 216406 251454 1184816 864123 390858 856530 907896 925543 433547 398170 601502 237495 572572 695331 324887 820898 806212 233737 863686 527948 823829 804076 791782
259547 403655 813855 436867 416371 775612 858100 227129 820681 999999999 577347 329933 378547 907013 858014 625904 791544 546015 286197 535283 622583 620905 473236 611453 269117 611232 655257 828505 457948 570214 716341 718205 156224 368967 366815 744185 828325 742646 751369 463915 178251 640507 470655 859592 343512 770854 727676 528121 441874 700299 439617 131257 794849 72744 328156 777111 987201 196514 404911 321390 72431 732089 300368 411718 271668 369178 498076 617817 857997 633922 548937 244879 614749 134392 149585 431199 942154 606518 629714 452591 360971 567982 234464 345583 911664 670363 437188 827977 634329 762812 404573 497757 868727 691486 909657 429612 292970 730340 830172 213578
515335 273628 634305 804577 163338 411798 614291 350265 340768 577347 999999999 669177 481827 640940 367682 51990 596734 679499 432926 537251 46257 85679 443026 448914 477345 212108 358332 255356 729662 349858 498253 551178 432007 538537 708422 386625 254516 498768 428949 517066 471688 316491 454081 351313 466560 361890 161566 52859 382794 221984 425244 453679 295923 623156 497414 439826 446039 408796 222623 296196 616010 252395 380939 578900 408316 213589 160311 605200 509242 126175 461103 334681 157123 711676 494994 157627 377218 232545 346723 871499 533159 53470 547091 580928 641938 158689 297046 371142 104015 316104 630927 175360 546497 485050 339737 525910 324155 508963 520185 631809
574641 401904 1092072 760389 549332 991292 1120741 406220 777848 329933 669177 999999999 217176 1165462 815232 720732 1064218 869122 236411 834480 704200 742129 318517 876661 192849 792436 882756 875721 787879 810528 976446 993108 409080 683593 695964 959543 914560 997173 980383 766139 476059 562250 755986 1011081 641852 694866 775632 617048 337763 859461 304405 391157 949556 390411 635843 1002920 970545 305626 446771 377907 268459 893300 565320 159987 263705 523363 526257 921460 1085206 662673 378835 393315 624107 358637 455994 515110 961706 573709 533004 763113 675020 686565 557387 668988 1169199 809653 398108 1006889 676245 942385 111751 516280 1106292 952729 941645 736961 354297 990699 1069632 117723
553633 208432 992053 803243 394188 846783 1005504 317759 560687 378547 481827 217176 999999999 1045317 598112 531308 959886 842149 107452 769418 510901 561989 109106 774304 109549 638167 751174 667105 797789 692564 864614 893708 368795 650889 720962 816187 714917 879860 845014 709380 451043 345501 680842 832273 591467 479094 569474 432622 120972 690005 88089 363179 774217 451243 597525 864456 753498 231802 264288 223391 351974 723249 493777 97583 139336 384795 327194 857528 944619 455573 181160 290562 414041 470208 444022 340516 747402 358187 317621 828625 642121 509067 551916 654289 1048193 633540 190716 841064 471967 779360 150139 314894 972090 842957 729270 689165 213657 878447 938037 250487
666107 856998 131653 781792 655378 235133 51446 759321 926060 907013 640940 1165462 1045317 999999999 937148 618295 129826 510675 956136 403612 647758 561712 1046856 295602 988686 431321 296099 715867 660979 355790 191152 198036 769903 575912 727432 255701 614102 168291 212067 469325 728838 957238 440761 423372 570675 982284 708166 666191 981928 436665 1019662 792758 420406 899319 595305 202600 921400 860295 796783 821943 976813 418725 611042 1138315 922054 660564 783035 357141 154112 755318 1083642 774648 795119 1004134 758254 721718 812701 873390 987513 867374 580642 590575 704214 625721 6224 499637 898133 337215 728509 353857 1174625 798887 108236 215833 771040 508971 834348 176989 122543 1078066
863952 458340 962920 1158220 500221 703628 923393 649847 38130 858014 367682 815232 598112 937148 999999999 355753 925054 1047179 616825 903592 332668 410016 501401 803069 658286 550565 693181 230859 1091943 706400 832653 892492 740966 901027 1061635 688505 336491 824945 737533 884706 800908 253775 821669 537965 827752 132888 234750 387871 478348 506098 511021 756841 520571 919027 856488 738792 161554 662922 453943 536644 873316 519386 733762 671375 611098 547752 363577 967850 786632 250650 460697 622627 250484 987024 817915 447342 205483 254418 287056 1218715 895035 416265 890411 939627 936387 450046 436297 608470 265899 583294 731786 361540 831008 824630 219074 892639 565427 840812 815760 829860
551126 323650 621900 836466 209939 385292 595117 398816 333067 625904 51990 720732 531308 618295 355753 999999999 584005 696861 484592 549451 29539 57797 488125 448525 529104 199707 346397 214435 756460 351014 487383 543791 478373 566131 740935 362603 203590 484521 407718 535728 513832 342098 470645 304590 495819 368936 130991 104841 429364 187556 472027 500646 252267 669803 527971 415796 416566 460098 274002 348186 666151 214967 416340 628041 460222 259092 206496 612122 480554 137032 501606 384569 178238 760064 538286 209564 339541 259588 375448 905857 561326 68409 584577 611121 618835 122305 344546 331801 110339 281127 680824 220748 519970 476465 299823 548012 376111 497078 496234 683765
544235 782844 37966 652259 580723 237087 79148 660586 908995 791544 596734 1064218 959886 129826 925054 584005 999999999 382061 865176 275625 612432 526214 972497 187837 894481 385481 238478 716983 531476 269622 99646 73401 661195 449934 597762 242109 622789 100165 192524 343224 613514 910741 321254 454015 450576 952941 690757 612679 907670 419743 942971 682930 432230 779200 472893 200367 931877 761671 723641 737586 862506 411342 501733 1049770 830673 577449 723768 227671 205000 718898 1016067 679311 753836 882977 642022 652103 826217 827024 937449 737954 455122 543763 581156 498351 135805 475472 827099 363565 693200 356236 1081913 739234 170921 118002 782622 382687 746496 87916 150841 971321
295708 731569 381658 273481 569705 530260 461044 528378 1019541 546015 679499 869122 842149 510675 1047179 696861 382061 999999999 734902 158177 716432 649751 896542 307359 746542 529302 436219 894188 153653 372275 372377 325644 476379 191395 238323 512524 829418 404819 481504 162709 398020 936343 226217 727997 254360 1025312 827299 664255 839126 616077 861319 487382 679411 504385 244633 505420 1109376 611168 686137 654056 616636 628987 359308 911102 703036 535081 734629 155587 555544 800374 960594 559257 815776 592357 414189 641682 1019700 863221 948884 357961 200191 632136 312348 200629 516811 640089 780768 649147 782060 607280 923287 746143 536702 355159 976005 162763 646877 379768 504305 756812
446273 171226 896216 700367 317780 767456 914448 213004 578698 286197 432926 236411 107452 956136 616825 484592 865176 734902 999999999 665317 468750 505922 187587 678174 45239 563245 665316 647493 691260 600953 771856 797323 261456 543585 616185 736150 680286 789044 761292 603959 343864 375926 577913 775398 484940 511168 545854 380686 158625 625443 153473 256574 714398 358470 490316 782241 763381 124370 210926 143379 273733 659225 388900 185377 34578 298565 294753 753595 863707 434955 263046 188117 400567 393522 337752 278862 741771 363961 357507 729650 534810 450521 445296 546926 959338 574078 180939 774331 445925 710563 218693 286509 888332 749429 717932 582798 123627 785889 853027 214891
278133 629300 289207 394523 447398 379143 352166 452318 877895 535283 537251 834480 769418 403612 903592 549451 275625 158177 665317 999999999 571036 499521 807603 153180 685574 373594 279031 740675 277694 214667 235153 205754 425678 176167 327836 358930 672737 268020 332340 71657 362316 814000 92150 570853 193745 892113 678477 528479 746117 458398 773908 443439 521402 513330 207490 357708 957454 547546 577483 561680 607618 470845 276644 849074 631367 421487 611965 88333 416890 661348 865080 478891 681543 614428 387446 522364 865345 736557 830887 480370 182194 487356 311667 222790 409284 484761 678089 493826 641081 449876 870883 624982 405583 213848 821387 109211 560963 245541 369746 731159
560295 304522 650293 848385 209496 414830 624344 395636 308411 622583 46257 704200 510901 647758 332668 29539 612432 716432 468750 571036 999999999 86631 463884 474148 513612 227494 374489 209100 771389 376028 515437 571211 478039 580502 752421 392077 213091 513123 437048 554589 517876 312708 490352 329482 509170 340648 116656 95073 406268 216853 449012 499567 279085 669080 540574 445284 402384 451306 257843 335451 660060 243782 425689 607089 445755 259816 184233 635677 510053 107630 475046 379197 148785 756958 541246 198583 331289 230416 346307 916149 575368 84308 592513 624003 648317 151589 322465 359943 81114 310210 660816 197757 549508 504076 293534 565261 364153 525316 525733 671397
522770 353640 564112 801947 207337 329777 537779 395840 388810 620905 85679 742129 561989 561712 410016 57797 526214 649751 505922 499521 86631 999999999 527671 393091 549349 142329 288719 248215 716906 296581 429699 486476 468781 528234 707458 306175 212153 426727 350633 490228 495437 396626 424009 270603 460168 426729 179282 129602 466641 136398 508846 492272 212508 659473 493461 359446 459830 467378 299083 364942 666381 166761 388871 659451 478952 251904 245163 559178 426130 194146 546780 386133 233544 753933 521754 227060 374962 313299 428731 874057 524039 56101 558296 575658 562379 73227 380377 285623 167743 230579 709928 260464 464617 419033 332879 505183 390846 439327 439944 696598
618666 190090 1006687 884593 392524 835047 1010723 368892 464860 473236 443026 318517 109106 1046856 501401 488125 972497 896542 187587 807603 463884 527671 999999999 791945 208003 624321 750767 595183 867881 702875 874442 910433 436869 707590 797929 805920 655034 885947 839825 753294 519440 247723 716366 792714 642382 377387 503170 399690 64980 661868 35902 436442 738894 545733 653631 856712 660008 302605 250129 245943 454369 693766 539113 170064 208747 397199 282716 894271 933956 390783 75784 337397 345138 573794 517668 325504 663745 276772 215670 916491 699020 479544 622948 718347 1049142 600854 150099 812804 411275 754631 230484 267783 965435 854508 649924 737926 249753 887734 933707 359569
375539 603647 218046 544605 403832 226125 247299 472752 781549 611453 448914 876661 774304 295602 803069 448525 187837 307359 678174 153180 474148 393091 791945 999999999 706877 253749 131275 619162 429850 99199 105100 119405 475676 297156 471337 205884 540964 133581 180314 197009 433338 752087 151021 421489 278820 810804 570403 454113 727520 323973 761291 498071 375901 605657 306537 206359 838052 573834 545695 553177 681221 330782 316303 863106 643627 394924 556732 176254 272099 574948 839408 491744 603574 711117 462913 477761 740074 669939 775156 629847 300060 395712 415167 351429 300215 362005 649535 341805 551402 301563 894400 571567 268909 80194 695690 234640 560663 118960 230773 785176
453838 216306 924647 695055 357867 804704 946010 235832 620188 269117 477345 192849 109549 988686 658286 529104 894481 746542 45239 685574 513612 549349 208003 706877 999999999 602477 700127 692650 693800 632950 802657 825529 270195 555300 614331 773202 725353 820982 796817 621984 350518 414238 600192 818248 500577 549804 591063 424947 190988 667124 177139 261192 756832 341845 502933 818351 806354 138082 255772 185140 246372 700948 409123 164828 71135 335295 339976 773888 900185 480023 283535 215172 445212 365901 340501 322400 786287 406515 393481 719208 546493 493736 448744 554162 992058 616828 223723 815258 491138 751105 187643 331639 923604 779786 762795 598535 162529 816786 887806 171766
456663 437368 423241 712084 245729 210731 402681 404099 530573 611232 212108 792436 638167 431321 550565 199707 385481 529302 563245 373594 227494 142329 624321 253749 602477 999999999 147128 368304 615275 161386 287984 344151 455116 435468 621947 181868 300553 286872 219583 377022 457450 528162 309521 251687 376657 568117 316948 234925 560116 98035 600058 480210 187869 635118 411605 233665 586522 494674 377470 420634 668021 124780 333763 734836 531709 269629 352608 424757 309636 333447 655427 406052 368860 737379 487208 300375 492017 444182 557103 790144 433131 160093 496281 488101 432709 111216 474255 219016 307907 153330 778939 368509 342273 276761 447945 399201 440149 298053 312713 727733
450158 560902 276171 659328 359486 122301 261528 478425 674940 655257 358332 882756 751174 296099 693181 346397 238478 436219 665316 279031 374489 288719 750767 131275 700127 147128 999999999 497022 549392 88989 140985 199323 505590 394557 578801 92808 413514 140839 98074 308101 483340 673130 247396 291854 355988 715136 458476 376264 685834 197548 723615 530145 244651 663358 388981 122461 715629 577500 500684 528170 720178 200819 355960 845309 631753 367370 490305 306868 204600 480565 788516 489450 515401 769238 514179 425773 614900 589267 700750 742879 395221 305508 491379 450251 298465 244017 602205 216767 455025 171076 883970 506023 223643 131453 570519 340810 542323 150929 187730 803935
765434 476389 754250 1048998 418425 486473 706587 602439 231607 828505 255356 875721 667105 715867 230859 214435 716983 894188 647493 740675 209100 248215 595183 619162 692650 368304 497022 999999999 965120 529673 630589 693637 686510 776256 953938 475573 105834 618202 525315 736628 726765 374883 669764 307665 707476 319514 102635 301121 549820 300272 590826 707614 295666 877127 740310 522828 218928 649935 443205 527322 862115 305642 630668 757135 629863 468860 353056 792630 563111 213114 581578 583846 253095 962835 750328 398507 126747 319554 414907 1119578 771925 282297 799011 822993 714619 257607 478181 381859 202083 364448 815339 361025 608334 626413 85453 752934 557243 636892 596518 858784
250565 723801 533558 120820 594897 655892 610621 503824 1060910 457948 729662 787879 797789 660979 1091943 756460 531476 153653 691260 277694 771389 716906 867881 429850 693800 615275 549392 965120 999999999 472373 510193 470493 431376 191187 99991 634211 913369 543142 609815 242625 348596 948116 308329 838052 264192 1051752 886945 704105 816741 709477 831986 434701 783761 402620 236636 635345 1172977 567887 688007 638547 522946 727764 362621 854006 662938 551616 752620 303845 693344 841332 937737 536734 848344 475476 353794 659096 1091866 882967 954353 206527 196932 688574 245967 156023 667048 721685 771601 766134 826939 717086 856671 761666 678912 490243 1049577 216136 624654 519330 644505 671246
361183 513274 304117 578374 311385 211110 313515 404344 684030 570214 349858 810528 692564 355790 706400 351014 269622 372275 600953 214667 376028 296581 702875 99199 632950 161386 88989 529673 472373 999999999 172263 210152 423321 308873 494891 181774 458337 188114 181423 229769 396403 653569 165050 365992 267313 711733 475165 355220 638054 243810 673425 447434 311614 575823 300614 207608 747880 505017 454230 469485 636482 257684 269965 784145 566730 308557 459715 263683 287815 475958 747189 418899 504378 681835 427174 383718 652995 571157 677270 660676 308959 296750 402409 364420 359259 272286 557844 298988 452619 245493 819192 474775 300227 151645 608812 259082 480079 185964 262186 726620
479621 684562 136470 628765 482208 171423 144371 570856 815196 716341 498253 976446 864614 191152 832653 487383 99646 372377 771856 235153 515437 429699 874442 105100 802657 287984 140985 630589 510193 172263 999999999 65157 578842 396426 562512 165394 540843 32963 120917 292150 538308 811509 254130 388451 383180 856083 597923 513222 809539 330662 845347 601628 356506 710643 409876 139610 847793 672028 625117 641671 785875 326637 419895 955684 737487 480819 624127 220521 183551 621286 917055 587739 655371 816005 567958 553014 744235 727876 837964 714803 400119 445098 518812 449195 195573 382656 728379 300159 595875 278889 989574 639600 170619 24906 700137 331335 651779 14268 134638 887427
471112 721602 99177 590740 520659 235377 146631 590775 873972 718205 551178 993108 893708 198036 892492 543791 73401 325644 797323 205754 571211 486476 910433 119405 825529 344151 199323 693637 470493 210152 65157 999999999 588824 378194 531506 230514 605144 89577 185251 271503 540225 861121 247854 453219 377217 911379 657797 562235 845860 393390 880084 610325 421632 705910 399838 202094 911351 691650 663149 672488 789233 390741 429489 982357 762762 513756 669459 170266 234146 675736 956611 610520 707892 809825 568666 593658 808359 778010 886016 676795 383123 497735 508298 427688 203638 443168 766945 364490 650892 344004 1013132 684626 211376 67873 764185 311114 680064 64162 180801 899073
184838 310253 687042 452712 268784 624251 722708 91293 705003 156224 432007 409080 368795 769903 740966 478373 661195 476379 261456 425678 478039 468781 436869 475676 270195 455116 505590 686510 431376 423321 578842 588824 999999999 285258 362629 592552 678596 602815 602895 358302 82813 548426 347435 703424 234455 669482 587988 385640 388049 544169 400969 25147 638686 191445 233432 628004 858467 137180 291531 221337 215406 575886 159503 434733 231892 219308 377565 513088 709761 503288 507881 121041 491492 286046 83723 297460 804554 499130 546289 495464 276453 417409 186081 285494 774168 515488 354047 672313 499733 607014 449240 380947 723498 554348 769635 331502 200981 593064 685310 310288
109895 548725 465174 276766 405672 511953 524649 338736 870277 368967 538537 683593 650889 575912 901027 566131 449934 191395 543585 176167 580502 528234 707590 297156 555300 435468 394557 776256 191187 308873 396426 378194 285258 999999999 187410 485719 728977 427899 471968 106727 208568 764587 148901 671347 73886 863795 696320 513156 651593 532262 672127 297214 613088 339938 53959 498877 982435 419778 507600 467791 441222 553856 177609 719962 511887 364345 566148 251484 568948 650492 773291 370297 658619 439194 227732 472318 902947 696451 773479 355178 8807 498040 137667 55697 581372 537952 597589 607827 635833 552575 733360 576050 565305 372580 861108 67294 458546 408707 527543 574162
198478 667167 604682 96596 561428 693221 676210 443720 1028744 366815 708422 695964 720962 727432 1061635 740935 597762 238323 616185 327836 752421 707458 797929 471337 614331 621947 578801 953938 99991 494891 562512 531506 362629 187410 999999999 668458 912312 595213 650576 274506 282148 899203 331406 858620 247936 1010392 869060 676753 750635 719149 762110 361487 800499 307293 214060 677100 1154459 495425 637682 579419 428858 741160 328633 770929 590107 514332 710491 374043 742209 811858 869996 476588 813431 375999 280350 618821 1080112 839644 901738 168217 189005 672533 179263 133862 733317 722346 713315 793750 800251 739504 769685 717866 733120 540399 1039269 238611 562119 573249 696795 578613
542956 618191 278978 746678 422017 31945 235484 559020 674971 744185 386625 959543 816187 255701 688505 362603 242109 512524 736150 358930 392077 306175 805920 205884 773202 181868 92808 475573 634211 181774 165394 230514 592552 485719 668458 999999999 380701 145872 49751 395537 574163 702313 337524 223947 448734 727450 456238 415240 741559 183107 781157 617377 191926 754540 481592 53286 689787 655997 558050 595546 807799 170309 446338 912055 703437 437945 533816 371702 128522 499621 837142 567114 539696 860233 605018 481207 584188 618622 733322 831009 486713 337588 584180 541395 256245 244512 655917 138143 472809 114750 953866 549725 160724 170163 540535 429898 612526 167984 133785 885616
732481 512912 659463 1005212 411963 388511 607364 601519 335355 828325 254516 914560 714917 614102 336491 203590 622789 829418 680286 672737 213091 212153 655034 540964 725353 300553 413514 105834 913369 458337 540843 605144 678596 728977 912312 380701 999999999 525668 430275 677265 707571 454938 609752 201854 664395 417660 155324 306846 603261 216992 645631 701531 194072 869857 698579 425310 309504 663307 469829 548532 869670 214471 599568 808992 658271 459747 389107 716810 460549 264357 651570 588059 310937 962195 733734 411335 203590 388307 494341 1080008 725649 261199 768917 779081 612592 191696 524258 278087 244242 266935 864959 400395 506112 539129 159834 697936 577231 545918 496383 884461
509105 695862 138106 661726 493438 146958 125645 591048 808832 742646 498768 997173 879860 168291 824945 484521 100165 404819 789044 268020 513123 426727 885947 133581 820982 286872 140839 618202 543142 188114 32963 89577 602815 427899 595213 145872 525668 999999999 97935 324212 564972 813939 284146 365638 412401 853414 590602 516995 820972 319966 857617 625982 337746 738798 439876 112746 834073 692050 636004 656535 811618 312775 444607 971991 754837 495204 630245 252167 150816 619928 926358 606635 655699 844405 594894 562550 729257 730055 841567 747761 431397 446148 548640 481030 172111 375306 738656 276179 594040 260608 1007306 645887 138073 55356 685411 363236 667895 25967 101728 910209
537941 650813 229270 724918 451478 50676 187827 576433 723511 751369 428949 980383 845014 212067 737533 407718 192524 481504 761292 332340 437048 350633 839825 180314 796817 219583 98074 525315 609815 181423 120917 185251 602895 471968 650576 49751 430275 97935 999999999 376105 577798 745347 323106 268082 441921 774268 504729 454500 775118 231623 813902 627321 240382 756962 473315 27020 739459 675308 590507 622722 817036 219954 451297 939929 727976 462820 571966 335447 106867 544677 873900 587075 583650 863019 608553 514345 633694 661455 775457 810117 473831 378517 578902 527253 213258 291656 690260 179289 518058 163813 979770 587852 127156 129956 590106 412508 637958 121507 93890 902009
206479 580208 359027 351361 409341 419352 418020 391624 856888 463915 517066 766139 709380 469325 884706 535728 343224 162709 603959 71657 554589 490228 753294 197009 621984 377022 308101 736628 242625 229769 292150 271503 358302 106727 274506 395537 677265 324212 376105 999999999 292124 776863 67515 595465 124291 863176 666509 501611 693268 468964 718909 375015 541280 441772 135909 402598 950020 483959 531468 507793 536292 485970 215780 786274 570470 377516 574671 155521 468676 637665 813618 419859 653365 543226 316575 482537 862843 702349 790973 435472 111981 470287 240378 157298 474817 486067 629377 524745 619426 474571 805865 586693 462186 268894 819577 39662 504497 303954 424980 661413
103345 385885 636373 374262 310503 605042 679856 162305 765998 178251 471688 476059 451043 728838 800908 513832 613514 398020 343864 362316 517876 495437 519440 433338 350518 457450 483340 726765 348596 396403 538308 540225 82813 208568 282148 574163 707571 564972 577798 292124 999999999 620946 293085 709095 168626 737563 631946 430168 469663 552038 483538 89593 644965 180619 159787 603998 909870 219794 360469 297635 249016 581689 128036 514235 314655 259900 440411 447574 683868 556785 590001 194916 550424 286077 30855 353603 848597 566413 621381 422576 199860 448623 103864 203699 733517 532620 431448 668004 549968 604179 525287 445762 692676 513434 811410 261209 279984 552269 654021 369371
702529 239831 947961 993773 367670 726399 930703 459360 217139 640507 316491 562250 345501 957238 253775 342098 910741 936343 375926 814000 312708 396626 247723 752087 414238 528162 673130 374883 948116 653569 811509 861121 548426 764587 899203 702313 454938 813939 745347 776863 620946 999999999 723416 626799 691446 135593 300433 298886 227509 529549 257846 558926 584958 707498 713646 755592 412507 444703 261527 328062 644243 555763 587263 417771 376543 401800 202322 892079 822472 208791 213387 427725 163989 762152 631141 294661 423736 83983 40029 1042930 757141 368104 720563 792094 958140 464289 203413 669604 235683 622614 478193 190231 861242 796662 415746 773968 352421 822825 836065 583896
225682 537237 343297 413378 356189 363261 390528 365202 794645 470655 454081 755986 680842 440761 821669 470645 321254 226217 577913 92150 490352 424009 716366 151021 600192 309521 247396 669764 308329 165050 254130 247854 347435 148901 331406 337524 609752 284146 323106 67515 293085 723416 999999999 530977 129934 804665 601135 441576 654552 401840 682906 367320 475634 458758 155771 350037 883825 462672 485339 470567 542007 419466 191832 762553 543689 329380 521176 177922 421166 576337 773208 390414 594254 563380 321071 430882 795836 646848 739608 496059 150771 406086 264682 204353 445814 418593 585987 462845 557201 410539 786735 533948 419883 229516 752475 94058 470815 267304 381641 656820
704979 623842 488038 944016 466080 218804 424270 644564 534910 859592 351313 1011081 832273 423372 537965 304590 454015 727997 775398 570853 329482 270603 792714 421489 818248 251687 291854 307665 838052 365992 388451 453219 703424 671347 858620 223947 201854 365638 268082 595465 709095 626799 530977 999999999 619858 610769 333257 399656 733663 159369 776246 728336 64745 886184 654710 254485 500568 727104 569682 633197 913368 127743 585173 929622 747424 502459 510744 593422 269638 420091 803942 641212 467470 987618 738763 496873 391263 550322 664093 1025563 670387 325111 745268 726108 421105 201437 648274 90460 394367 121192 980497 525228 315477 394106 351094 624922 657767 389589 313016 959570
96898 478554 471192 341790 331788 477176 520459 275121 796777 343512 466560 641852 591467 570675 827752 495819 450576 254360 484940 193745 509170 460168 642382 278820 500577 376657 355988 707476 264192 267313 383180 377217 234455 73886 247936 448734 664395 412401 441921 124291 168626 691446 129934 619858 999999999 789927 625389 439927 584766 474524 607269 250751 559424 328869 34981 468903 911477 363005 435665 399780 415519 498432 105854 665290 452139 290674 492501 279732 544098 577141 706251 305384 584804 433459 194497 398663 833971 622754 700999 415689 67362 427500 137287 115523 575708 474745 527634 562439 562871 503839 683020 502562 546279 358399 792629 97992 392646 396582 507722 537477
812090 367385 990832 1106193 458457 747280 962091 578732 103545 770854 361890 694866 479094 982284 132888 368936 952941 1025312 511168 892113 340648 426729 377387 810804 549804 568117 715136 319514 1051752 711733 856083 911379 669482 863795 1010392 727450 417660 853414 774268 863176 737563 135593 804665 610769 789927 999999999 279731 363649 362611 545683 391049 682130 581042 836203 815251 780021 294101 574381 378073 453073 777727 565883 689158 546179 510594 500139 300018 964332 837882 235989 330927 548529 210570 894836 750553 392853 329860 171187 161887 1159987 856933 415153 833773 896376 982332 482938 335784 669293 260487 632871 606365 292647 880044 844486 334140 865245 479466 865941 859742 719435
676788 375024 728666 964988 321745 473287 691686 502437 218783 727676 161566 775632 569474 708166 234750 130991 690757 827299 545854 678477 116656 179282 503170 570403 591063 316948 458476 102635 886945 475165 597923 657797 587988 696320 869060 456238 155324 590602 504729 666509 631946 300433 601135 333257 625389 279731 999999999 202604 454261 273162 496049 608486 301315 777800 657017 507544 286128 547550 340630 424689 760061 289529 542257 661335 527633 372425 251135 738268 560712 113922 496730 482818 158039 861881 654379 296863 216875 233172 339548 1032765 691336 198380 708654 740393 707806 215405 379356 389616 99939 355589 718684 259749 603857 589929 182051 679001 454618 606165 585933 756481
480916 224199 649684 773278 119672 442352 636364 301502 357532 528121 52859 617048 432622 666191 387871 104841 612679 664255 380686 528479 95073 129602 399690 454113 424947 234925 376264 301121 704105 355220 513222 562235 385640 513156 676753 415240 306846 516995 454500 501611 430168 298886 441576 399656 439927 363649 202604 999999999 337807 262184 379780 406525 342108 576020 469049 467836 480920 356596 171083 243354 564990 294263 348120 530011 355680 170281 119357 601356 540948 137461 423478 284275 153093 662513 452028 104796 419454 215991 324776 837375 507183 80052 510571 552392 667622 202114 251299 413255 123529 355112 581016 135190 575957 497931 383999 506653 271302 524811 547419 578954
566465 125111 941946 839549 327557 770841 945743 314099 440711 441874 382794 337763 120972 981928 478348 429364 907670 839126 158625 746117 406268 466641 64980 727520 190988 560116 685834 549820 816741 638054 809539 845860 388049 651593 750635 741559 603261 820972 775118 693268 469663 227509 654552 733663 584766 362611 454261 337807 999999999 599836 42756 390326 678617 513203 597690 792180 632789 258753 185167 185581 432346 632067 480430 207331 170462 333049 222928 832334 869711 340570 121711 281740 297041 552146 470597 260774 626954 237509 203429 875840 643133 417305 573526 665141 984230 539654 86655 751037 359051 692113 265752 208672 900877 789674 609718 679260 193234 822814 868989 357466
554521 483005 457461 808525 310927 201598 418588 485720 491928 700299 221984 859461 690005 436665 506098 187556 419743 616077 625443 458398 216853 136398 661868 323973 667124 98035 197548 300272 709477 243810 330662 393390 544169 532262 719149 183107 216992 319966 231623 468964 552038 529549 401840 159369 474524 545683 273162 262184 599836 999999999 641599 569050 94643 727894 509489 234841 518421 570208 425717 482201 754069 33843 430160 787568 596006 344617 380272 499872 294081 322618 682946 483405 365583 828745 581339 349996 417383 447137 562979 887275 530186 182548 593982 585374 436658 65264 513227 151377 295505 94201 835714 395796 334923 326146 372994 493414 505180 337476 314132 803293
582821 163101 976812 848947 364413 810694 982710 333394 473798 439617 425244 304405 88089 1019662 511021 472027 942971 861319 153473 773908 449012 508846 35902 761291 177139 600058 723615 590826 831986 673425 845347 880084 400969 672127 762110 781157 645631 857617 813902 718909 483538 257846 682906 776246 607269 391049 496049 379780 42756 641599 999999999 400627 720973 511940 618172 831416 667495 266856 223398 212351 423137 673970 504346 166708 173313 366370 265554 860827 909474 382533 109792 302078 338472 542861 481825 299958 665365 276047 229532 881378 663541 459053 587048 682554 1022079 581776 128492 792882 401391 733588 226046 251380 940021 825054 649261 703067 214798 858762 907711 335187
192895 319560 708240 449238 290775 649049 745276 107730 720549 131257 453679 391157 363179 792758 756841 500646 682930 487382 256574 443439 499567 492272 436442 498071 261192 480210 530145 707614 434701 447434 601628 610325 25147 297214 361487 617377 701531 625982 627321 375015 89593 558926 367320 728336 250751 682130 608486 406525 390326 569050 400627 999999999 663594 169534 246795 652521 876839 134031 305072 230887 190459 600836 181789 424667 228985 241857 393269 530303 734184 521630 508764 134441 508192 261926 81408 315898 824758 512514 555111 488036 288447 440437 188758 293006 797083 539830 361660 697457 518957 632152 436156 395845 747516 577055 790348 346644 208207 615828 709263 289518
642960 566002 468191 887398 402925 195814 413439 580104 513091 794849 295923 949556 774217 420406 520571 252267 432230 679411 714398 521402 279085 212508 738894 375901 756832 187869 244651 295666 783761 311614 356506 421632 638686 613088 800499 191926 194072 337746 240382 541280 644965 584958 475634 64745 559424 581042 301315 342108 678617 94643 720973 663594 999999999 821701 594366 232759 503038 663440 510604 571692 848695 63280 521623 871739 685854 438373 456208 550834 267448 376354 753850 577174 422718 922972 674526 436607 395589 505801 620998 968018 611749 265399 683004 667380 419054 140838 592589 88535 349767 77641 921605 471127 312696 358527 352750 569127 595699 359793 302328 896194
235710 468910 798667 370507 460095 785288 849260 275698 882083 72744 623156 390411 451243 899319 919027 669803 779200 504385 358470 513330 669080 659473 545733 605657 341845 635118 663358 877127 402620 575823 710643 705910 191445 339938 307293 754540 869857 738798 756962 441772 180619 707498 458758 886184 328869 836203 777800 576020 513203 727894 511940 169534 821701 999999999 307126 783363 1043714 262865 465088 383980 122064 758474 308652 482173 342763 410752 556644 591422 862514 688893 621389 298597 672838 106091 149837 483798 993838 669777 698237 381500 332790 608660 202309 307426 904285 703558 504731 847846 687298 783643 471933 557601 869457 685756 959736 404754 356796 724294 830750 272696
71462 495555 491601 308689 358329 509645 544637 284784 824975 328156 497414 635843 597525 595305 856488 527971 472893 244633 490316 207490 540574 493461 653631 306537 502933 411605 388981 740310 236636 300614 409876 399838 233432 53959 214060 481592 698579 439876 473315 135909 159787 713646 155771 654710 34981 815251 657017 469049 597690 509489 618172 246795 594366 307126 999999999 500329 942957 366781 455459 414078 400568 533409 126520 667717 458404 315135 516518 289887 574419 605851 719393 316342 611835 410138 182020 422830 866666 646902 721672 381431 45444 459579 109021 83528 600488 509258 544314 596716 592355 538447 682431 525942 575069 385284 825565 102007 404611 422981 536663 528461
564875 668336 235678 750882 470413 36947 184626 599838 726087 777111 439826 1002920 864456 202600 738792 415796 200367 505420 782241 357708 445284 359446 856712 206359 818351 233665 122461 522828 635345 207608 139610 202094 628004 498877 677100 53286 425310 112746 27020 402598 603998 755592 350037 254485 468903 780021 507544 467836 792180 234841 831416 652521 232759 783363 500329 999999999 734813 698218 608087 642788 842440 219476 477241 959816 749141 483677 586135 357628 82460 552796 889074 609734 592975 889400 634778 531519 628039 671889 786541 836194 500779 390548 605853 554126 203043 297166 706855 164343 525956 158605 1000486 602043 108756 151635 584860 439184 658737 137946 80501 925832
