NAME : synthetic_000517
TYPE : CTSP-D
DIMENSION : 100
GROUPS : 8
RELAXATION_LEVEL : 1
EDGE_WEIGHT_TYPE : EXPLICIT
EDGE_WEIGHT_FORMAT : FULL_MATRIX
EDGE_WEIGHT_SECTION
999999999 384219 309617 706776 677744 731979 415978 745323 727581 77293 382421 516160 805803 592420 795180 328196 749641 596447 388470 523294 420952 686068 278134 331451 304344 499477 491297 502847 581465 482691 475916 803097 549887 260694 402333 406260 403783 277236 363840 733486 309748 769107 809813 506664 126730 436051 698846 544034 372687 621923 440292 147880 560123 383998 751327 442051 893797 199048 895889 507389 471110 350243 709206 380639 208954 581496 683777 201886 566392 781277 348357 314596 449804 779153 301121 597465 552343 566431 401119 697549 213917 624177 827842 789026 955235 778004 425367 604851 658093 627356 366830 642435 346359 364743 270639 432718 269198 613113 163433 291415
384219 999999999 492893 700389 812248 776771 602556 812301 444852 309011 522069 230146 598048 697577 600476 131818 498104 814487 656969 653968 168954 717293 321800 84568 300536 488006 513544 584000 257577 208678 733090 624642 381413 470450 291335 550435 571119 221545 389903 640194 609095 602997 473299 128836 498712 728667 679422 640941 265645 242612 375868 388880 564540 334753 433592 479951 796205 461095 793134 125047 556154 355336 629009 670299 548751 496866 622949 397966 465940 790318 155387 562941 516778 417367 84577 859101 171082 183655 117568 628123 270205 744664 635040 409842 915716 648871 359389 394441 602515 569571 649062 258949 688439 162841 376422 473945 200175 228948 458312 471799
309617 492893 999999999 419570 371182 427617 116913 437129 626199 334112 76717 478902 626657 282989 607678 520053 615742 325280 178012 213796 614115 387094 176817 409166 576932 252040 223637 202319 555839 451093 242833 602537 402011 49707 293479 97180 95963 519457 654461 487071 173314 564757 753436 616705 271708 256396 417892 236494 287720 666014 263750 456158 286525 237612 681366 181193 633499 118234 638120 580723 173320 633625 458498 205081 212951 359522 425644 509136 360353 484061 551351 92603 166216 764034 441295 367006 650898 658162 573601 442301 481259 315011 634327 812763 666337 547563 260232 471243 400903 376903 181961 701494 284174 568923 118298 173515 293058 683395 160046 22176
706776 700389 419570 999999999 272511 110504 370155 161736 516879 704501 343840 534137 383611 206341 355810 792566 457620 428559 500369 261662 865013 68845 450202 627602 910373 222142 217156 219901 586196 530146 486085 326992 352688 466724 409963 331402 353500 834460 1000932 159442 555847 296715 669438 782812 690710 556706 28012 209825 438818 742002 326780 842180 149398 377110 599583 265949 235318 535653 243394 718923 246490 972762 137363 540982 628624 214035 109700 890207 247244 90190 825631 477907 258535 735179 697467 532941 794591 792162 814392 120286 823782 232444 361471 823801 248729 230001 344237 391388 114737 140298 525381 785194 657944 840201 438239 275207 544996 785539 577160 430271
677744 812248 371182 272511 999999999 180021 262300 142783 754082 705167 308308 708705 649117 117610 621870 869592 706228 181036 342829 162730 957777 203785 499750 729065 945382 352360 313245 229759 775803 693488 287044 595966 549615 418173 537181 280243 275283 883030 1025094 428969 423913 563171 905739 920522 613912 366730 295940 172623 553850 920845 458646 825406 293161 483037 832224 335461 490746 479292 500796 867741 256170 1003365 403265 377984 527097 421305 368774 878955 448880 257622 902446 373952 295998 955490 781108 284291 944089 946317 911844 383884 850332 68415 631074 1032483 428209 501318 470542 607241 361010 368840 372526 962454 497424 919358 457452 340255 620616 954482 518045 391729
731979 776771 427617 110504 180021 999999999 350544 51331 625971 741068 351525 628326 493026 159232 465140 858209 567876 353583 467860 230480 936743 60406 498561 699446 962414 288771 267618 229241 685184 620871 435317 435161 450774 477184 485970 331363 344480 890566 1049869 268473 535894 406137 778745 868333 696698 511897 138260 192271 511309 839202 401313 874192 212323 444021 708218 310427 310875 545758 321057 807302 261263 1023792 247694 507501 623202 311556 219715 924899 344068 78794 891561 466543 287875 842062 764197 458895 883784 882717 887218 230788 871789 161868 469063 928618 261857 336744 417452 495360 221633 242123 495709 882221 628278 907085 474273 318719 606050 880291 587487 442897
415978 602556 116913 370155 262300 350544 999999999 349182 679695 447821 88494 561414 645873 193332 623446 636063 656740 211940 134497 120518 729461 322460 281246 518131 692682 265438 224127 157203 637137 536960 157899 611333 452550 159043 373107 68091 36148 636273 768471 472401 186937 573410 817600 723430 354884 204055 376083 162764 375640 759780 320895 563815 267388 313690 743620 201882 600432 217145 606929 682627 143460 748581 442445 174444 274303 374517 405904 617607 385522 417687 667615 117074 164869 840359 555344 268794 755143 761136 687904 423714 596838 213979 645511 898086 605301 540728 323553 521589 384161 368366 156600 797413 288071 685135 226480 198700 402510 781959 255765 139020
745323 812301 437129 161736 142783 51331 349182 999999999 676155 759423 362906 671918 544302 156383 516408 888768 618777 322427 457237 229201 969732 105724 524258 733357 986575 325449 299377 247217 730683 663043 415929 486249 496572 486804 522989 339950 348422 916801 1072352 319749 530350 457423 829002 907572 701578 494379 189382 201298 546710 883662 438675 889744 250651 477916 758126 338434 354335 554150 364953 847934 279526 1047297 299002 495746 623486 358010 270630 941423 390022 118731 922129 466252 310811 891017 795612 426662 924610 924149 920833 281989 894509 143111 520025 976512 286129 387639 454111 543354 271585 290526 486026 926543 616927 938023 495138 346092 635976 923594 595451 454141
727581 444852 626199 516879 754082 625971 679695 676155 999999999 673085 595778 222818 199729 645535 217673 576613 77140 851801 797124 648721 593732 571928 487866 432637 744248 424167 468878 559576 190937 253561 837532 254254 227275 641242 345532 611655 644288 663043 834693 374245 797415 257014 152896 437471 798172 875088 488876 604431 366385 313371 363502 794406 463941 392317 83786 478691 473390 680385 465242 369168 552360 800152 385347 829260 798098 333573 407308 818541 309036 593231 599236 718797 519287 226645 505389 937723 419287 407034 547940 398815 699334 692234 244073 325559 631862 332775 365968 158126 404577 388421 806433 350349 905613 604458 535193 481161 458533 368918 704641 616267
77293 309011 334112 704501 705167 741068 447821 759423 673085 999999999 400276 456245 766155 611160 757786 251745 701039 641163 440675 545678 345628 691188 258365 261759 248237 488574 487352 512856 517638 423161 527473 768899 510494 288786 363973 426730 430073 208040 320657 714249 367919 736598 746444 429999 201855 495511 693665 559317 331954 548760 414460 139931 555458 356425 690932 438795 876801 238460 877904 433086 480534 301390 691963 438172 275914 559293 669733 185723 540458 783879 273195 358340 453814 710562 225186 652181 475923 490267 324206 682151 152920 647242 791359 716197 950768 752753 398049 560108 644368 612209 422040 567814 416592 289953 267654 429622 217371 537920 211481 313444
382421 522069 76717 343840 308308 351525 88494 362906 595778 400276 999999999 472922 575004 211151 554171 565427 576739 295279 203717 146272 656457 310379 200594 437507 637359 193500 158218 125652 548660 448583 244319 545613 368553 125851 284628 28920 52676 574868 718435 419957 227636 507580 731347 640338 348309 280273 343273 161635 287792 672044 234299 527386 215775 225198 657664 124116 561632 194834 566744 597215 97357 695857 390718 239437 285610 303756 356423 579598 310089 407346 597807 143815 97339 752263 480483 357251 670605 676003 612822 373574 542626 247513 578676 809596 589942 483671 235960 438017 332411 311007 217859 710042 338001 615031 151233 118799 323356 695248 236667 91490
516160 230146 478902 534137 708705 628326 561414 671918 222818 456245 472922 999999999 368635 591388 372541 359944 268940 760977 656902 569494 391740 568156 312242 209819 524860 356765 395722 484083 76972 33525 714636 398911 183060 479660 188373 496123 525497 442711 616834 440307 637525 380733 295664 261888 600065 735268 509069 539063 191415 212768 252589 572982 424178 247724 235197 381928 585693 503192 581133 192388 464985 582536 435682 682481 615876 320104 439092 595906 286893 623077 385396 568142 425229 286466 283491 830137 264325 259826 342254 439706 476660 640856 406778 336680 720329 435172 243937 172369 423698 394315 659382 255173 738449 392883 368678 380043 249151 251990 519493 463464
805803 598048 626657 383611 649117 493026 645873 544302 199729 766155 575004 368635 999999999 556607 27937 725577 122687 779941 776694 581459 760001 448954 534824 563300 885540 381989 421775 499405 368201 389854 796932 63084 256140 655617 403713 581999 614315 802453 979138 224553 798560 86910 327893 617544 849541 849835 357045 529599 434602 508420 377037 899886 388019 427016 275854 451010 281367 709733 272068 546986 503951 945385 247008 813943 826614 271769 280368 932959 266377 442720 752590 714851 481999 419551 641807 877105 606220 595836 710836 265748 825498 596793 44354 521364 444703 160645 388261 210571 289548 289637 792736 547283 909867 760873 566137 456990 550746 563185 742428 623508
592420 697577 282989 206341 117610 159232 193332 156383 645535 611160 211151 591388 556607 999999999 530340 760122 602315 226276 308867 72929 846320 144047 390253 615047 845082 235614 195743 113599 659113 575912 282323 508370 435269 332428 419859 186174 192293 779152 928061 346570 377096 473136 795848 803990 545251 356295 222271 56743 437232 803367 341036 738218 181624 366373 721782 218789 441010 398893 449437 750501 142305 904560 318081 348725 467499 312022 281029 790637 337441 231767 793235 310278 180855 841760 669903 328728 826939 828982 799473 297995 751256 49469 543877 916838 419301 419916 352989 495169 267711 268437 336539 844912 469263 809855 352963 224056 508982 836873 439929 301099
795180 600476 607678 355810 621870 465140 623446 516408 217673 757786 554171 372541 27937 530340 999999999 726481 140773 754221 754995 556557 764268 421338 521965 562061 884398 360762 399589 475441 377718 391810 773431 37667 247370 637969 394162 560268 592384 801273 978307 196668 778871 59102 351327 625674 835278 827496 329322 504350 425834 521802 362288 892785 363529 414004 296431 430473 258156 693477 249304 554923 480974 944793 219387 792603 809751 250433 253098 927125 247505 414857 754214 694971 460217 440678 640931 851955 616321 606565 714571 238261 821949 570068 34813 541780 420364 133006 374381 208389 262920 264234 771613 561483 890151 763068 551023 436756 543776 576038 726991 605272
328196 131818 520053 792566 869592 858209 636063 888768 576613 251745 565427 359944 725577 760122 726481 999999999 628721 844956 664440 707332 96893 800616 370094 170589 169458 572650 590669 648617 389138 335914 747268 748819 497532 486781 385559 594336 609046 94832 258093 750020 602695 725040 600627 204754 453581 728712 774113 703688 354653 353036 466242 288315 649133 416113 564180 550432 909791 458752 907611 238070 618134 223539 735862 669949 522533 600135 725455 284994 571396 881021 33366 573404 581527 537026 95189 874469 251527 268527 74365 732658 157422 804287 761225 514614 1019616 765647 448577 518673 703207 669623 650963 358231 664496 49770 414194 543014 252825 324465 444157 497907
749641 498104 615742 457620 706228 567876 656740 618777 77140 701039 576739 268940 122687 602315 140773 628721 999999999 816253 780274 613175 653973 516533 494100 475084 793631 393736 437772 525426 254029 295517 813371 177683 215102 636437 353084 589469 622386 711240 885770 308035 788868 183269 216897 503875 809622 856943 429696 565679 379027 387420 352692 828407 422496 391227 156470 455008 397633 681970 389217 434133 522361 851476 322444 814595 800337 292804 348168 856483 273827 529406 653481 707617 492821 300858 551234 906748 489142 477837 606414 337702 741822 647194 167003 401293 557604 260425 358855 148699 348956 337436 792224 425531 898988 660141 535614 458859 483792 442599 709855 608345
596447 814487 325280 428559 181036 353583 211940 322427 851801 641163 295279 760977 779941 226276 754221 844956 816253 999999999 214073 203306 939351 361664 493013 730043 889231 427984 383327 292228 834790 739071 133150 733613 630099 359595 574739 268585 244101 838785 958693 572839 300306 697822 997672 934873 506626 207184 446988 251453 581427 965044 511227 742074 395056 515450 923064 382187 659051 402742 668315 892491 301792 941920 544258 237622 411715 523477 507074 796356 543921 432376 875927 283109 338913 1031604 766339 105422 965788 971280 898767 524163 793468 196714 769113 1096486 608534 646172 517677 695812 492768 490353 241395 1003838 345480 893562 438359 382618 614449 989946 433539 347325
388470 656969 178012 500369 342829 467860 134497 457237 797124 440675 203717 656902 776694 308867 754995 664440 780274 214073 999999999 240945 761018 447870 351873 575408 688154 394775 355555 291536 733829 629061 87447 744175 570450 187228 470909 194732 162759 645180 752293 606897 86428 706173 928661 783805 292713 78695 508149 290635 465725 842101 433771 531525 401767 413969 855849 327231 732901 206354 739721 752753 277388 737744 576940 40615 197648 504925 540364 585615 513213 540063 693235 94108 294781 941790 596203 211806 820512 828912 725532 558185 593497 314474 778030 990549 727940 675082 432797 640047 518655 502489 29723 876623 160419 710958 292906 322373 460750 857209 229243 194545
523294 653968 213796 261662 162730 230480 120518 229201 648721 545678 146272 569494 581459 72929 556557 707332 613175 203306 240945 999999999 796285 206929 337979 570095 783611 225617 181242 89391 640948 550549 226441 538613 428586 262646 388758 118981 120563 720449 864537 385003 305489 501794 795419 766037 472716 295090 272419 54241 401397 778507 316987 669947 193802 331563 720833 187667 496407 327888 503961 716612 104538 842114 355293 281356 394580 320540 317665 722844 340616 299838 740096 237371 144693 832771 619644 295865 792178 795622 750975 335441 688895 101570 573903 901774 487830 457084 325974 493309 299840 292565 267559 818904 400691 757082 294724 190238 459697 808152 368552 233056
420952 168954 614115 865013 957777 936743 729461 969732 593732 345628 656457 391740 760001 846320 764268 96893 653973 939351 761018 796285 999999999 878069 458310 237708 201120 648684 670425 733699 402802 374189 843478 789991 550275 582212 455063 685368 701480 157730 268047 809081 699585 769766 592776 171135 547231 825586 844939 789639 426733 328058 538596 362521 725500 492723 567649 632809 965068 555518 961911 228539 704017 235294 797583 766813 618536 664581 790695 347735 634074 954517 72606 669649 666257 515948 176673 970710 211052 228831 51424 796308 230093 891590 798516 475816 1083999 817381 521468 560637 769774 736593 747766 321578 760367 56885 505525 625907 337382 287164 541012 592036
686068 717293 387094 68845 203785 60406 322460 105724 571928 691188 310379 568156 448954 144047 421338 800616 516533 361664 447870 206929 878069 999999999 444344 640561 908201 229514 211031 185018 625655 560498 426302 393787 391345 436013 426237 293360 310909 835199 996619 226208 509396 362292 724824 808037 658436 499457 92601 159728 452060 779287 341574 826129 152783 385464 653448 255876 298306 505134 307192 746904 215677 969922 201953 488283 589859 252468 169963 875992 284684 97079 833939 435264 237524 785522 706290 466541 823380 822317 828332 183378 818599 165006 428596 870788 283105 297900 357904 437641 167769 185009 474268 822267 607403 849285 423593 264527 549061 820088 546967 400583
278134 321800 176817 450202 499750 498561 281246 524258 487866 258365 200594 312242 534824 390253 521965 370094 494100 493013 351873 337979 458310 444344 999999999 237247 463948 230968 234631 279864 388767 281960 419619 527349 282807 168494 142465 229205 249339 392569 552436 457283 325497 492519 599693 442321 316401 428786 437547 334020 124033 490229 162475 398159 300849 107961 531080 188480 619155 193787 620595 404094 248732 525580 434213 373673 310524 303793 411389 443225 288293 533084 403112 259724 213759 598637 281689 542993 475044 481844 413367 423962 374566 434198 553636 640552 694137 499924 148310 345469 386006 353929 350814 525056 426684 419859 58991 179947 122814 506602 216868 157856
331451 84568 409166 627602 729065 699446 518131 733357 432637 261759 437507 209819 563300 615047 562061 170589 475084 730043 575408 570095 237708 640561 237247 999999999 322361 411092 434017 501596 260497 180100 650201 582415 327782 388373 217925 465891 486579 239238 416257 579523 530912 557120 488144 208422 436420 648268 607938 558333 189038 293089 300973 366173 487901 255577 437555 398444 739219 383395 737089 184625 473212 382852 565734 590260 477517 430564 556311 386507 401306 716955 202100 481300 434198 448806 79097 775816 246092 255951 187779 562999 267143 661727 596873 458936 850389 595533 283782 353683 534575 501133 568645 318212 614860 214979 292206 392085 116117 292505 384317 388277
304344 300536 576932 910373 945382 962414 692682 986575 744248 248237 637359 524860 885540 845082 884398 169458 793631 889231 688154 783611 201120 908201 463948 322361 999999999 688310 697779 739877 558112 498561 775227 904259 646879 534073 519214 665166 672262 83126 94335 888494 612776 877998 769545 361891 425115 739801 895113 790766 486016 516476 592138 192442 762100 536521 733607 652403 1050992 486645 1049918 404841 707800 62764 871182 683551 513093 734184 856096 160047 708396 995551 154435 606556 675910 702877 243747 899151 406148 423886 221251 865435 95945 884537 919209 672444 1148050 911971 574248 676034 832262 798676 668485 516343 647739 157343 492518 643895 368275 481896 458986 555423
499477 488006 252040 222142 352360 288771 265438 325449 424167 488574 193500 356765 381989 235614 360762 572650 393736 427984 394775 225617 648684 229514 230968 411092 688310 999999999 44713 136232 423528 343257 420347 352377 203167 289111 197609 200216 232773 612355 779160 239501 419694 314380 569856 582447 505117 468691 207313 186145 222573 569343 113233 627875 76816 156584 495259 70995 395488 352522 398330 524141 128810 750754 212729 431970 462267 110337 184669 673931 120461 308902 605886 335578 100599 608752 477895 514161 600920 601359 598847 199243 602405 284987 385228 681560 463270 296131 128827 267843 158952 129770 410869 611348 530701 620920 229230 78545 323188 605033 391085 253635
491297 513544 223637 217156 313245 267618 224127 299377 468878 487352 158218 395722 421775 195743 399589 590669 437772 383327 355555 181242 670425 211031 234631 434017 697779 44713 999999999 91969 464297 380284 377408 388868 247345 264998 227348 160984 192838 624230 786956 263475 385851 350833 614421 613339 486053 428060 207595 143901 248490 607625 145904 625127 68827 178810 539817 49246 412196 331371 416182 557322 84604 759726 234868 393614 436307 150475 202526 673053 164044 298467 624028 301946 61312 652174 496884 469613 634016 635307 621457 218892 609174 245199 422529 723534 464443 325609 159018 312485 177493 153527 373103 649209 496120 639646 221482 58579 338439 641556 371486 228516
502847 584000 202319 219901 229759 229241 157203 247217 559576 512856 125652 484083 499405 113599 475441 648617 525426 292228 291536 89391 733699 185018 279864 501596 739877 136232 91969 999999999 554239 466704 298415 460186 339278 251034 307888 111503 135160 671398 825187 315707 338328 422666 706032 690805 473961 357535 222072 57190 324096 694713 231751 645050 112832 253278 631444 105727 444888 320185 450979 638189 32346 800345 285707 331632 408861 233607 248911 695993 252094 281835 681840 258584 67490 743999 557546 381554 714443 716880 686490 266764 647420 161476 495032 814353 464505 385083 242328 403934 227711 214401 313612 735723 443826 698272 247943 110581 396626 726448 362010 215575
581465 257577 555839 586196 775803 685184 637137 730683 190937 517638 548660 76972 368201 659113 377718 389138 254029 834790 733829 640948 402802 625655 388767 260497 558112 423528 464297 554239 999999999 107119 791003 408844 234424 556463 264550 571354 601132 478489 646912 477179 714194 397363 228808 250015 670934 812217 559958 608172 268386 156992 324287 626572 486987 323615 178000 454009 611277 578781 605430 180104 536704 612295 476894 759449 690384 373807 485431 644761 341122 673302 410131 645106 497462 209916 325642 905684 238638 229390 357174 483627 520896 708510 410062 261716 755278 460781 317112 201841 472900 445985 736352 200096 814503 414560 445495 452704 318827 205700 593863 540436
482691 208678 451093 530146 693488 620871 536960 663043 253561 423161 448583 33525 389854 575912 391810 335914 295517 739071 629061 550549 374189 560498 281960 180100 498561 343257 380284 466704 107119 999999999 688726 416198 184687 450010 164435 472614 501254 415935 591269 445435 607456 395600 329066 256063 566775 707203 505931 522499 163460 228060 235112 541124 413449 223920 268639 362955 595286 471677 591322 189352 446061 557171 438582 653764 583647 316868 439119 565066 283819 619804 362748 539399 405884 316979 255724 805737 264480 262211 323752 441094 447239 625314 426398 362109 724978 445713 224680 186449 422170 391536 630711 269090 707397 371290 339136 360401 215657 261786 487181 435032
475916 733090 242833 486085 287044 435317 157899 415929 837532 527473 244319 714636 796932 282323 773431 747268 813371 133150 87447 226441 843478 426302 419619 650201 775227 420347 377408 298415 791003 688726 999999999 758598 610432 263343 526454 225990 193640 731012 839739 610100 170722 721074 975280 858377 378039 79692 498408 280526 525698 907617 478328 618688 411169 467593 901386 359253 721393 291395 729299 823540 293493 825114 580203 104846 282135 527475 542692 672714 540807 511788 776677 173866 320559 996085 675932 127240 893366 900857 806546 560563 680370 274362 793440 1050768 697076 681334 480276 679413 523536 512589 111323 943728 214541 794412 361103 356411 534409 926092 316241 262638
803097 624642 602537 326992 595966 435161 611333 486249 254254 768899 545613 398911 63084 508370 37667 748819 177683 733613 744175 538613 789991 393787 527349 582415 904259 352377 388868 460186 408844 416198 758598 999999999 260870 635151 405010 549833 581427 821200 998417 167651 772011 38046 388993 655127 837668 815203 301265 485581 437539 555400 365689 905361 347462 419725 333732 423045 220561 692908 211807 584329 468065 965206 192741 782463 807921 243064 228259 941292 245168 381979 777271 687911 450054 478053 661490 832865 647406 638153 739841 212331 839082 546397 35509 578933 382720 99434 379056 230356 240852 246385 761952 595570 883072 786709 552761 429897 557301 609214 727703 601501
549887 381413 402011 352688 549615 450774 452550 496572 227275 510494 368553 183060 256140 435269 247370 497532 215102 630099 570450 428586 550275 391345 282807 327782 646879 203167 247345 339278 234424 184687 610432 260870 999999999 421393 147608 384479 417061 564174 741211 261163 574701 231868 367869 440705 599196 648176 327009 388600 178608 389403 138277 645515 257004 177210 293308 252208 414797 467435 411765 373165 328607 708572 253930 603309 585768 139428 256037 680592 106706 440883 527826 494337 293707 406527 406533 712673 446826 442817 498952 256980 578836 483974 281208 483683 540354 268268 143756 69600 240926 212416 580635 432574 684401 539029 321170 254263 296747 433125 496448 393784
260694 470450 49707 466724 418173 477184 159043 486804 641242 288786 125851 479660 655617 332428 637969 486781 636437 359595 187228 262646 582212 436013 168494 388373 534073 289111 264998 251034 556463 450010 263343 635151 421393 999999999 300193 146857 143257 479829 609442 527192 158365 597724 762272 596795 223992 262038 463957 286197 288927 657145 284124 407743 330228 248974 691671 219589 676841 69182 681053 565732 221298 589602 499208 205744 173364 393224 467512 461013 390697 532868 517187 93239 210499 766096 412784 390220 633287 641708 543928 483746 438160 363496 665937 808998 714225 585184 277691 489516 442381 416790 183128 690764 264410 534880 110983 211148 273522 670644 110984 36737
402333 291335 293479 409963 537181 485970 373107 522989 345532 363973 284628 188373 403713 419859 394162 385559 353084 574739 470909 388758 455063 426237 142465 217925 519214 197609 227348 307888 264550 164435 526454 405010 147608 300193 999999999 308263 337248 438508 612981 369286 458375 373268 462092 386029 456578 549541 390028 364720 33622 390843 84666 500546 273649 59528 391657 202432 531886 335046 531040 330660 284819 581856 352577 498370 452579 215766 340165 537884 189183 499588 418142 384585 244314 470995 290518 641878 407179 409139 404439 348038 443397 468766 427516 524997 634237 396072 68910 205084 317672 284071 475229 430571 563813 431974 191077 198799 155114 419409 359333 279740
406260 550435 97180 331402 280243 331363 68091 339950 611655 426730 28920 496123 581999 186174 560268 594336 589469 268585 194732 118981 685368 293360 229205 465891 665166 200216 160984 111503 571354 472614 225990 549833 384479 146857 308263 999999999 32920 603271 745612 417711 229578 511802 749608 668103 365689 268673 333040 139568 313142 697224 253138 552135 211947 248736 675587 134469 554343 214676 559978 624158 88032 723377 388064 232633 297552 310233 352674 604716 319455 390421 626703 147911 100051 773399 509364 334481 697890 703043 641676 370177 570232 220522 583509 832727 575027 483631 256340 453564 329518 310538 212271 735620 337846 643934 180143 130871 352007 721393 256285 114938
403783 571119 95963 353500 275283 344480 36148 348422 644288 430073 52676 525497 614315 192293 592384 609046 622386 244101 162759 120563 701480 310909 249339 486579 672262 232773 192838 135160 601132 501254 193640 581427 417061 143257 337248 32920 999999999 613210 750368 446749 203170 543420 781676 690797 353280 235947 357045 152626 340369 724608 284855 550991 240913 277788 707751 167388 580008 207382 586007 648807 116088 729324 416948 201287 279289 342594 381048 604262 352247 407501 640988 124683 132338 804215 526403 304641 721791 727475 658972 398701 576734 220505 615272 862177 593836 513646 287411 486228 358427 340673 181537 762485 309410 658394 196465 163730 371496 747432 247990 116944
277236 221545 519457 834460 883030 890566 636273 916801 663043 208040 574868 442711 802453 779152 801273 94832 711240 838785 645180 720449 157730 835199 392569 239238 83126 612355 624230 671398 478489 415935 731012 821200 564174 479829 438508 603271 613210 999999999 177228 807673 575185 795092 693833 297918 403579 702774 818318 723899 405579 447823 513299 204805 687134 458668 655096 580141 969800 439683 968525 332793 639682 144413 790969 644992 483467 654010 776874 193544 627594 920712 91844 558858 606104 631745 160714 856982 344154 361464 160262 785754 72555 820387 836083 608677 1069717 829838 495384 592909 753361 719711 628065 452157 623102 102532 426408 571912 290020 418158 417249 497480
363840 389903 654461 1000932 1025094 1049869 768471 1072352 834693 320657 718435 616834 979138 928061 978307 258093 885770 958693 752293 864537 268047 996619 552436 416257 94335 779160 786956 825187 646912 591269 839739 998417 741211 609442 612981 745612 750368 177228 999999999 982193 672918 972286 853314 437352 474621 797974 986305 874658 579685 594093 684899 227817 852162 628790 820706 740774 1144852 556766 1143873 486886 792934 34625 964560 743721 567679 827589 948901 178839 802129 1085249 237648 675693 762425 781823 337408 960925 478919 496726 299122 958511 178082 965938 1013120 743759 1240160 1006219 667042 769920 924882 891354 730520 589542 695207 236109 577247 732092 461095 555090 525301 633513
733486 640194 487071 159442 428969 268473 472401 319749 374245 714249 419957 440307 224553 346570 196668 750020 308035 572839 606897 385003 809081 226208 457283 579523 888494 239501 263475 315707 477179 445435 610100 167651 261163 527192 369286 417711 446749 807673 982193 999999999 646729 137678 524078 700973 744612 672884 133638 330850 402510 633775 301262 854134 205869 359359 458027 307620 163362 591761 163754 632439 330661 951142 30011 646708 699477 155848 67410 896742 180105 221852 781587 563517 322836 598997 656204 674431 704362 698897 757658 49569 810989 381732 202388 693432 280023 73386 318545 275343 88333 110403 627920 676584 755554 793997 465957 316183 522169 682537 630565 491086
309748 609095 173314 555847 423913 535894 186937 530350 797415 367919 227636 637525 798560 377096 778871 602695 788868 300306 86428 305489 699585 509396 325497 530912 612776 419694 385851 338328 714194 607456 170722 772011 574701 158365 458375 229578 203170 575185 672918 646729 999999999 734041 920458 737599 207320 127610 560137 349695 447173 809753 436455 449518 441294 405934 849565 348975 783119 148017 789023 713088 317543 659991 617232 70892 111580 529200 582136 503281 532220 604438 629815 84120 324891 923989 541915 288036 776943 786774 667493 599570 519501 389475 804543 964616 792174 711250 431954 643676 558729 538416 59414 841667 111306 647415 269103 342289 420383 819701 158921 181198
769107 602997 564757 296715 563171 406137 573410 457423 257014 736598 507580 380733 86910 473136 59102 725040 183269 697822 706173 501794 769766 362292 492519 557120 877998 314380 350833 422666 397363 395600 721074 38046 231868 597724 373268 511802 543420 795092 972286 137678 734041 999999999 399331 640044 801477 777319 270225 449004 406199 547865 330389 873798 310044 385255 339244 385088 218010 655945 210770 569371 430194 939369 160360 744434 770633 205239 194498 910703 208355 357019 754165 649935 412012 483368 636197 796501 634894 626518 719178 179370 810681 512104 72366 582473 374859 77869 344241 209214 205428 209298 723911 588990 845081 764189 516545 391986 526789 600635 691059 563918
809813 473299 753436 669438 905739 778745 817600 829002 152896 746444 731347 295664 327893 795848 351327 600627 216897 997672 928661 795419 592776 724824 599693 488144 769545 569856 614421 706032 228808 329066 975280 388993 367869 762272 462092 749608 781676 693833 853314 524078 920458 399331 999999999 422800 895670 1007257 641427 752984 475683 269982 497052 853262 614290 515872 74608 619430 609159 793234 599953 366544 696437 818914 536766 958399 908278 484553 559782 868733 458454 744527 616361 845522 661407 104657 548722 1080269 390291 374120 554818 550830 742562 843100 370452 205942 771634 476928 496271 302156 557441 541178 935317 292558 1025424 617220 652539 620882 544641 321666 812419 741071
506664 128836 616705 782812 920522 868333 723430 907572 437471 429999 640338 261888 617544 803990 625674 204754 503875 934873 783805 766037 171135 808037 442321 208422 361891 582447 613339 690805 250015 256063 858377 655127 440705 596795 386029 668103 690797 297918 437352 700973 737599 640044 422800 999999999 624590 856337 759502 747988 366759 157010 469342 491090 657033 437617 402347 585222 847525 589649 842851 70798 665002 403766 694628 798151 677224 571239 694768 489745 538494 872888 208772 689699 624763 344930 206278 983653 47151 63787 140654 697079 361931 852281 658709 311185 980790 696891 454723 433643 677153 645839 776706 154696 817182 204573 498985 580267 323969 120424 587135 596095
126730 498712 271708 690710 613912 696698 354884 701578 798172 201855 348309 600065 849541 545251 835278 453581 809622 506626 292713 472716 547231 658436 316401 436420 425115 505117 486053 473961 670934 566775 378039 837668 599196 223992 456578 365689 353280 403579 474621 744612 207320 801477 895670 624590 999999999 326411 687754 504447 432325 729508 472992 247433 552801 423092 832202 438630 898116 155316 901814 618543 444932 465582 717643 275844 96215 601896 687629 299887 593385 755487 474685 239986 433937 875644 418359 492165 669163 682314 525694 703253 338359 568862 865852 894839 937990 798108 461281 661279 662154 634695 266731 753484 222639 491215 284934 429669 352120 725860 114568 260537
436051 728667 256396 556706 366730 511897 204055 494379 875088 495511 280273 735268 849835 356295 827496 728712 856943 207184 78695 295090 825586 499457 428786 648268 739801 468691 428060 357535 812217 707203 79692 815203 648176 262038 549541 268673 235947 702774 797974 672884 127610 777319 1007257 856337 326411 999999999 567149 348004 543983 918770 511943 572682 469747 492664 934365 402650 791461 270729 798918 827488 347139 786054 642874 58865 230926 578291 605745 625837 588122 587405 756349 169198 368158 1020361 664824 166628 894056 902951 792238 623646 646892 352052 849478 1068395 773740 742617 511257 717749 585153 571217 79631 952737 138602 773995 369958 398278 534705 932660 286066 272268
698846 679422 417892 28012 295940 138260 376083 189382 488876 693665 343273 509069 357045 222271 329322 774113 429696 446988 508149 272419 844939 92601 437547 607938 895113 207313 207595 222072 559958 505931 498408 301265 327009 463957 390028 333040 357045 818318 986305 133638 560137 270225 641427 759502 687754 567149 999999999 219149 419685 716048 307872 832113 138793 359931 571606 256827 224784 532449 231873 695004 246263 957655 110246 548728 628847 189181 81694 879353 222359 114014 807048 480609 253942 707389 678934 550620 770406 767664 794120 92651 809704 252225 336017 796318 257145 205409 325549 364233 87512 114756 532286 759253 664137 821357 428996 266157 528410 760096 573642 427291
544034 640941 236494 209825 172623 192271 162764 201298 604431 559317 161635 539063 529599 56743 504350 703688 565679 251453 290635 54241 789639 159728 334020 558333 790766 186145 143901 57190 608172 522499 280526 485581 388600 286197 364720 139568 152626 723899 874658 330850 349695 449004 752984 747988 504447 348004 219149 999999999 381266 750351 287387 688575 143647 310436 678560 162841 443646 354244 450968 695179 85638 850636 301184 331238 431868 272994 263550 740440 295407 255492 736833 276144 124170 794769 613264 347614 771489 773812 742742 281299 697412 104297 520949 867337 442729 403070 298598 451053 246091 240119 316060 791588 448980 753405 298271 167769 452330 782796 395843 252983
372687 265645 287720 438818 553850 511309 375640 546710 366385 331954 287792 191415 434602 437232 425834 354653 379027 581427 465725 401397 426733 452060 124033 189038 486016 222573 248490 324096 268386 163460 525698 437539 178608 288927 33622 313142 340369 405579 579685 402510 447173 406199 475683 366759 432325 543983 419685 381266 999999999 384253 112041 467825 299286 70860 407144 218466 565260 317758 564493 315218 298901 548695 385390 491069 433915 248438 372106 504655 222452 527998 387467 376739 258474 477478 259474 644024 390954 394225 376561 380413 409793 485563 459433 525479 665938 429689 94747 232458 349225 315563 467969 422482 550189 401675 178077 213640 121529 408845 339148 272053
621923 242612 666014 742002 920845 839202 759780 883662 313371 548760 672044 212768 508420 803367 521802 353036 387420 965044 842101 778507 328058 779287 490229 293089 516476 569343 607625 694713 156992 228060 907617 555400 389403 657145 390843 697224 724608 447823 594093 633775 809753 547865 269982 157010 729508 918770 716048 750351 384253 999999999 463017 630275 636825 449769 261185 590975 764222 665615 757836 117991 674058 560336 633865 862884 767180 528698 642229 635340 495711 829642 362179 749576 633818 187921 326926 1027774 120533 104143 295845 640594 506595 852815 552018 167528 911060 614556 452732 358574 629255 601704 840251 43210 901190 359801 549207 588296 391071 55735 672081 647889
440292 375868 263750 326780 458646 401313 320895 438675 363502 414460 234299 252589 377037 341036 362288 466242 352692 511227 433771 316987 538596 341574 162475 300973 592138 113233 145904 231751 324287 235112 478328 365689 138277 284124 84666 253138 284855 513299 684899 301262 436455 330389 497052 469342 472992 511943 307872 287387 112041 463017 999999999 554032 188999 58191 423393 129723 464558 333669 464945 411866 212552 654898 281061 465787 451452 145474 264003 595714 126406 415988 499181 356137 173176 521425 371062 586465 488623 489599 488240 273865 511278 390374 393025 585684 556441 338723 17915 207523 240146 206540 442998 504201 546327 513560 189112 128634 223871 495848 365459 255674
147880 388880 456158 842180 825406 874192 563815 889744 794406 139931 527386 572982 899886 738218 892785 288315 828407 742074 531525 669947 362521 826129 398159 366173 192442 627875 625127 645050 626572 541124 618688 905361 645515 407743 500546 552135 550991 204805 227817 854134 449518 873798 853262 491090 247433 572682 832113 688575 467825 630275 554032 999999999 693576 495913 803694 576231 1016729 346927 1017808 512306 612937 221945 831894 519862 341785 699058 809547 54309 679786 919985 294884 461578 588674 805433 306879 737192 538216 554686 360853 822043 132878 771119 926723 796191 1089255 891925 537457 691542 784147 752068 508111 641421 467390 307059 404067 566980 349156 608653 310688 437218
560123 564540 286525 149398 293161 212323 267388 250651 463941 555458 215775 424178 388019 181624 363529 649133 422496 395056 401767 193802 725500 152783 300849 487901 762100 76816 68827 112832 486987 413449 411169 347462 257004 330228 273649 211947 240913 687134 852162 205869 441294 310044 614290 657033 552801 469747 138793 143647 299286 636825 188999 693576 999999999 233242 540310 118072 346983 397678 351628 597340 124835 824336 176143 441314 499384 130590 140880 741180 156074 233588 682400 358535 120309 662350 554489 489666 674046 673798 675649 158276 674765 228945 382400 740601 395770 273340 205163 314268 117593 101602 422237 679348 549742 697524 290212 127405 398829 674834 438294 293517
383998 334753 237612 377110 483037 444021 313690 477916 392317 356425 225198 247724 427016 366373 414004 416113 391227 515450 413969 331563 492723 385464 107961 255577 536521 156584 178810 253278 323615 223920 467593 419725 177210 248974 59528 248736 277788 458668 628790 359359 405934 385255 515872 437617 423092 492664 359931 310436 70860 449769 58191 495913 233242 999999999 444098 147616 522607 290768 523074 385438 228462 599235 338792 442666 409131 203630 320570 537529 184090 465030 449329 329664 187963 528931 321312 582428 461432 464341 443281 331041 454266 414731 445722 584398 611529 396456 41699 242817 296243 262832 419558 489115 513382 464337 144423 142913 168649 477030 319238 225445
751327 433592 681366 599583 832224 708218 743620 758126 83786 690932 657664 235197 275854 721782 296431 564180 156470 923064 855849 720833 567649 653448 531080 437555 733607 495259 539817 631444 178000 268639 901386 333732 293308 691671 391657 675587 707751 655096 820706 458027 849565 339244 74608 402347 832202 934365 571606 678560 407144 261185 423393 803694 540310 444098 999999999 545027 554019 724864 545489 339127 621849 786099 468886 886112 840884 410923 490185 822689 384341 676741 583096 773674 586912 144396 503617 1005820 376592 362188 525685 482080 698842 769211 319906 245524 713943 415699 423131 227615 486613 469132 863068 292711 955469 585931 582637 546576 483546 316466 745557 669530
442051 479951 181193 265949 335461 310427 201882 338434 478691 438795 124116 381928 451010 218789 430473 550432 455008 382187 327231 187667 632809 255876 188480 398444 652403 70995 49246 105727 454009 362955 359253 423045 252208 219589 202432 134469 167388 580141 740774 307620 348975 385088 619430 585222 438630 402650 256827 162841 218466 590975 129723 576231 118072 147616 545027 999999999 459557 284594 463184 532496 83132 714059 279803 363495 392267 180303 249015 624434 186047 345774 583784 264891 43468 649490 457703 460870 608722 611227 584715 264806 562789 267129 455620 715350 513592 366489 138317 320607 223594 197222 341974 631569 460097 599778 172369 9333 297607 621530 324143 183633
