NAME : synthetic_000603
TYPE : CTSP-D
DIMENSION : 100
GROUPS : 8
RELAXATION_LEVEL : 1
EDGE_WEIGHT_TYPE : EXPLICIT
EDGE_WEIGHT_FORMAT : FULL_MATRIX
EDGE_WEIGHT_SECTION
999999999 469739 688445 149796 453062 526907 41398 497914 670807 571526 251526 472727 204973 426481 229954 732494 811703 827863 321405 907668 466198 771120 974067 554153 315633 734750 765087 327836 117155 674362 81044 192370 331587 772200 556116 305656 493935 849376 416894 58830 453753 450149 910944 379093 834539 708812 314204 690462 427135 542361 233227 553736 464210 890891 512246 287614 467910 607739 680290 841527 600642 534407 454858 318445 417855 763529 226098 625887 719674 392454 909065 734404 666397 419267 977778 822234 284814 413805 50108 670470 358213 759619 324745 949329 265342 384620 596702 484284 369991 468917 685895 653465 821101 691289 780866 736718 106437 1016362 561885 335915
469739 999999999 367641 618982 675325 117381 498454 597386 242895 459857 274967 477766 376584 357445 337402 407187 357755 389525 565181 512304 195869 451917 556587 602639 200831 336392 311957 374709 563126 507538 393525 373313 321811 406679 645529 171613 143645 498670 521798 418605 236807 258060 531672 532643 364806 257485 198150 293041 412089 370463 530240 536651 495616 506554 272262 494864 232446 139228 287966 389535 776473 65197 675648 303204 465235 437116 661323 156829 281026 237206 499735 340814 419727 126161 579647 353657 543593 233695 460479 245791 260147 309037 498904 538179 536482 502790 130673 345602 649051 420723 281965 307900 353056 342890 411006 495090 411418 617280 461608 203644
688445 367641 999999999 827119 1014733 460428 698232 956210 192034 826426 595973 842149 502499 305039 656808 720804 291508 252243 591164 745906 562581 88006 750764 967300 383120 607778 269531 404819 803709 865615 637348 679322 673016 98220 1007377 484267 504285 778937 875520 629667 234736 625697 780027 510192 417678 473974 386125 127786 775110 735596 834968 903856 858168 753961 636047 822523 599497 324697 579932 551398 1129896 342140 1015433 651320 406026 744908 798196 363573 514688 295994 717414 616012 103765 492119 797789 444944 591930 274654 654770 185271 331376 504543 514261 745621 597433 852545 310633 238845 971047 316438 140881 629584 374446 43063 691689 834876 680479 828153 270067 358607
149796 618982 827119 999999999 452550 671295 129537 539941 819322 665202 385105 549746 327892 548345 348460 857676 961173 976277 369676 1041058 600806 907304 1110946 605172 462572 871895 914584 444024 87349 771256 226331 304457 444678 914068 592966 452763 634877 975462 472571 205483 593734 575438 1041171 450158 983760 854295 461497 836680 518321 652429 260799 624890 534849 1022460 637678 339755 597579 757288 817883 986223 598898 683809 454703 436887 514552 887739 158731 774730 863148 532299 1045106 870815 796156 561946 1110699 970704 337570 553875 172965 818801 495807 904591 402084 1085217 318914 443130 746400 610869 358298 580552 832677 785187 970779 832947 912217 845730 226329 1148986 673687 481360
453062 675325 1014733 452550 999999999 646820 482648 154254 918219 389595 418849 264716 632274 828534 359265 666096 1019754 1060474 774174 869211 526752 1102737 954466 220007 646592 747528 976973 748650 378813 479988 440440 344823 354282 1073769 177654 530620 591403 770828 171483 486696 799600 462259 850791 829594 978746 804205 642425 965376 299195 442755 220279 289528 237368 841868 501488 195410 497399 795334 706150 909119 148568 730159 2276 372123 853408 686286 610811 788616 790815 748252 889756 741629 1029251 556013 928765 948577 737679 765208 502537 921080 728372 841207 774574 924586 718124 178326 794372 870707 95168 884751 955357 642869 986586 1001056 744996 584899 382035 961716 971874 673175
526907 117381 460428 671295 646820 999999999 560909 546328 301692 373161 294184 418175 470565 474227 348902 289806 375683 422465 667367 405868 122534 539319 458796 538964 303952 227320 335426 484919 604562 405188 446441 391594 298788 481593 587653 223216 55931 383387 481389 483063 353947 190841 421404 642298 337569 183584 300383 364335 359011 280347 537002 464052 440190 397085 180941 485274 157230 158234 175582 314939 729620 118309 646751 287108 579885 319796 735612 142808 192987 353292 397863 230414 524719 110684 474936 313579 642929 350751 527679 306614 373620 233332 605133 437525 633861 468768 163692 462759 637116 537916 351091 190523 340727 429446 297020 381958 449662 513287 578236 312045
41398 498454 698232 129537 482648 560909 999999999 534721 691323 612857 290835 513142 202663 425186 271189 772153 834595 848094 292486 945528 504374 779119 1010863 592295 333910 771688 788114 322998 123667 715756 118776 233761 372864 784648 592461 338305 529860 888794 455038 79870 464458 490188 949542 357097 862748 741715 333032 707430 468284 583570 264697 593865 504093 929209 552148 324247 507195 635219 717150 874833 630929 562528 484526 359472 405024 803305 185334 655157 753885 402996 946178 771579 670143 454582 1015705 851895 256357 424557 43502 690628 366857 792827 304047 986456 236685 422924 623466 485822 396454 462710 703603 691995 847731 703536 819330 777875 147787 1054339 556114 352129
497914 597386 956210 539941 154254 546328 534721 999999999 836298 241504 378985 131324 643163 812657 332583 522099 921785 968280 812923 723846 423814 1043284 810090 70353 614270 614218 881706 747802 455920 326681 460206 338149 284341 1003820 59415 479758 490538 622411 88129 515312 759681 355542 703059 853392 865320 686224 609581 890279 187707 307115 280019 136046 106694 695655 381635 210479 389786 702228 577556 780763 183621 644197 152631 307092 858476 540049 691310 688892 667864 716023 746634 607489 985543 471860 781116 831884 776396 729923 542859 840039 703694 718343 798528 780032 757675 119250 704273 844697 221844 874339 878874 510179 878251 936776 603098 432810 403990 813022 954640 640313
670807 242895 192034 819322 918219 301692 691323 836298 999999999 674791 512758 712621 522407 388196 575847 536611 150818 157071 665670 553987 418480 252587 561477 836031 357722 418440 108735 461798 776756 699669 603665 608315 564497 182927 881959 402497 353589 588424 763212 613853 264286 486243 587997 602109 242592 282801 358377 68682 649200 581878 766947 764146 732412 561939 482631 736492 455193 147278 394635 362240 1017136 192276 918537 546096 506457 558937 827522 180291 323754 314216 525972 426981 286734 365225 606806 262336 656008 295356 649103 6763 353362 312533 588953 555052 655830 745130 138365 336936 890378 427953 54340 450090 204795 150927 502097 657454 633391 637938 417175 341928
571526 459857 826426 665202 389595 373161 612857 241504 674791 999999999 354233 131840 647315 759121 346223 281251 732389 786161 844465 482372 264044 908686 568737 198996 553224 382604 697575 723233 578281 106471 505627 379364 247642 854378 256029 409120 323505 381492 232810 563366 671435 205312 461857 859241 655059 474206 548275 737188 146957 93036 421608 112484 157259 454155 192312 338263 227443 529600 353275 552540 410428 487960 388358 267292 834830 298549 793776 506008 449055 644079 505702 374982 877829 340969 539912 617826 810513 651736 603417 679763 645194 498324 808426 538657 794488 248023 536555 772765 433162 825301 724089 282081 674874 798753 363153 198777 465090 572334 890225 575193
251526 274967 595973 385105 418849 294184 290835 378985 512758 354233 999999999 294497 293479 434928 63116 481357 632515 663714 490663 657300 216008 683979 725936 409653 235504 486801 586880 379278 312557 447679 172305 99461 110116 657755 436073 112809 252092 597971 292107 223983 384180 200240 659621 506550 624768 477351 230877 553212 230339 304475 255295 374395 299434 639859 261720 227365 216408 410177 432783 606493 540035 337633 419586 87863 491735 512582 475581 416579 481975 337605 660253 485807 612935 183601 727252 605055 457208 352373 268491 514670 324806 525946 454852 700422 441755 264606 404258 465756 379286 497987 544345 402298 620281 583346 529707 495390 159064 765741 576076 261735
472727 477766 842149 549746 264716 418175 513142 131324 712621 131840 294497 999999999 581570 726235 265088 401586 792767 840637 768174 604850 296142 928150 689848 125151 521684 485721 753463 673698 462405 234540 416907 287135 186471 884094 169648 379783 362768 508372 101164 475076 658505 227624 587587 795499 734072 554900 516792 769020 68156 178939 297020 82414 27352 577836 250388 213482 260990 575361 447384 650794 314365 520397 263743 210197 786109 422547 687463 560144 536801 620673 625045 479356 879134 351618 665375 700560 732654 632270 510656 716681 613731 587309 742127 660007 715200 117165 578412 750876 301669 790523 757110 381220 747434 820051 480290 330563 368274 699056 864905 546534
204973 376584 502499 327892 632274 470565 202663 643163 522407 647315 293479 581570 999999999 222682 317159 732218 671661 675560 203732 875889 459134 580601 928420 686898 178206 697138 626523 123008 321024 737663 191866 305025 402802 592876 702530 265346 458513 841252 555672 152733 273508 473445 888815 213983 723063 633979 179982 527045 521052 590771 415318 663351 581900 865417 527846 445351 476546 498396 643941 766040 774745 432797 633780 381239 221187 764226 305406 527409 655558 213740 868357 699493 468304 384915 945298 720318 174746 234955 161054 520485 174752 685597 161423 907886 163862 523946 483419 283357 558965 264196 525400 638979 700517 512034 760514 773735 250249 983737 356973 185024
426481 357445 305039 548345 828534 474227 425186 812657 388196 759121 434928 726235 222682 999999999 481121 763358 536055 521807 287866 862215 518494 372697 895940 844322 206391 690669 496686 105522 543223 831379 398813 485303 539828 402118 870453 351017 488434 855862 724913 371309 133253 559068 885119 214839 623174 589946 211353 367273 659418 683407 620331 802965 733475 859447 597769 634434 547977 427691 644440 708788 963657 386566 829776 516067 119278 793786 498171 467016 622289 121731 845039 695857 251174 433566 926867 633261 286940 123964 383725 383919 113968 637127 210326 881362 292511 695630 409719 66947 764360 66457 370749 664094 590073 325915 767713 839666 453460 963183 143410 183953
229954 337402 656808 348460 359265 348902 271189 332583 575847 346223 63116 265088 317159 481121 999999999 509323 694575 726511 504068 694028 257906 744777 766278 370904 288857 528657 649114 415846 269458 446578 159540 45061 101721 720122 391172 175424 302823 627062 244499 217143 440731 227008 692984 530824 683037 530450 284501 616175 207985 312409 193055 347302 264744 674667 289219 165716 250368 471424 475660 657166 485298 399442 360117 89352 527255 539567 455833 476122 532131 391112 699892 526767 670254 239624 763322 661802 468956 407197 257770 577776 374583 577745 477193 739752 451986 214616 466059 516864 316495 542025 607383 437996 680087 645167 564519 506799 125837 801431 623852 315428
732494 407187 720804 857676 666096 289806 772153 522099 536611 281251 481357 401586 732218 763358 509323 999999999 539825 601917 935153 203341 274652 789042 288433 478831 582216 133491 517547 766250 776698 227292 653650 553246 414931 716967 536118 467148 279183 117846 499911 703601 643526 282885 189814 921281 429580 266723 578043 605239 382144 227843 651526 392680 428881 177102 220543 574939 265408 396140 142052 295466 690298 395007 665056 420874 866123 32019 956894 357703 228327 641940 224541 123870 798773 348227 266088 387485 906938 640274 748746 542995 659693 266387 879703 258505 895178 506353 410763 752303 697407 827495 590909 99320 461294 683621 83218 137799 633821 301744 867035 594514
811703 357755 291508 961173 1019754 375683 834595 921785 150818 732389 632515 792767 671661 536055 694575 539825 999999999 64263 816067 500536 498179 314388 485413 911296 503085 408096 46665 612445 913647 735985 741044 731065 666847 228216 961676 527939 431602 561399 856537 755986 414793 566262 540324 750698 139090 273966 503261 175481 734666 640562 887608 832694 815415 516066 547032 848117 532061 225162 403854 293847 1105209 295207 1019811 651459 653091 555043 976190 232924 311500 464935 466015 417669 395221 465249 540103 176863 806774 446170 793109 153927 503987 278342 739142 486613 806648 842574 228687 481294 1002206 571402 168271 471796 94138 249625 484887 673371 765643 565206 549298 489216
827863 389525 252243 976277 1060474 422465 848094 968280 157071 786161 663714 840637 675560 521807 726511 601917 64263 999999999 806952 564451 544682 261417 547381 960953 514276 470901 88612 605841 933639 794132 760543 760845 706338 175826 1010106 555549 477959 625541 900135 770832 409163 613165 604414 736295 201420 335385 515066 154600 780638 693700 918865 884031 862451 580231 598216 884016 579684 266343 464477 357606 1151164 330720 1060640 689626 635725 617863 980964 281505 373772 463970 529640 480433 355169 504463 602951 240469 800489 443887 805727 157482 503484 342062 729388 549468 801929 884580 266137 462690 1038271 550550 152525 531141 157127 213331 548484 734424 789276 627286 518821 497647
321405 565181 591164 369676 774174 667367 292486 812923 665670 844465 490663 768174 203732 287866 504068 935153 816067 806952 999999999 1073166 662694 652242 1121559 864067 364911 894685 774143 204457 409316 937869 354023 482254 597368 688956 871980 468846 659565 1042965 728306 297691 401385 676544 1088055 94120 888715 821104 368029 652478 711851 792255 554621 850584 765004 1064141 731497 604898 680248 673280 842363 950297 921991 614869 776001 577177 192297 967135 255122 706993 846201 356196 1063445 897610 523970 587193 1141919 892080 36682 372565 272771 662215 319915 871961 77698 1102430 56066 695859 656678 352598 688931 281004 654721 840973 860383 613694 960877 977017 408985 1180069 360840 362334
907668 512304 745906 1041058 869211 405868 945528 723846 553987 482372 657300 604850 875889 862215 694028 203341 500536 564451 1073166 999999999 441534 797095 87201 677408 709009 178751 495719 886979 963474 413969 827014 738911 605948 714993 734608 619357 420827 111013 703224 872095 731894 468394 43314 1044904 364766 278729 705624 619329 584305 430557 848748 592160 632122 30716 407629 774436 443737 444052 232327 206963 887913 475649 868145 608446 975068 183876 1127336 402180 241868 746190 39513 176680 838847 496926 70253 324108 1048755 739129 917545 560746 771993 241600 1009869 57219 1039470 709197 461925 836600 900267 921217 605605 256038 407662 704124 130602 307922 814897 108971 942381 715090
466198 195869 562581 600806 526752 122534 504374 423814 418480 264044 216008 296142 459134 518494 257906 274652 498179 544682 662694 441534 999999999 645505 510163 418093 321199 271405 457897 503974 525833 316736 385696 302869 187250 594284 465765 193850 66739 387912 359677 432441 416419 68522 445361 654904 452707 283462 316581 477698 236489 175001 433945 345938 317780 424835 79906 374113 37119 279229 217929 403369 607086 227416 526589 180867 609880 306623 687341 265262 278654 398150 444316 270058 614812 84943 511601 424477 633573 402088 477865 422883 407378 326714 610539 484458 621321 348429 282676 522052 522642 584772 465147 187910 459890 535749 315045 323187 374491 550170 640142 338129
771120 451917 88006 907304 1102737 539319 779119 1043284 252587 908686 683979 928150 580601 372697 744777 789042 314388 261417 652242 797095 645505 999999999 793547 1053281 469473 670410 304773 476294 887084 943833 722419 767018 760458 86219 1094032 572249 585500 839128 963012 712503 318718 709731 833470 566352 450605 533502 472630 183905 861385 817136 922289 988568 944602 807811 717324 910491 682563 395591 647142 595946 1217535 421685 1103436 738894 462018 811524 870441 431793 574618 379262 766113 679087 130397 577281 844408 483352 656627 358283 735797 246126 412973 558381 576975 791357 663874 940251 383324 305799 1058808 371904 198248 701049 405638 110000 753787 907874 766674 872481 307764 444532
974067 556587 750764 1110946 954466 458796 1010863 810090 561477 568737 725936 689848 928420 895940 766278 288433 485413 547381 1121559 87201 510163 793547 999999999 764353 756700 239349 488790 929599 1035419 501132 893073 811325 681810 708953 821580 678786 481637 196933 787461 935610 763498 543239 119386 1087185 346336 306047 753694 622984 666883 514057 927043 678944 717169 117248 484012 854451 516320 469684 293778 199404 974999 512259 953440 682671 1011676 270565 1190397 429257 276161 784029 66863 240134 848189 557679 63425 310480 1099015 774889 980898 568118 812694 259614 1055302 30120 1090899 792390 487805 864611 983330 951978 609987 330345 391316 708035 210994 394801 884647 79944 965078 760153
554153 602639 967300 605172 220007 538964 592295 70353 836031 198996 409653 125151 686898 844322 370904 478831 911296 960953 864067 677408 418093 1053281 764353 999999999 641679 580813 873194 786029 520014 270228 510059 383483 306015 1008689 57295 501819 484233 572713 137276 566725 781579 349893 653836 899428 845151 664463 636847 893289 192623 278386 344411 86516 111633 648367 364717 269717 382012 696930 548762 750060 211575 644027 218180 329728 897857 493850 754237 679637 642532 741908 702570 573403 1003561 476540 731658 809670 827802 754279 597197 840231 732985 692543 845045 734234 809481 169547 700767 871818 292053 907638 881231 478780 861445 945105 561374 378376 455918 762098 984528 667042
315633 200831 383120 462572 646592 303952 333910 614270 357722 553224 235504 521684 178206 206391 288857 582216 503085 514276 364911 709009 321199 469473 756700 641679 999999999 530966 456982 184167 426514 628378 256005 303084 335869 460344 670880 144629 303054 684600 527604 257607 154213 355425 725357 339575 545999 458016 4962 374833 454343 479664 454335 597329 530268 700991 398540 451325 347508 320359 479516 589144 773925 254821 647570 312095 288731 613774 475705 349282 481695 102340 698609 534312 383466 237839 777419 542292 342769 118617 291451 356864 92572 509372 301180 737533 335772 499944 305651 230531 593842 272249 370333 484828 525109 380331 600038 644383 297360 815453 343223 26596
734750 336392 607778 871895 747528 227320 771688 614218 418440 382604 486801 485721 697138 690669 528657 133491 408096 470901 894685 178751 271405 670410 239349 580813 530966 999999999 388322 710316 797196 350885 653773 573709 448264 594649 637259 441724 243468 172362 576517 696857 562875 309667 195282 868111 296208 138382 527491 486888 450343 307202 695900 494623 512708 170310 254231 627330 280299 287884 54586 170589 791175 305915 746802 447088 801203 146969 951897 246505 97881 572494 174590 9643 692705 319697 248331 254308 870068 566858 742218 425060 596538 132898 832064 214862 860725 576262 304566 669785 764639 751573 472584 104672 327933 568471 83935 270648 645674 286913 779705 537868
765087 311957 269531 914584 976973 335426 788114 881706 108735 697575 586880 753463 626523 496686 649114 517547 46665 88612 774143 495719 457897 304773 488790 873194 456982 388322 999999999 570068 866995 706141 694380 685230 623458 220397 922769 481702 391168 548273 814941 709438 372791 526267 533817 710788 148314 250937 457086 145691 694231 605157 842088 795812 775616 508760 509956 803671 492479 181645 378480 291859 1064873 250084 977073 607604 614639 534899 930694 193558 290522 421311 463217 397721 372032 421581 540337 178655 763974 402982 746704 112775 460125 263481 697548 487107 763395 800260 183859 444107 957857 534838 135905 443953 104985 226593 468076 648470 719127 567835 518113 443515
327836 374709 404819 444024 748650 484919 322998 747802 461798 723233 379278 673698 123008 105522 415846 766250 612445 605841 204457 886979 503974 476294 929599 786029 184167 710316 570068 999999999 443350 804989 310434 412016 488736 500102 806713 317586 487067 867425 659691 275455 197716 532997 905452 157934 684753 625585 188475 452065 609378 655998 534466 753586 677485 880626 579920 557923 528420 472425 660181 752071 888469 418253 750054 465576 112488 797745 394217 507874 653439 152307 874103 714250 356553 421536 954315 689198 194723 168130 282748 458519 117992 675519 129551 912188 196434 628919 455376 171181 678630 141191 453317 668565 655984 421439 781893 826776 367718 991851 234054 172894
117155 563126 803709 87349 378813 604562 123667 455920 776756 578281 312557 462405 321024 543223 269458 776698 913647 933639 409316 963474 525833 887084 1035419 520014 426514 797196 866995 443350 999999999 684455 173096 224575 362149 885800 510209 392754 564568 894541 386289 174907 568999 495837 961924 479187 926075 788146 424593 800435 431501 567785 175917 537794 447659 943925 557714 253016 519820 702344 743719 918494 526984 628323 380870 356129 528523 806312 235996 716273 794282 507952 969149 795602 783453 494073 1032709 910274 374198 529142 160767 776883 474514 837505 426862 1009071 354603 356454 692874 601420 287165 584023 795116 707449 916176 805151 833848 760385 154922 1070763 677267 448321
674362 507538 865615 771256 479988 405188 715756 326681 699669 106471 447679 234540 737663 831379 446578 227292 735985 794132 937869 413969 316736 943833 501132 270228 628378 350885 706141 804989 684455 999999999 606021 481997 345794 882291 326226 487526 364372 305872 333635 663150 733139 272959 386913 946819 641804 465499 623515 765532 252956 149019 527802 190651 257926 383985 237041 444331 284260 552392 336084 519756 476824 523482 478512 363306 914991 234487 897909 522397 433520 712693 442697 341925 926688 400589 464075 601529 904773 717854 704348 705271 718412 478998 897579 471186 889431 351692 562389 838312 532193 897836 751754 265181 667863 834190 309707 108558 568037 493182 956415 648262
81044 393525 637348 226331 440440 446441 118776 460206 603665 505627 172305 416907 191866 398813 159540 653650 741044 760543 354023 827014 385696 722419 893073 510059 256005 653773 694380 310434 173096 606021 999999999 129784 260465 716344 519513 226458 412913 770139 374649 58287 403775 372184 830784 394554 758035 628801 253693 628212 365016 469521 224072 499163 412026 810513 433930 256009 388529 532363 599296 761254 583606 458578 441958 244910 413048 684887 303280 548702 639041 344031 828133 653480 625744 338376 897161 744447 317828 364523 98539 603815 314128 679422 339426 868402 299701 342262 522126 450031 368196 449654 622597 573242 746181 636216 700594 663112 58591 935774 540067 279190
192370 373313 679322 304457 344823 391594 233761 338149 608315 379364 99461 287135 305025 485303 45061 553246 731065 760845 482254 738911 302869 767018 811325 383483 303084 573709 685230 412016 224575 481997 129784 999999999 141624 746598 397507 205823 346680 671053 250691 188006 457038 271447 737543 516233 723983 573863 299118 645609 236280 352162 158829 369423 282790 719390 333513 149588 295331 509407 520676 701291 478495 436579 345925 132434 521416 583282 416781 516016 576320 404014 744926 571827 686533 281575 808136 703708 446387 421530 225160 609898 383553 621564 461683 784772 428619 218922 503164 525927 291867 543639 637441 482897 719742 670095 609286 546631 86084 846204 628695 329559
331587 321811 673016 444678 354282 298788 372864 284341 564497 247642 110116 186471 402802 539828 101721 414931 666847 706338 597368 605948 187250 760458 681810 306015 335869 448264 623458 488736 362149 345794 260465 141624 999999999 724721 338306 196383 245532 532719 202575 317369 476631 138794 601704 616303 635913 470450 331012 613727 120688 210911 248242 264965 194466 584805 198324 187296 168748 441880 397584 589904 457422 375885 354506 23785 601223 444271 557284 437751 465571 435897 614994 445193 701351 201956 674209 609771 563142 448454 358951 567539 427593 513926 564222 654242 546956 181314 440344 565820 338331 604053 603175 351476 639246 655169 475468 405396 226649 711783 678996 361084
772200 406679 98220 914068 1073769 481593 784648 1003820 182927 854378 657755 884094 592876 402118 720122 716967 228216 175826 688956 714993 594284 86219 708953 1008689 460344 594649 220397 500102 885800 882291 716344 746598 724721 999999999 1052193 544947 531298 761177 926659 713399 320568 660706 752182 608405 364948 456648 462747 117261 818744 761798 904451 939972 902274 726756 662085 885077 631354 330024 574953 512208 1181695 367051 1074304 704359 504245 738027 892011 362824 497699 381874 683199 603581 189866 532746 760713 398508 689034 360285 741157 177134 419234 478273 611878 707501 694058 905927 320057 336401 1036473 414610 130697 632430 319890 81127 677292 839891 755858 788147 364746 437595
556116 645529 1007377 592966 177654 587653 592461 59415 881959 256029 436073 169648 702530 870453 391172 536118 961676 1010106 871980 734608 465765 1094032 821580 57295 670880 637259 922769 806713 510209 326226 519513 397507 338306 1052193 999999999 534541 532351 629639 147124 574444 814777 397254 710786 912804 898775 718402 666147 937663 233451 333337 334790 143637 149922 705514 416549 268502 430424 744992 604325 806152 154401 689688 175598 361517 917553 551101 746087 729321 697394 772303 759858 629947 1039457 519454 788550 863852 835428 785766 601488 885944 760874 747562 857933 791461 816654 178586 748046 901407 259949 932497 925922 534785 914037 986719 618632 434627 463134 818751 1012098 696762
305656 171613 484267 452763 530620 223216 338305 479758 402497 409120 112809 379783 265346 351017 175424 467148 527939 555549 468846 619357 193850 572249 678786 501819 144629 441724 481702 317586 392754 487526 226458 205823 196383 544947 534541 999999999 198530 577594 395432 259958 280260 215482 628868 463680 533338 403451 139667 440902 311903 338509 364541 453791 390191 606442 264994 340148 213309 310551 387375 536529 647671 236563 531286 173029 427558 499166 512638 323557 416099 241034 615804 442889 506088 122559 689460 518402 439930 252555 304470 404078 237130 454522 417749 655942 428030 370393 302248 371299 491913 416836 432313 375325 523991 470758 499218 512231 239987 728160 486395 168010
493935 143645 504285 634877 591403 55931 529860 490538 353589 323505 252092 362768 458513 488434 302823 279183 431602 477959 659565 420827 66739 585500 481637 484233 303054 243468 391168 487067 564568 364372 412913 346680 245532 531298 532351 198530 999999999 383467 425532 454019 376325 135208 430986 642334 390490 228039 298910 414281 303134 231636 487385 410644 384516 408206 131848 432664 102224 212743 188991 354731 673765 164479 591307 235381 587810 310720 708769 198739 229961 366719 417885 244414 562323 76229 490939 364440 632896 367410 499275 358201 381790 274926 601659 458108 622349 413233 216782 484346 583523 553764 401422 182101 395472 475511 302057 353603 410352 529643 601679 315585
849376 498670 778937 975462 770828 383387 888794 622411 588424 381492 597971 508372 841252 855862 627062 117846 561399 625541 1042965 111013 387912 839128 196933 572713 684600 172362 548273 867425 894541 305872 770139 671053 532719 761177 629639 577594 383467 999999999 608522 819243 730700 400398 81174 1024112 434110 305756 680693 656446 495159 340852 767756 488635 535316 80301 338045 690089 381611 460246 211968 279940 781938 475059 769637 538702 963211 89094 1073210 418826 264705 735856 145481 165010 864945 456367 158968 391381 1015895 731923 864522 595112 757006 284795 984724 167563 1004875 617387 476898 838542 807901 918213 642221 202337 473083 739060 89381 198410 751355 190888 950035 694614
416894 521798 875520 472571 171483 481389 455038 88129 763212 232810 292107 101164 555672 724913 244499 499911 856537 900135 728306 703224 359677 963012 787461 137276 527604 576517 814941 659691 386289 333635 374649 250691 202575 926659 147124 395432 425532 608522 999999999 430661 674502 293436 687236 766607 809647 633763 522963 814671 127834 273702 212602 157082 75838 676740 330207 133751 328564 633868 534696 737636 255047 572196 170910 224277 770441 521971 618838 624056 619595 629615 722061 570779 901510 398039 764822 778599 691911 643957 460219 766602 616449 670035 711875 757788 673415 32472 634433 757813 200507 786381 803753 471918 819107 857679 577008 431587 319523 798946 867112 553788
58830 418605 629667 205483 486696 483063 79870 515312 613853 563366 223983 475076 152733 371309 217143 703601 755986 770832 297691 872095 432441 712503 935610 566725 257607 696857 709438 275455 174907 663150 58287 188006 317369 713399 574444 259958 454019 819243 430661 999999999 394958 424096 877675 343465 782881 662984 256348 632309 423250 525151 267076 557286 469862 856725 485163 308411 438208 555379 642271 796273 632107 482658 488339 300907 371263 735112 255241 575333 676017 333688 871448 697121 608729 378205 942342 772095 261255 355017 45462 613365 299705 714245 288308 911718 242783 398204 543699 427621 409119 416563 627938 620345 768011 632474 747309 718055 111322 981041 508902 277417
453753 236807 234736 593734 799600 353947 464458 759681 264286 671435 384180 658505 273508 133253 440731 643526 414793 409163 401385 731894 416419 318718 763498 781579 154213 562875 372791 197716 568999 733139 403775 457038 476631 320568 814777 280260 376325 730700 674502 394958 999999999 466545 756182 340759 492797 457727 158005 256645 590369 588727 608343 729650 670023 730298 496243 604635 449513 294614 518735 575555 924213 257105 800522 453284 251745 673059 576558 334297 490978 61472 713601 568554 229676 332960 795665 501187 392305 39970 420957 260883 98919 504346 324782 749464 393004 648226 276602 108813 748046 189323 256808 544361 461544 239462 641823 729905 449208 831629 225370 128081
450149 258060 625697 575438 462259 190841 490188 355542 486243 205312 200240 227624 473445 559068 227008 282885 566262 613165 676544 468394 68522 709731 543239 349893 355425 309667 526267 532997 495837 272959 372184 271447 138794 660706 397254 215482 135208 400398 293436 424096 466545 999999999 466108 678043 516546 342918 350559 544521 168614 124365 386268 279362 249350 448186 62356 319801 35161 347739 259695 455839 538954 294542 461990 140071 642361 313597 675339 333355 333135 441588 476466 306456 673329 135914 537208 486501 645285 448103 468724 490526 445755 382754 630590 515865 631459 284184 351005 569095 463799 625508 532178 213044 525730 600329 338273 300524 350962 575106 686938 375555
910944 531672 780027 1041171 850791 421404 949542 703059 587997 461857 659621 587587 888815 885119 692984 189814 540324 604414 1088055 43314 445361 833470 119386 653836 725357 195282 533817 905452 961924 386913 830784 737543 601704 752182 710786 628868 430986 81174 687236 877675 756182 466108 999999999 1063177 405695 308829 721774 654198 571586 417120 840963 569606 614665 26299 404255 764733 443944 472528 245867 247659 863108 499138 849634 605881 996331 165316 1132689 430505 270092 767529 82783 191217 871332 506363 78060 364509 1062614 761489 923123 594759 791818 275704 1026537 91848 1052657 695053 490146 862104 885928 945305 640315 257548 448041 738642 130371 279121 815669 112038 969807 732859
379093 532643 510192 450158 829594 642298 357097 853392 602109 859241 506550 795499 213983 214839 530824 921281 750698 736295 94120 1044904 654904 566352 1087185 899428 339575 868111 710788 157934 479187 946819 394554 516233 616303 608405 912804 463680 642334 1024112 766607 343465 340759 678043 1063177 999999999 833480 782642 343572 581886 734965 798633 609418 877326 795460 1038418 728568 650467 676869 627112 817729 907883 975527 575351 831283 594412 104516 952957 347130 663674 811056 305632 1031975 871961 436776 574396 1112242 840670 115798 318318 328987 598039 274593 832216 55191 1069986 132623 734534 609720 274815 748901 194763 585561 824299 802139 535931 939101 975864 452544 1149759 268914 330340
834539 364806 417678 983760 978746 337569 862748 865320 242592 655059 624768 734072 723063 623174 683037 429580 139090 201420 888715 364766 452707 450605 346336 845151 545999 296208 148314 684753 926075 641804 758035 723983 635913 364948 898775 533338 390490 434110 809647 782881 492797 516546 405695 833480 999999999 180965 544925 292255 683013 567433 873541 762150 758916 382328 483690 822758 481388 227872 306168 158037 1048304 300257 978501 624675 742416 439897 1020242 209811 208480 532564 329044 305788 519703 443674 401534 42913 874490 516984 823962 248350 569090 163726 814180 348054 871505 800519 240967 576691 974012 667782 281184 378059 45167 374672 364723 566831 772559 426158 659693 538272
708812 257485 473974 854295 804205 183584 741715 686224 282801 474206 477351 554900 633979 589946 530450 266723 273966 335385 821104 278729 283462 533502 306047 664463 458016 138382 250937 625585 788146 465499 628801 573863 470450 456648 718402 403451 228039 305756 633763 662984 457727 342918 308829 782642 180965 999999999 455484 350697 506282 386528 715065 581227 580196 282540 304980 657542 308113 165721 130332 133545 868707 207337 803839 462278 705680 284168 912745 124216 41122 478425 256810 147553 562979 294174 339186 145668 800527 468914 706942 289511 508067 51787 752673 291841 793787 626685 183736 560168 805599 646584 336484 200326 202621 433618 220652 399404 633243 374376 664068 458771
314204 198150 386125 461497 642425 300383 333032 609581 358377 548275 230877 516792 179982 211353 284501 578043 503261 515066 368029 705624 316581 472630 753694 636847 4962 527491 457086 188475 424593 623515 253693 299118 331012 462747 666147 139667 298910 680693 522963 256348 158005 350559 721774 343572 544925 455484 999999999 376364 449434 474785 450788 592397 525423 697456 393825 447198 342760 318935 475916 586819 769490 252842 643395 307241 293404 609626 476301 347427 478863 106835 695426 530778 387416 233339 774113 540841 345560 122807 290726 357611 97528 506897 304787 734405 338338 495364 304390 235281 590055 277210 371691 480759 524402 382875 596274 639756 294408 812180 348113 30956
690462 293041 127786 836680 965376 364335 707430 890279 68682 737188 553212 769020 527045 367273 616175 605239 175481 154600 652478 619329 477698 183905 622984 893289 374833 486888 145691 452065 800435 765532 628212 645609 613727 117261 937663 440902 414281 656446 814671 632309 256645 544521 654198 581886 292255 350697 376364 999999999 704287 644568 804354 823577 787778 628258 544883 779592 514716 213818 463288 423631 1069469 250295 965814 594129 481875 627619 831894 248465 391743 313676 590228 495481 227736 418480 670315 317788 646522 292939 664383 62246 353108 378495 574879 618018 648401 795018 203144 308995 932455 397937 14343 518178 250266 85129 570453 725404 662830 700456 373982 355323
427135 412089 775110 518321 299195 359011 468284 187707 649200 146957 230339 68156 521052 659418 207985 382144 734666 780638 711851 584305 236489 861385 666883 192623 454343 450343 694231 609378 431501 252956 365016 236280 120688 818744 233451 311903 303134 495159 127834 423250 590369 168614 571586 734965 683013 506282 449434 704287 999999999 154481 279313 144281 83530 559100 202374 197667 203355 514531 407389 610048 370644 456964 298670 144101 721865 406766 647715 501745 491763 552890 600768 444939 811116 286003 648231 651364 676874 564300 461429 653061 546575 542208 682252 637578 659965 126184 516604 683131 316548 724024 692619 346044 693718 753656 455890 334420 320932 683624 797503 479001
542361 370463 735596 652429 442755 280347 583570 307115 581878 93036 304475 178939 590771 683407 312409 227843 640562 693700 792255 430557 175001 817136 514057 278386 479664 307202 605157 655998 567785 149019 469521 352162 210911 761798 333337 338509 231636 340852 273702 525151 588727 124365 417120 798633 567433 386528 474785 644568 154481 999999999 428904 194725 206138 404917 99869 349728 139713 436566 271259 473966 485923 395847 441888 224630 765982 252312 768179 413182 364169 565585 448441 300639 789787 255911 493883 531445 759803 571602 567991 586887 570120 414256 749934 484508 745010 278642 443599 692455 469715 749852 631398 203067 585370 707147 303366 194498 437541 529159 810444 499919
233227 530240 834968 260799 220279 537002 264697 280019 766947 421608 255295 297020 415318 620331 193055 651526 887608 918865 554621 848748 433945 922289 927043 344411 454335 695900 842088 534466 175917 527802 224072 158829 248242 904451 334790 364541 487385 767756 212602 267076 608343 386268 840963 609418 873541 715065 450788 804354 279313 428904 999999999 367519 278957 825924 443307 83655 416984 664394 645709 837307 367434 592495 222012 253195 636334 678673 411417 668133 712566 552342 860186 692512 836382 430051 915616 850572 518040 571184 282422 768599 527531 760180 554449 898886 498556 184521 659114 667803 144268 673152 796250 597160 872093 827277 718235 613722 167148 952394 762688 480269
553736 536651 903856 624890 289528 464052 593865 136046 764146 112484 374395 82414 663351 802965 347302 392680 832694 884031 850584 592160 345938 988568 678944 86516 597329 494623 795812 753586 537794 190651 499163 369423 264965 939972 143637 453791 410644 488635 157082 557286 729650 279362 569606 877326 762150 581227 592397 823577 144281 194725 367519 999999999 90482 563378 285861 285497 309030 622261 463530 664162 298030 573336 288015 288366 866067 408380 766026 602556 558097 694678 616716 487132 946345 411800 647580 725972 815068 705232 592437 768658 689771 607873 824116 648827 797606 183019 627286 824922 346980 867831 811076 393080 779815 879404 475060 297003 449918 678746 940129 621582
464210 495616 858168 534849 237368 440190 504093 106694 732412 157259 299434 27352 581900 733475 264744 428881 815415 862451 765004 632122 317780 944602 717169 111633 530268 512708 775616 677485 447659 257926 412026 282790 194466 902274 149922 390191 384516 535316 75838 469862 670023 249350 614665 795460 758916 580196 525423 787778 83530 206138 278957 90482 999999999 605050 275330 196106 283354 596684 473925 677364 290298 540142 236392 218209 789664 449696 675554 582583 562732 630325 652390 506406 892566 369533 692490 725811 729175 642647 503847 736329 621769 613261 741622 687320 711392 95709 599203 760284 275914 797139 776077 408151 771580 837037 507642 355988 361265 726060 873274 555545
890891 506554 753961 1022460 841868 397085 929209 695655 561939 454155 639859 577836 865417 859447 674667 177102 516066 580231 1064141 30716 424835 807811 117248 648367 700991 170310 508760 880626 943925 383985 810513 719390 584805 726756 705514 606442 408206 80301 676740 856725 730298 448186 26299 1038418 382328 282540 697456 628258 559100 404917 825924 563378 605050 999999999 386759 750673 424895 446253 221778 224385 858588 473306 840769 588201 970950 155695 1111880 404231 243800 742103 67360 166679 845102 483885 89692 340784 1038981 735887 902186 568701 766684 249790 1002153 87528 1029215 683455 463883 836085 874507 919467 614351 237578 424218 712635 110256 277566 796616 126985 943620 708156
512246 272262 636047 637678 501488 180941 552148 381635 482631 192312 261720 250388 527846 597769 289219 220543 547032 598216 731497 407629 79906 717324 484012 364717 398540 254231 509956 579920 557714 237041 433930 333513 198324 662085 416549 264994 131848 338045 330207 485163 496243 62356 404255 728568 483690 304980 393825 544883 202374 99869 443307 285861 275330 386759 999999999 373168 51699 338134 207318 408449 564694 295978 500993 201627 687193 251334 737184 316808 289390 477758 417153 250135 691984 164565 476025 450530 701065 481936 529997 487548 486078 339846 682649 456184 687824 325948 344527 601957 511734 664119 531778 153857 497569 607329 277188 247305 413318 513739 720048 416454
287614 494864 822523 339755 195410 485274 324247 210479 736492 338263 227365 213482 445351 634434 165716 574939 848117 884016 604898 774436 374113 910491 854451 269717 451325 627330 803671 557923 253016 444331 256009 149588 187296 885077 268502 340148 432664 690089 133751 308411 604635 319801 764733 650467 822758 657542 447198 779592 197667 349728 83655 285497 196106 750673 373168 999999999 352631 623082 578949 775183 330559 553847 196460 198386 665231 601165 485103 622167 651513 552871 787716 623302 834310 383736 840282 797025 568254 569938 333319 738815 533093 700355 595303 825823 549271 103440 619814 675499 154262 691886 770333 526242 824922 810640 644352 531586 197949 876546 777844 477895
