NAME : synthetic_000333
TYPE : CTSP-D
DIMENSION : 100
GROUPS : 8
RELAXATION_LEVEL : 1
EDGE_WEIGHT_TYPE : EXPLICIT
EDGE_WEIGHT_FORMAT : FULL_MATRIX
EDGE_WEIGHT_SECTION
999999999 427564 392468 533114 242963 462464 555276 575137 214691 745592 727953 368268 922540 1017597 558512 954980 573575 519898 426258 886041 642813 703511 487347 480412 974436 920762 570194 327455 436016 792614 754470 535364 752577 636430 686931 589085 45009 86396 547142 908486 330589 885226 351587 492656 526378 604993 412758 742747 856403 177956 282022 316513 347098 200523 1020966 769089 448084 524822 985832 612470 542178 571650 469360 470792 509677 254673 843453 372339 589094 167159 558993 549124 286364 655495 249588 669050 650679 291407 679199 606355 206845 523521 466818 608047 887494 570806 241471 763770 64733 745295 648346 579414 480839 594256 1083151 318925 527346 339526 779286 695324
427564 999999999 48705 107464 517319 583037 131806 487640 409238 659580 302164 528981 601179 631186 291268 873039 601994 248516 126189 756472 365386 277706 621295 73314 594199 526660 580508 226875 651891 773731 332890 586767 574434 392726 681787 629150 428674 501176 327484 524360 399182 580001 148802 245525 261481 317963 466978 315243 647521 262368 685860 303215 176427 229092 671281 797401 160244 147778 704466 270810 135836 696686 508126 74398 617764 173941 731938 340906 188162 584134 232349 398188 183295 644496 632295 338141 225123 151060 406488 181370 262660 248947 55170 187281 561047 283672 515498 556272 366955 345904 382648 399484 55003 538413 708611 261969 665394 706827 442147 765134
392468 48705 999999999 141841 470165 535161 177086 449138 361730 624303 335728 480313 598956 646097 330929 839861 557697 224444 157798 726859 348821 319535 573367 121879 606941 543538 536889 178701 603187 734379 362328 541186 547719 370857 640470 584597 390083 462651 362728 537801 350724 574088 100923 280171 236978 301448 419698 353887 626240 236222 643953 254838 185714 192045 676296 755153 130574 149424 695547 266130 184429 649417 462018 121831 570454 144746 700128 294141 236733 544885 276940 363270 174970 603089 588829 332963 267626 135584 390396 214170 217570 287723 74374 215715 559434 325409 468359 533173 330113 363309 364410 368195 91244 498456 720398 266160 617615 661704 441167 720418
533114 107464 141841 999999999 603726 637771 63385 499948 494630 657468 195105 596033 525178 531919 313725 861709 634392 236361 193072 736450 324939 180896 676077 94215 497405 426115 610170 294136 720893 783539 225564 625883 550103 362952 700195 662344 531854 604432 362301 427354 463643 510735 220275 288086 248697 280727 518724 212290 608440 369825 785177 369163 268116 333213 583466 818125 178630 102333 638840 212546 104453 745037 551586 108434 667311 280873 718360 392873 142758 686726 237954 402570 287100 663832 729014 275484 131266 257792 362796 73919 357169 278284 69915 81390 484658 298338 601980 523439 471426 246869 344974 393410 52635 554418 612182 354620 718285 799692 367300 797437
242963 517319 470165 603726 999999999 237120 647042 423852 109099 565899 782427 145416 851440 993984 733532 757577 367604 487820 570424 712485 580821 784601 254499 586973 947155 911399 372454 316871 193120 582506 795789 325821 616145 556062 480466 376422 198593 196517 736644 889537 192218 806516 384072 667739 488339 557186 234658 812029 724007 354737 234806 254125 515242 318084 963777 545681 455961 553364 883433 596897 651744 335004 280181 582552 282421 382510 665448 273636 703766 211742 711480 439158 450342 454671 165849 635467 734449 432603 607293 667602 257863 692705 534298 660695 823057 739723 1903 641342 238245 756112 578256 476943 558767 422868 1044085 519539 290413 205539 733887 464818
462464 583037 535161 637771 237120 999999999 694728 256827 255419 350069 779930 94597 720458 900076 851203 525238 139986 444539 674922 495821 487154 807592 38387 656147 852386 836250 153810 356553 129839 346642 779285 98373 438752 446734 247466 142483 417790 431301 868699 806558 188125 671218 434300 790336 438677 482628 119279 821213 542554 519759 441768 281387 647208 456579 839528 309303 461139 556343 721100 548725 715277 119488 105021 656981 47247 508387 446880 245112 766397 446687 809010 320716 588481 226412 377856 563104 764781 556778 499078 684096 379912 807686 577079 669895 700483 850950 237797 475986 436655 713641 476368 358160 606639 229973 932971 678558 82653 369720 637814 232900
555276 131806 177086 63385 647042 694728 999999999 563108 538375 720707 190207 648889 569067 553803 260439 924173 695909 299734 170542 798030 384724 148366 733104 78430 523178 447211 672009 345192 773261 846903 229905 686324 611468 424322 763193 723793 558842 631144 312352 453757 516982 558568 268459 244006 312043 341605 576139 190887 666719 383989 817346 421419 256634 359323 618067 881044 239187 165413 687573 269762 48248 803815 611020 91385 725669 300622 780742 449632 79395 714419 181724 465907 289350 726741 764096 329608 95593 268150 421468 89519 394116 228859 118054 109349 528706 242887 645245 583442 496242 274757 405125 456717 89748 617438 637363 340323 775900 838379 413835 859175
575137 487640 449138 499948 423852 256827 563108 999999999 371287 182334 592721 298648 463918 650541 778774 401524 163603 266326 606798 312629 253512 640905 282562 552135 603180 595833 135567 307837 385950 286273 580470 180415 192650 206039 200832 189471 537725 581039 811815 563075 248913 414500 361900 729257 255284 265286 189918 641172 300413 549284 656838 270784 614705 471624 583285 319034 330462 400544 468656 345080 597477 309081 157823 558465 252859 495638 273372 208547 642049 626154 717619 99683 572875 165399 588213 337791 608568 531202 254654 522938 404794 736072 458446 503437 445207 771142 423471 222778 524821 498930 237877 123894 488010 55887 678399 674700 305533 604385 393006 311769
214691 409238 361730 494630 109099 255419 538375 371287 999999999 534516 674052 165340 767476 897739 636505 741137 359055 388353 468660 677442 490953 675503 285144 479647 851505 811693 355552 209434 265040 577997 688379 321413 557661 471873 472263 375266 172431 209757 644129 791672 122381 724782 275030 571652 390251 462854 198663 703096 664450 272329 320744 153156 420576 221779 876193 556869 349287 445731 811307 495764 544217 371190 254826 475779 302352 283512 633347 187246 596387 261360 609387 364525 356944 440856 254551 538678 625390 334101 521003 558676 153813 594636 425231 552067 736715 640999 107361 576006 181575 652007 490917 399866 449867 384065 951866 436326 328522 310360 641182 487079
745592 659580 624303 657468 565899 350069 720707 182334 534516 999999999 716776 424545 464780 680838 950371 219221 210920 421558 781961 146893 359860 777468 357894 719829 636969 653080 197169 490088 472379 144308 695189 251725 159402 310697 133219 216945 705726 741502 986418 615257 415020 415745 541635 903986 408977 390657 337757 768584 227580 730919 788196 451048 794941 653490 580756 215856 499642 555311 416742 473182 759300 337577 286257 727559 321474 677856 99656 388375 800071 776291 885180 261418 754666 131491 721953 443039 752599 712689 339973 667918 585274 908457 624869 646342 461527 941002 565960 209870 699298 602164 339163 264210 653257 151456 685342 856623 357823 719771 456085 262682
727953 302164 335728 195105 782427 779930 190207 592721 674052 716776 999999999 754145 443723 377869 411831 895659 747244 337674 360246 760328 356918 86177 817115 267309 354315 273144 720379 465879 878435 856133 46811 748283 578860 406395 789722 775076 725449 797947 468995 288907 623438 448168 400739 415690 345554 330309 661904 53225 604188 564309 975144 535026 446802 527722 464355 906614 329739 230592 574647 248166 227782 875686 683060 280977 801902 475926 754715 543556 214946 879638 332671 493952 476422 756460 916767 275197 110833 450737 380142 121602 546193 392200 261651 122749 406224 389100 780779 538921 665839 136588 377652 470630 247687 648449 464781 530383 855689 983284 310775 903994
368268 528981 480313 596033 145416 94597 648889 298648 165340 424545 754145 999999999 750404 914005 783445 612319 222452 429259 609581 571437 496048 772253 120308 602177 866372 841352 228789 303853 125013 437293 759087 180509 490235 462324 335057 231080 323490 337291 796644 814880 132438 702862 381533 720579 426025 482474 113954 791299 597286 435447 364527 227470 573232 377533 867089 403620 426209 524871 766756 538265 664091 206146 143766 601230 141609 433911 523622 210943 716140 356933 747350 337170 511999 309724 297580 563630 726210 483722 515212 649697 302623 740429 531000 638093 726191 785222 145871 521188 344811 703396 488975 376135 559308 287593 954945 597473 163192 305793 650329 327128
922540 601179 598956 525178 851440 720458 569067 463918 767476 464780 443723 750404 999999999 223063 828002 556732 615027 404491 715433 423692 280182 529075 746287 618797 185562 234099 588772 595086 848769 602139 400673 640906 309161 295930 588782 635479 898736 960925 881245 195407 659272 50332 584325 811710 396877 318113 636469 492395 252294 815250 1084301 619344 777551 746625 119915 680161 489108 453599 134341 332826 617285 763237 618547 632580 715477 728187 443955 581060 630460 1026190 747756 414620 773814 571193 1015879 266307 537042 733092 246698 481431 716287 797923 546361 460009 40520 808580 850523 260213 859467 309611 277183 375910 558905 500068 221233 862370 766468 1049383 159132 722016
1017597 631186 646097 531919 993984 900076 553803 650541 897739 680838 377869 914005 223063 999999999 789671 779173 810594 509943 721407 646741 418007 459138 930054 622483 47731 106592 783124 700623 1023728 821211 331612 830952 522080 453859 799075 833633 1002223 1070608 846864 109202 805070 267906 666037 791527 507506 436876 801846 410442 475094 880752 1218359 744595 800034 824027 140647 896666 569735 498832 333492 406864 597888 958533 795278 636998 902548 789201 666412 721016 592114 1144306 710488 580413 814418 777739 1152166 359087 488207 779655 401167 466632 813359 769453 577939 451901 219404 766803 992773 471687 952868 285537 425540 542244 578933 694569 88263 886503 955884 1198363 263717 931718
558512 291268 330929 313725 733532 851203 260439 778774 636505 950371 411831 783445 828002 789671 999999999 1162333 886907 533757 177183 1042418 636978 332492 888482 232857 765264 684812 866907 499985 898828 1064680 458304 868030 857702 671791 971398 913373 581848 644761 57688 698148 663104 818846 427116 66470 546773 591403 741228 383305 921311 388266 840526 571352 218839 415862 869466 1085911 450737 410214 947934 526265 212447 968948 787829 223603 890324 352997 1020291 619411 200010 724778 80630 689138 283996 934018 803888 588620 302175 302405 675760 346590 484011 43719 327407 368320 787819 24756 731629 834401 519142 525897 656427 688618 301131 829015 876571 244737 933666 890650 674008 1048645
954980 873039 839861 861709 757577 525238 924173 401524 741137 219221 895659 612319 556732 779173 1162333 999999999 389982 629257 996966 137883 546357 964548 520629 930178 742069 779001 387433 709309 629530 184499 867488 431811 317753 501700 277855 382818 913538 943152 1200509 739274 625605 516244 759859 1118361 616325 584773 542480 948719 309933 949286 965408 668796 1013150 872109 654223 256949 712810 759534 459305 664073 965306 469883 486775 938787 485782 897075 143524 606102 1002954 969243 1094428 476797 973734 303241 902796 621650 945811 931625 517007 863439 802857 1121135 835192 840892 568876 1151702 757944 357041 912050 769486 525140 473780 862569 366491 759233 1075738 504404 885555 603851 346804
573575 601994 557697 634392 367604 139986 695909 163603 359055 210920 747244 222452 615027 810594 886907 389982 999999999 412102 710206 355998 416713 788807 147614 672109 763565 758959 28039 389098 261953 219127 738335 42283 316481 369628 114021 28077 530485 554885 912562 725685 255191 564803 459790 831097 402863 425267 165842 793729 414767 597915 581131 325783 699700 525982 734937 205931 456843 540688 599260 502223 724645 148443 108747 675936 111508 566647 306958 269671 772772 579303 834191 255557 647728 87428 516338 500231 752194 610402 417986 667468 450242 843276 583254 649763 600344 882793 367965 359379 537388 660203 401432 285707 613522 116074 833533 745247 154702 509451 555764 163539
519898 248516 224444 236361 487820 444539 299734 266326 388353 421558 337674 429259 404491 509943 533757 629257 412102 999999999 374647 508993 130629 376952 481090 301115 464189 423752 385981 193858 550537 547575 334768 410971 325950 146497 467154 440132 498970 564636 574312 403354 305757 370750 182120 493159 13035 86786 328498 382337 401806 414153 708633 235302 409626 342999 501184 585358 95107 134986 483402 109984 337754 538013 345730 310208 464581 331217 486721 220935 379119 635742 465207 167354 389026 431554 642902 151830 342538 345840 171517 257028 313073 493287 206354 238262 368292 522548 486484 308897 456146 274221 142993 157349 233321 321764 567891 486890 518637 693304 259913 572149
426258 126189 157798 193072 570424 674922 170542 606798 468660 781961 360246 609581 715433 721407 177183 996966 710206 374647 999999999 881981 490424 306631 712412 99409 688675 614965 690594 322804 727336 891640 400439 690905 700498 518817 796599 736530 440351 509325 205025 618744 486986 697809 250583 122477 387593 443161 564162 354738 773364 248302 703657 394461 90441 254024 776530 910251 284805 267523 824180 390779 135257 792257 610663 84926 713531 188690 856575 442277 170977 592489 141056 520743 140553 759190 659035 457422 257361 140410 531232 254839 314859 133464 174777 270029 674971 176078 568527 682401 375801 438204 508112 524153 157090 655603 803359 170330 757492 741628 556571 871640
886041 756472 726859 736450 712485 495821 798030 312629 677442 146893 760328 571437 423692 646741 1042418 137883 355998 508993 881981 999999999 415707 831003 501414 809570 608140 642311 343759 612399 615616 214307 731093 397479 186699 373716 262789 358991 847311 885729 1083231 602656 556417 381232 654316 1001813 495958 456619 482642 813493 173410 858543 934986 582825 905737 780469 526638 300764 597298 635035 337674 533557 840720 471974 432501 819059 464947 798069 49510 520967 876062 922457 971962 369345 871437 272152 868832 487702 814403 828404 383908 733374 716292 1002238 715193 710531 433379 1030443 712518 221515 837138 632699 394671 358824 741374 293519 632541 973479 497169 865446 466058 374113
642813 365386 348821 324939 580821 487154 384724 253512 490953 359860 356918 496048 280182 418007 636978 546357 416713 130629 490424 415707 999999999 419711 519498 406144 370422 349096 388702 315490 607613 499840 336735 428665 229293 50266 439646 442941 618560 680980 682407 320033 389599 242737 312577 603713 120734 47512 384369 408788 284534 544495 810465 340510 534436 472394 385318 554262 223776 227021 352785 117896 429263 559182 382225 417444 495238 461805 403299 307335 461638 747474 562758 166954 517919 408924 742779 85815 399458 475056 41598 317687 437131 599193 316130 294904 246848 622755 579737 198718 580134 248217 21237 131818 338282 306348 463361 614160 549781 783319 154534 561972
703511 277706 319535 180896 784601 807592 148366 640905 675503 777468 86177 772253 529075 459138 332492 964548 788807 376952 306631 831003 419711 999999999 845545 225399 438126 356116 762875 473264 897264 913518 132180 785625 646806 467369 840808 816866 706249 778686 390111 373971 639921 531840 400875 343508 386835 386927 688379 51427 679957 532180 963150 546997 396524 506621 550096 958724 347217 251514 659162 304286 171588 909735 715681 237022 833648 448838 822204 564988 143901 861769 255485 541226 435379 806175 908351 343302 52831 416197 447563 123496 536794 317072 250589 139185 491155 308962 782858 609681 644060 220229 440896 522464 228355 696756 546817 475799 886211 980206 391922 949060
487347 621295 573367 676077 254499 38387 733104 282562 285144 357894 817115 120308 746287 930054 888482 520629 147614 481090 712412 501414 519498 845545 999999999 694430 882435 868423 166923 394716 114485 338611 815847 110169 458120 477778 245159 142629 442411 450750 905331 838062 225432 696666 472533 827309 474921 516780 157446 858756 559693 552823 445008 319339 683357 491319 865788 292702 499287 594205 741306 584345 753640 86068 137964 695195 36476 544298 452031 283480 804776 459704 846910 352608 624035 229375 383770 596841 802929 593028 529693 722051 414960 845012 615464 707685 727679 888474 255416 497633 465118 748898 507940 389314 645026 249985 960713 712913 45348 366419 668748 210338
480412 73314 121879 94215 586973 656147 78430 552135 479647 719829 267309 602177 618797 622483 232857 930178 672109 301115 99409 809570 406144 225399 694430 999999999 589371 516152 649991 300159 724878 838361 305017 658093 624916 439374 748740 699482 486272 558139 276283 519412 472496 603109 222045 198228 314110 359875 539741 269212 690659 307083 746977 376527 180270 287825 677497 865196 221719 179249 730579 299730 64955 769378 579970 14525 690503 226538 787819 413403 116793 641677 165635 459461 210932 711610 695920 365013 173050 190991 445804 156407 330252 193430 95050 170762 578283 221534 585131 602429 422853 338842 425092 456836 68356 604251 704084 265506 738438 772893 460463 835514
974436 594199 606941 497405 947155 852386 523178 603180 851505 636969 354315 866372 185562 47731 765264 742069 763565 464189 688675 608140 370422 438126 882435 589371 999999999 82748 736039 655711 975997 778202 307529 783594 477835 406129 753725 786777 958232 1026176 822001 70056 757911 227287 623106 763705 461410 389972 754153 391371 435456 840465 1172208 698407 765194 782193 126114 852648 526357 458623 305270 362572 568464 911387 747574 603893 855034 749106 625891 673999 566181 1099259 685360 532682 777054 731832 1105821 312866 463089 741333 353445 434750 769524 743032 540287 418645 176776 742937 945958 427354 909736 250616 377827 494522 542918 647587 114778 851809 908436 1151349 216052 886132
920762 526660 543538 426115 911399 836250 447211 595833 811693 653080 273144 841352 234099 106592 684812 779001 758959 423752 614965 642311 349096 356116 868423 516152 82748 999999999 731012 609589 955818 796762 226524 774891 494283 391493 761534 783725 907461 976988 741805 39787 725997 265133 569544 685368 423098 358984 731659 308870 469123 779156 1131144 658901 694157 724886 204470 866515 474788 398135 364797 316198 491375 904707 731313 530659 843425 687492 654345 641068 486493 1052556 605260 515824 709952 736423 1066101 278085 382847 676022 341214 360146 718601 663725 474045 345738 212059 662212 910086 444340 856074 180810 360689 479420 473835 644342 191846 780534 897728 1116761 203523 891783
570194 580508 536889 610170 372454 153810 672009 135567 355552 197169 720379 228789 588772 783124 866907 387433 28039 385981 690594 343759 388702 762875 166923 649991 736039 731012 999999999 371076 280092 223998 711018 56852 292676 341589 118149 54884 527819 555718 893730 697819 246217 538612 440011 811967 376513 397584 158329 767152 392912 586332 591283 310698 682838 513087 708685 221135 433235 515539 575864 474903 701587 175508 101000 654186 131930 551407 295401 252538 749269 584032 812845 228009 632250 85304 525439 472303 726835 594113 389995 641909 438169 823352 560255 623943 573518 862254 372674 334403 531369 632431 373394 257782 590496 88966 806808 730758 178811 523034 527865 187297
327455 226875 178701 294136 316871 356553 345192 307837 209434 490088 465879 303853 595086 700623 499985 709309 389098 193858 322804 612399 315490 473264 394716 300159 655711 609589 371076 999999999 428071 582049 479045 368249 451961 312183 481991 414839 305161 371022 523627 592615 172661 558117 78165 442507 199454 277784 242241 497273 548355 248096 523081 76611 312428 170263 694741 592088 140036 236504 662098 294080 360841 471620 287889 300527 392652 187807 577720 119741 412680 443696 453238 246136 265896 444828 459882 345097 425237 225353 352545 353176 121884 456265 227556 344803 560181 497653 315258 453155 264656 444517 321771 267920 255522 348601 761176 367270 439080 519785 453754 549300
436016 651891 603187 720893 193120 129839 773261 385950 265040 472379 878435 125013 848769 1023728 898828 629530 261953 550537 727336 615616 607613 897264 114485 724878 975997 955818 280092 428071 999999999 445677 882407 223278 568409 569893 357322 256631 391713 382979 908551 927639 257421 799804 505349 834755 546479 598423 224594 916071 671635 535769 341884 351982 684775 486345 967445 389992 551073 649584 850917 658466 787393 165319 230403 723378 150917 546465 566183 334883 839570 374822 866548 443334 621657 343470 286183 679607 851179 596930 622689 774671 414917 856338 655507 762927 827762 901965 194660 605815 428453 823947 598438 481699 683588 359591 1059488 700582 125682 256211 760406 300436
792614 773731 734379 783539 582506 346642 846903 286273 577997 144308 856133 437293 602139 821211 1064680 184499 219127 547575 891640 214307 499840 913518 338611 838361 778202 796762 223998 582049 445677 999999999 836376 258692 302501 449924 105960 206316 749606 772949 1096597 758689 470140 554233 643779 1014096 535630 527121 382212 907300 355006 808055 783543 529086 893928 733412 715195 86458 616652 682557 539275 609996 882718 285396 324729 844738 304762 767436 172116 468100 926168 793169 1003879 381062 847286 140208 722168 584286 885784 807370 482535 800389 659772 1021816 744460 779561 601871 1057328 583036 352660 755200 744701 479605 392664 773867 236060 820804 947564 320260 701867 600388 166534
754470 332890 362328 225564 795789 779285 229905 580470 688379 695189 46811 759087 400673 331612 458304 867488 738335 334768 400439 731093 336735 132180 815847 305017 307529 226524 711018 479045 882407 836376 999999999 741995 552473 386901 774463 765890 749578 821794 515362 242160 630116 407579 418566 460771 341151 315445 662632 91729 571190 595034 994925 544953 485257 553953 417927 890270 340057 242675 532710 236117 270258 870841 680013 319086 798743 505213 727968 548166 260604 902539 378902 483196 511314 742250 934962 252195 156604 483310 355831 152049 566861 437964 288001 146671 363951 435692 794197 510479 691451 99437 356784 457018 277893 635739 418270 569896 853026 998588 273980 892234
535364 586767 541186 625883 325821 98373 686324 180415 321413 251725 748283 180509 640906 830952 868030 431811 42283 410971 690905 397479 428665 785625 110169 658093 783594 774891 56852 368249 223278 258692 741995 999999999 348435 383593 154845 53891 491867 514341 891499 742793 223285 590941 441677 810682 402734 432667 134167 793275 449530 567067 538950 300827 675717 496906 760727 237386 447348 535364 631694 506544 712763 130602 80671 661079 75759 540579 348602 248629 761945 537438 818126 263346 621785 129683 474068 510115 746981 585751 433841 663155 420437 824319 571620 646454 624163 864982 326217 389000 501205 667679 414887 296848 601854 141509 857550 717731 125665 468091 572736 181431
752577 574434 547719 550103 616145 438752 611468 192650 557661 159402 578860 490235 309161 522080 857702 317753 316481 325950 700498 186699 229293 646806 458120 624916 477835 494283 292676 451961 568409 302501 552473 348435 999999999 187174 279622 333539 718182 766687 899800 456196 436040 259289 483072 818966 312964 269953 382565 631760 107862 699971 849464 437566 730044 622224 427403 374826 417220 449041 283260 347189 654466 461902 347359 634842 424174 631476 175857 380268 689393 816011 786267 206765 700691 263200 780802 304153 628546 657192 199323 546958 565499 818080 531134 524197 303112 845154 615721 50501 697498 455956 208175 185507 556588 208818 530393 801923 471065 795966 300173 412855
636430 392726 370857 362952 556062 446734 424322 206039 471873 310697 406395 462324 295930 453859 671791 501700 369628 146497 518817 373716 50266 467369 477778 439374 406129 391493 341589 312183 569893 449924 386901 383593 187174 999999999 389536 395413 609251 668666 715195 360338 363850 253017 321693 635170 134228 83125 349095 457967 255426 551051 788436 325869 556122 476350 407980 504003 241421 262197 349991 163504 467345 513746 341764 449818 452047 472625 358240 285163 502402 731545 599495 126560 534196 359102 720091 135976 445031 490784 52940 361883 433746 632793 346679 339501 267054 658706 555102 163630 575291 298317 31984 88575 371035 257733 492728 632923 506268 755847 191084 512602
686931 681787 640470 700195 480466 247466 763193 200832 472263 133219 789722 335057 588782 799075 971398 277855 114021 467154 796599 262789 439646 840808 245159 748740 753725 761534 118149 481991 357322 105960 774463 154845 279622 389536 999999999 104991 644086 668860 1001044 725313 364364 538858 546900 918774 456048 459685 276263 839233 359745 703548 688495 425870 794414 629552 706809 118205 528013 601288 549009 541565 796415 209224 218771 754186 209435 665564 213511 365837 841877 691908 913518 300164 745940 37410 625240 525459 809258 706782 429974 723609 555272 928156 656261 703898 581405 965252 480897 328976 649240 687846 421008 319264 686161 145783 810015 845474 235540 611559 559440 133236
589085 629150 584597 662344 376422 142483 723793 189471 375266 216945 775076 231080 635479 833633 913373 382818 28077 440132 736530 358991 442941 816866 142629 699482 786777 783725 54884 414839 256631 206316 765890 53891 333539 395413 104991 999999999 545486 566797 938454 750063 275993 585175 486296 857156 430850 452419 186545 821668 428829 619591 583815 350079 724599 548609 755309 184065 484686 568756 615102 529774 752312 128415 130787 703176 106262 590689 309552 295187 800558 587527 861249 282890 671854 86840 520302 526841 780269 635025 443123 695545 472445 869715 610922 677830 621939 909505 376916 378020 555083 687194 427299 312365 641192 139532 854807 768710 141524 508484 580337 136033
45009 428674 390083 531854 198593 417790 558842 537725 172431 705726 725449 323490 898736 1002223 581848 913538 530485 498970 440351 847311 618560 706249 442411 486272 958232 907461 527819 305161 391713 749606 749578 491867 718182 609251 644086 545486 999999999 72582 574229 893418 290966 860024 338388 515514 504557 582623 371060 743345 823036 194698 263326 285431 366285 199628 999865 724888 432847 514942 957368 595662 549547 526652 427216 477705 464979 259941 804069 338294 598122 155577 576656 516740 303045 613110 222040 649733 653532 301766 653719 604074 188939 545093 463825 604042 864599 592663 197061 731367 64559 734539 622868 548408 480332 554668 1065351 347330 482340 309681 758883 650598
86396 501176 462651 604432 196517 431301 631144 581039 209757 741502 797947 337291 960925 1070608 644761 943152 554885 564636 509325 885729 680980 778686 450750 558139 1026176 976988 555718 371022 382979 772949 821794 514341 766687 668666 668860 566797 72582 999999999 633480 962064 332138 920887 408946 578817 569514 646844 403781 815917 873004 261607 195944 342838 432230 272092 1064319 740594 502206 586192 1014285 663758 621105 531444 457260 549326 477515 331628 840832 390435 669241 83625 643785 569724 370415 640270 164836 716110 725947 372072 714809 676605 258707 609458 536346 676427 927692 656820 195499 783247 135331 805261 684066 603245 552912 592226 1132196 405217 486867 255472 824243 661078
547142 327484 362728 362301 736644 868699 312352 811815 644129 986418 468995 796644 881245 846864 57688 1200509 912562 574312 205025 1083231 682407 390111 905331 276283 822001 741805 893730 523627 908551 1096597 515362 891499 899800 715195 1001044 938454 574229 633480 999999999 754597 680867 870709 454273 82560 587346 636145 762099 440969 966934 384600 828016 591937 223809 422359 925109 1114021 487699 455429 999542 574148 264105 987448 810910 265397 909391 362820 1059368 643344 256055 711202 136647 725038 287283 963637 795521 637784 358993 312944 721915 400029 494470 84036 368733 421236 840937 81898 734750 878502 513476 581171 701370 726951 344396 860543 933616 228315 950665 883906 726103 1072782
908486 524360 537801 427354 889537 806558 453757 563075 791672 615257 288907 814880 195407 109202 698148 739274 725685 403354 618744 602656 320033 373971 838062 519412 70056 39787 697819 592615 927639 758689 242160 742793 456196 360338 725313 750063 893418 962064 754597 999999999 702227 225417 556908 695041 401635 333855 704096 329052 429423 771964 1111961 638552 695141 714846 177506 829234 460755 390002 327281 298568 499377 872152 701539 533932 812278 680479 615054 617620 498567 1036280 617970 485843 707329 700860 1046221 254150 396158 671886 309037 365080 704508 674964 470591 348725 172365 676137 888276 406081 843755 180602 330211 448748 472923 610549 184830 781755 866355 1094503 170081 856126
330589 399182 350724 463643 192218 188125 516982 248913 122381 415020 623438 132438 659272 805070 663104 625605 255191 305757 486986 556417 389599 639921 225432 472496 757911 725997 246217 172661 257421 470140 630116 223285 436040 363850 364364 275993 290966 332138 680867 702227 999999999 614580 250769 602252 304299 368505 89491 659619 543211 343782 425579 96061 460210 274532 771643 460029 294485 393462 694768 415729 533499 306581 146519 472329 228766 322178 513131 85060 585332 380421 622045 248375 402977 330444 356892 448300 593772 369697 415196 517539 197693 619608 398985 506322 630866 663054 191273 456174 286678 579250 386355 285534 427555 263770 852940 496347 270567 393768 543413 401607
885226 580001 574088 510735 806516 671218 558568 414500 724782 415745 448168 702862 50332 267906 818846 516244 564803 370750 697809 381232 242737 531840 696666 603109 227287 265133 538612 558117 799804 554233 407579 590941 259289 253017 538858 585175 860024 920887 870709 225417 614580 999999999 552327 798700 362155 283971 589015 498854 208222 784185 1040055 578409 755671 713750 170152 631391 458954 432327 129291 309323 606758 712974 569773 616498 665643 698773 398756 537805 623943 984542 739259 368312 748164 520977 971452 241951 534846 706609 206307 473068 679839 786888 525871 450801 53096 800396 805644 210081 822771 311792 237156 329901 540726 449972 271268 839373 716455 1003128 144916 672093
351587 148802 100923 220275 384072 434300 268459 361900 275030 541635 400739 381533 584325 666037 427116 759859 459790 182120 250583 654316 312577 400875 472533 222045 623106 569544 440011 78165 505349 643779 418566 441677 483072 321693 546900 486296 338388 408946 454273 556908 250769 552327 999999999 372195 191923 268583 318842 428169 571560 232045 576438 154710 253323 162596 675223 659838 97415 178081 665318 262248 282753 548540 362026 222695 469570 150977 623530 193721 334677 487192 377002 285188 217763 509503 516557 322298 351473 174396 353019 283795 150421 383490 151846 278146 546964 423380 382354 476335 286854 396316 323612 298053 178723 407969 732708 319462 516721 582783 433654 621746
492656 245525 280171 288086 667739 790336 244006 729257 571652 903986 415690 720579 811710 791527 66470 1118361 831097 493159 122477 1001813 603713 343508 827309 198228 763705 685368 811967 442507 834755 1014096 460771 810682 818966 635170 918774 857156 515514 578817 82560 695041 602252 798700 372195 999999999 506180 557061 682170 394918 888029 321807 774671 511986 152651 350474 861774 1032031 405605 377236 926923 497831 196555 908658 730187 186343 830309 288365 977447 562244 201138 659183 94090 642637 217784 881364 737546 562644 304954 237838 643696 333397 419846 34715 288499 353215 771238 78930 665837 798698 452711 517874 622305 644974 265474 778051 876917 181843 872588 824207 654818 991807
526378 261481 236978 248697 488339 438677 312043 255284 390251 408977 345554 426025 396877 507506 546773 616325 402863 13035 387593 495958 120734 386835 474921 314110 461410 423098 376513 199454 546479 535630 341151 402734 312964 134228 456048 430850 504557 569514 587346 401635 304299 362155 191923 506180 999999999 78771 323556 391002 389362 423768 710857 237097 421970 351859 495309 574249 107194 147004 473400 112240 350402 530418 338870 323231 457637 341714 473745 219265 391438 639707 478117 155979 400591 420634 644741 148556 353302 357315 161124 267694 319713 506318 219373 248514 361205 535523 487039 296236 462899 277530 132051 144784 246277 310878 563871 498820 511879 693664 254737 562263
604993 317963 301448 280727 557186 482628 341605 265286 462854 390657 330309 482474 318113 436876 591403 584773 425267 86786 443161 456619 47512 386927 516780 359875 389972 358984 397584 277784 598423 527121 315445 432667 269953 83125 459685 452419 582623 646844 636145 333855 368505 283971 268583 557061 78771 999999999 373846 380633 330968 500607 783498 310361 487008 429781 417488 576332 177532 181189 397974 82876 385180 563032 378819 370930 495177 416607 441286 284179 419444 715749 518011 169874 471223 426977 716583 81238 362719 428521 88986 279062 398415 553160 269092 256853 282510 577657 555991 243084 541612 235155 65248 141599 291799 320354 489065 566995 549943 761499 178536 576940
412758 466978 419698 518724 234658 119279 576139 189918 198663 337757 661904 113954 636469 801846 741228 542480 165842 328498 564162 482642 384369 688379 157446 539741 754153 731659 158329 242241 224594 382212 662632 134167 382565 349095 276263 186545 371060 403781 762099 704096 89491 589015 318842 682170 323556 373846 999999999 702519 490324 433076 466932 170197 543962 362775 753154 370552 341864 437239 655282 434994 597821 229727 57532 541242 150787 407566 437192 126747 648595 440930 695419 223434 488723 243361 398354 455048 645508 453648 402030 564887 286270 697538 458764 550863 612286 739589 234379 410554 373042 600469 376374 262377 488506 189871 841432 583874 199763 416780 538144 314022
742747 315243 353887 212290 812029 821213 190887 641172 703096 768584 53225 791299 492395 410442 383305 948719 793729 382337 354738 813493 408788 51427 858756 269212 391371 308870 767152 497273 916071 907300 91729 793275 631760 457967 839233 821668 743345 815917 440969 329052 659619 498854 428169 394918 391002 380633 702519 999999999 657319 574034 997461 568878 444008 544049 506187 956482 365150 266509 624375 297991 219500 919589 726184 281676 844844 488501 807616 581749 194960 898520 306760 541944 480113 805551 940992 327861 97454 458581 432853 144427 569197 368464 281861 153320 455643 359593 810330 592059 682113 188301 429649 519969 263056 697011 498426 524596 898208 1010426 363054 951774
856403 647521 626240 608440 724007 542554 666719 300413 664450 227580 604188 597286 252294 475094 921311 309933 414767 401806 773364 173410 284534 679957 559693 690659 435456 469123 392912 548355 671635 355006 571190 449530 107862 255426 359745 428829 823036 873004 966934 429423 543211 208222 571560 888029 389362 330968 490324 657319 999999999 795004 957251 540249 811309 718001 361031 436847 496437 511551 189273 396966 712338 555863 453973 701862 524822 722007 191823 484742 741801 923439 846386 307615 787275 350981 888617 341033 669548 743721 245652 593251 665118 883718 599914 569993 260064 906703 723583 95469 799989 471810 265726 280678 622710 313024 467000 887043 569152 902826 299804 490255
177956 262368 236222 369825 354737 519759 383989 549284 272329 730919 564309 435447 815250 880752 388266 949286 597915 414153 248302 858543 544495 532180 552823 307083 840465 779156 586332 248096 535769 808055 595034 567067 699971 551051 703548 619591 194698 261607 384600 771964 343782 784185 232045 321807 423768 500607 433076 574034 795004 999999999 456941 280844 171594 78125 902273 803476 326161 381962 897094 487568 366898 638517 489279 296424 564998 91669 822060 343395 412448 344421 382349 494190 108812 667929 416321 550908 479532 116105 584691 443737 148291 350707 308783 448785 777323 398319 352869 699577 131069 599329 554972 515374 317262 583464 952907 165162 597401 502428 662115 744312
282022 685860 643953 785177 234806 441768 817346 656838 320744 788196 975144 364527 1084301 1218359 840526 965408 581131 708633 703657 934986 810465 963150 445008 746977 1172208 1131144 591283 523081 341884 783543 994925 538950 849464 788436 688495 583815 263326 195944 828016 1111961 425579 1040055 576438 774671 710857 783498 466932 997461 957251 456941 999999999 473800 628005 459155 1195116 731691 662080 753921 1118237 814948 810954 507200 507400 739100 479626 521835 886673 503747 860283 117280 839289 673549 565697 668093 68959 859353 910815 564941 838894 855208 428965 805397 715692 852484 1054907 852746 235481 875810 327885 967427 809303 711048 735174 651455 1272387 599737 466548 102098 961678 642290
316513 303215 254838 369163 254125 281387 421419 270784 153156 451048 535026 227470 619344 744595 571352 668796 325783 235302 394461 582825 340510 546997 319339 376527 698407 658901 310698 76611 351982 529086 544953 300827 437566 325869 425870 350079 285431 342838 591937 638552 96061 578409 154710 511986 237097 310361 170197 568878 540249 280844 473800 999999999 374891 204691 725658 531227 205420 304444 672265 343366 437440 397866 220212 376561 319081 240897 544144 62704 489291 407013 527625 232717 321947 389498 407680 385556 499872 285021 372738 425582 134229 527696 303556 415698 587214 570233 252688 447279 259959 502032 342163 263147 331850 302661 799400 420064 364033 459521 488876 482206
347098 176427 185714 268116 515242 647208 256634 614705 420576 794941 446802 573232 777551 800034 218839 1013150 699700 409626 90441 905737 534436 396524 683357 180270 765194 694157 682838 312428 684775 893928 485257 675717 730044 556122 794414 724599 366285 432230 223809 695141 460210 755671 253323 152651 421970 487008 543962 444008 811309 171594 628005 374891 999999999 198837 846620 903972 314881 323988 879077 446355 224940 766406 595098 166175 688962 139355 876223 430344 261205 514251 212011 537622 65157 757230 587837 513723 346555 90514 575987 336029 270781 179686 231465 348582 737450 227296 513342 717693 302546 514866 550124 547394 223083 659146 879946 86638 728703 673397 618555 857074
200523 229092 192045 333213 318084 456579 359323 471624 221779 653490 527722 377533 746625 824027 415862 872109 525982 342999 254024 780469 472394 506621 491319 287825 782193 724886 513087 170263 486345 733412 553953 496906 622224 476350 629552 548609 199628 272092 422359 714846 274532 713750 162596 350474 351859 429781 362775 544049 718001 78125 459155 204691 198837 999999999 837612 731896 259527 327065 824147 423769 351879 576029 417856 280068 500439 65383 744173 266854 401668 355167 394759 416224 135321 593527 409222 484802 453907 114646 511933 406130 76982 374701 266350 407531 709457 421649 316181 622645 138215 547386 481817 437948 281265 506781 893077 222202 536462 489137 596184 676131
1020966 671281 676296 583466 963777 839528 618067 583285 876193 580756 464355 867089 119915 140647 869466 654223 734937 501184 776530 526638 385318 550096 865788 677497 126114 204470 708685 694741 967445 715195 417927 760727 427403 407980 706809 755309 999865 1064319 925109 177506 771643 170152 675223 861774 495309 417488 753154 506187 361031 902273 1195116 725658 846620 837612 999999999 795095 578085 527204 198388 414712 665220 883126 737075 691834 835189 812718 552055 691394 669458 1132397 788907 530221 850526 690166 1127105 352994 568999 811862 356491 528549 814123 843892 616174 509661 141110 848158 962783 379167 956992 344166 385826 491290 623887 619966 106086 932900 886317 1163730 241885 839958
769089 797401 755153 818125 545681 309303 881044 319034 556869 215856 906614 403620 680161 896666 1085911 256949 205931 585358 910251 300764 554262 958724 292702 865196 852648 866515 221135 592088 389992 86458 890270 237386 374826 504003 118205 184065 724888 740594 1114021 829234 460029 631391 659838 1032031 574249 576332 370552 956482 436847 803476 731691 531227 903972 731896 795095 999999999 645104 719439 623093 658583 913775 224883 314245 870285 263278 772111 258081 473662 959600 752405 1029515 418343 853081 154302 673645 639916 927435 815191 541830 841783 656039 1042499 773280 822013 677379 1080423 546460 425321 737704 802016 535028 436689 803279 263848 900192 951033 265306 644626 666745 92222
