NAME : synthetic_000788
TYPE : CTSP-D
DIMENSION : 100
GROUPS : 8
RELAXATION_LEVEL : 1
EDGE_WEIGHT_TYPE : EXPLICIT
EDGE_WEIGHT_FORMAT : FULL_MATRIX
EDGE_WEIGHT_SECTION
999999999 615112 844553 183360 823530 691163 631472 727729 893410 431855 639001 893257 1183896 763665 664842 189093 263247 784575 176911 792288 772769 641595 1065592 214757 241901 1056956 888101 813239 786529 812505 608098 131756 576556 853375 283034 686411 298491 809106 859623 447566 812968 1059336 398645 816297 508286 509309 798792 335040 492048 355746 809654 784838 418881 561825 377310 913259 187078 731428 614209 870341 711434 995747 498618 394495 669945 691093 713783 802864 695409 859621 355056 699386 587453 674614 257431 598888 775336 865573 287389 390438 559752 1123364 627313 808630 947218 1102003 451273 658238 959319 585233 653456 220498 287869 990930 163786 603788 921719 561495 977564 914336
615112 999999999 596420 508598 237597 498838 278151 701220 574115 328428 453579 394516 594660 763860 146470 438749 470188 170337 568231 357439 601995 459891 559073 495562 441443 488434 480228 762384 699091 285370 420084 512195 231913 248326 364654 628889 456366 592808 266699 189865 199575 444629 222922 209551 201449 309570 402086 445730 435469 351725 277672 214290 413323 649144 374987 301179 429378 428562 277360 374465 443069 446664 118250 370494 132993 425763 374713 690901 86033 322204 461692 526220 54889 630988 565230 413274 564152 429202 343261 487428 152075 540762 420719 296482 453913 502734 211365 500599 437375 545667 232686 583717 335568 541247 549587 338981 311977 638928 424111 494857
844553 596420 999999999 870729 511837 153521 870945 264264 94132 847317 208137 351894 665001 308554 456665 775914 581333 606019 923921 277931 99959 204636 414558 879679 839221 534199 1066180 258630 198966 404055 997386 830775 384290 571968 597478 229802 895781 44634 764541 690209 605306 773388 670120 570870 457093 375284 994991 509513 352519 823082 840638 481144 922195 384976 477245 719978 709418 1024191 329472 347489 161360 957704 586475 460592 474086 1017907 970863 171081 636362 417030 490496 147051 642600 245312 613079 253766 71292 1011826 616091 460243 732359 607179 227548 867143 349323 652106 508997 187014 975823 282313 828917 962950 719344 1108170 687040 922790 739855 375900 934983 1076703
183360 508598 870729 999999999 737967 720034 465650 807586 901880 261319 663359 844877 1100304 853387 593363 94946 328039 677439 60786 758813 815744 667438 1020039 31404 72369 984336 713834 892484 853998 750276 426700 61796 539797 756512 273537 753978 115443 841904 725837 321839 707201 940827 286770 717880 460948 501985 626499 387748 530490 189569 659373 704994 236853 657962 396519 791481 165090 552849 588222 821905 720120 841975 403689 412306 593554 511292 539350 864697 579008 795780 414549 734793 469367 745006 371685 616963 806917 695492 255601 458088 418823 1043650 643521 654054 902939 1010691 398654 693481 800201 646353 495830 92353 179560 818862 278206 429198 796972 654692 825531 740602
823530 237597 511837 737967 999999999 475456 473623 698659 455196 564514 453252 200218 362884 760102 163895 660445 631303 115715 798443 233910 556438 458708 337303 727644 673735 250837 591306 737153 670054 108540 629012 734156 291777 61268 549245 630090 693100 526184 259852 425836 101529 291629 451638 64108 329103 392559 538800 585132 509850 589005 358368 44803 649033 705468 511089 208417 636892 601202 295682 188633 398919 447546 334443 499711 155043 612182 546293 652368 202556 114405 591346 502945 288644 637830 718918 433225 508315 535062 537659 601447 378461 305735 424677 388480 250859 278584 376609 495059 471462 580433 416635 817212 560033 612759 729168 545533 228218 694057 425234 595746
691163 498838 153521 720034 475456 999999999 761800 223283 212823 714563 57442 369108 709252 284694 375290 625498 428005 547865 772244 261235 106870 52777 486263 730191 691552 569539 978579 267845 202167 378309 876517 678587 269580 536455 446497 156602 750611 121889 706151 562176 554568 760609 535529 525054 330499 234271 900682 356146 199125 683706 763700 436211 785508 273921 324820 679622 557544 917225 221550 355603 79307 902540 465555 308406 393885 905981 865979 192085 554379 407267 337668 28235 538036 166511 463391 106013 86886 926509 466824 309231 619947 646574 84785 787288 390958 674622 374686 38645 911273 150020 725952 812031 574284 1032663 534436 806419 698744 263038 879279 992165
631472 278151 870945 465650 473623 761800 999999999 947026 852122 204588 711341 659166 782789 1007881 424392 445028 601416 364319 510703 634593 867701 717547 810803 439045 395303 708549 265678 1016186 956303 549934 157332 501709 492778 453754 482710 876098 363584 864048 318454 235921 389814 550018 288641 420315 435916 545209 173891 608921 657311 277398 214662 467350 257554 863425 555353 408750 481931 155643 544547 641254 713883 383055 300926 558723 409976 147653 107594 951801 272260 578931 632947 787878 228592 875427 692111 666336 833643 235372 449508 670589 142414 741856 679260 199824 716386 682418 409585 757364 336279 780858 59019 502932 362604 362073 638267 75630 405187 854747 369342 289725
727729 701220 264264 807586 698659 223283 947026 999999999 358011 865166 252263 582620 915453 62987 590474 719384 481550 767674 849835 481198 168821 246136 674243 825189 797741 778869 1180119 85705 78862 601122 1044193 755021 469717 759588 548756 72373 865206 222506 924595 727490 775907 983476 689548 747326 512175 401861 1097877 420111 298894 819534 974084 659024 924943 173256 428742 901961 643842 1102143 430809 571714 301302 1120812 646120 417365 609042 1085328 1053893 108077 765137 628297 393053 196210 733524 71629 471487 288182 216729 1130159 578077 349650 804986 854706 284514 995816 594969 889700 539883 206469 1126173 170872 918236 894509 697079 1241499 564250 981929 920924 170264 1097499 1195732
893410 574115 94132 901880 455196 212823 852122 358011 999999999 850893 256995 276997 575059 402589 428795 807070 632208 558255 957667 227346 191221 255501 321502 907766 863806 447612 1029451 351044 292851 346842 987330 866905 384491 512991 632075 319523 915417 135916 713599 691105 553428 700400 678340 517288 463249 399910 963543 560666 405556 834921 799475 430281 929603 469853 518171 660252 745380 1001954 329161 277000 183070 902585 583017 501017 444572 999774 947507 264503 602276 351103 544914 217062 624234 334622 674594 294531 151317 974066 646412 519878 718328 518752 266097 827459 264860 567891 520798 250969 925698 357613 805820 994152 740614 1063356 741172 909424 680183 460124 880379 1037855
431855 328428 847317 261319 564514 714563 204588 865166 850893 999999999 658482 716853 912247 921578 456899 251192 449231 477396 306477 659618 820686 664105 885673 234457 191974 814719 456261 943056 890498 609820 195627 300553 466750 565645 338097 798999 161030 830216 488197 160240 507021 714777 179160 527416 390415 480854 367110 476050 566273 76582 406300 542688 84977 751609 441245 565919 302391 303801 522319 695519 686035 584547 270133 450142 449339 267251 282092 892402 373569 649234 503201 736884 275894 794797 530429 609909 796522 434918 303954 545967 192325 862374 629913 397602 776807 815633 340027 700024 540288 694297 239488 301568 191133 559441 461531 172534 567652 744743 569288 482486
639001 453579 208137 663359 453252 57442 711341 252263 256995 658482 999999999 370958 713250 315201 338215 568709 376472 516096 716023 256894 162208 6312 504260 673168 634233 572277 933793 308811 245996 363265 822752 622691 221985 513292 389871 180634 693170 178960 672463 507353 525428 742786 479348 498245 277329 177710 854106 304659 148624 626636 723243 411729 728733 264904 269108 652625 501416 866957 179067 354669 87641 868609 413031 252468 356788 854402 816419 240484 513933 397310 288042 78502 490083 186313 418226 48806 143946 882598 409689 263444 569090 649564 32878 745734 400881 670886 319008 47040 874135 135325 677421 755455 516843 991474 484587 753890 671270 253470 845293 948278
893257 394516 351894 844877 200218 369108 659166 582620 276997 716853 370958 999999999 342292 638936 260931 756851 661100 314917 905321 116340 420764 374514 175166 841060 789456 201393 791523 601860 536494 109689 810174 827618 316738 249556 610280 522935 823069 377888 457134 562692 301542 423521 572319 264121 388106 396369 737635 599827 479636 725280 558572 193124 801500 635598 533102 391727 715310 795083 284585 23069 291177 636872 455681 517675 267516 802486 739848 513263 388160 85831 596587 392040 449404 534356 734024 373011 370382 735280 609784 591686 546203 278684 352792 588623 59981 307082 449109 400213 666593 506148 604781 932000 666401 810729 769708 727290 411423 624214 615551 795835
1183896 594660 665001 1100304 362884 709252 782789 915453 575059 912247 713250 342292 999999999 968175 519167 1023313 976596 434853 1160625 457462 748492 716788 261699 1089130 1035079 141181 802668 923354 861208 381479 938984 1097006 625773 347580 905564 860119 1050442 699374 478268 784524 405306 282785 813622 386321 680312 719098 785679 922125 816148 945156 601216 399324 994686 977822 850758 382401 998008 875325 608516 359299 632506 572641 697160 837035 514117 899374 825634 835021 538680 335649 923008 730722 641019 872410 1057702 713773 699116 751641 896808 923720 720420 64356 694588 630290 320565 100787 733551 741657 627317 848419 723913 1178035 922820 775224 1080110 858397 392263 966452 559863 795161
763665 763860 308554 853387 760102 284694 1007881 62987 402589 921578 315201 638936 968175 999999999 653416 767197 525641 830342 893295 540190 219751 309060 722526 872284 847129 833056 1242445 69544 109953 661470 1102621 799117 532501 821136 600110 135260 915659 269914 987430 786470 838307 1043688 747238 809436 573738 463040 1159852 467857 356063 873854 1037005 720854 979367 201921 482549 964060 691109 1162775 493795 628957 361821 1183679 707099 472117 671989 1145281 1114928 139424 828096 687443 440199 257172 795661 133140 506247 351010 269579 1192670 630464 395909 866044 908259 347490 1058660 648326 945754 599785 269255 1189158 228544 979876 938621 750102 1304318 601459 1041542 983090 202317 1160368 1258217
664842 146470 456665 593363 163895 375290 424392 590474 428795 456899 338215 260931 519167 653416 999999999 510064 467470 182532 654145 211207 472935 344362 433284 586739 533968 393772 610190 643010 577434 158053 565640 582993 137542 208808 387101 518661 563638 457312 334962 301761 197967 442477 313608 180387 165208 237620 538423 422718 361699 464621 389221 121605 541246 568161 348421 326489 479503 573165 160740 239105 310489 530693 195566 337760 18618 571892 518725 565661 180969 202592 430367 403459 199184 523400 555708 306182 431168 556420 377646 443640 296136 458558 306061 413886 320878 440539 214596 384430 536357 450508 377039 677573 413803 658348 565576 485145 343527 557085 507373 621704
189093 438749 775914 94946 660445 625498 445028 719384 807070 251192 568709 756851 1023313 767197 510064 999999999 245601 609069 151621 667636 721982 572849 931918 106373 84928 903276 705429 803702 763201 665254 439345 73803 448042 683697 179146 663691 156962 747385 673707 261587 638298 879502 216692 645567 370356 407223 614970 299499 437521 174871 620653 625207 258524 575253 302811 731659 76416 554834 495265 733807 625204 806664 327035 318307 511841 517134 532235 772979 515079 711412 327014 640627 405636 655287 304240 522154 712383 680101 160696 371318 371298 965126 548636 619552 814232 936446 308352 599411 770457 555677 464767 187298 103467 806269 220342 423468 738990 571166 788538 731119
263247 470188 581333 328039 631303 428005 601416 481550 632208 449231 376472 661100 976596 525641 467470 245601 999999999 623393 368300 552095 510612 378855 827415 348277 329102 841599 865853 566984 532892 595597 644556 273650 351080 673567 118883 432205 400408 545942 736360 368361 647803 900415 313569 640776 302385 265078 774391 71883 228883 383986 723192 588174 485291 330315 128000 766161 169399 739458 376515 638930 451692 906078 357063 143731 477895 709273 704207 546595 556206 642216 92832 436210 464857 421898 95606 338056 512105 828900 151952 132716 482589 913428 366567 732161 710512 905319 263390 395011 884768 327086 599066 413196 258496 954847 110968 605891 779006 326757 884720 888498
784575 170337 606019 677439 115715 547865 364319 767674 558255 477396 516096 314917 434853 830342 182532 609069 623393 999999999 736561 331602 638699 522073 450197 663105 609071 345597 477478 814964 748369 214967 521206 682465 319030 90474 526032 696615 618376 614948 159360 356253 30010 278268 392959 56181 328338 417127 423146 588518 543004 512672 244603 128358 559977 750663 514600 146072 598193 486593 341916 301754 476525 355202 286053 506437 165179 499217 431922 733756 103827 229433 599942 576052 209304 702305 716275 487141 593133 421314 507870 618128 285685 386207 484762 274215 366553 338795 360043 561230 369808 632553 306142 749884 505828 505108 710909 438039 161961 739602 332040 483120
176911 568231 923921 60786 798443 772244 510703 849835 957667 306477 716023 905321 1160625 893295 654145 151621 368300 736561 999999999 818389 865906 719885 1080487 75006 127996 1045050 751131 935213 899341 811017 456349 95233 599067 816355 326645 798869 148536 893938 780730 380471 766392 998003 347004 777670 520654 558122 665935 432223 579790 239660 709995 765669 268147 695130 447596 848450 214719 586288 646791 882334 775338 890615 464280 463857 654328 543223 577504 911309 637374 856549 458060 785968 527979 789211 399938 670349 859033 736247 311485 500461 473744 1104156 697334 703130 963266 1070641 458414 744486 846736 692043 544675 46814 240342 857614 303234 468209 853430 692650 874879 778261
792288 357439 277931 758813 233910 261235 634593 481198 227346 659618 256894 116340 457462 540190 211207 667636 552095 331602 818389 999999999 327884 260839 275361 758128 708559 316286 802358 510233 443415 126566 776809 736005 219766 294208 510855 417489 749161 293533 488510 500363 328555 504790 500117 293436 297891 287213 737860 488505 363745 657165 572129 204489 742422 521782 424405 442147 619742 780903 178141 98171 181964 680301 390234 408374 224693 781735 725977 423383 376829 147259 483671 286279 410378 427744 621507 256764 278359 746871 514253 476838 507153 393451 237133 600156 158804 414692 360202 289336 700454 392198 585334 848436 583712 836478 661942 696322 462004 510336 657704 810547
772769 601995 99959 815744 556438 106870 867701 168821 191221 820686 162208 420764 748492 219751 472935 721982 510612 638699 865906 327884 999999999 156644 505424 827642 791126 613389 1080487 182455 116029 452856 983380 771292 374988 617670 542976 129878 852061 55654 797973 668940 642491 832550 641556 610680 437357 339905 1004078 439916 286275 788199 862144 520511 890697 286590 419246 763991 651569 1022966 324961 412048 162877 993828 572294 403689 491338 1012319 971363 95933 653561 474351 417989 83997 642815 145445 531721 210877 50392 1027741 565615 383106 726101 688509 191527 886683 428579 726938 481078 123409 1006022 193814 830833 907097 676280 1131261 611752 913084 783541 277933 970705 1093294
641595 459891 204636 667438 458708 52777 717547 246136 255501 664105 6312 374514 716788 309060 344362 572849 378855 522073 719885 260839 156644 999999999 506328 677457 638781 575882 940104 302499 239704 368193 828727 626413 228292 518824 393913 174591 697980 174598 678536 513216 531285 748036 484958 503978 283407 183275 860408 306998 150535 631917 729512 417304 734145 261133 272715 658396 505228 873167 185319 358457 89210 874703 419139 256165 362940 860548 822657 234302 520194 401882 289931 72786 496371 180439 419291 54234 139579 888908 414059 264510 575284 653174 39187 752022 403704 675082 324751 40732 880332 131634 683692 759484 521709 997760 486614 759976 677068 249727 851388 954588
1065592 559073 414558 1020039 337303 486263 810803 674243 321502 885673 504260 175166 261699 722526 433284 931918 827415 450197 1080487 275361 505424 506328 999999999 1016086 964328 162402 909882 672540 613386 276342 965602 1002489 489443 366970 783016 626192 996757 452816 566363 734270 429141 458982 746257 394369 562656 562573 867691 763219 631475 897760 681278 346927 970604 760183 699765 482860 889385 936628 452739 198165 417276 721062 628798 683708 438000 949103 882077 585615 538984 236871 757248 503134 613503 639917 895169 518031 458453 854211 783751 747401 708465 214677 493660 712154 118431 282927 623961 522644 762179 634288 753939 1107039 841490 911852 937301 882143 500395 749285 702449 909960
214757 495562 879679 31404 727644 730191 439045 825189 907766 234457 673168 841060 1089130 872284 586739 106373 348277 663105 75006 758128 827642 677457 1016086 999999999 54119 975523 684737 909689 869550 744362 395960 91022 540265 743873 284683 769975 84336 852055 705728 306852 693000 923269 276105 705112 460471 508125 597955 405098 543704 165294 635867 695965 206059 678592 408734 773671 181357 522807 590135 818183 726968 817318 394455 423995 585965 480953 510386 879341 563300 789331 432379 745909 454162 761471 396919 626119 817036 667395 263605 476425 398739 1033341 652155 629593 899624 998271 398237 704824 774444 662001 471164 90966 174844 790198 305010 400377 778534 674929 801275 711610
241901 441443 839221 72369 673735 691552 395303 797741 863806 191974 634233 789456 1035079 847129 533968 84928 329102 609071 127996 708559 791126 638781 964328 54119 999999999 921891 647262 881338 838473 691788 367476 110186 491932 689755 250655 739883 72034 813148 653862 252827 638953 870075 222363 650993 411609 465376 558805 379466 510054 118140 587109 642337 180519 657523 374552 720564 159826 489530 542901 766645 684341 770032 340940 388901 532823 449394 472741 846786 509482 736513 407343 708504 400220 732199 389031 586498 778153 626892 225564 451945 346790 979402 611805 582069 848265 944153 349662 667840 728876 631680 423995 143841 125058 751210 303267 362560 725712 653057 753441 673745
1056956 488434 534199 984336 250837 569539 708549 778869 447612 814719 572277 201393 141181 833056 393772 903276 841599 345597 1045050 316286 613389 575882 162402 975523 921891 999999999 773283 791031 727532 246430 865825 976468 490587 255248 776013 721753 943489 566138 431638 676186 318882 297870 699533 290904 549784 581409 740772 785160 675690 839697 552468 279559 898969 836984 714796 340759 872734 819608 470049 218120 492221 569022 581091 700590 391453 837652 766736 702316 446173 199487 784989 591627 539089 733696 920630 572626 563487 718825 769615 784332 626556 77293 553416 583143 185232 123589 605692 601350 614524 707513 649817 1065668 805196 765042 946840 782988 356240 825596 551798 770551
888101 480228 1066180 713834 591306 978579 265678 1180119 1029451 456261 933793 791523 802668 1242445 610190 705429 865853 477478 751131 802358 1080487 940104 909882 684737 647262 773283 999999999 1242582 1179283 691994 303615 756654 711961 546943 746982 1107944 603002 1067415 343673 498067 490191 525173 552330 527530 670616 781894 91787 869531 902157 532581 232991 604652 483543 1113260 811679 432593 746620 170649 757049 779122 919438 250714 543566 813198 592405 215967 174556 1170651 429820 705709 892424 1006139 447091 1109326 957329 892879 1040584 56248 714193 928029 389832 780737 900938 203314 840456 705483 656665 980802 187347 1020216 270586 734391 627573 108501 903680 284778 417905 1103913 254290 27547
813239 762384 258630 892484 737153 267845 1016186 85705 351044 943056 308811 601860 923354 69544 643010 803702 566984 814964 935213 510233 182455 302499 672540 909689 881338 791031 1242582 999999999 67101 634729 1118834 840319 530659 798420 631620 144105 948202 224990 973631 801646 820538 1014972 765995 789807 580270 472080 1162444 504796 377851 899759 1030794 700020 1004948 255902 510253 943839 728409 1171736 486898 593934 339263 1169968 715643 498124 661616 1156753 1122304 88792 821371 656805 477958 239625 798044 149644 556725 350755 232523 1191392 660231 434842 873791 864921 341680 1053862 605800 906795 612720 261786 1179115 250959 984643 979760 778572 1299494 649839 1054291 963234 254011 1146733 1257073
786529 699091 198966 853998 670054 202167 956303 78862 292851 890498 245996 536494 861208 109953 577434 763201 532892 748369 899341 443415 116029 239704 613386 869550 838473 727532 1179283 67101 999999999 567706 1062763 804125 467889 731321 587848 100693 903698 161840 907179 745714 753680 948198 712295 722817 520770 414554 1100060 467129 329711 850325 965805 632985 954983 245152 464556 876794 689050 1111943 422622 528036 272335 1103466 656547 451256 596021 1098157 1061868 30358 756438 590157 441458 174065 736072 111916 533197 289966 166351 1127675 614836 400226 813909 802035 278701 989223 542379 842202 556328 199299 1113207 207648 923295 942944 731501 1234704 622768 996479 896203 240342 1080248 1193355
812505 285370 404055 750276 108540 378309 549934 601122 346842 609820 363265 109689 381479 661470 158053 665254 595597 214967 811017 126566 452856 368193 276342 744362 691788 246430 691994 634729 567706 999999999 700518 737507 244530 167942 530549 534650 721484 420007 367106 457983 207161 382358 471655 170597 304354 338144 633919 540680 442012 621670 459387 87501 694676 623739 469342 315973 629898 687637 229100 91383 299823 556077 353424 455556 161718 693905 632361 548664 279859 47182 542067 404937 340222 543604 676257 350849 403864 635921 525652 544812 436770 317955 337652 488688 168606 318452 361980 401744 579112 495591 496049 835262 570808 718680 700427 617684 335871 612229 533737 698051
608098 420084 997386 426700 629012 876517 157332 1044193 987330 195627 822752 810174 938984 1102621 565640 439345 644556 521206 456349 776809 983380 828727 965602 395960 367476 865825 303615 1118834 1062763 700518 999999999 477127 613446 610900 531828 975684 311775 985941 468917 317202 547017 698699 356038 577056 546026 648313 230115 668596 746691 266962 354892 620217 189901 940464 628385 561873 496440 133326 667927 791379 837158 496460 411881 635572 553005 88389 143950 1061691 426661 731869 695248 900959 366463 972925 725959 775413 953800 302273 497496 737091 269848 898899 792076 332871 868311 838419 506456 866929 439616 874122 216261 435024 386745 412101 655029 83481 556709 933037 487791 331161
131756 512195 830775 61796 734156 678587 501709 755021 866905 300553 622691 827618 1097006 799117 582993 73803 273650 682465 95233 736005 771292 626413 1002489 91022 110186 976468 756654 840319 804125 737507 477127 999999999 516247 757467 234834 703672 170622 800105 743715 332665 711769 951937 289700 719309 440018 468524 667652 337000 485062 224852 685972 698708 288708 601880 353767 803692 121637 599707 561621 804554 684116 870953 400838 370249 585111 559539 582243 816084 587721 783853 362912 691779 478062 694073 311418 577579 765263 734972 223263 405493 439045 1038686 604869 683172 884515 1010249 378532 650248 832345 596810 526423 139546 176638 859935 216964 472174 810613 599078 853474 782985
576556 231913 384290 539797 291777 269580 492778 469717 384491 466750 221985 316738 625773 532501 137542 448042 351080 319030 599067 219766 374988 228292 489443 540265 491932 490587 711961 530659 467889 244530 613446 516247 999999999 343014 293673 397347 537001 372907 466503 307577 335477 578167 294302 317081 80772 101093 632173 297362 224206 451602 505031 247057 545119 432454 225071 463846 400591 647980 55596 293865 223712 659988 202192 211799 154018 637955 596468 460947 297230 291151 301027 296273 268579 399967 432744 181553 341522 661113 294954 309671 351538 562437 189200 526212 371012 557475 142270 268932 659894 319057 456399 630075 366882 771825 456672 540228 480647 421537 636750 726769
853375 248326 571968 756512 61268 536455 453754 759588 512991 565645 513292 249556 347580 821136 208808 683697 673567 90474 816355 294208 617670 518824 366970 743873 689755 255248 546943 798420 731321 167942 610900 757467 343014 999999999 585092 690774 703030 587039 207892 437901 64036 235480 470020 38844 371685 444097 500889 631210 564370 597642 315625 101756 648841 763173 556839 148032 666298 571053 351939 241202 460116 389924 356905 546475 196277 586020 517008 713602 192905 165128 639174 564010 293458 698325 763392 491860 569469 490816 570630 651824 374778 296805 484268 346367 294357 254408 413789 555558 417178 639157 395233 831973 581414 561362 767776 527907 167935 751810 368000 549410
283034 364654 597478 273537 549245 446497 482710 548756 632075 338097 389871 610280 905564 600110 387101 179146 118883 526032 326645 510855 542976 393913 783016 284683 250655 776013 746982 631620 587848 530549 531828 234834 293673 585092 999999999 489518 316582 568367 627928 249552 552341 804297 194686 549912 226265 234543 655544 138706 259644 278963 607727 508482 383629 417975 124242 664906 113346 622309 333392 587345 449293 792028 247745 139313 394244 593328 586006 596214 450248 577724 166421 461482 353017 482182 212152 343782 533380 710111 34368 210374 364446 844046 370691 615550 664595 827358 172679 420285 768618 381340 480364 365584 152298 836168 185158 489236 676409 412101 771070 769616
686411 628889 229802 753978 630090 156602 876098 72373 319523 798999 180634 522935 860119 135260 518661 663691 432205 696615 798869 417489 129878 174591 626192 769975 739883 721753 1107944 144105 100693 534650 975684 703672 397347 690774 489518 999999999 805914 185307 853089 658614 705440 916782 622168 677456 440730 330929 1025951 366727 233883 755825 901746 589761 860950 160144 367148 832046 589170 1031389 358713 510576 235817 1049201 575182 354599 537205 1015238 982773 117183 692849 563830 340881 131327 661508 15822 434301 215809 169622 1057880 517391 299533 733905 798318 212601 923445 539858 829544 470202 135663 1054073 108204 846600 842620 635178 1169126 522724 912218 850875 152746 1025884 1123466
298491 456366 895781 115443 693100 750611 363584 865206 915417 161030 693170 823069 1050442 915659 563638 156962 400408 618376 148536 749161 852061 697980 996757 84336 72034 943489 603002 948202 903698 721484 311775 170622 537001 703030 316582 805914 999999999 871580 645457 267307 648379 868625 250806 664217 456237 520557 517430 448747 574285 105755 567225 665157 121909 727801 439142 719018 231448 439501 589977 800606 738513 745251 368084 452694 560261 397220 429120 910948 515857 764665 476751 768785 409701 798742 460984 644872 836698 587716 288894 521425 341624 997125 669223 558577 882605 956660 395827 728654 699863 697794 400518 140591 176494 709225 374293 319688 722222 723084 730211 630056
809106 592808 44634 841904 526184 121889 864048 222506 135916 830216 178960 377888 699374 269914 457312 747385 545942 614948 893938 293533 55654 174598 452816 852055 813148 566138 1067415 224990 161840 420007 985941 800105 372907 587039 568367 185307 871580 999999999 774187 675080 616372 795431 651833 583092 441716 352789 993782 474374 317950 802453 844867 492832 903139 340440 446384 734569 679220 1018402 319653 371189 150197 968894 574089 430085 475282 1010179 965775 136213 638165 437325 454238 109734 636734 200769 573864 226779 35020 1013731 588631 422247 723861 640346 202684 870511 380912 681908 490423 151087 984262 240078 824243 933873 695129 1113460 650114 913124 754325 331431 945957 1078988
859623 266699 764541 725837 259852 706151 318454 924595 713599 488197 672463 457134 478268 987430 334962 673707 736360 159360 780730 488510 797973 678536 566363 705728 653862 431638 343673 973631 907179 367106 468917 743715 466503 207892 627928 853089 645457 774187 999999999 412322 160182 231652 461542 196529 460076 559753 310370 712030 687180 542767 123201 284021 560843 898524 640460 95870 679746 397058 495696 447628 635640 196397 380367 634952 316607 422111 347863 892914 181282 371977 727173 734374 276388 858169 831618 641104 752493 288311 603790 750783 307078 446888 640622 153014 501926 377772 477719 718177 212104 784478 262587 784742 571951 353596 811489 392809 87981 887723 173128 343787
447566 189865 690209 321839 425836 562176 235921 727490 691105 160240 507353 562692 784524 786470 301761 261587 368361 356253 380471 500363 668940 513216 734270 306852 252827 676186 498067 801646 745714 457983 317202 332665 307577 437901 249552 658614 267307 675080 412322 999999999 386152 620063 55651 399068 233430 331541 406971 373003 431224 164275 368224 398166 242069 631547 320916 471311 271928 383518 363167 540808 528867 554930 110196 325512 296275 360936 341986 745162 257185 499776 397101 585805 147546 656094 461244 459479 641977 460559 217663 435254 117762 730329 477423 372065 622635 692237 189414 550767 525530 557942 230903 394137 159713 586687 417780 256107 477968 623345 535379 520325
812968 199575 605306 707201 101529 554568 389814 775907 553428 507021 525428 301542 405306 838307 197967 638298 647803 30010 766392 328555 642491 531285 429141 693000 638953 318882 490191 820538 753680 207161 547017 711769 335477 64036 552341 705440 648379 616372 160182 386152 999999999 252679 422404 37438 350288 434971 440162 611044 559663 542671 257451 124197 589395 765161 536873 128813 626374 507829 354351 290143 481361 352607 314350 528122 181725 522193 453578 738019 133513 215717 621601 582632 239292 711724 740058 498698 595939 433944 534939 638361 315116 357396 494704 287805 350616 308919 384783 569800 372285 645087 331238 779856 535143 511774 736926 464112 146541 753995 329769 494298
1059336 444629 773388 940827 291629 760609 550018 983476 700400 714777 742786 423521 282785 1043688 442477 879502 900415 278268 998003 504790 832550 748036 458982 923269 870075 297870 525173 1014972 948198 382358 698699 951937 578167 235480 804297 916782 868625 795431 231652 620063 252679 999999999 662945 262341 601514 679180 518637 862317 799837 764013 345238 335560 790127 997087 787975 149718 873990 616082 586852 425966 682175 289878 562420 778522 428443 645928 571092 927761 364496 358363 871757 787295 473900 925424 992357 724608 782756 476667 785794 886117 527041 275371 715129 370846 443502 194381 637462 783048 345559 871670 494186 1005928 776086 492557 989164 624046 147259 985670 277616 515683
398645 222922 670120 286770 451638 535529 288641 689548 678340 179160 479348 572319 813622 747238 313608 216692 313569 392959 347004 500117 641556 484958 746257 276105 222363 699533 552330 765995 712295 471655 356038 289700 294302 470020 194686 622168 250806 651833 461542 55651 422404 662945 999999999 431496 215172 301698 460963 321426 391177 157746 422710 419986 252206 585759 273688 515523 219014 432543 349268 549822 509183 609214 118848 279961 311338 407169 393346 713624 298461 515608 346360 557733 189318 618636 405956 430755 617940 515664 162337 385888 173142 757370 450950 427263 631813 724021 161418 520904 580767 518978 286287 366140 113225 641972 362399 302019 523412 577996 589383 574933
816297 209551 570870 717880 64108 525054 420315 747326 517288 527416 498245 264121 386321 809436 180387 645567 640776 56181 777670 293436 610680 503978 394369 705112 650993 290904 527530 789807 722817 170597 577056 719309 317081 38844 549912 677456 664217 583092 196529 399068 37438 262341 431496 999999999 339976 417768 476599 600482 540382 558854 294706 90308 610825 742813 526094 154635 629255 542266 331022 252739 450570 386892 319036 516359 166102 555325 487719 706427 155533 178292 609501 552965 254698 684262 731566 473752 563535 471282 534593 623910 337008 334964 468178 324975 313554 293206 379522 541825 408516 620782 362245 793154 543113 548884 733329 493803 173690 731543 364269 531729
508286 201449 457093 460948 329103 330499 435916 512175 463249 390415 277329 388106 680312 573738 165208 370356 302385 328338 520654 297891 437357 283407 562656 460471 411609 549784 670616 580270 520770 304354 546026 440018 80772 371685 226265 440730 456237 441716 460076 233430 350288 601514 215172 339976 999999999 111294 586514 260852 234507 371788 478755 286422 467019 448115 186599 473999 327439 591479 134508 365041 295742 646608 135849 178102 175612 577485 542204 517448 280748 351516 271604 355192 223838 440758 391750 231018 408793 622583 222213 291387 293527 618344 246189 496306 444547 604839 62311 322486 638823 349615 406138 550613 286558 739163 400937 476570 488760 438042 623793 687675
509309 309570 375284 501985 392559 234271 545209 401861 399910 480854 177710 396369 719098 463040 237620 407223 265078 417127 558122 287213 339905 183275 562573 508125 465376 581409 781894 472080 414554 338144 648313 468524 101093 444097 234543 330929 520557 352789 559753 331541 434971 679180 301698 417768 111294 999999999 697731 204101 127490 449772 587190 347783 551242 340374 137215 562748 347622 700460 112093 374405 219003 750391 244284 121399 253263 684701 652032 413628 384435 383456 203947 256040 334992 330298 339322 129060 318292 733687 246660 209153 403125 655177 150286 605789 445456 654761 142225 219574 745838 238325 517066 594243 344206 849541 374729 582284 579078 329933 727330 798849
798792 402086 994991 626499 538800 900682 173891 1097877 963543 367110 854106 737635 785679 1159852 538423 614970 774391 423146 665935 737860 1004078 860408 867691 597955 558805 740772 91787 1162444 1100060 633919 230115 667652 632173 500889 655544 1025951 517430 993782 310370 406971 440162 518637 460963 476599 586514 697731 999999999 779092 816063 443048 188303 546549 400029 1026019 722338 405187 655091 107168 679366 723404 844586 275373 456818 724350 521293 148727 89384 1092650 361278 652458 802303 927895 364545 1026732 865665 811892 965793 72401 622646 838487 300829 756973 821361 157681 789656 685980 569384 900975 214588 935882 182083 651520 535957 192422 811968 197759 393700 1016857 271010 116333
335040 445730 509513 387748 585132 356146 608921 420111 560666 476050 304659 599827 922125 467857 422718 299499 71883 588518 432223 488505 439916 306998 763219 405098 379466 785160 869531 504796 467129 540680 668596 337000 297362 631210 138706 366727 448747 474374 712030 373003 611044 862317 321426 600482 260852 204101 779092 999999999 157020 417613 710720 541059 522041 280203 74397 733560 223742 753781 316151 578090 380752 889568 340198 85679 435009 726965 714558 479353 530749 586593 28087 364645 448673 357388 135578 266873 440428 829121 172333 72742 480724 858413 295369 722550 647296 854775 234376 323358 873077 259877 599571 475901 290804 953347 180918 622130 747654 274865 867538 890819
492048 435469 352519 530490 509850 199125 657311 298894 405556 566273 148624 479636 816148 356063 361699 437521 228883 543004 579790 363745 286275 150535 631475 543704 510054 675690 902157 377851 329711 442012 746691 485062 224206 564370 259644 233883 574285 317950 687180 431224 559663 799837 391177 540382 234507 127490 816063 157020 999999999 521943 713074 465201 627097 213680 135504 688045 365794 810873 215190 459802 229306 877801 359285 121609 378194 791370 764865 336795 511724 484095 139424 208377 457196 228757 271402 116282 283744 855432 285405 117636 517214 751793 143857 730813 520068 760302 247789 166877 872504 128031 634213 621395 401847 973290 336083 687021 704773 203540 854759 920136
355746 351725 823082 189569 589005 683706 277398 819534 834921 76582 626636 725280 945156 873854 464621 174871 383986 512672 239660 657165 788199 631917 897760 165294 118140 839697 532581 899759 850325 621670 266962 224852 451602 597642 278963 755825 105755 802453 542767 164275 542671 764013 157746 558854 371788 449772 443048 417613 521943 999999999 470575 562289 105518 696637 391305 614318 229630 379965 506242 703128 663048 652473 269740 402174 459982 342509 358577 854512 410103 663878 445383 704224 304207 750400 460901 577835 768043 510119 245981 489251 237082 892286 600056 464603 785108 851069 314910 665653 610785 649152 306294 242196 126924 635207 388067 249116 618007 690479 636191 558688
809654 277672 840638 659373 358368 763700 214662 974084 799475 406300 723243 558572 601216 1037005 389221 620653 723192 244603 709995 572129 862144 729512 681278 635867 587109 552468 232991 1030794 965805 459387 354892 685972 505031 315625 607727 901746 567225 844867 123201 368224 257451 345238 422710 294706 478755 587190 188303 710720 713074 470575 999999999 372233 469685 926753 644025 218960 639854 274348 544242 546146 699559 186800 370557 641740 370806 301305 226574 954728 209425 472773 729675 791746 262424 904851 818545 686101 819838 176773 579195 759234 251327 569968 690488 30897 608009 500838 480470 770123 162363 822312 167277 707813 524236 269128 784401 284443 209399 916571 167935 238814
784838 214290 481144 704994 44803 436211 467350 659024 430281 542688 411729 193124 399324 720854 121605 625207 588174 128358 765669 204489 520511 417304 346927 695965 642337 279559 604652 700020 632985 87501 620217 698708 247057 101756 508482 589761 665157 492832 284021 398166 124197 335560 419986 90308 286422 347783 546549 541059 465201 562289 372233 999999999 627604 661845 467142 243829 598719 601965 251346 177267 360922 476613 301551 455547 114893 609669 546726 616307 195449 111677 546934 463971 267849 597069 675140 390170 473251 548621 498132 556715 361725 340033 382550 401375 249172 318959 335840 454350 495991 537462 412196 786125 526114 633276 687117 536935 263219 650458 453851 611002
418881 413323 922195 236853 649033 785508 257554 924943 929603 84977 728733 801500 994686 979367 541246 258524 485291 559977 268147 742422 890697 734145 970604 206059 180519 898969 483543 1004948 954983 694676 189901 288708 545119 648841 383629 860950 121909 903139 560843 242069 589395 790127 252206 610825 467019 551242 400029 522041 627097 105518 469685 627604 999999999 801568 496818 642416 324103 318194 600472 780074 761363 640178 352250 507607 533993 275493 310918 958664 456237 734202 549927 806703 360533 855676 557622 679943 868996 471366 351032 594002 274294 945646 701356 457044 861468 897405 413220 768661 591061 754472 303089 251491 231331 590644 478487 203589 642887 795546 626849 510802
561825 649144 384976 657962 705468 273921 863425 173256 469853 751609 264904 635598 977822 201921 568161 575253 330315 750663 695130 521782 286590 261133 760183 678592 657523 836984 1113260 255902 245152 623739 940464 601880 432454 763173 417975 160144 727801 340440 898524 631547 765161 997087 585759 742813 448115 340374 1026019 280203 213680 696637 926753 661845 801568 999999999 312194 893974 498838 1014733 411819 619560 346402 1090469 569694 306144 585541 992161 970921 269520 724759 660315 252137 258583 670074 144446 304394 273273 318742 1067504 450656 207704 725677 914277 286752 944373 662803 935276 456687 238110 1086072 129584 843936 740979 570249 1186331 400043 887064 911422 11513 1067355 1131869
377310 374987 477245 396519 511089 324820 555353 428742 518171 441245 269108 533102 850758 482549 348421 302811 128000 514600 447596 424405 419246 272715 699765 408734 374552 714796 811679 510253 464556 469342 628385 353767 225071 556839 124242 367148 439142 446384 640460 320916 536873 787975 273688 526094 186599 137215 722338 74397 135504 391305 644025 467142 496818 312194 999999999 659888 232886 704410 248517 510950 335322 820573 274137 17212 360621 680583 662316 472260 459266 515665 86734 338470 381610 360609 208203 225055 411515 769162 150316 116535 421848 787294 252964 657276 582658 781848 164204 297062 806292 259320 541093 488056 268397 891914 237571 575425 674204 304655 798305 831987
913259 301179 719978 791481 208417 679622 408750 901961 660252 565919 652625 391727 382401 964060 326489 731659 766161 146072 848450 442147 763991 658396 482860 773671 720564 340759 432593 943839 876794 315973 561873 803692 463846 148032 664906 832046 719018 734569 95870 471311 128813 149718 515523 154635 473999 562748 405187 733560 688045 614318 218960 243829 642416 893974 659888 999999999 729069 492924 483024 385944 604743 245328 419415 652073 309859 517572 443505 859864 217986 310114 745543 707496 326204 838753 859860 627029 716275 378440 644368 764171 377400 351808 622307 248437 430015 281908 502968 696400 280081 773649 351209 856210 628400 429102 850052 483957 19938 882807 224448 429919
