NAME : synthetic_000845
TYPE : CTSP-D
DIMENSION : 100
GROUPS : 8
RELAXATION_LEVEL : 1
EDGE_WEIGHT_TYPE : EXPLICIT
EDGE_WEIGHT_FORMAT : FULL_MATRIX
EDGE_WEIGHT_SECTION
999999999 477120 586831 194568 558602 352819 766256 391357 743885 806539 172662 57238 310886 829075 726959 803918 782481 861317 928029 444312 742269 505598 644544 686502 184653 801108 532982 297494 732909 198416 427820 777979 976269 444468 563201 264909 504463 676383 752528 77352 546377 871369 867902 854040 854558 539035 475930 772723 283757 872667 695733 219174 90068 150094 388320 255209 473776 678414 359985 434475 836260 804758 419586 507943 217515 422385 466900 371618 729207 801712 424516 608480 296138 485617 332939 895304 535626 974242 721660 602681 457776 236582 338383 259467 819341 496581 263676 152472 680388 474503 414820 561442 141908 471336 345244 516651 670758 809239 794342 368859
477120 999999999 168008 615364 485750 206952 550743 399673 590732 329421 428688 422015 207676 361023 322165 534347 402126 429946 472668 450320 282624 162429 195949 262119 532779 454685 413081 673132 280833 296951 723107 454031 506744 289291 290213 490711 674212 203958 525225 438587 573212 513657 546999 430910 472004 140548 301041 418577 423235 549637 290082 360197 416002 516367 378740 622482 50348 400349 408314 367277 546775 330482 165447 286444 528512 334788 117635 409211 499012 329879 451856 368717 227978 427801 380070 599805 478519 501056 254082 330900 541463 420527 529959 381383 422127 657807 462320 324648 207414 272596 772564 89639 500291 779537 171608 266603 337699 412161 392476 128808
586831 168008 999999999 688610 406232 372131 408901 380945 465121 275723 573975 537247 278243 254759 156299 378624 234296 277907 476434 412674 163420 315919 67588 102166 594603 287670 332100 723496 148989 389725 739035 290201 478407 455941 173545 523575 651784 136853 381948 532067 515000 345655 381228 274305 304950 48029 238247 251397 583668 383572 123570 511945 543008 587186 546457 675829 133664 253586 403097 535035 386079 304578 333300 203756 676633 502624 280819 399143 357291 314404 619774 515921 384166 370017 386780 436483 407105 461409 268472 474389 709227 463046 691921 539503 256639 634640 619634 440246 218337 436389 806917 107524 638169 794631 332284 423787 458638 246480 227471 288063
194568 615364 688610 999999999 532713 531237 763691 385572 718708 938133 365547 242393 416902 942149 807584 819317 847203 946409 1083915 416895 851463 676137 753163 779748 99721 849209 533617 109222 837501 318708 257102 818705 1122105 633725 616474 206384 379246 799593 756433 185241 479091 918785 899178 934851 914750 641301 516458 826795 476870 904491 779644 413039 283828 101478 582824 83159 598876 712731 349852 628487 856817 945112 593000 556253 388803 615209 631406 360840 737267 945198 617980 797906 473430 473435 340019 913370 508621 1115667 868774 788966 645396 236781 519695 454032 889049 377059 452613 311840 822764 661389 223523 689815 318024 290899 514291 701180 852041 879614 868116 528263
558602 485750 406232 532713 999999999 598444 235024 167729 187858 671091 659151 541701 360663 615494 422250 303678 413971 543227 881134 117463 534050 641863 464652 436912 438972 380870 74755 502660 510217 415056 438487 341122 873676 723709 235702 327457 292820 541011 233042 481258 120572 440411 397529 523240 460802 384581 184735 374213 731785 403184 411056 637851 578690 456793 762706 473801 436681 243710 198788 778353 344566 707231 607102 206295 749614 748090 589562 187076 219630 718786 832627 844144 567975 76462 226722 395388 24126 851904 674060 810489 906809 324656 831068 685199 459404 277074 744508 487999 623045 723748 534197 490092 681259 484064 551787 734368 823441 453150 451749 522187
352819 206952 372131 531237 598444 999999999 718883 464091 740848 501762 247371 296336 240343 555219 527948 717505 606010 636200 585643 525699 484425 156381 402460 468881 473986 653750 535763 615352 485294 246023 705971 648208 644301 128715 457862 477342 707543 399026 695751 346850 655517 715862 742975 637722 677080 336918 428421 618278 218649 746113 495483 172096 269868 446937 178734 565232 239720 579544 456225 181933 735518 485849 70351 432095 337858 150465 130667 462330 669075 478154 253070 279572 57807 526815 420704 791395 584129 647926 396336 262245 340205 407454 323643 180519 628203 693356 260754 221162 365754 141131 728522 292508 326768 759544 47576 173160 320806 618143 598702 87677
766256 550743 408901 763691 235024 718883 999999999 382780 93526 611992 838640 739613 509250 526469 334609 86650 281171 408383 831508 347118 468993 712307 440717 381129 667428 216966 234646 737654 443985 595182 667643 177924 799321 830488 262887 557334 509017 514773 27389 690315 331594 250901 186583 384861 294148 414740 304709 232380 892142 191951 342817 801981 769606 681823 895975 707942 501807 155400 417919 899425 126158 660058 705221 289311 936768 867053 667857 406295 51938 676572 969751 917707 704657 290748 437372 165774 258326 770894 657579 877922 1052723 543031 998323 844398 317901 495320 913993 668469 613628 819961 765987 515191 874925 709450 671674 817316 867385 316373 325306 632641
391357 399673 380945 385572 167729 464091 382780 999999999 352708 656376 494590 374129 225244 626741 457046 433988 479220 593565 847457 62953 536778 537967 447950 447498 287103 470346 149023 379181 516775 254135 362190 437098 858106 592595 252305 181219 276666 515293 373068 314083 191777 538471 514294 578039 541454 343147 152309 451830 573062 519671 435034 478932 411938 299373 615842 340521 357488 330506 35736 637532 471253 681363 486690 194311 582908 609203 483799 24968 352712 688600 682616 729160 425088 94536 59033 527998 145465 842167 628744 700490 751950 160589 668947 527595 523674 259865 582327 325127 576831 599031 440488 433462 513833 416600 420276 617517 728093 515157 507207 399070
743885 590732 465121 718708 187858 740848 93526 352708 999999999 689302 834002 723671 515894 609311 413393 179960 368349 498018 908503 305312 545619 753100 505858 453263 626255 307962 216936 681345 520396 588302 597750 267686 881456 859061 301560 514563 432632 582293 113622 666694 259850 344422 279148 474758 386584 462424 313298 319911 897730 284399 416959 805133 758091 644601 914106 656371 540551 221102 385437 922767 218387 735071 735816 310388 928189 891027 705261 373644 125224 750550 986642 959392 719625 258281 410949 251099 211850 854182 724679 921449 1066034 511809 1000946 850263 407367 420255 915080 662150 678180 852524 698485 567566 862191 635887 693272 854789 918702 405035 412290 657437
806539 329421 275723 938133 671091 501762 611992 656376 689302 999999999 745213 751298 521668 108284 277383 550948 342343 258192 219540 687910 143685 365174 209967 238650 849990 416118 599236 985515 168911 622695 1012097 444312 203432 519661 435722 790564 927235 142419 585187 766096 785101 434326 502746 277012 372967 314380 513102 388078 715697 501913 272680 671875 743279 837419 635014 936150 339315 468971 677394 602094 538174 54916 435912 476468 839412 575493 371830 673980 566434 75276 696712 488746 541024 642881 658835 567394 675200 185797 122550 446210 784495 725641 812710 681559 322917 910082 760475 654067 136600 484914 1075549 248450 821280 1068057 482623 448135 383361 318688 302044 446802
172662 428688 573975 365547 659151 247371 838640 494590 834002 745213 999999999 141574 334048 789213 727387 860343 795878 850806 830823 555084 710816 401663 619502 675995 352236 829274 617088 470069 707194 245700 598375 813890 891541 301141 601734 412884 659841 631781 820496 221191 672703 897192 908281 848235 869106 529910 534416 796718 111336 912386 694574 75765 93540 317894 223243 427659 443801 725320 470203 272957 887055 732207 317351 556217 103264 267194 377355 480605 795017 725107 252435 459823 204282 582796 436673 945961 638516 895273 643251 461820 287361 364537 178271 95180 826160 649978 94877 171873 610519 336555 587280 518324 80827 643302 262783 382758 538781 815853 798265 301340
57238 422015 537247 242393 541701 296336 739613 374129 723671 751298 141574 999999999 264940 776327 680634 772212 739186 813370 870849 431182 690444 448517 593286 637885 212773 761443 509201 339494 681918 154255 459676 740238 919536 391832 524861 272675 518869 622586 724320 79617 541849 831380 831740 806966 811803 489774 442623 731892 248113 836339 648941 172657 48171 179041 343602 293670 420757 643237 345665 387422 802974 748597 362624 471854 211575 373048 409664 356849 700169 745281 386231 556054 239358 466709 315099 862190 519591 917832 665026 548680 428418 230063 317797 217327 774735 509366 236387 98214 624212 420635 456834 507348 139908 506558 288013 461919 615266 764551 749023 311899
310886 207676 278243 416902 360663 240343 509250 225244 515894 521668 334048 264940 999999999 527695 416210 526559 474531 550553 680003 285940 438166 319903 339548 376276 328743 499978 302780 466962 426435 112498 517104 481824 709862 368209 268039 283599 483970 382698 489552 253829 415780 569269 575479 543158 547348 230214 205148 469138 383352 579741 384864 292743 279752 315873 402330 416701 183207 391286 221765 418118 553014 531355 262138 222773 435650 388365 266081 226260 463581 533094 473133 504717 207352 287420 188109 611951 345101 701318 460333 477496 550438 212939 489074 335646 509796 468500 404956 173291 411639 373791 564913 273941 382724 573390 195436 393075 511515 499613 484172 174578
829075 361023 254759 942149 615494 555219 526469 626741 609311 108284 789213 776327 527695 999999999 198155 458742 248040 150580 313984 649360 91448 435797 189004 181252 849013 320234 547691 978158 109967 636190 988318 352461 272862 593380 386428 777606 887584 157452 500539 780166 733745 330805 401858 170448 269135 301190 476447 296043 773479 400546 204523 719092 774888 840671 704749 930586 355572 393872 652110 677065 441811 163090 495120 436213 887813 648272 430696 646952 484402 183535 770819 582632 586402 598382 638771 466369 623008 244872 217785 539182 860311 717792 875510 735362 222040 870488 815921 678115 211370 561517 1059766 271759 861304 1043197 528328 529499 483075 219312 205081 487984
726959 322165 156299 807584 422250 527948 334609 457046 413393 277383 727387 680634 416210 198155 999999999 276753 84487 138975 496908 469351 134753 458050 138754 64266 709680 152472 358207 827240 110089 528564 817819 171771 468467 605872 205424 623941 703114 195743 307821 666038 542045 197382 247493 127911 150164 197610 305018 118486 739928 248435 32914 667126 690810 707703 700763 782951 289954 195814 486770 686757 269857 326012 485997 262858 830421 654681 429749 479675 289509 343116 773524 647450 540291 413847 480540 309462 431872 442142 333621 604230 863383 573032 848219 695602 100350 686228 775560 585844 296577 583221 897265 247170 788910 870946 488562 565199 572983 90224 71264 444347
803918 534347 378624 819317 303678 717505 86650 433988 179960 550948 860343 772212 526559 458742 276753 999999999 210703 331092 769297 407568 410802 692097 398351 331382 721091 140061 285807 801852 386583 622336 741605 106713 730758 821216 262400 613612 587858 467634 73880 729912 409670 165070 100421 307308 212012 394183 329675 163177 904101 105901 291643 817113 798073 732307 896171 768933 488016 138259 469717 894577 41511 601505 695545 304163 961035 861908 651844 458566 84216 619168 970474 894341 710181 347630 484143 94060 325338 700938 608781 852991 1056204 590950 1012086 856586 242042 573490 929847 693835 568448 806828 837876 486093 903348 785603 671396 799236 834306 242120 254009 629948
782481 402126 234296 847203 413971 606010 281171 479220 368349 342343 795878 739186 474531 248040 84487 210703 999999999 132200 559432 480532 206803 541872 223196 148721 747928 73890 359800 856868 184492 585311 832582 104628 520279 688219 231041 654651 704284 277924 256346 717498 534296 113145 165601 110425 73259 270585 332446 48793 814790 165999 113430 738707 753206 749486 780743 815219 366489 170996 511843 768422 195840 394349 567032 291443 899141 736165 512194 503307 243478 412812 853981 731930 614754 421030 511375 229115 427778 490881 412032 688691 943508 610528 923559 769586 45668 687893 848742 647095 377914 666414 917900 330467 853834 883577 565032 649232 656483 39309 44135 520862
861317 429946 277907 946409 543227 636200 408383 593565 498018 258192 850806 813370 550553 150580 138975 331092 132200 999999999 460782 601855 162050 541618 234005 175937 848618 191825 485191 965822 153474 663036 952570 230605 408121 697130 341260 762529 831042 252437 384873 802400 663790 185454 259967 23809 124805 324280 442271 178933 853173 257831 167233 786689 820675 846360 801001 921780 407299 302101 624133 780374 307143 313107 585494 400108 952998 749529 524078 616660 374018 333390 871310 710633 656282 544195 618984 323277 555755 376077 357014 666744 961663 712006 959727 810894 90652 814417 891710 717160 337684 669515 1034053 344152 916010 1004907 601261 643852 619416 93584 91523 557726
928029 472668 476434 1083915 881134 585643 831508 847457 908503 219540 830823 870849 680003 313984 496908 769297 559432 460782 999999999 885943 363023 429530 416584 456263 1004687 632717 807706 1145663 388212 765691 1191343 662584 94415 553157 645694 961503 1123092 340244 804723 902213 991432 644315 715842 482419 582668 506560 713350 606148 773557 714511 491581 755070 852024 986754 668791 1094918 500752 687818 863974 624065 754731 174853 515364 680163 911787 605986 461720 862285 785924 162348 714137 456544 637251 846128 840764 780341 883157 124367 220757 423973 791901 892300 853587 750355 535951 1106066 821198 779708 271772 514311 1244782 415642 911243 1247810 583706 468121 338950 532900 517696 559842
444312 450320 412674 416895 117463 525699 347118 62953 305312 687910 555084 431182 285940 649360 469351 407568 480532 601855 885943 999999999 561450 594053 477997 468250 321992 462009 125662 394450 539904 316482 352067 425633 890989 653986 264892 210844 239429 549147 341275 367040 129854 527386 494882 584504 537518 379386 174872 447936 635385 500431 450849 541300 470674 339340 678740 361747 405672 320324 85551 700076 446906 716625 546040 213391 641421 671550 540049 74629 323907 725256 745567 788107 487616 61527 118487 501244 93477 873104 669645 758405 814680 208614 730344 590126 525945 222270 643779 386736 617635 659451 439911 476001 571090 403323 481348 676578 782894 518190 512621 458574
742269 282624 163420 851463 534050 484425 468993 536778 545619 143685 710816 690444 438166 91448 134753 410802 206803 162050 363023 561450 999999999 380670 98628 97334 757917 280315 464125 886721 25229 547746 897857 304820 341199 537138 301118 686185 800399 90691 442054 691384 650575 309649 371673 171797 251140 210198 387526 249506 702946 371621 129173 642818 691258 749994 643541 839199 270753 325367 561524 620698 401227 191262 429324 348061 811097 590344 366405 556603 422928 208456 712630 549493 510472 512193 547626 435696 539959 318028 206893 505604 802881 626393 807599 662672 197207 783263 743612 592366 179083 508528 968548 193289 780683 952923 453402 481969 461970 190616 171379 411322
505598 162429 315919 676137 641863 156381 712307 537967 753100 365174 401663 448517 319903 435797 458050 692097 541872 541618 429530 594053 380670 999999999 320202 394120 609447 601769 570833 752477 388442 369739 827578 606109 490909 157649 452596 593648 803773 290060 686508 490950 721184 655008 696345 548173 606899 298683 458256 565432 354433 698446 428586 325908 425219 585758 270315 701555 212549 560451 539761 241409 701667 340980 86575 447197 486503 212520 54193 542975 660464 330733 335026 206299 210147 579301 507339 752384 632666 496717 250253 169304 424584 521695 448001 325161 553865 788187 400780 364552 229632 127904 861618 211779 481868 882942 162030 107925 191617 544609 524104 153265
644544 195949 67588 753163 464652 402460 440717 447950 505858 209967 619502 593286 339548 189004 138754 398351 223196 234005 416584 477997 98628 320202 999999999 74488 660100 288032 391582 790211 88782 449370 806574 300022 413280 470676 229111 590812 717372 77604 413342 592872 576516 336124 383618 235390 286703 112369 303157 252328 619169 385020 111837 553755 595647 651686 569986 742258 176139 286883 470539 552697 398864 242629 354178 266685 720973 521069 295040 466450 390543 254287 641566 508961 422663 433217 454366 443626 467314 395171 218862 465880 731824 529601 725832 576996 233785 700216 657860 495405 173007 446410 874394 112071 687274 862131 367296 426897 438042 224444 203975 323877
686502 262119 102166 779748 436912 468881 381129 447498 453263 238650 675995 637885 376276 181252 64266 331382 148721 175937 456263 468250 97334 394120 74488 999999999 683631 214743 367541 807301 73319 488559 809639 229644 438371 543022 205335 604837 706332 136296 353827 629376 553932 261641 310244 172245 213055 148376 296143 179542 683127 311451 39826 613297 644741 678776 639761 761196 233893 232168 474260 624400 328607 282053 424381 255392 778543 592492 366973 468474 332916 297290 712072 583294 484401 417191 463423 371172 443229 415353 277782 540128 802136 548958 790843 639640 161049 689237 720093 541388 237283 519721 884002 183913 740311 864068 431067 501108 510238 151386 131196 387010
184653 532779 594603 99721 438972 473986 667428 287103 626255 849990 352236 212773 328743 849013 709680 721091 747928 848618 1004687 321992 757917 609447 660100 683631 999999999 749488 435750 143087 743087 241400 246914 719042 1038167 587203 517063 111741 324643 709846 659273 136335 396196 819070 799927 836633 815208 547823 416827 727147 460741 805217 682221 383071 260433 34604 553452 92108 511939 613139 251374 594474 758219 859949 530017 456782 401091 576766 561437 262580 639551 861239 598873 749567 417034 376702 240375 815098 414850 1030039 786851 735884 639527 137407 522783 429485 790005 318537 445888 253731 739269 610784 254562 602668 325726 294760 450129 646922 792417 780630 769407 457624
801108 454685 287670 849209 380870 653750 216966 470346 307962 416118 829274 761443 499978 320234 152472 140061 73890 191825 632717 462009 280315 601769 288032 214743 749488 999999999 337048 849403 257544 607284 812138 41554 591355 743499 238262 650238 673688 348190 194358 732438 498828 70412 95586 168160 81460 317081 333619 36346 856588 97094 176196 776399 779638 754435 830876 810528 414664 141685 504780 821920 122097 468234 620093 296079 932282 789380 568469 495147 186402 486700 904780 796318 657177 400760 509531 157017 397744 561199 484573 753495 993437 613056 965630 810355 102054 657879 888012 673188 448900 723922 901920 390130 882552 860930 610680 709633 724946 102136 115187 566970
532982 413081 332100 533617 74755 535763 234646 149023 216936 599236 617088 509201 302780 547691 358207 285807 359800 485191 807706 125662 464125 570833 391582 367541 435750 337048 999999999 518776 440789 371395 475294 300151 802278 658937 163585 327806 345929 467467 224084 456537 186451 401839 370024 466523 413731 309829 112578 324606 682041 375533 344154 588996 542148 448370 704436 483982 363605 195491 184597 717038 323971 634201 539892 131561 711767 686111 519173 173225 203804 645375 775790 774440 509264 64135 202726 379863 75984 781303 599582 739885 852919 308589 784449 634760 405454 329251 698423 445254 548473 656977 565148 415388 646745 524900 488544 665503 750561 398266 394480 456560
297494 673132 723496 109222 502660 615352 737654 379181 681345 985515 470069 339494 466962 978158 827240 801852 856868 965822 1145663 394450 886721 752477 790211 807301 143087 849403 518776 999999999 870333 384323 152976 815469 1176680 725364 626930 203301 297996 844162 734221 271066 427744 917111 888798 951982 920415 677978 525069 830895 581248 894309 801863 512115 384164 168445 682981 51076 649735 708937 345382 726763 841346 997922 672627 566859 497832 711298 704517 354525 717954 1000016 721962 888729 558008 455216 346885 895303 479356 1167368 926907 876583 752743 260686 628164 555508 900662 299639 559258 394301 878573 750498 117494 739879 426416 182087 592797 787834 934725 891802 882492 600707
732909 280833 148989 837501 510217 485294 443985 516775 520396 168911 707194 681918 426435 109967 110089 386583 184492 153474 388212 539904 25229 388442 88782 73319 743087 257544 440789 870333 999999999 537084 878411 280903 365944 543667 278231 669041 778512 101466 417011 680164 627205 289853 349904 160029 232642 196724 366601 225995 703288 350054 103991 640484 684416 736103 647900 823247 264576 300145 542269 626900 377862 216120 432681 326593 808234 596080 370809 537034 397775 233044 717942 562917 508690 489792 529410 413606 516517 342316 227685 519089 808288 610453 808907 662093 178260 761393 743052 584103 196394 516298 950454 192816 775662 933249 452375 491625 478584 170995 151170 409572
198416 296951 389725 318708 415056 246023 595182 254135 588302 622695 245700 154255 112498 636190 528564 622336 585311 663036 765691 316482 547746 369739 449370 488559 241400 607284 371395 384323 537084 999999999 461367 586593 803625 370319 371240 231320 466240 487176 578145 144165 440884 677168 678691 655629 657785 341756 293097 577638 318935 683206 497318 224824 175738 221201 370127 333250 284129 491056 234698 398914 651747 627233 293733 319661 341677 374132 320548 243774 553206 626819 432905 525569 193935 338594 199095 710975 395218 797845 550072 506456 498688 161961 416055 273719 621447 452961 329466 73868 504345 387044 491926 374451 281046 515765 214381 417648 556238 611307 596169 216924
427820 723107 739035 257102 438487 705971 667643 362190 597750 1012097 598375 459676 517104 988318 817819 741605 832582 952570 1191343 352067 897857 827578 806574 809639 246914 812138 475294 152976 878411 461367 999999999 774419 1210990 825585 612405 234396 173129 869796 669572 382653 338077 875553 835956 935817 888938 697826 514246 799578 707518 841607 796826 629439 507224 280783 799217 177175 690775 670751 336361 838797 782740 1032310 754781 555973 638884 819526 775940 341379 657866 1037365 845771 985095 651116 412238 353297 831858 418139 1197465 970589 967569 885230 306314 765480 676276 877960 181382 691208 492001 919818 846008 102886 776486 565045 56483 675713 878604 1016619 870127 864121 674498
777979 454031 290201 818705 341122 648208 177924 437098 267686 444312 813890 740238 481824 352461 171771 106713 104628 230605 662584 425633 304820 606109 300022 229644 719042 41554 300151 815469 280903 586593 774419 999999999 624882 743293 215385 617827 633875 365618 154309 707773 458387 101818 95269 207198 122955 314121 305669 56511 846271 98928 189890 763747 760544 725332 826398 777618 411269 106598 471995 820038 98993 495123 618649 270366 916477 787374 569871 462018 145147 512961 900600 804373 648009 364174 478686 146284 358594 595500 505206 762112 988411 583446 955216 799514 140023 618194 875999 654322 466712 725649 865291 395884 864387 822616 603910 713987 738023 138509 148480 560779
976269 506744 478407 1122105 873676 644301 799321 858106 881456 203432 891541 919536 709862 272862 468467 730758 520279 408121 94415 890989 341199 490909 413280 438371 1038167 591355 802278 1176680 365944 803625 1210990 624882 999999999 625964 638698 985879 1130187 342814 773333 944108 988330 593568 667780 431172 532735 515092 716280 568599 842323 665812 469344 815963 904766 1022862 743020 1126546 526955 663865 877962 700689 711829 179131 574191 679880 977249 680309 515847 875029 756825 176983 792712 542125 692485 846312 857879 731371 878261 35372 254763 507089 873236 918917 927533 815716 490831 1113042 889517 825291 299344 587505 1270829 437239 971045 1267197 636471 542758 424314 489418 476750 607847
444468 289291 455941 633725 723709 128715 830488 592595 859061 519661 301141 391832 368209 593380 605872 821216 688219 697130 553157 653986 537138 157649 470676 543022 587203 743499 658937 725364 543667 370319 825585 743293 625964 999999999 567629 600837 834776 446792 806186 454300 783836 800779 836237 702613 755895 429393 549330 707279 223108 838825 574967 231003 355191 557698 117492 676511 333390 685033 584935 83778 835344 490891 125721 548724 365383 55915 176123 591039 779588 478438 177614 164224 176387 653298 549387 888930 710233 636525 400914 160828 266943 532278 301573 209052 703976 820830 270859 334233 385747 38882 840906 359146 380498 877945 172882 85925 238959 694393 674112 202507
563201 290213 173545 616474 235702 457862 262887 252305 301560 435722 601734 524861 268039 386428 205424 262400 231041 341260 645694 264892 301118 452596 229111 205335 517063 238262 163585 626930 278231 371240 612405 215385 638698 567629 999999999 424160 501520 305906 238650 494176 349847 308660 307837 325955 298507 162015 101860 211919 641825 312234 185959 555601 545551 519475 635991 584551 240448 124610 283211 637374 285924 471582 442335 60407 703654 604888 406314 275489 212014 483381 710134 658812 448040 211998 280617 344514 239569 617806 441872 620309 794891 379708 749994 594370 273997 484468 668337 439539 391880 557290 692793 268684 649778 665550 411091 556035 617727 264981 255684 370904
264909 490711 523575 206384 327457 477342 557334 181219 514563 790564 412884 272675 283599 777606 623941 613612 654651 762529 961503 210844 686185 593648 590812 604837 111741 650238 327806 203301 669041 231320 234396 617827 985879 600837 424160 999999999 247487 648344 550111 194650 288055 718912 695452 748783 719356 479187 322351 630192 513126 700842 598680 425407 319741 133446 588654 160658 461010 511305 145907 623152 651568 806751 522537 363935 479880 600769 541725 156260 531183 810461 643651 756870 424615 267088 143693 707667 303332 974448 740964 737106 696256 71981 590330 474895 698109 237146 507596 274148 690955 618351 285080 548987 404802 290350 444286 648534 783388 689139 679507 440824
504463 674212 651784 379246 292820 707543 509017 276666 432632 927235 659841 518869 483970 887584 703114 587858 704284 831042 1123092 239429 800399 803773 717372 706332 324643 673688 345929 297996 778512 466240 173129 633875 1130187 834776 501520 247487 999999999 787955 514335 439737 178200 732561 685579 812109 753465 617111 414294 666226 760570 691236 686886 672176 566438 357525 832753 297523 633542 535555 266103 864570 629362 955142 743007 452474 721878 840337 749803 265042 506025 963241 889934 983918 659063 289716 296713 674718 276814 1112512 905082 959547 943740 306634 836613 721855 749925 17159 754669 518492 853116 847974 275972 710002 646288 204073 669093 873045 995328 743143 740125 656600
676383 203958 136853 799593 541011 399026 514773 515293 582293 142419 631781 622586 382698 157452 195743 467634 277924 252437 340244 549147 90691 290060 77604 136296 709846 348190 467467 844162 101466 487176 869796 365618 342814 446792 305906 648344 787955 999999999 487388 631273 651439 387522 442907 260883 332247 172422 375007 314040 617619 443629 176106 561697 619162 698467 554270 795080 203275 362318 535523 530437 464464 167725 341253 340441 730409 500301 277591 532370 465314 177944 622733 461484 429001 506833 516507 505198 542924 327714 142850 417671 712902 583922 720945 578701 277757 770828 659431 524479 101095 417884 933260 115466 704180 925805 371011 391417 379235 269811 249466 330532
752528 525225 381948 756433 233042 695751 27389 373068 113622 585187 820496 724320 489552 500539 307821 73880 256346 384873 804723 341275 442054 686508 413342 353827 659273 194358 224084 734221 417011 578145 669572 154309 773333 806186 238650 550111 514335 487388 999999999 677115 336206 233261 173762 361503 273144 388561 286081 207628 871764 179322 315599 782231 753172 672439 873268 702971 476535 128367 408556 875858 115317 633036 680759 268146 919359 843416 642512 397086 26677 649471 947187 891680 682775 283026 426147 162472 255506 745154 630197 851724 1030719 532477 978418 824031 294241 500106 894505 651071 586245 795104 766689 488425 858581 712848 648679 791828 840518 292267 300455 609185
77352 438587 532067 185241 481258 346850 690315 314083 666694 766096 221191 79617 253829 780166 666038 729912 717498 802400 902213 367040 691384 490950 592872 629376 136335 732438 456537 271066 680164 144165 382653 707773 944108 454300 494176 194650 439737 631273 677115 999999999 470900 802834 796386 793786 788784 484038 403673 705192 326808 801256 635627 246839 127727 104305 417117 222580 428118 606616 282635 458416 763028 769014 407801 437411 285632 441375 446760 294266 654132 767766 463467 617775 289099 408413 255791 821904 458274 939518 689674 606526 507860 159811 396919 293738 755811 430537 315996 126617 645393 479829 387025 518163 211063 431094 329059 518125 667548 745841 731798 344125
546377 573212 515000 479091 120572 655517 331594 191777 259850 785101 672703 541849 415780 733745 542045 409670 534296 663790 991432 129854 650575 721184 576516 553932 396196 498828 186451 427744 627205 440884 338077 458387 988330 783836 349847 288055 178200 651439 336206 470900 999999999 555821 507466 643740 579433 488046 280693 493834 758493 513120 529708 664819 584573 421221 806815 408662 526613 363677 206200 829248 451171 818820 675372 311339 753423 800979 667414 197527 327925 829313 872590 917105 616827 147337 242017 497059 110745 967652 779838 886738 939476 312038 849938 714214 579646 163924 763805 508470 728153 789167 438639 590151 680612 378027 611198 805692 908585 573520 572302 588028
871369 513657 345655 918785 440411 715862 250901 538471 344422 434326 897192 831380 569269 330805 197382 165070 113145 185454 644315 527386 309649 655008 336124 261641 819070 70412 401839 917111 289853 677168 875553 101818 593568 800779 308660 718912 732561 387522 233261 802834 555821 999999999 76200 162636 61673 379093 403715 100484 921694 73278 226478 842986 849015 824420 891743 878935 476158 208180 573202 880559 131436 488447 678920 366439 1000325 848205 624878 563356 232318 507981 965269 844442 721851 465903 578902 137985 458721 561384 516538 801085 1054501 682879 1030684 875844 112772 717143 954122 742551 485948 779372 966921 443532 951572 923273 673824 762376 766754 119042 138688 629828
867902 546999 381228 899178 397529 742975 186583 514294 279148 502746 908281 831740 575479 401858 247493 100421 165601 259967 715842 494882 371673 696345 383618 310244 799927 95586 370024 888798 349904 678691 835956 95269 667780 836237 307837 695452 685579 442907 173762 796386 507466 76200 999999999 236669 135162 407832 392765 131512 941530 5663 271782 858799 853356 808370 920957 853480 505280 189798 549836 913737 60803 556089 712087 360138 1010679 881111 661902 539227 179553 575150 995094 891763 743260 433702 560097 64655 417967 635999 577555 848995 1083139 666246 1050467 894752 180113 670866 971120 747376 543286 817579 930544 484958 957607 881335 698900 804259 820348 184065 201409 655649
854040 430910 274305 934851 523240 637722 384861 578039 474758 277012 848235 806966 543158 170448 127911 307308 110425 23809 482419 584504 171797 548173 235390 172245 836633 168160 466523 951982 160029 655629 935817 207198 431172 702613 325955 748783 812109 260883 361503 793786 643740 162636 236669 999999999 101563 319553 427483 156244 853711 234643 158334 785317 815620 835230 804722 908490 405741 281139 609156 785519 283384 331840 588942 385423 950782 754359 528431 601412 351002 351955 875679 721283 655795 526258 605111 300223 536272 399336 371806 677396 966024 699677 960836 810814 67515 795562 891461 711398 349830 675933 1018400 346876 912138 987780 601568 651654 632411 71301 72057 557750
854558 472004 304950 914750 460802 677080 294148 541454 386584 372967 869106 811803 547348 269135 150164 212012 73259 124805 582668 537518 251140 606899 286703 213055 815208 81460 413731 920415 232642 657785 888938 122955 532735 755895 298507 719356 753465 332247 273144 788784 579433 61673 135162 101563 999999999 342900 398496 89786 887115 133081 181923 811663 826266 817980 850720 880003 438015 218707 575043 836908 184240 427230 636135 358537 972366 804843 579783 565958 267026 446869 923601 792048 687116 476769 576898 198688 476962 500852 457695 748449 1013395 677977 995772 842119 54495 737501 921462 720091 429021 732769 977019 396916 927045 938553 636754 713488 711047 62762 83348 592541
539035 140548 48029 641301 384581 336918 414740 343147 462424 314380 529910 489774 230214 301190 197610 394183 270585 324280 506560 379386 210198 298683 112369 148376 547823 317081 309829 677978 196724 341756 697826 314121 515092 429393 162015 479187 617111 172422 388561 484038 488046 379093 407832 319553 342900 999999999 207740 281436 544246 410682 164736 469686 496412 539842 513799 629923 97600 261828 363115 505971 406236 338311 304534 178451 632876 473325 257745 359965 362806 346133 587742 503178 344226 341257 344690 459543 382878 500018 291855 463185 676362 417323 652979 499236 297128 600030 578749 393059 240110 413108 763362 107108 592626 753724 294801 405269 456277 286849 268714 250751
475930 301041 238247 516458 184735 428421 304709 152309 313298 513102 534416 442623 205148 476447 305018 329675 332446 442271 713350 174872 387526 458256 303157 296143 416827 333619 112578 525069 366601 293097 514246 305669 716280 549330 101860 322351 414294 375007 286081 403673 280693 403715 392765 427483 398496 207740 999999999 310340 588498 397674 282729 497587 468730 420852 600811 482823 251967 202969 181874 610306 360600 542691 428745 42182 633549 578848 406645 174659 260665 551930 673387 662003 406407 133578 178931 419761 178734 698234 499570 627315 753426 279820 693993 540787 375757 397135 609383 365426 447761 545940 592247 309639 574110 568262 380903 553363 638716 366801 357493 346851
772723 418577 251397 826795 374213 618278 232380 451830 319911 388078 796718 731892 469138 296043 118486 163177 48793 178933 606148 447936 249506 565432 252328 179542 727147 36346 324606 830895 225995 577638 799578 56511 568599 707279 211919 630192 666226 314040 207628 705192 493834 100484 131512 156244 89786 281436 310340 999999999 822200 133243 140573 742814 748884 730789 795152 790799 378962 130672 485570 785843 151886 439209 584009 271220 899845 753322 532173 476388 195313 457233 868992 760252 622566 387344 488142 191631 389426 539421 451864 717490 957772 590142 931228 776146 88898 650081 854146 642428 414990 687600 887295 353814 851238 849504 575492 673302 689740 85412 92926 531682
283757 423235 583668 476870 731785 218649 892142 573062 897730 715697 111336 248113 383352 773479 739928 904101 814790 853173 773557 635385 702946 354433 619169 683127 460741 856588 682041 581248 703288 318935 707518 846271 842323 223108 641825 513126 760570 617619 871764 326808 758493 921694 941530 853711 887115 544246 588498 822200 999999999 945161 707110 94152 200310 426734 122100 538330 450011 766399 552783 174253 926976 695002 280065 603719 143416 177303 344592 562260 845527 685145 141147 368668 200038 655542 517596 984825 712828 850102 604350 377868 183389 458509 109042 47744 840213 749765 47797 250148 579098 261648 698526 510502 174863 753405 252158 308948 460463 830014 811136 296123
872667 549637 383572 904491 403184 746113 191951 519671 284399 501913 912386 836339 579741 400546 248435 105901 165999 257831 714511 500431 371621 698446 385020 311451 805217 97094 375533 894309 350054 683206 841607 98928 665812 838825 312234 700842 691236 443629 179322 801256 513120 73278 5663 234643 133081 410682 397674 133243 945161 999999999 273192 862643 857781 813571 923998 858931 508183 194727 555200 916505 66013 555391 714806 364836 1014838 883892 664324 544608 185211 574529 998108 893412 746755 439235 565338 65843 423610 633907 577737 850583 1086244 671444 1054118 898429 179084 676526 974918 751756 543864 819958 936172 486951 961969 886996 702156 806347 821396 183327 200989 658842
695733 290082 123570 779644 411056 495483 342817 435034 416959 272680 694574 648941 384864 204523 32914 291643 113430 167233 491581 450849 129173 428586 111837 39826 682221 176196 344154 801863 103991 497318 796826 189890 469344 574967 185959 598680 686886 176106 315599 635627 529708 226478 271782 158334 181923 164736 282729 140573 707110 273192 999999999 634214 658571 679377 668800 756928 257180 196303 463686 655466 288872 318256 454377 240860 797585 623296 398888 457073 295324 334182 741729 620487 507429 397170 455760 332078 419043 444789 317299 577525 831486 546060 815445 662731 133106 669887 742664 553815 277109 552985 874344 217057 756359 850516 455853 536079 549267 122924 104166 411631
219174 360197 511945 413039 637851 172096 801981 478932 805133 671875 75765 172657 292743 719092 667126 817113 738707 786689 755070 541300 642818 325908 553755 613297 383071 776399 588996 512115 640484 224824 629439 763747 815963 231003 555601 425407 672176 561697 782231 246839 664819 842986 858799 785317 811663 469686 497587 742814 94152 862643 634214 999999999 129263 350226 170969 466210 379593 680142 458928 215449 841466 657637 241823 514772 168725 203673 302496 468310 756185 650193 218502 393016 132697 561557 423632 899818 618776 819977 568355 391685 275193 367742 196410 49963 766812 660787 112747 157083 536597 264749 629485 449638 156300 677775 190878 310102 466313 756531 738330 231580
90068 416002 543008 283828 578690 269868 769606 411938 758091 743279 93540 48171 279752 774888 690810 798073 753206 820675 852024 470674 691258 425219 595647 644741 260433 779638 542148 384164 684416 175738 507224 760544 904766 355191 545551 319741 566438 619162 753172 127727 584573 849015 853356 815620 826266 496412 468730 748884 200310 857781 658571 129263 999999999 226447 299250 339493 420505 666435 385193 344694 827362 737112 338658 495171 170976 332317 390476 396062 728451 732526 339212 518965 215210 502937 353158 886580 557150 904851 651378 514214 380249 273976 270631 171359 786949 556717 188411 106464 613024 386076 501654 503727 105425 553524 268691 429104 584154 776688 760361 298050
150094 516367 587186 101478 456793 446937 681823 299373 644601 837419 317894 179041 315873 840671 707703 732307 749486 846360 986754 339340 749994 585758 651686 678776 34604 754435 448370 168445 736103 221201 280783 725332 1022862 557698 519475 133446 357525 698467 672439 104305 421221 824420 808370 835230 817980 539842 420852 730789 426734 813571 679377 350226 226447 999999999 520914 118840 498339 620184 263973 562662 768580 845345 504887 459622 366785 545654 538925 275548 651860 845884 565271 720702 389565 391428 248555 826098 432758 1015788 770262 708164 605120 142130 488179 396145 790722 350873 411400 225857 723572 582265 283211 589280 291350 327672 425203 619393 766599 781168 769185 435170
388320 378740 546457 582824 762706 178734 895975 615842 914106 635014 223243 343602 402330 704749 700763 896171 780743 801001 668791 678740 643541 270315 569986 639761 553452 830876 704436 682981 647900 370127 799217 826398 743020 117492 635991 588654 832753 554270 873268 417117 806815 891743 920957 804722 850720 513799 600811 795152 122100 923998 668800 170969 299250 520914 999999999 637177 416212 758140 601605 52224 914222 607713 215822 607774 264146 62826 277205 609552 846612 595588 74336 247473 195177 688479 565505 969973 746364 753936 517450 259879 162774 526143 184820 129433 800457 820364 166968 314637 499924 155556 800391 458003 295001 848210 224929 200748 344744 790571 770704 266402
255209 622482 675829 83159 473801 565232 707942 340521 656371 936150 427659 293670 416701 930586 782951 768933 815219 921780 1094918 361747 839199 701555 742258 761196 92108 810528 483982 51076 823247 333250 177175 777618 1126546 676511 584551 160658 297523 795080 702971 222580 408662 878935 853480 908490 880003 629923 482823 790799 538330 858931 756928 466210 339493 118840 637177 999999999 599674 671027 305765 680034 807766 947907 621962 524240 462381 663760 653486 315602 685539 949794 678432 839540 508030 421320 303934 862785 450037 1117548 876361 826778 712655 212820 590434 510696 858545 296225 518640 344390 828202 701063 164458 689997 389187 216589 542098 737929 884221 849517 839613 549683
