NAME : synthetic_000710
TYPE : CTSP-D
DIMENSION : 100
GROUPS : 8
RELAXATION_LEVEL : 1
EDGE_WEIGHT_TYPE : EXPLICIT
EDGE_WEIGHT_FORMAT : FULL_MATRIX
EDGE_WEIGHT_SECTION
999999999 752248 448128 853654 652018 659849 698535 747037 683644 133727 637347 846456 89173 665077 755969 968161 727227 325668 680067 883488 614138 248596 670017 693242 821002 776831 191929 488879 623902 932566 912839 304401 818171 730181 548435 674833 396772 563256 220215 850632 646537 694786 297162 671334 551870 383491 162793 548036 68545 742335 1005869 351176 689040 723828 755055 398066 794680 837455 708785 415317 441233 712467 459056 678895 857041 1104484 532787 546463 206272 617405 334385 652001 917033 734879 721938 528534 564955 820804 499983 652424 766096 956292 777963 730487 147949 910009 462571 795381 615289 1057421 1183852 878132 125407 953267 913793 539625 881438 334551 289612 1116367
752248 999999999 701100 511211 527433 886139 668351 168487 108675 790956 265260 860548 666896 437007 255549 526397 27530 904047 475586 1055419 601588 678968 82330 59581 776719 348999 799051 918610 791127 358358 224035 828579 933541 270181 829883 497952 495495 491767 603233 1000684 105721 390624 455635 241323 377156 465508 707459 206246 783449 420278 573115 460031 389293 480228 447888 668560 195147 1035165 784311 367364 795482 101375 766211 425689 1041918 568639 268562 501098 953256 216375 606720 114883 1050263 626873 180277 308919 519565 73620 260179 815370 885596 532685 298182 606445 609867 991240 391227 702734 885696 533524 608077 866713 837488 336312 209879 299569 907942 424994 520464 553669
448128 701100 999999999 513318 293484 238190 273190 793080 696766 349074 458738 398501 396861 361194 552364 642198 674144 296225 350545 461626 214553 200013 638588 649124 380031 517438 300868 223262 178804 689518 752302 227348 377145 520642 141971 332312 217873 246783 265477 419778 617447 415847 438230 495019 738428 622336 285500 529843 516669 442191 666574 575273 411739 389822 439262 56325 625709 421514 260865 561111 100828 723903 65451 380190 437797 797523 435697 229331 523197 488539 147323 656439 485791 328564 779122 392260 226770 772925 475901 208944 322796 624472 548138 332517 447039 467692 312938 368968 211271 753111 886402 430699 407908 730308 765194 401540 433469 386278 274859 822322
853654 511211 513318 999999999 221031 560211 290198 675033 587264 807580 303122 416884 770832 189231 255855 129136 497353 807551 175481 644162 301970 642410 511097 499115 328839 162798 777882 712932 474277 247801 395874 734076 522908 246164 569220 186324 456900 295203 634333 590661 507256 174863 650814 299164 798316 788098 719948 502061 914324 123085 155855 753889 180267 131394 101999 525561 323744 642306 408437 677989 606393 597894 564630 177444 640495 285774 414169 313644 996282 365730 539103 560415 620709 219812 679973 380870 301604 551442 493024 481941 493096 111183 213141 204013 768285 548733 408195 257209 588824 243371 375471 408542 869231 300982 419191 375008 457906 577816 567153 314188
652018 527433 293484 221031 999999999 384039 140985 665259 566584 593455 263073 337781 574459 94527 308595 349261 504823 586618 64762 529092 92371 427288 492529 491678 260584 245361 560243 501310 289108 409808 505275 513061 406410 279880 366143 41607 261800 92842 432122 474084 478837 151487 494719 286862 713143 659469 508497 429650 716102 158456 376113 618246 149984 97339 149210 304672 390401 511938 259442 560520 389153 586703 347877 110858 516994 504075 321538 106939 781099 320980 325308 530239 522841 113741 661017 273045 87103 588750 396784 306348 360045 332108 288536 97916 586089 465333 253458 194985 400010 459641 592921 349501 655359 455943 523155 274078 385631 420956 377140 529021
659849 886139 238190 560211 384039 999999999 270243 999569 900616 541102 624723 248538 622416 476889 690707 682263 860752 410623 448361 226095 294343 422766 834762 840653 285824 628642 483478 230249 96102 786817 889108 376896 169041 660810 111421 424219 441874 394955 500420 190869 816089 534970 675689 655798 970808 860072 499990 739432 726989 539476 690932 813046 532993 471658 524488 294071 771601 183762 157595 794744 219055 925585 203368 494334 201031 837021 635833 385042 684215 669929 385509 860870 257191 340402 988890 587301 367347 953747 689771 79001 130267 661508 672551 356766 680223 258852 520392 324786 53214 799076 926207 284374 590923 835621 906545 594206 261488 620701 512557 870042
698535 668351 273190 290198 140985 270243 999999999 805274 706281 615732 404031 200600 631615 232922 443223 414160 645807 563326 196785 389632 94317 454485 632828 632472 134810 369633 571660 437201 185240 519598 634201 499159 266221 416160 287363 172823 343263 203260 487549 334452 618556 286293 593891 427517 839175 769343 541369 564191 766032 278950 426764 725514 285872 209286 260170 308701 525353 375391 124839 678025 346902 726958 305975 246921 378901 570316 455208 206359 795086 461225 364856 669361 381918 70846 800310 405420 180355 729075 526735 191761 222270 393775 417947 86533 659791 324940 369394 97386 299353 530845 660019 217376 676347 569726 653631 408048 248209 523173 453286 601930
747037 168487 793080 675033 665259 999569 805274 999999999 99589 812456 404584 1002769 670204 580769 419500 694847 178052 953187 620337 1184758 729332 729891 173016 178157 922221 512236 832493 998803 907449 524821 377709 882705 1065837 430133 930158 640870 576468 614274 642000 1131014 186886 541087 457591 389600 263248 399391 738887 263237 764095 576618 741599 411089 538837 631363 604653 752130 363524 1160143 914230 332379 879474 79174 855895 572238 1168972 732959 363743 619888 953236 344291 676835 138751 1184609 771552 27906 412675 641754 166542 317970 934160 1015062 700924 463202 751765 599133 1130213 482013 850274 991910 699540 766542 1012238 849740 498779 358786 406523 1050575 453980 568238 715480
683644 108675 696766 587264 566584 900616 706281 99589 999999999 737569 307448 904287 602266 483414 334357 618016 103426 868628 523054 1085177 629794 643769 76909 89286 824441 425045 753021 905457 808204 460094 332650 796270 966353 341108 832738 543114 481391 514686 559394 1031454 87750 445893 387779 295218 268677 367668 659662 168146 707876 483774 665432 368207 443334 535916 511862 657341 289389 1060586 814697 279223 784982 29632 760171 475622 1069386 671954 264872 520339 888414 245897 584859 40329 1085198 673841 95197 313438 542166 150724 224568 834782 915499 622141 378725 654238 537274 1031207 384569 753088 893736 635008 714794 914357 778939 442017 318453 307093 952120 372744 481925 658917
133727 790956 349074 807580 593455 541102 615732 812456 737569 999999999 633035 744321 155719 624531 750316 929427 764358 192892 632144 761231 540031 166217 710691 731410 728985 754963 59786 357396 516205 920462 925324 173275 704460 721624 430289 622488 361602 512382 194763 731638 686667 663429 355496 669737 647094 484227 91133 585009 193040 706350 962974 445155 657912 676193 714491 307086 800902 714160 607591 490812 322529 767137 346618 640644 734353 1074546 544680 493965 188934 626552 268686 701998 797530 661330 789485 528125 507745 862886 531007 542842 654614 915278 765245 660278 239206 796340 449941 713022 493803 1027708 1158259 777661 61911 947924 929822 539761 775727 366817 279909 1091054
637347 265260 458738 303122 263073 624723 404031 404584 307448 633035 999999999 599092 548435 176186 118708 374239 241969 702325 215764 790185 336701 488601 231622 228952 517698 160329 623684 681626 529002 295840 300719 624072 668518 93673 577099 236439 282568 229984 438916 735492 220524 141109 380520 37922 495507 492650 542297 198990 687259 185567 420175 462763 137803 229726 212862 436728 172680 770071 519052 380377 558019 325528 523987 168252 776677 483276 120232 241587 815728 64651 396357 273672 785701 367028 402616 108901 257429 329773 193943 552131 620339 370303 143956 347186 521371 728174 183420 445761 628158 437424 554916 607755 689471 316634 310404 98081 646803 315286 355264 488260
846456 860548 398501 416884 337781 248538 200600 1002769 904287 744321 599092 999999999 790823 423835 622871 515855 839235 644721 384979 230323 289747 597949 829866 828033 88733 539155 691860 475617 230218 664245 800932 597555 119362 598959 334098 362988 529881 403291 651336 179959 816552 471225 782635 619329 1038569 962128 683968 764674 915000 451356 510256 917226 472005 384341 427067 449054 703801 238116 137672 874826 432036 924031 400237 434901 231286 657852 655730 404968 907172 658509 525626 868018 203835 233869 998792 605999 379265 917763 727223 207807 121993 494658 591260 254483 830958 133786 567825 163977 300010 627749 742547 36031 800699 717165 822447 608507 47853 714506 632332 695661
89173 666896 396861 770832 574459 622416 631615 670204 602266 155719 548435 790823 999999999 581735 667005 883197 641476 339809 598689 848347 543714 199805 584888 607622 758408 689344 199019 477141 575542 843845 824042 298386 773217 641412 512250 594890 315156 483908 144467 811403 561210 609172 214492 582267 492291 328528 128986 461686 143544 657491 921763 290019 603405 642078 671228 342961 705550 804206 653801 341852 408675 631429 419054 594892 822732 1017618 443665 467893 286729 528271 267660 569277 877932 662855 645967 439577 487869 736392 412413 605340 719400 871870 689452 656971 83573 864260 375052 727296 582083 970585 1096267 820968 180636 864188 825265 450623 828439 246245 204112 1028812
665077 437007 361194 189231 94527 476889 232922 580769 483414 624531 176186 423835 581735 999999999 214316 305210 415415 643935 39657 622369 182772 461480 407797 404660 341583 158042 599015 578593 381318 328707 412363 567464 499136 185368 451203 60945 268684 117968 446456 567242 396130 58439 467915 195683 651583 617420 535409 359130 725259 83510 341021 579732 56119 67058 90357 360170 295970 606154 353647 511734 460901 501706 421184 19061 610850 451324 255820 136935 813454 238120 358186 448828 614295 190944 578507 212537 134488 496356 335068 399848 453883 291978 196608 171010 579779 554244 222302 269675 490139 404889 537158 431669 685699 371404 429659 210127 471399 393990 377945 470820
755969 255549 552364 255855 308595 690707 443223 419500 334357 750316 118708 622871 667005 214316 999999999 288950 241600 811307 246920 832220 396364 602527 259780 245288 535965 93463 738951 775185 594867 178554 201138 732989 708276 31728 658267 271262 395266 308824 556721 776991 259642 157464 493824 85729 565801 589284 659367 281328 805324 172055 336587 564154 158632 238740 198061 537665 82136 818410 566306 476282 653092 343060 616286 197848 822107 375901 231235 324580 933896 152012 506923 311026 820389 390634 425432 227435 333381 300463 294257 614040 665453 290534 44421 369848 638126 756071 300396 460480 701801 331820 442048 624740 807317 198081 216587 216400 669103 431431 473560 376511
968161 526397 642198 129136 349261 682263 414160 694847 618016 929427 374239 515855 883197 305210 288950 999999999 518845 935835 299169 746134 431081 765464 546059 528927 431566 214083 902135 841574 599302 191506 360694 861826 628965 293606 696809 312842 573157 418277 750864 694600 547836 274423 745997 358014 854476 866758 840570 565285 1026601 225826 47662 836827 280206 256031 214983 653087 331350 749629 527394 754210 735529 622694 693764 289992 745520 157067 493552 437120 1118358 429191 661999 598074 717034 343314 704755 469467 427271 550699 567954 604943 605185 21289 245681 329382 873629 642224 511993 366845 713511 116818 246932 501067 990734 240466 385379 461488 551869 675373 679145 187845
727227 27530 674144 497353 504823 860752 645807 178052 103426 764358 241969 839235 641476 415415 241600 518845 999999999 876589 454322 1031994 577501 651551 59097 34108 756068 334618 771991 891349 765939 356905 233091 801081 910481 253647 803453 476317 468055 466807 576176 977371 81215 370672 431055 220044 368132 447952 680544 180155 759432 402439 565967 440389 369063 460692 430271 641286 188078 1011137 760765 347151 768285 103883 739203 404744 1018167 568598 241129 475752 927620 190825 579200 99977 1027607 605861 185966 281897 494628 101140 233403 790459 862074 524108 285175 585555 585612 969368 363900 682513 859707 531960 611759 846142 811285 338772 221352 272683 886751 398773 493236 555531
325668 904047 296225 807551 586618 410623 563326 953187 868628 192892 702325 644721 339809 643935 811307 935835 876589 999999999 639541 612707 510767 225484 828752 845971 651350 793601 140854 190780 417356 965841 1003014 78334 579663 780216 310794 623542 420604 525993 311561 592548 805090 693761 510355 740246 817964 662228 224720 704885 379366 727151 961830 619803 688946 680960 727881 284066 875004 563854 517244 650485 218718 898086 257992 662335 585260 1089754 639824 507092 278621 712922 306088 830193 655454 623144 932847 610113 511583 977614 647987 437039 537387 918695 816056 628195 422112 668693 524885 655241 358099 1044540 1177816 680322 214788 1001631 1011829 621428 667049 499415 386816 1112637
680067 475586 350545 175481 64762 448361 196785 620337 523054 632144 215764 384979 598689 39657 246920 299169 454322 639541 999999999 586373 156998 467185 447386 444036 302169 180627 603232 562979 353695 345802 441576 564346 462758 219409 430128 24432 283637 119772 460166 531172 435786 89587 496106 234354 689023 650370 544485 397736 741866 94307 330888 611660 89093 44120 88757 355660 329029 571569 319386 546199 448396 541254 407673 50378 575584 450605 293292 138352 820901 277770 363793 488481 576978 151626 618155 248583 128458 533938 372020 370358 418759 283851 224628 131535 601625 515949 249970 230034 464772 405086 538306 392273 693770 391413 459902 246957 432441 421899 396312 473153
883488 1055419 461626 644162 529092 226095 389632 1184758 1085177 761231 790185 230323 848347 622369 832220 746134 1031994 612707 586373 999999999 455715 648798 1014406 1016404 315922 754649 702427 422179 292751 890023 1019137 591929 124090 805633 336298 562455 652698 570528 725824 55229 998187 675780 895291 815785 1181847 1079816 725013 932082 949949 664513 740204 1032996 675465 595168 642730 517920 914266 49121 271283 1008310 442395 1107824 429384 636552 27453 887458 824445 565803 891144 843882 608450 1046700 53398 443793 1177179 774377 543170 1117795 886915 262223 169997 724922 804897 464328 906120 118938 718358 387330 268203 857966 971275 248980 807665 942467 1039582 779386 198875 836440 733309 925594
614138 601588 214553 301970 92371 294343 94317 729332 629794 540031 336701 289747 543714 182772 396364 431081 577501 510767 156998 455715 999999999 375324 558691 560950 229086 337326 500504 412303 198588 502062 595134 440537 336734 366543 274204 133917 249254 116355 399252 401725 542607 241075 499575 365126 748994 675445 460856 480646 680797 250814 453132 631428 238886 187687 240506 237289 477359 433636 184905 585488 304602 652161 262770 200574 440934 587644 371847 115604 723975 388373 279863 591644 455999 121532 722419 321625 90422 666274 439849 218126 285818 412578 379095 120770 568143 406453 278103 184653 308032 544459 677192 309648 601561 548313 612302 325627 336418 428968 360432 614715
248596 678968 200013 642410 427288 422766 454485 729891 643769 166217 488601 597949 199805 461480 602527 765464 651551 225484 467185 648798 375324 999999999 603297 620695 573534 598051 138336 298750 377512 766906 787500 152815 574226 572483 313074 456825 207354 347467 96177 611602 579617 503294 300978 526296 614104 472073 87202 479440 317118 544148 798053 426200 497929 511117 550866 149598 660382 605059 460291 439797 212021 673151 219414 478192 623342 912623 416642 328837 354088 492645 103467 605091 678134 496840 710356 390367 341826 752483 422515 406831 520911 750832 612978 495030 260786 665589 306581 551838 383510 866007 997541 629537 228128 797894 794654 401911 633470 278025 161904 930655
670017 82330 638588 511097 492529 834762 632828 173016 76909 710691 231622 829866 584888 407797 259780 546059 59097 828752 447386 1014406 558691 603297 999999999 25996 749209 349289 720467 852267 741207 396183 286401 754220 894587 264975 771555 467855 427334 444753 524807 960334 24032 369224 373317 218345 320748 390517 628285 125790 701169 406867 593646 381758 366750 459342 434954 602526 222165 991121 743390 288354 730147 94178 703007 399512 999289 608510 202913 451649 871386 171606 535737 52388 1012987 598542 171813 248585 472462 152255 181469 767002 844487 549253 304197 578776 527545 957713 325831 677372 830437 569672 656860 839223 756358 383783 276695 240883 877658 344122 443219 598313
693242 59581 649124 499115 491678 840653 632472 178157 89286 731410 228952 828033 607622 404660 245288 528927 34108 845971 444036 1016404 560950 620695 25996 999999999 746203 336567 739840 864727 746439 374653 260913 770866 895751 253205 780315 465227 440407 448382 544037 962055 47123 363261 396976 211687 343978 416489 648094 146673 725324 398501 576391 407686 361155 453564 426550 614703 201779 994240 745150 314231 742067 99408 713909 395293 1001880 586976 214068 456278 893872 172578 550399 74089 1013618 595599 180917 257306 476192 132114 200773 771640 846407 532895 289608 575569 551509 956974 337316 673548 837924 548844 633703 836304 777918 360470 250867 248776 875729 365417 461589 575848
821002 776719 380031 328839 260584 285824 134810 922221 824441 728985 517698 88733 758408 341583 535965 431566 756068 651350 302169 315922 229086 573534 749209 746203 999999999 451143 680454 498022 236585 575861 712355 595764 197445 512787 348108 281365 477517 335379 615484 263359 736883 386336 728635 536035 970595 904010 660700 690190 889172 364078 429196 860283 387468 298103 339286 424323 616481 318164 136805 811699 433133 843214 396259 351342 314064 577358 581852 340045 901211 578603 490750 789037 292265 150672 919351 532888 313981 832440 655907 224137 179612 410288 503503 170643 790852 222326 502582 75700 331475 545200 663689 90109 787918 628702 733963 534397 133327 657981 586117 614159
776831 348999 517438 162798 245361 628642 369633 512236 425045 754963 160329 539155 689344 158042 93463 214083 334618 793601 180627 754649 337326 598051 349289 336567 451143 999999999 736340 736334 534262 172636 264810 716044 630591 84809 608750 204524 393425 271058 566402 699559 346721 101595 536749 145134 645511 652680 664046 352745 831291 90688 260430 623090 105768 160395 112286 511988 167563 744134 494366 540133 617721 435166 578481 139082 746289 329284 280168 289214 942361 215842 497132 399380 739559 310859 517325 259908 290997 392620 353877 550328 590914 211150 53351 290335 671206 672888 314316 375447 645307 282513 407024 538604 814438 213434 284936 250969 584449 468279 487972 339536
191929 799051 300868 777882 560243 483478 571660 832493 753021 59786 623684 691860 199019 599015 738951 902135 771991 140854 603232 702427 500504 138336 720467 739840 680454 736340 999999999 297750 462548 904849 920593 113498 648086 709265 373173 591713 344625 483858 195818 673665 696475 641552 380272 661104 682203 523546 93609 594829 252735 681943 933715 482151 636203 646928 687976 263963 794348 655158 556004 519108 265778 782651 292262 615957 675469 1050322 544082 465027 223713 623326 240911 716050 739364 620864 810673 522344 476380 871915 539181 488344 599079 887083 750588 621261 281657 739834 440513 668488 435473 1003797 1135561 725715 108957 935119 926645 533988 721897 380285 279648 1068754
488879 918610 223262 712932 501310 230249 437201 998803 905457 357396 681626 475617 477141 578593 775185 841574 891349 190780 562979 422179 412303 298750 852267 864727 498022 736334 297750 999999999 262921 907093 975423 184505 397195 743483 151750 542302 425021 467808 394189 404063 830173 634986 596992 718108 909672 770818 348321 737314 550436 656769 859893 724866 631224 598556 650373 250073 848960 373240 361266 733187 123816 933615 158910 597647 394726 998584 650686 451083 469401 708984 322682 865296 465839 505154 982470 610180 445715 991250 681262 274246 360344 822371 769499 515394 551049 483565 527529 517906 177128 956137 1088367 511648 394971 949748 988442 620090 491587 563153 443015 1026655
623902 791127 178804 474277 289108 96102 185240 907449 808204 516205 529002 230218 575542 381318 594867 599302 765939 417356 353695 292751 198588 377512 741207 746439 236585 534262 462548 262921 999999999 694757 793665 367461 198694 564865 111749 329743 360203 299511 443225 246065 722988 439534 603371 559826 889821 787749 461185 648971 692278 445769 611683 741057 437437 378860 431962 234014 675631 258752 100336 715694 202037 832692 170366 398950 271671 755555 543881 290255 676956 575142 320953 768699 310728 256036 897553 494784 271803 858299 600827 31010 144008 578979 577365 270366 625012 288896 431267 256319 114582 715907 845257 264985 571496 742794 810890 501246 259527 543709 442456 786996
932566 358358 689518 247801 409808 786817 519598 524821 460094 920462 295840 664245 843845 328707 178554 191506 356905 965841 345802 890023 502062 766906 396183 374653 575861 172636 904849 907093 694757 999999999 169843 888126 767588 202456 775877 368203 560424 443534 728827 835956 404143 273916 672103 264278 716167 759068 829331 449432 983093 251505 232125 737038 278284 316005 262832 684607 174809 885642 643338 646793 789522 459016 749891 309650 885086 212350 409629 461786 1106217 328659 667310 448169 868059 453454 538525 404671 462798 370086 469484 707844 734178 205638 155441 434502 816590 796469 472754 502750 807922 175207 267032 656336 978818 53323 194504 393920 705679 609954 647328 204228
912839 224035 752302 395874 505275 889108 634201 377709 332650 925324 300719 800932 824042 412363 201138 360694 233091 1003014 441576 1019137 595134 787500 286401 260913 712355 264810 920593 975423 793665 169843 999999999 924777 895137 232574 859338 465961 582855 509903 730636 964109 302376 354149 627779 262812 600610 675192 835798 378691 954363 355426 401968 662447 356248 425135 376409 735023 128131 1008940 758778 568769 852827 323500 816611 394774 1011049 361096 382077 525456 1102664 298864 696981 332903 1002824 575405 395877 398277 534512 213443 416818 811622 855713 373606 216970 554972 781225 934669 480925 636973 901945 333373 388885 797799 979068 128603 24687 386626 845154 578564 645415 339805
304401 828579 227348 734076 513061 376896 499159 882705 796270 173275 624072 597555 298386 567464 732989 861826 801081 78334 564346 591929 440537 152815 754220 770866 595764 716044 113498 184505 367461 888126 924777 999999999 544152 701915 269117 549080 342602 449502 244468 565449 730700 616543 447831 661991 759177 609000 172444 631193 366207 650838 889004 564870 611666 606296 652352 208794 796746 544164 465147 587888 165532 825596 199601 585722 564784 1014911 563201 430531 310024 635365 227968 757417 630519 555912 863116 532553 436037 902191 574151 390580 497582 845065 737957 559619 376668 635248 447206 593374 327015 969419 1102585 632445 215744 923571 933708 543813 624047 430358 314630 1037080
818171 933541 377145 522908 406410 169041 266221 1065837 966353 704460 668518 119362 773217 499136 708276 628965 910481 579663 462758 124090 336734 574226 894587 895751 197445 630591 648086 397195 198694 767588 895137 544152 999999999 681862 275354 438959 549026 452719 641919 68972 879005 552049 797574 693271 1074415 981211 656104 816363 886163 540426 626157 934898 551829 471080 518729 432652 790293 120731 152077 903618 382309 988348 359369 513019 117601 774193 707949 449506 852651 723480 519302 928341 119741 319750 1059147 657731 425857 995104 773206 168215 55827 607682 680808 340260 823704 91948 606358 265702 221767 742581 859819 147671 756417 819799 915528 662123 106997 734861 638668 811339
730181 270181 520642 246164 279880 660810 416160 430133 341108 721624 93673 598959 641412 185368 31728 293606 253647 780216 219409 805633 366543 572483 264975 253205 512787 84809 709265 743483 564865 202456 232574 701915 681862 999999999 627050 243568 365137 277330 528551 750415 261949 129869 473215 66439 562039 576549 630579 271839 780715 150845 340852 549452 130435 214719 178069 506048 110823 790866 538496 463545 621366 352312 584588 169633 794993 391907 211144 292968 905952 137190 476222 314722 794969 365765 434123 202287 302077 320325 278942 584488 638154 292887 51488 344992 615033 731714 272043 437634 671179 346688 461750 602093 779058 226307 247531 191652 645576 408833 446012 395357
548435 829883 141971 569220 366143 111421 287363 930158 832738 430289 577099 334098 512250 451203 658267 696809 803453 310794 430128 336298 274204 313074 771555 780315 348108 608750 373173 151750 111749 775877 859338 269117 275354 627050 999999999 407744 358229 350501 394347 302269 751269 509289 577853 611317 880236 761149 388857 667238 615575 524386 712753 714070 506231 461810 514706 194305 736153 292006 211432 702779 107834 859192 94410 469940 310504 853818 569113 336512 578562 614402 285681 792497 368612 356562 917204 523190 325015 900256 614485 126993 228642 677097 646864 368193 572269 366859 448220 366176 71503 812495 943700 369825 481213 821270 874530 531539 356738 527913 414589 883396
674833 497952 332312 186324 41607 424219 172823 640870 543114 622488 236439 362988 594890 60945 271262 312842 476317 623542 24432 562455 133917 456825 467855 465227 281365 204524 591713 542302 329743 368203 465961 549080 438959 243568 407744 999999999 279908 111674 454631 507273 455616 113849 500845 256629 703033 659140 535865 413963 737601 116904 342166 619486 113151 57561 108078 340299 353354 547321 295061 556682 429101 561891 388053 74102 551468 466245 307977 129177 810897 297360 353803 507976 553622 130727 638083 261727 115336 557067 385774 346111 394595 296540 249001 111275 601217 493301 255536 210589 441212 421278 554614 371368 684281 414454 484326 261026 410599 426628 394091 490116
396772 495495 217873 456900 261800 441874 343263 576468 481391 361602 282568 529881 315156 268684 395266 573157 468055 420604 283637 652698 249254 207354 427334 440407 477517 393425 344625 425021 360203 560424 582855 342602 549026 365137 358229 279908 999999999 169702 177791 604249 405157 302768 252755 320446 529807 433656 270841 313547 458233 347819 609704 388063 297160 327212 358933 175957 455080 618557 404097 355639 303644 509181 279561 283189 631870 714454 226935 154925 549503 293594 114724 441108 666782 359575 561810 191083 177335 568727 258639 390504 493409 560516 405967 350502 324679 631633 105667 432159 424463 667472 797193 553907 421463 590614 591278 202065 574067 186168 115384 729875
563256 491767 246783 295203 92842 394955 203260 614274 514686 512382 229984 403291 483908 117968 308824 418277 466807 525993 119772 570528 116355 347467 444753 448382 335379 271058 483858 467808 299511 443534 509903 449502 452719 277330 350501 111674 169702 999999999 343042 516993 427899 169622 403555 262287 635949 572001 424939 364297 626318 201358 450654 529697 165292 163811 204546 242390 385734 546374 300682 476700 347424 537674 309083 136356 554772 567700 255497 19044 701129 276243 244045 476179 572157 199264 606754 205272 27829 558818 324216 323652 401030 403393 301724 186787 493454 522589 167454 277869 398633 521591 654304 420521 574029 483573 524443 209409 450556 330254 284816 588262
220215 603233 265477 634333 432122 500420 487549 642000 559394 194763 438916 651336 144467 446456 556721 750864 576176 311561 460166 725824 399252 96177 524807 544037 615484 566402 195818 394189 443225 728827 730636 244468 641919 528551 394347 454631 177791 343042 999999999 685117 500835 479336 204969 475360 517999 376996 105634 399290 284076 525334 787476 330794 473658 504040 536722 209427 606154 684130 515387 344274 300138 588982 300041 460943 701327 890802 350686 326290 377462 431957 125729 521769 751224 518488 621379 333407 345158 676124 343432 473802 587012 738305 573390 512871 181792 731670 256508 582964 465788 843754 972393 680484 250599 754655 735378 345036 690512 188024 85343 904939
850632 1000684 419778 590661 474084 190869 334452 1131014 1031454 731638 735492 179959 811403 567242 776991 694600 977371 592548 531172 55229 401725 611602 960334 962055 263359 699559 673665 404063 246065 835956 964109 565449 68972 750415 302269 507273 604249 516993 685117 999999999 944328 620565 849407 760850 1132369 1033729 690327 879424 917843 609372 690093 987077 620263 539995 587701 476050 859038 61461 216954 959808 409909 1053879 392867 581366 51350 837784 771477 512763 869588 789593 565406 993133 66550 388721 1123746 721337 489777 1062825 834967 215112 115967 673345 749729 409225 866319 90857 666933 333541 238484 807304 922467 202234 780502 888277 984495 726135 154118 789004 688414 875480
646537 105721 617447 507256 478837 816089 618556 186886 87750 686667 220524 816552 561210 396130 259642 547836 81215 805090 435786 998187 542607 579617 24032 47123 736883 346721 696475 830173 722988 404143 302376 730700 879005 261949 751269 455616 405157 427899 500835 944328 999999999 360102 350045 210885 312130 372953 604266 101760 678248 399785 595494 362324 357314 449772 427821 580632 229366 974149 727479 268655 708318 109841 681659 388774 982668 616103 182174 434112 847640 158280 512872 53650 997731 586329 182470 229037 455490 176254 157562 749145 828399 550106 303853 566805 504479 943489 304520 665782 810829 576263 667079 826758 732411 394665 294043 221883 864387 320126 419373 607397
694786 390624 415847 174863 151487 534970 286293 541087 445893 663429 141109 471225 609172 58439 157464 274423 370672 693761 89587 675780 241075 503294 369224 363261 386336 101595 641552 634986 439534 273916 354149 616543 552049 129869 509289 113849 302768 169622 479336 620565 360102 999999999 476998 151576 632862 613932 573144 336619 752450 51887 314936 579181 5783 90303 75316 411236 239521 661149 408908 504650 516135 461948 476970 40665 665147 411694 241697 187946 851888 205721 401022 413606 665593 237409 541009 206167 189452 446540 321366 457655 508341 264367 138169 216747 599701 603297 237931 312114 548575 364705 494840 476221 723843 314808 371733 200696 518275 404625 405323 427696
297162 455635 438230 650814 494719 675689 593891 457591 387779 355496 380520 782635 214492 467915 493824 745997 431055 510355 496106 895291 499575 300978 373317 396976 728635 536749 380272 596992 603371 672103 627779 447831 797574 473215 577853 500845 252755 403555 204969 849407 350045 476998 999999999 408417 313176 184556 287735 253622 329102 528758 789375 137710 471385 534511 548961 383706 517521 857719 655680 140228 494711 416939 486470 475659 872816 863638 262604 393838 500801 344296 292175 355134 913521 602336 434190 277015 419190 523682 211012 634297 741752 738609 524248 590342 154964 882303 246169 678926 648674 817557 934937 806464 392453 684260 626147 285782 826714 74238 163404 868554
671334 241323 495019 299164 286862 655798 427517 389600 295218 669737 37922 619329 582267 195683 85729 358014 220044 740246 234354 815785 365126 526296 218345 211687 536035 145134 661104 718108 559826 264278 262812 661991 693271 66439 611317 256629 320446 262287 475360 760850 210885 151576 408417 999999999 501066 510396 579140 207637 719981 188917 404897 483027 149552 241880 216970 474014 134758 797221 545276 397443 594632 310500 560139 184701 803113 458121 145843 274991 851706 71258 434278 264528 809388 385831 390117 143210 289289 302052 212522 582093 646347 356087 117863 365511 552420 749922 220640 462649 660920 413047 526761 626117 725783 281935 272699 131890 666791 345705 391281 460733
551870 377156 738428 798316 713143 970808 839175 263248 268677 647094 495507 1038569 492291 651583 565801 854476 368132 817964 689023 1181847 748994 614104 320748 343978 970595 645511 682203 909672 889821 716167 600610 759177 1074415 562039 880236 703033 529807 635949 517999 1132369 312130 632862 313176 501066 999999999 169112 593264 296656 551420 680448 902027 202376 628609 715195 707119 686758 541459 1148345 925000 177815 804134 282950 792099 650649 1161455 928224 395794 633602 753617 432640 597451 269931 1193479 826872 235760 441367 659329 411493 317260 919913 1019448 854791 608797 810180 410357 1152472 470993 908114 949499 888281 977562 1056469 669877 704390 587034 442163 1085406 352468 469586 918948
383491 465508 622336 788098 659469 860072 769343 399391 367668 484227 492650 962128 328528 617420 589284 866758 447952 662228 650370 1079816 675445 472073 390517 416489 904010 652680 523546 770818 787749 759068 675192 609000 981211 576549 761149 659140 433656 572001 376996 1033729 372953 613932 184556 510396 169112 999999999 438544 309663 382574 665240 912824 47084 608785 684303 688960 567400 588447 1042256 837736 113047 674636 391220 668885 621454 1057372 964839 374903 564880 584518 439360 475668 350735 1097637 770883 371807 408056 590832 518329 298804 818646 925418 862906 627480 757028 245277 1065066 406022 849843 832227 921097 1026065 984518 503213 758977 666882 413244 1007020 247762 347534 962682
162793 707459 285500 719948 508497 499990 541369 738887 659662 91133 542297 683968 128986 535409 659367 840570 680544 224720 544485 725013 460856 87202 628285 648094 660700 664046 93609 348321 461185 829331 835798 172444 656104 630579 388857 535865 270841 424939 105634 690327 604266 573144 287735 579140 593264 438544 999999999 502528 231283 616714 874929 395460 567593 588600 625590 236564 710819 679901 546304 427259 283086 689294 297691 551197 698954 984570 456301 406829 278749 537303 183393 622880 756845 582365 717106 438019 421977 780053 447322 489854 603665 826807 674113 579837 204426 747840 359055 638677 457372 937670 1067877 715898 150699 856885 840798 449670 718674 286929 190916 1000609
548036 206246 529843 502061 429650 739432 564191 263237 168146 585009 198990 764674 461686 359130 281328 565285 180155 704885 397736 932082 480646 479440 125790 146673 690190 352745 594829 737314 648971 449432 378691 631193 816363 271839 667238 413963 313547 364297 399290 879424 101760 336619 253622 207637 296656 309663 502528 999999999 582721 383805 612347 288964 332513 420751 410562 489431 280252 904707 664314 197464 617000 196522 592766 356466 914801 655770 109031 366873 747568 137249 416952 128053 936002 542044 250098 159116 390671 277883 57088 676676 763716 563709 321474 523969 408581 886692 219613 623234 729791 612560 716452 778657 631245 451003 374966 156170 812372 218750 318477 653035
68545 783449 516669 914324 716102 726989 766032 764095 707876 193040 687259 915000 143544 725259 805324 1026601 759432 379366 741866 949949 680797 317118 701169 725324 889172 831291 252735 550436 692278 983093 954363 366207 886163 780715 615575 737601 458233 626318 284076 917843 678248 752450 329102 719981 551420 382574 231283 582721 999999999 800951 1065291 357160 746677 785362 814773 466541 839445 903590 777329 432209 508093 735958 526891 738436 923368 1160045 578228 609946 205588 662721 401424 678707 984170 801176 738005 578434 629200 849739 538243 720701 834282 1015369 829540 796300 174140 978040 517325 862701 681779 1113051 1237882 946654 167068 1001351 953860 589181 949953 376958 347627 1170492
742335 420278 442191 123085 158456 539476 278950 576618 483774 706350 185567 451356 657491 83510 172055 225826 402439 727151 94307 664513 250814 544148 406867 398501 364078 90688 681943 656769 445769 251505 355426 650838 540426 150845 524386 116904 347819 201358 525334 609372 399785 51887 528758 188917 680448 665240 616714 383805 800951 999999999 264793 630818 57413 69715 28088 443221 252458 653527 403704 555525 541042 497858 500692 65989 655844 368485 292013 220362 895178 249853 441036 453433 650397 220903 578382 257792 216415 470990 371351 460892 500292 214535 140536 200253 650093 584832 288512 288510 557869 321868 453828 452696 767260 297579 375293 252036 497317 456228 453399 387374
1005869 573115 666574 155855 376113 690932 426764 741599 665432 962974 420175 510256 921763 341021 336587 47662 565967 961830 330888 740204 453132 798053 593646 576391 429196 260430 933715 859893 611683 232125 401968 889004 626157 340852 712753 342166 609704 450654 787476 690093 595494 314936 789375 404897 902027 912824 874929 612347 1065291 264793 999999999 882349 320702 286940 250834 680781 378237 746809 534261 800439 757466 669840 715570 326993 741340 148198 538990 469219 1151772 475985 694679 645685 708269 356474 751810 513485 457459 595885 614067 614984 606348 50773 293238 344703 914621 632585 552861 369631 724966 118995 235824 492468 1024542 278323 426628 505824 543327 718141 717664 185408
351176 460031 575273 753889 618246 813046 725514 411089 368207 445155 462763 917226 290019 579732 564154 836827 440389 619803 611660 1032996 631428 426200 381758 407686 860283 623090 482151 724866 741057 737038 662447 564870 934898 549452 714070 619486 388063 529697 330794 987077 362324 579181 137710 483027 202376 47084 395460 288964 357160 630818 882349 999999999 573900 646765 653787 520317 569216 995306 791993 93757 627830 393801 621847 584655 1010482 940032 343359 521935 555188 412711 428584 346623 1051104 728876 384183 373030 547788 517524 270511 771974 879090 832093 600769 715480 208011 1019103 364957 807294 785144 895586 1003936 940054 467659 739964 655747 379049 961877 202761 300494 939633
689040 389293 411739 180267 149984 532993 285872 538837 443334 657912 137803 472005 603405 56119 158632 280206 369063 688946 89093 675465 238886 497929 366750 361155 387468 105768 636203 631224 437437 278284 356248 611666 551829 130435 506231 113151 297160 165292 473658 620263 357314 5783 471385 149552 628609 608785 567593 332513 746677 57413 320702 573900 999999999 92592 80264 406613 240550 660431 408076 499648 512116 459677 473080 39247 664615 417320 236903 183502 846340 202327 395736 410761 665730 238137 538486 200919 185565 445857 316636 455863 507746 270139 140819 217539 593931 603839 232162 313498 546090 370321 500348 477429 718292 318705 373571 195580 519153 398964 399566 433178
723828 480228 389822 131394 97339 471658 209286 631363 535916 676193 229726 384341 642078 67058 238740 256031 460692 680960 44120 595168 187687 511117 459342 453564 298103 160395 646928 598556 378860 316005 425135 606296 471080 214719 461810 57561 327212 163811 504040 539995 449772 90303 534511 241880 715195 684303 588600 420751 785362 69715 286940 646765 92592 999999999 53203 397503 320193 583836 334081 578149 486294 552213 445115 64558 586261 408794 320072 182295 864918 293893 407765 503155 581886 152056 631074 278404 171255 534448 399763 392846 430596 240275 209736 131299 643549 517369 288555 223144 491922 363741 497074 387582 737838 364034 444920 275332 430865 460476 439261 432560
755055 447888 439262 101999 149210 524488 260170 604653 511862 714491 212862 427067 671228 90357 198061 214983 430271 727881 88757 642730 240506 550866 434954 426550 339286 112286 687976 650373 431962 262832 376409 652352 518729 178069 514706 108078 358933 204546 536722 587701 427821 75316 548961 216970 707119 688960 625590 410562 814773 28088 250834 653787 80264 53203 999999999 443863 277461 633117 384963 579911 536816 525916 495919 76368 634794 363220 316997 223547 903425 277312 447438 481471 627276 199018 606467 280972 216343 497806 396623 445605 480044 201629 164225 178665 666803 560748 306263 263596 545113 317283 450287 427334 775763 311134 396965 275812 472612 475862 467210 384772
398066 668560 56325 525561 304672 294071 308701 752130 657341 307086 436728 449054 342961 360170 537665 653087 641286 284066 355660 517920 237289 149598 602526 614703 424323 511988 263963 250073 234014 684607 735023 208794 432652 506048 194305 340299 175957 242390 209427 476050 580632 411236 383706 474014 686758 567400 236564 489431 466541 443221 680781 520317 406613 397503 443863 999999999 607264 477593 311544 509080 127729 685130 106128 378708 494015 806158 400643 223630 487674 460092 91763 617063 542009 357008 736988 360367 227533 741276 434166 264463 377969 636444 537920 357992 391135 522794 277459 405949 264968 760744 893961 480244 367657 722550 746385 370441 485679 334291 220351 828634
