NAME : synthetic_000079
TYPE : CTSP-D
DIMENSION : 100
GROUPS : 8
RELAXATION_LEVEL : 1
EDGE_WEIGHT_TYPE : EXPLICIT
EDGE_WEIGHT_FORMAT : FULL_MATRIX
EDGE_WEIGHT_SECTION
999999999 42285 223785 428381 748834 311665 236168 546580 555620 631626 493520 301878 854029 209409 885163 569280 393917 19006 215630 444808 198579 228459 362435 564639 463275 385175 559717 491798 547925 455561 161238 302790 198855 610861 570020 547560 301750 414045 315377 667148 663258 652335 231255 289849 718078 585051 561894 374449 565686 394646 495712 443978 281874 201485 579766 409346 743660 138374 347669 645716 99697 445316 369839 182462 408151 106170 323123 485206 351013 600309 441526 544870 682172 586789 596277 242081 340034 324837 276693 823402 467982 404414 530540 536736 310022 223562 383328 33168 467597 635221 739831 386070 500944 450889 249450 734424 397852 606350 527719 156648
42285 999999999 250896 430964 707373 291916 206613 542947 555175 604553 472116 262956 829089 239877 844155 527543 385796 55843 245099 474378 234374 188368 334714 523807 421992 382480 522159 457223 529733 438068 160913 338064 180036 569722 538254 507846 285810 402392 305727 638370 621430 618642 261213 275688 675832 546193 519617 406681 535350 429903 461406 404212 305116 205931 555759 438908 711672 146290 314108 603574 57629 403396 328205 224642 395560 75134 290979 445824 352200 573506 417641 533373 662773 544950 571516 206266 297910 319865 238017 796063 425804 396594 503517 503809 300932 253581 345671 63869 449303 597181 708099 388585 475288 416071 237559 711024 411379 591852 496434 114425
223785 250896 999999999 277194 866951 535047 307836 750607 753141 621380 717051 504784 817661 336630 1065533 743957 607475 230085 346024 224002 73612 428387 584971 750624 590581 590897 764800 705819 490150 677513 374002 115242 236837 727867 597525 647791 523609 338159 532075 666103 834372 688932 355246 510735 874388 673244 713682 161942 583165 197003 710287 552284 426055 404609 553862 188647 761777 132738 415255 808903 298080 586545 551854 202153 338480 250215 385988 682717 550941 590670 665295 450364 620589 759195 573721 455003 494420 234899 395282 804212 634784 617404 528694 575801 526237 349193 589646 241628 689963 837840 756185 241990 724447 513147 226551 693897 202694 522539 555435 336165
428381 430964 277194 999999999 793291 714389 325665 973436 983839 424498 886659 609749 579770 598984 1075343 767263 816671 443559 607882 311691 350769 542599 736546 793086 566400 812400 845378 814464 264433 860959 588670 348756 282312 667757 446985 577489 713034 143460 736438 473109 843031 534482 619475 704503 855579 583417 704454 323486 423614 375814 820285 511432 686319 629854 350733 297978 578645 290086 367685 806830 448371 582037 613315 476593 152760 379984 346429 754086 779355 399068 827323 194892 374935 777109 370866 588139 528041 126412 416968 581404 659127 827500 358006 443329 731766 612660 689767 458468 870698 907356 571730 42407 877371 424492 217285 460104 112792 267665 413759 451067
748834 707373 866951 793291 999999999 704055 559375 956372 994203 459553 729972 519700 578880 925104 375021 288299 827027 763083 926938 1051764 897624 556970 632601 341034 285713 866833 455630 528360 591728 762633 774270 981793 630130 139778 371625 221610 731776 650908 781780 430116 249659 317916 942926 741900 173653 209946 218283 1017545 399345 1061040 533396 315085 957184 812003 508320 1023019 370756 740582 455002 214660 653263 305978 422651 930344 640959 652693 483773 419668 876171 461993 684894 680328 608902 272503 497319 585707 412574 698676 480140 511351 320017 834684 460217 359041 783793 936210 496698 768858 758129 441721 376257 776029 675295 371482 651676 555931 876820 659212 390860 594289
311665 291916 535047 714389 704055 999999999 424031 291746 318807 783310 182044 196328 1010166 322557 699813 438232 133353 305186 318177 753025 500180 208132 87641 404338 464478 164578 339988 247129 757705 146846 175686 602068 438460 591494 689077 570814 30644 658697 78537 803644 523573 745639 328841 46249 603580 618644 485952 679263 697332 691722 247669 484518 303047 174783 755364 717788 847426 437810 482661 527359 266019 426334 288536 426403 649644 334450 474322 308223 172936 756023 134403 784629 879545 457718 766034 155457 343019 594621 381748 962976 384575 143400 690060 648587 81578 325678 209449 294641 157514 413395 846252 672562 197078 555583 504231 905736 703098 831137 655135 273475
236168 206613 307836 325665 559375 424031 999999999 708221 727962 398131 580566 287601 623658 444985 776731 457969 545521 254847 450738 505770 340712 227604 426766 476282 284241 555564 520471 489641 337352 564739 352467 422458 71276 420095 334094 341682 431258 238053 466860 431827 542569 418077 466645 427538 573091 370841 413124 462283 329556 503347 495575 244480 511492 399973 351926 474063 507723 182414 116236 512319 182118 284881 288821 396917 228201 131654 88907 429686 534421 367217 519157 360894 465744 470648 366756 278475 208423 199588 97017 589507 347183 556534 297209 301834 463862 458966 365056 267012 572155 584486 503796 289478 563284 220542 114436 507305 362607 407986 291638 151636
546580 542947 750607 973436 956372 291746 708221 999999999 42863 1075056 234530 481979 1301804 439904 858379 671546 162744 533125 430987 945185 696140 499709 333466 624479 745339 161428 523923 434735 1044887 193791 385367 784302 711917 859599 980126 851313 278382 936530 241884 1095025 739874 1033853 430428 280761 827367 899596 741051 866229 988877 863068 430898 771340 363321 347615 1046331 912283 1135823 684557 773914 756691 535592 705141 565630 584229 928299 602532 764487 537312 199718 1047735 271686 1065433 1169241 689424 1057360 447200 631193 861811 672984 1254006 648003 151760 981546 939501 245444 432834 468155 518837 199303 576477 1134978 931029 293453 846851 775439 1197318 941807 1116102 946694 556644
555620 555175 753141 983839 994203 318807 727962 42863 999999999 1100837 276077 512365 1328235 433631 901047 710489 186199 541170 424429 941821 695838 525289 367401 664194 777846 173501 565051 474958 1065245 232670 395314 780628 727795 895041 1007807 884084 302346 952836 261521 1122159 780250 1063824 422257 302610 867482 932298 778076 862574 1015680 856831 471295 801855 352572 354529 1069909 909567 1165717 693990 798264 796230 552063 738097 598540 579678 944939 617822 787581 575884 204736 1073023 310564 1082563 1191290 728563 1081508 473543 660933 874978 697500 1281681 683610 175702 1006097 967359 264204 425371 503268 526540 239253 618582 1164671 941473 335092 874241 790247 1221976 947501 1135081 973476 576904
631626 604553 621380 424498 459553 783310 398131 1075056 1100837 999999999 903278 600131 228242 841015 815909 581015 914674 650582 847230 731913 681696 575616 755973 629376 380602 933947 727803 747465 164320 905736 746879 727009 436547 382387 110963 309990 798503 295040 841415 48641 617025 143102 862880 799081 587116 280556 486436 728143 91295 779721 754053 330547 909594 794349 73767 713212 154729 539878 304300 572640 577317 419745 537906 772928 290820 529436 319757 644963 919624 31590 842586 252981 150571 580100 53832 627865 453530 389993 404014 191781 508692 925276 101107 148672 839727 855186 643973 663546 909088 760191 147613 428010 867878 232100 406852 127270 533121 209647 131395 534951
493520 472116 717051 886659 729972 182044 580566 234530 276077 903278 999999999 306334 1123978 482830 628610 442438 172886 487231 476675 934833 681547 353183 154082 393028 545014 222471 289546 202709 902119 60325 353304 782729 606104 643394 800151 647752 196899 818573 207809 916073 506495 841565 484162 212129 594442 695702 519025 860623 813277 871637 198310 580885 440460 341569 886488 899643 942769 616981 617136 525348 440827 503391 368741 601346 808767 508014 615115 310838 262478 878954 61968 939509 1015260 459552 894328 302310 449757 763859 519754 1070542 433846 171869 817871 759344 214377 482724 263007 476611 46158 343051 942908 845470 59032 671178 672219 1029529 881970 979205 772003 437038
301878 262956 504784 609749 519700 196328 287601 481979 512365 600131 306334 999999999 824070 424220 587302 282205 328980 307566 424014 728028 496939 76397 155880 267398 268267 360090 260279 207152 596756 305645 263437 600011 329382 399426 500568 374541 219765 523150 269195 616269 375794 551877 438966 227011 443672 422324 305363 665127 511419 691580 212538 289522 442231 295856 580477 692948 653845 379216 310939 367303 208561 230761 97081 472819 512721 257461 310216 183438 361633 574731 244607 638609 708959 301270 588789 70611 149426 483489 215145 773841 201646 338587 512264 459723 270059 433136 85181 305842 309034 334519 653011 571159 279929 368718 392702 725407 628146 674698 469568 171124
854029 829089 817661 579770 578880 1010166 623658 1301804 1328235 228242 1123978 824070 999999999 1062817 953655 768662 1142036 873035 1069426 889987 883606 802955 979444 821228 587240 1161980 927853 958435 327664 1129512 974249 914471 656269 548560 323954 498321 1026001 479585 1069332 207999 785835 295792 1084789 1026885 736848 457101 670673 901577 313033 954032 964953 544204 1134100 1021769 274519 877731 210728 752555 532541 741488 804268 628435 755828 985025 479259 754016 547616 851036 1147867 257713 1064112 385033 205036 763893 257765 854851 675671 582879 632085 67560 712886 1152576 327236 364825 1067721 1077107 862176 886479 1132189 950095 206500 596496 1085628 455557 618485 123803 692512 313571 355168 762978
209409 239877 336630 598984 925104 322557 444985 439904 433631 841015 482830 424220 1062817 999999999 1001975 706359 327958 190487 9524 508907 270610 370353 404955 687524 644765 293979 649065 562333 752341 428180 163168 347762 406651 791762 777974 738424 296392 611919 275046 876459 799609 858420 22009 279395 867274 779428 721698 429555 774482 423435 564018 635475 89467 147918 788363 477339 951473 323009 553979 791233 281759 619460 514224 146742 607360 313640 530690 595590 247838 809678 450815 740764 887256 725476 805162 353619 513284 514842 474098 1032795 620026 335100 739937 743686 268491 14391 486586 177973 442959 725194 947842 558668 513688 655561 451113 942534 538883 806051 735988 338630
885163 844155 1065533 1075343 375021 699813 776731 858379 901047 815909 628610 587302 953655 1001975 999999999 321627 782652 892854 1000175 1279050 1072395 657126 612252 320648 508988 832005 360062 454842 923944 682336 838880 1171652 844273 436288 714396 520709 730335 943583 773054 793662 234288 681033 1013711 745886 230163 538202 370889 1227058 741356 1260865 455518 564980 1000457 860026 852014 1245885 744484 932955 707920 268513 786961 495494 517112 1059989 932468 818085 730844 407121 859910 811852 612881 1005247 966356 307022 845096 655198 572819 960289 680216 886174 431684 785927 792469 690017 777763 1008866 515940 892285 671365 290122 749646 1048122 570502 663560 888699 923315 1135512 999358 720635 736233
569280 527543 743957 767263 288299 438232 457969 671546 710489 581015 442438 282205 768662 706359 321627 999999999 551383 578502 706004 957824 752363 344408 358292 55647 213619 594849 171520 240225 652120 477920 544801 850696 524076 226766 470358 272878 467998 643526 516688 574243 94310 473016 720799 480662 165564 311591 98141 905436 493395 939532 245165 272207 719859 574050 596656 924497 563756 611344 401359 89127 469951 187435 199495 747991 632206 497247 420902 135017 610638 567452 399977 723526 723677 19583 595347 352763 251713 647592 360986 705712 110869 558014 529148 435920 519791 715089 230148 579430 472428 181447 566256 737010 387153 381201 571363 704022 819478 732014 461693 416971
393917 385796 607475 816671 827027 133353 545521 162744 186199 914674 172886 328980 1142036 327958 782652 551383 999999999 382293 320531 813287 559789 339095 194522 510898 596518 50415 427055 331578 882145 112624 234235 654860 550704 719846 821788 702918 116304 774832 80479 936012 630183 878990 325276 118018 714311 750912 608914 735778 829502 739286 329728 617775 273305 204623 884422 779125 980768 530112 612397 639775 374379 557711 418798 461000 766440 441982 602297 417000 90305 886936 170104 903296 1006756 570398 895767 287402 476346 702434 511552 1095623 510180 11042 820199 781401 84916 325183 330523 368824 127260 492611 979575 774316 221361 688174 614865 1036067 791683 953448 787298 393921
19006 55843 230085 443559 763083 305186 254847 533125 541170 650582 487231 307566 873035 190487 892854 578502 382293 999999999 196656 448648 198889 235731 359826 572208 477781 371710 563569 493282 566674 447545 148424 302899 217794 625536 588552 563487 293610 432136 304606 686010 672658 670545 212311 281019 729066 601501 573821 376682 584397 394468 496990 459859 263031 186658 598771 413277 762180 153543 365829 656131 111114 458779 379022 170449 426372 124332 341525 490991 336439 619274 436597 562859 700989 596253 615283 245363 352977 341936 293162 842355 478653 392651 549492 555075 299063 204618 387566 15096 459911 639453 758388 401342 496814 468804 267768 753418 409603 624716 546310 169426
215630 245099 346024 607882 926938 318177 450738 430987 424429 847230 476675 424014 1069426 9524 1000175 706004 320531 196656 999999999 518281 280118 371462 401269 686456 647280 285889 646467 559136 759711 421631 161854 357155 413413 794059 783343 741595 291588 619781 268999 882389 799068 863350 16364 274567 867381 782896 722633 438925 780125 432530 560719 638810 80037 143957 795024 486763 956770 331062 559085 791217 285700 621493 514740 156172 615130 319236 536057 594117 239624 815929 445535 748807 894574 725175 811722 353405 515492 523045 478216 1038999 620680 327521 746135 748824 262465 9274 485154 183819 436449 722465 953194 567487 508300 660333 458586 949343 548222 813864 741457 342107
444808 474378 224002 311691 1051764 753025 505770 945185 941821 731913 934833 728028 889987 508907 1279050 957824 813287 448648 518281 999999999 254287 651670 807207 968357 788606 790338 987602 929801 575301 892068 584890 161209 435974 916003 738637 830156 739082 438554 742000 780173 1045835 829637 522404 725135 1078845 847757 918844 79364 718470 103325 934284 743420 594670 608713 658556 35487 884253 350638 597738 1017353 522035 790605 770485 362287 444463 471683 569646 904143 747065 704680 885212 505177 684957 972028 678949 679003 706246 359412 600343 893093 847383 822530 655474 726544 735826 518330 813057 458482 905153 1059936 877632 303927 945395 683330 401370 771469 199586 576550 700451 558233
198579 234374 73612 350769 897624 500180 340712 696140 695838 681696 681547 496939 883606 270610 1072395 752363 559789 198889 280118 254287 999999999 421509 558572 753599 615699 538801 756514 690323 556947 637932 330625 104221 272948 757866 649890 682110 485283 405355 487770 725101 844862 740262 287954 471113 891364 711325 731422 179092 637531 196068 694271 582834 359898 355185 616280 219643 817727 158377 454135 822706 288724 606848 555384 130430 404724 255738 425119 679061 496760 650559 633341 521338 688971 768717 635770 440075 508502 301382 418791 867399 645831 569216 586305 625240 481619 282384 580036 207014 651112 831392 812458 315147 694385 555846 278061 759819 273490 592912 607178 336232
228459 188368 428387 542599 556970 208132 227604 499709 525289 575616 353183 76397 802955 370353 657126 344408 339095 235731 371462 651670 421509 999999999 199221 336483 284822 360795 336585 281229 553022 340642 217592 524225 260440 427589 483667 387060 223076 465650 267636 597248 438718 545486 387187 224712 500024 432685 351400 588797 490598 615667 286298 290792 400912 257571 547389 616572 646437 303278 274608 425187 132798 254012 146144 403967 455735 181661 267357 257623 352438 548066 291628 586557 672374 362661 557916 53280 152353 417129 173767 757181 250514 349670 481929 443610 266626 380728 161403 235575 346960 410461 644727 502966 336470 349981 325435 697631 555279 628408 448406 96052
362435 334714 584971 736546 632601 87641 426766 333466 367401 755973 154082 155880 979444 404955 612252 358292 194522 359826 401269 807207 558572 199221 999999999 320856 412200 236588 252357 159790 748776 150089 249553 662270 454787 528068 655669 517967 118090 664816 162384 771520 440470 703668 412810 133851 522572 566266 414616 736418 667054 753413 160617 440938 390268 257329 735798 771734 805571 475296 464858 447159 296030 371771 232394 497998 654938 360983 461780 225304 254142 730608 92407 785426 863683 377532 744421 149183 303870 612569 366479 928369 317122 202084 667891 614790 166551 409160 136689 351728 153154 325874 805103 695858 142044 524380 520734 881282 738163 825490 625284 285580
564639 523807 750624 793086 341034 404338 476282 624479 664194 629376 393028 267398 821228 687524 320648 55647 510898 572208 686456 968357 753599 336483 320856 999999999 254723 556060 116105 190339 692715 431601 524604 854090 539179 281966 518443 323774 434690 674466 482092 624655 119629 525437 700694 448411 203974 364256 152257 912560 540561 944212 194760 312175 694558 550235 641422 934380 617548 618920 431531 132353 466808 223016 198875 739574 663137 501147 448519 96137 574916 614460 353916 760821 769798 68691 641181 336416 267864 670871 379748 758854 135567 516888 572918 482725 485691 695379 202363 571688 425190 130827 619871 760963 336551 422141 590649 753585 838882 773148 507205 417505
463275 421992 590581 566400 285713 464478 284241 745339 777846 380602 545014 268267 587240 644765 508988 213619 596518 477781 647280 788606 615699 284822 412200 254723 999999999 628338 347375 371205 438779 559596 500879 704086 355396 147869 270280 106401 487884 435801 537012 382545 278044 297504 663485 494416 292455 154487 138141 746509 289960 786994 377718 58691 684068 542231 387292 757556 398042 460767 199520 240504 368667 41746 179807 644633 424583 367358 224009 265000 628275 363001 487998 510158 516598 218720 387978 323454 133035 453320 196922 529799 128095 605853 318373 232059 537569 656507 282450 483981 559715 384535 398442 539935 502057 167822 388673 507081 630754 518930 254195 309706
385175 382480 590897 812400 866833 164578 555564 161428 173501 933947 222471 360090 1161980 293979 832005 594849 50415 371710 285889 790338 538801 360795 236588 556060 628338 999999999 475317 379669 892912 162151 223996 630368 554294 755990 844360 734535 140642 779337 93185 957414 675600 905168 288768 136267 758776 782170 648551 711963 850615 712321 378083 645991 231388 186705 900237 756783 1006547 523233 630082 683635 378635 590616 453111 432847 771457 444331 617890 461278 46682 905470 220042 909116 1020048 614050 912470 311388 504270 702020 529933 1117599 548198 50716 837677 804386 94318 289558 370342 357456 176518 541891 1005026 769997 271752 710707 616834 1053375 780616 962070 808489 405150
559717 522159 764800 845378 455630 339988 520471 523923 565051 727803 289546 260279 927853 649065 360062 171520 427055 563569 646467 987602 756514 336585 252357 116105 347375 475317 999999999 95689 775328 335185 487360 859935 575120 395999 617158 429664 370437 738432 413052 727254 218658 632625 659220 386155 307151 472855 265424 925382 637325 951617 97330 400723 641802 504063 732665 952648 727426 637670 499245 242916 468712 309675 232088 722493 727250 516070 511046 91880 500928 710311 260238 836287 862889 184455 734523 318223 320458 719872 428930 866927 219390 431395 662886 579397 417719 654862 176495 559998 326601 76689 729334 809928 231016 509232 633427 853860 877701 856158 601193 429444
491798 457223 705819 814464 528360 247129 489641 434735 474958 747465 202709 207152 958435 562333 454842 240225 331578 493282 559136 929801 690323 281229 159790 190339 371205 379669 95689 999999999 774847 243031 402982 794483 535850 449703 639011 466552 277242 719611 318415 753028 305301 667252 571217 293373 392633 513010 321626 863807 656171 886372 6597 417034 550042 415583 742875 894466 766050 583936 490087 322684 407776 330049 216631 645161 708761 462676 496601 113154 405408 726730 166438 827320 873773 257011 747331 251092 308742 688053 406333 900685 248023 336123 672718 599297 323267 567261 124698 487954 235705 166396 767081 776651 146941 519521 598186 874707 835298 855063 617184 377229
547925 529733 490150 264433 591728 757705 337352 1044887 1065245 164320 902119 596756 327664 752341 923944 652120 882145 566674 759711 575301 556947 553022 748776 692715 438779 892912 775328 774847 999999999 893600 685649 587410 350044 489439 220379 403239 767052 151992 803968 212582 706680 292987 774314 764134 694166 390104 567302 578772 192834 631058 781359 380653 829645 732676 92494 559184 318806 433300 286823 664368 517039 470134 558217 662859 152240 457096 287019 685720 871069 143894 840157 91169 135076 655864 110873 606132 466285 255660 382371 319968 560210 893127 132621 235812 801079 766731 658129 581066 899544 820985 311577 273763 876036 270968 301352 204080 375716 80832 204301 488442
455561 438068 677513 860959 762633 146846 564739 193791 232670 905736 60325 305645 1129512 428180 682336 477920 112624 447545 421631 892068 637932 340642 150089 431601 559596 162151 335185 243031 893600 999999999 307490 737506 583640 667986 805757 664528 153938 801484 154751 921600 548197 853000 428342 167048 635102 712802 547787 816596 817030 825173 239708 590452 382115 290699 884145 857136 954811 584219 612162 563571 412661 518578 380217 551546 792111 480976 607296 343538 202469 880106 77946 925529 1011157 495926 893247 287730 453959 740481 512508 1078407 456524 111579 816745 764879 161316 427293 278428 435930 15000 394197 954475 819210 112876 674336 649634 1030737 849440 968981 775207 416500
161238 160913 374002 588670 774270 175686 352467 385367 395314 746879 353304 263437 974249 163168 838880 544801 234235 148424 161854 584890 330625 217592 249553 524604 500879 223996 487360 402982 685649 307490 999999999 430122 338615 645019 669370 600425 156442 562671 158135 776471 637560 741944 176203 141332 707104 644396 565529 509121 670640 518433 405145 500297 183383 47551 704208 550102 839858 299244 445331 630676 170405 471439 356388 250772 555541 229051 427283 432424 191477 716689 309948 693491 816904 564062 718573 193046 367844 480504 352399 936384 462578 244470 647013 631789 152247 170781 323424 134679 320879 563786 837153 546282 372756 539291 398191 859470 558023 750422 629686 214096
302790 338064 115242 348756 981793 602068 422458 784302 780628 727009 782729 600011 914471 347762 1171652 850696 654860 302899 357155 161209 104221 524225 662270 854090 704086 630368 859935 794483 587410 737506 430122 999999999 351703 842549 709287 762934 585978 436717 585505 772871 942335 801003 361575 571330 985420 788471 824868 81965 693831 91896 798454 666927 433997 450770 657433 129888 870846 243648 530496 918485 391489 698527 655379 201091 438744 353567 501230 781458 586650 696883 735767 536971 713249 866565 677628 544066 603631 337095 507913 905576 742791 663856 637275 688933 579207 357353 683527 310543 750986 934529 865021 321965 797205 628078 340493 791321 248301 610369 667626 436708
198855 180036 236837 282312 630130 438460 71276 711917 727795 436547 606104 329382 656269 406651 844273 524076 550704 217794 413413 435974 272948 260440 454787 539179 355396 554294 575120 535850 350044 583640 338615 351703 999999999 491041 385972 411490 440781 225067 470436 474654 610483 473740 428642 434406 643359 438848 483059 391121 377581 432081 541447 315485 480643 384881 381764 403814 558224 115029 181208 581401 176364 354880 346272 340591 217400 110163 152171 485964 527889 405008 546099 355322 483735 537509 398784 306011 272641 157816 164427 628047 413236 561729 335995 357424 466582 420970 411543 231817 592547 642148 553694 242530 595200 283308 66134 535932 302641 412044 342933 169244
610861 569722 727867 667757 139778 591494 420095 859599 895041 382387 643394 399426 548560 791762 436288 226766 719846 625536 794059 916003 757866 427589 528068 281966 147869 755990 395999 449703 489439 667986 645019 842549 491041 999999999 278295 90481 617387 527766 667322 365547 238405 256530 810202 625843 206184 102238 130619 879701 305113 922548 455598 175624 828401 684857 415726 886589 340166 600947 318277 193778 516534 173587 303485 791805 517269 513494 346594 336561 760674 376261 592035 573480 532016 218724 409036 461326 278598 566766 340483 483808 211605 728375 357182 254210 668632 803306 391776 631835 665610 405821 343304 647419 593252 243300 514933 496925 745646 563557 285280 457569
570020 538254 597525 446985 371625 689077 334094 980126 1007807 110963 800151 500568 323954 777974 714396 470358 821788 588552 783343 738637 649890 483667 655669 518443 270280 844360 617158 639011 220379 805757 669370 709287 385972 278295 999999999 200752 706377 304939 751253 115959 509098 91914 799424 708375 484427 176196 376441 722902 27755 772511 645584 222178 840099 716263 138370 715555 173644 497815 225184 465008 503494 309991 432481 726475 297161 464462 247290 535090 833490 98663 740177 310048 255609 469829 130741 534448 351815 381182 318216 273906 398276 832151 91602 40884 750091 791778 538849 600246 808297 649265 169871 439814 762627 133694 372268 236807 546014 288556 43047 455284
547560 507846 647791 577489 221610 570814 341682 851313 884084 309990 647752 374541 498321 738424 520709 272878 702918 563487 741595 830156 682110 387060 517967 323774 106401 734535 429664 466552 403239 664528 600425 762934 411490 90481 200752 999999999 594005 437292 642980 301365 308595 202983 757920 600267 291119 48305 176725 796534 225839 840647 472906 103635 782757 643165 334395 801445 299714 524011 233833 264758 458046 146198 285689 725446 426808 445865 262819 355849 733770 299299 591882 485413 456313 270672 329928 428135 234820 478169 271486 437352 218531 712251 272158 170983 643423 750733 386468 571273 664182 453820 301026 557700 602651 153002 430266 431400 656818 479235 200619 400025
301750 285810 523609 713034 731776 30644 431258 278382 302346 798503 196899 219765 1026001 296392 730335 467998 116304 293610 291588 739082 485283 223076 118090 434690 487884 140642 370437 277242 767052 153938 156442 585978 440781 617387 706377 594005 999999999 663286 50057 820271 553827 765342 301652 17031 633444 641583 513912 664257 713659 674741 277629 505510 273395 149516 768178 704028 866904 432090 496093 557108 265722 450492 313961 405712 654557 334206 486153 338558 144418 770684 155670 790623 890865 487512 779471 172035 363783 595299 395250 980082 411931 127058 703895 666126 52154 298815 238638 282079 166405 443593 865521 670939 218840 572696 505966 919765 696926 839191 671462 279702
414045 402392 338159 143460 650908 658697 238053 936530 952836 295040 818573 523150 479585 611919 943583 643526 774832 432136 619781 438554 405355 465650 664816 674466 435801 779337 738432 719611 151992 801484 562671 436717 225067 527766 304939 437292 663286 999999999 694788 342746 713844 393955 633709 657818 720190 440962 573606 433272 282589 485038 725809 378740 692836 608293 222903 418592 445907 289282 242944 675677 401020 456213 508341 514300 11332 335181 227628 646562 752728 266766 757204 131038 283876 651623 243339 516354 418008 103994 313307 468882 538976 785871 217981 299932 691093 626260 596394 447028 809332 794929 439376 135664 800861 284817 165067 355885 242114 194217 270599 385342
315377 305727 532075 736438 781780 78537 466860 241884 261521 841415 207809 269195 1069332 275046 773054 516688 80479 304606 268999 742000 487770 267636 162384 482092 537012 93185 413052 318415 803968 154751 158135 585505 470436 667322 751253 642980 50057 694788 999999999 864463 601503 812067 276947 43142 681966 690411 563860 665480 757690 672093 318161 553316 239115 136201 808804 707411 913404 450599 537871 605815 294077 499952 363858 397042 686488 361551 526402 386068 94532 813125 179607 823555 929775 536158 820709 218302 411650 621956 437454 1024587 461970 91447 745628 711243 6587 275229 287954 291612 169177 484569 911864 694103 241146 617585 534458 961443 713192 874503 715544 315531
667148 638370 666103 473109 430116 803644 431827 1095025 1122159 48641 916073 616269 207999 876459 793662 574243 936012 686010 882389 780173 725101 597248 771520 624655 382545 957414 727254 753028 212582 921600 776471 772871 474654 365547 115959 301365 820271 342746 864463 999999999 603164 112888 898211 821757 566951 266084 477674 775498 106839 826931 759580 337102 942767 823748 122395 761189 106234 580664 331352 558529 608144 423155 548185 813205 338186 563481 349697 647439 945095 76229 856134 300388 180676 571702 102449 648618 467703 436195 428656 160456 509726 946458 139522 156826 863097 890523 654557 698573 924212 755029 99050 476247 878220 248197 448709 131397 581535 253317 148925 563093
663258 621430 834372 843031 249659 523573 542569 739874 780250 617025 506495 375794 785835 799609 234288 94310 630183 672658 799068 1045835 844862 438718 440470 119629 278044 675600 218658 305301 706680 548197 637560 942335 610483 238405 509098 308595 553827 713844 601503 603164 999999999 494930 813715 567300 88518 337366 140859 995378 534430 1030556 308990 335603 810825 665555 642544 1012939 576068 701636 475347 44657 563811 261674 293641 842252 702622 589331 497494 215439 694490 607744 471007 783621 764699 76482 638506 446218 340205 726624 446227 720318 199634 636008 578355 479157 605023 808114 318912 673689 541000 192771 579705 814907 448635 439288 654411 734537 901345 784780 507830 510226
652335 618642 688932 534482 317916 745639 418077 1033853 1063824 143102 841565 551877 295792 858420 681033 473016 878990 670545 863350 829637 740262 545486 703668 525437 297504 905168 632625 667252 292987 853000 741944 801003 473740 256530 91914 202983 765342 393955 812067 112888 494930 999999999 879572 768933 455109 161436 375156 814740 111416 864408 673691 262782 916832 788078 202005 806953 101978 586833 304728 450293 580084 339238 473459 813434 386716 546221 329596 557866 897842 151444 783517 384155 291085 468691 187105 593781 402893 472864 389709 234391 419864 888995 176481 116479 811479 871983 578566 681578 854118 654462 101484 529415 799516 203462 463191 242556 635816 350004 133498 528627
231255 261213 355246 619475 942926 328841 466645 430428 422257 862880 484162 438966 1084789 22009 1013711 720799 325276 212311 16364 522404 287954 387187 412810 700694 663485 288768 659220 571217 774314 428342 176203 361575 428642 810202 799424 757920 301652 633709 276947 898211 813715 879572 999999999 284621 882481 799249 738229 443056 796091 434755 572674 655153 72606 155639 810343 491411 972880 344697 575253 806242 302059 637561 530129 161453 629199 335210 552135 608017 242208 831555 454660 762431 909239 740008 827123 368375 531619 536386 494567 1054657 636134 331846 761795 764985 270465 7694 499118 199656 443232 735055 969284 579336 517196 676591 473066 964534 557781 827864 757499 358464
289849 275688 510735 704503 741900 46249 427538 280761 302610 799081 212129 227011 1026885 279395 745886 480662 118018 281019 274567 725135 471113 224712 133851 448411 494416 136267 386155 293373 764134 167048 141332 571330 434406 625843 708375 600267 17031 657818 43142 821757 567300 768933 284621 999999999 646202 647615 524385 649954 715017 659763 293883 510231 256898 132686 767301 690160 870286 421790 495866 569713 258545 457657 322387 389726 649269 326778 484977 352288 134842 770944 172338 785819 889024 500210 778966 175163 368589 587869 395262 981811 421893 129015 703688 668313 43157 281786 250786 269108 180018 459644 868760 662308 235496 574692 499180 919551 686164 835496 672853 275921
718078 675832 874388 855579 173653 603580 573091 827367 867482 587116 594442 443672 736848 867274 230163 165564 714311 729066 867381 1078845 891364 500024 522572 203974 292455 758776 307151 392633 694166 635102 707104 985420 643359 206184 484427 291119 633444 720190 681966 566951 88518 455109 882481 646202 999999999 308249 160712 1033325 511295 1071385 396534 344528 884112 737975 621888 1047093 526154 742243 491231 76846 618454 288525 354026 899500 709250 636133 516381 297504 775719 582158 557605 776373 737299 146000 615162 514174 382910 745304 479871 670004 250559 720506 562451 459883 685157 876543 395701 731543 628263 278102 530645 830921 536794 437131 680555 697620 923123 769254 490582 562199
585051 546193 673244 583417 209946 618644 370841 899596 932298 280556 695702 422324 457101 779428 538202 311591 750912 601501 782896 847757 711325 432685 566266 364256 154487 782170 472855 513010 390104 712802 644396 788471 438848 102238 176196 48305 641583 440962 690411 266084 337366 161436 799249 647615 308249 999999999 213730 818040 203210 863562 519313 144409 826078 687742 314022 820219 254687 552949 258107 292793 498102 194500 333967 760738 431019 481676 287372 401584 780820 274025 640036 476044 429875 307375 306918 474851 280886 491464 308370 394658 265133 760287 257489 154299 690762 791977 434681 609925 712406 493037 256485 566828 650178 164448 451429 397342 668648 462744 185958 440810
561894 519617 713682 704454 218283 485952 413124 741051 778076 486436 519025 305363 670673 721698 370889 98141 608914 573821 722633 918844 731422 351400 414616 152257 138141 648551 265424 321626 567302 547787 565529 824868 483059 130619 376441 176725 513912 573606 563860 477674 140859 375156 738229 524385 160712 213730 999999999 872673 400498 910681 327315 194984 746767 600604 506369 886871 465645 581586 337151 102379 462745 128244 209420 744108 562420 476719 360647 209032 658330 474457 470592 643116 631309 94029 503695 373690 223593 590255 319271 607591 103726 616680 440572 343807 566000 731886 278466 577288 544201 279452 468121 677533 466929 298700 522038 608052 766753 646054 371157 405331
374449 406681 161942 323486 1017545 679263 462283 866229 862574 728143 860623 665127 901577 429555 1227058 905436 735778 376682 438925 79364 179092 588797 736418 912560 746509 711963 925382 863807 578772 816596 509121 81965 391121 879701 722902 796534 664257 433272 665480 775498 995378 814740 443056 649954 1033325 818040 872673 999999999 704913 52456 868048 704945 515349 531394 656155 50459 877070 294129 562705 969073 457174 744912 713796 282968 437347 412018 533804 844180 668417 699308 812297 517834 697414 920472 676600 612726 655202 342240 553467 898733 795924 744889 644628 706709 659240 438968 749644 385593 829887 998908 870812 305460 873141 654681 366712 780212 212882 590966 682778 497657
565686 535350 583165 423614 399345 697332 329556 988877 1015680 91295 813277 511419 313033 774482 741356 493395 829502 584397 780125 718470 637531 490598 667054 540561 289960 850615 637325 656171 192834 817030 670640 693831 377581 305113 27755 225839 713659 282589 757690 106839 534430 111416 796091 715017 511295 203210 400498 704913 999999999 754993 662759 239273 838775 717810 110910 696128 180926 487600 225309 490509 503089 328720 447041 718043 275301 460889 245005 553908 838284 74063 752839 282775 230821 493476 104271 542153 363771 362708 321878 267251 418034 839982 66069 57984 756297 788420 553233 596521 820028 671363 176186 418005 777161 142702 359474 218549 524401 260851 42204 456927
394646 429903 197003 375814 1061040 691722 503347 863068 856831 779721 871637 691580 954032 423435 1260865 939532 739286 394468 432530 103325 196068 615667 753413 944212 786994 712321 951617 886372 631058 825173 518433 91896 432081 922548 772511 840647 674741 485038 672093 826931 1030556 864408 434755 659763 1071385 863562 910681 52456 754993 999999999 890334 747258 505883 536433 707940 89126 928080 329375 606959 1005651 483021 783521 745367 279531 488904 443143 577863 872660 667623 750714 825747 570253 749862 955090 728374 635953 690961 392625 592194 951026 830922 747934 695287 755394 665708 431468 775255 401757 838872 1026074 921881 357867 887494 700932 412267 832638 264803 643355 732022 527228
495712 461406 710287 820285 533396 247669 495575 430898 471295 754053 198310 212538 964953 564018 455518 245165 329728 496990 560719 934284 694271 286298 160617 194760 377718 378083 97330 6597 781359 239708 405145 798454 541447 455598 645584 472906 277629 725809 318161 759580 308990 673691 572674 293883 396534 519313 327315 868048 662759 890334 999999999 423616 550694 417036 749465 898931 772435 588789 496531 327049 412300 336582 223141 648082 714969 467628 502953 119112 404463 733326 163570 833706 880361 261767 753926 255407 315225 693873 412551 907161 254375 334081 679309 605877 323104 568793 130550 491504 232076 166410 773482 782395 142032 526116 603914 881294 840651 861561 623779 382330
443978 404212 552284 511432 315085 484518 244480 771340 801855 330547 580885 289522 544204 635475 564980 272207 617775 459859 638810 743420 582834 290792 440938 312175 58691 645991 400723 417034 380653 590452 500297 666927 315485 175624 222178 103635 505510 378740 553316 337102 335603 262782 655153 510231 344528 144409 194984 704945 239273 747258 423616 999999999 681717 544024 332009 713279 364736 425523 147618 296939 354643 91130 212150 622337 367584 342783 174344 315237 641780 310821 521946 451470 462173 277401 333904 335618 141728 401315 168345 489675 181852 627599 262435 182267 553191 647916 318278 467648 591861 441236 364178 486399 541440 109995 342097 457734 579767 460994 201218 296880
281874 305116 426055 686319 957184 303047 511492 363321 352572 909594 440460 442231 1134100 89467 1000457 719859 273305 263031 80037 594670 359898 400912 390268 694558 684068 231388 641802 550042 829645 382115 183383 433997 480643 828401 840099 782757 273395 692836 239115 942767 810825 916832 72606 256898 884112 826078 746767 515349 838775 505883 550694 681717 999999999 146386 860417 563865 1012623 405810 614923 807327 336911 654819 537348 234058 687665 380248 593775 599615 185034 878593 418568 822746 964019 739351 876430 373083 551052 598126 527868 1100986 643316 278320 808594 804093 233111 77605 492319 248832 397113 716074 1009443 645594 479348 713381 529775 1015471 628182 886404 799022 389094
201485 205931 404609 629854 812003 174783 399973 347615 354529 794349 341569 295856 1021769 147918 860026 574050 204623 186658 143957 608713 355185 257571 257329 550235 542231 186705 504063 415583 732676 290699 47551 450770 384881 684857 716263 643165 149516 608293 136201 823748 665555 788078 155639 132686 737975 687742 600604 531394 717810 536433 417036 544024 146386 999999999 751747 574508 886361 339790 492515 661230 217941 511384 391216 260871 601362 275756 474704 456104 149793 764191 304982 739240 864178 593502 766124 226948 409368 524277 398843 983731 497071 214039 694534 678483 129710 151840 347889 172012 304931 579687 883735 587553 368117 585752 443487 907016 594215 796884 676762 261015
579766 555759 553862 350733 508320 755364 351926 1046331 1069909 73767 886488 580477 274519 788363 852014 596656 884422 598771 795024 658556 616280 547389 735798 641422 387292 900237 732665 742875 92494 884145 704208 657433 381764 415726 138370 334395 768178 222903 808804 122395 642544 202005 810343 767301 621888 314022 506369 656155 110910 707940 749465 332009 860417 751747 999999999 640271 228277 479479 272804 599005 533806 423135 528353 712519 219391 480876 282406 646041 882786 51454 824967 183102 130915 598129 20459 600496 439344 320472 373637 251218 513814 895225 70185 163442 806612 802664 632582 612336 888638 771703 221239 354752 855093 224063 345443 155416 459573 150895 135231 496413
409346 438908 188647 297978 1023019 717788 474063 912283 909567 713212 899643 692948 877731 477339 1245885 924497 779125 413277 486763 35487 219643 616572 771734 934380 757556 756783 952648 894466 559184 857136 550102 129888 403814 886589 715555 801445 704028 418592 707411 761189 1012939 806953 491411 690160 1047093 820219 886871 50459 696128 89126 898931 713279 563865 574508 640271 999999999 864430 316113 568369 984931 486719 758674 736290 330597 423835 436876 540009 869475 713794 685327 849862 492747 672824 938877 660718 643622 673076 334831 567981 878332 814204 788440 634009 702043 701262 487118 777939 423199 870170 1025147 857939 285853 909986 655947 371656 757870 185219 565071 676648 523366
