NAME : synthetic_000127
TYPE : CTSP-D
DIMENSION : 100
GROUPS : 8
RELAXATION_LEVEL : 1
EDGE_WEIGHT_TYPE : EXPLICIT
EDGE_WEIGHT_FORMAT : FULL_MATRIX
EDGE_WEIGHT_SECTION
999999999 437362 358465 307298 710540 625384 558638 324118 757142 992543 427874 645154 471321 72899 402798 523170 305877 447304 383701 862133 523406 628966 760325 712344 701697 389567 232184 670471 583796 557975 154523 678371 79043 187140 685424 431835 480852 245627 287296 483950 299248 512133 547341 68506 601811 646327 230165 335919 87983 413676 348256 163797 246874 455177 292646 451127 900568 575946 833205 635970 421893 579286 801317 491065 359555 550028 191900 225179 771694 681068 605296 727085 182770 904677 647577 402504 553494 883977 538277 634984 398221 679217 192898 328995 638872 545555 572085 128696 676548 278593 278203 177080 612662 542864 167514 723681 414903 340390 70886 317125
437362 999999999 232417 698673 504480 595175 124550 555527 375545 604924 561844 758610 72441 498421 185296 175959 245721 395082 402364 436513 623482 622089 329437 331748 336584 417024 206279 484338 260243 319218 338969 241568 402114 603581 561426 426849 173744 533662 715958 362491 363757 515189 731481 451278 205768 426787 453443 363952 468512 359570 295587 451731 336475 228648 158738 673102 552639 180169 401790 435901 379534 756253 526603 68598 529609 112895 246221 340058 496069 294529 737353 433939 269988 508839 225036 350117 390123 510687 650973 272440 244964 782733 630241 466728 583639 683196 335829 386462 310179 290292 336826 550243 183801 566157 526445 399873 333767 545753 433052 701685
358465 232417 999999999 663681 718860 380603 337443 344788 604759 644385 331705 526708 204635 391986 64177 193905 52856 548734 526466 548982 391114 402860 529208 562008 355004 539840 189042 334433 233077 531648 208080 429465 368193 470205 380813 565404 391338 345757 641088 161154 145343 288532 501431 335666 284275 641028 262078 135509 427469 507985 427278 455609 144906 425122 243889 450264 543747 411553 532553 645471 151250 525218 445774 299496 307011 316073 210026 160336 415493 524514 504938 368785 186092 562690 348932 495891 585167 533007 418558 504856 41186 551593 530716 547728 376087 450999 548866 250181 542306 383445 423758 522658 329910 338628 505245 631609 489022 329332 317377 672108
307298 698673 663681 999999999 794246 914385 807266 569150 945722 1285420 692418 887727 747894 299167 703231 815384 611617 523910 450746 1135024 785839 912552 993779 904930 996708 446022 511695 976962 882703 699277 461807 927458 303823 311665 986735 484764 680530 485122 120008 790575 601838 802623 768773 350056 886167 752781 509117 639021 238838 510856 489934 250566 552565 627598 540169 668984 1201655 795378 1100076 733234 725771 799675 1108166 737310 623801 805139 474389 530891 1078352 881213 844328 1032355 480987 1194034 921685 505540 653263 1179852 794053 826440 704049 922464 209045 343991 931931 790034 707847 431751 864275 442957 409058 148704 882122 826098 172238 878182 528402 593967 363973 17102
710540 504480 718860 794246 999999999 1095857 470857 973582 321077 954003 1021134 1236188 567490 782610 684942 665829 711151 275647 349232 727957 1098398 1120544 484259 314973 773285 351028 583382 984353 743250 187334 718759 509789 634157 894340 1065436 310118 331387 919864 879468 864646 818140 1007305 1183389 765737 648842 78018 859697 831942 671897 300871 362875 593705 770857 295960 496766 1105339 964973 372902 676828 76751 870062 1212179 996379 455039 971832 493941 600931 763172 968534 329496 1208355 904882 648368 861592 612523 310690 157067 899690 1123708 291765 741380 1263993 860299 450975 1086465 1149702 170174 750896 287945 433047 434551 690791 574779 1057046 667638 199885 295894 974768 754933 785997
625384 595175 380603 914385 1095857 999999999 669832 367925 939522 698853 242475 236667 542673 615663 411237 466313 401954 925829 896612 728492 181096 36794 819965 901649 498650 909092 553664 220540 422966 908611 487220 721683 672921 627699 134867 938586 765151 441980 847288 232840 334600 113266 312236 568453 533604 1017841 405276 302733 712370 884798 802927 771270 392922 804623 622111 349507 556078 761231 738658 1023818 234213 312465 383453 654616 301789 644899 559927 412412 372835 864810 247584 386052 518440 660950 604733 872441 965556 596422 198325 858376 354633 241324 724710 899577 35109 236663 925719 497779 890915 751873 787073 801576 611913 93191 792857 989541 867367 338613 557786 927563
558638 124550 337443 807266 470857 669832 999999999 673451 271807 535254 668877 853673 134017 621449 279678 207230 360652 434999 461703 340018 722182 700245 204888 232131 306166 475894 329500 524008 276217 303312 463403 120902 517969 727687 613755 474859 178614 655951 832676 439971 477532 603514 838424 575248 178076 397872 574669 472745 583517 406999 362157 557256 455917 251776 270758 786443 511213 99243 298420 413833 473582 861450 525687 69977 642734 25215 368978 461231 497687 195057 836314 434026 394447 437515 153545 400491 391235 455858 750365 193883 339397 875162 751419 543989 653071 785102 316930 510975 222256 377619 421652 660221 110117 654532 635588 325016 379075 661730 557143 808876
324118 555527 344788 569150 973582 367925 673451 999999999 929320 941146 127815 324279 545324 284949 408764 534120 313064 737661 685021 883778 217382 357160 871639 884660 669219 693731 394240 504415 550895 797208 255016 772992 395256 265445 472625 732854 679077 84580 487810 351084 199445 269011 224181 255926 624780 900517 113928 216422 408734 698971 620842 487751 219344 684801 482887 133186 816406 733145 872378 896831 271720 255937 670132 623840 68254 654395 372793 218946 647098 848092 282868 626343 325855 873194 692284 686564 820759 828158 224980 817895 360423 358867 367054 648238 393454 224628 813734 228648 858448 553487 571126 481650 674690 274806 480572 933727 691829 29628 254781 584049
757142 375545 604759 945722 321077 939522 271807 929320 999999999 647392 936174 1125230 404945 827482 549864 473550 621265 455441 515816 419259 992965 970693 174993 45378 518055 526028 552101 779486 530307 262445 697595 237366 697563 940526 874734 502388 276702 900869 999605 711245 739302 875320 1105948 790665 419456 280944 823752 738586 755698 450470 455838 702829 709991 318499 470648 1048586 680317 196192 368567 307126 744845 1129977 747069 306981 905146 296025 586211 711501 723438 81232 1107148 662721 623339 560320 360118 451700 344419 608752 1021003 122538 610067 1146937 941864 622345 921245 1054989 261304 742043 82009 507087 536920 811072 336908 926332 785454 121193 426888 920685 774475 942730
992543 604924 644385 1285420 954003 698853 535254 941146 647392 999999999 862061 935496 543490 1034418 591429 470448 696202 970112 995186 228135 854265 735021 473371 641616 291011 1009576 773764 479493 411496 821108 850212 450933 981616 1113957 568985 1010061 713167 971113 1279567 590409 764652 719774 995244 978643 402481 894479 891900 735043 1047196 942094 892319 1047950 785579 786706 758482 997285 144797 609121 278984 916333 669430 1002780 319399 593534 880752 523675 811200 803265 326171 624509 944090 321719 810026 97749 385693 935277 914130 113230 879406 666617 610312 937858 1173643 1069960 664869 920874 831257 894164 666058 894989 941353 1137582 430281 753133 1115883 761831 914223 916067 960019 1290910
427874 561844 331705 692418 1021134 242475 668877 127815 936174 862061 999999999 223623 535347 400554 390146 500039 318612 805681 760899 832633 95659 229689 855624 893077 607347 771178 439088 401970 497389 837946 322472 754691 490872 392685 355874 807342 707563 208314 614795 279232 203905 153890 169774 362663 587463 945239 198026 197903 515402 765400 684121 587807 251061 726065 524409 135777 729612 741928 828254 944994 209903 194710 572354 629907 69304 647002 428260 261535 552457 855656 189528 541185 380418 802969 658902 752765 874182 750771 111714 833302 332470 255998 493356 738511 270136 129317 855011 312623 871852 621322 646325 595658 649221 149458 591693 956875 754236 99852 356999 706837
645154 758610 526708 887727 1236188 236667 853673 324279 1125230 935496 223623 999999999 720309 609228 576240 663303 525887 1028118 984374 957053 137799 200521 1024316 1084091 725902 994735 658185 456935 636645 1050893 546087 923646 711725 577176 368582 1030668 915405 408295 796349 421181 419403 253021 131966 577957 741675 1159373 418300 404337 731394 987633 905970 807383 471348 940251 741110 223229 792491 935926 963110 1160701 380571 110774 619170 824481 287639 829981 650053 483549 609407 1046572 44144 621510 602525 896443 814348 974987 1092361 832802 113561 1030695 515793 34767 680687 961256 270714 99788 1068088 535015 1067162 844171 869847 805926 814157 203880 804625 1158265 975637 304999 574558 903263
471321 72441 204635 747894 567490 542673 134017 545324 404945 543490 535347 720309 999999999 526424 145684 103866 232703 467504 473467 391085 588285 571678 326322 363948 267607 488120 240394 417328 187920 384898 353995 228516 446220 625354 498708 498926 240332 534521 755851 310549 347246 471264 704739 475416 141055 490497 451604 340144 512807 431822 366380 505549 331257 299597 215047 654749 483710 218801 362276 501365 339908 727550 454200 113656 511273 111655 280316 339333 423707 326483 702442 361505 293238 449039 176342 422240 459697 445284 616430 315786 205413 742325 662511 533882 528327 651085 401048 402148 349389 356180 402878 599226 142534 522382 576429 446870 406140 531972 456624 752119
72899 498421 391986 299167 782610 615663 621449 284949 827482 1034418 400554 609228 526424 999999999 443070 568971 339324 517327 451866 915107 495777 614989 824740 782515 743597 456857 292161 684686 623223 630867 184310 739990 148859 114416 688778 499672 551730 201338 251237 499790 306674 503585 502605 56535 651531 718942 210564 343875 132236 484664 420744 218849 262763 527727 359957 403774 935453 643915 888576 708304 430614 534572 825416 555191 331253 611307 252472 241787 796761 750662 567617 756361 233258 949304 701605 473714 625627 924042 507372 705609 429416 643811 139255 389122 632795 509560 644983 143038 747284 351262 349199 196702 668807 528395 196525 796098 486786 305840 74611 311990
402798 185296 64177 703231 684942 411237 279678 408764 549864 591429 390146 576240 145684 443070 999999999 131365 108373 536591 522882 486576 443110 437257 467059 508127 300531 536881 204435 328471 181041 497888 259079 366805 402056 527330 390508 558187 353943 409247 688886 179852 209358 330178 559293 387514 221008 606930 325464 197148 464758 496774 419084 482648 206802 396581 236603 512042 498602 359788 469009 613668 195764 581901 417133 248857 369384 257186 234459 220475 386069 470583 557294 333481 222342 506714 284827 485249 559158 481664 471141 455206 60458 599249 582322 556712 401662 505476 514927 304135 491050 384493 428025 558700 265967 381234 539476 584344 475332 392812 368800 710532
523170 175959 193905 815384 665829 466313 207230 534120 473550 470448 500039 663303 103866 568971 131365 999999999 239577 570440 573392 355270 538242 498173 361159 436759 181703 588002 304260 319334 84477 485871 386606 260349 511582 657199 406704 600709 342555 539620 810464 242511 336206 410345 665335 514365 90789 589661 455977 318385 576896 534125 466140 581941 338053 403367 302294 628762 393494 304023 339089 601800 292108 684859 350915 211134 489117 182016 340997 351812 320251 400471 650802 258560 340402 381507 159418 524224 562827 364727 566816 400516 173759 681875 707977 627612 447709 604525 501652 432940 429404 449626 496037 668004 151230 460361 646834 531997 508860 515922 495481 821241
305877 245721 52856 611617 711151 401954 360652 313064 621265 696202 318612 525887 232703 339324 108373 239577 999999999 524007 495769 594514 388356 420464 558923 577373 406180 508601 153011 379138 284709 525195 155273 461038 318254 419575 417170 536932 390278 304246 588239 198307 118037 301190 487474 283084 328474 633970 220583 122129 376234 482949 400989 407937 100236 415303 221796 427456 596580 425621 575630 636250 167745 513302 496983 314301 283895 341340 166919 112344 466930 540220 500295 421216 137135 613447 389743 470558 571263 585156 414525 515301 92446 553029 478192 508816 401691 443574 542410 197977 554392 351257 388854 471575 366781 348968 454732 638265 466071 301162 264716 620268
447304 395082 548734 523910 275647 925829 434999 737661 455441 970112 805681 1028118 467504 517327 536591 570440 524007 999999999 73932 765752 892105 944252 557317 422553 725929 78012 374760 863393 654910 193089 486181 529985 368743 626035 925934 46971 257084 674007 604497 708689 611911 823938 957295 507995 592345 228875 625099 634212 399739 41087 123413 318983 557289 183444 304847 870839 939485 369192 718925 209786 691699 987825 921355 381951 748082 448329 378204 544573 890654 410553 995179 828881 425594 872405 587115 53611 129565 889001 914610 352681 581603 1058892 585992 180524 924021 934679 196236 509183 381030 184870 169898 415195 542599 869915 391991 365753 61894 743920 499868 517025
383701 402364 526466 450746 349232 896612 461703 685021 515816 995186 760899 984374 473467 451866 522882 573392 495769 73932 999999999 799280 850066 912654 603660 480100 738542 14659 343072 851344 657376 256319 438682 565906 304663 558247 907024 48303 290147 617446 530590 687617 573600 791165 907117 446988 606158 302257 574249 598937 330266 65354 107254 247378 516986 218802 286327 817803 954205 408454 754400 283635 662819 938149 922468 401783 700516 471606 339220 502323 891386 464276 949743 831187 384684 897537 609633 65722 202579 908379 871313 406380 562235 1016045 514256 109060 897443 888961 262129 456660 438321 144740 114665 341583 564979 835224 318623 433229 90567 693407 440445 444246
862133 436513 548982 1135024 727957 728492 340018 883778 419259 228135 832633 957053 391085 915107 486576 355270 594514 765752 799280 999999999 850413 764995 245436 414268 231189 813188 631446 516407 335610 604105 736883 236085 835972 1009135 618737 808330 510214 894332 1146902 554591 688944 713337 987637 862420 266270 670890 810871 667485 902611 741667 701856 888057 693322 583497 595240 966713 284293 397412 51160 693628 623846 1002046 408214 406575 833212 335403 671401 706851 396501 398931 955081 354545 682148 145319 214773 736318 697822 207600 878231 444133 525348 967571 1052455 883983 699108 918934 612869 784303 440352 716237 760971 986461 252906 756968 962840 534165 713649 863304 843494 1138183
523406 623482 391114 785839 1098398 181096 722182 217382 992965 854265 95659 137799 588285 495777 443110 538242 388356 892105 850066 850413 999999999 157438 898993 951161 620266 860776 520904 378342 520816 913190 413310 797897 585492 482381 311063 895898 778244 300753 704783 300138 281913 137538 140999 458322 620697 1021612 293372 266619 611003 851470 769580 682797 334845 802468 603400 169177 715732 801888 851715 1022902 248947 151757 548983 690063 164772 698993 513902 347998 533434 913614 114184 533292 466696 804513 693349 838823 954713 746245 28578 895883 382925 166950 584399 831529 214364 68536 930379 406611 932959 708739 735822 691192 689451 101936 687346 1022575 838940 191875 452548 800500
628966 622089 402860 912552 1120544 36794 700245 357160 970693 735021 229689 200521 571678 614989 437257 498173 420464 944252 912654 764995 157438 999999999 853625 932296 534948 924845 570495 257164 457342 933212 495620 754893 679958 620292 168945 955451 790593 434570 841368 261134 344608 121952 282037 569802 567385 1042566 404538 315013 716544 903171 821021 778540 403121 827890 641861 326566 591977 790461 774771 1047847 253442 280175 418873 682795 293231 675438 574402 421706 408899 895301 213391 422812 531481 697687 638861 890725 987907 632988 171054 887450 379348 204549 719109 911519 70195 207284 950374 502724 920634 768014 801864 804009 644985 86605 796405 1018302 886535 328436 560177 926154
760325 329437 529208 993779 484259 819965 204888 871639 174993 473371 855624 1024316 326322 824740 467059 361159 558923 557317 603660 245436 898993 853625 999999999 169448 359954 616292 533488 639256 397878 377782 668214 101162 714751 932053 739059 602939 319308 858639 1028470 603200 673249 771299 1023366 779530 286371 431202 776502 664117 778905 540730 519849 743473 656680 385745 468836 979084 507093 199993 194408 455236 651313 1044143 585749 269554 836160 219653 572530 663400 564474 158755 1011863 506649 599249 385360 216302 538093 470499 434537 927547 211057 523225 1042295 952517 700887 797544 964727 383586 715840 198976 552870 592186 849661 210167 821013 824411 288806 513613 857965 761555 993740
712344 331748 562008 904930 314973 901649 232131 884660 45378 641616 893077 1084091 363948 782515 508127 436759 577373 422553 480100 414268 951161 932296 169448 999999999 493209 490889 506728 746843 497146 231057 652259 213154 653425 895441 840551 469494 232389 855670 956827 672096 695388 835051 1062823 745432 387843 265315 778747 695325 712086 414814 415522 660679 665370 277334 425347 1004497 665022 151821 363118 290440 703540 1087131 722327 263316 861174 256859 540848 666641 697660 37547 1065336 635979 577978 551466 332625 415241 317973 595499 979096 78989 568477 1106274 897644 585341 884222 1012681 232286 696671 41779 464783 495882 768953 305589 886134 743321 120561 390294 876299 729199 902308
701697 336584 355004 996708 773285 498650 306166 669219 518055 291011 607347 725902 267607 743597 300531 181703 406180 725929 738542 231189 620266 534948 359954 493209 999999999 753193 485933 292494 122279 609444 559508 280879 692994 825207 395281 760806 478101 690189 988611 328117 482447 482906 758490 687960 133632 702412 608790 456009 758036 692798 632062 763389 498122 547712 479858 742596 216166 400988 240567 719372 401635 772012 229183 345327 614018 286108 522373 514928 205554 463229 724033 146707 519360 207983 162194 684137 696248 183148 647889 484970 322979 736764 882846 801482 470242 688800 623084 603925 501160 623694 670386 849565 198598 525932 828501 607310 665993 646521 669283 1002744
389567 417024 539840 446022 351028 909092 475894 693731 526028 1009576 771178 994735 488120 456857 536881 588002 508601 78012 14659 813188 860776 924845 616292 490889 753193 999999999 355758 865321 671966 265476 448782 579559 310557 562029 920502 43474 303739 625226 528453 700993 585085 803260 916251 453655 620791 306826 583468 610827 333454 76328 121874 249246 528231 231990 300287 826334 968846 421698 768157 287313 675446 947377 937000 416230 710308 485959 350975 513272 905911 475747 959810 845755 396043 911915 624062 78238 207573 922940 881798 417792 575821 1026551 515535 102527 910212 899000 270559 465657 449121 157360 124955 340645 579401 847047 318214 441344 102722 702592 447628 439035
232184 206279 189042 511695 583382 553664 329500 394240 552101 773764 439088 658185 240394 292161 204435 304260 153011 374760 343072 631446 520904 570495 533488 506728 485933 355758 999999999 522756 375797 403560 146514 447842 208014 398635 568459 385036 287568 352552 515462 348638 239068 449582 600008 246092 375347 508597 281799 259558 274091 333709 251351 279906 188055 291016 88652 523887 694822 360358 601381 506893 319750 628860 621567 264373 388465 319173 40285 179815 590501 472244 627800 537206 71632 682491 416675 321149 435094 668987 544757 434081 228274 687806 424713 358686 554461 568252 420270 189946 475716 198401 236058 363875 380776 495176 342574 542562 319077 392811 228277 517183
670471 484338 334433 976962 984353 220540 524008 504415 779486 479493 401970 456935 417328 684686 328471 319334 379138 863393 851344 516407 378342 257164 639256 746843 292494 865321 522756 999999999 249733 802150 516447 547451 695055 730577 102844 886381 657161 557118 933952 186528 378222 250030 518590 629811 360107 907659 492949 341192 749028 824085 747338 786824 424441 711734 565034 532340 338348 622338 532072 918679 255208 524315 171363 529330 437423 499028 544199 446093 155252 712143 464600 166413 516022 440775 424258 812784 874156 375903 402158 717878 294500 461538 814074 880984 187712 443351 818361 545559 744229 712009 754528 844121 442618 276421 829363 848665 801747 475883 614304 987400
583796 260243 233077 882703 743250 422966 276217 550895 530307 411496 497389 636645 187920 623223 181041 84477 284709 654910 657376 335610 520816 457342 397878 497146 122279 671966 375797 249733 999999999 566098 438928 301657 579998 703180 344727 685101 424318 568812 869887 221294 361115 385968 655232 567296 112355 668006 486993 335954 643901 618585 550148 655563 375847 486817 383027 631142 319360 375299 331717 681261 288250 671440 266450 291068 498226 251640 410044 392745 235835 462417 629549 174117 402626 330261 181912 608653 645155 300857 549130 469585 200723 651536 762378 709313 399747 588941 581507 482668 494833 531639 577803 736913 194047 433049 716800 599738 593336 529279 548731 889500
557975 319218 531648 699277 187334 908611 303312 797208 262445 821108 837946 1050893 384898 630867 497888 485871 525195 193089 256319 604105 913190 933212 377782 231057 609444 265476 403560 802150 566098 999999999 544255 370450 486807 745004 880635 239998 145474 749017 766088 677688 634282 820149 1002210 606095 479477 109394 683911 646572 535250 191613 217542 468609 589088 112550 315364 927436 812332 213595 554618 116694 682882 1030388 825687 275103 791097 323789 425288 582879 796734 223295 1023995 733061 471468 724874 454105 194896 93759 752927 938873 167119 554079 1078223 726185 364737 899523 965891 17237 580241 190140 282344 299400 574516 412502 870007 549426 178905 171159 796371 593189 694486
154523 338969 208080 461807 718759 487220 463403 255016 697595 850212 322472 546087 353995 184310 259079 386606 155273 486181 438682 736883 413310 495620 668214 652259 559508 448782 146514 516447 438928 544255 999999999 576942 186394 272406 535721 485466 433836 206415 433085 329946 153075 374860 471260 128452 471434 646197 141094 187681 233587 446635 367081 284268 96108 432358 233578 387541 751824 504216 713212 642012 271249 501670 647415 402851 262183 449444 118995 75275 618010 617293 511065 574881 74914 765707 525615 434094 565753 739734 433449 580360 246414 578176 323454 419629 496841 450279 560532 48167 621918 301314 324033 328090 496031 412012 314626 688626 438003 258438 109810 471608
678371 241568 429465 927458 509789 721683 120902 772992 237366 450933 754691 923646 228516 739990 366805 260349 461038 529985 565906 236085 797897 754893 101162 213154 280879 579559 447842 547451 301657 370450 576942 999999999 638834 844559 645483 573024 275834 762814 953540 502683 574081 670666 922274 692501 189320 445848 680061 563952 704418 506902 471955 677170 559767 348508 391647 878801 456020 161328 189013 466708 550151 942988 510033 190689 736153 128693 487723 567514 486116 185715 910854 425383 510491 355400 123843 502067 463806 389910 826446 218405 422401 941973 871257 654884 700192 863575 380346 624949 225839 494086 536802 780746 110006 720554 756014 330258 478940 758649 674149 928788
79043 402114 368193 303823 634157 672921 517969 395256 697563 981616 490872 711725 446220 148859 402056 511582 318254 368743 304663 835972 585492 679958 714751 653425 692994 310557 208014 695055 579998 486807 186394 638834 999999999 260393 720653 352792 421041 320151 314707 509868 339410 560122 619396 144378 583109 571583 293498 373986 66641 335805 273365 98607 282334 388083 247235 524921 899305 523704 803419 560247 456426 651188 813765 448573 424248 512469 170621 261670 783301 623920 673145 734201 182173 890504 621547 324870 477300 876141 602376 575025 409307 745291 244344 253348 683163 612762 500257 179433 616058 204901 200345 156916 583537 595182 137523 656458 338264 408947 141199 309793
187140 603581 470205 311665 894340 627699 727687 265445 940526 1113957 392685 577176 625354 114416 527330 657199 419575 626035 558247 1009135 482381 620292 932053 895441 825207 562029 398635 730577 703180 745004 272406 844559 260393 999999999 718954 605328 665328 185831 222412 552487 358523 521160 457109 152543 743356 831897 237630 393580 229018 594923 533619 315809 328764 642143 471343 357351 1006435 755053 985565 820624 476429 488045 882906 662987 327061 716036 360126 310694 855913 863119 533517 821651 334121 1032839 797975 584346 737602 1001886 487715 818939 503689 611839 103512 486036 650040 480561 758994 224832 860679 464586 459940 260737 767752 535697 270593 910492 598480 292838 170546 327685
685424 561426 380813 986735 1065436 134867 613755 472625 874734 568985 355874 368582 498708 688778 390508 406704 417170 925934 907024 618737 311063 168945 739059 840551 395281 920502 568459 102844 344727 880635 535721 645483 720653 718954 999999999 945068 735162 537029 931960 219889 386211 203869 446203 636679 456725 987976 484676 349532 768782 885678 806279 816364 439922 784692 622372 475819 424998 710614 634904 997304 264475 447271 250862 612226 404389 588566 583861 461356 243291 805105 382133 266347 549314 537937 523191 873879 947666 470347 330955 807220 345011 369069 809865 925967 99758 370397 897253 557100 835577 764258 804211 862146 538766 212495 849990 938682 865083 443062 623155 998518
431835 426849 565404 484764 310118 938586 474859 732854 502388 1010061 807342 1030668 498926 499672 558187 600709 536932 46971 48303 808330 895898 955451 602939 469494 760806 43474 385036 886381 685101 239998 485466 573024 352792 605328 945068 999999999 298388 665651 569976 726332 618216 834271 954653 495277 627534 269959 621776 642663 376857 68260 139113 292710 562098 224870 322770 865718 975445 412864 762037 249072 704474 985612 951197 419041 747519 486970 383577 547941 920286 457204 996403 859214 429731 912313 625765 76765 172325 926787 917461 399284 600061 1062137 558886 140939 938471 935662 242815 504370 427950 188038 161906 383167 581118 878972 361036 411594 95890 740934 488744 477095
480852 173744 391338 680530 331387 765151 178614 679077 276702 713167 707563 915405 240332 551730 353943 342555 390278 257084 290147 510214 778244 790593 319308 232389 478101 303739 287568 657161 424318 145474 433836 275834 421041 665328 735162 298388 999999999 640099 726320 533431 503904 679507 874709 517050 345249 253483 568233 512407 480153 231454 200600 432561 463807 73672 200729 805734 687884 119934 464581 262159 542341 901711 687196 134447 665631 193982 317367 460713 657598 203607 890557 594207 358955 615500 331818 226281 221015 634232 804682 154254 411265 941587 665259 382483 755199 833729 162125 475316 195709 237581 274104 540544 287728 729866 514947 255084 203435 674924 501574 679271
245627 533662 345757 485122 919864 441980 655951 84580 900869 971113 208314 408295 534521 201338 409247 539620 304246 674007 617446 894332 300753 434570 858639 855670 690189 625226 352552 557118 568812 749017 206415 762814 320151 185831 537029 665651 640099 999999999 407005 388707 207748 336667 302586 177154 630023 848982 83815 236087 327815 636584 561225 409265 204065 637704 439992 205513 853233 705895 878230 843299 309271 334587 716867 600414 141410 639134 324777 195325 691752 820057 366392 664373 281181 897303 693505 624436 764769 857912 309388 785225 369944 442959 285170 573382 464874 308834 765043 169112 826573 492150 505154 397866 670969 349868 397610 894994 631850 108965 179052 499877
287296 715958 641088 120008 879468 847288 832676 487810 999605 1279567 614795 796349 755851 251237 688886 810464 588239 604497 530590 1146902 704783 841368 1028470 956827 988611 528453 515462 933952 869887 766088 433085 953540 314707 222412 931960 569976 726320 407005 999999999 750116 555822 738601 672459 307601 888553 831121 447343 592769 249604 585208 549859 298211 513910 682276 561933 574147 1184799 834798 1116106 813790 678966 702413 1076628 763243 548398 826966 475590 493010 1047999 929827 752382 1007229 470065 1191970 932130 577977 731438 1170511 709763 877842 679412 830812 122643 430383 868154 701182 776587 394099 917596 492749 467360 191656 895636 756100 216663 943594 598734 514956 324986 136732
483950 362491 161154 790575 864646 232840 439971 351084 711245 590409 279232 421181 310549 499790 179852 242511 198307 708689 687617 554591 300138 261134 603200 672096 328117 700993 348638 186528 221294 677688 329946 502683 509868 552487 219889 726332 533431 388707 750116 999999999 195027 168182 433983 444409 321250 786648 316566 159009 562792 668125 587919 603089 238259 576014 404139 414594 466052 529341 552938 793520 79938 450252 330499 421900 290518 415372 365219 259848 304062 634940 410601 276306 333154 525824 393989 656149 738238 477652 328590 626316 127338 439365 631528 706590 221835 367976 694706 359517 659648 544499 584323 657772 393033 217874 643323 757207 648422 325670 428524 800923
299248 363757 145343 601838 818140 334600 477532 199445 739302 764652 203905 419403 347246 306674 209358 336206 118037 611911 573600 688944 281913 344608 673249 695388 482447 585085 239068 378222 361115 634282 153075 574081 339410 358523 386211 618216 503904 207748 555822 195027 999999999 223006 371067 252462 426995 741904 127267 37248 383456 571056 488869 437332 58520 522637 321955 309497 650469 543615 675213 742248 124090 397809 524758 432337 165869 457490 234645 77910 497480 658250 390252 463830 189101 689678 493437 558425 672999 651577 306183 632749 163596 448765 436621 567051 343769 331659 651378 170918 672095 430235 460735 476130 475249 263140 464662 754454 557663 184737 237874 613155
512133 515189 288532 802623 1007305 113266 603514 269011 875320 719774 153890 253021 471264 503585 330178 410345 301190 823938 791165 713337 137538 121952 771299 835051 482906 803260 449582 250030 385968 820149 374860 670666 560122 521160 203869 834271 679507 336667 738601 168182 223006 999999999 277470 455622 489092 929515 293730 193067 599106 782852 700583 658575 281518 712885 522985 282315 583346 689022 715673 933619 137282 289259 421263 578850 200871 579407 452613 300454 403070 797645 243581 398140 409533 667673 561819 770356 871340 610618 164984 785057 270226 272087 615966 789672 129688 206008 837371 384531 820160 646618 680068 688413 561137 51139 679597 914514 766804 239404 444702 815575
547341 731481 501431 768773 1183389 312236 838424 224181 1105948 995244 169774 131966 704739 502605 559293 665335 487474 957295 907117 987637 140999 282037 1023366 1062823 758490 916251 600008 518590 655232 1002210 471260 922274 619396 457109 446203 954653 874709 302586 672459 433983 371067 277470 999999999 478886 750877 1108399 332879 367542 630400 917881 838163 711136 413122 889850 687183 100123 856425 911606 986918 1106874 373244 32002 688629 799615 211589 816377 584661 420229 673815 1025412 89627 674280 536661 945095 823045 905348 1033711 887209 116484 1002629 500923 163881 560118 872418 347051 75858 1019143 450609 1041366 772479 792748 697763 815667 242387 699108 1125422 908987 213719 478678 784766
68506 451278 335666 350056 765737 568453 575248 255926 790665 978643 362663 577957 475416 56535 387514 514365 283084 507995 446988 862420 458322 569802 779530 745432 687960 453655 246092 629811 567296 606095 128452 692501 144378 152543 636679 495277 517050 177154 307601 444409 252462 455622 478886 999999999 597955 698983 166584 289710 153454 472746 402940 232281 206780 499374 320318 382636 879000 603390 836989 690226 376552 510840 769200 510447 293798 563886 207705 185633 740458 712508 537713 699843 182616 894065 649644 461134 608831 868044 472212 669737 372931 612163 195125 396782 584038 478242 620970 86530 711562 332744 338108 234598 617949 483289 229154 766033 471657 272973 18937 361964
601811 205768 284275 886167 648842 533604 178076 624780 419456 402481 587463 741675 141055 651531 221008 90789 328474 592345 606158 266270 620697 567385 286371 387843 133632 620791 375347 360107 112355 479477 471434 189320 583109 743356 456725 627534 345249 630023 888553 321250 426995 489092 750877 597955 999999999 575906 546303 408825 649388 559450 500148 645897 427757 414257 356102 717644 348125 276277 248364 591522 378136 769251 347611 211867 578949 155914 414193 440812 319722 354139 731838 256128 419829 308531 72740 550934 564552 305112 649241 366534 264359 758242 789835 672418 511330 687913 493715 518570 388498 495477 542123 737722 82550 537825 715399 494432 532541 606307 579019 890927
646327 426787 641028 752781 78018 1017841 397872 900517 280944 894479 945239 1159373 490497 718942 606930 589661 633970 228875 302257 670890 1021612 1042566 431202 265315 702412 306826 508597 907659 668006 109394 646197 445848 571583 831897 987976 269959 253483 848982 831121 786648 741904 929515 1108399 698983 575906 999999999 786786 755048 613552 246160 298284 539194 695472 219281 421265 1031710 898332 301441 620060 26694 792254 1136931 923475 378594 896967 420305 527741 688380 895232 272889 1131970 831518 574785 800417 542990 254217 99798 835013 1047097 227958 663376 1186953 803723 409219 1008472 1073557 92201 679871 232226 367737 374619 640355 503859 979332 616302 165085 235875 900875 687346 745856
230165 453443 262078 509117 859697 405276 574669 113928 823752 891900 198026 418300 451604 210564 325464 455977 220583 625099 574249 810871 293372 404538 776502 778747 608790 583468 281799 492949 486993 683911 141094 680061 293498 237630 484676 621776 568233 83815 447343 316566 127267 293730 332879 166584 546303 786786 999999999 159088 317964 586076 507403 389906 120549 571628 370391 246591 777118 628031 794465 782946 239232 363916 646935 520882 130750 557265 259051 113473 620616 742677 380249 589599 212446 816354 609694 573614 706845 778838 309131 709981 287229 451798 325193 543577 423299 319639 700359 118126 750976 440548 459872 401114 587361 317933 395496 823257 578386 119161 159413 522307
335919 363952 135509 639021 831942 302733 472745 216422 738586 735043 197903 404337 340144 343875 197148 318385 122129 634212 598937 667485 266619 315013 664117 695325 456009 610827 259558 341192 335954 646572 187681 563952 373986 393580 349532 642663 512407 236087 592769 159009 37248 193067 367542 289710 408825 755048 159088 999999999 419542 593191 510835 471429 91657 535983 338377 314988 618241 544064 656059 756624 86843 392459 489327 432079 172292 451553 259894 112520 462431 657940 378185 430511 216469 662217 477260 580610 689670 621834 292519 635481 144702 432134 473252 597020 310042 321529 663762 207849 673954 454702 487244 512625 462045 236323 500769 759695 578515 197539 275075 650286
87983 468512 427469 238838 671897 712370 583517 408734 755698 1047196 515402 731394 512807 132236 464758 576896 376234 399739 330266 902611 611003 716544 778905 712086 758036 333454 274091 749028 643901 535250 233587 704418 66641 229018 768782 376857 480153 327815 249604 562792 383456 599106 630400 153454 649388 613552 317964 419542 999999999 371053 318269 87595 328897 441949 312799 532749 962955 586044 869958 600093 504460 662400 873132 513922 446832 578493 236005 307427 842942 683675 691021 795325 242898 956478 688186 361284 516532 941163 625441 633304 468291 765615 190988 258536 725119 631662 547681 214676 673851 253761 238965 95413 650148 630563 81227 708635 377803 426398 158551 245774
413676 359570 507985 510856 300871 884798 406999 698971 450470 942094 765400 987633 431822 484664 496774 534125 482949 41087 65354 741667 851470 903171 540730 414814 692798 76328 333709 824085 618585 191613 446635 506902 335805 594923 885678 68260 231454 636584 585208 668125 571056 782852 917881 472746 559450 246160 586076 593191 371053 999999999 82360 293678 516628 158400 264111 832154 907284 347675 695839 230286 650653 948295 884906 350782 708270 418827 337610 504131 854086 399419 954921 792685 385133 844346 557594 12647 146935 858531 874103 341468 541134 1018301 559656 173125 883104 894481 198246 470770 373037 145529 135502 394226 512937 828850 370142 369433 28028 704704 463905 505182
348256 295587 427278 489934 362875 802927 362157 620842 455838 892319 684121 905970 366380 420744 419084 466140 400989 123413 107254 701856 769580 821021 519849 415522 632062 121874 251351 747338 550148 217542 367081 471955 273365 533619 806279 139113 200600 561225 549859 587919 488869 700583 838163 402940 500148 298284 507403 510835 318269 82360 999999999 251754 434752 138663 183911 753909 847950 320443 658642 287795 568731 868343 815396 299100 627889 369942 255954 422657 784340 393532 873644 724005 303704 794880 506668 69802 205896 803423 792417 337548 461334 936466 509251 182939 801677 813319 229506 393685 374579 70196 82515 358775 462177 746503 333412 393808 70988 625503 392499 486916
163797 451731 455609 250566 593705 771270 557256 487751 702829 1047950 587807 807383 505549 218849 482648 581941 407937 318983 247378 888057 682797 778540 743473 660679 763389 249246 279906 786824 655563 468609 284268 677170 98607 315809 816364 292710 432561 409265 298211 603089 437332 658575 711136 232281 645897 539194 389906 471429 87595 293678 251754 999999999 379814 384706 293088 614774 974233 545650 851706 523960 552724 743078 898635 487373 520482 555932 248330 359458 867802 635053 768092 816123 270844 954395 676302 285028 440527 945823 699036 581746 496750 841208 267030 170942 781075 708034 479646 277652 620881 195912 169336 108274 635530 693789 82643 645561 303950 503260 233257 251633
246874 336475 144906 552565 770857 392922 455917 219344 709991 785579 251061 471348 331257 262763 206802 338053 100236 557289 516986 693322 334845 403121 656680 665370 498122 528231 188055 424441 375847 589088 96108 559767 282334 328764 439922 562098 463807 204065 513910 238259 58520 281518 413122 206780 427757 695472 120549 91657 328897 516628 434752 379814 999999999 476743 274210 342131 678304 513809 675428 694524 175566 441461 562740 404643 202285 437849 179119 21707 534262 628761 440034 495612 132369 706092 489887 503981 623139 673280 357789 599260 175375 501714 397774 508618 401398 380289 606023 121278 639574 374396 403594 422704 466904 321354 410086 717200 504290 211859 190445 563183
455177 228648 425122 627598 295960 804623 251776 684801 318499 786706 726065 940251 299597 527727 396581 403367 415303 183444 218802 583497 802468 827890 385745 277334 547712 231990 291016 711734 486817 112550 432358 348508 388083 642143 784692 224870 73672 637704 682276 576014 522637 712885 889850 499374 414257 219281 571628 535983 441949 158400 138663 384706 476743 999999999 202837 814899 759195 189710 537466 221006 575887 918144 751961 202397 678645 266024 313365 470354 721892 254875 912692 658947 359193 689014 404495 153956 162975 706791 827865 199021 450309 968039 631296 315674 797346 854294 129342 469318 236780 189640 218565 492850 360166 762219 467259 268646 130465 683827 485616 625022
292646 158738 243889 540169 496766 622111 270758 482887 470648 758482 524409 741110 215047 359957 236603 302294 221796 304847 286327 595240 603400 641861 468836 425347 479858 300287 88652 565034 383027 315364 233578 391647 247235 471343 622372 322770 200729 439992 561933 404139 321955 522985 687183 320318 356102 421265 370391 338377 312799 264111 183911 293088 274210 202837 999999999 612299 694785 283965 559926 420586 388521 715667 643187 201358 475864 266034 116703 267517 611930 392195 712128 553977 158933 663647 383245 252057 351404 659771 628078 350548 277426 769873 483951 326505 619416 653149 332177 274589 392374 149824 195267 391937 342519 570569 367933 455124 245410 481185 303889 543005
451127 673102 450264 668984 1105339 349507 786443 133186 1048586 997285 135777 223229 654749 403774 512042 628762 427456 870839 817803 966713 169177 326566 979084 1004497 742596 826334 523887 532340 631142 927436 387541 878801 524921 357351 475819 865718 805734 205513 574147 414594 309497 282315 100123 382636 717644 1031710 246591 314988 532749 832154 753909 614774 342131 814899 612299 999999999 863718 852677 960900 1028606 342900 131678 703568 741699 143741 765835 504426 345418 684944 967463 179086 676028 457009 938745 788158 819744 953178 886256 158762 940416 457346 257291 460551 778268 381847 134951 944109 361753 980289 686664 704092 598252 775725 263324 600113 1059327 824896 131127 383742 684911
