NAME : synthetic_000034
TYPE : CTSP-D
DIMENSION : 100
GROUPS : 8
RELAXATION_LEVEL : 1
EDGE_WEIGHT_TYPE : EXPLICIT
EDGE_WEIGHT_FORMAT : FULL_MATRIX
EDGE_WEIGHT_SECTION
999999999 411716 753111 647339 177895 1074099 404462 693907 1058943 926188 203840 310650 942129 316698 148029 571509 763169 625644 663593 1110280 412379 865040 450066 412310 561149 906867 543117 876383 946920 347749 175285 796748 821351 894921 966087 752106 456109 598402 108899 665167 300505 867303 61925 166146 636706 605514 403083 905663 711608 715830 602125 273883 269297 848986 585844 183241 805880 611710 547129 497600 24932 486747 474087 721085 1049581 919334 527085 925897 57056 948951 736195 538297 724892 883760 860168 424704 999836 722777 547713 645208 812850 954788 1200212 617116 843185 650956 1000342 667479 606365 107468 1053321 944725 718745 54379 454137 167042 861267 928222 856781 291112
411716 999999999 403584 292736 243774 714312 89297 602279 733070 514476 248855 310095 589029 97504 383361 297703 351525 293968 493621 715747 81455 546501 352623 449291 198764 628660 175188 707375 711679 194257 380375 602411 492994 565039 554495 646406 192345 281068 311529 399592 405616 527865 356145 253839 317814 399646 229124 494065 525630 507244 193730 267202 178178 438959 258515 292477 413446 283211 147402 387430 433795 132080 108886 639246 701711 547833 144293 550648 361759 726699 370728 264471 492680 559808 533645 360656 589543 386128 465201 397607 571055 543173 822836 406971 517103 241070 601079 506671 200868 462670 651133 656425 356640 421275 267792 249556 461994 573441 505357 285009
753111 403584 999999999 111581 577286 765871 480174 950264 847166 368519 550346 713359 685144 464700 769792 606106 302567 542774 817961 662492 356921 715451 735979 848236 464384 831321 450976 996786 945077 594826 772204 889704 662950 710902 405638 982185 298240 156748 644323 677072 809087 668145 711905 627182 571011 723529 363878 340990 833373 802805 260869 498901 576720 275121 532361 683693 467941 141689 384716 760561 777903 280544 446223 987287 781541 171874 422943 605315 696256 970038 522196 225816 772952 160919 134882 751135 461128 583207 835328 691509 824666 373076 809195 726061 683048 326269 553764 833875 358143 831594 574927 840825 52449 780689 640199 590392 200430 670397 630364 688592
647339 292736 111581 999999999 470281 740645 371536 854539 807250 383231 446346 602790 645078 353565 658945 513784 271198 459597 726442 664028 245839 657760 630798 739412 372996 768448 356787 915455 876734 485157 660947 807605 603129 658848 424629 889591 198386 73640 538446 593076 697929 615929 603995 516961 488334 630739 271287 355580 745786 717509 171847 402359 465146 285258 443713 572374 426416 53857 289730 657781 671969 169152 342779 891784 749051 271997 325819 572996 590824 899611 459497 144312 690559 267666 241424 644383 476865 513384 733700 604386 749409 397261 803583 634324 624975 254996 548644 741908 274922 722753 579870 782689 71434 672782 536520 482836 244605 629528 580436 577639
177895 243774 577286 470281 999999999 939948 259225 668206 941234 755575 49414 279326 810219 146283 217635 462175 593500 496586 602649 956651 235000 748034 400918 421884 417338 808464 396414 824386 868099 248262 231717 731373 699159 773301 796285 722988 282880 424187 70168 564572 327179 740895 135362 86170 513233 525942 240278 733975 646345 641229 428458 136022 154726 675145 456672 162519 652521 436506 387417 448950 202191 308872 324192 700943 921215 742162 374081 782725 122743 875818 595743 368123 640768 712688 688437 387070 832805 594782 516321 550945 727795 783070 1057223 536554 722416 484788 843293 610636 443869 256823 894194 842591 541600 203849 366812 15956 684025 795354 724667 249341
1074099 714312 765871 740645 939948 999999999 680769 661066 131528 424620 957481 803964 132310 803757 975898 511149 470307 448473 546979 192923 770728 235422 692090 821413 522968 289657 544696 532404 387849 728195 956203 480910 261480 196575 405680 641823 841329 803445 997352 440622 883655 211330 1012184 910413 438472 530755 910998 446531 511346 477283 605716 980846 806005 498351 488368 898994 319949 786817 569336 664577 1089739 746386 617103 680197 52572 736316 571097 170374 1038425 419821 344888 852977 440910 876404 859591 726277 359440 351666 680598 469587 391312 440208 148231 520447 244272 512513 234226 558337 528301 1077039 251408 255883 728038 1059683 638083 940160 593167 145880 217320 808120
404462 89297 480174 371536 259225 680769 999999999 513384 684750 538072 280223 237621 551031 132736 344522 221983 376454 239216 407890 705868 169073 493059 264329 368080 158861 564028 139236 624575 638654 116146 335661 521245 442411 516277 575324 558262 280650 367262 317939 326334 337450 482622 344051 238424 258348 315580 310099 521089 442118 426273 243822 321487 139485 474381 199937 253557 401418 367812 149606 298215 423597 219182 69984 550276 662235 613770 123523 525154 362208 651526 336981 353706 415183 639105 612847 274281 603433 336815 375977 320276 497064 569325 799958 323676 466041 259987 596157 420378 210352 435089 649673 594959 430854 402331 178559 259537 512858 536138 465523 216949
693907 602279 950264 854539 668206 661066 513384 999999999 568814 829110 712973 394023 557548 619233 548144 345114 719800 421375 142549 807957 682395 436845 268926 287823 486280 378419 499362 205745 335048 437709 520713 186231 440306 476023 846774 58572 793996 868785 682696 299703 398093 484674 644488 589698 396980 228679 816606 828732 156423 194819 689398 787160 522310 821735 421515 526751 609885 865189 566011 223185 695150 726797 516640 37321 612755 1040551 528839 611526 692876 319427 501881 865183 235652 1110109 1084536 281360 840318 432684 151909 274760 269941 862442 808851 228282 443779 636846 753692 126029 595553 633750 807465 418982 897828 651130 335264 657137 902061 554026 509033 421556
1058943 733070 847166 807250 941234 131528 684750 568814 999999999 530237 964971 769913 162502 814605 947390 487442 544970 445535 472052 324228 798710 194149 645395 763992 534694 190785 558066 417784 267120 711563 925297 383159 242346 168601 517542 541569 881779 863900 992634 398363 839207 205509 997378 900496 428018 477630 945738 548983 429931 401030 656366 999345 797132 592074 485031 878195 381542 848951 596266 610907 1072111 786638 628198 583045 83558 837808 589228 243961 1029089 297841 367866 905601 370691 970259 951478 679041 476445 348458 612883 423181 302818 550342 257449 466264 218857 562173 350612 480638 566328 1048796 376830 149849 804820 1038191 608308 939217 689695 177821 232950 778969
926188 514476 368519 383231 755575 424620 538072 829110 530237 999999999 751282 755583 381727 610464 882578 515856 163214 424730 686714 295162 528573 459221 707956 846187 413564 578621 419757 799026 701209 639803 873307 704470 422040 437692 42504 840210 548511 456255 824750 529806 855682 401536 869999 765979 442268 612685 626744 27921 679928 642017 328842 737819 675878 98032 443505 791406 220284 436716 388506 708954 948143 469424 470932 861632 452816 311870 419079 292745 875773 731670 327243 522713 602698 456020 441463 736096 94020 396772 765440 556572 617599 34116 444209 609028 432873 278428 194322 703137 327845 971108 207059 572221 344167 933667 615309 762830 174954 370849 363052 743095
203840 248855 550346 446346 49414 957481 280223 712973 964971 751282 999999999 326790 829281 154130 263994 492333 591068 519436 642617 964556 223557 772985 444703 470650 434848 838735 412811 864714 902968 286207 279475 769710 722629 796497 792687 767106 252586 394952 96879 596012 376590 762527 172278 135536 537990 562926 201016 728558 685214 678273 422480 87004 193802 667181 480048 211932 662123 408716 395910 492249 228767 292256 340464 746213 941159 718063 387320 796940 146786 911903 612594 334535 675714 680020 656355 432468 831701 616944 561268 584209 761934 777426 1070390 573214 746233 486683 849554 651263 449354 293723 898894 871642 517746 238368 404366 64663 669067 814104 744154 296440
310650 310095 713359 602790 279326 803964 237621 394023 769913 755583 326790 999999999 672415 274404 179197 293540 599706 370172 352963 874768 370729 579570 139433 149820 343624 605524 335836 567098 637549 121850 155690 486133 543195 613586 789307 450704 472514 587235 288676 371564 101143 592696 255421 197007 371408 300156 468994 741995 401120 406853 480980 407819 154803 702437 335343 133475 583653 591385 375110 187061 317247 439359 292236 424989 772322 851274 339528 675087 301271 638674 490890 557446 419054 869859 843713 115298 809265 457456 243078 347421 506216 788472 941083 311915 562538 484591 777286 356904 432819 279760 833928 645153 665500 277245 166092 266784 748277 660340 590498 31043
942129 589029 685144 645078 810219 132310 551031 557548 162502 381727 829281 672415 999999999 676157 843717 379226 382725 316676 432806 251540 649444 120709 563354 695282 394460 215752 416801 459411 334436 595942 824178 388216 132494 82023 375810 546531 726739 702679 866572 313201 753639 81486 880206 778814 306178 405673 793423 397490 402725 366053 496967 856203 674400 434689 356683 766696 219063 687415 446668 538175 957611 631405 488918 580894 112760 682743 444919 88998 907020 366635 218328 746310 326991 811028 791615 597499 343266 219457 560014 343034 294582 405780 271092 395955 119061 402635 224960 445734 411022 944810 268115 197940 642420 927397 506395 809977 532836 16022 85683 676093
316698 97504 464700 353565 146283 803757 132736 619233 814605 610464 154130 274404 676157 999999999 305556 353557 447918 369774 527613 812082 107779 624197 354251 423168 281802 696758 259367 747949 769756 182961 307536 647144 572577 646005 650863 668648 198696 323190 214464 458120 357879 610919 263440 166086 390230 439483 199601 589415 565534 552926 285468 188812 121001 532292 331255 219162 508773 330800 242710 396698 339458 184536 187335 654987 788334 620632 233211 642811 265321 781626 458908 285065 544685 612975 587402 352948 686711 466148 472608 450418 628062 638546 916334 448565 596423 338510 697963 538630 298004 375518 748385 727609 422716 330411 288514 152476 548068 660865 591319 244793
148029 383361 769792 658945 217635 975898 344522 548144 947390 882578 263994 179197 843717 305556 999999999 465081 720621 532887 527711 1033362 413125 755720 315770 264506 486495 784711 472860 735134 814513 254206 27480 660567 716883 788603 919781 606564 488172 624034 181468 549208 152546 765387 112462 144741 538597 479315 455712 865307 576564 584622 575775 350153 208082 816352 495000 91677 733849 633517 494125 361192 147053 490067 412623 574379 946533 925771 465714 838986 163683 814187 650695 575809 598047 914926 889770 287060 946714 625651 404652 525939 684934 913700 1109472 491077 737145 604330 929763 530030 554860 101500 985148 824259 728272 103100 339703 201699 845265 830917 760097 168612
571509 297703 606106 513784 462175 511149 221983 345114 487442 515856 492333 293540 379226 353557 465081 999999999 385039 91704 212667 586730 377978 293567 200106 340138 141740 346519 157055 412985 416676 224277 445068 306368 251961 324462 541898 376308 485049 535747 508249 104574 379262 300326 509939 414224 81752 117430 526733 509604 234802 211651 345572 542108 312280 490343 77793 391443 312921 529726 224078 193644 584929 403790 192985 381838 481601 697423 189627 383899 542477 429989 208176 543614 194978 765424 739976 232240 549768 164670 251442 99951 275125 549972 647559 120541 272773 292961 497015 228234 250456 566425 554292 380466 553662 551999 127472 458150 563279 366916 296961 296996
763169 351525 302567 271198 593500 470307 376454 719800 544970 163214 591068 599706 382725 447918 720621 385039 999999999 299430 578421 400972 370079 418257 565157 700044 264207 537013 266147 725797 655032 481491 712099 622699 368393 410383 202983 739945 403676 337344 662356 423521 700564 368039 706809 602771 322844 493683 480678 144686 581507 546139 170884 583031 513371 106160 308044 629232 165686 319598 227459 572607 785029 317208 310743 754760 481599 330146 260471 304895 713110 682168 236365 394357 510472 436688 415184 590797 240860 305008 636096 445661 546337 193243 534888 492393 386605 116547 283204 595055 167526 808229 322099 542728 260051 770470 469107 600382 183562 367885 329516 585324
625644 293968 542774 459597 496586 448473 239216 421375 445535 424730 519436 370172 316676 369774 532887 91704 299430 999999999 281544 504606 367431 254449 290120 430284 98802 336163 121996 455927 428378 281025 515349 348172 203196 277099 450275 445274 465302 492170 550749 134323 461788 244452 563737 462153 28768 194264 518297 419237 291427 260042 287786 556446 357744 403332 40121 452227 222026 483275 179699 285342 641500 375559 185764 456930 425770 619920 157179 306271 590445 447601 121076 511483 231100 699031 674257 321259 458283 98313 341048 150313 293313 458840 577214 193287 226863 219079 409745 298059 185473 632927 466878 362601 490801 612428 208086 495342 480805 302610 231177 368562
663593 493621 817961 726442 602649 546979 407890 142549 472052 686714 642617 352963 432806 527613 527711 212667 578421 281544 999999999 679188 575056 313936 213531 300681 354077 284848 369672 222145 288139 356679 501713 133180 307936 353728 704892 164439 685560 746818 630587 157154 393131 355473 607404 533604 256082 96268 717703 686189 49257 71060 557891 707993 448936 679688 285826 483521 467824 741486 436719 166598 669899 610457 397718 176476 502372 901463 401619 478211 650992 286480 359472 750359 106279 976578 951328 240652 699799 290652 142849 132779 172732 720113 695025 92131 315032 499356 617442 16641 460591 623967 672328 327234 765554 628881 240284 594116 761213 427178 375609 373821
1110280 715747 662492 664028 956651 192923 705868 807957 324228 295162 964556 874768 251540 812082 1033362 586730 400972 504606 679188 999999999 755035 371788 784060 921796 550151 459855 567275 706083 569998 779178 1017520 639545 371472 333558 262784 798063 802883 734258 1020828 545075 965322 324008 1049553 944156 505574 639740 878695 322075 652250 614801 564856 970845 842481 387747 540135 948320 304689 715566 569438 766455 1129014 712883 636534 832084 242116 597075 584200 205465 1067301 602468 384029 794575 574824 747217 734312 817367 207808 423643 798617 575851 546033 298218 151001 631361 364783 482453 118175 692990 515369 1131457 88260 433148 634330 1105140 711607 960070 469722 253979 305344 872240
412379 81455 356921 245839 235000 770728 169073 682395 798710 528573 223557 370729 649444 107779 413125 377978 370079 367431 575056 755035 999999999 616214 428539 515780 269509 703516 245876 788605 789968 263351 415303 683375 561665 632057 570267 727235 111601 217800 305120 478759 460191 593241 363788 271913 392745 481083 150963 505422 606999 588231 199891 215815 223465 443624 334150 326864 459652 224106 202913 465486 436267 77101 186358 719236 762094 514062 211816 603392 357742 805781 432062 189042 572850 506069 480359 433771 610907 455491 543188 477927 649963 554178 870977 488355 585799 272608 637975 588057 244068 479786 684524 729645 315317 432083 347297 245352 449030 633587 567845 342886
865040 546501 715451 657760 748034 235422 493059 436845 194149 459221 772985 579570 120709 624197 755720 293567 418257 254449 313936 371788 616214 999999999 460539 586943 347892 120644 371572 348553 242589 517511 734287 269702 55705 39794 462302 426539 706345 706327 798665 209337 653714 58275 803413 706351 235050 296332 765724 469490 282278 246030 494593 810726 603051 492229 293153 684780 256556 693466 416830 430579 878469 612515 439496 460327 195758 740345 404573 185960 834940 272573 198822 739698 207704 854945 833293 494640 439231 160748 445286 236787 175936 487794 382432 285748 32787 403564 331886 326309 396470 857217 380753 125457 668114 845084 416061 745689 588933 118128 96180 587113
450066 352623 735979 630798 400918 692090 264329 268926 645395 707956 444703 139433 563354 354251 315770 200106 565157 290120 213531 784060 428539 460539 999999999 140174 301466 473205 303539 429365 498862 171300 290487 346700 431157 497102 736678 322408 538996 631342 421445 251689 193822 482009 394219 325713 281667 168278 553504 699006 261748 268908 482339 518241 253385 671231 265096 270792 512146 631196 361011 48696 456521 483511 289988 303267 656032 853690 321499 579494 438734 499388 408278 616526 284313 896577 870369 34187 747781 360422 118783 223788 370058 741924 834418 179889 447867 458619 696940 217747 408592 414087 754222 513936 684841 415928 98104 390606 732883 552918 486358 161211
412310 449291 848236 739412 421884 821413 368080 287823 763992 846187 470650 149820 695282 423168 264506 340138 700044 430284 300681 921796 515780 586943 140174 999999999 435884 582352 435076 484714 585177 255039 237102 425750 562812 625005 875715 346352 620283 729772 418999 382107 112077 613817 368521 336443 421525 290697 618782 836361 349021 368457 603576 554102 304493 805702 404529 263147 652308 732488 487136 157107 411084 580878 409471 311485 782484 976646 448391 716658 419177 578913 548247 704029 393982 1007064 980813 110118 887703 498603 159679 352311 472212 880044 966040 301196 577680 590244 836591 297523 539112 346098 893866 624434 798661 366408 231277 408067 862604 685776 621232 180612
561149 198764 464384 372996 417338 522968 158861 486280 534694 413564 434848 343624 394460 281802 486495 141740 264207 98802 354077 550151 269509 347892 301466 435884 999999999 434693 23707 545761 526512 233705 472939 437879 294231 366431 446121 517999 366515 399172 476794 223775 442800 329910 499996 395090 125806 259170 420127 401817 372954 345775 203861 464673 292484 370064 72005 399230 247656 391726 84622 312530 579301 277330 94478 523173 506538 560678 58384 366318 520570 544961 178407 414425 321650 623875 598365 326600 465863 187376 381211 232103 389812 446950 641130 261991 318343 158375 443631 369810 111114 582683 498715 460156 411937 555007 204914 418210 432890 379257 309519 333911
906867 628660 831321 768448 808464 289657 564028 378419 190785 578621 838735 605524 215752 696758 784711 346519 537013 336163 284848 459855 703516 120644 473205 582352 434693 999999999 458089 246259 122608 565875 760882 193695 168818 142442 579881 353889 800490 812953 852216 244302 665263 177218 846578 756507 310980 305797 854429 589600 240639 214590 601341 885497 656971 612820 370150 723749 376862 801235 511571 434128 917515 708948 519791 394037 238678 860730 493023 296670 883222 153566 309883 841140 189686 973432 951397 505654 553558 257323 427297 261771 112916 606490 434787 294041 150791 513457 439774 292127 500055 885049 483835 42392 782971 880482 452984 804010 709367 220064 216239 618797
543117 175188 450976 356787 396414 544696 139236 499362 558066 419757 412811 335836 416801 259367 472860 157055 266147 121996 369672 567275 245876 371572 303539 435076 23707 458089 999999999 565200 548945 222164 460313 457457 317836 389894 453699 532909 343605 380067 456874 244134 436002 353116 482283 376971 148492 273983 396561 406604 390595 364573 190129 441393 275412 371099 92671 384449 263441 373315 67058 318160 561739 255255 72438 536445 529070 553168 35561 386445 501443 566989 199836 393116 341766 611152 585450 326857 475914 211010 389073 250777 411582 452723 661148 277572 341956 155366 459063 385122 105074 567818 513507 483770 398562 538576 205773 397738 429346 401498 332114 324202
876383 707375 996786 915455 824386 532404 624575 205745 417784 799026 864714 567098 459411 747949 735134 412985 725797 455927 222145 706083 788605 348553 429365 484714 545761 246259 565200 999999999 153535 578825 708187 107945 377501 380665 806667 154351 897301 944929 850209 322608 590535 406155 822493 753696 427241 309133 934509 805589 182596 201360 743692 929825 670979 816230 473805 699878 582939 937300 630375 380781 880549 816672 605636 199709 480237 1055943 599768 534266 867920 127937 489754 956342 224901 1150147 1126064 452022 786953 420916 330871 314728 181766 829589 673272 300910 369502 670643 679885 213779 641254 826501 726833 276553 945280 837915 462070 815555 907668 461659 441101 590515
946920 711679 945077 876734 868099 387849 638654 335048 267120 701209 902968 637549 334436 769756 814513 416676 655032 428378 288139 569998 789968 242589 498862 585177 526512 122608 548945 153535 999999999 620283 788891 159711 287235 264673 702343 294620 892246 916849 904535 312633 681149 299727 888948 807341 400727 343938 940437 712001 238888 231110 706907 957759 713672 733880 457115 764649 497445 906356 607867 453623 954673 803804 603704 339481 335277 981012 584490 418016 929944 32518 423085 939673 227359 1090324 1067774 527811 675175 363506 425501 319641 141695 729089 524261 332792 271400 622763 559379 288545 604030 911706 601143 137741 895690 914671 502325 861711 829858 340286 338583 655814
347749 194257 594826 485157 248262 728195 116146 437709 711563 639803 286207 121850 595942 182961 254206 224277 481491 281025 356679 779178 263351 517511 171300 255039 233705 565875 222164 578825 620283 999999999 239437 483638 473656 547173 674926 488667 371529 474986 286461 321762 222469 520011 285994 190743 289824 277681 382351 624960 399013 392981 359139 352571 93543 582903 242172 171202 480181 477465 255096 214590 362099 325999 171676 473018 702269 729895 221126 586038 318437 627592 397031 452390 393127 752783 726556 171495 698078 376534 289799 305314 480607 672173 858195 288309 495436 365511 675933 365807 314012 352795 731593 601947 546109 331576 118566 241440 626670 582424 511082 103931
175285 380375 772204 660947 231717 956203 335661 520713 925297 873307 279475 155690 824178 307536 27480 445068 712099 515349 501713 1017520 415303 734287 290487 237102 472939 760882 460313 708187 788891 239437 999999999 634415 696441 767677 909903 579146 495171 628817 201889 526945 125220 745330 136827 153232 519948 455212 466642 856699 550665 559391 571153 366281 202819 809358 478055 88697 719603 637544 484904 335343 174522 491802 402483 546901 925985 925755 455048 821620 188336 788183 634113 583057 573595 919514 894143 261151 935489 606871 377568 503085 660180 904822 1090984 466977 716363 595593 915290 503761 545477 124169 971019 800691 729539 130450 318742 215790 841308 811607 741044 148086
796748 602411 889704 807605 731373 480910 521245 186231 383159 704470 769710 486133 388216 647144 660567 306368 622699 348172 133180 639545 683375 269702 346700 425750 437879 193695 457457 107945 159711 483638 634415 999999999 287993 306413 715116 160915 791311 837051 761951 214670 523550 324070 740371 664752 319529 207937 830474 709204 85654 95171 635881 831456 576866 715794 365905 616356 485696 829366 522483 299676 803067 709613 499320 200342 431066 952569 492139 453936 783551 154188 387886 849113 117074 1043820 1019565 373588 699663 317887 266142 207365 93794 736007 627514 198587 284548 563793 599680 130857 533588 756161 649998 233351 838062 761957 365354 723521 805488 387442 355193 506707
821351 492994 662950 603129 699159 261480 442411 440306 242346 422040 722629 543195 132494 572577 716883 251961 368393 203196 307936 371472 561665 55705 431157 562812 294231 168818 317836 377501 287235 473656 696441 287993 999999999 74186 429237 437387 650912 650968 751589 180714 622209 51010 759522 660660 186292 273587 710827 429913 283884 245595 439163 758185 556729 447340 242710 642865 210792 638260 361590 405707 835636 556957 386790 467172 229660 693836 350311 171229 789326 315433 143725 684002 204949 804651 782581 465327 411749 106898 429549 210642 197200 452217 403509 264114 24144 348575 314480 322057 340779 818290 367356 179562 615027 803591 377759 697412 542791 123300 68832 548521
894921 565039 710902 658848 773301 196575 516277 476023 168601 437692 796497 613586 82023 646005 788603 324462 410383 277099 353728 333558 632057 39794 497102 625005 366431 142442 389894 380665 264673 547173 767677 306413 74186 999999999 437707 464509 718370 710550 825748 245434 689741 42971 833135 734647 260471 334309 780251 449879 321840 285754 499811 830961 630794 477610 316754 715831 245522 696859 430482 468329 908959 623727 459694 498994 159139 726659 421571 154782 863316 295964 205082 747368 247499 846180 825239 531262 411224 179860 484604 273739 212695 464861 343048 323923 51748 406956 299493 366093 404903 890084 346354 135462 664941 876450 448988 771592 575274 81446 80895 620045
966087 554495 405638 424629 796285 405680 575324 846774 517542 42504 792687 789307 375810 650863 919781 541898 202983 450275 704892 262784 570267 462302 736678 875715 446121 579881 453699 806667 702343 674926 909903 715116 429237 437707 999999999 855185 591015 497837 865271 548839 888892 404084 909475 805107 465989 634486 669248 69244 695364 657058 370418 780041 713749 139451 471611 828863 237161 478239 425747 735499 987856 511718 507439 878429 437776 336085 454992 287335 916087 733424 346476 564726 617109 484602 471529 765609 55829 414241 789490 576581 626211 35704 413316 630176 437914 316621 171731 721144 364988 1009321 174683 570404 383587 972670 645589 803310 208288 366327 366799 777761
752106 646406 982185 889591 722988 641823 558262 58572 541569 840210 767106 450704 546531 668648 606564 376308 739945 445274 164439 798063 727235 426539 322408 346352 517999 353889 532909 154351 294620 488667 579146 160915 437387 464509 855185 999999999 838680 907549 739235 316444 456658 478207 702254 645555 419129 258964 864511 841748 160352 198235 721858 839852 575283 839513 450235 583786 619960 902984 599949 275305 753542 768129 556229 45556 591878 1064914 564044 607314 750371 275359 514512 907409 238103 1140971 1115690 337039 844934 444003 207733 295307 252634 872974 788300 256125 437664 663614 751813 148343 625011 692315 803952 392390 929760 709579 381811 712261 923259 544663 506056 477701
456109 192345 298240 198386 282880 841329 280650 793996 881779 548511 252586 472514 726739 198696 488172 485049 403676 465302 685560 802883 111601 706345 538996 620283 366515 800490 343605 897301 892246 371529 495171 791311 650912 718370 591015 838680 999999999 142366 347764 583505 556149 677766 418241 343434 492097 590999 78281 522620 716390 696338 239211 204019 319690 454782 435139 409554 522785 156575 289843 576724 480996 95334 292080 830836 838170 467623 308185 671335 399092 909479 514179 87931 679124 429881 405560 542838 637893 546971 654359 584737 753682 569105 929350 597916 674829 329478 684709 698798 315841 539533 725730 824036 268821 486629 458884 297004 435662 710722 648920 443258
598402 281068 156748 73640 424187 803445 367262 868785 863900 456255 394952 587235 702679 323190 624034 535747 337344 492170 746818 734258 217800 706327 631342 729772 399172 812953 380067 944929 916849 474986 628817 837051 650968 710550 497837 907549 142366 999999999 489921 622758 677951 667931 559428 479777 520828 650551 207571 428699 770324 744614 211881 342211 441219 358397 471153 541307 485800 19808 314574 662764 623275 149019 352150 906100 809124 327808 346241 634316 541404 938086 507553 72633 720686 290892 265816 641216 549678 555847 740037 630820 785165 470784 871862 655347 673627 303594 618014 761630 313209 680205 650980 830034 134437 628030 541233 437894 317010 686899 633978 560035
108899 311529 644323 538446 70168 997352 317939 682696 992634 824750 96879 288676 866572 214464 181468 508249 662356 550749 630587 1020828 305120 798665 421445 418999 476794 852216 456874 850209 904535 286461 201889 761951 751589 825748 865271 739235 347764 489921 999999999 607968 314671 795041 77523 97300 565310 560634 297839 803402 676338 674878 498215 175507 195996 745011 510631 157217 716237 503012 452733 470138 133604 378603 385447 713488 976494 810442 436848 843091 52731 910085 654677 430952 678170 776387 752553 402550 901060 649019 531511 591729 766049 852517 1117890 571743 774386 552511 908493 637010 510316 197504 960104 887882 609855 141655 402590 61995 754124 852025 780889 261734
665167 399592 677072 593076 564572 440622 326334 299703 398363 529806 596012 371564 313201 458120 549208 104574 423521 134323 157154 545075 478759 209337 251689 382107 223775 244302 244134 322608 312633 321762 526945 214670 180714 245434 548839 316444 583505 622758 607968 999999999 444448 231723 604304 512488 106119 94669 628649 529042 158742 125867 421472 646680 412675 523437 151799 482703 311688 614819 308236 225008 676925 498449 292467 333216 404454 749710 279301 339880 639676 327120 202677 637093 97931 832957 808296 285861 546041 135275 254227 30785 171499 563309 584119 86699 196352 352584 471454 173696 319675 650544 527763 280269 625121 641510 211382 559860 606913 303720 240775 381031
300505 405616 809087 697929 327179 883655 337450 398093 839207 855682 376590 101143 753639 357879 152546 379262 700564 461788 393131 965322 460191 653714 193822 112077 442800 665263 436002 590535 681149 222469 125220 523550 622209 689741 888892 456658 556149 677951 314671 444448 999999999 672715 258804 241129 459823 361822 542970 842492 442375 456060 581207 462611 237305 803509 429166 164672 679220 683416 476251 231329 299007 531942 393353 423013 848848 950253 440558 763156 310008 677718 582853 642932 475656 963880 937857 160241 907566 543833 260202 417240 559249 888720 1024188 373338 639870 585640 871131 392923 533848 236266 928093 706449 762181 254351 253841 312254 849135 742496 674226 121105
867303 527865 668145 615929 740895 211330 482622 484674 205509 401536 762527 592696 81486 610919 765387 300326 368039 244452 355473 324008 593241 58275 482009 613817 329910 177218 353116 406155 299727 520011 745330 324070 51010 42971 404084 478207 677766 667931 795041 231723 672715 999999999 805403 705390 230673 324427 740645 412399 328556 290878 457448 794508 601143 437455 284520 690035 203734 654135 390971 456711 882102 582902 423904 510059 182282 686230 383850 129867 833954 330145 163722 705399 250816 804195 783085 516169 381129 146150 479705 261613 230819 429809 352534 314841 40896 364355 275717 369072 363445 866686 326153 175714 622053 850823 426921 739786 534774 72690 39462 597288
61925 356145 711905 603995 135362 1012184 344051 644488 997378 869999 172278 255421 880206 263440 112462 509939 706809 563737 607404 1049553 363788 803413 394219 368521 499996 846578 482283 822493 888948 285994 136827 740371 759522 833135 909475 702254 418241 559428 77523 604304 258804 805403 999999999 105740 574794 546512 372849 850052 654956 657860 548402 253010 207771 794810 523953 124306 745365 571498 488309 442313 79550 439724 413879 673054 987679 875447 467106 864318 51524 891783 674578 503253 665759 848029 823797 370509 942105 660852 496063 584821 753821 899129 1138531 558045 781405 593531 940194 611965 548002 121846 993503 884144 675106 68800 393622 121586 810975 866306 794865 233693
166146 253839 627182 516961 86170 910413 238424 589698 900496 765979 135536 197007 778814 166086 144741 414224 602771 462153 533604 944156 271913 706351 325713 336443 395090 756507 376971 753696 807341 190743 153232 664752 660660 734647 805107 645555 343434 479777 97300 512488 241129 705390 105740 999999999 474830 463415 313554 746530 579159 577585 447341 221549 104416 692704 422132 76614 639823 489700 382797 374336 185273 348995 308188 621432 887451 785950 361375 760308 128670 812789 570749 431103 581159 770631 745588 308522 836993 559960 437961 495473 669108 795530 1034844 474556 683053 488770 834512 540266 442681 209740 887768 792690 587039 167756 305665 71729 713233 764637 693245 168253
636706 317814 571011 488334 513233 438472 258348 396980 428018 442268 537990 371408 306178 390230 538597 81752 322844 28768 256082 505574 392745 235050 281667 421525 125806 310980 148492 427241 400727 289824 519948 319529 186292 260471 465989 419129 492097 520828 565310 106119 459823 230673 574794 474830 999999999 171927 543706 438194 263998 231975 316510 577936 370697 425560 59465 460523 233390 512004 207908 272337 651743 403079 209037 432117 412911 645785 183955 303842 603449 419509 126783 539534 202467 726870 702185 313970 470992 87082 323526 123822 264899 476302 571038 169834 209278 246583 415309 272677 214062 639347 472589 338878 519111 621220 206437 511242 505220 292845 221691 372199
605514 399646 723529 630739 525942 530755 315580 228679 477630 612685 562926 300156 405673 439483 479315 117430 493683 194264 96268 639740 481083 296332 168278 290697 259170 305797 273983 309133 343938 277681 455212 207937 273587 334309 634486 258964 590999 650551 560634 94669 361822 324427 546512 463415 171927 999999999 625651 609582 126568 115365 462991 623544 371219 597213 192899 422458 398399 645269 341036 134332 614712 514593 301856 265058 492008 812037 305534 434540 586419 350034 288698 654558 119409 882747 857336 201581 635119 225754 160032 63889 207345 646586 675855 11765 287378 408169 564945 111272 367301 579362 621507 346076 671085 576412 159148 518881 674814 396885 335230 315080
403083 229124 363878 271287 240278 910998 310099 816606 945738 626744 201016 468994 793423 199601 455712 526733 480678 518297 717703 878695 150963 765724 553504 618782 420127 854429 396561 934509 940437 382351 466642 830474 710827 780251 669248 864511 78281 207571 297839 628649 542970 740645 372849 313554 543706 625651 999999999 600890 752155 735331 313954 135796 314331 533049 485089 386146 594277 224546 349776 595043 427953 166446 336759 852750 905573 535337 362124 741680 346360 955768 577997 139233 721690 482264 459428 552516 715910 605188 671529 626572 800062 647382 1003011 633609 734921 401558 760547 729854 383010 494564 802493 880257 339870 439383 482741 255789 512089 777451 713619 438394
905663 494065 340990 355580 733975 446531 521089 828732 548983 27921 728558 741995 397490 589415 865307 509604 144686 419237 686189 322075 505422 469490 699006 836361 401817 589600 406604 805589 712001 624960 856699 709204 429913 449879 69244 841748 522620 428699 803402 529042 842492 412399 850052 746530 438194 609582 600890 999999999 681400 643852 306160 713354 658010 70322 435744 773912 223528 409128 371879 701851 927857 444831 454916 861841 472887 290038 403856 308820 854701 742035 327388 495482 605072 431616 416416 726415 121929 397746 760282 554991 623869 49131 470546 606438 442054 261108 218744 702706 311568 952650 234149 585026 316261 914284 605142 741568 149224 385919 373419 728590
711608 525630 833373 745786 646345 511346 442118 156423 429931 679928 685214 401120 402725 565534 576564 234802 581507 291427 49257 652250 606999 282278 261748 349021 372954 240639 390595 182596 238888 399013 550665 85654 283884 321840 695364 160352 716390 770324 676338 158742 442375 328556 654956 579159 263998 126568 752155 681400 999999999 38705 575288 748353 492013 679966 302157 530867 459718 763901 457113 215372 718268 637899 425682 184394 465015 908415 424084 455103 697951 237704 354214 777872 79551 990359 965490 289529 686462 283659 190175 141880 127732 712761 659574 118671 287669 510466 597502 52145 475247 673085 651094 282955 781179 677491 281131 638302 765040 398551 352624 421266
715830 507244 802805 717509 641229 477283 426273 194819 401030 642017 678273 406853 366053 552926 584622 211651 546139 260042 71060 614801 588231 246030 268908 368457 345775 214590 364573 201360 231110 392981 559391 95171 245595 285754 657058 198235 696338 744614 674878 125867 456060 290878 657860 577585 231975 115365 735331 643852 38705 999999999 546278 738151 486503 643626 274123 533557 421748 737484 430345 225408 723766 615314 404453 223099 432010 874047 398852 416821 699165 235213 316984 755010 40881 958824 934159 299123 647830 246264 212741 113797 103842 674745 625465 105143 250038 478434 558929 81098 445091 682853 612648 256916 750790 684092 274418 634027 729697 361410 314258 424719
602125 193730 260869 171847 428458 605716 243822 689398 656366 328842 422480 480980 496967 285468 575775 345572 170884 287786 557891 564856 199891 494593 482339 603576 203861 601341 190129 743692 706907 359139 571153 635881 439163 499811 370418 721858 239211 211881 498215 421472 581207 457448 548402 447341 316510 462991 313954 306160 575288 546278 999999999 412158 368389 246907 273199 484342 285853 199918 124298 503237 624922 148080 194188 726433 606241 373071 163243 435343 549970 729085 295941 249368 518816 421066 395331 500803 411364 344564 576628 433568 577976 355123 690163 465833 461931 94333 446758 573661 103314 656396 489978 618156 208442 614393 384859 436630 270413 481006 424608 460759
273883 267202 498901 402359 136022 980846 321487 787160 999345 737819 87004 407819 856203 188812 350153 542108 583031 556446 707993 970845 215815 810726 518241 554102 464673 885497 441393 929825 957759 352571 366281 831456 758185 830961 780041 839852 204019 342211 175507 646680 462611 794508 253010 221549 577936 623544 135796 713354 748353 738151 412158 999999999 264861 648204 518659 298153 674139 358385 411761 564586 298364 268534 371397 821334 968902 669881 411462 815596 218651 968899 637883 275011 731857 617083 594611 509012 823101 651351 636319 638158 816085 761317 1085399 633177 782193 488423 853770 717795 458338 372047 899979 916031 472449 315428 467768 151562 637628 840592 772534 376997
269297 178178 576720 465146 154726 806005 139485 522310 797132 675878 193802 154803 674400 121001 208082 312280 513371 357744 448936 842481 223465 603051 253385 304493 292484 656971 275412 670979 713672 93543 202819 576866 556729 630794 713749 575283 319690 441219 195996 412675 237305 601143 207771 104416 370697 371219 314331 658010 492013 486503 368389 264861 999999999 608305 317717 116405 538843 447392 288229 299982 286888 297018 209269 556497 783136 725503 262871 656602 232817 721130 466902 405933 486422 728921 703065 245129 742744 455600 371531 397610 573717 706597 930946 381850 579276 397451 734293 457468 348927 295799 788307 692207 531834 263336 212086 148085 638490 660223 588830 124519
848986 438959 275121 285258 675145 498351 474381 821735 592074 98032 667181 702437 434689 532292 816352 490343 106160 403332 679688 387747 443624 492229 671231 805702 370064 612820 371099 816230 733880 582903 809358 715794 447340 477610 139451 839513 454782 358397 745011 523437 803509 437455 794810 692704 425560 597213 533049 70322 679966 643626 246907 648204 608305 999999999 413715 724686 236564 338814 327810 678692 871691 379902 411298 856162 519870 249154 362972 348360 796852 762658 328102 425447 606547 378925 361385 696648 191932 398674 741651 547018 634972 114412 534090 595394 462506 217890 279006 696326 269707 900694 300689 612870 247376 860233 574972 683501 98206 421619 397994 686829
585844 258515 532361 443713 456672 488368 199937 421515 485031 443505 480048 335343 356683 331255 495000 77793 308044 40121 285826 540135 334150 293153 265096 404529 72005 370150 92671 473805 457115 242172 478055 365905 242710 316754 471611 450235 435139 471153 510631 151799 429166 284520 523953 422132 59465 192899 485089 435744 302157 274123 273199 518659 317717 413715 999999999 413303 250504 463561 156580 266205 601878 347821 149669 457957 465891 619899 128123 344051 550374 474625 156183 485770 249650 690753 665519 294584 483471 138406 328058 160693 319059 477559 616118 194358 266214 215551 442207 301908 174779 594630 499045 398341 480003 573229 177046 455314 485537 342537 271125 332114
183241 292477 683693 572374 162519 898994 253557 526751 878195 791406 211932 133475 766696 219162 91677 391443 629232 452227 483521 948320 326864 684780 270792 263147 399230 723749 384449 699878 764649 171202 88697 616356 642865 715831 828863 583786 409554 541307 157217 482703 164672 690035 124306 76614 460523 422458 386146 773912 530867 533557 484342 298153 116405 724686 413303 999999999 646885 549635 403117 319182 194230 403222 322261 556940 872120 837103 375612 756936 168048 767529 567596 497475 541788 831747 806281 248669 856579 547428 376359 462200 629800 822381 1029382 434028 664105 513049 842854 488436 463875 183459 897757 761806 640863 160788 271381 147597 754090 753324 682047 109713
