NAME : synthetic_000984
TYPE : CTSP-D
DIMENSION : 100
GROUPS : 8
RELAXATION_LEVEL : 1
EDGE_WEIGHT_TYPE : EXPLICIT
EDGE_WEIGHT_FORMAT : FULL_MATRIX
EDGE_WEIGHT_SECTION
999999999 664135 487715 152046 188943 767572 695456 413928 949955 863466 266568 17884 322652 968543 514071 1022414 57676 411763 49515 419075 959298 630665 949425 755316 495310 774738 581934 706315 905095 832191 914852 829903 357103 729691 263940 212456 617897 358388 731558 721982 391565 158022 566315 743029 771561 660213 740817 700291 477268 254042 612634 434284 506047 398250 836924 851851 689335 597122 516588 267319 809294 559951 299974 298397 908142 486542 269746 359501 40163 666853 658764 990806 851952 315455 518303 521529 599603 158640 540505 935473 782763 882303 338082 626327 546169 137122 885468 37021 645573 754234 366012 328057 900988 542252 480165 802331 403276 944838 347805 548051
664135 999999999 243756 582114 615012 682666 721566 398356 487218 219791 528413 680641 510382 877152 596299 768153 606476 751520 637987 439019 837245 821372 388368 296554 455990 765941 817387 454618 546574 571607 899486 714137 802714 1011232 470760 602762 236325 311458 960284 865677 883371 614587 201642 103347 162211 933008 854862 1075018 461407 641867 1030812 875713 158851 275008 830152 417176 1054288 601601 1013545 618908 945884 696376 804851 408563 433398 207117 537524 360196 701091 890520 250594 825744 670998 645399 166378 688429 962344 676752 373351 827735 937564 843192 451716 978431 481016 764352 287765 657851 567668 557554 639397 614247 778851 481725 531455 904826 752665 681872 322634 684450
487715 243756 999999999 454923 393471 498507 509346 154602 482846 392360 296828 505506 270686 710319 361402 659323 432466 508164 450489 195750 678559 586502 462387 275005 224140 566247 577886 310085 476326 448964 710522 543723 563984 772651 383464 501229 135299 148514 725800 639426 646151 399916 78716 282595 294272 693527 633203 831823 225591 553394 787137 634467 161052 113849 634540 387048 811269 382317 773710 383951 724405 461765 572755 194357 435136 53023 304646 311813 518820 654475 177615 682455 521916 405400 218285 449844 718824 460481 162362 663352 712628 657666 406781 735273 261212 561638 399467 492736 367074 402173 396273 372989 616098 260702 294346 687900 509574 570972 224252 449073
152046 582114 454923 999999999 293688 827385 773620 430967 936681 795038 330087 157751 379844 1038227 585633 1060302 126012 532908 173798 450841 1022338 738238 910659 729869 530592 851159 695136 723097 913919 858280 997340 887375 495440 858084 126919 72054 590220 307906 851337 825819 538569 264046 528955 672633 711363 784540 839957 841092 514959 127109 756737 576017 424848 346706 917376 839762 828633 660864 666618 368146 915984 650215 445058 298405 889866 437366 337633 238123 188474 782795 632537 1046327 896845 420538 421925 614692 735976 291394 550749 1000361 891626 958572 193110 762033 584991 288925 833750 120245 695700 788341 464201 422263 961197 581563 537667 902385 525730 977222 260945 637056
188943 615012 393471 293688 999999999 582797 506828 274058 809752 785808 104710 202198 155516 780556 327808 844968 173235 239846 140566 263796 772698 447402 834279 632884 330815 586161 402185 547314 747448 663653 725915 645517 221739 566000 353483 365485 505383 310214 557656 537138 287578 31378 468896 673452 687619 491339 554247 561196 311954 417856 485364 305001 470587 341915 648011 713019 546472 412528 423466 78669 626004 371158 197591 206514 773546 412241 101798 404864 192753 489436 542027 806254 672553 128981 502682 332972 451064 69663 394898 748501 600603 693608 428880 476012 376493 183231 786697 220462 466287 582000 177649 139114 715362 372390 300965 616199 233150 770984 348488 359160
767572 682666 498507 827385 582797 999999999 121360 413990 446816 686962 504517 782552 450341 216252 255336 281254 736080 452491 718057 382621 195027 301903 575444 438004 306251 99545 346615 236007 314163 195842 216857 62914 560705 470291 815345 894569 446395 599777 394693 272242 627563 611843 492570 650149 609549 420432 241750 594915 318352 951791 612619 571099 657926 585834 150858 396495 572797 170482 689657 509451 314420 250936 622152 541427 450911 551084 499589 783520 775475 355749 436302 223461 116504 473355 715436 286972 521402 637471 336299 173965 321662 161116 864875 518485 252979 747933 610781 794203 136876 141866 420743 448896 134078 255435 290522 263253 462169 233247 689812 255554
695456 721566 509346 773620 506828 121360 999999999 393392 554674 758936 443739 709023 394587 275158 188376 397130 671003 344959 646430 354146 274341 180756 671270 512076 290883 79363 225700 309159 427638 308494 223982 173467 452720 356468 779489 843637 489001 584133 283641 163953 514552 537469 522026 705336 673078 301372 141015 476091 296395 900328 491304 455519 670039 578217 143778 493246 453775 128661 569995 429505 228156 144772 518044 506846 552132 562110 436760 764530 698168 237419 489003 318975 237766 386616 726760 184106 400089 553873 351924 248526 226248 186872 836903 397588 248137 658873 693384 725256 156530 237855 333578 368128 225641 248740 245244 183714 355046 354423 672447 153328
413928 398356 154602 430967 274058 413990 393392 999999999 539546 531169 169484 431470 127474 630110 221980 629699 366947 354206 368451 43928 606920 442137 560857 359018 107797 461254 428189 295067 491894 427698 610311 469467 415931 623127 402603 492635 236280 190769 580663 503916 499319 289573 214024 430257 431389 543342 502724 677698 97817 549398 632659 482989 296942 187151 530719 441899 657315 265521 623428 244573 592489 319658 432730 133078 501064 197593 173904 372556 436483 508183 270151 623764 469339 257224 349549 302454 564418 343721 126587 587447 577395 562638 450986 581213 161392 455256 518925 429767 277313 357834 242884 223115 544209 158702 154465 561207 355998 546255 279629 306189
949955 487218 482846 936681 809752 446816 554674 539546 999999999 352557 705602 967747 655029 544281 569629 348768 899164 799603 906335 546053 494589 727272 159952 212565 486824 545132 758079 281175 138836 251438 616254 431917 895901 911121 863728 984028 348511 631336 837841 716309 977022 827997 414257 397629 334493 852432 687733 1025947 505309 1035712 1025950 936698 573066 595237 580279 98113 1003358 506450 1073158 764168 760353 633030 936240 653319 53898 509923 707956 778448 974936 790264 306488 454377 356171 755591 616769 653512 937010 878816 415041 499542 768476 562568 876755 940175 455278 992750 247803 961683 432087 317514 716600 720682 458906 459235 545163 708672 806601 287039 700764 629307
863466 219791 392360 795038 785808 686962 758936 531169 352557 999999999 688300 880678 656867 846786 682224 687274 806095 877201 832012 562912 800481 895052 209195 249087 549373 782708 904894 453158 457690 526317 894140 699876 946860 1089830 688195 820028 302077 505078 1028091 918516 1030419 791422 319010 122405 99788 1016844 899667 1175589 561324 860668 1146946 1011090 370753 465291 837337 322607 1153591 659329 1152447 772965 986487 775320 962147 583748 305563 379299 695596 579236 898224 964781 282424 773675 638460 788353 385988 778340 1068760 852457 455416 797821 984948 836795 671490 1080409 553314 950647 105465 861456 604097 546320 769777 753954 750721 555575 627482 939238 880569 611073 534094 765902
266568 528413 296828 330087 104710 504517 443739 169484 705602 688300 999999999 282758 56141 711114 256303 755848 231583 252473 217562 160308 698226 420857 730119 528466 231409 521683 386022 446560 646702 567594 667304 566188 277539 569062 352602 400683 402561 239296 546488 503409 355860 123071 369689 579159 589291 490036 514279 589698 212860 457037 526215 355672 393940 263637 587435 608655 572156 334993 488501 91542 594673 322263 276933 127392 668964 321996 11006 373695 281212 474302 438394 726853 585584 129714 433550 288733 475351 174340 290583 675251 572527 629326 420893 497375 280471 287168 684730 290600 379430 488276 151733 110966 638517 276484 214730 576685 249647 678676 299196 308765
17884 680641 505506 157751 202198 782552 709023 431470 967747 880678 282758 999999999 338888 982548 528597 1038548 74594 420383 65197 436167 973849 640894 967270 773200 512108 788352 591403 723550 922461 848998 927719 844981 361767 736007 273998 214104 635769 375616 739605 732575 392589 171693 584091 760106 788984 667502 752006 703304 493996 252544 614549 437490 522378 415543 850078 869647 692851 612072 515397 280105 819357 572559 302333 316279 925988 504038 285633 372231 30768 675687 676644 1005883 867814 327271 533750 533913 604136 167031 558055 949899 792542 895805 346985 630999 562718 132037 903129 37745 661356 770749 378417 341166 915802 558784 495813 813314 411679 961294 363328 560828
322652 510382 270686 379844 155516 450341 394587 127474 655029 656867 56141 338888 999999999 658806 206233 699770 286486 246864 273694 109166 644603 388018 686347 484026 176189 471543 359134 392201 592396 511751 618561 511644 293316 548516 390471 449260 363754 243018 519131 465923 375561 177270 338186 552364 557206 468460 473890 582261 157479 506119 526509 365397 387163 259629 538330 558757 563426 281735 503462 117101 557339 280896 305635 135290 619966 303520 54762 397541 337175 446067 397196 672090 529730 135067 432071 250650 467466 223935 241008 621976 536865 578805 454524 487502 224470 338695 646390 346207 323788 432173 136087 104535 584416 220466 159917 535923 246329 622543 315261 267032
968543 877152 710319 1038227 780556 216252 275158 630110 544281 846786 711114 982548 658806 999999999 455531 231816 941382 613247 919261 597873 50018 409250 697022 605916 522325 196325 466248 422615 407378 320484 106373 166730 718799 511286 1030784 1106566 643963 815876 435870 333792 772130 810855 696773 831119 782667 493370 297967 651287 533965 1163704 698259 708530 867689 801172 147802 529430 632052 377369 803597 703897 312881 418460 787102 756490 567921 762259 705135 999635 972571 432984 626662 104429 209583 661738 925034 458143 611881 828951 549206 49643 337405 95716 1081063 599717 469226 933783 756940 997330 353128 319744 608663 642470 98423 471659 500772 269634 623532 259429 905912 427976
514071 596299 361402 585633 327808 255336 188376 221980 569629 682224 256303 528597 206233 455531 999999999 525336 485857 230933 464626 178887 445255 225458 647176 456232 140365 265533 224046 288728 471683 366926 412357 318202 332489 415541 592546 655408 384456 408557 364722 281948 410385 357266 395946 603762 586368 338575 281571 493383 135923 712181 470729 367146 515684 408857 332099 485132 471367 86521 503988 254159 370712 100451 383765 322184 549277 411171 249879 584164 520560 294258 399801 478667 351770 220301 569925 96118 388222 382350 229636 421417 355441 373067 652076 398533 129817 493876 639721 542082 153285 280906 169155 193917 387555 127169 67927 341277 238564 458756 494096 88169
1022414 768153 659323 1060302 844968 281254 397130 629699 348768 687274 755848 1038548 699770 231816 525336 999999999 984276 733481 973356 610745 185223 571183 508551 473619 531283 340479 621294 349748 230076 210362 330599 223675 841605 712849 1024956 1122229 556800 791695 635206 518492 908759 871978 621116 700558 643274 678597 482724 848222 548136 1178843 879654 851676 799714 766864 334276 366536 827258 438973 966583 776438 523936 532182 901848 762755 385582 705284 752995 969478 1035256 614027 526891 127563 173571 745610 854049 567838 789181 904770 517162 203280 543259 293178 1061187 782422 478007 1018131 587228 1045287 378709 271961 694289 717964 188542 481742 544130 474570 743076 88730 878285 536535
57676 606476 432466 126012 173235 736080 671003 366947 899164 806095 231583 74594 286486 941382 485857 984276 999999999 409642 50001 376060 929555 620622 894679 702038 454109 749821 575114 661344 858838 790131 892932 797767 369447 733555 219738 195709 563868 301047 729294 710091 414516 142297 510885 685516 714558 660981 726462 715118 436629 245730 631246 450247 448453 341010 813920 801066 702621 566330 544704 250766 799184 540439 320444 246004 856375 429752 236656 307709 95588 661973 605084 958397 815585 302108 461452 503249 610063 165398 493062 906373 773838 857627 296112 636186 506447 180720 829244 62873 610126 714191 349211 308654 870051 502652 446191 788606 402072 904878 290959 527863
411763 751520 508164 532908 239846 452491 344959 354206 799603 877201 252473 420383 246864 613247 230933 733481 409642 999999999 369190 316686 618243 226384 868368 670855 333229 419262 172768 518428 702094 594471 538088 512732 108260 326360 588805 604358 575384 487556 320170 319457 180120 268875 566178 782756 777980 251634 344111 337442 318644 655371 280135 138281 633927 506342 468098 712846 319694 306606 278901 173254 402078 202086 173872 376387 777048 546582 241467 624237 400553 255327 600209 663895 563086 123885 678729 165657 222916 253381 426095 592080 374122 518906 662111 245017 348538 335557 849260 447440 380469 508671 112319 144052 570473 344934 260218 402363 10319 676473 551661 196959
49515 637987 450489 173798 140566 718057 646430 368451 906335 832012 217562 65197 273694 919261 464626 973356 50001 369190 999999999 371702 909833 585192 910472 714454 447192 725675 537627 659316 858550 784061 866299 780390 322596 690576 269168 241372 578274 328264 689360 675948 365161 109356 529201 712799 738386 619417 694022 667940 429016 288483 582969 402469 481512 367289 788160 808302 655921 547608 494834 219199 763929 511712 271363 258113 865447 453237 220478 353392 68955 623437 618571 941294 802687 268344 498684 473526 564260 119240 494978 886039 737816 833297 345777 590631 497607 134707 849632 80075 596257 705613 318126 279525 851482 493664 430778 755761 361113 896133 329010 499662
419075 439019 195750 450841 263796 382621 354146 43928 546053 562912 160308 436167 109166 597873 178887 610745 376060 316686 371702 999999999 576994 398219 579288 376906 79762 424099 384558 287747 487476 414070 573422 440157 384826 579526 432911 515340 263401 230938 536738 460660 468722 283351 249494 466076 463248 499837 460169 636113 64675 572475 593392 448398 340820 229984 493399 449626 615524 227563 589597 222852 549591 275923 407347 158814 510807 240600 162019 410398 438105 464276 293529 597066 446007 227745 393468 258547 523333 332763 131880 556575 534098 527200 485222 539549 134200 446966 544225 438243 247312 339255 207114 192506 514733 130847 111946 519143 319181 529599 318423 262405
959298 837245 678559 1022338 772698 195027 274341 606920 494589 800481 698226 973849 644603 50018 445255 185223 929555 618243 909833 576994 999999999 424671 647933 561657 499600 199275 480104 383786 358069 274753 146007 137565 725294 541900 1009174 1089595 605913 789655 465205 356405 782775 802428 660877 788137 738429 517713 320062 680644 512488 1146818 722303 720701 834053 772993 166271 481710 660706 363245 822135 697395 346509 419111 791832 735780 518952 729857 692899 973237 965360 455338 586672 60678 166580 657645 891163 458360 634165 824101 519079 26441 368817 117091 1056917 623782 445529 931535 709429 986883 329920 281687 604497 636138 62994 448274 485070 299986 628427 209418 879555 427349
630665 821372 586502 738238 447402 301903 180756 442137 727272 895052 420857 640894 388018 409250 225458 571183 620622 226384 585192 398219 424671 999999999 832522 656962 365445 231708 58143 463911 604991 486419 321753 349694 321459 194783 773458 810286 604039 620002 139306 93073 365183 478506 620446 824476 802267 125863 119876 298707 361314 864139 310851 300219 738636 625853 261558 658054 276139 236791 398102 370448 178741 125062 393310 520970 719560 635595 411005 785161 623265 69956 614422 478245 417959 318557 791686 140777 219663 474661 451283 398339 153397 313636 840896 216922 345301 561931 841704 664983 302086 410236 274484 316870 388970 343746 292166 176086 236326 534298 700124 137447
949425 388368 462387 910659 834279 575444 671270 560857 159952 209195 730119 967270 686347 697022 647176 508551 894679 868368 910472 579288 647933 832522 999999999 202399 537716 674980 855263 368726 290030 387975 761857 571315 955095 1023372 820530 948359 332344 603743 953736 835213 1038595 847339 384520 287193 226165 958295 810012 1127971 554265 995562 1116436 1006589 508194 564247 718132 179051 1105381 599449 1146961 802046 889041 725520 985315 652369 129255 473329 734761 722255 979265 899286 293097 611055 499423 803812 540914 739061 1030794 903842 450131 650628 893618 706347 819734 1037449 520755 1012888 106567 955123 530456 436137 772730 768164 607435 524162 608151 838395 873954 443596 657445 719253
755316 296554 275005 729869 632884 438004 512076 359018 212565 249087 528466 773200 484026 605916 456232 473619 702038 670855 714454 376906 561657 656962 202399 999999999 338152 533645 672805 204354 250025 287645 647040 453314 754599 851175 652298 774451 139764 422536 786269 673504 838350 646871 202826 228709 176790 781178 653077 945923 353995 825211 926916 808676 362044 385231 588556 125191 923531 420207 949755 599647 738764 542120 783285 456948 161832 298167 532854 565885 783406 725904 97581 541720 396340 602010 408254 550838 843921 702522 248454 556412 738323 589614 664191 852816 327018 812662 184873 763642 359349 297951 572338 566368 508305 330061 411345 690935 675945 389086 488894 534231
495310 455990 224140 530592 330815 306251 290883 107797 486824 549373 231409 512108 176189 522325 140365 531283 454109 333229 447192 79762 499600 365445 537716 338152 999999999 355533 363225 216621 416658 336891 504080 362311 417448 555797 509579 594852 248219 296452 504523 415292 500881 353454 255634 465369 451695 478376 409508 628680 18906 651946 597634 470692 382359 287733 424999 393201 607064 162229 611986 278069 500577 240408 451246 236942 456362 275565 230948 479448 512302 434531 268620 518073 366272 269621 438212 234149 519954 397803 94080 479852 488491 455511 558783 532700 54679 513293 516194 515880 169740 260195 235128 234348 437028 51556 78455 465300 338021 450810 386094 228476
774738 765941 566247 851159 586161 99545 79363 461254 545132 782708 521683 788352 471543 196325 265533 340479 749821 419262 725675 424099 199275 231708 674980 533645 355533 999999999 284433 329776 410684 293711 149340 124675 526077 380709 853456 920804 530193 651636 303607 182180 583993 616770 570354 740225 702517 339209 148514 511280 363452 977640 539182 522655 727254 642888 69486 496011 489754 196596 629341 508867 215296 222219 593019 579655 550336 619269 514961 833745 777527 274305 524416 248579 200477 465786 784530 261872 448724 633076 405057 172977 224186 107806 908935 442130 307755 737460 708884 804399 200373 240472 412799 447490 157538 309115 318463 163863 429479 312127 740868 231653
581934 817387 577886 695136 402185 346615 225700 428189 758079 904894 386022 591403 359134 466248 224046 621294 575114 172768 537627 384558 480104 58143 855263 672805 363225 284433 999999999 487186 640704 523497 379846 398242 264132 194976 737329 767137 608444 597640 160533 149117 307156 432842 618512 827779 809842 115685 177783 273282 356195 820017 269480 242497 724824 607000 318448 684046 250814 255832 345432 327204 229313 130686 336278 494104 746744 624865 375666 756191 572568 88498 622650 532485 463113 274682 776079 129142 179250 424510 453682 453697 201482 370545 806850 182606 351611 507741 857553 616924 327156 443717 235496 277893 441952 349439 286127 232300 182349 579862 674139 139109
706315 454618 310085 723097 547314 236007 309159 295067 281175 453158 446560 723550 392201 422615 288728 349748 661344 518428 659316 287747 383786 463911 368726 204354 216621 329776 487186 999999999 200197 139669 449810 260123 615420 655712 678052 781278 222186 442935 587754 472048 696088 569311 279603 414901 373577 589623 450077 759441 235522 837057 751197 655613 456512 417194 386841 197872 736836 231508 792645 493329 534764 358358 658149 425135 261593 357524 446836 619733 725850 531132 204417 378328 219101 479344 512630 375220 664064 614418 172457 373292 535155 392633 711822 669681 177011 729913 384225 724010 161838 102936 437720 445261 324431 181107 265950 486648 525444 261917 528742 353061
905095 546574 476326 913919 747448 314163 427638 491894 138836 457690 646702 922461 592396 407378 471683 230076 858838 702094 858550 487476 358069 604991 290030 250025 416658 410684 640704 200197 999999999 119186 477425 294324 803893 783114 857862 968608 355045 620730 708327 586039 881957 769500 422855 473031 414383 728481 555910 903027 435540 1023179 910143 836058 598041 589596 442574 136536 880580 398347 968144 692138 625212 521306 851329 618497 161586 514982 647032 786683 925469 664972 318761 321754 217829 675348 648949 546521 819841 814328 366070 361725 634806 423793 882813 820756 374314 929885 359264 921661 323051 197613 631073 642081 320283 378464 460654 573319 710029 155087 700577 519590
832191 571607 448964 858280 663653 195842 308494 427698 251438 526317 567594 848998 511751 320484 366926 210362 790131 594471 784061 414070 274753 486419 387975 287645 336891 293711 523497 139669 119186 999999999 374775 183406 698809 663967 817049 918065 350223 582465 589333 467141 774564 688223 412739 515503 464193 609505 437449 784122 355059 974216 792952 725794 591172 556840 330965 212529 761705 288039 855191 602003 508916 407153 750346 559876 260093 495200 566318 759290 848795 545871 323811 254961 113185 579501 646254 434734 702346 727899 309784 271524 517317 318697 851488 702619 287455 843281 438090 852263 214227 86034 532163 547979 224835 291515 366576 457246 602905 122256 668410 406528
914852 899486 710522 997340 725915 216857 223982 610311 616254 894140 667304 927719 618561 106373 412357 330599 892932 538088 866299 573422 146007 321753 761857 647040 504080 149340 379846 449810 477425 374775 999999999 194344 640083 406662 1002445 1067517 663241 800452 332326 238238 686923 756969 708750 864698 821571 393726 204162 547097 512494 1124145 597911 621667 871074 790798 80460 587251 528333 345936 708364 647632 207354 355357 710535 728864 633001 763456 660086 982860 915021 336018 652357 206286 262439 601594 928534 394481 513553 768221 548335 127846 233000 57430 1058263 499727 455021 867615 811111 945752 343510 349670 549521 586812 158595 456629 467452 166796 548395 341967 889852 366897
829903 714137 543723 887375 645517 62914 173467 469467 431917 699876 566188 844981 511644 166730 318202 223675 797767 512732 780390 440157 137565 349694 571315 453314 362311 124675 398242 260123 294324 183406 194344 999999999 620991 505367 871867 953960 479412 652248 428186 306838 686138 674457 530661 673575 628637 462519 273057 635451 375544 1011187 659964 628298 700967 636112 148363 394721 613781 233039 743228 572339 333282 310691 683423 598829 443461 595575 561481 835895 838150 397489 464450 160905 77728 536207 758323 347677 568977 700381 383018 119869 345761 137163 919352 563957 308098 810806 617098 856230 192853 157754 483543 511808 74742 310898 351728 281304 522536 187532 742190 316157
357103 802714 563984 495440 221739 560705 452720 415931 895901 946860 277539 361767 293316 718799 332489 841605 369447 108260 322596 384826 725294 321459 955095 754599 417448 526077 264132 615420 803893 698809 640083 620991 999999999 376772 572069 563964 648211 515603 390345 413215 83998 242925 629727 845138 847077 313837 441257 345688 400854 610064 264597 83323 671479 541169 572546 806353 333331 411960 211175 186039 489164 310329 72587 404368 870328 595598 267493 626377 336975 335568 677129 771692 670845 158898 710280 273779 242501 204049 506453 699043 459589 623873 648423 269272 441071 254974 927922 394101 484592 612802 182366 192906 678340 437207 351145 496338 98539 783682 565800 305152
729691 1011232 772651 858084 566000 470291 356468 623127 911121 1089830 569062 736007 548516 511286 415541 712849 733555 326360 690576 579526 541900 194783 1023372 851175 555797 380709 194976 655712 783114 663967 406662 505367 376772 999999999 914205 929073 797788 789760 77692 198804 377412 594476 811431 1018034 996841 80297 232430 140686 549829 978738 207359 314023 919622 800686 379195 847053 123169 431288 339300 498320 199809 316857 444868 683775 907256 819829 558274 942483 712601 125289 809011 601536 580650 446870 970520 323010 148269 571868 644113 517797 173883 424994 986508 123097 539171 631121 1035750 766330 494157 593955 417538 458257 524308 537442 479805 242115 332851 692651 863534 327847
263940 470760 383464 126919 353483 815345 779489 402603 863728 688195 352602 273998 390471 1030784 592546 1024956 219738 588805 269168 432911 1009174 773458 820530 652298 509579 853456 737329 678052 857862 817049 1002445 871867 572069 914205 999999999 132003 515471 237147 897319 855164 626984 329368 449594 566396 610648 836981 864250 914582 496994 175070 836663 655112 318543 269656 922003 769421 899954 657558 760067 415931 946561 671285 532481 274483 814102 354138 362500 114516 303493 825809 557287 1026160 870316 467418 306091 639857 804427 373436 507814 989215 924920 958523 77133 829149 563808 398918 736386 238802 679270 755451 501841 459521 946596 560971 535013 926359 583279 938710 163879 657455
212456 602762 501229 72054 365485 894569 843637 492635 984028 820028 400683 214104 449260 1106566 655408 1122229 195709 604358 241372 515340 1089595 810286 948359 774451 594852 920804 767137 781278 968608 918065 1067517 953960 563964 929073 132003 999999999 635751 352715 923131 897776 603524 335612 571862 698098 741392 855949 911714 909255 579858 57228 823473 643586 449913 389226 987415 888181 897292 729280 728960 440191 987993 721613 510971 359562 935727 477654 408521 244889 244405 854743 677991 1112134 960897 492569 437907 686326 805377 360263 608894 1067982 963671 1028010 173062 831621 649473 345811 866427 176851 761665 850453 536204 494218 1028085 646171 605794 974156 597052 1038082 291169 708385
617897 236325 135299 590220 505383 446395 489001 236280 348511 302077 402561 635769 363754 643963 384456 556800 563868 575384 578274 263401 605913 604039 332344 139764 248219 530193 608444 222186 355045 350223 663241 479412 648211 797788 515471 635751 999999999 283287 740778 639037 732121 516657 68135 220482 203621 722338 625358 876514 259469 687207 845226 710077 244172 246738 593929 254088 854766 374315 851626 480853 715635 481034 668698 320169 300052 162927 408257 434657 647127 673972 42329 599335 441105 490876 297412 480249 768173 574534 155056 594875 709409 607073 532175 780731 258740 681670 282692 625070 333442 324451 469041 455815 546097 260368 326634 672710 578951 468259 353177 470548
358388 311458 148514 307906 310214 599777 584133 190769 631336 505078 239296 375616 243018 815876 408557 791695 301047 487556 328264 230938 789655 620002 603743 422536 296452 651636 597640 442935 620730 582465 800452 652248 515603 789760 237147 352715 283287 999999999 755672 688731 591206 305973 221050 384888 413950 709496 690105 824471 288316 405074 764711 594814 160630 40259 721122 535518 805963 456260 725632 329956 778677 502095 505941 111988 583338 131081 249909 183760 393459 682434 325593 801235 642642 367797 194695 479300 709674 367952 275795 771608 761816 751855 269986 730208 347406 452914 531294 357476 463063 525187 378722 343505 726665 345306 342659 749666 485921 704566 90037 488217
731558 960284 725800 851337 557656 394693 283641 580663 837841 1028091 546488 739605 519131 435870 364722 635206 729294 320170 689360 536738 465205 139306 953736 786269 504523 303607 160533 587754 708327 589333 332326 428186 390345 77692 897319 923131 740778 755672 999999999 122470 407058 587640 759125 961237 936937 78862 155130 215576 500606 974946 269389 340554 877435 763122 301763 776377 196189 368937 392015 484847 128268 264282 461878 653759 835709 774783 536091 916480 718461 73258 749275 524584 503851 432328 930110 278321 193432 572946 589190 440852 99749 348163 967232 174109 482410 644401 970155 767449 427314 521485 395575 437807 446672 481084 431456 166236 328367 615308 833673 276754
721982 865677 639426 825819 537138 272242 163953 503916 716309 918516 503409 732575 465923 333792 281948 518492 710091 319457 675948 460660 356405 93073 835213 673504 415292 182180 149117 472048 586039 467141 238238 306838 413215 198804 855164 897776 639037 688731 122470 999999999 452339 568405 664109 858426 830047 161497 36367 329985 414899 952274 365898 386116 796414 690618 190150 657074 308827 264869 470588 459366 91431 187056 485395 595325 715524 690552 494058 859856 715483 99250 643597 413773 381850 408168 851264 215394 278269 566792 492326 330856 73516 240426 920444 267385 384672 655000 856018 755907 314530 400941 361716 403559 330722 384043 349708 83217 329394 494304 772148 201041
391565 883371 646151 538569 287578 627563 514552 499319 977022 1030419 355860 392589 375561 772130 410385 908759 414516 180120 365161 468722 782775 365183 1038595 838350 500881 583993 307156 696088 881957 774564 686923 686138 83998 377412 626984 603524 732121 591206 407058 452339 999999999 303433 712876 927862 930632 328203 483793 315280 484469 645057 222903 67071 748983 618624 624490 888394 307872 486621 135891 264635 518941 376897 94533 481182 952467 676353 346292 690531 364453 364046 761127 832046 740267 242096 785718 343130 230953 253560 590318 756353 488402 676472 704047 257906 523005 269518 1011920 428112 560588 688786 266014 276553 739394 519202 433246 533793 171943 854714 635878 373681
158022 614587 399916 264046 31378 611843 537469 289573 827997 791422 123071 171693 177270 810855 357266 871978 142297 268875 109356 283351 802428 478506 847339 646871 353454 616770 432842 569311 769500 688223 756969 674457 242925 594476 329368 335612 516657 305973 587640 568405 303433 999999999 476741 677102 694060 520509 585613 585638 334719 387438 507475 326153 466551 339915 678925 730771 571508 441419 439000 110015 657154 402370 210747 208305 790514 414831 122527 387101 163838 519850 554409 835292 700005 160238 495536 364266 476765 62169 412999 778369 631639 724302 405539 502104 400774 165838 796371 189152 493525 607416 209002 170173 744736 396709 327872 647551 261799 797009 336489 390306
566315 201642 78716 528955 468896 492570 522026 214024 414257 319010 369689 584091 338186 696773 395946 621116 510885 566178 529201 249494 660877 620446 384520 202826 255634 570354 618512 279603 422855 412739 708750 530661 629727 811431 449594 571862 68135 221050 759125 664109 712876 476741 999999999 216624 219675 733868 653763 880542 262499 622394 842079 696800 178600 182849 636389 321144 859349 400371 837419 453989 744911 495611 643184 272676 364548 95700 376766 366715 597533 689833 108354 657906 498208 470869 233585 489370 769427 536705 171841 648281 736136 653660 464406 784058 279438 639442 320967 570850 370373 379480 456026 437063 599853 280103 332463 704661 568582 532410 286517 483945
743029 103347 282595 672633 673452 650149 705336 430257 397629 122405 579159 760106 552364 831119 603762 700558 685516 782756 712799 466076 788137 824476 287193 228709 465369 740225 827779 414901 473031 515503 864698 673575 845138 1018034 566396 698098 220482 384888 961237 858426 927862 677102 216624 999999999 63491 942158 843520 1093759 474636 739453 1057934 913233 248478 345522 800549 338349 1072265 594139 1053620 666503 933100 701193 855348 468804 344605 262469 587153 458481 778346 894397 216492 770122 621882 686254 266611 699077 983807 738723 374188 781482 928073 807477 552093 997538 479179 833825 184824 740138 548844 515910 672624 652899 732906 480747 543632 888747 785203 617228 411689 690489
771561 162211 294272 711363 687619 609549 673078 431389 334493 99788 589291 788984 557206 782667 586368 643274 714558 777980 738386 463248 738429 802267 226165 176790 451695 702517 809842 373577 414383 464193 821571 628637 847077 996841 610648 741392 203621 413950 936937 830047 930632 694060 219675 63491 999999999 922742 812945 1079341 463086 785089 1048841 911527 292535 373767 760402 278570 1057476 568084 1052828 673441 901222 681053 862594 487133 281703 285227 596434 506241 805373 872170 187846 717547 573085 688567 318498 682431 971578 754750 358068 733142 898041 764164 601917 983796 458426 854602 127904 771409 516914 471901 670199 654171 684954 460472 530032 855299 781229 561430 451534 671185
660213 933008 693527 784540 491339 420432 301372 543342 852432 1016844 490036 667502 468460 493370 338575 678597 660981 251634 619417 499837 517713 125863 958295 781178 478376 339209 115685 589623 728481 609505 393726 462519 313837 80297 836981 855949 722338 709496 78862 161497 328203 520509 733868 942158 922742 999999999 197855 174720 471715 906642 204917 261757 839635 720410 351540 783906 152444 361161 318355 421587 199228 241690 384725 603743 845334 740301 479312 863114 645384 65034 735124 575268 534688 369640 890358 244610 120437 501679 567973 492272 168744 401302 908650 106349 464361 568603 966036 696496 427839 535068 338338 379475 491572 462417 401637 227676 258929 649620 783592 251799
740817 854862 633203 839957 554247 241750 141015 502724 687733 899667 514279 752006 473890 297967 281571 482724 726462 344111 694022 460169 320062 119876 810012 653077 409508 148514 177783 450077 555910 437449 204162 273057 441257 232430 864250 911714 625358 690105 155130 36367 483793 585613 653763 843520 812945 197855 999999999 365522 410766 966805 402244 418063 791808 689870 153798 631343 344543 253407 505881 475877 91316 192994 512954 600333 688757 685016 505348 864190 735988 135412 627707 377413 348899 425682 847365 225706 314424 587347 482031 294493 85287 204229 927847 303743 374948 678924 834282 774093 296058 374363 377256 418306 294722 374701 348325 62465 354237 460231 775103 206876
700291 1075018 831823 841092 561196 594915 476091 677698 1025947 1175589 589698 703304 582261 651287 493383 848222 715118 337442 667940 636113 680644 298707 1127971 945923 628680 511280 273282 759441 903027 784122 547097 635451 345688 140686 914582 909255 876514 824471 215576 329985 315280 585638 880542 1093759 1079341 174720 365522 999999999 619152 954200 97144 266012 967322 841674 516363 955334 22627 528643 233664 506391 340480 403910 401078 713679 1017391 874660 578702 959204 676498 239166 893173 739803 708612 460291 1014063 397286 114810 549724 721494 656114 314120 563562 990058 96592 622737 584316 1130576 737276 598318 708924 446175 481252 660017 620304 550263 381714 340065 822897 888850 411736
477268 461407 225591 514959 311954 318352 296395 97817 505309 561324 212860 493996 157479 533965 135923 548136 436629 318644 429016 64675 512488 361314 554265 353995 18906 363452 356195 235522 435540 355059 512494 375544 400854 549829 496994 579858 259469 288316 500606 414899 484469 334719 262499 474636 463086 471715 410766 619152 999999999 637016 585757 455592 381541 282006 432924 411390 597722 168065 597062 259321 501477 236367 433472 223305 474402 275890 212241 470369 493892 429814 281857 532423 382021 251713 436702 227106 509426 378899 107456 492250 488320 465008 547844 522902 70265 494394 530656 498220 182691 277566 218493 216325 450153 66696 70077 467714 323104 468268 377416 223892
254042 641867 553394 127109 417856 951791 900328 549398 1035712 860668 457037 252544 506119 1163704 712181 1178843 245730 655371 288483 572475 1146818 864139 995562 825211 651946 977640 820017 837057 1023179 974216 1124145 1011187 610064 978738 175070 57228 687207 405074 974946 952274 645057 387438 622394 739453 785089 906642 966805 954200 637016 999999999 866614 688192 492628 440475 1044103 940417 942970 786391 767128 493718 1042201 777300 553998 416361 986814 527459 464685 281681 281459 907257 729317 1169327 1017913 545864 475749 741674 852298 407685 664788 1125187 1017530 1084917 196889 878806 706581 381368 911190 217170 818877 907156 590560 548815 1085313 703293 662935 1029211 647766 1094468 338427 764155
612634 1030812 787137 756737 485364 612619 491304 632659 1025950 1146946 526215 614549 526509 698259 470729 879654 631246 280135 582969 593392 722303 310851 1116436 926916 597634 539182 269480 751197 910143 792952 597911 659964 264597 207359 836663 823473 845226 764711 269389 365898 222903 507475 842079 1057934 1048841 204917 402244 97144 585757 866614 999999999 181686 913663 785357 556042 948995 97410 520349 138144 438435 397559 393301 312689 652825 1012375 826536 515381 888498 586887 267188 865928 779401 728794 396937 957460 377384 91217 466543 691686 696715 368328 606116 913005 98587 600023 492359 1109937 649446 593946 712985 392401 422531 694139 597100 519840 431266 280185 845143 823172 398136
434284 875713 634467 576017 305001 571099 455519 482989 936698 1011090 355672 437490 365397 708530 367146 851676 450247 138281 402469 448398 720701 300219 1006589 808676 470692 522655 242497 655613 836058 725794 621667 628298 83323 314023 655112 643586 710077 594814 340554 386116 67071 326153 696800 913233 911527 261757 418063 266012 455592 688192 181686 999999999 748764 618807 560744 850745 255424 438157 141624 264970 451882 322238 135886 483043 914955 668917 345243 709459 411085 297026 736342 771165 685305 230662 789219 291286 170516 285165 562879 694261 421336 612815 731566 197763 486789 321783 986136 471275 513163 640638 241330 261583 679064 483197 398452 467205 132740 800782 647657 320608
506047 158851 161052 424848 470587 657926 670039 296942 573066 370753 393940 522378 387163 867689 515684 799714 448453 633927 481512 340820 834053 738636 508194 362044 382359 727254 724824 456512 598041 591172 871074 700967 671479 919622 318543 449913 244172 160630 877435 796414 748983 466551 178600 248478 292535 839635 791808 967322 381541 492628 913663 748764 999999999 130380 795445 486536 947785 542513 882385 485465 882770 615136 665409 267826 520388 108058 404034 214423 543450 805080 279336 834072 673755 518938 57512 599357 852814 528465 322751 820018 869854 817785 311545 871562 421947 610188 419250 499096 527815 554210 522295 491272 772156 421300 447812 847491 633490 711010 164289 601941
398250 275008 113849 346706 341915 585834 578217 187151 595237 465291 263637 415543 259629 801172 408857 766864 341010 506342 367289 229984 772993 625853 564247 385231 287733 642888 607000 417194 589596 556840 790798 636112 541169 800686 269656 389226 246738 40259 763122 690618 618624 339915 182849 345522 373767 720410 689870 841674 282006 440475 785357 618807 130380 999999999 712272 500166 822608 449627 752024 355137 779528 505271 535535 137542 546547 91107 273800 202896 432987 690085 288888 781835 622190 389510 172444 485188 726922 402074 254965 755888 764031 740719 295043 746530 335857 490313 491090 397699 449967 503525 395593 362859 710044 334176 341570 748284 505438 679096 111791 491589
836924 830152 634540 917376 648011 150858 143778 530719 580279 837337 587435 850078 538330 147802 332099 334276 813920 468098 788160 493399 166271 261558 718132 588556 424999 69486 318448 386841 442574 330965 80460 148363 572546 379195 922003 987415 593929 721122 301763 190150 624490 678925 636389 800549 760402 351540 153798 516363 432924 1044103 556042 560744 795445 712272 999999999 540374 495998 265840 657228 570017 191431 278918 641675 648502 590963 687553 580354 903186 838093 289079 585901 223942 225060 525010 852800 318451 467965 692102 472880 140732 209113 52099 978029 457535 376920 793619 759199 867379 267776 291181 472510 508926 146097 378352 387027 140780 478412 324273 810340 289829
851851 417176 387048 839762 713019 396495 493246 441899 98113 322607 608655 869647 558757 529430 485132 366536 801066 712846 808302 449626 481710 658054 179051 125191 393201 496011 684046 197872 136536 212529 587251 394721 806353 847053 769421 888181 254088 535518 776377 657074 888394 730771 321144 338349 278570 783906 631343 955334 411390 940417 948995 850745 486536 500166 540374 999999999 932709 428914 988957 669248 709992 555941 844093 555252 64211 416730 611267 687360 876937 723720 212791 451767 325508 662739 533392 573031 861574 782262 318122 481449 714727 530968 785339 866649 365392 895814 227783 863601 357099 257185 625591 627539 436127 369210 455237 659355 719378 288490 607252 550872
