NAME : synthetic_000398
TYPE : CTSP-D
DIMENSION : 100
GROUPS : 8
RELAXATION_LEVEL : 1
EDGE_WEIGHT_TYPE : EXPLICIT
EDGE_WEIGHT_FORMAT : FULL_MATRIX
EDGE_WEIGHT_SECTION
999999999 186292 506813 443735 266365 386006 375298 425500 561124 457209 634474 532726 582779 456771 436658 394132 523837 469297 382074 537257 353660 314602 343400 232979 638202 471226 323185 703809 144685 322622 539956 364963 425051 568062 295364 220851 148095 276574 389107 463071 114671 384091 687613 710960 661329 464098 540437 405830 436584 559170 263659 577007 176081 279785 622406 614860 111632 705533 719547 195546 339072 109355 340935 446136 437047 354939 235932 255336 463475 175405 22616 361451 394103 245852 549892 427146 352999 299306 519077 113287 765552 774057 241537 567248 296541 477168 478147 703275 342099 413515 455052 245630 394955 542796 302821 279529 444293 762722 317208 432577
186292 999999999 321307 598782 349789 478967 293568 611262 544357 610445 664006 685873 698329 288506 347164 283379 502704 640244 352023 723220 464731 239773 319044 389815 464402 302141 153968 568031 45320 343395 486374 250028 239039 614957 109463 204810 69563 430822 453562 332767 121262 242306 707897 696221 664414 287119 624867 588843 556560 645136 114086 392224 359992 429410 550453 623419 280852 532850 777367 381300 426662 179053 384829 369037 254609 458583 421740 322543 540877 121925 197869 219878 443104 60143 622657 515095 527664 373125 349416 208165 824246 794913 168703 486686 453016 368426 411158 600322 515403 558808 280086 428768 552069 726806 127815 106640 594423 820581 328860 618717
506813 321307 999999999 905108 626543 746303 365850 929221 683701 915297 846331 989061 969943 140058 371906 308303 644497 955856 472096 1044067 747057 362507 510076 685655 254042 204003 234247 470523 365479 572580 518892 295013 83098 823273 211851 455043 366703 741224 700013 340936 417981 289156 873621 814475 812245 94572 871598 902525 839182 891824 293540 119044 681297 737551 600550 784082 591619 311864 983645 700092 695641 486575 583204 405535 127777 736080 740433 560695 788461 376962 516303 238304 677112 261238 857922 774690 832813 604149 212868 516361 1028312 952871 390411 537330 744495 407057 509634 577028 819494 859716 172684 750024 860736 1048070 212104 234561 897555 1023882 510766 939318
443735 598782 905108 999999999 296671 232820 815669 333251 548249 15532 481731 89009 215905 886787 877024 837764 537855 100716 803696 315088 193167 755747 478133 476655 952304 794974 678413 909183 553931 398104 962972 808684 822729 400191 701322 461757 585303 168875 305321 712205 558398 678250 539021 639098 563128 885151 284572 379547 144547 289139 614423 941528 297142 169372 705983 520920 438681 1009268 467340 338288 257510 421325 715654 883029 802382 212292 324759 632132 278894 619133 448983 802051 341719 655889 322071 244493 434480 654090 836463 391573 499769 599629 526979 686652 495814 682500 606007 833477 439237 56515 795764 247118 49030 268397 726450 704571 23771 499665 723021 278793
266365 349789 626543 296671 999999999 129455 620380 483936 337145 303329 373478 371704 349673 631996 679834 624673 309148 373856 643882 540466 120514 560181 188732 440782 655718 500082 393615 624507 310601 114927 798678 592124 546684 302949 436750 172038 363515 170492 123211 416522 360643 382535 429329 473995 413612 621554 280120 498130 212820 299850 333123 650837 256023 158153 454464 365664 337216 712675 453321 320387 77576 181137 605693 695087 515045 110542 342773 518760 199245 414940 284634 568967 134094 398060 285199 167413 495476 559198 540551 160003 499481 513922 237690 419414 492415 391486 330460 569072 491127 243888 503187 280603 261716 516011 473363 454506 283411 496574 583285 456466
386006 478967 746303 232820 129455 999999999 748317 504192 318937 233146 291178 286018 223901 759217 808151 753858 305705 328777 767357 528239 54027 687858 264065 528388 749758 603901 512082 682375 440053 185086 923796 721395 668324 210255 563171 292517 492338 190900 72709 502185 486756 485675 350507 426711 355217 746958 154433 532439 104233 173274 454836 760585 329565 176228 473165 308793 439834 801447 340367 393333 52382 309590 718757 822609 629775 38439 404569 631033 83165 542525 401944 698349 109285 526060 167372 41646 552020 667733 640384 286516 384783 427645 356010 455199 571631 463653 377797 601055 550831 176693 611759 327709 217406 490836 601570 583147 212437 382462 702487 463474
375298 293568 365850 815669 620380 748317 999999999 709235 836900 829709 956200 904528 955702 232264 61424 60863 795068 828311 107104 841431 723148 60891 612557 428534 607991 490700 386880 785999 319238 633621 194681 72202 328152 903679 282465 496192 258118 650849 734888 580240 263730 491226 1001119 988054 957912 273457 900492 665257 809688 920223 386616 483090 526535 654783 826553 916971 390441 671698 1064373 510295 697637 439247 238021 75835 404482 721556 544115 253193 818645 205874 367265 132397 729108 279099 903328 787615 576572 280062 526310 461887 1111254 1088253 461661 760643 470525 631476 694467 853417 562060 788325 456180 591444 766643 864967 228936 227970 817913 1107811 168130 739817
425500 611262 929221 333251 483936 504192 709235 999999999 811610 346198 789981 381596 548717 861391 764574 752260 788847 255898 655157 135230 450420 659515 662445 282427 1057467 889722 745095 1086854 570165 597512 799688 732294 848711 707058 719396 582194 562926 320913 563446 855314 513855 790221 849256 930620 859343 876968 606349 59960 456325 614589 682318 1002480 264224 335498 938288 812971 340333 1123325 796937 229999 497575 483810 526854 757785 862099 468467 189578 466094 576591 564272 413608 751064 593503 670046 639720 534065 152325 462465 937055 460557 831490 918804 631844 900465 256902 850044 809508 1049375 164883 364121 876943 209630 310958 175311 719730 696534 354838 831129 565481 59919
561124 544357 683701 548249 337145 318937 836900 811610 999999999 546229 178130 585764 449372 754143 887380 818682 41999 646590 893058 846452 368623 784129 227589 769069 579865 488903 480693 428608 526818 241100 1030597 785818 627001 199940 574784 353370 593672 490698 250817 350830 617326 396414 191743 152702 128794 724533 315238 831634 406561 327952 456203 646705 592780 476134 176960 104167 655771 610516 325930 656634 314579 452575 893766 911639 556164 349044 679916 812446 274886 653652 583175 741606 218452 561704 278913 304035 832620 858950 504529 449595 364413 269219 375656 193268 824582 286344 175723 310503 828179 493451 513957 615521 536314 809764 627973 619296 526261 359546 854201 776376
457209 610445 915297 15532 303329 233146 829709 346198 546229 999999999 474935 75808 202542 898657 891085 851319 537000 107463 818481 323556 196255 769698 482680 492183 959014 802621 687725 912159 565715 402409 977811 822089 833072 393936 712350 470067 598060 181556 305844 717782 571839 685557 531768 633908 557623 896490 276294 393312 140503 279950 623997 950209 312178 181247 705915 516054 453646 1015422 456564 353744 260687 432533 730986 897327 811504 214919 340289 647355 274933 632566 462815 814840 342385 667233 314432 242194 449351 669491 843706 402857 488220 590874 535498 688003 511265 686836 608438 834201 454240 59938 804010 262602 63459 275112 738192 716429 20871 488220 738030 291033
634474 664006 846331 481731 373478 291178 956200 789981 178130 474935 999999999 493344 324832 903361 1011114 946541 208885 582136 998039 796068 344693 899376 351165 810550 757310 658341 629693 601920 637374 323437 1145446 913184 783397 82982 714371 460011 701399 482061 252531 522931 713606 557194 59457 169845 94495 878005 201938 821781 339549 204876 593788 818565 615936 467405 344365 77932 710636 788645 147852 680661 316186 534557 975404 1032004 718677 329365 694585 889495 213556 759475 654397 875450 240769 692807 161885 256783 843093 931502 677709 522101 186940 140454 500868 370452 857971 460460 348384 473130 841673 434791 680653 618779 485847 749944 764502 752291 458002 182143 946727 744775
532726 685873 989061 89009 371704 286018 904528 381596 585764 75808 493344 999999999 185814 974191 965864 926771 581191 125748 891219 331595 257946 844667 544904 556955 1025843 871782 760227 968374 641229 464439 1050274 897664 907075 416409 787206 541063 673866 257357 357672 782042 647384 754107 547063 658727 581564 971617 291443 434281 183609 289728 696977 1021401 384062 256940 752107 543467 525716 1080789 451665 421525 321233 507659 799988 971616 883595 274940 404385 717538 310878 708118 537964 890645 394085 742401 331712 285796 500309 737615 911918 478063 477355 597125 606763 739392 571018 747728 663768 882864 506750 129503 874436 330220 137954 275425 813657 791970 91695 478125 809675 322837
582779 698329 969943 215905 349673 223901 955702 548717 449372 202542 324832 185814 999999999 981648 1016583 966707 455559 301245 962626 515164 234351 894818 476718 671208 960200 821724 735696 863356 657524 402377 1121675 934983 892207 257609 786114 516399 704894 323121 275170 710751 691974 704266 373458 494402 417814 970417 134156 595408 146203 123321 678735 980600 475917 314114 624906 386183 610024 1007412 266179 529334 275495 523387 894088 1028144 852246 239789 524421 807278 194737 750580 594641 916102 305240 747705 172072 196688 646953 836496 855662 497254 291772 415301 579819 625892 698994 664225 564651 758607 650639 199290 831860 442644 247654 460498 822923 803783 195748 292436 889687 493064
456771 288506 140058 886787 631996 759217 232264 861391 754143 898657 903361 974191 981648 999999999 232483 172437 712918 923937 339368 984583 749937 240477 553968 598764 392973 312709 274281 599142 332963 602477 378958 165268 137451 868517 196529 469737 308681 718352 724342 435238 350598 362367 937853 895268 882379 45934 897989 827606 842378 918430 313215 259049 631994 717470 697638 848788 521424 451888 1031799 638414 706944 467470 461249 266049 222249 742262 677569 452074 813462 297155 460475 118178 707439 234466 890388 792637 749446 490729 335232 496669 1077925 1021244 412422 631923 652735 497864 587734 692891 735438 847313 277069 701576 839671 996221 160732 182228 882826 1073809 388548 879537
436658 347164 371906 877024 679834 808151 61424 764574 887380 891085 1011114 965864 1016583 232483 999999999 73173 845429 888904 130115 897618 783735 122085 664997 482699 621846 517644 426684 812606 375783 689485 154876 103259 347321 960332 322537 551375 316663 712273 793181 616965 324709 530212 1054907 1037597 1009931 277359 959842 719020 870639 979660 433374 490896 587310 716192 868774 969847 450336 682894 1121672 569652 757227 498738 273862 33639 428533 781855 602778 302934 877616 266226 428688 158309 786418 326243 961937 847192 628715 323651 549607 521940 1168574 1141799 513582 802518 521353 671291 740126 888321 614204 849745 482224 651771 827996 922615 267699 271037 879326 1165062 209992 796836
394132 283379 308303 837764 624673 753858 60863 752260 818682 851319 946541 926771 966707 172437 73173 999999999 776689 856995 167474 882678 732675 92897 598281 474543 554306 445297 354080 740527 315963 626774 227868 33373 276900 898320 250259 488170 262002 670594 734630 543839 279618 457350 988979 968132 942337 214817 903680 710758 821527 923724 363260 426486 555279 673263 796342 903074 424389 616799 1060580 545217 702249 444615 297562 104581 356757 729446 580899 305708 820542 219001 389358 85187 725865 256982 903793 791949 624411 336416 478221 469644 1107473 1075544 446845 730033 520248 598473 668883 815156 609953 806998 410034 622238 788903 903211 195348 200133 838373 1103839 226491 779708
523837 502704 644497 537855 309148 305705 795068 788847 41999 537000 208885 581191 455559 712918 845429 776689 999999999 634474 851874 829555 352565 742474 186960 735313 549166 451666 439221 411396 485741 207035 988853 743831 586546 216737 532880 313385 552663 468462 234657 314762 577214 356407 229284 193739 169486 683752 322486 806447 399222 337119 414215 610749 563148 454167 171397 140008 620549 582975 355266 626342 294859 414854 854513 869756 516805 332720 651110 773831 272016 612676 546052 699626 199867 519714 288926 296087 803685 820742 469278 413235 395786 309214 334008 173000 791853 251642 139681 304142 798735 482139 475719 589353 522391 795221 586013 577298 516624 391006 813985 755878
469297 640244 955856 100716 373856 328777 828311 255898 646590 107463 582136 125748 301245 923937 888904 856995 634474 999999999 803289 216624 284238 770227 560963 451257 1023635 862118 736553 995684 594926 482493 960292 830055 872804 500801 747024 528074 616445 217775 400331 789618 582107 747811 639150 739778 663842 927000 383736 309304 245136 387061 671421 1002125 301986 224678 800852 621537 439659 1083098 561550 325180 347083 469491 700720 891128 860907 304018 300712 622176 379267 642060 469741 830612 436213 699436 421875 343771 379424 636729 905535 439842 591408 698100 591315 778307 457644 764943 694973 926411 386919 153242 859589 237680 114324 167811 765906 743173 124285 591681 718148 197100
382074 352023 472096 803696 643882 767357 107104 655157 893058 818481 998039 891219 962626 339368 130115 167474 851874 803289 999999999 789874 735649 122905 665700 373347 710823 585751 469452 879511 366290 675016 159637 177123 430104 939053 367613 542580 299645 646071 763930 664057 285174 573073 1046549 1045601 1009032 380314 921637 605983 816783 940631 457760 588563 507254 652303 900122 965816 365730 775522 1095831 478475 719097 466409 145024 110010 502634 736952 507232 189195 842926 239964 368371 235638 763141 353328 929063 808157 512960 199806 623931 484114 1142369 1133994 519013 835256 404231 710454 762762 937655 498573 783203 552301 566174 755040 819729 317856 311432 809023 1139266 89685 692401
537257 723220 1044067 315088 540466 528239 841431 135230 846452 323556 796068 331595 515164 984583 897618 882678 829555 216624 789874 999999999 477854 790274 727662 416688 1154402 987471 847609 1161365 680128 655160 934918 861476 962215 713928 832538 665424 680724 369974 595876 938510 634451 881575 853779 949801 874911 997399 599596 190304 456773 603492 783141 1110059 364528 382592 989503 831117 463919 1218405 777769 346387 534989 578840 662064 891691 968273 497509 307014 600708 588546 687919 528502 877031 629769 783033 637125 549876 285716 597695 1033873 552475 806593 914423 721345 959115 391894 925162 870895 1108778 298900 361820 978050 298472 312919 60986 837825 814484 338849 807039 700233 105151
353660 464731 747057 193167 120514 54027 723148 450420 368623 196255 344693 257946 234351 749937 783735 732675 352565 284238 735649 477854 999999999 662338 287315 480586 768416 616692 514026 716084 423413 206848 893566 700818 667110 263203 555683 292404 470738 137535 118114 524100 459723 498509 404089 480260 409141 740867 193855 478415 92662 210637 453617 769709 280583 123027 516925 362572 397586 822886 386253 343400 64438 289037 679473 796363 634999 19888 352749 591717 133715 517514 367688 681870 152883 515522 213488 89851 498994 626364 655620 263054 429380 480246 357898 494456 521716 490991 412879 642226 498111 136854 621505 274813 170593 442681 590306 570669 175435 427393 667234 410464
314602 239773 362507 755747 560181 687858 60891 659515 784129 769698 899376 844667 894818 240477 122085 92897 742474 770227 122905 790274 662338 999999999 558369 381706 592772 463386 347311 756718 262010 576260 246911 78827 312404 845450 244849 439688 199115 590452 675463 541931 202844 451293 945226 935951 903604 275696 840298 617863 748798 859974 339431 475522 468252 594224 781668 861939 334225 658596 1005584 454776 637332 379103 221592 134933 381588 660860 489713 216172 758713 145335 306992 124962 670447 233149 843625 727300 531761 251241 502339 401362 1052437 1032512 408476 716290 428205 589708 646612 815624 517320 727835 430287 534022 706735 811665 195034 188711 757693 1049047 148835 687609
343400 319044 510076 478133 188732 264065 612557 662445 227589 482680 351165 544904 476718 553968 664997 598281 186960 560963 665700 727662 287315 558369 999999999 565147 485948 345674 282697 435787 299410 80481 805225 565051 440126 315498 363251 126954 366171 358232 201765 238180 390367 229634 390914 380286 345371 531146 365392 669371 367712 385191 242702 506140 412881 346469 285465 304883 446248 537486 478238 471479 223677 234187 668502 687873 385502 269964 501986 589001 285243 426116 365953 525035 172382 342598 348639 281195 651233 636699 378963 237977 524141 477279 151482 239453 624907 204442 147637 387226 644320 422792 358351 453736 447497 704619 413452 401795 462020 519977 627058 640137
232979 389815 685655 476655 440782 528388 428534 282427 769069 492183 810550 556955 671208 598764 482699 474543 735313 451257 373347 416688 480586 381706 565147 999999999 854205 690637 541228 935903 359022 528389 521733 457303 610653 734460 487394 449311 326860 353026 558154 694948 272586 613248 867958 912692 854320 620752 673055 236728 536600 688312 487805 774962 200434 364891 849114 806412 121676 922612 866833 141920 494974 335005 252560 475367 642550 490683 152571 184159 611553 308809 211676 483408 574577 441231 693996 568860 151068 187588 738288 327231 909648 950518 474509 796588 64134 710119 706081 935174 136868 473676 669841 230415 432167 447068 473812 451964 488571 907776 283814 319468
638202 464402 254042 952304 655718 749758 607991 1057467 579865 959014 757310 1025843 960200 392973 621846 554306 549166 1023635 710823 1154402 768416 592772 485948 854205 999999999 167748 315195 240511 497310 564819 771662 535794 280765 759306 374855 496031 529428 807202 686883 249468 583659 275965 768307 678202 698625 347043 840497 1043142 852812 859012 375612 139331 794324 799177 444274 683747 742585 68659 904377 830597 706806 575931 804743 655408 217486 752549 870153 765365 766044 562560 654577 475846 655113 415967 816241 766503 989390 813408 120600 601927 944109 834954 435002 395035 917391 301599 412019 375137 977666 899417 184409 856726 915264 1145525 407574 423325 938978 939267 734906 1054128
471226 302141 204003 794974 500082 603901 490700 889722 488903 802621 658341 871782 821724 312709 517644 445297 451666 862118 585751 987471 616692 463386 345674 690637 167748 999999999 149461 295436 332060 419860 672347 420326 176093 645100 225415 334286 369570 644712 546569 139371 423047 118341 680465 613433 616177 271212 710215 875639 704568 729734 208040 162044 626685 637453 396560 591599 576952 234368 800608 662974 557599 408697 662489 549853 90973 602200 702468 614391 630901 408837 488108 360766 518056 259453 690807 625349 823277 663846 47880 435139 843673 756713 270982 333658 754276 205660 313206 380222 811788 743643 35906 689480 755925 979802 268927 279533 783048 839053 595946 886771
323185 153968 234247 678413 393615 512082 386880 745095 480693 687725 629693 760227 735696 274281 426684 354080 439221 736553 469452 847609 514026 347311 282697 541228 315195 149461 999999999 419184 182626 339780 579313 323615 158565 598193 104532 221623 222716 519186 466519 194633 275230 104376 663574 624476 608545 248702 638944 728677 605775 659266 65350 265843 484098 513860 442305 574519 427698 382908 760745 516715 461560 270854 527795 455621 124392 502496 556611 472636 555314 267272 339383 270855 444905 120059 626995 540573 674297 522842 197231 299296 806445 747068 156412 375970 604925 244855 318947 468314 662676 630735 132019 549161 635897 843756 159059 159331 669268 802217 465384 745310
703809 568031 470523 909183 624507 682375 785999 1086854 428608 912159 601920 968374 863356 599142 812606 740527 411396 995684 879511 1161365 716084 756718 435787 935903 240511 295436 419184 999999999 585283 513211 967068 715761 467206 627006 513851 505759 637551 793319 610937 240975 686850 326685 597418 486089 525323 554670 732157 1085765 785400 747682 456041 370682 826271 781925 258542 524084 815342 229381 748254 876305 651684 612968 946934 845021 384150 697243 912146 890300 672380 685939 724462 656163 574785 539044 699972 686310 1051090 940773 264425 631279 781759 649478 464562 238481 999866 236945 304623 148667 1041619 852938 330498 877421 881665 1140136 561684 569702 891296 776792 883566 1070261
144685 45320 365479 553931 310601 440053 319238 570165 526818 565715 637374 641229 657524 332963 375783 315963 485741 594926 366290 680128 423413 262010 299410 359022 497310 332060 182626 585283 999999999 314424 508448 282953 282838 584630 153784 177814 67015 385775 418674 346089 103819 258787 683428 679422 643358 332389 588183 549781 514721 608319 130162 432324 316213 384573 547263 600871 245276 565301 745914 340230 387979 135612 381769 395068 292585 418107 380609 312067 504752 127049 158480 258669 410709 104967 587830 477179 492171 362524 379855 164185 792819 770776 155231 485364 422909 374509 404906 606736 480368 514545 313138 384639 507061 682661 172524 150754 549874 789293 332165 575912
322622 343395 572580 398104 114927 185086 633621 597512 241100 402409 323437 464439 402377 602477 689485 626774 207035 482493 675016 655160 206848 576260 80481 528389 564819 419860 339780 513211 314424 999999999 822064 593420 498283 271654 407006 138644 377986 285253 128069 318147 391455 302026 371711 388728 339491 584173 299188 609161 288049 319493 289721 578223 358942 272600 341032 293853 414706 617399 434535 421046 143233 216287 660346 709456 451545 189505 447760 576735 215899 436078 344220 559708 105374 378295 288252 205722 599675 621803 455493 209822 481342 459123 190057 304496 584837 284443 215777 454146 594075 342564 429495 391645 368591 629486 452743 437882 381712 477585 626659 571242
539956 486374 518892 962972 798678 923796 194681 799688 1030597 977811 1145446 1050274 1121675 378958 154876 227868 988853 960292 159637 934918 893566 246911 805225 521733 771662 672347 579313 967068 508448 822064 999999999 256174 500836 1089746 474810 686257 444088 805701 917041 770961 438104 683335 1191871 1182108 1150502 424804 1077734 747280 975694 1096965 581278 637653 666215 811877 1020427 1108827 524569 830747 1248482 635116 874739 619131 273189 123900 582919 894251 662066 339863 997923 386828 527086 313053 914131 473743 1083703 964251 652247 337226 703602 638680 1295214 1279205 654998 954362 543858 824166 889106 1042865 638257 942836 636847 723911 914390 968483 420344 421510 968525 1291965 242170 840794
364963 250028 295013 808684 592124 721395 72202 732294 785818 822089 913184 897664 934983 165268 103259 33373 743831 830055 177123 861476 700818 78827 565051 457303 535794 420326 323615 715761 282953 593420 256174 999999999 256022 864979 219340 454810 230091 641035 701573 514793 250292 427370 955699 935493 909257 204013 870888 692461 790025 890960 330773 411555 528849 643366 765568 869875 400614 599603 1027276 521414 669694 412399 296464 132277 333179 697329 557885 294967 787645 189558 361194 60343 692621 224137 870753 759320 607976 329610 454991 437767 1074167 1042296 413596 699334 505624 568360 637031 786965 593597 777013 385480 596454 759918 880368 164564 167966 808833 1070527 223968 757892
425051 239039 83098 822729 546684 668324 328152 848711 627001 833072 783397 907075 892207 137451 347321 276900 586546 872804 430104 962215 667110 312404 440126 610653 280765 176093 158565 467206 282838 498283 500836 256022 999999999 755305 129688 376068 287631 658394 624706 298741 340171 231064 814205 764228 755762 99400 797398 823438 759499 817736 213748 168265 598925 654877 561453 724669 512735 346195 917221 619143 617157 403615 527724 380369 85179 656699 659547 496353 713637 303623 435262 195756 603457 179200 785537 697967 756038 542147 202990 433422 962571 895755 312500 496097 670804 362392 456676 555868 742965 777846 140244 667475 778114 965499 138268 159003 815492 958262 456661 857622
568062 614957 823273 400191 302949 210255 903679 707058 199940 393936 82982 416409 257609 868517 960332 898320 216737 500801 939053 713928 263203 845450 315498 734460 759306 645100 598193 627006 584630 271654 1089746 864979 755305 999999999 675274 410290 646398 400736 179816 515705 653879 536549 142202 242318 165175 846588 126619 739248 257178 134321 555665 807032 537849 386189 376699 128984 638227 796978 163513 602239 239593 472860 908384 979459 696888 248657 614697 821629 130899 702919 587059 831084 175912 649140 86426 174453 762146 862072 669747 457535 210072 217472 458459 389235 780162 457913 347604 509862 761069 352334 663781 537877 403103 668579 722892 708815 376531 206183 883450 661805
295364 109463 211851 701322 436750 563171 282465 719396 574784 712350 714371 787206 786114 196529 322537 250259 532880 747024 367613 832538 555683 244849 363251 487394 374855 225415 104532 513851 153784 407006 474810 219340 129688 675274 999999999 273225 161008 534854 527901 298054 214916 208789 752267 721830 700970 185408 701518 695147 648317 721959 120591 287863 469453 532345 546238 664324 385046 443384 838778 489663 510990 280068 437076 351175 157886 547241 530087 391216 616983 187755 305813 168396 511594 49513 694409 596213 630141 439979 268952 309892 885205 837418 217197 479994 549022 349375 419454 571611 617376 658795 195952 538185 655572 836230 54913 56192 695518 881203 370978 727934
220851 204810 455043 461757 172038 292517 496192 582194 353370 470067 460011 541063 516399 469737 551375 488170 313385 528074 542580 665424 292404 439688 126954 449311 496031 334286 221623 505759 177814 138644 686257 454810 376068 410290 273225 999999999 243255 311185 254768 273802 263957 220071 505615 505937 466471 455153 428318 580029 384228 448756 162384 480353 320515 303415 401573 423383 328260 556998 573024 371845 241113 114314 541550 571994 343241 281045 406761 462293 343778 302625 243449 421485 240287 241058 422213 323748 549297 510289 377471 126926 619863 592963 65817 347346 511121 270170 257463 487122 540839 411899 334007 373636 421793 651968 316208 300358 450961 616139 500846 569428
148095 69563 366703 585303 363515 492338 258118 562926 593672 598060 701399 673866 704894 308681 316663 262002 552663 616445 299645 680724 470738 199115 366171 326860 529428 369570 222716 637551 67015 377986 444088 230091 287631 646398 161008 243255 999999999 416514 476782 401622 54397 311574 748420 746311 709521 317188 643319 535970 560040 663200 182709 448869 323575 417500 612337 666638 225136 598052 806492 334841 441032 182792 318202 333614 315841 467461 374930 253328 560955 60039 152773 216784 471332 114409 645348 530927 469209 303949 416405 207684 853353 835837 221910 549705 389087 435065 470755 667346 456393 550396 345803 393190 537142 689206 157163 133851 583679 849951 266011 575609
276574 430822 741224 168875 170492 190900 650849 320913 490698 181556 482061 257357 323121 718352 712273 670594 468462 217775 646071 369974 137535 590452 358232 353026 807202 644712 519186 793319 385775 285253 805701 641035 658394 400736 534854 311185 416514 999999999 243608 577498 390977 531237 541405 612666 543656 717696 322651 343759 183792 336778 454206 784545 153885 14870 622247 496396 287402 867661 518180 212132 177044 255031 571153 719958 643577 152925 216909 484640 270937 451646 283616 633291 272699 488604 347435 226987 361491 513392 688527 225169 559494 617725 373770 589519 388953 558410 500936 739209 360788 137711 641825 137491 121320 346957 558261 536203 167801 557923 569544 288152
389107 453562 700013 305321 123211 72709 734888 563446 250817 305844 252531 357672 275170 724342 793181 734630 234657 400331 763930 595876 118114 675463 201765 558154 686883 546569 466519 610937 418674 128069 917041 701573 624706 179816 527901 254768 476782 243608 999999999 437902 479269 429266 309834 369433 302384 708350 173676 587238 174464 194118 413720 705801 365333 228783 400813 254568 458914 736415 331908 430302 67158 297944 728877 810264 579570 98376 447058 641971 89232 531082 407705 673126 36602 495083 169196 79622 598128 682256 580697 280196 378449 392807 313520 382584 606555 395827 306334 528359 595515 249037 557207 375316 287772 560603 570535 553876 285119 375337 705503 526227
463071 332767 340936 712205 416522 502185 580240 855314 350830 717782 522931 782042 710751 435238 616965 543839 314762 789618 664057 938510 524100 541931 238180 694948 249468 139371 194633 240975 346089 318147 770961 514793 298741 515705 298054 273802 401622 577498 437902 999999999 448870 91682 542571 474253 477376 397914 591600 850522 605890 610331 218913 296024 592177 567798 262739 454217 574519 299309 667231 639217 461203 375262 716567 647061 217617 507357 676113 654927 516584 453502 483583 459052 405749 312521 568419 517506 811987 705556 154877 395665 709283 617764 225788 197725 758931 66352 175290 273701 802179 657868 168256 647310 678215 922779 351354 353651 697357 704581 656938 843206
114671 121262 417981 558398 360643 486756 263730 513855 617326 571839 713606 647384 691974 350598 324709 279618 577214 582107 285174 634451 459723 202844 390367 272586 583659 423047 275230 686850 103819 391455 438104 250292 340171 653879 214916 263957 54397 390977 479269 448870 999999999 360204 763126 769882 728578 363356 640168 484776 545962 659584 230820 502710 283657 393732 648790 684219 174085 652265 811049 288076 437033 181395 280554 336648 370231 458725 327589 208354 559869 60735 112460 249042 477967 168787 645600 526792 415925 258748 470093 200708 857677 850504 254914 587756 334699 478327 505417 710536 402948 527493 399852 352827 509626 645721 206528 183605 558763 854511 236908 529324
384091 242306 289156 678250 382535 485675 491226 790221 396414 685557 557194 754107 704266 362367 530212 457350 356407 747811 573073 881575 498509 451293 229634 613248 275965 118341 104376 326685 258787 302026 683335 427370 231064 536549 208789 220071 311574 531237 429266 91682 360204 999999999 585057 533510 525207 329599 595009 780908 586227 614765 129386 276676 525999 523268 340300 495464 494410 337478 695469 568093 439259 306421 625234 559543 161490 483902 606387 564832 514584 362342 403484 373336 401682 220926 577299 507702 736320 615424 158226 330374 739764 665502 160260 273901 677380 141147 225818 364640 725820 626347 128771 585538 640130 870701 262996 263681 665823 735287 565279 782951
687613 707897 873621 539021 429329 350507 1001119 849256 191743 531768 59457 547063 373458 937853 1054907 988979 229284 639150 1046549 853779 404089 945226 390914 867958 768307 680465 663574 597418 683428 371711 1191871 955699 814205 142202 752267 505615 748420 541405 309834 542571 763126 585057 999999999 131869 72095 910461 256708 881229 397757 257371 631872 838433 674259 526731 339123 89597 766486 794932 157425 739074 374390 585723 1028292 1076784 745877 388634 753503 942917 272960 807156 707940 915812 295638 733494 217488 316236 902305 985673 696161 574706 185100 87447 542172 374986 916077 477977 367401 461175 900787 493008 704965 678007 544391 806880 803648 792588 515259 180141 997666 803750
710960 696221 814475 639098 473995 426711 988054 930620 152702 633908 169845 658727 494402 895268 1037597 968132 193739 739778 1045601 949801 480260 935951 380286 912692 678202 613433 624476 486089 679422 388728 1182108 935493 764228 242318 721830 505937 746311 612666 369433 474253 769882 533510 131869 999999999 77217 863075 368155 956425 494676 373198 604927 763939 729241 597804 234854 118705 802303 696670 288164 793976 436541 603166 1045634 1062463 688655 462173 814002 963666 361323 806305 732751 889653 344045 711434 327707 400411 966082 1009648 621219 598503 310836 163715 527577 285375 966064 407902 307697 342894 962785 588509 642113 744424 636970 907046 775735 768200 615699 305998 1006782 889995
661329 664414 812245 563128 413612 355217 957912 859343 128794 557623 94495 581564 417814 882379 1009931 942337 169486 663842 1009032 874911 409141 903604 345371 854320 698625 616177 608545 525323 643358 339491 1150502 909257 755762 165175 700970 466471 709521 543656 302384 477376 728578 525207 72095 77217 999999999 853171 290944 887028 418926 296183 581461 772457 666303 528792 267049 48046 747398 723927 226848 731272 369396 555779 999835 1033169 684798 391685 749281 916060 286478 769068 682532 866757 280564 685583 250496 326732 900512 960625 629758 548085 256898 140679 496444 304308 905684 411956 303226 389661 897845 513239 641991 677441 562383 831334 753552 743914 539638 251933 964956 817331
464098 287119 94572 885151 621554 746958 273457 876968 724533 896490 878005 971617 970417 45934 277359 214817 683752 927000 380314 997399 740867 275696 531146 620752 347043 271212 248702 554670 332389 584173 424804 204013 99400 846588 185408 455153 317188 717696 708350 397914 363356 329599 910461 863075 853171 999999999 881916 845707 833522 902343 294719 213610 640159 715866 660652 821066 536687 406192 1009346 651079 694988 463971 497286 310982 181919 732095 690819 482288 797580 314163 469958 150833 689519 229265 872412 778901 770523 523109 291363 493635 1055111 992796 394903 595406 676780 461774 555406 651267 756742 843591 235991 709727 838825 1006353 161566 184709 879979 1050894 424521 892248
540437 624867 871598 284572 280120 154433 900492 606349 315238 276294 201938 291443 134156 897989 959842 903680 322486 383736 921637 599596 193855 840298 365392 673055 840497 710215 638944 732157 588183 299188 1077734 870888 797398 126619 701518 428318 643319 322651 173676 591600 640168 595009 256708 368155 290944 881916 999999999 644344 150276 20443 587224 871327 472634 309560 491031 255477 591190 884522 195859 533948 203145 461245 872025 975197 749390 187524 539212 784251 84541 695037 556308 844735 194562 668083 40449 113500 678864 819816 740892 439522 236912 315214 487023 494009 711509 540928 437249 624775 679728 243038 723742 458302 295965 551107 743634 726565 260847 235282 856839 556817
405830 588843 902525 379547 498130 532439 665257 59960 831634 393312 821781 434281 595408 827606 719020 710758 806447 309304 605983 190304 478415 617863 669371 236728 1043142 875639 728677 1085765 549781 609161 747280 692461 823438 739248 695147 580029 535970 343759 587238 850522 484776 780908 881229 956425 887028 845707 644344 999999999 494125 653923 667600 981067 259636 358621 949931 839959 310906 1109950 837410 213008 520377 475699 474094 710545 842332 495406 174618 417803 608350 531625 391414 714870 615199 646280 675947 565001 95631 410419 923338 455011 873569 953603 625166 908695 203426 849916 817004 1056398 109212 404970 860667 217652 352217 234490 691296 668372 399958 872960 516388 118017
436584 556560 839182 144547 212820 104233 809688 456325 406561 140503 339549 183609 146203 842378 870639 821527 399222 245136 816783 456773 92662 748798 367712 536600 852812 704568 605775 785400 514721 288049 975694 790025 759499 257178 648317 384228 560040 183792 174464 605890 545962 586227 397757 494676 418926 833522 150276 494125 999999999 160223 545887 859404 337618 172887 569508 376402 467323 905198 344134 395187 146970 379664 751450 881990 725994 103389 395937 664188 134489 604791 448612 772765 210702 607926 183720 103140 531017 695252 742170 352753 382420 463177 449440 555785 570162 567886 480797 699628 532572 95257 710830 313975 147052 412421 682556 662726 121401 381369 744764 407743
559170 645136 891824 289139 299850 173274 920223 614589 327952 279950 204876 289728 123321 918430 979660 923724 337119 387061 940631 603492 210637 859974 385191 688312 859012 729734 659266 747682 608319 319493 1096965 890960 817736 134321 721959 448756 663200 336778 194118 610331 659584 614765 257371 373198 296183 902343 20443 653923 160223 999999999 607647 890969 487894 324019 504406 263082 608222 902478 183920 548596 222675 480987 889673 994852 769462 205342 552767 801895 104978 714683 574795 865010 214732 688480 49136 132793 690756 836980 760082 459010 223132 311064 507446 509314 725718 559004 454460 638154 691969 250528 743518 471455 303675 553738 764037 746935 265583 221817 875270 563991
263659 114086 293540 614423 333123 454836 386616 682318 456203 623997 593788 696977 678735 313215 433374 363260 414215 671421 457760 783141 453617 339431 242702 487805 375612 208040 65350 456041 130162 289721 581278 330773 213748 555665 120591 162384 182709 454206 413720 218913 230820 129386 631872 604927 581461 294719 587224 667600 545887 607647 999999999 331176 420259 449107 442487 544164 371210 442379 719094 454985 403497 205637 498779 459486 189507 442985 494571 436022 502937 235644 281277 285438 394976 107549 577948 485291 616411 486648 255773 233969 765395 717248 100205 377495 551867 255304 307868 486657 605222 567484 195076 484671 571444 778668 172106 163280 605772 761345 441475 681230
577007 392224 119044 941528 650837 760585 483090 1002480 646705 950209 818565 1021401 980600 259049 490896 426486 610749 1002125 588563 1110059 769709 475522 506140 774962 139331 162044 265843 370682 432324 578223 637653 411555 168265 807032 287863 480353 448869 784545 705801 296024 502710 276676 838433 763939 772457 213610 871327 981067 859404 890969 331176 999999999 745575 778808 537531 750229 672167 193251 961808 772552 712738 536260 693966 524530 142186 756291 812932 664598 791241 470356 589905 353272 678335 335557 852545 783935 917902 710185 142929 564972 1004487 912389 414742 479326 836096 360586 471307 492195 905195 892243 148844 812179 900110 1108349 305999 325777 931248 999828 622215 1006680
176081 359992 681297 297142 256023 329565 526535 264224 592780 312178 615936 384062 475917 631994 587310 555279 563148 301986 507254 364528 280583 468252 412881 200434 794324 626685 484098 826271 316213 358942 666215 528849 598925 537849 469453 320515 323575 153885 365333 592177 283657 525999 674259 729241 666303 640159 472634 259636 337618 487894 420259 745575 999999999 165009 696575 618265 141657 859735 666683 64995 299871 219600 420921 590571 603901 291480 89202 335913 412601 342407 171744 532618 385948 420073 494070 369468 240771 361401 673774 196666 709295 754965 367846 652222 242318 590285 560262 798741 235589 282818 615322 69615 249000 367015 478899 455610 304260 707459 425881 261310
279785 429410 737551 169372 158153 176228 654783 335498 476134 181247 467405 256940 314114 717470 716192 673263 454167 224678 652303 382592 123027 594224 346469 364891 799177 637453 513860 781925 384573 272600 811877 643366 654877 386189 532345 303415 417500 14870 228783 567798 393732 523268 526731 597804 528792 715866 309560 358621 172887 324019 449107 778808 165009 999999999 608669 481527 295911 859147 504868 224582 162287 252277 579999 724526 638229 138178 230624 493171 256581 454265 287914 634238 258034 486623 333715 212639 375971 522894 680885 222458 546466 603270 366733 576590 401954 547504 488369 726273 375124 133766 635303 151808 123298 358215 557087 535245 166205 544835 576809 302087
622406 550453 600550 705983 454464 473165 826553 938288 176960 705915 344365 752107 624906 697638 868774 796342 171397 800852 900122 989503 516925 781668 285465 849114 444274 396560 442305 258542 547263 341032 1020427 765568 561453 376699 546238 401573 612337 622247 400813 262739 648790 340300 339123 234854 267049 660652 491031 949931 569508 504406 442487 537531 696575 608669 999999999 266433 728982 461922 489948 756359 455867 515022 928873 897144 479951 497062 785775 855656 443412 670726 644992 713042 364684 548665 455495 466521 936075 905212 396673 522117 523231 395464 394020 66408 909638 200228 144606 133759 929435 649808 428729 732577 687518 958465 601088 598919 685341 518265 878131 910158
614860 623419 784082 520920 365664 308793 916971 812971 104167 516054 77932 543467 386183 848788 969847 903074 140008 621537 965816 831117 362572 861939 304883 806412 683747 591599 574519 524084 600871 293853 1108827 869875 724669 128984 664324 423383 666638 496396 254568 454217 684219 495464 89597 118705 48046 821066 255477 839959 376402 263082 544164 750229 618265 481527 266433 999999999 699901 713186 224700 683232 321643 509995 954004 992445 656327 344840 701342 869850 242715 725929 635914 828804 232521 646873 215401 281740 852674 914082 608313 501576 261275 173095 456362 293904 857661 390201 278927 395601 849940 469948 615706 629771 518270 788626 716172 705678 497611 256367 920191 771689
