NAME : synthetic_000378
TYPE : CTSP-D
DIMENSION : 100
GROUPS : 8
RELAXATION_LEVEL : 1
EDGE_WEIGHT_TYPE : EXPLICIT
EDGE_WEIGHT_FORMAT : FULL_MATRIX
EDGE_WEIGHT_SECTION
999999999 1068357 500956 338448 761156 809523 482071 628939 797682 704336 940386 510665 231225 1151475 651281 857493 320281 943224 311644 38126 653103 248516 1021301 300631 443793 272339 476625 421517 530087 381359 333148 825376 84840 920072 745049 661038 806841 719237 1154399 722108 843984 701499 810449 416387 428581 530821 752444 797665 891382 416456 18798 532764 548499 733310 704908 817520 806640 582510 509476 900390 1004521 709010 1172003 565071 654490 825601 987867 1015342 759515 750375 1030751 480216 480104 1213728 804051 722396 473905 212187 927743 762509 536642 615194 719600 934927 938955 874828 1176903 529985 878582 788961 164057 436892 814677 116349 639506 1049271 119648 804226 548234 216960
1068357 999999999 733695 730016 550799 283313 772891 929475 861562 396848 674434 582431 837133 336475 494562 258717 748240 347408 772742 1040040 789572 903426 209173 960430 678300 796114 643072 719627 814173 930870 737629 463623 1147269 219831 492492 678066 380248 562755 128876 369224 437310 907850 354840 695512 665664 561684 707306 435300 685578 660503 1052350 652605 905958 378149 375835 627251 466910 508842 691611 786599 476373 399495 140075 846633 571621 968587 81118 62979 334616 841070 244403 608393 594546 260797 830154 548293 630950 900061 199156 426304 544538 453327 463352 569973 144353 225730 147679 538391 448517 921339 948504 806965 530950 1149828 876693 331125 1157268 517348 646090 852411
500956 733695 999999999 301284 273111 569716 39222 256764 342324 340834 439798 428652 345135 702794 551958 477829 304005 494374 239836 494714 183729 520317 611024 257816 469488 322045 144412 112204 101416 204490 277229 731891 548975 680076 667371 716397 377088 233459 777198 514581 379176 289225 393748 450826 187095 432758 255591 684040 391603 236147 482255 82577 196027 548909 484411 316870 338022 256982 45040 413265 520751 532657 794623 152084 182047 412490 665607 700476 540638 293383 607398 209972 256093 795380 336236 240937 444485 476113 675764 636629 406514 363468 614222 437870 589343 620799 797238 325984 774569 361770 337212 81013 763543 524432 225067 598821 532589 320275 87605 369517
338448 730016 301284 999999999 489646 477114 310777 537873 643441 374292 702222 200712 107333 830754 351008 524186 18275 628444 85748 311422 484970 236923 690515 321329 188904 66112 192139 189107 386611 349681 27162 539778 417597 590651 461958 450443 490219 449318 816983 392405 543807 584839 488632 163721 131420 217011 539788 501863 660928 93774 322334 279805 460472 409618 372001 572363 511921 255608 279462 702734 712831 386076 834514 438171 380800 711259 649659 677617 429163 594620 703276 162440 147253 881996 635905 447287 185842 205055 596275 459722 211884 276759 422276 667974 600999 541830 839572 191639 590963 661748 234301 292433 548955 424058 518218 731773 431085 523911 294768 124903
761156 550799 273111 489646 999999999 493632 305242 388106 315812 247238 224883 516029 570516 440068 579904 301718 500778 241928 464437 749428 246028 726569 381062 530064 596618 536343 299969 340327 308533 468952 475107 718128 816420 577637 676946 789390 173615 42003 558395 481127 123674 357984 201877 589722 359602 508542 157967 667584 197129 397408 742370 228546 383615 520801 452430 105250 85863 277647 253370 278583 247709 515717 574437 323259 109743 422326 501947 537310 489636 290937 366918 332366 366659 547597 286682 42503 554059 692170 565219 623446 475323 367212 619962 178667 416044 520389 575265 393403 746476 372837 600661 352553 769251 795242 333699 338456 803417 48296 212962 594676
809523 283313 569716 477114 493632 999999999 606080 808582 799959 253327 689847 306228 580911 527438 212689 238013 495215 410764 535687 778302 684050 626143 358427 752231 398010 541583 444460 518763 666303 741709 490321 244568 891650 115791 237590 412825 338837 483448 400184 89040 427878 810619 311211 417226 446031 285262 642809 198696 679379 425911 794889 488700 762869 95382 105121 595429 433852 313401 524676 770321 554339 116183 415168 710194 457270 902547 205465 221833 52209 765720 390849 391658 362813 509606 774216 469624 352525 627466 119225 168695 273663 217645 194030 598269 208551 65379 422071 292192 260256 849968 708057 627621 307872 901004 762542 466323 907932 483540 488622 592772
482071 772891 39222 310777 305242 606080 999999999 232681 339232 379662 459259 452473 342533 738572 580575 517038 311224 530946 241423 478541 181883 519959 649387 225004 486484 323642 172812 124778 76872 166961 285286 762759 525503 717166 696586 737994 415498 266830 816137 548855 414800 274105 432559 466192 207398 457989 270386 715479 409627 255178 463553 121176 165028 582446 518928 340351 373485 292794 82667 422321 552116 565525 833539 129190 219012 400671 704641 739465 575799 289868 645211 237735 282732 832977 336986 275274 464792 473725 713229 668170 433200 397441 644293 464664 628541 658050 836109 355119 806391 351878 318061 48117 792395 498229 207733 634793 506341 353023 126806 366381
628939 929475 256764 537873 388106 808582 232681 999999999 191640 562298 422283 684512 550025 814172 808282 671955 535830 628335 460836 637501 142084 726994 769128 328449 718189 539841 401176 356909 156455 247727 511358 986019 645784 913056 923244 970667 549965 368263 946147 762498 511527 78680 574659 697018 440026 689247 254497 937437 371907 487832 612499 327077 82937 798613 731839 354027 473681 503626 297843 326290 593498 783979 962339 104696 361830 196663 871605 907343 785345 157695 754536 466736 512794 931550 212442 382342 697454 677130 905772 889981 663270 613555 869446 478482 788436 853244 963276 582344 1027134 163729 478047 245619 1019590 603851 54633 717937 611010 431411 323509 571703
797682 861562 342324 643441 315812 799959 339232 191640 999999999 546963 255013 749099 681685 685684 849076 617317 646313 527867 579944 801203 158659 859186 676076 502470 804355 662344 469604 454494 272862 420791 619552 1009122 823782 890677 957330 1037982 489165 317433 853260 773682 424405 114282 517632 788157 523223 748560 158620 958692 211576 572229 780190 378861 256809 812694 743327 236287 395709 529703 367041 140300 456154 803096 867823 232726 347575 107058 816766 851891 788575 49365 653946 530116 575956 814420 33451 331723 773561 812791 879227 912328 718087 637881 900764 335276 730643 832412 867353 632086 1043204 63382 638596 373651 1053044 785197 161239 599884 792679 344389 367848 705410
704336 396848 340834 374292 247238 253327 379662 562298 546963 999999999 460564 311797 478586 458480 340876 154450 391093 265345 394936 681417 432905 591997 317156 564425 407947 437602 248574 324212 429150 534350 373325 470896 776996 351411 431408 557680 134696 231866 458308 233929 216784 559099 122195 410723 280158 298169 390573 420347 441358 288149 686808 258500 524564 273596 205551 352008 205594 121980 297289 525787 379690 269273 476096 468346 204763 649227 325615 360111 243380 512395 328987 225060 227104 509446 521795 218597 358849 572185 343513 376345 266139 141637 374706 383166 253634 291713 480105 204916 500068 596645 567363 411149 522552 772014 513970 362845 779829 247617 253950 498509
940386 674434 439798 702222 224883 689847 459259 422283 255013 460564 999999999 740912 772598 444575 799844 466108 711402 327054 664707 934468 311578 937753 470868 672934 820486 742198 510083 533717 426013 597809 684750 925846 984387 756434 891513 1012383 351015 259082 639590 691822 262861 356437 378935 812552 570802 733323 192242 875920 52058 612898 921739 425751 460589 731109 664891 129866 257775 502523 438043 127613 216864 728983 652028 412008 324981 345576 647402 679706 694888 268546 441597 551231 588496 579392 223225 265543 778611 899560 740517 833971 700077 589488 835030 104608 563817 704079 650186 618255 949027 316282 776388 506084 981011 954942 374448 371761 962962 213014 410051 797200
510665 582431 428652 200712 516029 306228 452473 684512 749099 311797 740912 999999999 290466 753516 150310 429280 216321 574677 280326 477435 598708 321075 593979 517597 100872 255927 285398 331380 528064 534682 222817 339332 594546 411749 262416 289438 446355 483800 687129 217191 523875 715732 432983 113543 245772 20967 615994 301244 709967 200956 497411 371697 616067 223373 206636 616485 504313 238405 391310 774842 690664 199008 703700 579986 423732 833768 501613 523829 254387 703676 615809 220962 174338 775356 733678 475869 50517 321367 421263 259857 46012 171381 221589 680127 473241 371191 709815 122912 390285 781073 432343 451066 352482 609941 653256 665838 616265 534786 381599 297451
231225 837133 345135 107333 570516 580911 342533 550025 681685 478586 772598 290466 999999999 932392 438237 629977 89284 727471 107910 204257 524260 178146 795555 276564 246163 41405 271453 239669 411671 327765 105398 622321 311281 693140 542546 498963 589458 528941 924170 494659 636762 607865 589942 217286 214678 309321 597981 588604 727927 191449 215360 347310 468074 508888 475897 643849 602458 358024 336051 758017 803451 484863 941719 459436 460803 736529 756668 784310 531835 632322 807157 259002 251920 987475 679126 529043 262276 131258 699748 549302 310476 383994 508953 748925 708291 645996 946741 298761 674812 690561 148578 310605 622986 321017 540766 832078 327691 608754 363154 24635
1151475 336475 702794 830754 440068 527438 738572 814172 685684 458480 444575 753516 932392 999999999 724588 324452 846914 210468 839943 1131877 675641 1050028 169125 959604 853955 892168 676296 740549 748554 905054 827159 759244 1218339 522275 764753 937884 344650 473917 240095 586137 323773 766833 342457 861318 723067 736107 560653 719897 477134 740982 1133281 639014 821254 613450 575305 461822 365107 575183 673015 571805 230002 626482 245294 761593 521162 785342 362842 378081 564655 683568 139623 673714 683763 138394 652251 464029 803523 1030593 500669 695577 707980 585467 720546 350801 320430 497780 240390 660970 757296 749049 1002599 783805 826396 1205890 759907 104202 1213980 392140 626055 953531
651281 494562 551958 351008 579904 212689 580575 808282 849076 340876 799844 150310 438237 724588 999999999 408754 366596 575767 429503 616369 707915 438491 556540 665953 210561 405272 408075 465949 653289 678417 372742 189947 735935 294658 116583 220174 467798 555429 612869 138567 555399 830591 446667 236070 380464 134872 703797 151003 776929 341034 639280 484009 745603 117386 151604 684850 546469 319412 510519 853960 709067 99372 627838 703818 506089 941485 417969 432164 164786 806872 585183 342846 298336 719622 829536 544584 177784 450493 309143 111476 150331 214135 71284 723897 414449 269493 634756 225981 240178 888064 582073 585962 211826 754803 771789 650840 760806 587018 490700 443070
857493 258717 477829 524186 301718 238013 517038 671955 617317 154450 466108 429280 629977 324452 408754 999999999 541509 173165 549097 833671 533208 732012 167753 714060 529904 588716 401271 475640 555757 678259 525220 482542 930994 290414 467963 627334 128155 307953 305041 273311 205090 653980 99989 538205 434607 411696 459669 435898 464006 441040 840141 398193 647245 306464 257194 390756 223802 276108 437047 561367 316342 314637 322805 587933 312920 723997 201118 236773 260237 592080 186649 379301 378106 357886 587555 293282 479439 716719 274448 401550 383928 263229 417071 368417 116526 239807 326515 342892 496328 674490 721813 553373 545017 926451 619714 242559 934259 276232 390459 649020
320281 748240 304005 18275 500778 495215 311224 535830 646313 391093 711402 216321 89284 846914 366596 541509 999999999 643892 77820 293492 487675 226477 707609 309413 198011 47957 201770 191962 386289 341254 27180 554844 399328 608628 476619 459626 505660 460108 834905 410317 557739 584826 504619 171654 141338 233156 546288 517562 669379 107676 304116 287333 457394 427145 390096 581617 525260 271745 284629 708921 726329 403522 852448 437398 391524 711882 667903 695886 447134 597299 720027 176554 163993 899242 639693 458545 198749 191999 614355 475830 229117 294959 437880 679325 619008 559972 857482 209878 606279 662927 217210 290217 562650 405883 517949 747573 412891 535968 302578 107536
943224 347408 494374 628444 241928 410764 530946 628335 527867 265345 327054 574677 727471 210468 575767 173165 643892 999999999 632211 924707 486645 854330 148542 750209 672489 687927 467046 530210 546538 697854 622832 655318 1008839 450832 640634 795701 138234 270653 325424 443652 119016 591276 143281 675997 515694 559550 383205 608986 339699 536777 924901 428780 625240 478289 424741 291816 159886 373781 463251 440925 145320 484862 340188 564728 312337 633647 324066 354833 432891 514917 127192 468520 482921 306019 495136 259278 622895 831217 432309 574603 528686 403299 588917 222706 244388 406282 339995 470085 667341 590035 792733 575324 718135 995670 573723 106585 1003770 196946 416036 749323
311644 772742 239836 85748 464437 535687 241423 460836 579944 394936 664707 280326 107910 839943 429503 549097 77820 632211 999999999 292596 421582 280488 710977 237566 274519 82418 168015 132003 314366 264046 59413 619290 382114 651037 542736 536138 495372 422660 850068 455286 536226 512735 498828 248853 116938 294631 490740 579381 620038 112398 293596 239644 381361 476956 431751 536051 500473 273011 228368 651488 700754 454352 867804 364467 354947 640663 693972 724132 490739 530642 719492 169882 178363 903484 575620 423395 270386 237172 654541 535745 284122 323653 500401 642458 637315 598858 872298 243532 669598 592848 175777 215808 631621 378419 445592 738005 386081 503891 255516 132533
38126 1040040 494714 311422 749428 778302 478541 637501 801203 681417 934468 477435 204257 1131877 616369 833671 293492 924707 292596 999999999 653384 210414 998573 311153 407978 245662 459757 409101 530949 389980 308451 789010 121528 887954 708741 622997 787559 707429 1128394 690436 828068 708247 789986 380890 409044 497793 748540 761966 886232 393297 37158 520932 555949 700544 674042 809910 791520 560033 499922 899516 990673 676204 1145931 568549 641573 833871 959322 986210 727892 753263 1009122 458744 455606 1190772 806009 709857 439423 174453 896092 727407 504883 587512 684221 924844 912397 843666 1150973 502154 842222 795473 162725 434893 777483 154295 644901 1030332 157740 791435 536615 187641
653103 789572 183729 484970 246028 684050 181883 142084 158659 432905 311578 598708 524260 675641 707915 533208 487675 486645 421582 653384 999999999 701307 627044 368219 648876 503999 315283 295929 123117 289695 460943 876846 687066 784150 819665 888146 409456 227121 804116 646121 369506 126627 434860 631718 366592 599825 124034 827085 259522 415799 635059 227088 151997 683880 615355 220807 331604 391738 210626 247876 459525 671613 820280 100442 228535 235118 733778 769524 665539 109656 612610 377987 424461 790662 155159 241425 620161 655498 775464 779933 570635 502293 764045 349608 649713 724541 821199 485631 914622 182384 490884 219818 916097 653032 87824 577879 660860 289706 218199 548195
248516 903426 520317 236923 726569 626143 519959 726994 859186 591997 937753 321075 178146 1050028 438491 732012 226477 854330 280488 210414 701307 999999999 899686 435174 229940 198574 428229 411285 589789 497138 253007 595812 329187 726919 516827 414410 717053 686192 1005852 537264 776896 785900 711848 208930 367692 341913 769682 574695 895276 329806 244189 512869 644622 538430 527701 808015 746624 481454 506911 931320 946813 514448 1022696 637532 617645 914591 822525 844885 573994 809824 917030 397299 373191 1086929 855798 684205 273619 52064 738365 545632 359798 469647 500798 904865 790186 690493 1028597 389567 648682 868706 281081 488751 577084 364617 718836 954639 368153 760467 528319 155466
1021301 209173 611024 690515 381062 358427 649387 769128 676076 317156 470868 593979 795555 169125 556540 167753 707609 148542 710977 998573 627044 899686 999999999 859560 694842 754457 555873 626919 675159 815328 690396 592674 1093003 360909 595881 768869 233938 403578 178071 417977 258193 736227 219544 704353 594910 575660 529145 552117 487032 605300 1003675 537179 759381 444533 408511 439839 295471 438800 574602 588171 267458 458016 193637 698729 432237 782055 208478 231820 395694 661848 37340 541312 543732 192507 643456 390508 644404 884390 339818 526764 549205 430480 551422 366351 152807 331297 194240 510645 593572 738007 881049 690463 659400 1085915 714757 125325 1093838 339624 526721 815134
300631 960430 257816 321329 530064 752231 225004 328449 502470 564425 672934 517597 276564 959604 665953 714060 309413 750209 237566 311153 368219 435174 859560 999999999 506466 287104 317658 240873 247441 81828 296387 855897 321374 867854 779971 767111 626955 491060 1018578 678496 636452 402078 640079 479065 306200 531233 480728 814853 621614 331534 284481 323029 248927 704362 652155 560922 595468 453383 287107 615114 777118 682980 1036273 272658 438474 525095 886195 919198 711790 456807 859135 361325 390454 1047557 512117 498751 507153 383115 868468 770306 518258 534659 736461 687691 817991 812116 1039588 464905 905622 489562 159227 177520 869187 284945 342083 855468 292724 577645 334716 291078
443793 678300 469488 188904 596618 398010 486484 718189 804355 407947 820486 100872 246163 853955 210561 529904 198011 672489 274519 407978 648876 229940 694842 506466 999999999 222233 334824 361708 563355 538554 215840 382239 528633 497018 301846 261674 541658 561480 785813 309704 615738 758504 529936 28919 282719 119824 681892 353989 786138 233484 432878 426284 643704 308740 303183 693238 593321 321590 438251 843760 784326 284902 802192 615654 497471 881594 597955 618512 345805 757042 716498 277205 234447 875940 792233 555123 50472 239972 508700 320384 145989 269899 276597 766370 573022 461719 808439 207918 435367 830173 394701 475194 377675 551027 693334 765321 556565 619802 438548 245094
272339 796114 322045 66112 536343 541583 323642 539841 662344 437602 742198 255927 41405 892168 405272 588716 47957 687927 82418 245662 503999 198574 754457 287104 222233 999999999 236417 212747 395857 329269 65102 591549 351691 654426 512365 480732 549791 495074 882779 455955 598940 593854 549720 193946 177898 274000 571381 556153 698605 151268 256239 316464 459175 471418 436483 612869 565331 317384 308602 732789 766467 447561 900332 445359 426631 722069 715729 743577 492976 613035 766330 219462 210742 946294 657992 494505 232014 157379 660599 515690 272918 342871 476377 714984 666938 606520 905346 257726 643611 674677 176938 296227 595488 359496 526658 792205 366370 573392 332147 61411
476625 643072 144412 192139 299969 444460 172812 401176 469604 248574 510083 285398 271453 676296 408075 401271 201770 467046 168015 459757 315283 428229 555873 317658 334824 236417 999999999 76890 245413 297665 175565 590050 542046 558526 523893 574282 332055 258854 706215 380514 368381 430364 338686 319550 60719 288680 351788 543010 469083 105651 458188 91979 337735 412448 351375 380225 332459 136177 105958 514943 532871 394535 723992 296491 190319 549680 568537 601596 409743 422565 560898 65561 111813 747594 457564 258088 304879 392364 557029 495782 262106 229577 471481 478633 501329 500870 727777 182353 634106 497457 326811 184919 619838 531169 368015 573386 539178 337321 105425 295327
421517 719627 112204 189107 340327 518763 124778 356909 454494 324212 533717 331380 239669 740549 465949 475640 191962 530210 132003 409101 295929 411285 626919 240873 361708 212747 76890 999999999 201648 223110 165091 652170 480915 633451 582523 614398 398722 298328 780670 451480 424922 397929 408075 341538 85949 338595 358831 606647 488438 131505 402771 111877 285168 481597 423126 405773 386446 213001 96387 520043 583082 462422 798426 253949 232974 523149 645356 678469 482162 405584 629963 129246 168849 817665 447779 300987 340880 369061 632536 559925 316265 302115 532405 516333 577501 576273 802036 244724 698162 473095 264042 120200 677235 465541 332081 636788 473656 382755 127636 264302
530087 814173 101416 386611 308533 666303 76872 156455 272862 429150 426013 528064 411671 748554 653289 555757 386289 546538 314366 530949 123117 589789 675159 247441 563355 395857 245413 201648 999999999 172128 360758 833189 564423 774762 768773 814401 444042 275947 847144 614192 427745 198582 464671 542987 283742 532938 233803 785208 374471 331835 512094 177966 96566 649101 583823 318991 386656 355506 144639 370912 547290 633290 864177 52339 244774 326298 749828 785204 639227 223936 666899 310931 356731 852168 275272 287359 541392 542129 769342 737779 507299 463558 715628 448191 670324 715146 866132 427337 875592 279042 368289 101342 864921 531437 131668 646438 539339 356645 177828 434880
381359 930870 204490 349681 468952 741709 166961 247727 420791 534350 597809 534682 327765 905054 678417 678259 341254 697854 264046 389980 289695 497138 815328 81828 538554 329269 297665 223110 172128 999999999 322897 867400 402992 856113 794427 800120 581403 432014 980053 674172 581338 320477 597372 512807 302248 545767 405738 823685 546100 337494 364803 280282 167321 703416 646072 490228 539967 432625 241743 535272 713511 683558 997573 192215 385958 444339 859666 893741 705209 375421 811878 351840 388209 999796 430969 441193 531817 445546 854683 777700 528280 525222 747260 618712 786931 798534 1000385 464485 915182 407975 232425 125195 886781 365356 260267 801428 373006 517139 289260 345976
333148 737629 277229 27162 475107 490321 285286 511358 619552 373325 684750 222817 105398 827159 372742 525220 27180 622832 59413 308451 460943 253007 690396 296387 215840 65102 175565 165091 360758 322897 999999999 562143 409939 604743 484947 477249 484690 434249 821295 407183 534519 559173 484703 190845 115508 238079 519127 523229 642513 86193 316302 260335 433648 426306 385440 555009 501393 252626 257460 681744 702540 403124 838914 412126 365666 685938 657745 686542 443485 570588 701779 154407 147183 882452 612721 432975 211052 217107 609539 480347 230234 284661 443886 653735 606145 554537 843782 200766 612912 636740 218022 265806 573014 413113 492418 727113 420374 510929 275632 126511
825376 463623 731891 539778 718128 244568 762759 986019 1009122 470896 925846 339332 622321 759244 189947 482542 554844 655318 619290 789010 876846 595812 592674 855897 382239 591549 590050 652170 833189 867400 562143 999999999 910174 244798 80394 237769 576827 700897 592301 237237 666836 1002033 550568 410422 567513 324726 856960 50633 910817 529918 814911 659110 927350 197615 266767 822723 668100 485315 688860 996682 798809 206055 603612 882424 661604 1106514 405049 403218 230996 969995 627349 526005 483416 718928 986612 688295 360094 617200 266294 96978 339220 374612 120143 838257 439868 261529 611251 408370 53213 1053081 768429 771507 67803 933251 946346 706966 938804 715142 663818 624778
84840 1147269 548975 417597 816420 891650 525503 645784 823782 776996 984387 594546 311281 1218339 735935 930994 399328 1008839 382114 121528 687066 329187 1093003 321374 528633 351691 542046 480915 564423 402992 409939 910174 999999999 1002926 829857 743221 874003 774868 1230393 804691 905801 721529 879344 501205 498197 614560 793689 882492 934166 490798 97152 589872 568913 816752 786792 865244 867318 655029 563080 934830 1062420 792493 1248068 593628 712370 841235 1067102 1095214 842031 778163 1100857 551978 555660 1285499 833349 779235 558440 295801 1010191 847213 619464 693964 804378 986549 1015873 956860 1252779 609129 963382 808743 216877 478325 899010 53827 663105 1115300 51532 861073 604841 298991
920072 219831 680076 590651 577637 115791 717166 913056 890677 351411 756434 411749 693140 522275 294658 290414 608628 450832 651037 887954 784150 726919 360909 867854 497018 654426 558526 633451 774762 856113 604743 244798 1002926 999999999 274184 460341 410692 573412 347998 198493 494458 910086 381622 518820 561670 391002 732187 215596 752586 541607 905913 598220 871170 188904 219443 674656 508365 425572 635097 848048 595862 213169 359870 816933 555692 995360 161643 158559 161494 859561 397425 506996 478604 474296 863156 559016 454901 732323 21803 210398 383477 333196 250973 658550 212077 59814 367442 407681 235653 943657 822697 740556 312490 1013887 865285 482236 1020695 560231 596989 703964
745049 492492 667371 461958 676946 237590 696586 923244 957330 431408 891513 262416 542546 764753 116583 467963 476619 640634 542736 708741 819665 516827 595881 779971 301846 512365 523893 582523 768773 794427 484947 80394 829857 274184 999999999 186193 548227 656021 618902 201208 637998 943446 523947 330050 497045 249177 808649 64353 872563 457271 734534 597737 861593 163494 226738 782177 634556 428605 625405 954195 780731 162600 631820 818971 611379 1051954 425171 429948 207760 916383 628437 458880 414723 738748 936447 644238 280528 537233 293835 69257 266786 319448 57068 809123 444847 273431 639255 341556 133557 998470 689109 702511 96528 852863 885701 702917 858411 678840 603696 544655
661038 678066 716397 450443 789390 412825 737994 970667 1037982 557680 1012383 289438 498963 937884 220174 627334 459626 795701 536138 622997 888146 414410 768869 767111 261674 480732 574282 614398 814401 800120 477249 237769 743221 460341 186193 999999999 687040 761317 803669 354326 773733 1004567 666502 288263 530663 289502 901499 247636 986211 482994 654533 661127 899269 324515 371020 893090 762634 517042 680235 1057488 929133 313123 816949 866627 705938 1123195 608913 615329 373242 992894 799371 510301 463727 920731 1021792 751722 273585 449512 479831 251953 320685 422916 218953 940585 621212 456323 824322 406850 281134 1070510 646008 731650 189579 775849 941419 868392 780039 800710 670885 492566
806841 380248 377088 490219 173615 338837 415498 549965 489165 134696 351015 446355 589458 344650 467798 128155 505660 138234 495372 787559 409456 717053 233938 626955 541658 549791 332055 398722 444042 581403 484690 576827 874003 410692 548227 687040 999999999 182508 403114 347021 90084 527989 29138 543189 378566 432865 331582 527458 342616 398596 788635 304013 531607 385324 322639 264518 97692 235886 341000 437357 245196 386333 420191 471333 199550 595848 328474 363930 346072 464268 232283 330460 344939 420674 459478 168069 492964 693211 396664 487257 400782 276268 493036 261606 242768 355748 422268 336091 598315 546444 658778 456603 634281 862758 496796 242827 870806 149807 293096 611195
719237 562755 233459 449318 42003 483448 266830 368263 317433 231866 259082 483800 528941 473917 555429 307953 460108 270653 422660 707429 227121 686192 403578 491060 561480 495074 258854 298328 275947 432014 434249 700897 774868 573412 656021 761317 182508 999999999 579162 463715 151799 346042 208588 553507 318806 477412 159437 650265 226182 357629 700452 186567 356133 503291 434193 132689 110783 245845 211975 298626 288339 496455 595657 295464 68587 422008 509058 544726 475165 286892 392569 293631 329604 576508 290856 14715 520122 651205 562343 605163 444401 341475 598953 219997 424117 515007 596957 360890 731618 370650 558938 313608 749663 754161 314690 371038 762338 86984 171011 553152
1154399 128876 777198 816983 558395 400184 816137 946147 853260 458308 639590 687129 924170 240095 612869 305041 834905 325424 850068 1128394 804116 1005852 178071 1018578 785813 882779 706215 780670 847144 980053 821295 592301 1230393 347998 618902 803669 403114 579162 999999999 481397 436038 914251 383779 800652 737493 666895 707206 562963 660079 739677 1137592 699888 933696 495512 483155 617233 472594 578399 738311 760676 426848 515240 17788 873171 602609 958843 195663 189562 449349 839798 199983 681227 674773 136614 820465 565682 736925 998077 326964 551729 646256 542549 586999 536213 216718 348062 22758 627574 577272 915456 1024380 854864 659714 1228406 891911 270639 1236109 517595 690890 941409
722108 369224 514581 392405 481127 89040 548855 762498 773682 233929 691822 217191 494659 586137 138567 273311 410317 443652 455286 690436 646121 537264 417977 678496 309704 455955 380514 451480 614192 674172 407183 237237 804691 198493 201208 354326 347021 463715 481397 999999999 436828 772337 322855 328391 373637 196225 620305 186618 674819 348257 707752 436651 710267 39675 30780 585932 434310 259068 469992 759601 581333 41328 497098 660962 426213 872655 289584 308892 37474 735746 446831 322361 288214 583111 750449 451066 263664 538466 205665 142507 185555 151460 146537 608054 277145 154095 503712 213885 269591 819370 625197 565421 289251 815399 719664 514092 822202 479811 439079 505701
843984 437310 379176 543807 123674 427878 414800 511527 424405 216784 262861 523875 636762 323773 555399 205090 557739 119016 536226 828068 369506 776896 258193 636452 615738 598940 368381 424922 427745 581338 534519 666836 905801 494458 637998 773733 90084 151799 436038 436828 999999999 478349 116698 614611 422185 511939 272468 617521 258940 450191 825400 318568 506350 475278 411991 190322 41405 298564 350848 356972 170324 475866 451810 445800 198179 531375 396725 431027 436141 406067 243245 381375 404212 425032 392855 140868 568449 748801 479168 577315 479142 357121 582591 171522 310840 441367 452409 407957 687772 484769 688946 460166 724355 889535 457030 220111 897686 81742 304775 659751
701499 907850 289225 584839 357984 810619 274105 78680 114282 559099 356437 715732 607865 766833 830591 653980 584826 591276 512735 708247 126627 785900 736227 402078 758504 593854 430364 397929 198582 320477 559173 1002033 721529 910086 943446 1004567 527989 346042 914251 772337 478349 999999999 554570 739234 476319 718330 208427 952470 308052 525335 684647 346910 153163 809902 741560 305330 443467 516718 324424 252169 541181 797234 929831 148568 354427 128722 855060 890744 792085 87916 718440 494987 541646 889459 138254 360701 733511 737214 901052 905216 690282 627435 888237 422683 770146 850562 930186 606441 1040454 87499 547098 297780 1039961 680599 67202 674417 687861 396681 339911 630504
810449 354840 393748 488632 201877 311211 432559 574659 517632 122195 378935 432983 589942 342457 446667 99989 504619 143281 498828 789986 434860 711848 219544 640079 529936 549720 338686 408075 464671 597372 484703 550568 879344 381622 523947 666502 29138 208588 383779 322855 116698 554570 999999999 532916 381912 418565 359775 501482 371438 398525 792424 318113 553787 360654 299497 293653 126809 233050 355942 466444 263018 362724 401102 493807 219942 624203 300910 336484 320235 492091 222238 331419 342016 409591 488129 193986 480618 689924 367535 462006 387105 261804 469256 287750 215600 326867 403577 326807 571076 574551 665271 472244 608822 869824 521866 243380 877821 178945 308186 611092
416387 695512 450826 163721 589722 417226 466192 697018 788157 410723 812552 113543 217286 861318 236070 538205 171654 675997 248853 380890 631718 208930 704353 479065 28919 193946 319550 341538 542987 512807 190845 410422 501205 518820 330050 288263 543189 553507 800652 328391 614611 739234 532916 999999999 265134 133997 669206 381295 776872 215979 405159 411457 621520 330021 319700 684433 590556 317761 421292 831699 784063 305909 817237 595180 488289 863303 614815 636453 365068 740432 724815 264806 224285 887582 776998 547826 64734 214969 529798 346673 155785 275888 303332 761668 586481 481573 823343 207271 463497 812292 365841 452964 406552 522863 673603 770834 528476 614861 424295 216215
428581 665664 187095 131420 359602 446031 207398 440026 523223 280158 570802 245772 214678 723067 380464 434607 141338 515694 116938 409044 366592 367692 594910 306200 282719 177898 60719 85949 283742 302248 115508 567513 498197 561670 497045 530663 378566 318806 737493 373637 422185 476319 381912 265134 999999999 252664 410818 522633 529694 49256 410519 150193 370315 401598 346551 440943 387805 159096 156209 574010 588856 381418 755269 335992 250219 598877 588492 620079 406125 475346 602812 57299 86015 787375 512904 317469 257798 332605 562530 476231 230511 228491 447540 538227 527194 506201 759517 162243 614194 547500 287211 206125 591507 491876 411827 621298 499706 395675 164588 237975
530821 561684 432758 217011 508542 285262 457989 689247 748560 298169 733323 20967 309321 736107 134872 411696 233156 559550 294631 497793 599825 341913 575660 531233 119824 274000 288680 338595 532938 545767 238079 324726 614560 391002 249177 289502 432865 477412 666895 196225 511939 718330 418565 133997 252664 999999999 612862 285152 703536 209768 517411 372774 622289 202813 185856 610043 493657 231568 394198 770517 677684 178455 683415 584583 418891 834936 480909 502973 233429 703714 598029 223468 176898 756124 732305 468971 70081 342312 400394 242718 33313 156804 205859 670261 453404 350233 689566 117911 375002 782021 449886 458687 341073 629357 656632 649439 635746 525644 381970 316960
752444 707306 255591 539788 157967 642809 270386 254497 158620 390573 192242 615994 597981 560653 703797 459669 546288 383205 490740 748540 124034 769682 529145 480728 681892 571381 351788 358831 233803 405738 519127 856960 793689 732187 808649 901499 331582 159437 707206 620305 272468 208427 359775 669206 410818 612862 999999999 806368 140937 457439 733937 260628 276007 659668 590315 99530 240398 385821 262789 163197 339095 651445 722539 222973 197719 264567 659856 695174 633378 133830 510396 404758 448000 681343 131423 173513 645997 727881 720631 760604 580973 490238 751714 226205 573889 674062 722698 494987 889220 214886 588447 316076 903471 763245 201045 466506 771237 190878 246425 622564
797665 435300 684040 501863 667584 198696 715479 937437 958692 420347 875920 301244 588604 719897 151003 435898 517562 608986 579381 761966 827085 574695 552117 814853 353989 556153 543010 606647 785208 823685 523229 50633 882492 215596 64353 247636 527458 650265 562963 186618 617521 952470 501482 381295 522633 285152 806368 999999999 860499 486582 786399 610393 879771 146986 216140 772231 618148 435807 640708 946121 751777 155773 575224 834101 611144 1056324 371614 373425 181391 919731 586047 479517 437803 686125 936083 637668 326863 592424 236158 47458 296727 325074 79779 789014 399567 223025 582758 362153 91561 1002907 733012 725472 109197 903314 897237 663947 909127 664930 614785 592608
891382 685578 391603 660928 197129 679379 409627 371907 211576 441358 52058 709967 727927 477134 776929 464006 669379 339699 620038 886232 259522 895276 487032 621614 786138 698605 469083 488438 374471 546100 642513 910817 934166 752586 872563 986211 342616 226182 660079 674819 258940 308052 371438 776872 529694 703536 140937 860499 999999999 573191 872785 382431 408682 714396 646869 93499 245749 471979 392266 101226 247155 710627 673407 359954 288702 308258 652719 686114 680580 220221 460367 513542 552601 609030 178710 234759 745749 855948 737744 817324 670479 564325 815708 126898 567647 698304 672107 587055 936548 274291 727328 456061 963842 904126 323286 397058 912126 196091 366957 752559
416456 660503 236147 93774 397408 425911 255178 487832 572229 288149 612898 200956 191449 740982 341034 441040 107676 536777 112398 393297 415799 329806 605300 331534 233484 151268 105651 131505 331835 337494 86193 529918 490798 541607 457271 482994 398596 357629 739677 348257 450191 525335 398525 215979 49256 209768 457439 486582 573191 999999999 399117 197288 416654 372950 323173 483126 418148 166825 205313 620593 619077 351448 757372 384156 289387 648112 581609 611735 382651 524454 616061 68882 65984 797576 561536 354944 209623 298810 544253 440999 190800 211734 409785 575326 525903 488288 762030 134450 577979 596755 288134 250350 550522 489822 460612 640940 497379 430661 211050 212677
18798 1052350 482255 322334 742370 794889 463553 612499 780190 686808 921739 497411 215360 1133281 639280 840141 304116 924901 293596 37158 635059 244189 1003675 284481 432878 256239 458188 402771 512094 364803 316302 814911 97152 905913 734534 654533 788635 700452 1137592 707752 825400 684647 792424 405159 410519 517411 733937 786399 872785 399117 999999999 513988 531760 719613 690125 798781 787998 564923 490679 882226 985795 695349 1155214 547516 635740 809137 971961 999670 745117 732761 1012904 462469 463056 1196132 786288 703630 461650 205032 913312 750639 522436 599072 708022 916130 922351 860143 1160071 513965 868091 772076 145497 418508 805531 121317 622345 1030993 125690 785465 529452 202118
532764 652605 82577 279805 228546 488700 121176 327077 378861 258500 425751 371697 347310 639014 484009 398193 287333 428780 239644 520932 227088 512869 537179 323029 426284 316464 91979 111877 177966 280282 260335 659110 589872 598220 597737 661127 304013 186567 699888 436651 318568 346910 318113 411457 150193 372774 260628 610393 382431 197288 513988 999999999 274452 472086 406176 296615 278827 177681 39006 423817 472648 457014 717438 224422 122507 462204 583663 618409 461285 332498 536117 151403 197618 724537 365952 189740 394705 473839 593588 562940 343877 286704 543236 404567 508317 538815 720338 259552 700071 409402 373321 155213 694245 571506 287964 534830 579671 271634 15900 371851
548499 905958 196027 460472 383615 762869 165028 82937 256809 524564 460589 616067 468074 821254 745603 647245 457394 625240 381361 555949 151997 644622 759381 248927 643704 459175 337735 285168 96566 167321 433648 927350 568913 871170 861593 899269 531607 356133 933696 710267 506350 153163 553787 621520 370315 622289 276007 879771 408682 416654 531760 274452 999999999 744862 679974 372220 466215 451838 240301 380618 609671 728684 950464 60671 334474 278017 843273 878786 735621 214310 748615 402762 447665 931148 270790 368919 625684 594564 865575 832394 598016 559362 809145 501449 762657 811519 952056 520084 970448 240659 395738 168564 957423 528974 95731 721274 536368 430349 274346 489480
733310 378149 548909 409618 520801 95382 582446 798613 812694 273596 731109 223373 508888 613450 117386 306464 427145 478289 476956 700544 683880 538430 444533 704362 308740 471418 412448 481597 649101 703416 426306 197615 816752 188904 163494 324515 385324 503291 495512 39675 475278 809902 360654 330021 401598 202813 659668 146986 714396 372950 719613 472086 744862 999999999 69392 625594 473490 295003 504599 799275 617473 24366 510542 696508 465144 911264 300819 316156 48898 774432 474857 352379 315633 603064 789665 490681 266002 543443 199963 102952 198518 185543 110652 646655 298981 154737 517433 239837 230978 857933 643700 597232 249903 829864 756485 545073 836456 519272 475107 518278
704908 375835 484411 372001 452430 105121 518928 731839 743327 205551 664891 206636 475897 575305 151604 257194 390096 424741 431751 674042 615355 527701 408511 652155 303183 436483 351375 423126 583823 646072 385440 266767 786792 219443 226738 371020 322639 434193 483155 30780 411991 741560 299497 319700 346551 185856 590315 216140 646869 323173 690125 406176 679974 69392 999999999 557422 407819 228531 439747 730712 560095 64137 499349 630424 395796 842079 295120 317310 59638 705201 435690 294272 261711 579400 720274 421698 255214 526091 224283 171107 170525 121878 170720 582752 273520 170099 505706 188803 300114 788776 603320 536195 317001 795885 688911 499469 802819 452419 408464 488037
817520 627251 316870 572363 105250 595429 340351 354027 236287 352008 129866 616485 643849 461822 684850 390756 581617 291816 536051 809910 220807 808015 439839 560922 693238 612869 380225 405773 318991 490228 555009 822723 865244 674656 782177 893090 264518 132689 617233 585932 190322 305330 293653 684433 440943 610043 99530 772231 93499 483126 798781 296615 372220 625594 557422 999999999 167114 378483 310959 174906 239648 620829 631970 316452 196172 342659 586490 621037 593535 224501 418363 422001 460164 584544 203897 141408 652488 770177 661044 728346 576995 471701 725202 129862 500404 618674 631663 493574 850217 298225 654000 388204 874337 838561 300498 369363 846666 114741 280830 668415
