NAME : synthetic_000152
TYPE : CTSP-D
DIMENSION : 100
GROUPS : 8
RELAXATION_LEVEL : 1
EDGE_WEIGHT_TYPE : EXPLICIT
EDGE_WEIGHT_FORMAT : FULL_MATRIX
EDGE_WEIGHT_SECTION
999999999 365233 702125 1069310 691997 143234 288454 319762 743968 672695 1070504 313107 259865 386989 583931 691167 906785 1054388 504246 897296 597284 472788 539472 763645 244158 111453 287826 462598 250148 614983 344723 264377 666778 503535 627651 853993 522958 291659 902426 356081 472328 567224 736237 692608 1043113 573520 965727 466181 415494 458424 384842 289469 833708 689538 417509 821186 613949 597647 1165143 707400 759275 629151 78914 869765 678811 982128 442069 724189 832029 497917 397286 858050 920863 510363 530903 546122 811746 708359 639823 298047 509301 696220 328779 806631 674585 856572 204880 668453 606065 521091 473923 499721 988098 795922 903532 968007 981772 515046 309300 304548
365233 999999999 531001 812488 580984 242466 266667 139072 687440 325186 793172 424694 330611 138849 261261 377876 613283 783223 334821 856588 283766 489885 680675 644859 170718 280682 285952 571511 506361 726905 352406 142541 354448 140024 642852 757989 159899 456999 942948 371103 124487 508706 371342 629734 830218 575000 643320 123942 63475 163454 37216 242142 487429 329361 357023 775843 585276 342651 875360 712476 418540 551190 409858 921417 436839 691939 491757 366417 614968 371281 318857 853673 659096 168193 368850 200159 613763 682053 626469 598564 644181 586095 300877 837087 463996 801055 414575 304074 242826 169783 361422 177853 791241 434067 817819 840366 658948 281757 614418 91787
702125 531001 999999999 396776 113048 573260 413836 436375 241719 688698 425239 455547 453231 668209 351999 796742 331957 401938 208215 383189 731375 320411 525004 136715 664338 594184 414735 446918 622843 503396 371028 488544 781538 546861 327276 249359 491433 512316 544435 367154 448322 203750 563633 204501 342456 292210 447927 601322 482469 669730 559666 415708 463926 490324 290123 314713 246744 213750 528449 341635 411609 165296 681421 541820 149154 376946 364862 670089 147438 204215 305113 421167 277752 421258 176105 627889 113791 281369 279170 717869 502011 115988 374333 452964 88900 322893 563307 584965 498414 602018 228485 655197 285977 544772 309769 310640 460070 250196 733261 489473
1069310 812488 396776 999999999 474185 930467 785154 766352 551527 820724 76919 850193 836928 930272 557963 936776 223051 56879 567063 597001 907338 716068 905389 432767 975080 958062 790587 838680 1017759 868224 759401 824248 931043 762635 689753 460991 703034 907658 801573 758158 695605 596401 642980 548636 146651 673294 292197 831747 750854 903335 828630 780608 455796 598960 677534 574129 620658 480550 154653 672139 468322 546420 1060676 816201 391987 160287 760905 770216 249701 585709 684289 675725 153544 653922 544324 820633 285905 611678 640455 1114149 887019 473539 752958 743877 397080 554335 953137 709385 661184 806756 611058 870466 197761 578955 487119 386698 289268 559547 1129684 806736
691997 580984 113048 474185 999999999 576303 412131 467099 131925 776502 514294 411995 433175 719827 440720 879964 440730 489210 246280 287871 807922 255255 431576 71749 694062 590575 407664 367503 573936 400485 347855 511961 863037 619695 221556 177498 568503 464255 434305 338512 516946 134657 664283 91518 389478 199150 558806 667004 540877 731564 613368 420590 575329 589459 276237 212534 146842 302415 616758 228885 520151 74953 659147 429989 256193 479159 300191 764340 237192 215270 303356 314159 375419 496711 212513 703615 192911 168328 172130 661407 412865 5116 366664 340601 194577 228365 528465 677665 587245 675491 232718 723424 324190 651248 236860 277364 570455 314419 675647 524176
143234 242466 573260 930467 576303 999999999 164179 176763 645000 564698 929362 252847 168004 304554 442033 601716 764041 913814 369611 806811 505721 386363 511237 647857 182222 38618 170346 414754 276534 575661 241421 122820 577336 382308 548870 746133 392808 259599 840683 257224 336818 461147 606812 590199 910924 487370 822618 357670 283811 367984 269477 157885 693419 555125 300639 727637 519325 455679 1023130 627771 618316 520157 169288 811713 538874 839729 366239 608781 697186 370808 273634 778961 780729 372441 398581 437715 679843 617950 551379 360686 476611 580873 210426 739045 538488 760609 191851 545081 474932 409296 348446 401259 858430 662006 799484 853641 838664 373427 375887 167860
288454 266667 413836 785154 412131 164179 999999999 130907 484277 577495 791489 161343 76138 383384 358059 642871 637328 773774 218103 648820 549901 239422 414031 483706 306073 180771 19660 305285 283235 462722 91359 134277 619890 383611 401567 582491 368283 203574 700371 110093 300525 299053 568089 428498 754684 336324 711731 389130 271875 427212 303465 24771 609768 502876 136687 568714 362001 327802 889157 478062 532897 356812 276097 674687 399090 709312 231372 604355 544517 209747 110159 627472 639720 320288 242994 459823 523339 461617 397236 386175 377541 416696 47644 595977 388493 600454 194421 526209 439244 427907 186234 444444 699802 606617 636544 689479 727597 246320 403144 176421
319762 139072 436375 766352 467099 176763 130907 999999999 563002 447164 759947 291921 201404 267520 266215 512437 590477 745814 228789 731863 420153 351565 543359 535130 228629 212263 150552 433551 396030 587994 213611 58190 489643 253335 506928 644298 242890 330448 807558 232220 177515 379787 450607 505285 760700 439309 645970 259254 141655 302237 176287 106147 519173 391140 221676 650817 453575 286393 851345 578607 443355 427774 338949 784925 375128 667151 352687 476589 543903 251985 183821 722823 614335 205399 262316 328929 533362 552026 493494 495201 506870 472114 161963 701860 385271 678485 303233 401316 319004 297001 237176 315518 713742 497500 702505 737383 662014 207137 511852 58166
743968 687440 241719 551527 131925 645000 484277 563002 999999999 903146 603415 439527 486028 825261 569300 1004032 556607 577026 358998 169200 928647 273499 376449 125015 783113 652366 475158 345636 584649 323838 404469 600644 986252 739663 156738 125132 691155 482117 302869 390338 635822 185824 795602 57791 439723 179376 677394 782361 653499 843834 721760 498046 705630 720532 350006 88432 130860 432210 702488 120658 651771 136254 698969 300555 387837 585181 311314 893661 341251 316298 384352 182576 478766 619323 327496 824500 294818 62436 117204 658367 368163 127889 436670 212932 326199 116374 559094 806613 715037 795334 326794 839806 372094 783160 162027 251882 687945 435621 670508 621147
672695 325186 688698 820724 776502 564698 577495 447164 903146 999999999 773367 738828 648220 296129 337043 116464 597674 774422 553592 1064267 115179 769881 983344 823572 435507 601969 597138 872404 831458 1018121 652484 466121 111026 193888 902700 937904 220684 776884 1190909 669822 287163 750734 183082 849348 892213 836665 562667 207699 305639 223674 295305 552879 376583 223473 631409 988373 830779 476146 824847 960135 352484 774165 727615 1176216 547889 666657 782964 71400 707329 606598 595945 1083576 685008 289144 580661 127266 727235 916285 874361 923424 947167 781322 601651 1086917 601545 1004426 739413 112565 190290 155646 608298 176350 876324 260099 998453 985470 574389 470116 939146 413874
1070504 793172 425239 76919 514294 929362 791489 759947 603415 773367 999999999 869832 848263 904233 533669 888438 183170 26841 575083 662077 865394 745301 945200 480987 959597 959064 798723 871943 1036877 913396 774436 818137 884299 731283 734133 521772 672836 927972 865206 775049 672601 628617 592548 594583 221762 711669 226466 801359 730363 872007 806186 784588 401068 555044 693163 633589 660982 474120 103221 723236 423634 583439 1067535 877877 392632 107352 789369 719138 279382 600506 695746 737951 153052 629687 556026 783489 321589 661704 684515 1135653 924589 514324 762921 802452 409413 616481 967395 663782 623753 772135 625637 836303 266982 524200 552584 456744 221230 555951 1151601 796051
313107 424694 455547 850193 411995 252847 161343 291921 439527 738828 869832 999999999 95426 531044 502287 802325 735757 848906 308726 586245 708454 166242 262339 480654 430255 242942 141717 161924 167565 322997 105708 285113 779054 544940 314761 556641 528536 58412 593738 98162 460364 278041 723508 392686 792842 263479 825299 548245 433195 581491 460787 185954 746187 655425 179643 512015 308725 440981 971565 394424 670173 340665 260299 562933 490530 800823 130172 765073 600819 271226 189650 544943 717049 476961 318658 620483 569223 398600 329903 266229 226590 415330 145442 495294 461258 548506 119650 685789 596983 588671 246936 602331 730829 756414 601308 677420 840637 368642 282473 333067
259865 330611 453231 836928 433175 168004 76138 201404 486028 648220 848263 95426 999999999 435711 433320 708482 700638 829304 273599 643704 614176 220017 357153 504628 338736 167755 59000 253431 208333 414449 85323 189989 685045 454560 381561 594231 442445 129118 672779 96302 375185 307382 643998 433526 795649 321569 780141 454450 343007 486238 366336 98477 683959 579010 163229 565772 357323 394178 947684 460828 607151 369304 228528 644129 458348 770506 198235 677643 591480 251923 152773 612227 695488 396150 292896 527993 565859 454303 386680 311724 321131 437275 85965 571045 440353 600098 122769 600726 514721 496393 226671 507869 737512 682707 644413 708390 795885 314872 328701 238830
386989 138849 668209 930272 719827 304554 383384 267520 825261 296129 904233 531044 435711 999999999 372315 304292 721593 896744 473667 994459 210423 617346 792639 783600 143333 336803 401273 686574 581064 845673 473655 249310 279867 181245 774349 896832 234140 553349 1075017 492564 235715 644933 407888 767497 958461 706793 734533 113681 187499 73129 108649 360403 562526 390128 489169 913594 720272 473230 979863 846039 503328 689078 450676 1052023 566738 799747 614259 357301 745468 509464 451229 989316 778156 276414 507684 178195 747207 818006 760683 661625 756448 724937 423697 969354 598349 939318 495107 324965 302083 164435 498672 119998 922656 482925 956666 978198 749434 418168 676000 211020
583931 261261 351999 557963 440720 442033 358059 266215 569300 337043 533669 502287 433320 372315 999999999 444987 352496 525097 237277 728013 384223 477122 706759 486532 430780 478300 374321 598734 641281 724768 398633 319607 430408 211033 586672 600982 150984 554405 863219 411295 138954 430650 238178 517242 593588 524418 386533 276970 197867 349051 272523 339153 254010 163063 347352 653143 509112 139133 614175 635882 177562 444849 604848 851646 216301 431139 501948 324518 388627 293593 320683 751134 406141 96173 257395 283545 400623 587454 552461 744190 672749 445451 357717 761335 265857 667993 551801 237323 146895 261980 303074 322211 564943 255831 661622 653689 402440 151483 761151 282795
691167 377876 796742 936776 879964 601716 642871 512437 1004032 116464 888438 802325 708482 304292 444987 999999999 713744 890013 648904 1167716 96025 851889 1055583 930149 447108 636495 662401 945360 876517 1096708 724626 519706 24480 270508 992646 1045162 313180 834490 1285841 742801 373365 844231 296271 948992 1008493 925544 675034 254087 376230 234662 342576 618131 489706 339927 713835 1090473 924211 583117 937380 1053985 468710 872353 754456 1269131 659059 782010 860399 172384 821736 699493 676868 1182556 801470 384840 678048 186350 840277 1013233 967531 962046 1019116 884884 672951 1180876 710804 1108325 786972 228965 300414 218239 698391 201984 991862 370028 1105967 1097225 686184 568529 976921 469662
906785 613283 331957 223051 440730 764041 637328 590477 556607 597674 183170 735757 700638 721593 352496 713744 999999999 178994 429067 658778 685424 633321 852247 432850 781386 795940 647062 765284 899328 835010 634256 648403 708021 548114 659185 510349 489728 794084 848488 638073 491360 528034 420558 530918 314128 622075 122147 618204 550093 688841 624798 627251 237756 376180 556119 610038 578546 310548 262740 667932 245301 496928 910911 853060 245227 78660 674417 547804 219180 465250 551489 719870 106651 448089 417179 601241 264416 606014 610811 1001143 826662 442535 614707 768525 282521 603802 822653 486409 441444 589256 488987 653379 322258 359414 557097 489356 131544 393340 1017658 622204
1054388 783223 401938 56879 489210 913814 773774 745814 577026 774422 26841 848906 829304 896744 525097 890013 178994 999999999 556654 635309 864126 722271 920420 454872 948498 942937 780541 848235 1016161 887838 754509 803973 885146 725625 708616 494933 666671 906928 838379 754683 663798 604932 594878 568798 197639 687008 236757 795400 720752 866463 797333 767499 405256 554329 673015 606777 635991 459508 127560 696957 423013 558895 1049869 851038 375706 108568 766520 721893 255366 580438 676615 711111 134061 621262 536635 780164 296792 635507 659017 1114439 900161 489144 744236 775681 389516 589642 947792 663951 620376 767789 605657 831831 240854 528593 525851 430547 233164 540686 1130301 783275
504246 334821 208215 567063 246280 369611 218103 228789 358998 553592 575083 308726 273599 473667 237277 648904 429067 556654 999999999 526752 570576 243534 475612 310495 457312 393858 223945 371243 470398 488412 205448 280329 630126 381586 351511 423171 335972 366631 637631 210566 277501 197332 475454 302355 541385 287782 516663 423528 295534 486305 367099 214780 451625 400166 130497 447048 277273 135847 674127 406545 378906 224421 493769 622644 185023 497356 273746 554144 327982 56354 122476 534300 422635 265005 34220 466763 310606 364343 320881 572628 443107 251395 187929 533354 170533 469488 394405 466821 372240 437043 69779 480841 490130 486778 483040 509770 531954 86300 589252 283346
897296 856588 383189 597001 287871 806811 648820 731863 169200 1064267 662077 586245 643704 994459 728013 1167716 658778 635309 526752 999999999 1094548 424889 459186 246983 950412 811348 638414 464837 715305 385456 565390 768388 1150601 905831 274194 148453 855772 621391 205438 549906 802376 353078 946691 226978 460585 323779 780750 950269 821921 1012464 890801 663884 838178 872961 516677 81047 287508 589171 751569 198153 792160 305409 846178 224937 532213 669942 456108 1050629 440575 485364 551948 88986 565281 783910 494520 990259 397567 189419 257576 775718 463545 283005 601203 174777 471944 60340 703744 964402 874756 961604 495966 1007456 399885 926684 109893 219428 788903 600739 785664 790025
597284 283766 731375 907338 807922 505721 549901 420153 928647 115179 865394 708454 614176 210423 384223 96025 685424 864126 570576 1094548 999999999 764006 963479 861828 353734 540611 569327 853677 780514 1006725 633309 424848 71749 189028 908607 977323 240223 739520 1204497 651695 293076 763182 287602 872610 966801 841070 662937 160900 287553 139328 247857 525233 477102 310458 626771 1016045 842765 518220 923538 972399 441786 794974 659375 1186367 600522 758059 770520 186577 770417 618870 589290 1104791 765101 311537 601227 104312 784648 934200 885733 866124 926984 812934 581574 1099037 648120 1035859 691082 204973 249540 133580 615822 106509 944525 367219 1038291 1037224 675602 493824 881042 375424
472788 489885 320411 716068 255255 386363 239422 351565 273499 769881 745301 166242 220017 617346 477122 851889 633321 722271 243534 424889 764006 999999999 232312 320350 545047 387681 224887 132730 320239 249622 148808 371464 830526 582182 163096 390685 549470 212483 460956 130942 482842 121675 714112 226693 643570 101613 736725 604873 476499 653339 526990 259676 692835 639924 138530 348411 142639 375749 848438 241454 621525 180965 425513 435726 395281 689480 45237 781292 467686 188741 175024 392602 595730 484553 234912 665540 430323 235652 167328 406164 200775 257899 194810 356641 350804 384066 285892 695683 601370 633691 174676 662710 579074 729775 435124 512554 750981 326285 420486 406449
539472 680675 525004 905389 431576 511237 414031 543359 376449 983344 945200 262339 357153 792639 706759 1055583 852247 920420 475612 459186 963479 232312 999999999 476916 691390 495296 394864 110963 302210 83396 331404 544797 1032938 791026 221153 499110 765740 254299 385840 313680 697546 324213 941963 360858 809463 233658 960971 802584 680700 840661 717495 438536 924941 868771 360579 408916 284797 607944 1047972 270772 853835 362017 468358 348668 621864 901832 205054 1001371 666356 421053 391815 387461 802048 705285 466889 870832 623649 315019 268042 331965 36499 431988 382873 310607 572266 446862 337048 917628 824506 838747 406300 858366 741903 960882 520123 624756 974653 557077 338690 590224
763645 644859 136715 432767 71749 647857 483706 535130 125015 823572 480987 480654 504628 783600 486532 930149 432850 454872 310495 246983 861828 320350 476916 999999999 762930 662315 479387 424024 640444 435594 419327 581407 914250 675077 257910 115525 621629 531587 418572 409644 573880 202626 700280 116508 333345 251561 554207 725672 601891 791898 676214 491811 593782 627039 347957 182483 196377 347481 581332 242716 545559 140115 730049 420772 285368 460166 364534 806457 216334 284292 374655 291688 353773 550398 276299 757768 169923 180834 209258 725269 462130 67430 438367 335684 225614 186858 598085 720999 633347 730706 302933 781150 266236 679800 176492 205798 564359 371616 739055 591649
244158 170718 664338 975080 694062 182222 306073 228629 783113 435507 959597 430255 338736 143333 430780 447108 781386 948498 457312 950412 353734 545047 691390 762930 999999999 207496 320184 591492 452563 752728 396265 182833 422751 287380 707586 870600 323965 441521 1005613 414417 295196 597528 525196 725942 982195 642343 814033 235282 233921 215775 171511 287991 656258 492893 433757 869623 665773 497379 1043953 784068 588683 650143 310650 978937 590565 859941 532610 492502 765229 478857 398760 933009 821566 338854 490931 311842 758206 765482 702465 526179 656226 699023 352532 901675 608607 899394 372726 448238 404122 291007 462012 259716 938223 594278 927922 965864 829666 425795 539819 175201
111453 280682 594184 958062 590575 38618 180771 212263 652366 601969 959064 242942 167755 336803 478300 636495 795940 942937 393858 811348 540611 387681 495296 662315 207496 999999999 183004 403480 245599 563123 248067 160143 612063 420621 548459 757307 431418 241280 835683 262119 375145 470793 645412 598782 934000 489273 857099 394615 322415 402168 306996 179304 730405 593449 314397 733135 524573 486422 1053853 627980 655031 531283 130709 805513 567378 871018 363506 646826 721830 390357 290821 779430 809430 410349 421330 474841 702629 621977 554432 325585 461601 594995 224145 735615 563912 767087 166161 583601 513502 446767 367001 436906 880033 700347 809186 867751 873144 403744 340432 206287
287826 285952 414735 790587 407664 170346 19660 150552 475158 597138 798723 141717 59000 401273 374321 662401 647062 780541 223945 638414 569327 224887 394864 479387 320184 183004 999999999 286449 267231 444479 76085 151966 639389 403257 387658 575966 387592 184747 685503 94321 319723 290838 586514 420010 756536 323209 723777 408598 291525 446068 322672 44406 625116 520770 131431 558682 351080 338651 897087 464863 548288 349913 270119 659275 406959 718212 214547 623790 548109 210620 109626 614896 646496 338823 246832 479457 525443 450421 385185 370518 358386 412117 41185 581494 393535 591055 180050 545396 458051 447547 186284 463774 700603 624104 629138 684939 739588 258128 387496 195392
462598 571511 446918 838680 367503 414754 305285 433551 345636 872404 871943 161924 253431 686574 598734 945360 765284 848235 371243 464837 853677 132730 110963 424024 591492 403480 286449 999999999 251547 161247 220807 437673 922842 680209 194139 470562 654811 171045 440187 202897 586596 243327 832726 314327 755860 172929 869425 692788 570078 732484 608484 329537 822602 760054 251541 400041 228236 505678 975162 266684 750141 293226 398735 407171 528011 819952 97551 890564 592885 318400 281580 408892 724191 594698 365882 760316 553117 291042 228507 313923 75073 369060 272422 347520 482897 438502 257985 807035 714143 728225 301477 748932 689499 853741 503485 597065 883649 450369 325427 481706
250148 506361 622843 1017759 573936 276534 283235 396030 584649 831458 1036877 167565 208333 581064 641281 876517 899328 1016161 470398 715305 780514 320239 302210 640444 452563 245599 267231 251547 999999999 383168 265074 366044 852254 641454 441975 706779 638430 110690 682524 262281 573525 439280 846029 543860 958527 405309 984435 627754 533029 643865 538000 303084 892291 783674 344534 647579 456828 598199 1138341 517389 815484 500604 173032 646934 654459 966029 276952 868566 768362 437032 348310 660290 883968 598865 483437 706234 736410 535687 468994 103577 277311 576910 290065 595893 627826 685628 92932 796513 714893 676141 412251 674972 895652 888525 746031 830886 1000018 521093 120528 418461
614983 726905 503396 868224 400485 575661 462722 587994 323838 1018121 913396 322997 414449 845673 724768 1096708 835010 887838 488412 385456 1006725 249622 83396 435594 752728 563123 444479 161247 383168 999999999 374511 596385 1074747 828529 179289 441235 798160 325206 302461 355804 730966 313667 962519 319626 763080 215028 948364 846234 720478 889215 764075 486401 928638 887822 387185 342707 256687 614530 1015097 208365 860569 338140 546081 265423 615718 878683 236313 1030827 637671 432199 422177 309314 775781 734012 474089 910657 593038 261420 228921 415306 106415 399947 426046 229420 561493 379460 410669 945302 850984 878623 421748 903223 695364 974762 455359 564234 961278 573336 421831 638577
344723 352406 371028 759401 347855 241421 91359 213611 404469 652484 774436 105708 85323 473655 398633 724626 634256 754509 205448 565390 633309 148808 331404 419327 396265 248067 76085 220807 265074 374511 999999999 225194 702192 459723 311664 510088 436645 162218 609474 18910 368179 223191 624137 350721 712978 247664 721054 472503 349306 514815 389567 113301 640698 554375 81879 486303 277909 335841 875144 389159 564826 284592 312869 583463 389427 701264 140607 673307 511957 174096 84317 539546 621384 380116 218985 539512 484346 376618 310501 367185 295049 351963 51735 505410 365057 519611 193737 591490 500405 507420 148852 529087 653941 653754 561249 623300 736495 262940 383826 264505
264377 142541 488544 824248 511961 122820 134277 58190 600644 466121 818137 285113 189989 249310 319607 519706 648403 803973 280329 768388 424848 371464 544797 581407 182833 160143 151966 437673 366044 596385 225194 999999999 496041 275427 531775 688094 276676 314785 831891 244057 216693 415323 489360 543346 816528 465207 702131 266289 168596 296406 177131 112050 570600 434563 252252 687484 485245 344514 909451 606421 495554 467333 289747 807188 432753 725203 365586 502724 600039 297116 216442 753731 672384 250459 312970 342385 588100 584756 523183 461174 508442 516886 176658 726871 441044 716844 273549 432912 357051 311530 279495 318384 768423 541458 745192 785373 718166 264798 477426 52418
666778 354448 781538 931043 863037 577336 619890 489643 986252 111026 884299 779054 685045 279867 430408 24480 708021 885146 630126 1150601 71749 830526 1032938 914250 422751 612063 639389 922842 852254 1074747 702192 496041 999999999 250201 972438 1029450 295098 810801 1266466 720436 353688 824822 293807 930917 999653 905194 673384 230851 354383 210187 318926 595169 487432 332608 692670 1072987 904721 567792 935648 1034493 462723 853971 729980 1249346 645490 777508 838437 173792 810233 680127 655540 1164171 793808 366944 659699 165340 827669 994447 947955 937623 996459 867984 650486 1161340 696223 1091383 762820 221739 287536 196930 678489 178000 981540 369665 1090325 1083633 684941 550632 952485 446217
503535 140024 546861 762635 619695 382308 383611 253335 739663 193888 731283 544940 454560 181245 211033 270508 548114 725625 381586 905831 189028 582182 791026 675077 287380 420621 403257 680209 641454 828529 459723 275427 250201 999999999 722264 790593 60249 583398 1016570 477347 104109 574984 237945 683584 804491 655080 554216 70478 111752 140843 119597 358991 381353 210016 443847 827145 654778 335960 802929 784524 322754 605963 549868 999185 423395 625359 592515 227551 598862 430419 407240 915855 613165 125723 412212 85320 608261 745441 697933 735979 754728 624730 408569 911321 466319 847324 548848 164943 121209 55799 428319 111301 775649 307658 851545 855425 568951 305313 752059 223024
627651 642852 327276 689753 221556 548870 401567 506928 156738 902700 734133 314761 381561 774349 586672 992646 659185 708616 351511 274194 908607 163096 221153 257910 707586 548459 387658 194139 441975 179289 311664 531775 972438 722264 999999999 281319 682763 347357 300686 293996 619464 156341 823888 141414 588957 67891 774666 752509 622280 805638 679494 420825 768724 748035 285850 206101 83005 463091 835931 79812 704764 163668 573386 278695 449702 700480 185922 905610 458622 296681 324010 231113 596975 613605 329294 807194 413817 97939 49633 507989 211434 220850 355808 195205 392188 244473 430577 818325 723705 775988 294659 810766 521298 826555 310068 407992 787085 437553 519233 563517
853993 757989 249359 460991 177498 746133 582491 644298 125132 937904 521772 556641 594231 896832 600982 1045162 510349 494933 423171 148453 977323 390685 499110 115525 870600 757307 575966 470562 706779 441235 510088 688094 1029450 790593 281319 999999999 737113 602176 344589 497943 689270 286924 810370 163993 334306 302052 632355 840846 716379 906681 789942 593071 693119 738144 445821 113579 250042 462155 615310 232951 650298 226099 813689 356105 395423 523173 431114 919113 292179 392318 476136 216407 417832 665915 389159 873281 249605 184351 242056 782687 492455 172427 535721 283389 337574 95432 676182 834255 747617 846228 408615 896493 268739 785680 60970 126767 640616 486854 795043 701537
522958 159899 491433 703034 568503 392808 368283 242890 691155 220684 672836 528536 442445 234140 150984 313180 489728 666671 335972 855772 240223 549470 765740 621629 323965 431418 387592 654811 638430 798160 436645 276676 295098 60249 682763 737113 999999999 571399 973436 453308 68482 532153 214068 635891 744291 616409 500862 128776 109023 200332 152554 344417 333691 169762 411112 777940 612231 278959 746229 741906 270298 559173 562075 957598 364634 567360 563747 236839 539258 387527 376137 869376 553184 71874 364869 136456 549539 700192 655707 736304 729812 573483 386963 868815 409272 796735 545513 158462 83173 111850 388137 171235 715842 274191 798079 798627 515913 255534 752772 226108
291659 456999 512316 907658 464255 259599 203574 330448 482117 776884 927972 58412 129118 553349 554405 834490 794084 906928 366631 621391 739520 212483 254299 531587 441521 241280 184747 171045 110690 325206 162218 314785 810801 583398 347357 602176 571399 999999999 611182 156173 503923 329654 771128 438410 847930 303288 882990 580921 471969 608508 491914 227035 800763 704657 237969 550017 352378 498057 1029797 425670 724448 391514 228648 578187 548862 859235 171101 806758 658123 329638 246530 573609 775251 523537 377032 655731 625818 436854 368767 207866 221355 467352 196767 517105 519582 587394 86942 729569 642777 624324 305332 633017 785235 807019 644114 724904 898375 424354 224073 365408
902426 942948 544435 801573 434305 840683 700371 807558 302869 1190909 865206 593738 672779 1075017 863219 1285841 848488 838379 637631 205438 1204497 460956 385840 418572 1005613 835683 685503 440187 682524 302461 609474 831891 1266466 1016570 300686 344589 973436 611182 999999999 591211 912787 441645 1094480 348144 666021 368255 970517 1050481 920008 1105306 979413 720447 1008342 1018882 586205 238462 361794 729370 956219 232099 954454 418387 838645 39291 690492 866718 474719 1187236 629427 586362 624321 128932 760684 902636 610334 1101856 584118 275766 318771 717495 405823 430478 655456 105880 628865 249210 698116 1099733 1006353 1071185 588704 1108745 604953 1085133 315015 424040 979857 720922 723527 864203
356081 371103 367154 758158 338512 257224 110093 232220 390338 669822 775049 98162 96302 492564 411295 742801 638073 754683 210566 549906 651695 130942 313680 409644 414417 262119 94321 202897 262281 355804 18910 244057 720436 477347 293996 497943 453308 156173 591211 999999999 384891 211148 638707 337369 708215 230653 727150 490937 367216 533613 408278 132201 650998 568335 82270 471220 262655 343222 876250 371879 575474 273276 320743 564977 392894 703907 121697 689786 509815 174777 92806 522562 622046 395748 221332 557508 480818 360820 294173 363168 277405 342470 70258 487339 365741 504978 196155 607508 515945 525414 149974 547628 648311 666835 548201 612654 742480 272636 379623 283375
472328 124487 448322 695605 516946 336818 300525 177515 635822 287163 672601 460364 375185 235715 138954 373365 491360 663798 277501 802376 293076 482842 697546 573880 295196 375145 319723 586596 573525 730966 368179 216693 353688 104109 619464 689270 68482 503923 912787 384891 999999999 471148 273590 579611 723534 552572 518837 153090 61558 222835 133588 276893 365919 218308 344327 723447 551033 242241 752638 680805 295197 501902 505649 895778 333948 569979 496040 305300 512245 326490 308790 811750 542989 43805 308327 189380 517188 641350 594276 672553 661565 522006 318491 807657 371210 744103 480747 225684 141589 159568 325041 207326 689697 325201 750147 758419 534473 202670 689157 169020
567224 508706 203750 596401 134657 461147 299053 379787 185824 750734 628617 278041 307382 644933 430650 844231 528034 604932 197332 353078 763182 121675 324213 202626 597528 470793 290838 243327 439280 313667 223191 415323 824822 574984 156341 286924 532153 329654 441645 211148 471148 999999999 667602 129463 521933 99284 637668 610816 480470 668552 544142 312288 616674 591731 164182 272163 80086 307296 731835 209784 550732 62952 529351 425537 302088 578865 166898 751035 349610 144741 198882 345067 481380 461794 173293 660290 310514 173371 123631 527507 299315 137699 251576 336697 249124 302198 395639 663591 569201 629744 148320 668954 457642 670729 338524 402319 651105 282608 541979 437915
736237 371342 563633 642980 664283 606812 568089 450607 795602 183082 592548 723508 643998 407888 238178 296271 420558 594878 475454 946691 287602 714112 941963 700280 525196 645412 586514 832726 846029 962519 624137 489360 293807 237945 823888 810370 214068 771128 1094480 638707 273590 667602 999999999 746532 724024 762322 379604 295482 323005 347134 356676 545672 193653 75943 581417 875798 745196 365237 641842 870262 179148 677522 776096 1084960 415182 486549 736912 127254 554421 531769 551735 978174 513662 247856 494750 236653 580964 819304 788243 945800 907342 668664 578333 994425 474779 886358 753498 86514 132311 243697 540788 299399 714750 80070 869250 841378 391315 389563 962459 439666
692608 629734 204501 548636 91518 590199 428498 505285 57791 849348 594583 392686 433526 767497 517242 948992 530918 568798 302355 226978 872610 226693 360858 116508 725942 598782 420010 314327 543860 319626 350721 543346 930917 683584 141414 163993 635891 438410 348144 337369 579611 129463 746532 999999999 448655 141898 649715 725374 596260 786449 664133 441643 665205 671053 293412 146113 87513 381718 695830 137477 608136 78638 650339 341161 344730 566338 267480 841755 322367 258700 327236 234261 461231 564154 271421 768578 276570 76941 92876 622621 347312 88984 380988 251055 283475 173512 512265 754464 662137 739175 269003 782939 381167 737515 210934 287035 661156 380479 635571 563421
1043113 830218 342456 146651 389478 910924 754684 760700 439723 892213 221762 792842 795649 958461 593588 1008493 314128 197639 541385 460585 966801 643570 809463 333345 982195 934000 756536 755860 958527 763080 712978 816528 999653 804491 588957 334306 744291 847930 666021 708215 723534 521933 724024 448655 999999999 584347 412429 870193 772402 942207 851953 754757 550513 669031 632472 447542 529416 487624 296299 559134 544892 464427 1023875 683525 393432 277311 688752 849880 217051 545953 647038 543173 211455 685547 512711 872289 231389 501921 541421 1049257 795440 387460 716430 616720 375500 423280 904040 779659 717263 853847 570585 915412 67731 669787 351277 244590 413251 556495 1063854 808164
573520 575000 292210 673294 199150 487370 336324 439309 179376 836665 711669 263479 321569 706793 524418 925544 622075 687008 287782 323779 841070 101613 233658 251561 642343 489273 323209 172929 405309 215028 247664 465207 905194 655080 67891 302052 616409 303288 368255 230653 552572 99284 762322 141898 584347 999999999 734002 684715 554541 737752 611621 354842 715910 686666 218032 248545 55329 405172 814534 141738 649582 128359 523778 346586 400868 669128 133565 841086 432706 232114 256182 291918 568577 547766 267860 739899 390220 135174 66464 481195 213726 200011 289945 262562 346515 285109 382286 754005 659272 708609 228370 742965 517583 768176 341101 427442 747118 374077 493942 496080
965727 643320 447927 292197 558806 822618 711731 645970 677394 562667 226466 825299 780141 734533 386533 675034 122147 236757 516663 780750 662937 736725 960971 554207 814033 857099 723777 869425 984435 948364 721054 702131 673384 554216 774666 632355 500862 882990 970517 727150 518837 637668 379604 649715 412429 734002 999999999 624315 580191 691060 647987 698448 186260 356173 646813 732087 692973 386318 262350 787083 231493 611351 978570 974745 341663 135615 775849 503255 341313 559504 636865 841951 221151 475213 510579 591999 386400 725465 726992 1087527 933770 560903 695288 889739 388744 725931 902908 458053 436652 586369 581634 649965 432012 305588 678436 606989 16047 465654 1104309 668667
466181 123942 601322 831747 667004 357670 389130 259254 782361 207699 801359 548245 454450 113681 276970 254087 618204 795400 423528 950269 160900 604873 802584 725672 235282 394615 408598 692788 627754 846234 472503 266289 230851 70478 752509 840846 128776 580921 1050481 490937 153090 610816 295482 725374 870193 684715 624315 999999999 130483 72081 89841 364433 449809 276716 468600 870529 689578 394509 873400 818632 392822 646957 519925 1030984 484768 695602 610169 258650 662000 468062 430782 954890 681556 185603 455921 80437 668977 783415 732003 717523 766089 672096 420769 944713 524046 892762 536709 214579 189298 55788 462564 58275 839286 369553 901607 911504 638967 354059 733030 215690
415494 63475 482469 750854 540877 283811 271875 141655 653499 305639 730363 433195 343007 187499 197867 376230 550093 720752 295534 821921 287553 476499 680700 601891 233921 322415 291525 570078 533029 720478 349306 168596 354383 111752 622280 716379 109023 471969 920008 367216 61558 480470 323005 596260 772402 554541 580191 130483 999999999 190786 79594 247243 426815 274162 339263 741823 559122 285974 812026 688149 356641 517702 453092 900647 379769 628753 484170 336054 558448 338238 301738 824831 597652 104979 328647 190361 559708 653256 601521 629490 644319 545989 297864 814250 410967 764971 440151 264329 191312 158276 332175 188738 735452 380428 776828 793004 595858 232350 645820 117321
458424 163454 669730 903335 731564 367984 427212 302237 843834 223674 872007 581491 486238 73129 349051 234662 688841 866463 486305 1012464 139328 653339 840661 791898 215775 402168 446068 732484 643865 889215 514815 296406 210187 140843 805638 906681 200332 608508 1105306 533613 222835 668552 347134 786449 942207 737752 691060 72081 190786 999999999 126390 403106 513252 338807 519979 932217 746210 465010 942565 874253 459863 707828 520050 1084306 555982 765914 654694 286610 733568 527952 481828 1013534 753431 257212 519425 111431 739829 841816 787938 727749 804229 736673 463534 999426 593983 955684 555669 261893 254430 106007 520392 49334 910926 424644 967244 980268 705428 420859 742507 250819
384842 37216 559666 828630 613368 269477 303465 176287 721760 295305 806186 460787 366336 108649 272523 342576 624798 797333 367099 890801 247857 526990 717495 676214 171511 306996 322672 608484 538000 764075 389567 177131 318926 119597 679494 789942 152554 491914 979413 408278 133588 544142 356676 664133 851953 611621 647987 89841 79594 126390 999999999 279013 485679 321428 393730 810190 621143 365522 885672 748689 419834 585520 434241 958118 459358 703384 528970 340762 638026 405462 355568 889200 675705 176717 400901 168671 638922 717513 662550 628393 681006 618483 338062 873539 489845 834855 446872 284275 232825 139819 396442 141553 814986 423562 850031 869808 663384 309560 644018 127743
289469 242142 415708 780608 420590 157885 24771 106147 498046 552879 784588 185954 98477 360403 339153 618131 627251 767499 214780 663884 525233 259676 438536 491811 287991 179304 44406 329537 303084 486401 113301 112050 595169 358991 420825 593071 344417 227035 720447 132201 276893 312288 545672 441643 754757 354842 698448 364433 247243 403106 279013 999999999 591934 481321 148280 583423 378062 316856 881272 496451 515063 368314 283830 695369 391969 700278 253874 580215 542652 212924 117259 645032 633572 297819 242053 435055 523414 477793 414474 405409 402040 425276 65025 615683 385149 614395 212686 502534 416245 403142 190747 419859 701258 585639 648106 697547 714378 234442 422342 152292
833708 487429 463926 455796 575329 693419 609768 519173 705630 376583 401068 746187 683959 562526 254010 489706 237756 405256 451625 838178 477102 692835 924941 593782 656258 730405 625116 822602 892291 928638 640698 570600 487432 381353 768724 693119 333691 800763 1008342 650998 365919 616674 193653 665205 550513 715910 186260 449809 426815 513252 485679 591934 999999999 174569 578120 776020 685971 317114 448269 799422 76880 608539 858122 1005301 321154 296717 725228 318775 411076 504419 558239 884170 339499 324815 458054 410081 446960 741822 725932 995634 893507 578817 604638 915858 381845 779071 804119 272130 260539 407426 521369 469874 551460 123337 747777 700353 198547 378454 1012612 529501
689538 329361 490324 598960 589459 555125 502876 391140 720532 223473 555044 655425 579010 390128 163063 339927 376180 554329 400166 872961 310458 639924 868771 627039 492893 593449 520770 760054 783674 887822 554375 434563 332608 210016 748035 738144 169762 704657 1018882 568335 218308 591731 75943 671053 669031 686666 356173 276716 274162 338807 321428 481321 174569 999999999 508525 801336 669260 289531 614366 794358 131425 601694 723909 1009150 342734 447747 663757 184937 489545 456513 479914 903103 461551 185749 418981 236080 513378 743584 712301 884740 834429 593894 509985 918624 401428 812622 691786 111021 89188 232902 466100 295346 654957 106914 797473 773640 369782 314542 901539 387301
417509 357023 290123 677534 276237 300639 136687 221676 350006 631409 693163 179643 163229 489169 347352 713835 556119 673015 130497 516677 626771 138530 360579 347957 433757 314397 131431 251541 344534 387185 81879 252252 692670 443847 285850 445821 411112 237969 586205 82270 344327 164182 581417 293412 632472 218032 646813 468600 339263 519979 393730 148280 578120 508525 999999999 435955 233199 265448 794182 356948 503753 220338 391696 564399 310895 621652 155581 643915 430145 92670 38166 502200 540125 347048 139125 527509 403084 332558 272147 445344 325955 280701 90454 480415 283761 466379 275609 558891 465028 495751 67721 526701 574338 602755 500170 553540 662018 200923 461754 279001
821186 775843 314713 574129 212534 727637 568714 650817 88432 988373 633589 512015 565772 913594 653143 1090473 610038 606777 447048 81047 1016045 348411 408916 182483 869623 733135 558682 400041 647579 342707 486303 687484 1072987 827145 206101 113579 777940 550017 238462 471220 723447 272163 875798 146113 447542 248545 732087 870529 741823 932217 810190 583423 776020 801336 435955 999999999 208576 514949 728227 138444 726191 224675 772313 245597 463578 629329 381977 976874 390965 404729 471045 109966 522999 706069 415219 911823 345703 113446 182115 713566 408119 207900 521073 169859 402384 38585 630591 890181 799499 882868 415019 927888 382274 859451 112769 224579 741395 522522 724452 708980
