NAME : synthetic_000622
TYPE : CTSP-D
DIMENSION : 100
GROUPS : 8
RELAXATION_LEVEL : 1
EDGE_WEIGHT_TYPE : EXPLICIT
EDGE_WEIGHT_FORMAT : FULL_MATRIX
EDGE_WEIGHT_SECTION
999999999 785883 825762 390191 263245 629930 480182 482353 934859 853038 1008928 710652 511837 546886 571316 705214 678640 645611 860691 196323 468655 559936 79616 728017 611227 521342 214745 381307 683663 129747 677027 244317 744482 150448 234678 234224 263379 433822 190043 273883 299075 795955 936234 226078 318830 774452 436756 861050 507417 345601 454403 486261 445231 103726 863271 414685 736580 444851 363746 434824 325405 245489 749585 319676 830376 136653 377114 332934 504709 689267 524951 204390 456861 694244 954130 388050 419624 160344 773757 662759 934745 258219 688832 547149 282184 275420 494602 650717 444059 576946 540115 804268 153728 387278 250544 762839 390702 541381 228092 759181
785883 999999999 324636 458571 873135 167137 313858 314014 396040 92898 372225 682691 996522 336958 219438 528599 119872 297974 80415 600241 794435 845838 847401 544340 505302 467353 575671 959490 164422 693884 359651 551821 111729 681950 862142 764241 758845 756822 696400 540460 699008 223425 327611 796561 743914 147649 931635 365959 910549 722337 348070 393428 1004305 716263 100436 564351 266196 746435 522640 359023 557477 737285 170259 490431 628375 832061 506549 542437 567556 111284 299514 601254 606814 579422 630454 427728 940997 708765 630579 739972 522502 566293 172425 367017 724088 756010 970041 196011 524149 571890 400728 267607 818306 622753 721270 486133 921689 661944 864342 623675
825762 324636 999999999 435705 995807 300411 472901 383651 720107 272303 192931 961383 1175364 575030 409390 819391 286121 181609 368397 685927 641156 1066869 863296 838890 299673 333709 656529 1103507 451618 778697 652124 585881 424927 774954 810027 893546 692550 953235 810149 552034 623517 101307 123055 919537 654595 469061 1100826 46688 1105774 893619 510753 339598 1159082 792834 403458 764143 99684 947394 472629 501853 716360 680730 485874 618751 934773 818143 456794 502709 411604 281374 507930 696580 469111 863872 951365 442706 1102549 696632 927065 1001468 846113 686520 208378 610001 652815 900504 1149379 229969 418261 826578 643821 57341 912003 518523 664610 791616 1077904 899747 815263 917991
390191 458571 435705 999999999 581718 291538 246833 155902 739205 503047 621052 737197 792129 386952 292107 647363 339121 256671 538935 273074 367163 735829 429512 672287 258815 156530 244553 697526 422592 356637 529668 156009 462029 357482 407112 489569 300401 604232 402491 117294 241156 413028 548214 509639 287534 506825 713415 470965 742079 524886 256855 96108 757966 366295 553245 449820 348783 604264 66789 228261 364079 279600 494484 260710 786231 392653 53390 83921 203966 348473 319326 289005 202675 668228 866434 53002 708963 267667 750215 738531 800569 301416 321022 412101 265598 507228 767923 283598 122228 580098 431363 416756 487336 183099 263374 665520 681571 612433 410161 736827
263245 873135 995807 581718 999999999 744449 562983 616801 906871 955624 1162327 562867 249067 562644 655853 614634 787769 815540 936319 311527 731054 339096 311512 632051 831419 732799 340996 120934 734426 225963 652230 426735 801379 224332 489179 108898 526110 246341 185875 469828 556035 944106 1092073 77532 580367 816578 176567 1036801 259511 193995 526393 670863 184910 221706 928689 348829 898630 262648 578492 520458 317659 506854 786037 388705 712142 390946 587711 550321 738814 798206 576323 299418 698659 584201 850991 558745 157054 415239 649469 490281 864320 314320 823062 546628 542221 125691 233238 787727 667150 472606 524402 962723 110311 631788 510235 689127 128627 397730 481538 636186
629930 167137 300411 291538 744449 999999999 186103 149676 496850 223168 428254 662800 896604 274639 109380 526021 49349 182280 247432 452839 635176 772304 687525 547035 374777 317103 426094 841216 179287 548367 363903 390478 189691 538888 695343 636803 591727 665393 561264 375708 532280 217016 363484 666931 577626 239579 825795 347092 819777 615178 224836 231717 891647 568631 262489 472623 206355 657905 356049 224911 440179 570160 239228 355745 649321 667873 340146 375359 415956 59732 208669 457078 449265 567504 686831 261247 831192 543730 634994 701062 594745 430631 92612 309628 557121 635390 870195 75465 363917 526167 343410 249766 677884 459292 554136 508269 808959 600783 697669 624928
480182 313858 472901 246833 562983 186103 999999999 118387 501090 392966 613914 522808 710771 143486 94421 411573 225851 315353 383961 288729 612400 594105 547601 435812 448499 358243 266134 656362 206377 380852 283024 265541 264570 368335 595025 454480 510532 481777 383239 271361 465643 399674 547871 485750 514730 297634 639697 518699 635557 429129 38814 253763 705920 403978 383872 291259 373749 475196 309513 45742 254267 484637 276177 176734 548208 545799 299125 313847 437840 236080 72505 288217 447543 440391 620691 195157 645179 430664 518572 544585 554006 252678 273910 173055 483813 450684 684396 244453 362209 372276 199063 427788 504473 428541 470683 421314 623165 432347 595244 506149
482353 314014 383651 155902 616801 149676 118387 999999999 586164 372203 545666 640684 792111 259847 137246 529010 199017 211107 393247 313336 519871 695147 538229 553013 330186 241858 285080 721288 267029 408909 392280 241090 306718 401750 549294 512183 449984 574761 431064 226530 394795 327478 475277 539691 442197 350986 717227 427237 725179 510900 146640 137452 775924 427153 403905 392448 284524 570399 222690 127694 334036 426917 338740 235101 664640 518501 208751 236427 326845 209393 185253 320623 344022 558732 730721 115593 718942 394799 636520 659335 656299 304159 209669 290840 417570 517280 766234 172624 256547 488745 317447 346601 541086 336849 411318 534414 694465 543000 551183 624226
934859 396040 720107 739205 906871 496850 501090 586164 999999999 457774 731160 469045 928625 390929 449115 325769 473195 672364 360247 741085 1105746 727982 1011452 322050 871572 809136 729123 949748 323425 811427 260083 759378 310881 792643 1088773 809638 1010751 701127 777895 771147 966658 619176 704820 843892 1015696 260942 888191 760057 828045 716019 507935 712920 972551 838315 324105 559295 659190 685194 805022 535726 619361 984413 257650 619056 336750 1027782 792594 812952 904667 471295 433569 730767 928844 378028 269382 691082 907915 922640 375023 557524 150862 676789 551670 387716 984834 781951 904950 560806 841140 453420 396984 663364 899385 922077 970900 244707 899617 551744 1088030 377229
853038 92898 272303 503047 955624 223168 392966 372203 457774 999999999 284949 773984 1086351 428596 299811 618711 174441 299833 98174 673430 814942 938266 910423 633622 502443 483102 647447 1045368 257316 768404 450564 613289 202013 757784 910145 846909 801794 847464 775973 596536 738473 177818 248327 878542 780795 230496 1020319 307385 1001543 810286 429233 425672 1091661 789570 134262 654350 241102 837413 563236 436764 642369 782219 257215 569257 713701 888458 546534 586354 581729 163792 386975 676267 627414 670319 706037 479949 1028888 763590 718983 832507 594004 645155 186563 459240 765139 840787 1059845 221297 550320 664774 493132 219409 895779 652877 765866 572719 1008891 754720 913097 712619
1008928 372225 192931 621052 1162327 428254 613914 545666 731160 284949 999999999 1053572 1324684 688038 533580 900667 395143 364411 375280 857343 829587 1196443 1050447 916565 487952 526603 828426 1264625 531801 952107 731403 766032 483941 946324 1002607 1056896 885270 1093232 976695 735331 816291 218221 72840 1085080 847512 515372 1253227 176114 1247774 1042940 652725 525601 1317104 968359 410326 899882 272466 1085336 662408 650191 866947 873059 541311 776638 998601 1008313 646224 691979 603144 386467 631860 865827 661238 950920 987727 621690 1257738 885611 1002698 1106736 873458 848727 341317 721499 845563 1059237 1298303 375089 611006 934993 756104 204663 1085174 711449 856870 857306 1234736 1018875 1007746 995890
710652 682691 961383 737197 562867 662800 522808 640684 469045 773984 1053572 999999999 494642 391322 556949 159363 676251 829741 701225 567617 1064166 282321 788490 152235 969168 874217 575607 557847 522000 584714 323473 658752 571971 564225 928698 501455 898358 317133 520710 694665 884793 869344 1002205 528400 929763 549565 476599 1007955 394437 381041 495375 771648 559999 608428 673887 311543 869155 300484 784054 519270 412973 870940 519295 492055 163787 839746 780300 773766 940924 682134 465013 548147 935291 104511 305981 685690 502087 780147 103176 93752 361260 496505 753341 356716 889672 460663 475103 737098 859408 157355 325703 907726 606799 895071 863628 229375 504295 171043 924280 95542
511837 996522 1175364 792129 249067 896604 710771 792111 928625 1086351 1324684 494642 999999999 661324 794334 605324 933088 1001494 1046744 520757 978024 212519 559311 614155 1049472 947990 548243 141649 839818 453769 702776 644447 905872 445306 737564 307463 773741 241670 393293 689571 799919 1109609 1258255 296950 826904 907824 79397 1219320 101448 282182 671960 872670 93506 457206 1031277 432171 1075837 254305 800956 675824 459348 753534 875139 557622 658398 639685 807687 775251 967321 942697 700257 503541 932374 558284 800524 759644 92218 659800 596661 402609 847484 495768 984197 634722 787930 284971 26518 952770 890980 476967 603757 1134999 358171 868087 755927 687016 121256 377086 729787 586812
546886 336958 575030 386952 562644 274639 143486 259847 390929 428596 688038 391322 661324 999999999 166489 269327 295516 438528 385748 351455 748369 510676 622155 293199 589363 501226 338353 635282 178720 427802 146339 373126 245399 410396 699884 455902 628549 420557 405413 390885 591359 488098 629222 490150 640432 254514 599165 621715 573781 393551 131011 396668 675172 454178 372305 230324 480200 409749 446804 160302 248420 601440 223496 228565 404960 636876 437894 447227 581165 303120 75477 342559 589112 301941 479630 334249 610649 533791 377445 426443 420773 290913 366834 35028 606252 438944 634930 347411 504722 251600 68980 523543 530726 565768 589008 278686 593518 330843 698761 365531
571316 219438 409390 292107 655853 109380 94421 137246 449115 299811 533580 556949 794334 166489 999999999 425963 139002 275193 290286 382093 657117 664044 636494 448182 443942 367429 358537 746513 130821 474941 271995 346858 178615 462665 671364 547108 578834 560041 477325 344663 527416 325821 470812 578849 575621 218322 725446 456034 714723 514630 129484 266592 794302 497760 292026 366401 313802 551851 358691 139739 343366 554353 203002 271053 554754 629329 345331 369978 458874 148417 99444 382280 480042 464255 606407 247167 732454 510179 535264 592428 524969 346962 201991 201506 548605 541414 767842 180944 392352 417486 234817 359146 598878 473989 539403 417312 711455 491431 672346 524416
705214 528599 819391 647363 614634 526021 411573 529010 325769 618711 900667 159363 605324 269327 425963 999999999 533301 701104 543178 532975 997269 402272 784829 25149 858689 769811 532777 639040 371750 575469 169594 599312 417087 554802 902019 530713 852447 387346 523414 628051 827317 724182 852044 562792 875006 391865 570188 865557 504176 420794 392167 665333 655195 601768 515169 291592 730946 370612 702282 419760 381991 824656 362365 431724 139269 822297 695576 697617 846666 538120 344619 516409 849848 55915 248916 594404 591913 742203 109304 237152 250607 460139 613431 238543 837145 495767 582381 601412 768055 142070 216043 764250 631398 819107 814805 81750 586941 231317 898971 98916
678640 119872 286121 339121 787769 49349 225851 199017 473195 174441 395143 676251 933088 295516 139002 533301 999999999 199182 200259 499837 676697 801446 736713 552978 401638 353150 473492 882202 169430 595131 366643 439722 162329 585116 743988 679626 639510 699011 605749 425018 579247 193524 334056 710339 624051 212461 863653 332405 853704 652803 263913 274322 931337 615850 217803 505291 200405 690708 402855 267313 479706 618284 218321 399406 650749 717193 386720 423035 453054 10690 236717 503389 489640 577924 677988 310233 870065 592986 641175 720202 580515 474870 83072 329875 604482 676535 906608 87884 405765 546073 364359 231556 723748 503352 602188 508066 848523 625680 746409 631961
645611 297974 181609 256671 815540 182280 315353 211107 672364 299833 364411 829741 1001494 438528 275193 701104 199182 999999999 370235 504946 517606 905246 686040 723144 207392 186458 475496 924758 360986 597267 543436 404543 361511 593850 646570 714483 531291 785856 630224 371732 463671 163049 291571 739681 500577 411625 925727 221272 936133 721151 350456 161265 981375 611236 397284 601968 92675 781373 300173 336371 544756 516218 416602 443885 828292 645446 283626 328954 282895 201620 364964 516129 331731 739065 869105 261110 926168 521869 810407 858457 776218 508790 125677 473027 492283 723265 975802 111703 262297 684583 504521 160515 730531 366470 499774 688562 900886 747683 651016 799608
860691 80415 368397 538935 936319 247432 383961 393247 360247 98174 375280 701225 1046744 385748 290286 543178 200259 370235 999999999 672361 873273 885848 923796 555892 577265 544675 648735 1017831 207032 764789 379463 629348 141049 751959 941996 827558 839157 805463 763233 619377 779421 270785 344675 860559 824310 151759 984830 404892 957423 777830 415870 473293 1060000 787900 36183 616009 326368 793986 603054 429637 618948 817488 183001 559009 628629 910462 586960 622783 644790 191514 359998 672171 685444 596765 612479 507520 995827 787661 638851 766109 498818 634372 246429 412230 804477 816637 1020402 273493 603528 604538 444186 313880 886599 702709 801502 490356 977885 699218 944103 633634
196323 600241 685927 273074 311527 452839 288729 313336 741085 673430 857343 567617 520757 351455 382093 532975 499837 504946 672361 999999999 508907 489761 270701 557128 528868 427779 29496 425045 489065 95749 485469 124405 551234 89139 369073 216497 331037 354203 129425 169744 324343 639657 786014 237410 366088 579416 441639 726166 478024 266518 260164 359702 484994 116189 672521 256340 589916 358409 281147 242988 155375 303822 553929 123426 665830 292149 287128 257106 449475 510522 329166 20813 420441 531287 779877 247248 436198 212858 614279 539747 749806 73036 522857 353826 325157 236062 497150 485960 371135 418760 350053 655261 227920 362373 297456 582317 408615 410174 366000 599656
468655 794435 641156 367163 731054 635176 612400 519871 1105746 814942 829587 1064166 978024 748369 657117 997269 676697 517606 873273 508907 999999999 992810 441002 1022419 341831 331933 494048 849930 786233 536803 893489 405436 819210 551334 281459 681431 205318 857805 607207 370793 185278 672772 763552 683765 151257 866497 901041 653721 961917 767256 617404 403482 913884 526420 894132 755569 596586 863945 302893 588081 655442 224493 857240 572894 1136354 359100 313957 301368 235344 684067 684524 529694 187965 1010088 1226988 417412 885984 319719 1093899 1046018 1166260 573480 630353 770061 191252 716212 959268 600084 271261 908571 784518 654101 620792 184109 222971 1024513 856825 915985 290142 1079791
559936 845838 1066869 735829 339096 772304 594105 695147 727982 938266 1196443 282321 212519 510676 664044 402272 801446 905246 885848 489761 992810 999999999 627102 408310 992594 890538 510732 295005 682837 458794 520416 609718 745598 442560 794364 325718 799342 135607 387204 653896 807681 989316 1134822 338154 844315 739309 205629 1112777 113911 225558 556728 800590 284138 473871 865880 303437 967847 132297 761931 568890 372395 774734 706511 477323 446107 696575 764335 741811 931082 809987 564950 469247 907867 351916 588063 693217 233408 677441 384754 190103 638244 438351 864111 479094 803169 284905 194093 837513 849593 287464 445137 1020364 419960 851937 772555 483765 243662 187833 787956 375338
79616 847401 863296 429512 311512 687525 547601 538229 1011452 910423 1050447 788490 559311 622155 636494 784829 736713 686040 923796 270701 441002 627102 999999999 807628 628328 545782 285867 422275 752938 209362 754514 297140 812109 230056 178513 302969 239917 505046 267893 318346 290947 841487 977608 289249 298443 844093 488059 895950 566091 418895 524242 524874 484539 183244 928281 494237 778288 516997 392333 502913 404777 229551 820269 393860 909774 83080 407433 361640 514646 747220 596382 280793 461590 773653 1033745 435959 467998 169850 852912 738279 1013776 335801 740176 623838 268115 345269 544602 701925 463871 656256 617924 846263 209342 391809 239382 842217 439991 618610 170582 838353
728017 544340 838890 672287 632051 547035 435812 553013 322050 633622 916565 152235 614155 293199 448182 25149 552978 723144 555892 557128 1022419 408310 807628 999999999 882462 794047 557274 652769 389662 598277 187302 624335 432637 577571 926200 550205 877283 401175 545213 653176 852381 742979 869119 581897 900039 405273 581805 884918 512767 438598 416872 689535 666853 624462 526967 313802 751360 384282 727354 444569 405538 849491 376609 456635 114162 845964 720599 722750 871353 557518 368330 540392 874808 56417 226452 619318 604199 766729 88201 236124 236267 484223 633657 262876 862128 514513 591750 622484 792879 159928 240930 783445 651667 844227 839700 78126 600276 243698 923087 79592
611227 505302 299673 258815 831419 374777 448499 330186 871572 502443 487952 969168 1049472 589363 443942 858689 401638 207392 577265 528868 341831 992594 628328 882462 999999999 102378 501234 949738 552036 605584 714874 406370 562448 609324 538253 744630 421158 862190 657579 362097 353256 341688 421770 762345 374170 612729 970457 312423 1000888 783673 473822 198058 1011453 610947 604667 700100 266721 861652 253206 450278 620202 415932 613994 515438 993133 567437 243759 282378 121715 405560 514132 545947 181446 888889 1050310 299420 964843 459207 966560 981724 965428 560198 332895 620922 382088 764531 1025589 314184 167289 815065 647527 317138 730830 243888 401351 859479 936981 859655 544744 954350
521342 467353 333709 156530 732799 317103 358243 241858 809136 483102 526603 874217 947990 501226 367429 769811 353150 186458 544675 427779 331933 890538 545782 794047 102378 999999999 399822 850289 485902 506843 633268 306433 506528 509651 476828 643984 359095 759883 556860 262985 289972 346006 455639 662573 321384 556043 869097 358781 898596 681322 380217 104559 911544 513593 567735 599489 270755 759448 158026 355100 518189 348389 552599 413609 906184 491892 146251 188579 100203 359323 427047 444483 145280 797218 971222 197659 863967 376005 876489 883408 892397 457849 299517 531274 319316 663019 923958 271412 85211 718871 555995 333655 634205 185311 332538 776134 836287 760045 482291 863869
214745 575671 656529 244553 340996 426094 266134 285080 729123 647447 828426 575607 548243 338353 358537 532777 473492 475496 648735 29496 494048 510732 285867 557274 501234 399822 999999999 454192 468918 123898 475998 99544 529978 118439 370784 245187 323474 375507 158285 144587 310927 610878 756997 266691 354594 559733 469284 696703 503166 289497 239659 330403 513882 142612 649896 264228 560651 378764 255399 220547 162887 295859 535099 110245 667536 299621 260578 232570 424397 484182 310730 44726 397496 534182 777976 217824 464423 209470 617728 552201 743536 79704 494725 343441 314211 263298 524386 457657 345143 424019 342460 626120 256748 341541 288074 578602 437026 422217 368378 603167
381307 959490 1103507 697526 120934 841216 656362 721288 949748 1045368 1264625 557847 141649 635282 746513 639040 882202 924758 1017831 425045 849930 295005 422275 652769 949738 850289 454192 999999999 812250 344407 704992 543856 879455 340639 600780 210345 644684 251710 296091 587681 676433 1046821 1195513 187892 699697 889207 91704 1145576 189773 242578 618386 784519 64148 341955 1006933 408172 1005237 268522 697313 616344 403158 626200 857467 487992 717218 503966 705998 669595 858975 892388 660035 410936 819405 600051 859500 671604 63447 535617 653883 473550 888958 417199 923664 614295 662026 205826 133932 889569 786422 499535 587690 1067869 230392 752679 630089 718315 53553 409288 592789 641985
683663 164422 451618 422592 734426 179287 206377 267029 323425 257316 531801 522000 839818 178720 130821 371750 169430 360986 207032 489065 786233 682837 752938 389662 552036 485902 468918 812250 999999999 576781 202397 470969 67226 561957 798788 626197 708725 598696 566963 472627 658115 353967 480669 659811 706392 91284 777852 497062 751168 571414 229262 389715 853419 601517 194792 409012 369674 587448 489277 250166 416887 683899 72228 368940 483155 752088 475682 500795 581261 171923 161917 485510 606577 420097 509363 377974 789079 635742 477454 576255 415462 441805 252472 205790 679034 612852 813456 250672 518969 407474 238532 395325 691955 603764 669157 340018 771495 498012 799408 469213
129747 693884 778697 356637 225963 548367 380852 408909 811427 768404 952107 584714 453769 427802 474941 575469 595131 597267 764789 95749 536803 458794 209362 598277 605584 506843 123898 344407 576781 999999999 552177 201038 640481 20792 346669 147405 340556 325902 71711 243865 353091 734696 880542 158405 386752 666020 374567 818118 426239 234867 349948 447621 406806 27007 763570 285093 683592 334358 352919 335245 196544 316169 639155 207857 701053 255121 361833 325256 515574 605809 415231 92661 478746 564919 824385 337182 364656 218849 644948 542031 806260 137095 618506 424647 345887 179558 432175 581514 442054 447879 414913 749432 133352 414398 314725 633652 335872 417307 341570 630342
677027 359651 652124 529668 652230 363903 283024 392280 260083 450564 731403 323473 702776 146339 271995 169594 366643 543436 379463 485469 893489 520416 754514 187302 714874 633268 475998 704992 202397 552177 999999999 518277 248566 533143 842622 552128 774264 464561 517850 537134 737695 555757 682454 586581 786762 227836 652430 698010 606038 465373 276406 529433 734589 579130 354160 303402 566057 450117 591151 305748 359290 747035 196607 365925 285422 775615 581518 592759 718537 370816 210572 473836 730482 219804 338530 477518 669159 676937 275249 386939 274438 418848 448143 132859 752449 526629 677495 439228 644704 233081 137268 596434 639785 710281 734826 145419 657359 332953 841124 266826
244317 551821 585881 156009 426735 390478 265541 241090 759378 613289 766032 658752 644447 373126 346858 599312 439722 404543 629348 124405 405436 609718 297140 624335 406370 306433 99544 543856 470969 201038 518277 999999999 525215 203218 330261 338412 256472 474714 251511 45340 228399 551932 693524 356167 275717 561860 565183 623272 602217 389041 251892 249181 605208 210318 636017 350820 494207 477568 156776 225272 252088 229019 541548 168770 737221 282514 163308 133064 325182 450197 326753 143303 298183 607656 838065 144347 558735 165149 691652 642652 791815 173437 444955 386794 238046 360182 621100 406769 246802 503508 394051 561535 331337 244088 217480 635741 530729 512785 330130 677338
744482 111729 424927 462029 801379 189691 264570 306718 310881 202013 483941 571971 905872 245399 178615 417087 162329 361511 141049 551234 819210 745598 812109 432637 562448 506528 529978 879455 67226 640481 248566 525215 999999999 626169 849717 693044 755278 664500 632750 523031 701455 324243 438431 726566 748912 50293 844532 468543 816374 638499 291112 417032 920420 664816 127572 475707 353080 652959 528703 309684 483764 731341 60991 432725 517519 807535 514093 543128 604831 160537 227201 548646 635529 468350 526472 421365 855998 688791 518861 631624 423285 506489 241591 271232 723833 680012 879554 250054 548840 466406 303145 367634 757466 639359 716126 374899 838571 559538 850799 511951
150448 681950 774954 357482 224332 538888 368335 401750 792643 757784 946324 564225 445306 410396 462665 554802 585116 593850 751959 89139 551334 442560 230056 577571 609324 509651 118439 340639 561957 20792 533143 203218 626169 999999999 366433 137860 357093 308851 55909 247237 366904 728526 875073 153021 401955 650722 365931 815007 413771 217750 336402 446732 402131 47113 749974 264320 679050 316772 357626 322947 176480 332212 623457 193538 680263 275532 365714 330827 522307 595774 400153 81818 487323 544129 803716 335106 357429 234972 624166 522310 786136 120650 610973 406353 360902 166704 423071 574319 447296 427090 395882 744385 139423 424173 330077 613300 328972 397136 361461 609559
234678 862142 810027 407112 489179 695343 595025 549294 1088773 910145 1002607 928698 737564 699884 671364 902019 743988 646570 941996 369073 281459 794364 178513 926200 538253 476828 370784 600780 798788 346669 842622 330261 849717 366433 999999999 468756 117965 666643 416022 326706 187106 809219 930935 460224 166151 888936 665484 835430 740635 577055 582051 491003 662915 325879 953162 621281 738211 676878 349509 555520 522582 130356 870122 478403 1034557 98854 366412 324254 416851 753726 656943 386177 357643 899500 1148418 434477 646020 166169 981917 888692 1113155 442025 727398 709834 157731 509551 722416 690365 391852 785232 711938 804641 383944 295528 146821 949385 617798 763275 8788 967267
234224 764241 893546 489569 108898 636803 454480 512183 809638 846909 1056896 501455 307463 455902 547108 530713 679626 714483 827558 216497 681431 325718 302969 550205 744630 643984 245187 210345 626197 147405 552128 338412 693044 137860 468756 999999999 481298 202450 87133 383212 499095 838780 987174 34559 530524 709162 228079 935401 280505 120844 417686 574896 268812 155011 820237 250568 795547 215142 494304 412356 209313 458442 678936 281268 639571 370857 501667 468104 659955 690021 467584 201278 625122 506671 774096 461785 220343 361830 578594 441308 777082 208191 716732 441462 490179 42618 285253 681896 584216 390615 421007 858723 105366 561511 458536 601053 192351 330750 462280 564594
263379 758845 692550 300401 526110 591727 510532 449984 1010751 801794 885270 898358 773741 628549 578834 852447 639510 531291 839157 331037 205318 799342 239917 877283 421158 359095 323474 644684 708725 340556 774264 256472 755278 357093 117965 481298 999999999 665943 412152 239605 69172 694260 813793 481234 58611 797117 697329 717556 761412 574843 503402 378578 708606 327030 852594 586831 622350 673626 238581 475168 485436 27793 780822 420873 989009 161695 255338 216480 300185 648873 577265 350967 241572 856845 1093679 334441 681590 122281 940612 869574 1048128 401929 617162 643184 39796 518028 755490 580839 274289 747492 650296 688327 415956 177787 39859 891709 652487 740543 123924 926098
433822 756822 953235 604232 246341 665393 481777 574761 701127 847464 1093232 317133 241670 420557 560041 387346 699011 785856 805463 354203 857805 135607 505046 401175 862190 759883 375507 251710 598696 325902 464561 474714 664500 308851 666643 202450 665943 999999999 254204 519133 672585 881164 1028785 222194 709850 666181 188173 998421 154719 91103 443276 672869 271678 342673 789659 193923 853625 17070 627898 451539 243952 640929 633515 348891 470537 570101 630837 607154 797236 708252 463509 333727 772894 349019 611632 563447 206804 543776 407297 244840 637292 304523 755351 393274 668645 159905 215550 726146 716146 248630 362103 909454 304476 716468 638275 466888 199715 158202 660631 394638
190043 696400 810149 402491 185875 561264 383239 431064 777895 775973 976695 520710 393293 405413 477325 523414 605749 630224 763233 129425 607207 387204 267893 545213 657579 556860 158285 296091 566963 71711 517850 251511 632750 55909 416022 87133 412152 254204 999999999 296460 422813 758478 906298 109458 457673 653397 313934 851414 358380 163199 348342 488447 355608 90151 758626 232038 712803 262819 407737 339239 159199 387571 624631 206722 644026 322209 414815 381983 574193 616296 405556 114861 540912 508183 771633 375516 307277 290259 586108 473782 761304 130914 638055 396654 416667 111519 370388 602396 497733 390400 381733 776850 125491 478680 385735 586495 279438 351357 410570 571615
273883 540460 552034 117294 469828 375708 271361 226530 771147 596536 735331 694665 689571 390885 344663 628051 425018 371732 619377 169744 370793 653896 318346 653176 362097 262985 144587 587681 472627 243865 537134 45340 523031 247237 326706 383212 239605 519133 296460 999999999 201151 523839 662578 400255 249970 562423 610275 587981 647510 433988 264022 212885 649367 251175 628546 389563 462890 521654 111477 235617 292674 213381 544295 202634 766773 292187 118525 88079 279896 435234 337674 188580 254090 639399 862938 117859 603554 168308 723271 682044 811528 216383 422330 407865 215403 405450 666301 384105 201521 538372 418390 530682 372148 202712 199758 660160 575444 552512 327783 709117
299075 699008 623517 241156 556035 532280 465643 394795 966658 738473 816291 884793 799919 591359 527416 827317 579247 463671 779421 324343 185278 807681 290947 852381 353256 289972 310927 676433 658115 353091 737695 228399 701455 366904 187106 499095 69172 672585 422813 201151 999999999 626717 744915 503677 49177 744874 721935 648384 779158 582125 462827 313508 740580 344434 794331 574361 554274 678668 176401 433842 473434 63794 730341 397121 965482 219453 192686 158396 233042 588312 534942 345075 175551 836012 1063921 280457 708413 140817 920010 863039 1012132 390622 552920 608976 29379 532645 780139 517196 205286 730734 619330 619941 446043 109394 51639 861183 679198 733099 192910 905677
795955 223425 101307 413028 944106 217016 399674 327478 619176 177818 218221 869344 1109609 488098 325821 724182 193524 163049 270785 639657 672772 989316 841487 742979 341688 346006 610878 1046821 353967 734696 555757 551932 324243 728526 809219 838780 694260 881164 758478 523839 626717 999999999 148897 866870 663397 367873 1037185 144327 1035179 827494 438399 320428 1099824 751493 305055 689092 76201 874101 461432 433942 650805 678867 385232 558858 836658 805011 444689 489366 437598 187232 425263 647822 490195 770179 850490 407906 1041007 680475 831004 913584 744847 630594 125815 522725 655306 841649 1083323 157398 424759 739247 557066 44194 867567 528767 662398 693400 1017632 816912 813535 822369
936234 327611 123055 548214 1092073 363484 547871 475277 704820 248327 72840 1002205 1258255 629222 470812 852044 334056 291571 344675 786014 763552 1134822 977608 869119 421770 455639 756997 1195513 480669 880542 682454 693524 438431 875073 930935 987174 813793 1028785 906298 662578 744915 148897 999999999 1014959 776904 474438 1186017 115653 1183041 976198 586656 452767 1248687 896495 380756 836098 199690 1021387 589795 582746 799625 801199 497840 707613 955859 935691 573568 619290 534652 326134 569901 794856 592135 900752 954056 549205 1189902 812860 956229 1051667 842331 778991 274070 663279 774137 990452 1231944 306285 539662 878539 697856 132003 1013718 640793 784966 813329 1166518 959702 935980 948690
226078 796561 919537 509639 77532 666931 485750 539691 843892 878542 1085080 528400 296950 490150 578849 562792 710339 739681 860559 237410 683765 338154 289249 581897 762345 662573 266691 187892 659811 158405 586581 356167 726566 153021 460224 34559 481234 222194 109458 400255 503677 866870 1014959 999999999 532517 743167 218391 960865 281644 147598 449365 597091 249113 160258 853642 284684 822052 236235 510455 443042 243044 459601 713048 311190 669409 361538 518716 483273 673965 720788 500696 224034 636773 537402 804991 484419 206690 364328 607963 464818 809943 236820 745616 475947 492845 68217 276532 710366 599947 422071 455566 885857 82599 571655 460934 633957 177728 358450 453335 594104
318830 743914 654595 287534 580367 577626 514730 442197 1015696 780795 847512 929763 826904 640432 575621 875006 624051 500577 824310 366088 151257 844315 298443 900039 374170 321384 354594 699697 706392 386752 786762 275717 748912 401955 166151 530524 58611 709850 457673 249970 49177 663397 776904 532517 999999999 792737 749815 677047 811028 618961 511996 355133 763746 375548 839997 618717 589763 716654 221704 483017 517467 73516 778607 444111 1012920 220163 237480 205887 252457 632920 584109 386630 192795 882825 1112409 328486 734915 168694 966811 905759 1061199 434214 594630 657835 41258 565824 808047 559572 238887 776480 667833 654314 470060 136112 72064 909724 705740 776023 173409 952431
774452 147649 469061 506825 816578 239579 297634 350986 260942 230496 515372 549565 907824 254514 218322 391865 212461 411625 151759 579416 866497 739309 844093 405273 612729 556043 559733 889207 91284 666020 227836 561860 50293 650722 888936 709162 797117 666181 653397 562423 744874 367873 474438 743167 792737 999999999 849469 511726 815688 646933 320116 465284 927403 691062 127089 482065 400708 653716 573607 341422 500267 772674 32856 458415 483229 843252 559358 586854 654006 210358 250832 575292 683703 445146 483221 464422 862432 726435 489470 614694 377190 530225 290902 275386 766566 693351 881730 300257 596716 455324 304489 411729 778754 685736 757714 342372 846406 551813 889699 483645
436756 931635 1100826 713415 176567 825795 639697 717227 888191 1020319 1253227 476599 79397 599165 725446 570188 863653 925727 984830 441639 901041 205629 488059 581805 970457 869097 469284 91704 777852 374567 652430 565183 844532 365931 665484 228079 697329 188173 313934 610275 721935 1037185 1186017 218391 749815 849469 999999999 1144406 98070 210852 600965 794806 85050 378528 971027 368843 1001473 203431 721635 603275 386394 676588 817058 482240 638370 567033 728453 695872 887925 873454 633391 424615 853069 527390 781080 681656 28332 582175 575340 389175 817724 418489 912169 574520 710529 206200 58241 879999 811650 434840 545060 1061521 283141 788946 678554 651007 49290 338881 657913 564154
861050 365959 46688 470965 1036801 347092 518699 427237 760057 307385 176114 1007955 1219320 621715 456034 865557 332405 221272 404892 726166 653721 1112777 895950 884918 312423 358781 696703 1145576 497062 818118 698010 623272 468543 815007 835430 935401 717556 998421 851414 587981 648384 144327 115653 960865 677047 511726 1144406 999999999 1150645 937835 556387 375096 1201690 831518 440502 809864 144975 992768 503935 546903 760664 707155 529534 662175 980154 848010 488564 534434 429378 327445 554497 737396 488179 910275 994647 481230 1145693 728034 973071 1048151 888304 728988 255057 656688 677760 943262 1193407 276367 443969 873258 690501 101747 951266 541521 691259 836940 1120795 946215 840994 964091
507417 910549 1105774 742079 259511 819777 635557 725179 828045 1001543 1247774 394437 101448 573781 714723 504176 853704 936133 957423 478024 961917 113911 566091 512767 1000888 898596 503166 189773 751168 426239 606038 602217 816374 413771 740635 280505 761412 154719 358380 647510 779158 1035179 1183041 281644 811028 815688 98070 1150645 999999999 217774 596915 816531 171029 435505 940437 348626 1006097 164133 758564 603950 391504 738853 782876 494567 558027 641784 763435 735120 927399 862961 618200 458931 897539 456857 700418 704964 126369 642334 495971 303340 746060 440883 909373 545391 770667 247070 80667 879659 848258 377677 513262 1062853 357057 836633 739039 585902 143327 277170 733495 485895
345601 722337 893619 524886 193995 615178 429129 510900 716019 810286 1042940 381041 282182 393551 514630 420794 652803 721151 777830 266518 767256 225558 418895 438598 783673 681322 289497 242578 571414 234867 465373 389041 638499 217750 577055 120844 574843 91103 163199 433988 582125 827494 976198 147598 618961 646933 210852 937835 217774 999999999 390353 598798 282239 252141 765744 165621 794017 99902 544107 393649 177289 549863 615073 277853 522609 481246 548088 522036 713441 662603 423335 246436 686717 392003 659490 487203 218670 452688 460811 320988 670327 223475 702176 371804 577779 79627 255993 670595 633253 278868 345164 852849 226136 628731 547314 495178 200083 210854 571221 447065
454403 348070 510753 256855 526393 224836 38814 146640 507935 429233 652725 495375 671960 131011 129484 392167 263913 350456 415870 260164 617404 556728 524242 416872 473822 380217 239659 618386 229262 349948 276406 251892 291112 336402 582051 417686 503402 443276 348342 264022 462827 438399 586656 449365 511996 320116 600965 556387 596915 390353 999999999 276684 667520 373916 413650 253508 411412 436888 315850 29347 215842 476806 296069 143144 530408 527509 307191 316398 454500 274038 74901 257740 459444 417157 610462 203936 606597 416347 497248 512745 550335 218606 312663 155295 479052 412859 645583 282869 376260 342320 176540 466185 470861 434770 463605 408894 584735 397805 581725 484350
486261 393428 339598 96108 670863 231717 253763 137452 712920 425672 525601 771648 872670 396668 266592 665333 274322 161265 473293 359702 403482 800590 524874 689535 198058 104559 330403 784519 389715 447621 529433 249181 417032 446732 491003 574896 378578 672869 488447 212885 313508 320428 452767 597091 355133 465284 794806 375096 816531 598798 276684 999999999 843691 459008 492125 504198 253789 671077 141636 252445 429104 361056 458698 324008 801625 484839 124763 168960 192324 282263 322533 373672 218498 693246 867693 113268 792208 360811 772185 783774 790895 377252 239566 426816 340858 589081 847816 204535 132255 617125 451889 321727 579716 229442 344554 671861 765528 662385 494882 759636
445231 1004305 1159082 757966 184910 891647 705920 775924 972551 1091661 1317104 559999 93506 675172 794302 655195 931337 981375 1060000 484994 913884 284138 484539 666853 1011453 911544 513882 64148 853419 406806 734589 605208 920420 402131 662915 268812 708606 271678 355608 649367 740580 1099824 1248687 249113 763746 927403 85050 1201690 171029 282239 667520 843691 999999999 405264 1047477 445416 1060354 287391 759470 667311 451681 690258 895225 541370 722367 566642 767826 732051 921985 941364 704986 470089 882952 612403 865094 730542 65460 599764 659479 471247 902753 472705 975812 652029 726142 258644 96791 942429 848819 519371 623643 1122122 294538 816435 694211 735946 82847 423879 654833 648477
103726 716263 792834 366295 221706 568631 403978 427153 838315 789570 968359 608428 457206 454178 497760 601768 615850 611236 787900 116189 526420 473871 183244 624462 610947 513593 142612 341955 601517 27007 579130 210318 664816 47113 325879 155011 327030 342673 90151 251175 344434 751493 896495 160258 375548 691062 378528 831518 435505 252141 373916 459008 405264 999999999 787307 310993 698694 352024 357750 358271 223453 303690 664478 232656 726659 232395 367695 329092 517125 626538 440231 116183 477794 590525 850673 350308 366725 206864 670166 563637 833158 163292 636805 451400 335168 191009 436576 599514 445826 473269 441870 765023 121071 411894 303539 660407 337642 440134 320421 655580
863271 100436 403458 553245 928689 262489 383872 403905 324105 134262 410326 673887 1031277 372305 292026 515169 217803 397284 36183 672521 894132 865880 928281 526967 604667 567735 649896 1006933 194792 763570 354160 636017 127572 749974 953162 820237 852594 789659 758626 628546 794331 305055 380756 853642 839997 127089 971027 440502 940437 765744 413650 492125 1047477 787307 999999999 602380 358171 777675 618328 429584 611033 830239 159628 556483 596693 918135 602537 636757 667938 210099 353369 671211 706705 569378 577458 519172 982911 796480 608792 741078 463306 631134 272164 396751 818729 807551 1005045 296438 623447 582391 427585 348475 882881 721036 814438 459761 965777 678571 954958 604029
414685 564351 764143 449820 348829 472623 291259 392448 559295 654350 899882 311543 432171 230324 366401 291592 505291 601968 616009 256340 755569 303437 494237 313802 700100 599489 264228 408172 409012 285093 303402 350820 475707 264320 621281 250568 586831 193923 232038 389563 574361 689092 836098 284684 618717 482065 368843 809864 348626 165621 253508 504198 445416 310993 602380 999999999 664891 185457 487351 265610 101437 559400 450000 190698 416164 536306 486282 472980 652109 514460 269588 237207 638456 280097 540223 402468 380618 469140 361211 292568 530696 184968 563393 206685 578428 223268 405690 535437 569573 164076 179545 718677 344841 592106 552134 355184 364371 163644 617396 346560
