NAME : synthetic_000375
TYPE : CTSP-D
DIMENSION : 100
GROUPS : 8
RELAXATION_LEVEL : 1
EDGE_WEIGHT_TYPE : EXPLICIT
EDGE_WEIGHT_FORMAT : FULL_MATRIX
EDGE_WEIGHT_SECTION
999999999 430529 984858 528911 975239 160135 260762 481196 360778 376814 714114 610073 1016408 132809 420629 960854 771234 454736 422371 585802 979098 761582 582230 386715 336701 69439 472760 720460 466512 843658 1016373 806320 497563 355153 845059 726127 1054468 448828 974262 288421 246606 974540 367339 664131 380937 853965 435821 881343 699493 911431 225571 248948 582951 393860 400709 469748 921807 329386 653396 455089 600531 78643 622414 650646 553398 524144 864445 897367 228994 190246 459081 471002 205850 792436 235645 947023 566563 727645 444433 451058 251147 622762 428257 651009 703374 670919 372267 565927 620006 824579 426158 553938 148909 923884 171892 175155 295632 710912 192929 342052
430529 999999999 571355 488413 568957 294630 360369 749847 673924 187054 526586 379540 850378 297764 322079 545408 520444 133319 719438 239199 812620 510615 215972 399406 382985 364236 43986 496887 243121 573209 832456 376846 287995 373724 735013 317990 904835 553115 544543 142933 201970 552236 419418 436480 547282 423438 398775 460126 635693 558351 257514 301332 314534 194444 343182 73466 566625 332545 286836 457162 313571 464009 354820 626219 138176 417442 688324 696183 204522 557714 268197 317789 258874 476994 203613 541479 165545 749680 327981 732268 203724 198786 246721 260975 453234 240984 228545 723817 312956 397691 659334 161288 403785 515653 340625 256194 242621 549927 306630 351190
984858 571355 999999999 743030 41572 864225 819243 1157099 1129465 725481 572010 510826 739380 854850 831536 27910 468985 533119 1154529 588437 716446 468130 409032 768432 789928 915572 527505 513281 720495 438006 699859 292564 561695 913375 758197 258743 799231 898796 163916 709658 738567 65738 958207 507335 942308 236352 908095 119157 770788 241881 771626 781742 478063 722717 703729 517612 235759 751006 347244 774213 452229 999300 463844 811942 499506 660837 638670 601300 771230 1067656 588636 797339 785389 344899 749330 55682 514731 929477 824905 1152916 734835 435757 750398 504873 470619 371282 647139 1046714 422652 194773 1062377 430919 913509 65605 851561 818408 803659 615027 817836 894305
528911 488413 743030 999999999 713463 541606 269124 432013 445408 626925 231637 232267 491091 474224 754302 730422 330344 368055 448282 725547 454851 324123 405829 143026 192666 481649 492683 269665 713078 402674 495757 735830 223775 755298 316161 542569 526187 170369 822093 472037 396945 769034 791434 244856 240706 749127 815074 690890 173811 557737 355695 299974 276736 642598 158231 442913 568906 213440 426165 75621 301641 482575 280591 141733 602373 86988 349265 391700 485486 473724 226540 773210 379783 420484 416570 689154 637884 261289 769607 436287 386539 630262 700904 727379 288986 629574 266517 303708 331069 677806 344133 440693 382852 678740 362618 480098 619294 208638 355348 732520
975239 568957 41572 713463 999999999 859417 800942 1131482 1107629 729598 536319 481803 697965 846566 840065 55995 431851 521294 1130922 602820 675229 431426 395108 744887 768415 905819 525494 477887 730144 398409 658369 315839 539036 919066 719077 251880 757758 871731 202826 704614 728634 104803 964287 474949 917759 262881 917403 134970 735274 201065 758834 765798 453178 727885 681164 511549 194640 731070 329387 747446 427562 986533 436139 777986 506465 632587 598718 560674 765733 1051340 567655 808169 773644 308875 740330 28234 524325 894053 834567 1128261 724369 445812 758372 521732 436848 381667 630148 1016847 398448 210520 1037185 422390 898450 53524 837322 811447 805118 579217 804065 899375
160135 294630 864225 541606 859417 999999999 287360 607119 497171 216679 684423 558271 1004691 73335 273802 838748 720206 354336 555728 426465 966357 710119 478727 402717 357723 117656 338550 677595 307445 787406 997875 661895 442605 230943 849518 607545 1049728 510950 836838 154803 162391 846817 258328 616842 461690 712970 305892 754520 715026 822404 186556 242583 515279 233771 389368 347998 831980 328213 552734 476700 527382 223689 557814 678188 404532 510941 844932 869360 94355 337626 405400 319265 162042 716868 142857 831535 413759 775960 296613 580128 171894 475637 270382 494483 649729 528584 317311 656304 540696 692103 536873 438875 228795 806594 199659 64191 138137 690951 191837 211836
260762 360369 819243 269124 800942 287360 999999999 389484 322062 428700 458910 372231 755711 215186 535820 799105 526852 303378 361852 587437 718482 517754 413426 126259 76467 213039 387733 471943 525456 601358 756276 709880 271996 514650 585117 570636 793835 226581 847701 272033 181974 824104 545160 420272 193949 743679 583976 733187 441540 699262 121185 61221 362976 446862 147084 356391 710292 77129 472120 197066 385484 223656 396074 397277 497996 266144 604932 639774 257303 254160 237368 567766 137918 569055 195376 773208 525713 489076 555222 372541 174257 551856 501497 621058 462963 578775 173326 384752 410955 692859 299580 410534 120503 754344 94311 232948 392387 452407 95770 493629
481196 749847 1157099 432013 1131482 607119 389484 999999999 128000 797159 658368 653281 838842 539854 880527 1141143 761590 681943 68595 973466 810608 755733 773735 391933 382328 491730 776532 701092 895168 832453 859090 1090127 598096 830561 651339 928530 850584 262997 1212075 650644 562535 1174047 847145 675391 216849 1118338 909548 1088185 513522 987970 500595 449023 679037 815768 458991 742272 999211 430526 817777 384956 704880 402553 696058 446096 887433 502783 738444 789923 619425 298405 576783 922926 508628 850286 571073 1105555 915116 430079 902901 33385 556791 939920 864922 1010403 720216 962871 546509 187054 734533 1059189 95572 784633 381189 1091613 429646 577038 739785 627662 457227 814575
360778 673924 1129465 445408 1107629 497171 322062 128000 999999999 697871 676992 643469 898570 434414 770709 1111092 771934 625245 62419 885654 867103 764779 730596 364758 339543 379768 705368 711469 795049 845866 913696 1031789 568621 714326 710026 887916 917839 280114 1167894 560583 476809 1139466 728106 675808 204889 1065621 794334 1050122 563128 982186 417194 375315 656240 716389 426576 677400 993474 380636 783448 382409 681299 282679 680313 497021 811987 499880 780729 828698 521796 173185 540879 816056 420226 845478 481900 1080601 836573 511011 793712 95007 472784 869981 762172 930723 721361 899939 492785 280069 709744 1013243 126465 731951 280709 1063950 337789 474895 633295 652662 369548 699642
376814 187054 725481 626925 729598 216679 428700 797159 697871 999999999 702466 557736 1028767 265326 136887 698169 704921 311592 752864 212705 990623 694974 402473 510563 478698 328127 220886 677691 98063 759618 1013087 482317 455359 191290 901671 486293 1081391 650473 666990 159386 247608 695433 237139 616269 621810 539254 212025 608201 788791 740724 307532 368934 496268 18610 469983 260513 748473 433731 471785 579522 497818 437019 537862 768565 228526 569112 865959 877456 177746 548493 427724 146294 293250 663923 233333 703403 223741 884083 146615 773364 256360 298455 74478 288917 636531 360355 361737 813343 499118 537133 716889 345639 418004 676188 367920 223137 91182 721633 343173 170378
714114 526586 572010 231637 536319 684423 458910 658368 676992 702466 999999999 147531 326830 629031 838972 565880 109839 393737 678938 735049 288501 107304 353919 342675 389356 655766 510986 59036 769659 174817 314872 646900 249564 866068 221943 434875 378989 400642 683691 571414 523043 611874 907978 96121 472176 641753 910537 550377 198965 354034 504766 466132 216075 714056 313692 459422 364467 385346 331120 298308 225787 682502 183177 246134 598582 193684 163961 185217 606620 692944 282853 842611 529315 227446 543235 516329 635390 357750 848751 665234 513110 599749 770095 708470 108956 575403 367803 508430 241832 561053 573830 410418 579385 513160 542251 620260 723927 43086 523669 842369
610073 379540 510826 232267 481803 558271 372231 653281 643469 557736 147531 999999999 471378 510049 694552 498191 162662 247234 658910 588843 433417 152711 213101 280594 316577 546411 363466 121555 622660 233643 455499 527083 115812 726477 364113 321645 525313 391344 594189 433674 395959 537377 769443 59577 444281 531560 767415 461583 299008 338722 388989 362731 70013 568694 228165 311898 350012 295107 207320 268395 85481 591154 50671 320008 453005 151149 308920 320484 474481 623133 153813 696345 412271 202346 415429 457153 489933 447400 703522 652701 386720 458822 624130 566199 93370 440624 243043 535974 109620 455557 560522 266278 489533 446473 441804 494913 584504 175719 417208 702787
1016408 850378 739380 491091 697965 1004691 755711 838842 898570 1028767 326830 471378 999999999 945080 1165439 745149 343431 718585 880680 1047078 38474 351795 661648 630378 680324 963963 831449 354155 1093329 324189 43045 906239 576257 1192495 188670 699731 61323 625241 887593 897668 845291 796820 1234051 413903 707999 884741 1237329 766176 336915 498937 820865 775160 536160 1039989 620509 781022 504050 689500 620088 566673 540253 973449 497547 401746 909879 496088 162907 160223 930701 960105 608639 1167648 845713 444224 865651 689148 945896 419189 1174795 856796 835115 899887 1095504 1009577 401835 864357 691103 655733 548566 802406 776712 721647 872789 698710 846261 940587 1050410 314047 832919 1168808
132809 297764 854850 474224 846566 73335 215186 539854 434414 265326 629031 510049 945080 999999999 341341 830445 672710 328944 491214 465450 906932 662745 456390 333494 287183 67934 339954 626749 361380 742327 940197 673894 394498 304076 785346 596190 988348 437760 841499 156132 121469 842933 331539 567284 388634 721200 378041 749815 648010 792989 124458 174257 473549 283609 325766 338196 803028 261104 529012 407262 488358 175303 515032 608901 422577 449327 787085 814240 98919 283763 356246 383160 99753 680153 106837 818405 437652 704232 363344 513971 128367 491153 327774 524937 602895 538343 267012 583365 504850 692143 466636 424311 159038 794700 126329 44812 199972 632555 120473 284571
420629 322079 831536 754302 840065 273802 535820 880527 770709 136887 838972 694552 1165439 341341 999999999 803748 841489 448461 829513 261570 1127259 831567 535553 630733 594261 390942 352447 814578 112595 895287 1149949 566306 591166 100728 1036075 605714 1217791 761931 753619 282274 362502 794755 136460 753140 723791 626373 78773 712561 919626 867923 416735 479515 633114 127636 596212 395372 875134 552908 602780 702128 634363 493023 674617 895970 333911 700914 1002591 1014342 278841 607794 562449 57161 397946 797327 344913 815104 316895 1007748 24051 853837 372378 395897 82156 350878 773288 460344 492315 918216 634955 638280 807799 477114 500352 787326 461377 308254 143937 857460 443260 95169
960854 545408 27910 730422 55995 838748 799105 1141143 1111092 698169 565880 498191 745149 830445 803748 999999999 465029 510330 1137235 560558 721072 463577 387434 751373 771595 891647 501500 506922 692651 438322 706299 265707 544381 885829 756991 234929 805435 884047 148057 684327 714814 51806 930614 497727 925750 210374 880256 91277 764135 246245 748963 760469 462414 695266 686127 492764 241241 731809 327843 759362 436513 976492 450297 803441 471913 647269 639368 603833 745995 1046380 570256 769447 762293 339970 725235 56047 486916 922566 797054 1136306 711284 407932 722658 477129 462539 343458 626516 1034092 406727 166867 1046178 407057 891733 52807 829459 793592 776756 608964 795553 866834
771234 520444 468985 330344 431851 720206 526852 761590 771934 704921 109839 162662 343431 672710 841489 465029 999999999 394168 778271 705043 308477 10146 320394 421913 464227 708383 496489 60710 760705 75152 318460 574767 278340 880740 296568 363475 402783 500709 590352 591224 558082 512882 924611 107228 567452 561737 916609 458870 306253 244777 551437 522850 210478 714122 379966 448329 255053 450202 276777 389622 207127 748827 167788 355877 568057 274464 194768 183343 634919 772154 316467 837656 574843 125443 577362 413450 603689 464568 848333 766611 548977 556458 767149 666153 70639 522063 405701 616763 209414 479364 674472 381111 646232 412803 601579 657102 739611 150726 578320 857157
454736 133319 533119 368055 521294 354336 303378 681943 625245 311592 393737 247234 718585 328944 448461 510330 394168 999999999 662225 360035 680650 384144 127616 302684 300343 385314 126162 366261 376038 452148 701859 408503 156322 487548 601897 275993 772409 457824 545709 206779 208573 529374 531997 305101 468588 440378 522721 436721 506274 468068 238641 255655 184703 321873 238416 74996 477655 251422 200150 348495 187724 466201 226591 501519 234354 291147 556141 566003 260932 539344 141961 449116 252435 367258 222133 493060 269855 627598 456679 669244 203591 268118 376930 359945 325186 281838 135443 628336 193412 390941 587537 107852 383164 470704 319988 298433 347714 416610 285691 464096
422371 719438 1154529 448282 1130922 555728 361852 68595 62419 752864 678938 658910 880680 491214 829513 1137235 778271 662225 999999999 936438 850806 771717 761850 386135 367996 438794 748933 717562 850469 850953 898472 1070440 592900 775060 692155 918447 896073 278304 1200494 611681 525826 1167712 789574 686533 214635 1101863 854817 1079809 549170 996805 464932 418497 677848 771441 451163 718166 1008094 412941 810853 392212 703381 344023 698722 481946 857598 511122 771396 821264 575822 235547 567982 873904 470118 859299 532380 1104357 883519 480749 852325 35382 521056 913367 818520 978275 731930 940373 527776 241251 732500 1046408 106295 767499 334860 1088924 388677 530552 690836 651380 418848 759996
585802 239199 588437 725547 602820 426465 587437 973466 885654 212705 735049 588843 1047078 465450 261570 560558 705043 360035 936438 999999999 1010797 696156 385447 637946 618795 531793 233890 695464 151487 742515 1023501 309112 515351 358062 952555 395210 1104889 790583 495549 325076 411122 544975 397620 639913 779259 369956 330850 469846 865676 668053 472891 526439 519219 198291 582377 285518 673197 568868 433327 696344 510033 640551 553080 861224 137220 651033 889520 887875 368614 748104 501434 216295 466324 629298 404092 580303 101391 986385 248612 953014 416676 164706 191691 89709 645598 224477 467726 960607 498819 393785 886431 325907 605873 552287 548088 420931 302850 764373 517648 345223
979098 812620 716446 454851 675229 966357 718482 810608 867103 990623 288501 433417 38474 906932 1127259 721072 308477 680650 850806 1010797 999999999 316557 625358 593394 643287 926256 794092 316870 1055635 293857 49691 875131 537864 1154052 159287 667314 94348 592138 861940 859218 806868 772555 1195588 376210 674609 855172 1199033 738674 304270 474970 782675 737288 498592 1001923 582585 743510 480697 651788 585247 530471 503139 936860 460330 370105 873578 458101 124668 126417 892238 925208 570181 1129751 807519 413007 827225 665218 909710 396104 1136713 827687 796698 864726 1057537 974450 365257 830243 652642 629038 512060 772651 746233 685142 835922 673625 808719 902243 1011974 275622 795077 1130367
761582 510615 468130 324123 431426 710119 517754 755733 764779 694974 107304 152711 351795 662745 831567 463577 10146 384144 771717 696156 316557 999999999 311279 413597 455571 698614 486871 54717 751040 83750 327381 568875 268336 870646 300479 357218 410898 494434 587385 581081 548013 511013 914504 97782 560451 556748 906633 455473 305163 246731 541572 513288 200372 704224 370955 438579 257184 441029 268768 382386 197215 739535 157714 353378 559112 266630 201473 191890 624784 763569 306499 827902 564943 123613 567278 412517 594826 463748 838473 760400 538921 548193 757329 657910 60504 514443 395733 612437 199926 474509 668173 371916 637007 411186 592065 647036 729498 149124 568659 847061
582230 215972 409032 405829 395108 478727 413426 773735 730596 402473 353919 213101 661648 456390 535553 387434 320394 127616 761850 385447 625358 311279 999999999 382631 393889 512828 183231 310790 445734 364121 638603 330322 184869 589502 574951 157426 719482 530261 438784 326942 336188 410706 635095 257826 556992 348305 613244 319921 508789 346514 363739 373057 144166 408481 315218 143311 355504 350023 74168 409407 128735 591425 170775 520850 248235 319521 504503 502660 384535 658951 197974 524746 378940 261776 349554 366905 284377 649806 539270 764831 331123 246187 457070 354564 260236 229160 240146 695002 113649 285457 678191 61006 504479 345474 442646 424826 455413 387076 409127 566799
386715 399406 768432 143026 744887 402717 126259 391933 364758 510563 342675 280594 630378 333494 630733 751373 421913 302684 386135 637946 593394 413597 382631 999999999 50023 338631 414809 363695 602511 497062 632136 704951 207030 622540 458868 536644 667753 155512 820328 351578 268361 782868 656554 319025 175174 729423 686539 696357 316172 618638 219561 160150 292106 527534 67432 371648 629904 77882 426167 73997 317476 344326 315637 275527 528467 149554 481902 519175 354898 351170 185000 655419 242512 482914 286648 718251 561058 377854 647907 385196 258384 569986 585021 655203 364013 583427 172431 326586 346439 667946 296394 398551 242603 702828 219598 343017 491067 331548 213575 600359
336701 382985 789928 192666 768415 357723 76467 382328 339543 478698 389356 316577 680324 287183 594261 771595 464227 300343 367996 618795 643287 455571 393889 50023 999999999 289322 403215 407195 572894 539293 681792 707944 229878 580933 508715 550478 717770 173209 832621 319355 232447 800583 613584 359419 168359 736218 647160 712050 365196 651670 178633 116716 319160 496207 89473 364145 662871 50599 444107 121075 343604 295087 347086 322223 516549 195673 531197 567666 316185 308068 201346 621848 200119 517754 249383 741269 547441 418992 612348 371497 223027 563188 552836 642537 403657 582044 165116 341884 371392 678764 287445 402312 192924 724424 170359 299747 452713 380000 166735 559175
69439 364236 915572 481649 905819 117656 213039 491730 379768 328127 655766 546411 963963 67934 390942 891647 708383 385314 438794 531793 926256 698614 512828 338631 289322 999999999 405841 659103 422222 780015 961998 740848 432655 339802 797050 656861 1004208 420766 906813 223596 177187 905735 360254 601608 361554 787446 418026 812515 654517 843201 158717 189869 516554 346042 344344 401093 853511 274469 584121 410103 533470 109063 556633 609724 490395 468821 809345 840133 166804 221006 394085 436920 137713 725575 166619 877601 505579 695533 413963 463987 181722 558727 386548 592593 639780 605129 306183 553570 552278 756462 425472 484662 121602 854501 119032 112542 255207 655050 132124 323066
472760 43986 527505 492683 525494 338550 387733 776532 705368 220886 510986 363466 831449 339954 352447 501500 496489 126162 748933 233890 794092 486871 183231 414809 403215 405841 999999999 477294 264345 545566 811699 336765 281963 410617 724125 275007 887146 569974 501660 186182 239295 508282 456486 418331 569970 381658 430376 416141 632231 520327 291626 330565 295813 225764 354804 52360 528285 352635 250996 467822 291542 503860 333970 627436 113695 417168 670500 675212 247967 594834 267653 342324 295340 444942 242909 498104 146780 753028 356066 760268 239910 164619 273895 240394 431208 200899 242378 741126 287266 354001 684610 124910 439595 472133 375788 299044 283285 537092 341265 388581
720460 496887 513281 269665 477887 677595 471943 701092 711469 677691 59036 121555 354155 626749 814578 506922 60710 366261 717562 695464 316870 54717 310790 363695 407195 659103 477294 999999999 739539 134591 335676 592306 235422 847959 273318 379888 410303 440023 624951 555200 515218 552841 890984 61997 506894 585214 888069 491760 257510 298799 503891 471534 182355 688131 324865 426962 309488 395918 280290 329285 186339 694922 143465 302011 558339 215195 194128 199764 595253 714600 272197 814566 527831 169175 534965 457608 594799 416237 822925 705946 505726 554455 742851 663878 53535 526402 360709 558196 197162 504038 613784 369564 591971 454187 549646 613865 706024 102104 527937 824274
466512 243121 720495 713078 730144 307445 525456 895168 795049 98063 769659 622660 1093329 361380 112595 692651 760705 376038 850469 151487 1055635 751040 445734 602511 572894 422222 264345 739539 999999999 809468 1074832 453757 528151 206653 976171 500653 1147945 745463 641075 254191 343717 682663 247039 679437 718969 513782 187613 601390 870251 767396 404449 465217 557237 79475 558144 312868 774061 526645 508545 669681 554929 530448 596843 854094 226011 650256 931406 938420 275790 643184 504332 80621 390886 705803 330334 705631 205905 972448 104452 871244 352051 284773 42152 239727 694780 349235 446568 909716 551595 526690 814904 385373 515643 677738 465984 320159 171240 792346 441056 193876
843658 573209 438006 402674 398409 787406 601358 832453 845866 759618 174817 233643 324189 742327 895287 438322 75152 452148 850953 742515 293857 83750 364121 497062 539293 780015 545566 134591 809468 999999999 292028 582069 348066 939655 321064 377079 385427 572903 573444 653915 625940 488589 984143 181126 641165 561325 971641 446814 360195 200020 622317 595846 272996 767651 454643 500014 208707 524553 309202 463829 264850 822828 230052 415609 606998 349416 201055 169468 700207 847261 386549 887889 645343 120460 644828 383848 641373 515473 900711 838445 617131 587351 818845 696079 140290 546347 475592 682714 260520 478794 746584 424987 720432 388111 674774 724907 799676 210710 650753 916229
1016373 832456 699859 495757 658369 997875 756276 859090 913696 1013087 314872 455499 43045 940197 1149949 706299 318460 701859 898472 1023501 49691 327381 638603 632136 681792 961998 811699 335676 1074832 292028 999999999 873483 563933 1180363 208112 668977 99485 637459 849691 885984 837212 758047 1222563 396828 719544 850252 1222887 729830 350569 460340 815750 772429 517952 1023723 617700 762012 465060 687824 593665 571289 520170 976301 478002 417035 886488 493178 153113 136488 921386 967990 597715 1150196 840524 412487 857483 650258 922149 445781 1158537 875768 827175 873701 1078527 983210 380571 836131 682222 678106 526442 768193 793577 699108 874699 660567 845275 933686 1038206 307670 830296 1156658
806320 376846 292564 735830 315839 661895 709880 1090127 1031789 482317 646900 527083 906239 673894 566306 265707 574767 408503 1070440 309112 875131 568875 330322 704951 707944 740848 336765 592306 453757 582069 873483 999999999 514902 657430 865388 212462 967436 856828 187318 517903 575840 240717 699856 555781 875557 60954 638789 182345 825537 440788 625761 657584 465092 474730 638036 355466 441798 659689 320128 738273 443284 840519 477592 845372 258750 649193 769118 749137 577964 930619 524124 524747 631323 462156 579621 299045 258598 973739 555752 1077745 575977 186942 489303 220621 539064 135935 543761 1023827 417463 113864 995389 306463 774513 272817 710344 631246 570149 686623 675503 641341
497563 287995 561695 223775 539036 442605 271996 598096 568621 455359 249564 115812 576257 394498 591166 544381 278340 156322 592900 515351 537864 268336 184869 207030 229878 432655 281963 235422 528151 348066 563933 514902 999999999 616540 448034 332612 627169 347503 616425 322055 280241 576032 658630 174275 381824 532546 661632 490371 350337 427286 274436 253265 91003 467890 142147 229902 438304 196866 219787 225071 114255 483655 125957 349344 385713 140104 413483 431143 359940 526114 38574 597986 297295 298742 299809 512105 422174 477220 601966 592170 270946 408006 524956 508196 208398 405813 127553 510396 141533 466166 502741 216950 384165 496096 332192 379148 474388 266309 305429 592838
355153 373724 913375 755298 919066 230943 514650 830561 714326 191290 866068 726477 1192495 304076 100728 885829 880740 487548 775060 358062 1154052 870646 589502 622540 580933 339802 410617 847959 206653 939655 1180363 657430 616540 999999999 1051463 677440 1242095 740263 844474 294873 358561 880246 45902 785970 692631 716646 80964 795178 925879 930943 403063 464219 670292 191260 597988 446264 938880 545346 660463 696056 675199 431977 712973 895382 413955 711851 1029900 1046625 269895 545377 583947 156798 380832 849329 338763 893211 402299 999713 121104 801945 369012 480509 168370 446280 810901 544283 504820 887232 679936 722447 765015 534537 457986 865797 430128 281838 142159 880029 419014 23706
845059 735013 758197 316161 719077 849518 585117 651339 710026 901671 221943 364113 188670 785346 1036075 756991 296568 601897 692155 952555 159287 300479 574951 458868 508715 797050 724125 273318 976171 321064 208112 865388 448034 1051463 999999999 652927 212585 438328 886363 758501 695594 806236 1090655 317762 521391 856351 1103617 755366 150652 520936 663138 611906 434080 914919 460200 671879 529321 524921 552513 390387 446305 796933 404287 213627 817069 340117 127744 179564 783543 776430 473947 1045541 687864 420901 715921 703466 854012 241518 1048133 668634 685162 821081 972410 929398 326798 797328 546908 470010 463623 774425 588050 630132 698513 705647 678128 786290 910964 188401 668708 1028036
726127 317990 258743 542569 251880 607545 570636 928530 887916 486293 434875 321645 699731 596190 605714 234929 363475 275993 918447 395210 667314 357218 157426 536644 550478 656861 275007 379888 500653 377079 668977 212462 332612 677440 652927 999999999 760585 680026 283903 452745 479930 254053 723181 345159 711688 210030 684314 162553 617308 272872 514556 528716 266015 486734 469549 259782 278014 507291 116432 556763 241779 741856 271138 641653 275207 455740 558197 540922 513934 814149 351757 580954 527491 256723 490588 224065 301393 768780 603425 920610 476356 230637 523596 331824 326723 176970 397311 840517 213432 135239 832964 172200 658611 199117 595803 560184 557114 475086 561632 656655
1054468 904835 799231 526187 757758 1049728 793835 850584 917839 1081391 378989 525313 61323 988348 1217791 805435 402783 772409 896073 1104889 94348 410898 719482 667753 717770 1004208 887146 410303 1147945 385427 99485 967436 627169 1242095 212585 760585 999999999 649891 948339 947262 891817 857152 1283059 468886 733059 946064 1288799 827343 363156 559327 864647 816694 591405 1093044 662727 836303 564226 730260 679560 601220 596641 1008356 553729 424525 967669 539140 216666 220208 978179 988959 658307 1221468 889506 505355 912215 749405 1003855 423531 1227727 870470 881538 959073 1149035 1068797 459292 924391 738754 664985 606088 863725 793931 779136 909037 759342 885760 985821 1100225 362068 874171 1218448
448828 553115 898796 170369 871731 510950 226581 262997 280114 650473 400642 391344 625241 437760 761931 884047 500709 457824 278304 790583 592138 494434 530261 155512 173209 420766 569974 440023 745463 572903 637459 856828 347503 740263 438328 680026 649891 999999999 963669 491454 403083 919255 769273 412435 83182 878523 810459 836169 288348 724976 345477 282807 421987 668207 219959 527159 736216 222037 565993 124697 447886 384934 435596 225412 683667 240344 501138 548638 483114 342481 333009 792202 364082 587299 418732 846315 715910 279557 780951 265985 394135 725424 724273 810329 457353 737664 327697 171159 477804 813623 173764 551173 302201 833596 311687 459108 618784 373832 321504 719593
974262 544543 163916 822093 202826 836838 847701 1212075 1167894 666990 683691 594189 887593 841499 753619 148057 590352 545709 1200494 495549 861940 587385 438784 820328 832621 906813 501660 624951 641075 573444 849691 187318 616425 844474 886363 283903 948339 963669 999999999 687473 734942 98278 887081 605379 995231 127960 825844 133724 878134 389711 778584 801334 545859 660273 753112 508371 385862 788012 398035 840040 520593 1001260 543841 910741 440085 735923 773614 741740 748932 1083269 635343 711612 787723 465466 741635 202694 443973 1034528 742912 1203586 733470 368843 676482 406310 576115 309708 675227 1122636 491036 154859 1116503 437868 926461 189243 862438 800653 753249 726417 827584 828096
288421 142933 709658 472037 704614 154803 272033 650644 560583 159386 571414 433674 897668 156132 282274 684327 591224 206779 611681 325076 859218 581081 326942 351578 319355 223596 186182 555200 254191 653915 885984 517903 322055 294873 758501 452745 947262 491454 687473 999999999 90093 693471 336584 493251 465944 565919 345598 600843 638039 672756 151932 211347 381389 176857 314010 193245 682008 274472 401108 421421 389552 327301 424422 613724 267198 420471 735150 752894 61903 428111 289076 303869 142044 573830 79578 676733 284474 726703 297828 629105 97976 335131 233687 374970 520765 382535 211844 655661 398862 540100 566267 284533 281233 651806 223085 113482 152999 585209 193482 271206
246606 201970 738567 396945 728634 162391 181974 562535 476809 247608 523043 395959 845291 121469 362502 714814 558082 208573 525826 411122 806868 548013 336188 268361 232447 177187 239295 515218 343717 625940 837212 575840 280241 358561 695594 479930 891817 403083 734942 90093 999999999 729929 395866 454458 375858 618800 418995 636698 567386 671533 62200 121501 354864 265546 239427 226758 681562 190487 408227 340441 368490 266345 396989 537594 338004 355490 684548 707678 88678 355848 243021 389494 57229 559756 20401 700417 360506 645926 380115 541898 10472 400755 321205 454089 487696 440110 155321 566010 384038 582830 476960 307757 202104 677335 139851 99031 223156 531246 107270 335653
974540 552236 65738 769034 104803 846817 824104 1174047 1139466 695433 611874 537377 796820 842933 794755 51806 512882 529374 1167712 544975 772555 511013 410706 782868 800583 905735 508282 552841 682663 488589 758047 240717 576032 880246 806236 254053 857152 919255 98278 693471 729929 999999999 924387 540543 957846 181418 869981 93236 809395 297885 767444 782768 497330 691171 716764 504824 293001 759086 356883 794619 471459 994054 488443 846858 467201 684712 689628 654803 755366 1068139 599749 757557 779412 387496 739127 107835 478474 967442 786598 1168055 727083 399817 714738 458762 507019 335991 650851 1072283 441518 158309 1078755 423414 912408 100627 849362 804577 777079 654943 815022 862120
367339 419418 958207 791434 964287 258328 545160 847145 728106 237139 907978 769443 1234051 331539 136460 930614 924611 531997 789574 397620 1195588 914504 635095 656554 613584 360254 456486 890984 247039 984143 1222563 699856 658630 45902 1090655 723181 1283059 769273 887081 336584 395866 924387 999999999 828988 718257 759404 88493 839842 963005 976809 437105 497120 714133 236740 634936 491818 984759 579985 706206 730377 719508 445552 756911 930695 458703 750664 1071652 1089262 307369 556908 625421 188799 414088 894636 375760 938525 446069 1032556 153126 817671 406338 524570 210632 486588 854613 588548 544802 912142 724712 766794 785312 580326 480705 911064 457805 313856 185072 921039 449407 68321
664131 436480 507335 244856 474949 616842 420272 675391 675808 616269 96121 59577 413903 567284 753140 497727 107228 305101 686533 639913 376210 97782 257826 319025 359419 601608 418331 61997 679437 181126 396828 555781 174275 785970 317762 345159 468886 412435 605379 493251 454458 540543 828988 999999999 473022 554217 826378 471678 273764 312941 445206 415645 122528 626924 273727 367421 324133 343430 237318 294490 130017 641785 87172 306394 503177 175980 252220 261353 533743 667465 211616 753897 468855 175641 474074 452245 539908 429157 761749 677560 445086 503632 681954 612361 45553 479975 300586 544650 145862 475078 585042 314709 539319 445076 494352 553285 644028 131824 471246 762284
380937 547282 942308 240706 917759 461690 193949 216849 204889 621810 472176 444281 707999 388634 723791 925750 567452 468588 214635 779259 674609 560451 556992 175174 168359 361554 569970 506894 718969 641165 719544 875557 381824 692631 521391 711688 733059 83182 995231 465944 375858 957846 718257 473022 999999999 902371 766249 871529 371218 782343 314542 254981 464610 640097 242143 532193 793635 218257 601275 178597 490312 312132 484331 308593 682757 297176 581204 627468 447690 260615 359937 758705 328969 644938 388637 891453 712621 355791 744170 210608 368206 731102 693955 807988 518529 750362 333469 194869 519715 842447 121278 569389 240093 876734 263419 416100 579857 448632 280927 673185
853965 423438 236352 749127 262881 712970 743679 1118338 1065621 539254 641753 531560 884741 721200 626373 210374 561737 440378 1101863 369956 855172 556748 348305 729423 736218 787446 381658 585214 513782 561325 850252 60954 532546 716646 856351 210030 946064 878523 127960 565919 618800 181418 759404 554217 902371 999999999 699284 134259 827077 405375 665931 693781 473974 532371 662051 394334 405074 689276 325039 757515 450515 884777 481120 851541 313087 662140 754151 730254 626824 971345 545791 585384 673162 443482 623994 248817 316049 978798 616159 1107484 618172 241518 548775 281573 532885 184399 574090 1042940 422830 82676 1023079 334376 814657 224191 750410 679390 625983 682835 715475 700170
435821 398775 908095 815074 917403 305892 583976 909548 794334 212025 910537 767415 1237329 378041 78773 880256 916609 522721 854817 330850 1199033 906633 613244 686539 647160 418026 430376 888069 187613 971641 1222887 638789 661632 80964 1103617 684314 1288799 810459 825844 345598 418995 869981 88493 826378 766249 699284 999999999 788999 983143 946655 468527 530802 707377 204768 656912 472220 953886 608760 681031 759250 709583 512295 749275 956242 411803 766069 1074423 1087731 331642 625979 631422 114671 447656 874991 400089 892664 393420 1064393 83384 881278 429258 472350 160733 420547 847902 536820 557409 961104 711143 714280 842273 555196 534456 864827 502906 351532 195887 927491 489086 94976
881343 460126 119157 690890 134970 754520 733187 1088185 1050122 608201 550377 461583 766176 749815 712561 91277 458870 436721 1079809 469846 738674 455473 319921 696357 712050 812515 416141 491760 601390 446814 729830 182345 490371 795178 755366 162553 827343 836169 133724 600843 636698 93236 839842 471678 871529 134259 788999 999999999 744429 275908 674513 690789 415754 604899 629687 411660 274482 669496 270601 711909 390167 900946 411477 777215 381226 605239 645262 616135 662715 975830 512117 678184 686295 334893 645904 116719 395696 900817 705786 1081174 633876 316701 631564 387393 442549 252231 559861 992685 360357 76134 992702 330386 819869 90651 756669 711641 687990 593012 722252 776381
699493 635693 770788 173811 735274 715026 441540 513522 563128 788791 198965 299008 336915 648010 919626 764135 306253 506274 549170 865676 304270 305163 508789 316172 365196 654517 632231 257510 870251 360195 350569 825537 350337 925879 150652 617308 363156 288348 878134 638039 567386 809395 963005 273764 371218 827077 983143 744429 999999999 550865 528769 473753 365051 803490 328070 580235 560983 387076 505411 244702 384117 648671 347965 67464 734911 220040 225659 278540 656061 625806 367578 934709 553049 426408 587347 715116 771626 158784 933672 527942 556922 750770 861737 854972 302625 737840 427445 340653 408387 748601 443674 556348 551758 711352 535541 653094 788005 156206 529114 902850
911431 558351 241881 557737 201065 822404 699262 987970 982186 740724 354034 338722 498937 792989 867923 246245 244777 468068 996805 668053 474970 246731 346514 618638 651670 843201 520327 298799 767396 200020 460340 440788 427286 930943 520936 272872 559327 724976 389711 672756 671533 297885 976809 312941 782343 405375 946655 275908 550865 999999999 686216 677144 336382 744082 562222 488039 11294 623596 272791 604886 314861 907097 304649 600078 544745 486022 398617 359631 728855 953310 462939 848017 705642 137710 687323 190296 573054 708811 867996 989266 664814 503508 786565 602853 268952 448095 542451 854959 292297 327868 896799 397073 809973 200469 754681 765601 800401 395488 724864 908847
225571 257514 771626 355695 758834 186556 121185 500595 417194 307532 504766 388989 820865 124458 416735 748963 551437 238641 464932 472891 782675 541572 363739 219561 178633 158717 291626 503891 404449 622317 815750 625761 274436 403063 663138 514556 864647 345477 778584 151932 62200 767444 437105 445206 314542 665931 468527 674513 528769 686216 999999999 62780 357852 325722 202939 271598 696665 142969 432397 293290 375022 227746 397951 493794 395187 325507 662638 689946 137977 305415 235874 447051 24862 567034 74199 730623 419383 596744 435509 480326 56256 455391 380344 513693 482263 490871 147517 505921 394498 624873 414761 344161 148816 708829 84592 124403 274351 508123 49755 381022
248948 301332 781742 299974 765798 242583 61221 449023 375315 368934 466132 362731 775160 174257 479515 760469 522850 255655 418497 526439 737288 513288 373057 160150 116716 189869 330565 471534 465217 595846 772429 657584 253265 464219 611906 528716 816694 282807 801334 211347 121501 782768 497120 415645 254981 693781 530802 690789 473753 677144 62780 999999999 342205 386957 154770 302422 687938 87032 436515 234145 362419 230530 379215 435607 439361 279342 619645 650304 200739 285927 215609 509489 83408 551684 136084 737779 466245 535608 498257 430948 113399 495130 442209 561450 455720 524860 136545 444516 385333 646592 360170 363506 133632 717582 79132 183280 337029 465257 57869 442469
582951 314534 478063 276736 453178 515279 362976 679037 656240 496268 216075 70013 536160 473549 633114 462414 210478 184703 677848 519219 498592 200372 144166 292106 319160 516554 295813 182355 557237 272996 517952 465092 91003 670292 434080 266015 591405 421987 545859 381389 354864 497330 714133 122528 464610 473974 707377 415754 365051 336382 357852 342205 999999999 506283 230187 244930 347374 287794 149588 297314 25911 572715 43038 380414 383149 190161 374740 381775 427269 617110 126853 632245 379419 209838 373235 426849 420056 509041 640986 675164 346491 389188 560649 496292 140730 372862 210688 577005 55819 401233 584361 196282 474201 412584 420636 453450 529139 245679 392431 646699
393860 194444 722717 642598 727885 233771 446862 815768 716389 18610 714056 568694 1039989 283609 127636 695266 714122 321873 771441 198291 1001923 704224 408481 527534 496207 346042 225764 688131 79475 767651 1023723 474730 467890 191260 914919 486734 1093044 668207 660273 176857 265546 691171 236740 626924 640097 532371 204768 604899 803490 744082 325722 386957 506283 999999999 486037 267764 751626 450908 476665 596095 507010 454842 547523 784149 223995 583628 877289 887862 196353 566577 441070 131232 311660 670223 251532 701971 216332 900324 134833 791970 274183 292622 58337 276956 646173 355417 376900 831431 507332 532993 735445 350662 436581 674585 386514 241598 104563 733985 361672 171606
400709 343182 703729 158231 681164 389368 147084 458991 426576 469983 313692 228165 620509 325766 596212 686127 379966 238416 451163 582377 582585 370955 315218 67432 89473 344344 354804 324865 558144 454643 617700 638036 142147 597988 460200 469549 662727 219959 753112 314010 239427 716764 634936 273727 242143 662051 656912 629687 328070 562222 202939 154770 230187 486037 999999999 309443 573418 71689 359893 114021 254939 370277 257617 299778 467987 124572 465001 496684 328100 395023 117794 616142 227679 428601 259311 654251 501566 414415 611758 451502 228976 506473 544227 594741 317068 517711 114830 389993 283188 600572 363421 331798 267207 638139 228830 326399 461197 310773 212621 575054
469748 73466 517612 442913 511549 347998 356391 742272 677400 260513 459422 311898 781022 338196 395372 492764 448329 74996 718166 285518 743510 438579 143311 371648 364145 401093 52360 426962 312868 500014 762012 355466 229902 446264 671879 259782 836303 527159 508371 193245 226758 504824 491818 367421 532193 394334 472220 411660 580235 488039 271598 302422 244930 267764 309443 999999999 496624 313944 215498 421235 242077 492947 284010 576450 159797 366043 619638 625576 254184 577013 216956 389327 279493 403677 234629 483612 194979 702593 400791 727593 225100 199090 319142 285999 381931 222541 200115 698195 240047 356093 649054 92430 420333 458899 356083 300831 312520 485022 321150 423513
