NAME : synthetic_000676
TYPE : CTSP-D
DIMENSION : 100
GROUPS : 8
RELAXATION_LEVEL : 1
EDGE_WEIGHT_TYPE : EXPLICIT
EDGE_WEIGHT_FORMAT : FULL_MATRIX
EDGE_WEIGHT_SECTION
999999999 389994 329879 857719 839069 420137 1108250 787994 623703 197187 912266 683314 701381 216075 798516 387440 252849 737159 80064 527191 423997 641130 196005 685515 666291 189914 237480 657383 818959 685724 551411 555259 812102 31457 620815 761192 484916 293639 816660 418479 198902 332220 326017 860955 876638 509447 776841 767285 820846 23241 963976 229745 800845 855743 595456 654112 139004 1091456 359384 818799 149354 51571 207344 770529 770407 799320 805414 727411 222279 270300 146066 192553 787421 463518 893931 890165 117817 555161 811246 788097 1090404 1101858 623004 117118 922755 787442 325212 884975 639551 528992 138178 861615 231841 299792 247211 656995 85710 705994 517985 77943
389994 999999999 442410 504417 864505 91489 1003215 784310 247454 489325 753630 585353 764090 492537 611708 556408 571769 940818 470057 824311 110046 518917 243032 624694 391872 293701 280717 318594 455904 859379 288863 821319 515039 381802 247359 592169 147587 449453 928967 54492 423955 317104 378366 762709 645272 203540 414284 919544 489083 409231 913818 165463 883320 682444 324276 913655 421223 1012640 510752 727749 473753 357370 420076 792819 387938 918705 517804 347111 577944 165311 371269 466341 772550 279046 915641 639447 280573 622633 546288 405754 1006588 1022385 769571 457577 919752 446196 456758 774235 836547 824085 430884 645173 549021 111055 596834 843855 438985 339779 548722 459312
329879 442410 999999999 729669 511346 399765 786878 458119 574088 196589 616174 378963 378060 178133 527036 115368 251132 498710 358933 415611 388585 354697 234928 367161 484660 187291 170896 544151 711533 420415 396701 393701 623669 298459 566428 483651 431161 47147 514972 495095 521918 137641 70187 544552 625577 413374 674413 487693 668659 347942 635604 321596 486142 570991 431641 479173 202114 765351 69608 502097 477421 285163 528463 441680 711877 500788 608971 668570 308460 446240 184309 522163 457857 289919 566338 651846 357206 228380 593956 727001 765112 775735 335802 444492 593197 652124 20459 571461 394307 413882 208863 601960 239671 336742 307800 402516 275401 621379 188969 318667
857719 504417 729669 999999999 869486 442915 795770 779112 262555 878657 540530 551614 846771 870791 423572 828924 956527 1135488 933973 1140789 435767 498190 667163 617756 255405 695276 654485 200687 59563 1038251 334154 1105967 174835 839556 260030 446578 375328 765557 1021700 512103 927376 604646 664421 637691 356563 349477 93648 1060655 79499 880052 805485 633609 952405 477464 298114 1175112 831155 839914 790132 627814 967840 812983 923974 817086 176645 1022164 198389 189797 990850 669701 778610 967572 757414 441376 901331 316039 767023 768250 254136 168154 828257 846588 943281 947098 872576 77587 750089 626371 1045923 1138462 842161 384464 937905 562308 1001444 1040696 878183 166926 694325 911225
839069 864505 511346 869486 999999999 786469 380855 91121 867102 671239 403987 324488 144394 648937 456930 464588 679420 404540 856355 614529 768372 389342 727898 262348 641454 689621 658388 772603 887751 328912 647655 538771 698680 807912 856876 425378 775724 545444 196200 918001 1033203 572089 536836 268010 558927 724491 869270 283026 790034 855560 195040 800709 125408 428667 647877 534079 704157 325840 482462 256315 983577 796147 1039808 72498 953079 209704 675055 921476 750760 927905 695006 1031582 112097 595714 54998 606263 864808 283910 624273 961005 332935 334534 292813 950620 96161 806475 514070 296132 382158 609385 708320 523140 682846 786280 736114 359206 774758 857378 332790 815505
420137 91489 399765 442915 786469 999999999 912678 703885 205088 482753 662204 498305 693389 481794 520223 515115 565608 891903 498729 801468 19086 430931 242292 540642 303859 284128 257194 246872 400384 806069 197825 790088 433116 405529 201377 500875 68136 415718 862823 137283 488761 264927 331188 673596 555538 115380 358154 860709 417213 441650 827105 191850 813158 590960 234576 878404 421214 923346 469369 639421 524927 379341 486439 715582 352857 853956 433946 309101 582989 240773 368299 526406 690981 193399 836414 551416 324235 557389 459120 370299 917038 933016 713419 504429 837570 377843 416618 684318 788681 800664 431778 554532 543873 120647 598841 793650 453463 286175 480612 480921
1108250 1003215 786878 795770 380855 912678 999999999 364924 906976 976045 265107 433381 502989 954871 407923 783169 1005277 783554 1145456 987532 893705 491307 951347 422735 655680 929289 886768 790078 836767 709669 724048 913917 628456 1077131 897157 415368 874347 830909 566567 1049201 1284310 788174 782354 249682 440065 814132 836440 660270 723927 1128575 185953 999888 503245 337671 700813 914739 988717 72936 784861 290782 1257603 1058935 1288383 409321 936607 583661 607379 920045 1074270 1115747 963593 1295375 353026 729008 354587 479876 1099424 594481 551285 937615 59400 71662 665116 1225236 294346 760118 797438 231258 761562 982550 995719 415971 1003057 960650 1064748 739250 1062015 857681 600733 1105426
787994 784310 458119 779112 91121 703885 364924 999999999 777666 632402 332103 233465 140847 610386 370019 430051 651118 450365 812577 624521 685498 298909 662334 172197 550391 627831 593093 681935 796794 363321 558934 552557 609051 756567 767415 336523 689987 496715 264175 837216 977938 502193 474088 197091 475241 637478 778158 336763 699709 805926 187398 730427 189586 347588 557872 563846 657256 324147 439979 176404 935221 742569 983852 52428 862083 272625 585499 830704 721676 856534 642228 980166 23353 511616 133736 522072 803636 240527 535532 869939 327574 334073 304328 902249 138804 715585 463930 228438 407736 619637 662560 439396 651561 710982 709716 387846 729597 766520 271213 771726
623703 247454 574088 262555 867102 205088 906976 777666 999999999 682624 642468 547880 801924 679732 499188 686565 764862 1043515 702852 987200 205352 479724 446705 605528 251593 485866 453935 119145 210201 951504 220676 967589 320021 610169 10306 497923 148391 598764 978913 249930 671130 436794 503939 694509 490629 163076 169700 994038 264417 644737 861999 394093 919468 569418 220978 1050082 623989 933379 642287 669494 719651 584106 666962 801779 147828 973802 331480 104022 786181 411270 570749 713788 760141 301275 910678 469436 522319 685895 376806 165217 924417 941977 855696 701817 898480 216724 593052 695637 943870 985881 634714 502875 743768 324086 801072 944854 658477 95644 606351 685894
197187 489325 196589 878657 671239 482753 976045 632402 682624 999999999 812744 575454 528663 22315 721165 206992 82997 540005 188343 346713 478635 550079 246539 560822 650010 198982 229078 681915 851229 489959 547098 363920 794742 172621 677019 678529 534305 149587 627597 532584 393154 279218 233982 737781 816137 536761 811043 572862 826507 205082 816376 328835 618594 767088 587697 462651 72800 949657 192694 695447 322023 177653 402406 606975 829046 609310 782701 784744 116330 422420 118124 377133 635908 442260 725113 839396 283726 392187 774581 845759 950533 959958 432307 290153 760580 802627 181881 765622 442579 347570 66487 794275 61177 379708 123069 460447 114468 748409 375459 148608
912266 753630 616174 540530 403987 662204 265107 332103 642468 812744 999999999 237482 458623 793836 144966 647594 859408 778182 961575 911891 643589 271146 736643 266254 391738 724485 678407 525143 577314 686437 467957 848295 368636 882486 632727 162341 618286 663166 594897 796624 1071865 580695 592285 136234 185705 557818 574157 668280 465489 934257 277122 771599 520469 73363 440880 877729 808969 300492 634949 158749 1059519 861038 1074461 383823 673371 604434 346515 655531 922471 879076 774307 1089878 309431 489417 414407 231100 883953 480900 289798 675148 289516 307756 612434 1028535 368542 498738 631335 108511 722593 907595 817643 156072 851828 723963 918545 706030 880404 592828 452791 923798
683314 585353 378963 551614 324488 498305 433381 233465 547880 575454 237482 999999999 299252 556416 178728 413687 622311 607806 728332 694101 479283 69251 518609 66257 316979 499334 455354 448939 565613 510473 332846 637059 387081 652821 537582 133939 473304 425869 470918 635280 852870 356488 359040 184016 292212 416889 545502 517733 472859 704658 328802 567060 400847 200092 327012 681241 574039 431523 398389 144899 832041 632768 856543 266493 628618 472593 364288 597467 685009 685158 542012 866419 214082 306327 364297 332818 666873 263821 320286 636526 426997 441602 422477 800316 350840 485051 393899 203707 532990 690215 582372 259649 614433 531112 681307 521467 646230 533167 220315 689791
701381 764090 378060 846771 144394 693389 502989 140847 801924 528663 458623 299252 999999999 506348 466917 321687 535057 320311 714971 484680 676420 348666 603986 233865 600887 561836 535033 720848 855529 227878 581861 411986 685825 670531 792021 426385 693217 408347 177923 818459 897573 456749 412569 328928 578863 648169 831133 219356 768999 716961 320274 682346 119803 460599 591384 424398 564748 456774 342514 299907 843914 660313 904658 93724 905015 175859 663247 869163 606406 810026 559257 893459 158387 511331 196943 623346 734909 150671 619378 915185 461784 466241 163497 811049 238551 776923 378355 361479 268088 479734 568316 543745 538700 676410 591727 249328 634200 807397 215970 674230
216075 492537 178133 870791 648937 481794 954871 610386 679732 22315 793836 556416 506348 999999999 704236 184678 86006 521901 210353 337351 476816 532531 249545 540569 639158 199783 225847 675205 844666 469953 538133 350373 783194 190264 673849 661263 531343 130987 606067 537177 413186 268584 219754 717329 800443 531315 804830 552348 817198 225090 794568 334465 596513 749109 578084 448749 85019 928035 170908 675041 343613 193160 422267 584748 825493 587897 770660 781207 131149 432711 123479 398247 614042 432443 702802 824524 297594 370092 761208 842037 928996 938327 410913 311589 738346 794398 162520 745383 423534 337896 80985 778030 67419 382152 134187 440936 134980 743347 354495 170398
798516 611708 527036 423572 456930 520223 407923 370019 499188 721165 144966 178728 466917 704236 999999999 580562 777367 782438 854257 870499 501851 173547 614344 236699 247763 608702 561381 383056 452355 685811 324317 815073 248853 770005 489324 45785 474236 573886 628799 653426 947011 467171 490689 214288 113722 413810 443577 686100 344924 821172 383314 640623 555388 71770 296053 859890 707144 436012 559048 205791 942731 746947 948791 414900 539778 633639 225208 518467 835193 742712 667291 968675 347018 355561 482905 156516 759140 442195 170564 543253 426398 444227 599933 912863 450207 371263 544621 205551 710826 866749 716658 81063 766688 588678 834753 698523 775870 454609 392714 818450
387440 556408 115368 828924 464588 515115 783169 430051 686565 206992 647594 413687 321687 184678 580562 999999999 222208 387071 394043 311983 503798 407977 337918 383567 577993 286140 279832 649875 814891 314646 500043 281707 710308 357792 678622 535171 545285 112361 429953 608541 586161 251951 184550 555098 687137 524632 779203 388704 763890 400794 616273 427501 414184 613422 531568 364414 248540 751521 45851 513825 525053 351924 594225 401560 821889 413263 693521 779053 292009 548057 254601 577051 435655 395394 518269 718820 441300 190038 671637 836564 753427 761695 239049 492455 554938 751420 99664 585242 282619 309571 250562 659667 221541 449175 281586 293119 314733 729590 194815 353512
252849 571769 251132 956527 679420 565608 1005277 651118 764862 82997 859408 622311 535057 86006 777367 222208 999999999 497176 218452 275068 561263 604299 329266 600019 723211 281970 310967 761189 930656 460297 623522 303887 866460 234585 759117 733471 616484 205307 611672 614290 436775 353350 301142 774497 876709 617265 890835 546407 902299 254264 837904 410155 612592 818622 663101 402395 151733 973501 225010 732715 352703 245936 447039 619965 910950 592003 853375 866654 71366 498190 200540 412034 657477 517449 731619 902604 353668 411996 842093 927564 975542 983647 417220 323754 772242 880022 232872 803873 406808 276638 143140 852935 23158 462467 59720 427547 167515 829252 410830 186015
737159 940818 498710 1135488 404540 891903 783554 450365 1043515 540005 778182 607806 320311 521901 782438 387071 497176 999999999 715095 287246 878577 644712 724204 545919 881358 671682 666825 983928 1135340 97809 834751 215590 985667 712150 1034527 739921 912402 498740 221366 993750 930814 627453 563045 646100 895604 880962 1105604 124065 1060885 743831 598773 814202 280356 780443 855392 153875 604820 723663 431735 619474 849843 713992 940569 397973 1166005 201961 964307 1125932 557411 932665 627538 908864 471547 742312 430170 938774 814330 367624 925523 1178609 732411 731370 192316 820511 489919 1061337 485621 678114 104505 282171 602409 861029 513462 835309 533441 98777 653097 1069218 444186 680282
80064 470057 358933 933973 856355 498729 1145456 812577 702852 188343 961575 728332 714971 210353 854257 394043 218452 715095 999999999 483131 501899 691480 268110 724121 735820 251977 299246 733362 896383 673223 622229 520662 882249 94454 699775 815114 562731 316683 815403 498065 219734 387554 369529 901194 937456 584872 854351 757729 894911 62415 993402 309281 806860 908358 666042 618346 156824 1124123 374165 858764 135466 121027 230398 790389 849816 796862 874500 806678 169447 346441 187476 193769 814217 529903 910653 953493 195393 574370 877454 867477 1124006 1134499 619914 105416 943858 862739 350000 926859 622404 485580 150421 920536 201678 378772 195652 641982 83536 784092 547314 40900
527191 824311 415611 1140789 614529 801468 987532 624521 987200 346713 911891 694101 484680 337351 870499 311983 275068 287246 483131 999999999 793237 703683 583317 648189 889842 531069 546408 959299 1125684 302995 810546 78006 1020309 509654 979954 824746 841458 388486 475331 871342 702489 551062 484880 797172 981639 828197 1089273 384134 1075803 526782 803579 670693 508917 891593 843145 147759 419512 938769 351243 760728 610121 520352 713323 578240 1127012 453672 1002779 1083484 313887 769129 460596 671044 639662 704643 655857 1017234 627976 432388 977696 1142318 944700 947863 322829 584982 709939 1063254 395805 829738 241433 5332 412777 951366 297209 713256 287701 266799 442357 1036986 478828 456420
423997 110046 388585 435767 768372 19086 893705 685498 205352 478635 643589 479283 676420 476816 501851 503798 561263 878577 501899 793237 999999999 411866 241564 521871 288021 280872 251283 237729 395075 792013 180234 780220 419565 408139 200755 482139 60931 406295 846503 156369 499730 252596 319433 654512 538598 100472 352913 845630 407080 445868 808085 197843 796215 572475 217947 867656 418778 904268 458173 620340 532798 381764 497764 697617 353046 837871 419667 308963 580910 255163 365601 536219 672457 174638 818149 535308 331564 541456 443462 370271 897969 913940 698934 511434 818951 368948 405875 665269 775640 792319 429468 537053 539811 126571 596083 780172 453869 282201 464278 482685
641130 518917 354697 498190 389342 430931 491307 298909 479724 550079 271146 69251 348666 532531 173547 407977 604299 644712 691480 703683 411866 999999999 467590 127039 254858 453504 407723 383338 507665 546904 263705 652328 341162 611408 469439 129176 404353 401742 524575 568126 803023 309663 323260 244961 279481 347695 485064 563198 420779 663157 396768 509523 457128 217766 259223 705075 540540 494702 385538 208861 788433 589893 806062 327770 564831 524294 319613 532337 663152 624459 504026 819549 280658 240454 431218 313563 615620 285080 282476 573470 489327 504605 454726 757399 419682 428450 371833 260050 562748 700174 549601 251731 594091 469482 662015 553883 611064 468491 225068 654248
196005 243032 234928 667163 727898 242292 951347 662334 446705 246539 736643 518609 603986 249545 614344 337918 329266 724204 268110 583317 241564 467590 999999999 533417 470322 53480 69512 466488 631678 651825 355433 585378 616101 173889 442304 579973 301045 225648 749175 288171 335449 164018 191677 701674 685933 317690 589966 721934 626813 219185 823973 90455 716799 675568 399464 680408 180434 943207 294990 660783 330674 147479 338511 655892 594505 735404 609477 550484 341173 211421 128838 354369 656993 269495 782434 697123 148302 453526 616351 611787 940387 953535 570121 302598 800973 595095 242997 722295 620003 583339 190674 673031 306716 133202 357955 631037 212739 521762 395108 244077
685515 624694 367161 617756 262348 540642 422735 172197 605528 560822 266254 66257 233865 540569 236699 383567 600019 545919 724121 648189 521871 127039 533417 999999999 380712 507989 466920 510375 631054 449137 387300 587483 453215 654408 595270 194073 521759 412650 404675 676272 863384 369401 359647 177394 350213 467630 610161 452885 539067 705888 293628 590319 334655 244495 385691 625932 567765 409889 375108 134936 834868 636252 867874 201488 691572 406496 430349 659354 665751 712541 541030 873049 154886 347244 305240 392874 680442 215873 385567 699955 407436 420237 363847 802515 298159 550742 379496 204815 474986 644053 575219 316202 594430 561221 659638 462083 640914 595434 189452 684469
666291 391872 484660 255405 641454 303859 655680 550391 251593 650010 391738 316979 600887 639158 247763 577993 723211 881358 735820 889842 288021 254858 470322 380712 999999999 485225 439522 137924 255413 784461 116275 852315 146670 642891 241663 247438 245279 524125 778052 425432 777676 370813 423668 445939 255235 188682 230436 810561 186048 689491 615103 465273 711673 318469 72627 919978 612375 681969 541223 423973 795806 616914 777049 582149 311907 776726 139209 282658 765459 542735 562607 808927 530584 209124 679988 247660 597279 513781 155488 319550 672898 690503 689046 770052 660935 180036 505085 445209 790770 887294 623204 259960 706514 400334 772762 785951 669116 217845 439099 706973
189914 293701 187291 695276 689621 284128 929289 627831 485866 198982 724485 499334 561836 199783 608702 286140 281970 671682 251977 531069 280872 453504 53480 507989 485225 999999999 47703 495398 663070 600582 373371 532048 631875 162264 480740 571768 338142 173789 702232 340314 355396 143850 153744 680206 687328 347214 621911 672031 650162 212742 794816 143838 672516 666622 416677 626951 138357 917455 244101 638589 335139 138359 359999 618201 633120 687885 623386 588873 300591 261953 85022 367091 623967 278095 744449 702056 175810 411177 625482 650112 915344 927832 520448 304559 765857 621337 193367 702568 567624 530984 149204 671835 259963 182832 315231 579107 184561 556112 357746 221760
237480 280717 170896 654485 658388 257194 886768 593093 453935 229078 678407 455354 535033 225847 561381 279832 310967 666825 299246 546408 251283 407723 69512 466920 439522 47703 999999999 455622 624303 590912 328982 540691 586186 209967 448151 524793 305545 169765 682483 331015 397655 98868 122482 637304 639626 308747 583614 658478 607119 260367 756159 151004 648539 619825 371863 633023 176679 876796 235184 595990 381806 185958 401616 586381 600035 669198 577227 555734 337188 277140 124513 411909 588023 231511 712922 654481 213573 384756 578392 616708 874299 887149 506602 351563 731671 579711 181609 658937 562333 545876 187685 624178 290093 170858 349631 571895 229596 519738 325598 268102
657383 318594 544151 200687 772603 246872 790078 681935 119145 681915 525143 448939 720848 675205 383056 649875 761189 983928 733362 959299 237729 383338 466488 510375 137924 495398 455622 999999999 169485 888924 150918 930834 206182 638930 110148 385209 178743 576428 898771 337618 735312 413067 476225 583863 371568 148825 130526 923212 170961 679819 752947 435041 835311 452420 129962 1006607 632067 818648 608372 561515 770482 612355 732711 710558 184328 895684 215147 149139 792681 482365 579238 773271 662993 254709 813207 351472 569160 618513 258188 195449 809293 827029 792668 748749 796541 131222 564276 582863 888273 957375 643065 383826 741867 364058 804189 886351 677751 86598 540194 710559
818959 455904 711533 59563 887751 400384 836767 796794 210201 851229 577314 565613 855529 844666 452355 814891 930656 1135340 896383 1125684 395075 507665 631678 631054 255413 663070 624303 169485 999999999 1038828 315145 1094538 208756 802242 208954 470486 334150 744983 1032155 460021 879811 582044 644382 666284 396760 315891 42231 1065974 113016 840919 835669 592166 964607 511088 284449 1167251 800406 877753 774443 653047 924092 775735 875977 832105 117794 1031379 230860 130714 961488 620689 747380 921309 775784 421617 922349 359517 724272 767776 287643 110734 866550 884842 943080 904495 896895 81758 731793 657450 1042966 1123605 811388 421865 911277 520844 973340 1039169 844001 116145 691700 875429
685724 859379 420415 1038251 328912 806069 709669 363321 951504 489959 686437 510473 227878 469953 685811 314646 460297 97809 673223 302995 792013 546904 651825 449137 784461 600582 590912 888924 1038828 999999999 740464 225010 887876 658637 942354 642966 823239 426846 172390 912983 883070 543337 481110 556393 799178 789551 1009577 87352 963407 694960 523735 740657 211603 685763 759937 205199 549042 653887 356841 527758 808676 657343 892213 311538 1071636 150726 866502 1032032 526423 862533 565155 865811 383358 650277 362642 841984 752942 271135 827786 1083955 661493 662250 96272 777879 420278 964358 409527 588795 62090 297664 548161 764805 473270 756395 504679 36742 604424 974555 348735 635920
551411 288863 396701 334154 647655 197825 724048 558934 220676 547098 467957 332846 581861 538133 324317 500043 623522 834751 622229 810546 180234 263705 355433 387300 116275 373371 328982 150918 315145 740464 999999999 780476 260747 528733 210619 308951 150521 431536 759241 329140 661935 270718 330476 493720 358997 90130 279193 778038 279498 574562 655955 349269 698986 395704 44110 855705 504338 740641 459310 463846 679633 502562 661501 581539 331258 754713 255151 291709 661016 431462 453229 692737 542186 107267 692417 358404 481012 471231 269353 343977 733206 749923 644207 654067 683283 257007 417032 500227 738173 808481 515286 356819 605470 285390 670159 736816 557892 234681 392191 594604
555259 821319 393701 1105967 538771 790088 913917 552557 967589 363920 848295 637059 411986 350373 815073 281707 303887 215590 520662 78006 780220 652328 585378 587483 852315 532048 540691 930834 1094538 225010 780476 999999999 977643 534289 959797 769537 824707 374500 397371 870684 740059 531321 463885 729928 927491 806105 1059612 306773 1038210 557943 729252 674982 431409 831892 810336 98913 435241 863783 325338 694724 652361 541441 750480 505086 1103594 375709 959099 1060728 355071 781572 469861 712737 568608 676743 579094 964888 647538 373324 930728 1118263 870027 872755 248861 625078 633798 1028777 375225 762646 163433 72679 430172 896134 323731 710830 329667 188793 469549 1011150 427703 489816
812102 515039 623669 174835 698680 433116 628456 609051 320021 794742 368636 387081 685825 783194 248853 710308 866460 985667 882249 1020309 419565 341162 616101 453215 146670 631875 586186 206182 208756 887876 260747 977643 999999999 789105 312393 273767 368211 665000 857763 540141 916876 515645 565670 462872 189049 319375 209250 903021 97180 835267 630738 606265 786821 303456 216662 1038868 758654 669023 676354 453693 939438 763035 915608 649233 310707 859674 23753 300600 910558 673847 709139 950182 586886 355479 728670 156110 739636 622448 79582 310186 657796 676089 794948 914374 698476 132179 643924 451703 901497 1017437 769451 213117 850390 538954 917150 893812 815781 244563 553881 853612
31457 381802 298459 839556 807912 405529 1077131 756567 610169 172621 882486 652821 670531 190264 770005 357792 234585 712150 94454 509654 408139 611408 173889 654408 642891 162264 209967 638930 802242 658637 528733 534289 789105 999999999 606829 732242 468877 262543 787433 413770 228419 303134 295048 830025 849590 490419 760253 739503 800585 51850 932535 218199 770675 826557 572653 633201 110096 1060103 328832 787835 180552 26576 236438 739256 757502 770290 781816 714126 212073 273695 114613 223838 755967 438374 862793 863997 122447 524003 786230 775100 1059087 1070505 594285 148107 891407 768288 293956 854204 613559 511201 110487 833979 212644 286268 235756 630491 68341 690317 486528 77544
620815 247359 566428 260030 856876 201377 897157 767415 10306 677019 632727 537582 792021 673849 489324 678622 759117 1034527 699775 979954 200755 469439 442304 595270 241663 480740 448151 110148 208954 942354 210619 959797 312393 606829 999999999 487825 142747 591596 969069 252073 671289 429285 496315 684307 481716 154574 167865 984542 259006 642002 851748 391410 909490 559641 210673 1041934 618976 923354 634466 659231 718481 580686 667287 791609 152405 964027 323418 108230 781211 411806 565694 713489 749871 292224 900411 461025 520504 676448 368148 169536 914422 931968 846498 700250 888176 211703 585483 685517 935049 978597 629736 493628 738135 321045 795857 935892 654396 93316 596913 682295
761192 592169 483651 446578 425378 500875 415368 336523 497923 678529 162341 133939 426385 661263 45785 535171 733471 739921 815114 824746 482139 129176 579973 194073 247438 571768 524793 385209 470486 642966 308951 769537 273767 732242 487825 999999999 459432 530630 591487 636150 914148 429108 449460 199522 158378 399080 457872 645741 367160 783662 369576 610829 518784 95709 285875 815135 666459 436054 514227 182607 906582 709667 916318 379097 550758 595430 250055 526264 792043 716894 627802 934228 313992 327451 454983 199173 726104 396853 199016 555633 427605 444888 556082 876299 426621 388757 500941 197818 666772 821004 675801 126674 723167 561912 791132 654903 735921 461629 346938 778758
484916 147587 431161 375328 775724 68136 874347 689987 148391 534305 618286 473304 693217 531343 474236 545285 616484 912402 562731 841458 60931 404353 301045 521759 245279 338142 305545 178743 334150 823239 150521 824707 368211 468877 142747 459432 999999999 453092 866767 180877 556727 293554 361076 641427 499901 60469 291984 872309 349214 506799 800564 258439 812749 545807 180385 909682 476451 889627 500239 609792 592684 442464 554285 706501 295023 859488 370382 250754 638702 306407 423139 594542 675268 182011 823577 492454 391707 565088 398977 311973 882500 899027 728677 571773 819909 309714 449485 649334 810723 840301 487244 501697 595434 187085 653163 813660 513691 221454 486256 543134
293639 449453 47147 765557 545444 415718 830909 496715 598764 149587 663166 425869 408347 130987 573886 112361 205307 498740 316683 388486 406295 401742 225648 412650 524125 173789 169765 576428 744983 426846 431536 374500 665000 262543 591596 530630 453092 999999999 534782 500500 489240 163898 101171 589956 671704 440719 706949 499409 706677 310289 676720 315469 511600 618133 468304 464656 160580 807749 71486 547531 438987 252027 496408 477217 739523 519285 650957 695771 261418 435728 151172 486139 497732 324271 600295 697297 333354 261549 637671 755114 807876 818113 348414 405995 629932 688195 33487 617246 394438 387252 166276 648460 193035 340441 261248 405429 233306 651191 230936 276036
816660 928967 514972 1021700 196200 862823 566567 264175 978913 627597 594897 470918 177923 606067 628799 429953 611672 221366 815403 475331 846503 524575 749175 404675 778052 702232 682483 898771 1032155 172390 759241 397371 857763 787433 969069 591487 866767 534782 999999999 983457 1015557 614857 562414 458822 737192 823611 1008438 97914 943357 828911 384305 833033 74599 611347 769290 366872 677671 504353 463676 440575 949619 781851 1023826 214922 1082928 21664 834773 1047061 680917 959610 683607 1004018 287429 685538 211991 783397 868134 306350 788448 1093052 513680 511720 195561 917656 272258 952988 509878 488682 234316 469999 678840 701441 621438 835376 661194 208875 740495 985317 382231 776157
418479 54492 495095 512103 918001 137283 1049201 837216 249930 532584 796624 635280 818459 537177 653426 608541 614290 993750 498065 871342 156369 568126 288171 676272 425432 340314 331015 337618 460021 912983 329140 870684 540141 413770 252073 636150 180877 500500 983457 999999999 427700 371254 431876 810853 680476 240480 419610 973696 505097 436113 964035 204289 937733 724698 361200 963871 462807 1060559 563020 776687 487660 390676 422464 846447 380161 973173 545022 342337 616084 168322 414554 473499 825115 329514 968891 671587 304047 677124 577536 397767 1054182 1070210 823538 474750 972156 459944 508983 821347 889389 871288 472018 682573 591326 160163 636085 897050 474421 345286 603165 491113
198902 423955 521918 927376 1033203 488761 1284310 977938 671130 393154 1071865 852870 897573 413186 947011 586161 436775 930814 219734 702489 499730 803023 335449 863384 777676 355396 397655 735312 879811 883070 661935 740059 916876 228419 671289 914148 556727 489240 1015557 427700 999999999 496455 506563 1034932 1011511 598342 838093 965413 905940 188112 1149091 312900 998982 1009850 705063 837959 337888 1272777 556853 993533 101661 237286 11506 963548 807500 998217 914734 768578 388602 260398 338434 52383 975730 594554 1088183 1017666 188047 749662 931047 825178 1270731 1283159 821837 118979 1114437 865758 519550 1056525 835276 705035 336944 1001653 418471 377977 414791 853529 278746 763669 706740 251061
332220 317104 137641 604646 572089 264927 788174 502193 436794 279218 580695 356488 456749 268584 467171 251951 353350 627453 387554 551062 252596 309663 164018 369401 370813 143850 98868 413067 582044 543337 270718 531321 515645 303134 429285 429108 293554 163898 614857 371254 496455 999999999 67523 538622 550738 277183 543578 602450 548978 354591 660333 228703 573881 523526 309766 616341 246763 779215 206720 497432 478831 280768 500297 499632 576043 603604 504019 532440 394913 355828 201940 510502 495581 164139 625943 569055 311425 309833 498594 591494 776463 789547 452602 447971 640993 527677 156292 560088 523944 549587 257164 533070 335998 220643 401960 529496 311215 487294 241752 352849
326017 378366 70187 664421 536836 331188 782354 474088 503939 233982 592285 359040 412569 219754 490689 184550 301142 563045 369529 484880 319433 323260 191677 359647 423668 153744 122482 476225 644382 481110 330476 463885 565670 295048 496315 449460 361076 101171 562414 431876 506563 67523 999999999 534978 582767 343513 606684 543672 605642 346713 642528 271098 526544 540932 367144 548882 217287 767216 139215 492793 475336 276609 511804 465102 642202 549864 552292 598785 350110 398415 182999 513812 470387 223233 591533 605433 329553 262412 541529 657448 765676 777614 392525 443104 612144 587040 89244 559327 459083 483275 226434 561831 286082 276249 353804 465657 288133 552335 204324 331514
860955 762709 544552 637691 268010 673596 249682 197091 694509 737781 136234 184016 328928 717329 214288 555098 774497 646100 901194 797172 654512 244961 701674 177394 445939 680206 637304 583863 666284 556393 493720 729928 462872 830025 684307 199522 641427 589956 458822 810853 1034932 538622 534978 999999999 300085 582404 655956 533844 559190 881676 170186 751041 384479 167587 477457 752168 745002 249968 550274 42464 1010215 811152 1038901 249288 750006 468692 439306 725782 841296 868441 717270 1046782 174954 485139 281506 347784 849781 374508 383951 754532 244370 259784 487696 978062 240702 584929 556741 32788 596067 792621 752535 265272 769877 713884 834212 578100 818089 661128 363984 861666
876638 645272 625577 356563 558927 555538 440065 475241 490629 816137 185705 292212 578863 800443 113722 687137 876709 895604 937456 981639 538598 279481 685933 350213 255235 687328 639626 371568 396760 799178 358997 927491 189049 849590 481716 158378 499901 671704 737192 680476 1011511 550738 582767 300085 999999999 441792 398136 797621 283868 899690 459243 699778 663164 132508 321058 973452 795876 483468 662863 302896 1016597 825299 1012191 522396 499310 743038 169121 486629 931566 790134 752672 1037511 451940 417753 579593 47726 825545 555137 115466 499183 471723 490056 713640 988095 540786 321198 644084 281742 824547 977987 805866 35848 864638 640913 932876 812184 861939 427142 502966 903508
509447 203540 413374 349477 724491 115380 814132 637478 163076 536761 557818 416889 648169 531315 413810 524632 617265 880962 584872 828197 100472 347695 317690 467630 188682 347214 308747 148825 315891 789551 90130 806105 319375 490419 154574 399080 60469 440719 823611 240480 598342 277183 343513 582404 441792 999999999 274935 834298 312477 532049 742875 290890 767078 485359 121049 887526 484553 830086 480818 551472 626638 463844 596755 656335 298862 817380 319200 255294 645874 355578 431495 633299 621965 139698 771212 436336 425339 526053 343785 314396 822814 839432 694005 603641 765408 278006 432752 589709 780967 826674 495530 442484 597280 221375 658249 782244 529003 212165 446575 561749
776841 414284 674413 93648 869270 358154 836440 778158 169700 811043 574157 545502 831133 804830 443577 779203 890835 1105604 854351 1089273 352913 485064 589966 610161 230436 621911 583614 130526 42231 1009577 279193 1059612 209250 760253 167865 457872 291984 706949 1008438 419610 838093 543578 606684 655956 398136 274935 999999999 1039237 121397 798774 825995 549943 942068 505681 251332 1133800 759469 874404 738156 640240 881917 733757 834346 811629 101741 1006926 229277 100901 920783 579248 706370 879379 757672 384660 905667 364432 682050 738455 285157 101180 863638 881849 913564 862274 882617 77230 694583 649118 1011928 1087289 770440 420469 871264 478624 932925 1008844 802409 74617 661471 833600
767285 919544 487693 1060655 283026 860709 660270 336763 994038 572862 668280 517733 219356 552348 686100 388704 546407 124065 757729 384134 845630 563198 721934 452885 810561 672031 658478 923212 1065974 87352 778038 306773 903021 739503 984542 645741 872309 499409 97914 973696 965413 602450 543672 533844 797621 834298 1039237 999999999 983830 777392 476097 809289 157819 676912 793296 269525 629509 599769 428195 510574 893074 736895 974330 284605 1107292 77963 880740 1069269 613147 933327 642395 949617 359025 694639 306348 842429 829762 308277 838017 1118639 608644 607413 151891 861961 366261 988981 478983 565128 147667 378817 629250 762327 558756 819902 591650 123168 687234 1009627 387815 719890
820846 489083 668659 79499 790034 417213 723927 699709 264417 826507 465489 472859 768999 817198 344924 763890 902299 1060885 894911 1075803 407080 420779 626813 539067 186048 650162 607119 170961 113016 963407 279498 1038210 97180 800585 259006 367160 349214 706677 943357 505097 905940 548978 605642 559190 283868 312477 121397 983830 999999999 843635 727540 602900 873706 400633 239214 1104792 783242 765707 726641 548630 938758 774077 903469 737960 222336 944138 120245 220286 940507 653250 731620 943271 677971 384852 821847 246630 737350 694366 176744 219283 754353 772663 868932 916077 793343 48625 689117 548633 972859 1073281 794218 309652 884591 532541 949576 966882 834519 174864 621829 869650
23241 409231 347942 880052 855560 441650 1128575 805926 644737 205082 934257 704658 716961 225090 821172 400794 254264 743831 62415 526782 445868 663157 219185 705888 689491 212742 260367 679819 840919 694960 574562 557943 835267 51850 642002 783662 506799 310289 828911 436113 188112 354591 346713 881676 899690 532049 798774 777392 843635 999999999 982920 250644 814815 878099 618615 656592 152566 1111021 374521 839460 129629 74420 197327 787502 791163 811260 828623 748316 217518 284172 165280 176593 805779 486747 910340 913338 132999 571756 834484 808879 1110129 1121422 634574 96863 940083 810013 342383 905954 647466 528802 150284 884542 234278 321131 243123 665518 90829 727681 536551 71221
963976 913818 635604 805485 195040 827105 185953 187398 861999 816376 277122 328802 320274 794568 383314 616273 837904 598773 993402 803579 808085 396768 823973 293628 615103 794816 756159 752947 835669 523735 655955 729252 630738 932535 851748 369576 800564 676720 384305 964035 1149091 660333 642528 170186 459243 742875 825995 476097 727540 982920 999999999 883652 318483 329447 643055 728787 837031 137036 623686 192698 1112545 916772 1154274 226750 920186 400397 607358 895729 908216 1006168 817933 1154865 180719 634800 173503 506115 969447 426264 551351 924704 141513 146825 480782 1079703 114141 754511 643439 179229 575754 798542 842993 426286 837781 854519 896699 553337 910002 831016 446636 952726
229745 165463 321596 633609 800709 191850 999888 730427 394093 328835 771599 567060 682346 334465 640623 427501 410155 814202 309281 670693 197843 509523 90455 590319 465273 143838 151004 435041 592166 740657 349269 674982 606265 218199 391410 610829 258439 315469 833033 204289 312900 228703 271098 751041 699778 290890 549943 809289 602900 250644 883652 999999999 797436 706201 392650 770432 258561 997316 383958 711602 335859 193012 312901 728276 540662 819978 603081 497705 412881 127696 211172 343962 723118 285274 854631 704909 134470 532979 618190 558354 993456 1007524 657398 313715 869171 566191 331187 768896 709904 670912 267730 691306 387148 71361 432290 720541 273585 477973 469298 295344
800845 883320 486142 952405 125408 813158 503245 189586 919468 618594 520469 400847 119803 596513 555388 414184 612592 280356 806860 508917 796215 457128 716799 334655 711673 672516 648539 835311 964607 211603 698986 431409 786821 770675 909490 518784 812749 511600 74599 937733 998982 573881 526544 384479 663164 767078 942068 157819 873706 814815 318483 797436 999999999 536879 706546 415697 662334 444422 442329 365981 939046 762695 1006655 140770 1018993 84984 763672 984141 683365 924922 662533 991199 212852 630790 151496 709527 842998 264579 716470 1028583 452727 452445 199591 906534 210302 884821 483848 414562 269513 503641 664687 627380 619750 794179 665673 245011 728760 921649 334679 766709
855743 682444 570991 477464 428667 590960 337671 347588 569418 767088 73363 200092 460599 749109 71770 613422 818622 780443 908358 891593 572475 217766 675568 244495 318469 666622 619825 452420 511088 685763 395704 831892 303456 826557 559641 95709 545807 618133 611347 724698 1009850 523526 540932 167587 132508 485359 505681 676912 400633 878099 329447 706201 536879 999999999 367822 869184 758216 369326 596342 172425 1001625 804269 1012027 396607 603850 618523 280569 584652 879224 810955 720898 1029753 324240 422168 447526 180220 821805 459371 223896 606302 359053 377115 605267 971179 408288 431294 587412 150533 716465 887558 767328 97811 809478 656313 877031 701972 828450 521470 420406 871512
595456 324276 431641 298114 647877 234576 700813 557872 220978 587697 440880 327012 591384 578084 296053 531568 663101 855392 666042 843145 217947 259223 399464 385691 72627 416677 371863 129962 284449 759937 44110 810336 216662 572653 210673 285875 180385 468304 769290 361200 705063 309766 367144 477457 321058 121049 251332 793296 239214 618615 643055 392650 706546 367822 999999999 882906 546574 721180 492192 450357 723645 546517 704468 584064 314250 765958 211131 277784 702201 471649 495848 736345 539874 145658 690437 317679 524794 489167 227126 325344 713099 730196 663739 698148 677507 220535 452076 481282 760853 840905 557491 321467 645492 327858 710750 758202 601099 216511 411278 638124
654112 913655 479173 1175112 534079 878404 914739 563846 1050082 462651 877729 681241 424398 448749 859890 364414 402395 153875 618346 147759 867656 705075 680408 625932 919978 626951 633023 1006607 1167251 205199 855705 98913 1038868 633201 1041934 815135 909682 464656 366872 963871 837959 616341 548882 752168 973452 887526 1133800 269525 1104792 656592 728787 770432 415697 869184 882906 999999999 533709 859023 409698 720413 749076 640236 848463 513093 1182824 345996 1019220 1140604 451462 878951 567226 809665 582581 754557 567143 1013356 746144 420244 986906 1196950 866684 867336 265296 722329 625244 1098581 461824 784893 156311 143470 528811 940600 422478 803747 425721 176339 568401 1088774 484989 588147
