NAME : synthetic_000148
TYPE : CTSP-D
DIMENSION : 100
GROUPS : 8
RELAXATION_LEVEL : 1
EDGE_WEIGHT_TYPE : EXPLICIT
EDGE_WEIGHT_FORMAT : FULL_MATRIX
EDGE_WEIGHT_SECTION
999999999 755289 846461 893818 533977 555901 744662 425830 423156 943362 774627 74344 661268 439820 836114 122900 770999 214973 1159643 894003 878668 887443 663475 984117 555765 911672 413778 754122 834882 718447 845178 908365 87439 88839 275559 1128398 626407 822386 682846 935590 513213 725060 574720 453115 795731 610217 869638 800120 912308 873499 699026 602129 990110 986440 883205 409941 599730 240379 586499 825003 225720 824248 612967 956333 801627 752873 673561 351262 115014 777843 564981 970685 586162 858324 747010 414055 779424 690289 939663 283346 384726 1013481 1125396 853458 596856 1162605 254251 863083 111003 106911 910297 981177 184191 804107 737732 374041 114240 888991 920118 1040609
755289 999999999 915112 913389 339173 618011 273847 376147 554005 778117 230462 727179 103872 333292 205794 719347 59162 550230 547812 736830 227020 324424 98223 413547 220695 805032 428680 59242 338218 695468 961877 329576 668022 814381 483165 498415 611094 249123 331263 794473 295719 578507 351918 644952 78313 688199 873581 852421 157371 810305 680083 787353 386294 593085 755538 441711 840656 515429 264475 858063 696905 386093 748424 549284 825811 804468 883490 426490 640275 749959 224819 953619 176310 115243 462672 668296 560763 79388 224558 776527 542503 474762 545632 168493 160450 574237 519910 386914 739414 649202 195247 596367 806979 872725 611982 814294 641257 690624 841357 387589
846461 915112 999999999 63277 611909 346076 658730 666452 487142 271007 715452 772343 833983 723356 1115976 723580 971909 852177 844627 263990 810175 714046 842894 731715 908839 203376 610097 965128 650635 219920 62365 731577 824834 805451 827450 855214 316248 730678 585593 243282 682627 340958 1071058 411280 993403 267497 75821 63518 993742 156415 236613 244396 772553 530621 231306 599078 258876 807520 668380 59649 621128 593061 239000 543544 90014 116201 194306 885712 813490 168295 736008 137406 801683 1015176 469622 439446 379549 844955 905940 575941 529696 700543 787076 1083597 825852 814635 715111 624082 736753 803275 896035 520467 693628 47132 308338 497041 819580 312739 171904 851175
893818 913389 63277 999999999 623996 373644 650020 687906 518949 221746 705349 819502 837165 743029 1116662 770991 971169 887796 805827 224115 794019 693186 846150 702496 922314 155632 634247 965429 632606 227740 116591 709457 867853 856534 859113 819601 332540 716589 582169 193349 696128 334906 1088936 450377 991632 298586 39839 93777 982823 117574 247236 294576 744746 491116 192402 624073 316056 841456 675138 70598 668099 574330 281348 508102 100254 144360 254977 913080 855084 165320 745236 78397 810197 1009486 457922 482488 363079 846086 888752 628219 562448 667020 748011 1081434 834030 773928 749637 602219 785113 845542 880848 481020 746194 91840 301444 552172 861140 276015 118923 822806
533977 339173 611909 623996 999999999 285758 212234 115675 218355 548347 250139 481112 240471 142329 520912 455671 387427 388417 625716 498515 364459 354739 248494 450156 298352 551521 123485 376471 300971 396336 650230 376224 457572 564779 328181 595569 295836 296206 151489 555071 73040 309807 468731 306175 412480 361410 585736 548470 467013 539825 377364 452962 457635 483735 505718 131379 503757 336289 76896 559988 400416 294929 417676 446582 527328 496250 551266 339549 430954 459749 126654 679183 192458 453081 253677 332281 328446 260234 443945 463936 215653 481020 591902 500277 216871 629011 281659 331362 477669 432702 418757 480951 522112 566211 339856 486388 434774 467404 580062 513282
555901 618011 346076 373644 285758 999999999 407905 322055 147077 387519 464594 483271 523980 380270 806234 438214 669748 517308 739841 338550 579024 517071 532357 579572 572661 357934 264289 659880 447620 165028 374461 539188 513597 540636 485723 728472 74035 497082 320674 379960 350270 189497 728165 110465 693957 79673 340543 285484 728031 324494 144664 169472 607114 481702 327379 253060 225216 469435 354857 303721 339603 404219 131919 465026 273500 231613 266020 540219 496757 228910 412271 442476 477790 728522 276153 157435 255773 541012 672655 341025 191095 579024 690259 783119 502170 726011 378635 446516 456655 489380 654004 473862 448062 298946 191182 307380 502610 338302 370989 680921
744662 273847 658730 650020 212234 407905 999999999 319860 403897 504393 58104 693230 228570 321749 479432 667729 333007 584144 415954 463887 171531 142802 236683 241357 376940 533362 335578 331180 98469 443420 710373 164037 666013 777008 518599 383790 377684 91343 87596 521229 238518 317775 553950 471966 349829 463072 610254 597942 335366 542196 431225 571737 245609 338263 483850 342704 630900 534408 163025 599946 608211 122724 526577 294934 568717 554348 659252 506047 638769 490729 215415 684712 249176 360351 192723 509108 290251 223683 264827 663637 414315 280559 386306 437265 263757 422767 490871 141863 689742 641675 247377 339393 731117 619444 350589 672127 642177 416947 570666 302280
425830 376147 666452 687906 115675 322055 319860 999999999 203692 640998 348988 378761 272408 59858 526456 359503 412316 272802 735758 590015 455950 462351 277971 560733 259989 635675 62536 398066 412997 462862 696503 482967 346165 464867 213770 703074 355780 396667 266759 644365 90190 399354 406261 300772 438683 401728 651745 604437 522875 616862 442333 473606 564742 597973 592863 76236 514889 220615 160828 620022 322430 410183 447937 561537 588224 550625 573375 236009 318915 529048 154704 750202 201995 490625 363930 310824 429379 299065 524825 400391 178012 594591 704229 518792 222626 741121 171582 445748 381053 321931 496966 594841 437556 619473 425739 442329 322366 564610 660055 614994
423156 554005 487142 518949 218355 147077 403897 203692 999999999 525824 453027 353676 452077 263375 723049 312943 598430 370248 789393 475332 570666 536431 459313 617762 463660 501933 141162 585931 471490 310752 508637 559055 372425 421724 340542 768639 208739 494677 320727 521098 261159 301912 603803 97098 624247 220645 486867 428729 685367 470785 289971 273794 636105 572919 468008 127570 311722 322723 295240 448568 225653 442972 254611 547380 419219 375388 372728 400269 353668 375619 331355 589096 391588 668894 339244 114347 357847 474617 656281 262464 44034 632041 746171 709337 414759 783309 231588 485519 333472 347499 632736 566679 346826 440231 315307 270239 359365 466707 517074 702051
943362 778117 271007 221746 548347 387519 504393 640998 525824 999999999 552814 870783 719608 686204 983809 825484 837273 885409 588878 51357 621683 511830 728482 501825 835582 67642 601232 834819 461006 229323 332705 524500 898080 926029 841882 606568 317739 552285 457759 28439 620208 241646 1012525 493756 854162 343315 195310 246477 819874 117977 246819 405626 546188 275981 62680 595033 452631 834091 577464 225176 725683 403807 367946 299610 217101 252991 417057 876956 879457 184245 651731 211287 711125 860300 319469 537720 224966 721731 711610 713725 568439 458797 531032 940882 732826 555179 749127 421739 843566 873274 708889 266160 827576 264648 216969 657099 885124 87526 103180 621934
774627 230462 715452 705349 250139 464594 58104 348988 453027 552814 999999999 726861 204802 341410 433778 704183 288995 603415 395645 514279 117774 124154 211751 227239 364047 585045 372912 289327 110738 500985 767640 140892 693488 812036 536184 357976 435686 47878 143946 570949 261998 374572 536095 525080 303378 520898 665662 655005 278291 596088 489043 629276 220839 365526 535645 381443 688199 555632 188169 656480 650261 155632 584354 321606 625465 611912 717232 514289 665781 547275 223667 737943 242308 307963 247430 560748 343788 193183 208281 709983 460106 276798 373324 388423 252077 408260 520430 159858 726092 669857 189710 368097 772230 676620 407130 722654 668780 465802 623044 266011
74344 727179 772343 819502 481112 483271 693230 378761 353676 870783 726861 999999999 629276 401173 824936 48872 748125 214885 1105853 821702 834648 835847 632380 930292 539377 838180 358453 731591 780534 645101 771728 857266 91721 87435 262782 1076659 554449 774243 626939 862558 468320 655306 581630 379407 773597 536298 795297 725795 882760 799602 625834 528072 938740 921628 810326 352953 526825 223762 539119 750662 151408 766424 538623 892824 727299 678534 600751 346683 107750 704043 525460 896345 553777 834351 683131 339863 711211 658102 900677 214118 317034 956699 1069541 837214 566967 1106863 210596 806264 41607 93076 871967 916039 129978 729863 666894 305269 110930 817903 846192 992535
661268 103872 833983 837165 240471 523980 228570 272408 452077 719608 204802 629276 999999999 231367 283470 619214 147070 462304 577627 675046 253782 322596 9007 422656 164327 739567 324926 136081 314314 614202 877738 334393 574570 716685 394000 532663 523602 240716 262294 733252 192350 504521 331485 544380 172463 596879 797624 770693 254002 739527 597476 692503 405412 565734 690544 338025 744119 423452 169370 778463 593732 350687 655482 522062 745857 720918 789999 347759 546549 672172 121386 882762 75502 218900 400154 566172 496467 29024 287252 672741 439238 477767 565086 259816 66256 597504 420223 362891 639643 554533 256797 567318 705070 790169 537769 710686 547988 632478 773846 426109
439820 333292 723356 743029 142329 380270 321749 59858 263375 686204 341410 401173 231367 999999999 471857 388453 364354 262720 735324 635694 439846 461055 235654 562376 200568 684647 122246 349287 418850 516721 754661 480314 355645 488514 196870 699262 410492 389169 283495 691190 84184 445287 348009 360408 390723 459901 706315 660971 485164 668305 496467 533365 561548 622765 640522 135810 574722 214227 158879 675823 364544 424311 507189 584210 643774 607303 633159 197432 327583 582469 125172 803686 156984 445867 395889 369168 469342 259566 500336 447655 236180 601664 707928 467537 174593 744207 190682 456300 409173 333271 471283 620506 473808 676500 473342 495363 330061 607191 710610 605389
836114 205794 1115976 1116662 520912 806234 479432 526456 723049 983809 433778 824936 283470 471857 999999999 828338 146736 621199 695780 942621 404054 513851 274787 590384 287424 1010674 586493 151243 538072 896056 1160738 514310 750247 908554 563150 643078 807008 446028 535423 1000264 463118 782162 303821 818411 130427 880031 1076925 1052877 231874 1015149 879824 973867 555455 790187 961197 600311 1023841 601430 452576 1059742 828199 588864 938018 746841 1027274 1003678 1072079 485077 724787 952415 395573 1158545 332087 149385 668295 835012 766349 271028 359630 916160 703458 654187 706277 59955 308470 729283 634656 585694 845871 736758 339464 794265 924756 1072663 815626 967216 724084 896336 1046797 534422
122900 719347 723580 770991 455671 438214 667729 359503 312943 825484 704183 48872 619214 388453 828338 999999999 743898 234856 1077408 776760 814507 809723 622955 902129 541155 791694 332196 727693 752319 598903 722862 831482 126715 111020 272608 1049898 510150 751083 597972 816692 449690 613348 598061 332866 769762 489241 747067 677317 873216 752494 579866 479274 912540 884098 764678 325219 478062 232863 517813 702286 102974 735326 490295 856507 679173 630332 552005 359221 134287 657126 510535 847951 544018 828954 646883 292329 670750 647707 884150 167788 278678 926055 1039476 837151 558934 1076837 199472 775912 22032 118951 856025 878219 101534 681213 623749 258764 138997 774341 799025 968820
770999 59162 971909 971169 387427 669748 333007 412316 598430 837273 288995 748125 147070 364354 146736 743898 999999999 561036 588892 795909 275419 378317 139373 463489 220186 863956 468208 17116 395748 752086 1017907 381822 683573 834652 496005 538083 665789 305409 389315 853581 337647 636397 323017 691288 26394 741397 931386 909040 159197 868783 736351 838687 433419 650028 814473 481637 890849 530693 314943 915174 728743 444580 800848 606328 882827 860579 935672 431334 656335 807366 267083 1012144 210394 87753 521577 712276 619644 128912 256208 811509 583922 525840 590831 113403 190125 617755 544881 444163 763250 666315 229444 653549 834832 929146 669875 853893 656784 749777 900151 426965
214973 550230 852177 887796 388417 517308 584144 272802 370248 885409 603415 214885 462304 262720 621199 234856 561036 999999999 997987 834108 696793 723758 463232 825050 343023 868322 290594 544000 680566 679854 866501 742900 130435 291594 68637 961389 574751 650986 538866 884037 345674 647870 366786 441513 585100 589291 856644 796171 707559 839923 658907 620341 823967 869775 831017 293898 639027 52905 421119 817223 287397 681982 614018 833998 788636 743588 710510 136303 107722 745371 381937 959053 389460 648745 633082 420198 688778 491090 747552 379919 326273 863274 970443 639595 396277 1006815 138680 716187 246055 121874 717417 866308 336154 805925 668937 462726 105631 816689 885866 865454
1159643 547812 844627 805827 625716 739841 415954 735758 789393 588878 395645 1105853 577627 735324 695780 1077408 588892 997987 999999999 582148 325545 274328 581841 175599 741774 651172 747448 599081 325325 686305 906595 255177 1081842 1187857 931263 53180 680270 348991 479437 616808 653445 569695 897509 833444 586904 762430 773230 800914 464687 690166 686287 869771 175117 314724 614477 753029 930749 949202 577969 788676 1008787 346422 820816 302723 767258 779598 930822 909016 1054671 697228 619293 799108 631688 546972 464009 877761 504110 555851 337024 1051016 810050 160819 57867 636297 636666 44062 906418 304012 1099420 1057386 360600 324835 1132239 823012 588222 1040703 1058112 531939 690583 162341
894003 736830 263990 224115 498515 338550 463887 590015 475332 51357 514279 821702 675046 635694 942621 776760 795909 834108 582148 999999999 589221 482092 683971 481411 787573 74243 549916 792833 427366 184252 326335 496299 847712 878255 790533 595502 267788 516947 412773 58227 570660 190701 963914 445953 813546 298367 191171 228419 785239 108135 200376 368342 524674 267484 32696 543684 418720 782760 529694 211249 677564 369308 327940 284201 196208 224567 389680 825925 828860 147961 603844 231333 664066 822239 275355 490585 178698 678264 681139 668463 517752 443470 524399 901123 686093 551130 697933 391058 795096 822830 676643 257352 781290 248864 165618 614761 834504 53246 114856 601943
878668 227020 810175 794019 364459 579024 171531 455950 570666 621683 117774 834648 253782 439846 404054 814507 275419 696793 325545 589221 999999999 114559 257367 188171 417133 662588 485612 282640 162127 601737 865115 110976 795368 920802 628401 279188 545386 82604 259127 643048 366402 472599 572686 642548 279829 631715 754922 751821 200992 680474 591752 741308 159302 393516 614239 494952 801017 651843 296788 750614 764777 220526 695339 351731 720826 711997 826511 594851 767350 642254 315737 818803 314084 259140 341608 678498 431469 230754 96382 826652 576841 251089 319127 349435 315660 348887 625667 200409 836259 772622 87426 398879 885914 773956 503598 840404 769893 537641 702233 172624
887443 324424 714046 693186 354739 517071 142802 462351 536431 511830 124154 835847 322596 461055 513851 809723 378317 723758 274328 482092 114559 999999999 328569 103104 485131 556092 477822 382932 69634 514095 771198 22656 808501 919321 657239 240988 472420 81928 216275 534274 379150 384579 653301 595217 386369 559379 654786 658113 315382 577633 506720 670218 102896 279201 508674 484509 731254 674875 303718 654425 747433 122180 622434 237201 626014 622125 748758 638062 781161 547941 346783 713053 365954 371862 254977 635753 334945 306382 199807 798453 551073 155187 249310 461050 374539 284577 633566 91232 831751 784265 199193 284408 870747 680573 413114 800044 784488 429641 596282 166110
663475 98223 842894 846150 248494 532357 236683 277971 459313 728482 211751 632380 9007 235654 274787 622955 139373 463232 581841 683971 257367 328569 999999999 428148 159938 748543 331239 127978 321590 623128 886570 339960 576625 719754 395085 536470 532359 246779 271231 742174 199115 513527 325006 551921 164978 605430 806612 779596 250458 748532 606375 700776 410158 573508 699512 344424 752218 425111 177901 787406 598764 358614 663914 529798 754797 729780 798372 347057 548649 681147 128220 891769 78942 212803 409039 573321 505405 28400 287905 678361 445941 483756 570063 251809 67013 602237 423767 370277 643275 556840 257397 575170 709462 799051 546774 717103 549993 641333 782840 429385
984117 413547 731715 702496 450156 579572 241357 560733 617762 501825 227239 930292 422656 562376 590384 902129 463489 825050 175599 481411 188171 103104 428148 999999999 586212 555132 571867 470266 149830 549029 791705 88321 906648 1012469 758964 151026 525916 183607 304241 527272 479678 423816 751611 667371 467853 611193 666134 680738 373765 584956 545350 721136 45479 237458 511356 577529 782575 775629 404128 673004 834950 176851 672339 203956 647459 651294 791323 741078 879574 571985 449644 711095 468661 442997 304763 710377 363872 404616 243818 880084 636622 64181 146298 534226 476594 181972 731079 133899 924149 882102 255321 245439 958463 703315 447570 874346 883086 428244 595853 120532
555765 220695 908839 922314 298352 572661 376940 259989 463660 835582 364047 539377 164327 200568 287424 541155 220186 343023 741774 787573 417133 485131 159938 586212 999999999 845329 322524 203071 470083 694609 944615 497892 468717 624225 280310 696307 592653 403252 385479 845302 226370 603567 179340 560752 243170 651467 884088 845577 373921 836723 675472 731251 569730 714038 798100 336208 774393 317150 258169 857878 542608 499019 702470 671181 825280 792792 831121 211284 442229 758076 183866 977069 129273 307759 521355 569428 610921 186464 439793 632328 436494 639949 729279 298192 113247 761819 347514 517230 558970 453310 409459 714479 637335 862685 635017 688843 442109 750841 875720 588711
911672 805032 203376 155632 551521 357934 533362 635675 501933 67642 585045 838180 739567 684647 1010674 791694 863956 868322 651172 74243 662588 556092 748543 555132 845329 999999999 590896 860264 500565 193397 265153 570458 871531 888848 829011 666539 293874 589393 477635 40455 624409 242015 1019684 458849 882260 303312 127730 180902 857718 52459 213334 352308 598595 336742 49522 583340 395260 818147 588868 158465 690240 442337 318737 356333 153308 193438 354777 870235 854462 136202 662434 157107 724327 892884 342379 500498 244352 744223 754921 670936 545561 515893 593313 970467 746954 618673 730409 464984 808832 847275 750011 326713 786702 198149 211782 609069 860278 127399 40726 675654
413778 428680 610097 634247 123485 264289 335578 62536 141162 601232 372912 358453 324926 122246 586493 332196 468208 290594 747448 549916 485612 477822 331239 571867 322524 590896 999999999 454587 422159 411883 638057 499455 341033 441501 241148 718405 304193 419388 269167 602442 133645 360701 466156 238237 494448 343736 598989 548778 570406 568731 391045 411984 580703 583580 550083 13876 452515 237827 189946 565477 280228 410612 387657 549966 534143 494851 511634 280538 315595 478407 204022 698800 258208 543822 344633 249136 398456 350119 561178 350833 116965 599727 711900 576601 280136 749163 166736 449309 354199 315612 534634 579469 400364 562997 384365 385901 319961 528773 613003 636742
754122 59242 965128 965429 376471 659880 331180 398066 585931 834819 289327 731591 136081 349287 151243 727693 17116 544000 599081 792833 282640 382932 127978 470266 203071 860264 454587 999999999 397429 745222 1010459 387390 666702 818048 479055 548663 657540 308286 384288 850658 324872 630924 308770 679305 42071 732222 925688 902116 175327 864087 729196 828539 441380 652327 810831 468090 880180 513846 305056 908710 713465 444916 791239 608524 876279 853244 925889 414219 639497 801247 254660 1007500 196442 104843 517976 699567 615915 120416 268345 796717 570626 532101 599636 123867 175531 627169 528806 446148 746968 649535 240881 655600 818970 922043 664386 840010 639918 747295 896099 437524
834882 338218 650635 632606 300971 447620 98469 412997 471490 461006 110738 780534 314314 418850 538072 752319 395748 680566 325325 427366 162127 69634 321590 149830 470083 500565 422159 397429 999999999 447040 706773 91570 758218 862639 615673 298696 402898 93076 154584 481711 335046 317326 644640 527283 407954 489880 593700 593490 358890 518537 438950 600706 164650 255294 452134 427715 661702 630224 259993 590991 686125 58428 553007 211393 561863 555951 679909 604507 731352 483452 313759 656683 344349 404022 186765 568507 271122 303830 256146 733918 488364 182815 291253 489367 357006 328225 582414 49154 774342 733492 249509 258259 809628 615831 346763 732858 735001 376129 540138 234126
718447 695468 219920 227740 396336 165028 443420 462862 310752 229323 500985 645101 614202 516721 896056 598903 752086 679854 686305 184252 601737 514095 623128 549029 694609 193397 411883 745222 447040 999999999 267549 533602 678441 697627 644429 686708 107699 520362 367099 218127 468391 129722 861570 266106 773729 114193 189971 156962 778720 160110 21023 194540 585552 389834 167110 402718 251759 630805 449459 164639 497995 391960 149114 387290 131919 110931 244539 692312 661779 66546 518415 287352 583728 796744 260782 308988 185234 625035 698104 484570 354697 530306 631286 863961 607734 663674 541314 428025 616377 654324 685746 380363 598264 177403 101774 431012 667636 199362 206322 663962
845178 961877 62365 116591 650230 374461 710373 696503 508637 332705 767640 771728 877738 754661 1160738 722862 1017907 866501 906595 326335 865115 771198 886570 791705 944615 265153 638057 1010459 706773 267549 999999999 789187 829920 798336 846372 916656 355165 784823 634610 304780 719383 393441 1102613 425508 1040019 294792 137426 113321 1045736 218765 281895 247553 832076 592783 293646 626320 246805 824007 710329 118823 621816 649656 254420 605163 145235 157426 174762 908901 820551 223345 775803 177402 841731 1064171 523677 447984 436257 890061 961187 568211 549634 761650 849094 1130289 866057 876823 731455 681818 734478 809490 950361 582628 684490 91188 361677 484550 826656 374829 232278 910791
908365 329576 731577 709457 376224 539188 164037 482967 559055 524500 140892 857266 334393 480314 514310 831482 381822 742900 255177 496299 110976 22656 339960 88321 497892 570458 499455 387390 91570 533602 789187 999999999 829027 940945 676093 220108 493817 95697 238806 547543 398961 404308 663837 617799 388388 580722 671311 676261 309429 593397 526651 691570 81775 284130 523523 506300 752676 694362 323697 672007 769731 141798 643661 243363 643955 641084 769375 655136 801608 566107 364468 727546 380912 370105 275430 658390 353140 316723 188837 821043 573543 145691 233098 460244 388430 267565 654345 107512 853506 804893 191454 289997 893007 698765 432335 822685 804871 443533 610827 143469
87439 668022 824834 867853 457572 513597 666013 346165 372425 898080 693488 91721 574570 355645 750247 126715 683573 130435 1081842 847712 795368 808501 576625 906648 468717 871531 341033 666702 758218 678441 829920 829027 999999999 161413 188410 1049120 580483 741348 608174 892584 431511 671356 495500 418743 708329 575494 840757 774241 825117 836746 658238 582960 910795 921453 839626 339000 589479 152942 505822 797820 212228 750855 586938 889446 772199 724444 663260 266297 28145 740722 480557 943008 499640 770887 681542 385643 721671 603594 854364 292082 330678 938528 1049377 766627 509896 1086425 175923 788558 130067 25723 824827 916737 221028 780565 687046 382002 26803 838274 883432 959134
88839 814381 805451 856534 564779 540636 777008 464867 421724 926029 812036 87435 716685 488514 908554 111020 834652 291594 1187857 878255 920802 919321 719754 1012469 624225 888848 441501 818048 862639 697627 798336 940945 161413 999999999 345416 1159800 613733 859228 708450 915738 554712 720080 656723 432334 860010 585542 835439 763657 970104 847368 679350 562072 1022196 994031 864458 435091 551533 307308 624725 789557 201089 846248 579350 966941 768662 719481 624244 426689 184625 753124 612634 934463 641184 921099 757419 388659 778905 745520 987720 230156 388917 1036940 1150283 922357 654248 1187640 297867 886735 89297 171944 959099 988011 115520 765341 728894 316249 186097 878525 893498 1077332
275559 483165 827450 859113 328181 485723 518599 213770 340542 841882 536184 262782 394000 196870 563150 272608 496005 68637 931263 790533 628401 657239 395085 758964 280310 829011 241148 479055 615673 644429 846372 676093 188410 345416 999999999 894068 537556 583619 476924 842281 280688 601799 327496 421596 520502 561153 826249 769267 640536 803704 623406 603631 756926 811605 789610 246851 628522 39745 355741 788877 303500 619363 592087 774759 759121 715868 697710 87290 162040 710699 313962 927982 320904 583545 577357 407196 638463 422842 678957 398070 297759 798487 904682 578303 328087 940873 118553 652492 287617 173635 648841 808559 373360 780630 624915 473885 161805 769912 848961 797422
1128398 498415 855214 819601 595569 728472 383790 703074 768639 606568 357976 1076659 532663 699262 643078 1049898 538083 961389 53180 595502 279188 240988 536470 151026 696307 666539 718405 548663 298696 686708 916656 220108 1049120 1159800 894068 999999999 672326 310449 453137 633965 618674 565686 849168 817996 535416 756370 785589 808670 411780 702765 685062 865286 138333 330587 627298 724749 926602 913480 543597 798061 984816 327618 816321 311835 775031 784104 930902 868443 1021678 702624 580714 817772 589399 494455 452556 861235 502238 509940 284870 1031018 786870 156589 88440 583518 593145 92961 874434 284637 1071930 1025001 309148 340431 1108322 831026 586696 1025092 1024914 543880 706608 111141
626407 611094 316248 332540 295836 74035 377684 355780 208739 317739 435686 554449 523602 410492 807008 510150 665789 574751 680270 267788 545386 472420 532359 525916 592653 293874 304193 657540 402898 107699 355165 493817 580483 613733 537556 672326 999999999 462782 293707 312369 366387 118093 756763 184499 688713 87015 295994 252928 708140 266148 86859 197810 556698 411625 259299 295035 258860 525012 355408 265905 412644 354393 150424 397500 233582 200421 281575 584614 562286 174239 420784 394784 486671 717336 221430 231399 185765 537203 640954 414770 252022 519801 628922 778841 510970 663952 436620 395267 528996 555787 624919 403453 522069 270384 117216 377567 568014 264808 311549 632671
822386 249123 730678 716589 296206 497082 91343 396667 494677 552285 47878 774243 240716 389169 446028 751083 305409 650986 348991 516947 82604 81928 246779 183607 403252 589393 419388 308286 93076 520362 784823 95697 741348 859228 583619 310449 462782 999999999 178365 572219 309869 391672 571665 563260 316315 549127 677226 671631 268331 604496 509951 658789 173916 344730 540466 427583 718588 603373 235890 671245 695597 148533 612753 301137 641039 630885 743933 560166 713649 562483 270514 744497 285219 310949 261191 600428 353511 225082 178543 753443 503724 237055 328789 396553 293025 363085 568164 139706 773020 717693 165548 348476 817936 693635 423147 763326 716654 466554 628426 218368
682846 331263 585593 582169 151489 320674 87596 266759 320727 457759 143946 626939 262294 283495 535423 597972 389315 538866 479437 412773 259127 216275 271231 304241 385479 477635 269167 384288 154584 367099 634610 238806 608174 708450 476924 453137 293707 178365 999999999 470988 200352 247265 564751 385201 409473 377917 542351 523526 414754 479824 353187 485643 317524 341135 428472 273994 544343 487110 133813 527849 531907 143457 441183 301400 495865 477471 574767 478534 581834 419244 204819 623245 257275 429698 138484 423302 234174 266747 352011 582339 334870 330666 442762 499281 277464 480045 432314 180414 619984 583098 333551 339646 655367 544402 280734 586957 585775 370957 512559 381410
935590 794473 243282 193349 555071 379960 521229 644365 521098 28439 570949 862558 733252 691190 1000264 816692 853581 884037 616808 58227 643048 534274 742174 527272 845302 40455 602442 850658 481711 218127 304780 547543 892584 915738 842281 633965 312369 572219 470988 999999999 627467 245931 1021320 484095 871013 330973 167493 221076 840278 92361 236830 387177 571380 303429 53142 595660 432167 833172 587563 198896 716065 424036 351421 325922 192795 231080 393847 879974 874636 167317 661654 184413 722110 878819 333453 527083 236925 736355 733877 700689 564227 485361 558950 958334 744199 583337 746942 443708 834355 868006 730392 293543 815513 238556 218668 641511 880373 105667 74743 647572
513213 295719 682627 696128 73040 350270 238518 90190 261159 620208 261998 468320 192350 84184 463118 449690 337647 345674 653445 570660 366402 379150 199115 479678 226370 624409 133645 324872 335046 468391 719383 398961 431511 554712 280688 618674 366387 309869 200352 627467 999999999 382565 395691 355505 363633 427890 658062 619310 437019 612844 449154 514096 480544 540858 578411 146317 561841 295951 75551 631509 409998 340276 481669 501649 598916 566668 613434 278315 403785 532243 70966 752005 131032 410958 319019 374699 398747 216794 434687 484069 246888 517844 624820 448182 154795 661273 259459 372123 471225 407991 406945 538944 526860 636601 412814 518613 406788 538360 653092 527672
725060 578507 340958 334906 309807 189497 317775 399354 301912 241646 374572 655306 504521 445287 782162 613348 636397 647870 569695 190701 472599 384579 513527 423816 603567 242015 360701 630924 317326 129722 393441 404308 671356 720080 601799 565686 118093 391672 247265 245931 382565 999999999 777676 298533 656735 193543 295086 280524 652852 235443 122533 300118 458627 293552 195927 355221 361231 595891 348186 282229 519856 262543 251145 280587 250948 239411 367692 635312 650619 173047 421195 378364 484010 675389 131182 345879 68085 512090 568910 529761 341330 410599 516706 746530 507069 550888 513803 299492 633233 645959 557207 285361 633762 302295 33478 495550 656027 168861 272403 536597
574720 351918 1071058 1088936 468731 728165 553950 406261 603803 1012525 536095 581630 331485 348009 303821 598061 323017 366786 897509 963914 572686 653301 325006 751611 179340 1019684 466156 308770 644640 861570 1102613 663837 495500 656723 327496 849168 756763 571665 564751 1021320 395691 777676 999999999 698799 335796 807825 1051540 1008446 479777 1008466 841751 877293 730417 891938 973168 478702 914307 366738 436086 1022620 628519 676523 853778 848807 990346 954914 976508 240237 474409 926420 361910 1146963 308420 397141 700118 698498 788399 347130 575341 722846 569545 808426 890884 345206 290847 921490 432808 692628 611297 488660 546679 892652 699464 1024287 808334 793219 471986 928495 1048761 738804
453115 644952 411280 450377 306175 110465 471966 300772 97098 493756 525080 379407 544380 360408 818411 332866 691288 441513 833444 445953 642548 595217 551921 667371 560752 458849 238237 679305 527283 266106 425508 617799 418743 432334 421596 817996 184499 563260 385201 484095 355505 298533 698799 999999999 716839 157435 422213 357292 770791 420489 247323 182513 690783 588259 432403 224602 215564 398501 382460 379980 232009 490519 172569 569041 353627 306313 279322 488279 404958 324740 424752 524635 486452 759196 370849 47359 363363 565727 732059 231230 129659 673247 786223 803026 509942 822661 305957 533479 350276 395829 710301 580777 337694 365517 301623 207277 410992 448226 467149 761172
795731 78313 993403 991632 412480 693957 349829 438683 624247 854162 303378 773597 172463 390723 130427 769762 26394 585100 586904 813546 279829 386369 164978 467853 243170 882260 494448 42071 407954 773729 1040019 388388 708329 860010 520502 535416 688713 316315 409473 871013 363633 656735 335796 716839 999999999 765057 951818 930687 143982 888187 758272 863062 435850 660911 832745 507856 915579 555531 339369 936376 755082 458443 824831 617409 904119 882624 959764 454452 681188 828266 292960 1031442 236738 65276 540033 738174 638140 152967 251333 837902 610056 530915 591430 90270 216519 617196 570854 455825 789038 691318 226316 664777 860950 950956 690207 880182 681555 766751 918842 424592
610217 688199 267497 298586 361410 79673 463072 401728 220645 343315 520898 536298 596879 459901 880031 489241 741397 589291 762430 298367 631715 559379 605430 611193 651467 303312 343736 732222 489880 114193 294792 580722 575494 585542 561153 756370 87015 549127 377917 330973 427890 193543 807825 157435 765057 999999999 267687 208142 791079 263304 98818 110848 642820 482991 280880 332315 172056 542895 427529 228080 387265 440937 63626 473317 199419 154748 197177 618216 560777 167939 488043 370269 553864 796707 307457 197315 261066 612486 727033 370428 263939 602576 709970 854772 578276 744345 451055 481462 505945 552191 710448 474188 484579 220398 181299 318235 566761 309979 309903 719144
869638 873581 75821 39839 585736 340543 610254 651745 486867 195310 665662 795297 797624 706315 1076925 747067 931386 856644 773230 191171 754922 654786 806612 666134 884088 127730 598989 925688 593700 189971 137426 671311 840757 835439 826249 785589 295994 677226 542351 167493 658062 295086 1051540 422213 951818 267687 999999999 74281 943237 83066 209911 275662 707995 458634 158754 589110 304071 809590 636021 47046 644094 535494 256856 473784 68587 116778 249368 878526 827144 126287 706408 102602 771234 969663 418248 456503 323734 806404 849826 608759 530631 632094 715513 1041609 795013 742271 718181 563953 761885 818019 841655 448496 726689 82074 261620 535938 833170 241751 96567 786257
800120 852421 63518 93777 548470 285484 597942 604437 428729 246477 655005 725795 770693 660971 1052877 677317 909040 796171 800914 228419 751821 658113 779596 680738 845577 180902 548778 902116 593490 156962 113321 676261 774241 763657 769267 808670 252928 671631 523526 221076 619310 280524 1008446 357292 930687 208142 74281 999999999 933230 128740 173232 202412 720499 489289 196406 538014 229894 750516 604903 27299 574401 536457 187579 498374 33667 53933 177779 825685 761689 110173 672493 170893 738165 953220 410453 388776 323181 781880 847876 536040 471828 652862 743813 1020914 762334 772848 658387 568986 691564 752032 837153 479172 654030 22594 248510 462059 767753 272239 160008 799273
912308 157371 993742 982823 467013 728031 335366 522875 685367 819874 278291 882760 254002 485164 231874 873216 159197 707559 464687 785239 200992 315382 250458 373765 373921 857718 570406 175327 358890 778720 1045736 309429 825117 970104 640536 411780 708140 268331 414754 840278 437019 652852 479777 770791 143982 791079 943237 933230 999999999 872029 766186 896451 334412 593502 808753 582654 953240 672660 390135 934747 845295 416246 853738 552243 903756 889632 988254 582660 797309 825551 368289 1012617 329301 86784 525135 799160 620164 225599 132036 921086 679652 437841 478175 172032 315994 499358 674171 400473 893632 806031 118960 599186 958429 954783 685415 952084 798372 734619 896685 304440
873499 810305 156415 117574 539825 324494 542196 616862 470785 117977 596088 799602 739527 668305 1015149 752494 868783 839923 690166 108135 680474 577633 748532 584956 836723 52459 568731 864087 518537 160110 218765 593397 836746 847368 803704 702765 266148 604496 479824 92361 612844 235443 1008466 420489 888187 263304 83066 128740 872029 999999999 181023 303359 627316 375572 75689 560244 344286 790718 583159 107287 650312 460121 272367 391034 100877 142292 302417 849183 820747 96029 655587 143423 719026 902539 349492 460312 252300 746193 774480 626654 514759 549671 632447 977331 742249 659264 701410 486474 769003 812918 767641 365433 743256 146676 202702 562047 826646 158889 46706 705300
699026 680083 236613 247236 377364 144664 431225 442333 289971 246819 489043 625834 597476 496467 879824 579866 736351 658907 686287 200376 591752 506720 606375 545350 675472 213334 391045 729196 438950 21023 281895 526651 658238 679350 623406 685062 86859 509951 353187 236830 449154 122533 841751 247323 758272 98818 209911 173232 766186 181023 999999999 188018 580861 394313 185119 381814 247066 609813 431856 182751 479329 384853 140748 389440 150041 124484 246106 671431 641388 87488 500153 307980 565634 782448 252210 290908 182827 608884 688129 468128 333888 529022 631869 848536 589718 664844 520387 422024 597543 634044 675032 385049 581041 192849 98367 416964 647231 211467 227142 658975
602129 787353 244396 294576 452962 169472 571737 473606 273794 405626 629276 528072 692503 533365 973867 479274 838687 620341 869771 368342 741308 670218 700776 721136 731251 352308 411984 828539 600706 194540 247553 691570 582960 562072 603631 865286 197810 658789 485643 387177 514096 300118 877293 182513 863062 110848 275662 202412 896451 303359 188018 999999999 753311 582301 343967 399027 61441 579298 523749 228964 377016 551688 48984 576332 211844 163517 99873 670699 573117 221550 578734 372714 643630 897992 418035 200670 366096 710095 836250 333723 311147 710650 816440 951995 667883 850186 487017 592037 492358 562207 818982 573059 451717 203271 283073 260879 579221 391858 346169 829830
990110 386294 772553 744746 457635 607114 245609 564742 636105 546188 220839 938740 405412 561548 555455 912540 433419 823967 175117 524674 159302 102896 410158 45479 569730 598595 580703 441380 164650 585552 832076 81775 910795 1022196 756926 138333 556698 173916 317524 571380 480544 458627 730417 690783 435850 642820 707995 720499 334412 627316 580861 753311 999999999 282936 554237 587320 814719 775700 405367 713570 849349 203006 704756 249116 687400 689531 826264 733904 883366 611194 444358 754900 457085 406910 335372 732607 401006 385131 203055 898501 652285 105579 160467 498275 462823 192093 736113 161435 934569 886668 217289 290903 972761 743092 483812 896929 886617 471444 639321 78787
986440 593085 530621 491116 483735 481702 338263 597973 572919 275981 365526 921628 565734 622765 790187 884098 650028 869775 314724 267484 393516 279201 573508 237458 714038 336742 583580 652327 255294 389834 592783 284130 921453 994031 811605 330587 411625 344730 341135 303429 540858 293552 891938 588259 660911 482991 458634 489289 593502 375572 394313 582301 282936 999999999 299901 583686 641133 817038 474266 475577 798130 215541 534533 43921 455788 472622 630735 819152 897318 389711 541909 487205 585152 650652 239917 635450 226064 557625 470807 818540 605434 186119 256936 739006 601246 284052 749986 206288 905178 895750 475513 10155 916997 511022 301698 788772 902022 217999 376481 353822
883205 755538 231306 192402 505718 327379 483850 592863 468008 62680 535645 810326 690544 640522 961197 764678 814473 831017 614477 32696 614239 508674 699512 511356 798100 49522 550083 810831 452134 167110 293646 523523 839626 864458 789610 627298 259299 540466 428472 53142 578411 195927 973168 432403 832745 280880 158754 196406 808753 75689 185119 343967 554237 299901 999999999 543121 392365 780224 541086 178720 664410 393812 305540 315705 164596 195289 360386 828199 821583 122421 614867 204607 676307 843441 292904 475929 194921 694959 707031 651226 511104 474670 556761 920945 698779 583675 693846 417466 782527 815011 701640 289760 765327 216587 167253 594454 827313 83642 88019 631847
409941 441711 599078 624073 131379 253060 342704 76236 127570 595033 381443 352953 338025 135810 600311 325219 481637 293898 753029 543684 494952 484509 344424 577529 336208 583340 13876 468090 427715 402718 626320 506300 339000 435091 246851 724749 295035 427583 273994 595660 146317 355221 478702 224602 507856 332315 589110 538014 582654 560244 381814 399027 587320 583686 543121 999999999 439093 241393 200251 555061 270080 414386 375314 550774 523893 484081 498599 289652 314092 469264 216944 689277 271763 556894 344186 235260 394925 363012 571610 338951 103159 604111 716684 590223 293795 753989 166384 453640 347249 313437 545314 579355 391020 551957 378066 372681 318639 523702 604790 644425
