NAME : synthetic_000598
TYPE : CTSP-D
DIMENSION : 100
GROUPS : 8
RELAXATION_LEVEL : 1
EDGE_WEIGHT_TYPE : EXPLICIT
EDGE_WEIGHT_FORMAT : FULL_MATRIX
EDGE_WEIGHT_SECTION
999999999 401545 697366 579355 398412 312302 55833 177569 877165 519573 225949 633366 636156 186420 704064 115625 621120 884672 539693 500753 699791 675337 706270 182092 709463 139861 677676 730561 91774 239797 865670 478259 677822 318239 498859 253667 393518 721030 729225 124590 399245 649145 573297 494048 939598 677725 115473 405988 594374 639161 738199 569754 593082 25173 351741 324016 853159 392852 609591 782929 71775 689360 681301 212770 527721 805865 610711 348284 740337 203076 193364 291062 614890 349993 266223 293027 621192 215450 459701 366442 461784 582891 120435 489670 177231 661332 503127 156492 502402 348219 801406 516465 879761 436452 608502 787877 529206 580455 324927 522626
401545 999999999 651982 656603 448486 700890 380633 312026 522295 350753 176105 422242 482004 236406 403791 404709 238142 486388 414799 446172 340897 335027 680384 556711 616815 540506 278281 429930 428871 640863 490460 423676 490540 449204 265867 151547 286426 507159 537203 286065 57075 424618 451772 453762 562515 685210 509177 17304 316102 415829 338034 303666 257285 426184 456850 512944 464268 549089 454138 432017 347986 414659 382580 476900 312404 420086 474527 75585 352046 600986 513654 199244 658925 737777 371366 268718 343932 446620 350221 81531 248564 181400 312425 90446 364627 402709 170740 253355 147441 281257 412612 134857 482229 510905 230502 387423 189441 179500 714620 369521
697366 651982 999999999 206141 1018110 945646 735101 532079 632770 308707 632033 301703 210159 583359 450069 587569 824601 821152 1053940 215503 575788 953361 38619 675496 80725 747783 716618 1063036 623974 807322 691484 240385 249866 970239 916648 666749 904515 1158636 252973 621246 595110 318993 1092291 1067475 740791 89650 786321 669267 964669 319655 754957 409390 890433 712314 995461 417684 741278 358621 1101745 580691 719055 1058828 1020460 903501 360742 701806 197707 693112 681822 759738 586586 777195 151265 978014 893366 447861 991275 895851 978940 575972 407507 704505 733335 695589 826123 374419 817317 691327 788175 401694 935416 606805 811212 273167 828023 786799 532355 723999 952960 287479
579355 656603 206141 999999999 945766 784237 626488 443107 781739 375423 581573 426843 345899 516196 580915 463775 867415 937248 1020653 236006 685084 985385 186083 514118 275028 597363 795446 1085966 493665 640589 826906 250122 401180 882684 905154 623585 863763 1154343 424207 535392 604369 448849 1059056 1014393 885878 131498 648247 673297 970701 445241 844062 496818 912152 588570 912317 261455 864250 192177 1077751 713523 618455 1070678 1039100 792097 432573 819399 318776 676496 784794 596340 430167 731711 56103 813496 813300 401196 999089 791999 940288 575115 447603 757527 644710 721871 734467 501691 827269 617283 803204 375886 1006500 653677 927939 155095 866557 883670 592331 773059 789676 354469
398412 448486 1018110 945766 999999999 505197 342732 502735 958013 757821 387825 851781 892720 436431 852072 503066 528563 861632 205493 803312 781461 496639 1036751 563074 1006153 482616 671589 487310 488902 548752 912068 778387 914958 94497 294013 359097 178087 398770 965235 410377 493093 858649 222616 115504 978501 1021811 410446 437124 375918 849081 718438 743759 440222 403378 61537 708711 868337 773456 272065 872571 338158 430471 450376 235551 735910 832672 876742 375721 766075 541339 591593 257145 970855 529329 134470 570262 389562 207161 166239 488193 663644 574407 303194 486954 221616 845047 396988 330108 422331 617943 679474 577491 861204 792275 510671 759429 637887 557694 518298 771078
312302 700890 945646 784237 505197 999999999 320781 478307 1189425 819607 530681 934297 925018 498687 1014709 381599 900019 1187275 703227 775471 1011534 927389 945352 271235 974595 202804 979167 956246 341718 145365 1176456 756152 971958 412471 727294 549347 599285 898827 1021996 436715 706416 951695 725874 620700 1250303 904624 196940 702328 825020 941898 1038690 879780 850413 287531 443662 529816 1160872 594979 773395 1095182 353459 905379 910983 279682 834067 1114364 896905 637748 1047850 187935 359225 546664 832013 37691 424617 596183 847443 315293 640085 675620 770971 880906 389519 784372 366425 968428 769932 447556 777480 649178 1078297 823645 1183041 672480 885183 1087821 840881 875365 14270 819569
55833 380633 735101 626488 342732 320781 999999999 205330 874275 538236 210314 650260 660400 189786 709559 165482 589757 866853 485861 532674 694398 635568 746084 233410 742397 176779 658845 685369 146485 272281 857462 509293 698871 263880 452573 229308 342408 669326 750676 129879 386074 664630 518959 438403 931149 720277 129743 382857 549302 654564 718659 577217 554266 66404 296931 374839 840260 442804 556165 780157 32690 642307 636591 168558 540622 793978 636493 320453 727243 242166 249191 248201 659763 357984 210392 313274 575477 165514 406592 356357 471646 561380 75917 465737 121409 672332 466606 127521 468876 368958 769885 503123 862493 480140 576197 767984 524089 556909 334353 543424
177569 312026 532079 443107 502735 478307 205330 999999999 723548 343295 162178 457656 458644 86532 539111 106716 549898 763483 590282 327358 553355 634921 545187 263447 537116 281398 564161 713850 142864 375204 722342 303972 500445 443204 499924 207062 432355 745412 551757 92594 286454 474264 627910 573886 795886 523737 286948 323129 583003 464375 624843 403761 552568 198530 471262 223786 720334 279485 652965 630163 187077 684330 663970 372464 355798 671494 433471 289964 610138 327695 204683 302277 468974 515509 370965 117909 611813 363772 508160 248747 294501 481036 204096 401266 296219 490196 459091 174851 446667 171847 724038 394925 757228 289672 541360 674232 386942 484993 489670 345479
877165 522295 632770 781739 958013 1189425 874275 723548 999999999 436979 666605 355690 437376 690748 206234 829866 475988 238390 864116 565075 182158 591175 671294 983988 554408 1002299 304492 699200 866296 1098422 84358 563753 386157 969909 701514 660999 782733 855941 381167 752716 495753 333284 892739 935206 108481 715648 992489 529357 679474 337707 284420 329822 581911 902053 974709 815355 158614 805507 871563 94247 842623 729582 680317 994911 393155 155786 463094 597692 205142 1051233 910910 720608 745731 1227115 893333 612782 692526 966509 826549 520092 434744 388472 817961 471059 883163 282891 576128 755610 545201 570813 457904 387449 228803 714421 491666 274890 350421 408376 1202091 451621
519573 350753 308707 375423 757821 819607 538236 343295 436979 999999999 375160 114691 135266 353250 231392 438784 516887 564159 762565 140059 312755 644798 341207 579057 266352 618909 422907 754348 478472 705336 466245 131437 161957 727852 616558 398883 621607 853733 213864 408869 293803 132871 800243 789113 532131 358841 630224 367765 658332 123405 469335 122110 581997 541478 747058 380759 494649 368623 804736 355210 512759 751021 712017 695103 57431 448052 123937 402018 409820 655820 496707 503504 355883 856377 646720 226562 684409 677735 692473 281354 102191 398328 509438 387396 597527 161902 511200 454093 481168 171498 638280 298642 555114 280008 519752 508284 226553 416974 830411 22083
225949 176105 632033 581573 387825 530681 210314 162178 666605 375160 999999999 477444 508473 75687 512093 236720 404358 659102 439233 416640 485636 477646 652506 383295 618334 364470 451807 552499 256301 464847 647404 391718 535830 352694 338278 45022 282211 585230 587278 111456 175783 487845 477573 437725 721011 642179 336063 181906 420928 477867 512273 385434 394669 250802 372437 384432 630200 435430 498168 572831 177856 522181 502533 335148 361892 583733 490698 133183 517180 424935 348683 150240 598314 568036 271605 186193 449710 311749 358725 146770 289022 357172 151855 265427 228330 485301 301141 89550 292488 230607 583272 292965 654361 426725 393576 561937 316270 355532 544094 386495
633366 422242 301703 426843 851781 934297 650260 457656 355690 114691 477444 999999999 91589 463099 154725 553419 545649 521627 836710 213367 274124 678213 339448 692254 235376 733539 419945 791814 593130 819399 401057 216737 70243 828732 682512 495992 704845 907745 115029 520485 367993 22819 873290 873146 459043 373991 744600 438088 710781 18669 454667 125328 625611 655544 845759 483094 443821 461319 872264 287801 623872 796578 753722 804180 116185 402182 110553 483836 380129 769804 608678 594915 393819 971067 747186 340428 734739 785196 771878 365035 189146 423019 617691 437820 703609 75587 567028 560311 534733 285812 638810 336942 511832 365392 552110 485254 257760 444539 945100 117243
636156 482004 210159 345899 892720 925018 660400 458644 437376 135266 508473 91589 999999999 480822 243251 544255 627105 612613 895738 160719 365713 758537 247859 670670 146726 722314 508883 870896 584054 801466 488460 173757 57939 860825 746869 533651 756450 979461 99281 532979 425564 109920 933164 924143 543213 283448 742277 498713 782883 109736 545385 205443 701617 656425 880851 440746 534027 407786 935955 375849 636995 872222 830961 821643 170691 493152 31524 536305 471668 751704 583477 638753 308355 960823 780007 347430 807967 806238 826763 415582 234986 505053 637788 509644 727588 165528 636872 584659 605606 291975 727911 413055 602765 308394 632321 576667 335132 525785 934862 121985
186420 236406 583359 516196 436431 498687 189786 86532 690748 353250 75687 463099 480822 999999999 520417 168314 471724 706501 508188 370367 513657 551122 600742 321609 577784 316661 502171 627914 193757 416102 680221 345641 515076 387645 413499 120530 350245 659557 567012 62110 220923 476544 546184 498323 754167 585556 301767 245471 496606 466462 563111 387528 468396 211353 412138 309527 670415 362483 569332 596510 161428 597868 577979 341857 351666 622515 459494 205745 558129 372557 278229 218764 536847 536378 310015 137357 525393 325418 426580 185292 281983 412852 156973 326821 247734 482672 374803 108037 364127 190357 648620 336104 700991 361151 462084 612882 343227 414178 511346 360694
704064 403791 450069 580915 852072 1014709 709559 539111 206234 231392 512093 154725 243251 520417 999999999 643259 456951 371358 799705 359358 137228 588988 488484 793271 377264 820491 304156 703952 681367 913290 246343 357543 201010 846097 637505 517458 688009 838482 215669 582103 360738 133822 833518 852733 305888 526633 819146 416081 644921 136104 325175 135352 551402 728182 857220 611407 291271 599537 823651 133083 679643 718743 672199 847222 191555 252318 265092 476633 241852 864847 716012 598672 548544 1052253 765597 423446 665129 822870 745810 373618 244616 338964 662727 386308 738905 79284 512755 601124 479326 376328 516021 283059 361360 508201 467435 347531 214418 361929 1026666 245466
115625 404709 587569 463775 503066 381599 165482 106716 829866 438784 236720 553419 544255 168314 643259 999999999 639478 867837 624290 399265 660067 713456 594535 157361 604925 180125 666409 782857 39887 270031 829031 378360 590430 428493 558313 277420 470218 794887 640652 129084 386124 571356 660061 590643 902593 563977 200873 413677 648378 561672 727291 508010 630339 126044 460783 209375 826295 277652 691601 736631 164915 747759 732854 328394 457001 777564 516769 369901 715613 221796 112433 350174 499945 418016 368747 219857 676584 330063 542241 349123 398877 579832 203855 495106 282365 591208 537077 207192 529208 270022 816866 498029 861800 322473 629395 776903 493306 581964 392024 438109
621120 238142 824601 867415 528563 900019 589757 549898 475988 516887 404358 545649 627105 471724 456951 639478 999999999 334701 395839 640155 334081 133169 857953 787463 773017 760819 172015 247962 660657 859963 411125 621174 614963 569336 240970 368854 352699 385973 650444 515722 274908 538249 421032 478680 468023 874142 719130 226850 203541 532428 200477 422141 106214 644402 562357 748345 353837 779960 396384 411109 558511 262854 215474 643940 463888 328086 630214 273512 270847 824023 749935 354440 860923 935166 508788 500500 217189 608786 374000 311171 424584 122653 515059 152123 538235 495617 136169 465176 122651 502363 180324 218344 335156 731183 17971 234640 292745 101328 914198 538672
884672 486388 821152 937248 861632 1187275 866853 763483 238390 564159 659102 521627 612613 706501 371358 867837 334701 999999999 726216 703958 252163 414648 859457 1024984 748522 1021454 208143 507601 898530 1121609 154450 695013 572354 895687 575528 637935 684264 674258 582613 763800 486271 502751 747906 812731 167310 895613 994775 485542 525040 503136 149709 442078 434375 909674 891960 909278 84137 916886 716664 245734 834175 549129 500982 953424 508715 119462 631452 552331 158638 1078976 966340 661662 911014 1224159 828703 672471 529966 920318 708689 521209 518299 307922 798504 405632 842582 447137 464926 739725 442004 646490 244626 370489 10198 838987 352662 103153 383423 317014 1200994 584069
539693 414799 1053940 1020653 205493 703227 485861 590282 864116 762565 439233 836710 895738 508188 799705 624290 395839 726216 999999999 840507 702225 324959 1078725 718868 1026457 650221 561368 290420 621449 729015 804834 816211 905293 292113 163829 397179 158004 195611 951513 506600 470458 838151 38557 102097 863710 1074741 582696 398685 203901 829629 596219 715944 292106 552007 264485 812517 749638 869681 71548 789055 469569 232073 260622 425384 726997 722080 886431 361693 660892 713450 727868 289659 1035541 729669 289030 621596 207332 391736 82418 481572 660970 477833 423559 413416 371962 811941 290601 421051 323350 657514 514732 517000 727788 865925 378464 629254 591150 456709 716782 780029
500753 446172 215503 236006 803312 775471 532674 327358 565075 140059 416640 213367 160719 370367 359358 399265 640155 703958 840507 999999999 452179 763154 238247 515119 209805 572907 559783 868494 438294 647108 601427 24932 216714 758002 707588 451298 689728 952918 259595 412481 390390 236149 878964 852080 664689 239062 599982 463433 761934 229847 608056 262092 694335 518606 782229 280029 633350 249710 890241 488860 513530 859018 823592 699466 196815 587292 129477 481250 549875 597541 426738 561819 221315 810411 680058 233599 789410 688920 764558 367219 215876 526234 523431 500247 615989 282397 615242 478362 588106 186194 772379 423234 694846 152219 640898 647857 358045 543037 784591 119906
699791 340897 575788 685084 781461 1011534 694398 553355 182158 312755 485636 274124 365713 513657 137228 660067 334081 252163 702225 452179 999999999 462841 613572 816315 507065 828247 170791 577018 694998 925899 169221 444036 331635 789551 538397 478956 608533 719834 351780 575207 313689 257281 733474 766174 242545 646681 814698 348691 531350 256143 187951 191080 434830 724843 795509 670834 182685 672093 717832 91369 662468 596793 548885 812777 258381 135342 382140 416442 106556 879762 748109 539795 659347 1049188 712242 448484 548797 784360 657520 338892 278435 225781 636567 296240 701006 202718 411625 574289 379050 413268 378919 206324 242880 590129 346751 212435 170653 248051 1024429 332281
675337 335027 953361 985385 496639 927389 635568 634921 591175 644798 477646 678213 758537 551122 588988 713456 133169 414648 324959 763154 462841 999999999 985923 851542 903916 811837 294705 115010 728808 907557 519133 742999 747721 556876 207150 436039 337971 265135 783574 585067 382494 671182 340462 421464 567140 999629 760857 320011 122654 665240 307085 554161 83137 696453 541945 845952 453744 884031 304423 534722 606994 138524 89218 655898 593279 437373 760536 345381 388586 876870 825814 387752 982420 960284 511666 603742 118763 619489 330866 415157 549309 255569 559709 263675 561083 628785 176507 520203 189451 613509 189861 346782 417933 843787 126243 327350 423475 233708 941653 666308
706270 680384 38619 186083 1036751 945352 746084 545187 671294 341207 652506 339448 247859 600742 488484 594535 857953 859457 1078725 238247 613572 985923 999999999 674346 118178 749738 752810 1094852 629850 805187 730096 262704 288437 986102 944042 688584 927799 1187484 291200 635729 623756 357066 1117170 1089352 779348 58468 791351 697687 994375 357518 791920 445089 921754 720120 1012181 415666 779726 353186 1127929 619251 731488 1089412 1051732 914641 394533 740080 234010 718941 719462 758383 586210 799273 129984 976919 910299 467005 1021253 908444 1002759 603182 438273 738496 748050 726785 840732 412563 847077 708347 818435 423321 971414 639816 849530 274732 860958 824258 566296 757675 952161 319617
182092 556711 675496 514118 563074 271235 233410 263447 983988 579057 383295 692254 670670 321609 793271 157361 787463 1024984 718868 515119 816315 851542 674346 999999999 707801 93404 822767 911159 127926 132719 985443 497967 721396 474561 680286 419487 575242 902540 769453 271840 541843 711699 751380 666367 1058848 633410 163264 564311 775073 702389 883697 658754 768671 167029 509719 258693 983598 323894 789401 891301 253866 870935 861653 343627 603890 934828 641060 514547 872975 84256 89459 471536 561053 302633 437195 371357 802209 361329 639970 505277 550455 734460 302496 647063 349109 736698 676905 331786 672783 417039 966567 654897 1019014 402513 776251 933385 650384 735473 277816 575134
709463 616815 80725 275028 1006153 974595 742397 537116 554408 266352 618334 235376 146726 577784 377264 604925 773017 748522 1026457 209805 507065 903916 118178 707801 999999999 773563 654986 1015629 643113 840497 615333 233650 176323 965043 882682 649252 881589 1119756 173505 621925 559776 250062 1064424 1047394 662685 169604 805700 633900 923916 252246 689864 352009 845108 726582 988150 455076 667521 403206 1070380 505823 723312 1015176 974845 909267 311997 629582 144110 664844 613583 791767 618342 758139 223301 1008352 886091 440430 949630 898462 954277 545022 368421 651261 732334 651654 824643 304383 777045 685367 746561 389178 873968 557582 738490 308862 777808 719255 480497 671758 982842 247308
139861 540506 747783 597363 482616 202804 176779 281398 1002299 618909 364470 733539 722314 316661 820491 180125 760819 1021454 650221 572907 828247 811837 749738 93404 773563 999999999 815269 861789 140525 100387 995909 553410 769673 391365 628774 393493 514734 838969 819504 257709 535219 751463 680760 590084 1069821 712106 73363 545424 725825 741765 875990 685147 730158 116478 426682 337217 987053 405375 721541 908393 204900 817895 813164 255672 636190 939175 694121 488137 874662 65446 167284 424888 641776 238541 362967 398257 751782 276976 574119 501011 575892 721633 252296 629130 278383 770559 641319 295771 641622 449735 941130 651813 1016264 475264 748052 925743 658609 719733 212565 618064
677676 278281 716618 795446 671589 979167 658845 564161 304492 422907 451807 419945 508883 502171 304156 666409 172015 208143 561368 559783 170791 294705 752810 822767 654986 815269 999999999 407792 695432 915584 244056 545606 484958 697113 400376 429820 493624 556153 512538 558015 281248 407574 588993 637023 307291 778358 787026 277485 375179 403907 60947 308119 277549 702589 696370 727971 197066 744778 567076 240357 626178 431111 382405 747451 365612 162188 518939 344736 99699 873813 768582 457064 778722 1016029 626828 482717 389157 714962 529211 317490 351645 101341 590371 198777 636044 357616 278003 531635 249795 465374 219028 169571 204238 677639 187289 110712 205829 114452 992901 444781
730561 429930 1063036 1085966 487310 956246 685369 713850 699200 754348 552499 791814 870896 627914 703952 782857 247962 507601 290420 868494 577018 115010 1094852 911159 1015629 861789 407792 999999999 793539 953256 624215 847514 861533 561963 233179 508486 357033 168805 898020 653837 481670 785269 293010 392500 667113 1106381 804401 413632 136192 779157 414951 667299 174253 749516 540707 931471 555769 974202 246795 646830 659680 58522 50033 677988 704131 543990 871861 425624 499211 927234 894949 439672 1085878 986776 532051 696016 110165 641755 324792 511419 656895 369944 611055 368591 595456 743470 260580 580692 282793 711156 266256 458056 512246 940758 239904 429256 535825 347788 970364 775581
91774 428871 623974 493665 488902 341718 146485 142864 866296 478472 256301 593130 584054 193757 681367 39887 660657 898530 621449 438294 694998 728808 629850 127926 643113 140525 695432 793539 999999999 232346 863665 417645 630316 409940 565709 294063 470374 797192 680523 145102 414306 610964 656258 581585 937377 597637 162730 436682 658097 601257 756377 546039 645714 95599 443291 234955 859052 304476 690108 772797 153532 756129 743686 301320 495952 810536 556478 388516 747742 184984 106421 356270 531957 378167 355671 258305 685884 306524 540127 378000 436804 606580 197908 519259 267296 630259 553122 213218 547430 309262 839336 528133 892733 356384 649804 806107 527088 607551 352177 477942
239797 640863 807322 640589 548752 145365 272281 375204 1098422 705336 464847 819399 801466 416102 913290 270031 859963 1121609 729015 647108 925899 907557 805187 132719 840497 100387 915584 953256 232346 999999999 1094048 629454 851242 454708 720105 493428 601504 921157 899907 357808 635340 838207 757303 660789 1167900 762763 149075 645673 817837 828706 976325 778033 826485 215816 489463 389800 1086447 452983 800562 1004783 302186 907517 905226 313686 726455 1038408 772193 587793 974231 49781 222163 519848 689343 172911 439999 489873 843092 342097 656158 600885 668872 822015 348188 729374 361395 860369 738759 394799 740119 539154 1040285 751748 1116360 534653 846939 1026084 756846 820041 149451 702739
865670 490460 691484 826906 912068 1176456 857462 722342 84358 466245 647404 401057 488460 680221 246343 829031 411125 154450 804834 601427 169221 519133 730096 985443 615333 995909 244056 624215 863665 1094048 999999999 596831 441848 931177 644405 636278 734776 784246 444379 741275 472373 379897 831590 880992 73947 771009 980000 495038 614063 382445 212880 349354 517270 890804 933237 835716 74555 832710 807381 113389 825165 657595 608305 967244 416258 83042 511297 564319 146180 1048248 917232 684622 794861 1214030 857195 617563 625019 937061 773005 501137 445344 337699 796422 428091 854975 325605 521644 734644 492498 581168 376701 357508 144729 746253 427749 195861 337300 355241 1189552 483493
478259 423676 240385 250122 778387 756152 509293 303972 563753 131437 391718 216737 173757 345641 357543 378360 621174 695013 816211 24932 444036 742999 262704 497967 233650 553410 545606 847514 417645 629454 596831 999999999 227708 733286 684197 426484 665130 930026 273032 388317 368245 239239 854685 827284 661541 261726 578778 440903 739662 232142 595198 253061 673282 496505 757417 269169 626074 244669 866325 485001 489734 837176 802270 675737 186362 579369 143399 457406 539630 579776 410210 537039 239773 791372 655246 208759 767269 664831 740056 344222 198107 508651 499039 479690 591534 282310 593227 453610 566496 161312 756491 405182 686060 150674 621465 636018 342227 524926 765495 113340
677822 490540 249866 401180 914958 971958 698871 500445 386157 161957 535830 70243 57939 515076 201010 590430 614963 572354 905293 216714 331635 747721 288437 721396 176323 769673 484958 861533 630316 851242 441848 227708 999999999 888349 752006 557253 771419 977979 51937 569973 435600 77587 942070 939696 493251 329881 786288 506615 781013 82580 516384 195559 695764 698946 906650 496297 491765 465069 941737 330829 674014 866727 823730 856927 180128 453310 89123 550314 438184 801463 635114 658783 361275 1008153 807000 385884 804981 839692 839427 430540 251409 492310 671387 507996 759375 129132 637120 615910 604887 330220 703128 407169 562343 365878 621722 544058 327976 514013 982162 155491
318239 449204 970239 882684 94497 412471 263880 443204 969909 727852 352694 828732 860825 387645 846097 428493 569336 895687 292113 758002 789551 556876 986102 474561 965043 391365 697113 561963 409940 454708 931177 733286 888349 999999999 349804 333465 220404 487501 939660 351096 485768 837925 313438 209153 1000434 966793 318546 440861 440874 828067 748541 728925 491756 319912 35317 637169 893819 703986 361413 880854 265429 507091 521263 141184 712659 854757 842163 373689 786861 448678 509353 249960 911592 437876 81583 524801 458429 114458 237372 473725 639626 596805 239121 503168 148239 830334 433598 279742 453915 576181 731938 583241 894237 731661 551932 792577 634962 582788 425789 738913
498859 265867 916648 905154 294013 727294 452573 499924 701514 616558 338278 682512 746869 413499 637505 558313 240970 575528 163829 707588 538397 207150 944042 680286 882682 628774 400376 233179 565709 720105 644405 684197 752006 349804 999999999 293259 131193 249429 796576 430515 322918 682354 196137 238025 705461 945689 571308 248798 98165 674219 439003 559567 146352 517179 335867 722707 592129 772275 189753 625402 427560 190708 185322 451910 576483 562105 740228 228885 499418 694209 669257 209511 913638 759002 306445 504547 123048 415438 133413 340863 514371 314270 378815 251511 363536 653181 126772 352587 159595 531718 385618 355780 576111 753224 223060 475494 431742 293428 741503 635387
253667 151547 666749 623585 359097 549347 229308 207062 660999 398883 45022 495992 533651 120530 517458 277420 368854 637935 397179 451298 478956 436039 688584 419487 649252 393493 429820 508486 294063 493428 636278 426484 557253 333465 293259 999999999 241306 540401 608081 149322 165268 504646 435644 400818 709279 680456 358353 153634 376334 494828 489441 396124 352919 277699 349770 429448 614190 480093 454802 568157 196730 477458 458481 334146 379811 568990 517783 95347 501435 455813 389801 110735 638737 586232 251909 225031 405071 307079 317561 144240 306887 332078 161318 236886 223122 497317 259715 101860 253430 265302 548803 278933 633760 469073 357079 538708 313107 328010 563087 411982
393518 286426 904515 863763 178087 599285 342408 432355 782733 621607 282211 704845 756450 350245 688009 470218 352699 684264 158004 689728 608533 337971 927799 575242 881589 514734 493624 357033 470374 601504 734776 665130 771419 220404 131193 241306 999999999 327581 819767 349723 337484 708905 195941 168308 800691 921345 452523 272672 226822 699808 540422 589379 271365 408682 210066 654923 690283 711705 221948 699110 321958 307551 311854 321932 591379 654952 744528 221110 588657 579667 576526 132084 879973 630161 175992 466332 248254 285521 76534 341288 521953 397101 274064 312454 240531 689035 219343 264711 244244 504856 511628 407877 683640 708846 334962 581800 473981 379934 613423 637629
721030 507159 1158636 1154343 398770 898827 669326 745412 855941 853733 585230 907745 979461 659557 838482 794887 385973 674258 195611 952918 719834 265135 1187484 902540 1119756 838969 556153 168805 797192 921157 784246 930026 977979 487501 249429 540401 327581 999999999 1018892 670303 563731 904392 176953 286783 830985 1191752 773517 489857 196967 897198 572150 782536 287085 735711 458982 969049 718206 1020419 126719 796394 649527 126657 175941 620659 809058 702490 975952 477852 652374 903153 902990 446016 1161871 925230 481824 753950 173874 586625 265137 585805 752300 499543 601618 470300 561044 868205 342767 587778 373876 780096 434766 571241 678463 1002640 373123 591561 650408 476573 912390 873646
729225 537203 252973 424207 965235 1021996 750676 551757 381167 213864 587278 115029 99281 567012 215669 640652 650444 582613 951513 259595 351780 783574 291200 769453 173505 819504 512538 898020 680523 899907 444379 273032 51937 939660 796576 608081 819767 1018892 999999999 621854 483020 114640 987984 988074 489557 338888 837222 552978 822076 122401 539224 237355 734831 750195 957669 539526 500086 504447 986305 337457 725907 905570 861631 908863 229484 465130 130146 598709 457365 850129 682517 708717 379806 1058040 858256 437594 845384 891590 886906 479544 301618 528085 723302 550087 811189 155723 679659 667716 647045 381909 728654 447683 572469 404720 658172 563156 368605 550272 1032058 207253
124590 286065 621246 535392 410377 436715 129879 92594 752716 408869 111456 520485 532979 62110 582103 129084 515722 763800 506600 412481 575207 585067 635729 271840 621925 257709 558015 653837 145102 357808 741275 388317 569973 351096 430515 149322 349723 670303 621854 999999999 277535 534757 543560 484295 815215 615705 239775 292878 519574 524690 618840 448764 501929 149640 378780 306717 729942 367155 571619 658471 104101 619306 603825 289111 410815 682349 510069 243430 617335 315908 241428 224300 561554 474403 278371 185641 547876 276552 424184 243426 342293 465910 112331 376073 205018 542889 408923 85857 402456 241007 694728 394139 758570 382241 504741 668624 404639 465475 449437 414711
399245 57075 595110 604369 493093 706416 386074 286454 495753 293803 175783 367993 425564 220923 360738 386124 274908 486271 470458 390390 313689 382494 623756 541843 559776 535219 281248 481670 414306 635340 472373 368245 435600 485768 322918 165268 337484 563731 483020 277535 999999999 371471 507704 505632 545775 629442 511290 74271 371550 362436 342189 252284 307786 424360 496485 473883 454564 505330 510959 403079 353560 469033 435252 499216 256582 407958 417641 117900 341568 592898 490979 238021 604854 743798 405798 225593 399044 471350 403917 37890 191633 194582 324124 122883 387694 352816 224998 262272 199105 231016 441211 117359 481045 461293 270096 391959 149800 199325 719792 312473
649145 424618 318993 448849 858649 951695 664630 474264 333284 132871 487845 22819 109920 476544 133822 571356 538249 502751 838151 236149 257281 671182 357066 711699 250062 751463 407574 785269 610964 838207 379897 239239 77587 837925 682354 504646 708905 904392 114640 534757 371471 999999999 874393 877099 437067 393310 761069 440076 707533 10083 440121 122842 620798 671614 854172 504969 424143 483878 872036 266826 637714 791659 748119 816769 126071 383298 131409 488313 363692 788687 628690 601537 415053 988587 756342 356629 730972 797041 774781 370807 198825 415637 630097 435448 714952 55619 565030 571948 532405 302617 625972 333152 492888 388128 545372 469248 254022 437534 962641 137538
573297 451772 1092291 1059056 222616 725874 518959 627910 892739 800243 477573 873290 933164 546184 833518 660061 421032 747906 38557 878964 733474 340462 1117170 751380 1064424 680760 588993 293010 656258 757303 831590 854685 942070 313438 196137 435644 195941 176953 987984 543560 507704 874393 999999999 109867 888927 1113288 612185 435498 222964 865955 621433 751992 315739 584839 283483 849788 774616 907370 51002 819395 503758 234632 268998 450179 764129 748641 924144 399796 688679 743372 762630 327831 1074071 751123 318154 660126 221701 417584 119752 519447 698527 508280 458381 447299 403168 847360 322360 457865 355487 696057 530044 551306 749910 904289 404036 652646 626245 486735 739222 817841
494048 453762 1067475 1014393 115504 620700 438403 573886 935206 789113 437725 873146 924143 498323 852733 590643 478680 812731 102097 852080 766174 421464 1089352 666367 1047394 590084 637023 392500 581585 660789 880992 827284 939696 209153 238025 400818 168308 286783 988074 484295 505632 877099 109867 999999999 943089 1079898 519230 439423 298932 868033 676986 757216 379449 502389 177038 789876 830000 851446 160644 855435 428140 334169 361688 349156 759630 799115 911615 389405 735342 650699 686807 290281 1034579 644715 229248 623913 305994 318754 108756 509407 689945 546737 386822 470883 318030 856445 359601 399241 390014 666117 610246 570581 813581 859422 460833 713315 639610 527188 633801 804737
939598 562515 740791 885878 978501 1250303 931149 795886 108481 532131 721011 459043 543213 754167 305888 902593 468023 167310 863710 664689 242545 567140 779348 1058848 662685 1069821 307291 667113 937377 1167900 73947 661541 493251 1000434 705461 709279 800691 830985 489557 815215 545775 437067 888927 943089 999999999 823062 1053889 566529 668678 440700 267546 417999 573290 964735 1001502 905332 114406 900101 862205 176984 898817 704614 655617 1039415 484135 145946 567956 635829 213574 1122024 989992 755168 851348 1287867 927390 690313 677488 1008886 835815 574879 516706 404618 869689 497374 927142 384620 585031 808020 557082 652890 409207 430361 160028 811746 485270 239810 411215 420808 1263416 548399
677725 685210 89650 131498 1021811 904624 720277 523737 715648 358841 642179 373991 283448 585556 526633 563977 874142 895613 1074741 239062 646681 999629 58468 633410 169604 712106 778358 1106381 597637 762763 771009 261726 329881 966793 945689 680456 921345 1191752 338888 615705 629442 393310 1113288 1079898 823062 999999999 757349 702463 1000990 392514 820465 470463 932425 690018 994165 375408 817453 309814 1126629 658910 707853 1097890 1061971 888465 414718 776173 264553 718215 751453 716934 546555 791054 76139 935251 892907 456019 1028437 884389 997101 605949 450337 756902 727779 737811 819924 448864 854236 691908 826857 417241 995726 655906 885823 241505 875990 855060 585382 775101 910863 336782
115473 509177 786321 648247 410446 196940 129743 286948 992489 630224 336063 744600 742277 301767 819146 200873 719130 994775 582696 599982 814698 760857 791351 163264 805700 73363 787026 804401 162730 149075 980000 578778 786288 318546 571308 358353 452523 773517 837222 239775 511290 761069 612185 519230 1053889 757349 999999999 511987 669164 751150 847119 684589 680498 90983 353852 386814 965821 456389 654199 898246 161877 758453 756529 182318 641077 918925 715599 450164 852848 131507 223853 373272 689616 234628 294041 404447 694238 204089 508382 479647 576247 690310 204153 595116 212799 775094 594435 256895 597851 458795 899117 628647 990194 517025 705371 896582 644054 686282 209733 631933
405988 17304 669267 673297 437124 702328 382857 323129 529357 367765 181906 438088 498713 245471 416081 413677 226850 485542 398685 463433 348691 320011 697687 564311 633900 545424 277485 413632 436682 645673 495038 440903 506615 440861 248798 153634 272672 489857 552978 292878 74271 440076 435498 439423 566529 702463 511987 999999999 298959 431377 336467 318674 241489 430399 447364 526841 466388 564038 437298 440007 350325 397722 366063 473428 328889 423079 491486 69303 354834 606599 523444 191253 675943 739019 364011 283912 326850 442423 335137 98195 265576 178604 313071 83706 361279 417114 153971 255339 131584 297750 403192 142403 481719 527127 218316 385498 201698 174553 716149 386625
594374 316102 964669 970701 375918 825020 549302 583003 679474 658332 420928 710781 782883 496606 644921 648378 203541 525040 203901 761934 531350 122654 994375 775073 923916 725825 375179 136192 658097 817837 614063 739662 781013 440874 98165 376334 226822 196967 822076 519574 371550 707533 222964 298932 668678 1000990 669164 298959 999999999 700289 401975 585584 97650 613341 423616 803201 554276 848954 193559 612383 523494 101698 87396 548682 612680 531048 779944 298873 474338 791271 760193 303545 974740 856453 402807 574273 28923 512242 209697 396724 557452 307188 474881 273427 461693 671990 147352 445028 177386 594842 311489 374393 527177 821897 187893 430805 453519 284347 839211 678560
639161 415829 319655 445241 849081 941898 654564 464375 337707 123405 477867 18669 109736 466462 136104 561672 532428 503136 829629 229847 256143 665240 357518 702389 252246 741765 403907 779157 601257 828706 382445 232142 82580 828067 674219 494828 699808 897198 122401 524690 362436 10083 865955 868033 440700 392514 751150 431377 700289 999999999 437618 115007 614053 661656 844400 496988 425199 476807 863935 269168 627636 784970 741663 806695 116050 383681 129221 479112 362316 779207 619587 591990 412452 978810 746485 346704 723895 786991 765925 361358 188856 409779 620025 427889 704924 56924 557389 561902 524855 292777 622578 325993 493327 381554 539301 467616 246796 431538 952867 128771
738199 338034 754957 844062 718438 1038690 718659 624843 284420 469335 512273 454667 545385 563111 325175 727291 200477 149709 596219 608056 187951 307085 791920 883697 689864 875990 60947 414951 756377 976325 212880 595198 516384 748541 439003 489441 540422 572150 539224 618840 342189 440121 621433 676986 267546 820465 847119 336467 401975 437618 999999999 350705 305938 763074 746137 785755 153436 800611 595507 237402 686018 445600 396299 803793 411923 130429 558079 402793 88445 934674 829162 512246 824824 1075447 680202 541818 412253 770799 570562 378424 404580 158328 649538 255972 692881 387380 321795 591300 296437 522593 191613 230009 146846 730799 217755 49791 260244 167525 1052472 490862
569754 303666 409390 496818 743759 879780 577217 403761 329822 122110 385434 125328 205443 387528 135352 508010 422141 442078 715944 262092 191080 554161 445089 658754 352009 685147 308119 667299 546039 778033 349354 253061 195559 728925 559567 396124 589379 782536 237355 448764 252284 122842 751992 757216 417999 470463 684589 318674 585584 115007 350705 999999999 500354 593686 742972 487441 373502 483523 749223 241768 547965 671323 628688 719791 67493 326417 211843 370055 287991 729676 582815 486944 474723 917286 647559 288278 609439 697178 653786 256183 109264 299816 533838 312924 613693 101533 442387 473161 409887 242428 526375 211614 433065 399362 427933 387804 132440 320828 891654 142430
593082 257285 890433 912152 440222 850413 554266 552568 581911 581997 394669 625611 701617 468396 551402 630339 106214 434375 292106 694335 434830 83137 921754 768671 845108 730158 277549 174253 645714 826485 517270 673282 695764 491756 146352 352919 271365 287085 734831 501929 307786 620798 315739 379449 573290 932425 680498 241489 97650 614053 305938 500354 999999999 614469 480229 765237 458935 804917 290172 514968 525257 170969 130029 582419 533128 434228 701053 262734 376797 795041 742708 307254 911643 883941 440314 525244 114115 546229 278836 338465 483519 212498 478351 194977 484065 582539 93596 437578 109906 537995 240382 288998 435770 768014 90262 337248 367957 189529 864682 602992
25173 426184 712314 588570 403378 287531 66404 198530 902053 541478 250802 655544 656425 211353 728182 126044 644402 909674 552007 518606 724843 696453 720120 167029 726582 116478 702589 749516 95599 215816 890804 496505 698946 319912 517179 277699 408682 735711 750195 149640 424360 671614 584839 502389 964735 690018 90983 430399 613341 661656 763074 593686 614469 999999999 354156 330540 878322 400002 622430 807824 89939 707338 700470 205857 550817 831037 630540 371979 765493 180681 189455 310699 625744 325216 273385 315119 639856 212757 472943 391610 485468 607565 138461 514046 184369 684649 525130 179297 525154 369993 824722 541599 904791 448514 631586 812734 554278 604919 300064 544002
351741 456850 995461 912317 61537 443662 296931 471262 974709 747058 372437 845759 880851 412138 857220 460783 562357 891960 264485 782229 795509 541945 1012181 509719 988150 426682 696370 540707 443291 489463 933237 757417 906650 35317 335867 349770 210066 458982 957669 378780 496485 854172 283483 177038 1001502 994165 353852 447364 423616 844400 746137 742972 480229 354156 999999999 668906 893411 735234 332416 886878 296807 484830 501644 175786 729575 855593 863048 381868 788085 483901 543507 258658 940164 467936 102171 548669 439546 149763 216241 486926 656657 597003 267709 505363 178986 844501 427715 304135 450072 598977 720582 589588 890909 760483 544708 789064 644596 581921 456773 758866
324016 512944 417684 261455 708711 529816 374839 223786 815355 380759 384432 483094 440746 309527 611407 209375 748345 909278 812517 280029 670834 845952 415666 258693 455076 337217 727971 931471 234955 389800 835716 269169 496297 637169 722707 429448 654923 969049 539526 306717 473883 504969 849788 789876 905332 375408 386814 526841 803201 496988 785755 487441 765237 330540 668906 999999999 851534 69814 876180 729177 372110 904846 881951 535998 422328 802594 409481 505863 750709 342723 171150 525790 304562 561256 574294 249240 832110 539238 730174 437190 392861 660893 405876 596267 489975 542140 672888 392567 656507 263470 913195 562195 901509 146355 742409 832631 527464 669887 536507 369638
