NAME : synthetic_000174
TYPE : CTSP-D
DIMENSION : 100
GROUPS : 8
RELAXATION_LEVEL : 1
EDGE_WEIGHT_TYPE : EXPLICIT
EDGE_WEIGHT_FORMAT : FULL_MATRIX
EDGE_WEIGHT_SECTION
999999999 562360 756140 353749 165408 213021 405693 229724 451620 346098 541143 481752 349822 171719 211457 424689 255560 69977 536700 476462 362703 280360 726938 457421 679563 362850 479860 424887 649653 136778 475518 712771 731667 515775 598281 427930 118954 476915 327203 493180 788927 552944 608612 51185 306070 64440 180040 456837 259292 742005 860557 390785 106304 121606 591201 231160 495506 465562 168431 402320 528441 356959 326294 196062 474645 148910 436300 438409 564249 367118 301461 71512 128919 272012 635831 227933 72829 100033 191639 411008 497813 467191 240932 667492 462271 648575 354868 786318 494744 213246 791753 262449 311736 641368 457091 693993 507046 487791 599857 239466
562360 999999999 368346 468223 594930 506083 225760 788893 235758 373597 827135 347875 657531 680305 767541 550483 384824 610201 236201 282579 341114 793854 834081 375104 521816 221452 1039642 182564 953235 481273 124468 990639 972403 302441 862585 989210 677034 149417 875668 448331 384637 213460 834287 580822 293515 559165 666324 921058 315517 373278 450325 676324 626845 570781 134280 510595 69985 670451 675867 963464 869587 487967 633544 746216 150765 693465 784920 836431 797491 197631 808412 544185 521616 301432 812159 774615 490764 561620 405514 469003 472717 743883 532384 201244 476981 962909 318412 413843 940481 575706 1041839 823822 834307 258650 397867 208212 290115 447406 895450 756791
756140 368346 999999999 799752 703514 597292 566548 978621 307187 705044 758399 710247 663319 914770 964332 891996 504219 774639 222160 645211 676895 893706 647229 330431 269579 418145 1178973 357708 866553 629357 337007 879610 840399 245141 770165 1163276 873256 316247 1081755 808701 34557 213294 723984 749781 454972 782230 910804 956434 585667 24666 104490 659724 773342 703279 237931 802226 375770 604210 798644 1113639 826642 819087 650477 951775 317905 904759 769686 840441 702737 483695 1049640 706379 773698 500137 675868 983903 687217 799425 670617 814015 368517 695109 825706 169750 831197 881590 650068 45621 957811 854622 903722 1004589 1065457 125272 755050 174905 251389 807094 815808 989776
353749 468223 799752 999999999 503052 495695 242667 490281 522514 95654 871511 182432 671272 339985 463631 98127 442651 423334 593343 221247 127157 629220 1010330 614361 841636 402191 763350 451344 988848 408687 462759 1048138 1058356 616568 925674 672994 404824 485026 532826 146834 824584 591817 925216 403364 407572 298274 312734 809807 240628 795992 896343 709283 460045 457609 570581 130821 431825 763099 522082 684921 871457 19769 644439 434283 483588 389108 776903 788465 880439 317328 425460 401556 227400 356175 938006 448782 330780 269996 202802 57698 696582 789976 134338 652678 109127 990009 151506 841701 848412 189247 1122823 530070 461864 674927 131426 667874 602821 141473 935438 397236
165408 594930 703514 503052 999999999 106251 493870 301522 422649 475470 376287 603542 185215 316297 296753 582343 217364 117752 500351 583934 483912 201213 567576 377609 573704 374408 476025 425713 487808 119529 484874 549516 566629 458894 433142 464713 225553 475713 409397 633051 737860 523418 443404 116903 303297 229787 332692 336927 344649 685360 805051 226336 90527 45782 585947 389740 524945 306042 95213 410312 368697 509330 163040 297274 473473 270304 274682 288021 399175 420758 427333 102259 289194 296202 472633 328124 172811 265389 312801 558402 387604 301834 402326 650804 608436 487946 468905 725905 365897 378418 627494 317068 425267 603718 589956 680158 454268 627830 436429 367021
213021 506083 597292 495695 106251 999999999 436233 397101 319418 448892 381214 565228 181421 382929 388566 584771 121343 196181 395240 535365 450028 303100 524937 272552 477417 284852 582200 330092 504178 89948 390334 558807 564228 352646 432852 569067 306825 378129 504643 610546 631626 419020 429620 180388 212795 269719 393005 415012 296463 579240 698980 216189 183147 113181 485538 401140 436556 269064 201355 516414 396011 505762 153907 384061 375948 348228 302191 338953 384906 347702 506528 142515 310852 219087 444037 416199 180141 302758 293569 546655 291973 296984 418441 547538 593678 508208 430253 620024 436039 408308 630102 416834 510162 498045 561772 577206 348109 605645 448055 444536
405693 225760 566548 242667 493870 436233 999999999 614199 320043 147840 809051 160169 614712 486297 590019 328240 334342 467699 375266 107443 115513 673731 886708 441509 649072 214591 881123 241530 935050 375016 234199 984667 980603 414559 855525 813885 506238 261134 687846 248545 589074 367488 840808 439272 257883 382161 467510 830467 150809 565394 659485 644785 494512 457027 332012 294704 192159 670559 553287 802196 831551 262431 587526 564889 260215 512140 738299 772447 798389 112443 605460 413561 328705 224397 836565 589594 344144 374346 218873 248328 537053 722983 314830 412654 265372 940710 92954 610084 859503 363204 1049212 652296 635346 443791 192473 426342 400173 246021 877635 559824
229724 788893 978621 490281 301522 397101 614199 999999999 677729 520607 603374 655169 457454 151752 26678 524966 474407 204853 762073 666168 545869 232308 839921 665999 873603 592558 274082 654436 680931 349319 705192 749035 784945 734994 660676 200851 111946 706519 107934 636848 1012038 779838 688773 228842 534346 232885 180712 404991 477890 963105 1082578 495385 214304 283974 820851 361793 723255 586930 220169 195021 560028 484583 444092 56307 704246 103979 487546 452681 649293 591875 162026 272260 288383 501730 733958 55525 302535 241091 395751 545445 687538 552880 355959 896626 594665 673627 546363 1006312 452052 302101 832624 39886 141711 867186 616215 923396 727561 631536 644578 125658
451620 235758 307187 522514 422649 319418 320043 677729 999999999 433399 596604 479849 440522 607702 661864 619540 208226 476520 85388 421769 411360 622375 601717 140408 329047 120823 895607 78877 721506 331327 115001 756489 736906 95340 629313 868203 569895 86620 778597 566764 338901 102515 599283 449964 147820 475202 603636 721565 290217 295665 411528 453438 480426 412968 169990 503930 182536 437748 514972 825573 644634 540644 419357 647681 85500 599472 565261 623772 563378 212460 742582 407136 467599 193861 576416 679505 381353 492288 368909 548576 239504 515423 527360 228220 576832 732033 383364 341458 734461 551723 806289 706065 759009 189754 510150 257794 81128 563788 664124 682964
346098 373597 705044 95654 475470 448892 147840 520607 433399 999999999 829880 136777 629383 378000 494632 187746 377538 415355 501262 149196 33653 626417 948167 533737 757028 314524 794218 359967 951355 368121 368232 1007468 1012541 528303 881703 713743 422327 391331 578922 161748 729498 498458 876115 390914 329153 302603 354433 799570 165475 701771 801076 665075 449060 432000 475007 167314 336171 709627 511484 714833 838195 115370 601975 466726 389974 416675 743133 763460 831814 224431 482969 378860 235391 280331 883004 486567 304721 282924 162717 115727 620642 745873 182816 557036 151817 954199 55859 747322 834719 237000 1078872 560279 516420 580466 114534 572256 514309 156933 896062 445132
541143 827135 758399 871511 376287 381214 809051 603374 596604 829880 999999999 945392 200717 674615 612029 955594 475136 484330 636640 912050 831161 378297 266993 470774 517155 624012 622240 645811 127096 463659 702674 177601 190612 567279 58221 679960 573624 679544 696621 991373 790315 666390 92358 491120 559719 605575 696088 286145 676271 734327 836544 165385 448095 421586 758781 764600 763932 160831 402641 597777 81193 879757 227995 625633 677909 618207 115827 168270 70964 709279 759527 477507 665115 584966 154708 649446 542518 641145 672082 924551 395887 86114 778109 790681 972767 135779 810928 758387 258577 754388 251768 597015 744709 711419 942979 820457 572770 986420 69063 706899
481752 347875 710247 182432 603542 565228 160169 655169 479849 136777 945392 999999999 746613 509672 628952 227291 477464 550506 531330 65356 120206 761726 1040814 601030 808722 373823 929162 401120 1069337 490926 388121 1122637 1123176 573939 994855 845620 558704 416766 708253 100847 729632 520916 984552 525272 410618 439379 484562 932511 269122 711735 797232 780013 583338 561530 472371 295913 335994 815291 645481 849884 959837 197444 719103 600575 416091 551485 865083 890417 941090 271807 605603 510277 371888 370142 985142 618884 436179 419266 293961 149692 695596 860044 307048 547707 136745 1073413 135452 754981 966374 363015 1190846 694975 641043 591246 58845 556086 559547 100453 1012919 573111
349822 657531 663319 671272 185215 181421 614712 457454 440522 629383 200717 746613 999999999 498560 459467 756583 284760 301001 498216 715665 631317 269790 386418 339680 471949 443146 557424 475198 322757 263009 534901 378179 387495 437246 254441 581746 402562 515984 561260 790775 697496 526502 259152 302106 374319 413852 516581 293164 477702 641382 755751 41141 268449 228263 609927 567051 590581 129520 238560 509989 217514 679894 27514 466499 514067 448026 127666 183767 214578 519971 600471 282377 469330 392686 287872 494670 343738 449364 471388 723994 300691 119225 581643 656710 772084 326971 611674 674725 297907 561722 451557 461971 592794 589139 742739 687166 438509 785806 266782 542663
171719 680305 914770 339985 316297 382929 486297 151752 607702 378000 674615 509672 498560 999999999 125156 373677 422766 198552 693017 526241 405755 339834 883594 626803 850928 505913 423416 569305 769778 308220 612735 836282 863693 679310 732821 336026 102348 619725 202204 486079 946594 706136 751253 204758 459886 132557 29500 524679 364841 902239 1019188 539481 230204 280067 731708 213939 619194 622275 272329 345247 646496 333476 478412 95457 617546 62505 561911 544688 708328 483491 134881 240454 159342 417370 786184 109319 230512 119600 275212 394409 669532 609749 205808 811856 443236 765460 409938 947394 569502 150955 918422 191082 154799 795899 467839 836254 669569 480805 725955 77016
211457 767541 964332 463631 296753 388566 590019 26678 661864 494632 612029 628952 459467 125156 999999999 498551 460477 193614 746573 640569 520176 246358 843937 654978 865902 573951 300480 636232 693347 335847 686031 761274 795565 721530 669694 224016 92516 688196 117690 610181 997540 763657 695982 215528 517299 209781 154206 423245 455302 949270 1068496 498226 207492 275502 802394 335267 702452 588598 220954 221535 571610 457906 444709 29704 685931 78421 496335 464976 655712 570213 148282 258909 263226 483100 739326 37754 283933 216202 371967 518769 680121 558500 329304 878946 567990 686634 521082 992853 469951 275424 844724 66454 133850 851546 589715 905390 713711 604871 655391 104763
424689 550483 891996 98127 582343 584771 328240 524966 619540 187746 955594 227291 756583 373677 498551 999999999 538487 492134 688867 282406 215135 689838 1103727 712463 939684 499552 791568 547281 1070095 496109 555569 1131024 1144064 713914 1010810 691997 454696 579030 548947 147093 915832 686191 1013007 475688 505641 363859 344394 873895 338720 889167 986917 795537 529887 536564 659829 193588 520132 853486 590298 715371 950706 82318 730230 468873 577688 430524 857015 863058 968139 412119 431105 480085 295792 454125 1028554 477189 413095 331264 295402 81979 794188 875750 185330 740871 97553 1070248 241988 934589 914723 228704 1207345 563664 469897 767724 168446 754357 700088 143499 1017989 416484
255560 384824 504219 442651 217364 121343 334342 474407 208226 377538 475136 477464 284760 422766 460477 538487 999999999 270670 289973 438868 370892 418521 570662 204914 434196 163871 687524 209464 601579 125168 269430 650346 647016 261141 521186 661296 370189 258634 578082 537047 537697 310489 507690 245565 92095 292763 424580 536235 213039 488825 608191 311921 272421 204778 368654 375620 315419 337957 307609 617364 502188 456366 258432 449136 256410 404244 411446 455625 464726 235363 555771 202160 307227 109958 508161 481504 192634 317807 245226 486523 263834 389022 396851 435226 528653 607894 347156 532402 556303 403327 715330 500751 567288 395011 484024 464159 253251 532611 543924 494196
69977 610201 774639 423334 117752 196181 467699 204853 476520 415355 484330 550506 301001 198552 193614 492134 270670 999999999 559934 543009 430994 211221 685145 461525 673415 400857 429806 460355 588222 145600 514763 652634 674806 530495 542156 391808 111236 512480 310867 563157 808244 579002 556652 29459 337246 128398 215589 386891 318442 758756 878375 342084 38007 84813 626618 299101 541699 423734 98785 354924 465899 426085 280121 187882 510188 154464 375746 372383 513018 419107 312795 69535 197176 311716 588873 220060 124131 162370 258373 480703 488150 414744 307290 699396 532015 586166 421959 801725 425081 274422 732922 230083 314331 665109 526842 727126 523343 557767 540280 251511
536700 236201 222160 593343 500351 395240 375266 762073 85388 501262 636640 531330 498216 693017 746573 688867 289973 559934 999999999 469492 476379 697945 605754 165887 287938 198506 975420 142230 758090 414406 143690 786800 760999 72247 663243 951186 654769 114568 863493 623757 253585 29827 627576 533829 233137 560541 688706 786194 368215 211630 326350 505636 562284 493787 126384 583983 204794 475824 594028 906615 691831 612068 479606 732734 115292 684732 618669 681846 595592 276859 827898 490768 551733 278041 596294 764624 466666 577303 450448 614696 251825 559831 607474 158497 638742 770139 448581 257728 795571 634084 829488 789830 844397 105182 567732 188953 64172 621282 701999 768339
476462 282579 645211 221247 583934 535365 107443 666168 421769 149196 912050 65356 715665 526241 640569 282406 438868 543009 469492 999999999 120589 753222 994150 547389 749722 321202 938660 342898 1037401 467444 325881 1088404 1085842 514800 959635 861357 564211 355116 727689 165821 664383 457988 946316 516117 364997 441406 503248 917901 240611 646976 731886 747135 573422 544161 407292 316502 271716 776229 634448 859224 931374 238952 688281 613252 354566 562238 837329 867565 903554 219354 631924 496127 378272 329349 943304 634238 423270 425951 284887 201331 643706 826147 331466 482360 197954 1042455 121910 690031 949439 386096 1154197 705555 665584 526766 117962 490781 500428 165075 980309 594231
362703 341114 676895 127157 483912 450028 115513 545869 411360 33653 831161 120206 631317 405755 520176 215135 370892 430994 476379 120589 999999999 642178 940313 517264 737426 294381 818763 336227 953961 372779 340768 1008710 1011700 506619 881901 740768 445083 364954 607401 166645 700717 472243 874205 405413 315486 323351 383073 812312 158009 674295 771914 665899 463417 441567 445130 197804 305743 706340 525456 739326 842710 146920 603818 492743 363702 441904 747762 771254 830221 199967 513787 390083 258500 268991 878534 513653 315975 306224 173792 138344 606611 746422 214465 526694 166577 957449 27997 719610 846214 267763 1078670 585342 546654 552767 113219 541245 492474 162442 898061 474413
280360 793854 893706 629220 201213 303100 673731 232308 622375 626417 378297 761726 269790 339834 246358 689838 418521 211221 697945 753222 642178 999999999 629091 563655 733807 574488 291285 626826 448900 312967 685775 517077 554724 651652 434158 313777 240983 676924 318878 771791 928247 722071 467363 237179 503948 330972 367180 185717 523044 874180 992885 299723 179890 223597 786952 500904 723944 393583 120751 240199 328948 630026 267307 266559 674683 277444 263644 221056 431173 613110 393789 260313 401892 493036 518792 283905 330579 360273 469192 686904 552919 340042 505137 850568 738342 441355 632672 912526 229745 462909 600718 220265 373426 799837 737251 880156 648431 766377 414382 349299
726938 834081 647229 1010330 567576 524937 886708 839921 601717 948167 266993 1040814 386418 883594 843937 1103727 570662 685145 605754 994150 940313 629091 999999999 461493 377823 675577 887740 672053 295830 614780 716704 272591 216376 534594 228469 939157 788869 687632 940384 1106900 672918 633787 176377 682728 630262 788900 900212 553032 783202 622786 699213 346389 654153 606861 731022 925324 784227 261723 623869 858993 343874 1022626 405243 852339 686737 834317 369608 433557 201318 775587 986608 656156 835499 672172 112838 879831 704917 823546 808412 1056467 362222 289330 943166 734471 1099281 314424 915504 631791 523404 932298 267481 840123 977703 645092 1052937 760448 545635 1102586 274600 929072
457421 375104 330431 614361 377609 272552 441509 665999 140408 533737 470774 601030 339680 626803 654978 712463 204914 461525 165887 547389 517264 563655 461493 999999999 232278 227218 850632 211885 592688 321787 255385 623201 600278 98532 498319 841615 567715 226803 772387 680390 364987 195618 464533 440072 206908 497584 629365 631741 373744 310546 429333 343063 454165 383455 289093 569055 322781 309976 472679 787468 526574 630720 323895 646701 225784 604666 455994 521845 431037 329263 758793 397198 509856 258991 437874 679197 397330 522602 433210 649037 99547 394257 591478 321820 683585 604507 489915 349284 637448 603942 669367 688047 768362 249638 624034 352035 102298 676835 536352 696875
679563 521816 269579 841636 573704 477417 649072 873603 329047 757028 517155 808722 471949 850928 865902 939684 434196 673415 287938 749722 737426 733807 377823 232278 999999999 443056 1024968 407617 613450 542800 428228 619038 575844 234929 518895 1033985 783345 397661 981435 895485 295198 308415 468604 655600 436630 724612 855750 753234 601929 245256 326804 455202 659318 590400 396538 801226 492181 378746 664508 970536 592544 858667 468270 861228 397816 823211 553473 628544 454205 540714 980170 614454 741005 489199 414495 893469 624397 751403 665149 872753 186145 468377 823708 376768 903788 629764 709547 255032 745010 835837 637211 890764 986391 287259 838839 398756 249308 892410 567136 917976
362850 221452 418145 402191 374408 284852 214591 592558 120823 314524 624012 373823 443146 505913 573951 499552 163871 400857 198506 321202 294381 574488 675577 227218 443056 999999999 829778 63393 751101 263909 113918 794639 784009 214384 665059 789392 481497 114503 688014 454537 447734 205015 643859 372150 72092 375195 498573 699859 170080 409441 521041 465957 412954 352823 228454 385478 151738 474547 458186 755724 658888 420150 417926 556423 112265 505666 570765 618364 603550 102168 640092 332327 357655 90856 632660 587152 290098 387451 252493 430140 322531 538640 408968 306465 460827 759072 266528 455674 720158 436477 853396 624409 659848 294681 397976 331939 200638 451176 693046 582529
479860 1039642 1178973 763350 476025 582200 881123 274082 895607 794218 622240 929162 557424 423416 300480 791568 687524 429806 975420 938660 818763 291285 887740 850632 1024968 829778 999999999 887880 650465 567971 943644 715015 766858 934775 669962 118419 375475 939703 251009 909476 1213401 997480 714559 459047 763832 499604 451214 343261 738483 1160318 1279701 583091 417507 482784 1053074 635688 971404 674907 381499 79438 552343 756795 557479 329399 937415 377688 520293 454324 686521 846414 375418 497517 560392 741357 774913 315445 549605 512709 662424 817738 844091 607931 629063 1122577 866154 636884 817950 1199903 383935 574355 794606 234225 337004 1079367 890153 1151231 930289 904209 635839 375686
424887 182564 357708 451344 425713 330092 241530 654436 78877 359967 645811 401120 475198 569305 636232 547281 209464 460355 142230 342898 336227 626826 672053 211885 407617 63393 887880 999999999 772316 320190 60510 811667 796292 173043 682887 850351 543727 52190 750742 488970 386479 144543 657026 432027 124184 438512 561882 743383 228005 350281 459778 493778 470419 407784 166571 444535 118280 490759 512801 814710 687075 469980 451498 619132 49903 568612 602470 655018 618841 136283 703471 391262 420557 153447 639428 650011 352300 450810 313627 474233 311270 561997 468019 243305 500554 781568 308277 396528 760852 497649 865846 685717 723214 233269 432432 269193 158664 486111 714392 645913
649653 953235 866553 988848 487808 504178 935050 680931 721506 951355 127096 1069337 322757 769778 693347 1070095 601579 588222 758090 1037401 953961 448900 295830 592688 613450 751101 650465 772316 999999999 583577 828772 68236 116880 687651 96595 725949 667495 805173 764854 1112362 897277 787912 144997 598701 686717 713611 793403 308395 800342 842115 938590 290322 550717 533587 881610 877503 890518 283857 498715 641079 123287 996119 350271 710647 803581 710466 213423 228379 164719 836089 841553 590052 776483 711258 205646 731098 658282 748852 791777 1042952 512241 212898 889587 909936 1091925 18600 934431 862614 266583 861951 151890 668303 822300 828307 1065066 939343 693969 1107331 58060 793390
136778 481273 629357 408687 119529 89948 375016 349319 331327 368121 463659 490926 263009 308220 335847 496109 125168 145600 414406 467444 372779 312967 614780 321787 542800 263909 567971 320190 583577 999999999 377086 640910 649687 385781 517178 536914 246565 371837 453530 528809 662861 433842 517032 120518 196016 185961 314463 456401 227046 613795 733263 300612 150516 89517 485109 311242 411484 358712 194676 495805 470219 417953 235959 325652 369552 282884 375187 400306 472187 301982 437960 77071 221624 180096 533525 358127 91108 217076 208460 461008 361677 381362 328498 555787 509112 586141 355523 657127 484509 319537 714451 375664 446595 519567 482277 583997 378242 523766 528817 375846
475518 124468 337007 462759 484874 390334 234199 705192 115001 368232 702674 388121 534901 612735 686031 555569 269430 514763 143690 325881 340768 685775 716704 255385 428228 113918 943644 60510 828772 377086 999999999 866494 849109 195908 738267 902755 593750 30789 799057 481892 362451 133359 710573 486021 181944 484039 603232 803874 257886 333598 434873 552619 526635 465491 119340 472295 67736 546101 570751 869641 745719 482081 511460 667643 31010 616247 661966 715219 673385 147528 745709 446233 459592 203890 690031 697911 402689 493318 347806 478664 354483 619520 495539 201438 499316 838446 313598 379091 821332 530022 918609 737581 767382 212236 426317 224028 182056 479626 770982 689701
712771 990639 879610 1048138 549516 558807 984667 749035 756489 1007468 177601 1122637 378179 836282 761274 1131024 650346 652634 786800 1088404 1008710 517077 272591 623201 619038 794639 715015 811667 68236 640910 866494 999999999 62662 715257 129651 792762 734092 841595 833064 1168932 909051 816574 159427 662049 732666 776971 859554 374401 853542 854985 945819 342825 615380 595201 911958 939109 929897 320995 564644 707765 190220 1056003 405526 778323 840122 777348 276906 296389 193164 883012 909513 651535 838675 760304 204576 799028 718302 812359 849370 1101554 536772 262600 951818 934852 1149992 78599 988344 872170 331278 925608 83659 736536 890450 850651 1120577 963652 722690 1163971 113093 860996
731667 972403 840399 1058356 566629 564228 980603 784945 736906 1012541 190612 1123176 387495 863693 795565 1144064 647016 674806 760999 1085842 1011700 554724 216376 600278 575844 784009 766858 796292 116880 649687 849109 62662 999999999 688893 133564 840126 762160 822988 872990 1174289 868793 790567 140211 681718 725252 796105 885724 424150 854875 815733 902254 349076 638387 611758 887067 953976 913985 310378 591376 755542 226035 1067266 414034 810937 821644 806317 301894 334125 182291 875952 943743 667445 855068 756548 166392 833245 731098 831686 857382 1110432 509290 268434 967918 904960 1157846 132234 990172 830455 383177 944900 69556 774983 926655 818913 1124398 933129 697296 1169453 140405 893015
515775 302441 245141 616568 458894 352646 414559 734994 95340 528303 567279 573939 437246 679310 721530 713914 261141 530495 72247 514800 506619 651652 534594 98532 234929 214384 934775 173043 687651 385781 195908 715257 688893 999999999 592416 918212 631309 165119 839172 661847 279282 101678 555933 506292 226476 547181 678053 728326 381424 228346 348128 441537 528319 458168 198624 591867 262193 406502 553899 868733 624650 634469 420483 710213 164985 664681 554500 619949 524574 307780 813621 462842 547575 277302 524071 742547 449274 567779 455554 643639 179639 492107 615129 223763 672170 700023 478627 271346 735149 635864 757317 760148 827021 152073 605262 253843 14393 658921 631941 752699
598281 862585 770165 925674 433142 432852 855525 660676 629313 881703 58221 994855 254441 732821 669694 1010810 521186 542156 663243 959635 881901 434158 228469 498319 518895 665059 669962 682887 96595 517178 738267 129651 133564 592416 999999999 732167 631845 713852 752892 1043388 801026 693069 55450 548479 603041 662721 754231 329301 725935 745755 843135 216836 506064 478217 787411 820477 801161 192188 460862 649152 118176 934332 281249 683577 712329 676420 173366 219283 68247 753434 817344 533881 721504 631129 122486 707168 597762 698312 725279 978157 416133 135948 834360 814161 1025932 111494 861014 766729 296485 811487 197338 653561 802144 732055 994214 843456 599076 1038495 50018 764960
427930 989210 1163276 672994 464713 569067 813885 200851 868203 713743 679960 845620 581746 336026 224016 691997 661296 391808 951186 861357 740768 313777 939157 841615 1033985 789392 118419 850351 725949 536914 902755 792762 840126 918212 732167 999999999 312295 902540 143212 817072 1197242 970711 771653 419099 728328 433562 361286 418832 678739 1146346 1266209 613231 389947 460081 1016914 549737 923088 707210 370732 85180 617758 664507 576191 249221 900254 301761 569904 512890 738861 792466 265807 461322 486174 698876 827401 227184 500570 439682 595982 725157 849001 651708 540115 1090878 771780 714174 743205 1188130 463958 484253 874726 165520 226545 1056288 802623 1118335 912032 811937 703674 276797
118954 677034 873256 404824 225553 306825 506238 111946 569895 422327 573624 558704 402562 102348 92516 454696 370189 111236 654769 564211 445083 240983 788869 567715 783345 481497 375475 543727 667495 246565 593750 734092 762160 631309 631845 312295 999999999 595705 208724 551184 906298 671510 651822 128030 424914 124192 127511 426660 367050 858568 977546 443053 135623 196031 709927 274002 611310 528839 170983 296254 544221 402360 384096 79087 593439 45468 460275 442383 609415 480172 202012 170522 186951 390642 688986 111567 191437 139439 287367 461941 598573 510871 273567 786434 512792 663117 442972 902459 470522 226006 816358 147392 203337 759633 524505 812878 623139 545777 624029 141483
476915 149417 316247 485026 475713 378129 261134 706519 86620 391331 679544 416766 515984 619725 688196 579030 258634 512480 114568 355116 364954 676924 687632 226803 397661 114503 939703 52190 805173 371837 30789 841595 822988 165119 713852 902540 595705 999999999 802481 509460 343244 107291 684956 484189 175871 489476 611594 789397 271854 311195 416238 532042 522202 458989 114394 487956 97890 521864 563791 866719 724637 504145 493259 670881 2291 620170 642434 697593 648431 167878 753564 443335 469255 205184 662940 701648 404268 500840 359981 503213 325471 597148 511351 192170 525488 815231 337445 357120 805375 543487 892423 737885 773926 190976 453580 217438 151279 507057 747543 696482
327203 875668 1081755 532826 409397 504643 687846 107934 778597 578922 696621 708253 561260 202204 117690 548947 578082 310867 863493 727689 607401 318878 940384 772387 981435 688014 251009 750742 764854 453530 799057 833064 872990 839172 752892 143212 208724 802481 999999999 675686 1114884 880115 784433 333212 633240 316803 224489 472790 560875 1066825 1185974 598176 322119 391465 916364 412766 812139 690737 326182 184588 646966 523528 549216 131611 800231 182965 581263 538871 746488 678048 124433 376598 359440 597322 832617 101300 398901 315539 473659 583897 795402 651747 401414 993880 629812 755944 612105 1110479 520314 345383 916654 100298 86122 968343 663336 1019895 831286 670608 732832 135596
493180 448331 808701 146834 633051 610546 248545 636848 566764 161748 991373 100847 790775 486079 610181 147093 537047 563157 623757 165821 166645 771791 1106900 680390 895485 454537 909476 488970 1112362 528809 481892 1168932 1174289 661847 1043388 817072 551184 509460 675686 999999999 828825 615228 1037793 541120 481305 441324 458372 949961 324011 809427 896988 826704 598812 588649 571132 277353 433311 870978 661313 831268 998245 152800 763406 580753 508597 535932 903198 920846 993524 354815 563812 533999 370535 435559 1043949 594415 460627 414904 321226 91941 771623 907528 280936 647536 49830 1114904 192280 853159 987087 335126 1240586 676587 601452 688397 56652 656493 647499 5426 1057322 540443
788927 384637 34557 824584 737860 631626 589074 1012038 338901 729498 790315 729632 697496 946594 997540 915832 537697 808244 253585 664383 700717 928247 672918 364987 295198 447734 1213401 386479 897277 662861 362451 909051 868793 279282 801026 1197242 906298 343244 1114884 828825 999999999 242749 754204 783217 486708 814102 942188 990570 614059 56494 73316 693530 807296 737314 257901 830585 397303 636952 832969 1147926 859225 844031 684816 984707 345001 937411 803205 874214 733826 509784 1081476 739843 804262 531056 704933 1016781 719648 830754 699959 837142 401910 727975 854037 183567 852784 912504 674204 46151 991644 884012 931444 1038254 1097725 153211 775847 183129 285226 827397 847044 1021832
552944 213460 213294 591817 523418 419020 367488 779838 102515 498458 666390 520916 526502 706136 763657 686191 310489 579002 29827 457988 472243 722071 633787 195618 308415 205015 997480 144543 787912 433842 133359 816574 790567 101678 693069 970711 671510 107291 880115 615228 242749 999999999 657329 552351 247374 573975 700696 813520 372545 205879 316044 534575 582831 515083 97417 589057 188933 505583 616449 927835 721277 610832 507492 748956 108552 700186 647567 710220 625413 274489 840922 509592 561745 289207 625714 780621 482002 589244 457394 610503 281315 589386 612544 130742 632383 799946 444716 252095 823543 641431 858993 808444 858538 90008 559675 161133 93996 612979 731803 781989
608612 834287 723984 925216 443404 429620 840808 688773 599283 876115 92358 984552 259152 751253 695982 1013007 507690 556652 627576 946316 874205 467363 176377 464533 468604 643859 714559 657026 144997 517032 710573 159427 140211 555933 55450 771653 651822 684956 784433 1037793 754204 657329 999999999 560139 585111 672800 771194 377154 716865 699447 794188 218698 521937 487212 752949 825166 774950 170306 481584 689791 167500 934918 284129 707951 683553 696959 203730 260611 44877 735801 842424 541526 728276 616968 67309 733045 601443 708351 723172 976213 377345 141914 840279 775467 1022860 161813 852182 718762 347034 820852 209537 684417 829407 691545 987165 804319 563506 1033030 105240 788056
51185 580822 749781 403364 116903 180388 439272 228842 449964 390914 491120 525272 302106 204758 215528 475688 245565 29459 533829 516117 405413 237179 682728 440072 655600 372150 459047 432027 598701 120518 486021 662049 681718 506292 548479 419099 128030 484189 333212 541120 783217 552351 560139 999999999 309327 114936 218285 409209 289637 734305 853743 343216 58147 76029 598430 282112 512385 421010 120631 383874 477336 407154 279519 206752 481899 167988 385416 387370 515997 389660 326150 43450 179900 282717 589290 239230 95257 150321 232079 460364 471262 418417 292112 671789 511476 597500 395500 777637 445993 263605 741323 256101 330791 639003 503306 699336 498743 535756 549214 264149
306070 293515 454972 407572 303297 212795 257883 534346 147820 329153 559719 410618 374319 459886 517299 505641 92095 337246 233137 364997 315486 503948 630262 206908 436630 72092 763832 124184 686717 196016 181944 732666 725252 226476 603041 728328 424914 175871 633240 481305 486708 247374 585111 309327 999999999 327404 455980 627786 166957 443001 559342 399068 346332 283752 289557 367378 223830 414878 388911 690992 591100 423826 348560 501884 173583 452837 501654 547461 543539 150706 594768 267883 321744 52617 578833 533419 234688 344732 230666 443664 291529 473832 390396 362634 480355 693943 289075 488539 648338 409431 794287 564403 611472 336588 425886 390018 214878 477367 628762 535244
64440 559165 782230 298274 229787 269719 382161 232885 475202 302603 605575 439379 413852 132557 209781 363859 292763 128398 560541 441406 323351 330972 788900 497584 724612 375195 499604 438512 713611 185961 484039 776971 796105 547181 662721 433562 124192 489476 316803 441324 814102 573975 672800 114936 327404 999999999 131826 512151 245616 769689 886657 454735 166306 185602 602386 171349 495336 527992 226464 420430 592083 299610 390002 187155 487267 134304 500349 500478 628372 361552 267411 132889 70927 285763 699193 215574 100337 35603 163309 355947 546293 531489 178893 681613 407386 712294 319759 814867 551784 148823 856108 270364 284869 663636 409348 706629 537275 435902 664109 208018
180040 666324 910804 312734 332692 393005 467510 180712 603636 354433 696088 484562 516581 29500 154206 344394 424580 215589 688706 503248 383073 367180 900212 629365 855750 498573 451214 561882 793403 314463 603232 859554 885724 678053 754231 361286 127511 611594 224489 458372 942188 700696 771194 218285 455980 131826 999999999 552406 351616 898965 1015055 557649 249268 294274 722493 188677 606663 638558 294949 373401 670130 305620 495563 124509 609449 90813 584280 569377 727901 470552 142724 250803 144956 411489 804450 136077 232040 111459 260857 366561 676081 629418 179017 803414 415009 789490 388620 944416 596925 123488 941349 219797 168504 790649 441494 827172 667858 453127 748677 92335
456837 921058 956434 809807 336927 415012 830467 404991 721565 799570 286145 932511 293164 524679 423245 873895 536235 386891 786194 917901 812312 185717 553032 631741 753234 699859 343261 743383 308395 456401 803874 374401 424150 728326 329301 418832 426660 789397 472790 949961 990570 813520 377154 409209 627786 512151 552406 999999999 680540 934391 1048043 299932 351255 374025 891381 683274 851568 376592 288702 333698 211126 811741 307902 446540 787298 462180 202764 127420 354635 756097 566233 422494 582667 629275 440840 459569 496402 543085 638568 867319 591734 292990 688741 944257 918694 295824 800018 967096 47557 647959 455956 383432 540680 880397 912446 974652 728607 944579 292916 527914
259292 315517 585667 240628 344649 296463 150809 477890 290217 165475 676271 269122 477702 364841 455302 338720 213039 318442 368215 240611 158009 523044 783202 373744 601929 170080 738483 228005 800342 227046 257886 853542 854875 381424 725935 678739 367050 271854 560875 324011 614059 372545 716865 289637 166957 245616 351616 680540 999999999 578169 687288 510891 344124 306678 376558 216567 255097 548554 402525 660312 691986 257055 450206 432602 269942 379598 597572 626971 673069 118938 494172 262796 206663 116034 720530 460146 194384 246143 91265 277942 457086 590960 240041 459239 317251 804631 135323 624428 710546 272154 922235 514425 519087 460945 271224 480822 368226 319588 743830 441457
742005 373278 24666 795992 685360 579240 565394 963105 295665 701771 734327 711735 641382 902239 949270 889167 488825 758756 211630 646976 674295 874180 622786 310546 245256 409441 1160318 350281 842115 613795 333598 854985 815733 228346 745755 1146346 858568 311195 1066825 809427 56494 205879 699447 734305 443001 769689 898965 934391 578169 999999999 119866 637121 756544 686265 240685 794535 376118 580573 780556 1095647 802910 815194 628982 937275 312727 890809 746719 817786 678381 479066 1037038 690864 763147 489371 651216 969498 673785 787730 661813 811948 345418 671561 818030 178574 830575 857196 647190 46260 935239 845602 879069 988485 1052132 121643 755229 187437 235575 807663 791498 976836
860557 450325 104490 896343 805051 698980 659485 1082578 411528 801076 836544 797232 755751 1019188 1068496 986917 608191 878375 326350 731886 771914 992885 699213 429333 326804 521041 1279701 459778 938590 733263 434873 945819 902254 348128 843135 1266209 977546 416238 1185974 896988 73316 316044 794188 853743 559342 886657 1015055 1048043 687288 119866 999999999 749183 876391 806128 327540 903791 467376 687255 900258 1215359 908129 915849 744569 1056122 418022 1009211 856906 929281 777028 582344 1154063 810318 877442 604106 741256 1088274 791705 903646 773274 907770 456585 778536 927235 249527 922201 954480 745621 81051 1046931 957327 962573 1108193 1169947 226516 844664 243870 355044 895723 890420 1094246
390785 676324 659724 709283 226336 216189 644785 495385 453438 665075 165385 780013 41141 539481 498226 795537 311921 342084 505636 747135 665899 299723 346389 343063 455202 465957 583091 493778 290322 300612 552619 342825 349076 441537 216836 613231 443053 532042 598176 826704 693530 534575 218698 343216 399068 454735 557649 299932 510891 637121 749183 999999999 309310 269192 621312 606740 610651 94056 277648 539291 193391 718293 65489 506011 530221 488521 113060 180738 173976 547080 640222 322976 509578 421266 246805 533781 383147 490219 508493 761454 292602 80888 621647 663673 809116 296059 645555 668403 298119 602420 414170 498449 631805 592344 777892 694060 444123 821791 233200 582804
106304 626845 773342 460045 90527 183147 494512 214304 480426 449060 448095 583338 268449 230204 207492 529887 272421 38007 562284 573422 463417 179890 654153 454165 659318 412954 417507 470419 550717 150516 526635 615380 638387 528319 506064 389947 135623 522202 322119 598812 807296 582831 521937 58147 346332 166306 249268 351255 344124 756544 876391 309310 999999999 70719 635611 336687 557618 393536 62563 345464 428229 463194 248983 206849 519914 180779 338580 334377 478645 439395 336997 83280 234602 325987 555981 237924 150758 200376 289912 517267 473288 380151 345173 706019 568498 548480 453146 798628 388558 312344 695947 233947 334808 667183 561386 734368 522087 593438 503216 277049
121606 570781 703279 457609 45782 113181 457027 283974 412968 432000 421586 561530 228263 280067 275502 536564 204778 84813 493787 544161 441567 223597 606861 383455 590400 352823 482784 407784 533587 89517 465491 595201 611758 458168 478217 460081 196031 458989 391465 588649 737314 515083 487212 76029 283752 185602 294274 374025 306678 686265 806128 269192 70719 999999999 571373 343984 500973 345173 105365 412846 414396 463705 204726 271924 456714 239102 320456 332207 442770 390076 397541 56479 243617 269591 514391 303829 128033 221140 269301 513156 404669 346038 356717 639815 563345 533712 427534 728167 405473 333799 672973 304614 398928 598412 546347 668556 452199 583402 482109 336106
591201 134280 237931 570581 585947 485538 332012 820851 169990 475007 758781 472371 609927 731708 802394 659829 368654 626618 126384 407292 445130 786952 731022 289093 396538 228454 1053074 166571 881610 485109 119340 911958 887067 198624 787411 1016914 709927 114394 916364 571132 257901 97417 752949 598430 289557 602386 722493 891381 376558 240685 327540 621312 635611 571373 999999999 589431 139859 598299 675652 980536 810795 590217 589152 784799 116676 733835 733739 793421 720094 262703 864909 557366 578932 319295 722589 815404 518502 612397 466891 580336 378097 679955 612505 83254 594948 893173 419285 282889 904440 648459 955667 852279 886249 124373 517959 104694 189771 569632 825024 808629
231160 510595 802226 130821 389740 401140 294704 361793 503930 167314 764600 295913 567051 213939 335267 193588 375620 299101 583983 316502 197804 500904 925324 569055 801226 385478 635688 444535 877503 311242 472295 939109 953976 591867 820477 549737 274002 487956 412766 277353 830585 589057 825166 282112 367378 171349 188677 683274 216567 794535 903791 606740 336687 343984 589431 999999999 459531 669862 397620 556799 757576 129361 541254 306306 486094 259416 664211 669479 780313 326874 315983 287585 102241 315215 844474 323246 223759 140644 136713 188057 639072 686241 23496 672610 239142 877316 207642 840794 723127 69985 1016313 401675 349116 677502 254466 692571 579351 271960 826018 278235
