NAME : synthetic_000311
TYPE : CTSP-D
DIMENSION : 100
GROUPS : 8
RELAXATION_LEVEL : 1
EDGE_WEIGHT_TYPE : EXPLICIT
EDGE_WEIGHT_FORMAT : FULL_MATRIX
EDGE_WEIGHT_SECTION
999999999 420262 656173 146793 403734 664177 542177 669360 667767 157963 608004 119120 132793 654401 188858 602220 284006 594109 471855 649287 218649 494267 260042 610229 389704 787406 456038 651459 688506 462283 464886 743420 881760 286163 302074 244637 401251 562882 328758 202329 491152 501057 493563 489949 524123 462515 317964 540126 407640 490718 601700 404536 582281 323619 188830 771833 598943 494721 458655 651289 493895 611616 197958 772872 268290 787562 122541 262690 554152 416739 475482 80960 393579 320086 662898 613021 600478 428929 352572 732148 555900 324503 535124 123406 327315 354520 139519 302380 353976 321537 336564 316379 310269 387896 338410 658665 466567 276743 366258 117137
420262 999999999 489198 404689 103452 586839 233991 287122 474769 418120 318996 316369 307471 421126 258522 666322 590606 196419 460512 632222 219988 590614 496931 460608 255050 419523 40252 231372 269936 658368 593710 329159 468426 688816 722193 658744 443634 171228 175517 253155 77194 102436 445222 380172 278074 628470 445866 669473 195899 176209 531077 823471 266518 570850 390272 352077 221416 203099 124213 500794 252118 375606 238426 736796 605117 790407 303219 645535 490970 120143 411065 342828 535415 418058 612131 200808 228657 404838 609336 421512 319853 177119 677772 514111 506126 494645 481376 701807 433855 335760 303661 253143 701594 71959 95702 339833 391269 521112 222824 485121
656173 489198 999999999 527684 392312 144141 713002 698947 961408 760884 209813 548631 634577 903430 623464 1127956 928987 407865 930056 1112118 597047 1037175 869044 46756 731116 819548 470019 523304 514911 1066955 1028058 646384 745903 927657 879843 793347 895223 396646 383879 630006 458875 424369 922308 864150 212038 1049432 864004 1108559 311099 660998 135625 995409 737889 945418 758103 613222 658908 288691 611191 24354 237164 859893 497011 1222092 921321 1270877 558258 916572 149817 608431 190049 624192 959183 844329 1096748 582601 670082 241288 981338 873638 172033 386717 1111928 779481 909610 914509 597641 945738 342957 335877 320264 703555 958829 430823 542991 245849 193266 506469 321074 770077
146793 404689 527684 999999999 352872 522290 580998 683477 749560 295838 513192 112669 215161 724053 253727 735999 430203 544229 585879 770923 264434 629342 403417 481019 461588 811317 432217 624083 654556 607443 603427 732929 871906 399986 366157 285308 521190 512269 261389 268550 461914 461134 600910 582047 426314 605225 447901 680777 324544 522641 460888 480637 621216 469707 317270 749231 613648 415615 479805 520051 399559 678186 169610 894447 411734 916217 134821 392468 414295 442590 340776 166511 531064 443888 778421 605489 617955 291593 499270 779431 451256 257484 677072 262161 466708 489581 83708 418115 208682 193496 218395 393075 431845 351160 348039 569213 334704 148788 274899 262728
403734 103452 392312 352872 999999999 484302 337384 376331 576948 440207 243239 287585 315653 524362 279739 744591 617250 193045 542195 721039 243667 660957 533655 360995 339963 509354 102728 274561 302258 712828 658407 392408 528615 686300 698614 627044 515087 161173 94303 279912 118920 109417 531708 471907 185572 687693 500956 736988 92481 279552 427899 806428 369274 610413 421369 400074 315651 118156 227342 402239 156363 478620 206287 829847 624445 879795 281196 651385 387527 217829 307948 335663 594642 476388 704549 274674 324253 303996 648737 522267 227910 97617 743170 513071 556000 551468 435024 701161 342723 245896 210662 320693 704876 38684 154191 278097 288105 449302 124386 489204
664177 586839 144141 522290 484302 999999999 818657 822413 1061247 790306 345537 571613 671339 1007673 672184 1189560 946795 537350 1000350 1187262 652271 1092432 901108 140851 810775 947415 574865 654869 650618 1104678 1077805 780693 885670 914372 845359 758182 956787 521890 449936 681365 570409 538410 997913 946820 324975 1092762 912683 1158540 393743 762779 63800 958801 847287 974716 795533 751447 776370 399266 711042 120190 341813 962412 538109 1302387 932339 1344969 585949 913708 112201 701395 199072 649302 1006455 896991 1177192 706561 786987 237822 1008246 991063 292180 451674 1159507 784032 950839 961803 578126 933017 315573 350094 350124 772475 949484 520756 623580 387546 214663 460867 385367 781246
542177 233991 713002 580998 337384 818657 999999999 156479 251049 467737 522881 472982 409558 190432 353332 531070 604979 341973 334194 462107 326611 487269 499394 688465 181562 249079 244189 280787 323975 595481 507489 280723 393856 757738 830206 785185 356988 335921 400906 339940 254882 290427 302070 224741 501279 554898 409115 567948 429862 61124 764161 913765 40465 556286 425979 339232 107388 424524 112615 726837 479047 147927 414689 546628 634634 611715 453071 700496 724741 140568 644991 462355 472289 377792 429190 191885 99043 637067 590885 199245 541052 401509 581954 596078 473421 444392 643695 765983 656163 559000 530406 243829 757613 304611 238404 525382 625218 717315 454747 560739
669360 287122 698947 683477 376331 822413 156479 999999999 340349 613742 492418 583931 539727 270184 483142 673195 758639 293211 484540 590705 450784 638619 653409 683904 335891 133088 273889 189877 221259 750908 661239 133751 237385 903565 965947 913983 512529 302334 461231 471457 262316 288478 449409 372869 497570 709647 565246 718416 462334 185544 775464 1055416 132939 712104 573771 198408 70631 425367 210704 716806 483759 247735 513919 657796 786590 729715 566588 848744 742687 252797 673124 588400 628355 533871 551020 116356 69235 677092 747021 183457 531183 463192 733324 736860 629696 600868 754772 912912 718090 620373 586388 392289 906130 355476 337437 476940 653332 807047 500662 702589
667767 474769 961408 749560 576948 1061247 251049 340349 999999999 542926 773884 636928 543263 70168 496662 378470 618005 590785 255941 271148 486348 386988 520735 934840 288166 331762 491391 515152 553902 523929 424698 471251 536609 807267 913154 890010 323269 586472 625312 481709 505207 541011 215476 181556 749370 477843 414222 453570 668145 300419 1004386 972690 235449 547163 499149 537190 334404 672759 350924 974283 725541 103393 601322 318969 658783 393617 614740 741990 962609 360976 879338 598777 427046 390694 223879 426542 322692 864869 571043 197526 789902 624950 472439 677694 463328 422535 794286 809869 867249 774337 751103 357273 793972 540894 448902 775721 860001 896382 685273 641793
157963 418120 760884 295838 440207 790306 467737 613742 542926 999999999 673629 218788 128737 541669 161866 444276 177132 611746 323571 494303 199982 336399 110973 717100 291903 716472 458115 641376 683511 315839 308108 710560 843162 290181 373059 347636 249931 583452 392379 165209 495186 515410 350319 361392 597534 309989 161468 384949 475359 428199 726642 447218 505012 185094 44342 750781 546777 550439 411510 759995 565560 503634 264955 617467 187051 629957 204809 235646 678259 369553 593876 141189 236205 167946 511098 583925 545220 552514 220464 639154 635064 388542 381378 135439 170943 196567 297066 299172 492816 440254 444699 223951 293080 412416 323081 715970 581557 433935 446497 99201
608004 318996 209813 513192 243239 345537 522881 492418 773884 673629 999999999 489346 545533 711975 517362 983462 850215 199510 778640 950932 483353 902907 772442 205178 573536 610506 290121 313639 305666 955636 901403 436759 540545 893817 879137 798203 756429 192218 283552 519389 269735 233618 764207 698453 86998 930914 744097 979653 201306 476727 312642 992949 543263 849668 659350 405920 457419 125487 431058 230185 114621 670794 416809 1053327 852605 1108825 490670 868095 296044 437813 265053 553546 837880 719624 929404 376489 468970 300793 887678 670454 74972 287649 986149 727361 798397 794657 595186 910306 394550 333252 299585 562271 917956 279487 394928 60211 251250 551231 242570 708886
119120 316369 548631 112669 287585 571613 472982 583931 636928 218788 489346 999999999 110581 611669 141863 641871 380522 479732 480303 667646 152050 537624 329718 503661 348921 708783 349096 544842 579610 534115 516316 644797 784026 405268 411542 343337 419261 448134 209729 156521 382504 388833 492754 470547 406109 525230 354460 595934 288655 416023 508000 518865 513394 403153 228186 667811 513442 375631 376107 545895 375539 565966 81590 790558 373417 816634 22330 379306 459648 336949 375990 77690 443711 345830 672209 515082 516737 333794 437138 670302 439006 205471 594609 238597 383490 400167 171492 421388 278061 221720 228971 280761 428609 275275 246509 539600 364479 260156 248434 223539
132793 307471 634577 215161 315653 671339 409558 539727 543263 128737 545533 110581 999999999 525414 56712 531812 304687 494884 371214 557679 90852 428368 234500 591473 259812 655599 346105 537421 577214 434386 408918 620569 757558 381381 426554 375981 308837 465266 263680 69618 382794 398887 385769 370113 468842 421450 245370 489174 346693 358993 607540 520752 449592 311184 124504 653665 469695 423098 329425 634638 436888 481643 137577 680839 309003 706084 90450 339297 559162 287010 473033 55788 336669 235453 563598 490686 470582 434717 347758 599566 506333 259827 489002 206836 279500 292482 251038 394354 387134 322392 322230 187175 394708 290812 217385 589028 459481 363759 318149 177838
654401 421126 903430 724053 524362 1007673 190432 270184 70168 541669 711975 611669 525414 999999999 474958 434173 635358 525450 285945 333946 459646 429456 533853 878593 265634 268145 434210 446392 484550 561958 463520 401227 470138 817153 914625 885004 344342 522709 579565 460059 445151 480503 244559 190024 691663 516401 428551 501218 616487 244948 952198 981338 169653 569160 497340 467118 266336 614907 297021 917177 669111 47252 568513 388676 673774 462517 589876 753370 911689 313010 830100 581188 455783 401852 289052 358299 254517 818639 596375 137269 731484 579580 519208 677090 483525 444681 774788 821328 827843 732912 707475 338426 807324 489694 406109 711340 810514 868461 637284 640802
188858 258522 623464 253727 279739 672184 353332 483142 496662 161866 517362 141863 56712 474958 999999999 519253 338143 450361 343957 532933 38574 420295 255082 582203 209827 598955 298075 486131 526905 444558 406527 565760 702206 432923 482928 432600 289022 421776 242550 14967 335092 354002 353252 328684 445273 425974 241488 487316 323713 302315 608665 575757 393473 332317 142075 600450 413198 392726 273017 625681 413199 430314 135080 654661 348462 685571 119539 387304 560702 230522 473129 109383 336326 224814 534172 436270 413973 439346 370323 544686 484690 239162 489486 259570 286666 291557 299857 445067 404518 329210 322428 139522 443699 250779 165408 557067 457903 401924 302721 228382
602220 666322 1127956 735999 744591 1189560 531070 673195 378470 444276 983462 641871 531812 434173 519253 999999999 397182 843326 206734 123488 537290 108262 351339 1090198 411716 701223 700029 807844 852342 211076 144710 805933 897062 594798 732630 745952 233216 826668 745477 509005 729260 763093 230593 307108 929571 175249 288326 103350 817321 544127 1126407 750510 542149 319004 418731 867886 638053 861458 572830 1133484 899148 434817 654333 207900 442212 192153 622259 530484 1078800 552929 990921 571206 210254 296590 173860 721121 628795 958531 317536 571288 971722 743010 122791 541292 277725 247711 740932 589009 918824 848331 841064 425032 565331 706462 590414 1005970 974897 877807 809846 515063
284006 590606 928987 430203 617250 946795 604979 758639 618005 177132 850215 380522 304687 635358 338143 397182 999999999 785902 365500 486192 375674 297130 105717 884161 423440 847359 630832 807965 851280 205372 254221 866402 993824 201224 335480 353697 294756 758302 567981 340054 667789 689788 403812 445336 773032 225420 207002 307494 651044 575752 883853 364320 638187 79831 200345 911589 695861 727410 568467 926412 741173 605808 437859 599121 45516 588710 371027 134987 835920 528466 754745 305013 206458 235287 518845 744008 692466 710058 84056 752012 809789 564057 295358 175471 155251 197003 400774 198838 637983 599897 609472 369034 179021 588920 494933 893052 744199 545176 619871 167524
594109 196419 407865 544229 193045 537350 341973 293211 590785 611746 199510 479732 494884 525450 450361 843326 785902 999999999 636760 793456 411928 776164 693274 396878 434500 411711 156354 118032 124544 852097 783099 245980 366535 873105 891189 820088 630214 31977 282916 446598 120494 96360 615019 542537 218745 820469 640410 856440 235579 306410 496046 998060 355869 767262 585764 230137 263071 161020 270813 426881 214735 487524 398165 886262 798702 947937 471954 834106 469427 292258 413121 522392 727967 611811 765680 177891 274903 430937 805742 472969 245644 286774 866116 698592 701604 688361 627050 887200 499421 411304 373282 445678 889076 206531 291791 186865 394620 628758 286639 672155
471855 460512 930056 585879 542195 1000350 334194 484540 255941 323571 778640 480303 371214 285945 343957 206734 365500 636760 999999999 189309 353424 154151 274531 894087 205497 534993 493610 605173 650084 277441 180889 614109 717136 560497 677093 666235 75404 619935 551482 331257 522556 556499 41420 111993 727730 232682 170831 234031 618990 340309 938118 726091 351603 292160 284725 673425 441462 657891 366564 937006 697939 268658 475662 310750 407990 344949 458744 494136 891445 346223 803587 420315 171339 156049 192590 520189 433208 775529 315118 417310 770041 549420 248798 450347 210274 168546 609577 561308 748231 668958 656854 228012 543628 503714 388322 799783 786486 733815 616298 416577
649287 632222 1112118 770923 721039 1187262 462107 590705 271148 494303 950932 667646 557679 333946 532933 123488 486192 793456 189309 999999999 542664 191177 419736 1077659 381141 601676 661506 742893 785904 322131 236058 724450 803686 687316 818586 821497 249824 780785 737527 520413 686506 721932 189945 252770 906181 280258 332954 221962 801873 487364 1125434 848309 465232 406368 460487 788700 565523 833872 524628 1120198 877402 344145 664971 123734 531673 158778 646384 621171 1079112 513189 991397 604512 282101 329412 51519 653850 555146 964281 413677 468320 948510 735670 242117 608857 345351 306806 788574 683825 937379 858174 845568 415168 661883 682355 569154 966532 974015 917708 802290 578406
218649 219988 597047 264434 243667 652271 326611 450784 486348 199982 483353 152050 90852 459646 38574 537290 375674 411928 353424 542664 999999999 441620 290014 556902 198244 569363 259506 448087 488631 474643 431019 529718 666788 470626 516729 463282 304686 383481 213692 36247 296520 315569 358330 325644 413437 453692 267234 511574 292883 272930 589155 611601 367028 366900 177813 563211 380448 358225 240102 600397 381453 413917 122989 662751 386799 697672 130422 425691 541656 198093 453727 137729 362451 247422 540285 399852 381847 422989 405158 521333 453575 210620 514923 296738 316670 317924 318953 483005 396920 315536 304653 134428 481975 213508 127389 521583 437608 410119 276046 266206
494267 590614 1037175 629342 660957 1092432 487269 638619 386988 336399 902907 537624 428368 429456 420295 108262 297130 776164 154151 191177 441620 999999999 243582 997972 341961 686573 626747 753571 798748 139779 45043 767694 871156 497600 631794 640958 146996 756742 653364 411159 658486 690646 191529 266112 843990 94232 183166 81290 728339 488926 1028948 657490 505683 217508 312267 826323 594222 778926 509687 1041427 812883 418311 554962 302099 342623 298459 518596 431936 980997 483949 893400 465497 102104 195507 229797 670450 586300 859116 222580 564716 885730 650623 94747 433999 169581 140003 632805 493459 815386 747940 742702 340636 471120 623686 507980 929708 878002 770203 716953 407158
260042 496931 869044 403417 533655 901108 499394 653409 520735 110973 772442 329718 234500 533853 255082 351339 105717 693274 274531 419736 290014 243582 999999999 825770 317906 741715 537131 708542 752431 205123 208741 762778 889047 286947 404049 401767 200223 666904 495098 253770 573730 597946 309987 344265 699445 202474 106514 280891 577418 471236 837414 452617 532474 77358 113203 809327 591254 647748 466080 868850 667362 502626 372074 539518 140153 541953 315294 221284 789016 426980 704320 252157 141706 132035 445178 641898 587604 663355 115245 647754 738151 491454 275187 190728 74884 113408 394891 289134 603244 551020 554623 265588 273748 502546 401505 811591 691706 536226 551953 163762
610229 460608 46756 481019 360995 140851 688465 683904 934840 717100 205178 503661 591473 878593 582203 1090198 884161 396878 894087 1077659 556902 997972 825770 999999999 697279 807648 444384 514196 509822 1024723 987785 639847 745699 881002 833279 746848 857138 382331 344859 589239 436415 403098 887717 831489 188478 1008065 823298 1068422 275818 634679 111834 948868 715115 901887 715382 611019 640167 264686 583944 43501 209492 834269 454044 1189190 875891 1236294 513803 870266 112789 578545 143527 579633 918374 804324 1063759 567739 651047 194792 937553 855154 152723 347469 1071358 733468 867722 873639 550899 899101 296977 289510 274893 666769 912289 399041 508799 250337 146518 461029 281024 724502
389704 255050 731116 461588 339963 810775 181562 335891 288166 291903 573536 348921 259812 265634 209827 411716 423440 434500 205497 381141 198244 341961 317906 697279 999999999 427020 288319 416120 461394 430039 351835 450521 572463 580048 661777 624956 197426 416070 361528 194874 318136 351528 191796 136523 525305 393546 231088 422653 421511 158033 750125 739084 215899 376730 248645 502198 276082 453908 168801 739579 496313 221995 315590 492234 453304 539918 326796 521111 705040 142294 618296 315573 304473 199681 366829 338113 271398 596362 412328 348332 567653 360158 433227 424545 295944 271044 509391 587396 586427 497480 478776 73376 577916 301283 188488 594333 600045 608216 425606 388450
787406 419523 819548 811317 509354 947415 249079 133088 331762 716472 610506 708783 655599 268145 598955 701223 847359 411711 534993 601676 569363 686573 741715 807648 427020 999999999 406970 297703 316234 811280 715875 190411 207894 1006185 1078720 1031555 578079 425526 594121 586194 394486 419058 495479 425181 623790 767296 645194 762343 594702 296693 902656 1162821 211542 792671 674297 250127 199062 553724 332679 838550 612054 268805 641794 645162 879385 722402 690438 948041 871490 372634 803995 706795 694843 614667 555503 242808 193664 809323 824985 134844 655271 596026 779319 845132 707481 673928 880223 1014040 851169 753424 719476 492533 1004918 488430 463477 587869 784290 937944 633643 809818
456038 40252 470019 432217 102728 574865 244189 273889 491391 458115 290121 349096 346105 434210 298075 700029 630832 156354 493610 661506 259506 626747 537131 444384 288319 406970 999999999 195894 232599 697196 631049 301043 439768 727211 757495 692311 479917 131954 189213 293037 37072 63997 476351 408787 257983 666685 484951 706103 192138 190998 521413 860028 272598 610929 430504 318935 213052 181385 142150 483161 234908 390072 269390 763234 645143 819041 337222 684723 483532 148544 407225 379706 573784 456817 639297 176586 221862 406050 649402 421781 298630 191589 714832 552406 545624 533422 510848 740423 444345 346847 312525 291266 740604 84087 135951 306335 387304 542081 227090 523912
651459 231372 523304 624083 274561 654869 280787 189877 515152 641376 313639 544842 537421 446392 486131 807844 807965 118032 605173 742893 448087 753571 708542 514196 416120 297703 195894 999999999 45289 845717 767139 128567 256502 918600 953193 888136 612641 139370 368864 478986 162789 165305 577294 500902 336505 809665 640300 834853 338476 264974 614074 1054838 282416 778001 609127 125550 181226 274784 248256 543032 330735 414604 464654 824478 826878 891578 533112 873097 587193 283159 528755 574187 720085 609761 709335 89591 192732 543552 815743 373325 363545 372154 846857 744254 704321 684513 704358 931091 605112 512711 475276 446308 929727 273062 320736 290636 509885 723357 386647 714284
688506 269936 514911 654556 302258 650618 323975 221259 553902 683511 305666 579610 577214 484550 526905 852342 851280 124544 650084 785904 488631 798748 752431 509822 461394 316234 232599 45289 999999999 890929 812422 132077 242389 958593 989605 922841 657928 152512 395987 520266 197460 193422 621860 545293 340012 854940 685201 880034 357540 310019 613430 1092622 323393 822339 652006 105692 221894 285554 293416 535771 338500 454581 498698 865541 869484 933519 568866 914176 589657 327853 536687 612265 765299 654728 751552 132091 233040 555440 860165 403655 362625 399517 892089 783972 749125 729599 735891 971393 622993 533218 495352 490917 970593 305304 361595 274721 518428 747892 407555 754595
462283 658368 1066955 607443 712828 1104678 595481 750908 523929 315839 955636 534115 434386 561958 444558 211076 205372 852097 277441 322131 474643 139779 205123 1024723 430039 811280 697196 845717 890929 999999999 99234 875122 987067 391740 533999 558652 238494 829147 687029 439638 731814 760737 318276 386126 888013 46131 212860 109980 767427 586405 1040908 542228 619238 140182 309895 930108 699711 830150 597549 1068061 856061 546080 570998 418975 246916 395237 518827 330527 992492 565360 907036 456804 125634 240381 365521 767888 693128 867173 121345 694690 928212 683686 93903 372764 158021 163779 592414 383981 808365 754697 756522 406427 359153 678248 567320 989482 893787 735898 746985 355248
464886 593710 1028058 603427 658407 1077805 507489 661239 424698 308108 901403 516316 408918 463520 406527 144710 254221 783099 180889 236058 431019 45043 208741 987785 351835 715875 631049 767139 812422 99234 999999999 788164 895891 453972 589506 601266 154536 762238 644417 398689 664040 695041 220968 291687 839265 53159 165170 80795 721546 504052 1014117 613095 528653 175115 288534 845181 613436 776560 520629 1031286 807778 449149 539707 345109 299602 336835 498246 388651 965924 492007 878788 442113 72676 183895 274751 686147 606134 842688 178043 597144 880577 641460 84765 397418 137575 116438 602140 449431 794348 730761 727681 340993 426815 621954 507393 930822 864022 741578 707059 372308
743420 329159 646384 732929 392408 780693 280723 133751 471251 710560 436759 644797 620569 401227 565760 805933 866402 245980 614109 724450 529718 767694 762778 639847 450521 190411 301043 128567 132077 875122 788164 999999999 139281 996619 1044941 985386 636837 267872 485800 556189 274482 285964 580297 503224 464718 835186 681583 848117 463480 292823 741465 1141303 263963 826203 673697 66145 175473 403177 299288 666938 459299 381170 567581 789788 890660 862541 630520 945958 715407 341009 657254 663543 750953 650191 684517 130400 182109 671269 862413 296907 490568 488722 862426 824988 746451 720591 810476 1007545 729711 635599 598707 497408 1003312 384056 405129 406752 638330 841047 509953 792582
881760 468426 745903 871906 528615 885670 393856 237385 536609 843162 540545 784026 757558 470138 702206 897062 993824 366535 717136 803686 666788 871156 889047 745699 572463 207894 439768 256502 242389 987067 895891 139281 999999999 1131072 1182888 1124230 749024 392821 622587 692108 411952 420450 680168 605156 581888 945166 802474 949793 594923 418143 852116 1277957 367830 949080 804906 136842 298027 527428 432088 768051 580883 462470 706851 852418 1020239 929139 769615 1078807 830448 474520 779065 801607 865238 771077 759163 269182 301451 797343 984220 341875 602471 625651 965511 960704 866999 838223 949699 1141457 861531 769142 731760 625507 1136242 522226 543351 500312 760816 977888 643095 927710
286163 688816 927657 399986 686300 914372 757738 903565 807267 290181 893817 405268 381381 817153 432923 594798 201224 873105 560497 687316 470626 497600 286947 881002 580048 1006185 727211 918600 958593 391740 453972 996619 1131072 999999999 145265 195416 486931 842606 614728 441233 763711 778001 596784 629010 809345 420188 393309 499980 693766 718075 855263 165689 794645 280983 331888 1033236 836028 780750 698995 919912 779482 783108 482698 799049 155888 784696 406956 66740 810257 656559 740308 350998 407375 416847 719942 868133 834833 690441 277264 924028 839861 610478 485394 174836 351893 393901 336246 18777 599269 592603 613749 513912 42021 666831 598009 944820 734672 465592 651580 204560
302074 722193 879843 366157 698614 845359 830206 965947 913154 373059 879137 411542 426554 914625 482928 732630 335480 891189 677093 818586 516729 631794 404049 833279 661777 1078720 757495 953193 989605 533999 589506 1044941 1182888 145265 999999999 87247 601869 859518 615241 494496 792145 800162 710234 731908 792352 559671 506379 640770 686657 783403 790561 115682 869225 414448 417400 1073901 896114 777252 755933 868688 765139 876636 493131 933866 290447 923915 420852 203512 749067 713448 689794 381401 536517 525155 847672 914590 896734 638561 416353 1010106 817224 611045 627061 237874 475520 516509 286159 157834 538743 555541 583649 590489 184562 686589 639818 934558 687914 384639 638910 274197
244637 658744 793347 285308 627044 758182 785185 913983 890010 347636 798203 343337 375981 885004 432600 745952 353697 820088 666235 821497 463282 640958 401767 746848 624956 1031555 692311 888136 922841 558652 601266 985386 1124230 195416 87247 999999999 591004 788209 540531 445496 725838 731284 695999 708645 711242 578233 496482 660631 608840 734894 703314 202191 825015 428044 390982 1010710 843541 699822 703280 781924 684819 844575 424176 940669 311962 938098 355526 236326 661879 661374 603326 325589 541295 510730 845978 855089 845115 552067 437631 971755 734733 536406 648988 215889 476251 514956 203137 212424 451772 471494 500808 552017 237432 617961 581432 854496 601846 297584 559921 250235
401251 443634 895223 521190 515087 956787 356988 512529 323269 249931 756429 419261 308837 344342 289022 233216 294756 630214 75404 249824 304686 146996 200223 857138 197426 578079 479917 612641 657928 238494 154536 636837 749024 486931 601869 591004 999999999 610250 512340 277843 511970 543855 109864 156277 698994 198599 95501 226329 585022 350072 893776 652617 381276 225110 212754 692550 461530 632834 366171 900462 668166 319842 423641 373490 336006 397616 398407 420860 846335 338364 758395 354728 116941 82001 261799 532138 454770 727111 252212 468974 740939 509843 236049 375135 140217 100375 540000 488382 692471 617957 609122 194399 471518 477522 361579 782740 742149 667891 576653 341597
562882 171228 396646 512269 161173 521890 335921 302334 586472 583452 192218 448134 465266 522709 421776 826668 758302 31977 619935 780785 383481 756742 666904 382331 416070 425526 131954 139370 152512 829147 762238 267872 392821 842606 859518 788209 610250 999999999 250980 418509 98280 69023 599794 528750 199172 798457 616883 836578 205394 295726 478039 966635 353228 741450 558449 257286 265227 135464 256302 414512 191527 483083 366595 876473 770237 936437 440612 804294 449267 273941 389391 491727 705634 588767 754697 185978 276810 404838 779970 478446 229778 254828 845732 668243 677350 665372 595075 856840 470481 381198 343242 423100 859037 175783 265595 189493 370516 597760 256018 642205
328758 175517 383879 261389 94303 449936 400906 461231 625312 392379 283552 209729 263680 579565 242550 745477 567981 282916 551482 737527 213692 653364 495098 344859 361528 594121 189213 368864 395987 687029 644417 485800 622587 614728 615241 540531 512340 250980 999999999 247653 211407 203671 548016 497953 205163 667240 480926 724815 83063 340211 388745 725565 436679 572416 382112 494372 396768 166030 288307 388243 173224 532586 133553 852508 569190 895525 208451 585792 343518 266580 257057 270168 576143 460584 727389 365264 404161 239569 609789 594550 243092 4259 728503 445318 529054 531609 344482 630604 258410 160313 129583 323495 636835 105825 177333 331037 238591 355337 64820 425659
202329 253155 630006 268550 279912 681365 339940 471457 481709 165209 519389 156521 69618 460059 14967 509005 340054 446598 331257 520413 36247 411159 253770 589239 194874 586194 293037 478986 520266 439638 398689 556189 692108 441233 494496 445496 277843 418509 247653 999999999 330108 350289 339706 314076 448821 419708 234066 479417 327822 289714 617965 585982 379983 330681 141636 592036 401740 394341 261830 632737 416795 415473 145802 641827 352252 673666 134191 394114 570142 219221 482405 123501 329197 215956 520912 427100 402239 449582 368923 530533 488700 244419 482119 268800 281617 284505 314736 452965 416979 340117 332110 124609 450826 249549 158765 557824 466859 416646 308966 236740
491152 77194 458875 461914 118920 570409 254882 262316 505207 495186 269735 382504 382794 445151 335092 729260 667789 120494 522556 686506 296520 658486 573730 436415 318136 394486 37072 162789 197460 731814 664040 274482 411952 763711 792145 725838 511970 98280 211407 330108 999999999 36136 503489 433860 248094 700611 519961 738297 200225 206993 519434 895451 279071 647263 467450 287400 207618 171765 162544 473527 228597 402590 301997 785367 682212 843198 371438 721593 483882 176333 411475 415512 607929 491472 662336 156169 217665 414862 685708 421121 286849 214274 747474 588882 581114 568049 541733 777031 460832 364552 328789 325469 777396 110798 172861 280058 391615 566569 241034 560627
501057 102436 424369 461134 109417 538410 290427 288478 541011 515410 233618 388833 398887 480503 354002 763093 689788 96360 556499 721932 315569 690646 597946 403098 351528 419058 63997 165305 193422 760737 695041 285964 420450 778001 800162 731284 543855 69023 203671 350289 36136 999999999 538214 469205 214621 730523 548291 770071 179002 243117 488769 905530 313626 672432 489776 290738 238032 139144 198451 439513 196965 438257 307385 821322 702350 878834 379617 738177 454611 210501 384953 427800 637561 520391 698155 177122 248581 391675 710951 452662 252480 207028 778828 603307 608510 596991 542565 791872 444084 349637 312785 355095 793349 113577 196577 244633 365234 558095 224066 576385
493563 445222 922308 600910 531708 997913 302070 449409 215476 350319 764207 492754 385769 244559 353252 230593 403812 615019 41420 189945 358330 191529 309987 887717 191796 495479 476351 577294 621860 318276 220968 580297 680168 596784 710234 695999 109864 599794 548016 339706 503489 538214 999999999 77337 717097 273220 204406 269643 611940 313637 936339 762473 316709 331798 309487 640721 409428 645530 344213 930274 688030 228181 481311 305566 445599 348611 470785 530723 890297 327885 802757 437165 212480 185651 181997 490884 400660 776988 355715 376429 759446 546240 285443 480354 248656 207413 629530 598223 755136 672655 658330 227226 581188 493036 379317 782563 785147 749519 612719 445789
489949 380172 864150 582047 471907 946820 224741 372869 181556 361392 698453 470547 370113 190024 328684 307108 445336 542537 111993 252770 325644 266112 344265 831489 136523 425181 408787 500902 545293 386126 291687 503224 605156 629010 731908 708645 156277 528750 497953 314076 433860 469205 77337 999999999 655990 342422 238602 345559 556139 238495 886404 793897 239986 379846 317692 563432 332092 582630 272450 873429 627969 163569 446975 357945 483972 410374 448223 564574 841468 260642 754799 424667 271319 212494 232659 414016 323334 732700 408267 312776 698215 496626 360679 496149 293971 255983 620264 632565 719957 632698 614886 191311 617964 433337 323535 713828 736512 730528 561880 460236
524123 278074 212038 426314 185572 324975 501279 497570 749370 597534 86998 406109 468842 691663 445273 929571 773032 218745 727730 906181 413437 843990 699445 188478 525305 623790 257983 336505 340012 888013 839265 464718 581888 809345 792352 711242 698994 199172 205163 448821 248094 214621 717097 655990 999999999 865745 678619 918696 122203 448960 278980 906325 527045 776802 586279 445080 451957 76756 399273 225617 32085 647932 336439 1013658 773294 1064883 408794 785391 250699 397921 199172 472838 773387 655875 888583 381984 462753 226486 814390 666895 42351 209031 923943 644645 730088 729418 508204 826051 313732 247162 212873 504893 834371 224164 339511 145056 182261 466794 157866 627523
462515 628470 1049432 605225 687693 1092762 554898 709647 477843 309989 930914 525230 421450 516401 425974 175249 225420 820469 232682 280258 453692 94232 202474 1008065 393546 767296 666685 809665 854940 46131 53159 835186 945166 420188 559671 578233 198599 798457 667240 419708 700611 730523 273220 342422 865745 999999999 187142 82474 746299 548377 1028966 575280 577480 150962 297680 891148 659999 805579 561994 1051521 833965 501293 556059 382135 269553 364586 508592 356632 980598 531355 894254 448960 93279 211589 322074 730318 653079 856072 143358 649616 906505 664066 73248 382838 142027 136378 596562 413975 802009 743645 743211 375429 390133 652193 539362 962747 880284 738552 728554 361536
317964 445866 864004 447901 500956 912683 409115 565246 414222 161468 744097 354460 245370 428551 241488 288326 207002 640410 170831 332954 267234 183166 106514 823298 231088 645194 484951 640300 685201 212860 165170 681583 802474 393309 506379 496482 95501 616883 480926 234066 519961 548291 204406 238602 678619 187142 999999999 245955 559397 388886 849013 558922 439283 147679 130906 732413 507089 618690 392621 866795 646858 398895 374575 456009 245460 469958 335482 327790 800846 357529 713649 282890 95219 31430 351570 566783 502127 677884 181781 545691 719435 477844 248075 280841 64874 50810 457479 395648 632252 566175 562564 195587 380018 465872 354460 776923 698853 591104 542932 248147
540126 669473 1108559 680777 736988 1158540 567948 718416 453570 384949 979653 595934 489174 501218 487316 103350 307494 856440 234031 221962 511574 81290 280891 1068422 422653 762343 706103 834853 880034 109980 80795 848117 949793 499980 640770 660631 226329 836578 724815 479417 738297 770071 269643 345559 918696 82474 245955 999999999 801520 570215 1094841 652089 585503 233390 367820 907123 675043 855124 590697 1111922 887317 493555 620458 310419 351218 285441 578176 437387 1046632 564373 959536 521076 152505 264237 269447 751702 666991 923262 224609 637783 960152 721893 20206 464552 214111 196880 675782 492903 873821 811248 808418 417920 468414 700178 585017 1007836 944802 816760 787619 442256
407640 195899 311099 324544 92481 393743 429862 462334 668145 475359 201306 288655 346693 616487 323713 817321 651044 235579 618990 801873 292883 728339 577418 275818 421511 594702 192138 338476 357540 767427 721546 463480 594923 693766 686657 608840 585022 205394 83063 327822 200225 179002 611940 556139 122203 746299 559397 801520 999999999 371844 336242 798813 461615 654770 464295 461188 404609 91072 319521 318346 90201 570555 215604 913584 652021 960539 289400 666896 295215 307720 215674 352332 654467 537719 788148 355039 413745 214785 692290 613642 160978 87005 806007 526198 609412 610195 408181 710010 266639 175806 137852 392573 717120 127251 233022 251106 195794 394137 51977 507598
490718 176209 660998 522641 279552 762779 61124 185544 300419 428199 476727 416023 358993 244948 302315 544127 575752 306410 340309 487364 272930 488926 471236 634679 158033 296693 190998 264974 310019 586405 504052 292823 418143 718075 783403 734894 350072 295726 340211 289714 206993 243117 313637 238495 448960 548377 388886 570215 371844 999999999 707282 870769 99646 533451 388353 344301 120122 372383 52504 673912 425260 199750 355259 580750 602279 641538 396673 663258 667043 80393 586270 410158 461200 357528 459373 182099 117345 577144 569591 259601 489599 340735 582598 552233 453760 428928 587287 727370 595070 497972 469622 207508 720659 245578 177880 484341 566574 657437 394942 517650
601700 531077 135625 460888 427899 63800 764161 775464 1004386 726642 312642 508000 607540 952198 608665 1126407 883853 496046 938118 1125434 589155 1028948 837414 111834 750125 902656 521413 614074 613430 1040908 1014117 741465 852116 855263 790561 703314 893776 478039 388745 617965 519434 488769 936339 886404 278980 1028966 849013 1094841 336242 707282 999999999 904785 793976 911139 731735 716404 726611 350233 655202 112504 291947 906519 474448 1241179 869966 1282902 522214 852955 48416 643777 135561 585690 942721 833479 1116116 660453 736930 174273 944786 940548 250972 390316 1095753 722135 887039 898080 519195 873842 256009 286396 286453 710411 889768 463492 563697 361027 151730 407284 324528 718675
404536 823471 995409 480637 806428 958801 913765 1055416 972690 447218 992949 518865 520752 981338 575757 750510 364320 998060 726091 848309 611601 657490 452617 948868 739084 1162821 860028 1054838 1092622 542228 613095 1141303 1277957 165689 115682 202191 652617 966635 725565 585982 895451 905530 762473 793897 906325 575280 558922 652089 798813 870769 904785 999999999 951656 443332 490545 1173518 986567 889000 847442 984102 878693 946364 600187 956970 319701 937464 526150 231972 863800 804789 805365 480655 570718 582082 882697 1011426 986266 754120 435060 1085444 931891 721337 635936 318569 517039 559085 401513 165530 653954 670936 698606 670593 186431 792224 737418 1047813 803579 497963 751864 353249
582281 266518 737889 621216 369274 847287 40465 132939 235449 505012 543263 513394 449592 169653 393473 542149 638187 355869 351603 465232 367028 505683 532474 715115 215899 211542 272598 282416 323393 619238 528653 263963 367830 794645 869225 825015 381276 353228 436679 379983 279071 313626 316709 239986 527045 577480 439283 585503 461615 99646 793976 951656 999999999 586901 462757 325859 101499 450480 149032 752575 506261 132943 454543 542208 669030 610370 493518 736617 755572 179914 677219 502588 497721 408200 428861 192936 90486 671088 620687 159988 565888 437470 600386 634443 502960 472147 684149 802520 693134 595642 566261 281128 793567 338040 277525 541694 657368 756964 488806 598928
323619 570850 945418 469707 610413 974716 556286 712104 547163 185094 849668 403153 311184 569160 332317 319004 79831 767262 292160 406368 366900 217508 77358 901887 376730 792671 610929 778001 822339 140182 175115 826203 949080 280983 414448 428044 225110 741450 572416 330681 647263 672432 331798 379846 776802 150962 147679 233390 654770 533451 911139 443332 586901 999999999 190552 875131 652635 724879 532767 944866 744720 542637 448659 519592 125336 510989 389831 214818 862797 495139 778805 325476 127686 178706 439413 708328 648124 736898 38538 690774 815483 568762 223316 233334 86033 124846 452298 278083 673218 624862 629793 332131 257284 578846 475856 888449 766618 595949 629012 215070
188830 390272 758103 317270 421369 795533 425979 573771 499149 44342 659350 228186 124504 497340 142075 418731 200345 585764 284725 460487 177813 312267 113203 715382 248645 674297 430504 609127 652006 309895 288534 673697 804906 331888 417400 390982 212754 558449 382112 141636 467450 489776 309487 317692 586279 297680 130906 367820 464295 388353 731735 490545 462757 190552 999999999 715806 507655 534799 374416 758634 554195 459314 261363 584112 218036 600648 210985 275033 683335 333064 597434 153649 215859 131282 474552 548442 505640 558513 228364 595283 625098 378506 366459 179751 155670 173014 328101 340021 506002 446045 446717 182268 332381 391148 294591 699028 583975 460245 439674 143480
771833 352077 613222 749231 400074 751447 339232 198408 537190 750781 405920 667811 653665 467118 600450 867886 911589 230137 673425 788700 563211 826323 809327 611019 502198 250127 318935 125550 105692 930108 845181 66145 136842 1033236 1073901 1010710 692550 257286 494372 592036 287400 290738 640721 563432 445080 891148 732413 907123 461188 344301 716404 1173518 325859 875131 715806 999999999 232102 391153 343267 634866 444156 446143 588323 855554 933704 927983 655227 985031 693966 383232 642265 693324 805210 701175 749406 167587 240232 661073 911965 362321 466222 497680 920934 859911 797225 773206 829096 1044966 727368 636387 598705 543884 1042130 398076 436333 368922 624064 848586 510393 828687
