NAME : synthetic_000329
TYPE : CTSP-D
DIMENSION : 100
GROUPS : 8
RELAXATION_LEVEL : 1
EDGE_WEIGHT_TYPE : EXPLICIT
EDGE_WEIGHT_FORMAT : FULL_MATRIX
EDGE_WEIGHT_SECTION
999999999 26649 736294 650826 948575 747607 222898 756778 316131 288722 85647 443167 772021 588768 455625 79112 631720 626862 219964 879536 140701 894657 840180 739224 268986 283415 733541 907334 641216 692692 320883 458077 772940 1091289 493578 562648 690327 541146 474805 824699 281277 204154 361497 839146 269260 786667 683629 647347 455573 349858 786251 591400 793373 522160 612981 438406 26571 535719 584607 855056 712045 741486 930912 95971 514678 444431 479524 798858 852869 545428 507416 255037 578484 1080622 827864 202705 187553 655426 250539 61624 338191 625108 954525 754383 128685 797828 675820 865164 1006966 194070 609587 710080 120109 602274 691978 239399 824658 678692 125311 174946
26649 999999999 711096 624713 927486 721466 203497 742254 290587 293181 75165 421276 752937 562169 432614 104610 608591 608680 194995 857825 149235 868870 813532 721038 242847 261320 713669 882296 618131 681740 294557 435861 749911 1068272 477452 563538 664457 517832 463495 799519 282449 204439 336391 814193 243157 775930 659307 622209 454907 351395 765536 578524 768814 496720 594548 436708 52999 514496 576251 829806 685966 736739 910782 122358 515354 443796 455993 772846 835301 538432 481020 230278 557197 1056525 801726 217969 206907 631259 234906 82753 314106 601316 932870 749104 150035 773068 651642 848014 984754 200575 583417 683637 117359 581915 667885 244439 798019 653980 122942 148788
736294 711096 999999999 367512 342842 379985 536617 479945 508383 734744 672611 583629 327212 292291 301021 799987 562746 340185 516345 269205 737355 169466 269170 351387 518756 465996 285857 171731 159746 560582 474197 311874 149936 396131 418613 775453 77705 539273 520731 508246 698184 687204 374802 533301 519781 605284 81316 454281 707758 713725 265281 487621 539906 214993 333573 686473 762603 278412 593155 517506 91737 739669 367999 822445 751157 705161 271731 414630 419066 613429 256933 481476 253864 358092 410759 807264 906797 106946 543313 792186 401187 529681 325091 733385 810412 527941 521080 440612 346784 733808 157559 321929 759042 274301 530622 730040 287044 67803 682598 563867
650826 624713 367512 999999999 710349 96833 543339 785885 336658 790542 626153 295062 663973 104852 426100 729209 200494 613439 474540 636280 721393 417528 242495 672828 381866 487142 615173 484256 448803 827741 330652 451105 511369 738459 611067 943525 291548 206987 697018 198785 757000 709144 383842 220906 381570 897425 401705 87476 845741 802347 615632 725084 199976 311356 600054 821087 675582 490348 810031 224093 277325 986529 733924 746737 905014 838719 406291 148648 764860 809573 237514 454548 499016 675920 177057 803256 768235 400401 580934 687337 424419 167958 691831 986389 766007 194023 153577 786202 707722 744495 242901 78069 612779 537592 163671 763290 213737 376579 662904 492123
948575 927486 342842 710349 999999999 716479 726279 338301 799493 841410 869245 906662 200574 631477 500912 994203 904679 343190 742479 77835 901545 368108 572499 247291 793553 666538 222364 284614 325233 462917 760240 493343 208137 192552 485946 761193 419516 875456 563213 839684 809281 831181 615970 864171 794979 450319 325890 797087 740472 794661 163294 463761 876920 493388 352602 727440 972379 412992 560767 844556 433565 629708 55480 1017266 757666 743125 483434 744590 195673 602182 565159 707956 370322 252742 734469 951575 1134214 341556 708622 1009722 623379 871658 33950 615478 984754 863967 863908 207980 90761 878159 486724 661699 1005061 347479 873310 856793 599390 347133 858901 796740
747607 721466 379985 96833 716479 999999999 634731 831793 433431 880894 721862 379897 697021 181373 498016 825932 246011 665272 568397 646566 816292 388522 183779 711940 478628 575909 650455 464896 489638 885130 427238 522249 529570 718873 679751 1021830 311696 281267 770574 131756 846738 801524 470032 156854 478346 948809 430761 139399 927390 889555 641642 787686 160484 376155 653144 902902 772397 550613 878239 148499 288828 1050474 746493 843531 985069 920887 475127 54328 794474 881634 312649 546904 552931 647427 80261 897997 863799 435925 670200 784105 510806 218545 694231 1048915 862257 148015 180519 816051 701515 837983 288662 63441 708730 589255 181767 855297 150874 405282 757595 587850
222898 203497 536617 543339 726279 634731 999999999 544887 268913 247712 143518 440222 549468 456661 241247 270863 593869 405387 83317 658238 201840 702219 685785 517704 217841 70881 510645 704050 425125 497059 244176 239667 555937 873494 277582 451615 502660 506640 282191 737735 215464 167735 175924 757039 219405 591043 475321 569098 340855 268999 563650 387681 721435 331177 391138 317261 246179 314016 406021 765392 528847 581773 708024 293959 405380 331162 268117 688936 632348 377111 343276 89979 356802 868407 712408 276931 410019 446137 51999 284422 139700 576192 733063 590891 274161 721449 616733 645469 786685 208303 431860 584393 299543 379500 633709 220736 676980 474123 145987 115110
756778 742254 479945 785885 338301 831793 544887 999999999 724307 570806 671203 876322 167860 684056 405182 780174 945212 177249 595762 324106 669766 602122 748863 130471 696126 510048 196414 538960 342367 126076 684085 383247 349795 530846 267741 432319 528197 886376 292114 963523 545517 590620 517561 988560 697863 127605 408714 860270 433322 511259 239870 171366 982176 483004 192607 426232 775579 311010 239330 978558 557406 293953 288186 801757 436616 438619 408872 875842 148094 286391 566198 568936 290338 583698 878774 698556 942060 397772 507419 817243 501890 915112 366821 281328 753590 973320 927812 145327 428734 632343 545384 768635 844410 250232 941693 599432 764838 432982 642959 647534
316131 290587 508383 336658 799493 433431 268913 724307 999999999 504281 304180 172436 669065 288158 323821 395114 332179 553558 185687 722491 404336 641647 544145 653771 54041 247157 620480 675771 474944 712788 40817 343018 596034 899722 472756 719042 443289 242166 519152 509249 476523 412376 206812 524492 52904 801683 483564 332140 609121 535684 653847 598435 480728 308025 537468 585205 340154 423445 646592 539404 455663 828949 799733 411590 673480 599642 329357 483709 768369 626971 251611 187731 457797 866427 513517 485718 436765 461947 319219 350680 225878 319246 794693 835235 436623 484098 366207 786321 834265 437914 355797 400707 280245 495401 382901 466844 524221 468729 349364 176436
288722 293181 734744 790542 841410 880894 247712 570806 504281 999999999 228243 668584 643423 701294 436690 263060 835418 498287 323991 786932 149813 904205 918998 600147 450476 305656 619907 889630 594791 474472 485928 423173 713232 1014557 356741 277686 717081 746208 283669 985434 36668 94873 413781 1004742 451758 561846 661636 816350 178751 69347 682225 400760 968721 551772 489649 168338 291516 467910 350934 1013016 746515 476105 808899 277809 230893 168038 466561 935194 698102 303744 580908 337524 505284 1029031 957713 135133 432290 632294 211329 329894 373611 819792 857017 491636 213045 968969 862291 704338 917430 95633 657893 828790 408473 510029 879264 49442 913422 667628 174186 329362
85647 75165 672611 626153 869245 721862 143518 671203 304180 228243 999999999 454463 689551 553439 382894 128239 633811 543473 162772 801656 100842 835109 797906 655737 251354 209718 652245 842104 567799 607650 297882 382746 698967 1016791 408664 492309 632351 542870 389568 809967 212973 135244 300354 826450 252170 701737 615132 634093 382537 281702 706359 505793 784265 461473 529884 363583 105327 457436 501199 839498 656263 661874 849839 151178 444032 371482 408592 774755 768743 463268 457920 194536 500208 1010191 801753 181578 271873 586297 165796 146235 271427 622853 876428 674111 143634 787025 670385 780705 930200 142459 555570 678800 191240 522027 687069 181602 785170 612252 54091 134032
443167 421276 583629 295062 906662 379897 440222 876322 172436 668584 454463 999999999 801559 304390 471140 520206 193279 701074 356923 828844 554946 684085 535604 793029 222435 418911 751438 735799 592344 875768 205093 493440 698603 979039 635717 891200 508675 108657 688888 412751 642984 574733 364264 421293 220901 962177 581045 246353 780956 704447 775205 761842 369177 419097 685164 757171 462577 567359 815951 443768 510363 998847 915424 531881 845407 771349 469438 418906 903720 798031 341879 360135 596082 931270 452654 633418 510517 565601 491078 459611 390537 194713 896505 1004490 571230 377291 249300 923036 927433 594813 426693 372572 366266 635818 263394 628074 508199 561098 504698 339586
772021 752937 327212 663973 200574 697021 549468 167860 669065 643423 689551 801559 999999999 568125 348432 810910 840080 148329 578806 164123 712259 436201 595285 47821 652381 496929 50461 371208 217563 279960 628331 333914 186333 386772 291302 565669 386021 792799 363197 828105 612181 638985 468592 853295 653986 294796 266260 744610 540199 594897 72064 264172 853195 385127 160438 526911 794409 249825 364539 840124 412108 457999 165661 833730 559386 542694 339748 736791 103047 403885 467579 546405 211828 427004 735848 757545 959420 263689 525083 833636 466141 808280 221528 446766 796383 842820 813089 123582 284583 685190 421424 635297 840662 176981 825478 661203 614222 291743 673538 633374
588768 562169 292291 104852 631477 181373 456661 684056 288158 701294 553439 304390 568125 999999999 321930 665148 275010 510306 394944 555268 644214 379729 255996 574011 323687 395762 518540 433224 351049 723242 270681 346809 426721 681260 506519 842262 214650 247415 593624 300656 666742 624209 289006 323755 323831 793913 312051 177013 746515 708434 524181 620240 304825 206643 496636 721974 614595 385804 705520 323795 210015 881701 650068 684338 804738 739877 301584 235525 670176 705824 133661 370638 395707 628656 256480 725152 724547 306524 490155 631669 329763 242362 616108 881537 696164 298722 245312 691277 638889 662383 148310 127732 568082 434757 258367 677372 237030 287971 585148 420731
455625 432614 301021 426100 500912 498016 241247 405182 323821 436690 382894 471140 348432 321930 999999999 511076 553914 230788 242328 428247 438658 469757 493469 330289 304046 173251 301671 464611 185591 414964 283040 25303 317328 635691 185589 525897 280889 486850 272558 622287 400022 386198 120166 645613 305665 495834 234832 484962 437973 422893 343529 305255 625279 125707 214750 414293 480829 99785 384187 644392 311059 562755 491312 534062 491741 432907 29871 550360 445646 384066 188591 207383 136912 627378 565049 506629 637534 205419 242676 515366 122473 526285 503262 563938 514791 620056 548451 463114 553058 432913 230917 437160 504254 172396 564003 429447 493233 235793 385898 296187
79112 104610 799987 729209 994203 825932 270863 780174 395114 263060 128239 520206 810910 665148 511076 999999999 709835 663473 286004 927766 117862 961328 914919 775114 347370 337947 775450 969893 695792 705042 398836 510499 826778 1144329 524653 540628 757811 619452 490853 903806 265796 197039 426348 918253 347704 797656 743298 726457 439828 330366 831014 610811 872389 587720 650565 426070 57643 583808 589941 934154 780815 734337 972982 23125 493951 428821 536831 877408 886047 547106 578905 319647 626490 1138411 906192 149241 170909 714501 286144 76108 399007 703740 1002329 748737 61377 876903 754676 896837 1056853 169220 679157 787495 175221 646725 770786 214938 900237 740164 138197 246817
631720 608591 562746 200494 904679 246011 593869 945212 332179 835418 633811 193279 840080 275010 553914 709835 999999999 768414 512703 829152 734580 616855 427300 842516 386216 556117 789999 684734 622523 968714 350128 578904 701373 938928 736108 1033539 485391 91035 807276 232909 806475 744322 473735 236471 385081 1047027 587056 114600 927109 862859 798657 858886 181628 462497 753591 902569 652405 636823 929912 262826 474678 1112111 924777 722608 990290 918447 542078 266790 942739 920268 379039 505886 654944 875892 300501 815074 703026 580777 641049 651676 509393 33073 887834 1114881 758439 192295 70166 963604 906384 769905 423176 269437 559464 695232 78420 798901 395179 562954 680885 508614
626862 608680 340185 613439 343190 665272 405387 177249 553558 498287 543473 701074 148329 510306 230788 663473 768414 999999999 441992 290913 563950 488781 601451 112372 529501 357705 121971 443661 184761 223392 512924 210543 246182 519454 143354 454090 373181 709141 224007 796444 466102 490772 347224 821243 531195 284198 260789 685512 410119 453293 185242 151455 811578 306848 16090 393899 648645 134126 259333 813339 404541 399964 313334 686209 439127 410984 232229 711819 227444 288167 389584 411600 114630 544785 717781 609788 814416 242469 378234 688466 336812 738549 359104 394514 648111 803487 752610 241789 420297 537126 376706 601833 700798 76120 766807 514066 613196 281893 525800 495949
219964 194995 516345 474540 742479 568397 83317 595762 185687 323991 162772 356923 578806 394944 242328 286004 512703 441992 999999999 670473 249287 675719 635773 552348 134604 85717 535730 687383 426481 560976 162577 249350 558111 876107 329389 534621 471893 424656 352311 665331 293963 236513 141543 683684 136186 653794 464645 493579 424074 350769 582972 448432 645846 302509 426630 400383 246259 331910 478822 693770 494835 657819 730174 307848 488566 414431 263518 622138 668748 453421 295155 35529 373668 862056 647445 330292 396367 436836 134390 276913 120744 496116 745520 665938 306234 646710 538313 683725 795218 269992 393441 521802 262992 402973 555284 291283 623819 459002 190207 54642
879536 857825 269205 636280 77835 646566 658238 324106 722491 786932 801656 828844 164123 555268 428247 927766 829152 290913 670473 999999999 838657 316713 510609 211570 717551 596512 169493 238001 249217 442595 683425 422259 130422 228541 430196 728878 344821 798416 514693 771909 753659 770611 541476 796646 718955 446069 248195 722602 698012 744018 105756 425137 807012 415883 297882 683127 903785 344226 527821 778277 360698 617853 100370 950879 720846 699680 409411 677077 200022 565747 487325 635626 301448 262885 668839 892106 1064130 263748 643490 940350 550608 796179 75090 605434 921029 794472 789836 218030 130888 818019 409714 590257 932387 282890 799651 799191 535789 269746 793929 724434
140701 149235 737355 721393 901545 816292 201840 669766 404336 149813 100842 554946 712259 644214 438658 117862 734580 563950 249287 838657 999999999 903738 882808 673920 351085 272673 680176 903217 617996 589815 396012 433235 746247 1060428 421984 426764 704490 643664 378366 907925 148474 80367 375685 924906 351978 681778 673470 732796 323360 214641 738447 499103 883573 532969 552127 308787 141746 498531 473061 937174 730511 616695 876531 136331 379394 312282 466840 869677 781878 429663 540345 275921 540323 1061886 895761 82045 288740 644007 197975 180311 341199 723339 912222 630975 84506 885980 770454 791441 969088 54192 632670 770896 260794 555780 787189 100443 872040 673804 59104 231025
894657 868870 169466 417528 368108 388522 702219 602122 641647 904205 835109 684085 436201 379729 469757 961328 616855 488781 675719 316713 903738 999999999 216846 472088 660879 631356 407170 84866 321284 699288 612103 481246 252896 331369 582975 936057 204608 617528 684678 495815 867640 855634 535009 518673 661664 729725 245950 502285 873368 882714 364889 639892 542305 373675 485129 852665 921167 445300 747362 494777 186573 880597 412257 983422 914286 871254 440225 402515 507924 771815 395166 641690 417006 259708 385087 975026 1058734 274174 711333 948444 564606 584900 338735 872136 974910 527538 560804 528034 328580 901960 289150 348555 907033 431479 565691 899118 248058 236873 848063 720308
840180 813532 269170 242495 572499 183779 685785 748863 544145 918998 797906 535604 595285 255996 493469 914919 427300 601451 635773 510609 882808 216846 999999999 620556 578616 618232 554975 299491 416693 824471 525715 513515 412117 547276 654142 1011726 229726 449061 753848 279489 882845 852019 510035 302007 578852 873551 342293 315356 930261 913718 530379 742290 328330 369856 592672 906966 866362 513066 843534 277953 197590 1000811 610427 934948 981311 925673 465069 187716 683199 856995 342730 607006 501058 470210 168329 961546 980466 358996 710070 885497 548261 397924 546066 995901 941532 313079 363859 704512 543001 894071 263063 164503 824035 529798 365545 902382 33203 319820 823954 668358
739224 721038 351387 672828 247291 711940 517704 130471 653771 600147 655737 793029 47821 574011 330289 775114 842516 112372 552348 211570 673920 472088 620556 999999999 633606 468797 66094 411022 224112 234901 612954 313170 219455 434508 251942 517861 403841 790761 318373 843581 569590 599317 449840 868734 635258 257936 283463 751022 493181 550103 114316 216690 865669 382178 126665 480293 760946 230504 316730 857112 431850 414542 209309 797770 511669 495869 325503 753934 116572 356146 465755 521099 197234 474363 755022 716618 926777 276018 490341 800824 443563 811296 269100 404104 758294 855978 819291 132969 332218 644988 430071 649365 812373 158458 832328 619518 637631 308434 637215 606602
268986 242847 518756 381866 793553 478628 217841 696126 54041 450476 251354 222435 652381 323687 304046 347370 386216 529501 134604 717551 351085 660879 578616 633606 999999999 203436 605061 688896 468403 676871 53007 320480 594151 904054 438243 669194 458670 296181 477229 559727 423055 358377 183929 575641 1770 767382 485762 383183 558670 482929 642828 562672 532928 309730 513470 534986 293929 403488 604730 589594 474320 786052 790066 364931 623169 549003 314219 530047 749445 582768 265969 141723 440602 876138 558887 432690 403421 461980 268949 308324 194236 373021 791039 793101 386211 535835 419401 766571 833795 383977 372039 441985 248145 476353 436162 412817 560708 473362 295653 122406
283415 261320 465996 487142 666538 575909 70881 510048 247157 305656 209718 418911 496929 395762 173251 337947 556117 357705 85717 596512 272673 631356 618232 468797 203436 999999999 455320 633962 358535 477640 214589 174664 490038 808253 243945 477873 431903 472462 273833 684080 270981 233802 108763 704396 205184 569850 405870 520286 371035 315626 505189 364371 671830 260521 342555 346467 308211 253682 401309 710787 458312 582725 651394 360896 434197 362498 198963 630236 584927 379961 276810 62474 296240 800473 652236 346872 467746 376873 94395 343913 70093 535619 671565 589668 344463 670682 572325 599483 723577 276717 362133 523164 343825 322715 589201 284587 610578 403967 216752 138522
733541 713669 285857 615173 222364 650455 510645 196414 620480 619907 652245 751438 50461 518540 301671 775450 789999 121971 535730 169493 680176 407170 554975 66094 605061 455320 999999999 348643 167619 294885 579814 288522 154277 397914 263746 564173 340602 742354 345287 781850 587365 609028 421622 807032 606644 323680 220238 695219 528898 575231 63795 258694 805682 334688 130395 513732 756527 204511 364182 794606 367823 475905 197616 798415 553622 530387 291490 691311 153495 399403 417120 502671 164763 427449 691468 729232 920509 215485 489319 795061 421060 758274 237190 466371 763762 795571 763672 173909 298347 655905 372376 588326 798350 132781 776215 634490 572515 245534 639013 590371
907334 882296 171731 484256 284614 464896 704050 538960 675771 889630 842104 735799 371208 433224 464611 969893 684734 443661 687383 238001 903217 84866 299491 411022 688896 633962 348643 999999999 295390 643506 643019 471891 198219 254925 552747 896916 232851 677610 652427 576939 853491 849123 545905 600243 689863 665984 230123 570808 842537 862053 299144 594778 621447 386695 442497 823190 933568 422667 702697 577212 225780 824531 330550 992494 878844 841442 436433 482771 434236 731217 424481 652336 388715 195515 467061 970542 1078526 259714 706957 963613 570896 652194 254550 814768 978210 607047 632141 453592 244057 896355 320246 420088 930534 395673 638237 889172 329718 229999 849723 735408
641216 618131 159746 448803 325233 489638 425125 342367 474944 594791 567799 592344 217563 351049 185591 695792 622523 184761 426481 249217 617996 321284 416693 224112 468403 358535 167619 295390 999999999 407949 435368 185650 131790 450141 261703 616382 188885 576790 363419 621393 558836 558709 293271 646474 469818 462096 78462 527879 552200 566778 182864 328741 641886 173301 176282 531735 666407 127278 433615 636192 219924 584369 325511 718842 593298 550262 163010 533505 320271 453781 252851 391131 95723 444031 537084 680998 822565 57715 420048 700875 305755 590720 323173 579228 696688 632443 596292 341084 369498 606348 205971 426635 686163 114954 609006 596238 428728 97468 567723 479501
692692 681740 560582 827741 462917 885130 497059 126076 712788 474472 607650 875768 279960 723242 414964 705042 968714 223392 560976 442595 589815 699288 824471 234901 676871 477640 294885 643506 407949 999999999 674461 390189 447438 655371 240262 307911 596561 901071 218276 1015517 453896 509450 511540 1040072 678641 94317 482793 894810 320735 410011 349216 114360 1027349 516687 233554 317591 708537 337439 125571 1033561 627847 181360 413805 725321 315914 327480 427352 932899 274145 174307 595593 539763 332343 704666 939990 607240 872530 465656 452331 750837 487052 940668 490406 173236 671222 1020138 960233 270390 552890 546738 596689 821750 791285 297675 975249 509089 836565 504674 571948 608232
320883 294557 474197 330652 760240 427238 244176 684085 40817 485928 297882 205093 628331 270681 283040 398836 350128 512924 162577 683425 396012 612103 525715 612954 53007 214589 579814 643019 435368 674461 999999999 302382 557637 863429 434244 690459 411408 262465 483875 512135 456454 396283 166526 528902 53164 762777 446242 336821 581605 512980 613646 560165 488042 270181 496834 557395 346113 382641 611055 541618 425595 793841 759784 416851 645632 572439 288600 479145 727564 592984 218646 158240 417006 832231 507482 478004 455709 423937 292668 361251 187448 333867 755961 799657 435719 490090 377403 745505 796399 425404 324193 389418 299922 454584 394327 451115 507704 432206 339034 165006
458077 435861 311874 451105 493343 522249 239667 383247 343018 423173 382746 493440 333914 346809 25303 510499 578904 210543 249350 422259 433235 481246 513515 313170 320480 174664 288522 471891 185650 390189 302382 999999999 316279 634078 160338 502971 297161 511218 248486 647002 386556 377249 137030 670404 322140 471762 241806 510263 416907 406134 333704 280111 650397 148264 194453 393486 482793 84129 359041 668908 328019 537457 481122 533581 469614 412177 48763 574381 429227 359505 213634 215281 124647 629525 588601 498718 641907 212205 235691 518520 132543 551393 497345 538638 511193 645092 573740 446139 548924 424467 251895 461112 512280 156959 589300 418476 514253 245306 382192 303816
772940 749911 149936 511369 208137 529570 555937 349795 596034 713232 698967 698603 186333 426721 317328 826778 701373 246182 558111 130422 746247 252896 412117 219455 594151 490038 154277 198219 131790 447438 557637 316279 999999999 318365 364190 700178 220587 668492 460743 658174 678069 684077 423390 683235 595481 477357 117774 596717 650562 679030 118426 396856 689126 288194 246085 632350 798072 248606 504723 667321 240763 628784 223405 849858 683822 650232 294594 564533 271203 534282 357379 522712 208572 316832 560066 806565 954300 134598 548403 832658 437367 668513 199205 619836 826070 677404 664529 292598 239822 731836 280047 470653 816971 205640 675040 718704 433100 139661 697309 610912
1091289 1068272 396131 738459 192552 718873 873494 530846 899722 1014557 1016791 979039 386772 681260 635691 1144329 938928 519454 876107 228541 1060428 331369 547276 434508 904054 808253 397914 254925 450141 655371 863429 634078 318365 999999999 658015 951609 470382 927975 743190 826728 980902 994825 739720 849247 905262 640989 418391 825315 925552 972478 334265 650785 873669 594343 526251 911130 1116379 562153 750664 824457 471248 821608 244310 1167436 946158 927490 612694 733822 386897 790650 650465 840647 520122 94104 715548 1116904 1272433 443298 863414 1151016 755393 906247 165879 807045 1141553 858904 887036 397325 102754 1042459 553689 675010 1133427 506930 893157 1025399 579070 431226 1013288 928531
493578 477452 418613 611067 485946 679751 277582 267741 472756 356741 408664 635717 291302 506519 185589 524653 736108 143354 329389 430196 421984 582975 654142 251942 438243 243945 263746 552747 261703 240262 434244 160338 364190 658015 999999999 358861 427140 664711 102127 806040 323738 347749 271703 829681 440009 329248 338136 670419 290608 316160 325582 126129 810579 303614 133363 270595 513909 142221 199007 827251 459511 377392 456632 547103 332612 288979 205125 731023 361394 203871 373778 304524 165984 676074 743413 466436 680537 311731 243039 554798 246905 709465 500528 379133 506379 805090 733424 372474 560706 393890 400297 617747 577079 158601 749123 370885 659037 351886 386482 380296
562648 563538 775453 943525 761193 1021830 451615 432319 719042 277686 492309 891200 565669 842262 525897 540628 1033539 454090 534621 728878 426764 936057 1011726 517861 669194 477873 564173 896916 616382 307911 690459 502971 700178 951609 358861 999999999 785859 950321 257926 1142125 281419 359156 565171 1164422 670789 366756 694314 989628 111869 212837 626352 305655 1138084 651217 454444 134517 567819 501079 201132 1166019 818187 222975 715561 554690 48285 122413 551573 1074917 579747 165926 709295 532330 521594 990786 1090677 403574 708902 669085 400245 607074 526660 1012053 785754 241742 488506 1134936 1045969 577576 848944 372862 753716 962107 680684 504596 1062636 326543 1015108 709607 440712 560696
690327 664457 77705 291548 419516 311696 502660 528197 443289 717081 632351 508675 386021 214650 280889 757811 485391 373181 471893 344821 704490 204608 229726 403841 458670 431903 340602 232851 188885 596561 411408 297161 220587 470382 427140 785859 999999999 461801 528109 442270 680430 661073 332004 467455 459545 650123 120431 377791 709265 703214 330059 512568 469897 171604 363762 686710 716859 285141 614087 454152 32435 771626 442437 779738 757490 705494 251102 350824 482783 628747 192865 438258 271364 426071 351189 778132 854414 131452 516305 743859 363563 452339 402520 767115 773342 458714 445058 504363 424269 706329 87500 251170 703423 300449 455090 707297 240020 95441 647768 515810
541146 517832 539273 206987 875456 281267 506640 886376 242166 746208 542870 108657 792799 247415 486850 619452 91035 709141 424656 798416 643664 617528 449061 790761 296181 472462 742354 677610 576790 901071 262465 511218 668492 927975 664711 950321 461801 999999999 730430 304242 717839 654542 396797 312647 294993 982603 551400 143056 842662 775354 757464 789326 260820 408646 693794 818264 562120 575590 854965 335229 457033 1037928 890560 632574 906304 833738 478478 315659 895846 842659 325376 419838 597948 872267 349784 724077 618449 540956 554821 562426 430211 86522 861586 1041664 667595 268682 140792 916172 886042 679412 388737 284624 471925 638416 155275 708998 419383 528832 590210 418465
474805 463495 520731 697018 563213 770574 282191 292114 519152 283669 389568 688888 363197 593624 272558 490853 807276 224007 352311 514693 378366 684678 753848 318373 477229 273833 345287 652427 363419 218276 483875 248486 460743 743190 102127 257926 528109 730430 999999999 894264 255511 298772 333886 917337 478980 312537 440180 750549 190146 231758 408940 120884 894931 396274 218806 171635 491266 243905 127535 916766 560399 309967 527676 511893 230497 189497 296403 822845 414477 113408 459963 336034 267728 767800 836964 407341 656273 413857 235299 533490 300767 782620 581408 316115 461810 890471 810956 421108 643312 340245 496903 709591 573291 256805 827147 308367 757601 454003 355528 395856
824699 799519 508246 198785 839684 131756 737735 963523 509249 985434 809967 412751 828105 300656 622287 903806 232909 796444 665331 771909 907925 495815 279489 843581 559727 684080 781850 576939 621393 1015517 512135 647002 658174 826728 806040 1142125 442270 304242 894264 999999999 952563 901568 582175 25190 559102 1080207 561902 177367 1044512 999664 771648 916559 60419 503271 784123 1019853 847978 679846 1004969 31072 418058 1179092 872195 919436 1103779 1037460 600923 95133 924871 1006328 434314 648109 683636 749042 111675 989962 919892 567587 777271 854104 622618 220112 815847 1178018 945702 44899 165664 946460 818482 934728 419740 194927 769551 720367 154595 956142 247759 536467 850389 676944
281277 282449 698184 757000 809281 846738 215464 545517 476523 36668 212973 642984 612181 666742 400022 265796 806475 466102 293963 753659 148474 867640 882845 569590 423055 270981 587365 853491 558836 453896 456454 386556 678069 980902 323738 281419 680430 717839 255511 952563 999999999 78096 378655 972141 424403 543280 625275 784562 175249 68961 649306 374548 936894 515311 456983 160332 287374 432119 332486 979909 709892 468592 777810 282793 233404 164129 429893 901059 669659 286772 545374 305443 469876 994173 923217 153651 436615 595905 176594 327593 338309 790066 824265 483176 221711 936838 831679 676600 884324 97180 621520 794096 399391 475519 848657 55280 877517 631112 160079 303418
204154 204439 687204 709144 831181 801524 167735 590620 412376 94873 135244 574733 638985 624209 386198 197039 744322 490772 236513 770611 80367 855634 852019 599317 358377 233802 609028 849123 558709 509450 396283 377249 684077 994825 347749 359156 661073 654542 298772 901568 78096 999999999 342148 920114 359589 601437 619055 730057 251420 147051 668695 419632 882276 491309 479687 234551 211973 435472 392996 929792 688864 540170 804054 216373 311019 240277 415511 855624 705438 350106 510146 254680 476123 1000796 879604 122488 367287 589454 144778 253142 303847 729759 843330 553889 163038 883220 773610 714379 901425 47762 595017 751925 321528 488179 790550 54860 844012 621760 82003 236394
361497 336391 374802 383842 615970 470032 175924 517561 206812 413781 300354 364264 468592 289006 120166 426348 473735 347224 141543 541476 375685 535009 510035 449840 183929 108763 421622 545905 293271 511540 166526 137030 423390 739720 271703 565171 332004 396797 333886 582175 378655 342148 999999999 603362 185558 598186 324797 424546 463608 419524 461535 397761 573998 161372 331140 438876 387802 219573 458209 607934 356328 641268 609246 448526 524434 456129 132732 524315 565550 446619 168083 106842 256945 722195 545301 452588 535135 297692 202530 417888 40774 449872 615991 645360 441690 571651 481234 582780 662582 384094 257082 415819 393767 292425 497800 393325 501921 318040 317755 190434
839146 814193 533301 220906 864171 156854 757039 988560 524492 1004742 826450 421293 853295 323755 645613 918253 236471 821243 683684 796646 924906 518673 302007 868734 575641 704396 807032 600243 646474 1040072 528902 670404 683235 849247 829681 1164422 467455 312647 917337 25190 972141 920114 603362 999999999 574959 1105074 587090 192462 1066207 1020021 796800 940745 55782 527224 808863 1041526 862103 704160 1028653 31939 443190 1203185 896954 933494 1125767 1059050 624557 119614 950041 1029575 457391 667252 708309 770770 133699 1006905 930278 592733 797261 867193 643679 227023 840155 1202229 961115 44304 172221 971631 842216 952624 444557 219930 781156 745153 159342 974781 270689 561655 867663 693883
269260 243157 519781 381570 794979 478346 219405 697863 52904 451758 252170 220901 653986 323831 305665 347704 385081 531195 136186 718955 351978 661664 578852 635258 1770 205184 606644 689863 469818 678641 53164 322140 595481 905262 440009 670789 459545 294993 478980 559102 424403 359589 185558 574959 999999999 769150 486989 382498 560243 484360 644342 564441 532141 310928 515163 536569 294146 405123 606481 588993 475099 787791 791563 365191 624746 550567 315767 529704 751085 584494 266810 143453 442201 877210 558603 433548 402991 463253 270544 308306 195974 371998 792420 794847 386767 535097 418486 768222 835110 385042 372868 441902 247611 477982 435239 414006 560858 474527 296641 123534
786667 775930 605284 897425 450319 948809 591043 127605 801683 561846 701737 962177 294796 793913 495834 797656 1047027 284198 653794 446069 681778 729725 873551 257936 767382 569850 323680 665984 462096 94317 762777 471762 477357 640989 329248 366756 650123 982603 312537 1080207 543280 601437 598186 1105074 769150 999999999 531934 968186 399625 495589 366856 205479 1095768 588868 297372 399865 802244 410729 211000 1096550 680130 183559 396803 817658 384220 407547 505132 994503 254646 258289 670187 631684 398412 700931 999064 695859 965771 518832 546598 844561 575829 1018082 481207 167341 762379 1087676 1034721 243774 540941 637478 660546 885407 885602 360286 1049253 598559 888469 555575 665427 701681
683629 659307 81316 401705 325890 430761 475321 408714 483564 661636 615132 581045 266260 312051 234832 743298 587056 260789 464645 248195 673470 245950 342293 283463 485762 405870 220238 230123 78462 482793 446242 241806 117774 418391 338136 694314 120431 551400 440180 561902 625275 619055 324797 587090 486989 531934 999999999 485197 627968 637551 213944 406842 587389 176251 253408 607006 709524 199352 512025 574376 148725 660739 339244 766104 670464 625638 207211 471075 364650 532118 240438 429181 172817 397482 471568 740419 859908 29601 476883 741526 345488 554402 315715 655011 749326 576783 553505 386161 351089 666249 164047 369154 717030 193231 564875 659639 356538 25517 620561 515149
647347 622209 454281 87476 797087 139399 569098 860270 332140 816350 634093 246353 744610 177013 484962 726457 114600 685512 493579 722602 732796 502285 315356 751022 383183 520286 695219 570808 527879 894810 336821 510263 596717 825315 670419 989628 377791 143056 750549 177367 784562 730057 424546 192462 382498 968186 485197 999999999 887692 835032 698729 788794 152371 379322 671471 862954 670613 558124 868241 207872 364538 1047715 819725 742073 948931 879928 468513 172938 846318 863890 299252 479119 570916 761431 206950 814752 745847 481958 611459 677052 463704 83248 778941 1048775 768743 153365 68493 867515 795194 761450 323455 155070 593910 610426 81449 784855 283949 460382 675811 501823
455573 454907 707758 845741 740472 927390 340855 433322 609121 178751 382537 780956 540199 746515 437973 439828 927109 410119 424074 698012 323360 873368 930261 493181 558670 371035 528898 842537 552200 320735 581605 416907 650562 925552 290608 111869 709265 842662 190146 1044512 175249 251420 463608 1066207 560243 399625 627968 887692 999999999 109766 592639 277196 1037603 563520 406679 24739 462527 429408 195817 1069373 741130 297654 700129 455680 64586 11144 465560 981077 573932 147426 615101 423371 456524 954871 998636 312067 610096 600847 289918 502842 424020 906568 761419 313590 391707 1035188 942201 575946 824189 270620 668682 869178 572257 446948 958989 225083 931075 640407 331982 448996
349858 351395 713725 802347 794661 889555 268999 511259 535684 69347 281702 704447 594897 708434 422893 330366 862859 453293 350769 744018 214641 882714 913718 550103 482929 315626 575231 862053 566778 410011 512980 406134 679030 972478 316160 212837 703214 775354 231758 999664 68961 147051 419524 1020021 484360 495589 637551 835032 109766 999999999 638484 343579 986961 543950 446247 99135 355132 439627 285284 1026218 733796 406806 759411 345966 165044 98920 452437 943832 643192 237332 582483 357825 473908 992218 964423 204047 500416 608764 223639 394762 378750 845057 812135 422293 281998 986101 884792 648142 873578 161309 650797 834713 468272 473668 901751 115452 910635 645996 229014 365816
786251 765536 265281 615632 163294 641642 563650 239870 653847 682225 706359 775205 72064 524181 343529 831014 798657 185242 582972 105756 738447 364889 530379 114316 642828 505189 63795 299144 182864 349216 613646 333704 118426 334265 325582 626352 330059 757464 408940 771648 649306 668695 461535 796800 644342 366856 213944 698729 592639 638484 999999999 321356 799850 356132 192666 577526 809825 251585 425781 782091 353678 528599 147798 854066 616743 594168 329051 678933 153786 462136 435209 548978 209360 364551 675979 789573 972407 217893 545342 847542 465388 766278 175054 517811 821540 788767 767125 175338 235298 715852 375922 581162 845952 184359 778680 695663 550849 239190 695607 637495
591400 578524 487621 725084 463761 787686 387681 171366 598435 400760 505793 761842 264172 620240 305255 610811 858886 151455 448432 425137 499103 639892 742290 216690 562672 364371 258694 594778 328741 114360 560165 280111 396856 650785 126129 305655 512568 789326 120884 916559 374548 419632 397761 940745 564441 205479 406842 788794 277196 343579 321356 999999999 925059 413978 154958 265720 608986 237135 107932 936091 544731 262837 422942 632083 295719 280479 320294 837177 300014 140780 489901 426240 241465 685893 846674 527323 774824 385393 345491 651012 372734 831502 485698 261501 582665 918631 853176 304563 548744 461015 501471 724693 684991 213815 868530 428214 751271 425917 474512 496850
793373 768814 539906 199976 876920 160484 721435 982176 480728 968721 784265 369177 853195 304825 625279 872389 181628 811578 645846 807012 883573 542305 328330 865669 532928 671830 805682 621447 641886 1027349 488042 650397 689126 873669 810579 1138084 469897 260820 894931 60419 936894 882276 573998 55782 532141 1095768 587389 152371 1037603 986961 799850 925059 999999999 511267 798530 1012870 815804 690076 1009437 85427 448427 1186433 906883 887018 1098216 1030064 606068 140628 951952 1007875 436803 631456 697518 798448 164729 965400 879244 590260 763485 819394 613721 174464 854462 1186358 916797 16166 120082 973489 860485 913218 436837 218729 731568 735528 105871 937092 295620 561876 827021 652864
522160 496720 214993 311356 493388 376155 331177 483004 308025 551772 461473 419097 385127 206643 125707 587720 462497 306848 302509 415883 532969 373675 369856 382178 309730 260521 334688 386695 173301 516687 270181 148264 288194 594343 303614 651217 171604 408646 396274 503271 515311 491309 161372 527224 310928 588868 176251 379322 563520 543950 356132 413978 511267 999999999 292486 539736 548573 179283 502131 523869 197871 676053 497837 609889 617428 558303 99884 427486 488053 506093 83741 268158 192678 568436 440739 607162 691862 153923 346831 577444 191958 432154 487188 675438 601908 504668 445989 508106 526295 535944 106847 314180 545071 232825 460406 538926 368218 163887 476165 349023
612981 594548 333573 600054 352602 653144 391138 192607 537468 489649 529884 685164 160438 496636 214750 650565 753591 16090 426630 297882 552127 485129 592672 126665 513470 342555 130395 442497 176282 233554 496834 194453 246085 526251 133363 454444 363762 693794 218806 784123 456983 479687 331140 808863 515163 297372 253408 671471 406679 446247 192666 154958 798530 292486 999999999 389741 634962 118469 262233 801361 395387 408163 324500 673359 437836 407117 216506 700130 242389 288727 374938 396045 101045 549011 706629 599313 800519 233808 364946 674599 320894 723849 367371 403359 636136 790607 738416 257096 427962 526296 364485 589704 685886 64173 752707 504194 603731 273727 513111 480677
438406 436708 686473 821087 727440 902902 317261 426232 585205 168338 363583 757171 526911 721974 414293 426070 902569 393899 400383 683127 308787 852665 906966 480293 534986 346467 513732 823190 531735 317591 557395 393486 632350 911130 270595 134517 686710 818264 171635 1019853 160332 234551 438876 1041526 536569 399865 607006 862954 24739 99135 577526 265720 1012870 539736 389741 999999999 446395 408062 192021 1044753 718486 308678 688255 442699 88286 18786 442071 956621 564495 143288 590694 399154 436184 938584 974302 303180 596798 579637 266094 487193 399281 881949 747631 323738 379990 1010466 917497 567376 810189 257055 645116 844800 554040 427946 934281 212442 907494 618986 313997 426270
