NAME : synthetic_000844
TYPE : CTSP-D
DIMENSION : 100
GROUPS : 8
RELAXATION_LEVEL : 1
EDGE_WEIGHT_TYPE : EXPLICIT
EDGE_WEIGHT_FORMAT : FULL_MATRIX
EDGE_WEIGHT_SECTION
999999999 107119 195463 688556 565189 1106921 526303 780213 1077071 640064 683650 826900 1061286 753689 646694 172747 982788 247514 759018 699311 639867 574579 1078265 380918 779447 394352 878924 536206 939067 947073 685545 841686 474001 944816 886769 761378 702457 659151 879298 441371 654816 668491 538310 810211 866096 903487 503104 535886 910181 639600 318775 104498 660630 765847 806645 913626 985889 652266 213348 1170228 218339 267657 619959 1062646 1048479 594144 1176012 408768 977904 487757 493781 999795 736784 1011582 1063865 874880 47531 978343 703812 401137 699275 804200 298858 932597 458515 569640 766633 914005 740386 399786 741499 734054 261434 811776 821545 1136164 432372 73338 326424 599246
107119 999999999 281234 744285 600348 1130657 537926 734789 1087626 621992 691141 905796 1070069 816803 732956 197987 972732 307504 686416 682102 613300 550767 1061765 386674 815054 415249 852165 488673 905757 908619 708014 787601 470731 994617 826000 820981 641810 744196 956945 361505 616378 686506 513947 752664 925803 936643 532924 492319 942128 589259 279803 14173 593318 800942 845513 922337 995715 581914 258802 1161342 141871 199378 645744 1089802 1025557 548122 1174972 369286 990671 553309 512520 1029244 819536 1043755 1082341 863417 82010 930317 747939 408160 729914 815350 309223 937046 508992 566652 750888 956413 807391 408984 746499 791063 325802 772652 850196 1150344 512890 37533 355685 592320
195463 281234 999999999 504884 409021 952305 409399 747947 940407 565133 562904 631443 927405 563723 452917 150899 879500 93433 784892 619101 580280 515206 983364 294533 615571 277916 807478 525147 877488 894842 541978 824039 388605 763717 881369 573780 705101 464826 683846 506090 616297 532212 483449 801031 677711 740252 358784 517224 748282 625255 328795 271569 679930 602896 638385 782923 851935 678707 113979 1061116 319965 341596 474474 904369 965221 574819 1054662 399629 839916 299008 368102 839567 541786 847982 916590 777086 199627 943692 531612 308497 543852 672970 226407 807783 287329 473733 680399 740323 548229 303453 622039 548738 92755 765897 665437 993603 236917 259091 209102 507757
688556 744285 504884 999999999 191729 495580 325949 697890 536298 479276 332866 266563 533368 92806 272700 547551 588822 441688 866273 488662 528155 501900 698352 420908 176720 364966 630946 619409 710839 750263 236882 789363 412022 259166 863653 81557 755477 260997 293572 755406 601093 264692 502525 793943 183246 277579 255931 599134 288998 665152 587142 731030 776698 173009 174077 425226 469150 791681 485620 723416 700784 679148 220394 441115 717505 625611 682472 574314 446059 207806 308014 375843 256731 374294 483478 529729 674663 836242 88785 404849 183357 347319 464055 464112 235748 391130 503678 247283 111634 398332 362542 47376 427133 673896 244430 566847 300917 736172 400012 411635
565189 600348 409021 191729 999999999 544526 135324 530275 534354 306226 197136 448312 523018 284334 390351 403645 509666 324555 681359 329626 351285 316369 620194 239941 215096 191106 499197 428542 579279 612428 138660 621844 220367 403607 694784 271256 571835 385854 481489 566374 421554 140757 313318 620801 364302 338419 71098 408497 344993 480102 406336 586382 588566 201191 245290 383402 448413 602527 351956 676727 534097 504805 74823 498343 620932 438036 658060 384824 434019 188201 117271 434836 413571 446443 507589 423850 541204 689554 155024 221416 135299 276960 298051 413461 129404 207843 363174 357288 297775 215997 248596 234987 317740 515965 257642 585161 289388 599540 244675 233973
1106921 1130657 952305 495580 544526 999999999 594668 698763 141950 588614 452605 638043 163122 504700 748136 939724 359526 869076 926085 544911 630742 659278 414123 745717 339937 716398 528714 791594 576182 623101 422887 764969 673789 308594 829017 474556 826925 732766 620045 989649 689298 444630 686708 795377 428703 219445 603827 772341 209122 768047 890090 1116487 881245 351410 325715 247220 188641 904825 893826 351825 1039852 996941 487153 55821 476271 758560 272747 829612 173286 683882 618184 119741 693489 126388 71446 409702 1079394 716475 433128 724168 409231 329594 821435 261613 665970 586931 495516 262572 541587 722550 408504 472871 861935 643367 286997 105399 787369 1134921 781193 574148
526303 537926 409399 325949 135324 594668 999999999 410579 551648 188928 157638 583301 535282 418750 511692 354101 470108 316168 547583 228015 227139 183888 574496 151414 305134 134440 413861 293493 490383 516880 176691 500766 92067 513860 571836 403850 439045 509440 616806 442360 293079 150371 178177 495253 491755 414772 92001 273315 417900 346775 302112 523766 453521 290815 342154 387466 460092 467244 320912 652788 446584 407410 127681 556722 560158 303386 651610 262120 453468 285761 45311 499426 544437 517503 544519 368478 493183 584553 275672 129866 214496 278595 230153 406634 198560 83329 279458 455290 433078 129013 216202 367461 318473 405419 323252 612853 368006 545124 205352 116622
780213 734789 747947 697890 530275 698763 410579 999999999 579918 224252 369288 964440 555572 785556 919309 628593 367958 661515 228611 210301 183891 239936 403177 458001 589916 494668 184897 246178 193962 180639 467396 91757 374751 791179 165772 761972 144749 915670 988152 419749 131728 435553 266679 102157 822671 634811 502498 244434 629454 147634 461743 723338 211296 580404 626593 457364 510250 236185 635809 526497 595887 537557 479032 692281 342067 186920 579642 371446 526587 696283 451918 666418 942008 695351 627915 289540 734354 198478 620723 449032 525607 422693 521796 437289 607717 327706 219330 712789 809459 455959 360471 728163 673320 60548 557721 650916 773271 760606 549108 297343
1077071 1087626 940407 536298 534354 141950 551648 579918 999999999 503361 396485 723452 24426 568145 804807 905490 223937 851574 808529 451924 538975 578132 272203 701565 362015 682790 401858 703426 441659 487824 398461 638939 618623 407698 699531 536255 715118 791132 713995 906601 588966 410068 609647 672353 515062 269592 582104 685680 257081 665642 829959 1073530 773646 369187 363184 165503 91940 798016 867593 220327 983873 936165 465966 170035 334763 663403 153732 759884 100506 699144 583481 200040 764335 224030 80961 292131 1044806 579582 458450 680270 404919 273066 781704 158522 662901 524860 393203 342295 605457 680233 342146 525286 847879 521917 296060 71792 805385 1096408 751869 504950
640064 621992 565133 479276 306226 588614 188928 224252 503361 999999999 167218 745362 481730 569277 695084 471800 352548 473218 393752 60113 51182 75953 440068 271787 393716 292493 242963 202985 312728 333606 259532 315672 176532 605789 388585 547880 282260 691422 772067 403655 124927 225155 110850 315618 618171 466274 280046 183932 464216 198858 345469 608633 317134 382024 432468 345001 415326 337161 460508 540889 499808 446619 258909 565947 408558 174909 562564 264140 420563 474160 232359 523507 718881 548916 524466 243148 598940 396367 407434 256656 317184 264945 349365 344842 387461 105661 129007 532655 590799 261740 186283 512866 480972 216608 377863 573428 556154 639292 356794 73334
683650 691141 562904 332866 197136 452605 157638 369288 396485 167218 999999999 598220 379162 417672 577582 511183 320481 470453 559432 159086 218221 221121 428867 305373 226925 291736 305315 356891 385834 421916 98179 459743 223443 438585 534285 393135 448287 570776 619652 543887 291216 68251 241649 468603 455149 303387 211829 336179 302671 366060 438410 677046 484249 215666 265487 231287 304579 503931 478281 498405 590259 545290 126473 421141 424838 339219 494182 377578 300288 385098 195181 371001 585027 393805 396501 227829 649714 504743 252091 284220 156320 125332 386197 249024 315811 134403 172341 366041 443523 284599 59157 359948 470709 341434 212673 460061 483924 700279 362430 125977
826900 905796 631443 266563 448312 638043 583301 964440 723452 745362 598220 999999999 727816 181901 195439 723475 826171 601722 1129259 755027 793744 764152 930884 650731 408073 590957 890585 874918 969422 1010635 500904 1055881 662698 330509 1130196 210213 1019147 178900 54003 990430 866183 530347 761475 1060384 209972 456143 502016 855329 468554 927915 808980 894277 1036805 411169 384795 652209 677985 1050396 656695 933439 896377 887219 486511 583382 960065 886348 877021 813693 651176 364511 557762 529592 99084 513581 653359 782041 826998 1098839 347208 638827 444616 595424 672938 692771 440539 654221 767300 382100 154990 631247 623294 239660 581833 939637 468761 732257 394603 888360 604151 676647
1061286 1070069 927405 533368 523018 163122 535282 555572 24426 481730 379162 727816 999999999 569040 803459 889357 199955 837928 784182 429596 516576 556775 252260 684519 357739 667267 377440 681134 417702 463986 385984 614530 600340 416550 675236 537039 691012 790134 720122 884611 565710 395880 588682 647929 520588 272146 568722 663559 259650 642153 810590 1055999 749749 364068 361528 147913 75646 774156 852650 209405 964806 916576 453383 186632 313173 640508 150457 739485 90045 691054 568169 210229 765739 235924 97832 268030 1028417 556047 453529 663318 395629 257153 765064 137149 652026 505993 370102 348369 606219 663498 323797 524485 834751 497520 290835 95708 797381 1079432 736756 485237
753689 816803 563723 92806 284334 504700 418750 785556 568145 569277 417672 181901 569040 999999999 243629 622605 649868 510277 958056 575525 618714 594131 756711 509573 229804 452287 708725 712215 787670 828753 319873 876673 504447 224552 951137 32053 847056 228079 202863 846122 692002 350257 595242 882810 115533 299062 347120 691937 311498 757116 674794 803958 869180 231415 211692 478723 512107 884322 558438 768900 782488 763922 311035 448896 782319 718060 719496 665444 486615 265932 400096 387422 196959 378634 505700 601214 743918 916993 165798 494360 263035 415061 547721 518968 314234 483258 585729 242685 37391 487570 441418 57888 493679 759010 293822 588115 340657 805897 481664 502847
646694 732956 452917 272700 390351 748136 511692 919309 804807 695084 577582 195439 803459 243629 999999999 563322 858691 439613 1052460 719816 737716 694510 969025 535634 449084 476753 882828 784429 963363 999132 491214 1010512 573219 461511 1082621 273607 947139 17697 249245 866632 804760 511419 682825 1006795 339453 538632 420427 766904 550836 854604 677671 722451 952709 445709 441942 697778 741148 962412 497145 996036 741972 741771 451978 692360 984417 807834 953351 700654 717438 236972 475127 630255 96650 622205 746362 792083 652066 1078943 359483 529032 446033 615429 537438 736411 327959 592703 749104 486314 207290 520852 618419 279676 418358 906314 516735 829348 222957 712006 469869 621987
172747 197987 150899 547551 403645 939724 354101 628593 905490 471800 511183 723475 889357 622605 563322 999999999 810911 123723 642199 530268 475957 409982 907725 208307 618698 223868 713081 392776 776582 787996 517056 697901 302272 796672 750172 625258 569397 572320 772861 355281 499151 498273 374691 670910 729832 741243 337716 388209 747170 495786 183417 184334 538344 604710 648400 741566 814088 535087 66847 997999 179937 192540 452806 897075 880205 447026 1003266 263608 806727 362957 323170 835406 643028 848844 894488 703459 139855 826866 550020 228406 535058 632454 126225 760032 311860 397414 596721 758794 615432 227054 568867 594563 144993 654407 656428 965506 340475 196070 159424 427639
982788 972732 879500 588822 509666 359526 470108 367958 223937 352548 320481 826171 199955 649868 858691 810911 999999999 786267 594849 292927 372668 427177 111268 603059 420096 603125 183952 532816 217747 264127 377226 418537 508797 554623 476611 618835 509443 848415 830366 736684 404475 368913 463143 454383 634146 389256 532286 518325 378717 474507 697912 959163 572330 419481 441404 176448 183152 597278 787541 188623 852355 798886 434917 370871 136038 483559 217620 615953 209142 696244 512012 370705 842402 400500 289256 109473 944238 356958 500296 583869 413930 243623 684910 136458 634397 413617 224206 476026 684294 586448 263131 595982 788259 307923 357412 291034 799037 988177 673846 383568
247514 307504 93433 441688 324555 869076 316168 661515 851574 473218 470453 601722 837928 510277 439613 123723 786267 999999999 713425 526462 490308 425922 889949 204588 535958 184528 715069 447167 785870 804308 453773 740156 296889 697318 799963 516019 627671 448612 651840 456438 529817 442122 395446 719353 620931 660605 269518 437263 667956 544356 268750 295115 607968 522738 561443 692524 762333 609120 57914 968354 302832 308414 386467 822615 871932 493466 963189 326909 751204 245837 275368 758601 519771 768733 830648 683664 233726 855705 457176 217049 459845 582386 145262 716445 211311 380527 587243 667329 499972 211560 529609 487629 21647 676854 582181 906373 216833 295647 116462 414687
759018 686416 784892 866273 681359 926085 547583 228611 808529 393752 559432 1129259 784182 958056 1052460 642199 594849 713425 999999999 407389 342700 365112 618293 532164 786326 584928 410910 272467 400514 369516 653284 188822 479293 995983 173970 938550 111555 1052124 1159801 326225 268825 618865 370723 145563 1011814 847345 635010 287685 843297 201345 458782 678156 105464 775062 824730 682400 737894 107475 672033 743106 546090 492094 647396 917388 551202 245010 802483 386676 753293 817299 579056 887819 1091612 916047 855541 517759 711524 327671 799440 532407 710858 636018 568749 664475 725557 475314 436973 920301 976606 540571 565529 902900 730356 287350 764145 879502 873322 719323 618295 455578
699311 682102 619101 488662 329626 544911 228015 210301 451924 60113 159086 755027 429596 575525 719816 530268 292927 526462 407389 999999999 87092 134323 380072 327765 382531 343447 188862 251539 262983 288988 257119 301155 231659 589189 375644 551705 298166 714814 777984 455331 146803 225338 170227 309632 613586 440613 315069 234134 437096 225922 405410 668737 342984 372289 420129 298441 366162 365128 516606 481069 559540 505967 271850 526279 350012 213766 504453 323120 373915 507421 273133 488535 736194 515368 478579 183711 658525 360577 410473 311450 315370 231266 406793 293845 424515 148692 68966 512971 600053 315937 158172 518027 533039 187005 356799 522827 595189 699296 410084 113639
639867 613300 580280 528155 351285 630742 227139 183891 538975 51182 218221 793744 516576 618714 737716 475957 372668 490308 342700 87092 999999999 66054 451233 285907 444859 315529 239560 164643 300666 314721 310623 273632 195673 656705 344956 597823 231174 734730 821359 368879 73932 276165 101600 269611 669133 515673 319140 147776 513262 148127 333763 600376 266541 433198 483583 384913 453172 287007 471812 558847 485107 429698 307828 610418 412260 128196 587355 246883 460489 512606 268040 570091 764781 596077 565035 265176 596914 367695 457722 273762 368162 311430 358261 380937 423829 145015 150404 583195 639496 279923 234046 562608 500013 187363 428033 609916 589792 633231 374992 117570
574579 550767 515206 501900 316369 659278 183888 239936 578132 75953 221121 764152 556775 594131 694510 409982 427177 425922 365112 134323 66054 999999999 511362 221334 440262 254781 304359 135863 366703 380363 302158 325774 134817 654584 393735 575868 255533 692763 795188 330607 112416 267299 36826 315091 654638 524507 274118 115322 523658 163779 272307 537640 275555 427450 479356 418072 489318 292099 406107 615091 425698 371729 285143 634073 475504 124648 638313 188800 493372 464179 219716 588525 728174 612722 596570 318032 532023 430193 439027 210395 356708 331885 292378 419706 373538 110927 202995 585015 611755 216972 252239 539863 436295 250934 433521 647783 535363 569635 311374 98035
1078265 1061765 983364 698352 620194 414123 574496 403177 272203 440068 428867 930884 252260 756711 969025 907725 111268 889949 618293 380072 451233 511362 999999999 701388 527457 705827 225358 602465 218053 254811 488446 431574 605787 646929 476432 725341 547896 958508 932572 802141 469044 479519 548104 472983 734440 485242 640529 590475 473901 530316 783639 1048494 614321 527689 546471 278683 265320 639274 888181 124842 936201 880928 545546 437961 72243 548403 193724 698054 293296 807158 617481 451227 950613 479707 349916 206306 1038173 333012 610085 683045 524908 354569 782530 238146 743997 512649 311860 570712 791717 686232 372602 703795 892943 343491 463066 325182 909574 1079356 776044 480681
380918 386674 294533 420908 239941 745717 151414 458001 701565 271787 305373 650731 684519 509573 535634 208307 603059 204588 532164 327765 285907 221334 701388 999999999 444030 60012 514730 259755 583319 600328 324995 538853 96217 642901 601421 502456 436786 538419 692353 339754 326575 301094 191387 520855 600850 560111 169073 245856 564245 348667 166860 372526 428054 429590 478510 536618 609753 434127 188870 789813 298958 265481 267259 706815 677082 297832 795370 165388 604121 299430 131646 648255 591512 665012 695925 496211 345007 651244 394940 21560 354649 428873 82083 553289 212070 189447 392097 592133 514258 24351 362044 467283 215404 472266 470311 763727 341841 394914 91323 220710
779447 815054 615571 176720 215096 339937 305134 589916 362015 393716 226925 408073 357739 229804 449084 618698 420096 535958 786326 382531 444859 440262 527457 444030 999999999 402288 488896 573239 565826 608919 138422 678065 396365 214439 752267 199000 675212 436842 417765 744151 518101 173072 453687 691054 234513 124758 282481 552200 132783 592220 605241 801043 710011 14448 39095 250719 292447 729002 566535 546996 742663 708516 178293 289664 552662 562625 506147 566102 269646 344899 312577 224280 423301 232799 315766 375220 756233 700266 96770 423516 90651 188438 510010 290475 328262 336209 376544 150200 264313 419695 230453 176390 526957 554548 67710 398294 449661 814631 459545 342230
394352 415249 277916 364966 191106 716398 134440 494668 682790 292493 291736 590957 667267 452287 476753 223868 603125 184528 584928 343447 315529 254781 705827 60012 402288 999999999 532308 312805 604831 625817 293523 579069 120131 594393 644437 446471 486152 479173 632950 399474 365143 274463 230097 564338 546405 522140 120522 297309 527278 395925 222511 401116 481896 387976 434841 519868 591770 489291 186549 786870 343020 315589 230495 674696 687453 345809 785898 225149 583552 240107 99457 614001 531562 628807 670620 499522 363722 683224 345290 52863 315301 410114 107722 540440 152082 196281 402984 547726 455765 44623 350530 411795 189723 502795 434968 741954 288732 418524 70954 230747
878924 852165 807478 630946 499197 528714 413861 184897 401858 242963 305315 890585 377440 708725 882828 713081 183952 715069 410910 188862 239560 304359 225358 514730 488896 532308 999999999 379952 80536 120187 395012 237162 419169 667373 300474 680837 328307 875792 905274 577378 245627 371694 340783 271057 721752 502352 496603 369461 494576 304965 572372 839386 393058 482940 520463 300852 341204 418099 703470 345376 721422 664785 431522 529616 175239 324349 394963 483817 361465 684320 459171 513884 886633 543841 457269 125918 836316 212197 544748 499259 447803 302302 591984 272508 606134 337113 136661 586829 738408 504060 268408 651151 721868 124460 440996 471581 777236 872661 598628 302145
536206 488673 525147 619409 428542 791594 293493 246178 703426 202985 356891 874918 681134 712215 784429 392776 532816 447167 272467 251539 164643 135863 602465 259755 573239 312805 379952 999999999 422691 421318 434817 306315 213333 787661 357594 696695 180517 785098 909839 204633 134449 400262 120044 278134 780967 660264 373552 21043 659498 103685 217541 477168 169140 560062 612266 547518 616915 178024 411168 715859 350509 292324 410267 768240 554961 59535 749306 129467 623140 547971 317440 723879 829334 748342 727276 427475 489792 442949 564162 260128 487399 466355 301958 545189 456516 237833 314085 719519 726227 268320 386879 660341 462740 285879 569039 774199 600913 514489 346933 232401
939067 905757 877488 710839 579279 576182 490383 193962 441659 312728 385834 969422 417702 787670 963363 776582 217747 785870 400514 262983 300666 366703 218053 583319 565826 604831 80536 422691 999999999 47447 475266 213564 489011 737898 262588 759428 336244 956322 983073 610196 290058 452211 401938 255051 797352 571626 574852 415435 563105 334919 626717 893428 403737 560450 596272 363501 393419 428311 771155 342884 771195 713535 511987 583374 151106 364105 406535 536539 416501 763786 535648 574330 966775 604457 505273 194244 895251 142969 624265 569037 527562 377977 658270 330672 684508 411605 216216 657326 817789 574323 348351 730241 793681 139428 515382 507863 855618 928298 669485 376554
947073 908619 894842 750263 612428 623101 516880 180639 487824 333606 421916 1010635 463986 828753 999132 787996 264127 804308 369516 288988 314721 380363 254811 600328 608919 625817 120187 421318 47447 999999999 513810 180710 507869 783951 221710 800968 315868 992608 1025458 600376 292871 489235 414107 224440 841371 617924 603715 416341 609560 327285 631419 896675 383485 603080 640123 410641 440797 407415 786462 378784 771727 713613 547168 630743 184372 361881 446494 540727 463941 794790 561864 621715 1005429 651841 552301 240075 902377 95655 664490 587302 567367 421800 672702 378063 713306 436046 250037 703359 858204 593048 387925 771127 813206 135985 559955 553320 884124 932676 688382 401226
685545 708014 541978 236882 138660 422887 176691 467396 398461 259532 98179 500904 385984 319873 491214 517056 377226 453773 653284 257119 310623 302158 488446 324995 138422 293523 395012 434817 475266 513810 999999999 557921 264483 352851 632462 295001 541785 483033 521566 608229 384459 34928 315308 566376 358861 238549 184403 413778 241313 456575 478601 693850 573695 125347 177459 244797 310871 592112 473309 539084 622719 584097 67507 382123 495935 425191 519430 432344 297958 320141 195529 323317 491668 340855 378448 301302 656842 599361 154120 303598 58344 138887 398847 275023 267999 198013 266865 286259 346573 301285 127512 262061 449525 439161 146603 452715 424615 712046 359181 204199
841686 787601 824039 789363 621844 764969 500766 91757 638939 315672 459743 1055881 614530 876673 1010512 697901 418537 740156 188822 301155 273632 325774 431574 538853 678065 579069 237162 306315 213564 180710 557921 999999999 460013 876076 74546 852773 152524 1007040 1079126 450670 213983 526485 349167 44921 911627 716969 592763 309693 710923 202639 523562 777030 216416 668988 714161 530082 576711 238146 710726 556370 646362 588318 570732 763143 363268 250905 619055 435607 595501 786163 541339 742039 1033757 771501 693574 356638 794913 150946 711577 531575 615995 505987 597734 505875 696946 418290 303443 796922 900891 538840 447799 819180 753125 126650 643038 708330 860971 815905 630171 388553
474001 470731 388605 412022 220367 673789 92067 374751 618623 176532 223443 662698 600340 504447 573219 302272 508797 296889 479293 231659 195673 134817 605787 96217 396365 120131 419169 213333 489011 507869 264483 460013 999999999 605893 526632 491518 375449 573170 699040 350380 246062 234841 112798 447047 582036 502967 160704 194687 505359 283423 216519 456765 379942 382124 433742 453121 526716 390903 284964 696319 366891 323244 219631 638893 580868 235182 705121 170101 523566 338253 105090 583980 616031 603539 619600 401188 436045 563311 366797 80129 305860 348771 176743 466429 246524 96305 295934 546563 516002 85331 276561 455193 305338 383033 410650 683259 402580 482595 180621 125367
944816 994617 763717 259166 403607 308594 513860 791179 407698 605789 438585 330509 416550 224552 461511 796672 554623 697318 995983 589189 656705 654584 646929 642901 214439 594393 667373 787661 737898 783951 352851 876076 605893 999999999 949139 201628 885541 444735 311591 955667 729186 387504 668031 893246 124556 166841 474687 766620 176444 804643 808162 981005 922813 227638 175395 380357 382011 942280 737710 625942 937339 908226 386293 254963 690243 776461 560496 775980 353972 466868 514404 207864 394083 187126 331681 543876 928334 878720 249196 623611 301922 370444 700332 418821 487154 550417 572757 80595 257047 618718 431966 217928 683934 750084 233477 406406 555803 989161 642070 556551
886769 826000 881369 863653 694784 829017 571836 165772 699531 388585 534285 1130196 675236 951137 1082621 750172 476611 799963 173970 375644 344956 393735 476432 601421 752267 644437 300474 357594 262588 221710 632462 74546 526632 949139 999999999 927299 184567 1079453 1153627 476733 281319 600981 414468 80648 985982 789039 663795 364192 782708 256115 571512 816212 236485 743295 788199 598359 641675 253412 767520 599974 684132 626983 644736 829706 405441 306705 668058 486570 661629 856542 611506 811075 1107255 840741 757577 423645 839515 158791 786093 595573 690540 578783 655974 572306 766669 489958 376966 869729 975212 603082 521900 893669 813891 199055 716393 767623 928867 856120 692470 461052
761378 820981 573780 81557 271256 474556 403850 761972 536255 547880 393135 210213 537039 32053 273607 625258 618835 516019 938550 551705 597823 575868 725341 502456 199000 446471 680837 696695 759428 800968 295001 852773 491518 201628 927299 999999999 827279 258436 226619 836421 671427 326434 578667 860033 104921 267352 336976 676207 279764 738091 668693 807911 851348 201270 179839 447163 480077 867100 562195 736873 781186 760346 291212 418800 751662 700242 687496 655155 454566 274794 388229 356739 229012 348775 474291 571877 749678 889905 141259 486319 237370 385374 544911 487469 314331 464961 559504 213314 69209 479840 414389 36389 500318 733943 262319 556860 356449 811481 480200 482974
702457 641810 705101 755477 571835 826925 439045 144749 715118 282260 448287 1019147 691012 847056 947139 569397 509443 627671 111555 298166 231174 255533 547896 436786 675212 486152 328307 180517 336244 315868 541785 152524 375449 885541 184567 827279 999999999 946168 1049047 298411 157346 507336 264328 112359 900266 738762 527876 191433 735113 92562 388684 631874 67684 663834 713714 581028 640042 92070 591164 671227 499985 442622 536214 815203 485987 140622 723231 306441 653649 713512 472342 782806 983481 810548 757215 422989 655145 303139 687982 434538 599318 528431 482475 566063 621856 364930 333055 810411 866071 442528 456248 791702 643109 204926 654359 786714 774753 671657 525827 344332
659151 744196 464826 260997 385854 732766 509440 915670 791132 691422 570776 178900 790134 228079 17697 572320 848415 448612 1052124 714814 734730 692763 958508 538419 436842 479173 875792 785098 956322 992608 483033 1007040 573170 444735 1079453 258436 946168 999999999 232821 871252 802466 504139 681977 1004097 322360 524284 418683 767312 536540 853607 682895 733515 952994 433881 428632 686218 728505 963122 505898 983826 750411 748969 445717 676967 974959 807281 940188 703687 704545 239066 473856 615175 80669 606708 731910 783401 663584 1073254 348524 531147 436654 605469 542845 725080 329129 589788 742665 470687 191434 523006 610440 265846 427514 901561 504393 814783 232614 723823 474864 618506
879298 956945 683846 293572 481489 620045 616806 988152 713995 772067 619652 54003 720122 202863 249245 772861 830366 651840 1159801 777984 821359 795188 932572 692353 417765 632950 905274 909839 983073 1025458 521566 1079126 699040 311591 1153627 226619 1049047 232821 999999999 1032011 894498 552646 794564 1085639 199869 451138 538895 889912 463274 958615 852786 945272 1069445 422634 390508 654709 674804 1083871 706203 927892 944289 933472 513550 566543 965465 918501 867693 853802 647417 411866 593955 516608 152690 498097 640973 792961 878586 1115358 367587 679522 463987 606202 718233 695262 484206 684553 785849 371833 183748 672127 640286 259993 632234 960562 474377 717584 446929 940103 649678 705135
441371 361505 506090 755406 566374 989649 442360 419749 906601 403655 543887 990430 884611 846122 866632 355281 736684 456438 326225 455331 368879 330607 802141 339754 744151 399474 577378 204633 610196 600376 608229 450670 350380 955667 476733 836421 298411 871252 1032011 999999999 333719 575567 303439 410501 930503 843296 499485 221206 844040 275358 190639 354035 240250 730142 782239 748380 818980 224982 403518 918043 223813 175322 569497 963028 750515 254121 953581 181579 823809 634493 449168 914838 928830 937587 927170 632001 394583 600488 716670 352734 654348 661144 330356 748126 550693 412930 518697 893905 852886 359986 581618 800478 476981 470769 750679 976963 656088 395548 396862 418256
654816 616378 616297 601093 421554 689298 293079 131728 588966 124927 291216 866183 565710 692002 804760 499151 404475 529817 268825 146803 73932 112416 469044 326575 518101 365143 245627 134449 290058 292871 384459 213983 246062 729186 281319 671427 157346 802466 894498 333719 999999999 350057 135614 202901 743049 585387 384531 125496 582410 79185 338552 604255 196465 506611 556703 442117 506944 218350 504389 584339 481139 423499 380980 672434 420531 79599 622010 247878 516975 576011 331104 635337 835020 662127 621694 303110 609792 328325 531518 318242 442069 377768 390274 433288 485681 213787 195919 654873 712245 325355 302647 636104 541768 157082 499176 660613 647685 639915 417801 189555
668491 686506 532212 264692 140757 444630 150371 435553 410068 225155 68251 530347 395880 350257 511419 498273 368913 442122 618865 225338 276165 267299 479519 301094 173072 274463 371694 400262 452211 489235 34928 526485 234841 387504 600981 326434 507336 504139 552646 575567 350057 999999999 280951 533810 393023 268887 173547 379230 270778 421792 450455 672334 538820 160153 212150 250723 320255 557195 457772 537759 596830 556568 66027 406370 482117 390263 523684 401019 310083 327917 175110 349670 516950 368733 396382 285560 638101 572827 185177 279550 92042 141007 377461 277097 267245 164064 240229 320018 375534 277944 109433 292699 439465 409332 176245 467688 430125 692032 342376 169311
538310 513947 483449 502525 313318 686708 178177 266679 609647 110850 241649 761475 588682 595242 682825 374691 463143 395446 370723 170227 101600 36826 548104 191387 453687 230097 340783 120044 401938 414107 315308 349167 112798 668031 414468 578667 264328 681977 794564 303439 135614 280951 999999999 334588 661403 543938 264287 99046 543817 171838 235646 500815 275346 440393 492661 448034 520036 289312 373125 651267 389360 335813 290623 659591 512274 125770 673296 153331 522927 449513 208384 611981 721010 635308 625314 353842 495532 460396 444723 182628 367407 357765 259007 451533 358011 117827 239107 600759 610819 189764 278330 542393 406781 282705 451987 678723 515311 532841 282430 115683
810211 752664 801031 793943 620801 795377 495253 102157 672353 315618 468603 1060384 647929 882810 1006795 670910 454383 719353 145563 309632 269611 315091 472983 520855 691054 564338 271057 278134 255051 224440 566376 44921 447047 893246 80648 860033 112359 1004097 1085639 410501 202901 533810 334588 999999999 923119 736906 587004 284020 731476 175853 493522 742452 173540 681283 727999 556717 606756 194500 687239 597822 611002 553299 573947 791106 405642 226241 658579 407453 624341 778900 533945 767066 1034140 796186 724170 385751 763139 194315 718825 515199 624706 524832 575468 534728 688559 414338 321450 814929 905573 522750 462178 825748 733245 152119 659774 742471 849543 781854 611866 386855
866096 925803 677711 183246 364302 428703 491755 822671 515062 618171 455149 209972 520588 115533 339453 729832 634146 620931 1011814 613586 669133 654638 734440 600850 234513 546405 721752 780967 797352 841371 358861 911627 582036 124556 985982 104921 900266 322360 199869 930503 743049 393023 661403 923119 999999999 251368 433005 760141 263454 813684 767638 912703 929498 242768 201290 457821 475137 946703 667004 728061 883946 861483 370780 373742 769874 779203 668790 748924 447666 378968 481361 319719 269535 303722 443694 604437 854598 933665 216852 583757 300987 419571 646984 498197 418457 544837 610958 172838 141020 577665 464667 135874 605156 788775 282545 522290 456190 916403 583251 558545
903487 936643 740252 277579 338419 219445 414772 634811 269592 466274 303387 456143 272146 299062 538632 741243 389256 660605 847345 440613 515673 524507 485242 560111 124758 522140 502352 660264 571626 617924 238549 716969 502967 166841 789039 267352 738762 524284 451138 843296 585387 268887 543938 736906 251368 999999999 403788 639520 12518 663255 716882 922571 781568 137873 106298 213903 223805 802576 690347 477478 858974 821951 293002 166805 525214 640798 422165 669900 196299 465126 428650 100838 494811 108158 207781 377951 879453 712977 214251 539060 206845 212286 629626 252947 452924 430396 415485 86948 336441 535965 282819 259378 651710 590393 92718 290953 568081 937308 581844 428528
503104 532924 358784 255931 71098 603827 92001 502498 582104 280046 211829 502016 568722 347120 420427 337716 532286 269518 635010 315069 319140 274118 640529 169073 282481 120522 496603 373552 574852 603715 184403 592763 160704 474687 663795 336976 527876 418683 538895 499485 384531 173547 264287 587004 433005 403788 999999999 354391 409517 435338 335735 518872 538267 268262 314449 424254 493202 550379 290039 707925 463271 433717 117451 559882 633325 390029 696943 318422 481703 194116 56238 497770 456948 511192 562321 437535 476626 674235 226074 151015 197345 314502 227992 450119 109676 174901 360286 427214 356464 145300 269618 301144 266070 496003 318924 637118 280767 533760 178319 207000
535886 492319 517224 599134 408497 772341 273315 244434 685680 183932 336179 855329 663559 691937 766904 388209 518325 437263 287685 234134 147776 115322 590475 245856 552200 297309 369461 21043 415435 416341 413778 309693 194687 766620 364192 676207 191433 767312 889912 221206 125496 379230 99046 284020 760141 639520 354391 999999999 638826 108173 217310 480471 185849 539019 591226 528841 598660 196219 403339 702483 355914 298121 389406 748470 544690 58869 734222 127196 604433 530773 298200 703676 810657 728002 708397 412096 489932 442460 543360 244932 466369 446444 292449 527295 439165 216810 297966 698535 706248 253060 366893 639865 452207 280419 548207 756260 585896 516985 334416 211486
910181 942128 748282 288998 344993 209122 417900 629454 257081 464216 302671 468554 259650 311498 550836 747170 378717 667956 843297 437096 513262 523658 473901 564245 132783 527278 494576 659498 563105 609560 241313 710923 505359 176444 782708 279764 735113 536540 463274 844040 582410 270778 543817 731476 263454 12518 409517 638826 999999999 660544 719910 928036 778749 145423 116763 203915 211856 799965 696934 465150 862935 825275 297505 157285 514590 638958 409651 671560 184259 474918 432989 91579 507307 101676 195688 369770 885657 704756 224069 543099 212235 207512 634601 242583 461006 431126 410210 97329 348873 540171 279771 271469 659362 584291 94741 278934 578248 943238 587747 428239
639600 589259 625255 665152 480102 768047 346775 147634 665642 198858 366060 927915 642153 757116 854604 495786 474507 544356 201345 225922 148127 163779 530316 348667 592220 395925 304965 103685 334919 327285 456575 202639 283423 804643 256115 738091 92562 853607 958615 275358 79185 421792 171838 175853 813684 663255 435338 108173 660544 999999999 321111 578146 118436 580291 631075 520828 584861 139502 511421 649304 449385 391037 446888 751581 476073 51001 691942 232999 595474 621222 379780 714431 891165 741128 700130 377022 593033 341068 599765 344996 513329 456624 399995 511007 529623 274064 273535 731321 775327 352852 380831 702288 558756 195509 576100 737393 684052 616178 438902 255549
318775 279803 328795 587142 406336 890090 302112 461743 829959 345469 438410 808980 810590 674794 677671 183417 697912 268750 458782 405410 333763 272307 783639 166860 605241 222511 572372 217541 626717 631419 478601 523562 216519 808162 571512 668693 388684 682895 852786 190639 338552 450455 235646 493522 767638 716882 335735 217310 719910 321111 999999999 267116 355079 590811 641013 664935 738441 351694 219258 886345 155112 106892 426990 855394 745978 275389 905201 90731 737112 448311 293983 800058 742947 819035 834893 588451 272639 659665 561139 184935 514825 563483 140308 674574 368642 305625 474375 754708 677675 190435 488567 633745 288622 495544 625202 896280 465502 301608 208081 325547
104498 14173 271569 731030 586382 1116487 523766 723338 1073530 608633 677046 894277 1055999 803958 722451 184334 959163 295115 678156 668737 600376 537640 1048494 372526 801043 401116 839386 477168 893428 896675 693850 777030 456765 981005 816212 807911 631874 733515 945272 354035 604255 672334 500815 742452 912703 922571 518872 480471 928036 578146 267116 999999999 584198 786923 831572 908254 981623 573217 245722 1147763 132482 189253 631610 1075649 1012611 536559 1161131 356893 976542 540819 498353 1015114 808511 1029658 1068174 849876 73858 919211 734178 394009 715828 801225 295054 923041 495627 552727 737488 942549 794829 394820 732454 777856 313672 760693 836070 1136209 501868 41624 341734 578517
660630 593318 679930 776698 588566 881245 453521 211296 773646 317134 484249 1036805 749749 869180 952709 538344 572330 607968 105464 342984 266541 275555 614321 428054 710011 481896 393058 169140 403737 383485 573695 216416 379942 922813 236485 851348 67684 952994 1069445 240250 196465 538820 275346 173540 929498 781568 538267 185849 778749 118436 355079 584198 999999999 697919 748937 634291 695951 25041 566866 737197 451718 395844 560685 866826 553150 151135 787455 281277 708110 716618 482048 831301 995162 858315 812378 482073 613104 367322 714437 429163 629932 574166 463291 621876 625013 386400 385739 849717 885752 437369 498984 815287 624896 270880 694536 845405 769697 624806 513355 370988
765847 800942 602896 173009 201191 351410 290815 580404 369187 382024 215666 411169 364068 231415 445709 604710 419481 522738 775062 372289 433198 427450 527689 429590 14448 387976 482940 560062 560450 603080 125347 668988 382124 227638 743295 201270 663834 433881 422634 730142 506611 160153 440393 681283 242768 137873 268262 539019 145423 580291 590811 786923 697919 999999999 52346 252467 297270 716730 552842 550503 728239 694068 163881 301786 551074 550137 511645 551921 275271 334695 298130 236690 423007 246022 325251 371041 742388 693837 89464 409070 76320 184283 495698 291733 315678 322797 368336 164479 265026 405256 221951 176543 513966 546020 73243 407374 439909 800678 445498 329446
806645 845513 638385 174077 245290 325715 342154 626593 363184 432468 265487 384795 361528 211692 441942 648400 441404 561443 824730 420129 483583 479356 546471 478510 39095 434841 520463 612266 596272 640123 177459 714161 433742 175395 788199 179839 713714 428632 390508 782239 556703 212150 492661 727999 201290 106298 314449 591226 116763 631075 641013 831572 748937 52346 999999999 267876 301194 767998 594466 557797 776542 743578 214714 272946 575682 601686 511568 603687 276409 359152 347525 206957 408157 210918 309559 403931 784896 732389 108540 458279 127968 218347 542435 308345 351514 375110 411738 113720 247945 454159 266375 163310 551366 589983 84088 392893 461801 843951 489838 381324
913626 922337 782923 425226 383402 247220 387466 457364 165503 345001 231287 652209 147913 478723 697778 741566 176448 692524 682400 298441 384913 418072 278683 536618 250719 519868 300852 547518 363501 410641 244797 530082 453121 380357 598359 447163 581028 686218 654709 748380 442117 250723 448034 556717 457821 213903 424254 528841 203915 520828 664935 908254 634291 252467 267876 999999999 73614 657757 705652 300750 818588 771335 311196 235062 312415 512203 274665 596469 75629 559807 421017 213090 673778 243003 180145 175207 880543 506286 338728 515408 264566 110194 617161 40590 512783 359560 248598 300851 514182 515589 176691 426907 690171 405010 184913 231631 665709 931531 589660 340603
