NAME : synthetic_000555
TYPE : CTSP-D
DIMENSION : 100
GROUPS : 8
RELAXATION_LEVEL : 1
EDGE_WEIGHT_TYPE : EXPLICIT
EDGE_WEIGHT_FORMAT : FULL_MATRIX
EDGE_WEIGHT_SECTION
999999999 672341 940597 502346 772802 671646 481015 399746 352117 811963 360948 617780 324632 843693 418017 557983 242393 965473 769724 861037 196235 410045 277233 354384 604944 437964 871128 201058 130905 446428 310815 170674 524306 537930 440405 548521 641188 734976 523065 897641 820139 931219 150451 438756 772959 152920 615624 254631 498378 458045 190471 793602 796565 189213 102848 756095 616818 637210 438374 787829 381836 567546 971356 751982 176296 99178 450860 471475 1037896 568646 679643 699948 346053 656066 189364 135172 810231 946743 567253 486586 857155 305315 444521 595950 414811 799324 212819 125050 571798 505211 513526 179514 385613 637215 959053 479998 906343 720970 741989 900746
672341 999999999 271190 778056 137680 561320 594723 722550 484107 237463 434735 532303 410086 563420 731381 171781 470353 350888 121815 496658 482980 301965 432468 374697 104976 445611 349109 688314 626649 492151 596592 596328 301629 227385 328287 202160 107813 640428 238880 387879 495644 678117 602804 532586 163210 709861 451454 427549 744618 448707 711551 237526 209723 573031 771625 540394 79307 171623 320136 807171 572491 269198 387665 656447 497342 627503 271394 412367 370607 134642 525280 62932 595700 635594 503933 772788 423382 426775 235147 200442 825862 673404 474773 651568 352630 790152 468568 599091 351047 455030 282236 493663 309138 753788 309604 294881 290400 469372 157082 259853
940597 271190 999999999 975687 181336 749744 785153 939160 713008 224316 667482 735490 657571 600866 944621 399673 741185 182417 214126 506588 748096 550314 688117 621397 360979 693781 302928 938169 897818 694001 828310 851451 499741 441761 556207 420992 339843 745466 489330 331123 531574 698161 860244 735058 256723 966253 591215 691029 939889 692607 963458 247163 212900 843543 1038330 620209 340387 343096 551101 921348 789040 453228 246404 756940 764621 889583 535945 655202 99915 396743 639819 242084 820098 771189 775066 1034978 450556 340338 469535 457364 917464 906474 678312 809909 613055 896614 732856 870261 568778 687883 527692 763032 579442 910663 92617 548185 161118 558216 287640 108221
502346 778056 975687 999999999 797890 1070357 190628 103017 310878 766868 359697 1016676 411195 559588 84690 606546 624485 904616 899870 630436 468357 497608 426499 435877 778230 824775 756993 302305 615047 286639 231843 354606 482356 552308 452535 577091 818578 372118 783688 762767 580053 593521 371398 245716 934974 358248 404167 474511 36457 844995 319014 742616 768836 645916 498900 471335 772124 637527 461978 329337 214085 525164 876477 380575 489252 412297 719907 838682 1049700 755695 400982 763047 209962 287365 580414 433974 621838 802266 827438 595431 407340 199406 303744 212613 743485 352886 465148 592329 896766 890241 803122 522457 657367 175210 945550 775599 863904 487019 917637 889171
772802 137680 181336 797890 999999999 693427 607850 758507 531725 110107 486477 667014 478965 480920 764331 220985 590254 214520 178921 399782 577710 373110 512065 442883 242654 582511 224444 758909 742253 514261 647023 674150 319031 260635 375238 240442 241157 595324 376329 262813 410303 590430 683890 555449 238021 789019 424840 519711 762414 586086 784679 119053 82479 693526 867948 478854 216870 162095 370431 769600 608114 273357 250128 608950 596586 715719 404023 549891 270079 271024 483736 81033 638812 609366 617676 860582 330894 296678 372170 286217 775586 725185 498276 640952 486686 747879 561824 712821 486825 592665 419864 598568 433280 743043 186694 431620 153327 410876 250937 130165
671646 561320 749744 1070357 693427 999999999 943351 976904 775488 798483 735627 54734 673121 1088629 993246 635213 456141 892697 542303 1040182 605564 626944 646757 660284 463122 247106 910350 826962 546160 846965 838768 737709 736937 676126 694446 659320 453756 1103739 352430 949085 1028073 1204081 727619 873343 493279 804622 911990 596245 1049022 226414 832342 798697 770538 482565 759847 1040221 488782 695351 683455 1238872 867349 737793 939911 1122273 589525 709622 382654 232519 836747 448957 997042 624241 861320 1064065 508505 806590 966620 987878 333768 575450 1281864 887702 831881 1044603 332091 1233138 606537 546599 217124 180181 311961 558340 427278 1131339 826324 324636 837489 972835 464238 793948
481015 594723 785153 190628 607850 943351 999999999 179535 170283 576802 207804 891803 270544 411755 176896 423031 525949 716727 716272 466108 374132 332973 303413 284364 605048 705703 572273 314605 564087 105259 171555 310597 294996 367446 277488 392607 644285 260146 628960 581064 416532 473882 330813 70645 754573 373898 221572 358058 154737 724554 341993 552589 578322 575356 516320 318928 596124 448302 287984 316459 99514 335947 691504 275629 401594 381837 572482 711507 859242 586317 240556 575752 136490 176372 493742 464564 445955 623023 669840 422696 379776 211709 122777 116638 611269 322726 364703 535044 752504 766223 654599 433746 517491 188162 755396 630754 674455 316437 739650 698753
399746 722550 939160 103017 758507 976904 179535 999999999 240215 741191 290396 922813 332743 587148 18331 553837 526799 886489 843613 645356 372021 429246 339961 361779 711120 730300 746728 200643 512128 246893 140949 252676 439491 502876 394348 526486 752052 417115 703610 757651 595593 638554 268977 207053 874006 258124 399768 384051 101305 750766 219294 717354 739453 544039 401118 494991 707775 596419 402427 410887 151000 486118 865254 429195 391153 309288 636816 746497 1019383 685624 418089 714946 129176 328989 480993 338193 624979 800668 748544 530820 486783 96558 261586 253399 653806 429861 370368 489702 810542 796760 719641 424055 571731 253738 918255 690676 840687 495944 853970 860065
352117 484107 713008 310878 531725 775488 170283 240215 999999999 531556 50191 723372 103109 491968 250891 318380 357158 683871 604528 515680 209789 189270 133227 125008 471293 535968 561111 244044 411943 96912 115302 189765 219549 271395 158035 293266 512139 393201 473410 580604 472170 579802 208100 104305 633877 290336 264687 188077 282941 555027 272814 509059 524808 414001 413195 403980 467576 371210 164825 482749 96893 268522 673803 411277 238779 257894 411610 543147 798915 446736 327931 480951 111780 323812 328446 378186 472291 628073 516766 290610 540608 193466 92648 281500 443849 485278 198375 380805 590483 597360 494710 269306 352365 357944 702641 468633 631887 371098 613772 643186
811963 237463 224316 766868 110107 798483 576802 741191 531556 999999999 492022 769716 498959 385094 744453 256292 653251 154605 288107 297437 615903 402181 539402 464428 339858 671930 114425 770676 797821 494410 644641 694332 312046 275675 385114 263451 344732 521187 469837 152968 314505 490087 706721 534213 347349 807776 371781 557626 730574 677542 798132 24296 28144 755453 901538 396781 313613 174770 383397 697065 594972 263072 164500 532819 638411 744275 486885 642458 283979 363312 415955 174802 630678 548330 673383 886060 233221 189395 471532 335306 694630 721688 480399 590555 570363 672542 599190 766760 588239 688414 514212 645764 504888 689977 178707 521866 100410 333927 361039 124024
360948 434735 667482 359697 486477 735627 207804 290396 50191 492022 999999999 684269 64619 486056 301052 270607 331850 645552 554852 500138 196016 139147 107942 77734 421165 499599 528809 278823 404978 115811 162460 210619 181045 225861 111276 246690 461988 407442 426283 550631 459353 580612 226622 137744 583766 319377 257811 161810 330804 518063 306635 470143 483679 398821 431824 401989 417387 327445 116928 511829 145696 229611 638811 426017 225888 272803 366429 504016 754927 396873 329859 433284 161773 345561 309800 403514 451194 598877 469027 240450 565234 240215 104243 312243 403537 511507 181884 372738 546087 558991 449197 253216 309798 395713 660363 424177 591984 361227 563583 600737
617780 532303 735490 1016676 667014 54734 891803 922813 723372 769716 684269 999999999 621342 1047934 939228 594763 401434 870919 524357 1002715 551260 578622 593896 609520 431112 192682 880090 772227 493060 796401 784979 683058 692012 633425 646521 617662 425927 1056995 312916 918658 988735 1162990 672910 822012 479005 750024 866415 542906 995670 172083 777642 768501 742025 428864 706872 996889 457185 658320 635620 1189526 814606 695112 915634 1075611 534972 654931 336433 180301 825621 413653 951588 594928 807892 1015349 453772 752821 929470 958864 299703 531734 1233832 833316 781559 994227 281063 1184465 552459 492763 181962 126537 270535 503704 377307 1079909 808401 279613 814184 930321 447992 772887
324632 410086 657571 411195 478965 673121 270544 332743 103109 498959 64619 621342 999999999 536369 345526 258128 268637 653562 526789 541749 142518 108525 50651 36177 382469 435552 548701 280754 352469 180369 194856 196143 199906 223951 116727 240081 423557 469483 372640 573935 503993 635234 207800 201272 550252 310689 310262 99958 384689 454201 305901 478667 487166 340362 405817 455814 382154 327100 116308 576447 198669 244535 653168 488170 171929 246654 309162 441043 749042 354755 386785 417740 204385 409667 249965 387104 487309 622915 416830 209986 629563 267651 168250 376723 341194 576024 126658 319711 487573 495679 392361 195937 249256 458704 659467 365796 597097 409600 527385 599861
843693 563420 600866 559588 480920 1088629 411755 587148 491968 385094 486056 1047934 536369 999999999 580687 453442 790256 453353 654336 99714 678586 504740 586861 519343 638649 899330 300983 713710 888714 401280 564016 680349 370180 416299 442129 430459 662279 199195 736210 281966 70772 115917 699350 420073 711232 769221 228422 633412 526330 912276 742599 367059 406191 874049 902447 92922 616156 399815 450144 354899 489782 355298 400237 199771 708197 749720 716500 884894 633112 644000 172246 508712 533380 273827 782713 860314 151875 299564 758173 519130 328913 620277 400491 346991 789296 323774 662989 856021 871938 939580 777526 731765 696604 415602 529762 769910 443824 127615 715672 492888
418017 731381 944621 84690 764331 993246 176896 18331 250891 744453 301052 939228 345526 580687 999999999 561898 543922 888534 852695 641188 388782 440159 354517 373714 722178 746803 747190 218698 530420 251026 155840 270696 445365 510197 403102 534086 763030 407281 717209 757203 591217 629250 287127 210465 884005 275868 398275 399528 84245 767223 236924 720507 743395 562081 418445 488960 718294 602335 411481 395456 158912 491395 866029 418823 408318 327609 650975 762538 1023759 697237 412896 722360 141213 319265 498480 355071 622841 799645 761935 541174 471781 114810 266353 243180 669307 415133 386781 507917 825410 813076 733925 441302 586362 238217 922001 705234 843613 492462 864471 864091
557983 171781 399673 606546 220985 635213 423031 553837 318380 256292 270607 594763 258128 453442 561898 999999999 401118 408095 293523 411205 361780 152366 291578 221996 199859 456374 334178 538526 542011 320406 432955 453174 132075 56524 160424 31464 233622 490994 282783 367774 394221 568875 463087 360939 332242 568039 296444 303381 572941 466891 563995 240289 239021 501932 650410 408836 183643 84176 153734 649785 403079 109695 419471 508323 383115 496067 268313 436642 491032 195701 377255 162680 428829 474702 417922 640419 339499 415714 306744 82124 676301 510819 303057 484009 347170 635800 345353 510725 418731 489823 324239 389537 264896 585489 403795 318393 348449 339575 319792 344610
242393 470353 741185 624485 590254 456141 525949 526799 357158 653251 331850 401434 268637 790256 543922 401118 999999999 798786 551393 779239 156717 288443 225207 275078 386382 210139 735003 371256 158596 446901 393716 281890 424655 404108 348149 404247 418065 738040 286467 767688 748384 895219 271478 461429 545955 353503 571202 170306 607155 231019 378257 639553 632462 103276 343889 716181 403155 485274 340416 839886 436253 453646 817720 756750 135663 256415 217802 236507 840846 349334 651620 510962 420903 677195 55175 373102 715354 816115 328670 319376 896281 434514 436087 638658 172500 841710 162685 135390 330505 278748 272499 103107 162177 710916 775136 239203 737229 662731 513163 720347
965473 350888 182417 904616 214520 892697 716727 886489 683871 154605 645552 870919 653562 453353 888534 408095 798786 999999999 352502 354247 769269 556180 693836 619016 455464 796480 157241 924363 946935 640974 795837 848860 464877 430197 539492 417316 449003 622763 589680 171432 389096 538337 861317 679678 407230 962154 501874 710905 868160 799493 952002 175501 169074 901747 1055811 492246 430144 328546 537933 795978 743084 416037 64704 631125 791156 898794 618404 762991 181945 485157 529896 295348 780260 664988 822176 1040665 313580 165929 582287 484589 780531 872217 627926 716420 701181 767953 752655 916417 693836 804054 632695 797255 645056 811575 90958 645677 61797 441201 431490 99144
769724 121815 214126 899870 178921 542303 716272 843613 604528 288107 554852 524357 526789 654336 852695 293523 551393 352502 999999999 577148 587179 419780 545214 492070 165626 481990 401508 801862 709968 613925 716042 707771 422449 348828 449629 323671 134336 750078 281446 439227 584337 766045 712735 654393 59253 819741 565639 534363 866422 479817 823985 297935 261070 650833 871080 642587 153201 283095 441242 920058 693864 387724 404429 765287 598246 733528 336749 442419 310262 202581 635469 151999 716265 751098 591767 877723 506702 468975 257162 317019 934287 792273 596561 770526 408095 901427 573936 685066 354790 473846 316968 590253 390156 873007 284251 340152 301009 572342 78988 253358
861037 496658 506588 630436 399782 1040182 466108 645356 515680 297437 500138 1002715 541749 99714 641188 411205 779239 354247 577148 999999999 683562 490833 592159 519038 581205 866616 204300 750605 891792 434052 602307 705269 354903 384411 435443 393399 600317 288473 689841 182829 50385 192933 723134 460313 635406 802783 255498 633307 595596 877762 779839 282060 320960 869670 928718 162601 557090 344833 441514 452107 531445 327797 300531 292230 712298 771599 679386 847843 534726 591467 229764 438038 574876 352642 778686 892520 73831 200234 706725 485315 428573 665950 429304 420436 756782 421737 667129 858866 823146 900910 732857 732384 668771 499441 432449 729207 347591 150644 643235 398367
196235 482980 748096 468357 577710 605564 374132 372021 209789 615903 196016 551260 142518 678586 388782 361780 156717 769269 587179 683562 999999999 214530 91871 165481 425982 358597 677854 236911 210132 304790 237117 139463 335702 342735 251561 352530 464826 601055 368791 705691 646383 775934 136073 313131 597373 238312 451643 58401 450493 379185 251675 597783 600337 204399 290460 596822 434253 441133 247891 690145 281307 376134 775958 619398 29878 146717 295532 377095 844410 391452 525767 506432 264264 533585 119610 290604 627424 754886 415221 291746 749942 282243 296782 488999 290545 694162 17025 177500 452631 425670 372321 59723 225888 556577 763575 339983 710110 552025 568855 705035
410045 301965 550314 497608 373110 626944 332973 429246 189270 402181 139147 578622 108525 504740 440159 152366 288443 556180 419780 490833 214530 999999999 139253 72775 282024 407063 464299 388887 409618 229097 296960 301252 136294 128237 68399 138869 322875 479954 296835 493299 460308 613040 310785 263047 445920 416118 295301 156829 467553 422898 413512 383569 387772 380426 499761 436195 278747 227633 57962 612508 284234 167500 561461 498712 238782 344085 245917 401808 642972 258120 379707 309649 300243 437154 290510 488126 427845 542465 336941 102908 655210 372583 212318 422236 300657 606201 197636 377079 424787 457981 325390 251063 203368 515623 556000 304850 497885 377964 424887 496681
277233 432468 688117 426499 512065 646757 303413 339961 133227 539402 107942 593896 50651 586861 354517 291578 225207 693836 545214 592159 91871 139253 999999999 77152 393075 404550 594115 256650 301888 221856 199023 164076 247458 263769 163323 277207 433813 515379 365451 620408 554610 685069 172128 236970 563805 278436 360339 55070 403115 423999 279159 519931 526062 291461 362342 505755 396076 365649 161150 615175 220742 290323 696202 533945 121346 205145 297136 414283 781666 362327 435801 446473 216545 452200 201933 348874 537052 669512 411127 232842 671080 263767 211665 414185 317294 616545 76138 269164 471006 467457 379760 146265 231845 490619 695251 350738 636212 460190 538660 635915
354384 374697 621397 435877 442883 660284 284364 361779 125008 464428 77734 609520 36177 519343 373714 221996 275078 619016 492070 519038 165481 72775 77152 999999999 350356 427599 517045 316921 372778 186931 226389 231786 170683 188951 86430 204385 391422 465675 348765 543256 483227 621487 242865 213834 516775 346492 296649 114608 407770 445440 342068 444462 452108 354708 438498 442084 348930 291842 84002 582077 221887 213172 619892 484491 193574 280086 288779 429575 712962 323920 376542 381610 232670 411400 263388 421836 461990 592363 391839 175055 631674 300895 172495 384834 328461 579553 148721 339856 468563 485032 371481 213659 233413 471615 623747 346684 562144 391864 494652 564174
604944 104976 360979 778230 242654 463122 605048 711120 471293 339858 421165 431112 382469 638649 722178 199859 386382 455464 165626 581205 425982 282024 393075 350356 999999999 341518 449061 648276 544842 499851 576682 552067 328158 253779 327855 230360 41090 690718 134292 487580 573988 754498 555325 537788 171766 661691 496302 375626 747107 344041 668760 337568 312597 486768 706710 603758 26245 238922 317683 849018 565822 309446 492557 707939 435183 572698 175133 307545 460765 37057 576638 165557 581999 673258 426145 715706 507374 528360 131797 183032 876127 650070 482294 677750 252722 835523 413646 519591 249177 350152 177315 425673 224702 777573 409908 191346 395237 533242 145596 362862
437964 445611 693781 824775 582511 247106 705703 730300 535968 671930 499599 192682 435552 899330 746803 456374 210139 796480 481990 866616 358597 407063 404550 427599 341518 999999999 773462 581389 322008 613906 592957 490913 532186 484175 475380 473297 354861 886459 207351 810521 845834 1011922 481298 636819 454770 562174 701568 352253 804450 20881 588105 665222 646190 254070 533171 839078 366443 531701 465022 1009672 625091 544302 830673 905264 342476 465807 189011 43884 791764 311490 786396 502788 616618 838175 263799 572767 795656 855203 224833 381783 1058159 640637 599986 811583 110127 1006823 360036 314976 156978 68682 166332 311537 204586 893769 750284 150901 735757 776244 419932 704359
871128 349109 302928 756993 224444 910350 572273 746728 561111 114425 528809 880090 548701 300983 747190 334178 735003 157241 401508 204300 677854 464299 594115 517045 449061 773462 999999999 805018 871507 505656 668077 738282 349950 336729 431974 331970 456874 465524 575646 38808 234129 395235 752861 542122 460745 848149 352830 620871 720600 780485 833589 111669 142435 834970 954432 335068 422930 250366 433100 638964 609030 304172 119484 473989 702966 794939 585725 746380 332924 469684 374098 286179 648716 509115 748922 931594 156652 82160 580790 416274 625370 741985 494450 563075 668700 611231 660843 839452 698213 794302 620166 714722 595689 656429 228786 625132 143291 284793 475286 194838
201058 688314 938169 302305 758909 826962 314605 200643 244044 770676 278823 772227 280754 713710 218698 538526 371256 924363 801862 750605 236911 388887 256650 316921 648276 581389 805018 999999999 321364 316562 149696 98223 459766 500494 386732 518826 688659 574722 604455 824618 704409 786210 101785 293654 819632 60365 495257 275642 301100 602270 29251 748925 761642 363416 205461 621598 652339 603546 389955 602000 224433 508424 916865 589967 243449 121030 531670 605734 1028835 616227 542171 698449 181330 489741 318488 149978 712750 871975 650941 487991 674961 111202 321916 421448 525416 617121 243815 303429 688174 649961 609222 271335 462123 447132 937016 576881 870453 601647 793596 877321
130905 626649 897818 615047 742253 546160 564087 512128 411943 797821 404978 493060 352469 888714 530420 542011 158596 946935 709968 891792 210132 409618 301888 372778 544842 322008 871507 321364 999999999 508776 403074 263305 539995 535147 457025 539915 576646 805070 442564 901908 855678 985548 244906 510835 704061 280430 661664 258575 606517 340963 315815 782300 778796 68418 213839 806658 561178 625549 451916 878995 465463 576633 961468 823052 180545 203259 375795 359697 997224 507786 734716 664302 436719 732834 124796 262611 833502 950953 482934 462708 943853 415642 502677 680725 321687 886774 225816 32926 467131 386586 424152 159727 320298 734879 928322 391780 885878 762068 671002 872363
446428 492151 694001 286639 514261 846965 105259 246893 96912 494410 115811 796401 180369 401280 251026 320406 446901 640974 613925 434052 304790 229097 221856 186931 499851 613906 505656 316562 508776 999999999 168787 279752 196290 265739 172230 290618 539188 296623 525816 520144 387985 484810 299128 41261 650807 369616 178727 276598 252610 632019 345792 470642 492592 509174 501180 311221 491200 352681 182748 396297 103413 240931 622737 314826 334202 350140 471610 616505 772763 481090 233557 476524 144395 230344 422053 460166 398612 565518 565968 317437 449574 237784 17589 197910 515339 395698 292321 477517 651584 671948 552927 363793 419759 286992 671365 530286 594098 285341 635191 613238
310815 596592 828310 231843 647023 838768 171555 140949 115302 644641 162460 784979 194856 564016 155840 432955 393716 795837 716042 602307 237117 296960 199023 226389 576682 592957 668077 149696 403074 168787 999999999 142007 333312 386673 272945 408371 617761 430208 563281 685035 555565 637955 161911 143961 742780 206212 346811 243840 213467 613207 178648 621790 638828 423949 345879 471952 575181 486354 279220 478284 75535 382136 782952 446292 259426 211872 495995 607460 913973 549542 392563 595628 35288 347849 351890 297558 567168 731375 608469 399797 546505 78164 176171 285247 513570 488741 233360 376376 669661 658607 578749 292790 430783 331806 817081 549727 745050 452739 721020 757736
170674 596328 851451 354606 674150 737709 310597 252676 189765 694332 210619 683058 196143 680349 270696 453174 281890 848860 707771 705269 139463 301252 164076 231786 552067 490913 738282 98223 263305 279752 142007 999999999 388632 419978 309589 436151 592196 564590 506247 760939 661934 763820 20232 268959 723702 114876 454107 177847 343884 511749 116696 673600 683115 291387 223461 590922 557070 523202 310935 620289 211258 435906 846149 581484 149064 71713 433526 512859 944142 519449 513221 610169 176857 485396 232067 193313 660067 809323 552733 396917 688160 156749 279878 426061 429447 630474 145674 238555 591870 559075 511464 179386 364018 472840 855531 479302 792922 560727 697073 795949
524306 301629 499741 482356 319031 736937 294996 439491 219549 312046 181045 692012 199906 370180 445365 132075 424655 464877 422449 354903 335702 136294 247458 170683 328158 532186 349950 459766 539995 196290 333312 388632 999999999 75615 84256 100648 364010 369831 389524 374199 324061 480611 402952 237545 463643 499761 175570 281928 447695 546303 487672 289711 305518 515024 604870 307016 314172 156977 88159 521619 289335 48977 458033 387937 363070 445222 355750 521340 582008 318171 260279 280900 321677 345328 424292 581908 293679 423104 421217 162664 552971 410912 179812 351952 422853 509557 318793 507137 525074 577051 426165 380280 328020 453434 483870 412586 412348 244723 451849 424644
537930 227385 441761 552308 260635 676126 367446 502876 271395 275675 225861 633425 223951 416299 510197 56524 404108 430197 348828 384411 342735 128237 263769 188951 253779 484175 336729 500494 535147 265739 386673 419978 75615 999999999 114698 25276 288879 439196 324960 366772 361682 530395 431686 306596 388599 534197 244101 285051 518331 496481 527025 256220 263221 501311 626037 364176 238957 103309 110567 595246 351876 61698 433427 456865 366920 468604 300216 468620 529317 246109 326729 212163 379936 419565 413509 610783 315869 415806 353181 102844 623835 464829 248565 427566 374053 582081 325815 502942 461371 523295 364167 377993 284383 528979 436591 354297 373207 296904 376310 376901
440405 328287 556207 452535 375238 694446 277488 394348 158035 385114 111276 646521 116727 442129 403102 160424 348149 539492 449629 435443 251561 68399 163323 86430 327855 475380 431974 386732 457025 172230 272945 309589 84256 114698 999999999 135498 367493 411568 359466 457427 401641 548342 322755 209968 482598 422671 227892 198524 420393 491285 413684 364103 375070 434720 522515 370356 320094 217030 11178 546164 244237 127810 537080 430322 279161 363198 312506 470120 643985 308932 311856 322922 268481 370159 343513 502204 376584 506467 397401 145211 587437 350993 154741 359066 369034 539007 234688 424119 490105 526294 390390 297344 271763 455095 550443 371317 484312 314664 465185 490758
548521 202160 420992 577091 240442 659320 392607 526486 293266 263451 246690 617662 240081 430459 534086 31464 404247 417316 323671 393399 352530 138869 277207 204385 230360 473297 331970 518826 539915 290618 408371 436151 100648 25276 135498 999999999 264739 461131 307239 363690 373451 545334 447097 331379 363332 550770 266265 294330 543228 484802 544926 245326 248972 503253 638598 382161 214768 88773 130109 618833 375526 80468 423976 478612 375514 482350 287087 455813 510068 224413 347890 188509 402691 443525 416975 625608 323153 412362 333518 92141 646189 486458 273381 452559 363393 605165 335779 508072 443612 509864 347552 384547 276739 554080 419390 339505 359114 313746 351202 359797
641188 107813 339843 818578 241157 453756 644285 752052 512139 344732 461988 425927 423557 662279 763030 233622 418065 449003 134336 600317 464826 322875 433813 391422 41090 354861 456874 688659 576646 539188 617761 592196 364010 288879 367493 264739 999999999 722790 149511 495656 596125 777806 595122 577457 132608 701258 529231 415336 787256 355040 708888 345326 316814 516803 743335 631768 49979 263224 357469 883379 606452 342316 490549 739722 473097 611501 202462 317822 438796 73384 608169 170710 622953 708264 460002 753895 526632 534127 133679 223163 908475 691152 521611 714905 274683 869051 452840 552400 245820 355679 188531 462369 257939 815249 396308 208402 390393 560891 104940 353323
734976 640428 745466 372118 595324 1103739 260146 417115 393201 521187 407442 1056995 469483 199195 407281 490994 738040 622763 750078 288473 601055 479954 515379 465675 690718 886459 465524 574722 805070 296623 430208 564590 369831 439196 411568 461131 722790 999999999 759152 456776 241860 222407 584736 296660 801325 634032 195114 568919 341699 902687 601943 498770 535188 805266 775956 130924 673109 469099 422212 175882 355418 381308 577744 18843 630608 636301 721105 881616 794540 685266 115160 598081 395708 88129 717095 724694 309683 484405 790908 532350 185771 469887 304369 164151 780602 152556 588088 774006 894202 937786 794835 659652 683321 217371 687841 779205 600218 187261 797467 641677
523065 238880 489330 783688 376329 352430 628960 703610 473410 469837 426283 312916 372640 736210 717209 282783 286467 589680 281446 689841 368791 296835 365451 348765 134292 207351 575646 604455 442564 525816 563281 506247 389524 324960 359466 307239 149511 759152 999999999 613612 676101 851652 504717 558555 264682 606006 565055 330910 756352 209829 620407 465270 443259 378898 625868 689015 159574 345768 348296 904245 570232 386417 625661 777358 369167 510647 73654 173577 588296 106532 649439 297645 576532 727499 334901 645869 616681 656379 46486 226863 940980 628984 509133 718260 127416 895207 360688 421681 136433 218754 44520 350866 143062 812456 543147 58912 529278 620975 230553 497036
897641 387879 331123 762767 262813 949085 581064 757651 580604 152968 550631 918658 573935 281966 757203 367774 767688 171432 439227 182829 705691 493299 620408 543256 487580 810521 38808 824618 901908 520144 685035 760939 374199 366772 457427 363690 495656 456776 613612 999999999 218867 369415 776086 555205 498424 869381 359826 649270 726533 817818 853418 150388 181045 866922 978998 325862 461476 284603 459274 627773 623489 330115 120977 463851 731399 819296 622431 783916 352169 507817 372224 324953 664140 506300 780046 954097 147864 49199 619265 449876 609714 757595 509922 564039 705206 598925 688666 869656 736752 832176 658129 744261 630731 654477 251527 662627 170017 282262 513488 224125
820139 495644 531574 580053 410303 1028073 416532 595593 472170 314505 459353 988735 503993 70772 591217 394221 748384 389096 584337 50385 646383 460308 554610 483227 573988 845834 234129 704409 855678 387985 555565 661934 324061 361682 401641 373451 596125 241860 676101 218867 999999999 182594 680143 412819 641514 757414 209300 597825 545213 857908 733606 296308 335432 836311 885341 113499 550881 335204 408528 409529 483885 302379 339245 247040 675495 729228 660536 829259 567042 581180 179413 439833 527444 303055 745033 847581 81411 242894 695999 464140 391510 617915 384130 370206 735720 380234 630203 822787 811015 883249 718227 696883 645208 450365 462570 712377 375920 102831 646664 423857
931219 678117 698161 593521 590430 1204081 473882 638554 579802 490087 580612 1162990 635234 115917 629250 568875 895219 538337 766045 192933 775934 613040 685069 621487 754498 1011922 395235 786210 985548 484810 637955 763820 480611 530395 548342 545334 777806 222407 851652 369415 182594 999999999 783467 496441 823564 844079 325149 734090 563832 1025317 814350 473956 513031 975238 982355 179501 731904 515619 557038 329032 562445 469014 479575 212946 805776 834720 830519 998589 720243 759897 251916 622401 604986 310060 884257 935387 259591 375066 873998 633076 279768 685586 487154 386394 902076 295190 760989 953204 987526 1053551 892724 831150 808368 430567 620942 884512 538004 235897 829176 590025
150451 602804 860244 371398 683890 727619 330813 268977 208100 706721 226622 672910 207800 699350 287127 463087 271478 861317 712735 723134 136073 310785 172128 242865 555325 481298 752861 101785 244906 299128 161911 20232 402952 431686 322755 447097 595122 584736 504717 776086 680143 783467 999999999 288959 727087 107107 472712 179797 361699 502170 115704 686286 694904 275404 205760 610185 561246 534700 323553 640171 231487 449753 859776 601655 141693 51586 431560 504616 953663 522074 532666 618542 196864 505624 220170 179470 677072 824613 551173 404330 708227 172564 298865 446221 423633 650520 144469 221007 586405 549710 508180 170202 361920 492259 866233 475655 804876 579197 699835 806740
438756 532586 735058 245716 555449 873343 70645 207053 104305 534213 137744 822012 201272 420073 210465 360939 461429 679678 654393 460313 313131 263047 236970 213834 537788 636819 542122 293654 510835 41261 143961 268959 237545 306596 209968 331379 577457 296660 558555 555205 412819 496441 288959 999999999 690594 349466 205466 291994 212036 655464 322597 510340 532931 516710 485936 328142 529877 393924 220115 378459 71134 282099 659908 314041 341654 340531 501837 641753 813345 517945 248872 517656 114625 222036 432282 440732 429431 599782 599688 354918 436811 206164 58051 177266 541257 381175 302307 480546 681860 696674 583971 372816 447104 258010 711565 560119 633638 310052 674423 653626
772959 163210 256723 934974 238021 493279 754573 874006 633877 347349 583766 479005 550252 711232 884005 332242 545955 407230 59253 635406 597373 445920 563805 516775 171766 454770 460745 819632 704061 650807 742780 723702 463643 388599 482598 363332 132608 801325 264682 498424 641514 823564 727087 690594 999999999 833448 614085 547391 902335 450298 840381 356959 320265 642160 875309 696709 168181 332450 473467 969547 725820 432384 461016 816942 605667 744067 328269 413261 347382 205983 686345 204854 745525 798638 590012 886488 564513 527765 232493 343402 986241 817628 633282 814498 391847 951891 585259 681077 317103 439235 294369 594517 388266 916579 334409 321427 357748 626101 34877 308329
152920 709861 966253 358248 789019 804622 373898 258124 290336 807776 319377 750024 310689 769221 275868 568039 353503 962154 819741 802783 238312 416118 278436 346492 661691 562174 848149 60365 280430 369616 206212 114876 499761 534197 422671 550770 701258 634032 606006 869381 757414 844079 107107 349466 833448 999999999 548123 286092 359209 582946 39336 786724 797120 329947 145163 677569 668046 637490 424581 662093 281655 547715 957792 649469 237342 97675 532435 590004 1059017 628061 598337 724839 239249 549479 298755 91347 762241 917304 652274 511093 735243 171334 373487 481655 516714 677418 248849 267083 679279 630807 606350 260148 462957 506883 970155 573257 906745 654903 805798 910543
615624 451454 591215 404167 424840 911990 221572 399768 264687 371781 257811 866415 310262 228422 398275 296444 571202 501874 565639 255498 451643 295301 360339 296649 496302 701568 352830 495257 661664 178727 346811 454107 175570 244101 227892 266265 529231 195114 565055 359826 209300 325149 472712 205466 614085 548123 999999999 408942 367770 716747 524475 347617 378687 650092 677194 145649 479371 282545 237605 355797 276533 186974 472313 212901 481408 522549 529985 693563 655521 490198 85205 414527 319752 185903 559117 638377 225616 401451 596047 338215 379925 411593 175047 218921 593610 339971 436409 629125 700639 749578 601651 506196 497075 319509 549290 587411 464735 106901 607746 495786
254631 427549 691029 474511 519711 596245 358058 384051 188077 557626 161810 542906 99958 633412 399528 303381 170306 710905 534363 633307 58401 156829 55070 114608 375626 352253 620871 275642 258575 276598 243840 177847 281928 285051 198524 294330 415336 568919 330910 649270 597825 734090 179797 291994 547391 286092 408942 999999999 452786 372030 294219 539638 541954 241153 348246 554591 382151 382861 193769 670243 273133 320558 717989 587554 82132 199974 259531 364222 786936 342279 486514 449126 265089 506910 150280 345252 575099 698467 377282 234063 726003 301559 265963 469230 269783 671563 42124 225655 427523 416370 340277 99104 191208 544851 705402 309590 651712 506079 520038 646785
498378 744618 939889 36457 762414 1049022 154737 101305 282941 730574 330804 995670 384689 526330 84245 572941 607155 868160 866422 595596 450493 467553 403115 407770 747107 804450 720600 301100 606517 252610 213467 343884 447695 518331 420393 543228 787256 341699 756352 726533 545213 563832 361699 212036 902335 359209 367770 452786 999999999 824465 320508 706315 732695 633923 502423 437292 740382 602372 430065 312749 186174 489981 840083 351111 472800 405305 693845 816840 1013517 725347 365938 728544 187834 255626 564970 439300 585960 766213 799608 564120 389797 193077 269892 179909 720401 333856 446143 582435 871719 869138 777049 506150 632536 155807 909267 750181 827516 451403 885560 852974
458045 448707 692607 844995 586086 226414 724554 750766 555027 677542 518063 172083 454201 912276 767223 466891 231019 799493 479817 877762 379185 422898 423999 445440 344041 20881 780485 602270 340963 632019 613207 511749 546303 496481 491285 484802 355040 902687 209829 817818 857908 1025317 502170 655464 450298 582946 716747 372030 824465 999999999 608958 671532 651467 273285 552728 853314 369403 540774 480812 1027474 644654 557022 835061 921473 363257 486635 198649 37410 790000 315439 801712 506967 636632 855462 284639 592947 806384 862003 223074 393791 1075284 661290 617916 829813 123451 1024254 380443 334700 145312 47863 167137 332380 219750 912675 751210 155686 739102 789857 415577 706395
190471 711551 963458 319014 784679 832342 341993 219294 272814 798132 306635 777642 305901 742599 236924 563995 378257 952002 823985 779839 251675 413512 279159 342068 668760 588105 833589 29251 315815 345792 178648 116696 487672 527025 413684 544926 708888 601943 620407 853418 733606 814350 115704 322597 840381 39336 524475 294219 320508 608958 999999999 776522 788738 362321 182459 650402 673624 630210 416593 625007 253081 536222 945097 616982 255097 122759 547205 614150 1054713 636114 570944 723156 209787 516496 324343 123486 741962 900851 666857 511520 698713 135050 351165 447292 536929 640976 260098 300531 699803 656784 623363 280931 477562 469280 963616 590665 897762 630834 813759 903925
793602 237526 247163 742616 119053 798697 552589 717354 509059 24296 470143 768501 478667 367059 720507 240289 639553 175501 297935 282060 597783 383569 519931 444462 337568 665222 111669 748925 782300 470642 621790 673600 289711 256220 364103 245326 345326 498770 465270 150388 296308 473956 686286 510340 356959 786724 347617 539638 706315 671532 776522 999999999 39159 741288 882245 375358 311402 157257 362756 674608 571452 240784 179212 510679 620807 724507 478762 636938 308251 358993 392708 174617 607431 524702 658149 865715 215465 191159 469346 320607 673378 698674 456751 566435 562127 650423 580989 750985 586663 684024 509768 629040 493693 665994 202986 515908 123612 311547 368589 148172
796565 209723 212900 768836 82479 770538 578322 739453 524808 28144 483679 742025 487166 406191 743395 239021 632462 169074 261070 320960 600337 387772 526062 452108 312597 646190 142435 761642 778796 492592 638828 683115 305518 263221 375070 248972 316814 535188 443259 181045 335432 513031 694904 532931 320265 797120 378687 541954 732695 651467 788738 39159 999999999 735036 887533 413039 286357 160423 372595 710878 591770 256724 186850 547481 622093 731193 462038 616180 280960 336736 427624 147247 626290 558358 654139 873926 254623 217365 444152 316121 711084 716346 477991 597558 545508 687192 583764 748041 560661 661665 487558 628286 482105 697971 178943 495850 110152 348204 333353 120719
189213 573031 843543 645916 693526 482565 575356 544039 414001 755453 398821 428864 340362 874049 562081 501932 103276 901747 650833 869670 204399 380426 291461 354708 486768 254070 834970 363416 68418 509174 423949 291387 515024 501311 434720 503253 516803 805266 378898 866922 836311 975238 275404 516710 642160 329947 650092 241153 633923 273285 362321 741288 735036 999999999 279785 795740 504525 586083 428222 891812 479278 547670 919829 823657 175224 242410 314621 291344 943305 449829 727080 614219 455584 737796 91373 324027 808128 915613 417960 420714 953262 447855 500903 691268 255719 897067 217216 64288 398810 319385 358299 145673 264102 753338 878374 326434 840243 746543 608647 823622
102848 771625 1038330 498900 867948 759847 516320 401118 413195 901538 431824 706872 405817 902447 418445 650410 343889 1055811 871080 928718 290460 499761 362342 438498 706710 533171 954432 205461 213839 501180 345879 223461 604870 626037 522515 638598 743335 775956 625868 978998 885341 982355 205760 485936 875309 145163 677194 348246 502423 552728 182459 882245 887533 279785 999999999 812120 717988 727318 521898 807186 421158 650317 1058375 791828 274283 159738 553708 568649 1134851 670589 733638 796842 380250 692521 291712 68176 882732 1027793 669950 582180 880404 316489 502473 625962 516372 822574 306147 218344 671573 599117 615794 281047 488335 651705 1053453 582309 997638 783944 844522 994656
756095 540394 620209 471335 478854 1040221 318928 494991 403980 396781 401989 996889 455814 92922 488960 408836 716181 492246 642587 162601 596822 436195 505755 442084 603758 839078 335068 621598 806658 311221 471952 590922 307016 364176 370356 382161 631768 130924 689015 325862 113499 179501 610185 328142 696709 677569 145649 554591 437292 853314 650402 375358 413039 795740 812120 999999999 583405 369870 379419 304125 397408 302607 446825 138955 626636 660956 661574 828159 665503 604059 79522 491856 440938 190122 704757 768782 178860 354320 715432 465157 298051 527413 311683 259573 729863 277354 581749 774218 825448 883728 728291 651747 634680 336937 559169 717321 471543 71060 696636 514855
