NAME : synthetic_000957
TYPE : CTSP-D
DIMENSION : 100
GROUPS : 8
RELAXATION_LEVEL : 1
EDGE_WEIGHT_TYPE : EXPLICIT
EDGE_WEIGHT_FORMAT : FULL_MATRIX
EDGE_WEIGHT_SECTION
999999999 198609 376137 383043 436667 272944 805601 602934 481686 696665 400703 46439 245524 287364 44643 484637 777461 484556 503346 534305 609387 521219 155163 398725 363429 409098 220919 399843 348465 589447 188674 443233 106263 146787 530657 426616 649783 556737 260800 368916 185651 121844 267525 727302 685184 714802 442427 592412 509198 411118 394994 212582 276525 704788 333247 379188 593616 337106 555227 311552 89452 442618 748129 133887 264876 152258 116531 155603 287479 700639 468134 400908 468334 622422 857206 511206 461289 626633 320548 408688 232761 233516 12787 306531 624267 385850 707391 450616 153131 427697 458522 180498 446849 539792 382325 144679 450357 388526 573382 563512
198609 999999999 552438 546285 544877 247047 992194 751259 635363 824852 351680 211414 54520 442597 234520 682153 919851 545312 660111 613037 767523 623889 326801 584161 497407 385939 113532 527349 546476 755289 89450 530176 224218 340445 586177 425115 847395 753563 444157 540654 289649 319772 220961 881529 869418 896840 320063 757265 698500 607283 592901 226818 461860 876864 525902 576384 725101 490520 746684 471739 263122 641090 899501 144427 445948 206416 290861 98996 440587 881145 547630 481032 542180 788066 1042385 693699 609335 778779 482774 419234 116692 334654 190040 469190 802202 385163 863395 611525 292544 550685 444457 254113 607928 738399 578009 84813 482816 340069 760298 654853
376137 552438 999999999 58180 628747 447007 443164 254398 140765 788903 754410 397347 605835 127282 366233 224341 820240 372729 562737 360763 635726 297469 378853 59258 157789 748096 596877 567700 245017 593806 563826 667598 330334 236467 408863 463314 358876 266792 117225 23556 486874 295962 633729 742847 585000 621295 816951 599656 421962 159170 262030 396617 105536 328651 310432 165355 697799 103430 436733 97441 292660 229028 769152 507520 111685 369035 375385 531424 451493 328744 697292 298046 705331 619604 491653 465322 559637 668009 85511 724225 522448 268238 378510 94694 569715 713377 720707 98654 264290 595059 500362 510664 512078 306668 295524 518728 413359 743066 482523 350643
383043 546285 58180 999999999 671414 416317 465023 224126 102742 841766 773127 410061 600517 104401 379859 280443 875917 316001 615353 302586 691015 240046 407850 115523 104623 770778 601076 611584 299332 649739 566856 707390 322067 254177 351260 415367 407020 317886 140452 37396 511956 318993 647272 799267 643178 679474 825398 655514 479579 217272 318892 371566 135987 331224 361791 222983 749082 62368 494890 74550 295264 287141 825486 516665 131747 352275 399292 535771 492168 343823 736972 244406 744187 676021 510426 522050 609440 722823 63691 751647 504402 239080 383481 77556 627403 738313 777103 67605 253804 639565 451649 531730 563422 362843 350936 521230 360547 761455 540523 293356
436667 544877 628747 671414 999999999 708506 914237 881264 769051 282786 363896 391554 554981 622355 397502 558951 387770 890867 198465 922606 280918 886170 298461 606406 712553 314430 460470 63489 410197 296385 463726 59960 536665 453365 937259 860777 675092 620915 536141 638467 261592 389589 374208 370984 468016 478490 514852 294359 380280 535688 426430 649244 536406 897903 336408 503212 189517 660219 428340 628857 487032 503908 382013 401297 546173 588737 329927 446021 180428 858556 83447 801163 97769 321290 967670 332124 141675 274492 630476 245418 637650 643892 448642 620197 382168 270454 358370 727304 556282 44574 893963 291313 188977 550163 382677 460908 873944 361821 402705 936805
272944 247047 447007 416317 708506 999999999 881026 577980 478859 968861 592792 317085 290813 319745 315107 639369 1046201 309195 769031 383351 872819 410584 424544 497129 331920 620646 355932 672780 551753 848173 324518 710894 186686 330687 346179 178537 795805 699800 375266 427430 450891 359565 455756 991498 920225 952951 565109 851818 739266 560208 595453 65523 394200 735284 564357 540086 865728 353950 777829 350071 251878 615436 1013544 338110 371110 125689 387111 314586 558336 757954 734048 262397 732493 880738 925245 754034 730894 892845 362240 641975 139403 178801 260569 352314 870335 611594 970840 469057 213230 700625 201105 433146 711364 713053 598771 293051 238497 580750 806360 431206
805601 992194 443164 465023 914237 881026 999999999 366393 414492 950340 1145064 817045 1044595 565963 785945 360967 924264 708931 762502 652722 776942 576278 760463 408173 554170 1125805 1024617 851934 523649 729120 993860 968559 772650 659010 723189 854592 252297 293739 548147 458849 870966 702755 1042442 838338 606689 634720 1232994 735502 555664 410644 494290 836108 530808 180937 590898 446865 893198 527330 524161 534966 729382 416828 863101 929248 546262 812008 772175 960216 773254 127493 996265 672278 1008874 737259 54222 613837 793528 813045 522825 1084847 965382 704067 810300 534641 652987 1084371 820406 414250 707357 871000 886564 905214 737994 366440 535939 950280 781588 1135109 571711 608536
602934 751259 254398 224126 881264 577980 366393 999999999 121900 1021637 996747 632566 805750 315921 602829 392348 1038087 349963 798705 287747 858638 212976 630455 277035 254808 994902 816919 819460 482915 813226 781936 921496 530201 478281 359097 509848 441535 386509 363318 249286 735819 542935 869247 955816 764347 799866 1043626 819499 629508 367326 486268 549996 356151 187354 554169 391026 936511 266112 628442 291654 513814 427097 982487 736806 355171 547435 623229 752295 705358 243685 951203 331913 959468 834738 393870 681575 803176 893163 283426 975141 691000 420870 602142 297286 770802 962307 934233 158669 462589 846180 537676 755831 752469 462493 526759 736283 429436 985003 679367 242164
481686 635363 140765 102742 769051 478859 414492 121900 999999999 926155 874848 510756 689872 195561 480954 323773 952196 305099 700622 266479 769134 191423 510385 177814 147083 873244 697097 708260 382236 725670 662346 806876 412431 356603 329256 440351 415669 339948 242915 131159 614687 421718 747579 872627 698646 734884 923109 731716 547478 279185 393439 443535 237151 256736 449998 295555 836718 146008 554796 170148 392814 346061 899166 615571 234398 434409 502013 632186 591007 287395 836533 258212 844181 749812 453450 595154 699602 802369 161622 854383 582283 311197 481225 175531 693494 841001 850641 42401 344253 735725 473008 634112 651188 402795 430452 616653 370131 863103 603597 239843
696665 824852 788903 841766 282786 968861 950340 1021637 926155 999999999 625540 654711 837221 821376 653792 642544 117974 1108512 226432 1126118 173620 1076614 544765 749173 907732 571255 743213 299671 544156 221704 745652 314771 787387 674882 1153414 1106712 698151 681323 725245 804988 536818 621925 655456 152357 368710 356366 780277 215247 404840 654325 535452 906213 719006 987162 480335 631978 103148 848721 427398 819020 729244 598072 144607 680524 735526 844721 581777 726505 410966 931673 311624 1018562 324670 214194 998800 347322 243508 137366 817051 500550 911992 876511 709288 810018 301203 532791 157086 884016 792309 274545 1142206 570762 280346 597346 496105 740273 1106550 626156 378676 1129662
400703 351680 754410 773127 363896 592792 1145064 996747 874848 625540 999999999 365400 324896 684599 394268 789046 739915 869496 552024 927397 643869 920470 385772 760882 763861 55704 238449 390508 625703 654453 268312 315402 496114 519568 913796 770963 939732 861839 637870 752594 274470 458627 139319 733303 816385 832052 154850 653322 690040 734595 662561 557768 648963 1076085 567605 698306 546793 733690 742644 705948 489221 735088 742348 273318 644739 515181 380485 281030 394990 1058161 314144 792439 300871 681873 1199028 656954 491887 638357 713537 125124 468370 627388 404811 699810 732825 93872 721674 840162 553064 396542 793288 244308 522852 813149 627613 302469 819036 12367 731841 960696
46439 211414 397347 410061 391554 317085 817045 632566 510756 654711 365400 999999999 251815 319214 31368 484821 738155 529236 466566 577181 573392 561212 120081 413908 399461 369843 208695 356583 339243 555790 180727 397008 152301 161460 575480 472940 648937 558098 280271 392540 139245 116737 237282 690571 659987 688375 420187 558430 487361 414775 385141 257968 294118 725002 314590 381041 551862 368408 535294 341108 125595 439312 710734 112254 285750 198190 81828 146597 248094 716497 421775 444585 421907 588793 869468 484709 422101 589105 349145 365571 264865 277405 57506 335283 595592 344235 671079 477553 194230 384020 504649 136349 411061 534192 367629 141968 496507 353437 549803 604774
245524 54520 605835 600517 554981 290813 1044595 805750 689872 837221 324896 251815 999999999 496951 277730 730160 936236 594214 683563 663436 790503 676400 361421 636431 551807 364855 98410 543481 590410 781225 91971 534556 278486 390149 634090 466759 895296 802183 496448 594410 309282 364617 205443 902320 902717 928950 274493 782809 735165 656314 636554 277157 513893 930898 565418 624677 739477 544969 784434 525985 315212 687624 919156 165612 498560 260320 327619 117198 466382 934424 549502 532476 542598 813703 1095067 726954 630453 799536 536958 406081 153387 388625 238186 523332 832806 370370 884942 665896 346862 564997 483375 269550 633464 784080 619354 112284 528770 314014 795402 706282
287364 442597 127282 104401 622355 319745 565963 315921 195561 821376 684599 319214 496951 999999999 290650 334983 868971 291456 596901 305176 683799 263828 338433 179751 90228 686744 501537 566405 299711 646885 466797 651478 218512 176299 334477 348230 481835 387365 97730 108053 433925 244264 554461 797826 668567 704178 727770 652106 493644 259330 332092 270554 108812 435598 346529 249950 723597 49812 519005 30998 198037 324567 823199 421124 87879 248103 322379 436658 442181 446834 680476 204504 685915 675979 612646 526963 580970 712661 43156 673943 400693 140959 286264 32624 639562 657343 775713 168955 150103 595454 386204 448100 541168 414797 353446 421103 311296 672649 559050 314662
44643 234520 366233 379859 397502 315107 785945 602829 480954 653792 394268 31368 277730 290650 999999999 455516 733397 510380 458837 555491 564787 536660 110785 382547 372580 396618 239251 358261 312721 544826 210389 407474 139562 130156 556836 463486 620006 528563 249096 361727 155437 87496 267904 682754 642223 671481 451523 547779 467322 384635 358953 253250 262810 693725 292458 351236 550673 339509 514160 311697 101564 410917 703661 143508 254705 192049 72406 176270 243766 685140 433339 424230 434540 577804 838304 467780 417303 582203 319439 388858 276831 258078 57368 305651 580345 369208 662806 447263 172385 386491 496463 159767 402256 506617 343542 170040 481938 382412 530909 581286
484637 682153 224341 280443 558951 639369 360967 392348 323773 642544 789046 484821 730160 334983 455516 999999999 648398 596442 429544 578512 473464 509175 409226 165234 382073 767047 692659 495802 163746 426517 665546 611155 484243 342814 631113 682353 165242 73942 264153 247822 517026 368177 695087 564928 375583 411689 887097 432945 240455 79295 133855 580419 245170 347779 229998 105898 567244 325380 236103 310921 426163 55941 591576 594077 268357 537798 426923 631412 412294 300902 639520 522175 651477 445515 415156 295884 449025 509085 300927 724289 684629 467108 492319 304834 378573 724846 543622 287743 431602 516965 720046 554178 393914 82403 176696 625443 636945 779584 287072 560534
777461 919851 820240 875917 387770 1046201 924264 1038087 952196 117974 739915 738155 936236 868971 733397 648398 999999999 1159851 278934 1170063 185468 1114934 622701 774520 951473 686209 844648 392911 577054 226602 844277 426211 861273 737046 1203420 1173661 675744 675381 771340 838563 630207 690772 761921 86150 320077 297741 894300 220651 408696 673980 559121 982052 762508 982338 522460 657034 198397 890805 416908 862654 799775 611074 61299 775611 781372 920753 661022 822803 490208 921488 425838 1071038 439524 203349 969478 357335 316198 156954 859126 615319 1000403 939134 790235 853748 275504 646583 105743 910975 858313 371543 1210220 667207 337091 590954 524981 835042 1165880 739987 365151 1168330
484556 545312 372729 316001 890867 309195 708931 349963 305099 1108512 869496 529236 594214 291456 510380 596442 1159851 999999999 885912 79398 974898 138465 593693 431366 217226 887081 643882 840005 590227 938325 609243 911126 379466 439038 46584 174120 714422 630412 389152 349570 665810 501279 730271 1089259 953372 989425 865093 943527 782298 530727 619829 318830 399677 535152 637654 530440 1008923 278070 803853 301940 410395 600120 1114591 597562 379335 354427 566656 590123 714806 581961 938603 90248 941420 967422 741307 817811 866047 1003266 308044 892703 447425 252306 476501 310403 929266 868197 1067153 324181 338967 869406 194035 665037 829303 678843 643995 569259 87081 857136 846475 133469
503346 660111 562737 615353 198465 769031 762502 798705 700622 226432 552024 466566 683563 596901 458837 429544 278934 885912 999999999 900967 107461 850424 348220 524300 682308 506434 599204 161611 318387 103222 592515 257709 583334 458425 930289 894776 513075 477940 500121 578615 374517 412083 533785 224048 269575 281261 696819 102999 207455 432256 313017 704466 493252 777281 253946 407861 138470 622885 247064 593453 521174 380761 244893 518576 510356 643382 386974 566938 220176 727148 276403 796383 291997 133248 814002 150692 60152 123815 591176 439968 731171 660660 516124 584458 183828 460961 204559 658379 579399 158100 931295 416030 58158 397563 271956 576256 888449 548183 212146 903537
534305 613037 360763 302586 922606 383351 652722 287747 266479 1126118 927397 577181 663436 305176 555491 578512 1170063 79398 900967 999999999 984595 77455 629487 416556 218804 941682 707332 868754 594242 945575 672169 947214 432248 469467 71863 253246 682098 603912 400909 339119 710166 535088 788805 1096191 945725 982030 931467 951085 780823 519667 618885 386382 408072 475040 648518 524816 1028731 279262 797449 307745 454005 589517 1122054 654180 390647 415362 605884 650874 743705 527362 975459 134999 979404 973284 681609 820775 886142 1014670 310937 942683 519847 301240 527514 316711 928668 920102 1074003 294069 383271 898014 271265 713519 845786 660203 647473 630547 166144 915033 842710 54839
609387 767523 635726 691015 280918 872819 776942 858638 769134 173620 643869 573392 790503 683799 564787 473464 185468 974898 107461 984595 999999999 929710 454479 591320 766016 595265 705105 258821 391873 48143 699249 335491 686500 556319 1018276 993356 524687 508889 586116 653703 481274 514151 636125 118726 212877 211653 792530 41659 233581 492352 375696 807891 577101 815526 337280 473594 135263 705337 253794 677212 623193 432045 141802 625739 596114 747138 493285 674055 327604 758886 347706 886337 363445 48248 825705 177778 161322 36340 673658 526292 838158 757621 622144 668313 133914 550924 98116 727595 678712 247867 1030338 522291 162542 424607 340220 683588 982662 641128 205236 983097
521219 623889 297469 240046 886170 410584 576278 212976 191423 1076614 920470 561212 676400 263828 536660 509175 1114934 138465 850424 77455 929710 999999999 599616 350462 173617 930257 710188 829883 537881 889134 674586 914840 425256 437249 146911 306955 606857 530772 353942 277387 688347 504750 783734 1039007 880098 916440 937419 894836 719430 454445 558926 401276 358181 399676 596591 462811 981340 228789 733042 259489 435751 523938 1065156 647865 343628 419497 579864 650320 705934 450479 943693 148201 948755 915789 606270 762017 839682 960895 260149 925485 540791 295329 516075 268428 867177 905391 1016830 222075 368091 858831 330806 696372 796661 590103 590222 631021 222178 908177 779642 53404
155163 326801 378853 407850 298461 424544 760463 630455 510385 544765 385772 120081 361421 338433 110785 409226 622701 593693 348220 629487 454479 599616 999999999 377884 427593 372437 298687 253025 249918 435863 278959 317947 243103 162498 640212 565611 567486 483033 267470 381281 111456 94893 286062 572220 542631 570139 478099 438585 373854 349854 292401 361475 274496 692603 208632 313723 441624 382195 423616 351330 189048 357792 592970 201301 276126 299976 38811 246910 133857 672527 346001 504518 350005 468868 814243 366898 306718 471471 355788 345372 384602 345447 167947 343499 476296 335532 552407 471787 257821 282005 599995 145181 291951 445423 266548 249141 575584 375408 434137 648175
398725 584161 59258 115523 606406 497129 408173 277035 177814 749173 760882 413908 636431 179751 382547 165234 774520 431366 524300 416556 591320 350462 377884 999999999 217032 750250 619058 544001 206572 547952 587382 649090 366718 253192 466742 521482 302342 208857 140009 82809 488657 304346 646466 695389 529761 566100 833657 553976 371381 104067 215627 443701 122704 315214 277154 117753 661282 161943 382646 151991 321221 173486 721876 525895 138600 410946 380495 554086 433750 302616 678759 357303 687881 572404 459000 417721 526425 624592 140785 721081 563718 319256 402829 147526 518439 713192 673352 136470 303940 570215 558722 516661 476389 247615 253102 543223 472574 749958 429796 403093
363429 497407 157789 104623 712553 331920 554170 254808 147083 907732 763861 399461 551807 90228 372580 382073 951473 217226 682308 218804 766016 173617 427593 217032 999999999 769075 568650 656396 376691 727453 533208 741588 279495 265114 256400 311766 511592 422334 182588 134266 520268 332987 630558 878241 736238 772326 796734 732893 566403 313974 403881 297209 189268 403372 429718 313272 810979 61465 586794 88941 274649 383119 903978 495299 172279 292719 409848 505278 532330 428835 770539 140341 775848 755571 596092 604003 668699 795920 92663 759467 437134 166252 360370 97910 713854 741443 856063 139951 214136 685392 347615 531818 627391 464334 430233 487921 256139 751740 629948 224766
409098 385939 748096 770778 314430 620646 1125805 994902 873244 571255 55704 369843 364855 686744 396618 767047 686209 887081 506434 941682 595265 930257 372437 750250 769075 999999999 272689 345768 603302 608017 298855 263480 509465 516643 932149 797570 913463 838885 632946 748019 261749 452666 165723 681779 773174 787426 209940 606577 653918 716715 637770 581089 642639 1065035 541504 680411 494423 735021 706186 706227 495348 712211 690106 289965 640459 534519 372757 306110 363688 1043534 260419 807194 246735 634550 1179951 617865 446507 588254 713042 70931 502053 640504 414799 699586 688762 46074 670744 837047 562211 349339 821743 239204 480670 786108 600838 327683 841041 60039 692521 972445
220919 113532 596877 601076 460470 355932 1024617 816919 697097 743213 238449 208695 98410 501537 239251 692659 844648 643882 599204 707332 705105 710188 298687 619058 568650 272689 999999999 453144 542382 699130 35654 437553 289321 366032 686576 534459 856023 766186 481704 588985 226210 325229 108911 814410 830069 854360 228275 700250 669333 623425 587115 326404 497241 925484 507249 589498 646954 551186 720262 527965 305965 645744 830193 99076 485771 292209 270663 65481 386983 921332 451759 573015 444569 731106 1076683 655308 544010 711923 537764 309270 230139 415211 218476 523754 756485 274186 797787 668331 355090 473133 555594 183382 551823 738638 564470 80769 587106 226730 726334 745513
399843 527349 567700 611584 63489 672780 851934 819460 708260 299671 390508 356583 543481 566405 358261 495802 392911 840005 161611 868754 258821 829883 253025 544001 656396 345768 453144 999999999 346785 264476 451509 117234 495391 401080 886175 818593 614506 558397 477973 578075 238001 339847 378042 362235 427539 441810 535584 263708 324237 472259 363070 611507 477313 834419 272970 439913 198163 602722 373944 571448 441803 440644 377201 382966 488115 550284 287673 429947 125272 795179 144346 749940 157316 293040 905488 279664 101461 260616 572531 280909 612330 596216 412276 562686 342996 300030 346642 666340 509242 29404 852790 274296 137403 488820 319380 442549 827134 386578 352579 881064
348465 546476 245017 299332 410197 551753 523649 482915 382236 544156 625703 339243 590410 299711 312721 163746 577054 590227 318387 594242 391873 537881 249918 206572 376691 603302 542382 346785 999999999 351534 518069 458267 375119 224553 631905 634464 317655 236137 203462 262116 354994 226750 535658 501973 374392 409040 727580 357145 195398 125508 46582 487643 190907 488120 73865 93815 454826 315408 227484 288811 310103 109404 527902 443317 212579 435070 272227 484279 251416 452486 487430 504204 498237 379048 577870 227614 320316 423492 284031 561207 568511 399979 358218 280142 339958 561183 479783 339994 338920 371048 672635 393548 269820 196368 53773 481171 608812 616384 262083 591277
589447 755289 593806 649739 296385 848173 729120 813226 725670 221704 654453 555790 781225 646885 544826 426517 226602 938325 103222 945575 48143 889134 435863 547952 727453 608017 699130 264476 351534 999999999 690892 353941 661494 526636 981143 962937 476834 460914 549174 612359 473367 488620 636385 150945 177613 183047 799943 6507 186230 447834 332519 782887 539257 767696 301366 430434 175064 666431 205695 638929 597049 386235 176526 615707 559018 722739 474553 664162 315038 710814 369426 850421 385224 33005 778072 131657 163126 84482 634865 540623 820462 726415 602107 630100 93440 562814 128829 684394 649676 258714 1000260 515748 147762 376574 298915 672323 949055 650843 157528 942538
188674 89450 563826 566856 463726 324518 993860 781936 662346 745652 268312 180727 91971 466797 210389 665546 844277 609243 592515 672169 699249 674586 278959 587382 533208 298855 35654 451509 518069 690892 999999999 445198 253804 334863 652191 502827 829605 738783 449288 555445 218004 297406 133157 810602 816322 841665 263878 692331 652111 595010 563370 292493 465182 892281 486478 561586 647619 516378 702367 493501 272088 619768 827300 77954 453059 256902 248271 34139 376599 889274 461372 537736 455262 723230 1045657 640878 538907 707843 503431 329907 203620 379570 185358 489438 744690 296111 793348 633994 319828 473099 524998 177672 543167 713876 542584 45695 553621 256315 710697 710076
443233 530176 667598 707390 59960 710894 968559 921496 806876 314771 315402 397008 534556 651478 407474 611155 426211 911126 257709 947214 335491 914840 317947 649090 741588 263480 437553 117234 458267 353941 445198 999999999 546855 478375 957690 869817 731736 674881 569549 675771 260013 412127 343206 418300 527035 536629 468858 351586 439314 583574 477754 654318 571522 946331 385075 550072 231410 691774 487819 660403 502516 555655 426951 389730 579321 595147 344882 431400 216142 909293 29709 822267 40340 377601 1022213 391852 201563 325793 662968 192991 629609 661002 454501 651968 441082 221561 407416 765653 573272 103964 901648 281948 248604 606004 434465 448200 888746 314640 462646 964422
106263 224218 330334 322067 536665 186686 772650 530201 412431 787387 496114 152301 278486 218512 139562 484243 861273 379466 583334 432248 686500 425256 243103 366718 279495 509465 289321 495391 375119 661494 253804 546855 999999999 150569 425321 324113 647483 551483 228508 317340 291388 172880 358601 805215 737167 769210 517558 665155 556759 405776 420560 121440 247323 652787 380354 379638 684309 266887 597631 247522 66365 451688 827487 222914 228429 61839 207763 226741 376519 658848 572437 297755 573207 694052 821807 568781 547079 707114 258577 513245 200519 131330 97275 245037 684792 488975 784454 387466 68412 524043 357583 286318 525475 550797 418818 208712 344207 483776 623430 464588
146787 340445 236467 254177 453365 330687 659010 478281 356603 674882 519568 161460 390149 176299 130156 342814 737046 439038 458425 469467 556319 437249 162498 253192 265114 516643 366032 401080 224553 526636 334863 478375 150569 999999999 485131 437047 507897 413404 119242 233169 259274 67969 397264 674477 589538 622344 581642 530886 408591 266944 270101 265597 132658 563574 234252 236927 573519 221541 447971 191371 86070 305367 698120 272941 125431 210902 146837 301301 275827 555745 506961 348902 511665 558410 710813 424773 431375 580503 197181 499570 346258 202288 152400 184118 541314 484794 653026 320793 123198 430471 474039 277553 400414 404262 268896 291391 431669 508021 475673 486208
530657 586177 408863 351260 937259 346179 723189 359097 329256 1153414 913796 575480 634090 334477 556836 631113 1203420 46584 930289 71863 1018276 146911 640212 466742 256400 932149 686576 886175 631905 981143 652191 957690 425321 485131 999999999 195613 743046 661605 432180 386105 712254 547673 774503 1132086 992120 1028279 906221 986418 822755 567756 660221 360574 441970 546233 681002 569256 1054125 317793 842862 343116 456948 637461 1157549 642407 422230 398620 613239 633854 760946 597295 985179 136235 988004 1009936 752844 859501 911232 1047011 348473 938548 485340 298760 522462 351763 970097 913767 1109950 352642 385528 915572 207765 711155 873897 713387 685620 612848 111513 901445 886330 124214
426616 425115 463314 415367 860777 178537 854592 509848 440351 1106712 770963 472940 466759 348230 463486 682353 1173661 174120 894776 253246 993356 306955 565611 521482 311766 797570 534459 818593 634464 962937 502827 869817 324113 437047 195613 999999999 821627 730082 434434 440166 611528 484892 633348 1111421 1008690 1043493 741177 967350 829566 607531 672503 219462 450433 688756 665019 597164 1004063 359886 860402 371457 377786 672426 1135154 511571 426749 275417 531463 491571 697557 727224 894711 182329 894643 994339 891752 854793 864095 1017362 381708 815809 313464 236879 415541 377560 970690 786610 1089899 446804 315414 847458 38244 599515 836643 762832 686549 469979 87103 758873 896502 307584
649783 847395 358876 407020 675092 795805 252297 441535 415669 698151 939732 648937 895296 481835 620006 165242 675744 714422 513075 682098 524687 606857 567486 302342 511592 913463 856023 614506 317655 476834 829605 731736 647483 507897 743046 821627 999999999 96350 423102 381709 671978 532539 853313 589603 363003 394099 1045218 483221 305625 241925 277542 739088 403876 323056 372271 271083 641718 462052 271968 454320 590689 210512 614927 757150 425936 699379 588071 795500 551264 254353 758236 650448 771707 485462 301988 363180 547839 560821 443011 865264 848002 619807 657540 449803 402207 869687 570947 390597 592305 630966 858308 711113 492832 127743 312634 790034 766808 930923 319480 653443
556737 753563 266792 317886 620915 699800 293739 386509 339948 681323 861839 558098 802183 387365 528563 73942 675381 630412 477940 603912 508889 530772 483033 208857 422334 838885 766186 558397 236137 460914 738783 674881 551483 413404 661605 730082 96350 999999999 326753 290055 590445 441379 768960 590051 381348 416060 960982 467420 276772 146579 202139 642812 307527 307296 299140 177596 613202 370217 258591 360588 495373 126784 616385 667715 329632 603075 500856 704645 481434 250551 702688 562284 715205 475744 347563 335007 503769 545135 349561 794684 751983 524336 564082 355662 400473 796260 569663 309885 495965 577957 767154 627897 448164 84602 242684 698321 678420 852501 310255 579787
260800 444157 117225 140452 536141 375266 548147 363318 242915 725245 637870 280271 496448 97730 249096 264153 771340 389152 500121 400909 586116 353942 267470 140009 182588 632946 481704 477973 203462 549174 449288 569549 228508 119242 432180 434434 423102 326753 999999999 115073 372735 180282 516504 700110 575490 610732 700177 554384 398466 184947 238610 316515 19230 444935 248879 166488 628408 125288 426507 94474 181238 242523 725471 390916 10329 276847 260384 416399 355879 440103 598995 301680 605683 578347 598750 429970 486224 615137 94594 611823 427730 206128 264094 85517 543355 599362 678002 204729 169424 506585 472678 394646 444900 338558 256979 404655 405398 626440 464584 406253
368916 540654 23556 37396 638467 427430 458849 249286 131159 804988 752594 392540 594410 108053 361727 247822 838563 349570 578615 339119 653703 277387 381281 82809 134266 748019 588985 578075 262116 612359 555445 675771 317340 233169 386105 440166 381709 290055 115073 999999999 487643 295353 629625 761871 606990 643256 810908 618139 442418 181661 281539 378504 106866 337235 325325 185909 712767 80347 458393 77382 283463 251428 788091 501464 107857 353352 375415 523508 459996 341869 705420 274499 713027 638625 506383 484669 573593 685586 65195 726293 506636 248666 370535 75999 590266 714294 739707 90781 250251 605804 477129 509651 527049 330121 313583 510084 389808 741101 503665 330716
185651 289649 486874 511956 261592 450891 870966 735819 614687 536818 274470 139245 309282 433925 155437 517026 630207 665810 374517 710166 481274 688347 111456 488657 520268 261749 226210 238001 354994 473367 218004 260013 291388 259274 712254 611528 671978 590445 372735 487643 999999999 192974 184672 593290 605602 628990 374631 474658 451127 460355 394686 394676 381608 803657 303647 424105 436084 480507 503236 450596 256334 464158 610590 145604 380669 336211 112704 193414 161022 783977 283676 579541 283138 505548 924855 432092 321231 490477 456417 240303 376412 413504 196179 443391 530675 226652 575731 577397 327587 262276 642596 44117 325823 547411 363724 204848 635538 264258 504646 734342
121844 319772 295962 318993 389589 359565 702755 542935 421718 621925 458627 116737 364617 244264 87496 368177 690772 501279 412083 535088 514151 504750 94893 304346 332987 452666 325229 339847 226750 488620 297406 412127 172880 67969 547673 484892 532539 441379 180282 295353 192974 999999999 342265 632874 569894 600807 530877 492301 391455 298226 273236 294271 190436 618768 214328 264321 519468 289140 435868 258687 109128 323453 655451 227580 187915 234284 80301 263268 215453 605654 440442 411611 444734 521172 755589 398527 379221 535634 263965 432953 348528 256705 132048 251193 513794 419372 611975 384652 170702 369218 520701 214702 354004 419466 261015 257532 487763 447382 456906 553292
267525 220961 633729 647272 374208 455756 1042442 869247 747579 655456 139319 237282 205443 554461 267904 695087 761921 730271 533785 788805 636125 783734 286062 646466 630558 165723 108911 378042 535658 636385 133157 343206 358601 397264 774503 633348 853313 768960 516504 629625 184672 342265 999999999 739483 781539 802468 192041 636645 633879 633137 577042 418810 529407 960062 487798 597449 563552 604064 686306 577597 356936 643849 753051 135933 522424 375902 270318 142137 337952 947862 353910 653809 345131 667033 1095772 611082 475482 638524 585977 200689 336584 489575 270195 572049 702955 165317 724475 714797 417786 393801 656740 142793 492572 730132 547664 163685 679930 126984 684867 822979
727302 881529 742847 799267 370984 991498 838338 955816 872627 152357 733303 690571 902320 797826 682754 564928 86150 1089259 224048 1096191 118726 1039007 572220 695389 878241 681779 814410 362235 501973 150945 810602 418300 805215 674477 1132086 1111421 589603 590051 700110 761871 593290 632874 739483 999999999 235619 215715 885553 145752 326478 593678 480901 926598 690183 896772 452073 578467 188695 817148 331876 789788 741906 529364 26671 738614 709961 865813 610992 786668 443496 835566 423936 1001285 438918 123251 883804 277743 272230 102815 785621 611193 955052 875363 740074 780972 189738 639445 22191 831809 797074 345834 1148510 632989 280650 505756 448985 797145 1099290 731935 280056 1092400
685184 869418 585000 643178 468016 920225 606689 764347 698646 368710 816385 659987 902717 668567 642223 375583 320077 953372 269575 945725 212877 880098 542631 529761 736238 773174 830069 427539 374392 177613 816322 527035 737167 589538 992120 1008690 363003 381348 575490 606990 605602 569894 781539 235619 999999999 36342 955931 181653 181051 426111 336932 855070 560922 680669 356888 422968 348118 675321 149680 652855 670802 356334 258828 738674 583904 798796 578911 786334 445162 615245 544482 871138 560216 164659 650558 175808 328058 242346 645802 708193 917222 774290 697082 644844 86015 727306 220365 661147 709740 427306 1046888 649612 293698 301882 323398 790778 979790 811590 113865 932463
714802 896840 621295 679474 478490 952951 634720 799866 734884 356366 832052 688375 928950 704178 671481 411689 297741 989425 281261 982030 211653 916440 570139 566100 772326 787426 854360 441810 409040 183047 841665 536629 769210 622344 1028279 1043493 394099 416060 610732 643256 628990 600807 802468 215715 36342 999999999 973930 186004 214626 462434 372310 887685 596347 713552 388887 459074 346010 711360 185593 688725 702861 392666 237087 764286 619233 830936 606952 812209 468052 647370 552470 906980 568267 164021 677376 203740 340956 237341 681755 721229 947235 808690 726834 680678 99777 741795 202912 697448 743126 439284 1081671 672824 311308 337377 357523 817315 1015328 827714 147327 968802
442427 320063 816951 825398 514852 565109 1232994 1043626 923109 780277 154850 420187 274493 727770 451523 887097 894300 865093 696819 931467 792530 937419 478099 833657 796734 209940 228275 535584 727580 799943 263878 468858 517558 581642 906221 741177 1045218 960982 700177 810908 374631 530877 192041 885553 955931 973930 999999999 799279 817833 824517 768628 546288 714294 1145086 678266 788980 700163 777554 870547 753278 530450 835877 895395 309487 705268 518214 461564 291653 519836 1135991 468743 798096 455632 828573 1286103 790402 636817 789022 762624 279974 427716 642974 442049 748594 874202 247718 873222 892933 582882 544678 756959 334195 662746 921630 738355 308863 802469 154322 865064 971411
592412 757265 599656 655514 294359 851818 735502 819499 731716 215247 653322 558430 782809 652106 547779 432945 220651 943527 102999 951085 41659 894836 438585 553976 732893 606577 700250 263708 357145 6507 692331 351586 665155 530886 986418 967350 483221 467420 554384 618139 474658 492301 636645 145752 181653 186004 799279 999999999 192687 453990 338494 786569 544584 774198 306362 436422 169708 671909 212152 644325 600846 392538 171147 617349 564251 726332 477310 665800 316830 717319 366648 855534 382451 30899 784412 137953 162555 77996 640325 538943 823180 730905 605089 635486 98183 561474 123697 690406 653868 257239 1004631 516878 149432 383080 304636 674147 953879 649829 163868 948239
509198 698500 421962 479579 380280 739266 555664 629508 547478 404840 690040 487361 735165 493644 467322 240455 408696 782298 207455 780823 233581 719430 373854 371381 566403 653918 669333 324237 195398 186230 652111 439314 556759 408591 822755 829566 305625 276772 398466 442418 451127 391455 633879 326478 181051 214626 817833 192687 999999999 268314 162535 674172 385027 582375 177251 256626 338235 504970 52752 480391 490418 202905 353139 574176 407337 618264 407968 620586 298019 527313 463566 697732 478048 205422 606820 58557 245383 269534 474389 596097 739832 594273 520739 472017 147867 608091 304789 507262 528710 335718 867697 495007 192178 193515 143075 622888 803836 683360 67321 772592
411118 607283 159170 217272 535688 560208 410644 367326 279185 654325 734595 414775 656314 259330 384635 79295 673980 530727 432256 519667 492352 454445 349854 104067 313974 716715 623425 472259 125508 447834 595010 583574 405776 266944 567756 607531 241925 146579 184947 181661 460355 298226 633137 593678 426111 462434 824517 453990 268314 999999999 119250 501126 166032 362762 199289 36323 570518 254818 278605 237202 348863 69870 620256 525694 189379 458742 362958 560901 374338 329682 612804 452646 623462 471112 464502 316649 441161 526441 228067 679082 606274 388777 418130 230449 414816 676259 571746 239025 352372 496303 645453 494757 388456 155694 161221 553713 565854 724557 325809 507141
394994 592901 262030 318892 426430 595453 494290 486268 393439 535452 662561 385141 636554 332092 358953 133855 559121 619829 313017 618885 375696 558926 292401 215627 403881 637770 587115 363070 46582 332519 563370 477754 420560 270101 660221 672503 277542 202139 238610 281539 394686 273236 577042 480901 336932 372310 768628 338494 162535 119250 999999999 531758 224038 473533 97002 97942 451322 342441 187943 317987 355909 78020 507258 488119 246972 480096 316556 529686 279350 432127 506305 535685 518046 357688 548407 203293 323684 409092 311867 592598 614782 439926 404785 309676 310053 594718 458781 351967 382287 385165 710738 434445 270147 153125 44031 526978 643064 653611 227036 612248
212582 226818 396617 371566 649244 65523 836108 549996 443535 906213 557768 257968 277157 270554 253250 580419 982052 318830 704466 386382 807891 401276 361475 443701 297209 581089 326404 611507 487643 782887 292493 654318 121440 265597 360574 219462 739088 642812 316515 378504 394676 294271 418810 926598 855070 887685 546288 786569 674172 501126 531758 999999999 335662 697614 498989 479480 803066 309698 713183 301482 186367 554296 948789 292939 313196 61502 324604 276752 495328 715306 678352 255659 677582 815416 881986 688551 667196 828272 313681 596812 141784 133223 200640 302548 804832 568223 905866 428950 150464 639675 248481 380551 646689 652503 534073 255301 261394 545510 741208 429319
276525 461860 105536 135987 536406 394200 530808 356151 237151 719006 648963 294118 513893 108812 262810 245170 762508 399677 493252 408072 577101 358181 274496 122704 189268 642639 497241 477313 190907 539257 465182 571522 247323 132658 441970 450433 403876 307527 19230 106866 381608 190436 529407 690183 560922 596347 714294 544584 385027 166032 224038 335662 999999999 430952 240461 148571 623175 129723 411621 100327 198760 224619 715730 405409 23948 296041 269894 432076 356659 424121 601081 313297 608219 567967 581703 418270 481553 606740 98104 619676 446770 224041 280305 91364 530757 608211 668036 197576 188640 505639 488660 405137 438777 320083 244653 420803 419072 637652 450705 410956
704788 876864 328651 331224 897903 735284 180937 187354 256736 987162 1076085 725002 930898 435598 693725 347779 982338 535152 777281 475040 815526 399676 692603 315214 403372 1065035 925484 834419 488120 767696 892281 946331 652787 563574 546233 688756 323056 307296 444935 337235 803657 618768 960062 896772 680669 713552 1145086 774198 582375 362762 473533 697614 430952 999999999 561652 396748 914748 390233 565810 405631 620559 398733 922984 835843 440123 682930 695650 860017 735996 72724 975539 507277 986222 783027 206613 639917 795648 851672 394317 1033825 833970 564466 707054 407761 707042 1027322 876596 269014 584744 857761 718724 831834 740934 391897 517547 847052 611678 1065137 617379 429157
333247 525902 310432 361791 336408 564357 590898 554169 449998 480335 567605 314590 565418 346529 292458 229998 522460 637654 253946 648518 337280 596591 208632 277154 429718 541504 507249 272970 73865 301366 486478 385075 380354 234252 681002 665019 372271 299140 248879 325325 303647 214328 487798 452073 356888 388887 678266 306362 177251 199289 97002 498989 240461 561652 999999999 167458 387482 369656 221986 340780 313995 174084 477154 409335 258920 442055 238464 453682 182429 524573 414108 549311 425162 331477 645059 190783 249711 366360 337916 495631 562835 428155 344508 331824 307318 498152 430054 407600 356519 297192 702757 345075 201743 245572 60260 453700 647970 558947 243308 649765
379188 576384 165355 222983 503212 540086 446865 391026 295555 631978 698306 381041 624677 249950 351236 105898 657034 530440 407861 524816 473594 462811 313723 117753 313272 680411 589498 439913 93815 430434 561586 550072 379638 236927 569256 597164 271083 177596 166488 185909 424105 264321 597449 578467 422968 459074 788980 436422 256626 36323 97942 479480 148571 396748 167458 999999999 545498 252462 273606 231204 320588 76055 604883 491425 172505 434494 327437 527451 339453 365413 579422 449220 589806 455327 500756 300729 413222 506841 223443 643023 579718 372547 386668 223611 404425 640012 556378 254028 329505 464559 635305 458710 361671 173039 135984 520823 560215 688285 317910 515998
