NAME : synthetic_000561
TYPE : CTSP-D
DIMENSION : 100
GROUPS : 8
RELAXATION_LEVEL : 1
EDGE_WEIGHT_TYPE : EXPLICIT
EDGE_WEIGHT_FORMAT : FULL_MATRIX
EDGE_WEIGHT_SECTION
999999999 919690 566939 798408 180127 574804 186376 838517 485874 89477 465437 721358 208291 621815 213006 733902 620589 959810 91831 252728 210182 260376 391641 511819 518891 444955 377255 829043 337338 524003 818713 321511 389649 259257 284777 186349 67992 573975 457063 508726 752742 348480 697386 68191 618059 403227 687926 734039 717989 580283 365800 691793 307772 790373 300165 289954 605547 419614 1020964 235853 200787 400392 493468 825455 630830 719388 829497 269984 200053 857157 887888 1023416 798228 472122 436705 775528 477396 794675 723204 372551 243565 463440 255763 155690 311597 301493 412896 233069 361556 133621 797788 818305 836870 447841 601098 97451 63417 756998 586235 817453
919690 999999999 594279 146054 1008710 691721 864071 779979 485325 993392 683916 716472 889979 720184 714872 262627 327375 154723 988648 682967 724445 742576 1209507 439095 957417 487611 735201 301423 586915 524683 282175 801546 835190 664840 932958 943721 861402 661926 920248 547567 282383 738899 571154 890969 803107 629417 248907 630732 254684 522123 928551 372873 870217 721217 665346 635514 430019 594905 143554 878712 728081 621318 605103 130574 496618 765880 694055 769878 792717 527431 561552 210452 603930 888422 492653 307496 640569 592716 389807 927199 696895 951150 687327 788580 842696 787018 622894 878081 726313 827891 681823 653730 558031 553905 331206 1003820 914590 638042 344800 106373
566939 594279 999999999 449072 552299 100064 642859 317769 199046 656337 120845 199409 678843 841931 469427 586289 492868 715289 658525 475335 488614 579331 696819 477932 924576 431469 672755 351973 412866 103747 688873 687004 761291 365094 417968 478527 499856 70379 862622 613874 319474 232390 130497 505662 216561 592155 366270 174159 556720 72921 808674 226513 730954 254806 280321 431574 599284 164540 735459 688727 477707 579986 654387 580220 104459 228977 278325 305131 369133 295053 322480 784416 232161 305091 421185 312167 672094 228000 682517 374860 489352 885454 332165 530318 712925 659407 158662 686361 651959 433935 246739 258367 271017 553009 320685 606483 603031 197554 446559 534882
798408 146054 449072 999999999 874904 547206 763164 653490 344173 876572 537967 580568 792085 693405 601742 253335 260560 274425 872837 574276 613582 646553 1070593 356257 901164 387975 660751 193771 475721 378827 321756 719297 763882 539880 791724 807871 737043 517322 856617 489950 146338 595837 434619 764152 659826 552630 111393 497554 230760 376634 851080 231338 786065 591802 529959 523621 389184 452107 286432 784488 614943 542755 548767 163365 353258 628854 570281 630680 658281 416505 454667 340741 479430 742397 390170 180482 582592 468066 391232 782816 589239 886847 556478 677458 759277 701116 479381 783486 648479 698072 554596 530182 441588 478261 198184 877960 799662 507280 257832 105775
180127 1008710 552299 874904 999999999 528291 366455 771827 535874 216192 434249 665087 386901 797918 354893 856257 738689 1070925 226468 397102 359484 430974 222906 639597 695662 567434 553030 866283 459670 542413 949360 500919 569776 353838 160133 73836 186870 536868 635010 665076 801263 320465 678323 147884 537528 565530 763886 699068 836277 587286 541910 725497 487284 734726 345032 418868 748381 441335 1124057 415104 345695 560719 657995 930622 637964 650772 781491 256102 216628 846413 870705 1137915 769772 363607 557047 815316 645907 768751 866666 248540 392742 639531 322242 320151 491710 479883 422863 412368 536012 186826 751466 778961 819182 598616 678380 112313 241170 720238 697910 912906
574804 691721 100064 547206 528291 999999999 676805 267534 287405 662411 112060 147278 712556 917749 513299 684636 588275 814916 666268 526512 532480 629230 645110 564802 977845 512384 732849 436229 478107 196942 787666 738024 814897 410356 379020 456497 510921 29953 914372 693842 413566 226330 167564 509053 116887 661080 466290 171687 655196 172721 852566 320613 775266 215641 317115 488702 689216 222235 833613 726039 519561 649235 730194 680255 196045 156545 256202 304826 375201 332676 349925 883888 244048 227927 501313 401589 744860 244570 777042 318247 539031 935089 367688 565092 759874 709905 203445 723476 711527 441899 225088 250740 299742 629478 419473 598632 619126 192168 541165 634596
186376 864071 642859 763164 366455 676805 999999999 944136 507281 187579 564936 822905 35994 445156 179790 642383 541773 875063 177080 193341 162251 124102 572429 427684 337817 377400 206648 836790 290997 573451 712019 139641 203441 280236 456619 366293 205898 668436 274272 375179 752238 461445 768053 236167 743411 266005 659796 816889 632978 635205 188839 711170 122605 888481 363395 246458 489792 479632 944719 53629 168972 268017 344474 753123 681479 831010 919566 389478 321583 912192 947810 932595 872261 623609 373758 783284 320618 866570 600977 537890 177493 284313 311502 112596 125287 125177 484823 50753 195943 264639 887639 901225 899318 330257 578121 271880 126816 840306 519276 757942
838517 779979 317769 653490 771827 267534 944136 999999999 511082 924728 379592 121681 979934 1156989 778204 853985 779841 925964 929275 788506 797455 892149 846139 785134 1239605 745282 989789 480304 730437 415855 949363 1000646 1076274 674290 613594 704171 776159 276708 1176884 927035 507409 491157 234542 771622 236121 909819 610912 165489 824346 361624 1118191 433924 1040655 66655 582843 747196 899418 477897 921611 993003 785099 897626 969984 811471 343344 121162 88081 569257 640322 267601 249260 988974 176148 420139 735618 474606 988869 187301 968390 534402 801778 1198651 634047 832196 1024315 972726 464723 990468 968839 706817 98903 127518 229694 868662 597612 853833 885115 149576 737855 756706
485874 485325 199046 344173 535874 287405 507281 511082 999999999 571898 225102 396579 541970 645925 327607 409822 304866 576790 570735 319283 345068 419303 726575 279007 751293 234203 494369 343178 236371 95908 514149 521317 590065 234518 447816 466580 419370 261694 692233 416196 268741 254491 289963 439763 401068 404191 236431 353293 381599 151271 650798 207579 574437 445668 193140 268141 401928 111076 614383 545213 338978 391854 459157 434261 185627 428023 458525 286876 320437 410402 448496 646858 390292 423865 224593 289664 479247 382204 491351 445023 334971 717658 230581 400453 552777 495348 140761 543278 474739 368816 429061 429945 403354 357991 159753 552947 503054 374973 256744 401370
89477 993392 656337 876572 216192 662411 187579 924728 571898 999999999 553794 808498 194391 632106 278983 795402 685568 1024810 11457 314160 271328 293799 395643 573758 489229 511104 393863 914924 406830 612851 874828 326358 382260 341344 351275 248151 157242 662362 431933 550197 837207 436180 786802 153375 701262 441291 767033 822930 781677 669512 336267 778647 294005 877761 388716 358315 656391 508683 1088995 223753 265870 440792 526244 893918 719967 804978 917670 357767 288679 946595 977365 1086493 887479 547722 504074 861247 505068 884000 771946 441859 302148 432443 342984 208740 305583 312705 502332 221469 381985 222651 886039 907072 926343 495902 680664 104608 80237 845826 654580 889638
465437 683916 120845 537967 434249 112060 564936 379592 225102 553794 999999999 259102 600645 823202 403557 634899 528776 791800 557175 419120 422631 520726 576487 487419 869469 427656 628177 465433 379100 159362 739217 629470 707024 301934 297130 360785 400563 108568 805606 605215 421968 118731 244078 400782 195957 562468 442083 270293 606571 174245 741847 331734 664761 326674 207401 384463 615214 130803 821041 614443 409271 550977 636848 651426 219124 266641 364087 196314 265392 412314 436646 861841 338091 204872 415864 421518 648646 336132 712348 257345 430971 825637 256996 453437 650036 601273 104465 611860 606695 331993 332353 353732 385072 537808 378432 495262 508069 292807 480341 612450
721358 716472 199409 580568 665087 147278 822905 121681 396579 808498 259102 999999999 858746 1041203 656523 760171 677708 854969 812613 667025 675774 770596 759117 673912 1118266 630252 869252 427785 610574 300687 859074 879146 954961 552624 509962 595219 657933 155035 1055427 812565 435330 373001 145949 655138 148427 791081 522680 89270 730341 251219 996516 351169 918975 69863 461221 626189 791945 356839 859933 871552 663432 778956 853726 731363 243026 50969 118561 451445 522121 254071 254978 920941 148560 329144 620164 409579 871482 155444 867596 437405 680221 1077072 512500 710832 902655 851199 343111 869027 848214 588791 92201 128527 214272 752340 497644 741539 766331 92322 633671 679392
208291 889979 678843 792085 386901 712556 35994 979934 541970 194391 600645 858746 999999999 439617 214846 663369 565768 896210 183212 226084 196950 147425 586665 451946 310983 404965 209374 869684 322595 609061 729493 135534 188120 315987 485101 392108 235434 704330 248780 389078 784674 496449 803947 263244 778295 281256 689938 852880 655229 670879 159085 745151 101197 924399 399381 279229 506869 515564 967139 29411 204333 284681 353830 776900 716978 866589 955556 423818 355273 947620 983372 952412 908167 656024 402017 816296 327349 902446 615475 567991 210142 256139 347483 148589 111215 128155 520816 27078 202110 296758 923627 937209 934979 349289 609193 286930 145782 876297 545344 783680
621815 720184 841931 693405 797918 917749 445156 1156989 645925 632106 823202 1041203 439617 999999999 470679 458358 437913 651527 621280 435305 457930 368893 1013380 381408 281036 411782 244913 852623 444959 741243 460463 305760 260793 542600 847942 778858 615168 896850 278397 231653 767623 765196 932200 653081 1018992 264100 636866 997933 471383 796332 347734 780685 347974 1091562 632199 449748 304501 696508 732766 411039 474220 274614 187714 589666 822982 1068789 1102017 721026 675967 1020419 1061779 683370 1026924 962292 421375 810247 175238 1017538 335172 910316 431135 304811 597054 480316 329907 321548 719299 412956 262203 647037 1073519 1070772 1025443 288980 596554 714381 569048 1018882 458950 627595
213006 714872 469427 601742 354893 513299 179790 778204 327607 278983 403557 656523 214846 470679 999999999 520944 408331 747795 273870 42224 19262 119219 577796 298822 466601 232951 239560 660537 127973 394964 606234 226896 305428 104409 378083 318675 170633 501513 402392 310748 577522 314962 591820 208710 592518 216605 494149 643469 505403 457024 340102 532437 262482 719814 196279 79387 396299 304953 810561 220757 13237 209925 309238 615274 502473 669590 747592 256884 205591 732942 768969 810821 696093 501542 225412 606790 303247 689967 514605 440277 40147 422080 147210 76343 246587 198681 313943 218563 218404 180668 715855 727149 720926 243731 409382 307236 199736 666816 375823 610771
733902 262627 586289 253335 856257 684636 642383 853985 409822 795402 634899 760171 663369 458358 520944 999999999 118234 232841 788738 482394 525433 518282 1073002 222187 697360 290481 487708 439410 399381 488907 104332 559364 583496 502862 817954 801581 685616 655934 663276 293364 368976 647289 620717 720592 801393 387437 245195 689299 29835 517389 680014 422262 628382 788265 538140 444828 170984 514304 305663 647682 533365 381499 348557 132221 517158 802494 778728 651997 652329 647899 688453 291322 690387 831572 300056 411422 384159 679311 138173 837235 493512 694269 541443 586728 600717 548884 544914 647526 481959 669431 757201 740556 665904 314766 265713 826732 715173 704449 163451 170745
620589 327375 492868 260560 738689 588275 541773 779841 304866 685568 528776 677708 565768 437913 408331 118234 999999999 339480 679480 371424 414349 418577 954898 114104 641882 175638 409024 415876 284005 391363 218226 474204 510411 385024 700248 683451 570169 560707 599568 229709 332975 532824 545396 604480 703929 302366 200820 614415 97931 428293 602063 361995 542843 713270 420640 330666 135238 404025 404381 553005 421072 294031 288562 211352 436948 716572 710674 534612 534095 599915 641424 402952 626166 720944 184273 376252 322811 615606 190078 721608 383612 630153 423209 477041 515330 459750 434437 552510 399343 551892 686247 674592 611589 226779 182521 712045 605430 631915 48540 221454
959810 154723 715289 274425 1070925 814916 875063 925964 576790 1024810 791800 854969 896210 651527 747795 232841 339480 999999999 1018552 710765 753737 750972 1282044 451344 911891 514948 717338 452012 622676 633770 191157 790499 810016 717911 1015017 1011440 907980 784972 883828 521307 420377 829754 709022 941288 929599 619418 350668 771801 243316 642374 907976 504907 859350 865261 737652 669865 397439 687728 81331 880392 760549 613870 573407 143127 624400 903101 841384 848635 859927 678967 714147 70133 750692 996114 523118 451358 608574 739372 318480 1021169 722690 914704 750018 816137 831746 780959 717549 880264 712815 885086 827226 801089 708038 547445 417071 1050393 944616 781026 374759 180486
91831 988648 658525 872837 226468 666268 177080 929275 570735 11457 557175 812613 183212 621280 273870 788738 679480 1018552 999999999 308227 265566 284934 407099 567333 477841 505378 383551 913558 401831 613358 867423 315567 370990 339153 359486 256592 158770 665729 420487 541485 835305 439949 788929 157653 706797 432428 763577 825869 775332 670472 324838 777771 282663 881755 389095 353256 648514 509474 1083196 212550 260698 432138 516829 888261 720779 809757 921198 361466 291828 947994 979091 1079931 889961 554854 498550 859826 495305 886346 763764 449849 295888 421062 342612 202443 294422 302252 503800 210287 371920 225452 889512 910133 928165 487905 677373 115308 74230 848828 649048 884640
252728 682967 475335 574276 397102 526512 193341 788506 319283 314160 419120 667025 226084 435305 42224 482394 371424 710765 308227 999999999 43045 103996 620001 260259 451468 197239 212128 643637 98787 394183 565986 212145 288390 117574 416268 360001 212694 512595 388405 268824 558903 338998 593747 250883 611529 177128 468672 648393 467804 456470 334744 519771 257336 728447 212765 53160 354571 311338 774970 226550 52609 169715 269202 580107 499671 683048 753477 286981 241253 728639 765773 772981 697713 530691 190828 590220 265167 691017 472806 475101 15955 410367 168350 106050 237912 184291 324107 224745 190577 221405 722017 731096 718877 201515 385690 348001 234080 671576 341127 578037
210182 724445 488614 613582 359484 532480 162251 797455 345068 271328 422631 675774 196950 457930 19262 525433 414349 753737 265566 43045 999999999 101375 582248 303304 447837 239819 223812 676225 138154 413617 608655 208337 287043 123645 390047 326762 173387 520760 383539 305667 592672 333024 610793 212110 611203 207837 506807 662634 510822 475731 320840 549153 243223 739075 215419 89962 395976 324120 817685 202048 16402 202043 300704 622696 520935 688742 766802 273479 219869 751269 787449 816020 715058 518102 233051 622549 292773 708884 514001 454471 33832 403025 166068 64182 227441 180154 333204 199896 202900 190356 735073 746272 739538 240564 422686 306013 191359 685976 383515 619824
260376 742576 579331 646553 430974 629230 124102 892149 419303 293799 520726 770596 147425 368893 119219 518282 418577 750972 284934 103996 101375 999999999 650059 304637 348760 258680 126732 733495 186659 497255 588894 108801 186572 218945 482959 410044 246454 615963 285143 256620 646995 434176 697267 284681 711189 147501 546421 752331 509034 559491 231833 615036 155135 832331 313425 151458 367240 415288 820863 137953 117041 147456 234227 629836 601785 785759 857458 374528 318420 829611 867286 808566 801097 619000 256520 680789 217021 794255 480355 551944 90375 306525 265816 111507 134296 80681 427518 136933 107291 280740 826008 834913 820982 206914 468002 356943 217921 775497 398016 636266
391641 1209507 696819 1070593 222906 645110 572429 846139 726575 395643 576487 759117 586665 1013380 577796 1073002 954898 1282044 407099 620001 582248 650059 999999999 859275 883895 786478 768896 1036656 679893 713152 1168213 711059 774326 570494 283306 271470 409178 662243 827494 887899 981305 482562 809988 370261 614042 787542 961365 813866 1051782 746803 731636 897828 687676 824647 545743 640564 970455 621732 1331103 615962 568574 783041 879705 1140158 794532 731240 877366 439946 422245 977494 994637 1350124 887135 430023 775686 988964 866384 888708 1088610 326864 615589 827053 532752 540561 696396 692443 597540 613450 753032 406165 850944 884493 944803 821513 878480 300558 445910 831872 912371 1118087
511819 439095 477932 356257 639597 564802 427684 785134 279007 573758 487419 673912 451946 381408 298822 222187 114104 451344 567333 260259 303304 304637 859275 999999999 549181 73380 304494 483762 179988 374339 309965 364969 407691 290080 617005 589066 464853 540095 501729 151432 396125 467761 555386 500623 675685 196376 272276 622669 208041 423779 495456 399991 432894 718826 343169 223583 128662 356895 518068 439773 311195 186626 206073 325453 445293 706855 725011 455614 444034 639253 680545 512802 647221 664388 85002 437092 235987 637571 237503 649179 271639 531633 335007 365018 405640 348784 385329 439200 292508 453370 697590 692296 644072 122411 217461 605162 493526 642689 98561 332736
518891 957417 924576 901164 695662 977845 337817 1239605 751293 489229 869469 1118266 310983 281036 466601 697360 641882 911891 477841 451468 447837 348760 883895 549181 999999999 542572 257763 1029883 515832 836928 722222 240000 163348 567689 794422 703018 543629 964026 64886 412536 941661 779661 1037715 573593 1059029 359162 821336 1095837 702744 898405 153806 929582 216513 1178815 662116 493002 527492 761810 991907 284911 462208 370885 353861 828661 936851 1134389 1201529 714587 651279 1158275 1197706 951074 1140313 955581 546907 980767 319129 1132709 594140 874773 438821 56842 613810 430752 223595 268205 775550 287784 276712 599632 1170453 1176941 1154127 427630 758944 590554 455796 1118722 645269 856212
444955 487611 431469 387975 567434 512384 377400 745282 234203 511104 427656 630252 404965 411782 232951 290481 175638 514948 505378 197239 239819 258680 786478 73380 542572 999999999 287310 489489 108900 329766 381968 335856 390160 216793 543901 515981 395174 489479 489408 182408 401341 398996 521308 430146 619779 183675 290380 586411 273211 384614 469335 388014 400573 679785 271784 155031 197475 296985 577892 396563 245804 171769 225616 382887 413001 659715 690920 383348 370655 621831 662355 578547 618151 597241 12344 439150 248069 609201 310014 577722 210325 517862 261775 303276 374477 315494 323830 395595 271315 380894 662085 660586 622148 125397 218300 536644 431178 607588 144014 381979
377255 735201 672755 660751 553030 732849 206648 989789 494369 393863 628177 869252 209374 244913 239560 487708 409024 717338 383551 212128 223812 126732 768896 304494 257763 287310 999999999 776658 260565 581832 539289 77766 103597 328962 609662 535815 371183 716671 202218 196293 688450 551088 782277 408724 822209 108131 572804 841929 485715 642756 193387 672501 143750 927558 423863 244170 320007 512671 792960 184211 240128 118382 150140 612203 679995 888855 947783 496351 443424 900525 940008 767846 884194 740943 290697 726460 119841 876357 418241 677677 203332 230563 380478 236881 116857 81855 529404 185319 21577 407467 917071 921955 896677 182985 505334 470892 326317 864568 402979 630036
829043 301423 351973 193771 866283 436229 836790 480304 343178 914924 465433 427785 869684 852623 660537 439410 415876 452012 913558 643637 676225 733495 1036656 483762 1029883 489489 776658 999999999 548085 325116 514943 822908 879649 575457 753517 793925 762393 408714 978486 632213 88251 555112 288105 781603 535413 671148 215758 339166 413644 291414 956521 140787 884626 423906 533160 590478 551061 425067 441629 868272 672902 659721 689058 356639 247821 478527 393531 610407 656410 227017 263185 511731 304232 656724 486969 53871 719728 293197 574544 722749 659564 1007209 573547 736029 859793 800490 444090 866721 760791 709677 383148 353290 256617 602909 271336 893881 844896 343089 394756 298713
337338 586915 412866 475721 459670 478107 290997 730437 236371 406830 379100 610574 322595 444959 127973 399381 284005 622676 401831 98787 138154 186659 679893 179988 515832 108900 260565 548085 999999999 321397 489925 285242 353912 115301 446468 410635 286314 459852 456087 238807 462390 324373 522047 321271 575056 183457 369888 581364 381812 382628 416063 428401 340835 667601 190884 48600 293569 255965 683799 320193 141171 171889 260769 488332 421444 632658 687220 293454 269843 646194 684680 686918 624481 523967 99732 495040 269911 616898 410508 489385 114139 481305 166652 202290 317968 259757 276174 318660 240194 273751 656534 661556 639718 167353 287203 428042 327709 604009 248952 482826
524003 524683 103747 378827 542413 196942 573451 415855 95908 612851 159362 300687 609061 741243 394964 488907 391363 633770 613358 394183 413617 497255 713152 374339 836928 329766 581832 325116 321397 999999999 592490 602685 674369 293416 429863 469539 456026 169456 776398 511957 269369 230663 200811 469329 313059 495964 283367 260680 459686 62293 728847 184985 651516 350859 224282 346367 495600 104950 661725 615663 404856 483677 554132 494573 108727 332525 366475 286320 337577 339455 374399 703689 304042 364185 319893 276024 573293 297024 580395 407899 409172 800654 272608 462542 631550 575790 119551 613499 561578 396257 336266 340159 325977 452808 225436 578179 551056 283020 344413 453895
818713 282175 688873 321756 949360 787666 712019 949363 514149 874828 739217 859074 729493 460463 606234 104332 218226 191157 867423 565986 608655 588894 1168213 309965 722222 381968 539289 514943 489925 592490 999999999 614907 627198 597829 917895 897271 774258 758769 696439 343707 453349 750367 717683 810390 904511 448475 338456 785708 132916 619181 726203 515664 682845 884252 638612 533076 222631 618415 272320 710960 618098 444834 391333 165138 616465 902447 871833 752619 749626 732466 772072 230493 782348 935727 392573 493994 425614 771125 128083 939692 575652 727155 639040 667531 655574 608450 649013 711156 537262 762861 851668 832955 753448 381981 368234 913445 794980 799848 265478 220989
321511 801546 687004 719297 500919 738024 139641 1000646 521317 326358 629470 879146 135534 305760 226896 559364 474204 790499 315567 212145 208337 108801 711059 364969 240000 335856 77766 822908 285242 602685 614907 999999999 79038 327744 574342 492264 327034 724617 176370 271220 735226 541120 803255 362208 819405 172709 625913 859467 555533 664727 133666 710852 69067 940515 422118 256442 394079 523351 865021 108525 223147 180262 227615 681115 705597 894555 964836 478662 418680 931422 969795 842489 906726 722052 336840 771285 197581 899602 495129 648767 199053 198462 374028 199784 41387 28228 536140 109972 77794 373452 933504 941569 924423 247815 553053 410762 265199 882545 463129 695633
389649 835190 761291 763882 569776 814897 203441 1076274 590065 382260 707024 954961 188120 260793 305428 583496 510411 810016 370990 288390 287043 186572 774326 407691 163348 390160 103597 879649 353912 674369 627198 79038 999999999 405094 650579 565823 401473 800809 102178 290133 791487 619990 875179 435293 897750 211515 676397 932796 583560 736051 99520 773383 89216 1015474 499866 329726 413374 598463 887192 158710 302021 221955 236644 710473 775346 971436 1038430 557681 497320 998690 1037695 857381 978090 800935 393043 829153 201734 970646 502231 726421 276070 128469 452355 277629 78200 107000 612360 161120 118942 450716 1007296 1014173 993352 285687 608399 474024 329987 955731 506052 730658
259257 664840 365094 539880 353838 410356 280236 674290 234518 341344 301934 552624 315987 542600 104409 502862 385024 717911 339153 117574 123645 218945 570494 290080 567689 216793 328962 575457 115301 293416 597829 327744 405094 999999999 331167 299450 197237 397705 504050 350600 496223 223826 488315 226203 493956 278816 429043 539188 482484 355015 444370 442021 366692 615543 95190 93219 408255 200712 773448 324106 112729 268956 365350 578804 401763 566859 643202 181257 154875 632625 667811 784430 592589 419695 205634 521618 368378 586681 524433 376284 129039 524820 54615 169182 350035 299593 209719 321809 307385 167291 611455 622996 619130 278923 342117 339072 269459 562550 344144 565025
284777 932958 417968 791724 160133 379020 456619 613594 447816 351275 297130 509962 485101 847942 378083 817954 700248 1015017 359486 416268 390047 482959 283306 617005 794422 543901 609662 753517 446468 429863 917895 574342 650579 331167 999999999 103387 250837 391471 730633 678211 698301 199371 537419 222276 378356 593381 684075 550700 794186 464416 644151 614527 578430 579112 279910 417957 738740 340337 1059096 509783 373805 585663 685054 872032 512905 492848 627594 166669 177717 706228 727221 1084248 622912 203839 532044 705663 681131 622958 853738 91128 418121 740710 282233 375517 575882 548995 315049 506899 589774 202274 598369 627868 676202 607137 603643 258067 346907 570843 654664 845457
186349 943721 478527 807871 73836 456497 366293 704171 466580 248151 360785 595219 392108 778858 318675 801581 683451 1011440 256592 360001 326762 410044 271470 589066 703018 515981 535815 793925 410635 469539 897271 492264 565823 299450 103387 999999999 165454 464193 640198 628489 730226 246629 604854 130568 471699 534547 697308 626712 780313 513680 550832 653177 488897 665016 278409 373831 703244 369405 1062107 418318 311504 528388 627397 870019 564289 583009 710816 183530 151750 772794 797379 1079228 697024 304561 504989 743304 618946 695816 820856 194420 358327 648201 261548 298945 489160 468637 350050 415463 517179 139192 680489 707234 745826 559598 612659 155504 249593 648104 640939 849823
67992 861402 499856 737043 186870 510921 205898 776159 419370 157242 400563 657933 235434 615168 170633 685616 570169 907980 158770 212694 173387 246454 409178 464853 543629 395174 371183 762393 286314 456026 774258 327034 401473 197237 250837 165454 999999999 508903 479796 478974 687012 285068 630216 38986 559742 378661 626075 668012 668048 512322 394086 624640 327603 726550 232308 241283 566801 351623 966708 259249 160403 373922 471142 771353 562847 657949 764557 206929 135860 789386 820336 972886 731483 423472 385963 708997 459555 727753 685148 332558 206999 490172 188846 134949 325702 303196 345133 256363 353028 69414 732752 752459 769396 413683 539113 142845 109794 691072 533292 760524
573975 661926 70379 517322 536868 29953 668436 276708 261694 662362 108568 155035 704330 896850 501513 655934 560707 784972 665729 512595 520760 615963 662243 540095 964026 489479 716671 408714 459852 169456 758769 724617 800809 397705 391471 464193 508903 999999999 900961 671458 384202 226867 147770 509326 146197 642095 436455 162912 626434 142844 841483 291177 763950 220188 306232 472893 663594 204188 803739 716756 508397 630134 709156 650428 166684 172830 255655 304811 373923 315662 335759 853937 232905 251438 478631 373021 724788 232115 749851 335808 525599 922345 357615 556188 747735 696611 188489 714247 695479 440484 223860 245512 284751 608121 390536 602582 615966 184963 513864 604663
457063 920248 862622 856617 635010 914372 274272 1176884 692233 431933 805606 1055427 248780 278397 402392 663276 599568 883828 420487 388405 383539 285143 827494 501729 64886 489408 202218 978486 456087 776398 696439 176370 102178 504050 730633 640198 479796 900961 999999999 372727 890246 714984 977197 510374 994635 307698 772716 1034502 666303 838135 96202 874425 152263 1116504 598209 431232 492330 699349 962785 221890 397756 318895 315300 793073 877523 1070896 1140063 649713 586425 1100677 1139757 926688 1080190 890733 492914 928526 279746 1072777 568905 810434 375422 30994 549587 365877 158710 204467 712476 224741 219596 535092 1108857 1116077 1095503 379351 707159 531620 394315 1057482 599245 817280
508726 547567 613874 489950 665076 693842 375179 927035 416196 550197 605215 812565 389078 231653 310748 293364 229709 521307 541485 268824 305667 256620 887899 151432 412536 182408 196293 632213 238807 511957 343707 271220 290133 350600 678211 628489 478974 671458 372727 999999999 545284 562262 700844 517763 799351 109447 417922 766935 294151 565746 387012 551373 339379 861292 429244 260356 123869 475603 597580 368841 319428 109443 58853 421115 591445 842068 870694 531330 500536 790376 831598 571615 795270 762100 192904 586919 93501 785892 226399 726846 272338 403604 404099 353056 312003 265304 500763 369228 193556 489473 842412 839204 794414 71710 368692 606161 473031 787690 238419 444672
752742 282383 319474 146338 801263 413566 752238 507409 268741 837207 421968 435330 784674 767623 577522 368976 332975 420377 835305 558903 592672 646995 981305 396125 941661 401341 688450 88251 462390 269369 453349 735226 791487 496223 698301 730226 687012 384202 890246 545284 999999999 498946 289521 708380 522332 582898 132269 351427 341435 250338 868875 93095 797385 445478 461606 505781 468098 361432 425882 782473 590101 571471 601764 305259 217533 484201 424916 547305 587768 279490 319683 485693 334153 622017 398970 43450 632107 322790 500194 676364 574778 918993 498691 653462 772368 713057 383962 780985 672656 637554 408506 385007 300357 514813 183116 821677 765389 360943 308845 249543
348480 738899 232390 595837 320465 226330 461445 491157 254491 436180 118731 373001 496449 765196 314962 647289 532824 829754 439949 338998 333024 434176 482562 467761 779661 398996 551088 555112 324373 230663 750367 541120 619990 223826 199371 246629 285068 226867 714984 562262 498946 999999999 360504 282882 282038 501096 490340 389021 621214 268756 644358 415547 568749 441900 133619 315658 595754 144002 868864 512945 317978 490693 584365 686759 318756 373621 481593 78497 149208 527305 553402 899649 456518 199857 386654 506646 590269 454269 703448 191596 348148 732605 170720 353059 556886 513013 116659 510237 529553 215821 450048 472320 501792 491326 413606 376682 393980 411495 484976 655715
697386 571154 130497 434619 678323 167564 768053 234542 289963 786802 244078 145949 803947 932200 591820 620717 545396 709022 788929 593747 610793 697267 809988 555386 1037715 521308 782277 288105 522047 200811 717683 803255 875179 488315 537419 604854 630216 147770 977197 700844 289521 360504 999999999 636126 250009 694131 379738 69053 590980 139540 928463 205766 850939 168129 407936 546829 666444 288565 714689 812347 600928 681797 746917 586261 110236 194746 169854 434878 499571 168837 192899 775034 104281 395242 512589 265219 768398 98663 733850 483566 608458 1001358 459382 655888 831526 776224 287163 810076 762148 564431 142321 140002 141289 646362 363086 736188 732760 87410 503855 533778
68191 890969 505662 764152 147884 509053 236167 771622 439763 153375 400782 655138 263244 653081 208710 720592 604480 941288 157653 250883 212110 284681 370261 500623 573593 430146 408724 781603 321271 469329 810390 362208 435293 226203 222276 130568 38986 509326 510374 517763 708380 282882 636126 999999999 550054 417647 652881 670415 702410 523448 422318 642591 358702 724387 248635 277360 604441 364386 998748 288684 198831 412891 510123 803651 574413 652144 764451 204554 136591 798104 827711 1006731 735818 404722 420589 728586 498394 732662 722816 307716 245621 519272 210124 173277 358598 339124 354779 285813 390879 73090 732864 754345 776431 452149 565973 114009 126053 693203 566544 791151
618059 803107 216561 659826 537528 116887 743411 236121 401068 701262 195957 148427 778295 1018992 592518 801393 703929 929599 706797 611529 611203 711189 614042 675685 1059029 619779 822209 535413 575056 313059 904511 819405 897750 493956 378356 471699 559742 146197 994635 799351 522332 282038 250009 550054 999999999 758406 582174 221619 771988 288630 926073 430354 850071 210886 398766 579319 801608 323766 945788 794983 596882 746930 832361 796126 306631 117444 264602 355555 426167 394053 400189 998218 291395 184945 608291 506077 844557 296275 892058 298306 622528 1013215 445405 634925 837305 791184 299727 792275 800665 490723 240366 276872 355781 732831 536343 624069 669531 233433 656500 749569
403227 629417 592155 552630 565530 661080 266005 909819 404191 441291 562468 791081 281256 264100 216605 387437 302366 619418 432428 177128 207837 147501 787542 196376 359162 183675 108131 671148 183457 495964 448475 172709 211515 278816 593381 534547 378661 642095 307698 109447 582898 501096 694131 417647 758406 999999999 465323 756494 382910 555018 299921 571530 241739 845909 368188 185756 225887 438846 693038 262565 223067 12344 92868 508408 588623 814901 862131 458468 417726 803646 843794 673251 794022 698444 188734 621690 89607 785620 334996 650312 176547 336972 333380 248298 214074 161541 459615 262715 96982 397225 832172 834126 802180 75593 399959 500600 364824 778570 294888 523770
687926 248907 366270 111393 763886 466290 659796 610912 236431 767033 442083 522680 689938 636866 494149 245195 200820 350668 763577 468672 506807 546421 961365 272276 821336 290380 572804 215758 369888 283367 338456 625913 676397 429043 684075 697308 626075 436455 772716 417922 132269 490340 379738 652881 582174 465323 999999999 447425 216205 293629 759109 177500 690952 545831 419112 417027 336027 346354 380178 684147 507282 454530 475474 213975 282159 567646 534076 521480 547301 405473 446579 420459 445322 646848 290678 175655 507131 434212 371138 679542 483978 802230 445087 570264 664816 605872 374762 682968 558652 586678 513341 495624 421498 393847 86967 766736 690795 461392 179638 170536
734039 630732 174159 497554 699068 171687 816889 165489 353293 822930 270293 89270 852880 997933 643469 689299 614415 771801 825869 648393 662634 752331 813866 622669 1095837 586411 841929 339166 581364 260680 785708 859467 932796 539188 550700 626712 668012 162912 1034502 766935 351427 389021 69053 670415 221619 756494 447425 999999999 659594 202043 982351 271798 904650 99127 453920 603300 734939 338516 773946 862886 651838 744191 811940 651866 178485 140238 105863 466334 534261 172479 181927 836850 73292 388346 577325 323268 832532 75897 802902 487548 662652 1057900 505843 704318 886234 832068 332219 860519 821479 600422 75768 84747 134814 711015 432133 765311 773404 23419 572707 598470
717989 254684 556720 230760 836277 655196 632978 824346 381599 781677 606571 730341 655229 471383 505403 29835 97931 243316 775332 467804 510822 509034 1051782 208041 702744 273211 485715 413644 381812 459686 132916 555533 583560 482484 794186 780313 668048 626434 666303 294151 341435 621214 590980 702410 771988 382910 216205 659594 999999999 487673 678821 392975 624596 758582 514276 428198 175353 486968 311912 640659 518034 376156 351002 126974 487326 772666 749333 627898 630332 619878 660572 305435 661158 804066 282098 384152 386566 650106 161260 811638 479529 697254 519446 572958 596918 543668 517589 640374 478699 649529 727660 711255 637350 308737 236077 809813 701460 674826 139812 156439
580283 522123 72921 376634 587286 172721 635205 361624 151271 669512 174245 251219 670879 796332 457024 517389 428293 642374 670472 456470 475731 559491 746803 423779 898405 384614 642756 291414 382628 62293 619181 664727 736051 355015 464416 513680 512322 142844 838135 565746 250338 268756 139540 523448 288630 555018 293629 202043 487673 999999999 791117 158436 713802 295616 282302 408504 540728 161153 662914 677762 466791 542695 610025 507605 51177 288317 307283 332737 389305 279000 313026 711496 242074 371687 375384 247408 630492 234880 618369 431409 471465 862569 331930 523984 693782 637905 168926 675583 622662 450431 277807 279421 264117 509018 251811 630080 609730 223719 383304 461979
365800 928551 808674 851080 541910 852566 188839 1118191 650798 336267 741847 996516 159085 347734 340102 680014 602063 907976 324838 334744 320840 231833 731636 495456 153806 469335 193387 956521 416063 728847 726203 133666 99520 444370 644151 550832 394086 841483 96202 387012 868875 644358 928463 422318 926073 299921 759109 982351 678821 791117 999999999 843388 77723 1059899 535561 383277 510753 644162 984589 135210 333125 308987 335109 805452 833618 1008436 1086998 575135 508847 1061195 1099026 956196 1032456 811989 470474 904810 300589 1025751 601604 726504 320022 97703 484940 291343 98108 156730 654035 138086 203070 453373 1055364 1065460 1052813 375454 686712 436902 302523 1005616 593970 823271
691793 372873 226513 231338 725497 320613 711170 433924 207579 778647 331734 351169 745151 780685 532437 422262 361995 504907 777771 519771 549153 615036 897828 399991 929582 388014 672501 140787 428401 184985 515664 710852 773383 442021 614527 653177 624640 291177 874425 551373 93095 415547 205766 642591 430354 571530 177500 271798 392975 158436 843388 999999999 769007 369369 393956 467041 492686 284299 515897 746221 544289 559500 604449 380503 124577 398505 356593 469651 516034 240140 281661 571956 268209 529895 382892 91138 631643 257194 543925 587836 535702 901839 436033 606594 745520 686663 303484 744464 654856 570293 336009 318294 249611 510016 184774 754302 710577 284633 327448 328236
307772 870217 730954 786065 487284 775266 122605 1040655 574437 294005 664761 918975 101197 347974 262482 628382 542843 859350 282663 257336 243223 155135 687676 432894 216513 400573 143750 884626 340835 651516 682845 69067 89216 366692 578430 488897 327603 763950 152263 339379 797385 568749 850939 358702 850071 241739 690952 904650 624596 713802 77723 769007 999999999 982234 458183 306500 462623 566439 934028 72285 255715 249107 293615 750124 756644 931271 1009277 500904 436001 984733 1022341 910930 954978 740058 400710 832453 261919 948333 561944 658268 242484 165097 407776 216443 27680 85103 576383 74973 146538 383185 977641 987802 975869 316708 616191 388122 246182 927921 530744 764211
790373 721217 254806 591802 734726 215641 888481 66655 445668 877761 326674 69863 924399 1091562 719814 788265 713270 865261 881755 728447 739075 832331 824647 718826 1178815 679785 927558 423906 667601 350859 884252 940515 1015474 615543 579112 665016 726550 220188 1116504 861292 445478 441900 168129 724387 210886 845909 545831 99127 758582 295616 1059899 369369 982234 999999999 525691 685914 832790 417171 863661 936466 727191 833678 904784 748305 276693 95673 55415 520392 590842 223266 213697 929189 121940 394815 670261 414381 924142 132194 901940 505091 742048 1138813 577325 776127 965202 912733 405871 933983 906746 657540 43211 81705 183285 803533 531107 811368 834600 84880 671209 694122
300165 665346 280321 529959 345032 317115 363395 582843 193140 388716 207401 461221 399381 632199 196279 538140 420640 737652 389095 212765 215419 313425 545743 343169 662116 271784 423863 533160 190884 224282 638612 422118 499866 95190 279910 278409 232308 306232 598209 429244 461606 133619 407936 248635 398766 368188 419112 453920 514276 282302 535561 393956 458183 525691 999999999 183583 469235 121252 785367 410787 202468 357590 450759 595163 332095 473323 556183 114011 128446 561042 593838 806383 511550 333083 259515 480335 457100 506565 580603 306038 223999 618315 51939 250823 442858 393911 121720 408313 402292 176523 524249 538468 543717 358069 334250 360769 327435 477337 374785 572394
289954 635514 431574 523621 418868 488702 246458 747196 268141 358315 384463 626189 279229 449748 79387 444828 330666 669865 353256 53160 89962 151458 640564 223583 493002 155031 244170 590478 48600 346367 533076 256442 329726 93219 417957 373831 241283 472893 431232 260356 505781 315658 546829 277360 579319 185756 417027 603300 428198 408504 383277 467041 306500 685914 183583 999999999 329956 269351 731756 279186 92576 175767 272343 536359 450359 644810 708831 274007 240244 678268 715847 733571 650392 512695 146817 537067 275252 643372 448047 468052 69089 454718 147834 153950 285542 229427 285263 277446 222825 235143 677632 685169 669539 189181 333359 381905 279119 626315 296893 531387
