NAME : synthetic_000452
TYPE : CTSP-D
DIMENSION : 100
GROUPS : 8
RELAXATION_LEVEL : 1
EDGE_WEIGHT_TYPE : EXPLICIT
EDGE_WEIGHT_FORMAT : FULL_MATRIX
EDGE_WEIGHT_SECTION
999999999 669664 169290 894739 307523 666501 762245 577335 194046 343163 212909 783593 414799 748664 428734 409790 975063 889426 849959 756213 740475 630347 778054 132026 878524 241162 829680 656094 627520 754494 921869 894440 332374 770461 754241 952097 513553 432978 139899 791300 390214 749128 916684 950593 1051214 466060 235829 463638 681186 131504 878743 565137 532024 578761 481615 860312 683443 698595 622506 635276 887786 645804 471851 1017101 536199 633060 678514 876019 581450 795898 688985 870519 898948 345020 200640 755509 169250 537749 114876 913767 81837 699887 608087 648620 674070 779043 301216 728817 618578 103535 589539 528817 997912 559306 358291 384026 643677 1046431 592678 1024881
669664 999999999 822693 419478 362781 274417 176924 122256 718028 350895 462027 476582 257247 1045865 644964 262760 752599 695575 727465 895435 300637 256128 811786 801314 655382 468607 264788 855533 729300 388492 512540 1035027 356650 595266 1064260 966094 416286 900951 713619 918756 670746 208588 646580 628181 889266 477604 837432 672446 789721 574127 1058391 310629 643013 373748 222223 623151 210583 543960 93134 853969 778475 477857 638106 634946 140917 573287 1039482 811019 250653 624536 667465 1168994 793818 338589 620134 777712 500474 273861 725399 1177608 607982 78826 67719 1007814 485350 140918 830020 958486 225440 772070 581573 202661 845005 686127 570615 721675 1000270 764633 230216 689390
169290 822693 999999999 1002150 460976 782267 897942 721680 169849 480067 360754 867551 565462 671325 443812 559997 1021984 936911 883987 728566 854756 749076 778795 92716 933945 364689 957753 623023 630926 853674 1014216 852255 471459 826636 672122 940740 601030 332936 131051 763107 393218 878970 979413 1022278 1077917 538537 104070 469857 673354 250771 826360 675047 553363 674745 620575 920747 810018 760075 766810 599002 914653 719440 491268 1097357 684940 682083 586519 892650 702476 848005 717789 782659 923684 509454 249912 762396 329228 656965 103759 833467 250206 845065 758485 560586 747546 922395 203004 675870 742771 79153 633366 663843 1026215 568797 405016 363266 557179 1102194 716917 1094303
894739 419478 1002150 999999999 625532 231193 244842 396613 848449 561756 692385 193084 536219 931841 639696 538027 395739 373878 442708 723011 158262 269468 599946 1018578 328722 653615 165933 734752 598707 154360 107348 826962 574421 337310 954183 697716 406610 932546 872202 731880 689019 211860 290360 243995 537757 479044 972312 644573 635834 767148 868948 329870 569062 329413 444973 300265 241435 341389 369783 745963 484440 327706 604897 221819 446224 424785 967234 535144 318974 352017 483920 1031123 497635 657671 754236 571372 749117 359307 898843 1016763 863566 340673 418943 941941 308063 303975 920668 824229 289887 980839 466649 394802 506840 595921 620626 745328 934616 374744 313496 286931
307523 362781 460976 625532 999999999 395022 461581 271986 374311 80159 100898 558182 107485 819894 409362 102703 800866 720370 708636 737998 467273 356375 705556 439492 696183 133585 535585 662365 573556 504888 674334 887405 68149 596617 833349 883988 319058 592140 359263 769706 408349 454637 718764 735332 907727 318386 485053 447114 638157 216767 891696 313664 466730 353330 184817 670485 394868 523352 316777 650754 755980 454547 428530 784639 228958 491900 783743 763857 307277 626888 577030 949066 770018 88843 285758 674649 139205 271376 366517 974864 252074 393314 300567 750883 479179 472969 495809 759314 336494 409412 467031 235214 855004 509006 314316 443284 743999 852935 312163 809629
666501 274417 782267 231193 395022 999999999 172852 197306 636725 330649 461694 206881 310457 826053 467034 311582 483298 422143 453533 649071 74035 38773 551323 792520 383172 426084 189511 627805 492638 125474 285184 780237 343267 321420 846578 696437 214137 755521 654403 668185 508776 129118 380458 373580 617040 290820 762152 482774 546638 541065 809773 109250 427008 140641 218170 351278 70736 275014 190776 631732 504401 215879 443424 403009 239718 320682 839077 538633 87864 350332 409587 941321 519722 432867 538949 517725 518100 128921 678512 941008 632797 211693 241084 809876 217279 237068 722190 728087 66063 755612 342360 170009 571592 464828 424357 565404 802264 506452 85159 442598
762245 176924 897942 244842 461581 172852 999999999 192825 767972 420114 549443 337092 356886 998670 630136 360695 603880 557780 603927 820657 156415 181748 718775 893338 514482 533262 88749 800610 665466 248103 343156 949131 430229 474872 1019082 854897 378055 912213 776412 838791 667770 48443 495555 467586 744698 452700 892861 649173 718963 648170 980472 264120 598180 310531 280634 482202 107061 439591 152026 804280 653157 386341 610567 464153 242153 492537 1009614 693395 212115 500798 579276 1114167 668129 466962 667986 685652 598915 255621 795425 1113426 713396 98832 191574 979936 384109 70088 865408 900934 169623 859581 515211 234427 704823 636879 576321 723440 972312 603996 192189 523261
577335 122256 721680 396613 271986 197306 192825 999999999 606239 242308 364947 403365 165405 924991 522717 169653 678614 613343 634725 780195 249136 166894 702989 709246 576594 360082 274163 736245 612497 322349 472456 922213 250289 503634 943141 863661 298204 780902 606524 804803 548776 196180 577265 570348 809357 356470 728148 550398 674132 470996 943188 199903 523216 264641 104580 545280 156274 445027 45251 733880 685984 375188 516383 593752 50771 463481 917354 713534 144110 534169 558663 1048864 701325 274565 507019 668916 410835 157084 621467 1058973 523939 123389 58898 885641 387009 201747 714523 839271 134065 677250 467068 80585 762030 566754 448964 600130 878102 703736 127694 638096
194046 718028 169849 848449 374311 636725 767972 606239 999999999 367160 277713 704415 466183 554727 274646 460276 852144 767103 714459 576166 706991 606423 615100 231294 764577 250178 819405 472780 465580 697021 853204 708804 362021 657545 560195 781995 442762 245466 57006 611200 225418 743410 810778 855066 909422 375597 125557 302388 511863 165048 689597 527675 384153 519076 501821 751938 672683 591939 650031 450409 745865 554296 321947 931941 577143 512677 485261 725447 562774 678501 548393 676547 755195 445029 100059 596904 274306 517050 92317 719825 258654 727635 650997 455006 582118 801058 124973 538843 604765 193810 463713 538807 857435 401539 237843 202751 449936 932667 579586 926470
343163 350895 480067 561756 80159 330649 420114 242308 367160 999999999 132235 482281 104687 764293 349703 98789 721191 640404 628611 668585 404336 292828 629888 473535 616670 118134 486583 598031 501862 433684 603700 817872 13228 516591 779072 807524 238901 562872 364433 699419 356907 405970 640363 658874 827570 241232 487047 385819 566795 229321 825014 240593 396065 275520 140590 591326 340914 443247 287202 588253 676118 374703 363089 711148 210072 412587 735828 684779 243231 546807 498984 893026 690217 160039 269884 598437 187513 202871 379251 915274 302580 365494 284052 703035 399608 442347 481104 697261 277509 439472 389310 185924 774859 439373 257588 398552 695886 774543 251928 733443
212909 462027 360754 692385 100898 461694 549443 364947 277713 132235 999999999 601005 204924 757669 361261 199562 822866 739254 715786 700852 535606 424278 686318 344511 720531 71713 618184 615878 544557 559806 729579 849026 120588 615724 769217 865930 340155 505467 259080 734228 348231 537383 750342 775083 918127 315937 384955 400254 607114 116445 847175 366738 437925 392316 268819 697843 473030 541633 410181 601176 759997 478673 389855 833004 325383 494321 712251 760325 374768 644389 569810 886480 773091 167949 196431 657834 58763 333083 265620 917302 171188 487912 398389 679611 505645 566688 401256 707543 409706 312350 460735 316569 864649 476522 267079 373688 673091 883767 384071 849968
783593 476582 867551 193084 558182 206881 337092 403365 704415 482281 601005 999999999 493689 738818 468615 493334 276722 221316 269734 530876 181718 237115 410539 897726 179330 547650 297249 542135 406798 89648 152048 640134 495497 148857 761194 524755 270347 757474 736558 541062 520927 289262 173939 177418 412821 329190 823752 467565 442753 652198 679716 245989 386244 208693 404370 146952 266004 149518 397123 553954 317518 152672 429081 233558 442965 236391 776001 361360 272689 169319 290836 838495 332236 613559 617904 380721 659764 293489 767080 825483 767888 406507 447806 751437 127129 407134 760834 631150 269574 858328 281965 363140 369853 408876 467759 575422 744198 303228 281194 251455
414799 257247 565462 536219 107485 310457 356886 165405 466183 104687 204924 493689 999999999 862573 447631 5968 752880 676975 677735 753855 379028 271967 702739 546811 647615 216213 434020 690028 584793 429291 595203 902199 106065 555932 878089 876701 291884 667463 457836 783147 458894 353589 662361 670444 870153 317134 582623 482197 649671 317231 913268 249346 482065 302407 92303 619336 298635 486000 209801 682071 727413 413911 456105 710715 121478 472901 837821 743094 225953 587059 564943 990734 742179 122424 371198 669967 246684 200292 468428 1010381 358778 285906 193607 805110 434835 365673 583074 790954 247034 516239 458574 141512 818923 526317 358315 502232 797881 795329 225315 743167
748664 1045865 671325 931841 819894 826053 998670 924991 554727 764293 757669 738818 862573 999999999 415018 857284 685198 630336 544256 226651 863812 819965 359108 759937 660697 693393 1001500 199487 337034 795710 871457 239806 768717 601832 22967 407785 631754 340211 610377 236950 411856 954795 720409 787375 647642 568523 568002 380752 296333 682768 189565 744311 404155 689456 838554 672990 892846 591169 954467 194442 534247 621510 410445 878660 924910 514783 102713 480716 804191 596726 448207 129190 531529 908223 578496 377088 785111 773306 641881 165103 807264 1013741 983473 116159 632924 1059579 468790 110446 840682 730636 484489 844648 615204 362851 507149 385066 117411 779455 826114 830026
428734 644964 443812 639696 409362 467034 630136 522717 274646 349703 361261 468615 447631 415018 999999999 442311 580642 496521 440279 341251 524226 449112 349323 502387 498174 291372 655973 255000 198830 485781 620646 488316 354692 394103 430479 524307 253197 293148 323923 375351 54255 592881 548456 599058 634885 177455 375066 39015 254817 319368 486134 366027 109555 327781 429266 489200 523685 336030 557172 241774 471240 316731 47560 682182 516256 249253 395409 452291 420501 411683 274003 543478 480696 498202 228120 327409 401124 381863 360207 566105 458868 624381 579700 363358 341488 681937 297472 350017 461651 463189 198574 442385 582805 130706 95520 106808 355870 664355 441933 667044
409790 262760 559997 538027 102703 311582 360695 169653 460276 98789 199562 493334 5968 857284 442311 999999999 751572 675346 675387 749407 380615 273006 699026 541812 646288 210282 437291 685144 580438 429749 596086 897836 100098 554058 872747 873257 288839 661531 452077 778800 453292 356743 661555 670238 868267 312952 576816 476986 645342 311586 908658 248544 477483 300800 93467 618157 301062 483864 214229 677067 724966 411877 451094 711218 126411 469768 832243 740247 226564 585159 561564 985494 739700 121599 365243 666319 241895 199850 462805 1005326 354335 290610 198861 799524 433054 370287 577116 785974 248561 511087 454927 143225 816932 521699 352785 496488 792302 794666 226498 743109
975063 752599 1021984 395739 800866 483298 603880 678614 852144 721191 822866 276722 752880 685198 580642 751572 999999999 85730 150880 458829 453859 511738 328477 1071528 105298 759111 547232 522561 424679 364120 291516 507385 733910 207228 707905 340598 484492 825622 896440 450206 633841 557948 108546 155471 142485 512236 955403 560943 419497 846343 560786 504672 472582 451301 668405 134328 542128 281256 673805 544097 150982 346617 533211 226201 715964 342839 754768 206016 542504 179641 310517 749768 154988 867457 785156 318444 880237 555093 931263 716910 977222 680802 724370 739696 321711 672675 871999 576793 544549 1031507 389482 632002 114191 468424 622332 676610 733838 94867 553756 157932
889426 695575 936911 373878 720370 422143 557780 613343 767103 640404 739254 221316 676975 630336 496521 675346 85730 999999999 86370 404309 403005 447066 271404 985886 45284 674763 510897 456323 348514 310963 279478 474771 652962 123995 653272 326734 402409 747866 811007 401213 550021 510249 95254 162521 196133 427272 871540 478064 351055 760875 524119 431154 389227 374569 594998 76225 485552 197983 612593 476240 113870 265962 449231 251199 647782 257117 692760 169290 473422 94901 229596 705886 125477 789308 699467 254832 796324 481859 845744 679049 892265 627199 662107 675372 242645 627677 789547 520278 479949 945860 303992 561371 149467 387596 536667 594023 669141 169485 486525 200057
849959 727465 883987 442708 708636 453533 603927 634725 714459 628611 715786 269734 677735 544256 440279 675387 150880 86370 999999999 318040 447513 472667 185186 938740 122626 648023 566774 373468 274466 356349 355727 391909 640503 132199 567177 256142 390548 675514 761497 314951 492135 555579 179863 247579 202790 399859 812715 417237 269333 724682 439764 441606 330838 379644 602245 144664 521327 192878 639965 394340 51264 265347 392759 337228 663959 221648 608346 92657 491175 103595 166340 619840 66617 783534 654578 170169 770978 491592 797118 594032 860142 664133 687313 591843 248742 673945 726341 434349 504840 898953 260790 574545 149189 321778 492376 531722 585772 244556 507102 285787
756213 895435 728566 723011 737998 649071 820657 780195 576166 668585 700852 530876 753855 226651 341251 749407 458829 404309 318040 999999999 674899 650722 132920 805177 436183 629874 810587 105993 169709 597648 654288 149415 676370 386818 249487 220550 482719 439109 632404 35114 368276 774108 495590 562964 431489 437723 635210 302464 106138 657838 163018 584996 272637 523299 708938 450494 719035 389693 802305 131000 308010 434415 311519 653864 790695 328392 300129 255592 645391 377596 244144 308753 305966 825837 559993 154311 742322 623226 668422 295574 795825 851391 838905 290002 439452 886139 534804 118167 676253 769256 313866 703092 394303 229261 433825 374141 285255 553296 666543 603659
740475 300637 854756 158262 467273 74035 156415 249136 706991 404336 535606 181718 379028 863812 524226 380615 453859 403005 447513 674899 999999999 111540 567323 866237 360508 499925 137723 664386 527169 92156 223333 798450 416870 318827 885045 699007 275003 815721 726296 690840 568839 108110 346755 328223 592835 351481 832168 536404 576241 614716 832281 179883 473051 197317 287299 328114 94566 287934 230946 670781 496783 242790 496516 344773 296386 350201 884123 537142 161146 344432 431234 974569 511778 500999 610031 534793 591839 202956 751037 969739 706660 227045 282329 856029 235450 226455 788822 762011 132070 829185 380142 237525 551157 507606 489185 625706 848470 464335 155268 392204
630347 256128 749076 269468 356375 38773 181748 166894 606423 292828 424278 237115 271967 819965 449112 273006 511738 447066 472667 650722 111540 999999999 558945 757171 409798 390575 214092 623188 490146 160586 323343 785568 305338 340634 839995 710112 196432 734149 622123 671529 488309 144147 411029 407784 642888 271706 731974 467487 546698 505990 812655 83733 417621 130519 179664 378410 74750 287869 167303 625555 523852 223104 428823 440299 206047 323392 828322 555059 49607 370549 415440 937673 539215 394391 507849 525019 480340 92804 645338 940008 595247 201476 215453 798466 229275 239629 695417 724657 32907 720607 339568 132124 596113 457308 400168 544496 790840 539142 46983 477920
778054 811786 778795 599946 705556 551323 718775 702989 615100 629888 686318 410539 702739 359108 349323 699026 328477 271404 185186 132920 567323 558945 999999999 846205 303657 614726 699570 199004 150708 484290 525786 231262 639602 262743 382017 179624 415098 525390 668251 133381 391416 671003 362882 430372 319687 388971 694649 315403 108285 665256 269232 503327 250601 438911 644764 319155 622058 279527 719311 222755 179029 336162 307269 521101 720706 239511 426385 131966 561830 249623 144445 438189 179360 789918 577426 34098 734750 547170 704853 417876 805082 760179 760466 412179 334854 786574 599361 249407 587430 807949 244267 630482 275895 218841 428411 415542 406565 423302 581702 470922
132026 801314 92716 1018578 439492 792520 893338 709246 231294 473535 344511 897726 546811 759937 502387 541812 1071528 985886 938740 805177 866237 757171 846205 999999999 979170 366596 959401 700615 696345 874899 1040040 933564 463135 871022 761563 1013081 627696 423499 178536 840061 455490 879120 1021223 1059638 1136482 572587 195725 532346 743148 251570 910183 688769 611017 697065 612815 963478 812568 801513 754436 677365 972570 754453 548881 1130306 668223 728946 677196 954613 708793 894434 773836 873228 982518 473232 286668 827445 300863 664371 142181 923003 199531 831881 740033 650598 782813 910977 291261 759226 746931 40058 682200 659444 1083951 631319 449237 433524 646936 1147808 720967 1133050
878524 655382 933945 328722 696183 383172 514482 576594 764577 616670 720531 179330 647615 660697 498174 646288 105298 45284 122626 436183 360508 409798 303657 979170 999999999 658028 466125 480670 364948 268795 235600 514413 629458 108239 683664 370750 381064 759869 806324 435665 552254 467219 59858 126788 233971 413250 872713 482968 374784 748673 562353 399627 393707 346018 563463 32402 444938 180432 573936 499216 157218 242633 451584 217964 612676 251900 718757 211104 438712 86502 241609 740955 169620 762214 692523 283626 778280 450131 840381 716373 877346 585833 623957 699890 217066 584241 794127 550290 442698 939113 301291 527765 190649 397153 530563 598954 693424 168646 450708 176826
241162 468607 364689 653615 133585 426084 533262 360082 250178 118134 71713 547650 216213 693393 291372 210282 759111 674763 648023 629874 499925 390575 614726 366596 658028 999999999 594765 546339 472878 514044 682314 778321 112019 551923 705816 794323 280795 458918 246443 663091 281977 515242 690554 718874 850683 248631 368970 330262 535545 115893 777505 323978 366213 340290 257072 636611 447291 478073 404765 532336 691392 417979 318592 780982 327970 426374 652750 690291 342270 579883 499597 822500 704256 217893 155473 586397 123063 297776 262576 851336 220953 482996 402019 619938 445593 559051 367337 639466 380925 330261 391098 299201 797123 404932 196483 312336 613188 823106 354950 793675
829680 264788 957753 165933 535585 189511 88749 274163 819405 486583 618184 297249 434020 1001500 655973 437291 547232 510897 566774 810587 137723 214092 699570 959401 466125 594765 999999999 802055 664763 215462 270507 930795 497700 443847 1022756 821996 403505 945031 832783 825411 698257 81005 438938 402441 689568 480260 944940 670380 713082 710614 966454 296574 609775 328377 351286 434690 147737 421661 236718 808502 613701 380243 630715 387750 324656 487544 1021357 658600 256712 466341 566501 1111723 628131 548415 720261 667720 670296 302487 854321 1105861 785606 187383 279251 993031 371557 138784 909486 899385 215270 924294 517835 301941 653543 644985 613213 754906 985458 536853 240971 451559
656094 855533 623023 734752 662365 627805 800610 736245 472780 598031 615878 542135 690028 199487 255000 685144 522561 456323 373468 105993 664386 623188 199004 700615 480670 546339 802055 999999999 137609 596599 679117 238818 604439 410190 221023 324652 439353 336078 529373 140145 273254 756240 540361 605489 517113 382049 529237 216250 105900 563461 231308 549687 213241 492768 655597 488575 695337 393429 763168 25669 376270 422023 234943 696992 740483 315369 238722 330960 610053 408932 253463 314690 377816 751097 462997 204129 653455 581758 565096 323175 699559 819398 795090 219273 433677 862521 428821 103027 645154 665157 285617 656707 474716 169494 350339 272281 212910 617219 631862 655497
627520 729300 630926 598707 573556 492638 665466 612497 465580 501862 544557 406798 584793 337034 198830 580438 424679 348514 274466 169709 527169 490146 150708 696345 364948 472878 664763 137609 999999999 459082 547550 317406 510243 281893 358631 326139 314380 401054 518121 198364 241044 620458 423108 485106 452033 268165 550274 164741 65008 516375 331725 420036 107231 360480 539354 367539 561094 257431 636311 147256 293078 284578 158277 575677 621563 177762 369389 263315 480630 285721 125065 448745 299564 660478 426938 131484 590380 455959 554704 450062 656207 688777 671340 345721 296110 728573 458380 235549 513709 657862 150630 534608 402625 69239 281386 268634 338641 516561 502153 541774
754494 388492 853674 154360 504888 125474 248103 322349 697021 433684 559806 89648 429291 795710 485781 429749 364120 310963 356349 597648 92156 160586 484290 874899 268795 514044 215462 596599 459082 999999999 170034 715452 446818 229530 817534 609354 254279 778826 723063 611193 534761 200022 258459 248127 501816 325243 820121 491831 502948 624719 751822 193340 419117 178933 337513 236395 178165 207958 311955 605459 405202 178280 451982 281481 365171 281672 823854 446757 203428 253822 353679 901743 420121 551304 604486 452689 617991 233685 750974 893219 730095 317287 363169 797287 163029 318191 766655 690886 191147 836423 319084 291999 459406 448826 466965 591150 789844 381629 207179 317406
921869 512540 1014216 107348 674334 285184 343156 472456 853204 603700 729579 152048 595203 871457 620646 596086 291516 279478 355727 654288 223333 323343 525786 1040040 235600 682314 270507 679117 547550 170034 999999999 746448 616825 269652 894211 606168 413482 908877 883182 659135 672966 304340 189698 137563 432618 477640 973784 619035 575925 791319 791873 363355 536385 343284 502924 211089 316992 295014 452270 693229 392790 304552 580804 122641 519539 384556 916267 446366 369783 276736 425689 962847 404907 717608 764307 500185 787864 402959 912629 943421 899563 434577 503196 893250 279161 406322 912515 761842 350423 1001108 431963 455194 404248 556483 617798 727451 886188 267483 370226 181124
894440 1035027 852255 826962 887405 780237 949131 922213 708804 817872 849026 640134 902199 239806 488316 897836 507385 474771 391909 149415 798450 785568 231262 933564 514413 778321 930795 238818 317406 715452 746448 999999999 825730 491443 256912 183019 626652 540593 765700 119089 511367 901566 570009 637178 437172 585434 754130 449330 252589 801739 58012 724561 421827 661350 854764 535715 850875 510538 942002 259179 363332 564385 460441 723968 935160 462466 339873 306419 784376 474945 370681 252969 355195 975250 701763 263695 889259 765169 800930 211054 938302 987032 980588 344357 565027 1016433 652304 179580 812786 899346 455317 846505 415808 378638 581964 510414 342639 596071 805015 663362
332374 356650 471459 574421 68149 343267 430229 250289 362021 13228 120588 495497 106065 768717 354692 100098 733910 652962 640503 676370 416870 305338 639602 463135 629458 112019 497700 604439 510243 446818 616825 825730 999999999 529103 783209 817551 251176 561860 357451 707459 359986 416969 653395 672067 839752 251385 480800 391274 575104 220722 832110 253769 404071 288655 149990 604219 352457 455665 295370 594197 687833 387364 369584 724368 216177 423884 738584 695950 255731 559254 509622 897598 701877 150550 265750 608343 175112 215729 371272 920660 290361 373646 290254 705757 412392 451043 477446 703153 289529 429471 399780 196444 786979 447109 261615 400274 698659 787570 264044 746645
770461 595266 826636 337310 596617 321420 474872 503634 657545 516591 615724 148857 555932 601832 394103 554058 207228 123995 132199 386818 318827 340634 262743 871022 108239 551923 443847 410190 281893 229530 269652 491443 529103 999999999 624571 380194 278419 664728 698581 394621 448351 426430 154370 208045 314221 305718 767358 381749 306364 640828 531923 313638 293009 254122 476426 95114 389586 74111 507933 425290 183275 142755 348351 296278 534399 145462 648217 218723 360693 31223 157577 695518 198632 666576 584403 234155 673023 364175 732470 679567 770431 532332 555576 626260 121323 544649 691264 492358 372928 830967 195764 445896 263304 302366 422674 497035 619355 276807 375940 273215
754241 1064260 672122 954183 833349 846578 1019082 943141 560195 779072 769217 761194 878089 22967 430479 872747 707905 653272 567177 249487 885045 839995 382017 761563 683664 705816 1022756 221023 358631 817534 894211 256912 783209 624571 999999999 427768 650886 339719 615331 259227 425010 975423 743375 810341 669187 586712 568408 397007 318884 691821 204664 763820 423486 709525 855746 695935 913082 613355 973111 214857 556939 642934 427719 901627 942268 536391 93076 503259 823547 619599 470689 117829 554114 921452 587656 400054 795296 792126 646147 161441 814432 1033046 1001514 112426 654666 1079625 470318 133408 860359 733114 505413 862709 637232 382704 521605 395820 115132 802108 845484 852939
952097 966094 940740 697716 883988 696437 854897 863661 781995 807524 865930 524755 876701 407785 524307 873257 340598 326734 256142 220550 699007 710112 179624 1013081 370750 794323 821996 324652 326139 609354 606168 183019 817551 380194 427768 999999999 586006 659620 836773 190487 562529 806457 419612 483802 255123 566293 850755 488505 271175 842513 240889 664250 429480 599528 813846 397628 766288 422306 875349 350207 213624 489060 484345 564841 885845 405639 500174 163615 720074 355821 311867 435980 201265 967518 751929 209379 914112 710986 873291 392127 982346 908091 919538 497130 480854 924529 751645 319083 740716 975779 419081 795131 238840 395328 606771 579586 493639 423309 738526 498530
513553 416286 601030 406610 319058 214137 378055 298204 442762 238901 340155 270347 291884 631754 253197 288839 484492 402409 390548 482719 275003 196432 415098 627696 381064 280795 403505 439353 314380 254279 413482 626652 251176 278419 650886 586006 999999999 541740 470083 508369 294831 339792 410371 438385 588692 76815 565938 271128 376581 382074 645566 114704 227662 78343 229795 357750 271171 204665 323815 438549 438898 138621 232736 503663 308509 181091 634042 451661 173038 308289 274218 753334 453304 393097 351239 381607 398376 142433 499166 761356 501734 382247 357083 603682 165501 432929 515681 542252 211758 588450 172216 220377 536055 270131 215235 351573 596056 543625 194982 513097
432978 900951 332936 932546 592140 755521 912213 780902 245466 562872 505467 757474 667463 340211 293148 661531 825622 747866 675514 439109 815721 734149 525390 423499 759869 458918 945031 336078 401054 778826 908877 540593 561860 664728 339719 659620 541740 999999999 293844 470579 246958 878217 815546 872768 844307 464925 228963 289909 418184 403212 506801 650418 374138 618498 678741 757422 807630 617152 820583 310414 691472 607469 328700 960155 762870 527169 253708 654518 700150 675928 518963 449798 696307 672268 309041 520307 513561 657747 319319 500829 503167 893682 833401 227772 630819 958335 134324 361016 742594 397292 477877 704076 797949 363052 336409 190167 224601 916834 720539 935393
139899 713619 131051 872202 359263 654403 776412 606524 57006 364433 259080 736558 457836 610377 323923 452077 896440 811007 761497 632404 726296 622123 668251 178536 806324 246443 832783 529373 518121 723063 883182 765700 357451 698581 615331 836773 470083 293844 999999999 667469 277124 754997 850593 892302 958391 407647 125875 353896 566128 142639 746599 546418 432778 544175 503263 792185 685183 630933 651169 507161 794540 588831 370578 966672 573554 554867 538704 776092 576470 720811 596095 731207 804325 422106 118879 649072 244330 530747 36604 775421 210176 729366 647623 508965 616997 804969 164556 595828 617513 139742 507017 543806 906006 452812 275993 258473 504114 974857 591850 964688
791300 918756 763107 731880 769706 668185 838791 804803 611200 699419 734228 541062 783147 236950 375351 778800 450206 401213 314951 35114 690840 671529 133381 840061 435665 663091 825411 140145 198364 611193 659135 119089 707459 394621 259227 190487 508369 470579 667469 999999999 403159 791772 494348 562031 412651 466345 669265 336676 133503 692504 141681 608127 303391 545563 735984 452230 738527 403754 825641 164707 299378 452591 344527 652145 816809 348205 318470 244617 668260 382768 259782 305311 295646 857271 594926 160514 776256 647719 703468 284977 830643 872730 863342 311355 455700 905098 568613 134351 697900 804220 337744 728508 378490 260702 467347 409238 307181 543864 689160 598871
390214 670746 393218 689019 408349 508776 667770 548776 225418 356907 348231 520927 458894 411856 54255 453292 633841 550021 492135 368276 568839 488309 391416 455490 552254 281977 698257 273254 241044 534761 672966 511367 359986 448351 425010 562529 294831 246958 277124 403159 999999999 632455 602698 653235 684700 218025 321569 76975 291365 290372 503331 404628 161523 371570 451095 543444 562287 390008 585594 255874 521528 368574 100843 736100 537725 303494 379007 500044 456302 465778 325815 541042 530469 496468 191845 371962 381725 415407 313691 569440 427603 655622 604285 346256 393896 716645 243278 360092 498319 416864 252823 469423 633068 176123 101444 56875 339061 718156 477213 721298
749128 208588 878970 211860 454637 129118 48443 196180 743410 405970 537383 289262 353589 954795 592881 356743 557948 510249 555579 774108 108110 144147 671003 879120 467219 515242 81005 756240 620458 200022 304340 901566 416969 426430 975423 806457 339792 878217 754997 791772 632455 999999999 449881 424519 698242 415613 868799 610254 673020 630975 933445 227857 556092 269126 270282 434885 71291 391653 162239 760566 604893 339695 571200 426534 246944 446382 968104 644966 181447 452403 532095 1069191 619887 469242 643829 637982 589318 226777 775748 1067468 704611 130266 208978 938802 336583 118366 836775 856006 138900 844266 470633 220997 657731 593909 543666 688632 931187 561180 163828 482698
916684 646580 979413 290360 718764 380458 495555 577265 810778 640363 750342 173939 662361 720409 548456 661555 108546 95254 179863 495590 346755 411029 362882 1021223 59858 690554 438938 540361 423108 258459 189698 570009 653395 154370 743375 419612 410371 815546 850593 494348 602698 449881 999999999 67726 250642 450687 921573 535414 434463 785872 619108 413025 446359 365520 574971 59257 436577 219801 569923 558717 208454 272603 502572 158300 616748 299718 778547 264417 445298 139622 298912 799501 219108 780071 735115 343380 808694 462441 883965 773766 911141 573796 620900 759536 244999 564217 845512 610022 443512 981217 350121 535621 216589 452498 574648 651007 753041 134184 454743 119867
950593 628181 1022278 243995 735332 373580 467586 570348 855066 658874 775083 177418 670444 787375 599058 670238 155471 162521 247579 562964 328223 407784 430372 1059638 126788 718874 402441 605489 485106 248127 137563 637178 672067 208045 810341 483802 438385 872768 892302 562031 653235 424519 67726 999999999 295332 487055 969002 588861 499635 819169 686620 423389 500574 383887 580347 117615 421792 264103 557802 623229 274712 305323 554332 91559 613198 350011 844013 331133 447288 199430 360168 867211 284640 790764 775201 410287 833802 470509 924701 841405 939789 552555 609244 824391 276960 534091 896513 676946 439021 1019802 400713 537412 269377 510208 617480 703459 817798 136687 453654 74888
1051214 889266 1077917 537757 907727 617040 744698 809357 909422 827570 918127 412821 870153 647642 634885 868267 142485 196133 202790 431489 592835 642888 319687 1136482 233971 850683 689568 517113 452033 501816 432618 437172 839752 314221 669187 255123 588692 844307 958391 412651 684700 698242 250642 295332 999999999 602311 1001430 608197 426123 926886 494536 626317 525640 568170 789878 266125 678748 385360 807761 541586 163947 456592 587878 354243 843888 424347 730723 190040 669516 283108 363036 689481 154241 979988 854333 324660 973581 677021 994419 647188 1062787 819103 857600 721488 435421 813854 910411 546766 675790 1096937 463090 757199 53603 509685 693049 719218 716685 189540 682646 279697
466060 477604 538537 479044 318386 290820 452700 356470 375597 241232 315937 329190 317134 568523 177455 312952 512236 427272 399859 437723 351481 271706 388971 572587 413250 248631 480260 382049 268165 325243 477640 585434 251385 305718 586712 566293 76815 464925 407647 466345 218025 415613 450687 487055 602311 999999999 496582 198219 332846 335594 598637 188581 169160 154258 273732 394293 346238 232893 386980 378158 444294 181937 161530 559205 358455 178423 564287 447325 243910 332615 258856 692830 457580 401232 289321 357276 371331 207466 438844 705209 465007 450476 414970 533291 210277 505335 441663 484881 284538 532771 148727 276148 548795 213540 141744 274758 525685 580600 265575 560612
235829 837432 104070 972312 485053 762152 892861 728148 125557 487047 384955 823752 582623 568002 375066 576816 955403 871540 812715 635210 832168 731974 694649 195725 872713 368970 944940 529237 550274 820121 973784 754130 480800 767358 568408 850755 565938 228963 125875 669265 321569 868799 921573 969002 1001430 496582 999999999 395479 587446 268512 726184 653043 482915 642926 624129 862382 798140 704932 772384 504576 839741 672231 422310 1048384 696921 621899 482469 813556 688286 786222 646662 678612 847731 547300 225015 680895 368142 642549 127282 729676 316192 850317 770981 456695 699599 924658 101860 576379 730224 173763 571731 662566 950850 492336 356046 282221 453381 1039372 704991 1038993
463638 672446 469857 644573 447114 482774 649173 550398 302388 385819 400254 467565 482197 380752 39015 476986 560943 478064 417237 302464 536404 467487 315403 532346 482968 330262 670380 216250 164741 491831 619035 449330 391274 381749 397007 488505 271128 289909 353896 336676 76975 610254 535414 588861 608197 198219 395479 999999999 218001 356973 447261 385536 89263 342312 459586 476347 542237 328833 583311 203647 445328 318026 40003 674130 546412 239586 367124 423104 442011 396873 251267 508572 454011 535949 263455 295215 440032 405387 390428 529458 496151 648447 608032 335703 340970 703276 311560 312266 482204 493607 189355 469836 556791 99151 134089 116075 328124 647029 463733 654853
681186 789721 673354 635834 638157 546638 718963 674132 511863 566795 607114 442753 649671 296333 254817 645342 419497 351055 269333 106138 576241 546698 108285 743148 374784 535545 713082 105900 65008 502948 575925 252589 575104 306364 318884 271175 376581 418184 566128 133503 291365 673020 434463 499635 426123 332846 587446 218001 999999999 574138 269062 479491 171458 418364 603087 382848 616095 296227 696609 125208 276522 333929 218212 591155 684605 226694 344416 236446 539977 303673 151947 398917 279843 725255 481363 103206 651703 517210 602697 394472 713684 746777 732868 325113 341682 783505 491440 188543 571559 705453 208351 596955 380259 130626 342040 310393 318681 513767 561250 549836
131504 574127 250771 767148 216767 541065 648170 470996 165048 229321 116445 652198 317231 682768 319368 311586 846343 760875 724682 657838 614716 505990 665256 251570 748673 115893 710614 563461 516375 624719 791319 801739 220722 640828 691821 842513 382074 403212 142639 692504 290372 630975 785872 819169 926886 335594 268512 356973 574138 999999999 792536 437290 415472 448050 369877 729843 563175 568440 516092 545271 764288 514552 358228 885673 435170 505623 626521 755906 457935 666851 566670 809639 776018 281189 104283 640437 110428 413198 151275 846159 139852 594365 509017 594590 542784 671626 289951 646389 496796 214617 463901 413791 873385 447197 237885 299940 588621 916194 470824 893509
878743 1058391 826360 868948 891696 809773 980472 943188 689597 825014 847175 679716 913268 189565 486134 908658 560786 524119 439764 163018 832281 812655 269232 910183 562353 777505 966454 231308 331725 751822 791873 58012 832110 531923 204664 240889 645566 506801 746599 141681 503331 933445 619108 686620 494536 598637 726184 447261 269062 792536 999999999 747885 431218 685913 870972 582112 880058 544848 965258 247470 414462 594252 463171 774552 953257 489533 291666 357469 808226 517606 401408 195133 407244 980195 690582 299427 884460 786237 781040 156124 926804 1013657 1001911 299669 597284 1046728 624440 151052 838643 877253 476821 865941 471910 386959 581273 495988 298830 650649 829310 715666
565137 310629 675047 329870 313664 109250 264120 199903 527675 240593 366738 245989 249346 744311 366027 248544 504672 431154 441606 584996 179883 83733 503327 688769 399627 323978 296574 549687 420036 193340 363355 724561 253769 313638 763820 664250 114704 650418 546418 608127 404628 227857 413025 423389 626317 188581 653043 385536 479491 437290 747885 999999999 340362 64778 163931 370667 157797 249233 217519 550370 492582 177567 347375 471104 223097 263906 748634 516515 60594 344809 358921 864319 507794 367849 430270 469237 424769 50712 571370 869711 537404 269727 257140 718348 193066 318235 613347 652096 97113 651183 271168 133013 576461 381624 316786 460774 710722 546164 82229 497122
532024 643013 553363 569062 466730 427008 598180 523216 384153 396065 437925 386244 482065 404155 109555 477483 472582 389227 330838 272637 473051 417621 250601 611017 393707 366213 609775 213241 107231 419117 536385 421827 404071 293009 423486 429480 227662 374138 432778 303391 161523 556092 446359 500574 525640 169160 482915 89263 171458 415472 431218 340362 999999999 287661 442892 387366 491470 243098 551021 211009 361865 241505 62252 586702 527385 153044 412161 344735 400073 307645 164511 525993 371547 553996 332058 224970 484812 369619 468880 536374 555139 609602 582020 383355 261673 657040 400700 316235 437051 571603 104426 443523 473402 44479 177959 205301 375767 557980 422005 565916
578761 373748 674745 329413 353330 140641 310531 264641 519076 275520 392316 208693 302407 689456 327781 300800 451301 374569 379644 523299 197317 130519 438911 697065 346018 340290 328377 492768 360480 178933 343284 661350 288655 254122 709525 599528 78343 618498 544175 545563 371570 269126 365520 383887 568170 154258 642926 342312 418364 448050 685913 64778 287661 999999999 222754 318743 203839 186779 280851 495040 430344 114420 302857 441146 287120 199713 699226 452677 123148 285332 294469 807339 445464 416263 425683 404814 451074 112590 572061 810539 559739 328490 321648 669758 132800 370123 593983 594434 153293 658329 210274 196582 517420 326876 293563 428427 662140 499659 143671 458649
481615 222223 620575 444973 184817 218170 280634 104580 501821 140590 268819 404370 92303 838554 429266 93467 668405 594998 602245 708938 287299 179664 644764 612815 563463 257072 351286 655597 539354 337513 502924 854764 149990 476426 855746 813846 229795 678741 503263 735984 451095 270282 574971 580347 789878 273732 624129 459586 603087 369877 870972 163931 442892 222754 999999999 534252 210292 409378 148274 650843 652784 336899 428115 618789 86996 408249 824647 672898 134090 507648 502851 964524 667837 214727 402489 611162 319272 113333 519366 978655 434418 226230 154670 792499 355217 302032 610063 758268 155231 579426 401861 50688 739644 487256 350147 500701 785039 707072 133049 652531
860312 623151 920747 300265 670485 351278 482202 545280 751938 591326 697843 146952 619336 672990 489200 618157 134328 76225 144664 450494 328114 378410 319155 963478 32402 636611 434690 488575 367539 236395 211089 535715 604219 95114 695935 397628 357750 757422 792185 452230 543444 434885 59257 117615 266125 394293 862382 476347 382848 729843 582112 370667 387366 318743 534252 999999999 412666 162063 542053 505948 184185 219171 443348 208703 581931 240498 727249 235955 408261 82059 242682 757338 197417 734944 677131 296549 755907 420979 825742 734971 856693 553459 592197 707215 192503 551999 786285 562572 411291 923448 290871 497680 223047 394416 516194 591858 700573 186618 419808 178558
