NAME : synthetic_000159
TYPE : CTSP-D
DIMENSION : 100
GROUPS : 8
RELAXATION_LEVEL : 1
EDGE_WEIGHT_TYPE : EXPLICIT
EDGE_WEIGHT_FORMAT : FULL_MATRIX
EDGE_WEIGHT_SECTION
999999999 433371 328546 166691 376875 447181 704307 160662 172507 307340 331385 153839 515773 276835 270361 396952 319850 585544 443389 405428 378365 304341 111867 347402 272996 662279 666504 421889 475279 396916 473687 418512 697818 289210 336931 338038 213067 372444 606882 424924 519529 438746 384334 465979 248738 447025 299164 668322 41279 393683 534278 549488 504060 158508 435637 551979 445528 464920 118230 313834 310352 74596 420417 524472 383195 177883 710226 240536 221946 371581 404968 584560 216651 141102 404740 245463 310793 201097 552505 347327 295372 243023 508749 454809 202124 280569 421229 293024 576223 445705 383782 377675 204771 481939 190033 282881 186448 482149 645187 384985
433371 999999999 761523 555176 382381 296184 686735 413558 485747 636969 709161 327147 757524 562063 668406 770584 615657 152599 876464 838035 477066 207845 321508 373653 583281 231951 256039 32375 907208 53236 391446 109091 753523 381957 198240 461362 503129 159841 203860 773741 721689 180544 704808 597059 625006 231761 707314 620734 466950 261210 395497 721004 72817 411724 238947 155645 350822 895557 499004 511206 596884 477872 742662 953641 780214 512877 277384 342265 620197 584685 107348 707210 594793 572340 430536 286241 373989 442108 553366 551647 139558 671740 714694 522445 258992 507887 452279 142261 155357 160588 761094 739348 635692 595555 623234 648949 567230 842126 611646 195600
328546 761523 999999999 245363 634179 723081 890345 415328 362068 347287 229297 454480 511855 366223 182787 298809 394831 913901 114949 94427 560360 621056 440273 586628 335505 988830 987500 748734 162636 725388 715934 743754 839696 545201 652717 525345 383785 692886 933215 316448 593324 755687 384730 617629 266840 742114 187775 876815 294962 678734 806043 640691 832531 399379 728261 878463 701199 161352 285881 460438 370053 299522 398267 222201 238023 315174 1037742 504932 227220 467024 724666 704807 240184 195904 642441 548097 550180 426156 759112 496495 623914 122095 544775 652159 523803 425677 650433 620258 904425 765676 285701 314834 139980 607771 141495 285304 247792 369734 850442 699162
166691 555176 245363 999999999 543001 478877 863211 321306 311151 401845 166370 229659 370262 150169 113669 440871 430902 706508 351916 338635 323366 461471 253797 341364 130966 771858 760445 536734 407959 528468 471141 562547 846665 454351 493944 285789 349951 524567 745118 258290 643232 592856 470947 612566 321023 501950 318382 830812 126812 436660 700759 680155 627965 158557 487509 690567 455836 405317 57215 229079 172678 201925 500753 466751 403004 70877 823605 262445 277639 258775 500287 725295 49992 159143 569021 410169 304820 356154 713640 488158 427134 226972 376841 612643 358419 192041 584482 413828 707134 596848 426089 435517 191058 392922 160640 355654 20707 527399 806989 542109
376875 382381 634179 543001 999999999 609730 350236 227315 272137 356484 704763 417428 881161 642175 639246 499850 314574 478113 735267 675281 677121 189022 326575 599545 644462 574065 625108 400393 731218 330167 684803 282652 385419 90860 186368 642961 255208 222867 424587 801183 349478 231956 398644 217017 394315 565638 495340 301292 416191 555432 172335 341810 413440 489570 564548 383753 644244 712535 494477 650484 678232 354398 430413 757775 536611 548955 599431 505098 417955 720601 448979 324957 592975 450590 48992 159624 575725 208143 197056 210135 306002 514102 863707 140428 234982 625580 71620 340461 433494 254630 496201 462142 495353 799411 502542 399226 563070 546411 281542 190698
447181 296184 723081 478877 609730 999999999 948848 527593 584236 739750 585285 293368 529704 405765 572992 843483 738115 380813 830718 814625 239309 422396 368084 151411 436773 393657 343105 263987 884948 323876 96908 392842 995139 570105 434029 246339 617421 417719 478056 613822 900840 463981 816626 800178 693534 68574 744336 888347 458650 57420 672981 914554 340526 324462 57767 441179 60391 880365 438477 318743 429716 518649 854620 941980 829626 412115 447746 218954 669118 375101 189528 921191 497122 575778 657824 462955 180633 570990 802470 716881 304576 674992 474438 744643 394905 336299 680567 269376 419296 448212 830577 822104 634690 332456 610699 726248 480231 927602 874915 456825
704307 686735 890345 863211 350236 948848 999999999 543849 556855 548259 1013892 766148 1219047 979225 944265 656716 498481 731234 969511 901429 1027146 528081 672844 949298 977264 819873 890340 712283 939454 641140 1029352 577659 124326 422073 514832 992546 522445 535580 638157 1115661 349629 507382 539152 273521 623689 898116 714066 71161 739443 896994 296399 301200 691764 833819 899402 621851 988092 917400 821762 996578 1013906 662217 549438 945419 715491 881857 825666 855229 663823 1064566 773897 224533 911896 739320 308565 509802 925932 507057 154459 394550 645142 769955 1206604 250587 585204 969661 288330 681132 674643 529176 661121 621529 765515 1148923 782538 609201 883897 657001 75089 496508
160662 413558 415328 321306 227315 527593 543849 999999999 72673 225732 479387 258627 676342 437042 412742 357119 213352 554155 522471 468297 516816 225447 164584 464046 433627 643155 667660 414214 530800 364924 577303 359066 538998 136529 253215 477981 93103 298670 545197 577869 381460 352895 298194 309724 214677 507086 306407 509546 195889 470291 395142 404224 473940 303348 499713 492731 542387 514759 277931 465915 470932 127094 336711 567001 370837 338521 683497 356421 219659 528424 426152 430884 370823 225214 248483 142530 431566 45957 392759 199334 280760 300057 667754 294148 156381 435130 263274 297967 529277 367048 347926 325893 275352 629509 278612 235964 341841 429489 485886 295137
172507 485747 362068 311151 272137 584236 556855 72673 999999999 157884 457043 302121 678251 443237 387476 284849 154861 626828 464181 406390 548564 297370 216203 507138 434441 715705 739213 485611 466154 437451 626632 431299 535517 183954 324306 508566 40664 370264 616538 559096 347061 422427 233297 301447 142435 568821 236783 531058 196460 527460 444190 377434 546579 329392 560433 564460 593926 449076 278127 486286 474255 110146 271674 499369 298465 343060 756169 398438 151817 542330 494379 416043 358114 184900 282277 213624 472465 64636 412292 178001 351616 242198 676599 307326 227560 452663 292487 366833 601651 437486 275424 254394 223757 654373 233488 163367 331770 358894 505877 364760
307340 636969 347287 401845 356484 739750 548259 225732 157884 999999999 512877 452260 769189 549050 442887 144187 50254 772577 421262 353422 683502 438837 372029 653691 532725 863993 892207 639214 395811 586839 777280 572380 492415 288152 461617 642985 133902 508680 750526 616389 251877 551799 77410 274867 86510 726315 165832 542568 316788 683378 521370 296323 694098 464504 717658 701019 746341 374676 387390 609404 574380 233141 114914 411450 182555 452448 901694 545634 132907 655304 651455 357720 439933 244291 344675 354670 617582 195190 429018 165194 506321 232978 778686 325107 381958 573343 344516 523479 742389 569822 139753 107572 241360 779410 266918 62008 420479 205462 515735 495886
331385 709161 229297 166370 704763 585285 1013892 479387 457043 512877 999999999 382414 282734 181619 70760 508852 551324 857970 293223 314449 378185 627516 419153 435287 149275 916477 896147 687978 369871 686835 552566 725026 986712 614909 659921 351558 492455 689520 904279 103913 763993 758086 570363 753582 426499 622135 385007 986061 290483 553628 865476 805923 781810 298259 606616 850210 548691 376751 222145 277650 167670 354033 592998 431671 455177 196320 969714 387452 380029 259082 643236 859127 118432 277924 727807 576146 404752 509639 867763 627454 587105 290654 316636 764011 524573 251489 741890 570374 863332 761311 494451 515525 272355 396444 245972 456500 148791 588122 961447 708031
153839 327147 454480 229659 417428 293368 766148 258627 302121 452260 382414 999999999 477538 250808 341987 550308 456765 477461 567955 540384 263455 275262 96808 205882 265611 542401 534214 307439 611239 305049 325174 348343 782447 346791 304581 227040 339288 323169 522468 452606 639924 391724 529653 561958 400908 295436 452076 718625 168934 240000 543625 662457 399928 89204 283329 468797 294316 603604 175233 235476 287866 225736 566942 664593 536760 186545 593969 97797 375755 308554 272118 684700 267690 286836 457608 258937 172943 304565 611764 457789 207658 388349 451742 528585 185795 215350 478280 188149 480933 390587 537305 529771 348418 383036 327670 434209 240532 634898 698896 349726
515773 757524 511855 370262 881161 529704 1219047 676342 678251 769189 282734 477538 999999999 239860 340760 785573 800596 885526 563110 594061 292243 752774 557053 393534 243947 917395 872599 728622 643662 754885 455942 811183 1212282 799069 781709 298080 718009 796682 961188 208560 1013370 863794 834515 978945 685481 589289 660305 1179750 483587 525798 1019748 1050366 823595 394443 573871 912544 474026 653339 400807 248913 205422 568105 861160 704242 735084 337920 972241 420411 640006 173817 663372 1094078 329278 524924 914932 729197 384945 716378 1066058 856199 672291 564174 64773 970368 660375 262412 933082 643325 908996 859396 770902 788285 538735 214918 509087 718634 350459 867390 1157650 825850
276835 562063 366223 150169 642175 405765 979225 437042 443237 549050 181619 250808 239860 999999999 187677 590500 574969 704403 456269 460159 199451 523190 320732 254808 32978 754115 726524 537088 524765 548786 371105 597378 974508 559329 553626 170323 483586 573943 763910 215219 784908 642532 619786 742017 470084 446788 467073 940057 246902 377939 784994 819153 633027 162439 431014 711802 367309 526645 165533 97729 37234 333666 650314 586178 550419 100179 808402 222899 427401 108738 483279 859047 129035 308727 675252 492523 226281 477891 826199 621008 456268 373546 233403 730823 426450 69997 693277 432309 717356 641132 575691 585678 339638 245867 308920 505016 134925 676698 917852 599678
270361 668406 182787 113669 639246 572992 944265 412742 387476 442887 70760 341987 340760 187677 999999999 445183 480799 819377 268697 274986 386211 571775 365852 427353 155544 883070 868679 649414 337738 642131 551871 675758 916053 548907 604367 354232 422360 636459 858770 174638 693669 704377 501781 683052 356656 602908 320224 917455 229084 535690 802273 735346 741218 264915 587885 804200 542668 340728 170748 284655 187770 286368 525505 399416 394443 164253 935282 363561 310194 284688 610547 788367 77160 207241 660715 515799 393492 441365 798964 556906 540790 224551 366635 694715 468636 252432 674240 527321 820704 709079 430581 449616 203323 425397 176045 387251 101523 526631 892650 652584
396952 770584 298809 440871 499850 843483 656716 357119 284849 144187 508852 550308 785573 590500 445183 999999999 186187 910339 336167 267185 752548 577927 483497 740222 567615 1000152 1023815 770186 288728 721989 868974 712064 581388 432163 602238 712534 270997 649134 892749 606595 321240 694587 117998 390721 151136 838317 125428 661518 392546 789008 662234 372005 830684 542229 828145 842495 842142 265972 444926 666505 608606 324871 111606 288791 65310 504088 1039689 635968 176153 699234 775348 445160 466719 287734 485373 493422 702715 333487 554070 300301 635939 221666 806497 455313 512251 629268 483242 649262 882518 712083 14835 38251 251370 833387 282119 122249 455631 87289 634740 638180
319850 615657 394831 430902 314574 738115 498481 213352 154861 50254 551324 456765 800596 574969 480799 186187 999999999 746492 471182 403525 698212 412868 370522 661239 560881 839348 871656 620263 445957 564321 781475 544731 445455 252993 433281 657864 120995 480290 718405 655182 213535 519110 89854 224982 129493 720105 215646 492314 335186 681113 476108 254648 669564 478357 712397 670287 748747 424743 410711 629330 602245 248148 127096 460644 230492 476456 875018 552575 174254 679309 637986 312055 471797 277176 299227 330108 626115 175605 378910 116154 489544 278053 806794 275431 366194 594093 297662 509648 713511 538145 184045 148105 282479 799035 305986 110780 450314 235155 465482 464465
585544 152599 913901 706508 478113 380813 731234 554155 626828 772577 857970 477461 885526 704403 819377 910339 746492 999999999 1028824 989574 596568 333924 473694 492997 727610 95953 159220 170112 1058418 191703 476633 202513 816780 500265 313831 587484 639976 267307 113006 918314 827282 246913 836333 694457 768207 312460 854119 661041 619484 364910 435888 819101 81877 559751 325304 109614 440937 1046324 650691 644906 737936 627713 873287 1103870 924229 661745 129364 481799 766610 715782 223241 793366 745000 723826 522155 417907 501164 577732 618254 669862 290548 822445 837663 611427 404197 646080 541496 294776 58607 223803 901699 877502 786961 706689 775191 790009 717978 977926 657959 290265
443389 876464 114949 351916 735267 830718 969511 522471 464181 421262 293223 567955 563110 456269 268697 336167 471182 1028824 999999999 69509 654847 733309 555166 690344 423869 1103694 1101631 863648 82031 840124 817689 857492 908017 648125 764658 622241 481032 805625 1047113 355752 652482 867496 441674 696116 350894 852737 255545 962097 409880 788250 907602 702181 947424 509066 838579 992438 805612 96778 396853 553346 453233 411465 446016 141191 270863 419324 1152678 614032 318804 548851 838865 771506 337919 308773 739401 658524 654806 528813 846302 580914 738757 222628 605532 740098 637296 520724 745416 735200 1018993 878135 326230 362520 249269 688278 255106 360775 351053 387227 935379 810588
405428 838035 94427 338635 675281 814625 901429 468297 406390 353422 314449 540384 594061 460159 274986 267185 403525 989574 69509 999999999 654779 684775 516920 679983 429119 1067677 1070356 827295 70878 799133 809669 812073 838751 589688 715435 619748 420162 757834 1001792 391418 582977 817731 372196 628234 286073 831354 188314 895276 375778 769063 847468 632701 907794 490278 817817 947470 794217 66949 376298 554762 462746 364672 376649 128132 201886 408888 1115270 595928 257344 559674 807729 702201 334596 265750 677129 607342 643299 470863 780134 514616 699040 169909 631052 674346 591981 520087 682213 698418 976523 829559 256979 293051 202812 700373 215609 293639 341872 321637 868505 760338
378365 477066 560360 323366 677121 239309 1027146 516816 548564 683502 378185 263455 292243 199451 386211 752548 698212 596568 654847 654779 999999999 515805 359949 104008 232363 625261 581089 446461 721200 482771 179703 545296 1045901 609923 539802 40527 588356 543822 678454 385962 894346 606250 759455 824124 615620 297109 635359 977000 367184 233915 788181 920438 539083 219857 281646 632625 187374 721663 307857 101744 211232 451003 794048 782061 721704 253504 680077 172143 579035 138227 377080 946509 320188 464998 719137 517508 107825 562507 873111 715588 415196 548404 241188 791944 442288 134732 740269 381508 623890 597668 738121 740918 510426 124868 481121 651088 315439 839837 958375 578104
304341 207845 621056 461471 189022 422396 528081 225447 297370 438837 627516 275262 752774 523190 571775 577927 412868 333924 733309 684775 515805 999999999 209019 428012 533801 426490 462428 219516 750197 154815 501274 134222 573785 174202 32625 486036 306977 73558 320040 711962 515261 135034 502653 395007 439801 376682 531336 470474 344927 369334 272517 517323 256803 361038 375878 267296 460025 735483 405399 508443 560424 321853 539848 789685 595793 444079 462895 345996 444069 582713 261025 510362 509248 425154 237864 84507 409548 244519 380109 343834 117825 514866 725205 327835 103152 490456 260589 153323 304750 144880 569874 544358 484256 640523 479646 459035 478750 644078 455116 80824
111867 321508 440273 253797 326575 368084 672844 164584 216203 372029 419153 96808 557053 320732 365852 483497 370522 473694 555166 516920 359949 209019 999999999 300115 327956 550812 557429 310484 586495 285630 413083 311255 686117 251686 241167 322904 250436 270784 497794 503043 545796 339079 448673 465189 332366 355686 399158 627607 147043 311451 464283 566872 392259 163315 346316 442880 378925 575585 197098 324129 357675 164345 486779 634582 479328 235968 598455 193648 315657 394085 298053 587970 300740 251627 364475 172161 268733 210177 518392 362668 183739 352466 537311 432732 107394 299110 384533 181631 465275 343239 471605 458806 315264 478185 301782 362979 270393 564798 607026 289119
347402 373653 586628 341364 599545 151411 949298 464046 507138 653691 435287 205882 393534 254808 427353 740222 661239 492997 690344 679983 104008 428012 300115 999999999 286257 524627 484846 342802 749261 381530 131130 445644 977050 540245 449400 98118 544880 448932 574540 462653 845502 508961 730994 762982 595145 199925 631089 895758 347689 133303 698440 866954 435099 199464 184065 529069 115415 746597 309086 167893 278311 421980 767514 808080 717810 271623 579540 108701 564089 229041 273072 885936 353205 458953 644017 440972 37836 509899 796594 662752 320770 552720 344705 722256 365798 185087 665920 285677 519882 499019 726416 723642 512841 223035 486119 629783 339652 826707 878554 484741
272996 583281 335505 130966 644462 436773 977264 433627 434441 532725 149275 265611 243947 32978 155544 567615 560881 727610 423869 429119 232363 533801 327956 286257 999999999 779751 754223 559244 493088 567631 403838 613823 968379 559692 564859 203203 474343 587425 783871 190722 772374 656283 601836 734997 451897 476137 443301 940161 239732 407342 791555 808058 654856 176409 460441 731181 399416 495409 156894 130672 41726 324314 631308 554634 525472 95717 833799 247761 408159 133967 507818 850413 101950 289941 675692 498280 256648 472858 825110 612432 472872 348669 246061 727765 434904 102283 693026 450647 738629 655954 552782 564407 316256 273750 285500 486399 113275 653231 917433 611604
662279 231951 988830 771858 574065 393657 819873 643155 715705 863993 916477 542401 917395 754115 883070 1000152 839348 95953 1103694 1067677 625261 426490 550812 524627 779751 999999999 84667 240391 1137304 278259 483946 297205 908875 594981 407966 622148 730750 361883 184787 969320 923221 342744 929106 790359 856023 329245 939240 749178 693903 391667 526402 914975 169921 619381 344233 199765 453497 1126183 717538 685654 785648 709449 966337 1184702 1011589 721747 54922 531994 852068 752792 273255 888561 807158 802392 618014 509703 539072 668835 711398 764910 371246 902590 865252 707068 490262 691597 637245 369261 146488 319690 991081 968021 865964 726050 852286 879072 781631 1069455 747477 385969
666504 256039 987500 760445 625108 343105 890340 667660 739213 892207 896147 534214 872599 726524 868679 1023815 871656 159220 1101631 1070356 581089 462428 557429 484846 754223 84667 999999999 253630 1140794 308058 426646 342724 974325 635537 448813 582932 758305 405235 263487 940997 971452 398432 960711 842101 876267 284991 953890 820221 694583 352226 594677 966869 211669 603805 300807 268824 400714 1131192 708517 650701 755796 720378 998626 1190964 1030032 705003 122441 508699 867897 713740 262847 945572 791769 807606 671127 542220 504302 697723 774980 805835 387958 909327 817493 761934 511653 660868 691481 378003 216879 375037 1013826 993477 871268 673433 854953 901736 768180 1097000 816904 434480
421889 32375 748734 536734 400393 263987 712283 414214 485611 639214 687978 307439 728622 537088 649414 770186 620263 170112 863648 827295 446461 219516 310484 342802 559244 240391 253630 999999999 896971 71682 359109 136115 775933 393252 214336 431734 505358 180211 232693 749930 734776 208427 708764 612925 622872 200052 702236 647083 453772 228912 423114 736133 96121 389840 206880 186302 318453 886003 481200 483300 571414 470397 746899 944749 777112 491707 289165 315813 615673 556254 74975 725267 574901 562104 449029 293385 344344 445397 576340 561557 134445 662583 684882 540809 258057 481288 471131 128880 181258 189566 760223 739926 625717 564218 611896 648118 547971 843679 637222 217778
475279 907208 162636 407959 731218 884948 939454 530800 466154 395811 369871 611239 643662 524765 337738 288728 445957 1058418 82031 70878 721200 750197 586495 749261 493088 1137304 1140794 896971 999999999 867593 878522 878824 869429 647746 780412 686911 476342 823516 1068386 436997 609900 882208 402388 668087 337670 902151 236769 937812 446288 839698 902732 660564 976581 560734 888578 1014272 863781 22865 446816 620511 524965 431992 400329 61953 225587 477797 1184549 666385 314800 621507 878257 732915 401308 334945 729897 671393 712778 530028 824828 560236 767991 236535 684594 720476 659148 586485 733456 768098 1044314 894705 281450 320307 271518 761807 285854 339455 410280 325970 910947 824618
396916 53236 725388 528468 330167 323876 641140 364924 437451 586839 686835 305049 754885 548786 642131 721989 564321 191703 840124 799133 482771 154815 285630 381530 567631 278259 308058 71682 867593 999999999 415990 68968 704281 328819 145224 462960 453214 108706 217473 756773 668467 140690 653706 544213 577911 263987 662607 576409 432559 281952 353795 668019 110052 392720 268619 163805 374412 855166 471549 506403 584654 436299 691401 912430 733661 491517 320191 335040 575161 581126 136417 655118 570482 533535 378563 234376 376550 391702 504658 498648 102267 631339 715682 470446 212736 499234 400491 117140 179832 124350 712844 690131 596351 604555 585610 600817 541904 792217 566115 146096
473687 391446 715934 471141 684803 96908 1029352 577303 626632 777280 552566 325174 455942 371105 551871 868974 781475 476633 817689 809669 179703 501274 413083 131130 403838 483946 426646 359109 878522 415990 999999999 484716 1068881 636770 516335 201069 662753 504568 574920 565631 957061 554760 854690 864982 722351 165300 761484 970985 476903 135038 760158 974792 437399 330174 154526 537963 41891 876427 440191 275524 388116 547888 891807 937801 848106 400796 537122 233233 692855 317222 284208 987349 479784 589545 731829 531820 168875 622424 880226 772970 384758 683824 396739 815683 459605 301744 754384 348526 516074 540140 855341 851204 643915 248256 617249 756564 468291 955056 956271 543181
418512 109091 743754 562547 282652 392842 577659 359066 431299 572380 725026 348343 811183 597378 675758 712064 544731 202513 857492 812073 545296 134222 311255 445644 613823 297205 342724 136115 878824 68968 484716 999999999 646084 297831 111507 523325 441076 64794 189755 800515 629022 72406 634582 499520 573675 332648 663991 511686 456910 350389 287021 624242 131222 437472 337521 135448 443068 864928 505339 562272 633947 447435 671294 920269 729764 532432 330348 390889 576489 637453 205030 605353 607159 548782 329368 218698 438083 378591 445636 467711 141113 642503 774586 420838 220298 552204 350302 167859 170528 55434 704079 678300 609910 668275 602472 593244 577601 777321 502571 91983
697818 753523 839696 846665 385419 995139 124326 538998 535517 492415 986712 782447 1212282 974508 916053 581388 445455 816780 908017 838751 1045901 573785 686117 977050 968379 908875 974325 775933 869429 704281 1068881 646084 999999999 437034 567040 1009008 497047 595810 731928 1090225 261214 580005 467544 234145 574822 950323 655903 184069 728697 940655 383344 210165 768649 840407 949658 709136 1028719 846829 811488 1003796 1007227 645219 470401 868535 643854 874863 919923 876566 618598 1067409 830938 136647 893285 708812 337434 537824 950076 496740 200550 359658 691262 723417 1206419 254801 611987 973852 314746 725876 762416 602977 588005 549177 725271 1163805 746088 554413 867274 568452 172868 558297
289210 381957 545201 454351 90860 570105 422073 136529 183954 288152 614909 346791 799069 559329 548907 432163 252993 500265 648125 589688 609923 174202 251686 540245 559692 594981 635537 393252 647746 328819 636770 297831 437034 999999999 187371 573827 172217 233100 465714 712176 342241 266406 341880 230179 313696 534179 413812 380740 327650 513679 260994 348000 427020 411751 530656 418512 597777 629803 407352 574662 594772 263623 377160 677381 462335 463978 627181 439719 333102 642533 428493 351256 504239 359941 116012 107672 513047 119350 267899 170392 277240 426078 784790 182329 177171 547600 134191 307172 463450 286008 426696 395693 405856 729620 412202 323092 474608 488134 358630 212919
336931 198240 652717 493944 186368 434029 514832 253215 324306 461617 659921 304581 781709 553626 604367 602238 433281 313831 764658 715435 539802 32625 241167 449400 564859 407966 448813 214336 780412 145224 516335 111507 567040 187371 999999999 511208 331375 47086 292238 743902 523863 102990 523125 399031 466615 384512 559600 454840 377543 382763 249058 522798 239649 391275 385025 240588 474724 765407 437784 536249 590856 353315 559793 819090 622238 475745 441854 371571 472627 610854 263969 511012 541613 456823 235219 110746 432791 268945 370266 357716 131795 545558 752886 326767 135731 519298 257563 168148 280785 114329 594647 567986 515477 664662 511388 484575 511140 666249 440918 48218
338038 461362 525345 285789 642961 246339 992546 477981 508566 642985 351558 227040 298080 170323 354232 712534 657864 587484 622241 619748 40527 486036 322904 98118 203203 622148 582932 431734 686911 462960 201069 523325 1009008 573827 511208 999999999 548459 517883 664420 368780 854650 581868 718928 786001 575174 297966 595871 943540 326660 231326 758533 881192 526092 179552 282128 616907 200796 686691 268125 74737 187591 410538 753530 747411 682337 215382 677070 140126 538766 130943 365359 908187 285615 425127 684174 483537 87395 523552 838292 676438 389684 509695 253385 755499 408686 101914 705056 357246 611402 574510 698138 700632 471422 156452 442349 610632 278918 799816 924461 551038
213067 503129 383785 349951 255208 617421 522445 93103 40664 133902 492455 339288 718009 483586 422360 270997 120995 639976 481032 420162 588356 306977 250436 544880 474343 730750 758305 505358 476342 453214 662753 441076 497047 172217 331375 548459 999999999 378201 622614 595163 306652 425541 205124 262912 141609 599161 241618 499669 236943 560338 427310 336771 560944 369507 591406 571834 629252 458028 318315 526884 514345 150100 243631 505164 293266 383422 769253 436246 162821 582965 519156 376081 396242 216912 258938 222488 510654 62490 380871 138286 372738 262053 716977 274670 248486 493316 266683 390902 611521 442210 263274 237532 248757 694829 262093 154136 370489 339037 474043 368512
372444 159841 692886 524567 222867 417719 535580 298670 370264 508680 689520 323169 796682 573943 636459 649134 480290 267307 805625 757834 543822 73558 270784 448932 587425 361883 405235 180211 823516 108706 504568 64794 595810 233100 47086 517883 378201 999999999 246573 770139 566270 68964 570126 438666 512677 363364 604784 472484 412293 369659 255641 563100 194659 411763 365677 194206 462687 808916 467744 548963 611029 394231 606723 863227 668494 501234 394994 380257 517570 624126 238317 547469 571100 497088 270785 156698 436034 315735 396548 403125 128641 587938 764524 362683 170478 534857 292453 163256 233711 73276 641447 614982 556832 668413 551394 531148 540915 713334 460793 39274
606882 203860 933215 745118 424587 478056 638157 545197 616538 750526 904279 522468 961188 763910 858770 892749 718405 113006 1047113 1001792 678454 320040 497794 574540 783871 184787 263487 232693 1068386 217473 574920 189755 731928 465714 292238 664420 622614 246573 999999999 973594 771425 199319 807569 634440 758849 409637 851354 567156 644488 453926 348663 757189 139876 609782 420790 54924 536955 1054295 688038 715061 799227 637177 842798 1109222 914381 708973 188070 545720 764108 788509 301940 723029 787725 738462 463230 402931 577033 560422 538005 629125 317985 832160 917498 547225 410041 711268 479934 334373 59763 180713 885674 857705 799665 794291 792041 776352 758954 953296 566922 254651
424924 773741 316448 258290 801183 613822 1115661 577869 559096 616389 103913 452606 208560 215219 174638 606595 655182 918314 355752 391418 385962 711962 503043 462653 190722 969320 940997 749930 436997 756773 565631 800515 1090225 712176 743902 368780 595163 770139 973594 999999999 867712 839087 672655 856865 529938 659376 484362 1086330 385035 590653 958483 909800 845467 364105 643499 920533 569439 447894 309837 295139 185371 454178 694246 496927 550348 268920 1023572 437736 483489 250422 698096 962969 208300 381589 826242 666610 437990 609994 968383 730790 660218 391621 257373 865407 610143 280327 841049 639638 929052 840380 592451 615410 375421 370456 349596 559465 238513 683332 1062006 791565
519529 721689 593324 643232 349478 900840 349629 381460 347061 251877 763993 639924 1013370 784908 693669 321240 213535 827282 652482 582977 894346 515261 545796 845502 772374 923221 971452 734776 609900 668467 957061 629022 261214 342241 523863 854650 306652 566270 771425 867712 999999999 581434 211017 138764 338323 871260 406025 371093 540788 843510 455784 51051 760237 676051 866315 732717 920869 587178 619604 833131 813450 452834 209772 607427 384755 685397 948820 737706 384576 887193 770228 127170 685010 490704 308224 447565 812779 335656 288461 184239 618421 483798 1017737 228399 507524 799088 291913 646543 782896 604076 328680 290623 493165 1001434 518124 311526 662915 308905 346079 537956
438746 180544 755687 592856 231956 463981 507382 352895 422427 551799 758086 391724 863794 642532 704377 694587 519110 246913 867496 817731 606250 135034 339079 508961 656283 342744 398432 208427 882208 140690 554760 72406 580005 266406 102990 581868 425541 68964 199319 839087 581434 999999999 608250 447662 563892 404676 658909 440617 479021 419962 214961 572237 189034 480480 409184 153321 512973 866856 536158 615555 679577 456246 643531 919818 718443 570188 367602 445728 572522 690809 277088 547422 639654 559801 275273 210906 498475 363880 379527 431179 192500 647934 830387 364666 236698 602410 294610 224824 201700 23395 687900 659165 618266 730310 614374 579649 609402 754068 432355 57758
384334 704808 384730 470947 398644 816626 539152 298194 233297 77410 570363 529653 834515 619786 501781 117998 89854 836333 441674 372196 759455 502653 448673 730994 601836 929106 960711 708764 402388 653706 854690 634582 467544 341880 523125 718928 205124 570126 807569 672655 211017 608250 999999999 272919 149940 802107 196966 543585 392338 760118 554150 260507 759286 540951 793718 759796 823687 379945 460440 683467 643562 309943 38530 406306 176996 524799 964873 623000 194582 727022 724273 330905 506230 311910 378378 419677 694806 263398 437043 191102 577165 281870 847091 340345 453215 647085 373771 595999 803273 627526 121998 82462 298471 853357 326687 115913 488797 147789 516824 553954
465979 597059 617629 612566 217017 800178 273521 309724 301447 274867 753582 561958 978945 742017 683052 390721 224982 694457 696116 628234 824124 395007 465189 762982 734997 790359 842101 612925 668087 544213 864982 499520 234145 230179 399031 786001 262912 438666 634440 856865 138764 447662 272919 999999999 350791 763964 440610 270953 495552 743614 318122 124799 630433 613023 760701 597257 826600 646330 578181 775594 774202 411309 290090 677504 446206 642083 813903 658514 392059 837044 655062 122954 659142 475950 172489 337748 733304 265721 166188 126154 505495 498090 974648 89681 406071 744430 154540 536637 648211 470669 393427 353953 496179 938812 515310 335680 633164 405651 244128 407635
248738 625006 266840 321023 394315 693534 623689 214677 142435 86510 426499 400908 685481 470084 356656 151136 129493 768207 350894 286073 615620 439801 332366 595145 451897 856023 876267 622872 337670 577911 722351 573675 574822 313696 466615 575174 141609 512677 758849 529938 338323 563892 149940 350791 999999999 687277 101091 612294 249494 638652 565286 382209 687519 399871 677213 706880 694153 318476 312459 536068 493623 175193 180617 363903 156172 376011 897456 489130 46472 577626 625254 441508 356677 161971 392324 356004 558054 200670 495741 230923 488427 148597 697204 389302 366014 499358 396514 500029 743949 579453 139376 128966 154857 705586 180616 35534 338866 234071 585705 506373
447025 231761 742114 501950 565638 68574 898116 507086 568821 726315 622135 295436 589289 446788 602908 838317 720105 312460 852737 831354 297109 376682 355686 199925 476137 329245 284991 200052 902151 263987 165300 332648 950323 534179 384512 297966 599161 363364 409637 659376 871260 404676 802107 763964 687277 999999999 746189 835798 464328 68850 616669 881579 272626 343757 15916 373526 128479 895908 456296 366639 474043 514726 840495 957285 829739 439157 383824 239908 666965 428750 127619 883197 525937 582258 614358 426527 221386 548338 754744 688671 260089 683571 536154 703297 363922 379188 637115 227429 350780 387604 826053 814403 643512 397661 621740 718499 505980 920378 823603 402636
299164 707314 187775 318382 495340 744336 714066 306407 236783 165832 385007 452076 660305 467073 320224 125428 215646 854119 255545 188314 635359 531336 399158 631089 443301 939240 953890 702236 236769 662607 761484 663991 655903 413812 559600 595871 241618 604784 851354 484362 406025 658909 196966 440610 101091 746189 999999999 706975 286140 691997 666376 453986 772655 431651 734761 798505 737430 217398 327861 546120 484040 234815 212260 263641 86825 383889 982788 530555 87612 575694 697015 520036 341975 172292 493132 448936 593282 298482 591895 326392 568529 96241 681139 486315 449925 508860 496809 575888 833271 673429 110679 131141 127464 711296 158154 105346 332176 209949 680211 601179
668322 620734 876815 830812 301292 888347 71161 509546 531058 542568 986061 718625 1179750 940057 917455 661518 492314 661041 962097 895276 977000 470474 627607 895758 940161 749178 820221 647083 937812 576409 970985 511686 184069 380740 454840 943540 499669 472484 567156 1086330 371093 440617 543585 270953 612294 835798 706975 999999999 705225 837600 227525 326839 623220 790218 837722 551549 929461 916286 786493 951673 975501 632241 558577 948411 717035 844453 754578 804859 649616 1021348 710470 254337 880195 715665 264818 460078 873984 476461 118832 381413 586228 755134 1164216 225335 534883 926299 247163 622472 604208 461962 664376 624886 747066 1099965 761730 601637 851372 671094 26873 433232
41279 466950 294962 126812 416191 458650 739443 195889 196460 316788 290483 168934 483587 246902 229084 392546 335186 619484 409880 375778 367184 344927 147043 347689 239732 693903 694583 453772 446288 432559 476903 456910 728697 327650 377543 326660 236943 412293 644488 385035 540788 479021 392338 495552 249494 464328 286140 705225 999999999 407304 575009 573306 538402 150443 452049 589564 451606 437294 82873 294145 278651 87960 426888 497746 372169 146746 742808 244715 216449 346514 431970 612146 176784 117943 442609 286729 310170 233400 588646 374109 330475 219493 480186 489237 242324 259044 458462 325365 612280 485494 378728 376901 179715 463916 160638 284750 146969 479154 681717 425664
393683 261210 678734 436660 555432 57420 896994 470291 527460 683378 553628 240000 525798 377939 535690 789008 681113 364910 788250 769063 233915 369334 311451 133303 407342 391667 352226 228912 839698 281952 135038 350389 940655 513679 382763 231326 560338 369659 453926 590653 843510 419962 760118 743614 638652 68850 691997 837600 407304 999999999 625291 857492 314233 279411 53100 412640 93155 834214 392967 298548 405297 464167 798192 895744 776756 372459 446551 174237 615367 362267 154348 864894 458908 525008 603224 406807 152710 513605 749318 659514 251860 625263 474762 689275 337979 310405 625927 216015 396902 405755 776271 766961 585016 341949 562009 671024 439802 872636 823462 408378
534278 395497 806043 700759 172335 672981 296399 395142 444190 521370 865476 543625 1019748 784994 802273 662234 476108 435888 907602 847468 788181 272517 464283 698440 791555 526402 594677 423114 902732 353795 760158 287021 383344 260994 249058 758533 427310 255641 348663 958483 455784 214961 554150 318122 565286 616669 666376 227525 575009 625291 999999999 430616 395698 625415 619982 327068 718286 883755 648869 778726 821958 521195 582006 927744 703444 697732 536598 618457 590124 852179 489693 384206 750584 620143 176886 293382 681547 379895 191491 363269 379128 686308 995305 229193 359379 758578 180526 415246 380228 235475 659995 624060 666836 912960 672905 568111 720132 700091 222344 217005
549488 721004 640691 680155 341810 914554 301200 404224 377434 296323 805923 662457 1050366 819153 735346 372005 254648 819101 702181 632701 920438 517323 566872 866954 808058 914975 966869 736133 660564 668019 974792 624242 210165 348000 522798 881192 336771 563100 757189 909800 51051 572237 260507 124799 382209 881579 453986 326839 573306 857492 430616 999999999 755204 703903 877506 721147 937577 637868 653620 863240 848760 485691 260646 658461 435249 719184 937921 760142 428040 919658 775964 77114 723270 530512 296965 455319 835321 358307 253440 204937 625173 529196 1052460 209973 519708 829985 278217 655033 772402 595299 379211 340898 536623 1030294 560609 357131 700148 359387 302666 532391
504060 72817 832531 627965 413440 340526 691764 473940 546579 694098 781810 399928 823595 633027 741218 830684 669564 81877 947424 907794 539083 256803 392259 435099 654856 169921 211669 96121 976581 110052 437399 131222 768649 427020 239649 526092 560944 194659 139876 845467 760237 189034 759286 630433 687519 272626 772655 623220 538402 314233 395698 755204 999999999 484152 282886 101133 398627 964453 571741 579070 667466 545840 796595 1021995 843404 585503 210169 411934 685199 651690 162182 734611 667591 642054 459579 339792 438815 498960 568316 597347 208842 740575 778738 550599 322761 577398 480093 214689 85436 165831 821789 798313 705145 654428 693557 709903 640047 899557 617164 222824
158508 411724 399379 158557 489570 324462 833819 303348 329392 464504 298259 89204 394443 162439 264915 542229 478357 559751 509066 490278 219857 361038 163315 199464 176409 619381 603805 389840 560734 392720 330174 437472 840407 411751 391275 179552 369507 411763 609782 364105 676051 480480 540951 613023 399871 343757 431651 790218 150443 279411 625415 703903 484152 999999999 329520 556513 308462 555912 114020 163516 199644 231519 576212 617523 518400 102406 672185 105653 366422 231131 346297 734139 188211 259490 526224 335105 161642 348106 679552 499738 296627 354282 374137 589928 266057 136082 545661 275581 566567 479695 528231 527303 314181 326599 288366 435047 164549 629101 769215 437240
435637 238947 728261 487509 564548 57767 899402 499713 560433 717658 606616 283329 573871 431014 587885 828145 712397 325304 838579 817817 281646 375878 346316 184065 460441 344233 300807 206880 888578 268619 154526 337521 949658 530656 385025 282128 591406 365677 420790 643499 866315 409184 793718 760701 677213 15916 734761 837722 452049 53100 619982 877506 282886 329520 999999999 383452 116250 882544 442388 350724 458175 504077 832045 943971 818643 424282 398896 225238 656156 412942 132996 880484 510969 569990 613112 422994 205510 541501 754947 683281 258572 671069 521036 701466 358791 363335 635881 224941 362260 392732 815759 804684 630948 383381 608847 708733 491277 910620 825072 404932
551979 155645 878463 690567 383753 441179 621851 492731 564460 701019 850210 468797 912544 711802 804200 842495 670287 109614 992438 947470 632625 267296 442880 529069 731181 199765 268824 186302 1014272 163805 537963 135448 709136 418512 240588 616907 571834 194206 54924 920533 732717 153321 759796 597257 706880 373526 798505 551549 589564 412640 327068 721147 101133 556513 383452 999999999 498782 1000354 633454 665400 747386 582809 795541 1055571 862690 655189 216824 495148 711124 739353 258718 691173 733433 683849 424946 350900 529560 509461 511749 584450 263489 777938 870272 511776 355560 660416 442952 280935 53281 132563 835093 807872 745204 750423 737346 725163 704550 904694 548804 205842
