NAME : synthetic_000039
TYPE : CTSP-D
DIMENSION : 100
GROUPS : 8
RELAXATION_LEVEL : 1
EDGE_WEIGHT_TYPE : EXPLICIT
EDGE_WEIGHT_FORMAT : FULL_MATRIX
EDGE_WEIGHT_SECTION
999999999 71151 463440 828965 105600 534070 999950 535712 389383 134427 712420 667323 767475 390036 810051 927046 892050 698207 809116 532214 530205 552338 896142 447202 540607 718470 413700 142161 643512 82849 912831 800129 617684 677715 418140 675505 965567 575064 791556 602833 891636 199484 716538 622178 554780 209143 811164 612977 491440 53180 168352 471273 384306 372151 466206 404740 615673 755685 537715 736407 158985 818272 345418 748701 338262 767121 388992 799028 501119 178789 683022 282237 163671 244162 530922 459156 792570 667804 1077299 431664 194935 350358 541402 243605 240460 829093 217307 200482 740782 127503 240781 684861 995956 193290 494590 701094 503102 599611 720190 747532
71151 999999999 529216 899455 141008 603474 1070860 589126 413576 142108 752261 692043 825362 442102 880819 998039 962872 729500 868727 601392 597931 606684 967293 497235 568874 754329 455974 210023 700371 49496 983898 871280 688689 738623 470889 743328 1033276 636096 845238 658656 959749 232387 765489 672155 625931 203875 867089 672143 553555 109230 236838 540899 450990 424489 535505 448888 676533 826832 559567 802336 121300 882366 406979 791488 380939 824289 419497 864787 542370 249859 750614 346047 131799 268926 556313 501199 843475 734218 1147773 499929 248831 419559 612422 295230 172474 900140 225212 203199 803437 60056 244998 746815 1064339 264399 537812 763413 561629 670424 750930 802239
463440 529216 999999999 501655 406743 115212 635209 185683 650328 447414 796305 854753 678282 180622 395223 516823 541115 841632 690894 108157 369662 185280 509017 538682 736467 828715 573533 321498 228401 509320 508895 422795 300739 230206 503018 457845 698557 503175 382323 580348 625061 358977 352099 271209 228412 474330 735004 183817 443013 458851 358572 92304 340626 486643 80884 557177 173068 386818 766869 273132 538139 356069 399452 803407 533689 336916 621961 593552 282549 315358 224844 184210 613267 564662 744214 601143 770198 205231 728315 319912 294340 130592 252480 456223 668630 428672 594337 451229 283040 588925 617438 231434 711403 292780 263880 571622 115212 304543 862957 335412
828965 899455 501655 999999999 824665 386812 178628 653237 764717 877695 661608 808589 403105 681463 205604 209377 72754 753236 373092 394291 323981 641791 140001 567386 746173 709525 640944 708743 610883 902729 187011 116401 217871 543901 556506 204291 211876 388256 696280 452855 152904 815995 740603 703331 291441 928472 446466 572802 422773 795517 664201 423431 465573 583143 434647 629589 544170 126335 797342 430966 958998 494634 535320 633787 662373 629269 725934 218154 774517 651011 383442 628720 922414 776332 768123 632431 528289 420295 248335 409492 735743 524196 292216 664016 1068298 164500 837531 905403 514116 949332 850630 523671 213998 639838 756074 318740 592407 230995 766173 665458
105600 141008 406743 824665 999999999 493963 988503 449729 484342 55516 789622 759265 814455 302567 779660 899855 882822 784492 851544 490634 549323 467734 876312 514216 630814 800100 492143 117977 562838 106563 887694 781463 607848 605098 481387 691581 979343 616879 705549 656387 903916 94624 624587 531460 538432 126362 862039 536829 532021 147392 205783 433884 412570 437510 426593 481099 543225 738316 632569 677738 136169 753328 392393 821911 418241 686706 479448 822668 402050 189684 631341 223238 263520 341728 623412 536934 853179 611357 1071485 450652 114167 313327 532510 316049 262097 803901 321542 110091 672179 198714 345459 614712 1006035 192261 397057 737379 426205 593781 806830 663098
534070 603474 115212 386812 493963 999999999 521375 279259 652737 539936 745261 825483 594981 295777 288515 410141 426064 802333 601140 8177 298120 272470 396977 510925 715961 782194 558743 393718 278931 590701 400350 308642 193053 246009 478693 360278 586160 437203 416339 518963 513611 459406 414578 349591 128040 575385 651797 232245 391889 519438 401911 63184 315713 472867 68016 542563 209181 271805 752733 227776 629112 322586 387852 745320 533110 358342 620061 491472 391306 366543 160102 273387 670626 590445 727531 578746 696678 160702 613754 277765 387150 183935 161365 473785 754894 318278 630979 552015 271068 661557 652054 236687 597561 346542 372656 485732 212147 202102 822503 372178
999950 1070860 635209 178628 988503 521375 999999999 761383 941404 1040084 811074 967995 538320 815130 257608 165634 108782 907447 496861 527744 502603 746687 131821 742967 915009 859715 817112 874746 695516 1071386 156091 212789 382515 620070 733654 378289 235887 559838 747333 617677 233228 971506 812400 794073 450079 1086093 571078 665298 600021 968752 837458 569026 643246 761320 579159 806227 636887 252443 967103 491762 1124091 526277 713785 776994 840588 682700 902611 350780 889665 821252 467504 782700 1098896 954914 937907 806437 659841 505728 97482 586755 893461 680216 458803 842181 1237719 214182 1015877 1062774 571913 1122261 1029159 598155 203464 808543 871980 473442 709113 400576 918261 725834
535712 589126 185683 653237 449729 279259 761383 999999999 799655 471717 976925 1024316 863450 147164 505465 619424 680029 1016888 874646 271083 555333 20574 629903 711328 901715 1007395 737819 407913 119280 555696 617445 557315 472253 184073 674554 637745 859628 688449 256160 764724 789016 370173 188000 94829 405303 468634 920234 113026 625962 548821 481815 276667 516846 652479 265772 721721 135471 529609 927213 301980 558484 343770 566892 986282 688815 240059 775615 770558 131063 434061 297679 271840 698234 694048 906727 769677 955796 261119 858173 502335 341309 285701 433873 599139 693100 547277 709688 448883 257749 648067 734310 202001 867029 411400 115186 756184 70509 480741 1038654 213394
389383 413576 650328 764717 484342 652737 941404 799655 999999999 523228 357383 278805 518705 679688 843266 934114 837368 318289 572186 655983 449153 809519 879822 199858 156362 349631 124903 429060 876306 457162 913966 792550 614207 877896 208466 563473 817489 388469 1031661 358637 757494 566105 986573 894471 590695 598507 542034 833494 342058 338961 327266 599251 343970 189750 602371 135180 823194 750520 148441 880080 534360 975287 266773 404439 119682 987001 38794 635069 817223 374100 809958 534265 320195 145755 142749 147579 489238 813390 990854 395524 520014 522499 556210 201134 549152 840934 194482 588868 919350 414993 182948 875469 858455 394743 804856 505371 742093 586771 339050 984680
134427 142108 447414 877695 55516 539936 1040084 471717 523228 999999999 837905 800476 869069 325949 827192 947968 934957 828955 906567 536156 604760 490691 926305 565019 672998 846702 539469 173139 587980 95347 936373 831916 660438 635459 532963 746816 1034278 671794 725328 710055 958775 101736 639047 547988 590108 76272 916254 565452 586937 184437 259544 481184 467988 488463 473295 529117 574191 789150 671651 715237 90923 787278 446367 871531 464754 711162 521268 878132 409318 245136 672190 266855 273339 378392 664163 584614 905886 650272 1123987 506137 153483 362127 585481 364473 224363 852758 349994 66099 704514 191125 372680 646510 1060648 247685 406813 792706 455579 647026 851132 684488
712420 752261 796305 661608 789622 745261 811074 976925 357383 837905 999999999 176574 277770 894842 816520 867180 728368 102034 328274 751697 451666 979924 799941 282252 213510 48705 298833 701022 1017376 789952 844727 738224 613797 991249 319021 473711 618200 314907 1161337 231658 584258 853282 1147543 1066916 634227 913931 264464 970399 354810 659243 592391 715083 461298 357034 723489 308788 950991 708233 256093 944885 868575 1037862 426735 53721 374178 1103383 338739 460500 1035769 627349 872756 755114 674650 488087 237805 253462 178649 891364 826973 476547 787154 696091 594659 473670 901378 794841 547665 899584 1008320 763893 539131 981083 663206 640034 1019691 342868 908534 587798 108224 1116540
667323 692043 854753 808589 759265 825483 967995 1024316 278805 800476 176574 999999999 447002 921547 943372 1007670 878431 77917 499827 830786 552884 1030702 943105 316563 129397 134995 288735 691674 1082494 735959 985533 872304 725504 1068226 351743 609927 787240 431697 1233513 357011 747503 836492 1205108 1117957 730160 876184 439597 1036645 441022 616053 583846 784442 515298 372087 790838 304276 1020966 837662 133798 1041053 813019 1136426 457503 228012 350745 1180699 279824 620979 1062662 626758 968295 775890 591384 424500 136408 254643 355197 981244 991618 547720 782420 738656 690807 454516 820309 927554 469773 865688 1095843 690166 454400 1061200 832076 644266 1048401 494564 959974 697856 85731 1187196
767475 825362 678282 403105 814455 594981 538320 863450 518705 869069 277770 447002 999999999 820517 583040 612450 463979 378311 55144 602760 310588 860799 543068 340770 429965 326261 405936 703607 873088 850320 590042 496604 420768 829272 358735 250049 340784 198940 999707 169238 308000 851361 1009273 942608 468194 939550 56877 826830 283218 717960 609972 586784 408174 404441 597722 404274 802494 475597 482986 754416 924746 839837 423692 239323 466829 935919 484815 188985 951655 626911 687020 703531 788550 602059 456088 372118 125199 713845 549491 387865 772681 615835 433693 531490 993746 553162 669998 920346 828732 855660 671577 814576 385749 630089 933619 109884 793003 401183 385992 958979
390036 442102 180622 681463 302567 295777 815130 147164 679688 325949 894842 921547 820517 999999999 570752 691347 721733 922896 840552 288778 511028 165337 687785 617947 795034 920256 632814 268068 262032 408601 684977 603056 475304 312981 580440 620434 874953 631039 403150 699420 800510 225040 327099 232389 400533 329528 876036 241423 557800 406319 353964 261331 436420 551413 249555 617363 253509 567435 814985 408497 414103 469530 470789 911091 575747 385358 659502 758668 141592 306281 381083 146239 553242 563427 796967 669177 898528 351276 908698 437316 195136 205670 417683 478882 548886 606534 572625 308415 384508 500937 597517 326233 889649 285037 126854 719254 134868 475205 945225 360536
810051 880819 395223 205604 779660 288515 257608 505465 843266 827192 816520 943372 583040 570752 999999999 121799 194879 898583 562370 293229 400078 490160 125892 661275 860093 862095 727717 673878 438295 872739 114255 90597 229111 363820 640024 343748 409572 511835 501555 590125 357845 747914 558330 536551 264734 863897 632425 407710 514646 788134 661224 346025 506121 653560 353996 713565 379339 108700 906905 238636 915516 291106 584329 797376 728465 435180 805837 411308 634921 634365 209951 561426 932366 819149 878440 731422 706435 248135 355051 450508 675084 466475 291988 700122 1038528 46479 871275 840529 321171 936886 888976 342111 400777 617352 617583 483587 456498 256769 914529 475411
927046 998039 516823 209377 899855 410141 165634 619424 934114 947968 867180 1007670 612450 691347 121799 999999999 157672 956095 581831 414957 485142 603064 69879 744277 935411 914573 814375 792546 542580 991532 22500 141565 326262 465112 727083 397755 371147 578766 583824 650679 339734 869537 653289 642280 375226 985505 655542 516667 596355 903046 774469 466860 606236 745813 475131 801228 489075 184369 984635 334390 1035876 361483 683056 841443 823052 520078 895893 426893 749958 750005 321745 682688 1044438 922080 955647 812882 737643 358705 259245 549296 796242 586527 397116 804091 1157690 98580 977140 962128 411696 1053303 993644 443015 349796 733860 733051 525104 574116 351704 970087 564390
892050 962872 541115 72754 882822 426064 108782 680029 837368 934957 728368 878431 463979 721733 194879 157672 999999999 821572 429346 432964 395169 666886 89899 640138 818181 776594 713665 768250 625840 964166 137087 122808 275404 554248 629096 276816 219597 460567 696387 523714 182110 868957 750358 721804 345057 982818 503707 591289 495369 860328 729001 469444 534686 655280 480071 702260 562534 154300 869533 432608 1018053 484184 605767 698472 734458 629919 798589 275554 805364 713473 395522 680472 990115 847103 840310 705137 588578 433657 189884 478096 789949 576971 351509 733822 1130321 148543 907645 959577 515569 1013926 921191 533012 206461 701175 787244 386052 623271 292447 833900 669518
698207 729500 841632 753236 784492 802333 907447 1016888 318289 828955 102034 77917 378311 922896 898583 956095 821572 999999999 429682 808181 518168 1021776 890023 306053 162024 57386 296968 707375 1067250 771071 933756 823728 687232 1047505 343305 559308 719077 388376 1215432 308458 683000 856350 1193636 1109195 699265 905176 366498 1020740 411415 645700 598179 766012 501203 372144 773354 310667 1003308 791308 188111 1011315 849202 1105795 452676 151335 367373 1160123 310232 557870 1064488 638073 938633 779053 637778 460634 179535 255784 280002 954270 926459 526444 796760 731937 659565 471655 867054 879800 512742 893000 1070308 733255 500108 1039008 764053 653644 1049374 435626 950483 660205 22610 1169705
809116 868727 690894 373092 851544 601140 496861 874646 572186 906567 328274 499827 55144 840552 562370 581831 429346 429682 999999999 609116 329828 870727 512002 390608 485104 376331 457677 738683 876820 891916 559651 473727 418847 828852 406252 244875 290376 234958 997879 218565 264158 884029 1013312 950537 473185 975680 74568 831228 319728 760559 648652 598696 441170 451275 610012 455257 805915 457103 538108 746659 965251 828884 463907 286609 516405 933023 537794 154974 968360 662694 681555 729509 836615 651627 511231 425144 163373 710452 502005 415004 804175 637804 441309 576555 1038342 529390 719677 955904 823412 900973 722081 813082 335379 664359 950080 121398 804537 402136 436234 958535
532214 601392 108157 394291 490634 8177 527744 271083 655983 536156 751697 830786 602760 288778 293229 414957 432964 808181 609116 999999999 305192 264302 402839 515895 720691 788414 562983 391492 271447 587992 405489 315088 201219 239723 483411 368389 594046 444179 409730 525784 521579 454757 406947 341552 136077 570750 659587 224685 398035 518366 401905 62629 320092 476922 66073 546772 201896 278672 757103 225252 625549 319610 391591 752101 536412 352185 623554 499647 383344 365857 158756 269414 669977 592042 732039 583473 704123 157468 620391 283097 383158 181875 169091 475773 751850 323733 631850 547397 266411 659662 653092 230865 605268 345597 364701 493565 204022 210254 828421 365379
530205 597931 369662 323981 549323 298120 502603 555333 449153 604760 451666 552884 310588 511028 400078 485142 395169 518168 329828 305192 999999999 553974 431030 261312 461231 491542 329518 431841 575942 609724 464854 343604 174031 542603 242024 145397 435400 139288 713739 221928 361904 567128 710228 637834 182570 667736 366850 528928 114877 489854 361856 279625 148052 262198 289996 316145 506997 302288 507104 493967 675403 587901 211968 448195 340776 653884 410823 273450 641075 361408 421537 402013 604720 452412 478817 331348 401352 439721 565368 99171 485397 308041 142997 341619 770144 393331 514257 646352 556731 642373 526833 531212 466746 357075 623031 208431 484834 146008 536792 670088
552338 606684 185280 641791 467734 272470 746687 20574 809519 490691 979924 1030702 860799 165337 490160 603064 666886 1021776 870727 264302 553974 999999999 615038 716706 908960 1011164 745075 422865 98997 573897 601555 544089 464931 163765 680159 632245 849248 688380 239224 765583 779267 389277 177054 87424 399620 488628 917642 93240 627721 564237 493964 274478 520985 659294 263978 728903 116769 517462 935428 283124 577837 323378 573210 988179 697605 220607 784785 763881 149063 446387 281454 285019 714440 706262 914518 776091 955031 244406 843672 504279 358395 292281 429478 609474 712518 532507 723392 468741 237407 665810 747918 181972 855742 423574 133917 752965 71431 474511 1043420 195560
896142 967293 509017 140001 876312 396977 131821 629903 879822 926305 799941 943105 543068 687785 125892 69879 89899 890023 512002 402839 431030 615038 999999999 686983 874361 847576 758430 765496 564109 963976 48043 96074 283054 489196 671769 333650 307917 516510 621510 586196 271650 852939 682717 662443 341369 968405 585776 533505 539463 868933 738723 448586 559550 693115 458019 745832 505077 140834 924330 362157 1012446 404026 634761 773226 771306 555953 841320 357089 758587 717716 335702 664406 1006146 875564 895224 754609 668235 373943 229198 502287 776839 564328 357623 758927 1130570 82673 932829 945012 443499 1020999 948263 467376 290730 703046 741012 457343 578653 306098 903589 597833
447202 497235 538682 567386 514216 510925 742967 711328 199858 565019 282252 316563 340770 617947 661275 744277 640138 306053 390608 515895 261312 716706 686983 999999999 206119 303036 74987 420014 766085 528529 723439 603172 433658 752137 37518 364688 619637 188925 916959 172057 558193 572813 889875 804117 424444 640098 375403 720140 147931 394807 312387 468098 198736 76725 474343 67242 704415 562919 247859 730855 606104 826704 147159 309003 126064 864493 161377 437149 759485 345461 658433 475541 448636 261291 220514 70641 346255 668759 791041 233986 505134 426029 386430 203618 660344 654165 329258 624214 781921 521106 331551 745607 659925 357796 744087 309825 645586 405598 328110 870633
540607 568874 736467 746173 630814 715961 915009 901715 156362 672998 213510 129397 429965 795034 860093 935411 818181 162024 485104 720691 461231 908960 874361 206119 999999999 197277 163903 562321 964835 611402 913864 796112 635185 955043 237279 542350 757862 358276 1117578 298595 707938 707228 1084519 995901 630101 748947 439287 919641 346397 488775 454670 670869 401194 250057 676399 180057 905401 758127 53484 936926 689161 1032790 337064 265091 221763 1066976 151733 580669 935763 497975 864537 649020 475811 300015 26422 137218 370251 874495 950342 439911 653117 616707 591734 325215 705052 849308 350748 737886 987026 571352 338168 949360 801503 515856 921825 448631 838791 607116 182688 1070927
718470 754329 828715 709525 800100 782194 859715 1007395 349631 846702 48705 134995 326261 920256 862095 914573 776594 57386 376331 788414 491542 1011164 847576 303036 197277 999999999 308087 716542 1051837 793963 892139 784718 656471 1028137 340489 520028 666469 356837 1197529 274323 632948 867641 1180624 1098411 673965 922948 311253 1004999 390424 665462 607321 749589 490591 374778 757590 319923 986340 754037 232625 985458 872498 1079020 449840 94267 382028 1140536 335928 509181 1061637 644621 913077 778527 669616 486966 218869 263874 223568 930632 875583 510032 804333 724434 634281 484483 898060 841216 543178 909589 1047346 762154 532578 1018590 711480 658633 1045949 390834 939733 630083 59912 1152348
413700 455974 573533 640944 492143 558743 817112 737819 124903 539469 298833 288735 405936 632814 727717 814375 713665 296968 457677 562983 329518 745075 758430 74987 163903 308087 999999999 410505 801929 491981 793839 672936 498905 794405 87711 438958 693968 263823 955281 240184 633044 560322 920744 832000 482853 615618 435616 757045 219135 360521 301253 510787 243115 87030 515704 16376 743509 631802 194439 783027 570533 878892 174265 335706 75485 905852 86391 511462 773969 341374 711338 487232 392294 201928 170737 45467 395371 718709 865953 287973 499797 452844 446278 176402 611999 722777 268251 601808 829234 472862 267099 789576 734514 357576 759668 383023 674971 471045 319574 908518
142161 210023 321498 708743 117977 393718 874746 407913 429060 173139 701022 691674 703607 268068 673878 792546 768250 707375 738683 391492 431841 422865 765496 420014 562321 716542 410505 999999999 509664 198986 779325 669986 492878 539007 384771 573679 861376 504993 661123 550000 785970 153000 593632 498702 425329 237459 752815 476408 420400 142064 109311 331414 297884 344114 325709 397375 477202 626228 572859 594325 250273 676877 286765 728899 341510 632284 415659 705280 395849 77226 541002 142772 295342 300494 559176 453191 749697 525657 956206 333493 91148 209798 417030 237214 365323 695410 304698 217253 600408 268860 329632 545157 888214 75066 385774 622857 368090 477748 729970 615945
643512 700371 228401 610883 562838 278931 695516 119280 876306 587980 1017376 1082494 873088 262032 438295 542580 625840 1067250 876820 271447 575942 98997 564109 766085 964835 1051837 801929 509664 999999999 669320 544199 504273 459835 78892 730794 633069 822184 714346 155669 794965 756235 486921 136497 99930 404903 587530 929803 47095 662574 651721 571143 302332 567491 715044 294266 785575 70946 484555 995135 209861 675819 231606 627848 1020693 760863 123929 848998 757154 235387 524619 230337 368145 803963 782316 972595 829307 975569 192192 792993 541847 451541 353809 440068 679241 810578 483339 804639 567517 147887 759919 828748 100689 823621 501542 223460 763490 141699 474749 1088273 108825
82849 49496 509320 902729 106563 590701 1071386 555696 457162 95347 789952 735959 850320 408601 872739 991532 964166 771071 891916 587992 609724 573897 963976 528529 611402 793963 491981 198986 669320 999999999 978278 868287 688916 711427 500170 754726 1044686 657754 811191 685516 970323 191323 728358 635955 623166 154381 893895 643355 573980 133814 248538 529092 465033 454024 522764 483830 649495 824296 604205 781592 78627 858694 428137 827614 416531 793159 460851 879921 501726 252190 733007 325110 180932 311626 599827 537420 874371 714478 1150893 510772 220038 407379 612687 324992 166606 894365 272057 154192 778083 96263 292678 720779 1074223 263029 498184 783498 532717 672252 792741 769088
912831 983898 508895 187011 887694 400350 156091 617445 913966 936373 844727 985533 590042 684977 114255 22500 137087 933756 559651 405489 464854 601555 48043 723439 913864 892139 793839 779325 544199 978278 999999999 121740 308169 467472 706658 375606 352791 556949 591263 628528 319166 859375 657812 643570 359585 975261 633294 516642 575552 887942 758858 455726 587729 725973 464351 780807 488713 165451 963234 337677 1023814 370394 664212 818944 803455 526768 875675 404692 747521 735308 320158 671880 1028269 903765 934220 791858 715238 357712 252002 530665 785208 574477 380100 786067 1144621 83917 959392 951868 416688 1038754 975632 445422 333040 719554 730382 502614 570143 333120 947702 570251
800129 871280 422795 116401 781463 308642 212789 557315 792550 831916 738224 872304 496604 603056 90597 141565 122808 823728 473727 315088 343604 544089 96074 603172 796112 784718 672936 669986 504273 868287 121740 999999999 187950 434093 585583 264724 325177 441358 581964 516134 269290 760411 630744 599544 245396 875506 544692 468917 455246 772876 642736 356822 466491 604329 366754 659723 440151 44928 844763 316648 917526 378236 542677 716292 681729 515045 754330 321528 683107 621663 274296 571621 910540 782623 815876 672077 620868 312162 305685 409338 683374 470378 261825 665286 1034892 56922 838909 852137 399958 924927 854806 413222 321070 607083 665064 400388 501222 212039 838718 552608
617684 688689 300739 217871 607848 193053 382515 472253 614207 660438 613797 725504 420768 475304 229111 326262 275404 687232 418847 201219 174031 464931 283054 433658 635185 656471 498905 492878 459835 688916 308169 187950 999999999 410017 411272 174023 399725 299701 579512 382308 325228 598262 596189 539190 75543 710602 476493 415212 288789 587877 456996 213973 280137 424548 225757 484615 388926 143165 680588 336453 742813 426315 357477 603057 499984 515281 576731 299335 582400 438912 267068 411537 723186 595820 652470 504124 533292 293076 463638 223448 517881 306805 76304 477913 855208 229370 651251 687532 408332 740872 667479 394486 416194 426029 563708 311241 405036 28090 704897 539727
677715 738623 230206 543901 605098 246009 620070 184073 877896 635459 991249 1068226 829272 312981 363820 465112 554248 1047505 828852 239723 542603 163765 489196 752137 955043 1028137 794405 539007 78892 711427 467472 434093 410017 999999999 718373 583988 755763 681891 171390 764222 692139 536329 196789 178593 363930 642461 885510 72490 637752 680146 587558 284218 554057 707469 278746 778047 62096 417888 988786 131343 725133 159799 620512 990626 759946 112630 848186 702082 309314 543071 160464 396307 834237 794840 964829 818152 936824 124112 717465 521460 491458 360796 401713 685946 859659 409504 823259 621392 73695 798636 846653 22100 754879 520162 295854 719394 179905 428133 1067879 129757
418140 470889 503018 556506 481387 478693 733654 674554 208466 532963 319021 351743 358735 580440 640024 727083 629096 343305 406252 483411 242024 680159 671769 37518 237279 340489 87711 384771 730794 500170 706658 585583 411272 718373 999999999 356519 621597 190374 882279 189731 557430 537728 853756 767547 397043 607563 397141 685042 133733 366379 278006 434163 164325 46410 440055 74149 669800 544254 275612 700550 577107 796459 109653 344239 114393 830544 169773 439773 721982 309595 628403 438054 430363 247441 249425 100061 374509 637492 785760 203646 469013 389081 359881 175712 636588 635167 315365 591178 749752 497842 320356 712331 660640 321342 706604 316722 609132 383386 365423 835833
675505 743328 457845 204291 691581 360278 378289 637745 563473 746816 473711 609927 250049 620434 343748 397755 276816 559308 244875 368389 145397 632245 333650 364688 542350 520028 438958 573679 633069 754726 375606 264724 174023 583988 356519 999999999 290063 184133 753093 252925 216584 703302 769540 709620 232624 807539 304582 587923 223705 635211 507156 366001 293053 387095 377767 428365 562122 235097 593244 504505 819465 589924 351726 453639 466156 688425 524698 138683 739662 505202 437807 528878 747366 587431 564036 428580 368229 465886 430082 243966 621115 427890 205411 481708 915524 321190 651650 785653 579683 787536 662330 568228 321595 499525 721075 143074 568591 158709 574065 713662
965567 1033276 698557 211876 979343 586160 235887 859628 817489 1034278 618200 787240 340784 874953 409572 371147 219597 719077 290376 594046 435400 849248 307917 619637 757862 666469 693968 861376 822184 1044686 352791 325177 399725 755763 621597 290063 999999999 431638 907092 463800 75977 985055 952438 913536 474918 1092571 360102 783325 497725 924964 797217 613655 582558 659176 625405 686757 754810 337984 811332 641724 1108699 700666 636818 576901 735671 840141 779837 182508 977263 794511 595311 803755 1032824 864519 783004 672044 451188 632076 215473 533994 903039 699557 463402 765557 1205537 364496 930836 1070234 725009 1076811 939072 735546 45013 787916 958649 313119 796345 402372 726332 877021
575064 636096 503175 388256 616879 437203 559838 688449 388469 671794 314907 431697 198940 631039 511835 578766 460567 388376 234958 444179 139288 688380 516510 188925 358276 356837 263823 504993 714346 657754 556949 441358 299701 681891 190374 184133 431638 999999999 853018 83424 369275 652421 847955 773412 320699 741447 250416 667276 84859 527355 413696 415397 209333 230311 425177 255638 645795 405997 409120 630170 730543 722960 229653 309066 304743 793115 350179 249503 766224 428533 558226 507893 613419 436241 379909 247531 268431 577904 603461 193903 573879 425369 281491 347964 806938 496145 503662 721977 695019 670999 510007 670422 471347 431246 748676 128998 618208 273247 405536 809294
791556 845238 382323 696280 705549 416339 747333 256160 1031661 725328 1161337 1233513 999707 403150 501555 583824 696387 1215432 997879 409730 713739 239224 621510 916959 1117578 1197529 955281 661123 155669 811191 591263 581964 579512 171390 882279 753093 907092 853018 999999999 935158 847728 623596 107663 180038 535291 715385 1055761 198510 807149 802871 726220 449608 718245 868279 442776 938908 212550 572722 1148991 265383 810076 224041 781027 1161556 915785 67023 1003999 867319 334465 679432 319390 521110 953600 937705 1126018 981421 1108078 287797 842842 688993 597417 509242 573097 834893 943926 547995 958904 697216 182164 904065 983157 185131 901615 656379 329576 889876 295399 598552 1236087 46982
602833 658656 580348 452855 656387 518963 617677 764724 358637 710055 231658 357011 169238 699420 590125 650679 523714 308458 218565 525784 221928 765583 586196 172057 298595 274323 240184 550000 794965 685516 628528 516134 382308 764222 189731 252925 463800 83424 935158 999999999 410206 701165 927738 851358 403931 782492 208484 747870 141620 552303 450635 494410 266252 235716 503766 236967 726960 482958 351504 713588 761140 806295 264136 226407 297966 875720 322654 283582 836990 472775 641649 569898 619313 433222 322549 211166 201887 661180 651851 263932 625586 494490 364610 363800 825815 571883 501240 764357 778279 687329 503521 753081 506429 478973 819827 151224 694863 356169 324662 891137
891636 959749 625061 152904 903916 513611 233228 789016 757494 958775 584258 747503 308000 800510 357845 339734 182110 683000 264158 521579 361904 779267 271650 558193 707938 632948 633044 785970 756235 970323 319166 269290 325228 692139 557430 216584 75977 369275 847728 410206 999999999 909093 888228 845748 400115 1016748 338097 716152 430233 851758 723336 539184 509631 593173 550980 624852 687856 275187 761166 582742 1033718 647526 566303 547323 670750 780708 719347 127513 904916 719659 532159 727845 962467 797420 732385 614060 427463 568052 244193 459977 827089 623709 387719 695735 1131835 315105 863058 994380 665651 1004113 872211 672482 105273 712715 886266 259330 724719 326943 692267 815765
199484 232387 358977 815995 94624 459406 971506 370173 566105 101736 853282 836492 851361 225040 747914 869537 868957 856350 884029 454757 567128 389277 852939 572813 707228 867641 560322 153000 486921 191323 859375 760411 598262 536329 537728 703302 985055 652421 623596 701165 909093 999999999 537939 446452 524874 115994 901843 465643 568564 236547 260891 404401 443341 496691 395258 547827 475554 719135 713181 621180 189104 690030 439043 881774 489082 609844 557496 838953 310508 229405 582144 188828 357885 427156 701922 603840 901640 557976 1058815 471909 82202 292100 525985 384696 323873 776574 412794 92655 606362 287211 437127 548164 1008184 222257 306879 765996 356509 588199 878885 582792
716538 765489 352099 740603 624587 414578 812400 188000 986573 639047 1147543 1205108 1009273 327099 558330 653289 750358 1193636 1013312 406947 710228 177054 682717 889875 1084519 1180624 920744 593632 136497 728358 657812 630744 596189 196789 853756 769540 952438 847955 107663 927738 888228 537939 999999999 94933 541164 622474 1066025 182444 793212 733233 669813 433453 692474 834560 424471 904508 207432 614486 1111857 320676 720642 306502 747995 1152732 874423 144414 961730 892940 236127 622046 357219 459650 880026 882030 1090613 950737 1110707 320407 909411 671034 521681 468036 575915 786473 853029 604445 896788 605611 241668 823061 921499 217528 951632 599399 234334 899756 245841 611246 1215011 95789
622178 672155 271209 703331 531460 349591 794073 94829 894471 547988 1066916 1117957 942608 232389 536551 642280 721804 1109195 950537 341552 637834 87424 662443 804117 995901 1098411 832000 498702 99930 635955 643570 599544 539190 178593 767547 709620 913536 773412 180038 851358 845748 446452 94933 999999999 477627 535594 999485 130717 714182 638358 575836 358310 608353 746391 348277 815860 159469 577347 1021825 309770 631372 324449 660454 1074606 783564 185219 870424 838454 156246 527993 327266 365335 785549 787913 1001179 863327 1039176 288925 891549 590915 427253 379377 509544 693902 764774 581125 801983 517710 244330 730130 826716 200526 916947 505458 149897 834057 158757 551038 1130832 145487
554780 625931 228412 291441 538432 128040 450079 405303 590695 590108 634227 730160 468194 400533 264734 375226 345057 699265 473185 136077 182570 399620 341369 424444 630101 673965 482853 425329 404903 623166 359585 245396 75543 363930 397043 232624 474918 320699 535291 403931 400115 524874 541164 477627 999999999 638076 524900 358750 289276 528475 399305 139410 247433 402163 151284 467513 334310 201162 671957 312050 674110 406737 325840 629642 472770 473779 554740 365900 510914 376468 239397 337284 669316 555662 644922 494788 573028 257262 534582 195578 445186 232854 39722 436398 789764 276653 606691 614894 374349 679895 624679 351115 491737 361688 492235 358597 336548 76166 718325 492951
209143 203875 474330 928472 126362 575385 1086093 468634 598507 76272 913931 876184 939550 329528 863897 985505 982818 905176 975680 570750 667736 488628 968405 640098 748947 922948 615618 237459 587530 154381 975261 875506 710602 642461 607563 807539 1092571 741447 715385 782492 1016748 115994 622474 535594 638076 999999999 987671 570643 656651 260194 332027 520027 535271 563441 511024 605151 582928 833888 746856 733273 105818 798718 518396 947185 540975 708252 597216 941039 387219 312991 696557 304003 334949 453273 739818 660718 979537 671367 1172561 570122 192892 405954 637185 440357 231376 892370 421781 23400 713973 241965 443705 655683 1117211 312416 388165 860287 463927 699289 927337 677294
811164 867089 735004 446466 862039 651797 571078 920234 542034 916254 264464 439597 56877 876036 632425 655542 503707 366498 74568 659587 366850 917642 585776 375403 439287 311253 435616 752815 929803 893895 633294 544692 476493 885510 397141 304582 360102 250416 1055761 208484 338097 901843 1066025 999485 524900 987671 999999999 883585 333325 760769 656743 643575 459513 443437 654487 435820 859173 525932 491057 809056 969266 893542 469939 218800 500831 991766 510201 228730 1007794 675808 742215 757355 823933 635352 465701 398321 91091 769514 573680 441904 823924 671030 490533 572077 1033725 600801 702818 968897 884030 894949 702685 870638 404897 679971 989805 166365 849776 457377 370972 1015244
612977 672143 183817 572802 536829 232245 665298 113026 833494 565452 970399 1036645 826830 241423 407710 516667 591289 1020740 831228 224685 528928 93240 533505 720140 919641 1004999 757045 476408 47095 643355 516642 468917 415212 72490 685042 587923 783325 667276 198510 747870 716152 465643 182444 130717 358750 570643 883585 999999999 615589 618299 532535 255426 521452 670080 247520 740678 28766 446726 950595 190872 654672 232002 582837 973605 717336 157126 805573 713403 241527 486673 197808 333841 771618 742655 927770 783814 928750 159575 762702 495069 423873 311426 393524 637623 789354 451702 767208 549755 145880 732020 791068 89113 786311 463602 226949 717329 110653 429377 1041706 151597
491440 553555 443013 422773 532021 391889 600021 625962 342058 586937 354810 441022 283218 557800 514646 596355 495369 411415 319728 398035 114877 627721 539463 147931 346397 390424 219135 420400 662574 573980 575552 455246 288789 637752 133733 223705 497725 84859 807149 141620 430233 568564 793212 714182 289276 656651 333325 615589 999999999 444516 329025 360314 126862 163784 368855 207096 596298 415159 392310 600860 646228 695904 146580 360459 242582 750206 303302 319035 695543 343800 528091 429341 537309 367204 363966 217179 342049 542906 653683 123660 490683 352964 249826 270017 725051 506447 433157 637259 658898 590268 441979 628463 534772 346938 678456 209869 556599 260724 431148 762084
53180 109230 458851 795517 147392 519438 968752 548821 338961 184437 659243 616053 717960 406319 788134 903046 860328 645700 760559 518366 489854 564237 868933 394807 488775 665462 360521 142064 651721 133814 887942 772876 587877 680146 366379 635211 924964 527355 802871 552303 851758 236547 733233 638358 528475 260194 760769 618299 444516 999999999 131353 456256 342432 320213 452414 351606 618524 728119 487402 729827 211375 814918 297978 695578 285083 774324 337054 755704 526243 154104 672908 284473 154485 194868 479728 405978 740562 660486 1043590 392465 214853 338160 511976 191216 281544 804632 176514 249916 740178 153846 201089 685642 956544 172969 518119 654385 510153 568277 667748 757845
168352 236838 358572 664201 205783 401911 837458 481815 327266 259544 592391 583846 609972 353964 661224 774469 729001 598179 648652 401905 361856 493964 738723 312387 454670 607321 301253 109311 571143 248538 758858 642736 456996 587558 278006 507156 797217 413696 726220 450635 723336 260891 669813 575836 399305 332027 656743 532535 329025 131353 999999999 339282 216497 235987 337248 288065 527886 597893 467701 621223 317907 710568 186825 621370 233166 689559 310474 631383 490125 47932 559693 210818 271496 212300 452661 343885 647679 551519 912326 263361 198890 229548 381321 129702 408534 675918 235791 314473 641229 285131 259097 589913 827747 70418 478079 537164 431084 437060 620780 679738
471273 540899 92304 423431 433884 63184 569026 276667 599251 481184 715083 784442 586784 261331 346025 466860 469444 766012 598696 62629 279625 274478 448586 468098 670869 749589 510787 331414 302332 529092 455726 356822 213973 284218 434163 366001 613655 415397 449608 494410 539184 404401 433453 358310 139410 520027 643575 255426 360314 456256 339282 999999999 269842 424035 11906 494460 237299 316823 705226 285694 569575 378803 337516 719296 480061 396421 567815 502380 373717 303413 220928 216223 607520 530894 680939 533938 680908 216780 658895 239794 329490 121740 160601 415500 693917 372497 569686 496627 320175 598775 591106 278791 629016 283359 355109 479675 206244 214846 786806 403715
384306 450990 340626 465573 412570 315713 643246 516846 343970 467988 461298 515298 408174 436420 506121 606236 534686 501203 441170 320092 148052 520985 559550 198736 401194 490591 243115 297884 567491 465033 587729 466491 280137 554057 164325 293053 582558 209333 718245 266252 509631 443341 692474 608353 247433 535271 459513 521452 126862 342432 216497 269842 999999999 158023 275773 227000 505710 422284 437027 540195 533372 636001 78525 474945 225432 666221 308847 414888 576151 222899 468821 303708 457914 316143 411992 264138 467894 475597 710565 57268 364546 234874 214820 199721 623416 509483 373821 515115 586481 494483 388746 548168 614624 223269 559635 325037 449596 254610 522676 671899
372151 424489 486643 583143 437510 472867 761320 652479 189750 488463 357034 372087 404441 551413 653560 745813 655280 372144 451275 476922 262198 659294 693115 76725 250057 374778 87030 344114 715044 454024 725973 604329 424548 707469 46410 387095 659176 230311 868279 235716 593173 496691 834560 746391 402163 563441 443437 670080 163784 320213 235987 424035 158023 999999999 428814 70654 656480 561803 281317 698143 531135 793908 87252 385444 79282 818851 152830 478343 692937 270426 626841 406989 385699 205994 257752 117926 420422 633175 817177 206599 430272 367025 366962 129350 590294 651856 273354 547496 742949 451646 280100 702793 697237 283883 678133 358382 588920 397201 394616 821528
466206 535505 80884 434647 426593 68016 579159 265772 602371 473295 723489 790838 597722 249555 353996 475131 480071 773354 610012 66073 289996 263978 458019 474343 676399 757590 515704 325709 294266 522764 464351 366754 225757 278746 440055 377767 625405 425177 442776 503766 550980 395258 424471 348277 151284 511024 654487 247520 368855 452414 337248 11906 275773 428814 999999999 499353 230259 327137 710117 285571 562045 377787 342005 728304 483438 390585 571385 514231 361917 300247 222445 207576 604322 531347 686085 539644 691142 216234 669387 247582 321123 115947 172386 416757 687165 381346 568919 487625 317062 593672 590598 274150 640610 279761 343317 490820 195293 226751 794253 396665
404740 448888 557177 629589 481099 542563 806227 721721 135180 529117 308788 304276 404274 617363 713565 801228 702260 310667 455257 546772 316145 728903 745832 67242 180057 319923 16376 397375 785575 483830 780807 659723 484615 778047 74149 428365 686757 255638 938908 236967 624852 547827 904508 815860 467513 605151 435820 740678 207096 351606 288065 494460 227000 70654 499353 999999999 727133 618327 210774 767028 562261 862879 157890 343975 68158 889482 96385 504293 758604 327407 695401 471932 389533 199777 187111 56050 398803 702595 856350 272409 486257 436651 431144 165051 606976 709185 267013 590955 812992 467663 267392 773246 726893 343209 744215 377022 658753 456819 333275 892147
