NAME : synthetic_000549
TYPE : CTSP-D
DIMENSION : 100
GROUPS : 8
RELAXATION_LEVEL : 1
EDGE_WEIGHT_TYPE : EXPLICIT
EDGE_WEIGHT_FORMAT : FULL_MATRIX
EDGE_WEIGHT_SECTION
999999999 1096492 818041 643990 278777 650353 462301 941597 321045 244430 458611 872303 73642 802375 425568 692495 577244 298419 997953 828125 440950 725544 759068 709689 604444 391461 690976 810321 149787 405746 775375 395556 290578 286110 143725 668352 178138 296179 305618 650535 477862 280849 199492 906201 853042 990540 967112 845922 323391 579562 567304 228523 161551 801969 978297 323570 195396 506406 352875 129919 471061 567240 159128 749657 245099 831372 428217 300768 568526 876916 668875 865683 871776 858078 504222 930103 440666 700346 397540 771589 802771 202116 176216 694843 231779 784118 735503 870939 663407 831854 920048 716120 213922 536048 274345 740087 266911 791911 476269 594879
1096492 999999999 310223 831991 835610 627697 814019 394613 1200921 901773 885591 740436 1121042 304090 837246 411710 687354 798992 137315 525282 660340 463883 337426 417324 605171 1210037 412266 348368 1012052 1123286 948227 709385 1218258 903683 1006162 858328 991614 852296 851203 603255 656322 844020 993446 936363 322757 377247 964492 287263 884172 800275 829377 1072193 1017701 707989 404199 840151 1189603 835379 891322 1023736 713298 675151 1077775 380997 962235 303701 881996 795733 979987 298009 734490 236852 260310 859913 1075299 402664 717631 892857 719198 358137 620418 1223903 994508 406636 865717 314576 438790 948915 524825 348604 206979 516308 891567 687039 902040 447301 854186 809992 1066380 964250
818041 310223 999999999 535226 545175 510382 632137 454482 973394 655019 575539 723737 852840 184095 644117 216922 379115 529986 278598 504575 377527 361862 127570 267479 295623 997069 134619 288159 718093 922564 870313 457638 982079 600779 713566 752095 740274 553288 550679 299048 439381 594572 694570 904539 71769 472532 948941 27908 661292 495611 524083 834630 764843 664690 487023 538119 937216 526287 678991 764328 404763 520380 826191 72209 725184 246704 693395 521779 833422 78499 632414 89423 54399 822200 903381 453806 412362 795330 425390 248513 582935 968048 698362 134552 586880 151479 132752 903080 391934 314064 240962 217741 627239 376855 600680 144579 561820 753421 887821 826785
643990 831991 535226 999999999 430459 826826 799885 938055 936468 657199 186595 1096748 712251 669581 784824 611487 184402 521617 813120 922813 436710 759527 591662 671899 263479 993851 504132 753917 494526 964935 1143355 552944 918707 361986 500294 1009832 694981 377342 364422 238877 630680 616185 445699 1230987 509269 969921 1288271 551939 727269 77442 77956 802565 706174 1021905 976362 347670 832925 139545 764063 683293 268432 780111 752831 477031 728999 733706 825904 499623 1006916 534079 927712 623793 576449 1154786 1012844 932911 306742 1055739 387317 700456 965598 845313 467881 513681 504968 631921 402911 1212661 741709 784811 765546 318079 583139 222404 376197 390687 425174 1076516 987112 1017659
278777 835610 545175 430459 999999999 508948 402704 743848 517549 227518 273240 772579 327143 555482 378763 449621 316274 110519 749647 662409 176369 525639 501050 481957 329604 569019 424018 585707 176966 534736 756723 195930 507205 117343 170587 627162 268692 62088 74392 379002 297767 193475 167374 865042 576045 789379 925827 572859 304130 355122 353913 377948 283599 695893 783157 86695 434432 294737 342522 266436 201833 436846 337402 475095 298554 595935 412291 90937 592488 600451 575681 600342 599432 798251 585202 734000 166403 670083 120167 539221 667184 456673 162072 429163 74854 531265 456981 838941 475406 611902 675163 438958 152708 269957 103994 461338 21585 721805 558808 607831
650353 627697 510382 826826 508948 999999999 218720 320091 623994 406400 739332 272020 638294 354256 253124 294606 646208 405661 493075 181609 398128 165750 383678 244675 583764 613943 407453 279988 648561 518901 360632 313792 653542 625056 637169 243183 486449 564558 573482 632108 213126 374003 662180 413688 581127 369467 467007 528722 340550 753976 769621 524183 511276 195814 350046 576806 658373 729347 326752 532937 565194 83292 558483 491071 430434 327728 284323 420680 352330 587958 122105 482424 538154 333380 452646 307367 533238 285264 464462 284300 158867 696927 646953 400933 479448 370677 550184 403741 118581 279984 421131 612908 447620 604493 612681 566719 529570 256963 447336 336970
462301 814019 632137 799885 402704 218720 999999999 538416 405986 223979 669871 410015 437138 516961 37555 424826 638572 292984 685876 398146 371867 357021 518416 399723 600548 400944 504571 469967 496745 310046 354020 248421 434830 516877 484314 225702 287019 464689 476562 655414 200729 218504 523291 466613 695915 587960 528026 656050 138918 722608 730350 307924 309151 340235 568766 486252 442990 678228 113989 335733 532805 144777 348833 590572 223872 510863 68578 314221 215269 709782 206897 631208 672649 406415 271372 525739 493421 267574 412569 456178 351275 481746 502699 501618 347242 520385 627694 438002 291635 478391 608677 666216 288568 590147 501730 641610 419014 334675 257209 220215
941597 394613 454482 938055 743848 320091 538416 999999999 944067 705026 910366 348468 940741 277273 571790 329588 756705 661431 264761 154792 584797 219308 353459 275108 674608 932842 435038 184143 909061 836681 571108 558586 973089 847878 899296 503649 791423 786537 791621 704680 465206 660986 910229 544105 519020 49875 570097 456171 652042 878791 902281 840583 817357 326820 39890 788541 973206 880607 643139 834955 719062 396468 869157 482550 741396 211077 604413 669397 648134 510677 390017 378527 448163 470294 760437 12791 701174 529641 658641 237653 244436 1011354 900897 425477 738749 315151 561038 559647 278297 153264 234315 646486 728989 730375 839376 577539 765408 428973 758987 625721
321045 1200921 973394 936468 517549 623994 405986 944067 999999999 322800 758086 758137 248009 897272 374397 793112 833175 465518 1079632 800302 619565 758064 879996 784114 835251 74508 838781 866954 460053 141132 584962 516789 47499 575951 450627 521730 251061 561769 574190 888462 546104 382722 509365 723445 1025510 993454 778648 1000307 317231 865129 858512 143247 233979 704984 973554 591828 137585 796963 310775 253510 717331 550048 183665 915974 248812 903193 339730 481966 373191 1045021 581645 995035 1022011 700789 262203 931353 679097 534951 610589 845037 740917 158916 483757 839153 444607 892137 927209 682426 691340 878826 1000691 934110 373866 785722 561042 936634 517093 655169 241870 404890
244430 901773 655019 657199 227518 406400 223979 705026 322800 999999999 498476 632186 235726 598809 189451 490072 527524 146901 790251 585423 297156 493795 570420 493889 518736 359855 520693 588765 276530 311569 562731 197621 327412 324549 263954 443122 90391 285663 298781 573256 251452 60526 308578 684913 704461 754548 746456 682367 90671 581119 581144 180739 116829 560165 740525 313332 287836 522247 128268 130083 411236 323159 176031 595158 77029 616711 205989 166164 376893 724733 427878 684056 705224 628877 358122 693143 371020 480635 295723 556617 558369 322427 285804 521891 155012 587769 604414 653269 428964 606939 710880 613277 78321 478393 308396 613864 236260 558416 331474 396548
458611 885591 575539 186595 273240 739332 669871 910366 758086 498476 999999999 1010893 528024 665706 648854 582903 203197 378224 837863 864800 343073 708178 592505 635305 280779 818571 501048 731115 308862 797512 1022477 435913 737709 182644 315225 890659 523806 212937 199888 293824 528998 466589 259599 1123355 572581 949119 1183035 598477 577367 133463 113244 628622 532133 934126 950106 186583 649563 61391 615751 506825 191501 679050 574718 506155 565119 723132 684598 356429 865333 599195 825033 656181 625732 1052079 856530 902992 211723 935013 274933 677980 890584 660454 282409 509736 343467 631411 448520 1100250 675171 761322 776863 382782 421060 198896 198131 442497 262302 974149 829674 879905
872303 740436 723737 1096748 772579 272020 410015 348468 758137 632186 1010893 999999999 844273 543418 446800 525938 914627 665050 606136 224569 670148 365998 598596 464555 848014 722627 647396 442372 897040 625008 243007 580721 798217 889773 884985 237975 696220 830549 840218 893498 482642 615324 916960 195954 795192 378290 228603 735509 548912 1024788 1041047 699315 717262 76970 349761 844816 832107 1001346 521044 745075 836932 335905 750956 722932 631339 491099 450990 682304 395742 795359 204390 671044 737105 123286 518384 339074 805250 237523 735961 475437 141325 870358 899170 639322 734187 572562 791770 212150 360616 423472 557515 863780 689244 874370 876535 808914 792397 110230 528268 365450
73642 1121042 852840 712251 327143 638294 437138 940741 248009 235726 528024 844273 999999999 822017 399628 712014 635836 324014 1016350 818886 475922 728891 784621 722972 656586 319304 722438 820750 220448 340080 730012 412502 216937 351554 213026 630318 151976 353967 364567 704954 483821 284215 270486 863790 892409 990274 923990 880733 300344 645902 635018 168598 128157 776791 976134 382755 122485 573713 323813 105897 525945 555130 100809 786538 213383 845737 394169 331062 518698 915385 643506 894482 905782 820587 444615 928841 492873 659029 441415 785573 785422 133681 246203 725464 268620 806771 778711 826992 664477 840238 937504 765898 229476 592601 338617 784574 318736 757978 417173 546665
802375 304090 184095 669581 555482 354256 516961 277273 897272 598809 665706 543418 822017 999999999 537500 110071 493082 504013 195747 321766 379832 192051 78042 117370 408291 908305 167255 104073 731915 823744 706243 409533 914189 640241 724570 596770 688948 583037 584628 432499 352232 541888 720358 728700 253938 302742 770472 192714 580284 615752 641265 768120 715184 488238 312847 576888 886465 627736 588447 722607 476383 384901 774824 205278 658225 66247 583827 503500 698549 252183 473098 130431 193863 646745 784216 274922 467955 637208 447608 71201 403863 921215 717440 157960 575008 38194 283838 730325 238808 130522 119681 369798 593108 473762 635478 300282 575681 581510 772878 687000
425568 837246 644117 784824 378763 253124 37555 571790 374397 189451 648854 446800 399628 537500 999999999 441472 628164 270662 711059 433609 363466 384771 534084 420901 594785 373809 514093 495993 464259 286308 380039 238408 401453 490993 451759 255317 249743 440846 453056 650086 206494 189795 492519 497154 706038 621482 558688 668780 102301 707396 713773 271690 271686 377527 602876 463699 406534 660135 76494 298516 519581 175927 311405 599164 186331 535191 49661 292426 222976 721044 244168 648040 686514 439490 261504 559173 479566 295121 398278 479118 388550 445250 471273 511796 319661 538603 632015 467048 318488 506007 633126 665913 257178 579194 475554 645312 394021 369151 244103 232924
692495 411710 216922 611487 449621 294606 424826 329588 793112 490072 582903 525938 712014 110071 441472 999999999 428527 394228 305458 321521 275879 160833 94172 63196 348490 807604 121896 148212 625169 726157 655191 299513 808305 539816 617434 535359 579987 480972 483601 384111 247017 432573 615853 697372 286893 366447 745232 237282 475911 549980 572991 661545 606128 460606 368907 477301 777896 551270 486821 612953 391420 304724 666087 198905 551300 147184 489461 394244 619284 295203 416696 206601 250444 615128 695577 323317 376932 578891 346525 95377 385050 812293 611674 113524 465931 99025 265862 692777 176992 178506 227945 340828 483043 400839 533909 283028 470244 543319 682032 611351
577244 687354 379115 184402 316274 646208 638572 756705 833175 527524 203197 914627 635836 493082 628164 428527 999999999 382246 650211 738412 267220 575144 416022 488225 85726 881981 325977 572822 438908 838989 972720 390391 823471 297956 440156 839345 582860 281943 271803 91044 457366 477640 398283 1054219 370493 790210 1110471 400324 584710 122718 148526 692184 599255 840395 795427 253744 748635 148528 618799 582699 116526 604077 653675 313016 603605 555596 672699 361753 851023 397016 750867 463670 427057 976672 871142 751116 156505 885661 234737 519130 782169 768355 413129 335394 388577 456231 248584 1037793 557972 603724 595755 179597 461856 49583 306415 241053 319646 898650 847116 858634
298419 798992 529986 521617 110519 405661 292984 661431 465518 146901 378224 665050 324014 504013 270662 394228 382246 999999999 699662 567308 156933 442195 461778 414419 371972 506252 398594 516781 248572 457207 646883 102912 464828 227116 238320 516849 217362 172070 183705 426383 200437 95767 256973 754524 573028 708816 815322 557822 205816 444465 447858 322275 239618 588676 699849 193337 409318 391939 242456 235185 266639 330351 300347 465357 223887 534765 307170 22118 488440 594990 466382 570613 582461 687981 492317 650781 226025 560019 148979 475453 564515 438734 243350 401489 77375 485873 465836 728500 385873 540195 621997 468592 97727 332846 212906 473990 128602 611755 467271 501993
997953 137315 278598 813120 749647 493075 685876 264761 1079632 790251 837863 606136 1016350 195747 711059 305458 650211 699662 999999999 388661 573428 331335 252021 297282 564742 1084826 340207 216282 926429 995890 811036 604211 1099507 829958 919345 721418 880624 774370 775119 575383 540333 734596 913229 801810 320429 255647 831881 265491 764816 770017 797730 955148 907010 571414 280316 766233 1076979 793713 768930 915831 654177 544541 965876 337806 846280 176442 754292 699244 845315 302367 597833 189427 245244 724469 943163 271452 651228 755641 638966 235138 483660 1112448 911280 332461 770726 218612 410228 813232 394602 213129 79460 496282 787953 640214 826187 422960 769528 673195 935296 828827
828125 525282 504575 922813 662409 181609 398146 154792 800302 585423 864800 224569 818886 321766 433609 321521 738412 567308 388661 999999999 523917 163749 382640 258325 663608 784724 442642 219014 815037 687537 424260 467806 831821 774404 804236 349264 667278 712660 719857 703386 367004 548802 823454 416933 575338 200149 453160 514477 522084 855921 875907 705182 692341 182754 176468 720097 839665 844607 508044 713252 678539 264060 740072 511144 611994 266952 461281 579246 493665 573871 235617 447533 514512 337479 607202 142396 653214 376834 596432 256616 95218 878272 810653 433807 643808 353162 584239 425495 190450 198968 334550 662083 620920 703916 763708 601460 683794 284750 606795 470976
440950 660340 377527 436710 176369 398128 371867 584797 619565 297156 343073 670148 475922 379832 363466 275879 267220 156933 573428 523917 999999999 372400 324815 314230 232609 655860 250536 417077 353326 597987 707380 125184 620919 265176 346699 573837 373819 205367 208723 288187 194171 238538 340574 794956 417110 627868 852859 405434 333301 361093 374047 476678 396478 593785 624620 204134 565998 331339 363363 391652 169270 344470 457277 310616 373243 422990 409682 145576 585537 439662 492194 426335 431008 719847 614437 575979 135211 619962 73923 368111 547589 594743 337860 254934 209415 354950 309033 776014 333557 444870 499466 317350 254393 219603 258447 317560 196100 641501 592138 592076
725544 463883 361862 759527 525639 165750 357021 219308 758064 493795 708178 365998 728891 192051 384771 160833 575144 442195 331335 163749 372400 999999999 234780 98615 499865 757784 282728 115539 689760 666722 514283 339317 781953 631993 679988 405906 582396 570327 576100 539893 247746 446159 691476 542734 433629 266711 588120 376629 450758 693444 714058 642321 608732 303339 258064 574183 771155 684866 448573 623763 519467 213779 663508 356948 537727 162097 425596 450105 516809 436733 281673 322187 382433 460376 611922 208895 496590 445565 446181 120927 224768 808463 681769 274321 519485 213828 426455 541550 66911 121377 256909 501293 512032 541627 622809 443651 547222 392029 603985 502451
759068 337426 127570 591662 501050 383678 518416 353459 879996 570420 592505 598596 784621 78042 534084 94172 416022 461778 252021 382640 324815 234780 999999999 139964 330915 897297 91555 173686 677997 817641 743081 374798 893109 578060 671505 626115 659181 523018 523441 354457 335451 511307 662673 777494 199194 380480 822616 145078 563491 538578 564410 745695 684888 538010 389811 514305 857624 552648 576625 689001 405092 398520 745657 130898 635274 143476 582450 458308 713321 204355 505543 115164 156539 695128 789419 350368 399890 668889 387877 126624 457416 890860 661769 82769 528404 40296 208257 775612 265102 202968 184790 293036 555252 398396 574536 225058 520357 625937 775557 705053
709689 417324 267479 671899 481957 244675 399723 275108 784114 493889 635305 464555 722972 117370 420901 63196 488225 414419 297282 258325 314230 98615 139964 999999999 409624 792855 184734 103757 654348 707208 603240 314196 802802 579316 645765 487725 584269 518946 522847 446601 243179 439486 649306 639172 338959 315387 685720 284539 468137 608820 631050 657981 610718 400844 314906 518243 779946 606640 474075 620836 444108 268235 669099 258508 548999 122906 466811 417666 582780 344169 366139 239510 293481 556809 666918 267711 426210 529886 387337 62742 323368 815656 642934 176129 489385 126819 327969 636255 126331 130662 217838 403942 496840 458400 572081 345178 503170 486571 655508 572268
604444 605171 295623 263479 329604 583764 600548 674608 835251 518736 280779 848014 656586 408291 594785 348490 85726 371972 564742 663608 232609 499865 330915 409624 999999999 878188 241591 490481 476464 826577 921995 357399 830384 340831 475576 789576 584452 310304 302842 55591 408884 463734 441472 995806 293103 706956 1050489 317921 564432 207751 234163 692305 603676 775264 712994 286166 762849 230724 595562 591418 135589 549406 661435 228098 595764 471439 641720 353948 815502 319759 693773 378861 345067 916664 847010 669432 163935 836042 224665 436987 712667 786115 452335 251085 395230 371181 167889 981866 488324 521382 510051 114677 461471 84810 345855 162920 338328 839305 824543 820234
391461 1210037 997069 993851 569019 613943 400944 932842 74508 359855 818571 722627 319304 908305 373809 807604 881981 506252 1084826 784724 655860 757784 897297 792855 878188 999999999 862944 869759 526199 98582 534201 545547 119121 635939 516201 484660 300354 617054 629794 932377 561855 417335 574820 671911 1052475 981554 724984 1023391 335778 921038 916002 191472 287680 674912 960170 647007 212038 854718 320811 311747 765536 545469 245347 943006 282983 908809 332485 524419 329293 1070737 557943 1012409 1043850 655860 210171 920057 726304 492273 654185 852172 718562 232675 548971 862522 494689 906270 959897 630174 691929 879156 1006731 972806 420135 833660 620599 970313 570663 616413 195266 360792
690976 412266 134619 504132 424018 407453 504571 435038 838781 520693 501048 647396 722438 167255 514093 121896 325977 398594 340207 442642 250536 282728 91555 184734 241591 862944 999999999 251230 600019 789643 766946 323180 847584 493235 594372 642654 606509 440393 439766 269702 307982 460306 581327 816011 191988 465802 865094 161726 527197 448687 474041 700091 631304 580998 472819 429470 803947 461177 545797 631754 314426 403423 692627 86727 590579 229849 563648 391862 711023 208218 528473 176325 184773 734007 774821 430605 311268 687507 306935 198696 506723 835324 582254 9566 459198 131114 144605 809665 293320 281942 275899 219477 495176 306971 490779 161658 442225 660810 758192 706770
810321 348368 288159 753917 585707 279988 469967 184143 866954 588765 731115 442372 820750 104073 495993 148212 572822 516781 216282 219014 417077 115539 173686 103757 490481 869759 251230 999999999 757951 780011 617501 415555 888747 682252 749285 516173 678806 622157 625799 520929 337440 536560 753048 630725 357881 218514 670392 296267 554910 695088 718912 746410 705296 390899 222612 620748 872021 698958 556299 717324 539631 328261 762341 304542 639248 50428 538471 520711 631937 355259 391527 228698 295522 549370 727365 179386 524583 553810 489707 53765 304654 908520 746670 241687 592292 138701 381776 634724 178423 30909 141418 465492 596769 547529 675293 398659 606908 487434 719139 616949
149787 1012052 718093 494526 176966 648561 496745 909061 460053 276530 308862 897040 220448 731915 464259 625169 438908 248572 926429 815037 353326 689760 677997 654348 476464 526199 600019 757951 999999999 523364 839082 350821 434620 141543 12591 719171 256285 168030 173987 518046 448740 281867 50047 961074 744180 955954 1022625 745517 367173 431421 418178 344876 254248 822338 947737 190306 342813 357646 404162 222924 340893 569306 281662 646997 315933 770685 482289 239677 647146 769373 693544 776269 772486 903152 605641 898603 316657 757144 293548 713087 806940 351819 26814 605433 171411 708151 621368 929764 634398 783061 851567 590634 208674 401566 132544 623571 157875 830830 577445 669269
405746 1123286 922564 964935 534736 518901 310046 836681 141132 311569 797512 625008 340080 823744 286308 726157 838989 457207 995890 687537 597987 666722 817641 707208 826577 98582 789643 780011 523364 999999999 444056 480659 187271 616283 512101 387174 274446 588494 601590 881705 483724 363095 569076 582489 980903 885130 637523 948217 266648 889858 887890 179444 270296 576439 863350 617715 258213 827671 243924 300544 722780 453278 247294 872051 236585 820616 241600 477299 234060 997855 459584 932302 967454 561802 121249 823890 682493 396846 606082 765164 620232 288713 543157 788465 460026 824028 894880 541372 601650 788005 918502 914884 382091 789763 600319 906359 539964 519605 101062 265773
775375 948227 870313 1143355 756723 360632 354020 571108 584962 562731 1022477 243007 730012 706243 380039 655191 972720 646883 811036 424260 707380 514283 743081 603240 921995 534201 766946 617501 839082 444056 999999999 591696 630138 870528 826494 133550 599371 818701 830539 974058 515411 569831 870542 138513 941368 607992 195627 887760 472073 1066869 1077080 566142 613844 244288 580119 839989 686129 1027566 434950 646000 874934 373503 629684 851357 532663 667872 356798 667950 215365 947396 238696 836469 895641 134499 324406 560009 837277 87754 758312 635046 329268 721594 848338 760765 699679 727042 908094 98256 478539 607240 750526 965658 635514 926417 855233 924288 772921 142617 343098 185031
395556 709385 457638 552944 195930 313792 248421 558586 516789 197621 435913 580721 412502 409533 238408 299513 390391 102912 604211 467806 125184 339317 374798 314196 357399 545547 323180 415555 350821 480659 591696 999999999 524441 311321 340835 458505 284850 250789 259907 412907 101843 137444 355884 687720 508740 605910 747198 484896 214036 475977 485436 377037 310313 503773 597080 264095 483196 436344 241059 314453 284953 245312 371321 399190 268044 435859 284508 111856 460862 528299 389526 487444 507618 616203 490367 547986 246221 503945 166618 376035 471541 516097 344148 324280 180168 394826 414888 665631 283809 438260 525664 435956 183752 341788 299185 425939 216974 538364 468684 468285
290578 1218258 982079 918707 507205 653542 434830 973089 47499 327412 737709 798217 216937 914189 401453 808305 823471 464828 1099507 831821 620919 781953 893109 802802 830384 119121 847584 888747 434620 187271 630138 524441 999999999 556880 425994 563007 247530 547514 559544 882632 561995 387936 484481 768651 1031830 1022706 824331 1009309 334706 848955 840842 147641 226810 743099 1003581 577480 98405 779215 333392 240772 708603 577315 169815 922564 257916 923276 370568 479711 417179 1052144 617599 1007752 1031777 744168 308518 960440 671406 577988 606303 864432 775706 113940 459335 848484 436259 907185 929791 727851 715054 901956 1020259 932224 369910 776929 542511 938471 504807 696627 287336 448787
286110 903683 600779 361986 117343 625056 516877 847878 575951 324549 182644 889773 351554 640241 490993 539816 297956 227116 829958 774404 265176 631993 578060 579316 340831 635939 493235 682252 141543 616283 870528 311321 556880 999999999 144088 742174 342019 61822 56469 379290 412793 302079 101017 981102 619401 891915 1042048 627407 409017 294349 284269 446051 349620 813036 887549 63798 471267 222709 447899 324197 206079 553945 392399 528657 386596 686958 521200 208189 699000 645323 692985 666855 654904 915086 680380 838608 189049 784442 193299 633017 782816 485143 115354 499914 172596 612071 494078 954292 585539 709977 759021 455507 246228 262563 16202 494425 98550 838848 653024 716306
143725 1006162 713566 500294 170587 637169 484314 899296 450627 263954 315225 884985 213026 724570 451759 617434 440156 238320 919345 804236 346699 679988 671505 645765 475576 516201 594372 749285 12591 512101 826494 340835 425994 144088 999999999 706637 244229 165937 172739 518080 438216 269731 58739 948536 740745 946333 1010087 741070 354593 436102 423581 333890 242643 810366 937887 189576 335104 362735 391572 211572 340143 557699 271321 642700 303547 762621 469701 230085 634640 765795 681405 770683 767940 890712 593622 888773 314673 744574 288476 704802 795453 345244 33352 599638 161002 701242 618499 917196 624191 774180 844178 589460 196378 401855 133913 621040 152218 818466 565438 656720
668352 858328 752095 1009832 627162 243183 225702 503649 521730 443122 890659 237975 630318 596770 255317 535359 839345 516849 721418 349264 573837 405906 626115 487725 789576 484660 642654 516173 719171 387174 133550 458505 563007 742174 706637 999999999 490290 688915 700508 842043 382160 443945 747814 241912 822230 546741 303462 771182 353060 933386 943768 474683 507796 197054 520811 709361 603716 894646 318280 538493 741419 243087 532440 728217 423257 565654 240746 537550 159128 830067 124650 725491 781172 190277 281622 491441 703851 46465 625092 526234 261806 641233 726573 637004 572943 613859 781671 212301 361426 510691 654687 836283 512494 792932 727147 797551 644030 133637 290416 130360
178138 991614 740274 694981 268692 486449 287019 791423 251061 90391 523806 696220 151976 688948 249743 579987 582860 217362 880624 667278 373819 582396 659181 584269 584452 300354 606509 678806 256285 274446 599371 284850 247530 342019 244229 490290 999999999 317656 330560 637468 341677 147891 298660 728804 787269 841118 789882 767831 148916 621371 617351 109381 26492 627244 826242 347446 198443 556436 175422 48876 466718 403357 86490 678511 67097 707077 250086 232275 396954 808328 493892 772258 791276 679944 349401 779376 428191 522867 359870 646993 633667 232307 273157 608172 194590 677374 682845 694111 516979 696599 801261 684905 122995 535063 326126 691251 270568 614005 321228 421583
296179 852296 553288 377342 62088 564558 464689 786537 561769 285663 212937 830549 353967 583037 440846 480972 281943 172070 774370 712660 205367 570327 523018 518946 310304 617054 440393 622157 168030 588494 818701 250789 547514 61822 165937 688915 317656 999999999 13159 354678 351889 254929 141434 926307 576852 830810 986979 580420 364986 303987 299808 425608 329504 753702 826169 30058 468375 239219 403565 308331 175467 494648 378911 481625 353840 628151 474081 151711 653972 602251 635292 615565 607655 858864 643782 777187 148749 731982 135498 573474 721962 486811 145995 446595 130683 555957 453485 900545 523722 649590 702267 423776 208700 239875 53138 455549 49403 782124 617052 669636
305618 851203 550679 364422 74392 573482 476562 791621 574190 298781 199888 840218 364567 584628 453056 483601 271803 183705 775119 719857 208723 576100 523441 522847 302842 629794 439766 625799 173987 601590 830539 259907 559544 56469 172739 700508 330560 13159 999999999 346128 360560 267622 144109 937513 572706 835543 998108 577655 377849 291292 286832 438372 342188 763327 831316 18200 479724 226163 416390 320703 167488 504371 391172 478817 366992 630770 486641 163029 666679 598272 645677 614374 604991 869692 656903 782407 143018 743722 137205 576643 730540 497660 150865 446181 143817 556936 448693 911996 530515 653508 703620 416769 221856 230676 51100 450296 62528 792811 630185 682190
650535 603255 299048 238877 379002 632108 655414 704680 888462 573256 293824 893498 704954 432499 650086 384111 91044 426383 575383 703386 288187 539893 354457 446601 55591 932377 269702 520929 518046 881705 974058 412907 882632 379290 518080 842043 637468 354678 346128 999999999 462436 518728 480299 1045158 283035 734394 1099115 317961 619926 197159 226136 745730 656169 821740 742262 328741 813269 237425 651141 642948 179487 600893 713302 238336 650265 497464 697145 407963 870490 309291 744084 386507 343821 965435 902599 700308 212604 888494 278281 468205 756586 835577 493088 279251 446684 394551 166339 1032194 532975 551642 526670 89467 514598 116729 385954 156138 386218 888470 880131 874881
477862 656322 439381 630680 297767 213126 200729 465206 546104 251452 528998 482642 483821 352232 206494 247017 457366 200437 540333 367004 194171 247746 335451 243179 408884 561855 307982 337440 448740 483724 515411 101843 561995 412793 438216 382160 341677 351889 360560 462436 999999999 199726 456517 600813 499967 513620 658889 464709 228894 555254 567988 415952 368163 405712 502810 363681 536770 523387 241316 379935 363400 150868 426050 392714 306316 365701 256146 212379 414237 515588 298373 450585 483730 526145 467867 454072 328118 428552 254482 305767 370076 572570 443710 306037 277331 346041 427046 581988 187293 356418 460873 466877 264288 411489 400876 440889 318812 447823 450505 415299
280849 844020 594572 616185 193475 374003 218504 660986 382722 60526 466589 615324 284215 541888 189795 432573 477640 95767 734596 548802 238538 446159 511307 439486 463734 417335 460306 536560 281867 363095 569831 137444 387936 302079 269731 443945 147891 254929 267622 518728 199726 999999999 305327 685117 643962 710078 746526 621948 111441 539245 541640 241127 173760 540979 697513 280017 346323 484561 149322 181374 362307 292122 234352 534641 134845 562380 219455 117205 399058 664208 411679 624542 644906 623750 396926 649417 321642 484714 243477 502197 530249 379961 285572 461595 129989 529640 544613 656148 383035 556094 655395 555555 74328 428157 286433 554312 206651 550164 371668 414937
199492 993446 694570 445699 167374 662180 523291 910229 509365 308578 259599 916960 270486 720358 492519 615853 398283 256973 913229 823454 340574 691476 662673 649306 441472 574820 581327 753048 50047 569076 870542 355884 484481 101017 58739 747814 298660 141434 144109 480299 456517 305327 999999999 989537 716607 956143 1051036 721625 398875 384014 369819 391546 298977 841379 949375 158076 392859 309769 436841 268662 306282 585155 329779 622798 355122 762575 514272 244214 683586 742251 714884 756805 748915 929069 647650 900194 286208 787173 274917 706278 821034 401603 25988 587342 183203 694620 592148 959468 639099 779274 839944 556116 235379 363575 96017 593216 146145 855354 619558 704504
906201 936363 904539 1230987 865042 413688 466613 544105 723445 684913 1123355 195954 863790 728700 497154 697372 1054219 754524 801810 416933 794956 542734 777494 639172 995806 671911 816011 630725 961074 582489 138513 687720 768651 981102 948536 241912 728804 926307 937513 1045158 600813 685117 989537 999999999 976307 572126 61552 918522 594661 1155956 1168742 701866 744807 240467 543560 945357 823756 1122854 559239 776347 964210 450879 764033 896274 661734 680461 481172 774596 353247 978650 303426 858199 922358 82375 462521 534897 928626 205941 852618 658777 326146 859506 968427 808715 813441 755094 960272 42395 522778 614238 751385 1026007 754294 1010197 966353 977114 882640 156757 481575 322413
853042 322757 71769 509269 576045 581127 695915 519020 1025510 704461 572581 795192 892409 253938 706038 286893 370493 573028 320429 575338 417110 433629 199194 338959 293103 1052475 191988 357881 744180 980903 941368 508740 1031830 619401 740745 822230 787269 576852 572706 283035 499967 643962 716607 976307 999999999 533786 1020624 62872 717149 479040 508406 885023 811080 736435 549976 558618 982237 518970 736979 808212 416416 588503 872315 109575 776717 314584 755568 562683 900047 26656 703219 142175 75682 893968 966560 519148 430639 865764 456033 319800 654503 1011655 722844 194361 624232 222668 126522 974789 462848 382792 296363 194537 670754 377671 621133 130243 591007 825120 950124 894329
990540 377247 472532 969921 789379 369467 587960 49875 993454 754548 949119 378290 990274 302742 621482 366447 790210 708816 255647 200149 627868 266711 380480 315387 706956 981554 465802 218514 955954 885130 607992 605910 1022706 891915 946333 546741 841118 830810 835543 734394 513620 710078 956143 572126 533786 999999999 593876 471390 701912 912726 936922 890433 867078 364384 28568 831932 1023080 917469 692970 884519 757623 446266 918991 506744 791251 237045 653749 716291 693677 523152 435729 391772 460664 501355 807225 62342 741289 570791 701520 272174 285562 1061229 947306 456248 786051 340935 585597 590431 327133 187957 240461 672218 777664 765897 883783 601683 810904 465394 806367 670558
967112 964492 948941 1288271 925827 467007 528026 570097 778648 746456 1183035 228603 923990 770472 558688 745232 1110471 815322 831881 453160 852859 588120 822616 685720 1050489 724984 865094 670392 1022625 637523 195627 747198 824331 1042048 1010087 303462 789882 986979 998108 1099115 658889 746526 1051036 61552 1020624 593876 999999999 961790 656186 1213599 1226854 761249 805652 284879 565491 1005761 881738 1181646 620695 837305 1022121 508421 824016 943858 722835 719421 542589 835276 410978 1021814 360691 898890 964329 133874 516805 561828 986958 267130 911554 701529 366627 917111 1029958 857529 874713 798430 1009641 97435 572676 652002 785631 1077354 815814 1066985 1027356 1026605 943552 211847 536996 380617
845922 287263 27908 551939 572859 528722 656050 456171 1000307 682367 598477 735509 880733 192714 668780 237282 400324 557822 265491 514477 405434 376629 145078 284539 317921 1023391 161726 296267 745517 948217 887760 484896 1009309 627407 741070 771182 767831 580420 577655 317961 464709 621948 721625 918522 62872 471390 961790 999999999 687644 515051 543824 861813 792454 678253 487289 564920 964887 548162 704841 792087 430178 541787 853800 98840 752250 252145 717929 549671 855672 60136 650518 80667 27677 836281 927403 456276 438754 813955 453004 260271 595278 995799 725647 161172 614783 163453 152080 918170 410141 320580 235263 233862 655037 400199 627520 162010 589410 768654 912205 848400
323391 884172 661292 727269 304130 340550 138918 652042 317231 90671 577367 548912 300344 580284 102301 475911 584710 205816 764816 522084 333301 450758 563491 468137 564432 335778 527197 554910 367173 266648 472073 214036 334706 409017 354593 353060 148916 364986 377849 619926 228894 111441 398875 594661 717149 701912 656186 687644 999999999 650203 652977 191707 172248 478934 685444 390815 321474 596001 38890 197317 470611 258278 218084 607819 89930 588640 115413 227708 289983 735106 345676 678638 708280 539945 286869 639714 429857 390073 349988 529728 485109 359416 376346 526745 236649 574934 628369 562716 384004 569312 685555 649094 165320 535127 393048 639741 316101 470821 262428 307942
579562 800275 495611 77442 355122 753976 722608 878791 865129 581119 133463 1024788 645902 615752 707396 549980 122718 444465 770017 855921 361093 693444 538578 608820 207751 921038 448687 695088 431421 889858 1066869 475977 848955 294349 436102 933386 621371 303987 291292 197159 555254 539245 384014 1155956 479040 912726 1213599 515051 650203 999999999 29690 729584 633475 949481 917644 274037 765301 74883 686872 611639 192114 705210 681743 432216 653583 678308 748472 422507 929474 504976 852919 582100 540979 1080315 936055 873014 229772 979202 310070 641354 895322 779466 404609 458109 429871 578816 363173 1137053 672284 725976 717407 284503 507800 152053 307614 353296 350919 1001993 910453 940245
567304 829377 524083 77956 353913 769621 730350 902281 858512 581144 113244 1041047 635018 641265 713773 572991 148526 447858 797730 875907 374047 714058 564410 631050 234163 916002 474041 718912 418178 887890 1077080 485436 840842 284269 423581 943768 617351 299808 286832 226136 567988 541640 369819 1168742 508406 936922 1226854 543824 652977 29690 999999999 724763 628337 965365 941305 270277 755411 61627 690181 605350 204916 718509 674874 460017 652265 703287 753704 425770 934994 534392 866222 610188 569876 1093894 937709 896270 240307 989340 318850 665149 913050 768261 391444 483403 428146 604580 391836 1148954 690866 749763 744204 313877 506429 172739 298355 382233 347945 1015548 911737 946685
228523 1072193 834630 802565 377948 524183 307924 840583 143247 180739 628622 699315 168598 768120 271690 661545 692184 322275 955148 705182 476678 642321 745695 657981 692305 191472 700091 746410 344876 179444 566142 377037 147641 446051 333890 474683 109381 425608 438372 745730 415952 241127 391546 701866 885023 890433 761249 861813 191707 729584 724763 999999999 96571 636870 872863 455548 135218 663569 197628 123343 575973 444378 69507 775634 110425 779315 251356 338782 352567 905078 505771 860244 884190 663821 276556 828106 537271 499355 467649 720025 657998 174006 365561 700921 303967 760299 784820 663890 575502 761017 875759 790867 231271 644286 430492 794002 379223 605991 248894 381527
161551 1017701 764843 706174 283599 511276 309151 817357 233979 116829 532133 717262 128157 715184 271686 606128 599255 239618 907010 692341 396478 608732 684888 610718 603676 287680 631304 705296 254248 270296 613844 310313 226810 349620 242643 507796 26492 329504 342188 656169 368163 173760 298977 744807 811080 867078 805652 792454 172248 633475 628337 96571 999999999 649095 852039 359501 172910 567090 196269 33187 483569 428315 61349 702540 85947 733536 268807 253449 408206 832367 515755 797756 816075 697861 353131 805281 445668 539032 379494 673445 657357 206213 273121 633106 210761 703382 705451 709406 543235 723063 827658 705590 143347 551968 334007 713553 283724 633170 324883 433937
801969 707989 664690 1021905 695893 195814 340235 326820 704984 560165 934126 76970 776791 488238 377527 460606 840395 588676 571414 182754 593785 303339 538010 400844 775264 674912 580998 390899 822338 576439 244288 503773 743099 813036 810366 197054 627244 753702 763327 821740 405712 540979 841379 240467 736435 364384 284879 678253 478934 949481 965365 636870 649095 999999999 336813 767867 771000 925080 452978 675968 761002 259100 685535 659065 563424 440909 386191 605738 355402 738366 133359 617840 681895 158592 477099 315744 728951 211025 659204 418345 88042 809556 823927 573270 658410 514802 725603 244324 290257 375721 515681 795189 615116 799503 799869 742638 715791 102556 483541 327351
978297 404199 487023 976362 783157 350046 568766 39890 973554 740525 950106 349761 976134 312847 602876 368907 795427 699849 280316 176468 624620 258064 389811 314906 712994 960170 472819 222612 947737 863350 580119 597080 1003581 887549 937887 520811 826242 826169 831316 742262 502810 697513 949375 543560 549976 28568 565491 487289 685444 917644 941305 872863 852039 336813 999999999 828314 1006103 920077 675249 870271 758766 428492 903046 517919 775065 246631 633856 708120 669054 540406 411460 408480 477829 472856 783538 49183 741021 544051 698476 276302 259204 1044398 939829 463253 777203 350943 596622 561908 315589 191705 259761 682593 766145 769567 878976 612962 804725 437503 783263 645482
323570 840151 538119 347670 86695 576806 486252 788541 591828 313332 186583 844816 382755 576888 463699 477301 253744 193337 766233 720097 204134 574183 514305 518243 286166 647007 429470 620748 190306 617715 839989 264095 577480 63798 189576 709361 347446 30058 18200 328741 363681 280017 158076 945357 558618 831932 1005761 564920 390815 274037 270277 455548 359501 767867 828314 999999999 497890 209989 429171 338387 150624 509259 408951 466099 382587 624332 498373 172050 678881 584330 651804 603304 592346 876692 671362 779533 128133 752937 131055 570979 733141 515859 166521 436126 158749 548451 434075 920438 530233 648824 695512 400352 237050 213001 62650 435268 77799 799521 644803 693830
