NAME : synthetic_000824
TYPE : CTSP-D
DIMENSION : 100
GROUPS : 8
RELAXATION_LEVEL : 1
EDGE_WEIGHT_TYPE : EXPLICIT
EDGE_WEIGHT_FORMAT : FULL_MATRIX
EDGE_WEIGHT_SECTION
999999999 672738 144514 274998 501204 436060 42350 160596 308960 130382 335088 583681 678471 478594 691248 237537 297900 820959 822986 558146 424371 254428 253838 391632 556905 879888 474080 468668 229374 344500 79310 666240 79185 213874 308842 163737 653376 440025 535656 234968 447597 742529 621713 313347 837853 769309 879506 483077 353783 756754 774507 831251 117269 531315 498433 755895 356401 166679 754525 53856 860077 380523 742075 194501 356197 802813 506575 755675 736255 867872 593266 628861 340223 405471 145282 705701 765428 519022 393318 765039 492623 754679 226310 446605 505830 591424 339797 181834 566110 287146 392471 831627 366498 272703 210489 701992 666768 65518 293036 748701
672738 999999999 619627 507826 907539 299825 663924 794716 503832 565773 950363 566073 24047 246847 678888 436560 922019 585162 234099 121064 926624 548343 520938 929876 225723 260090 607630 204098 591316 328523 610290 391979 655388 487719 370342 714755 831246 467620 226439 581721 375920 563128 178128 518790 800071 796873 914467 250550 611135 900987 557337 659099 744758 867274 530375 84341 571135 731519 270875 657371 191057 917958 163518 866059 367779 371201 187180 798646 567778 333943 266414 570419 978274 725215 557261 873686 262005 425977 502250 484443 180224 541769 449224 384325 285931 272535 618125 533396 847894 452868 503111 727091 1015396 939837 691441 109994 104360 737698 667284 791722
144514 619627 999999999 343442 396730 440254 103837 301470 378485 74771 331368 441851 630073 394785 546969 201428 302393 684801 735723 517118 351186 116819 325998 335129 464731 796579 329634 421238 330068 302034 174833 543697 209256 132412 295910 303953 515172 306796 529659 91862 331726 604939 607688 388648 693341 625254 736749 396721 455889 618548 638603 690509 135803 410621 572320 698470 447745 112302 653740 91623 797135 322865 659767 279587 371675 689809 437826 611872 598100 766901 490187 487620 359125 271501 215381 568217 666906 566684 256192 635585 446535 619273 186550 328880 405154 599907 444521 246207 437185 179928 255244 688057 397835 337381 97185 627428 635878 177540 156473 604831
274998 507826 343442 999999999 740172 214085 298011 323476 35292 271317 610020 670917 504665 408860 798329 211258 572638 855906 711263 387279 685246 386847 21604 659086 488437 755554 603537 328673 85932 244168 196551 661613 211068 278822 175696 225779 828192 505852 311938 393392 460289 790177 399951 46179 950773 900309 1022054 417672 140628 928675 811318 892319 390191 750043 229605 590712 115481 424809 680203 301169 697217 647389 626710 447337 140075 756463 398648 891086 787408 784731 544393 707622 612328 602481 133995 881783 684551 245292 483573 775078 344020 790559 218020 464390 467363 344011 137736 98704 769421 340075 483313 918821 634340 529916 439539 574685 465503 330687 490512 883456
501204 907539 396730 740172 999999999 811544 462842 606980 775205 469763 316567 441326 924908 660868 450086 574137 334238 677220 936172 834886 130127 387668 722591 183772 695628 1001190 327526 742663 721000 649278 561104 652334 580046 491648 668453 658564 271171 448516 886624 364877 535116 601297 951345 785307 534700 447490 507150 656994 847726 349626 642418 634026 396749 85139 968862 970817 842765 335101 825101 454863 1049831 184494 882379 480331 754202 811612 723546 428529 590645 922210 685244 477535 371777 182481 610621 302567 843457 957258 406429 686178 766126 631427 560207 527175 628835 965820 835166 642669 147736 479554 405498 582427 411861 462925 301362 872375 956629 484888 261792 425223
436060 299825 440254 214085 811544 999999999 442339 525771 205363 368490 757467 614952 293964 278066 745312 240966 723162 744365 518081 183194 788717 424396 230324 775360 341183 555571 589876 159687 299841 169439 360653 537842 395324 321529 145097 434579 829642 459951 101465 447044 383397 692469 189911 219607 892006 859246 983923 288112 311818 921169 704138 797339 535006 798835 262106 380582 272086 546428 508622 440097 486154 763088 435414 627416 81674 597106 238327 854267 692500 602905 402986 640959 771870 644756 297053 880825 508855 182839 461741 651639 162661 684258 255698 390512 347677 159827 318389 264829 801554 338704 461997 841817 801397 707909 533215 380103 251458 500389 549791 846589
42350 663924 103837 298011 462842 442339 999999999 197986 332858 104582 317698 545022 671091 459407 650761 227510 282039 785138 804214 552273 391426 216961 277582 361916 535671 862493 433332 460166 261478 335736 103031 635492 117842 190126 307959 205929 611040 404924 539888 195301 418376 706033 624171 339026 796711 727575 837357 463159 387531 714423 738771 793258 94219 490565 525274 746118 387176 130769 731267 12239 848942 350419 724637 203769 364705 775602 492104 713819 699499 844787 568784 590541 329532 363246 164430 663390 742927 538615 356615 731897 484741 719143 214704 416787 481695 600240 374169 200891 524415 258860 355726 791855 360105 275972 168939 686808 664521 81612 250685 706875
160596 794716 301470 323476 606980 525771 197986 999999999 348712 289046 361902 743007 797009 623509 847488 375150 324476 981555 964214 675364 505872 414502 303075 461141 704151 1018192 629852 593981 244656 474463 190179 824539 140641 369074 424476 102791 793186 600600 627053 393201 605155 903065 715639 344715 991829 920305 1026350 629070 336372 895653 935102 991156 215870 652277 507165 879011 356612 284454 903637 210215 985271 452468 881354 158649 444477 957209 642969 905810 896733 1016277 744915 788501 341257 544205 237456 843920 913322 558770 553755 924876 615979 915265 366992 604653 657580 666899 320031 263532 695221 444890 552897 989382 347862 233577 347632 837262 772630 131633 438091 899080
308960 503832 378485 35292 775205 205363 332858 348712 999999999 306050 643734 697085 499026 422378 825341 239397 606200 875790 713723 384554 720509 419273 55314 694166 500251 755673 633475 333767 105006 260440 230969 678771 242824 310248 192434 248497 860059 531992 298806 426881 482301 811789 385457 17585 977611 928818 1051101 431537 121340 960098 831682 914649 424664 784387 194323 585548 89571 460002 688407 336200 691410 682491 629508 477777 139922 767648 406845 919975 809388 790733 557782 732769 644976 636245 169119 913590 691795 213760 511965 792837 346949 810970 247322 486832 483497 323129 122304 133990 803036 368642 511753 943508 666070 560362 474706 576255 454799 363366 524738 912321
130382 565773 74771 271317 469763 368490 104582 289046 306050 999999999 393607 464751 574336 355189 579523 134355 361687 694668 699902 457838 425693 138096 254834 408086 431098 758527 366352 363497 266396 240474 123976 536010 169763 85546 225578 266697 570673 313805 460406 130991 317218 617519 540734 317027 729580 666925 782822 358767 389931 673374 648163 709322 179101 479223 499181 646852 378776 178225 626867 95324 748381 395871 620727 307240 297952 672848 390011 654911 611756 740371 464648 508582 415225 334374 148619 624230 638413 491914 270667 635880 388538 628073 119964 316276 377421 528317 379631 176008 501468 156766 269932 715659 450476 375961 171862 583894 573877 185724 220499 647598
335088 950363 331368 610020 316567 757467 317698 361902 643734 393607 999999999 650588 961251 718957 708018 527897 38439 907321 1050773 848345 187833 413189 588773 133524 781906 1113775 518006 752578 557484 632302 414107 817684 404020 463780 617905 446215 571804 575218 852578 378056 631867 825525 934147 647323 822402 737676 814679 719554 674790 661055 865143 885209 223553 390941 830542 1028165 684142 219089 957598 318314 1124835 132091 979513 205698 681492 975654 766718 719602 816155 1067856 796763 695740 56087 365561 479395 611422 972919 853974 520079 886474 777869 849310 513369 626652 717637 916474 659361 516124 450411 501883 518936 852247 100279 157080 265671 951883 966405 282798 326889 714803
583681 566073 441851 670917 441326 614952 545022 743007 697085 464751 650588 999999999 588471 356007 130688 460145 643205 257135 522192 542092 524936 329597 664223 557855 341756 585341 132589 477811 704775 456289 587542 221203 634507 406948 514584 731430 272552 165113 645216 349989 231700 175083 676054 713519 281189 245112 369549 347212 810557 334924 214571 249187 556786 370042 855697 605789 785721 496403 404770 532793 661168 549796 486919 701090 600153 374354 419087 241936 166006 489829 302391 46738 701407 291378 592590 309889 424149 796269 195107 245846 492109 199230 455139 224451 292071 729783 805196 604301 326441 333974 195722 251874 747376 735281 423572 495290 647067 618273 335390 234415
678471 24047 630073 504665 924908 293964 671091 797009 499026 574336 961251 588471 999999999 264084 702069 443585 932319 609154 251553 121657 941513 562095 518562 943645 247433 273139 627685 211049 588964 335358 614275 415935 658391 497814 373452 715032 852732 487139 214741 595071 395077 587120 159547 513540 823863 820152 938006 268377 603845 923329 581383 683146 753437 885978 517193 86646 563689 742213 293635 664898 192573 931666 184406 872353 364991 394013 202340 821777 591738 353278 289626 593446 988065 742773 559680 895566 284240 411716 520451 508440 186349 565811 456635 403542 306255 255076 611388 534612 867597 466079 521289 751069 1024578 947053 703945 132358 82274 743677 682371 814825
478594 246847 394785 408860 660868 278066 459407 623509 422378 355189 718957 356007 264084 999999999 482547 248838 693651 466868 344828 188991 681746 308271 412301 687673 82194 403484 369776 124802 474866 165872 433526 261761 484379 270219 233614 564582 603368 227882 290785 342854 135623 414740 321526 439941 623120 600068 723619 10046 543680 683210 426150 519553 527842 622772 537349 315184 509328 503185 281767 450505 406697 675960 265856 662383 292255 348853 66116 597808 415107 393298 135560 374274 752028 478690 398348 649881 290280 459940 256847 376345 136438 406214 256518 144207 70006 374674 544153 388044 607049 217213 257651 567087 792052 728851 454916 233126 303713 539399 422451 590330
691248 678888 546969 798329 450086 745312 650761 847488 825341 579523 708018 130688 702069 482547 999999999 587110 707172 234568 601867 665609 556799 441683 790772 598530 459408 661244 217641 605812 828366 586917 703436 302200 748159 529087 644659 845201 212930 293971 772989 456514 361919 171423 799775 841557 152519 118607 241086 473386 937230 238175 209144 183970 649181 367697 986146 709884 913507 584052 483903 638569 753278 592648 580843 788275 730683 429364 543829 119879 160751 549463 412475 109540 762055 343364 714013 230342 503269 926847 316672 274729 618984 205259 581228 354835 416149 857178 931280 728087 310379 459177 317089 146079 807757 812094 511602 598033 765572 718851 418996 113153
237537 436560 201428 211258 574137 240966 227510 375150 239397 134355 527897 460145 443585 248838 587110 999999999 496021 656450 589476 325212 547795 192096 204096 535602 330254 644635 394746 232670 249836 108228 184978 473028 235570 82634 95877 317699 625246 295313 328242 209617 259124 586626 406912 255089 739581 689468 811712 254871 350417 723718 610820 686784 311897 568416 416050 519120 326600 311231 530163 221427 622762 523311 507207 429654 180298 590247 269887 680577 583013 642111 375201 497813 549150 415289 153004 678447 539090 386132 272607 582765 257237 590064 14895 261811 289431 399791 345187 151541 578607 129248 272382 709309 583501 503481 292466 465292 439838 301781 312858 672924
297900 922019 302393 572638 334238 723162 282039 324476 606200 361687 38439 643205 932319 693651 707172 496021 999999999 900335 1028567 818203 209073 390579 551334 155767 758684 1091068 510820 722801 519298 601473 377080 802728 365967 434506 584749 407882 580989 559107 819061 355504 611498 818277 901380 609575 826483 742876 824533 694660 636373 673195 857358 881754 188286 404207 792484 1000675 645869 190916 937808 283268 1098491 151632 955934 169634 646498 959351 739614 725140 809176 1048902 775965 688967 60251 363809 442614 622779 952706 816919 503755 875381 748049 840948 481647 606650 695319 881798 620934 479321 461740 476457 502618 852371 105156 129853 244304 926773 935392 244640 313445 720029
820959 585162 684801 855906 677220 744365 785138 981555 875790 694668 907321 257135 609154 466868 234568 656450 900335 999999999 438174 614304 774037 568526 854147 810515 407724 486936 389581 586585 906063 616389 811920 207549 861909 623632 683537 956800 446732 381080 740647 594151 397543 82163 741039 893227 261084 306669 386621 456855 995858 453920 46505 85313 807394 597501 1004174 589231 965077 749853 332514 773106 602826 803113 447015 953246 755450 246395 510222 319822 91185 359039 346347 211582 958452 545150 803926 457937 349083 924751 428739 100730 590523 66836 655803 394639 398494 817925 993636 807787 542729 545743 429662 170961 1004434 990916 677586 483106 685833 862312 591482 316627
822986 234099 735723 711263 936172 518081 804214 964214 713723 699902 1050773 522192 251553 344828 601867 589476 1028567 438174 999999999 335717 985975 638027 720776 1001734 271007 65064 610294 383261 789484 491742 774147 303160 823876 614696 550529 897441 792924 493091 457691 673140 420608 447579 411095 730020 688743 710164 812669 341161 828158 839485 426209 522120 870443 877922 761895 187248 789070 840482 118366 795226 165936 990832 84658 1006958 573867 192242 322187 717299 455761 106772 256478 506983 1088060 758927 732250 824722 98874 658992 543462 346421 367299 417426 598681 426657 333262 506361 833228 715747 843139 555863 544563 603370 1129759 1072058 785172 138024 331671 884193 735022 711649
558146 121064 517118 387279 834886 183194 552273 675364 384554 457838 848345 542092 121657 188991 665609 325212 818203 614304 335717 999999999 840491 459244 400051 838675 211465 372446 557391 96333 470397 217435 492910 408529 536762 384825 251925 594041 792292 415702 131564 490506 324137 576675 134170 399946 800360 783982 906264 196690 494823 871818 579536 679013 636654 803685 429890 205047 455216 629399 338545 546560 311916 826533 254301 752375 247210 433590 123531 782858 579155 424553 269720 556240 872861 654964 438023 838861 335768 331687 439338 515581 71133 561406 338765 332682 250077 203720 500945 413158 792048 362519 440014 736803 908242 827988 595993 198169 122249 623508 583519 775497
424371 926624 351186 685246 130127 788717 391426 505872 720509 425693 187833 524936 941513 681746 556799 547795 209073 774037 985975 840491 999999999 381247 665818 54310 729562 1050809 397755 744949 652650 637807 494189 720216 503009 469003 643628 570399 395757 493138 873363 350639 569294 694685 946010 728244 655307 568677 635364 679711 778025 478872 735633 739644 309924 209898 914503 996833 778598 261183 881223 386105 1084119 57528 924112 366314 722564 881165 739513 549981 684471 985065 729977 566190 242351 235828 551638 430811 898510 916825 442798 770022 769690 722367 533028 562307 662291 947446 764155 586566 271932 477980 441714 695723 281799 338904 255702 906474 962561 394480 259394 546007
254428 548343 116819 386847 387668 424396 216961 414502 419273 138096 413189 329597 562095 308271 441683 192096 390579 568526 638027 459244 381247 999999999 373992 381577 368718 700731 228452 363803 397720 262037 262062 428825 306568 110946 283040 403647 441669 190005 499595 35140 222699 489125 567547 432895 591495 529331 646354 307992 516644 542935 522240 576823 247673 376678 604888 621987 500325 204784 548695 204839 714942 369632 566353 393884 371479 578152 361418 517659 482543 660827 385971 374513 450226 223230 279871 495317 563053 578141 139794 518913 388474 502784 179616 218677 304766 578184 507935 300752 387001 96742 138882 579127 492547 445855 147614 540017 581334 293946 126946 510285
253838 520938 325998 21604 722591 230324 277582 303075 55314 254834 588773 664223 518562 412301 790772 204096 551334 854147 720776 400051 665818 373992 999999999 639031 492762 766285 593289 337586 70408 246652 175672 662029 189463 267538 178721 206462 815649 499404 329409 379021 457422 787151 417729 62802 943286 891291 1012461 420852 146458 916612 809232 888653 369367 734015 248690 604264 126340 405080 686447 281042 710963 627383 636137 425777 153607 760775 405475 881705 784097 792171 547572 701784 590808 587494 114191 869289 691364 266867 475052 774941 354053 788455 209561 461169 468851 363942 141200 79997 754588 331733 474746 913221 612741 508352 421571 584854 481694 309157 474818 874102
391632 929876 335129 659086 183772 775360 361916 461141 694166 408086 133524 557855 943645 687673 598530 535602 155767 810515 1001734 838675 54310 381577 639031 999999999 740405 1066209 427724 742513 620989 630713 464882 745040 469010 459895 630788 530815 445752 511366 863430 348748 582083 730125 938958 700837 702648 616522 686811 686419 744962 531200 770778 780020 274911 261325 887153 1002599 747856 234976 900152 357990 1092949 12293 936814 316909 706024 905692 742832 598006 720151 1006303 745256 600655 188158 266481 525091 482530 916900 895265 458827 801087 767572 756638 520714 575585 673606 934938 730620 560865 322520 477696 457708 739609 228227 285578 244420 916097 960123 355819 267560 593739
556905 225723 464731 488437 695628 341183 535671 704151 500251 431098 781906 341756 247433 82194 459408 330254 758684 407724 271007 211465 729562 368718 492762 740405 999999999 332531 384854 181538 556250 247126 514470 200230 565565 345575 314113 646625 605527 248230 333508 403850 161205 365662 344094 517734 589985 578002 698604 75414 621231 676302 370580 468754 599612 648954 603206 276999 585855 569844 199916 526253 355311 729069 197718 737362 366446 268060 103325 578315 367878 312129 62012 349950 817916 513606 480437 648133 209178 518555 290068 311918 183091 351813 337351 168817 67371 412881 622440 470198 625694 284856 291063 525339 859228 801318 516297 177386 306273 616437 472892 571164
879888 260090 796579 755554 1001190 555571 862493 1018192 755673 758527 1113775 585341 273139 403484 661244 644635 1091068 486936 65064 372446 1050809 700731 766285 1066209 332531 999999999 675160 430505 835784 544095 828544 365225 877598 673699 600119 948329 855178 558038 486505 735868 484653 503048 430127 771489 742026 767404 866790 400518 867269 899288 479008 571867 930756 942638 790107 195137 827644 902370 180582 853797 136548 1055258 137877 1065766 616530 241234 375249 775253 511716 133044 321039 568664 1150392 823986 784238 885909 161193 684855 608185 399653 412389 471804 654467 490848 396158 526317 873276 765996 907354 616989 609282 655021 1191758 1132104 848108 182240 347625 941876 799286 769816
474080 607630 329634 603537 327526 589876 433332 629852 633475 366352 518006 132589 627685 369776 217641 394746 510820 389581 610294 557391 397755 228452 593289 427724 384854 675160 999999999 476867 623616 421398 490161 325815 533148 326087 467850 629937 240135 141896 639851 239986 234312 307620 686633 648590 364272 301037 419723 363325 738705 332360 347139 375077 433479 268256 808120 661513 718828 370115 497897 421163 732016 419212 560899 575170 558083 486167 435859 289868 298401 594960 364445 178149 568875 162057 506720 290949 516410 763537 128255 373364 496279 331493 386164 225724 321723 724450 731181 524691 240843 266202 128060 360914 614853 605377 297147 556960 673424 501348 206192 282402
468668 204098 421238 328673 742663 159687 460166 593981 333767 363497 752578 477811 211049 124802 605812 232670 722801 586585 383261 96333 744949 363803 337586 742513 181538 430505 476867 999999999 406243 124494 407437 379395 453796 288853 170617 518955 715269 337208 167413 394630 249496 538031 211295 350670 747680 722683 846689 134575 452031 799635 547400 642622 542577 714829 421779 287342 414554 533540 355890 453874 392371 730358 298605 661987 194527 440203 78717 719705 538811 456972 243422 498197 777922 564237 357152 763732 358409 338168 354080 492640 25307 527857 245605 257668 194471 252130 455328 336430 706553 267216 354647 691750 813922 736137 499674 248338 217723 533600 488870 712155
229374 591316 330068 85932 721000 299841 261478 244656 105006 266396 557484 704775 588964 474866 828366 249836 519298 906063 789484 470397 652650 397720 70408 620989 556250 835784 623616 406243 999999999 309132 160052 718765 153887 299394 242878 143601 836652 541646 397844 396644 508538 836426 485766 100059 980616 924157 1043161 483009 126725 939038 860545 936180 346474 740500 273667 674671 127290 392235 751999 267777 781371 609839 704826 380361 223990 823710 472164 913453 832723 858961 609269 744458 553498 599818 118221 890268 757563 314488 511742 830346 423404 839780 251823 511486 528169 427463 114558 100475 766508 370899 511304 955840 571269 462553 420604 654086 551297 274687 485069 905960
344500 328523 302034 244168 649278 169439 335736 474463 260440 240474 632302 456289 335358 165872 586917 108228 601473 616389 491742 217435 637807 262037 246652 630713 247126 544095 421398 124494 309132 999999999 285744 418351 333824 171234 68494 405938 660739 295788 237560 288609 229161 554880 308411 277999 736696 697924 822418 174261 381517 753377 572851 658833 419219 631992 399868 411418 349174 413914 444063 329597 515701 618450 408002 537536 144245 514695 169555 691767 553196 553004 300936 486733 655646 478168 240514 712232 450650 343270 293144 532405 149009 552230 121434 234992 223360 316940 380841 225434 632756 171215 293350 693971 690812 611704 386328 362813 334105 409267 388937 684058
79310 610290 174833 196551 561104 360653 103031 190179 230969 123976 414107 587542 614275 433526 703436 184978 377080 811920 774147 492910 494189 262062 175672 464882 514470 828544 490161 407437 160052 285744 999999999 643397 51740 188763 241100 144998 688902 432925 461212 252571 423990 736379 548273 236410 853554 790442 905474 439248 286729 792116 765476 830295 193696 582810 422466 694249 284537 233114 714195 108200 799766 453418 691473 266772 279847 770427 453308 778184 731099 826569 556769 630778 419373 446330 66139 742167 723570 439873 392735 747948 430341 745111 177121 424495 469772 514153 274063 102556 611681 266735 392060 838906 444782 347453 261433 648101 597190 140541 331305 770917
666240 391979 543697 661613 652334 537842 635492 824539 678771 536010 817684 221203 415935 261761 302200 473028 802728 207549 303160 408529 720216 428825 662029 745040 200230 365225 325815 379395 718765 418351 643397 999999999 694892 456122 486624 785749 489968 244144 533490 460542 219645 171422 537720 696338 409405 415584 527336 251867 799860 538011 171011 271010 676493 586664 798649 411893 767223 629314 184903 624173 451090 735402 278948 822609 553160 160950 302700 420511 175805 270435 139208 203848 862879 485150 625135 521707 204399 717517 299452 114675 382978 153058 475038 219888 195717 611698 798918 623783 546575 379650 300578 335177 907682 873050 562232 300400 488143 716356 490815 414315
79185 655388 209256 211068 580046 395324 117842 140641 242824 169763 404020 634507 658391 484379 748159 235570 365967 861909 823876 536762 503009 306568 189463 469010 565565 877598 533148 453796 153887 333824 51740 694892 999999999 239636 285084 97085 724040 482072 496690 293602 475394 785799 584713 244606 897284 832124 945310 490263 275976 827463 815432 878723 194107 608275 426525 739588 281099 245837 765383 127193 845593 458113 740859 237074 313686 822130 502406 819313 780323 877586 608353 678312 402457 478120 99543 776890 774570 456193 440321 798998 476093 795140 228292 475777 521419 544185 261623 130605 641073 317466 439601 885258 423345 319483 286261 696622 637498 121458 363972 812154
213874 487719 132412 278822 491648 321529 190126 369074 310248 85546 463780 406948 497814 270219 529087 82634 434506 623632 614696 384825 469003 110946 267538 459895 345575 673699 326087 288853 299394 171234 188763 456122 239636 999999999 177126 333300 549838 246941 404424 126988 236484 548984 479099 324515 681253 625504 745688 273537 412623 649927 577245 644788 259302 486209 494084 567289 393555 244706 541484 180701 667225 447616 536004 392264 262931 589153 307917 615311 544071 654966 379585 448178 490559 333517 185642 603351 552919 468379 212682 559365 314154 556798 69244 236468 292231 478993 405166 199409 497931 77999 212201 658720 528102 459160 215496 500352 504100 271177 230239 607756
308842 370342 295910 175696 668453 145097 307959 424476 192434 225578 617905 514584 373452 233614 644659 95877 584749 683537 550529 251925 643628 283040 178721 630788 314113 600119 467850 170617 242878 68494 241100 486624 285084 177126 999999999 348453 704310 351091 234894 303576 292377 620601 316802 209950 795734 753055 877023 242248 313273 799973 639636 724063 397818 659471 342334 454590 281551 403787 509124 304024 560794 618505 466093 503302 90719 582078 230141 745875 618552 616531 368999 547363 635806 505600 187104 756782 514834 298174 340689 600518 191725 618956 110602 297523 291828 304200 312396 165953 666173 204888 340716 756432 667891 580965 388180 417907 357932 374355 406734 738164
163737 714755 303953 225779 658564 434579 205929 102791 248497 266697 446215 731430 715032 564582 845201 317699 407882 956800 897441 594041 570399 403647 206462 530815 646625 948329 629937 518955 143601 405938 144998 785749 97085 333300 348453 999999999 816768 577894 534925 390147 566997 881377 623468 243340 994151 928385 1040696 571272 235595 920182 910373 975088 262645 693296 404781 798999 254124 324152 846336 216905 905810 520897 813381 251939 354672 907905 575371 915359 876089 957214 692896 775076 432765 569174 166294 869236 854345 456596 537025 891693 539257 889979 312922 567898 606974 569710 219387 182526 729515 411292 536321 982303 444179 331419 373953 766204 684619 175960 456297 908247
653376 831246 515172 828192 271171 829642 611040 793186 860059 570673 571804 272552 852732 603368 212930 625246 580989 446732 792924 792292 395757 441669 815649 445752 605527 855178 240135 715269 836652 660739 688902 489968 724040 549838 704310 816768 999999999 378117 879453 440013 468296 383344 923502 874109 264973 177856 243611 596023 957807 103435 421891 386980 578817 186678 1041205 876043 941988 509691 674828 599887 933706 443234 759462 698450 794964 632955 669278 158800 372517 752045 572315 286904 627876 249155 718455 53670 694311 1001590 367938 483950 733773 416893 615023 459795 548129 964189 948599 741765 124002 499958 367664 322325 671162 701823 446347 766482 904928 661793 360475 156368
440025 467620 306796 505852 448516 459951 404924 600600 531992 313805 575218 165113 487139 227882 293971 295313 559107 381080 493091 415702 493138 190005 499404 511366 248230 558038 141896 337208 541646 295788 432925 244144 482072 246941 351091 577894 378117 999999999 502270 219193 92537 303791 545718 548408 445832 402409 526759 221500 645640 463690 334593 397903 435825 400904 693165 525000 620609 385836 388828 393012 601349 500926 434621 582512 438305 400472 293964 395991 298254 495537 238125 202863 619322 267661 431731 426621 405750 638578 55371 329020 355712 314677 290801 83964 182705 587195 640490 441262 380482 171128 56505 414368 663906 629881 318106 424100 531552 483446 249278 388280
535656 226439 529659 311938 886624 101465 539888 627053 298806 460406 852578 645216 214741 290785 772989 328242 819061 740647 457691 131564 873363 499595 329409 863430 333508 486505 639851 167413 397844 237560 461212 533490 496690 404424 234894 534925 879453 502270 999999999 525770 416373 698240 88626 311178 913692 890037 1013954 300218 393913 965706 704082 801949 631462 866764 304323 299837 353633 638550 469644 536931 401659 851138 379871 727942 183128 565143 233811 887117 699854 551763 394350 665018 869118 713610 398171 928743 466177 202072 514239 643177 154776 685296 343129 424423 359209 84983 402843 366254 863606 407455 514689 855204 899768 808025 619462 323191 157334 600386 626495 879568
234968 581721 91862 393392 364877 447044 195301 393201 426881 130991 378056 349989 595071 342854 456514 209617 355504 594151 673140 490506 350639 35140 379021 348748 403850 735868 239986 394630 396644 288609 252571 460542 293602 126988 303576 390147 440013 219193 525770 999999999 257131 513874 595968 439570 604251 538581 652907 342751 518601 542530 548101 598687 216650 360531 615917 656029 504846 170601 583352 183062 749550 336709 601473 363320 389908 611374 395067 525964 506861 695297 420816 395777 415202 209637 278463 493624 597834 594851 166544 548030 419518 528994 196008 252869 339880 602857 508963 302843 376166 128997 165539 596707 457663 412896 112529 574895 612348 268882 103261 518754
447597 375920 331726 460289 535116 383397 418376 605155 482301 317218 631867 231700 395077 135623 361919 259124 611498 397543 420608 324137 569294 222699 457422 582083 161205 484653 234312 249496 508538 229161 423990 219645 475394 236484 292377 566997 468296 92537 416373 257131 999999999 329891 455344 499483 509385 476530 601118 129013 600815 550371 352173 432351 467048 491487 628608 435818 571871 427483 326377 407397 516503 570987 355008 611123 373254 358288 201739 472376 327187 438168 164983 258527 671503 352819 408700 515534 341226 565187 128952 325100 266377 331394 259212 8591 93942 501313 597747 410634 472804 160481 129931 464818 714481 667413 367203 338583 439128 499774 314761 464749
742529 563128 604939 790177 601297 692469 706033 903065 811789 617519 825525 175083 587120 414740 171423 586626 818277 82163 447579 576675 694685 489125 787151 730125 365662 503048 307620 538031 836426 554880 736379 171422 785799 548984 620601 881377 383344 303791 698240 513874 329891 999999999 707565 829057 242817 265538 365362 404716 930680 405020 41150 104880 726178 523375 948984 578847 901339 668105 332997 693939 606919 722514 440736 871795 696718 264556 464758 275014 10909 384121 307303 129933 876482 464233 731420 401419 351543 874667 349424 105696 544917 33908 584962 325983 344862 778498 927625 737192 470914 471518 350309 164048 922454 908866 595725 468539 659526 782473 509349 270287
621713 178128 607688 399951 951345 189911 624171 715639 385457 540734 934147 676054 159547 321526 799775 406912 901380 741039 411095 134170 946010 567547 417729 938958 344094 430127 686633 211295 485766 308411 548273 537720 584713 479099 316802 623468 923502 545718 88626 595968 455344 707565 999999999 397076 933877 918152 1040390 329697 474934 1004718 708262 808729 714616 925748 366256 236146 434862 718141 444146 620638 330303 926684 341302 814771 271470 543501 257040 916990 710513 512059 400313 690392 952593 774439 485885 970842 437190 258653 565179 641115 190462 690753 421660 463802 384152 96191 484924 454440 917817 472518 565766 868903 984276 894361 694538 286340 83335 686748 694188 909620
313347 518790 388648 46179 785307 219607 339026 344715 17585 317027 647323 713519 513540 439941 841557 255089 609575 893227 730020 399946 728244 432895 62802 700837 517734 771489 648590 350670 100059 277999 236410 696338 244606 324515 209950 243340 874109 548408 311178 439570 499483 829057 397076 999999999 993887 944550 1066631 449107 103761 974439 849078 931834 429813 795978 186369 600132 72486 467320 705561 342934 705753 689255 645893 477619 156491 785066 424069 935561 826611 807594 575331 749449 647057 648626 176667 927682 708837 214787 527693 810389 363517 828361 262591 503957 501078 331870 104974 142796 815583 384265 527463 960301 667053 560112 484351 592431 467754 365813 536525 927916
837853 800071 693341 950773 534700 892006 796711 991829 977611 729580 822402 281189 823863 623120 152519 739581 826483 261084 688743 800360 655307 591495 943286 702648 589985 742026 364272 747680 980616 736696 853554 409405 897284 681253 795734 994151 264973 445832 913692 604251 509385 242817 933877 993887 999999999 87252 125628 613563 1089744 223771 263022 177448 788084 449605 1136451 820470 1065900 721043 575488 784609 849463 698693 683392 922617 880806 501060 681359 106277 235979 617726 536902 251058 877905 467508 865856 249038 593832 1074334 469056 342573 758951 271437 733746 502763 554542 996897 1083795 880403 386982 611694 469454 90801 922661 939164 649975 709459 892772 861741 557099 109519
769309 796873 625254 900309 447490 859246 727575 920305 928818 666925 737676 245112 820152 600068 118607 689468 742876 306669 710164 783982 568677 529331 891291 616522 578002 767404 301037 722683 924157 697924 790442 415584 832124 625504 753055 928385 177856 402409 890037 538581 476530 265538 918152 944550 87252 999999999 124680 591031 1037399 149394 295774 231723 712903 362416 1095351 825948 1015788 644961 593345 715632 865375 612829 694439 844284 840712 530074 661923 19056 256257 649630 530528 228138 793373 387436 807618 165761 612449 1039792 416862 371052 736443 298362 682296 469099 534280 974452 1030465 824760 299761 560301 417087 153665 837853 857654 575192 714072 884132 789301 482896 22874
879506 914467 736749 1022054 507150 983923 837357 1026350 1051101 782822 814679 369549 938006 723619 241086 811712 824533 386621 812669 906264 635364 646354 1012461 686811 698604 866790 419723 846689 1043161 822418 905474 527336 945310 745688 877023 1040696 243611 526759 1013954 652907 601118 365362 1040390 1066631 125628 124680 999999999 714470 1158208 159280 387919 302506 814833 425580 1219357 939227 1137510 745960 698305 825651 972127 685006 804191 939623 964990 626100 784810 131276 357712 743186 648897 350075 870766 484516 925896 204629 716900 1164443 539350 467141 860053 395310 804096 593721 657134 1098218 1150846 944408 364515 682465 539519 215874 913597 945239 678918 827650 1004059 894757 588538 138970
483077 250550 396721 417672 656994 288112 463159 629070 431537 358767 719554 347212 268377 10046 473386 254871 694660 456855 341161 196690 679711 307992 420852 686419 75414 400518 363325 134575 483009 174261 439248 251867 490263 273537 242248 571272 596023 221500 300218 342751 129013 404716 329697 449107 613563 591031 714470 999999999 552860 675195 416109 509523 530329 617827 547347 317149 518663 504443 275325 454086 407091 674762 263195 665800 301918 340740 73283 588916 405104 387332 126752 364962 753238 474667 405127 642245 284324 469972 252093 366475 145688 396169 262138 137602 60044 383954 553207 395456 601263 218269 252925 557226 793551 731590 455038 232336 310126 543437 420591 581453
353783 611135 455889 140628 847726 311818 387531 336372 121340 389931 674790 810557 603845 543680 937230 350417 636373 995858 828158 494823 778025 516644 146458 744962 621231 867269 738705 452031 126725 381517 286729 799860 275976 412623 313273 235595 957807 645640 393913 518601 600815 930680 474934 103761 1089744 1037399 1158208 552860 999999999 1059514 951461 1032928 470052 866505 174447 690382 40286 518270 807666 394185 794468 734018 744540 486923 257547 888281 526608 1027618 927973 908318 679035 847792 665942 724246 241469 1011477 810439 250078 621422 913788 463509 930717 356014 604978 604731 397645 16381 216043 891247 478167 621106 1059119 679325 566979 547227 690200 551053 393541 609905 1020033
756754 900987 618548 928675 349626 921169 714423 895653 960098 673374 661055 334924 923329 683210 238175 723718 673195 453920 839485 871818 478872 542935 916612 531200 676302 899288 332360 799635 939038 753377 792116 538011 827463 649927 799973 920182 103435 463690 965706 542530 550371 405020 1004718 974439 223771 149394 159280 675195 1059514 999999999 438867 380987 680784 270193 1139045 939223 1042931 611700 721298 703292 988470 530115 814950 797391 890342 666970 748289 134399 394906 787092 636775 336198 717045 352110 820817 51891 740727 1095871 460436 510346 816709 438753 714006 542089 623527 1050677 1050553 843512 211518 596849 460288 302246 758996 796831 549309 827980 980444 764419 463898 137295
774507 557337 638603 811318 642418 704138 738771 935102 831682 648163 865143 214571 581383 426150 209144 610820 857358 46505 426209 579536 735633 522240 809232 770778 370580 479008 347139 547400 860545 572851 765476 171011 815432 577245 639636 910373 421891 334593 704082 548101 352173 41150 708262 849078 263022 295774 387919 416109 951461 438867 999999999 101782 761773 564336 962936 567140 921076 704755 315003 726750 588415 763081 426573 907792 712880 238183 472064 306773 51781 355967 310108 170211 915782 504700 757845 437888 332770 885330 382474 79795 552472 20782 609975 349059 357074 782675 949014 762049 511525 499384 383405 177407 961727 946357 632675 458599 656208 816087 547359 302610
831251 659099 690509 892319 634026 797339 793258 991156 914649 709322 885209 249187 683146 519553 183970 686784 881754 85313 522120 679013 739644 576823 888653 780020 468754 571867 375077 642622 936180 658833 830295 271010 878723 644788 724063 975088 386980 397903 801949 598687 432351 104880 808729 931834 177448 231723 302506 509523 1032928 380987 101782 999999999 805617 551330 1053737 668217 1004220 744222 414019 781054 686065 773645 527020 949228 801116 330944 568816 246852 105659 444344 409293 202956 938199 519705 828948 390966 431208 979492 438813 178565 649098 118049 684369 427974 449709 881565 1029477 836398 493052 568222 439587 86687 984136 980307 671233 560149 757732 867292 581200 244828
117269 744758 135803 390191 396749 535006 94219 215870 424664 179101 223553 556786 753437 527842 649181 311897 188286 807394 870443 636654 309924 247673 369367 274911 599612 930756 433479 542577 346474 419219 193696 676493 194107 259302 397818 262645 578817 435825 631462 216650 467048 726178 714616 429813 788084 712903 814833 530329 470052 680784 761773 805617 999999999 437192 615383 825507 473608 69127 789531 94984 926305 264011 793516 146720 458223 824722 567160 697548 718571 902705 625979 603423 238005 330684 257552 628961 802636 632259 382642 764484 567590 743134 298012 463938 540774 693519 455728 294216 479352 315232 381604 794015 271628 201782 138117 759367 751612 88232 231044 691108
531315 867274 410621 750043 85139 798835 490565 652277 784387 479223 390941 370042 885978 622772 367697 568416 404207 597501 877922 803685 209898 376678 734015 261325 648954 942638 268256 714829 740500 631992 582810 586664 608275 486209 659471 693296 186678 400904 866764 360531 491487 523375 925748 795978 449605 362416 425580 617827 866505 270193 564336 551330 437192 999999999 975563 925870 857664 370573 764206 481122 999533 259955 829041 537946 748151 743720 687437 343473 512599 857087 632290 402980 446893 154087 625728 221205 783001 954530 365954 612069 737127 554400 555436 483159 583569 948427 855029 655119 62782 460810 365168 497879 488833 529939 322252 823527 923938 524808 259742 340113
498433 530375 572320 229605 968862 262106 525274 507165 194323 499181 830542 855697 517193 537349 986146 416050 792484 1004174 761895 429890 914503 604888 248690 887153 603206 790107 808120 421779 273667 399868 422466 798649 426525 494084 342334 404781 1041205 693165 304323 615917 628608 948984 366256 186369 1136451 1095351 1219357 547347 174447 1139045 962936 1053737 615383 975563 999999999 599932 150682 653666 766181 529296 696557 875592 683058 652328 255658 857340 500433 1088206 948267 854259 664915 886591 827130 825504 362865 1094313 764770 108039 682123 912857 423795 942767 426781 634684 605886 273964 190575 328245 991388 542265 682091 1092975 844105 733863 668821 626449 449062 547880 715877 1080495
755895 84341 698470 590712 970817 380582 746118 879011 585548 646852 1028165 605789 86646 315184 709884 519120 1000675 589231 187248 205047 996833 621987 604264 1002599 276999 195137 661513 287342 674671 411418 694249 411893 739588 567289 454590 798999 876043 525000 299837 656029 435818 578847 236146 600132 820470 825948 939227 317149 690382 939223 567140 668217 825507 925870 599932 999999999 650203 809845 259046 739280 106874 990827 142924 948774 450829 356656 261582 829551 584868 293685 303771 604084 1057551 788393 641561 915621 245134 493334 564393 489992 263936 553818 531484 443876 342547 332212 698000 617727 902320 527936 565329 742141 1095388 1021824 767007 111883 153047 820675 737610 822987
