NAME : synthetic_000890
TYPE : CTSP-D
DIMENSION : 100
GROUPS : 8
RELAXATION_LEVEL : 1
EDGE_WEIGHT_TYPE : EXPLICIT
EDGE_WEIGHT_FORMAT : FULL_MATRIX
EDGE_WEIGHT_SECTION
999999999 204028 552143 645834 633928 255948 519333 699598 707246 406129 253208 127530 585508 50010 795898 560209 887624 316785 430084 381506 513677 459542 314812 93303 336064 1051868 756485 940263 395214 474580 743004 614502 291584 748151 754048 288612 756233 261872 428243 280645 552412 188800 322009 973872 883812 446815 210045 582180 302488 302842 641657 379062 684551 915848 584623 471699 599044 463572 398876 163038 564149 557331 158902 640201 603780 837326 1006953 726791 664143 266647 921003 462427 257427 216942 657509 308492 709017 53117 290107 333567 798389 952447 952140 214927 562378 472563 216725 849323 742844 372261 158629 756256 1016127 608082 603548 800190 610203 751096 200715 1090349
204028 999999999 349679 514866 485503 248164 413410 497549 681158 207676 189434 218433 617074 200326 654709 508320 785116 350633 410573 177675 364368 416876 141127 146816 245707 903091 649813 736427 411997 272438 608908 530524 182281 685752 662436 310133 552340 338993 446274 343732 367235 261094 192823 797460 733417 483836 203100 484946 319971 215175 472418 285910 499983 713087 562518 270971 625026 526749 351597 268200 401290 362679 49770 493103 656703 736119 856139 662058 470220 173482 719198 267299 53558 164760 551777 116473 591084 220614 293548 351404 600094 770200 761207 236194 582734 459013 54575 681714 575641 168283 68677 555309 861729 406466 449306 597550 522445 672650 182484 938735
552143 349679 999999999 498025 433768 471900 488482 147924 818135 149496 448443 529278 837478 549473 575255 642134 772513 622869 614511 180530 367628 590319 300350 478992 370955 766885 652237 400438 653978 128861 557915 605930 344503 764773 692719 529495 220585 643843 681613 638798 137291 543725 312199 589594 614581 730519 457881 549762 587680 372594 360443 372901 315565 389628 726063 143974 838002 791310 542622 569029 344149 80588 393278 442256 895639 733862 719521 741340 150292 415043 403235 185028 296272 450675 579719 273865 582598 569832 558576 610153 256266 544212 500875 535266 795402 656743 356573 519598 437481 187082 397455 206692 714623 58107 395459 248052 593307 725762 481421 791490
645834 514866 498025 999999999 69686 760564 139358 564749 373566 510667 394053 720602 488328 606083 152284 246542 283709 445706 333892 436680 155736 281703 376133 642179 724529 409110 155054 614671 408667 389338 97171 156253 665611 282725 195899 823873 500975 517130 411433 494793 627906 771901 655399 393271 246524 457042 717643 120345 424759 703361 159667 752705 250045 558623 333884 374175 478207 526348 298478 771337 154395 576317 555669 63099 560122 239926 366495 262066 633759 379499 541916 336559 493106 429414 92927 412858 85871 619754 411821 417870 674820 400439 450872 462052 446783 341947 466247 256400 179817 444444 580763 614387 379281 530125 103191 610220 144320 234176 450323 449226
633928 485503 433768 69686 999999999 726384 165446 495632 439829 457891 388252 697982 541664 597788 169686 300658 340387 466985 368072 387834 121975 317958 344470 620390 681305 419668 219040 549406 440529 330955 131356 218787 624581 352334 264129 790445 431522 533502 448180 512967 565934 745908 611415 364339 250434 496410 685937 173883 442028 662347 90327 706892 182107 494515 390793 316422 533066 566634 321305 748780 95926 513003 529489 8753 612693 300212 373783 331480 566588 368415 479220 281360 457735 421386 162036 376708 149613 613087 425077 440192 605224 362260 402104 465845 499056 383818 440651 228417 133149 396454 553237 544839 382229 463444 40603 540582 206053 303670 445907 457102
255948 248164 471900 760564 726384 999999999 661474 601724 914781 331769 421122 136357 822193 297344 896058 748242 1033159 547522 636949 362210 607388 652246 384434 174155 120017 1138623 897836 869751 620977 455843 852989 777328 127427 929916 910380 64448 692449 507126 655628 521824 409888 99067 160529 1011823 969782 683294 50867 732793 524532 102826 701563 151129 711528 861527 793166 461666 833494 709995 586715 138357 637094 439832 216804 734374 848802 984243 1090974 906550 532523 413895 874686 475193 268656 388239 799930 349680 838375 307636 503909 557415 673364 977362 953115 431672 793717 684130 301051 907171 803656 351497 189724 647141 1094383 515256 688389 700692 769645 919435 391928 1172359
519333 413410 488482 139358 165446 661474 999999999 587118 329895 459620 266205 605054 388504 476776 290256 158965 373933 306942 202636 379316 125924 153029 286036 526680 643240 545761 239605 692124 275320 363463 232408 124642 581047 287617 249128 722664 550492 377786 282886 355563 603188 660178 577321 526343 385630 331581 615158 72503 285415 617928 235103 676542 325439 641265 249059 347549 382593 401910 159674 655128 177412 559118 448017 166440 457522 324215 504385 263362 635950 257850 629467 305866 403032 302758 140198 328654 189904 489000 272738 279319 704165 527270 566618 325932 344976 220827 360624 389211 298548 384403 474500 643525 518016 532451 163943 651697 113962 263327 319907 586534
699598 497549 147924 564749 495632 601724 587118 999999999 914426 294619 588431 671221 956944 697397 607185 745554 818116 759163 737116 327072 461321 706995 441202 624604 491502 756781 711569 271779 783458 258232 604120 694274 476156 844679 759626 654962 121916 785460 808826 778830 205104 680698 441474 551780 624034 858976 593802 639339 724060 499508 409262 484024 335508 276556 833725 270230 955490 922586 665989 708525 420853 162592 540696 503159 1018753 785851 712070 822522 106033 554605 297350 305641 444177 593701 654335 418688 643544 717757 695341 744275 118658 498780 435215 677750 913907 776114 503730 515841 458223 334226 543917 61095 702064 91671 463002 101357 681166 798823 625028 774387
707246 681158 818135 373566 439829 914781 329895 914426 999999999 777075 494850 822977 205394 657391 444011 180109 333471 394936 279391 696159 454066 264298 583633 751797 926135 624209 292411 988235 316311 692034 397309 222861 862443 130615 235705 968420 866955 465664 287298 441231 929289 884695 867139 717980 525975 291575 864422 275795 404879 896287 529239 964632 621895 932050 122845 676204 185989 327329 329760 867167 495389 887422 700300 434910 264743 301504 602556 134849 965845 507689 914767 634488 688897 526613 282461 627951 327187 660306 418279 374645 1030142 742397 808438 493883 189186 234787 627051 594499 546422 699405 727026 969288 625791 862284 461769 972844 236012 187459 524411 665164
406129 207676 149496 510667 457891 331769 459620 294619 777075 999999999 342045 380018 761084 407658 619907 596975 794326 519650 539026 80968 358936 526314 203095 330063 245230 841476 663858 548850 564197 136239 589136 584015 205655 747070 693708 392678 366740 527192 595393 526330 169609 396886 178212 691095 678032 640710 312376 529475 485240 238516 407334 259743 395050 534510 671298 147204 764827 694887 468915 420655 361970 155612 247548 466614 812070 750175 793346 722847 262975 311675 545696 176884 156220 334877 577099 163291 596109 427846 456147 512101 392893 652489 622807 418499 721524 585412 226109 599124 502421 78084 249402 350259 792820 202959 417291 395820 572739 718002 362636 871173
253208 189434 448443 394053 388252 421122 266205 588431 494850 342045 999999999 344245 430594 212042 545311 327488 636689 177707 221233 273537 272878 231273 148093 267333 434916 802087 504280 782968 227007 330942 491134 366801 371651 511598 505196 477210 606976 197552 260339 190527 511557 402587 381217 741955 635585 301904 371325 330543 143196 403744 410586 475344 470709 746509 374602 320522 437473 353088 165664 393139 330871 489588 205497 393752 474962 586469 758078 488790 591945 33935 744976 292170 209736 36786 405009 179932 455811 225916 114137 170821 703341 727632 741211 93671 394768 269636 137823 611388 506714 270503 232320 649476 768606 505713 362013 679621 361225 506896 57765 841355
127530 218433 529278 720602 697982 136357 605054 671221 822977 380018 344245 999999999 710685 174765 865595 667155 978581 438935 543754 381644 576022 567472 356872 78555 237896 1117336 844657 928718 516112 479720 816724 710953 211417 853797 848846 161364 745877 388402 549939 406125 498427 62467 246935 1015850 947707 571583 100192 672747 421048 208719 690183 277248 717813 912177 700149 481091 723628 590732 503790 50823 617499 516020 170335 705171 730836 928572 1070872 831472 618054 347353 921372 482911 261785 307908 745221 334850 791312 180646 404923 453212 757604 987990 976087 329525 685940 588537 257565 899645 793347 371033 150299 723064 1077432 580410 663439 772467 705097 851084 301682 1153855
585508 617074 837478 488328 541664 822193 388504 956944 205394 761084 430594 710685 999999999 536399 598711 241911 530017 274703 223574 684178 508270 250118 557990 649449 858828 809746 460719 1080625 205179 708867 543489 336473 796964 325068 413060 867504 934644 324473 170801 304868 926847 773032 809897 870711 690443 139236 771477 369126 299919 826081 621514 900887 713309 1029522 157068 694280 19996 138529 295342 748441 565292 895042 622004 539671 72071 491937 782543 320217 987636 455152 1017030 654772 640232 452320 413364 598992 472797 533690 324261 267303 1075577 885500 939197 391582 43668 181055 567872 737903 667890 684244 646454 1016182 803939 889349 549793 1031075 346592 372434 437981 851707
50010 200326 549473 606083 597788 297344 476776 697397 657391 407658 212042 174765 536399 999999999 757150 511789 842464 266847 380625 373432 479090 411108 292085 125762 367250 1013762 712320 929862 345218 462273 703175 568454 317406 699761 708122 334469 746504 213645 378299 231591 562090 236849 344877 943701 846628 397504 249180 537860 252567 333346 610878 410889 658956 902550 534822 457787 549705 416193 351350 212667 532297 561875 162703 603713 556187 792171 969431 678615 669352 229388 906145 444370 253340 176960 613748 292525 666679 20374 240722 283570 800363 924591 928415 165928 512745 422769 200091 816760 710721 365019 170570 755493 979411 606560 569048 796933 564581 703913 156873 1052776
795898 654709 575255 152284 169686 896058 290256 607185 444011 619907 545311 865595 598711 757150 999999999 366209 215455 593806 475227 553647 290394 422680 513839 787598 848996 256960 153648 587575 550493 487803 59510 266316 793191 323452 213193 960130 517643 666890 548819 643960 711663 914618 778916 274706 97066 590742 855560 254328 574648 830906 216230 873191 271835 527372 441843 474502 585372 657776 447347 916418 261601 655838 698035 161795 670459 194261 214290 311431 692792 529252 504460 443276 627415 580236 188777 546388 126291 771205 562951 565689 704016 299095 370987 614324 560631 475435 608874 153218 150124 562735 722148 646769 227906 594567 208136 629005 258789 263632 601971 296943
560209 508320 642134 246542 300658 748242 158965 745554 180109 596975 327488 667155 241911 511789 366209 999999999 353805 272312 139343 516069 284793 100684 404425 592412 751463 598156 247143 845145 206189 514796 308410 99963 687818 187973 217587 804692 708670 350038 193538 324593 750223 727351 690650 633273 461492 228525 698694 127306 268921 722584 383307 788893 476185 792304 91342 499094 232522 292914 163412 714059 334577 709548 531748 298278 313603 306032 564836 167116 791073 335587 778496 457496 512202 361886 177479 448788 240447 518392 272934 245844 862884 645266 697354 346011 200252 117892 453793 498606 425987 519296 558781 802305 583804 688361 311922 810586 107799 198736 365488 640530
887624 785116 772513 283709 340387 1033159 373933 818116 333471 794326 636689 978581 530017 842464 215455 353805 999999999 624275 491593 720205 438053 445600 651294 900341 1005148 297241 135331 799255 559943 670882 215474 275342 944978 205300 137183 1095162 732467 702115 545078 676849 905985 1034091 936683 442115 248568 572935 987828 306184 616562 982547 414005 1034707 483106 738663 390830 656079 512208 628495 495339 1028425 434942 852365 821486 331697 595318 50300 284398 210611 899050 631231 714387 619519 769404 673475 233885 690790 198898 852476 614980 596946 917995 482666 565847 681813 502541 470505 733349 353332 364824 727804 847767 860039 309618 798056 380333 843966 278127 161257 686915 336365
316785 350633 622869 445706 466985 547522 306942 759163 394936 519650 177707 438935 274703 266847 593806 272312 624275 999999999 133036 450711 377301 179733 323725 375179 587205 844911 507111 934962 79018 500988 534639 353158 526468 454643 487150 593693 766135 77856 111458 52600 689212 501400 542172 831164 690402 136275 496786 342804 35193 553968 517470 629913 594663 893159 274223 489042 286121 176979 147287 479370 441640 666886 349954 469598 306981 575389 806063 436226 768304 209401 887865 456051 381464 188749 417736 357577 479775 267378 64347 28265 875727 827799 857155 117647 247259 164582 306167 694555 598623 448009 373501 820232 821397 679388 454005 846666 353988 471040 168213 886601
430084 410573 614511 333892 368072 636949 202636 737116 279391 539026 221233 543754 223574 380625 475227 139343 491593 133036 999999999 461260 303654 52576 336197 472450 656146 720851 377147 878934 75273 486174 415722 223076 592842 323788 354587 689523 723027 210847 80786 185457 703721 605363 601488 726487 572291 131066 586352 220922 131247 624925 433556 696435 519923 831575 156755 471831 226001 201140 71900 588466 365946 671469 424675 368868 281798 442970 683970 304500 764518 240111 822326 432980 426384 250107 292207 378290 355689 385282 139985 106545 855738 729491 768843 215449 182758 48476 358067 589286 501126 461697 450971 797013 700765 667078 364146 814998 225344 338076 245445 762927
381506 177675 180530 436680 387834 362210 379316 327072 696159 80968 273537 381644 684178 373432 553647 516069 720205 450711 461260 999999999 282686 446637 128030 319163 296698 784421 588258 558780 490246 98099 519068 503858 245146 666905 615992 426071 374728 465764 520483 462274 242746 410456 226534 649618 617947 567055 332585 449662 415776 281966 346505 319545 349339 535866 590997 100770 687259 623718 390487 427568 292622 216179 225509 396449 737028 675063 736376 642660 318836 241311 542770 114489 124990 272043 499409 94618 521419 393782 386518 440890 436575 615885 596677 356770 644000 507028 176775 547320 446065 10851 236055 386841 737820 238633 347491 424872 492737 638939 302113 816178
513677 364368 367628 155736 121975 607388 125924 461321 454066 358936 272878 576022 508270 479090 290394 284793 438053 377301 303654 282686 999999999 261809 223725 498416 568799 541588 305573 575776 367819 247131 245618 238323 510058 397938 335236 671140 426785 435832 383541 417939 488778 624291 499673 469446 372190 434474 565819 182176 347952 547829 141556 597109 218636 527922 374300 231278 503946 504036 241949 626826 64399 441377 407760 129174 575204 392440 495526 374265 512961 250126 518930 190689 339021 304111 218839 258267 239156 495097 326677 352927 578248 457743 480489 356580 464606 332709 318776 338624 233907 289976 431759 517601 503356 408938 89974 526359 225679 362495 330570 578771
459542 416876 590319 281703 317958 652246 153029 706995 264298 526314 231273 567472 250118 411108 422680 100684 445600 179733 52576 446637 261809 999999999 326268 493444 662032 669000 327494 837424 127845 461459 363172 173446 598358 288656 308430 707445 686072 257240 130458 232262 687083 628049 603905 674619 519746 178561 602240 168405 171234 632027 386656 700876 474877 788669 147339 446497 248622 248882 65640 613980 322201 651418 436714 318365 314487 396330 631777 267624 740607 243433 778378 406275 426180 264306 240401 369961 303635 417831 172855 151899 825598 678501 719611 245368 206929 70952 362840 537471 450722 448279 463580 766109 648408 640924 316274 781195 174675 296188 265869 711012
314812 141127 300350 376133 344470 384434 286036 441202 583633 203095 148093 356872 557990 292085 513839 404425 651294 323725 336197 128030 223725 326268 999999999 281283 357222 762050 516132 647380 362337 185374 468965 408566 295277 569237 533846 447855 467295 344310 392887 338511 370133 402060 291562 662643 592361 439111 342142 358540 288639 332419 333727 390808 369921 615577 472903 176579 561822 495803 266750 407329 260745 343795 186702 352132 609547 603165 715177 545061 444586 114801 617228 154950 118132 153283 420023 44366 454774 311300 259396 313074 555460 638748 637491 236661 518516 382983 101088 543229 436743 126808 209310 502149 721057 357666 308187 534048 399008 549201 185167 797878
93303 146816 478992 642179 620390 174155 526680 624604 751797 330063 267333 78555 649449 125762 787598 592412 900341 375179 472450 319163 498416 493444 281283 999999999 243403 1039944 766282 874464 450268 416295 738403 633576 198426 778246 771077 218797 690548 332978 484669 347815 466490 135274 229494 942724 870399 510311 124540 594673 354075 209923 615009 286698 646326 854351 629197 416056 661282 535846 429035 129172 541254 476036 97134 627488 674766 850378 993650 755679 581531 269143 861852 414053 195200 231402 666867 262631 712762 139109 335519 386779 718324 916477 907987 261287 622200 518336 180859 824511 718006 308971 83174 679291 1000578 532981 586308 725863 627493 774155 227868 1076738
336064 245707 370955 724529 681305 120017 643240 491502 926135 245230 434916 237896 858828 367250 848996 751463 1005148 587205 656146 296698 568799 662032 357222 243403 999999999 1080811 870677 762165 653811 379515 811663 765151 63698 924328 890793 164314 589374 560930 688447 571168 293900 216117 70189 936282 914641 722881 137920 715742 559245 34115 643159 43811 639191 758199 808099 388491 867792 759330 596984 253408 587404 328918 237259 689757 894018 957944 1032726 900303 416336 418675 773387 410574 241065 408094 776196 315374 806834 382082 534617 591628 556750 897562 865304 469706 826025 704549 299246 841532 741994 287041 214255 533659 1033618 408613 641496 588515 755900 906266 420869 1112023
1051868 903091 766885 409110 419668 1138623 545761 756781 624209 841476 802087 1117336 809746 1013762 256960 598156 297241 844911 720851 784421 541588 669000 762050 1039944 1080811 999999999 352617 641386 795417 705355 313398 500702 1028887 493615 396686 1203047 644397 919644 789338 896064 903161 1164111 1010768 229460 169700 826681 1100770 502163 827873 1066096 438195 1100494 452617 583364 658914 694442 793522 889923 700162 1168097 502410 845266 948209 412786 878631 322755 48133 492649 856445 785321 554214 670245 871458 836804 428650 790982 365475 1028003 817708 816654 828746 286385 376076 870916 776981 713970 859811 247297 339157 794377 971352 780270 55134 770998 454035 746010 496478 439326 858869 42384
756485 649813 652237 155054 219040 897836 239605 711569 292411 663858 504280 844657 460719 712320 153648 247143 135331 507111 377147 588258 305573 327494 516132 766282 870677 352617 999999999 728707 449695 544312 117775 154143 810197 169804 59689 959884 637387 584286 440220 559529 782862 899627 802505 425850 234045 475230 852580 174463 495506 847708 302312 900826 383239 669547 307151 529087 445602 537498 370449 894704 309348 730943 686452 210801 531160 87277 322407 158444 785402 497399 648581 491064 634259 541029 99465 555927 69641 723197 490900 479106 817735 452648 523819 554451 425992 364478 598158 306578 279493 595503 712660 758115 343329 682445 256783 748538 153338 110037 555931 394975
940263 736427 400438 614671 549406 869751 692124 271779 988235 548850 782968 928718 1080625 929862 587575 845145 799255 934962 878934 558780 575776 837424 647380 874464 762165 641386 728707 999999999 939612 467670 610936 768193 742925 889546 786238 924794 184133 977486 958028 965551 476353 944119 709235 412174 560635 1009187 858060 721284 901584 768442 462351 755752 369124 60742 936421 473049 1074469 1078029 814084 969316 515823 433627 783652 553767 1149246 781835 606113 871530 364663 749759 87782 493078 683401 797794 706469 638147 671709 950050 875252 914553 254036 355003 266144 876540 1037077 908205 729975 448064 449493 568172 791611 242328 587929 354531 533305 184884 755437 833816 829968 644810
395214 411997 653978 408667 440529 620977 275320 783458 316311 564197 227007 516112 205179 345218 550493 206189 559943 79018 75273 490246 367819 127845 362337 450268 653811 795417 449695 939612 999999999 527742 490989 296165 591822 381850 423727 669064 778286 150764 34779 125705 732385 578527 604809 800727 647556 76858 570119 296177 96445 621190 502212 695765 586067 894165 196593 514379 214110 139820 125990 557435 431479 704977 417276 441748 248376 512198 758904 364739 802508 253771 886279 477818 436636 247241 366900 400949 430558 346248 119202 63573 901551 802585 839653 189348 173069 90814 363383 663497 573676 489091 442067 844087 775863 708678 434186 865802 299240 403001 233137 837556
474580 272438 128861 389338 330955 455843 363463 258232 692034 136239 330942 479720 708867 462273 487803 514796 670882 500988 486174 98099 247131 461459 185374 416295 379515 705355 544312 467670 527742 999999999 460891 483726 334206 644789 579830 518946 284913 528396 554527 521016 241647 508022 310720 557890 542619 603943 428825 427649 465865 369467 273082 395882 259678 441278 597766 15942 709226 666077 414334 525631 235959 195655 321361 339700 767629 628925 657231 620983 279148 297028 446795 57606 221223 338656 464440 170677 475174 482428 437116 486516 374939 521716 499347 421662 666683 528029 262308 462971 366423 108785 333390 319322 656584 181176 290666 348891 471434 609296 370522 734935
743004 608908 557915 97171 131356 852989 232408 604120 397309 589136 491134 816724 543489 703175 59510 308410 215474 534639 415722 519068 245618 363172 468965 738403 811663 313398 117775 610936 490989 460891 999999999 208851 754200 283228 175994 916682 523832 608061 489506 584981 692377 867273 741932 327372 156576 531779 811083 194835 515907 791991 198557 837863 270878 551782 386423 446683 530767 599132 388435 867504 227194 638057 650772 122682 615440 181928 272199 268312 683637 476633 530949 412445 584627 526564 131069 503806 71456 716731 504759 506491 706788 346241 411438 557633 504617 416364 561358 197794 161904 527591 675508 647942 286785 582598 171907 635344 200677 225008 547244 354132
614502 530524 605930 156253 218787 777328 124642 694274 222861 584015 366801 710953 336473 568454 266316 99963 275342 353158 223076 503858 238323 173446 408566 633576 765151 500702 154143 768193 296165 483726 208851 999999999 702452 163058 139682 837101 644108 430523 288643 405647 724795 768571 700126 534929 361541 327005 729677 56178 342656 738932 307149 799369 400213 713121 179936 467787 324939 392527 220000 759938 273750 678959 561492 214622 408543 225328 466151 138832 750873 365827 697230 426406 524242 403364 77781 451825 140488 577861 339842 325237 808960 549075 604999 406627 296546 213308 476616 401446 335317 509025 588405 748089 484637 646675 238951 750316 13184 142142 414217 543006
291584 182281 344503 665611 624581 127427 581047 476156 862443 205655 371651 211417 796964 317406 793191 687818 944978 526468 592842 245146 510058 598358 295277 198426 63698 1028887 810197 742925 591822 334206 754200 702452 999999999 861187 829121 187051 565074 503355 626377 512450 290509 206752 36137 892026 861549 661704 119904 653519 497813 37793 590696 103990 592788 734130 744497 341513 805615 699858 533344 238730 531771 315330 176993 632925 833445 897413 980911 837197 412222 355031 747267 359623 178213 345452 715003 254290 747102 333759 472708 530006 552945 855592 828296 409298 763666 641272 235614 792425 691044 234893 155850 523438 982766 388628 585186 575935 693351 843803 359297 1061086
748151 685752 764773 282725 352334 929916 287617 844679 130615 747070 511598 853797 325068 699761 323452 187973 205300 454643 323788 666905 397938 288656 569237 778246 924328 493615 169804 889546 381850 644789 283228 163058 861187 999999999 110419 987915 783651 531228 360675 505770 886302 913444 860423 594371 399763 380474 881117 218061 454911 897149 442367 959569 531499 831461 194450 628882 307046 430145 350327 901189 425207 839304 713135 345794 390029 170985 472186 24273 907298 516034 811956 587795 683288 546959 190754 612953 217986 706256 460530 429630 956539 622398 693148 533962 299392 291262 631304 476282 441005 672017 740210 895901 495607 802984 381967 892915 174459 60015 552433 534636
754048 662436 692719 195899 264129 910380 249128 759626 235705 693708 505196 848846 413060 708122 213193 217587 137183 487150 354587 615992 335236 308430 533846 771077 890793 396686 59689 786238 423727 579830 175994 139682 829121 110419 999999999 971216 689944 564978 410234 539734 820500 905706 823875 484196 290500 440768 863682 177637 479457 866234 351262 922864 435862 727381 264028 564252 396918 499555 359151 898171 348584 770187 696006 256484 482170 88489 370578 100883 829639 502300 706851 524804 651500 541894 116619 575464 117509 717529 478323 459781 867973 512014 583508 546120 380838 335051 609369 366230 336745 622502 722692 807908 392847 725928 299054 800608 144049 50460 553606 438667
288612 310133 529495 823873 790445 64448 722664 654962 968420 392678 477210 161364 867504 334469 960130 804692 1095162 593693 689523 426071 671140 707445 447855 218797 164314 1203047 959884 924794 669064 518946 916682 837101 187051 987915 971216 999999999 749588 547673 703448 564228 458176 104190 217387 1075585 1034171 728275 107534 793579 572860 156923 766009 183386 775406 918706 846194 525135 879668 750549 642193 141572 701427 492420 275610 798401 890353 1046050 1155407 964753 580516 472204 932725 539346 332730 443171 861638 413750 901084 341672 553904 605575 720735 1040639 1015082 480030 840857 736020 362057 971517 868080 415399 248713 697910 1158830 570464 752576 752572 829738 979066 444098 1236806
756233 552340 220585 500975 431522 692449 550492 121916 866955 366740 606976 745877 934644 746504 517643 708670 732467 766135 723027 374728 426785 686072 467295 690548 589374 644397 637387 184133 778286 284913 523832 644108 565074 783651 689944 749588 999999999 803495 799712 793189 317471 763307 532518 433156 521729 850842 677947 592047 731909 592674 341308 587479 254211 169131 799432 291343 930680 917969 654815 787352 374243 266777 599520 437880 1000537 704942 601090 762993 227948 573317 184436 314924 499278 619356 593553 455589 572437 766744 704558 747574 188153 378995 313348 699991 891012 756883 546910 409830 367685 384068 607620 135934 589341 182275 405464 111594 630948 733095 651514 659561
261872 338993 643843 517130 533502 507126 377786 785460 465664 527192 197552 388402 324473 213645 666890 350038 702115 77856 210847 465764 435832 257240 344310 332978 560930 919644 584286 977486 150764 528396 608061 430523 503355 531228 564978 547673 803495 999999999 178404 25497 695860 450369 523547 897654 763019 187133 457324 418129 92371 526971 577313 604516 649466 938801 347223 518074 338821 203038 219647 424407 499389 679718 327336 536772 342681 653186 880049 513235 784349 231487 935529 489165 378442 193738 493753 371151 555161 209521 109274 105345 899587 891444 916046 109069 304247 240184 303312 761873 663277 461344 347538 846438 894765 701524 517211 877158 431015 548728 164603 961133
428243 446274 681613 411433 448180 655628 282886 808826 287298 595393 260339 549939 170801 378299 548819 193538 545078 111458 80786 520483 383541 130458 392887 484669 688447 789338 440220 958028 34779 554527 489506 288643 626377 360675 410234 703448 799712 178404 999999999 154213 763002 612384 639097 804639 645667 51215 604776 295239 131122 655871 514337 730337 600443 911304 170543 540811 179390 120565 144897 590775 446265 734380 452001 448733 216688 498367 754252 344948 830729 286153 902441 503376 470074 281523 362378 432339 426366 378673 153891 98226 927195 808957 849386 223962 138297 75748 397242 667579 581079 519690 476829 869212 772068 735679 444897 889388 293181 386027 267862 831631
280645 343732 638798 494793 512967 521824 355563 778830 441231 526330 190527 406125 304868 231591 643960 324593 676849 52600 185457 462274 417939 232262 338511 347815 571168 896064 559529 965551 125705 521016 584981 405647 512450 505770 539734 564228 793189 25497 154213 999999999 695600 468371 531226 877289 740294 166318 471623 394218 70948 537379 559156 614543 633111 925783 322279 510137 318512 188873 196628 443615 481861 677406 335649 516004 326979 627985 856782 487745 781109 224255 921817 479816 380542 191479 469560 367778 531257 229040 91892 80423 893867 872115 898423 108694 282752 214793 304921 741163 643491 458403 357061 839895 871755 696177 497828 869212 406328 523267 164593 937642
552412 367235 137291 627906 565934 409888 603188 205104 929289 169609 511557 498427 926847 562090 711663 750223 905985 689212 703721 242746 488778 687083 370133 466490 293900 903161 782862 476353 732385 241647 692377 724795 290509 886302 820500 458176 317471 695860 763002 695600 999999999 497045 254403 720133 751842 809087 410399 668835 654739 307213 496114 281453 452669 480724 829258 257508 929702 864178 632632 529086 473524 57965 399394 574556 979630 866000 855975 862441 122651 480861 499998 298514 319896 504245 705646 332215 713330 581670 625611 681304 263479 672275 621228 587482 886478 749067 393213 655893 574770 243326 394187 240870 850518 140005 526655 296989 712636 850817 531520 926964
188800 261094 543725 771901 745908 99067 660178 680698 884695 396886 402587 62467 773032 236849 914618 727351 1034091 501400 605363 410456 624291 628049 402060 135274 216117 1164111 899627 944119 578527 508022 867273 768571 206752 913444 905706 104190 763307 450369 612384 468371 497045 999999999 242739 1054077 994420 633964 87102 728917 483350 192967 732725 249888 754346 931386 761902 511154 786040 652368 563940 39971 662368 521279 216608 753361 792561 984261 1117210 890918 618957 403431 942380 517433 297809 366672 800343 375450 844670 241792 466883 515573 759697 1023765 1007133 391608 748402 650432 305943 941592 835916 399630 192770 729484 1122802 591547 710188 781173 762324 909333 362195 1199829
322009 192823 312199 655399 611415 160529 577321 441474 867139 178212 381217 246935 809897 344877 778916 690650 936683 542172 601488 226534 499673 603905 291562 229494 70189 1010768 802505 709235 604809 310720 741932 700126 36137 860423 823875 217387 532518 523547 639097 531226 254403 242739 999999999 868261 844481 676283 155996 649793 512283 60826 573021 99247 570300 701647 750834 319213 817784 717177 539586 274865 517342 280107 196281 619889 848861 889781 962693 836297 376220 361842 715391 340525 178450 357580 708764 248697 738136 362016 486219 543979 516991 830467 800614 426000 775410 649961 243529 771968 672049 216854 178256 488047 963729 354729 571530 540901 690544 840621 374076 1042127
973872 797460 589594 393271 364339 1011823 526343 551780 717980 691095 741955 1015850 870711 943701 274706 633273 442115 831164 726487 649618 469446 674619 662643 942724 936282 229460 425850 412174 800727 557890 327372 534929 892026 594371 484196 1075585 433156 897654 804639 877289 720133 1054077 868261 999999999 197039 850228 980804 511835 806345 927340 332840 948930 300461 354744 713653 550695 858129 919303 684864 1065239 411886 662657 846232 361566 942709 443194 197368 584282 655821 717438 325338 537693 756360 771930 457486 681004 398545 960806 788935 804180 610939 57596 146625 825535 831412 734941 763715 137231 235774 660348 865632 566968 177010 581775 382215 527416 525734 534387 799469 233785
883812 733417 614581 246524 250434 969782 385630 624034 525975 678032 635585 947707 690443 846628 97066 461492 248568 690402 572291 617947 372190 519746 592361 870399 914641 169700 234045 560635 647556 542619 156576 361541 861549 399763 290500 1034171 521729 763019 645667 740294 751842 994420 844481 197039 999999999 687164 931462 351385 670696 898940 271560 935776 299521 499938 534247 530854 676355 753779 543672 998456 333012 694496 778514 243794 761784 246285 123351 391317 717733 617606 473868 504395 702197 669749 284557 621587 221055 861340 658300 662331 709835 234232 317748 707679 653438 572019 690163 114265 177802 627693 801659 656112 133199 625464 284343 630272 354629 340059 692791 206680
446815 483836 730519 457042 496410 683294 331581 858976 291575 640710 301904 571583 139236 397504 590742 228525 572935 136275 131066 567055 434474 178561 439111 510311 722881 826681 475230 1009187 76858 603943 531779 327005 661704 380474 440768 728275 850842 187133 51215 166318 809087 633964 676283 850228 687164 999999999 632637 339001 164023 689794 564285 765380 650986 962323 186079 590417 152230 70354 196049 609837 496984 781835 485653 496635 173257 527848 793055 367249 879221 329729 953299 553391 510887 319632 402766 477424 466642 395358 190480 132504 977237 856050 898171 253811 117337 115578 436782 713441 628965 565828 509522 919466 811639 784997 494431 940142 332841 412111 302490 869054
210045 203100 457881 717643 685937 50867 615158 593802 864422 312376 371325 100192 771477 249180 855560 698694 987828 496786 586352 332585 565819 602240 342142 124540 137920 1100770 852580 858060 570119 428825 811083 729677 119904 881117 863682 107534 677947 457324 604776 471623 410399 87102 155996 980804 931462 632637 999999999 686045 473675 110123 665312 177106 680378 846412 742672 433200 782707 660020 536778 119347 598450 434183 168251 693765 798580 938653 1053356 857861 532094 365158 858040 443115 229320 338046 754226 309912 794182 260580 453056 506560 672766 948306 928035 380825 742880 633448 254582 872578 768031 321743 141279 642389 1057588 504933 648634 694174 722256 871684 341205 1135267
582180 484946 549762 120345 173883 732793 72503 639339 275795 529475 330543 672747 369126 537860 254328 127306 306184 342804 220922 449662 182176 168405 358540 594673 715742 502163 174463 721284 296177 427649 194835 56178 653519 218061 177637 793579 592047 418129 295239 394218 668835 728917 649793 511835 351385 339001 686045 999999999 327075 690366 258956 749006 352248 667402 216919 411713 359796 407609 199778 722435 219594 622817 518413 171161 440664 256012 463954 193977 694879 325561 652776 370383 475463 367328 76921 401110 137042 548773 319643 314540 754550 520656 570477 380720 327118 223456 431759 375624 298968 455131 545074 693682 480190 590719 188725 697199 43801 190940 381547 543941
302488 319971 587680 424759 442028 524532 285415 724060 404879 485240 143196 421048 299919 252567 574648 268921 616562 35193 131247 415776 347952 171234 288639 354075 559245 827873 495506 901584 96445 465865 515907 342656 497813 454911 479457 572860 731909 92371 131122 70948 654739 483350 512283 806345 670696 164023 473675 327075 999999999 526331 488892 601579 564184 860372 282474 453978 309878 210212 127716 463498 412078 631954 322184 445096 336734 567075 787990 435303 733197 174482 855529 421213 348856 156435 403220 322870 463965 255644 29260 32897 840567 801288 828384 92930 269357 170544 273962 670254 572581 413188 346535 785134 802544 644196 427026 811801 342222 466872 138522 869262
302842 215175 372594 703361 662347 102826 617928 499508 896287 238516 403744 208719 826081 333346 830906 722584 982547 553968 624925 281966 547829 632027 332419 209923 34115 1066096 847708 768442 621190 369467 791991 738932 37793 897149 866234 156923 592674 526971 655871 537379 307213 192967 60826 927340 898940 689794 110123 690366 526331 999999999 627937 77924 628609 761798 777633 377283 835253 725666 566772 228468 569449 337334 204164 670696 860658 934905 1018096 873211 429814 388600 775828 396445 214903 376134 752320 291782 784758 348351 501989 558805 570686 890193 861199 436395 793634 673264 269264 829011 728015 271832 180680 544385 1019765 413947 622925 598125 729961 880455 388108 1098110
641657 472418 360443 159667 90327 701563 235103 409262 529239 407334 410586 690183 621514 610878 216230 383307 414005 517470 433556 346505 141556 386656 333727 615009 643159 438195 302312 462351 502212 273082 198557 307149 590696 442367 351262 766009 341308 577313 514337 559156 496114 732725 573021 332840 271560 564285 665312 258956 488892 627937 999999999 664303 93306 408998 474423 260517 614219 634567 377839 740387 79734 440886 519848 96576 691510 378358 390245 421703 485422 385040 395580 232839 436424 439598 252327 357302 234483 627969 468104 492394 516726 317221 339687 496955 578299 455692 434501 209510 103225 356345 541093 456653 392853 384051 71721 450727 294192 392636 467756 470945
379062 285910 372901 752705 706892 151129 676542 484024 964632 259743 475344 277248 900887 410889 873191 788893 1034707 629913 696435 319545 597109 700876 390808 286698 43811 1100494 900826 755752 695765 395882 837863 799369 103990 959569 922864 183386 587479 604516 730337 614543 281453 249888 99247 948930 935776 765380 177106 749006 601579 77924 664303 999999999 654642 755275 847401 406164 909594 802534 636130 288513 612046 322570 280015 715448 936831 988087 1052362 935457 402101 457901 771914 431545 276924 449435 807569 347897 835977 425556 576626 633844 540973 908299 871973 512535 867655 744889 338678 858843 761337 310566 257504 522306 1052280 405347 666715 578363 789790 939851 463094 1130664
684551 499983 315565 250045 182107 711528 325439 335508 621895 395050 470709 717813 713309 658956 271835 476185 483106 594663 519923 349339 218636 474877 369921 646326 639191 452617 383239 369124 586067 259678 270878 400213 592788 531499 435862 775406 254211 649466 600443 633111 452669 754346 570300 300461 299521 650986 680378 352248 564184 628609 93306 654642 999999999 316340 567401 251329 706450 720992 460400 766670 154599 395149 549312 187402 782842 452704 404903 511573 422089 441733 304034 237311 457025 495714 342957 383708 318360 677286 541261 570935 435916 270220 270788 561393 669942 544805 470051 206162 124653 360033 567534 377250 401510 326675 164264 365302 387304 479634 525923 479315
915848 713087 389628 558623 494515 861527 641265 276556 932050 534510 746509 912177 1029522 902550 527372 792304 738663 893159 831575 535866 527922 788669 615577 854351 758199 583364 669547 60742 894165 441278 551782 713121 734130 831461 727381 918706 169131 938801 911304 925783 480724 931386 701647 354744 499938 962323 846412 667402 860372 761798 408998 755275 316340 999999999 883405 444839 1022783 1031670 768269 954602 466471 433168 761360 498499 1098785 721626 547200 813799 377387 713825 29945 460628 660839 763453 649840 610026 613494 922543 834736 871829 284162 297276 210032 840170 986098 859177 702507 387323 390774 545762 771191 259967 529530 350055 480469 205799 700490 775287 795516 588160
584623 562518 726063 333884 390793 793166 249059 833725 122845 671298 374602 700149 157068 534822 441843 91342 390830 274223 156755 590997 374300 147339 472903 629197 808099 658914 307151 936421 196593 597766 386423 179936 744497 194450 264028 846194 799432 347223 170543 322279 829258 761902 750834 713653 534247 186079 742672 216919 282474 777633 474423 847401 567401 883405 999999999 582293 145004 237705 211291 744336 425573 790990 579633 388023 229059 348087 629551 182138 875778 389520 869339 541036 573374 405389 256400 516818 315802 538086 295439 252784 951493 728945 784341 371048 119269 112061 508889 581115 513697 593219 606192 891082 650240 773932 403144 900604 190555 229621 402097 701154
471699 270971 143974 374175 316422 461666 347549 270230 676204 147204 320522 481091 694280 457787 474502 499094 656079 489042 471831 100770 231278 446497 176579 416056 388491 694442 529087 473049 514379 15942 446683 467787 341513 628882 564252 525135 291343 518074 540811 510137 257508 511154 319213 550695 530854 590417 433200 411713 453978 377283 260517 406164 251329 444839 582293 999999999 694461 653007 400047 527667 221145 211572 320316 325172 753430 613882 646309 605068 294178 286587 449319 41724 220882 329606 448761 165354 460034 477834 425368 474063 387561 515747 496023 411973 651993 513359 257704 453162 355316 111618 333512 331254 646129 195254 276034 359139 455499 593519 361619 724521
