NAME : synthetic_000106
TYPE : CTSP-D
DIMENSION : 100
GROUPS : 8
RELAXATION_LEVEL : 1
EDGE_WEIGHT_TYPE : EXPLICIT
EDGE_WEIGHT_FORMAT : FULL_MATRIX
EDGE_WEIGHT_SECTION
999999999 674541 311562 508773 637817 747550 458183 753795 353363 1039294 710309 85524 473939 337816 211945 289931 667571 129913 805369 457697 293366 818255 488163 101562 673532 199304 773935 568228 806138 214854 498859 323241 702879 360661 704185 56471 869416 901789 437477 719622 370275 919099 406624 440119 125225 644638 402538 752921 209386 583409 584410 354375 566743 585031 641059 752856 769664 633234 929675 793542 569125 285894 85750 690644 345500 371814 508287 919394 810589 593499 166816 454337 892225 504715 912256 909297 394041 704199 725110 967452 951694 150893 284938 640121 588893 188024 408062 698595 165505 526309 58062 770261 359922 640260 205761 421050 834224 154216 263590 317686
674541 999999999 367295 427569 342087 197468 901110 274260 398853 451240 119646 597516 553959 950837 483714 435371 13985 544694 564117 912296 945786 962425 339862 612974 803959 710848 947629 703769 400694 576186 245105 938639 741598 854530 461564 632019 409327 826250 356254 145315 499170 826819 286350 787410 720198 199301 300802 79797 483826 328887 911601 320233 172589 414503 600758 698484 368461 185046 391791 122820 438720 566935 588794 561978 548954 306829 734991 536288 149565 191676 572674 918603 530797 170374 461436 577923 296613 38891 647271 1024876 610058 569007 912786 592283 382940 638594 431877 390458 615373 426818 624226 566488 1014953 446873 638663 841029 372649 807659 520905 382308
311562 367295 999999999 370176 371649 440934 583544 458166 204171 736210 399250 242442 348542 589322 161258 104838 361729 184176 585884 591548 578883 783840 297214 245897 617540 355631 752501 500174 532522 228889 199324 576483 599667 517168 470021 275803 586864 762668 257162 409646 237607 773706 98341 494104 354416 382436 101097 444088 118243 317402 640267 56093 258341 424012 486687 608542 493437 366784 633105 483659 424403 249058 226585 502129 264485 60743 488459 661577 499402 329218 251231 595041 639129 197111 634745 667397 135998 394698 565764 897644 709480 204264 548293 481699 410970 284670 288474 440136 256427 310889 258490 561267 648063 413444 289077 526276 548866 440364 190797 55283
508773 427569 370176 999999999 661027 610152 917335 670619 176351 878556 535792 426823 717072 846236 313674 472073 413834 413625 898843 922074 797667 1153958 94677 516170 987502 658129 1122564 870259 784510 564589 475130 831711 964913 833997 781102 452303 813615 1113546 115017 559327 607783 1121721 400492 848066 616397 258411 420819 493275 441867 617700 998451 329448 472913 78017 842953 962785 746185 262124 814784 534432 60923 606503 446255 842763 631999 360200 856289 924888 569108 239611 343908 922686 911199 352085 866654 951158 249048 466150 916219 1264179 989544 505336 793711 836847 92628 600537 101431 728495 565871 655500 489985 884480 860594 737467 612015 865442 774225 662376 547679 425049
637817 342087 371649 661027 999999999 213148 672911 157666 541643 434952 251278 591848 283479 805449 532728 348810 350985 531687 238992 687196 835352 632332 567322 542876 483553 572684 623908 401210 168367 450622 189456 796858 408547 660124 124263 620393 234576 485621 552889 234550 302070 487609 285732 544240 620545 513854 273838 363932 432821 55201 635281 371630 196609 681999 268274 357057 133034 495802 312949 374215 696725 400984 564840 220334 351907 335975 457458 290071 358527 481181 620642 696725 267610 311255 274672 298540 426013 330555 305885 683662 339869 490405 784532 259420 655889 510902 614056 69699 505656 145151 579774 231024 899814 106736 501500 615539 203269 719905 388388 335993
747550 197468 440934 610152 213148 999999999 869384 83681 544561 296423 77924 683186 486451 971614 590489 467566 210926 624073 391055 882799 986380 841198 517587 666140 696036 730476 835209 613715 209581 597438 249694 961320 617349 844109 307222 716143 211859 664829 522757 52422 474796 661836 342850 743907 761537 396630 345075 178287 539528 232563 844775 412913 182735 606437 478970 555282 183028 381877 207207 173447 628682 564836 664829 421068 527691 384979 665811 340486 149981 384050 683454 891345 337466 282550 264046 386230 427439 166900 505347 878736 415866 615486 942793 470061 575666 661545 595946 232990 647284 345346 691312 402737 1053997 315737 656299 810324 175541 857852 534994 430269
458183 901110 583544 917335 672911 869384 999999999 829772 742031 1102481 873669 515154 389948 256981 605902 484393 901019 508376 700111 16026 348397 441669 866081 407830 363328 265877 391154 329166 810231 357987 658359 260985 448292 100796 655931 504595 883674 643599 818586 869034 403517 666583 626699 130393 333155 963993 607804 962736 481244 638913 161977 639168 736510 985323 489215 541278 788472 947512 978501 991548 977531 339633 485143 570440 352403 629153 241922 863932 991219 911227 608696 28519 831762 751111 905323 822284 717577 914537 546061 608021 857265 412020 286540 494868 979327 316838 818131 698033 351613 528575 446772 656647 374386 603231 305543 60129 862928 360482 394400 542421
753795 274260 458166 670619 157666 83681 829772 999999999 587651 289142 156061 696354 440922 951992 615267 465992 287043 636097 308233 843893 974902 769408 576539 665785 629883 714343 766259 555423 127105 585610 259007 942619 546464 813421 231137 727883 143080 583225 575962 130856 448508 579589 360704 701540 753909 471345 357745 261828 544438 193656 791892 439550 211722 673498 411211 478912 99374 455620 175989 256245 693999 544252 674295 347332 500368 407777 614686 262467 230126 453694 707621 853216 256649 327681 196063 304431 468420 247112 429922 799864 335811 613760 927396 402337 643619 648500 646542 158637 638424 301211 696265 321891 1041099 249613 641154 771972 103607 852253 522465 437566
353363 398853 204171 176351 541643 544561 742031 587651 999999999 835130 480743 268100 552286 685533 144766 300893 387477 243913 771464 747154 646689 984924 134881 345372 819395 485411 951782 701795 686219 388260 352597 671236 803832 660599 653371 298242 728178 964305 84140 499795 439110 974492 259268 671798 450133 304928 275908 476896 265568 491869 822352 176017 376446 243725 689297 810859 646603 297293 750982 520504 235774 431064 280995 699288 459344 211282 683015 823534 548318 259270 202185 748130 805240 262225 779843 839725 119387 436236 766823 1101605 880444 330450 635191 683975 240997 425553 84676 611267 391129 508164 325141 751348 712706 602356 436504 689543 688486 507093 372530 259292
1039294 451240 736210 878556 434952 296423 1102481 289142 835130 999999999 354387 977828 713166 1239038 886910 753681 464855 918207 466049 1117281 1263878 967163 790900 953588 854449 1002823 976006 803480 296483 874731 540687 1230014 758336 1094725 455607 1010334 225305 722417 804136 336081 734944 709941 637887 972420 1043007 635633 638433 388347 830091 479365 1044959 709336 478762 859988 642846 669835 314186 625661 124049 351157 886099 832079 958005 564100 785925 681135 874581 313044 313767 640361 979873 1127389 336824 575470 225024 379769 720391 412499 630346 953736 379450 901836 1215756 634750 827770 937509 879204 404682 927542 579469 982247 500928 1329853 500769 929919 1046638 240034 1141234 811586 721711
710309 119646 399250 535792 251278 77924 873669 156061 480743 354387 999999999 640818 502049 955560 539814 441771 133030 583367 455420 886255 962753 883257 444274 635498 731532 713259 873378 640731 283124 578129 225265 944473 659665 839631 361156 674614 289729 724544 452589 25679 471761 723225 304061 752181 736232 318715 310875 113606 506289 254335 863445 363967 147492 529593 519011 605961 252925 303967 279015 124609 552358 554277 625758 469601 524332 340151 684245 417104 117641 306826 632264 893940 412596 222395 341969 460483 366654 91115 555094 932000 491560 586769 923014 510209 498607 642356 526895 287378 624480 364226 655762 462420 1031263 357930 639119 813819 253024 829875 517539 397611
85524 597516 242442 426823 591848 683186 515154 696354 268100 977828 640818 999999999 464468 419775 126567 245018 589857 60494 777157 516739 378821 842735 402965 112418 689714 249373 801097 578306 758864 214713 438006 405308 706940 422205 669952 34518 818690 898924 352239 651901 351518 914629 340336 477955 192213 559837 339573 676614 160082 536708 627429 279134 500734 502248 629463 746401 721098 548737 872178 718028 487517 284117 36479 670250 338639 300670 529177 878947 736914 509034 93583 514951 853354 429084 863914 874547 311477 628614 713864 984468 917126 138434 368128 627354 504983 213420 325587 656100 181537 493946 68432 744929 445441 607315 230050 471664 782086 239007 245864 259490
473939 553959 348542 717072 283479 486451 389948 440922 552286 713166 502049 464468 999999999 547298 469632 255499 557419 415466 350638 404490 594802 439345 637683 372902 272388 339560 412746 157974 423921 259085 312749 540981 253287 386050 276871 481075 497218 435006 602606 493233 117924 450256 330587 260797 409261 668232 308446 602789 322178 253889 361432 388236 381437 765170 167121 281935 399780 649853 589355 625151 768907 188370 429016 224149 128446 360371 182446 496247 618798 620918 531238 414377 465032 437530 523464 467591 471655 558424 251248 549381 507674 329104 536776 166389 748052 298723 636829 309751 310888 141205 422351 310379 653090 218056 283381 333492 474318 503941 218719 293260
337816 950837 589322 846236 805449 971614 256981 951992 685533 1239038 955560 419775 547298 999999999 540922 516922 946967 444066 892684 245050 98014 698482 820011 349576 607360 242306 648017 546842 963519 377663 730308 14621 680405 181836 823635 394213 1035408 883593 769317 957735 504096 905673 664710 342040 239015 960604 651820 1023509 471147 759698 418909 643028 808581 921996 687440 764224 934484 947039 1118240 1059459 906740 407983 404644 761958 453543 647375 459232 1043534 1068224 907697 504384 233850 1012247 783590 1066707 1012609 703745 973500 758134 864634 1051432 385187 55779 690936 924486 313706 745203 847903 335471 664039 360581 850390 118847 762777 316461 269400 1007678 187223 438142 568532
211945 483714 161258 313674 532728 590489 605902 615267 144766 886910 539814 126567 469632 540922 999999999 217022 474908 100088 742060 609936 504806 884215 279097 202533 722708 344586 847027 606179 693590 262304 358148 526662 722218 520584 627874 159197 746817 900050 228395 553840 351736 913118 255135 546518 305487 433606 261538 563462 150838 478262 698162 177589 408780 385801 623937 745243 654408 422852 788603 605942 374497 317264 136289 649993 357907 207550 573799 822741 627784 383219 92968 610066 800038 320249 795279 827414 190069 517071 706349 1013286 869648 195051 490987 620129 385212 289529 213005 600932 254602 461607 180410 715042 571797 569228 302394 555979 708441 364227 263138 201457
289931 435371 104838 472073 348810 467566 484393 465992 300893 753681 441771 245018 255499 516922 217022 999999999 432436 186071 534946 493293 521067 684046 401761 199911 518754 275692 651103 401139 516855 140829 218659 505185 508779 424590 425543 272111 579503 683105 360521 446555 139168 696096 149333 390276 294829 479672 135003 506744 84936 294028 535595 157478 294291 528182 406916 528281 479997 463124 641365 542557 527585 146125 216339 435362 160242 144765 384570 634202 552152 427052 289665 497629 608388 272534 622739 629749 240469 456754 489435 803808 672328 148300 481896 403130 515681 203537 385481 411655 182939 251396 231914 504777 589502 363573 203319 426060 544330 390313 90141 58034
667571 13985 361729 413834 350985 210926 901019 287043 387477 464855 133030 589857 557419 946967 474908 432436 999999999 537667 574926 912027 940548 968713 326443 607599 809508 707561 953280 708268 413228 573253 246951 934655 748452 853022 471307 624374 422759 835791 343519 158667 499909 836648 283153 788394 715348 185718 298377 89733 478824 335984 913993 313570 176715 400518 607790 706807 380610 171278 405771 133231 424751 565722 581855 570462 549196 301532 737928 549257 161532 177702 563300 918164 543437 164624 474952 590349 286942 52358 655606 1033015 622767 564279 908334 599372 368956 635297 419160 400716 611517 431998 617816 576591 1009727 455163 635746 840984 385923 801991 518757 378616
129913 544694 184176 413625 531687 624073 508376 636097 243913 918207 583367 60494 415466 444066 100088 186071 537667 999999999 720037 511819 414693 808864 377087 102569 651801 245202 769119 537870 698520 178253 378001 429998 662459 421269 611574 92131 758202 850460 326658 593775 299953 865430 281360 456446 206631 520636 279784 623202 101464 476520 607793 224644 441923 485863 578353 696899 660690 508301 811973 664013 474487 242759 44334 615723 292880 243545 495555 819251 681659 468591 118255 511524 793905 375039 803490 815807 266548 574624 662523 945648 858385 103610 395718 575787 484825 194077 312696 596285 159368 436481 85014 688662 482982 549356 208445 460137 721593 273316 197500 199023
805369 564117 585884 898843 238992 391055 700111 308233 771464 466049 455420 777157 350638 892684 742060 534946 574926 720037 999999999 716009 944877 501115 805576 704334 397680 689792 511121 373769 195970 595478 424313 887470 297618 721676 118307 800702 248857 276923 789162 432470 435993 271797 512241 572951 756368 747728 496600 566961 618642 281656 608340 596937 434656 920989 210918 204432 210036 730096 353771 564353 935552 529638 745227 131194 469769 561102 458412 170418 538015 717978 823094 727802 139088 550198 241398 122178 659383 544543 169816 501154 158920 654708 885869 205556 894827 644082 847378 176255 650668 283616 749443 43467 1001765 172834 630045 652795 254846 852919 541828 540623
457697 912296 591548 922074 687196 882799 16026 843893 747154 1117281 886255 516739 404490 245050 609936 493293 912027 511819 716009 999999999 337766 454392 872170 410635 378694 267989 403828 345185 825338 364900 670060 249662 464130 97687 671303 505155 898788 659023 824367 881901 415505 682045 636617 145649 332486 972640 617959 974522 487695 652694 174133 647320 748414 990664 505104 557253 803346 956283 993327 1003688 982414 349243 487401 586268 364022 638041 257883 879679 1003749 919768 610321 12746 847515 761142 920701 838184 725053 926171 562086 620892 873216 416800 276663 510726 985153 321622 822512 712936 356208 542683 448307 672547 361762 618316 311003 72533 877825 355421 403186 551323
293366 945786 578883 797667 835352 986380 348397 974902 646689 1263878 962753 378821 594802 98014 504806 521067 940548 414693 944877 337766 999999999 787459 781425 332990 686532 262865 737277 615830 998551 389707 739312 89511 752834 262453 866832 348658 1068783 958125 730776 967513 534114 979549 663231 418149 226722 935201 653158 1021372 462024 786284 509959 629330 815315 874904 745508 831345 967074 922990 1145698 1059485 857159 434518 371703 815838 487383 639037 530865 1088351 1071624 883274 453871 327294 1057802 775931 1103635 1062360 680853 971549 820571 952750 1102451 377616 64364 748078 880490 326406 698255 883600 339176 699066 329799 903686 69180 804082 334240 352149 1038621 141380 452753 567064
818255 962425 783840 1153958 632332 841198 441669 769408 984924 967163 883257 842735 439345 698482 884215 684046 968713 808864 501115 454392 787459 999999999 1076589 732544 166972 625266 50587 283707 685468 630854 737617 701838 223958 526356 539024 847238 747403 287415 1040204 866855 546341 309805 769304 386363 708795 1100315 747214 994834 733613 634267 280448 826625 793971 1204146 364250 298257 685643 1081728 853143 1006546 1207087 567894 806582 422205 527838 799589 313684 662979 989749 1055326 926534 466274 634670 870029 742390 600448 910570 957703 342474 166626 618238 707031 724010 373048 1187366 632998 1069527 610808 662100 539099 782992 467740 816035 526372 615472 437345 746669 770821 621156 728911
488163 339862 297214 94677 567322 517587 866081 576539 134881 790900 444274 402965 637683 820011 279097 401761 326443 377087 805576 872170 781425 1076589 999999999 477221 909673 614848 1047256 793227 689870 508703 382756 805758 881847 788545 688112 432837 719594 1024725 50760 467306 532719 1032234 313717 787231 583702 192604 334863 409637 385010 524954 935548 250173 378292 127571 756554 875284 651517 190882 723191 451994 133266 542623 415368 752831 561698 277518 785573 830235 485129 160345 333307 873925 816528 257599 772601 856583 166039 378727 827915 1181327 894900 457729 769943 750142 114286 551840 107030 634447 518177 567627 459453 792118 847213 645883 561334 811638 680128 641966 483506 350227
101562 612974 245897 516170 542876 666140 407830 665785 345372 953588 635498 112418 372902 349576 202533 199911 607599 102569 704334 410635 332990 732544 477221 999999999 582260 143073 690160 473494 711164 114058 416480 335999 605865 319015 604469 115094 776170 802748 427174 642384 268848 819645 332650 365554 110761 611029 324628 689061 129907 489202 515275 296828 489039 588088 539974 652775 675518 597503 840923 727780 577017 185467 78574 589088 244479 306151 419566 821170 741377 558131 203710 409912 793509 442975 817536 809389 354183 639375 624148 877045 851696 52506 304852 538899 586354 101074 415264 601727 70502 426623 51364 668930 402169 540364 117937 361717 741980 195201 162549 237893
673532 803959 617540 987502 483553 696036 363328 629883 819395 854449 731532 689714 272388 607360 722708 518754 809508 651801 397680 378694 686532 166972 909673 582260 999999999 489457 143893 117616 561762 475435 573970 607627 101644 426125 405915 697332 629682 280375 873557 716973 380354 303504 602554 268538 572985 935611 580446 841085 571871 478663 228287 659777 633488 1037221 218792 201384 555025 917068 734658 855888 1040333 409150 653271 291349 364921 632620 166700 567781 841926 889911 770016 391439 536737 704945 634175 512625 743643 801712 227867 294839 539644 552049 622181 227629 1020394 485702 904057 472585 511969 377723 633458 357543 726055 380958 467955 338056 622296 646310 459786 562490
199304 710848 355631 658129 572684 730476 265877 714343 485411 1002823 713259 249373 339560 242306 344586 275692 707561 245202 689792 267989 262865 625266 614848 143073 489457 999999999 579406 394341 735718 135510 488016 231307 533332 176069 606218 240654 805928 738178 565554 715603 271250 757589 424512 242211 83809 735390 410684 782379 239937 524207 385108 411055 566286 728955 499276 598024 704232 720556 883746 817764 718858 171716 219418 563499 225238 411096 322800 827850 826036 682055 342864 266947 797723 545590 840919 804763 479883 732404 579318 779525 845610 158043 213079 500561 725814 72264 557587 620867 99709 436435 181088 649910 327291 542888 74274 223381 775938 166136 195984 329136
773935 947629 752501 1122564 623908 835209 391154 766259 951782 976006 873378 801097 412746 648017 847027 651103 953280 769119 511121 403828 737277 50587 1047256 690160 143893 579406 999999999 254946 689165 590871 717624 651459 220827 476517 538051 804440 753714 319406 1009516 858132 515015 342607 743298 339038 662666 1078717 721152 983665 696940 621495 229861 797085 777351 1174798 356240 306690 686421 1060203 859479 997452 1176687 529887 765142 421268 492922 771313 273731 676905 982394 1032547 886280 415696 647533 847919 752233 616331 881492 944884 346364 217208 637042 666575 673930 365148 1159002 589979 1036191 607838 619895 521596 740215 475082 765499 519472 572594 387752 750312 722695 584582 697988
568228 703769 500174 870259 401210 613715 329166 555423 701795 803480 640731 578306 157974 546842 606179 401139 708268 537870 373769 345185 615830 283707 793227 473494 117616 394341 254946 999999999 506998 363601 467160 544574 139359 366564 347899 588058 578911 345262 756512 628639 262812 365640 488391 208017 476059 825615 466244 746795 455410 386502 241526 543132 531554 920798 165078 217485 492870 807181 680402 765254 923444 295257 541832 247471 248286 516686 88917 541181 754752 778680 656104 357387 509033 594776 592699 495533 627276 704841 217062 407992 529228 439981 552430 172051 904498 380502 786454 404553 404020 278103 524858 330431 663100 307906 362862 287339 564842 557382 343780 445211
806138 400694 532522 784510 168367 209581 810231 127105 686219 296483 283124 758864 423921 963519 693590 516855 413228 698520 195970 825338 998551 685468 689870 711164 561762 735718 689165 506998 999999999 617202 338224 955713 468876 809462 159156 787936 73456 472522 684296 257961 464516 466217 440554 679854 786971 596313 432137 387684 600489 222831 748479 524961 313511 792762 347181 387818 39682 580139 173803 378510 811803 564316 732543 270413 511819 490441 578963 140439 348894 575871 783433 835855 130412 434492 106422 177375 567304 374204 343364 696747 209964 658710 945798 338927 763681 676280 751659 115621 672613 299954 748087 220020 1061784 207031 666025 755789 61216 886376 555516 501115
214854 576186 228889 564589 450622 597438 357987 585610 388260 874731 578129 214713 259085 377663 262304 140829 573253 178253 595478 364900 389707 630854 508703 114058 475435 135510 590871 363601 617202 999999999 353003 366389 493495 288284 500097 225777 685189 688997 461981 580982 159908 705736 290115 284859 169923 611324 275594 647101 123758 399417 436335 284981 430981 629802 426205 538732 583526 595629 757691 682291 623874 71452 178237 477325 130648 280504 317369 719690 690572 558096 295680 367626 690979 412589 723434 703820 360466 597153 510276 770024 745797 76614 345599 425299 622402 64294 468047 504510 55971 323652 164423 558839 456768 435806 62493 302936 653164 269293 63145 196024
498859 245105 199324 475130 189456 249694 658359 259007 352597 540687 225265 438006 312749 730308 358148 218659 246951 378001 424313 670060 739312 737617 382756 416480 573970 488016 717624 467160 338224 353003 999999999 719265 524580 617676 306232 470046 388763 646534 364852 228296 255088 652548 103116 542628 513409 363340 98752 304491 290129 142711 667102 186737 79349 502386 388856 501715 298629 344712 434418 335076 514490 330601 417342 373237 306038 152416 491652 472617 339447 320826 449788 676909 453179 136349 437779 487132 236570 256195 452311 819951 527879 366041 698247 381371 478554 417271 424672 258888 400330 200139 442169 409418 807492 263485 413859 598231 350294 608823 292279 181174
323241 938639 576483 831711 796858 961320 260985 942619 671236 1230014 944473 405308 540981 14621 526662 505185 934655 429998 887470 249662 89511 701838 805758 335999 607627 231307 651459 544574 955713 366389 719265 999999999 679046 181519 816930 379649 1027411 882846 755053 946909 495172 904780 652644 341113 225333 946993 639988 1011586 458265 750649 422936 630004 797370 907509 683119 761750 926330 933501 1109501 1047739 892201 398405 390399 756948 445023 634743 457440 1037199 1056818 894126 489787 238828 1006013 771102 1059215 1007048 690181 961573 754703 867732 1046099 372264 41628 686447 910078 302277 730698 840121 323295 656008 346365 845340 118846 755740 305565 270177 999342 172626 427284 556372
702879 741598 599667 964913 408547 617349 448292 546464 803832 758336 659665 706940 253287 680405 722218 508779 748452 662459 297618 464130 752834 223958 881847 605865 101644 533332 220827 139359 468876 493495 524580 679046 999999999 498787 317336 719245 534645 206089 849943 643006 370712 226902 568932 338490 614543 887761 547356 771630 573320 412739 325832 635547 575584 1008481 141098 99991 465594 869128 640212 782720 1014501 422938 670656 200468 369581 605081 222032 467191 765793 845094 779925 476792 436428 659697 536251 411216 716821 735401 128417 299484 438000 568715 689033 149759 989085 516210 888088 387847 537630 324442 657068 258626 797870 302432 498757 414745 529932 696726 465228 544565
360661 854530 517168 833997 660124 844109 100796 813421 660599 1094725 839631 422205 386050 181836 520584 424590 853022 421269 721676 97687 262453 526356 788545 319015 426125 176069 476517 366564 809462 288284 617676 181519 498787 999999999 661998 409131 882546 701757 739780 837838 369479 723843 572279 160305 235457 899599 555252 920895 407300 619864 253261 573261 696971 904300 513132 584031 783694 883909 971728 952730 894665 287839 394212 590482 316544 567800 278282 878287 956072 846357 515686 93677 846493 696602 909505 842999 647430 871606 580337 690918 880549 330863 198354 517342 900387 237050 733589 694536 270371 515267 353867 678729 300136 604106 229293 89701 858022 260015 335375 481937
704185 461564 470021 781102 124263 307222 655931 231137 653371 455607 361156 669952 276871 823635 627874 425543 471307 611574 118307 671303 866832 539024 688112 604469 405915 606218 538051 347899 159156 500097 306232 816930 317336 661998 999999999 695219 231146 364807 671030 340725 340703 365350 394240 525664 666304 637772 378980 474703 510194 163522 589412 479214 320824 804717 188881 248205 149115 619793 332827 478635 818651 438863 639392 116966 381387 443340 421346 221641 457202 605444 710984 682196 191665 433836 249398 205175 541076 446322 198816 571976 247661 553386 810780 180436 779085 553688 729077 74383 556014 177890 647154 106790 927260 64295 541188 603113 217966 764772 442580 426581
56471 632019 275803 452303 620393 716143 504595 727883 298242 1010334 674614 34518 481075 394213 159197 272111 624374 92131 800702 505155 348658 847238 432837 115094 697332 240654 804440 588058 787936 225777 470046 379649 719245 409131 695219 999999999 848695 914032 382242 685430 370828 930330 373357 476081 174936 592803 371906 711097 187586 565371 623645 313452 533884 528597 647273 762605 750477 581961 903814 752474 512658 296783 55892 691124 353653 334486 534540 906241 771227 542295 110974 502570 880180 463498 893338 900184 345635 663057 731703 992130 942742 152024 341408 645566 532669 214469 351622 683765 185540 518306 64248 767522 414467 632094 231859 464035 812418 210455 263891 290438
869416 409327 586864 813615 234576 211859 883674 143080 728178 225305 289729 818690 497218 1035408 746817 579503 422759 758202 248857 898788 1068783 747403 719594 776170 629682 805928 753714 578911 73456 685189 388763 1027411 534645 882546 231146 848695 999999999 519424 718781 264109 534713 510483 491878 753293 855110 608425 485788 381960 661958 287075 820436 574118 351769 815185 417583 449159 101782 593494 105805 364785 836223 634280 793763 338908 582895 540777 651925 135561 330953 594088 838029 909310 142723 469886 53076 193446 608793 377986 407373 747932 213945 723665 1016781 409526 784957 745215 788886 188118 740222 371403 811375 279663 1132548 280486 735472 829239 39779 954477 622947 559504
901789 826250 762668 1113546 485621 664829 643599 583225 964305 722417 724544 898924 435006 883593 900050 683105 835791 850460 276923 659023 958125 287415 1024725 802748 280375 738178 319406 345262 472522 688997 646534 882846 206089 701757 364807 914032 519424 999999999 999316 703005 551387 23764 713216 541733 818519 997645 693387 837662 755853 511636 503893 789746 678226 1147674 276591 154833 486329 979343 620771 838206 1157821 617593 863162 273360 560550 756111 427359 409445 813350 961682 965782 671769 386404 781854 500546 342904 865120 810931 197661 231400 350433 762165 894142 281114 1124755 717206 1046525 437432 736320 458225 853418 262383 1001674 386626 700043 615605 530166 902305 653569 709444
437477 356254 257162 115017 552889 522757 818586 575962 84140 804136 452589 352239 602606 769317 228395 360521 343519 326658 789162 824367 730776 1040204 50760 427174 873557 565554 1009516 756512 684296 461981 364852 755053 849943 739780 671030 382242 718781 999316 999999999 474245 494504 1007799 286100 742478 533225 231438 306153 430273 338236 507523 891666 214608 370807 168598 728114 848153 645283 226707 729778 473485 167240 498706 364680 729231 520762 245189 745082 824043 504637 191739 283797 825873 808576 249886 771479 846680 134282 394971 801852 1149249 885997 408927 719193 722065 160792 503434 75644 621331 469513 541123 408782 773240 796672 625433 513373 764743 679057 591233 439591 311537
719622 145315 409646 559327 234550 52422 869034 130856 499795 336081 25679 651901 493233 957735 553840 446555 158667 593775 432470 881901 967513 866855 467306 642384 716973 715603 858132 628639 257961 580982 228296 946909 643006 837838 340725 685430 264109 703005 474245 999999999 468871 701234 313011 746133 741379 344317 318157 134738 513876 242357 854197 376997 153402 554352 502816 586838 228419 329485 255979 139726 576843 554107 635632 450888 521691 351534 674878 391491 126180 331788 646585 889873 387208 239389 316414 435268 384336 116296 536174 912357 466088 592904 926431 493966 523486 645275 548120 266572 628615 353898 664412 440675 1035760 340689 641347 809385 227346 836039 519628 404700
370275 499170 237607 607783 302070 474796 403517 448508 439110 734944 471761 351518 117924 504096 351736 139168 499909 299953 435993 415505 534114 546341 532719 268848 380354 271250 515015 262812 464516 159908 255088 495172 370712 369479 340703 370828 534713 551387 494504 468871 999999999 565847 239808 288589 325919 584907 218374 559264 204618 255637 421010 282801 332995 660150 278426 397286 433057 567113 614370 588199 661674 99870 317001 320833 52935 259412 255703 561168 588951 534677 414409 422735 532021 359104 569920 543977 367500 511255 362679 664701 585913 220684 482490 276012 645262 213573 523785 349908 215616 166093 315551 400111 597954 276478 202106 343415 505130 424814 107259 182973
919099 826819 773706 1121721 487609 661836 666583 579589 974492 709941 723225 914629 450256 905673 913118 696096 836648 865430 271797 682045 979549 309805 1032234 819645 303504 757589 342607 365640 466217 705736 652548 904780 226902 723843 365350 930330 510483 23764 1007799 701234 565847 999999999 721798 563700 837493 1000807 702286 835971 769998 515888 527500 799430 681672 1154448 289181 168563 481813 982593 610581 835282 1165163 634288 879018 279550 576686 765456 448687 396939 809610 965797 980193 694791 375110 787257 489505 330176 873756 810469 207944 245549 335319 778353 915647 293145 1131075 735251 1056260 436892 753732 467186 870135 260907 1023623 390920 718189 638010 522858 922113 668973 720925
406624 286350 98341 400492 285732 342850 626699 360704 259268 637887 304061 340336 330587 664710 255135 149333 283153 281360 512241 636617 663231 769304 313717 332650 602554 424512 743298 488391 440554 290115 103116 652644 568932 572279 394240 373357 491878 713216 286100 313011 239808 721798 999999999 522871 436650 345165 22148 359149 202863 233954 660350 85908 160573 439702 442966 562337 401069 327464 535164 396388 446887 287470 322728 443708 281866 50299 494401 573238 408800 294913 347066 641802 552565 124629 540816 584173 151958 309153 515773 868280 625600 285637 627663 436670 420229 352253 337024 355341 329366 255039 351721 492330 732217 343404 352607 567290 453366 527721 236950 96481
440119 787410 494104 848066 544240 743907 130393 701540 671798 972420 752181 477955 260797 342040 546518 390276 788394 456446 572951 145649 418149 386363 787231 365554 268538 242211 339038 208017 679854 284859 542628 341113 338490 160305 525664 476081 753293 541733 742478 746133 288589 563700 522871 999999999 324558 866327 502561 845380 406233 512193 151656 547752 619185 911025 362219 424947 658321 849096 848407 872188 906694 245170 443624 442476 241383 532552 119126 735064 869807 814581 568383 156586 702939 645443 775062 695068 630094 798164 424124 545717 730980 353355 353835 367395 901502 264844 752584 567851 298267 400727 412806 529561 459943 472868 248928 80047 732738 384912 304040 447057
125225 720198 354416 616397 620545 761537 333155 753909 450133 1043007 736232 192213 409261 239015 305487 294829 715348 206631 756368 332486 226722 708795 583702 110761 572985 83809 662666 476059 786971 169923 513409 225333 614543 235457 666304 174936 855110 818519 533225 741379 325919 837493 436650 324558 999999999 721663 426436 795197 236562 569208 463894 406615 588862 690374 572989 675905 753438 708219 926896 833004 677294 227635 170205 633065 286724 413943 406289 887077 844908 668817 284149 329129 857818 550897 893129 868265 464885 745306 654646 863334 909792 151254 194330 573603 690666 112681 514970 673867 115537 491648 126434 717817 295598 602194 126347 297971 823026 99405 232507 340389
644638 199301 382436 258411 513854 396630 963993 471345 304928 635633 318715 559837 668232 960604 433606 479672 185718 520636 747728 972640 935201 1100315 192604 611029 935611 735390 1078717 825615 596313 611324 363340 946993 887761 899599 637772 592803 608425 997645 231438 344317 584907 1000807 345165 866327 721663 999999999 366539 247573 495457 486669 1005473 326344 319464 225506 750755 859561 562123 18633 588285 285035 253200 625343 563523 726168 626359 335025 838556 733812 321940 53345 505844 976598 726725 230861 660667 772590 256938 233345 809016 1181659 806259 579058 914772 742980 193141 665779 299411 571536 635681 563394 605643 744503 1003195 611300 671136 905725 571371 793837 569592 421689
402538 300802 101097 420819 273838 345075 607804 357745 275908 638433 310875 339573 308446 651820 261538 135003 298377 279784 496600 617959 653158 747214 334863 324628 580446 410684 721152 466244 432137 275594 98752 639988 547356 555252 378980 371906 485788 693387 306153 318157 218374 702286 22148 502561 426436 366539 999999999 371749 195722 220810 639176 100374 164776 461150 422229 542004 392895 348740 533148 407843 467923 269200 319872 424817 261310 64669 472601 562860 418523 316576 352252 623367 541343 143410 533837 571612 171871 321754 495818 846762 613320 276155 615990 416050 441965 338540 355098 343115 317103 235180 346638 475520 721970 326525 338018 548226 447769 519107 220419 86736
752921 79797 444088 493275 363932 178287 962736 261828 476896 388347 113606 676614 602789 1023509 563462 506744 89733 623202 566961 974522 1021372 994834 409637 689061 841085 782379 983665 746795 387684 647101 304491 1011586 771630 920895 474703 711097 381960 837662 430273 134738 559264 835971 359149 845380 795197 247573 371749 999999999 559432 362455 963552 398566 226361 471658 630694 719444 360958 237315 345492 43612 497977 633111 667179 582986 610509 383385 785153 515051 75834 253746 652465 981400 514301 248211 431469 563667 376329 50013 668524 1045574 591797 643953 986801 621948 439427 710276 505838 400805 688409 468798 701921 575372 1090484 470667 709396 902615 349086 884097 589931 455616
209386 483826 118243 441867 432821 539528 481244 544438 265568 830091 506289 160082 322178 471147 150838 84936 478824 101464 618642 487695 462024 733613 385010 129907 571871 239937 696940 455410 600489 123758 290129 458265 573320 407300 510194 187586 661958 755853 338236 513876 204618 769998 202863 406233 236562 495457 195722 559432 999999999 377827 556935 172188 360484 506184 481551 601501 563211 480640 720352 597947 500753 168241 132055 515688 207124 177381 424295 719027 611495 442120 210422 489912 693304 314337 706062 714586 240552 509676 565256 862772 757167 86021 430148 478509 498649 170948 346850 496336 140228 335054 152160 587549 531173 447897 178100 426652 626141 325101 112462 109351
583409 328887 317402 617700 55201 232563 638913 193656 491869 479365 254335 536708 253889 759698 478262 294028 335984 476520 281656 652694 786284 634267 524954 489202 478663 524207 621495 386502 222831 399417 142711 750649 412739 619864 163522 565371 287075 511636 507523 242357 255637 515888 233954 512193 569208 486669 220810 362455 377827 999999999 613046 319763 167459 642869 271874 373717 186376 468252 359538 378930 656031 352950 509872 239500 307040 283927 433829 344881 368537 450059 565757 661665 321777 272651 328847 350814 378098 323575 322843 698484 392600 436699 736829 263416 617971 460701 566252 122737 453945 112828 525350 267331 851490 125034 452055 580441 253895 668425 336718 280882
584410 911601 640267 998451 635281 844775 161977 791892 822352 1044959 863445 627429 361432 418909 698162 535595 913993 607793 608340 174133 509959 280448 935548 515275 228287 385108 229861 241526 748479 436335 667102 422936 325832 253261 589412 623645 820436 503893 891666 854197 421010 527500 660350 151656 463894 1005473 639176 963552 556935 613046 999999999 692586 740004 1060262 404926 425103 733623 987813 921760 986553 1056698 393011 593686 486759 379822 674828 179321 778010 980004 954683 718718 185883 746083 779920 833503 728161 776064 918361 442117 447046 758679 504889 447460 412414 1049815 415226 903637 644559 449120 500510 561221 565745 535894 547540 399764 169184 806055 509310 452147 590999
354375 320233 56093 329448 371630 412913 639168 439550 176017 709336 363967 279134 388236 643028 177589 157478 313570 224644 596937 647320 629330 826625 250173 296828 659777 411055 797085 543132 524961 284981 186737 630004 635547 573261 479214 313452 574118 789746 214608 376997 282801 799430 85908 547752 406615 326344 100374 398566 172188 319763 692586 999999999 231326 377728 516025 637034 485361 310708 611727 439420 380681 303231 268627 523414 314431 35900 536940 658670 457782 273133 270557 650921 638296 150399 623879 670082 84740 350014 592104 934744 711499 257898 600882 510350 362467 340407 256832 441248 311606 332541 304285 575799 698450 426817 345075 581650 535157 489601 245606 101805
566743 172589 258341 472913 196609 182735 736510 211722 376446 478762 147492 500734 381437 808581 408780 294291 176715 441923 434656 748414 815315 793971 378292 489039 633488 566286 777351 531554 313511 430981 79349 797370 575584 696971 320824 533884 351769 678226 370807 153402 332995 681672 160573 619185 588862 319464 164776 226361 360484 167459 740004 231326 999999999 487941 435981 541065 274482 301126 380866 255877 504301 409949 483215 406865 384508 202373 562790 453278 260275 284759 501714 755443 438486 121217 403639 478330 257077 179069 490262 865103 516644 439784 775593 427831 460901 495144 438563 259554 476992 255768 511233 427502 883792 291845 492261 676402 312055 682944 370908 251300
585031 414503 424012 78017 681999 606437 985323 673498 243725 859988 529593 502248 765170 921996 385801 528182 400518 485863 920989 990664 874904 1204146 127571 588088 1037221 728955 1174798 920798 792762 629802 502386 907509 1008481 904300 804717 528597 815185 1147674 168598 554352 660150 1154448 439702 911025 690374 225506 461150 471658 506184 642869 1060262 377728 487941 999999999 881742 999568 755666 234365 806211 510222 30781 667289 520193 874905 688345 404882 912466 932937 546748 223058 421033 991764 921741 370897 868180 964148 293577 451642 951584 1307909 1000961 574110 869871 875142 32365 669142 176978 747207 634798 692106 564171 910045 938150 765775 679798 932185 776528 738934 608167 477476
641059 600758 486687 842953 268274 478970 489215 411211 689297 642846 519011 629463 167121 687440 623937 406916 607790 578353 210918 505104 745508 364250 756554 539974 218792 499276 356240 165078 347181 426205 388856 683119 141098 513132 188881 647273 417583 276591 728114 502816 278426 289181 442966 362219 572989 750755 422229 630694 481551 271874 404926 516025 435981 881742 999999999 121942 337501 732140 520960 642440 889789 355417 594464 82403 295560 483332 247675 376427 626427 709606 691948 516884 344247 524989 428616 333096 593907 594303 84438 431132 368777 495532 684601 8911 860713 464170 772227 253817 477749 190298 589225 167467 799333 163232 448242 442161 406723 665204 383759 433096
752856 698484 608542 962785 357057 555282 541278 478912 810859 669835 605961 746401 281935 764224 745243 528281 706807 696899 204432 557253 831345 298257 875284 652775 201384 598024 306690 217485 387818 538732 501715 761750 99991 584031 248205 762605 449159 154833 848153 586838 397286 168563 562337 424947 675905 859561 542004 719444 601501 373717 425103 637034 541065 999568 121942 999999999 390330 841045 554918 725757 1008542 467308 710907 136732 409020 603913 305944 371416 705224 820782 811649 569779 341449 637982 445652 313252 713871 687565 51214 326605 338626 610582 768439 126897 977679 570950 893542 322294 587877 307657 702959 169509 880092 251646 554212 503503 448938 763812 500629 555030
