NAME : synthetic_000798
TYPE : CTSP-D
DIMENSION : 100
GROUPS : 8
RELAXATION_LEVEL : 1
EDGE_WEIGHT_TYPE : EXPLICIT
EDGE_WEIGHT_FORMAT : FULL_MATRIX
EDGE_WEIGHT_SECTION
999999999 575118 63858 873358 69777 266380 683301 745270 483885 514140 217600 192697 134433 394001 514820 745703 148499 466444 559773 463556 715563 574758 407978 515384 332422 155704 627192 182684 548205 93035 233547 325612 532627 683594 391533 554784 184535 413605 90374 312823 366193 355859 202783 749155 552274 604875 519237 465912 651901 446397 628179 413174 678822 399954 110615 639453 712587 385991 599274 83823 499292 611297 775625 559786 634289 305716 637286 287000 826331 846696 521113 624771 575572 106256 349923 359723 567532 469721 233922 890534 453916 259968 528012 185608 536599 181601 629620 203159 562256 152462 394785 675974 274949 236279 574944 462917 113365 340879 695103 468605
575118 999999999 519610 735796 589365 352833 380079 710208 393388 674141 524442 451696 486683 200458 121567 802814 722985 778061 202269 929863 184113 89589 170994 978318 868118 419452 776943 556252 575337 596676 370886 285740 505682 619512 687869 488173 690101 372862 578721 277561 228876 506974 760307 685911 366005 849600 1003207 164037 885833 152819 837166 414355 564973 225770 591401 788229 799372 300373 335227 538590 535554 380394 576460 1000106 208594 839317 152298 598015 662109 764045 534942 53549 281604 674058 798228 388099 156603 226808 416271 711499 608305 754398 1009496 411082 38529 630218 154396 381011 457060 619159 868363 161353 671921 781349 354637 124564 521537 485695 188120 595241
63858 519610 999999999 817887 119319 202622 619800 694297 422368 473996 230696 181473 74914 333716 467042 702484 209055 446559 496538 477438 666897 525133 355634 529643 365648 102916 590371 206567 496239 140979 199384 262840 476132 629217 364452 496697 241818 394507 131416 251952 305439 360123 244380 696270 489468 579789 539114 404384 626746 397519 598847 400391 621408 357747 153632 602921 671442 322138 535696 45361 445950 548360 715834 569528 571295 337534 575787 313016 768800 794253 466997 568120 511714 169975 354802 342720 505318 431732 215930 833047 409835 274951 547380 122093 481108 171988 567938 142096 502453 198034 408664 614986 260329 271701 511767 411548 65010 286972 633592 422213
873358 735796 817887 999999999 937089 660905 360488 160672 421019 425423 1006696 923293 743021 665258 829405 269712 974164 592571 535657 837769 890283 823601 763520 855938 924228 795752 391393 1003914 330495 958846 861553 649196 342030 190906 579468 325509 1057828 1010662 948342 685590 666582 1083958 915212 136751 393418 517267 903123 620818 511206 802923 469848 1045159 201422 852706 970472 389761 308928 562455 403053 789726 375297 359723 161127 832309 535950 905873 600888 1100743 74531 78130 352690 723290 457249 963821 764572 991027 579501 908834 922087 60047 449366 813303 902423 725751 730966 749703 594294 737294 331150 1014809 822339 621094 692023 900037 392582 778344 759992 532529 604342 426319
69777 589365 119319 937089 999999999 310484 731989 811901 539852 583648 163307 164288 194229 421642 516218 814858 147620 534284 596604 515152 716226 578326 418822 566182 369197 180817 696956 121906 614224 23270 226579 362578 595421 748148 460867 615955 123546 381353 25294 343726 395623 303668 235426 814726 604582 673610 565552 496262 720599 450701 697558 374636 740716 395483 41654 709223 782051 431662 647612 150987 564470 662983 834468 613440 669336 344764 666123 221727 888091 912559 585793 640952 619829 91549 408686 326801 599455 458018 208548 952339 522731 314465 574665 229984 551236 249006 659143 238510 621188 82714 447250 702894 342399 274255 625689 471012 179079 405547 723657 536840
266380 352833 202622 660905 310484 999999999 421784 561244 242912 403807 346558 262409 145158 152639 339202 602650 409500 455203 295119 579012 523449 384542 219508 628458 518526 139600 523007 348451 369161 327757 205333 68470 326118 482523 361781 336126 432830 388183 312944 79844 123960 428980 420686 554345 298057 556995 651418 211907 600233 272584 559331 413479 459533 270709 333297 535789 581642 121179 337398 203629 316170 355148 539317 654013 370536 489854 380805 440741 602894 651569 331025 394414 309929 372590 447086 353263 307916 349970 263404 666337 330939 402109 657961 81144 316298 277991 372265 78148 331184 374975 516240 421761 322059 436170 317102 272640 179736 183110 438131 330693
683301 380079 619800 360488 731989 421784 999999999 371749 217828 461334 750455 663964 551312 357924 483501 489936 817541 623141 189262 845263 529810 469298 440860 881970 860308 558641 520877 761774 323353 749537 587735 379014 261182 289062 558529 226012 854605 695033 734672 408665 370576 794683 799724 339581 137968 631053 920906 294034 652219 469933 600118 733545 224671 530963 754825 528460 502354 300819 84389 609473 316808 81870 199396 881708 175714 834689 240447 842307 285989 399904 299659 363536 123173 788000 731061 687077 227121 573771 649154 331911 425862 735472 923975 502010 380448 629804 234052 497135 190110 795844 802711 261739 616622 801286 110839 441766 580550 395420 247096 401447
745270 710208 694297 160672 811901 561244 371749 999999999 341064 268592 898845 819240 620601 599049 785997 130426 834273 432389 509243 677283 881512 792473 701668 695288 768343 687292 232373 890287 198311 834459 766471 564328 236359 90754 424348 235718 929192 934966 825711 601276 593683 990220 767476 37219 344796 359349 742452 570839 357459 747528 313101 965839 149230 786358 847924 231863 160230 482100 380291 661595 250114 335157 211446 672223 532259 751102 596348 991626 168408 105142 231680 709477 431109 829145 607197 908153 556301 851571 824391 209495 301959 660890 741767 615655 697145 607019 587934 633058 258249 892305 663205 625687 542113 749522 356019 727181 632862 407955 614892 281656
483885 393388 422368 421019 539852 242912 217828 341064 999999999 290838 589333 504547 349485 258155 451634 414737 609567 428563 213083 635464 575456 466890 361002 675173 642568 381350 385048 590747 182032 559663 440623 228737 113809 253946 353016 105352 663351 596072 546722 265460 252920 662985 584020 326452 80516 469235 711627 238055 500920 408150 450365 628504 220156 445315 568184 395957 407497 143010 145503 404893 144141 136935 296991 680567 270920 616874 320413 683507 360525 419981 141589 406818 159454 585227 516758 572528 256848 511178 501388 423668 235350 517688 715380 314788 372622 413015 310354 320771 89905 611492 589143 360515 399606 584125 109500 389654 374990 177609 362063 215919
514140 674141 473996 425423 583648 403807 461334 268592 290838 999999999 698448 629472 407440 504055 710732 233332 581237 175509 503867 419584 858175 738259 601371 445150 499763 497550 120274 679888 139870 606895 596986 437686 201315 251509 156142 235510 692064 790886 601540 470070 486467 811359 504580 288710 352754 178398 489865 511278 211783 654320 163350 813688 291320 669433 623166 133146 198479 381477 417037 434132 150045 386675 406314 433106 559601 482617 611178 785797 409685 372891 162778 693626 446005 584275 339174 752561 546921 746025 646218 465287 72883 393809 490670 428989 648240 354098 601137 456874 272353 666297 397977 650903 278791 483764 379675 643795 409076 220772 651116 79208
217600 524442 230696 1006696 163307 346558 750455 898845 589333 698448 999999999 86548 291109 401509 427130 921605 299644 676569 586829 677677 617181 490440 358933 728954 531560 211824 816817 47405 701620 148806 165789 372901 668116 824943 595131 681279 190984 236190 138123 341805 382888 140366 397739 895566 639118 810479 728856 476072 857426 372815 828928 220663 805550 303661 129739 829520 893386 457279 668020 275374 649007 693211 884920 775342 651452 507658 632409 94183 949444 993587 667256 577987 629415 243950 567354 183995 576704 345639 109398 1012887 630867 475577 737963 283250 489345 395766 627450 269431 677719 124726 609431 662942 487753 437232 654398 399890 294307 494565 687001 639930
192697 451696 181473 923293 164288 262409 663964 819240 504547 629472 86548 999999999 226999 316726 363940 847832 311907 623856 501875 653782 560787 427241 282443 705865 524181 133378 749090 105726 623203 161399 82925 286400 586525 743371 537876 598259 240885 221133 144465 255301 297171 183316 392340 814568 552920 752407 711434 391866 798958 303520 767199 221241 721938 240169 149587 761906 821491 371081 581476 226373 570263 606773 799403 748154 567807 497933 551550 179808 864983 912316 587599 504958 543095 255658 534712 167062 493486 296164 44314 928215 559902 449887 720111 204831 415214 353432 546143 186683 593405 169233 584836 583658 441055 427992 567951 328138 238394 419050 607055 566960
134433 486683 74914 743021 194229 145158 551312 620601 349485 407440 291109 226999 999999999 291062 450774 632842 267818 399122 439330 466987 646299 504413 333079 518569 381967 107038 525722 273660 422361 215825 217768 211675 401225 554541 311363 421888 316401 421120 205684 209945 261908 410280 276610 621931 418744 525474 534609 355930 571980 380777 540478 433739 546528 354094 227890 538436 603258 258426 467742 59299 371654 477923 641614 552472 515035 353161 525779 378821 693941 720001 392459 531945 447290 236950 337558 373283 453068 432557 252077 758187 340772 273845 542113 75818 448754 153203 517319 109149 428205 272317 400043 566480 225489 294910 442083 389514 35148 212784 583198 351482
394001 200458 333716 665258 421642 152639 357924 599049 258155 504055 401509 316726 291062 999999999 206861 668350 542178 587848 185323 729722 375316 241047 103016 778481 670146 241631 616299 420376 430266 433705 235808 85310 368803 510944 495737 363452 535375 345973 416523 82036 29181 436789 567347 582972 272217 672660 802849 75848 712371 152610 666634 381886 470262 188358 433211 628481 656240 124432 280766 346114 382243 315117 520723 801573 251994 641401 244543 490170 597706 673844 388622 242041 234756 498145 597979 331420 179123 253306 295501 656857 433553 554692 809196 217003 164622 430534 237502 191631 342940 468563 667935 282194 471910 585664 277675 139743 326205 297506 302190 425310
514820 121567 467042 829405 516218 339202 483501 785997 451634 710732 427130 363940 450774 206861 999999999 866307 658226 790520 295840 913209 200809 63459 120100 963741 829464 364141 821899 463993 630608 519624 289887 282317 565229 695697 697555 554255 604760 253505 501729 259494 227169 392423 711410 765471 443426 879322 983356 215236 919216 70075 873454 294880 646847 124140 511128 833940 857298 329737 426587 494616 584917 469726 673582 991907 320762 800841 270603 492353 757261 849999 589008 169415 372554 605502 781624 274066 256640 105627 323713 810498 640406 724596 990477 376410 105074 602514 271177 341671 527943 533088 848067 282855 659066 737671 438491 67802 483559 502965 309622 631844
745703 802814 702484 269712 814858 602650 489936 130426 414737 233332 921605 847832 632842 668350 866307 999999999 813827 361947 606900 596998 980283 880301 771081 607219 711840 714482 143586 906501 238648 838034 805627 619715 301081 200956 381310 314744 925012 988438 831847 655671 657980 1026279 732861 167646 439068 257633 655499 652546 244361 820499 208596 1015683 265629 850298 853705 136771 44359 545334 485367 664389 289427 442077 341616 576744 639858 698550 701979 1011366 295049 194821 280051 808344 532081 817606 548305 955819 654060 921054 859550 326280 292654 617178 653492 643443 785304 587232 692949 666752 346299 897281 594509 734613 508790 708768 455949 803580 638086 428909 726409 281702
148499 722985 209055 974164 147620 409500 817541 834273 609567 581237 299644 311907 267818 542178 658226 813827 999999999 489086 704502 407933 858934 719295 554753 455613 241284 303932 682163 253110 643812 153694 370746 471653 641192 783313 436075 667748 150558 527339 168753 460703 514159 436605 114584 843561 682882 632464 446162 613408 677924 590956 665001 518006 787881 539767 170767 693339 776075 526085 734536 208726 599859 742190 891834 508206 779635 221839 784820 331652 934232 938581 623214 772976 715108 56686 326810 472888 714310 604669 356167 997756 533031 228749 455675 330366 684494 227916 776991 350834 680710 182057 344985 823879 307267 156468 707465 608978 237071 448634 842630 552618
466444 778061 446559 592571 534284 455203 623141 432389 428563 175509 676569 623856 399122 587848 790520 361947 489086 999999999 633484 245752 960211 828892 672724 269641 351137 504487 218449 647514 311190 556819 614191 508219 362896 426193 93425 398816 622660 817376 556643 532914 564288 805806 391108 457227 501723 143381 314579 614891 189197 726379 178692 832280 466615 724169 575920 226386 318515 477851 568347 401425 306480 544381 581799 259997 697994 339933 741884 753098 582910 532818 325144 806514 587992 508000 188282 771419 671619 804058 651154 636275 197471 269210 315220 448448 746959 285279 731750 482934 433287 614582 233255 783699 191944 360383 530502 722837 385638 292388 788097 221717
559773 202269 496538 535657 596604 295119 189262 509243 213083 503867 586829 501875 439330 185323 295840 606900 704502 633484 999999999 820756 373608 288378 254921 864708 795985 416117 595550 604898 388963 610849 421123 234615 317558 418769 550839 294905 714500 508308 594326 254076 205632 615465 710876 484087 167843 682246 896712 112172 713882 280960 663121 547597 362981 343997 612375 605944 607049 186062 133248 498342 356561 178201 378178 876786 75949 768118 108500 675201 462673 561874 351060 201487 79357 665925 694009 503965 47246 384510 480523 514815 445953 673107 901589 374480 195340 553725 98360 358724 260959 649785 766885 150256 568781 721740 153228 252538 473074 352974 157005 428061
463556 929863 477438 837769 515152 579012 845263 677283 635464 419584 677677 653782 466987 729722 913209 596998 407933 245752 820756 999999999 1102364 962545 793452 52205 179815 568573 454940 636926 549637 532737 675257 644463 592297 671060 287502 628228 558467 871587 540438 657896 701977 817719 293507 702836 714353 345768 76258 775816 376782 843930 393602 875008 708472 821080 553099 460444 552673 643517 780674 436810 535406 763971 824279 100274 892096 189778 925837 730885 828480 776156 556780 967495 790102 450737 131939 819074 851837 899391 691937 882013 426378 203920 80841 538172 894330 313960 915971 573909 659472 579343 68950 968607 257986 251509 743722 848848 438050 468450 977717 452472
715563 184113 666897 890283 716226 523449 529810 881512 575456 858175 617181 560787 646299 375316 200809 980283 858934 960211 373608 1102364 999999999 142101 313403 1151907 1027222 564006 959996 657157 756876 718810 489651 459510 686470 791466 869202 666845 800500 410758 701010 444511 401725 558210 911231 854765 541284 1033706 1174242 347931 1069898 269483 1021113 448129 733596 321266 709452 971133 979069 483421 501504 692808 718530 546902 729163 1176496 354883 998493 289678 672097 815766 926583 716990 172212 450532 805951 970425 447001 326372 272474 518889 858948 792400 919164 1180972 570862 213254 795799 296813 537382 634029 728986 1038881 271192 845437 936521 526235 256902 679979 667920 291653 779320
574758 89589 525133 823601 578326 384542 469298 792473 466890 738259 490440 427241 504413 241047 63459 880301 719295 828892 288378 962545 142101 999999999 171377 1012485 885136 422304 845691 527450 648471 582224 352393 322852 580501 701729 736741 565834 668099 308972 564295 304960 265484 451390 769385 769494 447685 910511 1033841 229514 948813 128407 901587 349794 649099 187595 574047 857382 874385 357570 421612 550711 605648 466362 664866 1038529 298145 856413 240518 554432 750192 849833 607325 123891 367560 667099 830655 333960 244159 160019 387159 800356 669747 777582 1040709 429113 95379 654482 243298 395410 536612 596430 898445 244127 706461 794449 438658 114901 537978 538034 270492 659053
407978 170994 355634 763520 418822 219508 440860 701668 361002 601371 358933 282443 333079 103016 120100 771081 554753 672724 254921 793452 313403 171377 999999999 843861 713842 253373 715652 387806 532775 425751 200608 165910 471805 613187 579502 466219 519402 254176 407785 140140 115166 363976 599321 684980 370199 766074 863968 147169 807154 53776 762796 292894 570907 90473 420417 727992 758331 226133 370025 379670 484137 408218 615173 871809 305854 685105 276650 438584 694511 774868 491178 223538 319514 504612 661772 249737 231096 150290 249628 752188 529766 606468 871000 257935 133460 483705 272823 224038 444836 448688 728614 304681 538980 623549 372354 56502 366601 388325 329367 523338
515384 978318 529643 855938 566182 628458 881970 695288 675173 445150 728954 705865 518569 778481 963741 607219 455613 269641 864708 52205 1151907 1012485 843861 999999999 221298 620551 467839 687828 579293 583438 727402 693327 625905 695384 323558 661970 606126 923782 591476 707630 750969 869103 341701 722661 753166 351160 48473 822964 376777 894618 400079 927101 736123 872620 603758 472038 562914 689573 819785 488957 568907 801194 851422 57544 935152 234968 970572 780816 850881 791525 589439 1015143 831409 499965 182130 871244 896904 951077 744108 902379 459080 255979 46517 589280 943095 365702 960642 625108 694407 629134 121101 1013299 306616 299692 782502 899065 489925 511784 1021709 484824
332422 868118 365648 924228 369197 518526 860308 768343 642568 499763 531560 524181 381967 670146 829464 711840 241284 351137 795985 179815 1027222 885136 713842 221298 999999999 467080 568908 487182 606615 382831 562719 586995 630898 742045 344763 664523 390087 745301 393944 590634 641031 671369 133839 787549 722917 482395 205850 729114 521559 759444 525321 742303 766223 723295 402371 577316 668951 610248 785416 334854 577623 778868 880539 277288 871206 28810 893248 572331 901491 872343 601323 912125 782442 291275 163540 691083 818700 797182 566189 960597 479955 124992 215446 457785 830397 242817 884026 490126 689076 421335 133189 935418 245861 96203 751406 770341 347624 464983 949008 505258
155704 419452 102916 795752 180817 139600 558641 687292 381350 497550 211824 133378 107038 241631 364141 714482 303932 504487 416117 568573 564006 422304 253373 620551 467080 999999999 617522 209408 490545 194780 110731 183095 456367 613160 415057 470245 298980 314155 178497 162912 215060 313816 347296 683743 437505 627178 633646 315693 673200 294606 639135 327799 594960 256650 197393 630370 688414 258256 474458 133882 437741 494186 678241 656680 488550 438709 486135 305393 739913 781766 455631 469088 442908 257257 441181 266966 418742 332575 149589 803687 427309 369848 641546 71736 380928 255364 478948 61803 468366 237329 500599 523648 332327 374018 455893 309008 130958 285673 543815 433799
627192 776943 590371 391393 696956 523007 520877 232373 385048 120274 816817 749090 525722 616299 821899 143586 682163 218449 595550 454940 959996 845691 715652 467839 568908 617522 999999999 796819 207403 720222 717254 553896 278798 258123 246153 306349 801230 910633 715888 587247 600487 931281 595643 264044 433767 127409 515769 616655 134068 767989 83965 933789 315672 786459 737190 12872 100092 492277 492619 549198 241466 455574 419280 441333 643335 556297 699787 903065 397279 324083 244523 791862 529802 690627 405461 872704 640824 862083 766367 441867 192495 477630 514319 549212 753550 459061 690003 577131 343646 779654 450936 737271 374989 569537 457404 755754 525364 340338 734188 193367
182684 556252 206567 1003914 121906 348451 761774 890287 590747 679888 47405 105726 273660 420376 463993 906501 253110 647514 604898 636926 657157 527450 387806 687828 487182 209408 796819 999999999 692183 104789 188614 382760 663101 819373 569077 678589 145729 282936 96708 354451 399406 184312 353545 888953 645240 783945 686213 495934 830987 406472 804627 268065 803601 339889 84867 809395 876619 464201 678344 249299 640199 700904 887588 735332 672115 463857 657085 106534 949043 987179 659516 609652 642505 197898 529932 230139 598158 387089 140730 1012902 614293 436306 695408 278194 520153 363806 651577 270305 677652 77600 569122 689373 456840 393650 662287 432164 271520 483173 712718 625087
548205 575337 496239 330495 614224 369161 323353 198311 182032 139870 701620 623203 422361 430266 630608 238648 643812 311190 388963 549637 756876 648471 532775 579293 606615 490545 207403 692183 999999999 636657 574163 381627 71501 140055 267414 100236 732521 751572 627648 417872 419369 797108 586375 201173 226418 308301 622375 419134 332589 582702 280571 779985 160625 611665 649867 217335 226690 306810 286500 464405 53107 251894 276353 570853 436019 585780 492476 794017 296693 298491 41679 587113 322409 634992 454327 720806 434758 682580 630549 358151 127155 489781 623935 418811 554511 419355 482723 438022 137871 694272 519785 529870 366384 573495 250584 566736 435356 209653 527014 101424
93035 596676 140979 958846 23270 327757 749537 834459 559663 606895 148806 161399 215825 433705 519624 838034 153694 556819 610849 532737 718810 582224 425751 583438 382831 194780 720222 104789 636657 999999999 229832 377629 617023 770167 483917 637114 105075 373702 17995 357178 408344 288586 249054 837004 623303 696427 581430 508837 743400 455357 720612 364637 762016 397574 20431 732487 805288 448854 665149 173980 586705 681465 854879 631511 682911 359208 677812 201032 909308 934902 607892 648741 636220 97058 428595 319294 612221 457285 205583 973553 545846 333434 590630 247941 558788 271562 671055 254121 641736 59445 465235 713924 364887 288923 643942 476792 201791 427737 735156 559826
233547 370886 199384 861553 226579 205333 587735 766471 440623 596986 165789 82925 217768 235808 289887 805627 370746 614191 421123 675257 489651 352393 200608 727402 562719 110731 717254 188614 574163 229832 999999999 215033 530895 686742 523872 538946 319321 203535 211903 180978 218087 223840 435895 758881 482460 734169 738229 310288 779741 225824 743866 219150 660333 169124 222183 730125 782557 301823 506426 238447 521093 534230 731476 765169 485821 535075 468659 255025 800462 855652 536325 423874 465732 316738 549625 157841 411235 236189 61819 862900 525167 473940 746406 169448 333888 363889 463304 140177 530420 248273 606771 500761 442923 467346 495420 248526 240176 378911 524131 528714
325612 285740 262840 649196 362578 68470 379014 564328 228737 437686 372901 286400 211675 85310 282317 619715 471653 508219 234615 644463 459510 322852 165910 693327 586995 183095 553896 382760 381627 377629 215033 999999999 328359 480360 415344 331010 482060 371028 361548 36979 57787 435055 488082 553003 267562 600322 717539 144259 641723 219648 598003 401533 448814 232817 380440 566429 603092 87092 295707 269018 330296 320446 516487 716995 308707 558324 314542 465952 586502 647989 340997 326279 260697 431596 512691 344415 242820 308374 276719 648514 365464 470260 723894 141439 249870 346227 306298 124216 318518 419662 582631 354916 386722 504345 281609 214619 246646 222471 372161 360668
532627 505682 476132 342030 595421 326118 261182 236359 113809 201315 668116 586525 401225 368803 565229 301081 641192 362896 317558 592297 686470 580501 471805 625905 630898 456367 278798 663101 71501 617023 530895 328359 999999999 156871 305089 36077 716798 699322 606355 365247 360615 754735 595613 228261 155379 375815 666855 351857 402316 520243 350517 729707 146916 553732 628472 288820 293995 247994 217062 449383 57000 185360 253451 622427 364928 607981 421007 761751 294151 325799 38608 516231 251168 626167 486968 671833 363499 622080 589521 358216 166906 509514 669228 385461 485989 424271 411242 399845 71233 672794 555935 458561 385693 587636 180425 502672 419402 193288 456093 141528
683594 619512 629217 190906 748148 482523 289062 90754 253946 251509 824943 743371 554541 510944 695697 200956 783313 426193 418769 671060 791466 701729 613187 695384 742045 613160 258123 819373 140055 770167 686742 480360 156871 999999999 398661 149421 868129 849749 760196 517330 506836 910519 726203 72656 254047 382773 740760 480655 391717 658272 342054 881595 64750 698843 782386 262094 216737 396386 290830 599838 184637 246056 161670 679479 443911 722249 507491 918514 159612 169051 162481 619335 340940 773070 585902 824769 465887 762749 745833 219091 262804 627571 741254 542114 606409 559384 498895 556689 168602 826798 647982 537959 504896 712565 265551 637424 570277 342777 528244 238493
391533 687869 364452 579468 460867 361781 558529 424348 353016 156142 595131 537876 311363 495737 697555 381310 436075 93425 550839 287502 869202 736741 579502 323558 344763 415057 246153 569077 267414 483917 523872 415344 305089 398661 999999999 340921 558696 726525 481762 439604 471725 720799 351561 442809 430043 215357 362649 525502 262295 633123 236695 742616 428004 630855 502112 257265 341668 388426 496782 320180 248369 477644 543764 327744 618132 326802 658683 675446 558270 528914 270306 717948 511030 446383 187424 681518 586982 710710 563129 616436 140935 237981 365512 356744 656053 215631 648590 390773 371977 542858 252569 700962 128841 328614 459330 629934 301337 202801 706944 167159
554784 488173 496697 325509 615955 336126 226012 235718 105352 235510 681279 598259 421888 363452 554255 314744 667748 398816 294905 628228 666845 565834 466219 661970 664523 470245 306349 678589 100236 637114 538946 331010 36077 149421 340921 999999999 738233 700404 625755 367969 358069 762468 625874 222076 128578 408051 702855 339334 432818 512847 380785 732174 125241 550642 647741 315695 312324 247056 186452 472226 93064 151963 224291 658432 337450 641240 395568 775284 272207 317240 73863 495501 224593 650578 522075 675423 341626 616308 598678 336447 202983 542463 705257 400395 470704 453956 385997 411955 37637 691872 591371 431861 418928 619165 151086 493548 442082 219139 427987 177578
184535 690101 241818 1057828 123546 432830 854605 929192 663351 692064 190984 240885 316401 535375 604760 925012 150558 622660 714500 558467 800500 668099 519402 606126 390087 298980 801230 145729 732521 105075 319321 482060 716798 868129 558696 738233 999999999 426836 120534 460481 510815 311390 265003 933562 727984 765224 595713 610930 811650 544010 793729 408484 862674 480820 102236 813106 890254 553928 770216 268322 683809 786279 957612 658741 785876 371924 778505 192096 1010153 1030992 705648 742923 741145 115142 472526 374978 714375 531943 281666 1074387 635059 374041 605271 352885 652857 343090 772063 358943 744251 71672 495060 813610 433053 306966 748851 567726 297871 525399 835503 650987
413605 372862 394507 1010662 381353 388183 695033 934966 596072 790886 236190 221133 421120 345973 253505 988438 527339 817376 508308 871587 410758 308972 254176 923782 745301 314155 910633 282936 751572 373702 203535 371028 699322 849749 726525 700404 426836 999999999 358769 334261 344454 147547 613190 922365 618119 934992 931193 401229 980050 231853 942428 41493 813652 164313 357640 923454 969144 453363 623328 436931 699470 660100 866433 963995 553224 719057 513398 267601 943632 1015832 711434 422710 573511 470657 748964 54555 480546 149072 180141 1002789 718201 668208 939738 370184 347791 564187 511901 337618 684363 360530 802697 531953 645780 649119 623218 262688 441975 570295 558506 718832
90374 578721 131416 948342 25294 312944 734672 825711 546722 601540 138123 144465 205684 416523 501729 831847 168753 556643 594326 540438 701010 564295 407785 591476 393944 178497 715888 96708 627648 17995 211903 361548 606355 760196 481762 625755 120534 358769 999999999 340468 391362 278465 260119 827562 609340 695249 590769 491774 742275 437382 718345 350923 750818 379801 22221 728243 799730 433876 650299 167513 577253 667291 842491 638688 666128 369708 660479 197742 897953 925587 598141 630814 620687 112100 433523 304266 595191 440013 188743 962182 539337 339601 599892 233745 540849 271525 653779 238460 629573 66647 472513 696438 364951 299229 629605 458797 194155 418298 717772 552638
312823 277561 251952 685590 343726 79844 408665 601276 265460 470070 341805 255301 209945 82036 259494 655671 460703 532914 254076 657896 444511 304960 140140 707630 590634 162912 587247 354451 417872 357178 180978 36979 365247 517330 439604 367969 460481 334261 340468 999999999 53487 399145 485734 589975 301797 629790 729778 153331 671935 193584 629162 364571 485433 199366 358320 599856 638408 123150 326338 264256 366261 353267 551474 733740 325748 561841 324538 434045 622412 684900 377417 322019 288207 417632 525962 307456 255969 276576 242797 684171 397489 477273 736472 135224 240110 353186 317010 109886 355152 395874 594449 363193 401501 504840 314450 192800 245025 252262 382346 393881
366193 228876 305439 666582 395623 123960 370576 593683 252920 486467 382888 297171 261908 29181 227169 657980 514159 564288 205632 701977 401725 265484 115166 750969 641031 215060 600487 399406 419369 408344 218087 57787 360615 506836 471725 358069 510815 344454 391362 53487 999999999 426425 538250 579269 275623 652674 774850 100646 693165 167853 648275 378585 469219 193120 408580 612826 644131 112809 290841 317126 369935 322294 525720 774782 275168 612280 271387 473112 600553 671775 377934 271112 247987 470778 570147 325440 203897 263484 279011 660797 415128 525830 781273 188009 192516 401654 264013 163366 340222 444913 639817 309781 444353 556484 284041 159387 297054 275807 329164 408270
355859 506974 360123 1083958 303668 428980 794683 990220 662985 811359 140366 183316 410280 436789 392423 1026279 436605 805806 615465 817719 558210 451390 363976 869103 671369 313816 931281 184312 797108 288586 223840 435055 754735 910519 720799 762468 311390 147547 278465 399145 426425 999999999 537632 982701 699865 935566 869220 503801 982170 357137 950497 113233 883065 283720 269010 944121 1001452 522100 716858 405484 744001 748582 950101 915041 669818 647760 637824 128889 1021517 1079374 759733 558921 671510 381999 705662 118887 594924 292096 166797 1083305 741020 615130 878329 383454 477650 530087 634934 359752 752888 255903 749336 661194 620314 577400 710150 387878 420230 597656 687161 746826
202783 760307 244380 915212 235426 420686 799724 767476 584020 504580 397739 392340 276610 567347 711410 732861 114584 391108 710876 293507 911231 769385 599321 341701 133839 347296 595643 353545 586375 249054 435895 488082 595613 726203 351561 625874 265003 613190 260119 485734 538250 537632 999999999 780921 662057 533410 334615 632310 577537 641895 569498 609126 739365 600352 268691 606003 692852 525736 719872 221822 548095 720498 849061 393774 786823 110549 801333 440949 882319 872604 572077 807068 708690 159240 217287 558804 727921 671829 435030 944428 466452 122525 344006 350519 721993 172302 792661 379300 644457 289341 230481 842438 225949 42028 688946 655479 241513 410646 858454 488921
749155 685911 696270 136751 814726 554345 339581 37219 326452 288710 895566 814568 621931 582972 765471 167646 843561 457227 484087 702836 854765 769494 684980 722661 787549 683743 264044 888953 201173 837004 758881 553003 228261 72656 442809 222076 933562 922365 827562 589975 579269 982701 780921 999999999 322407 391429 769408 550829 391651 729499 346091 954250 121240 771036 849779 264507 196637 469010 353297 665334 250320 307866 174354 701435 503427 769359 567986 988912 133678 98239 229727 683088 405266 835984 627833 897406 530859 834275 817736 179753 314485 677315 769047 612439 674369 617461 559817 627929 240144 894208 685972 596083 556732 764690 331282 708133 636119 409300 584407 292353
552274 366005 489468 393418 604582 298057 137968 344796 80516 352754 639118 552920 418744 272217 443426 439068 682882 501723 167843 714353 541284 447685 370199 753166 722917 437505 433767 645240 226418 623303 482460 267562 155379 254047 430043 128578 727984 618119 609340 301797 275623 699865 662057 322407 999999999 529697 790408 229848 557458 410993 505767 653494 203483 459292 630223 443482 439674 181845 66810 475929 202730 59312 250353 756707 209605 697107 266991 732723 325513 407168 192053 369278 96128 655653 596828 601059 214992 516725 544216 385211 305313 597994 793959 375603 352380 491872 257422 375763 93327 672548 669059 303587 480121 663323 29369 387868 446509 257938 300714 283274
604875 849600 579789 517267 673610 556995 631053 359349 469235 178398 810479 752407 525474 672660 879322 257633 632464 143381 682246 345768 1033706 910511 766074 351160 482395 627178 127409 783945 308301 696427 734169 600322 375815 382773 215357 408051 765224 934992 695249 629790 652674 935566 533410 391429 529697 999999999 399613 685947 47050 819680 49114 953318 437269 827402 715117 127605 213738 552965 592834 535400 327600 560002 544425 319111 737562 474758 789566 890161 524684 447650 337977 870801 623793 650825 324109 891988 725124 906000 776242 568776 241336 411049 397099 565139 822365 425279 779529 597409 445590 754798 354719 829204 332794 501288 555911 811745 516638 377889 829084 255350
519237 1003207 539114 903123 565552 651418 920906 742452 711627 489865 728856 711434 534609 802849 983356 655499 446162 314579 896712 76258 1174242 1033841 863968 48473 205850 633646 515769 686213 622375 581430 738229 717539 666855 740760 362649 702855 595713 931193 590769 729778 774850 869220 334615 769408 790408 399613 999999999 850369 425120 913766 448513 932368 780217 888233 601508 520132 611180 718780 856781 500446 609890 839724 895780 96011 968216 224536 1001553 775562 896956 839229 630933 1041585 866359 493852 205224 877948 927452 965786 751071 949049 500445 264297 9632 607298 967346 381511 991709 642683 734540 623940 135395 1044329 332064 293283 819777 919704 504249 544597 1053640 526414
465912 164037 404384 620818 496262 211907 294034 570839 238055 511278 476072 391866 355930 75848 215236 652546 613408 614891 112172 775816 347931 229514 147169 822964 729114 315693 616655 495934 419134 508837 310288 144259 351857 480655 525502 339334 610930 401229 491774 153331 100646 503801 632310 550829 229848 685947 850369 999999999 722726 182147 674543 439529 433175 237589 508724 628241 645367 137111 223264 413031 376197 262739 469645 841903 176225 700571 171415 563589 550470 637011 377893 193020 172345 570939 645203 393635 103447 288054 369002 606921 444611 610282 856182 284613 137077 486992 163720 262758 312716 544353 716743 210961 518324 648021 228261 158049 390904 322823 229230 432185
651901 885833 626746 511206 720599 600233 652219 357459 500920 211783 857426 798958 571980 712371 919216 244361 677924 189197 713882 376782 1069898 948813 807154 376777 521559 673200 134068 830987 332589 743400 779741 641723 402316 391717 262295 432818 811650 980050 742275 671935 693165 982170 577537 391651 557458 47050 425120 722726 999999999 860617 52147 998863 449740 870193 762117 129677 202600 591363 618984 582400 357490 584100 552313 339289 766546 515323 820333 937210 525290 438472 365481 905283 652616 697113 365896 937508 757659 948425 822415 565193 279141 455032 421718 610523 859553 472170 810370 642435 470448 801725 391724 859232 379538 544556 582697 851826 563500 419690 857949 290601
446397 152819 397519 802923 450701 272584 469933 747528 408150 654320 372815 303520 380777 152610 70075 820499 590956 726379 280960 843930 269483 128407 53776 894618 759444 294606 767989 406472 582702 455357 225824 219648 520243 658272 633123 512847 544010 231853 437382 193584 167853 357137 641895 729499 410993 819680 913766 182147 860617 999999999 816035 272684 613564 73641 448000 780265 808821 276956 404221 424609 534853 444688 651383 923492 321557 730810 282476 445196 732596 817650 541036 206200 351749 538992 712488 238862 249749 105912 265812 788716 582925 654617 920944 306606 120790 532719 280513 271713 489670 472497 778535 304107 590587 667812 410401 31048 413495 442006 330188 576067
628179 837166 598847 469848 697558 559331 600118 313101 450365 163350 828928 767199 540478 666634 873454 208596 665001 178692 663121 393602 1021113 901587 762796 400079 525321 639135 83965 804627 280571 720612 743866 598003 350517 342054 236695 380785 793729 942428 718345 629162 648275 950497 569498 346091 505767 49114 448513 674543 52147 816035 999999999 962630 399018 828111 738776 81644 164816 544600 567027 555341 306568 531985 503243 368177 715015 516300 769242 911129 479689 399398 313913 855619 601094 680223 364797 901255 707207 905712 788704 522180 233173 447847 446088 574420 811541 451378 759306 605236 418407 779536 399704 807923 360797 539073 530835 806311 534646 377182 806367 242554
413174 414355 400391 1045159 374636 413479 733545 965839 628504 813688 220663 221241 433739 381886 294880 1015683 518006 832280 547597 875008 448129 349794 292894 927101 742303 327799 933789 268065 779985 364637 219150 401533 729707 881595 742616 732174 408484 41493 350923 364571 378585 113233 609126 954250 653494 953318 932368 439529 998863 272684 962630 999999999 847135 203848 347266 946644 995117 485513 660766 444182 727504 696766 902603 969072 593745 716773 554578 238898 978884 1048485 740332 464145 611566 461566 755021 61379 520725 190134 184576 1038569 741319 671124 941102 388402 389181 571858 552978 357591 717389 345186 806060 573390 656299 646409 659536 303605 451925 593825 599929 743171
678822 564973 621408 201422 740716 459533 224671 149230 220156 291320 805550 721938 546528 470262 646847 265629 787881 466615 362981 708472 733596 649099 570907 736123 766223 594960 315672 803601 160625 762016 660333 448814 146916 64750 428004 125241 862674 813652 750818 485433 469219 883065 739365 121240 203483 437269 780217 433175 449740 613564 399018 847135 999999999 658589 772832 320833 280978 362516 232097 595832 191363 186703 115941 724054 383117 744794 447375 899649 147509 204098 167344 561862 284060 773047 614943 791969 409678 718989 720746 211721 287698 647791 781355 525432 554158 569096 439068 536118 130297 817003 680235 476457 523862 729221 210500 591078 565775 340199 465817 261780
399954 225770 357747 852706 395483 270709 530963 786358 445315 669433 303661 240169 354094 188358 124140 850298 539767 724169 343997 821080 321266 187595 90473 872620 723295 256650 786459 339889 611665 397574 169124 232817 553732 698843 630855 550642 480820 164313 379801 199366 193120 283720 600352 771036 459292 827402 888233 237589 870193 73641 828111 203848 658589 999999999 388254 799036 835147 305822 460491 390370 561413 498467 705350 905324 390586 695054 354705 372782 784202 862200 570411 278856 409922 485859 691246 165872 317066 80082 199580 842252 596825 625464 895880 284876 194430 507231 352256 248737 531158 409154 754028 377485 574012 629367 462337 104179 384017 450944 403444 593117
110615 591401 153632 970472 41654 333297 754825 847924 568184 623166 129739 149587 227890 433211 511128 853705 170767 575920 612375 553099 709452 574047 420417 603758 402371 197393 737190 84867 649867 20431 222183 380440 628472 782386 502112 647741 102236 357640 22221 358320 408580 269010 268691 849779 630223 715117 601508 508724 762117 448000 738776 347266 772832 388254 999999999 749513 821426 454008 670481 189318 599471 688018 864154 651913 683644 378991 676594 180752 919927 947807 620348 643840 640169 114528 448954 303422 612170 445692 193261 984150 561252 353862 610726 254651 553777 290645 670069 258046 651332 44430 485636 712018 384046 308801 650219 470351 216215 440517 733701 574684
639453 788229 602921 389761 709223 535789 528460 231863 395957 133146 829520 761906 538436 628481 833940 136771 693339 226386 605944 460444 971133 857382 727992 472038 577316 630370 12872 809395 217335 732487 730125 566429 288820 262094 257265 315695 813106 923454 728243 599856 612826 944121 606003 264507 443482 127605 520132 628241 129677 780265 81644 946644 320833 799036 749513 999999999 92659 504386 501730 561646 252677 464175 422658 444156 652961 565143 709810 915665 398069 321079 255075 802721 539576 702283 414013 885563 651376 874567 779228 441214 205341 487516 518459 562079 765073 470736 700057 590001 352841 791912 458129 747058 386094 579455 466780 767878 537917 353160 743668 205994
