NAME : synthetic_000125
TYPE : CTSP-D
DIMENSION : 100
GROUPS : 8
RELAXATION_LEVEL : 1
EDGE_WEIGHT_TYPE : EXPLICIT
EDGE_WEIGHT_FORMAT : FULL_MATRIX
EDGE_WEIGHT_SECTION
999999999 628642 231168 929585 735628 693224 795236 848289 429666 639762 714789 828207 201570 1067235 88303 355351 312464 713880 482616 72284 788562 742861 612253 836179 642767 164850 933824 552859 365008 379439 1038008 798602 917562 626826 461070 665383 365834 722659 228725 673840 158616 122222 184593 44859 221391 593738 921974 786942 407300 892298 415560 822793 686564 484682 356611 755193 1095208 987727 251914 89146 467341 523021 456296 446329 559980 401959 231642 187314 991087 371123 864361 737946 666492 578173 392905 272991 545704 300636 96009 452136 676929 100995 333192 768994 827331 924340 191041 1013601 656680 731866 260192 544684 1010694 229949 505973 681331 355023 636027 846307 945992
628642 999999999 409724 373279 420008 120610 366797 236763 242606 161126 722726 208398 432005 445384 593933 530569 424736 530491 276469 691825 416319 236956 622834 287062 230788 650750 310581 338525 672125 253221 413145 450201 336902 421697 544850 237718 268087 563118 668897 623463 636153 749354 462857 592654 463179 110815 448685 160901 485656 266756 357811 514370 540418 268955 436563 587424 487531 376674 394478 714429 177006 125588 255767 182393 79379 274963 397732 442749 392781 307179 331786 316478 105704 333396 402713 489227 326984 438026 689858 177079 244337 535981 345832 434996 543089 395494 787798 428401 301078 417961 671051 406151 382063 419266 670321 673400 273626 274286 261085 400567
231168 409724 999999999 698540 612198 490752 570837 639696 198508 408604 592243 615626 99705 840161 229803 242143 132072 529350 338267 286428 571009 561693 478544 648272 475147 247582 707953 339602 341179 181218 812318 670803 686561 426786 449571 436108 141646 653677 279955 525620 303221 345915 53164 189778 76904 396110 696229 570449 257271 676378 207530 710660 509375 337000 184598 578800 865250 758623 134221 310484 269285 296053 227148 229741 349259 242481 74839 54826 760647 224809 633695 580791 464292 362950 202619 265197 420691 129861 311934 233596 447789 161602 206081 643102 627880 694275 413708 782530 433227 608564 292541 348353 789935 18770 424695 549286 144019 410398 647300 715315
929585 373279 698540 999999999 742488 425476 202523 371423 500112 291131 698372 340917 755749 238031 917931 700763 646819 466300 649711 980103 265173 521656 644236 499751 573644 897366 199633 425669 835137 594551 242148 751034 57817 426009 918127 270748 573357 907737 891497 604155 975262 1040430 746049 887239 721956 478175 148021 315761 634011 314022 542537 818538 499078 642203 627445 501453 204674 150867 732880 1005160 539241 423713 475166 515544 449743 639714 716727 746332 112233 669146 69948 621191 434257 400835 583093 848388 694448 661627 1007853 506858 260376 852443 703924 746211 384735 52500 1109524 98958 307278 741600 880807 478812 294851 700064 760971 658984 597368 314581 436485 31273
735628 420008 612198 742488 999999999 322869 784081 396053 565912 580347 1106843 414283 558035 693074 659249 829505 705165 939204 274061 807741 836121 222170 997155 278088 190275 841210 588570 729555 949981 446246 653339 63376 690774 824566 358405 657142 518896 176858 886113 1013268 647027 848050 653244 721642 688648 318072 850663 427669 811289 468802 692107 102174 943326 275814 741947 997162 769351 674133 501805 820915 383580 488638 604155 452393 384463 370129 550519 605978 711339 388513 722851 122860 322589 732040 726303 473782 193654 712628 744469 457529 664175 637726 415748 33606 962581 779467 812640 758942 717495 3763 902658 789293 581230 630128 1002722 1057456 489204 689118 338691 773434
693224 120610 490752 425476 322869 999999999 464930 157160 349005 275462 843311 145371 491771 430755 645621 639770 527428 648443 263639 760823 520987 118787 743246 169605 148704 737635 303155 459126 779109 315413 393279 343316 377563 541397 520929 350059 353378 482676 762608 743938 674483 815430 543280 661841 553176 100147 527865 125705 599329 214126 470979 409763 659726 257077 545335 704823 491055 384020 445198 781601 226166 236279 369301 263300 143914 302714 463026 514321 412789 336751 400774 208111 26761 453830 514623 510790 281517 539705 742414 261500 355050 595108 378098 332221 652560 459067 835323 456539 416695 321477 768119 526614 341616 503233 786736 793999 347237 391293 156672 455793
795236 366797 570837 202523 784081 464930 999999999 478572 383487 216805 497436 441679 646312 435817 799850 522656 491474 265212 621058 836455 68848 580659 442020 591781 596840 736840 362443 251422 649325 514356 433088 808216 236661 228273 878631 149262 469957 929666 721833 401991 867730 896357 611423 750924 576590 476222 127536 397158 453672 444283 384322 874424 296920 613763 461681 304696 406943 343137 637064 862017 487597 352017 345545 440830 423240 581584 606722 623692 311933 604341 140951 672984 461805 224983 417975 768996 686241 505553 881887 431410 138098 731884 631154 796201 204515 165113 983229 300447 138594 782280 707063 291375 469810 567747 563167 457008 502985 160567 537504 197982
848289 236763 639696 371423 396053 157160 478572 999999999 479272 344981 921364 37572 647227 299849 802474 765424 661482 706711 415145 914945 544208 179894 831580 129549 272680 884332 194340 548496 907682 469140 260254 391341 314728 613455 660260 405354 499327 571404 904809 820165 831485 970373 692727 815699 697567 257136 503441 89711 717170 73003 590816 457598 725553 409093 671947 758941 373490 279648 601759 936231 381043 362165 489541 409988 290698 459836 617180 666977 319641 493853 373413 274111 183335 536599 636418 666374 417357 674789 899292 406574 405832 750985 535205 392135 681347 417093 992472 368559 475721 396096 907597 617882 195446 650837 896405 873512 498041 456995 65157 402500
429666 242606 198508 500112 565912 349005 383487 479272 999999999 210219 543667 449723 263339 648246 420968 290774 182315 408088 315642 482710 395165 447218 432110 518016 390114 418360 518664 190537 430645 153016 622619 614233 488517 291680 529890 241384 89233 659205 429942 454403 485198 542758 247310 387837 231949 274899 505405 399553 254147 503431 127990 668025 400962 310323 196343 464724 668872 563812 254954 507333 183049 117114 46760 113757 209130 238776 223663 246798 563596 249214 435770 497216 325546 205446 167942 391569 400829 195880 508477 108393 253231 354111 264572 591081 477862 497133 610303 584312 251248 562792 429981 234239 607785 201103 445457 494779 126900 224479 501090 517325
639762 161126 408604 291131 580347 275462 216805 344981 210219 999999999 578160 308623 465058 447293 626856 450311 371821 373703 404311 692610 258553 394180 486599 429629 390369 620107 324864 204789 592650 310757 425781 611318 278485 271101 663941 76795 282599 717438 622856 477254 685492 752754 457408 598056 438004 264910 319592 255329 391962 342933 276735 675433 387208 397000 364010 429623 460774 358706 444782 717351 272660 140607 191336 233079 207439 369431 425869 455446 354786 394727 229575 477376 265140 191656 321967 567455 470208 386652 716814 223835 84343 561318 425185 595998 382252 293256 818440 374123 141233 578196 617221 273941 424631 411223 558663 529765 308505 116593 389195 310268
714789 722726 592243 698372 1106843 843311 497436 921364 543667 578160 999999999 884294 691377 933240 772092 364976 460410 232250 857761 711705 433266 958402 114851 1005798 923877 570565 850700 384620 376461 685062 929320 1151542 733758 307911 1037098 516796 608817 1201195 517236 101235 856086 756539 592283 676028 535472 798739 579607 831773 334973 908624 424408 1208487 202351 852849 408564 202500 900593 840216 722453 733183 726402 622449 503034 657101 729367 773167 665107 638196 809139 774281 638259 1026533 827017 389849 402542 857425 943890 462676 809230 651010 517614 715326 774649 1130214 335197 654977 889743 793898 446950 1103874 486232 319395 959227 575897 220591 49595 646707 464370 967354 688928
828207 208398 615626 340917 414283 145371 441679 37572 449723 308623 884294 999999999 627964 291579 785450 733776 632031 669190 408515 893811 507042 193437 795156 159058 276042 858636 174764 512642 876383 448795 252798 414483 285140 576387 660858 368050 474465 587632 877283 783079 817774 950010 668771 794463 671290 242654 469690 53535 684219 68792 558585 481478 688171 402084 640734 721374 359775 260157 584331 915569 362278 332740 457867 386076 268451 445939 596629 645079 297217 480024 339207 291460 169733 500278 604377 655846 418581 645569 882247 382034 368408 732086 521250 413027 644143 385091 976851 345263 438390 414021 879152 582005 196481 626074 861955 836539 475559 419940 97724 372147
201570 432005 99705 755749 558035 491771 646312 647227 263339 465058 691377 627964 999999999 875138 163737 336533 231666 625631 291311 270584 653346 543339 577949 635714 445983 283298 740739 428086 419652 179643 844311 619400 737269 519855 355840 504422 182461 577730 331226 625307 221910 323787 109588 173376 162530 392186 768743 588099 356487 692888 301840 652111 607030 292166 284268 676240 908808 799514 56305 290336 266188 335936 301422 251513 360519 203656 39683 57271 806926 175467 694372 545372 465057 449762 301274 166333 364441 228702 258284 258421 516287 104255 142608 590483 719421 757235 357822 833527 511620 554299 351355 443538 813160 115482 517898 648771 161418 486320 644767 775313
1067235 445384 840161 238031 693074 430755 435817 299849 648246 447293 933240 291579 875138 999999999 1038159 894012 818777 701029 692866 1126484 501366 479736 872257 416587 567620 1065268 134803 627639 1034438 697948 39746 681241 199920 648457 951097 461674 701471 869497 1070065 837032 1081469 1185578 891986 1028629 880123 518751 379332 306566 831733 227248 723229 744822 732152 686001 810591 738523 86806 94563 839681 1150228 621259 544508 637182 623633 522413 715653 839263 879930 125821 749045 295014 572625 451506 605758 767774 930043 709583 833558 1133421 616905 454408 978285 788977 685946 622649 287326 1232315 156429 516348 693405 1064421 689185 116606 846223 978291 892264 714375 514562 354395 254945
88303 593933 229803 917931 659249 645621 799850 802474 420968 626856 772092 785450 163737 1038159 999999999 407469 339721 747458 417136 154247 800771 684024 664886 779097 580414 246995 903592 568310 439130 340718 1006871 722541 900591 651452 373275 662037 344860 637531 310050 722264 84006 188814 197853 104799 248827 545476 924455 747777 450080 851583 433423 743288 723436 420143 389438 792917 1072534 963172 201149 163192 423466 499593 454723 414803 520396 345581 201688 176178 970623 312569 855507 670478 619204 592170 419463 189233 472922 330633 96828 421913 673844 68206 272094 692800 853190 917678 194227 996879 662713 655502 340069 570776 973636 235679 571443 735326 325138 639286 794677 936767
355351 530569 242143 700763 829505 639770 522656 765424 290774 450311 364976 733776 336533 894012 407469 999999999 124460 372475 558733 364923 493633 735778 257856 808742 668961 234439 775085 275435 143121 383314 874945 883848 708786 310055 691198 435113 311679 889632 203582 318511 491401 417905 231139 314242 174858 562644 647370 681718 69424 781867 175990 930766 340634 555769 94434 406837 895694 802195 376364 388972 453317 405578 275937 390377 499105 464187 316958 280465 789786 454781 630827 777307 616262 300965 129919 502169 645166 118487 451191 388507 443916 350483 443665 858088 496931 678763 539303 797111 394354 826058 185167 233258 874166 223921 182606 327968 340402 386582 790930 707628
312464 424736 132072 646819 705165 527428 491474 661482 182315 371821 460410 632031 231666 818777 339721 124460 999999999 407744 434311 346152 478596 617931 346518 694735 546904 250582 693018 242924 253398 258927 795816 759835 645455 314717 578580 376118 188379 766870 251513 394164 420133 405582 142811 267634 92053 445013 619009 581683 125593 685069 107174 806351 384409 431316 52731 453999 830815 730471 262800 371744 331118 299396 182051 270763 384413 339988 204804 181124 724374 331693 578195 655213 502843 268930 80689 397198 520833 14888 405488 269931 386724 274207 323179 733903 515917 633299 503492 738541 353764 701708 248705 232851 786272 116586 303408 417222 215989 337317 681584 658670
713880 530491 529350 466300 939204 648443 265212 706711 408088 373703 232250 669190 625631 701029 747458 372475 407744 999999999 716838 733969 201474 766769 192732 802113 750018 606915 621376 218555 461216 561016 697597 976638 501680 117441 936327 303256 491398 1056204 571779 139568 827562 788988 550229 669837 499010 621848 352962 618298 309575 686928 324064 1038174 38900 710728 358782 58114 669149 608164 639783 758709 577230 452342 361556 511447 554745 646516 590819 583188 576899 656975 406094 845319 636138 209621 328671 781227 797892 417095 809131 503435 301432 681721 668965 958591 131655 423756 903498 562377 233455 936636 548026 182589 729806 518012 336964 193330 531058 257252 757632 457661
482616 276469 338267 649711 274061 263639 621058 415145 315642 404311 857761 408515 291311 692866 417136 558733 434311 716838 999999999 554554 657513 270701 744770 367008 164203 571950 562141 498775 676227 176927 656056 332659 611699 599404 268474 475123 252730 343665 614092 769970 428474 601611 380558 461841 414610 176607 717933 386301 546139 477288 434446 373552 713618 7527 474267 774565 748334 638692 235408 571073 140388 274906 359614 205658 202689 96091 278960 335061 661406 116646 606809 255401 241479 507758 463569 255556 87177 440863 510829 213452 485126 381805 150051 304837 766780 671113 594877 700526 519941 270452 629555 549238 604991 356115 735448 809288 219153 489880 392511 677010
72284 691825 286428 980103 807741 760823 836455 914945 482710 692610 711705 893811 270584 1126484 154247 364923 346152 733969 554554 999999999 824644 813416 615425 906223 714113 141954 993943 589076 345745 445838 1098288 870756 971085 655219 526529 712587 425822 791713 201752 680590 208755 60354 235502 99352 260294 661830 963864 851290 424416 956985 452682 894422 704063 556514 384135 771254 1151207 1044966 322592 25594 534663 582090 504967 509531 625361 472715 297860 249133 1046220 442362 913549 809934 734064 615062 424235 342705 617983 332765 114303 514772 723880 172749 404901 841132 852851 971953 178083 1066657 698080 803981 234568 573079 1073653 281691 495855 682216 418711 679422 914849 995037
788562 416319 571009 265173 836121 520987 68848 544208 395165 258553 433266 507042 653346 501366 800771 493633 478596 201474 657513 824644 999999999 638323 385417 654565 647077 716690 431222 235891 612478 536282 500190 863300 303428 186485 908216 183361 484017 975990 696134 340297 872496 883779 607319 743804 567517 523123 159796 461018 424222 512082 373131 928784 235577 650420 442899 237363 467678 409655 649992 850225 520222 383561 352838 467208 465483 609608 614284 625190 376440 629584 207769 728209 515627 210390 400926 786169 727357 491879 878317 457887 174421 732566 653024 849915 137186 222402 978629 360904 144489 834138 678779 260523 538431 565705 514696 394665 519730 173182 601924 256265
742861 236956 561693 521656 222170 118787 580659 179894 447218 394180 958402 193437 543339 479736 684024 735778 617931 766769 270701 813416 638323 999999999 856212 96380 108184 808587 368200 573784 871325 380539 440148 231100 469114 658653 490274 468833 434027 394225 840302 859721 699147 864155 611992 716689 630702 173158 635647 206047 701084 252627 573416 298563 777339 266408 641923 823324 552055 453563 490966 832003 293203 342045 473670 347271 238467 340917 520916 575769 489684 372438 506046 99709 131544 569921 615092 525757 249921 628965 779189 348047 473734 642160 412125 224583 770775 560371 865262 536999 535402 221644 849327 640176 373384 576456 891278 908939 418873 509778 133759 552755
612253 622834 478544 644236 997155 743246 442020 831580 432110 486599 114851 795156 577949 872257 664886 257856 346518 192732 744770 615425 385417 856212 999999999 908648 816363 476797 778594 285169 297445 571163 864144 1043347 672652 226095 922374 432694 494782 1087872 428951 71083 748683 663902 480765 571849 424113 692869 542338 741922 221547 825099 310627 1099075 154202 740010 294357 193759 848862 777908 608011 638120 615151 516675 393070 545835 623499 659158 550950 525503 751436 659740 579279 920505 725502 295023 287718 743714 831214 349401 707719 540102 435475 606098 659812 1021314 320423 606032 792517 742460 365609 994112 400121 216706 886497 462510 152393 71055 532402 378060 873876 639469
836179 287062 648272 499751 278088 169605 591781 129549 518016 429629 1005798 159058 635714 416587 779097 808742 694735 802113 367008 906223 654565 96380 908648 999999999 204349 895821 322557 623577 947282 468118 376974 265317 443545 700331 580818 499104 515727 454945 924692 905476 795392 957841 699593 808787 714723 252868 627916 195239 768932 197991 640582 330366 816816 362624 714334 856840 495497 407169 584342 925310 379037 405881 538892 426625 310367 434734 611613 665664 448407 466882 497178 162633 192481 616089 684144 622137 343549 706598 874585 426040 501882 735775 507015 269392 790592 544137 961327 497543 568659 278743 931992 692022 303401 662179 956125 956842 504410 546002 65059 530940
642767 230788 475147 573644 190275 148704 596840 272680 390114 390369 923877 276042 445983 567620 580414 668961 546904 750018 164203 714113 647077 108184 816363 204349 999999999 718964 445969 542988 798756 295504 528780 227993 526250 636205 387844 467154 358778 336681 755100 828465 592371 763090 523090 618999 547775 128195 670478 270626 642252 342099 518059 288159 755271 160542 577288 807864 633618 529050 391847 731720 215800 302062 424279 279957 196019 242341 427115 483010 559949 271755 545895 108350 140373 544071 556001 418186 145118 556456 674706 283250 474392 541780 309905 208611 772503 605746 759015 604503 527225 188000 766778 604855 467998 491246 834347 874320 336862 498900 237608 603741
164850 650750 247582 897366 841210 737635 736840 884332 418360 620107 570565 858636 283298 1065268 246995 234439 250582 606915 571950 141954 716690 808587 476797 895821 718964 999999999 936852 485506 204607 428151 1040603 902311 895601 538683 607039 626632 385173 853872 63884 543518 323249 187105 196600 143812 187812 643667 864018 811460 299663 916987 355725 935320 574813 572045 275188 640225 1080388 978578 339433 162645 516792 530326 428820 475049 595085 479538 293372 237111 974051 455305 828623 822471 711306 511952 318924 410782 647565 235751 248590 477932 637158 223077 425487 873528 730552 882998 319839 989017 601009 837479 95772 458136 1025506 234407 353938 542355 391579 586480 894293 908877
933824 310581 707953 199633 588570 303155 362443 194340 518664 324864 850700 174764 740739 134803 903592 775085 693018 621376 562141 993943 431222 368200 778594 322557 445969 936852 999999999 517282 917139 563238 104365 585677 142773 552503 823847 352011 568362 762376 944508 751308 946678 1052755 760153 895714 750516 386635 345647 177463 715538 125145 601401 651896 648406 555123 688523 665598 187995 85575 704911 1017468 486575 411915 510968 489301 387748 581506 705125 746602 126043 614762 228437 465879 321949 497713 646791 796075 584432 707655 999006 482720 346752 844082 654523 586032 563785 251179 1097705 175421 414179 588401 940517 582537 108528 714650 872710 806646 580238 406928 257501 228176
552859 338525 339602 425669 729555 459126 251422 548496 190537 204789 384620 512642 428086 627639 568310 275435 242924 218555 498775 589076 235891 573784 285169 623577 542988 485506 517282 999999999 410139 343501 612272 770961 436580 101389 720288 166222 276497 839572 471193 286542 642759 648436 372787 508064 331672 416158 378512 459159 208351 547392 137307 830121 215572 492781 210318 275958 622997 534088 433435 614667 359768 241095 143787 293177 347154 428229 390408 394352 517943 439746 355724 643462 442431 26447 166887 574047 580791 256438 643318 285332 173240 500268 454030 751014 292314 403542 743215 522676 118932 726790 457774 69387 621929 332631 356189 335159 315753 113418 589046 432197
365008 672125 341179 835137 949981 779109 649325 907682 430645 592650 376461 876383 419652 1034438 439130 143121 253398 461216 676227 345745 612478 871325 297445 947282 798756 204607 917139 410139 999999999 506184 1016296 1006819 846437 425997 771845 573710 440112 993813 144610 368150 520272 384458 310569 334775 264459 698364 770396 824507 202805 924942 319107 1049747 424329 674201 235735 481565 1033056 941945 469067 364673 583343 546729 418550 524149 636953 580188 411374 362891 927724 565357 765274 906857 755004 434417 273035 575379 760526 242727 452838 523301 581908 398316 546899 979952 592206 809813 522452 932643 527874 946415 112135 358306 1016902 322573 155893 355289 463531 523165 931709 839923
379439 253221 181218 594551 446246 315413 514356 469140 153016 310757 685062 448795 179643 697948 340718 383314 258927 561016 176927 445838 536282 380539 571163 468118 295504 428151 563238 343501 506184 999999999 666264 501396 570155 444694 377558 365548 76526 517266 460643 600564 385607 501366 231634 346660 252335 217663 628126 408457 369244 513333 260654 547455 552977 173317 297435 617459 735415 625207 142091 467115 89709 171420 199726 79010 180904 88207 148044 199037 635814 96323 538095 402508 288665 357533 287263 256758 264073 266510 436770 87754 377086 283897 116956 475159 628238 602679 534605 665720 392122 442785 471429 385004 633624 196447 558674 637221 42972 363100 470710 616907
1038008 413145 812318 242148 653339 393279 433088 260254 622619 425781 929320 252798 844311 39746 1006871 874945 795816 697597 656056 1098288 500190 440148 864144 376974 528780 1040603 104365 612272 1016296 666264 999999999 641764 196783 638979 913026 446065 672658 829752 1047322 831798 1048555 1157066 864511 1000017 854539 482821 387956 270017 813986 187797 702483 705517 727381 649262 789786 737486 122478 91448 807607 1121788 587966 516278 613823 593032 489157 681211 808965 850828 133232 714781 292438 532885 414579 591330 747525 895256 671183 810513 1102509 586589 439588 947841 754989 646303 625720 293582 1200866 172824 504002 653666 1042690 675541 79243 818990 965517 887171 684112 500015 314667 262983
798602 450201 670803 751034 63376 343316 808216 391341 614233 611318 1151542 414483 619400 681241 722541 883848 759835 976638 332659 870756 863300 231100 1043347 265317 227993 902311 585677 770961 1006819 501396 641764 999999999 697260 863614 417406 687791 572350 205348 946269 1056418 710247 911332 712982 784118 746900 355346 866721 435450 862900 462406 741510 67557 982783 333805 794895 1034298 760805 670947 563110 884084 433816 530052 650521 501605 423879 428333 610695 666429 710651 448310 737131 135237 347759 771733 777286 537154 255077 767844 807841 506058 694013 700423 476881 29771 992813 790933 875666 759243 750782 67101 962170 832720 566689 688512 1054833 1102011 544338 723225 329497 782246
917562 336902 686561 57817 690774 377563 236661 314728 488517 278485 733758 285140 737269 199920 900591 708786 645455 501680 611699 971085 303428 469114 672652 443545 526250 895601 142773 436580 846437 570155 196783 697260 999999999 449757 879990 273775 555959 858124 893854 637182 954250 1031211 735810 876228 715825 437388 202986 263133 643899 256291 544079 764662 532367 604246 630603 540760 186918 106489 710671 995799 508586 401838 468412 491456 415329 608785 698904 732093 81390 639454 95759 568813 388418 413200 586659 820443 651607 660341 992449 483202 264883 836438 675802 693347 430037 108457 1093654 96301 321316 690019 885202 494790 241823 689609 781894 692446 576863 323300 379868 88190
626826 421697 426786 426009 824566 541397 228273 613455 291680 271101 307911 576387 519855 648457 651452 310055 314717 117441 599404 655219 186485 658653 226095 700331 636205 538683 552503 101389 425997 444694 638979 863614 449757 999999999 821045 209315 376538 939102 513546 206713 728979 712858 453716 582076 406660 508298 344923 523879 241095 602043 219261 924231 119240 593304 271360 175229 630150 553918 529622 680580 459866 336471 244983 394012 440340 529616 483482 481459 529777 540867 358581 733701 527259 92827 234051 670882 680635 326195 720205 385994 210913 584224 554256 844784 201741 392933 817839 524954 140369 821919 494626 82269 660414 417407 335317 260321 416029 156460 660051 425152
461070 544850 449571 918127 358405 520929 878631 660260 529890 663941 1037098 660858 355840 951097 373275 691198 578580 936327 268474 526529 908216 490274 922374 580818 387844 607039 823847 720288 771845 377558 913026 417406 879990 821045 999999999 729973 444936 276565 665494 962114 329419 550775 464901 465563 518269 443344 981799 646449 703851 728375 621932 414366 925617 275968 629232 991844 1011446 903028 315947 531827 391333 526712 576635 441138 469669 298657 374854 412988 927853 281378 874101 427148 502128 735015 635862 197460 242904 578544 435571 450412 740771 384018 267689 389575 1005504 938679 481249 968007 765673 355206 691151 756816 855211 467461 873283 992001 405269 735977 623595 945265
665383 237718 436108 270748 657142 350059 149262 405354 241384 76795 516796 368050 504422 461674 662037 435113 376118 303256 475123 712587 183361 468833 432694 499104 467154 626632 352011 166222 573710 365548 446065 687791 273775 209315 729973 999999999 324713 793246 621509 415568 726331 772931 480844 622053 453038 341409 265001 316172 370922 392885 271995 752087 320313 467950 357636 357747 460688 368484 491333 737873 339528 203281 209166 291571 282257 432473 464744 486875 354677 455080 202154 553597 340977 145727 313458 621022 544014 390911 747929 282151 11869 594791 482188 672691 305471 259381 849754 363987 70400 654991 611914 230526 457889 435521 520713 469570 356011 55227 454590 283062
365834 268087 141646 573357 518896 353378 469957 499327 89233 282599 608817 474465 182461 701471 344860 311679 188379 491398 252730 425822 484017 434027 494782 515727 358778 385173 568362 276497 440112 76526 672658 572350 555959 376538 444936 324713 999999999 593791 409460 525268 403345 484414 194771 327360 199803 263054 589706 428858 293681 534778 184469 620622 481235 248757 223080 546983 730369 622230 167110 449158 143237 157227 134515 90104 210086 164378 143376 178530 627181 167694 511972 467016 327371 293199 210913 302376 339897 197679 436627 92774 336567 280546 177723 546895 566247 575020 537703 652260 339808 515513 416282 312559 648574 151621 484137 561135 39714 312428 509975 592859
722659 563118 653677 907737 176858 482676 929666 571404 659205 717438 1201195 587632 577730 869497 637531 889632 766870 1056204 343665 791713 975990 394225 1087872 454945 336681 853872 762376 839572 993813 517266 829752 205348 858124 939102 276565 793246 593791 999999999 906990 1113594 603283 821494 684357 719402 729731 453530 1007091 596390 884554 644350 777276 167266 1055066 348882 810954 1114226 944892 847781 525403 799807 479958 605764 702681 547888 511371 430079 582451 632738 883564 435182 882397 297295 476914 846584 804286 449711 258954 771260 708402 555110 801667 634432 447665 190010 1095382 941632 757804 930411 847254 176283 928683 892278 758040 672437 1070269 1152838 557607 817667 515243 938250
228725 668897 279955 891497 886113 762608 721833 904809 429942 622856 517236 877283 331226 1070065 310050 203582 251513 571779 614092 201752 696134 840302 428951 924692 755100 63884 944508 471193 144610 460643 1047322 946269 893854 513546 665494 621509 409460 906990 999999999 497596 387049 240218 233652 205988 209969 671824 847872 828393 272495 932998 349806 982056 537792 613574 264052 600883 1080079 981189 386337 220122 547126 545433 433554 499384 618875 519690 335616 280250 973603 497966 821987 860496 736745 497457 308417 468388 692709 236853 311331 501158 631427 281888 471156 917909 698773 873555 377877 985467 589220 882414 32816 435645 1036992 264196 298007 491962 421430 577590 919017 900929
673840 623463 525620 604155 1013268 743938 401991 820165 454403 477254 101235 783079 625307 837032 722264 318511 394164 139568 769970 680590 340297 859721 71083 905476 828465 543518 751308 286542 368150 600564 831798 1056418 637182 206713 962114 415568 525268 1113594 497596 999999999 805581 730458 533169 632364 477244 702316 492371 730592 273073 807550 341703 1114495 105084 764715 341435 127320 807744 743449 651008 703765 635703 526453 411735 566706 633103 688722 595744 575152 713863 692523 542144 929861 728210 290113 326998 789466 855173 399052 769701 560098 416452 661339 696381 1035778 258820 562695 856783 700965 345772 1010385 469390 223975 859797 510719 222900 55403 564149 363172 866431 596538
158616 636153 303221 975262 647027 674483 867730 831485 485198 685492 856086 817774 221910 1081469 84006 491401 420133 827562 428474 208755 872496 699147 748683 795392 592371 323249 946678 642759 520272 385607 1048555 710247 954250 728979 329419 726331 403345 603283 387049 805581 999999999 222955 277381 185693 330423 575246 990592 784001 533016 885375 509963 723556 804487 432768 470761 874055 1120971 1010641 243818 208333 460651 552574 522327 463347 559407 371908 261591 248422 1021277 337826 915053 673625 648781 665835 498960 176411 470750 411788 106438 471323 738196 145928 296542 680556 930503 978323 167615 1050217 732141 643355 418132 649175 1010115 311591 654915 819190 377949 707447 817361 995643
122222 749354 345915 1040430 848050 815430 896357 970373 542758 752754 756539 950010 323787 1185578 188814 417905 405582 788988 601611 60354 883779 864155 663902 957841 763090 187105 1052755 648436 384458 501366 1157066 911332 1031211 712858 550775 772931 484414 821494 240218 730458 222955 999999999 295463 157061 320494 715960 1023807 908258 479556 1013775 512354 931734 758243 604038 442304 824742 1211024 1104537 373512 35445 589495 641079 565306 566962 681651 523277 353392 306739 1106158 491913 973901 856425 788695 674502 483036 376900 660954 392006 117026 572463 784218 222067 453186 881595 909409 1032293 142038 1126837 758057 844303 272353 630875 1131374 341672 538101 729261 475834 739588 968493 1055391
184593 462857 53164 746049 653244 543280 611423 692727 247310 457408 592283 668771 109588 891986 197853 231139 142811 550229 380558 235502 607319 611992 480765 699593 523090 196600 760153 372787 310569 231634 864511 712982 735810 453716 464901 480844 194771 684357 233652 533169 277381 295463 999999999 141318 56827 447958 737852 623603 260351 729530 236524 750187 527220 379954 194066 596809 915718 809684 158961 260031 320599 348405 271853 282828 402194 286048 103395 52421 810726 264758 680305 627574 516756 397374 221785 272098 460263 135141 271090 286749 492370 131493 240286 684788 655454 739926 371968 831529 473016 649563 249465 372924 842837 46209 410496 551816 196127 451776 699721 761921
44859 592654 189778 887239 721642 661841 750924 815699 387837 598056 676028 794463 173376 1028629 104799 314242 267634 669837 461841 99352 743804 716689 571849 808787 618999 143812 895714 508064 334775 346660 1000017 784118 876228 582076 465563 622053 327360 719402 205988 632364 185693 157061 141318 999999999 176541 563084 877782 751981 364191 857655 370759 811645 642908 463294 312119 711707 1054944 948028 227285 121878 435682 484121 413150 410308 526014 376821 198817 149905 950420 347604 821613 716993 635080 533415 348113 271405 529599 255882 139318 415649 633549 85268 311797 754726 782700 881211 235859 972121 612342 717880 235505 499962 974580 187176 470463 641424 319399 591957 816231 903232
221391 463179 76904 721956 688648 553176 576590 697567 231949 438004 535472 671290 162530 880123 248827 174858 92053 499010 414610 260294 567517 630702 424113 714723 547775 187812 750516 331672 264459 252335 854539 746900 715825 406660 518269 453038 199803 729731 209969 477244 330423 320494 56827 176541 999999999 461856 703875 623773 204204 729228 194387 787375 474611 413144 140612 544091 898694 794948 206746 285776 337509 342561 247484 289880 409716 318632 147898 105825 792789 301676 654645 654348 527168 357173 172716 327445 497483 81917 313622 292053 464205 184839 282469 719368 607956 712238 412215 810593 438077 685027 219126 324882 837962 58576 355430 495155 212050 419131 709748 735938
593738 110815 396110 478175 318072 100147 476222 257136 274899 264910 798739 242654 392186 518751 545476 562644 445013 621848 176607 661830 523123 173158 692869 252868 128195 643667 386635 416158 698364 217663 482821 355346 437388 508298 443344 341409 263054 453530 671824 702316 575246 715960 447958 563084 461856 999999999 559337 213033 529039 310699 402018 416329 627445 169375 468871 679678 572046 462186 345099 682311 127955 176352 304020 174750 69406 203343 364349 416629 484946 237430 440719 227812 73806 416401 442829 414099 217268 456247 642272 175086 349247 495248 278706 336744 646095 503624 735392 524664 399763 315667 679317 479356 436924 409624 720016 749145 252093 371169 253221 506570
921974 448685 696229 148021 850663 527865 127536 503441 505405 319592 579607 469690 768743 379332 924455 647370 619009 352962 717933 963864 159796 635647 542338 627916 670478 864018 345647 378512 770396 628126 387956 866721 202986 344923 981799 265001 589706 1007091 847872 492371 990592 1023807 737852 877782 703875 559337 999999999 435283 578081 453194 511855 934112 389665 710464 588830 377662 328871 297531 756294 989419 591332 459971 469737 551790 515693 688962 729065 748496 255189 714222 130816 733106 530640 352067 545271 884600 775393 633087 1007817 542443 253156 856709 743838 858485 250463 95521 1109340 225652 265803 849317 832281 414590 442871 693771 674371 545104 620726 286111 567288 125009
786942 160901 570449 315761 427669 125705 397158 89711 399553 255329 831773 53535 588099 306566 747777 681718 581683 618298 386301 851290 461018 206047 741922 195239 270626 811460 177463 459159 824507 408457 270017 435450 263133 523879 646449 316172 428858 596390 828393 730592 784001 908258 623603 751981 623773 213033 435283 999999999 631409 105933 506236 502992 636479 379437 589017 671135 365353 258793 546796 873534 324601 283033 405974 341960 227627 413655 555381 602178 289543 447551 304552 305715 145051 446974 552123 626592 407126 595401 844353 337230 317020 692354 488332 430501 597714 355804 940472 334943 386570 426947 829459 528530 226220 580152 808534 783861 432582 367425 141105 346921
407300 485656 257271 634011 811289 599329 453672 717170 254147 391962 334973 684219 356487 831733 450080 69424 125593 309575 546139 424416 424222 701084 221547 768932 642252 299663 715538 208351 202805 369244 813986 862900 643899 241095 703851 370922 293681 884554 272495 273073 533016 479556 260351 364191 204204 529039 578081 631409 999999999 729061 128350 913300 280069 542342 74927 348148 830647 739149 388275 449134 429149 363091 230247 362418 462671 454798 330397 304033 725127 450448 564069 750063 577120 233362 86366 522455 633305 127858 503194 359023 379202 388353 445610 838367 430999 610807 595278 730957 326963 807978 254591 163837 816589 241016 192143 292491 327561 320789 746726 640074
892298 266756 676378 314022 468802 214126 444283 73003 503431 342933 908624 68792 692888 227248 851583 781867 685069 686928 477288 956985 512082 252627 825099 197991 342099 916987 125145 547392 924942 513333 187797 462406 256291 602043 728375 392885 534778 644350 932998 807550 885375 1013775 729530 857655 729228 310699 453194 105933 729061 999999999 605915 528099 709076 470868 690146 736450 300583 209207 650443 979120 428119 387624 507164 447814 332446 513748 660669 707912 251185 547816 326222 347056 238225 532427 651969 724337 485737 698983 948301 443147 391230 797125 588958 464193 648780 362638 1043594 300561 461920 468897 933368 616175 127753 686021 901350 861981 538283 447094 133091 344418
415560 357811 207530 542537 692107 470979 384322 590816 127990 276735 424408 558585 301840 723229 433423 175990 107174 324064 434446 452682 373131 573416 310627 640582 518059 355725 601401 137307 319107 260654 702483 741510 544079 219261 621932 271995 184469 777276 349806 341703 509963 512354 236524 370759 194387 402018 511855 506236 128350 605915 999999999 794281 307403 429845 87364 375909 730459 632932 316809 478272 308527 234753 102081 239966 334952 348771 266758 262201 624009 350997 473401 625204 448817 162811 46072 458019 521160 121405 506353 235500 282170 365768 355122 717935 420558 527274 606005 635782 246619 688917 341709 141710 699044 198402 318013 376666 222790 230810 618881 553307
822793 514370 710660 818538 102174 409763 874424 457598 668025 675433 1208487 481478 652111 744822 743288 930766 806351 1038174 373552 894422 928784 298563 1099075 330366 288159 935320 651896 830121 1049747 547455 705517 67557 764662 924231 414366 752087 620622 167266 982056 1114495 723556 931734 750187 811645 787375 416329 934112 502992 913300 528099 794281 999999999 1043211 375806 843702 1096006 825343 736997 596213 906154 485754 589037 706024 554544 483895 469559 646996 701845 777154 486092 804609 201750 413187 831937 828405 554991 290090 813556 824444 559634 758590 726895 510902 79648 1057414 858490 886135 825881 814123 105393 999605 890541 629553 728800 1104611 1159060 590367 786204 395021 849756
686564 540418 509375 499078 943326 659726 296920 725553 400962 387208 202351 688171 607030 732152 723436 340634 384409 38900 713618 704063 235577 777339 154202 816816 755271 574813 648406 215572 424329 552977 727381 982783 532367 119240 925617 320313 481235 1055066 537792 105084 804487 758243 527220 642908 474611 627445 389665 636479 280069 709076 307403 1043211 999999999 707755 333999 69603 702762 638712 624209 728567 575157 454852 355128 507977 559327 639686 573372 562483 608817 648219 437194 852936 646069 211297 307090 765397 796214 392843 782198 500367 319804 658564 657928 963811 169983 457895 875265 595993 249914 940647 513292 168801 756934 497096 298172 160135 520940 270866 774523 491696
484682 268955 337000 642203 275814 257077 613763 409093 310323 397000 852849 402084 292166 686001 420143 555769 431316 710728 7527 556514 650420 266408 740010 362624 160542 572045 555123 492781 674201 173317 649262 333805 604246 593304 275968 467950 248757 348882 613574 764715 432768 604038 379954 463294 413144 169375 710464 379437 542342 470868 429845 375806 707755 999999999 470751 768493 741211 631513 236477 573282 133931 267998 354043 199782 195180 94529 278826 335015 654097 116964 599284 253707 234709 501544 459455 260500 91346 438081 514185 207455 477923 383783 151687 306237 760030 663586 598910 693145 513061 272235 628688 543683 598542 354719 731984 804305 215791 483004 387211 669492
356611 436563 184598 627445 741947 545335 461681 671947 196343 364010 408564 640734 284268 810591 389438 94434 52731 358782 474267 384135 442899 641923 294357 714334 577288 275188 688523 210318 235735 297435 789786 794895 630603 271360 629232 357636 223080 810954 264052 341435 470761 442304 194066 312119 140612 468871 588830 589017 74927 690146 87364 843702 333999 470751 999999999 403484 817194 720202 313962 409575 362279 311366 183093 297746 404848 381773 256598 233794 710793 376301 557949 685539 521854 236764 44406 449528 561317 58994 451122 295414 367445 324923 370756 769743 470868 610080 547327 721621 326528 738572 254672 189110 785504 169310 261252 364903 255156 313728 696666 637075
755193 587424 578800 501453 997162 704823 304696 758941 464724 429623 202500 721374 676240 738523 792917 406837 453999 58114 774565 771254 237363 823324 193759 856840 807864 640225 665598 275958 481565 617459 737486 1034298 540760 175229 991844 357747 546983 1114226 600883 127320 874055 824742 596809 711707 544091 679678 377662 671135 348148 736450 375909 1096006 69603 768493 403484 999999999 701374 647018 692571 795568 635094 510452 418355 569069 612718 703385 642297 632007 613277 713207 445049 902700 692985 267653 376631 833888 855842 462365 850941 561124 355172 728136 724260 1016406 133756 455978 943394 595034 288695 994606 575219 235788 773617 566629 345352 172943 586688 313548 811129 489886
