NAME : synthetic_000455
TYPE : CTSP-D
DIMENSION : 100
GROUPS : 8
RELAXATION_LEVEL : 1
EDGE_WEIGHT_TYPE : EXPLICIT
EDGE_WEIGHT_FORMAT : FULL_MATRIX
EDGE_WEIGHT_SECTION
999999999 771026 923233 113217 622620 580831 717314 313559 368959 598844 925759 156251 193718 721164 638888 889111 760221 495581 192755 338091 16384 924913 594773 186131 849799 556571 469887 723290 868510 659576 234411 762041 865464 563969 284090 817208 270197 509139 848722 50862 1145713 248361 665582 695111 811513 289595 809157 270551 756899 785259 242933 382748 1148704 240852 352358 882205 218668 732015 221478 1086080 872871 969797 372043 607833 126114 582587 941517 842787 341063 27066 1139529 530977 779140 746345 858164 823798 990376 389585 958251 816694 800449 434572 152603 1002625 902573 689208 664172 466503 469927 462355 909666 549495 371559 697913 599218 632007 459528 890656 691890 195543
771026 999999999 273615 731571 990453 603897 150829 481597 404379 877071 208913 738524 830662 1026125 879257 558707 242150 339722 800976 533452 754647 169334 682482 876916 279433 958073 306701 756711 461456 411786 546323 681118 118485 765776 508940 432215 728256 899426 800453 736109 678838 669021 140291 246030 287282 624181 677173 507040 678317 195926 663968 390919 613997 784986 778389 672719 571858 338558 759017 685634 744896 663671 725209 169070 648305 355736 510188 439450 451046 795272 647706 263118 39322 623056 199999 136762 611507 381983 531542 840804 304778 338741 872856 421784 469447 485766 897856 907052 816119 418449 348621 648110 735896 787633 844471 973875 797621 299689 939517 701233
923233 273615 999999999 912589 965250 560010 424440 610000 590616 842303 96122 847711 929035 972774 830235 363212 167697 429139 897765 616641 907572 172207 632444 1062324 91920 950521 513116 659881 262843 348448 688950 559663 173007 732331 639603 262941 800827 899626 660409 879446 414282 755419 403977 231713 136785 843779 534873 654299 558787 138873 753250 579578 341666 866203 822471 498408 758032 242246 846494 437262 586184 451685 762141 402274 813668 366269 280937 254196 653852 943422 380079 496780 306232 503156 438449 384182 381319 551588 298831 719669 569624 533150 1049488 150794 252605 393334 842346 923183 821107 480319 105281 616871 772850 704509 805434 942352 804978 65602 880670 801671
113217 731571 912589 999999999 727188 639137 658464 320551 329248 693763 903371 251921 305042 823195 731574 923278 756390 496912 300504 376734 107098 893330 664553 149749 846824 661952 424883 795646 890586 684354 240952 821879 834771 647238 294253 838604 360728 611680 917765 139666 1171949 323742 613516 692496 812146 183345 865272 266482 816696 773743 316519 342141 1164854 343597 448575 932358 159752 743593 320244 1119761 933128 1011548 458520 563444 108174 596629 964560 863555 282573 135383 1161906 476899 734257 799219 795018 767190 1023183 362175 982821 892970 722304 393758 141302 1006512 923135 724885 757306 572084 565181 481696 912019 616107 459928 775869 690375 734633 552923 887376 787635 279555
622620 990453 965250 727188 999999999 405810 1034251 606138 748605 123760 1025902 476127 434282 105035 148138 698407 818026 660779 430032 506774 623227 1070269 333259 790465 873488 66810 814998 352799 753563 619110 610229 460788 1020343 233191 597897 723948 377909 117752 448821 587542 937849 435611 967739 772476 829255 863908 512001 633014 458372 871518 444316 757204 997329 383597 287200 596626 729211 724456 407773 846914 524955 710079 306248 897250 660720 638808 798843 743797 784453 610910 954798 883040 1020644 498392 1165293 1107695 778424 721696 802287 375530 1185297 782677 749204 949289 785228 573938 150104 156354 188998 579758 888382 351093 298850 298448 161294 30043 207456 903893 135873 458820
580831 603897 560010 639137 405810 999999999 674842 361318 479395 283976 620494 439244 481348 425024 278255 344050 413222 309542 453923 269457 570924 667339 78647 764763 468129 391535 504874 182074 368944 213376 417658 182751 619773 172620 373872 330503 339939 343840 286461 530222 607041 335072 609916 371673 423673 694348 228327 414199 177567 467639 339300 481679 640559 403176 312778 304142 551835 318681 398801 531161 294020 402001 255099 543973 535301 248793 428037 353340 540781 587264 612203 560680 637787 167537 792290 731108 442011 435616 437592 283835 840152 483528 733391 557045 403581 174124 295056 375071 271193 240811 487747 59068 263349 193634 248084 384039 257929 499646 336340 391071
717314 150829 424440 658464 1034251 674842 999999999 466344 352820 929533 356071 715611 810237 1083147 938692 688996 372950 375030 782884 542646 701156 304000 751280 795592 424553 993684 253264 842940 596367 509145 513839 780766 263483 822280 488914 561281 728915 932991 903277 690262 826980 664862 66523 357504 425882 524219 785073 474972 777321 335689 658340 339163 764430 777351 793083 792435 503307 457000 748836 829006 856712 796189 746847 137169 591241 430701 650965 572150 378161 743375 796802 186796 121586 724825 143064 109173 750508 348908 672706 934544 171828 290809 798021 572152 608418 586305 959802 931737 850568 455389 496207 710105 756911 866564 900309 1021418 831662 448110 1001731 686111
313559 481597 610000 320551 606138 361318 466344 999999999 142472 523763 616890 256941 349670 676677 547387 606585 446689 182128 320579 104412 298120 623059 411209 466919 536401 554794 219459 538960 570126 364968 81120 536876 563605 436775 29628 518128 264126 493719 647559 269539 851771 199083 403831 381606 498703 334927 572552 57102 531815 472505 192261 151306 844824 311102 336711 629788 196580 424104 282916 801958 645363 699417 301124 335648 213536 276228 644134 543027 187151 333422 841366 290309 497569 503484 608432 561598 705318 121020 662568 641282 594809 183327 447611 691177 602587 411230 572442 481214 417189 162289 597521 359708 309642 535716 504399 600285 398932 577258 611577 221609
368959 404379 590616 329248 748605 479395 352820 142472 999999999 664900 575162 366582 461152 818412 686951 669320 443841 213269 435340 244610 352602 564197 538488 477262 533024 696874 101139 661057 613312 426650 164423 643273 505543 574325 153746 562504 398700 635892 760508 338438 893437 332815 297586 383761 503520 262848 671656 127897 638460 452875 325059 13822 869851 437197 476536 717143 170126 454520 407411 856999 746727 770737 443333 239001 244503 325150 686159 585034 71411 394153 876882 166590 410525 602025 495567 456840 761880 49281 706619 763156 462502 65821 470056 697664 641723 488984 711654 621830 559661 246174 603093 487839 451665 663989 644254 742669 541398 572467 751411 342694
598844 877071 842303 693763 123760 283976 929533 523763 664900 999999999 904465 443856 426689 154994 45449 577466 697094 554513 413752 420296 596205 950560 209913 778242 750646 131619 721881 238352 630229 497294 541685 342598 901766 112321 520418 600212 333093 119611 347633 557013 821787 378897 863099 653505 706602 810632 395449 558574 339775 751191 387305 672052 877655 360102 246518 481653 669860 602128 377367 732528 416566 595185 240335 793398 613511 522734 676757 620158 708474 592255 837008 787597 908576 376843 1056880 997942 660322 632919 680849 281456 1085662 691877 738770 825706 662156 450405 67284 174364 128971 474329 764684 231355 236594 185100 37608 100136 140970 780617 94015 414937
925759 208913 96122 903371 1025902 620494 356071 616890 575162 904465 999999999 865345 951300 1040868 896057 455488 208357 443062 920264 639350 909679 76448 696019 1052191 165849 1006167 487576 735777 353979 407211 692240 639974 92716 792874 646334 347540 830328 952606 745759 884967 505344 779669 348052 261861 203924 816523 619396 655235 638648 158263 776493 562911 426046 893640 861405 588639 745184 303748 871599 532573 674451 546728 802497 361861 809950 402638 376608 342288 632550 947691 469529 458777 234547 582221 350332 300249 477346 541751 394784 801640 487946 513066 1043045 240719 346638 462576 909958 971731 871868 505878 200277 674968 813352 777624 868364 1004529 854851 155294 949462 821785
156251 738524 847711 251921 476127 439244 715611 256941 366582 443856 865345 999999999 94700 571299 483213 764112 680388 422376 69623 232402 152462 876945 444756 340701 766433 411589 462745 571023 756025 549079 202411 616954 817766 408317 230209 706414 114066 359986 697546 113305 1025602 105898 655781 615998 724710 395201 666323 240742 611885 714384 103757 379562 1038752 94037 197528 743272 275371 634381 68423 959455 726693 837020 216263 589698 191051 487723 826871 732168 368947 154314 1023278 531961 754203 606655 858637 815001 865468 367130 841806 662496 827525 425116 304159 908072 791122 566260 508639 322293 314901 368500 818559 402084 215429 543436 443197 482852 303830 806718 537349 49949
193718 830662 929035 305042 434282 481348 810237 349670 461152 426689 951300 94700 999999999 535669 469857 818514 761341 508597 31278 312772 197949 965881 471765 356548 845340 367594 557433 589419 819965 616969 297090 649907 906981 415682 323746 771972 142304 325175 717105 170519 1081964 173827 750185 697818 802546 468442 702078 335430 645041 798123 175786 474182 1102268 78770 190204 783420 360829 708189 85723 1010770 756311 883321 232721 683751 269866 564968 888690 797564 461240 178325 1082566 626654 847237 647682 953245 909267 919008 461614 902224 672958 921534 519804 315653 981048 855409 625039 493792 278119 301438 448764 893772 435881 227505 554474 434070 446358 295590 885106 516520 130176
721164 1026125 972774 823195 105035 425024 1083147 676677 818412 154994 1040868 571299 535669 999999999 147014 676558 835885 708182 529445 573899 720853 1091112 346937 892215 882214 170684 876806 325863 743519 635087 689935 436295 1044570 261394 671893 720285 467483 212027 397241 683943 900098 520553 1016799 796650 839407 952428 482035 709147 434984 891167 529193 825883 968308 480636 376828 561205 814398 737122 502951 806554 480178 672437 384788 947385 751328 670541 780469 737580 859933 710737 920928 942591 1058595 482838 1208899 1149316 747055 787341 781057 319907 1240297 846603 851216 940475 772688 579738 130923 257897 266339 628415 888272 378016 379145 274130 182913 89352 282644 909207 92346 549619
638888 879257 830235 731574 148138 278255 938692 547387 686951 45449 896057 483213 469857 147014 999999999 551030 690167 564216 455922 443123 635674 945062 200565 819634 739107 170516 738961 204799 609401 489418 570633 312723 897997 116711 546151 582337 371032 164721 307201 596000 789902 413226 872509 649927 695746 843091 363888 585211 310375 745166 421441 693396 849351 401658 286799 448780 701067 592502 417635 699330 379419 562309 274702 803600 648447 523605 652305 601109 733605 633183 806664 803099 911914 351766 1062974 1003078 630289 652737 655162 238625 1097810 710336 780511 805942 640280 436939 25987 219641 169641 485344 748865 231220 272145 150496 43295 119796 179392 767429 64642 452113
889111 558707 363212 923278 698407 344050 688996 606585 669320 577466 455488 764112 818514 676558 551030 999999999 317530 456075 789512 551751 876614 527165 385831 1063639 296213 704585 640892 350942 101982 244182 683110 240392 506020 485214 630447 127715 676230 668253 311616 838623 263733 658304 640402 336207 273996 926521 196788 663397 241986 363779 660463 664574 301506 741879 656729 137987 799827 237151 733711 197065 229686 108148 598318 599495 815106 344219 105393 119704 740610 900739 268373 665390 597987 200790 755712 693683 101460 620132 104538 381129 858066 639316 1037987 277040 112835 199916 554890 708010 606227 444532 258780 399313 606932 404046 540400 670749 595608 300242 586149 714248
760221 242150 167697 756390 818026 413222 372950 446689 443841 697094 208357 680388 761341 835885 690167 317530 999999999 264664 730071 449019 744809 255578 489678 905925 90434 797811 380309 539601 223436 200804 526775 452321 213615 585216 476132 190341 633599 744391 567183 715308 472849 587725 328931 65167 61945 704353 441659 493705 450179 56457 585557 434298 432158 698745 657998 431235 605974 103917 678844 461171 506310 423832 598218 299650 654533 199568 281254 199395 511467 779591 449022 382087 281465 393627 441162 378355 378550 400583 303225 614510 540781 393020 890759 253853 237288 263222 705017 764362 663928 312652 159489 466958 609013 577796 661302 797044 647072 131083 745150 634114
495581 339722 429139 496912 660779 309542 375030 182128 213269 554513 443062 422376 508597 708182 564216 456075 264664 999999999 477684 198744 480213 458770 382254 645475 354274 623351 202702 487825 403485 213694 262636 449334 400605 447617 211501 351972 393363 563556 571087 450742 685319 338538 308631 199534 316870 472226 470579 231180 444906 293070 334771 208963 669794 453940 438824 508472 354491 248740 430385 644923 546174 557702 385583 239385 392469 111880 477129 375433 284535 514965 671310 252181 365285 402012 504606 447872 549348 164059 496977 586394 534342 190338 628242 510213 433558 279316 585810 568260 480361 81067 416118 337914 396242 503135 525412 647025 461599 395131 627670 378826
192755 800976 897765 300504 430032 453923 782884 320579 435340 413752 920264 69623 31278 529445 455922 789512 730071 477684 999999999 281563 194403 935251 447261 365045 814069 363861 530511 567196 789714 586237 270942 624566 876415 395603 295214 741528 114019 317648 694848 162123 1052790 142558 722295 666569 771291 456671 676245 308695 619650 766941 144522 448182 1072149 55787 171596 756821 342762 677074 55814 982348 731824 855677 208819 655391 254776 533707 858713 767147 438555 181298 1052980 600132 818005 620760 925800 881115 890192 434017 872428 652878 896807 492900 325147 950025 825133 595291 480414 273805 286451 417505 862614 409861 204533 533974 418689 440140 278959 853844 505133 99851
338091 533452 616641 376734 506774 269457 542646 104412 244610 420296 639350 232402 312772 573899 443123 551751 449019 198744 281563 999999999 325152 657476 311597 512582 534272 458478 309192 441524 531479 322611 148231 450333 599346 332418 107938 480614 195177 397193 555128 288086 807640 140334 477373 385174 492346 426596 490801 148814 445175 485400 137245 251999 813008 255242 250492 555754 283053 402762 232286 748815 560886 636028 206116 406759 269926 255363 604038 506315 291409 351460 801906 378500 555349 423591 681432 629668 652807 214933 620447 543340 683128 276042 486242 676357 565934 351910 468111 390353 318004 136439 586305 260106 215684 434707 400207 499356 299375 574456 507400 185188
16384 754647 907572 107098 623227 570924 701156 298120 352602 596205 909679 152462 197949 720853 635674 876614 744809 480213 194403 325152 999999999 908627 586678 194295 834473 557484 453546 715792 854884 646011 218650 752573 849186 558419 268715 803493 265654 508880 840759 41379 1132583 240192 649289 679722 796362 278958 799202 254526 747419 769512 234377 366393 1134728 240218 349733 871516 203281 717496 219242 1073638 863553 958158 366843 591462 110060 568099 928015 829037 325177 42453 1126057 514767 762761 735897 842101 807562 977801 373234 944890 809988 785157 418203 162844 987748 888842 676699 661099 467443 467234 448068 894659 540803 366819 691428 595567 631867 456292 875331 689561 188820
924913 169334 172207 893330 1070269 667339 304000 623059 564197 950560 76448 876945 965881 1091112 945062 527165 255578 458770 935251 657476 908627 999999999 744497 1040397 232683 1046660 470261 793421 425243 456137 694406 701517 59553 838347 651896 414475 851522 991264 810864 886829 580908 797250 308329 298091 265375 792673 684295 656070 699853 199946 793322 551200 499359 912704 889686 658222 733756 357434 889011 609016 742162 620798 832354 335968 805148 436197 451600 411559 615781 948066 544603 431598 184510 643164 279177 233864 552839 536057 470171 863826 421400 499654 1034251 316501 420120 517656 960311 1006813 909262 528677 275117 719497 843230 832900 915242 1050191 891669 228380 1000589 835723
594773 682482 632444 664553 333259 78647 751280 411209 538488 209913 696019 444756 471765 346937 200565 385831 489678 382254 447261 311597 586678 744497 999999999 780761 540851 325683 572513 131627 426172 289019 457725 179359 697633 102786 419321 392801 336147 283865 254113 545337 643310 346515 685969 449774 496952 737529 233192 460217 174705 544605 352347 542126 686964 393119 288875 318278 593383 392876 394708 560968 284594 426114 239055 619150 565225 327160 478722 413864 595896 597697 652883 631099 716241 189616 870246 809264 478031 497284 485542 232181 915295 548761 746705 619391 459460 240730 216623 322179 220910 309120 555459 51554 244772 125504 172999 309911 211561 570713 257774 399890
186131 876916 1062324 149749 790465 764763 795592 466919 477262 778242 1052191 340701 356548 892215 819634 1063639 905925 645475 365045 512582 194295 1040397 780761 999999999 996358 723684 570556 909421 1035449 827849 386163 946684 982180 749015 439486 983584 454669 681448 1034774 235520 1315803 434254 754636 841888 961349 284005 992913 414414 941525 923484 428593 489839 1311711 418145 533024 1064141 307137 890948 402752 1260619 1057729 1148358 556962 708083 253473 743029 1109233 1008772 425962 186997 1307030 618521 877661 929003 928214 904755 1164293 511606 1127018 1002612 843293 540886 41991 1155498 1068514 864119 844501 634549 650017 626096 1061118 735087 555919 883723 781072 802906 640931 1036949 870099 381651
849799 279433 91920 846824 873488 468129 424553 536401 533024 750646 165849 766433 845340 882214 739107 296213 90434 354274 814069 534272 834473 232683 540851 996358 999999999 858609 465653 572035 194361 256611 616725 474529 210272 640505 565759 182162 714613 807831 580016 804473 403580 671513 390557 154949 45134 792387 453596 583953 473316 92388 669798 523157 351512 780576 733152 425598 696136 150439 761865 406211 509724 394480 672563 372852 744875 280505 232489 179039 599860 868854 375580 461192 317229 417064 467563 407713 334747 490426 253351 635945 584193 480524 981092 166251 194572 302485 751605 831813 729532 397942 75089 524951 683214 615417 713850 850727 713515 40858 790248 719420
556571 958073 950521 661952 66810 391535 993684 554794 696874 131619 1006167 411589 367594 170684 170516 704585 797811 623351 363861 458478 557484 1046660 325683 723684 858609 999999999 767668 369881 751634 602233 553429 472761 994871 222904 544524 718272 316823 61285 477642 522289 952198 376845 927335 748661 813816 801768 526187 578166 469723 849775 385521 706093 1005688 318452 227119 612737 668977 708392 343431 863556 548083 726175 253700 856518 597921 611577 801786 739534 729324 544499 966533 836741 986734 503856 1127440 1071222 789849 672564 807021 408658 1140680 734246 682406 945003 784579 564299 181926 90070 143187 542422 878984 333768 245209 316719 166230 84073 162067 890952 181578 396540
469887 306701 513116 424883 814998 504874 253264 219459 101139 721881 487576 462745 557433 876806 738961 640892 380309 202702 530511 309192 453546 470261 572513 570556 465653 767668 999999999 685981 572575 407600 260661 651971 412615 623250 238966 524273 483484 706383 773437 439507 846053 418149 196543 326937 442001 330873 672827 222003 647515 379219 411049 87317 812260 527759 554813 706974 265207 411690 498634 819273 748400 746527 514910 139008 344934 306029 642690 544390 145641 495203 825729 70870 310557 604536 396311 355995 726873 98591 664051 786077 375633 37629 566177 631900 597437 478515 762517 697977 626728 264160 538874 524389 524180 696638 697492 806158 607980 503153 803547 434952
723290 756711 659881 795646 352799 182074 842940 538960 661057 238352 735777 571023 589419 325863 204799 350942 539601 487825 567196 441524 715792 793421 131627 909421 572035 369881 685981 999999999 419528 345644 588542 110550 753101 178508 548730 400537 459646 346869 127691 674413 585104 475736 779665 513064 531863 868029 159372 589551 109124 596056 481937 663583 646091 511855 400732 244028 724106 436252 516976 494747 180538 357593 358818 716479 696808 412245 454611 415746 721309 724937 602184 739943 793053 159038 951873 889299 426097 617634 455480 102396 1011434 665383 874504 616111 447636 276402 205278 396151 308507 422369 569288 182144 362665 54358 204383 323943 305762 594871 235213 527824
868510 461456 262843 890586 753563 368944 596367 570126 613312 630229 353979 756025 819965 743519 609401 101982 223436 403485 789714 531479 854884 425243 426172 1035449 194361 751634 572575 419528 999999999 208967 649863 311851 404416 528816 596475 52014 679332 709208 401410 819087 282267 651943 551307 252826 174588 875012 278573 625377 312079 265605 652772 606889 282776 746356 673443 235576 756514 160916 734251 246782 324228 202452 612906 516034 783031 295387 74057 28329 684557 882824 271597 589162 500566 260858 656667 595164 157142 565018 93495 465510 763453 575827 1013064 196970 35532 198744 616848 743507 639789 409359 159946 427696 622497 469520 592629 727507 626854 198962 651530 706238
659576 411786 348448 684354 619110 213376 509145 364968 426650 497294 407211 549079 616969 635087 489418 244182 200804 213694 586237 322611 646011 456137 289019 827849 256611 602233 407600 345644 208967 999999999 443409 272054 411264 385936 390183 158020 478684 551225 394169 610121 487960 446249 449801 167448 211670 682405 277438 421266 268808 256223 446512 422646 490562 545855 484612 300106 556288 106205 531399 437475 351092 344089 423483 394463 576390 102501 282027 183745 497677 673873 480083 442618 448780 215680 608885 545860 340934 377371 299276 429466 680570 401354 804698 366744 243323 77318 504230 576010 473279 202801 285865 268931 433816 379951 461153 597389 457543 290495 544452 499544
234411 546323 688950 240952 610229 417658 513839 81120 164423 541685 692240 202411 297090 689935 570633 683110 526775 262636 270942 148231 218650 694406 457725 386163 616725 553429 260661 588542 649863 443409 999999999 598007 634854 466966 53394 597914 242563 493871 703306 192829 931032 177997 455129 461809 579457 279963 637206 39516 592863 550864 169548 177244 925568 274483 327312 699048 135671 505101 244390 879265 708199 773428 305487 390783 133168 356874 723788 622970 177743 255546 921323 329574 558687 569178 656904 614738 782644 167002 741939 689888 626514 223059 366493 772204 682640 485714 596392 472604 424386 240757 678449 406528 311938 578888 527353 608352 407445 657570 633256 179347
762041 681118 559663 821879 460788 182751 780766 536876 643273 342598 639974 616954 649907 436295 312723 240392 452321 449334 624566 450333 752573 701517 179359 946684 474529 472761 651971 110550 311851 272054 598007 999999999 665228 263435 552098 297388 511996 443270 123275 711645 479437 514693 720363 435088 436819 871695 55008 591663 5184 508363 519493 643505 536665 571145 468233 142207 730760 348532 570979 391595 111280 254391 417545 661963 717787 356536 344221 310357 708878 767397 494494 698463 718895 58695 879705 816486 317873 596484 344930 162412 951839 636683 914639 507549 338650 195770 315084 488672 392887 397268 465290 215302 423693 163931 306625 432460 386243 494157 345760 569998
865464 118485 173007 834771 1020343 619773 263483 563605 505543 901766 92716 817766 906981 1044570 897997 506020 213615 400605 876415 599346 849186 59553 697633 982180 210272 994871 412615 753101 404416 411264 634854 665228 999999999 789446 592407 386966 793757 938739 778084 827289 587174 738875 258736 248295 235101 737217 651808 596528 663229 157192 734830 492642 513230 854490 833608 632399 675321 317424 830541 606055 713074 604613 776824 280240 745935 383376 439737 387504 558247 888569 553074 376673 141909 606571 265668 211423 542117 476781 459662 827584 397970 441302 975567 323674 404148 476700 914072 952833 856331 471829 265973 670418 787691 790502 866964 1000988 838531 216468 954781 776808
563969 765776 732331 647238 233191 172620 822280 436775 574325 112321 792874 408317 415682 261394 116711 485214 585216 447617 395603 332418 558419 838347 102786 749015 640505 222904 623250 178508 528816 385936 466966 263435 789446 999999999 437997 495525 294394 183055 304645 517427 738901 323620 756037 541191 596171 744123 318413 477975 259569 639099 331092 580191 786717 339825 225557 405631 600412 491283 348703 653678 356195 517060 192054 686996 556490 410868 580227 516650 623824 562348 750478 686837 797743 285755 947509 888008 574472 538553 586326 257345 981100 595274 712055 722165 561931 342535 139371 225544 130841 368634 657452 119035 193487 138875 78741 211888 127255 671404 180796 369982
284090 508940 639603 294253 597897 373872 488914 29628 153746 520418 646334 230209 323746 671893 546151 630447 476132 211501 295214 107938 268715 651896 419321 439486 565759 544524 238966 548730 596475 390183 53394 552098 592407 437997 999999999 544523 245843 483809 660300 239913 877698 180059 427404 411025 527844 320477 589588 40899 546990 502132 172634 164314 872301 288930 322853 649303 178692 452058 260059 826386 661532 721688 291729 360178 186558 303608 670406 569577 188103 303822 867929 309704 524021 520998 631496 585952 729749 140640 688586 650755 612701 201911 419338 720000 629247 433686 571536 468277 409504 187451 626493 367787 299581 542643 502942 593459 391644 606617 609866 197285
817208 432215 262941 838604 723948 330503 561281 518128 562504 600212 347540 706414 771972 720285 582337 127715 190341 351972 741528 480614 803493 414475 392801 983584 182162 718272 524273 400537 52014 158020 597914 297388 386966 495525 544523 999999999 632025 673497 398392 767920 334209 602835 513069 209996 151926 823822 272304 573363 296768 238739 603431 556326 332603 699167 629593 245455 704642 113372 686254 295484 327687 235257 568732 473920 731081 243440 126068 25762 633825 831772 323450 543597 471534 242048 630334 567892 202713 514032 145190 456741 730465 526319 961372 226875 85372 156930 591628 705511 601612 357488 168758 389568 578551 447871 562654 698825 587913 197339 627957 656729
270197 728256 800827 360728 377909 339939 728915 264126 398700 333093 830328 114066 142304 467483 371032 676230 633599 393363 114019 195177 265654 851522 336147 454669 714613 316823 483484 459646 679332 478684 242563 511996 793757 294394 245843 632025 999999999 260161 586821 225370 939724 65886 665130 571789 670887 486106 563137 272694 507031 674200 73746 409834 961185 67194 90930 643115 352188 573353 59069 868554 620186 741657 102406 595483 283869 434622 747358 657496 420306 267956 940619 554353 749262 506917 869988 820555 776705 384915 760572 549420 858331 446981 417704 844578 714834 483406 396689 232021 204858 324469 759263 296843 101372 430253 330300 380841 192199 753632 427033 82330
509139 899426 899626 611680 117752 343840 932991 493719 635892 119611 952606 359986 325175 212027 164721 668253 744391 563556 317648 397193 508880 991264 283865 681448 807831 61285 706383 346869 709208 551225 493871 443270 938739 183055 483809 673497 260161 999999999 463255 472236 921153 318270 866689 693640 762844 746198 497823 517869 439760 795509 326972 645025 969749 268667 169463 585090 611575 657398 291565 834765 527323 697655 192595 795840 543192 555392 762562 695592 669171 498935 933336 775475 927599 468691 1067233 1011354 757130 611314 769082 399865 1079479 672974 640763 900341 742889 517845 183479 55151 83325 482770 831307 285053 184285 296458 145051 123008 101975 841176 196667 341218
848722 800453 660409 917765 448821 286461 903277 647559 760508 347633 745759 697546 717105 397241 307201 311616 567183 571087 694848 555128 840759 810864 254113 1034774 580016 477642 773437 127691 401410 394169 703306 123275 778084 304645 660300 398392 586821 463255 999999999 799408 505583 600574 843279 554703 545560 980774 126568 700660 127214 622435 606454 761470 581063 639536 528250 177537 838000 464370 644399 411037 86706 280681 486353 785207 816839 479791 415963 406383 824450 851118 529250 821131 838634 178550 999756 936448 361099 714627 410745 77752 1074556 756983 1000424 588617 421869 317216 299280 515079 432970 515603 560646 301658 490316 168672 318221 418832 431531 594966 317058 653556
50862 736109 879446 139666 587542 530222 690262 269539 338438 557013 884967 113305 170519 683943 596000 838623 715308 450742 162123 288086 41379 886829 545337 235520 804473 522289 439507 674413 819087 610121 192829 711645 827289 517427 239913 767920 225370 472236 799408 999999999 1095693 198834 636020 650144 765538 298337 758538 230763 706497 742042 193078 352247 1099763 203945 310811 831382 203386 684246 181167 1035549 822561 918979 326071 575714 107654 534828 891923 793544 319126 64547 1089877 503466 746134 695568 832300 795218 939929 354175 908488 768666 782414 403141 203182 955702 853292 638745 621522 432440 428093 414245 863163 499577 326289 650149 555593 595227 416709 845306 650590 147609
1145713 678838 414282 1171949 937849 607041 826980 851771 893437 821787 505344 1025602 1081964 900098 789902 263733 472849 685319 1052790 807640 1132583 580908 643310 1315803 403580 952198 846053 585104 282267 487960 931032 479437 587174 738901 877698 334209 939724 921153 505583 1095693 999999999 920053 794016 519500 411838 1155857 426396 907328 482517 495232 921846 886407 105009 1005525 919811 341272 1038761 438920 996976 95281 420377 228150 861781 771953 1064139 577645 208301 310045 964380 1158715 41098 854362 714747 453943 852730 797775 165517 845639 189228 583199 981284 852647 1292290 264657 251902 459356 789191 964039 864150 690278 330776 661115 870272 639428 786038 908817 854695 379177 814700 975661
248361 669021 755419 323742 435611 335072 664862 199083 332815 378897 779669 105898 173827 520553 413226 658304 587725 338538 142558 140334 240192 797250 346515 434254 671513 376845 418149 475736 651943 446249 177997 514693 738875 323620 180059 602835 65886 318270 600574 198834 920053 999999999 601563 524454 628747 432352 562972 207033 509577 625367 8706 343957 934715 116055 149879 638634 294113 535069 91957 853560 625175 731352 138695 532351 235245 391156 722242 628555 355570 252705 918188 489014 688724 502103 806412 757912 759634 319558 736859 570892 792688 381486 400637 808362 687179 460797 439198 294705 254475 275367 720394 301235 142466 452946 370858 436041 239246 711289 472618 56368
665582 140291 403977 613516 967739 609916 66523 403831 297586 863099 348052 655781 750185 1016799 872509 640402 328931 308631 722295 477373 649289 308329 685969 754636 390557 927335 196543 779665 551307 449801 455129 720363 258736 756037 427404 513069 665130 866689 843279 636020 794016 601563 999999999 305147 385757 491711 726855 415873 716776 298835 595234 283774 738079 714897 727864 738267 455651 405171 686723 789483 799440 748293 681017 70907 540011 367616 609925 525912 331036 691166 765965 136619 127205 665171 204869 159688 707343 288683 631860 872424 231981 233355 754288 546521 566202 527119 893739 865893 784197 388900 464529 644300 691136 802174 833991 954898 765295 418519 935656 624663
695111 246030 231713 692496 772476 371673 357504 381606 383761 653505 261861 615998 697818 796650 649927 336207 65167 199534 666569 385174 679722 298091 449774 841888 154949 748661 326937 513064 252826 167448 461809 435088 248295 541191 411025 209996 571789 693640 554703 650144 519500 524454 305147 999999999 120305 645714 432337 429042 432300 103649 522057 374874 487158 636389 599724 434967 543424 100026 615874 498239 501768 444334 540661 263950 590049 140778 319005 225714 452637 714433 498797 337152 283962 377050 445053 381745 409906 339159 340785 595070 528890 336163 826242 315149 273739 239884 666365 710825 612034 249096 220369 422177 551512 546885 618670 752826 594678 195776 707297 570064
811513 287282 136785 812146 829255 423673 425882 498703 503520 706602 203924 724710 802546 839407 695746 273996 61945 316870 771291 492346 796362 265375 496952 961349 45134 813816 442001 531863 174588 211670 579457 436819 235101 596171 527844 151926 670887 762844 545560 765538 411838 628747 385757 120305 999999999 764838 418999 547713 435335 91401 627226 494324 370312 737045 688360 397379 663711 105465 718739 403914 478358 377040 627709 360129 708955 237602 225102 154341 571809 830023 387365 443824 326259 378764 482151 420575 325039 459348 246889 598908 590589 454009 944970 194855 182797 259833 708657 786687 684439 356331 100084 480250 638343 574111 669920 806718 668399 82746 747606 677319
289595 624181 843779 183345 863908 694348 524219 334927 262848 810632 816523 395201 468442 952428 843091 926521 704353 472226 456671 426596 278958 792673 737529 284005 792387 801768 330873 868029 875012 682405 279963 871695 737217 744123 320477 823822 486106 746198 980774 298337 1155857 432352 491711 645714 764838 999999999 907283 280270 866620 708616 423802 270949 1132433 488845 577005 962161 144386 717043 460947 1117095 980280 1024959 570377 456994 204539 583194 948217 846806 193080 314707 1139679 361123 618399 838045 650697 632792 1021327 310219 968456 969622 559619 311963 298074 958033 904008 738495 869055 714259 686749 487641 863843 686223 574730 858810 800112 866712 671583 831025 903936 405257
809157 677173 534873 865272 512001 228327 785073 572552 671656 395449 619396 666323 702078 482035 363888 196788 441659 470579 676245 490801 799202 684295 233192 992913 453596 526187 672827 159372 278573 277438 637206 55008 651808 318413 589588 272304 563137 497823 126568 758538 426396 562972 726855 432337 418999 907283 999999999 628346 59110 496564 567407 670890 487114 623315 521902 87319 768111 339567 622196 337480 75596 200120 470216 671781 759991 370588 302086 281431 739014 815439 442836 715148 715691 69692 876944 813609 266750 623840 300482 186976 956822 660223 961713 470568 301902 200317 364550 543561 447882 425835 436434 266387 476669 213697 359958 483263 441139 469328 393029 618719
270551 507040 654299 266482 633014 414199 474972 57102 127897 558574 655235 240742 335430 709147 585211 663397 493705 231180 308695 148814 254526 656070 460217 414414 583953 578166 222003 589551 625377 421266 39516 591663 596528 477975 40899 573363 272694 517869 700660 230763 907328 207033 415873 429042 547713 280270 628346 999999999 586572 515821 198965 140170 898408 309309 354032 686545 139935 477112 279515 858519 700723 756508 326864 351301 161296 330573 699427 598077 151441 292608 896267 291437 519200 559485 618026 575434 761894 127538 718100 691607 590376 184374 397278 741384 657473 468322 610706 499730 445368 218905 647205 408681 334183 583520 541951 629553 427815 624735 648683 214843
756899 678317 558787 816696 458372 177567 777321 531815 638460 339775 638648 611885 645041 434984 310375 241986 450179 444906 619650 445175 747419 699853 174705 941525 473316 469723 647515 109124 312079 268808 592863 5184 663229 259569 546990 296768 507031 439760 127214 706497 482517 509577 716776 432300 435335 866620 59110 586572 999999999 506286 514366 638734 538978 566276 463577 146084 725648 346336 566022 395021 116461 257912 412726 658164 712606 352588 345487 310114 703988 762281 497238 694231 716025 56712 876768 813569 320568 591721 346512 164358 948320 632092 909497 508051 339245 192765 313126 484911 388816 392491 464890 210299 418916 162091 303660 430150 382030 493319 344222 564901
785259 195926 138873 773743 871518 467639 335689 472505 452875 751191 158263 714384 798123 891167 745166 363779 56457 293070 766941 485400 769512 199946 544605 923484 92388 849775 379219 596056 265605 256223 550864 508363 157192 639099 502132 238739 674200 795509 622435 742042 495232 625367 298835 103649 91401 708616 496564 515821 506286 999999999 622615 442151 443514 738281 703355 482732 619536 160241 717093 493320 559982 467952 644308 280810 674886 244402 315665 244172 517373 805803 467823 370493 234975 449678 391963 329931 416227 413038 337291 670641 499306 396942 910640 255679 274001 319671 760366 813777 714358 350315 167333 520470 655158 634096 715664 850987 697190 125425 800667 669454
242933 663968 753250 316519 444316 339300 658340 192261 325059 387305 776493 103757 175786 529193 421441 660463 585557 334771 144522 137245 234377 793322 352347 428593 669798 385521 411049 481937 652772 446512 169548 519493 734830 331092 172634 603431 73746 326972 606454 193078 921846 8706 595234 522057 627226 423802 567407 198965 514366 622615 999999999 336299 935542 121059 158526 642509 285429 534280 95714 856005 630135 734458 147033 526193 227115 389632 723359 629170 347184 248039 919598 481899 683319 506060 800053 751873 761847 312468 738169 577512 785332 374283 395392 807744 687946 462503 447419 303250 263078 272984 719380 306571 150960 459759 379007 444730 247782 709687 480984 53817
382748 390919 579578 342141 757204 481679 339163 151306 13822 672052 562911 379562 474182 825883 693396 664574 434298 208963 448182 251999 366393 551200 542126 489839 523157 706093 87317 663583 606889 422646 177244 643505 492642 580191 164314 556326 409834 645025 761470 352247 886407 343957 283774 374874 494324 270949 670890 140170 638734 442151 336299 999999999 861486 449295 486719 714892 182747 447538 419598 851209 746121 766661 452430 225272 258200 320702 679471 578582 78090 407962 869352 153104 396824 601339 481960 443052 756369 47071 700069 765514 450291 52215 483080 688150 634880 486301 717953 631805 568211 246244 593691 491743 460920 667616 650837 750837 549855 562407 757929 355005
1148704 613997 341666 1164854 997329 640559 764430 844824 869851 877655 426046 1038752 1102268 968308 849351 301506 432158 669794 1072149 813008 1134728 499359 686964 1311711 351512 1005688 812260 646091 282776 490562 925568 536665 513230 786717 872301 332603 961185 969749 581063 1099763 105009 934715 738079 487158 370312 1132433 487114 898408 538978 443514 935542 861486 999999999 1028046 950940 407661 1023886 421432 1016590 187255 494419 300676 891130 724295 1058357 568697 214103 306849 939446 1163808 64680 812234 647661 501886 776338 724571 221375 823827 202978 657469 910978 823250 1291076 192284 247633 478214 851354 1009060 906775 687048 276441 697614 900342 700189 840861 969115 895586 319855 880065 988987
240852 784986 866203 343597 383597 403176 777351 311102 437197 360102 893640 94037 78770 480636 401658 741879 698745 453940 55787 255242 240218 912704 393119 418145 780576 318452 527759 511855 746356 545855 274483 571145 854490 339825 288930 699167 67194 268667 639536 203945 1005525 116055 714897 636389 737045 488845 623315 309309 566276 738281 121059 449295 1028046 999999999 116108 704782 365219 640117 30293 933295 677699 805174 154150 646317 284402 500269 814140 724621 449353 232427 1006935 598349 804352 569177 919535 872178 842055 429569 827170 597115 899586 490502 378855 911633 781866 550080 426405 228784 232021 388009 826024 357155 149329 478242 363817 391664 223825 819784 452267 95284
352358 778389 822471 448575 287200 312778 793083 336711 476536 246518 861405 197528 190204 376828 286799 656729 657998 438824 171596 250492 349733 889686 288875 533024 733152 227119 554813 400732 673443 484612 327312 468233 833608 225557 322853 629593 90930 169463 528250 310811 919811 149879 727864 599724 688360 577005 521902 354032 463577 703355 158526 486719 950940 116108 999999999 606015 442201 586104 130912 842744 571519 710847 61145 657234 374700 459171 737179 654264 504283 346408 924630 625273 802545 473005 931830 879471 754688 457199 748181 482768 930388 519552 494243 850348 708832 474707 311922 145699 117571 362416 770210 260098 51052 364411 248113 289930 107962 770436 339845 172810
882205 672719 498408 932358 596626 304142 792435 629788 717143 481653 588639 743272 783420 561205 448780 137987 431235 508472 756821 555754 871516 658222 318278 1064141 425598 612737 706974 244028 235576 300106 699048 142207 632399 405631 649303 245455 643115 585090 177537 831382 341272 638634 738267 434967 397379 962161 87319 686545 146084 482732 642509 714892 407661 704782 606015 999999999 826363 336135 702143 250877 92609 113583 552810 689041 825645 400945 239896 246687 786560 889926 359948 742471 711925 136623 872286 809319 186314 668295 233538 251425 963847 698563 1034351 413906 250665 229159 447953 630862 534804 475165 395092 347837 559725 298284 446551 567552 527703 434203 474225 694823
