NAME : synthetic_000986
TYPE : CTSP-D
DIMENSION : 100
GROUPS : 8
RELAXATION_LEVEL : 1
EDGE_WEIGHT_TYPE : EXPLICIT
EDGE_WEIGHT_FORMAT : FULL_MATRIX
EDGE_WEIGHT_SECTION
999999999 870843 271417 1001386 495337 421980 440666 511382 926096 657702 206183 292397 817628 839271 507364 530851 688956 418765 90529 836515 510743 701202 707377 20319 326973 553022 699721 108836 357542 275505 457971 206589 984224 835278 867262 442022 164332 520646 887157 900737 365428 914002 1125946 90556 607209 983232 787010 605628 992280 426480 480425 621145 321932 560972 562402 749854 486937 503804 762320 856470 732593 618126 890376 701563 1028199 842104 942109 1018268 191969 897358 601855 681448 756694 1150358 617952 692535 93081 628112 695498 378371 841893 611135 105191 17096 775844 365283 406533 198457 760899 840440 815878 548279 663175 635767 692602 433577 604803 883553 236806 673872
870843 999999999 966056 978430 838587 913355 434902 552083 686190 1051837 952636 958611 936374 902442 828863 354033 873735 541286 824571 397373 490047 1086205 196843 869814 940894 320320 418133 770801 610423 595797 1022039 878739 958008 36268 539192 704213 746023 587866 846145 427881 544225 1020692 984815 781740 291789 849462 235182 1037029 621163 444773 393229 840852 664590 929519 458459 450447 856191 817010 689846 87013 772790 627227 245949 184258 746116 790690 718723 974324 725685 228448 992573 533477 1171471 975534 869478 181329 910483 1067631 1078772 585157 408570 978240 928087 886997 881228 525666 502909 816695 521604 929346 781283 712367 999936 615649 1095347 437516 1051417 1038933 738699 824760
271417 966056 999999999 811706 304763 192300 585565 470373 813594 405086 68310 28381 615635 649973 321426 612998 493452 430946 218039 812449 505777 445921 776656 251941 77303 678633 677542 275485 358566 417835 191271 476930 797696 929923 797489 333433 410226 457255 720548 868414 422796 700947 953360 316794 675830 827608 819470 350711 907248 558732 615341 432891 303946 334285 554467 710560 287688 323766 636722 928011 575962 519226 914195 782599 909463 688101 821110 832133 434814 926645 358437 615888 492399 984234 418456 786206 180518 368830 441137 384652 814162 373070 174207 274007 586123 446242 593947 468176 695504 643258 662530 416836 424594 540332 434577 553638 346495 661740 228997 494804
1001386 978430 811706 999999999 513426 619627 934398 586046 307162 474049 867100 783601 198296 163092 498909 814322 318885 694969 911383 585342 642338 461522 825443 982840 734498 924946 578144 921772 706435 895150 665423 1181593 21291 957671 446425 569124 1041135 551099 140968 574819 769393 147976 156858 977648 796482 146994 743853 517658 419744 902733 923697 383474 710599 482390 625209 532294 527075 500447 311569 893637 282024 444792 754465 856880 305028 200532 277608 24980 1049031 775252 482162 477544 503012 197050 393756 889658 944129 523508 459777 702613 575090 460554 949112 1013905 227331 803510 1021820 1139903 461173 168910 219862 464278 419841 439614 481438 878721 532787 202770 772759 327585
495337 838587 304763 513426 999999999 122952 574866 286507 520086 228200 355198 277785 323336 350375 17532 523955 195501 328625 407616 580535 350633 270274 642241 475923 229743 624671 463041 429987 289271 462700 216597 688148 497996 805214 529920 141533 564533 251850 415924 625081 376054 418666 650293 486801 557695 522897 640682 201271 624959 540879 585810 130163 260500 98773 380526 475418 21905 25387 343059 778386 272486 257101 717513 660247 611596 383967 523930 532476 578927 734191 162914 369098 351850 680191 122723 677436 431760 232489 262761 302937 578892 156158 436041 506425 286110 413472 631437 655313 439250 347826 358681 145088 197910 277753 273168 523546 214223 389762 285280 190464
421980 913355 192300 619627 122952 999999999 598967 369583 643022 238243 251434 164070 423335 458357 140484 577903 302004 378216 342361 689028 424730 282761 716818 401724 114999 667590 564097 379946 319853 458997 109394 625222 605879 878579 648455 213535 521681 342480 532592 737452 404907 509678 762748 434261 624183 641340 731636 189488 746834 566635 617855 244071 274421 143837 463770 583845 102466 146436 465913 860543 393891 371225 815600 730575 734335 504264 646784 640273 540703 830992 179946 479951 348341 794558 227184 742898 344986 216333 276503 340842 688439 189599 345363 430087 394800 438996 637969 601809 554030 451041 479427 259671 241826 392442 276819 553596 192888 472260 256732 307159
440666 434902 585565 934398 574866 598967 999999999 351380 731223 802349 555206 586291 808907 800349 573499 150040 700045 255382 406989 523249 292068 845055 299105 441963 583821 114599 416864 347947 286157 173323 695567 451256 913431 400370 615502 437501 311532 390017 794817 588100 198905 910847 1008199 350362 218876 853344 408358 768696 742645 34254 42190 641547 324988 673371 315258 478648 584186 562673 627082 433983 659801 490604 508892 282757 827151 736195 758545 941578 292336 509354 736530 473583 925367 1017360 659609 264394 491775 799493 837566 272250 532808 731024 509685 456191 752240 161969 100159 388675 527344 817082 714901 507801 770404 494785 847051 56049 778138 905587 362353 659509
511382 552083 470373 586046 286507 369583 351380 999999999 426151 504261 483996 453943 459176 448972 277088 255216 358041 113164 427480 343705 68959 541530 355797 498517 422623 365213 207313 407143 154680 321599 478896 645089 565362 518750 355919 156095 490738 41161 448463 402762 189089 560320 672938 453602 274865 518985 362180 485791 481339 318605 346557 307887 192530 378838 94819 245631 304252 265201 287112 493371 308602 141426 449234 374615 528496 391394 447106 594865 491358 463573 442729 170499 626464 687653 332062 393755 496923 516650 533962 137691 346383 430086 510320 527729 401987 219939 435877 592672 249519 466085 368407 170855 457675 149622 548699 295333 499782 557970 285224 313812
926096 686190 813594 307162 520086 643022 731223 426151 999999999 608954 850806 789053 356563 302281 502557 590317 388297 536929 837720 288819 456890 619044 555254 911016 743934 692061 323226 827032 577916 744665 728359 1071046 289154 669260 147037 493801 916871 407945 205266 269298 611246 397592 300842 876613 551346 165843 456630 630726 127448 704560 709789 415098 604995 547483 419886 264806 540980 496900 177441 599682 259751 308443 452487 588372 102558 177817 32551 297427 916963 473067 582403 263141 689182 297875 443272 623747 894925 650455 613955 563421 277645 559266 905220 941560 325833 636981 828511 1018790 204753 332622 191091 397537 543652 290341 636787 679749 648520 437503 690300 355674
657702 1051837 405086 474049 228200 238243 802349 504261 608954 999999999 471971 377987 284763 337708 232099 750014 222154 556564 580273 751471 571495 44900 857662 637384 334568 852353 653700 617838 516264 681540 220378 862424 466865 1019809 667585 369126 759150 465810 437583 783517 603445 335516 630044 672445 778910 546086 840603 54742 731831 768485 813965 220628 482978 129444 594765 650955 218226 243714 453846 985817 354684 434867 905636 878256 678427 436346 600508 498234 777438 924059 65904 545026 123750 668393 189188 898013 576065 49612 38303 530887 747191 74207 573927 664713 289925 640584 855174 840033 598635 316413 418786 339511 65343 451406 45030 751526 63663 285414 487885 262912
206183 952636 68310 867100 355198 251434 555206 483996 850806 471971 999999999 94083 672858 704471 370950 598635 548216 429124 164367 827686 510956 513303 768014 187333 139088 654580 690646 225532 356145 383319 259559 410250 852327 916372 824010 360768 352808 476475 770158 886245 408999 761014 1005474 260130 665961 875266 820577 417830 938419 530896 587971 485119 302993 395124 561652 728462 340204 371657 675546 920294 621906 549408 918377 771069 948820 734450 860446 886819 378500 929558 423386 639121 560691 1035004 473390 771538 113795 436627 508377 382265 830335 436946 106223 207491 640282 427544 553381 404261 719821 699539 708506 453486 488873 570006 502310 528652 414124 723508 216231 545473
292397 958611 28381 783601 277785 164070 586291 453943 789053 377987 94083 999999999 587389 622000 294605 606726 465499 420545 232879 794545 492271 419222 767617 272559 49103 676254 660616 287650 349002 421326 166662 498710 769677 922585 775980 313043 425350 438918 693299 849569 417273 672567 925645 332029 667530 800677 806587 323779 884270 558435 614621 405363 294450 305905 540016 691931 260319 297313 611934 918336 549533 497095 900028 774704 884319 661501 796025 804102 449183 912925 330495 595704 467518 956716 390521 779583 203324 342622 414310 374830 795940 344905 198442 296083 558213 442597 599424 487453 674821 615090 636024 393081 396514 518303 408271 552108 320064 633396 225792 467498
817628 936374 615635 198296 323336 423335 808907 459176 356563 284763 672858 587389 999999999 56448 310422 708931 128739 556542 728838 572213 524401 280788 760077 798461 538333 820714 518400 745456 552368 742127 467325 1005647 187145 910003 454667 402303 872595 419341 160501 584362 626079 103145 349702 802137 708814 263800 704268 323724 484005 775419 805726 196968 546201 284345 521918 490323 334714 313857 251156 857619 164433 329103 741874 788075 407596 179857 340037 220632 883392 762273 285393 403781 339608 386260 200930 816539 754919 333127 277451 553918 564533 263261 758725 829170 57774 662735 887137 968280 422390 31674 173678 306571 225753 333091 300308 752985 339750 103085 596815 153907
839271 902442 649973 163092 350375 458357 800349 448972 302281 337708 704471 622000 56448 999999999 335817 692446 156529 552157 749499 529660 511228 336010 731390 820571 572924 804372 486191 761785 555422 745396 510877 1022012 147865 877356 406905 411636 884348 410791 104053 537742 624298 118782 305698 818018 686432 208734 668579 373914 429670 767455 794263 220382 554800 324532 503284 453201 364297 337427 212762 821917 141770 312287 700454 760503 351163 127866 284618 182353 893528 721045 332989 373851 396036 339975 231534 790345 781098 385297 332400 554302 521399 310167 786025 851575 64269 659977 882559 981955 383460 30622 126268 309639 276666 312754 355363 744300 390455 141496 612652 165610
507364 828863 321426 498909 17532 140484 573499 277088 502557 232099 370950 294605 310422 335817 999999999 518186 182011 324746 419038 565547 342366 272994 632839 488111 246749 620298 449522 439468 288938 465877 233153 698424 483199 795751 513188 137293 572537 241270 399595 609391 375056 407058 634575 496325 549802 506183 628600 208876 607616 539395 583213 115442 263176 103247 370461 460553 38911 11904 325547 767561 255295 241535 704163 651493 594101 366956 506415 517655 586278 721038 167842 353943 355825 664132 110958 669422 445523 239891 265423 301255 563722 158743 450221 518771 271603 412698 632451 664447 423258 334198 341591 130001 197173 262011 277123 521487 222694 379785 293350 174525
530851 354033 612998 814322 523955 577903 150040 255216 590317 750014 598635 606726 708931 692446 518186 999999999 612975 199853 475509 373224 186691 789629 176558 527037 592065 111943 270473 425732 262258 258056 683792 582006 793084 317778 468596 382630 431240 296373 673412 438191 190389 807765 875566 445640 77866 721647 267798 724977 594472 133933 120842 562670 314899 621413 189800 332082 538001 506453 503011 327087 550715 380622 371126 173657 683571 613926 618957 819054 417399 374571 686012 340811 873543 881760 585804 173288 560898 756236 782028 238617 382768 676104 578200 547644 651210 172586 250099 520155 385564 712611 594878 425383 708206 379916 794974 113330 737127 809684 384909 567930
688956 873735 493452 318885 195501 302004 700045 358041 388297 222154 548216 465499 128739 156529 182011 612975 999999999 444925 600102 541535 426284 238640 687229 669832 416434 723250 459906 617153 432545 620876 360604 877219 304333 844455 447789 278720 745643 316929 236208 567839 510528 228251 460938 673897 623573 347057 649660 242828 509958 666034 700888 68415 421884 172572 433547 446175 208280 185154 232801 800522 132669 247094 703282 712344 463480 221040 382019 338803 757168 722697 195464 345359 317874 493545 75005 737482 627242 262203 232540 436765 536060 172060 631506 700584 92800 547946 772940 840535 387111 152325 200573 192247 156973 258122 254412 644740 260561 209294 468786 49079
418765 541286 430946 694969 328625 378216 255382 113164 536929 556564 429124 420545 556542 552157 324746 199853 444925 999999999 341604 418126 92014 597734 347720 408328 399972 296140 280965 310963 73037 208633 484769 536884 674552 505684 455566 187477 381053 143999 559036 482022 75960 659216 785698 352164 249560 631971 391465 528288 583814 221254 259919 386226 127218 427178 143697 332070 341091 313359 399982 497835 414548 252522 490088 357067 638865 502823 558901 704823 380116 500715 491526 276408 680305 800764 404902 366227 419261 559527 590159 46862 423255 483486 434567 435648 500726 108542 330774 482716 351004 566726 479235 252779 519600 262315 601585 200654 539726 651507 214547 405353
90529 824571 218039 911383 407616 342361 406989 427480 837720 580273 164367 232879 728838 749499 419038 475509 600102 341604 999999999 759329 432733 624479 651129 73585 258494 513718 621560 62327 275874 233941 391590 283506 894099 788496 783121 351665 192511 434142 796640 822544 297056 826063 1035425 99150 549216 892801 721605 529744 906835 386894 443393 532067 235782 477545 484874 669294 400335 415017 672609 802548 642064 529405 823816 648858 939602 751620 853149 928094 216786 832195 521929 596516 684644 1059844 529899 643826 85945 554046 618426 298537 764086 529623 103665 104632 686248 304098 393515 260576 676637 751185 725389 457812 581240 547429 617243 389205 530511 796900 147470 583988
836515 397373 812449 585342 580535 689028 523249 343705 288819 751471 827686 794545 572213 529660 565547 373224 541535 418126 759329 999999999 326601 776416 282611 826421 759704 453069 138193 728171 484452 595698 794310 934416 565470 380944 141828 484163 777893 355667 459075 66227 474879 644092 588158 765670 311026 452574 170863 753169 239184 505245 491371 530978 531258 649300 274507 105285 601982 555309 321685 310947 418633 324743 171350 315854 354647 407967 321355 579554 769834 192112 703854 211701 858436 580783 562590 352301 834621 780378 769688 460910 11772 684296 849073 853466 522587 485545 623204 875053 154449 558931 403749 435564 690217 305220 789992 482401 770107 670730 624375 494199
510743 490047 505777 642338 350633 424730 292068 68959 456890 571495 510956 492271 524401 511228 342366 186691 426284 92014 432733 326601 999999999 609376 293205 500140 465766 297393 189071 402973 158746 289973 533964 624689 621364 455938 366411 214170 467969 109960 502816 390164 158046 624556 719959 443573 207548 565095 314461 551221 495452 260715 283144 376838 208677 444970 52212 240384 367266 330465 336032 435950 369750 199435 408551 309782 557570 444356 481000 649591 464870 420872 509211 193776 694132 731708 400957 327066 508854 582257 601795 134490 331496 497288 523709 527609 466875 180405 381880 568902 263601 529773 422856 239803 526018 202737 616112 236499 564725 624253 300538 381395
701202 1086205 445921 461522 270274 282761 845055 541530 619044 44900 513303 419222 280788 336010 272994 789629 238640 597734 624479 776416 609376 999999999 893057 680883 376848 893047 683615 662530 559158 725940 258293 906277 456239 1054651 686428 410286 803930 502382 438608 805579 646178 318177 618331 717020 816394 544519 871766 95813 743850 811106 855939 248549 526834 171690 630636 677648 261433 284390 471337 1018580 370656 464767 933670 914446 683190 443437 608352 486171 822289 952445 109804 572892 85283 657810 218155 935073 618695 79103 7600 573211 771601 114296 616118 707946 294845 683466 899048 884433 622585 311894 427968 374292 87123 480257 19920 793811 99820 265511 532762 283304
707377 196843 776656 825443 642241 716818 299105 355797 555254 857662 768014 767617 760077 731390 632839 176558 687229 347720 651129 282611 293205 893057 999999999 703579 747628 197526 247806 602203 418615 433780 825669 748632 804384 162978 412931 507373 602326 392386 687498 336593 359690 850153 855251 621742 102386 709102 123370 841357 521748 296173 258423 650026 473193 734072 263016 295149 659627 620962 522189 152377 595658 440236 213835 33409 633078 629329 587162 824828 586281 211788 797508 357546 978327 852902 677758 69736 736147 872099 885568 392834 294231 783782 753283 724150 703422 347147 389664 686158 365018 756420 616193 518765 807373 430983 901545 281202 855514 863162 552135 638702
20319 869814 251941 982840 475923 401724 441963 498517 911016 637384 187333 272559 798461 820571 488111 527037 669832 408328 73585 826421 500140 680883 703579 999999999 306757 553297 689211 101820 345401 274018 437918 226720 965786 834089 854422 425108 176320 506580 869423 890302 357585 894561 1108221 94911 602811 966118 780691 585311 978846 426333 481062 602124 307897 540900 552020 738470 467288 484705 746193 853434 714993 602789 883775 698705 1012973 824844 926618 999877 203743 891180 581583 668199 736466 1132945 598588 690705 75354 607820 675179 366936 831577 590927 89000 31227 757045 359441 412299 216931 747980 821461 798597 531100 642983 620687 672293 432298 584505 863834 220938 655273
326973 940894 77303 734498 229743 114999 583821 422623 743934 334568 139088 49103 538333 572924 246749 592065 416434 399972 258494 759704 465766 376848 747628 306757 999999999 667991 627654 307793 330724 424901 133098 533433 720585 905117 735417 275839 448829 404407 644766 813132 405262 623944 876700 356602 649126 752463 780017 281049 841375 554358 609501 356611 277211 257350 511640 656094 211807 249968 566583 896926 501978 456018 871148 756643 838322 613692 750143 755008 471188 884764 284400 557542 429725 907919 341467 763678 241955 301893 371585 355759 760582 297876 239363 332454 509164 433603 605112 517766 635697 565994 588338 349675 349785 477337 367010 545935 278822 585286 221682 418948
553022 320320 678633 924946 624671 667590 114599 365213 692061 852353 654580 676254 820714 804372 620298 111943 723250 296140 513718 453069 297393 893047 197526 553297 667991 999999999 369018 456738 347737 280541 770092 563128 903682 285783 563191 483279 426014 406322 783981 514646 264327 919691 981974 463147 143455 828873 316184 824364 684920 127182 73009 671299 395654 723078 301463 429120 637203 608768 613412 322064 662649 492557 411293 175659 781940 724433 721709 929150 406353 409123 787518 449426 976099 986487 693405 152610 599368 855589 885457 327503 463730 778961 617218 568844 763014 234399 193872 500630 488083 824546 705841 534099 813311 491782 897383 125945 835610 921260 450487 678752
699721 418133 677542 578144 463041 564097 416864 207313 323226 653700 690646 660616 518400 486191 449522 270473 459906 280965 621560 138193 189071 683615 247806 689211 627654 369018 999999999 591727 346359 466553 671642 805257 557019 391669 198639 354080 648216 223749 439736 201094 341084 604893 617126 630852 228285 466820 189754 648068 326403 393770 391217 435085 393116 541250 137344 61789 483683 438494 275107 341404 354657 218943 254713 278816 413648 381528 353311 578263 642056 271980 600182 115631 768029 619180 465593 311578 696457 677012 676457 323033 142531 582697 710883 716612 463095 355285 516447 747205 121106 512305 368738 321170 596493 203671 695055 369518 664171 621137 486203 410854
108836 770801 275485 921772 429987 379946 347947 407143 827032 617838 225532 287650 745456 761785 439468 425732 617153 310963 62327 728171 402973 662530 602203 101820 307793 456738 591727 999999999 252506 176200 440125 260334 903686 734909 762331 354162 142280 419482 801413 792614 256622 845020 1039472 56860 501202 893232 678982 569289 888474 329571 385458 548738 222516 508026 454384 642729 425631 433936 667864 752474 646592 520884 782160 597947 929486 753410 844518 937211 163496 789442 556996 577631 726819 1061794 550065 590915 144106 595167 656140 271950 733697 562522 162003 125918 699718 257623 331287 225520 656245 765922 727411 460812 613155 537465 656730 333696 571591 819252 149133 596443
357542 610423 358566 706435 289271 319853 286157 154680 577916 516264 356145 349002 552368 555422 288938 262258 432545 73037 275874 484452 158746 559158 418615 345401 330724 347737 346359 252506 999999999 190066 423224 493978 686758 574557 509990 156479 342457 170526 575618 547052 87379 655480 808887 299313 318837 657716 464434 482854 635975 252434 300236 368602 54638 387480 210868 393437 298059 278541 427068 569550 424511 277431 562652 426243 680468 522472 597166 718573 346361 573518 450416 325178 639211 827271 382319 433009 350274 513768 551694 26215 488835 445334 365002 374072 499150 124323 344483 444109 403795 566364 497488 246364 486100 291638 560921 236598 492709 641771 142365 398549
275505 595797 417835 895150 462700 458997 173323 321599 744665 681540 383319 421326 742127 745396 465877 258056 620876 208633 233941 595698 289973 725940 433780 274018 424901 280541 466553 176200 190066 999999999 545722 338935 875238 560092 655084 342435 182195 349115 762334 661795 133435 845183 992432 188103 335580 839389 521482 641143 784537 153386 209537 555551 202764 556883 334759 524185 466806 456744 607371 581507 613138 458486 625430 426525 846199 707626 767209 906596 175735 630496 616157 482533 801047 1008538 566714 417036 319187 670659 718757 192651 602970 615032 337075 291933 689180 111394 180686 280710 553477 756414 683271 436418 660195 469769 724774 158284 647984 830144 205726 588234
457971 1022039 191271 665423 216597 109394 695567 478896 728359 220378 259559 166662 467325 510877 233153 683792 360604 484769 391590 794310 533964 258293 825669 437918 133098 770092 671642 440125 423224 545722 999999999 664543 654358 987125 746324 322810 581615 451164 596804 840742 505991 539756 815976 489621 732198 707589 840846 165762 838233 664244 717199 315558 374576 188037 573150 689025 194697 241914 553620 969848 471634 472936 924028 838912 814656 576897 728783 687957 603620 939636 186179 583805 301132 850852 291028 850470 369938 179711 254221 445529 793235 205978 364974 462347 450719 538392 726349 650542 655535 497689 553672 360647 252743 493819 245398 652902 158552 494764 339997 378274
206589 878739 476930 1181593 688148 625222 451256 645089 1071046 862424 410250 498710 1005647 1022012 698424 582006 877219 536884 283506 934416 624689 906277 748632 226720 533433 563128 805257 260334 493978 338935 664543 999999999 1163317 845901 991100 612947 157082 664495 1059343 1000566 466751 1104831 1296548 204004 659089 1148239 849804 810966 1120043 452699 493212 808815 475470 760969 671892 862219 682272 693361 919697 884862 904809 770620 952987 733885 1173494 1009806 1090977 1196679 165342 955638 805063 813086 963089 1317468 809297 715159 296561 834040 900414 507626 941811 813086 304910 202927 960041 449990 376211 62581 887576 1026251 984042 719120 864742 785482 898193 469673 810653 1077902 409411 856743
984224 958008 797696 21291 497996 605879 913431 565362 289154 466865 852327 769677 187145 147865 483199 793084 304333 674552 894099 565470 621364 456239 804384 965786 720585 903682 557019 903686 686758 875238 654358 1163317 999999999 937072 427041 550582 1022204 530629 119701 555955 749105 148108 163321 959433 775197 132163 723321 509108 403845 881822 902587 367869 691614 470050 604012 511434 512139 484396 290295 873349 262249 424046 734919 835780 291934 179258 260195 34494 1029857 755718 472281 456255 500945 201707 379330 868509 927981 516127 454164 682646 555297 450322 933220 996889 212053 783089 1001067 1121201 440257 156720 198747 445353 411083 418663 476153 857782 524580 202223 754768 310822
835278 36268 929923 957671 805214 878579 400370 518750 669260 1019809 916372 922585 910003 877356 795751 317778 844455 505684 788496 380944 455938 1054651 162978 834089 905117 285783 391669 734909 574557 560092 987125 845901 937072 999999999 522290 670079 711757 555068 823874 416192 507997 995873 969099 746328 256127 831166 214017 1004173 609988 409482 358533 810132 628662 896797 425629 427215 822597 783879 665169 79872 745999 597556 239423 148630 732999 767688 701808 954332 691744 223848 960078 506414 1139934 961227 838442 145081 874397 1034867 1047193 549360 392401 946062 891988 851477 854403 489403 470602 783717 498632 903829 757411 680515 968610 586617 1063502 401812 1018404 1012796 702483 795579
867262 539192 797489 446425 529920 648455 615502 355919 147037 667585 824010 775980 454667 406905 513188 468596 447789 455566 783121 141828 366411 686428 412931 854422 735417 563191 198639 762331 509990 655084 746324 991100 427041 522290 999999999 464515 834335 351357 326160 131584 524396 516320 447106 806838 420093 311049 310137 678263 129600 592126 589435 452907 547512 581462 320406 136855 551815 504754 215349 452764 316482 279442 308155 446287 220896 280362 179586 439435 830624 328914 628422 187097 764370 441423 484210 482214 850074 702583 680309 490678 130755 606834 862573 883639 410827 544036 715037 935046 106485 437193 281337 388982 603392 258100 702029 567749 695890 548173 638992 404681
442022 704213 333433 569124 141533 213535 437501 156095 493801 369126 360768 313043 402303 411636 137293 382630 278720 187477 351665 484163 214170 410286 507373 425108 275839 483279 354080 354162 156479 342435 322810 612947 550582 670079 464515 999999999 472731 130465 447302 537326 240155 504840 685608 409314 419088 541257 518104 342347 577662 403300 446135 213141 143916 239801 250551 380282 155512 125987 322959 648426 292451 188742 603088 523417 594003 400376 506263 583803 482085 618103 304255 282667 492875 708845 225854 538831 402008 373607 402715 165638 484844 296020 411727 456261 351859 278016 500774 570844 362071 419107 374215 106768 333150 209245 414153 384816 354612 487855 206565 248928
164332 746023 410226 1041135 564533 521681 311532 490738 916871 759150 352808 425350 872595 884348 572537 431240 745643 381053 192511 777893 467969 803930 602326 176320 448829 426014 648216 142280 342457 182195 581615 157082 1022204 711757 834335 472731 999999999 512260 914707 843989 309942 973852 1150085 93442 508975 999823 698395 711141 963416 306997 353598 677529 330602 646793 514871 705144 562085 565943 769520 743904 761248 619885 802093 590367 1019142 863232 937615 1054961 27662 805811 697591 657459 868995 1169354 681808 574982 248991 737263 797449 354057 785155 702224 264389 174417 824023 292990 255672 101951 731179 891047 837839 576869 752246 633787 798496 321181 713694 951208 279277 720684
520646 587866 457255 551099 251850 342480 390017 41161 407945 465810 476475 438918 419341 410791 241270 296373 316929 143999 434142 355667 109960 502382 392386 506580 404407 406322 223749 419482 170526 349115 451164 664495 530629 555068 351357 130465 512260 999999999 415085 411230 219203 520921 643320 468669 314415 490441 390670 449167 472936 356856 386558 266937 198733 341729 129443 253321 270596 229475 258594 526536 271513 109373 473154 412448 510492 359181 426703 560827 514776 488523 405135 164368 587472 659777 291487 432712 498843 479810 494834 158721 357037 391748 511226 536562 362388 252494 472242 614105 245388 427068 335369 130159 417970 121627 510024 333998 463593 517565 288336 272936
887157 846145 720548 140968 415924 532592 794817 448463 205266 437583 770158 693299 160501 104053 399595 673412 236208 559036 796640 459075 502816 438608 687498 869423 644766 783981 439736 801413 575618 762334 596804 1059343 119701 823874 326160 447302 914707 415085 999999999 457587 634223 192936 238798 856242 655908 110970 610976 470137 331338 763484 783336 288530 584690 408767 484458 396822 432991 398502 170606 762631 154869 307067 630182 718503 247152 59572 184078 146778 920948 650992 426390 336907 500063 265250 307693 750757 837150 483963 434684 569774 449615 403060 843893 900648 149275 667408 883475 1014856 325369 132362 80110 340601 374671 300421 457726 739314 487214 232495 653646 225818
900737 427881 868414 574819 625081 737452 588100 402762 269298 783517 886245 849569 584362 537742 609391 438191 567839 482022 822544 66227 390164 805579 336593 890302 813132 514646 201094 792614 547052 661795 840742 1000566 555955 416192 131584 537326 843989 411230 457587 999999999 540240 647879 560428 830849 373937 435100 217411 789247 193799 570724 555462 564574 592592 687868 338341 157957 646815 599705 339182 340955 439601 367988 185685 369202 318530 411737 300882 566326 836032 205764 739521 257523 885701 548768 596266 405543 896741 815290 799136 524009 59088 719003 910903 917645 538526 551498 687883 941256 187145 567879 411748 480199 720652 347381 820198 548056 806538 679166 685815 522281
365428 544225 422796 769393 376054 404907 198905 189089 611246 603445 408999 417273 626079 624298 375056 190389 510528 75960 297056 474879 158046 646178 359690 357585 405262 264327 341084 256622 87379 133435 505991 466751 749105 507997 524396 240155 309942 219203 634223 540240 999999999 729103 861607 290894 257370 707926 424553 570226 653496 165090 213364 448870 131418 474489 205568 396262 385295 364393 475927 512065 488211 328172 526945 362076 712848 578348 633796 779684 307087 535145 537630 349355 726501 876720 464739 363677 380003 601126 638696 74655 481152 532203 396601 382519 571124 37878 262455 410883 421492 637702 554566 319969 572166 338250 648155 149434 580014 718842 194525 473370
914002 1020692 700947 147976 418666 509678 910847 560320 397592 335516 761014 672567 103145 118782 407058 807765 228251 659216 826063 644092 624556 318177 850153 894561 623944 919691 604893 845020 655480 845183 539756 1104831 148108 995873 516320 504840 973852 520921 192936 647879 729103 999999999 303621 901817 804088 266257 786473 383186 522248 877496 906772 296547 648653 366664 619408 570894 427878 411577 330847 939698 257973 427152 815344 879198 424995 236623 374350 172939 985148 836040 353634 492608 355325 344585 296165 908886 848009 385078 317177 657046 635371 334103 850817 924990 158640 765679 989920 1068731 500616 95237 240968 409709 287814 429187 337972 854863 396930 54836 696915 256954
1125946 984815 953360 156858 650293 762748 1008199 672938 300842 630044 1005474 925645 349702 305698 634575 875566 460938 785698 1035425 588158 719959 618331 855251 1108221 876700 981974 617126 1039472 808887 992432 815976 1296548 163321 969099 447106 685608 1150085 643320 238798 560428 861607 303621 999999999 1093955 844670 154932 757205 672396 376294 978743 991702 520697 821228 630207 693011 561928 666015 634421 385836 897954 393456 533947 746091 888204 246553 286906 268519 132162 1155184 766183 635093 535556 658922 42370 535573 923241 1075339 679366 616517 800977 576733 612925 1081747 1139446 368211 892791 1101402 1250851 496055 318691 312527 578841 574354 523400 638250 954059 687899 358409 892110 460077
90556 781740 316794 977648 486801 434261 350362 453602 876613 672445 260130 332029 802137 818018 496325 445640 673897 352164 99150 765670 443573 717020 621742 94911 356602 463147 630852 56860 299313 188103 489621 204004 959433 746328 806838 409314 93442 468669 856242 830849 290894 901817 1093955 999999999 522781 946828 705965 623224 934094 337023 390396 605483 274378 564126 493955 683956 482273 490790 720100 769554 701529 572138 809757 614572 979161 807536 894954 992858 118424 815804 612227 623858 779859 1115700 606922 604313 160769 648547 710728 316530 771776 618235 177401 105830 756125 285277 317395 168997 701316 822435 781630 515740 669087 588087 710750 345159 624967 876110 205498 652794
607209 291789 675830 796482 557695 624183 218876 274865 551346 778910 665961 667530 708814 686432 549802 77866 623573 249560 549216 311026 207548 816394 102386 602811 649126 143455 228285 501202 318837 335580 732198 659089 775197 256127 420093 419088 508975 314415 655908 373937 257370 804088 844670 522781 999999999 693036 191182 758591 541475 208205 182926 579654 373180 652508 190042 287131 573760 537905 485898 254723 546251 380780 293914 107533 639494 596465 581584 798902 494796 296884 716759 319001 901309 847409 605400 119784 634053 789670 808826 293436 321423 704707 651133 624080 651188 245124 316735 597062 348860 709027 579881 444207 732357 375729 823449 189513 771907 811272 450305 576382
983232 849462 827608 146994 522897 641340 853344 518985 165843 546086 875266 800677 263800 208734 506183 721647 347057 631971 892801 452574 565095 544519 709102 966118 752463 828873 466820 893232 657716 839389 707589 1148239 132163 831166 311049 541257 999823 490441 110970 435100 707926 266257 154932 946828 693036 999999999 617452 580237 272899 823824 837194 397464 672882 519563 538217 414099 540744 504241 232046 763381 253850 381214 618120 741636 160549 141732 134357 133569 1004012 638745 537035 381153 601305 169555 417855 776011 937726 593166 541036 648734 441691 513753 945318 997313 259811 738630 946473 1101063 345904 233089 168004 435020 484053 369728 563962 799147 597168 315712 747516 334189
787010 235182 819470 743853 640682 731636 408358 362180 456630 840603 820577 806587 704268 668579 628600 267798 649660 391465 721605 170863 314461 871766 123370 780691 780017 316184 189754 678982 464434 521482 840846 849804 723321 214017 310137 518104 698395 390670 610976 217411 424553 786473 757205 705965 191182 617452 999999999 832055 407812 399342 370103 623521 517989 724494 269138 215645 660270 617113 455818 153409 541900 407207 103948 154270 525507 555559 489131 740335 685114 110596 785131 304868 956494 751059 653612 190004 804016 861658 864529 438316 182603 768605 820310 804065 650089 421763 503780 787927 286565 695966 546502 503777 784703 392929 882641 380565 847636 806299 605594 600607
605628 1037029 350711 517658 201271 189488 768696 485791 630726 54742 417830 323779 323724 373914 208876 724977 242828 528288 529744 753169 551221 95813 841357 585311 281049 824364 648068 569289 482854 641143 165762 810966 509108 1004173 678263 342347 711141 449167 470137 789247 570226 383186 672396 623224 758591 580237 832055 999999999 750723 735176 782548 225468 445929 107771 578596 650512 187222 220780 468018 974075 372223 431100 902033 860322 705639 462839 624839 541380 730169 919843 49860 543472 160151 709742 194057 878254 522882 31264 90590 499311 749699 71903 520352 612237 320918 606738 817114 790033 602647 355295 443235 328279 98066 449184 87546 719316 17826 334911 443538 277076
992280 621163 907248 419744 624959 746834 742645 481339 127448 731831 938419 884270 484005 429670 607616 594472 509958 583814 906835 239184 495452 743850 521748 978846 841375 684920 326403 888474 635975 784537 838233 1120043 403845 609988 129600 577662 963416 472936 331338 193799 653496 522248 376294 934094 541475 272899 407812 750723 999999999 720137 715188 530232 671084 662518 449946 264962 646506 600618 285560 534380 378536 389051 376755 555021 129815 304961 147898 406065 960000 395976 701693 310908 815428 360011 559831 591460 971091 771837 738545 617586 227528 678890 982911 1008464 452183 673563 842498 1064297 232898 459959 316796 491705 666498 368417 761228 695918 768549 563832 761249 473822
426480 444773 558732 902733 540879 566635 34254 318605 704560 768485 530896 558435 775419 767455 539395 133933 666034 221254 386894 505245 260715 811106 296173 426333 554358 127182 393770 329571 252434 153386 664244 452699 881822 409482 592126 403300 306997 356856 763484 570724 165090 877496 978743 337023 208205 823824 399342 735176 720137 999999999 57086 607365 292347 639435 286509 455406 550370 528541 596445 437178 627183 458456 501547 283370 801497 705071 731358 910261 290184 503391 702691 445185 891586 988653 625364 269056 472407 766022 803610 238140 514405 697033 490275 442473 718865 128516 123952 390330 501498 783895 683478 473800 736251 463186 813221 24833 744766 871820 333463 625698
480425 393229 615341 923697 585810 617855 42190 346557 709789 813965 587971 614621 805726 794263 583213 120842 700888 259919 443393 491371 283144 855939 258423 481062 609501 73009 391217 385458 300236 209537 717199 493212 902587 358533 589435 446135 353598 386558 783336 555462 213364 906772 991702 390396 182926 837194 370103 782548 715188 57086 999999999 644731 343536 684579 299784 452877 596480 572060 614083 391856 652879 482556 469562 241113 803919 724232 737958 929826 334521 469410 748410 456148 937475 999272 664431 222233 528724 813576 848396 283339 501290 741659 546612 496155 748533 178979 133995 430634 505148 812305 703841 509064 779113 484953 858878 64323 792747 904050 389250 658712
621145 840852 432891 383474 130163 244071 641547 307887 415098 220628 485119 405363 196968 220382 115442 562670 68415 386226 532067 530978 376838 248549 650026 602124 356611 671299 435085 548738 368602 555551 315558 808815 367869 810132 452907 213141 677529 266937 288530 564574 448870 296547 520697 605483 579654 397464 623521 225468 530232 607365 644731 999999999 355237 132515 390438 430367 145324 117542 245092 771332 156339 216340 685557 673216 499191 262310 413821 402342 689320 704181 175608 324755 333006 551357 31702 696203 560886 250757 241426 374509 526865 154512 565662 632956 156162 486574 711197 772187 378688 219356 238469 137297 161429 231733 260469 586837 243034 275346 400401 63497
321932 664590 303946 710599 260500 274421 324988 192530 604995 482978 302993 294450 546201 554800 263176 314899 421884 127218 235782 531258 208677 526834 473193 307897 277211 395654 393116 222516 54638 202764 374576 475470 691614 628662 547512 143916 330602 198733 584690 592592 131418 648653 821228 274378 373180 672882 517989 445929 671084 292347 343536 355237 999999999 356204 260138 436908 265908 253980 445757 624187 430794 298369 615384 480493 707348 534396 622084 724362 338779 626651 417161 360763 604484 842023 364751 486579 304657 476345 519511 80711 535019 414451 318434 337829 495610 164597 372217 430200 441033 562903 508701 246324 458346 315062 527006 279239 454492 630554 93226 392821
560972 929519 334285 482390 98773 143837 673371 378838 547483 129444 395124 305905 284345 324532 103247 621413 172572 427178 477545 649300 444970 171690 734072 540900 257350 723078 541250 508026 387480 556883 188037 760969 470050 896797 581462 239801 646793 341729 408767 687868 474489 366664 630207 564126 652508 519563 724494 107771 662518 639435 684579 132515 356204 999999999 471170 545754 90296 115037 377099 866306 288153 325569 795583 753453 630014 390121 545497 504097 663181 813186 64599 438499 253145 664209 104752 772004 487462 138121 164216 401623 646310 58248 488564 570129 263257 511782 728202 733067 500760 313567 367577 220769 105529 344311 174437 622257 123149 328432 369952 192877
562402 458459 554467 625209 380526 463770 315258 94819 419886 594765 561652 540016 521918 503284 370461 189800 433547 143697 484874 274507 52212 630636 263016 552020 511640 301463 137344 454384 210868 334759 573150 671892 604012 425629 320406 250551 514871 129443 484458 338341 205568 619408 693011 493955 190042 538217 269138 578596 449946 286509 299784 390438 260138 471170 999999999 190710 398661 358625 314566 398580 361734 192818 360017 283833 518845 425118 445741 630603 510413 373194 534503 158702 715854 702226 416960 305784 561045 609252 623120 186702 279559 520820 575864 579305 464148 223631 410098 615075 220684 524173 405501 256572 545456 190532 638776 261705 592959 623691 352395 386497
749854 450447 710560 532294 475418 583845 478648 245631 264806 650955 728462 691931 490323 453201 460553 332082 446175 332070 669294 105285 240384 677648 295149 738470 656094 429120 61789 642729 393437 524185 689025 862219 511434 427215 136855 380282 705144 253321 396822 157957 396262 570894 561928 683956 287131 414099 215645 650512 264962 455406 452877 430367 436908 545754 190710 999999999 496819 450229 240497 368804 330084 220412 257108 327558 352863 340490 295676 530595 699904 276598 601488 107278 760723 562130 461769 361951 741534 678232 670751 371559 104778 582467 755311 766594 437344 412792 578199 804862 71454 480904 330884 330552 590904 201465 690503 431094 667261 591721 530057 397838
