NAME : synthetic_000465
TYPE : CTSP-D
DIMENSION : 100
GROUPS : 8
RELAXATION_LEVEL : 1
EDGE_WEIGHT_TYPE : EXPLICIT
EDGE_WEIGHT_FORMAT : FULL_MATRIX
EDGE_WEIGHT_SECTION
999999999 999886 86728 904029 41634 1040060 237276 862561 443169 266817 685937 627744 742434 661616 506914 963297 258073 772350 148618 1001739 773905 848066 625591 631464 560654 488128 592290 122899 308335 259881 504910 815694 259247 405030 554876 497552 847349 226882 479703 529829 279953 407404 533219 839327 796217 890908 608430 293306 330920 435647 443296 351730 245832 549640 873111 907920 136421 483097 110755 826606 390994 358362 180513 464194 411399 966233 319686 554260 193451 596598 80901 250441 662231 719615 475246 554975 932977 201034 480635 443172 155201 106342 680668 280657 192225 347006 858380 572069 805461 461913 636772 299432 869237 518827 632000 1009338 307586 546607 564290 978056
999886 999999999 1048192 513162 1011819 126646 1091087 330100 1158291 735015 813452 945812 599439 341762 520614 558875 942727 584668 931036 235401 240786 421157 420312 444524 902090 1203489 657929 882872 983930 740131 1085728 419160 815252 664822 501647 528383 225449 787846 528395 704251 742430 930546 1127058 242708 676653 113247 999168 930466 671351 574517 580249 855746 754192 525589 192244 382427 968723 691803 997227 196184 672974 651895 879103 545186 951971 57778 709162 1037868 850590 554182 918996 844649 339385 811803 862682 448738 485062 807488 647490 808891 1027801 943016 366186 982371 832832 838803 431955 514700 417288 587570 560588 874541 321166 676590 469401 95293 951778 455522 435950 159018
86728 1048192 999999999 909775 48201 1096220 155351 931037 364460 327172 658271 582676 740224 706963 540464 965377 343455 771350 134187 1065149 816162 863200 690319 657567 520357 407323 587443 167882 252796 315975 437847 831832 342380 421293 623543 562373 882777 261019 539030 521166 352028 492997 462476 873358 784924 941770 556146 252056 389779 497087 476820 438416 298939 572172 910421 925963 221391 480555 65708 868143 467017 422218 265455 504798 362379 1017924 347353 495284 206393 673304 145824 244393 714611 692454 441574 599736 941518 270923 559996 529518 85854 192998 714070 225749 270064 325689 872256 643951 822126 532799 643794 273737 937257 515854 653646 1064040 392310 600915 612842 1036962
904029 513162 909775 999999999 893994 638051 876152 738457 850052 708216 383771 539407 182077 438348 445990 69799 984797 150091 775681 723539 389201 108907 635409 319994 528224 882244 329918 785376 731389 698272 740139 133521 850279 500585 679795 647054 315129 684131 606594 398999 757363 1049019 773287 299790 203151 504211 602607 693535 667148 636397 495654 952491 699461 373793 338591 130910 945685 430652 844878 381383 766604 680485 874167 505751 649582 542072 592276 666843 711540 788342 834793 665390 503435 366219 538767 474666 42561 777481 809787 957495 850849 902505 334484 744158 817149 597861 93368 718130 143487 708830 267286 649694 734002 396372 300090 602159 1017871 546909 496878 645683
41634 1011819 48201 893994 999999999 1056540 195649 886584 401792 284692 660903 595942 728481 671567 510078 951610 299591 759000 123993 1022588 782281 842474 647049 631026 530457 446559 576820 128947 272038 274989 465958 810553 294180 398851 578841 518929 852110 228610 497578 512464 305881 448826 493388 843338 778280 904222 574087 261531 348116 454760 446234 391482 258971 547179 878903 903829 178044 468313 73059 834643 420002 378851 217431 471077 377665 980073 318826 517681 183215 626240 99864 232235 676208 694844 447300 564413 924298 225106 512295 481983 114345 146263 684134 244362 222397 323297 852186 598232 800565 487292 626910 273534 892965 503981 629291 1024947 349190 561554 575903 996142
1040060 126646 1096220 638051 1056540 999999999 1154342 264082 1239072 773279 923317 1049244 714355 406089 591139 685125 951616 701877 987259 126234 327122 543095 426452 536389 1000965 1286020 759044 928596 1058155 781610 1175326 538418 832671 738296 507069 548772 339196 840217 560474 799471 769844 919425 1217437 356657 795202 170206 1099877 1003474 709232 605214 645608 854324 797692 610511 308174 507686 992897 780672 1050161 294379 684919 683272 903070 604776 1036765 101886 769686 1133205 907085 533767 959949 909835 383023 924072 954211 507441 610961 841659 641452 795381 1084965 972573 456318 1053795 862006 916342 554663 509781 535530 599921 663749 947423 254105 769480 564939 38983 953947 495306 487899 74866
237276 1091087 155351 876152 195649 1154342 999999999 1017554 209672 419183 573566 470947 697177 751514 570657 924101 495094 729437 176353 1138944 851787 847506 773064 668516 419423 251979 546235 266758 150182 402412 295282 818775 474300 430402 716044 648985 903921 322709 616038 477155 461655 644078 314476 892099 724544 991430 433347 182695 474196 579872 511144 582534 382755 580852 934505 914053 373693 450668 139644 901165 579317 513226 404266 549684 256483 1068007 384658 363562 251561 782449 270385 246470 772309 607473 357806 647185 912176 382926 677544 669871 89194 339807 736180 132675 394664 280020 854066 742756 810292 632435 621007 230787 1022680 482474 656703 1119571 544823 666032 666741 1101529
862561 330100 931037 738457 886584 264082 1017554 999999999 1140133 605075 926467 1023137 751414 351778 510102 800019 729411 750226 842092 161852 351360 630330 244553 518002 961958 1190191 741995 765553 949485 618832 1101792 612080 626338 647302 307806 369928 427645 694881 401946 761099 582690 675570 1144736 441106 843804 256652 1062625 894290 545159 438086 545304 622124 637669 562427 412265 622458 790871 725585 895914 358708 478302 509413 703818 496788 955482 272449 646412 1077821 766329 293302 786790 787507 292305 936837 895409 413980 724632 662017 412063 551733 937880 779594 449138 938745 672859 822516 645388 293143 604786 400953 661976 840674 10024 726625 552260 259785 723456 363859 383843 190558
443169 1158291 364460 850052 401792 1239072 209672 1140133 999999999 574728 491200 351017 668661 834011 649300 884874 698408 700172 344826 1243446 918447 847779 898549 715417 329333 51116 535335 444705 191992 554832 129044 824202 660168 502313 854455 784070 950051 465425 742798 472057 629109 845808 124759 935676 668225 1070082 295095 246415 618246 714804 600581 777270 535086 632704 983111 916211 578674 470017 336771 962437 743446 660548 597965 646899 209554 1144889 494553 215065 397064 936710 462104 357064 869230 521333 314669 739473 890387 557520 843573 859553 288397 541096 792294 207628 578007 323236 850579 886996 817855 781774 627793 299469 1143838 491699 694527 1201896 748806 776996 765084 1195514
266817 735015 327172 708216 284692 773279 419183 605075 574728 999999999 598039 603742 574925 400715 270296 774164 277993 599676 243154 738089 514989 633032 363222 402444 529527 625764 446178 160500 386356 21342 577711 599641 150310 231921 298992 235488 595943 111084 213166 404135 67003 369723 617454 590010 650126 625047 612126 337365 64122 170088 213372 273779 39921 334626 618916 685067 247762 347762 291346 567961 169464 95701 167245 216345 438404 699988 143339 589327 177763 364844 186751 226209 396257 626899 438036 296531 729718 75475 269443 323155 335295 212988 435751 367421 110875 310386 645719 323768 588651 213253 453005 297610 611016 378038 412664 742536 315628 280259 301518 711812
685937 813452 658271 383771 660903 923317 573566 926467 491200 598039 999999999 156206 221519 574689 444650 404505 856619 245827 537950 972426 604517 417876 732907 408995 162789 515370 187753 592701 424188 579400 369860 406172 745786 372891 734983 673644 588013 518233 622299 198350 663763 966973 397967 570746 184477 759193 219958 407748 591366 625789 446457 871768 569464 372610 621297 481518 775454 253860 594405 629433 730581 625333 732928 488337 318543 821458 454704 289662 505589 847219 640434 439380 636297 34254 218169 531834 426259 641860 811632 914558 580258 727439 483033 445856 681735 338995 414457 777053 404554 712858 266240 387381 925926 230617 375124 884391 901864 604203 564007 904601
627744 945812 582676 539407 595942 1049244 470947 1023137 351017 603742 156206 999999999 370934 675562 518233 560450 833920 397907 481021 1086601 723968 566731 809404 517744 74231 368483 290497 556524 331506 583031 223775 551706 741038 407707 796590 729471 721465 505558 678728 262067 670657 959966 246490 704670 340590 881274 63924 334603 613645 671736 501105 869957 568808 460870 755335 632282 736854 302536 524178 755300 757082 652988 711597 548655 220507 948112 467006 138911 471961 903315 598893 403424 730970 179686 166436 612896 581805 630769 847995 926889 498472 689473 596670 357600 667219 301293 564769 837230 548733 756893 385797 335898 1023855 296768 486478 1010296 882538 677381 644662 1023405
742434 599439 740224 182077 728481 714355 697177 751414 668661 574925 221519 370934 999999999 408361 340448 227186 852381 32342 607124 775297 408925 196508 593107 247666 350675 701894 153116 628289 550902 561534 561225 185277 723492 349766 616989 568749 375454 531699 521107 221298 631895 934886 595863 357983 94333 556294 432186 515068 544991 540197 373432 837077 558963 258880 407628 261355 798555 260199 674696 424738 664510 567151 735014 398261 467508 612751 444434 491135 549009 730941 678353 496828 475275 214170 356701 401581 221764 637709 725722 857485 676734 753085 303564 564711 678561 421366 193873 658590 184517 622421 125035 473873 749269 224605 215092 675795 890395 478866 430824 703202
661616 341762 706963 438348 671567 406089 751514 351778 834011 400715 574689 675562 408361 999999999 185104 507078 637344 412286 589387 416177 114989 332715 197063 166738 617927 881570 390794 542726 652068 403343 776298 304891 502145 332342 248250 234373 206522 446276 212136 414796 418992 660069 818944 205686 502479 240044 718717 597399 338870 255867 240613 571170 415969 216202 223448 355445 643328 385772 655473 167794 377156 327328 555733 203474 634452 316545 367978 741744 508914 351601 580801 505637 67486 585417 559598 107236 438956 475316 391318 551382 686345 612782 107616 647892 504904 510877 348625 283388 294873 300637 310784 541342 351332 381440 201154 369849 656538 136071 99852 362147
506914 520614 540464 445990 510078 591139 570657 510102 649300 270296 444650 518233 340448 185104 999999999 514158 541619 358374 415465 596341 281219 364081 291857 132259 453742 697203 258340 384267 467049 264676 596071 330690 405625 147256 290886 233327 342341 281521 183326 258162 312980 603990 638949 333271 429168 423986 553908 412510 222519 199761 63844 506984 271034 81765 370122 414786 516751 216714 484180 331306 325858 234647 437385 59979 452098 500062 193456 567919 336079 404160 428308 324189 223273 463523 385368 96129 463737 344134 385847 518899 510434 478396 174066 463382 381168 326067 377329 333100 319591 282706 216541 356429 511875 222918 146014 554682 572674 160607 127011 546233
963297 558875 965377 69799 951610 685125 924101 800019 884874 774164 404505 560450 227186 507078 514158 999999999 1051363 195152 831681 776796 453304 175281 704107 389336 558058 914233 379898 846054 777113 763616 770120 202267 917450 562127 749377 716848 373509 745967 676270 448420 824537 1117725 800904 359198 220104 560022 624333 742179 734519 705748 562374 1021007 764111 440467 394019 180596 1009387 484853 900068 441526 835836 748791 939441 574042 689712 592260 654988 693081 770136 857588 895766 721222 571665 382082 578601 544432 75960 842459 879575 1026974 903488 965582 403901 791532 882427 648466 159356 787556 212546 778557 327630 700894 795179 449728 368558 650548 1085168 616695 566670 698192
258073 942727 343455 984797 299591 951616 495094 729411 698408 277993 856619 833920 852381 637344 541619 1051363 999999999 877514 369272 885240 751037 905622 526603 673252 761332 744681 719264 279106 544651 290864 747518 872250 137249 505533 445082 415348 842774 338395 425651 670967 228779 149560 779792 839829 925344 829480 827365 514626 319149 381499 489145 117916 294706 611039 860763 953936 122072 615746 361677 802657 269759 314811 123807 483611 633585 897984 411917 784953 361967 437568 243773 430515 611643 887711 669526 545350 1004802 217166 317351 211943 410335 157624 695095 518157 176259 533377 918947 443290 861128 355280 730958 499357 737889 648444 686816 927755 50775 502278 539628 881127
772350 584668 771350 150091 759000 701877 729437 750226 700172 599676 245827 397907 32342 412286 358374 195152 877514 999999999 638034 767354 403749 173349 601052 256745 380557 732951 184802 657361 583239 586879 591717 166502 747424 377017 628851 583228 362729 559813 536654 253272 655375 956954 625858 345290 94807 547081 459869 547266 567580 557881 395087 859210 584987 277610 393967 235717 826141 290962 705884 415659 683816 588178 761149 417168 499604 600724 471484 520516 578899 742327 707373 527651 479659 235153 388717 413713 190261 663781 741940 876922 708465 781008 305696 596996 704501 453314 168879 670058 167458 638675 147001 505756 747661 255515 225905 663602 914724 490789 441912 693939
148618 931036 134187 775681 123993 987259 176353 842092 344826 243154 537950 481021 607124 589387 415465 831681 369272 638034 999999999 966375 695006 729480 597800 527461 412786 394699 454736 99932 175529 226090 378758 698296 315533 289096 539732 472965 756470 148429 441311 389451 289108 510766 412467 746264 654780 827717 465340 148687 297951 404087 352803 435431 206407 441077 785182 792676 259951 347079 70663 746106 406140 336881 257617 385915 268515 904299 222557 417100 80494 607358 125501 110460 604246 571763 326662 482970 807332 213740 505455 515177 97748 214612 587398 149514 233270 199561 738369 566481 688693 456360 509606 150901 847389 382548 521851 953511 419917 494706 499694 931847
1001739 235401 1065149 723539 1022588 126234 1138944 161852 1243446 738089 972426 1086601 775297 416177 596341 776796 885240 767354 966375 999999999 368394 621571 376185 568967 1032086 1292173 797204 897653 1056557 749447 1191673 611198 776043 741851 450475 504192 410931 817946 526767 828619 724079 836728 1234435 427564 862089 221304 1132594 1001197 675460 568066 642914 780600 767187 631635 385074 596406 939770 801862 1024838 351871 626946 643868 851194 597401 1048420 188032 757857 1157823 887864 452518 923620 900116 374262 977332 975771 504044 701151 800802 568704 712687 1063707 924850 490949 1048961 815863 920836 634808 443430 606401 545331 707004 945870 152198 796137 600963 142191 881734 473085 478655 79132
773905 240786 816162 389201 782281 327122 851787 351360 918447 514989 604517 723968 408925 114989 281219 453304 751037 403749 695006 368394 999999999 280409 276467 209285 674111 964175 433471 653821 743146 516897 849598 260816 616445 424186 343539 342452 101233 555154 325387 472350 533938 767609 891454 106598 498394 157561 773381 689702 453580 369930 342430 681125 528842 286125 110892 282343 758279 454769 762576 52972 487964 442236 670720 311416 713261 228280 472463 806124 614899 434127 693278 605348 148394 608948 627673 219181 379373 589839 492186 655012 790899 727408 129236 741682 619809 598159 295834 372620 253427 408231 340259 633800 347698 442497 238133 288509 768812 248773 214820 300407
848066 421157 863200 108907 842474 543095 847506 630330 847779 633032 417876 566731 196508 332715 364081 175281 905622 173349 729480 621571 280409 999999999 529512 232515 541395 884700 312693 726542 709414 625422 748136 33405 769285 443684 577405 549102 210794 623018 511571 378600 676881 960114 784830 194570 259001 400776 627157 665882 586472 544672 419983 864858 629065 301420 237286 68432 876576 396963 799927 274794 675219 595189 800249 422200 640528 444322 529752 682595 659359 684019 774659 621175 396658 408471 533144 378702 106766 705256 711760 863571 811949 835609 232092 718457 743575 567678 15951 614701 44494 612570 226727 617036 626056 366488 220642 505962 935668 447659 398156 544756
625591 420312 690319 635409 647049 426452 773064 244553 898549 363222 732907 809404 593107 197063 291857 704107 526603 601052 597800 376185 276467 529512 999999999 345441 743282 948961 545180 523532 707163 375852 866827 501950 406330 414927 81788 128149 377635 450365 157475 550019 348270 511349 909611 382527 687270 307929 842503 652222 301857 194285 313562 435549 394316 360382 382509 548442 567665 506985 652770 317586 258534 268216 478161 264440 719777 372628 404017 849595 521781 157968 547778 544062 133821 749092 669234 201084 635429 424622 228322 391589 693938 550015 302768 695514 440329 584879 545445 98479 491931 173493 482510 599518 249623 514776 378419 401320 532506 132087 168954 358381
631464 444524 657567 319994 631026 536389 668516 518002 715417 402444 408995 517744 247666 166738 132259 389336 673252 256745 527461 568967 209285 232515 345441 999999999 465482 759758 228421 508605 547619 396224 641489 199218 536792 239845 372738 331166 236979 404590 287969 263134 444478 729765 683066 224157 341855 366546 565266 496452 354133 316419 191512 633763 401560 87686 269050 282657 648278 247286 597787 248379 446623 362991 569601 189704 507894 437266 312359 596840 451181 485817 554631 426264 231303 418849 418900 158881 334294 475903 492857 637678 618141 609048 80076 549576 513292 400746 246206 413638 188053 390647 144067 441817 517203 233306 34440 497794 703183 235102 185630 506140
560654 902090 520357 528224 530457 1000965 419423 961958 329333 529527 162789 74231 350675 617927 453742 558058 761332 380557 412786 1032086 674111 541395 743282 465482 999999999 356266 244459 484876 273672 508805 212251 522720 667025 336732 727301 659424 680067 431573 609028 203468 596434 886232 245304 663768 339627 831656 100840 269214 540052 600396 432443 795921 494585 401830 714053 608823 666197 237029 459798 708713 683499 579692 638651 480648 163187 900726 393215 141210 399572 832732 528257 330903 670633 194512 92453 549352 569761 556920 775049 852669 437808 618577 545367 298149 593634 228091 541450 767532 518400 684995 342465 265103 963101 236502 436040 962170 809676 611213 580705 971364
488128 1203489 407323 882244 446559 1286020 251979 1190191 51116 625764 515370 368483 701894 881570 697203 914233 744681 732951 394699 1292173 964175 884700 948961 759758 356266 999999999 573278 494451 242905 605901 145630 862107 709692 550539 905367 834936 993242 516532 793430 511887 679864 892702 125542 978588 695797 1116700 308605 297068 669352 765719 649535 825715 586144 678120 1026505 953070 624205 513259 383578 1007430 794398 711662 646347 696201 252010 1191180 545042 229656 448066 987826 510444 408046 917912 543959 352326 788129 923144 607806 894518 908839 334355 587786 837313 258740 627648 371408 886852 938022 856140 832883 667419 349578 1193811 533293 737893 1248656 794876 826819 814116 1243401
592290 657929 587443 329918 576820 759044 546235 741995 535335 446178 187753 290497 153116 390794 258340 379898 719264 184802 454736 797204 433471 312693 545180 228421 244459 573278 999999999 481070 402164 430279 440285 288940 596486 214396 549218 489904 435619 388691 438891 69081 508083 814166 479049 419367 207464 590798 341404 363641 427077 446573 267663 716868 424668 184857 469605 381103 656049 109323 521848 465553 559620 456249 598530 305614 327868 658156 307352 382721 399343 662269 531138 344715 450499 205193 221015 344098 366419 502282 634210 749094 523669 609506 306526 414305 543317 268681 316232 591418 282862 533176 98128 321014 741891 73725 196324 720126 760376 416923 376262 733083
122899 882872 167882 785376 128947 928596 266758 765553 444705 160500 592701 556524 628289 542726 384267 846054 279106 657361 99932 897653 653821 726542 523532 508605 484876 494451 481070 999999999 271936 148228 474924 693989 215610 284951 459017 395962 725330 104100 371242 422273 195232 415366 510051 717041 687547 775391 548299 236707 222198 329739 320564 336753 131064 427203 751542 785741 183059 371954 132311 706304 312913 256140 161221 342986 354810 851317 197213 506920 87190 517372 50099 155076 547580 625371 394148 435623 813220 116266 410796 415297 179226 135011 558173 247193 133338 258603 737150 482004 683657 370748 518604 220863 771514 407361 509558 896665 328929 433343 446963 869087
308335 983930 252796 731389 272038 1058155 150182 949485 191992 386356 424188 331506 550902 652068 467049 777113 544651 583239 175529 1056557 743146 709414 707163 547619 273672 242905 402164 271936 999999999 365921 203323 682131 485230 320136 662472 592079 784584 275800 551034 333397 443974 686048 238207 771443 574904 890775 303415 55401 427143 522821 414371 608611 346463 461404 816580 776963 432815 313956 198979 789753 555773 469656 432350 459156 111308 966547 303210 245926 210449 745848 300923 165181 683063 458232 207664 553779 768525 377470 655799 684669 167539 388932 620759 27696 403217 146964 714877 695192 674298 590653 482925 110931 953399 342956 531292 1021722 595342 587229 577953 1011434
259881 740131 315975 698272 274989 781610 402412 618832 554832 21342 579400 583031 561534 403343 264676 763616 290864 586879 226090 749447 516897 625422 375852 396224 508805 605901 430279 148228 365921 999999999 556583 592082 167115 215893 314129 248904 595453 90279 223055 386522 87650 387716 596417 588932 635205 631033 590985 316537 74066 181722 205490 292460 19947 325463 619292 678802 252097 330282 277093 569823 190184 110848 175895 213212 417085 706430 125103 567986 158242 383475 179091 205123 402400 608582 417183 297795 720749 79837 290000 343883 319734 214437 433138 347361 118877 289118 637801 340406 581170 230649 440619 276357 624556 361220 404793 750255 330277 287015 305017 721274
504910 1085728 437847 740139 465958 1175326 295282 1101792 129044 577711 369860 223775 561225 776298 596071 770120 747518 591717 378758 1191673 849598 748136 866827 641489 212251 145630 440285 474924 203323 556583 999999999 727208 686659 454498 833259 762462 869711 466901 716617 383774 639154 889371 42953 854319 551061 1005152 166207 242551 610052 695534 556501 811265 538051 564876 903434 816213 633915 394839 394156 889759 746269 652808 635615 605185 147120 1077848 471157 86160 407982 926078 503973 351515 819333 398329 223387 690717 781473 577353 845261 885378 353319 591099 720842 229393 605093 282992 749329 869428 721924 771103 536950 280898 1104454 409377 616578 1137211 798257 738846 719195 1137804
815694 419160 831832 133521 810553 538418 818775 612080 824202 599641 406172 551706 185277 304891 330690 202267 872250 166502 698296 611198 260816 33405 501950 199218 522720 862107 288940 693989 682131 592082 727208 999999999 735949 411702 547711 517813 201060 590351 479563 353280 643519 927353 764657 184004 257493 389895 611009 637670 553102 512122 386626 831947 595807 268337 230395 95299 843310 368776 768823 260873 642686 562018 766863 388873 616066 438184 497060 663846 627539 655375 741968 590424 369927 399357 509940 346764 137680 671917 680572 831510 781660 802450 202060 690470 710200 539302 47235 585533 11198 580892 199288 588082 608223 339289 187330 500608 902398 416678 366961 535553
259247 815252 342380 850279 294180 832671 474300 626338 660168 150310 745786 741038 723492 502145 405625 917450 137249 747424 315533 776043 616445 769285 406330 536792 667025 709692 596486 215610 485230 167115 686659 735949 999999999 382218 326943 287088 706793 235485 291648 553633 92921 221338 723247 703466 800065 702224 743006 444820 183239 246535 355231 128946 176372 477036 725554 816922 164568 497396 334724 668495 149125 177662 80906 347089 557725 772893 292176 710962 280233 345097 204066 344116 480012 775321 574617 408430 869283 111361 225196 199773 385108 159704 557870 461536 82330 441066 782780 333551 724803 232864 600450 416924 634032 528147 551298 806546 167787 368156 403665 764498
405030 664822 421293 500585 398851 738296 430402 647302 502313 231921 372891 407707 349766 332342 147256 562127 505533 377017 289096 741851 424186 443684 414927 239845 336732 550539 214396 284951 320136 215893 454498 411702 382218 999999999 391581 322951 473661 183842 273011 175202 294862 600825 497445 462147 419812 570641 432648 265961 218532 264041 102107 503949 210844 152552 504105 505151 449139 119071 359723 472172 358361 252922 386067 151085 308511 646432 94704 434792 215935 496000 334225 186454 367673 399659 256013 237985 528309 289106 443545 541945 378361 404254 305807 317562 330132 179145 453623 431269 401726 349596 234530 209913 649964 146715 232758 701692 546079 284992 265261 693247
554876 501647 623543 679795 578841 507069 716044 307806 854455 298992 734983 796590 616989 248250 290886 749377 445082 628851 539732 450475 343539 577405 81788 372738 727301 905367 549218 459017 662472 314129 833259 547711 326943 391581 999999999 70860 444299 395440 118601 543730 275220 431764 875561 447174 709787 388953 824168 608579 241902 139651 295563 354101 333531 368355 452778 603601 489716 495557 590337 388715 178194 203468 400809 248985 686454 454381 362975 823717 467146 114242 479019 497458 195352 754385 647416 215417 684155 354215 150127 314013 633837 474513 345652 648376 366189 550330 593137 42258 537124 94862 499101 558447 314372 508828 402962 482676 450739 138149 187108 437845
497552 528383 562373 647054 518929 548772 648985 369928 784070 235488 673644 729471 568749 234373 233327 716848 415348 583228 472965 504192 342452 549102 128149 331166 659424 834936 489904 395962 592079 248904 762462 517813 287088 322951 70860 999999999 439776 327116 51420 479786 221551 425891 804739 439874 659888 415255 755539 538032 175327 69682 229681 338746 267788 313771 453341 582376 444417 429958 525990 392112 146867 140162 354503 185344 615704 485879 292121 753653 398864 174473 419629 427208 197672 694471 578285 172783 655446 296676 162800 317925 568181 424119 318097 578350 313813 479568 564434 108449 506861 66265 447441 487670 375687 445261 358496 521087 428570 102031 150955 483223
847349 225449 882777 315129 852110 339196 903921 427645 950051 595943 588013 721465 375454 206522 342341 373509 842774 362729 756470 410931 101233 210794 377635 236979 680067 993242 435619 725330 784584 595453 869711 201060 706793 473661 444299 439776 999999999 623506 418434 486099 621180 865639 910214 17474 456354 189982 775901 733370 537007 461443 406094 777548 605468 323897 33987 194820 842412 480104 825837 69574 583629 530261 756580 383672 741292 238022 535542 817662 677826 535156 767647 659586 248952 586749 646368 300628 297720 671392 592331 754597 849831 808890 169073 786441 703772 637681 224404 473830 197201 505936 337631 678567 422412 460937 255527 300873 862897 342589 303174 334659
226882 787846 261019 684131 228610 840217 322709 694881 465425 111084 518233 505558 531699 446276 281521 745967 338395 559813 148429 817946 555154 623018 450365 404590 431573 516532 388691 104100 275800 90279 466901 590351 235485 183842 395440 327116 623506 999999999 293372 335104 172978 455101 506458 614749 596153 682596 508639 226290 154372 257653 217681 364420 71233 323182 650435 681803 267469 281427 210128 607195 280448 195851 214794 243780 329150 759018 93303 481230 71753 471548 151650 115450 457287 549346 339147 339128 711015 125728 380273 425910 245908 221440 455586 257805 164174 206064 633832 424812 579955 317174 418368 187676 699974 315734 405523 806958 383937 346559 353688 783897
479703 528395 539030 606594 497578 560474 616038 401946 742798 213166 622299 678728 521107 212136 183326 676270 425651 536654 441311 526767 325387 511571 157475 287969 609028 793430 438891 371242 551034 223055 716617 479563 291648 273011 118601 51420 418434 293372 999999999 428379 214068 452713 759110 416644 611445 416515 705638 496388 149462 46143 178413 361035 240481 264446 435304 548820 440432 378727 498183 377093 167082 123839 351014 133967 569590 490063 248613 705410 364574 225817 399902 387182 189749 643283 528814 132879 617158 281546 205539 352001 538015 415129 283602 538683 304656 433651 526585 158528 468475 102724 398751 444648 406817 393842 313489 530354 444464 76638 117707 498656
529829 704251 521166 398999 512464 799471 477155 761099 472057 404135 198350 262067 221298 414796 258162 448420 670967 253272 389451 828619 472350 378600 550019 263134 203468 511887 69081 422273 333397 386522 383774 353280 553633 175202 543730 479786 486099 335104 428379 999999999 468711 773858 424116 470596 266395 629680 304087 294573 393676 428927 250571 677603 378481 199120 519893 446805 600711 56458 455473 509174 532257 427065 548484 294931 263076 699962 261483 334035 338278 654156 472061 280315 469013 224467 160788 351580 435386 454018 613795 717136 455669 553466 343205 345252 494753 200068 382997 585354 346448 515943 155739 252608 761878 35247 235232 760823 714073 418553 383554 768281
279953 742430 352028 757363 305881 769844 461655 582690 629109 67003 663763 670657 631895 418992 312980 824537 228779 655375 289108 724079 533938 676881 348270 444478 596434 679864 508083 195232 443974 87650 639154 643519 92921 294862 275220 221551 621180 172978 214068 468711 999999999 306104 678144 616949 709915 630343 678372 397281 90465 167928 262390 209090 103262 384145 641507 725355 226379 412256 326936 586562 117693 91778 137245 254834 502094 703296 209312 653876 233536 322726 206259 288216 403693 692216 504832 320988 776509 81226 216369 256239 374458 202729 468275 423335 92263 376141 690267 292474 632389 181969 508374 360654 589452 441540 458498 741341 260651 288647 319362 704770
407404 930546 492997 1049019 448826 919425 644078 675570 845808 369723 966973 959966 934886 660069 603990 1117725 149560 956954 510766 836728 767609 960114 511349 729765 886232 892702 814166 415366 686048 387716 889371 927353 221338 600825 431764 425891 865639 455101 452713 773858 306104 999999999 923132 865705 1015061 818938 958840 651920 390021 415887 561868 97817 397687 681196 878421 1000779 271629 717476 509171 816052 285928 369683 254146 544011 768885 880457 512757 921693 492073 386093 386371 558945 620500 996295 793786 584001 1063865 329429 283167 124256 558461 304925 735863 660279 292938 658920 974588 415869 916164 359703 810348 630550 684934 747396 749173 900735 102468 525239 570296 845786
533219 1127058 462476 773287 493388 1217437 314476 1144736 124759 617454 397967 246490 595863 818944 638949 800904 779792 625858 412467 1234435 891454 784830 909611 683066 245304 125542 479049 510051 238207 596417 42953 764657 723247 497445 875561 804739 910214 506458 759110 424116 678144 923132 999999999 894688 581098 1047243 184778 280898 651094 737605 599440 846783 577681 607102 943999 852684 664428 436798 422773 931207 786376 693883 670002 648109 189837 1119729 513170 108376 445928 967707 536954 391308 862218 424747 264385 733646 814950 614721 885630 922458 379536 622691 762571 263078 641346 325459 785551 911528 759651 812600 576252 321599 1147404 450496 657737 1179263 830567 781748 762145 1180318
839327 242708 873358 299790 843338 356657 892099 441106 935676 590010 570746 704670 357983 205686 333271 359198 839829 345290 746264 427564 106598 194570 382527 224157 663768 978588 419367 717041 771443 588932 854319 184004 703466 462147 447174 439874 17474 614749 416644 470596 616949 865705 894688 999999999 438968 206412 759340 720564 531843 458959 397110 776728 598477 311505 50711 181740 837003 465660 815864 82400 582620 526443 751754 376437 726717 255442 526008 801644 667981 540380 759910 648355 252015 569353 631039 295988 283605 665484 594281 755893 839102 802798 159302 773717 698465 624490 208443 477808 179961 506126 321304 665973 436094 445887 241344 318317 860894 341387 300357 351570
796217 676653 784924 203151 778280 795202 724544 843804 668225 650126 184477 340590 94333 502479 429168 220104 925344 94807 654780 862089 498394 259001 687270 341855 339627 695797 207464 687547 574904 635205 551061 257493 800065 419812 709787 659888 456354 596153 611445 266395 709915 1015061 581098 438968 999999999 641665 404411 546505 625358 628275 456743 917330 630653 347430 487046 314758 863479 315744 719269 510322 750097 650337 805378 485456 479683 694352 513824 473118 604445 823896 737523 546426 569489 163782 369797 494535 245618 708754 815013 942465 715155 816847 397146 592344 749800 459799 251448 751554 259739 711857 212734 512411 841418 280688 309003 757100 965447 571794 524197 788467
890908 113247 941770 504211 904222 170206 991430 256652 1070082 625047 759193 881274 556294 240044 423986 560022 829480 547081 827717 221304 157561 400776 307929 366546 831656 1116700 590798 775391 890775 631033 1005152 389895 702224 570641 388953 415255 189982 682596 416515 629680 630343 818938 1047243 206412 641665 999999999 930938 836424 561123 462560 480656 743016 645723 440398 166050 379514 856470 610470 892609 131574 559728 540258 766735 442342 866962 76626 607390 963221 747241 446432 810114 745673 228791 761925 784020 344899 484078 696726 535771 697981 925060 831558 286480 887356 721162 747846 414302 403447 385130 474335 496711 780339 249489 599435 395694 132128 838712 344873 329024 146932
608430 999168 556146 602607 574087 1099877 433347 1062625 295095 612126 219958 63924 432186 718717 553908 624333 827365 459869 465340 1132594 773381 627157 842503 565266 100840 308605 341404 548299 303415 590985 166207 611009 743006 432648 824168 755539 775901 508639 705638 304087 678372 958840 184778 759340 404411 930938 999999999 316676 628449 694771 530445 871727 575316 502653 809861 693300 724616 337306 501257 806862 771463 669239 707046 579039 197168 999285 481358 80053 467042 927889 587465 399924 771428 243521 178257 649696 644938 631766 865320 933929 470610 678134 644969 330727 666182 302676 625729 863904 607583 778134 438615 328582 1063821 337320 535255 1061016 876937 710528 680915 1071363
293306 930466 252056 693535 261531 1003474 182695 894290 246415 337365 407748 334603 515068 597399 412510 742179 514626 547266 148687 1001197 689702 665882 652222 496452 269214 297068 363641 236707 55401 316537 242551 637670 444820 265961 608579 538032 733370 226290 496388 294573 397281 651920 280898 720564 546505 836424 316676 999999999 375147 468978 359194 570657 297474 409629 765049 732841 408368 268951 190593 736826 506721 417846 397842 403799 119884 912331 248206 270374 165441 693769 272110 112611 627793 441999 189983 498597 729481 334963 606445 643036 172524 362402 568394 53362 363804 98452 672092 641864 629446 538407 439180 56085 898159 300076 481484 967169 564894 531873 522619 956329
330920 671351 389779 667148 348116 709232 474196 545159 618246 64122 591366 613645 544991 338870 222519 734519 319149 567580 297951 675460 453580 586472 301857 354133 540052 669352 427077 222198 427143 74066 610052 553102 183239 218532 241902 175327 537007 154372 149462 393676 90465 390021 651094 531843 625358 561123 628449 375147 999999999 107662 173053 292208 92524 294373 558920 635423 305464 337600 350943 506522 143448 42808 220135 164622 466418 635956 147160 613400 225769 318722 250724 262553 332357 618141 451042 236499 686065 136675 237687 323499 392856 273927 380350 410805 166791 332787 599823 270446 541979 163540 420714 329555 550782 364064 368066 678422 350723 216268 239219 648069
435647 574517 497087 636397 454760 605214 579872 438086 714804 170088 625789 671736 540197 255867 199761 705748 381499 557881 404087 568066 369930 544672 194285 316419 600396 765719 446573 329739 522821 181722 695534 512122 246535 264041 139651 69682 461443 257653 46143 428927 167928 415887 737605 458959 628275 462560 694771 468978 107662 999999999 179543 322093 200044 281365 479312 585053 394289 376525 458494 421965 130565 78170 304884 143036 549164 535920 224447 689489 329378 233415 356360 357817 235864 648676 516765 168536 649195 236447 187896 321485 499824 369233 320607 508823 258683 413081 559332 173932 500954 87072 416004 419207 443533 395396 339004 575548 402113 121810 158641 542417
443296 580249 476820 495654 446234 645608 511144 545304 600581 213372 446457 501105 373432 240613 63844 562374 489145 395087 352803 642914 342430 419983 313562 191512 432443 649535 267663 320564 414371 205490 556501 386626 355231 102107 295563 229681 406094 217681 178413 250571 262390 561868 599440 397110 456743 480656 530445 359194 173053 179543 999999999 464126 210099 121918 433618 473645 457185 200316 421062 393314 293901 193852 380416 49158 410245 557142 130322 536101 273025 404152 365000 265044 268863 469133 355813 139409 516417 285324 366691 485771 448469 417554 237908 408558 323643 278720 432487 336514 375698 266545 248600 303461 548055 216472 199412 609956 523014 182987 164593 597161
351730 855746 438416 952491 391482 854324 582534 622124 777270 273779 871768 869957 837077 571170 506984 1021007 117916 859210 435431 780600 681125 864858 435549 633763 795921 825715 716868 336753 608611 292460 811265 831947 128946 503949 354101 338746 777548 364420 361035 677603 209090 97817 846783 776728 917330 743016 871727 570657 292208 322093 464126 999999999 303646 583709 791993 906985 224563 621166 443947 730817 194167 272420 179369 447030 685182 807929 417105 838425 407377 328828 315271 472378 535841 900674 703529 490626 968036 239965 213059 95313 494367 245419 642696 583928 207043 569975 879168 344858 820750 273549 712563 544951 630968 650629 652473 832898 101355 435359 478695 782132
245832 754192 298939 699461 258971 797692 382755 637669 535086 39921 569464 568808 558963 415969 271034 764111 294706 584987 206407 767187 528842 629065 394316 401560 494585 586144 424668 131064 346463 19947 538051 595807 176372 210844 333531 267788 605468 71233 240481 378481 103262 397687 577681 598477 630653 645723 575316 297474 92524 200044 210099 303646 999999999 328100 629972 683697 247515 322575 258454 581682 209383 130475 176166 222069 399397 721376 117518 550809 138357 403418 164940 186539 417389 599164 402629 309681 722941 78795 309345 358739 300500 207505 441618 327677 119601 272927 641125 360168 584986 250546 439418 258287 643305 354439 408510 765980 336027 302586 318465 738024
549640 525589 572172 373793 547179 610511 580852 562427 632704 334626 372610 460870 258880 216202 81765 440467 611039 277610 441077 631635 286125 301420 360382 87686 401830 678120 184857 427203 461404 325463 564876 268337 477036 152552 368355 313771 323897 323182 264446 199120 384145 681196 607102 311505 347430 440398 502653 409629 294373 281365 121918 583709 328100 999999999 355421 358691 575552 170869 511579 329866 406218 311607 501159 139598 427159 513784 230001 526403 365886 482360 474495 338806 270152 388932 345045 159309 395297 405117 467600 599321 530903 534224 159876 462614 444209 314853 313160 410595 257690 364428 134776 354682 563025 165334 82362 572511 644796 233313 191435 574080
873111 192244 910421 338591 878903 308174 934505 412265 983111 618916 621297 755335 407628 223448 370122 394019 860763 393967 785182 385074 110892 237286 382509 269050 714053 1026505 469605 751542 816580 619292 903434 230395 725554 504105 452778 453341 33987 650435 435304 519893 641507 878421 943999 50711 487046 166050 809861 765049 558920 479312 433618 791993 629972 355421 999999999 213616 864334 513281 854222 65081 598710 550100 777673 408934 774519 207814 563573 851615 706128 538706 793060 689583 258485 619589 680070 322536 318064 694229 602093 765280 879148 831877 198492 818023 725664 669763 250048 480065 227355 519116 371617 710046 406428 494508 288636 270231 879287 358839 322287 307679
907920 382427 925963 130910 903829 507686 914053 622458 916211 685067 481518 632282 261355 355445 414786 180596 953936 235717 792676 596406 282343 68432 548442 282657 608823 953070 381103 785741 776963 678802 816213 95299 816922 505151 603601 582376 194820 681803 548820 446805 725355 1000779 852684 181740 314758 379514 693300 732841 635423 585053 473645 906985 683697 358691 213616 999999999 930775 463905 863266 263936 714896 640737 852165 470861 708914 412835 588543 749968 721085 705576 833185 685217 414650 470091 601573 416783 104767 758527 743680 899650 876694 891017 265229 785580 795929 634506 67576 638615 104217 647422 294044 683375 617225 434015 276483 472185 981794 480349 432371 517954
