NAME : synthetic_000590
TYPE : CTSP-D
DIMENSION : 100
GROUPS : 8
RELAXATION_LEVEL : 1
EDGE_WEIGHT_TYPE : EXPLICIT
EDGE_WEIGHT_FORMAT : FULL_MATRIX
EDGE_WEIGHT_SECTION
999999999 893481 157625 1047429 873812 830631 900508 319839 87756 307423 538830 855041 502724 320080 480710 952197 718812 209529 448418 761692 684956 937968 509995 786289 510436 336076 407498 338098 969544 475306 251380 243059 844682 403920 831349 652961 760959 626141 671682 524961 91927 679192 701670 718341 754577 457357 823905 252519 591806 249084 434207 889385 999113 880469 815641 374029 452533 261805 222763 359521 849200 917045 544588 677108 483428 514043 932856 85117 938587 756776 316165 339880 980406 820045 869657 670580 666580 824100 966954 942800 563208 84897 441234 802289 907396 434136 454336 499907 499644 499079 385231 265066 122681 118880 494334 265482 541529 375316 391081 182180
893481 999999999 879030 201165 292185 181050 15497 1011592 880489 612916 769504 139791 596842 580931 417216 602682 237918 796104 752022 423545 667989 109516 564290 352277 387197 671811 721243 758184 76063 505173 1018433 675854 418556 489562 197630 455401 132957 459492 616048 555695 945066 232811 242278 315384 676043 678589 373642 841584 352862 648017 469287 223582 117611 278065 195589 918402 592236 668491 764625 801147 77462 42205 800316 554149 489646 609654 170241 823834 49273 687137 883637 757593 95842 288045 257936 606935 534705 90154 123218 236296 392963 829131 813943 327770 119320 856750 553694 476939 819092 442625 961081 847342 802659 776036 849387 1041243 457330 527886 754936 939547
157625 879030 999999999 1052005 808418 786299 883520 184759 241380 367661 665341 865378 595357 303733 492644 841134 739241 90417 573709 823959 557257 940068 411372 835409 493376 436214 276969 203811 954002 537621 147772 205270 757874 406663 783808 719891 751004 692751 552252 608654 245513 687471 661627 656132 626783 567562 744708 100607 544868 248591 410326 914237 991810 915013 835432 216599 355067 340432 343465 212604 846971 896139 675592 568491 416820 402717 946320 116255 926876 627524 158675 465817 971513 756177 810166 552708 749731 800258 968202 967057 602921 211797 577351 731726 872039 279341 370509 433128 634856 541346 230452 410234 242420 164352 340937 169620 599293 353043 253165 62099
1047429 201165 1052005 999999999 474163 376381 206365 1195561 1022257 749517 825492 193314 673383 748795 567474 780228 333864 973425 829857 428182 868459 112140 762089 357055 560003 784379 915132 947321 155720 610835 1195474 846778 606238 649241 391808 502114 306115 516470 816717 631522 1088141 368518 441253 516346 874174 758752 564218 1024008 546780 810889 643228 194473 94327 240503 242361 1109288 786645 803401 891126 992217 206399 213440 855015 754718 681383 808378 123898 984945 155664 885273 1071042 859620 113824 480501 441242 807622 564635 290948 85095 157475 500951 975827 892048 521837 293758 1052025 746523 669845 884303 561620 1151723 960267 945439 933713 1047434 1218202 550442 699149 948008 1113631
873812 292185 808418 474163 999999999 122000 280458 895363 889804 662415 925894 415855 744956 559901 478510 310510 445544 718133 881941 663189 429433 401020 412370 601653 399080 757676 578977 637244 318450 626935 926096 631469 133468 509476 105468 656542 301429 649864 383458 710173 946759 393930 205831 155484 417519 812483 98232 741667 287677 630729 452811 506838 379860 556785 455735 777992 461502 713668 815302 667421 346883 264689 955931 324318 393709 442992 461984 791692 324644 428349 760932 851438 360785 53907 34283 375258 740917 229125 410042 527015 535747 831805 938311 79915 180707 696319 438706 377125 960252 556455 819569 915138 816471 757315 670065 947998 605965 506531 614394 861289
830631 181050 786299 376381 122000 999999999 172030 895727 835259 588907 823462 295574 642736 510687 394738 427415 326276 697948 786363 542644 494940 290299 422472 480089 328627 673825 588118 636400 224932 529682 915386 594333 238982 441944 17217 541443 180948 536691 444157 605839 895895 279651 129196 151345 497851 714980 193083 732222 241914 582033 397242 387040 284381 435840 333829 789201 461427 642831 744314 673658 227162 163152 853946 382063 372337 462610 347088 752497 221178 508948 762936 766427 263301 107272 89645 435189 625705 107936 303619 410385 430671 779041 844917 146751 95632 717126 429384 356869 862235 459558 831808 839538 759136 711942 701036 937931 501218 455497 623291 843349
900508 15497 883520 206365 280458 172030 999999999 1014007 888828 622208 783390 155206 610149 586671 425775 590932 251918 799966 765009 438981 662094 120561 563065 367762 392815 682910 721389 759644 70528 517151 1022133 680938 408116 496692 188258 470092 141518 473873 610368 569123 953201 244269 241125 310209 668695 691575 363737 844449 353677 654310 474384 238347 118943 293071 211069 919275 592351 677814 774501 802059 92746 26855 814216 548357 490793 607896 183204 830074 51093 679794 885400 769241 96995 278435 246291 601277 549652 88438 131650 249676 405237 837035 826837 318706 105303 856321 554386 477751 832560 453921 961991 858136 811001 782773 847824 1044940 470198 533243 755309 943801
319839 1011592 184759 1195561 895363 895727 1014007 999999999 407582 548948 848072 1015547 779434 461855 653391 863865 897646 231238 756478 999903 563274 1083558 482994 1006269 637197 620974 317407 259679 1084204 716503 86283 365365 820564 566837 890237 898135 889972 871130 575499 791491 391096 840076 779574 752818 627697 752207 817784 171955 662500 419149 554871 1072311 1127693 1078267 991780 134750 436056 524585 525871 228769 989162 1023213 857128 609627 525823 456053 1097189 299915 1060574 625176 134436 648012 1106540 846728 903523 578855 931797 927278 1110651 1124135 773169 389728 756746 815721 987298 231877 466359 540348 814787 713836 109216 584073 423229 349088 289229 91880 776044 503236 282481 138376
87756 880489 241380 1022257 889804 835259 888828 407582 999999999 272767 457189 828950 438416 329957 463306 994645 689455 278472 368158 709051 740580 915303 552068 740256 508026 273125 469868 404662 956213 429046 337778 274274 873494 396039 837777 599521 747575 573376 722322 465051 66022 657386 706252 735016 809521 384524 848545 330699 603033 259733 439327 854973 980912 840978 784971 457708 495932 219775 153293 432288 830083 907326 461134 721175 509229 562975 904069 143479 923502 812657 398276 261144 963282 835919 882321 720287 604371 817347 944419 908090 526906 58812 356480 822264 905881 511808 490499 525138 414893 463503 471087 178350 77832 144011 570206 350770 495686 383469 457936 269890
307423 612916 367661 749517 662415 588907 622208 548948 272767 999999999 358147 556204 236835 161374 198288 829481 416774 327114 277247 459931 634826 642963 420315 479744 263636 116875 428568 396932 687996 171709 512443 208102 675621 154088 594285 353599 480731 326426 599891 243458 338710 385934 463575 514924 695954 236698 641502 397107 379087 146175 220536 583974 709911 573254 512590 529636 378765 55618 155562 444977 559101 642218 379504 576534 334017 453033 631440 265344 654299 702387 469648 203753 692820 609978 648699 594750 382867 556050 672077 637289 256404 228950 314735 605567 649566 535018 350565 345702 357895 192364 561523 252724 196453 210032 574755 532747 236307 186908 438082 426162
538830 769504 665341 825492 925894 823462 783390 848072 457189 358147 999999999 656401 181015 518604 462974 1149101 531595 655853 91635 405999 986436 746641 771479 471043 554668 246411 785125 747289 831585 301334 788534 558165 974955 477982 834592 324115 661372 313321 947759 218007 503449 551047 721214 801735 1044201 125086 933371 724892 677182 498676 549870 631143 826870 590615 595775 861765 734289 348946 322205 792502 695455 809218 30861 916986 674988 807796 703620 549090 794395 1051469 799575 200197 817428 879961 902965 941780 265514 750716 772115 674136 392858 460004 111177 888623 850800 882717 702693 683557 67427 370898 887173 285873 425103 504924 927363 803871 322399 534711 792026 711042
855041 139791 865378 193314 415855 295574 155206 1015547 828950 556204 656401 999999999 493168 561648 376381 722801 141329 789639 650426 287814 746174 92025 607836 215059 378540 593673 749515 774259 180833 420561 1010495 660268 532442 459910 312758 334071 147466 343083 693468 451129 894842 178099 304406 398863 764985 577840 485134 843592 389469 621359 460699 91677 170744 141447 61566 937267 623770 610116 698526 821323 69198 181225 686819 633615 515862 656371 81665 794163 144910 775901 895021 671827 161228 400240 381966 684357 408132 187721 119940 124589 309205 782739 712895 435415 256143 887779 581463 506557 710944 368850 979111 770109 752174 742253 890185 1033095 362776 514208 780614 927317
502724 596842 595357 673383 744956 642736 610149 779434 438416 236835 181015 493168 999999999 381421 288497 974009 360441 562907 157264 285269 829567 584987 616865 334602 380712 166720 656726 631430 662381 124046 734733 444212 796661 318409 653711 180453 483487 159934 787548 42057 498946 372802 540535 622836 883446 85382 754291 633135 501508 382185 387768 482523 663566 450855 434821 766400 586567 254927 285124 680342 525150 635371 211299 751865 514276 657438 549580 484464 625298 891416 706169 202041 652131 699320 721951 780925 166233 572421 612000 530646 212514 417830 219731 708835 672694 769932 550571 520818 222814 191463 797802 311918 380044 431651 806717 753460 142510 384250 669776 650295
320080 580931 303733 748795 559901 510687 586671 461855 329957 161374 518604 561648 381421 999999999 191645 686047 437281 231233 438617 547415 474776 637045 261512 546827 193859 277786 275506 257740 656689 281943 449343 98770 548415 105009 511763 453294 450467 427453 441865 376675 387392 383792 381638 405063 537300 395509 520686 292506 273828 71481 114361 612365 691251 616521 532756 409585 217621 188826 278866 308387 544554 601480 540617 423356 187679 292046 642639 244381 627758 543310 355796 359692 671449 506005 553079 437236 503388 507030 665379 664812 314910 271911 474427 492656 587770 395119 191793 202139 519067 260077 447126 384094 257925 201283 426962 471831 330314 55236 290567 365677
480710 417216 492644 567474 478510 394738 425775 653391 463306 198288 462974 376381 288497 191645 999999999 686357 246596 422871 407662 369882 552714 457395 348222 359860 92222 280014 433510 435193 492907 164518 639525 289671 513291 86663 401556 289847 284360 267566 507333 264125 528066 198962 274006 341961 601789 342022 473318 483301 214213 245746 122072 421620 519071 424894 342957 594289 331963 253722 353260 485727 368705 444958 491305 467049 239829 394169 456051 417794 460356 610400 543734 373435 500853 428400 460998 500073 357128 357789 486334 474414 136175 412673 461591 431177 451594 566287 290064 242643 488294 103966 633572 445317 385482 366240 586818 661821 178426 154597 457074 554743
952197 602682 841134 780228 310510 427415 590932 863865 994645 829481 1149101 722801 974009 686047 686357 999999999 731211 756024 1088431 949347 301455 711486 443038 894419 594445 941385 566826 639402 625108 850074 920100 720494 193135 681153 410201 923409 595561 911360 291189 946060 1038893 669134 459105 360621 242993 1026710 241214 750442 472511 745932 610312 814375 686135 862237 757498 730303 500054 870281 964738 647072 654574 574454 1177029 275130 498889 439977 772295 867362 634240 248668 738751 1032691 668176 323313 344747 289536 1006003 535091 719824 836899 782269 936543 1137007 292464 489522 634075 504773 485497 1170418 783613 764736 1069915 933306 850915 584640 938699 847759 645147 596113 878773
718812 237918 739241 333864 445544 326276 251918 897646 689455 416774 531595 141329 360441 437281 246596 731211 999999999 668209 516846 218794 696416 231948 528572 165374 270484 452586 652508 667533 301945 279851 886041 535818 538390 332835 341398 221501 145722 222742 644676 318870 755440 71400 275146 376950 727167 443584 490521 726412 320046 491927 346891 175105 306753 184770 97055 829858 533310 470073 557347 716649 164726 277979 562402 589583 426061 578001 214685 661436 264885 737542 783097 532088 293532 413824 415234 635910 304097 231729 260579 227818 167953 644576 579136 439357 327860 790118 489608 420264 581881 227758 870600 629136 613151 608353 800408 908371 224440 394637 680866 801339
209529 796104 90417 973425 718133 697948 799966 231238 278472 327114 655853 789639 562907 231233 422871 756024 668209 999999999 565324 770074 478591 861295 322126 775115 413431 414779 198895 128571 870494 489560 222467 134127 668043 336216 695038 669923 670009 643102 469459 570397 301414 612714 574420 566178 548343 547694 654396 70323 457174 189502 330197 843201 910186 847710 763189 206246 265387 312698 342522 154139 767481 811641 669936 482019 327248 316256 871069 135048 844407 549943 144462 461640 889563 665997 720192 469276 708220 715539 889035 895430 542058 232936 578711 641333 784821 237682 280092 343449 634031 483224 235084 426609 253098 156903 293302 245268 547124 275451 181591 145436
448418 752022 573709 829857 881941 786363 765009 756478 368158 277247 91635 650426 157264 438617 407662 1088431 516846 565324 999999999 428558 911061 742251 696102 485355 496828 161558 699941 659524 818704 256687 697466 471286 920480 409436 796081 331461 634975 314060 874514 199316 417193 524511 676112 749609 970882 73435 880969 634074 620066 413043 481494 637935 820776 603653 592025 770978 655929 261761 230608 703911 681381 789831 105204 847252 603996 730087 706190 457457 781699 977685 708736 108870 809185 833642 861419 868968 293296 722927 769240 684907 362074 368789 62468 838530 823109 793947 626619 613826 82290 326891 795945 202305 333631 413561 839868 713053 294873 459950 705350 619555
761692 423545 823959 428182 663189 542644 438981 999903 709051 459931 405999 287814 285269 547415 369882 949347 218794 770074 428558 999999999 893675 367265 706479 73709 434598 438095 803377 801796 467958 288255 970614 637246 756794 448115 558314 109550 361846 135807 843540 249391 772752 281237 491355 592491 931008 365498 709026 836391 517559 580873 491201 235825 447381 188165 228257 956980 698427 500154 558239 852618 346480 465742 434004 792358 598157 754823 312366 725263 432594 940952 902690 487228 443135 632578 632139 835166 140500 442329 388271 272246 234725 678443 487735 657930 531245 935247 655313 596620 469232 287708 994390 596815 641832 669931 956683 991429 224695 521455 826425 884047
684956 667989 557257 868459 429433 494940 662094 563274 740580 634826 986436 746174 829567 474776 552714 301455 696416 478591 911061 893675 999999999 771971 215063 857843 467759 751699 280618 353537 719754 710257 622684 476221 310634 511531 481173 834935 599081 815615 52706 812247 775548 625208 441779 353018 69752 861480 331968 461167 377555 517760 441922 832547 778419 866830 757930 429231 258370 662467 743692 352653 688997 657129 1010541 113879 315585 184181 816843 602872 712905 72078 441108 834252 756955 400435 453208 61824 908145 579994 790428 870700 679544 685422 949090 358641 587075 332726 284446 310515 992429 656546 463287 846905 690321 598111 283816 640447 730967 451820 305068 588194
937968 109516 940068 112140 401020 290299 120561 1083558 915303 642963 746641 92025 584987 637045 457395 711486 231948 861295 742251 367265 771971 999999999 654715 293556 447869 684499 805269 836074 108881 511756 1083374 734881 528069 538155 307001 423214 194813 433551 719644 542936 981008 258846 336603 419023 782833 669756 483104 911951 437817 699722 531101 138449 80838 194733 150976 998313 677191 697466 787692 881370 94522 138773 776916 658130 571150 701752 67804 874228 82275 793908 959428 763515 76378 397442 366849 710501 494409 192290 29117 134528 399808 867686 804717 436868 223965 942625 636518 560038 802023 458194 1040667 861076 838088 823453 939812 1106106 454654 587135 837804 1001645
509995 564290 411372 762089 412370 422472 563065 482994 552068 420315 771479 607836 616865 261512 348222 443038 528572 322126 696102 706479 215063 654715 999999999 680413 271946 537165 167449 225746 630208 499722 516701 278553 347066 298470 414636 636700 463555 615355 180392 601606 595933 458132 322051 273741 275867 646583 337630 333520 218491 310757 231147 685136 681647 709938 605209 368300 57623 450196 535884 255365 562731 566590 795488 169189 108970 49431 686134 424955 613177 282104 348563 621123 659732 364162 421274 175999 705287 474716 678217 730136 481014 494297 734927 332754 517222 295050 69820 110029 777586 450473 410604 640463 493213 408147 285348 538123 526042 236790 202943 458176
786289 352277 835409 357055 601653 480089 367762 1006269 740256 479744 471043 215059 334602 546827 359860 894419 165374 775115 485355 73709 857843 293556 680413 999999999 411532 474952 789898 795017 394652 311733 983050 641067 701315 443552 496255 154416 300878 175373 806625 295155 805235 234343 440323 542176 890917 418344 653277 839015 480306 588208 477028 163344 373713 119601 156702 953859 678175 525039 593030 845484 275789 394393 499940 752825 574020 729525 239366 742819 359540 901172 902164 533743 369440 574194 569727 797990 207749 376911 314710 203184 233128 704983 546160 602018 462500 924825 634485 570538 532260 294101 992727 641554 669518 687609 941622 1004494 245104 514389 815277 896608
510436 387197 493376 560003 399080 328627 392815 637197 508026 263636 554668 378540 380712 193859 92222 594445 270484 413431 496828 434598 467759 447869 271946 411532 999999999 360721 382308 398274 462876 256707 635613 289035 423795 113331 332616 367554 257677 347864 420627 355687 569960 205885 200997 255232 513786 432831 385385 465266 123249 262265 83272 440604 498571 455254 359109 561145 266675 316000 417799 446808 354102 407777 582735 377537 163605 320231 460205 437680 434318 522738 516940 454568 478456 347089 385089 413008 440610 313851 475622 490743 211865 452876 548910 345601 398299 519682 222958 162346 578123 193836 602454 516281 431275 391845 531711 658366 265402 140815 410384 554567
336076 671811 436214 784379 757676 673825 682910 620974 273125 116875 246411 593673 166720 277786 280014 941385 452586 414779 161558 438095 751699 684499 537165 474952 360721 999999999 539092 501116 744220 173567 571618 311793 781686 260603 681203 328687 544100 303298 716602 191954 335394 439068 553942 615860 812730 132957 745195 484781 481736 252365 331085 604063 757639 582635 542168 620952 495379 103200 120472 546875 609390 705369 265491 692232 449138 569733 661838 322413 708573 819212 559231 93874 742743 706710 740904 711383 331734 626669 713165 655823 284700 251200 198203 706313 724415 637191 467429 460145 241298 229322 648941 176657 213402 271927 681040 589671 236507 302792 545616 488528
407498 721243 276969 915132 578977 588118 721389 317407 469868 428568 785125 749515 656726 275506 433510 566826 652508 198895 699941 803377 280618 805269 167449 789898 382308 539092 999999999 73203 790009 555284 358767 230293 504234 358890 580969 718300 610947 693778 276283 651893 499033 585807 480973 440758 350296 665219 500386 183616 368737 286898 313112 819591 838836 837208 738182 201192 129039 438480 500338 88671 711442 727033 804512 298951 234297 138964 830064 328144 770481 351498 183342 607400 817083 531427 588629 277361 775034 633050 830327 867861 569061 418153 726304 499150 682115 138333 168769 245295 776727 523573 243717 597268 429518 332601 153829 379071 597813 284812 35498 311950
338098 758184 203811 947321 637244 636400 759644 259679 404662 396932 747289 774259 631430 257740 435193 639402 667533 128571 659524 801796 353537 836074 225746 795017 398274 501116 73203 999999999 829349 539126 291491 189698 570091 353701 630678 710464 641307 684862 349250 631136 429969 604156 522311 493194 423140 631094 563118 111539 406263 250966 321075 838877 875238 851870 757382 163046 176511 398348 449342 50852 741610 767446 764694 369661 268998 206059 855665 261511 807407 424104 126643 562003 853766 587857 644403 350127 760832 672032 862229 888870 567358 355575 680937 557947 728562 138548 207401 282718 733559 516218 204897 541861 370622 272671 180408 312642 587797 280953 53305 239744
969544 76063 954002 155720 318450 224932 70528 1084204 956213 687996 831585 180833 662381 656689 492907 625108 301945 870494 818704 467958 719754 108881 630208 394652 462876 744220 790009 829349 999999999 575691 1092653 751259 450715 565624 239389 512315 208882 519085 668732 620760 1020884 305423 309095 371178 721987 745380 409245 914821 423149 723977 544684 246236 61412 302702 242090 988502 661013 743521 839005 871348 137333 63950 862257 606610 560385 674241 176345 899785 37193 733071 955274 828670 43390 326427 285620 659723 588331 157337 103029 242165 462918 905046 880931 368178 138247 924255 623594 547106 883447 514902 1031241 920247 878388 852083 914254 1115460 525087 603446 824137 1014314
475306 505173 537621 610835 626935 529682 517151 716503 429046 171709 301334 420561 124046 281943 164518 850074 279851 489560 256687 288255 710257 511756 499722 311733 256707 173567 555284 539126 575691 999999999 683446 360465 673785 202891 539498 182301 382188 155144 666933 102007 494394 273237 421398 500409 762393 185722 632038 558030 377562 300599 268796 431508 586028 413013 368601 685269 473718 213594 285137 589485 439434 540818 330600 629496 394703 542312 488284 437052 539445 770617 627776 253098 571834 579813 605502 660066 221774 468661 540276 483739 112924 393375 315845 587435 568450 676963 435488 400189 333446 70516 720135 349615 357787 381740 708092 703988 66685 273704 572229 596986
251380 1018433 147772 1195474 926096 915386 1022133 86283 337778 512443 788534 1010495 734733 449343 639525 920100 886041 222467 697466 970614 622684 1083374 516701 983050 635613 571618 358767 291491 1092653 683446 999999999 350574 861500 553224 911432 865724 892451 838554 629255 750681 313550 832944 794155 778170 689424 699856 854321 184499 676564 396278 552342 1061122 1132650 1062583 981938 205422 464789 480967 468079 273673 989715 1033420 795363 657306 543057 496698 1091707 250331 1066805 687897 181612 588598 1112011 875541 931269 631633 892493 937263 1111222 1113802 750665 328727 692539 847403 1004149 299276 489019 558656 750927 688957 189687 516050 364661 304165 360326 22810 745925 496604 326278 86585
243059 675854 205270 846778 631469 594333 680938 365365 274274 208102 558165 660268 444212 98770 289671 720494 535818 134127 471286 637246 476221 734881 278553 641067 289035 311793 230293 189698 751259 360465 350574 999999999 602898 203075 593728 538757 546661 512181 452810 446927 322320 482500 466671 476126 543552 441396 581051 199153 353008 62032 206578 710922 787575 714170 631460 325056 223502 209553 272071 236982 641957 694639 576279 447728 240413 293840 741333 160228 723262 547774 267360 377125 767491 577828 628428 450021 581324 599310 763074 763453 408076 216049 496068 559320 675826 327169 216259 256868 546978 349852 359703 372503 215324 131313 369264 373063 415542 148266 234068 267087
844682 418556 757874 606238 133468 238982 408116 820564 873494 675621 974955 532442 796661 548415 513291 193135 538390 668043 920480 756794 310634 528069 347066 701315 423795 781686 504234 570091 450715 673785 861500 602898 999999999 522373 221890 734341 402571 723567 270446 766153 925003 477336 268330 174313 289354 855256 48092 679822 300765 615270 455686 624119 512086 670754 565125 695313 402810 721802 820883 592286 465023 394703 1003830 218205 364265 365325 586044 760050 454568 299873 687303 874967 492534 132311 165177 263367 817662 345277 539272 649246 597748 814685 972593 99329 312498 606797 391697 348417 1001489 605206 735125 924634 805146 733603 572281 882399 665208 500303 538488 805215
403920 489562 406663 649241 509476 441944 496692 566837 396039 154088 477982 459910 318409 105009 86663 681153 332835 336216 409436 448115 511531 538155 298470 443552 113331 260603 358890 353701 565624 202891 553224 203075 522373 999999999 445901 359492 357096 334889 470735 304113 458870 281819 314196 360894 567037 353025 487579 397081 225007 161658 72133 507935 596153 511513 428791 510558 270837 204193 305857 404512 447242 513708 503713 439093 197307 339824 540342 336314 534811 574630 458684 353094 577081 456676 497029 464471 417713 422040 566838 560578 213696 341939 456007 451514 509885 487709 232892 205577 491723 164688 549191 406241 318844 286836 512705 575584 239203 74129 379616 468753
831349 197630 783808 391808 105468 17217 188258 890237 837777 594285 834592 312758 653711 511763 401556 410201 341398 695038 796081 558314 481173 307001 414636 496255 332616 681203 580969 630678 239389 539498 911432 593728 221890 445901 999999999 555387 196475 550124 430726 617242 897887 293133 131810 141736 482754 725033 176181 727854 240747 583211 398949 404240 299333 452949 350663 782151 455088 647828 749473 667071 244375 178389 864996 368704 368521 453759 364154 752499 236947 493846 757058 774114 278444 90442 73864 421805 639712 125087 319905 427553 442050 781207 854246 130481 106825 708752 424161 352790 872482 469190 824680 845596 762018 712840 691397 933911 512613 456687 616255 840332
652961 455401 719891 502114 656542 541443 470092 898135 599521 353599 324115 334071 180453 453294 289847 923409 221501 669923 331461 109550 834935 423214 636700 154416 367554 328687 718300 710464 512315 182301 865724 538757 734341 359492 555387 999999999 364358 27175 786911 142033 663204 262635 466152 562788 878333 263929 687930 737543 467613 480443 411482 308316 503766 272192 272838 861809 621735 391829 448735 761268 378954 496680 354111 740332 527773 683449 379668 618725 475312 887703 805787 380990 495283 618867 628396 779019 84380 452407 448259 353833 155878 569422 392730 638140 549342 846357 579904 528748 382202 194876 897971 489824 532661 563502 872128 886214 123322 433621 738897 779279
760959 132957 751004 306115 301429 180948 141518 889972 747575 480731 661372 147466 483487 450467 284360 595561 145722 670009 634975 361846 599081 194813 463555 300878 257677 544100 610947 641307 208882 382188 892451 546661 402571 357096 196475 364358 999999999 362199 546383 443914 812115 110705 157642 255134 619639 561843 354491 718710 245256 516475 340690 234047 240915 273313 164724 803500 483321 536343 633371 686564 100541 161952 692196 486907 376682 511532 222910 692248 177777 630477 764934 632099 220983 273646 270318 537287 448062 89504 221030 272026 272903 696182 695956 303368 189428 748610 442183 365960 706139 316349 845859 718402 669743 643829 747665 915239 341230 398396 643243 812071
626141 459492 692751 516470 649864 536691 473873 871130 573376 326426 313321 343083 159934 427453 267566 911360 222742 643102 314060 135807 815615 433551 615355 175373 347864 303298 693778 684862 519085 155144 838554 512181 723567 334889 550124 27175 362199 999999999 768131 119834 637274 257046 456004 550945 860273 244675 677632 710853 451408 453651 388610 323897 513618 290923 282594 835561 598968 364869 423055 735634 384003 500210 343777 722668 506567 661679 393199 591568 481936 869503 779321 358416 504121 610632 622552 760360 95003 451126 459396 371108 136166 542726 375949 628347 549319 821083 557484 508096 368857 170224 871546 466583 506054 536339 847588 859040 97155 408979 713921 752113
671682 616048 552252 816717 383458 444157 610368 575499 722322 599891 947759 693468 787548 441865 507333 291189 644676 469459 874514 843540 52706 719644 180392 806625 420627 716602 276283 349250 668732 666933 629255 452810 270446 470735 430726 786911 546383 768131 999999999 768763 760950 573561 389073 300838 96453 822676 287198 459781 326571 489783 399948 779885 727072 814364 705409 443568 230187 630586 715517 355950 636374 605869 972560 62123 273527 159427 764213 588061 661256 103914 448211 801366 705538 351821 405750 9149 861228 527793 738312 817994 631967 665871 914625 310437 537015 349325 250077 266822 956316 611298 480277 819738 668082 578678 307085 648134 685083 414569 304965 588014
524961 555695 608654 631522 710173 605839 569123 791491 465051 243458 218007 451129 42057 376675 264125 946060 318870 570397 199316 249391 812247 542936 601606 295155 355687 191954 651893 631136 620760 102007 750681 446927 766153 304113 617242 142033 443914 119834 768763 999999999 527193 333373 506864 591935 864093 127263 722959 640207 474219 385303 370777 441047 621558 410346 392769 771371 574654 269804 312314 680839 483596 594487 248709 730647 496704 643870 507689 500574 583652 872385 712136 238977 610201 665558 686363 761842 142169 533102 569943 489543 175196 440258 261781 676624 633296 769602 536970 502091 263446 162658 804270 347864 402704 446555 803604 770054 104632 373480 667007 665304
91927 945066 245513 1088141 946759 895895 953201 391096 66022 338710 503449 894842 498946 387392 528066 1038893 755440 301414 417193 772752 775548 981008 595933 805235 569960 335394 499033 429969 1020884 494394 313550 322320 925003 458870 897887 663204 812115 637274 760950 527193 999999999 722903 766728 791504 845065 440550 901937 343019 661214 316160 498947 920948 1046226 906669 850989 459754 538844 285792 214924 451133 895432 971376 504287 764147 561389 602535 970067 172927 988407 847475 403890 313547 1028466 892854 940464 759562 665170 880759 1010122 974047 592892 117084 397964 877592 968209 524200 537506 577608 455710 529518 467233 218079 142974 191419 584985 322902 560973 441852 482988 258845
679192 232811 687471 368518 393930 279651 244269 840076 657386 385934 551047 178099 372802 383792 198962 669134 71400 612714 524511 281237 625208 258846 458132 234343 205885 439068 585807 604156 305423 273237 832944 482500 477336 281819 293133 262635 110705 257046 573561 333373 722903 999999999 210321 311255 656745 451302 429971 668244 248648 443327 285794 234734 323990 252548 153225 767021 464693 441023 534497 652571 173246 267614 581845 518878 356925 507558 258851 616617 270300 667052 722202 524974 307164 357373 365853 564825 347015 199729 287886 285028 162559 609042 585675 379282 299945 723855 421153 350472 595435 209820 808272 614871 579930 565199 732191 855496 230527 337358 615037 749455
701670 242278 661627 441253 205831 129196 241125 779574 706252 463575 721214 304406 540535 381638 274006 459105 275146 574420 676112 491355 441779 336603 322051 440323 200997 553942 480973 522311 309095 421398 794155 466671 268330 314196 131810 466152 157642 456004 389073 506864 766728 210321 999999999 101865 462295 606797 221784 612718 117617 452928 268054 391655 359597 429202 319936 680024 352031 516685 618430 563051 248748 246077 751064 329311 253778 367456 376170 624052 291126 473090 648769 647439 337686 158790 186992 379958 549701 152710 358430 428921 334094 649908 732564 172380 210436 615292 315432 239609 754553 350993 722781 715579 630324 582918 607111 816850 403461 326421 515226 719783
718341 315384 656132 516346 155484 151345 310209 752818 735016 514924 801735 398863 622836 405063 341961 360621 376950 566178 749609 592491 353018 419023 273741 542176 255232 615860 440758 493194 371178 500409 778170 476126 174313 360894 141736 562788 255134 550945 300838 591935 791504 311255 101865 999999999 366426 683123 131666 593794 136003 475633 300234 488292 427971 528341 419373 641889 316769 564386 665459 527680 338102 307518 830852 239146 239730 312060 465743 636354 361254 377398 618955 709663 406228 101716 154036 291709 645469 226977 437474 522378 423655 676854 803191 90676 246977 567197 289151 223252 830014 431388 684280 767015 662290 601861 549814 800395 490905 352264 476173 710437
754577 676043 626783 874174 417519 497851 668695 627697 809521 695954 1044201 764985 883446 537300 601789 242993 727167 548343 970882 931008 69752 782833 275867 890917 513786 812730 350296 423140 721987 762393 689424 543552 289354 567037 482754 878333 619639 860273 96453 864093 845065 656745 462295 366426 999999999 919117 319466 530289 413601 583211 496063 853627 782084 891244 781951 493116 323193 725799 809197 421052 704428 660989 1069013 138670 369759 250057 831888 672315 718709 11100 508093 896968 761124 396573 444893 102585 953931 590740 799242 888758 724180 754054 1010660 354438 585911 396075 345683 362629 1052641 705713 525489 912946 758213 666724 343543 706725 778933 510932 374269 656943
457357 678589 567562 758752 812483 714980 691575 752207 384524 236698 125086 577840 85382 395509 342022 1026710 443584 547694 73435 365498 861480 669756 646583 418344 432831 132957 665219 631094 745380 185722 699856 441396 855256 353025 725033 263929 561843 244675 822676 127263 440550 451302 606797 683123 919117 999999999 814738 617727 555890 380537 424992 567825 747995 535458 519865 753822 610094 235442 234619 677780 608050 716410 150945 792099 549933 683347 634936 452637 708397 926394 692153 129670 736192 764930 791222 816695 236333 649985 696927 615710 288989 373765 135555 771264 750215 768118 577944 558598 147770 256228 781891 238842 336496 403677 810221 717085 221460 409876 673954 618219
823905 373642 744708 564218 98232 193083 363737 817784 848545 641502 933371 485134 754291 520686 473318 241214 490521 654396 880969 709026 331968 483104 337630 653277 385385 745195 500386 563118 409245 632038 854321 581051 48092 487579 176181 687930 354491 677632 287198 722959 901937 429971 221784 131666 319466 814738 999999999 670994 263475 589152 423070 576797 470412 623053 517190 695950 391069 689198 789278 589016 418041 351564 962512 229681 340738 361913 540030 739899 411157 330335 683661 838816 450394 85828 125995 279264 771469 298367 495258 602720 553181 789840 934104 51260 271163 610627 375051 324406 961528 562887 736720 892201 778451 710658 580467 875689 621248 470658 535353 794377
252519 841584 100607 1024008 741667 732222 844449 171955 330699 397107 724892 843592 633135 292506 483301 750442 726412 70323 634074 836391 461167 911951 333520 839015 465266 484781 183616 111539 914821 558030 184499 199153 679822 397081 727854 737543 718710 710853 459781 640207 343019 668244 612718 593794 530289 617727 670994 999999999 495160 257445 382922 900854 957189 907829 820167 136906 280599 382913 409090 112288 817622 854488 738391 481197 360064 317181 925235 191028 890406 530500 74685 529416 936172 691043 746787 460968 777473 758369 939168 952519 606415 291401 645614 663095 822010 181694 304668 375362 701516 548908 164764 488715 315589 222483 241968 206614 614451 331790 156110 128349
591806 352862 544868 546780 287677 241914 353677 662500 603033 379087 677182 389469 501508 273828 214213 472511 320046 457174 620066 517559 377555 437817 218491 480306 123249 481736 368737 406263 423149 377562 676564 353008 300765 225007 240747 467613 245256 451408 326571 474219 661214 248648 117617 136003 413601 555890 263475 495160 999999999 345185 165148 468353 470357 496303 389522 565625 239950 428385 529508 448393 344945 361208 705494 274933 137265 266902 467657 512092 402133 423462 532406 575340 448681 234057 279330 318042 546176 265813 462214 512256 316887 545417 671830 226539 327732 505252 200832 124098 701368 311571 608330 631028 529061 473783 502468 699251 378457 219589 402169 602594
249084 648017 248591 810889 630729 582033 654310 419149 259733 146175 498676 621359 382185 71481 245746 745932 491927 189502 413043 580873 517760 699722 310757 588208 262265 252365 286898 250966 723977 300599 396278 62032 615270 161658 583211 480443 516475 453651 489783 385303 316160 443327 452928 475633 583211 380537 589152 257445 345185 999999999 185152 666609 756605 666452 588575 386177 260025 151813 226002 298803 608408 669893 517660 477827 251632 333619 701525 175820 694191 588278 327604 322642 737198 576822 624340 486080 520640 576101 728355 719636 355205 201308 440935 562549 658343 388876 243255 267076 490212 294854 419947 329955 189928 130204 429684 418211 357627 126548 293580 310498
434207 469287 410326 643228 452811 397242 474384 554871 439327 220536 549870 460699 387768 114361 122072 610312 346891 330197 481494 491201 441922 531101 231147 477028 83272 331085 313112 321075 544684 268796 552342 206578 455686 72133 398949 411482 340690 388610 399948 370777 498947 285794 268054 300234 496063 424992 423070 382922 165148 185152 999999999 519707 581487 530905 438510 483026 210358 266257 366253 370726 437373 488375 575755 367118 126512 275038 542329 358578 516797 503856 436632 422632 561236 399204 443551 393481 476151 393418 558886 570689 258216 382367 527480 390043 473414 447918 169278 133821 563784 220637 523709 469235 364499 315335 465775 575095 296472 59409 338317 471401
889385 223582 914237 194473 506838 387040 238347 1072311 854973 583974 631143 91677 482523 612365 421620 814375 175105 843201 637935 235825 832547 138449 685136 163344 440604 604063 819591 838877 246236 431508 1061122 710922 624119 507935 404240 308316 234047 323897 779885 441047 920948 234734 391655 488292 853627 567825 576797 900854 468353 666609 519707 999999999 215192 56471 81540 1001704 696559 635291 716139 887292 160007 262550 660595 720781 588357 734225 76983 834706 215175 864480 956339 673933 214430 491914 472824 770816 370414 279288 155104 53424 328080 812893 699840 527010 342564 957825 653417 580485 690439 391757 1042874 777735 780047 781068 964090 1083436 367616 569101 849319 976331
999113 117611 991810 94327 379860 284381 118943 1127693 980912 709911 826870 170744 663566 691251 519071 686135 306753 910186 820776 447381 778419 80838 681647 373713 498571 757639 838836 875238 61412 586028 1132650 787575 512086 596153 299333 503766 240915 513618 727072 621558 1046226 323990 359597 427971 782084 747995 470412 957189 470357 756605 581487 215192 999999999 270336 231112 1035770 709836 765009 857682 918509 150852 121352 857214 664967 606962 726714 139230 932186 68482 793176 1000427 838724 21951 387199 347016 718022 575246 206972 60158 199685 473339 931551 883237 428786 199591 974348 671178 594399 881686 529497 1078427 934282 903292 882909 966584 1155453 530963 639311 872487 1052763
880469 278065 915013 240503 556785 435840 293071 1078267 840978 573254 590615 141447 450855 616521 424894 862237 184770 847710 603653 188165 866830 194733 709938 119601 455254 582635 837208 851870 302702 413013 1062583 714170 670754 511513 452949 272192 273313 290923 814364 410346 906669 252548 429202 528341 891244 535458 623053 907829 496303 666452 530905 56471 270336 999999999 109295 1013903 717174 622395 697942 901169 210630 317788 619434 756460 609472 759313 131174 830167 271518 901973 966208 647163 270452 539034 523032 805377 326665 327931 210181 84114 317396 801723 664840 572650 396412 974878 673578 602909 651812 381479 1054393 753322 767650 775704 984575 1084617 347116 576697 865637 976950
815641 195589 835432 242361 455735 333829 211069 991780 784971 512590 595775 61566 434821 532756 342957 757498 97055 763189 592025 228257 757930 150976 605209 156702 359109 542168 738182 757382 242090 368601 981938 631460 565125 428791 350663 272838 164724 282594 705409 392769 850989 153225 319936 419373 781951 519865 517190 820167 389522 588575 438510 81540 231112 109295 999999999 920237 615531 565299 650299 805760 119244 237730 626104 647294 507370 654426 119897 758477 205810 792683 875115 617517 222519 434277 422633 696404 346575 227084 177301 132356 259809 740881 654466 466393 307061 876387 572289 499785 651070 321888 961453 717922 709043 705406 883119 1004338 308202 488558 767821 897528
374029 918402 216599 1109288 777992 789201 919275 134750 457708 529636 861765 937267 766400 409585 594289 730303 829858 206246 770978 956980 429231 998313 368300 953859 561145 620952 201192 163046 988502 685269 205422 325056 695313 510558 782151 861809 803500 835561 443568 771371 459754 767021 680024 641889 493116 753822 695950 136906 565625 386177 483026 1001704 1035770 1013903 920237 999999999 328548 518598 545547 117261 903926 925979 875285 480976 428814 335080 1018641 323785 967673 490490 62305 666207 1014168 731477 788839 447397 906368 831223 1024225 1051832 723767 423770 782062 698077 882970 97135 364915 441531 838181 669609 42758 622352 450255 358953 155582 219092 738505 439718 165915 207136
