NAME : synthetic_000801
TYPE : CTSP-D
DIMENSION : 100
GROUPS : 8
RELAXATION_LEVEL : 1
EDGE_WEIGHT_TYPE : EXPLICIT
EDGE_WEIGHT_FORMAT : FULL_MATRIX
EDGE_WEIGHT_SECTION
999999999 169480 334539 528030 633918 380775 664811 227331 680566 264090 623226 342652 626221 320820 115452 649760 579525 446425 101663 758491 454382 309385 407881 448711 400049 644053 348415 99229 435125 255076 696258 373673 491755 578064 877024 590967 298081 520957 505087 311584 195308 520471 276060 402169 489100 359838 604259 470162 751696 612420 731258 510896 655013 665179 85350 381101 433398 472572 52031 631827 658551 114070 416959 441005 465209 437956 594439 580340 625997 589213 382270 684058 270372 421993 633058 328823 417384 700473 296238 695540 572930 313465 305542 510006 627177 43146 648433 560529 763906 691347 661353 583135 53046 572934 633116 225762 838268 590538 348983 337382
169480 999999999 488241 434882 604609 375548 505355 113522 529516 315878 593832 436171 466053 447575 171274 481107 464685 534039 190402 644293 285116 442981 238404 312068 269521 500472 193202 253104 273644 250083 572970 221596 457409 527948 737888 601756 194504 562959 335638 145447 50829 597613 326469 239964 352601 341913 470310 300784 629897 445133 575120 410393 519664 728225 179596 415024 307480 424148 137083 462355 723434 282990 565741 423788 341982 453431 478000 421241 462842 457386 227761 514765 435254 266221 502259 176084 248215 566392 377135 607318 414727 314046 136223 365840 461935 127178 487983 553082 622881 546296 509546 500522 220376 511068 571161 63799 697006 422570 423883 329939
334539 488241 999999999 852363 647636 433058 923951 561814 918029 299747 639327 216209 889249 427063 331427 962380 756394 271502 304389 913305 757688 94798 716998 681598 632015 867861 624635 237553 761766 557515 874873 705096 550412 641995 1075504 536922 523785 422847 809717 610596 493568 343539 302795 685047 823632 443637 812738 774338 1083448 930180 978324 675025 989442 485828 311252 361668 767609 561122 385277 934773 476445 254230 405601 487350 674195 425801 925807 843209 950939 795364 712831 991704 250633 690425 967102 659606 730192 1034747 242339 808109 834074 394899 615138 747725 905418 368512 911096 550073 973447 914675 993966 703300 282809 658838 707338 528979 1043777 906435 546643 416763
528030 434882 852363 999999999 1012464 805078 657475 323357 721900 748578 1002112 859164 625138 571248 593625 452760 779931 960875 602997 933858 427020 837321 398555 616750 602562 730599 499505 626474 300488 301885 850619 270014 869672 923524 942702 1030476 590115 997753 432690 439761 470523 1028548 759603 487567 168842 768944 738532 426357 245508 404618 730306 760566 209588 1162524 587690 849867 154933 829178 476165 490418 1157501 599436 715056 847011 667470 885944 104394 602171 360593 734418 275859 497113 685414 529859 177816 295226 382467 236817 803985 950348 603288 746887 407191 631118 580210 506752 638358 975741 838018 760641 294344 863215 574645 896821 951865 448643 899474 406036 439206 760594
633918 604609 647636 1012464 999999999 254402 602582 713801 545275 392416 10840 431461 591904 939731 518505 801418 334101 407928 535322 376372 642111 553448 643266 433505 425230 484555 520351 601939 745226 847909 394364 747454 147335 99675 574579 145838 423387 256131 673653 574279 557547 378550 382610 552019 879646 274681 422808 653363 1148906 803293 607313 291543 1020345 368198 550112 290978 862120 183478 658866 743403 372784 689853 994366 193006 381852 224096 1022870 565901 857915 410096 744504 800773 818457 517009 1016531 717429 663062 1063817 415637 237922 556658 320882 606060 462133 643851 615234 603959 98930 519904 510873 957479 208335 635106 139396 123314 570481 563181 778386 982518 296561
380775 375548 433058 805078 254402 999999999 565672 488863 536369 144691 243890 232299 539769 685742 265789 694959 342276 268879 281209 483542 500611 339693 483704 330512 294580 477967 355144 348779 574321 606221 454401 556391 122658 216045 657433 226254 231576 209467 544977 389414 334958 293447 137057 406222 694646 39179 415248 515606 974267 681712 601490 261529 851444 384931 296294 92219 664263 128168 408954 647081 382882 436535 745944 62431 298165 85321 833321 499497 725744 397798 556665 708290 571231 385933 841374 518490 503159 897533 190900 375161 489346 67489 415838 387960 575817 365013 558648 181870 565467 520496 809124 271133 380713 227093 279715 357032 630410 655454 729754 46058
664811 505355 923951 657475 602582 565672 999999999 532524 76374 642690 596523 774838 39630 948617 603991 251565 268487 832731 634070 327710 254058 847524 301373 244896 292825 123459 316396 722477 368312 695145 251608 429012 524003 505908 285429 707600 400172 756913 228975 361053 469972 857596 645050 265444 488637 532764 180143 246664 675025 281276 75751 324461 551963 924251 634029 656730 516892 478935 641518 191195 924968 777456 1071021 554550 267683 637882 608736 84481 342705 192513 417621 229150 935182 242988 564372 440249 306831 582188 716885 413465 92088 561640 379262 180435 79054 622043 19701 633845 187433 122692 454444 394362 708470 464442 487688 442658 242464 267118 897633 550503
227331 113522 561814 323357 713801 488863 532524 999999999 570795 425241 703090 538882 493064 425214 272007 451526 543931 639335 284466 719509 285009 530275 234920 380999 347152 552704 251294 325070 223273 167043 642927 153503 567127 633507 789614 715110 294825 675622 327582 186975 156511 705690 436247 277340 261856 454769 533961 297244 529841 408312 606738 500007 428318 839221 270366 527641 207900 531667 177708 447529 834159 326441 559302 536043 420482 566942 374448 452445 411234 523506 163986 491148 458690 314322 407361 113261 235641 474144 482125 698184 448078 427562 159101 423237 475350 195490 513558 665466 674734 595291 435850 595944 279711 613655 672803 146110 747061 389972 365556 443352
680566 529516 918029 721900 545275 536369 76374 570795 999999999 627904 540042 755484 98074 976782 608563 327651 214218 805232 638841 251760 305309 837055 348486 238368 288836 61678 336411 729178 426758 736497 177700 481849 480368 451491 224028 658739 398703 717390 289476 390070 489165 823722 628867 294792 553532 506573 126416 301055 749625 355789 65580 281832 625419 880076 640821 628515 576999 437732 662617 266823 881478 790757 1093396 517573 245797 602699 678280 122887 417507 142381 471112 305404 949697 263432 636699 487443 357285 656743 700109 344019 124785 541178 412984 172907 152371 638731 90743 585102 116298 46372 529446 337573 720711 409818 426672 465759 180482 340273 936006 527040
264090 315878 299747 748578 392416 144691 642690 425241 627904 999999999 382366 136907 611068 549973 160312 725300 457048 222363 163189 614547 519795 211465 490070 397817 351188 574595 373045 211710 563487 511007 575188 527834 267347 360728 776247 328973 252485 258602 569789 383493 291064 281906 11997 432569 664294 146147 516868 536256 943959 702635 690486 375482 829340 414552 180054 117346 622766 268119 303158 686451 409216 299306 602762 206043 382124 178236 793597 566577 737020 499327 531294 746786 427419 426067 814284 484469 507418 876195 75459 515315 556830 95441 400970 462702 636186 260863 632035 307288 675900 620502 804903 407077 251344 370096 424136 322771 745267 676882 607851 118609
623226 593832 639327 1002112 10840 243890 596523 703090 540042 382366 999999999 423221 585281 929349 507805 793506 328131 401636 524718 375472 632976 545020 633701 424741 415780 479133 510461 591647 735518 837073 391195 737315 136523 92002 573457 143574 412882 251270 664904 564103 546814 374021 372636 542608 869716 263915 416986 644342 1139348 794934 602427 283703 1010877 367916 539475 281815 851906 173020 648075 735711 372242 679554 984518 182373 373301 215092 1012901 558722 849317 404010 734428 793293 808660 507857 1006903 707120 653516 1054439 406476 237301 549418 310268 595821 454300 636847 604451 597608 92095 516815 506216 948517 202655 624603 132512 120895 559857 561267 769956 971791 285891
342652 436171 216209 859164 431461 232299 774838 538882 755484 136907 423221 999999999 744410 570349 266996 862008 572017 103776 256251 715289 656201 122602 625315 530620 485438 699883 509833 258158 694918 597699 686163 654559 341227 430394 889103 324586 389173 217117 706428 517942 418739 179464 131799 569459 788549 252913 639576 672717 1065808 838705 819236 490360 955166 327928 271894 149623 742935 358682 390933 823352 320425 332002 589907 279235 510412 210816 912477 700569 871792 621964 659018 883691 416484 562641 938368 610032 642255 1001983 62237 601570 690702 214320 533509 594413 771511 354506 765004 333895 794492 744502 936281 502019 310406 450839 495803 452249 861078 813057 656670 229596
626221 466053 889249 625138 591904 539769 39630 493064 98074 611068 585281 744410 999999999 909011 567344 236133 259554 805216 597327 340882 215935 814152 262597 213813 260052 128201 277900 685234 332746 655999 260926 391688 505238 493777 318017 690928 365671 734980 193932 321569 431192 832733 613879 226094 456499 505740 174569 209338 653387 260121 114175 307336 528258 904331 596891 629990 482226 459196 602371 174166 904677 739100 1031646 532185 241918 614269 580222 46442 322019 183996 380460 220317 896579 204854 538981 401715 268692 560525 685715 414792 55194 532269 339632 151915 58731 583376 22278 617396 214144 141320 434005 384889 670322 452773 480520 403508 274606 243329 858278 522310
320820 447575 427063 571248 939731 685742 948617 425214 976782 549973 929349 570349 909011 999999999 431019 871795 897195 662944 408686 1077043 708764 474364 658575 756317 710322 947687 640734 338379 641443 294987 1011829 567857 803459 892970 1184545 874187 614957 782454 752696 588205 491050 741501 560786 684231 626314 670989 914426 721725 816278 825943 1020370 830870 763121 891095 395979 663171 562619 788926 320449 872136 882575 250672 144994 747932 779339 727569 669701 865546 817982 900460 579800 913210 178495 713350 733467 535081 660593 799982 549862 1016273 859718 620789 569608 812831 897344 354505 930444 857256 1069814 993761 811794 903770 306358 890863 950446 511367 1144088 810136 146937 646084
115452 171274 331427 593625 518505 265789 603991 272007 608563 160312 507805 266996 567344 431019 999999999 631645 483255 367457 30280 659145 426357 275124 386602 370666 320233 565450 295292 121175 440203 351301 602385 392507 376461 463530 791376 480017 211085 418569 478380 279439 164484 435330 172132 355037 523557 244404 518897 443031 799291 600947 664491 409724 690795 573332 36090 273813 476298 358533 145475 603356 567596 194978 513621 325649 377109 326616 645521 520909 625538 502721 398155 660350 350898 364173 672905 347168 400635 737477 210382 587259 512369 198351 286058 435656 578253 101951 589539 446396 681085 613152 679154 474509 127254 459938 519729 200017 754718 576686 464144 222020
649760 481107 962380 452760 801418 694959 251565 451526 327651 725300 793506 862008 236133 871795 631645 999999999 481667 941001 658011 576670 206778 903888 245425 375345 401771 364237 352294 732498 230362 584526 497050 303967 692946 701743 523314 880808 476024 902748 155667 352308 468943 983406 731527 293629 293008 656679 404459 190065 426760 49753 309494 509876 309171 1077631 651511 776458 342511 645317 610421 62098 1076355 761631 1009594 704685 422829 777823 382594 243491 98305 410330 291996 45215 906239 309041 326503 338568 233228 334535 799928 646506 251148 667403 347942 339314 177527 608122 237371 809691 437054 373640 206013 601706 701377 662940 699620 433696 482872 61707 786190 665482
579525 464685 756394 779931 334101 342276 268487 543931 214218 457048 328131 572017 259554 897195 483255 481667 999999999 608185 512000 180286 361157 668151 381815 166311 197204 152592 295188 602166 483612 707312 120043 512208 269266 238098 319200 444593 282251 507695 377015 361062 415100 618671 455161 292836 623398 319223 88995 367231 867414 492182 278614 81872 737729 667001 518936 433461 625203 229742 577367 420911 668703 677597 994646 312813 123682 398551 763750 239021 551395 76090 504995 474821 834089 250309 740628 498198 398952 776934 522746 173229 230781 363068 393218 154134 314078 543000 270352 371023 223212 186400 658910 125913 608126 196464 221007 406144 289212 469455 888471 343795
446425 534039 271502 960875 407928 268879 832731 639335 805232 222363 401636 103776 805216 662944 367457 941001 608185 999999999 358695 733048 737571 192684 710409 592747 551489 746788 589548 360912 785808 701475 715314 749484 352356 430894 917432 278074 464981 158965 786362 604873 512698 78702 213757 647378 885125 300001 683798 753767 1163833 920985 870302 528847 1050871 228646 374642 176723 841488 381633 494552 898637 220484 431507 669189 297478 565120 213912 1011719 763340 957548 666411 753237 959617 500680 635648 1035139 705662 728202 1097732 157242 608423 753261 275781 623181 653405 837585 457624 824777 309591 831006 788951 1027183 520347 413620 459226 494251 544934 893295 894993 756068 283081
101663 190402 304389 602997 535322 281209 634070 284466 638841 163189 524718 256251 597327 408686 30280 658011 512000 358695 999999999 687139 453457 252701 412668 400924 350483 595631 324481 91153 462435 349386 631357 411902 395598 484347 821105 489304 241245 421259 505482 306281 189437 429332 175185 383921 540422 263036 548781 470078 813860 626346 694740 437655 707880 570617 16929 279760 491044 380306 140640 630931 564460 167860 486722 342358 406933 336318 658907 550887 649326 532539 418163 687461 322137 393887 689039 366298 426136 754392 203285 612647 542390 214455 311186 465935 607676 100012 619535 459679 711044 643331 699880 499912 102614 482607 541918 224954 784607 602365 449542 239123
758491 644293 913305 933858 376372 483542 327710 719509 251760 614547 375472 715289 340882 1077043 659145 576670 180286 733048 687139 999999999 507046 821624 537372 338535 375384 214124 468514 776134 633467 884498 83638 672573 380753 309176 198340 516003 462146 606936 509379 533925 595016 727413 610689 455748 770486 469674 195394 509017 991470 600179 292624 249484 864256 742794 695107 568166 781180 356714 757490 514901 746701 854073 1172179 438578 302351 519306 905211 344389 662018 200925 664007 556808 1009002 413739 872078 664375 552106 898869 673153 138547 340160 519112 564880 305441 399210 722641 339852 449535 168881 205486 773754 213768 785238 275229 255708 584822 191303 581758 1068176 496596
454382 285116 757688 427020 642111 500611 254058 285009 305309 519795 632976 656201 215935 708764 426357 206778 361157 737571 453457 507046 999999999 697394 50198 210826 219005 305333 148229 531285 126535 443184 423681 176581 517198 544365 529335 701398 274003 710034 52029 147227 265912 783389 526426 94790 264145 461600 311943 16741 510857 183450 329734 359608 381133 885517 447926 577358 275950 470401 420265 178265 883482 568096 838701 518537 263980 585269 402787 182427 225245 308799 165806 234017 719136 125124 381250 186453 52778 423078 594024 534284 181333 466738 148894 207858 190870 411648 234472 633751 418766 339269 316264 461368 504262 510015 557170 231514 485791 157422 646989 467326
309385 442981 94798 837321 553448 339693 847524 530275 837055 211465 545020 122602 814152 474364 275124 903888 668151 192684 252701 821624 697394 999999999 660021 603255 554700 784957 558098 210977 714910 554172 785679 664213 455989 547334 987306 446154 449071 334969 749166 551967 439496 269797 213000 618896 790330 352279 728016 714135 1059235 874932 898689 586426 957662 418048 263671 266872 738174 467860 361372 871957 409258 259594 476761 392996 591729 331123 902529 768655 900634 710507 670703 930454 308316 619997 937522 618543 674778 1003859 148815 714340 759220 305219 560751 669049 834236 335069 835660 456275 887359 831213 952525 610549 263764 564688 612704 474970 956659 850309 577592 325921
407881 238404 716998 398555 643266 483704 301373 234920 348486 490070 633701 625315 262597 658575 386602 245425 381815 710409 412668 537372 50198 660021 999999999 221690 218284 342899 129104 487632 103781 394238 454853 136297 512021 547522 572030 692431 252839 692799 97612 108314 223517 759857 497480 92825 243153 444527 342155 63821 505647 215039 376751 369677 377431 867935 406088 555673 244408 466368 372201 224030 865382 521171 788781 507276 274224 568971 385693 226083 247140 336858 126971 276852 670874 133277 373368 139337 19955 421659 563092 553420 223709 444306 103009 232887 240585 365475 281956 627176 459808 379786 325526 472680 458498 515553 566044 188306 528609 190289 597656 447450
448711 312068 681598 616750 433505 330512 244896 380999 238368 397817 424741 530620 213813 756317 370666 375345 166311 592747 400924 338535 210826 603255 221690 999999999 50494 195808 130070 491592 325316 546436 262736 347576 317660 334813 429022 505463 160337 532929 240163 195749 265604 623876 400322 129619 464838 294757 158369 220821 721498 371722 296865 149024 591869 706205 403518 418834 461817 270034 436783 322103 705567 556167 865002 331702 53207 409252 607250 170701 424781 145360 340986 382662 715244 88500 591100 332005 240220 633887 472169 333689 160674 318686 227395 66147 245473 408280 234418 434538 315278 243392 524273 251531 485810 299496 346500 249973 389682 346287 734083 309677
400049 269521 632015 602562 425230 294580 292825 347152 288836 351188 415780 485438 260052 710322 320233 401771 197204 551489 350483 375384 219005 554700 218284 50494 999999999 245707 103761 441214 321127 510110 303555 332649 298289 329249 476996 483559 109871 501133 256736 168081 221280 586451 354317 126860 458165 257186 204590 231748 723770 392433 346897 158736 595115 675871 353230 379950 448292 251401 390118 352561 674657 506551 816785 303454 73523 376343 601564 215392 441468 190192 327618 413749 665576 95226 591646 311119 237985 638691 426079 354344 205646 275971 201173 116286 286637 360183 281264 415034 364016 293372 535240 260767 436162 297912 350338 209438 438314 366381 693195 269361
644053 500472 867861 730599 484555 477967 123459 552704 61678 574595 479133 699883 128201 947687 565450 364237 152592 746788 595631 214124 305333 784957 342899 195808 245707 999999999 308286 686580 431047 719649 132892 478977 418995 390157 237940 597068 354390 656355 299933 367380 457009 763632 574950 275695 564210 449305 64913 304433 777495 386161 126726 221083 650664 818501 598818 570185 581165 376749 629969 302195 819948 751972 1059653 457224 193667 542585 695233 131429 447963 81350 469109 347751 911052 238883 659276 478756 354692 684836 645683 290057 128419 485893 393605 134931 186930 603170 130993 523425 122698 47702 559645 276516 681618 348479 366991 436862 196556 367641 915421 470663
348415 193202 624635 499505 520351 355144 316396 251294 336411 373045 510461 509833 277900 640734 295292 352294 295188 589548 324481 468514 148229 558098 129104 130070 103761 308286 999999999 409778 226271 417425 391654 230018 385166 427184 546165 563744 125955 564490 196981 65876 153899 635286 379237 60798 359331 315975 283505 164271 630980 331654 383696 262496 504123 739822 322221 429581 345733 340449 326776 314802 737470 461205 757493 378299 173667 440309 502653 231930 371681 272470 225709 374459 618786 73822 497935 207359 148864 549068 447836 457357 224547 318697 98294 174730 283394 305682 300142 499333 430954 353547 454534 364342 392584 398275 452456 129407 504778 305572 608532 320108
99229 253104 237553 626474 601939 348779 722477 325070 729178 211710 591647 258158 685234 338379 121175 732498 602166 360912 91153 776134 531285 210977 487632 491592 441214 686580 409778 999999999 525585 345783 721760 467653 468703 560145 912202 538382 332247 454585 583023 384630 265477 437618 222687 467902 586880 337378 639932 547639 850900 697848 784369 526778 753308 585636 88544 326361 532046 458870 151196 709536 578336 87921 401963 411188 498075 389699 693666 638811 715640 623677 475539 764327 233072 480866 731752 422233 499290 798962 221601 697121 630544 285624 384697 556314 693058 130959 707492 518929 802194 734282 756440 584697 53841 562211 620241 299827 875758 674876 403088 311260
435125 273644 761766 300488 745226 574321 368312 223273 426758 563487 735518 694918 332746 641443 440203 230362 483612 785808 462435 633467 126535 714910 103781 325316 321127 431047 226271 525585 999999999 356137 550163 73781 611437 650250 650155 788761 343046 781638 139375 185343 277501 840475 572120 196582 139885 535366 438230 126734 404710 185444 443551 473456 278296 955650 452709 640242 150470 566567 391100 236280 952511 543022 779470 602703 377967 659521 281949 304829 190915 434575 61684 272094 681368 236827 271714 110151 85152 323785 633318 655951 305003 529179 162885 332186 295861 396000 348668 725353 541864 463162 241474 576451 488003 618857 669745 243006 606617 168693 559597 535306
255076 250083 557515 301885 847909 606221 695145 167043 736497 511007 837073 597699 655999 294987 351301 584526 707312 701475 349386 884498 443184 554172 394238 546436 510110 719649 417425 345783 356137 999999999 808938 282720 700744 775739 956294 828196 444535 769598 480385 353807 300726 775426 522938 444100 331577 577179 700642 453490 544241 537092 770099 658419 474999 919250 332509 625005 267808 670706 208889 591739 912828 303304 438824 660663 583630 675291 389710 616821 524838 689888 295010 627482 384880 481365 446824 258072 391329 514858 550478 856171 612953 539998 326091 590186 633852 250173 675873 787809 841536 761951 517337 750378 291959 760455 820756 302236 913614 523417 204542 560292
696258 572970 874873 850619 394364 454401 251608 642927 177700 575188 391195 686163 260926 1011829 602385 497050 120043 715314 631357 83638 423681 785679 454853 262736 303555 132892 391654 721760 550163 808938 999999999 590463 366380 311558 203034 523876 398191 602289 425782 456359 524789 718660 572778 375030 686934 434602 112745 425464 908932 518746 227838 200029 781367 750891 637901 543677 698261 333685 691417 435039 753758 796247 1112402 417838 232585 502365 821585 261600 580464 120138 581682 479435 953282 333503 788829 583621 469246 816454 639078 171479 257045 480495 486540 224144 319609 658657 261950 452896 125637 133156 691952 200744 726491 272142 271206 511962 178456 499730 996241 460129
373673 221596 705096 270014 747454 556391 429012 153503 481849 527834 737315 654559 391688 567857 392507 303967 512208 749484 411902 672573 176581 664213 136297 347576 332649 478977 230018 467653 73781 282720 590463 999999999 607725 656194 705858 777395 330229 759294 203358 173315 236817 808620 537387 219410 138517 518321 477718 182393 419125 258342 504747 490553 301509 930863 400550 614236 115721 565211 327050 309087 927038 478092 706389 591462 397720 640465 277927 358962 257776 471717 12311 345872 612098 261994 287420 45696 124785 348362 594105 681240 357573 505087 142572 367285 360393 336796 409321 717956 594746 514942 289036 593220 426712 628156 682439 205742 662326 242353 486596 514517
491755 457409 550412 869672 147335 122658 524003 567127 480368 267347 136523 341227 505238 803459 376461 692946 269266 352356 395598 380753 517198 455989 512021 317660 298289 418995 385166 468703 611437 700744 366380 607725 999999999 93441 566715 188090 279557 238508 554156 434550 410706 352353 259550 423827 742425 132572 354083 530032 1016146 688405 545715 199791 889031 400452 409519 191652 721214 47629 514030 638649 401477 555979 867790 63138 271379 138554 884911 471494 739262 338014 605635 698525 693483 393237 883081 575507 531974 933616 308559 260556 461551 183130 465354 360414 550528 470716 521059 117059 486702 455565 833275 168236 497232 109676 157768 424793 544824 662652 839076 157583
578064 527948 641995 923524 99675 216045 505908 633507 451491 360728 92002 430394 493777 892970 463530 701743 238098 430894 484347 309176 544365 547334 547522 334813 329249 390157 427184 560145 650250 775739 311558 656194 93441 999999999 503390 212364 339244 297859 574795 483887 478983 419060 352989 455557 786201 222795 327092 555228 1052785 703817 514818 191869 923810 439364 497580 281104 771534 106192 596858 643785 442345 646975 960264 156037 282747 221707 929625 466766 758740 313536 652576 701297 786344 419443 920857 628356 567183 966848 400856 178027 457442 274715 516334 362463 544977 554283 506482 141804 436620 419583 859067 114527 586630 41678 65433 488113 486789 678988 922923 249026
877024 737888 1075504 942702 574579 657433 285429 789614 224028 776247 573457 889103 318017 1184545 791376 523314 319200 917432 821105 198340 529335 987306 572030 429022 476996 237940 546165 912202 650155 956294 203034 705858 566715 503390 999999999 712923 581719 799464 511865 605091 693508 917960 774306 512274 773900 637166 273074 524937 949915 560208 215466 400881 831202 940124 826011 746592 800062 536032 865680 468082 943799 982204 1293765 620048 414337 703953 893173 346909 619789 288799 695139 490580 1140813 476590 845848 710556 581236 857843 841402 336877 348464 682138 630648 372057 363739 837088 304383 644919 115244 194343 729325 398872 911858 466749 453143 674423 43565 549137 1153149 662367
590967 601756 536922 1030476 145838 226254 707600 715110 658739 328973 143574 324586 690928 874187 480017 880808 444593 278074 489304 516003 701398 446154 692431 505463 483559 597068 563744 538382 788761 828196 523876 777395 188090 212364 712923 999999999 447684 119397 740235 606650 560961 237267 317326 607087 914722 261541 532674 714852 1192311 875299 723175 383691 1067055 227417 505746 212186 887575 235652 625474 826731 230884 624521 910279 186264 459447 153401 1055230 658586 925013 517717 776724 886609 734764 578785 1059076 741333 712327 1112422 326715 378939 648721 289380 635272 548111 737670 581772 705876 73784 648981 629428 1016418 325724 580249 252663 260342 581898 698202 849410 936786 271846
298081 194504 523785 590115 423387 231576 400172 294825 398703 252485 412882 389173 365671 614957 211085 476024 282251 464981 241245 462146 274003 449071 252839 160337 109871 354390 125955 332247 343046 444535 398191 330229 279557 339244 581719 447684 999999999 440143 321701 159087 143812 509389 257499 182419 467080 192494 308722 289843 744953 457266 456467 219083 620783 615142 244839 303653 442353 239932 295466 434692 612548 400546 714593 261488 167777 316888 608144 319858 497528 292954 329167 495371 559098 173613 611779 296275 272069 666641 327923 413899 310564 192757 187764 226089 385683 260801 387418 387805 470449 402088 577852 306092 330257 318883 378300 148967 544335 431114 612323 194636
520957 562959 422847 997753 256131 209467 756913 675622 717390 258602 251270 217117 734980 782454 418569 902748 507695 158965 421259 606936 710034 334969 692799 532929 501133 656355 564490 454585 781638 769598 602289 759294 238508 297859 799464 119397 440143 999999999 753999 596312 529109 123048 246662 615556 897804 248578 591520 724958 1178353 890732 782910 435614 1057421 175483 438182 147982 863287 279658 561640 853279 173693 536957 807022 202818 494297 125019 1033789 697708 935198 575083 760515 914332 633282 594097 1046041 719281 712149 1103802 233757 474554 687575 254213 621151 585277 775763 519465 752278 161813 724343 693855 1017994 401718 501563 332776 356282 555541 780201 864485 857580 246332
505087 335638 809717 432690 673653 544977 228975 327582 289476 569789 664904 706428 193932 752696 478380 155667 377015 786362 505482 509379 52029 749166 97612 240163 256736 299933 196981 583023 139375 480385 425782 203358 554156 574795 511865 740235 321701 753999 999999999 199232 317761 830527 576146 139608 264915 506216 317299 35432 490448 136740 304176 385944 360875 929396 499898 623947 288301 506842 469811 126811 927660 618566 884681 559532 292106 629010 395923 169781 185166 317037 191460 181988 768471 161555 365145 222359 92222 399986 644321 549737 171615 513974 199617 223282 157271 462513 209353 671157 405414 328025 285029 485314 555342 538687 582577 283199 468398 110488 684887 513354
311584 145447 610596 439761 574279 389414 361053 186975 390070 383493 564103 517942 321569 588205 279439 352308 361062 604873 306281 533925 147227 551967 108314 195749 168081 367380 65876 384630 185343 353807 456359 173315 434550 483887 605091 606650 159087 596312 199232 999999999 119187 656886 391336 96027 308500 350604 346991 163813 585866 323333 432177 326359 462063 770331 300720 455223 287906 391896 282509 325169 767236 425652 710217 420396 239264 474489 450447 277469 353851 336689 171117 381190 580048 128510 452701 145040 124407 508119 455776 522378 271518 344006 33237 236409 316589 268470 343325 545640 489910 411195 424189 427219 359848 457199 512956 85965 563026 298448 548065 349985
195308 50829 493568 470523 557547 334958 469972 156511 489165 291064 546814 418739 431192 491050 164484 468943 415100 512698 189437 595016 265912 439496 223517 265604 221280 457009 153899 265477 277501 300726 524789 236817 410706 478983 693508 560961 143812 529109 317761 119187 999999999 572278 300742 206910 373434 299696 423947 282342 653623 436916 537571 359702 538299 697766 182574 381977 334609 375988 173479 444114 693484 308919 604231 380089 292979 415436 505490 385497 461151 410487 240610 499427 465500 227716 523349 193504 236704 585157 357772 556506 378312 276557 121768 322078 432216 152297 453367 509526 578869 503478 518182 449743 241713 461201 521125 35560 653201 412943 473422 290152
520471 597613 343539 1028548 378550 293447 857596 705690 823722 281906 374021 179464 832733 741501 435330 983406 618671 78702 429332 727413 783389 269797 759857 623876 586451 763632 635286 437618 840475 775426 718660 808620 352353 419060 917960 237267 509389 123048 830527 656886 572278 999999999 271725 690921 945711 329480 699331 799175 1225696 966554 889263 542797 1110008 149953 445707 207026 904670 388933 567419 937902 141867 509761 745101 306534 590843 221050 1075479 792878 1006307 682371 811578 999126 578112 675121 1095610 765777 778330 1156826 226048 596529 782723 316663 677629 681117 869251 529097 851266 284841 838721 803369 1080967 519162 489788 452352 478720 602964 897059 940366 834439 318104
276060 326469 302795 759603 382610 137057 645050 436247 628867 11997 372636 131799 613879 560786 172132 731527 455161 213757 175185 610689 526426 213000 497480 400322 354317 574950 379237 222687 572120 522938 572778 537387 259550 352989 774306 317326 257499 246662 576146 391336 300742 271725 999999999 438423 674119 141319 516584 542826 953980 709485 691794 373425 838890 403266 192051 105518 633080 262084 315139 691967 398017 310119 612079 197710 383091 167040 803967 569660 744550 499010 540684 752450 436501 430877 824075 494228 515009 885737 71847 509580 559855 92291 409436 464830 639972 272807 634701 296585 674904 620588 813453 402117 262931 363430 416768 332060 743808 683662 619568 114115
402169 239964 685047 487567 552019 406222 265444 277340 294792 432569 542608 569459 226094 684231 355037 293629 292836 647378 383921 455748 94790 618896 92825 129619 126860 275695 60798 467902 196582 444100 375030 219410 423827 455557 512274 607087 182419 615556 139608 96027 206910 690921 438423 999999999 335598 367296 262935 109405 597229 275967 336162 276932 468369 791034 380987 484356 332675 377413 376466 254331 789095 515823 805578 423817 181678 490704 478409 181566 319967 255093 212186 314306 672118 42598 465451 208659 112048 511838 507602 462823 175500 374397 118506 150951 225629 359092 248022 540014 397437 317953 409593 379980 448202 423037 473226 177711 469748 249721 641641 373844
489100 352601 823632 168842 879646 694646 488637 261856 553532 664294 869716 788549 456499 626314 523557 293008 623398 885125 540422 770486 264145 790330 243153 464838 458165 564210 359331 586880 139885 331577 686934 138517 742425 786201 773900 914722 467080 897804 264915 308500 373434 945711 674119 335598 999999999 656435 575801 261471 280724 243502 561527 612465 167469 1069196 527710 752587 63797 698834 438857 324762 1065299 583926 770398 728567 517256 778870 143445 434686 209856 572940 138081 338164 701891 376422 150022 179946 224956 213991 728887 795828 436254 643593 279480 471427 411421 456781 469537 854135 669754 592883 185918 715544 541226 756021 808015 343557 730701 241260 518305 652975
359838 341913 443637 768944 274681 39179 532764 454769 506573 146147 263915 252913 505740 670989 244404 656679 319223 300001 263036 469674 461600 352279 444527 294757 257186 449305 315975 337378 535366 577179 434602 518321 132572 222795 637166 261541 192494 248578 506216 350604 299696 329480 141319 367296 656435 999999999 387772 476654 935793 642933 571274 237483 812666 424013 277060 124275 626928 123397 384288 609384 421887 424199 738076 83518 265122 124471 795571 464635 686689 370196 518393 670614 565008 347646 802826 480930 463986 858701 204603 369495 454508 52814 377359 353828 540229 340592 525045 211587 541582 492984 769954 260947 364702 226666 283337 320423 608400 616674 707999 27673
604259 470310 812738 738532 422808 415248 180143 533961 126416 516868 416986 639576 174569 914426 518897 404459 88995 683798 548781 195394 311943 728016 342155 158369 204590 64913 283505 639932 438230 700642 112745 477718 354083 327092 273074 532674 308722 591520 317299 346991 423947 699331 516584 262935 575801 387772 999999999 314526 804977 420152 191637 156554 676293 753660 553279 507424 585793 311964 594509 342687 755074 709143 1021162 392825 141927 478325 712002 161498 480992 17614 468950 393525 867809 221912 682112 471306 356725 713114 586634 242060 154865 426340 376257 112028 231372 564709 183300 458971 162518 105282 591082 214476 638790 285458 307666 407842 235826 399171 891316 410001
470162 300784 774338 426357 653363 515606 246664 297244 301055 536256 644342 672717 209338 721725 443031 190065 367231 753767 470078 509017 16741 714135 63821 220821 231748 304433 164271 547639 126734 453490 425464 182393 530032 555228 524937 714852 289843 724958 35432 163813 282342 799175 542826 109405 261471 476654 314526 999999999 502188 167430 322412 369013 372341 900438 464466 592979 277140 483053 435493 162024 898485 583768 852483 532569 273758 600108 398086 178547 210759 312301 171122 217384 734299 137020 373688 195819 62210 413523 610552 540461 178375 482512 164621 213270 180495 427505 226984 646764 415565 336586 304245 470150 520235 520313 566488 247824 481372 141311 657655 482774
751696 629897 1083448 245508 1148906 974267 675025 529841 749625 943959 1139348 1065808 653387 816278 799291 426760 867414 1163833 813860 991470 510857 1059235 505647 721498 723770 777495 630980 850900 404710 544241 908932 419125 1016146 1052785 949915 1192311 744953 1178353 490448 585866 653623 1225696 953980 597229 280724 935793 804977 502188 999999999 393860 736177 870427 129857 1349919 800093 1033308 323004 971207 699866 484346 1346018 834059 959583 1006057 774700 1058822 157665 647339 332323 806232 417910 460361 929022 634247 133245 460384 485844 92884 1007030 1040177 652188 924168 558442 713457 597254 724226 658975 1129820 862179 794458 220939 972169 801557 1019810 1067977 624221 909630 410208 681458 933133
612420 445133 930180 404618 803293 681712 281276 408312 355789 702635 794934 838705 260121 825943 600947 49753 492182 920985 626346 600179 183450 874932 215039 371722 392433 386161 331654 697848 185444 537092 518746 258342 688405 703817 560208 875299 457266 890732 136740 323333 436916 966554 709485 275967 243502 642933 420152 167430 393860 999999999 344936 512668 271303 1066117 618929 760219 292797 640893 571357 92153 1064397 723118 964713 695720 421833 765736 337934 259005 61902 424084 246613 94952 865188 297585 285818 295054 200313 300988 776477 660963 265288 649898 315161 343749 203422 571460 265117 805461 468619 400804 173888 608303 664589 666220 706307 401392 518798 26260 737996 649806
731258 575120 978324 730306 607313 601490 75751 606738 65580 690486 602427 819236 114175 1020370 664491 309494 278614 870302 694740 292624 329734 898689 376751 296865 346897 126726 383696 784369 443551 770099 227838 504747 545715 514818 215466 723175 456467 782910 304176 432177 537571 889263 691794 336162 561527 571274 191637 322412 736177 344936 999999999 347389 616133 945161 695835 693580 591548 503258 710303 252898 946646 842872 1140722 583149 308903 668251 678039 154995 404953 207840 493336 279770 1001339 309876 630433 515794 382512 643754 763254 398441 160663 604931 451980 230723 150108 688855 95429 649635 132151 97214 515282 400505 773272 473199 487306 511832 173871 333687 972133 591334
510896 410393 675025 760566 291543 261529 324461 500007 281832 375482 283703 490360 307336 830870 409724 509876 81872 528847 437655 249484 359608 586426 369677 149024 158736 221083 262496 526778 473456 658419 200029 490553 199791 191869 400881 383691 219083 435614 385944 326359 359702 542797 373425 276932 612465 237483 156554 369013 870427 512668 347389 999999999 740738 600242 445719 353227 605952 155983 513315 452039 601215 604687 923025 236276 95842 321826 755339 276801 568508 139734 485012 509923 759557 237135 740123 469855 388576 782477 440874 198195 267207 281270 359557 170602 355660 476529 322216 310088 304290 260826 670949 103096 536070 153554 197562 356479 371060 488114 831265 261929
655013 519664 989442 209588 1020345 851444 551963 428318 625419 829340 1010877 955166 528258 763121 690795 309171 737729 1050871 707880 864256 381133 957662 377431 591869 595115 650664 504123 753308 278296 474999 781367 301509 889031 923810 831202 1067055 620783 1057421 360875 462063 538299 1110008 838890 468369 167469 812666 676293 372341 129857 271303 616133 740738 999999999 1230350 695174 913924 222093 843675 604205 363236 1226815 746428 908100 880971 645059 936426 106546 519870 211524 677170 298480 347060 856171 504856 31772 345281 357534 46861 895127 910594 524350 803725 436272 583714 473386 623668 535185 1003443 739394 669576 107560 842375 706692 890486 938299 507044 790003 285150 639943 811375
665179 728225 485828 1162524 368198 384931 924251 839221 880076 414552 367916 327928 904331 891095 573332 1077631 667001 228646 570617 742794 885517 418048 867935 706205 675871 818501 739822 585636 955650 919250 750891 930863 400452 439364 940124 227417 615142 175483 929396 770331 697766 149953 403266 791034 1069196 424013 753660 900438 1349919 1066117 945161 600242 1230350 999999999 587336 316627 1032350 445392 710469 1027472 9942 659345 890482 374574 665603 300393 1203256 868605 1110674 737941 932601 1088404 726017 769256 1218136 889844 887211 1276885 368950 605065 858525 426711 794338 756368 947176 670606 920791 298219 875700 853071 1192900 551653 637092 479022 487123 725864 925613 1039876 984089 420780
85350 179596 311252 587690 550112 296294 634029 270366 640821 180054 539475 271894 596891 395979 36090 651511 518936 374642 16929 695107 447926 263671 406088 403518 353230 598818 322221 88544 452709 332509 637901 400550 409519 497580 826011 505746 244839 438182 499898 300720 182574 445707 192051 380987 527710 277060 553279 464466 800093 618929 695835 445719 695174 587336 999999999 296500 477494 393041 123727 625825 581141 158970 477541 357107 411674 352652 644768 550458 640554 537248 407137 681763 315469 392737 675930 354876 418998 741593 219682 623163 542137 229261 303932 468008 605615 83424 619140 475398 715248 646512 689040 510407 91260 494897 554482 217855 789040 595223 433848 253653
381101 415024 361668 849867 290978 92219 656730 527641 628515 117346 281815 149623 629990 663171 273813 776458 433461 176723 279760 568166 577358 266872 555673 418834 379950 570185 429581 326361 640242 625005 543677 614236 191652 281104 746592 212186 303653 147982 623947 455223 381977 207026 105518 484356 752587 124275 507424 592979 1033308 760219 693580 353227 913924 316627 296500 999999999 716507 211762 418599 730927 312908 412934 706576 130148 389049 67143 887256 588887 801170 489988 616004 792144 530417 468095 901519 573359 574524 960517 124665 452124 578763 111422 478264 478075 664267 375583 649223 198272 656651 612655 879062 354434 368213 301307 346538 409387 720641 733997 725025 111081
