NAME : synthetic_000523
TYPE : CTSP-D
DIMENSION : 100
GROUPS : 8
RELAXATION_LEVEL : 1
EDGE_WEIGHT_TYPE : EXPLICIT
EDGE_WEIGHT_FORMAT : FULL_MATRIX
EDGE_WEIGHT_SECTION
999999999 732392 798567 570134 112793 684845 753253 805301 507185 316532 479406 620644 184129 887320 822197 855799 979331 765294 1079033 756881 665864 321794 919370 924374 790869 355670 767258 650494 639878 990433 787514 531491 375204 782767 716205 865571 1006635 862017 873362 377491 515370 786101 609596 659426 652579 895919 727008 804207 861769 572135 545382 477757 384896 606340 857488 895071 796782 957188 975754 495390 749196 651927 70981 915584 817438 858866 844342 786166 947031 1166856 703432 374675 443347 759568 714480 557090 887792 218569 169701 463221 399413 222771 1173078 613923 762549 1063904 924030 806700 1111501 499129 1114442 823491 291675 188673 860837 542764 1064440 788691 1070736 769438
732392 999999999 686485 228814 681536 268723 705205 909721 246498 416133 389000 233241 671236 174381 234001 464636 421214 46676 450547 670485 439963 730973 758113 652665 159071 590903 779551 130617 98730 721649 707065 244738 392545 495849 202140 984798 699555 347329 433788 360174 222695 806476 375688 690698 193002 415719 369192 758308 910733 627493 796619 256240 522213 542220 166113 764946 683718 742618 374600 634090 268201 697972 760121 792435 847380 786907 806719 92645 334320 661434 439293 373640 357085 44928 241730 281039 545232 689915 638523 477512 472857 687377 562250 256826 198075 445386 297922 616611 477543 680673 466086 101847 725961 550452 981480 538528 640925 692172 667770 451207
798567 686485 999999999 502371 686522 903386 66416 268922 555602 668537 411219 832214 618488 682194 919088 295557 489722 729984 616993 42065 250813 521230 120816 179188 568533 442897 133647 566825 689204 216434 32843 757624 537414 207638 487893 331373 251605 429570 346122 690364 681042 152076 328971 159504 817067 389692 321822 82006 240311 228862 361036 661465 424798 207563 841749 100536 2796 165360 541197 308864 432472 172078 866869 125813 183282 100509 123222 777630 548741 518216 247200 724000 482590 663374 448199 451790 240617 593276 854959 364501 432306 588487 643331 849677 874836 596196 981236 86351 641074 322083 664138 682141 545658 743180 329524 264765 379577 16059 365182 249808
570134 228814 502371 999999999 496575 401526 507252 698068 78009 280239 160399 329902 471216 334842 438188 363549 425318 275079 512274 478068 253318 510253 594832 518296 223873 367062 575450 101839 193912 592530 516833 261793 196996 346928 147225 774157 584028 312167 357225 256518 187139 602732 173465 476605 315834 363478 229596 564461 707923 405128 568375 180726 297231 328840 394180 593042 499585 595406 410913 405992 193688 482246 613423 620760 644464 601412 614705 317729 379354 643365 268575 286335 140339 231422 154085 55245 429759 482831 521693 248699 248553 479644 612043 347806 385959 498527 518648 448069 544470 452348 545556 285283 508472 412306 770512 315118 575648 504533 593870 308808
112793 681536 686522 496575 999999999 675869 640589 695954 442767 279782 386249 604651 72211 825220 800833 756356 890479 718755 996041 644744 563675 217211 807281 815740 720343 243847 654699 585652 595453 880689 675024 508189 299887 678806 638661 758030 898258 773341 777143 347025 476534 673781 513159 546633 630467 802374 631717 691415 750924 459576 438316 436250 278302 496858 820198 782626 684776 846032 892016 382610 664463 539156 183063 802970 705575 746080 731618 745326 865763 1068467 601797 354405 361181 703521 632254 475333 783833 110021 233528 358970 298880 113705 1085734 602174 739920 979896 901692 696891 1028577 386818 1033657 765844 187706 188370 753298 433106 961638 676441 966477 668281
684845 268723 903386 401526 675869 999999999 908325 1091954 361256 401377 529427 79072 694019 418965 155184 720344 689761 252027 709737 879594 653077 798920 991074 900010 427430 682124 974633 346947 219045 971990 918348 178376 461111 733691 451505 1168240 954712 613244 694941 334194 243060 1001887 574865 871034 86905 680899 607096 965860 1106889 790922 926576 278586 625300 726254 250622 991972 900594 984811 641240 772158 521371 875120 687205 1019761 1043700 1002777 1016165 225998 600887 929926 663498 321778 468493 312325 487487 454246 798191 725291 542992 614001 579749 724449 821314 74301 112659 706983 251431 844960 734144 814251 718795 352041 784136 498869 1164361 702060 907126 905913 932894 691035
753253 705205 66416 507252 640589 908325 999999999 219170 552919 646586 397775 834733 570930 716135 935030 346488 543077 750031 671688 41960 265275 465344 173580 245448 598155 398972 79932 580838 698705 281284 38790 754790 517277 250383 511759 288236 317713 473844 396418 674401 678475 104473 335355 99018 823035 440190 350904 59516 206016 181331 295832 655430 389748 188594 864777 143841 66741 226477 591242 258567 462271 110316 822599 162487 143334 109201 109767 797438 595601 583466 271142 707614 468908 685740 472886 454083 299577 543241 819999 338939 404079 538506 703451 850892 887874 650840 1002403 142581 696958 265517 718969 709962 490993 710898 285703 235800 445236 50488 431407 288360
805301 909721 268922 698068 695954 1091954 219170 999999999 730805 780746 564057 1015282 623928 932751 1134432 563322 758510 955570 885913 260684 474511 485294 308533 431516 812765 484432 139274 781633 891978 439020 236970 927258 662088 469380 722978 76292 484736 692938 613681 821978 853094 117045 534197 221544 1009366 657417 567072 188443 73469 303674 262525 824282 505978 369539 1072618 271919 270802 372823 808850 345665 677824 216843 876202 265947 90591 205955 167128 1002366 814353 770185 486050 853123 630306 894090 685137 643007 508910 586937 909059 485666 537541 582879 909264 1028962 1083834 865117 1207617 354926 909846 320322 933049 922763 515268 812978 72494 390413 630888 255166 610369 507455
507185 246498 555602 78009 442767 361256 552919 730805 999999999 206135 168854 284572 426513 382649 424370 439481 501649 288942 584029 527551 313077 486311 654901 587151 284322 349591 615837 143644 180416 661622 566756 202218 146755 415646 220105 807080 655679 389560 434808 178573 125687 642986 230341 510200 280236 441486 303706 611608 747584 429843 575134 108725 283450 367267 402791 650032 552859 660267 484233 416006 271161 514014 546040 677482 684765 652415 662159 324770 451066 721336 333797 208360 116334 262550 231177 108266 503127 443742 447522 255924 234344 441117 686038 299097 367106 571159 513960 508704 615918 460189 615298 323628 480106 340973 803179 340807 652690 556014 670274 379962
316532 416133 668537 280239 279782 401377 646586 780746 206135 999999999 262652 327246 292644 574966 521179 622062 705386 448807 790163 632564 460170 405378 781959 742094 487572 311122 692013 343658 323460 815425 670488 229054 131500 576444 425922 854173 818127 591153 625792 67746 199861 717262 383044 576883 351010 638134 484393 705622 815218 483629 567484 161362 275034 461574 543802 768669 666058 801045 690169 435813 472927 575809 345852 794348 756984 754659 754458 470862 657200 918084 490937 83699 195932 444737 433983 287447 674825 324512 241575 307754 245678 323904 891799 327089 460214 777249 621923 643470 822037 467991 821128 509034 387433 136862 849741 411071 837838 664392 851692 549029
479406 389000 411219 160399 386249 529427 397775 564057 168854 262652 999999999 451911 344531 484885 589300 379026 504440 435050 613231 378011 200240 357241 521285 480578 364689 212188 454500 261682 342988 553425 416925 363405 132208 318693 270863 640213 558101 387515 394072 279163 289055 481292 131469 345054 449084 416909 247641 457262 584721 261602 410506 261036 142132 209182 553763 510195 408623 538491 509066 249220 282632 347845 535253 536607 522781 502565 507488 476699 485679 688177 234025 312831 71467 391046 255034 112790 420856 346896 478704 89381 97422 343032 699974 465029 533620 596293 674668 381040 645684 294634 652820 442056 359233 362325 636218 173706 592052 408774 602065 296871
620644 233241 832214 329902 604651 79072 834733 1015282 284572 327246 451911 999999999 619496 399819 202373 662952 650248 230221 683565 807100 582972 721251 923257 837434 385911 603226 899674 286560 161081 910345 846054 100381 382140 668883 395536 1091541 895542 564858 641258 259574 164306 926885 503244 794771 45063 631014 543732 892737 1031701 713513 847557 199515 546228 651073 266216 922621 829431 919883 606806 693483 465318 798539 628365 950372 968694 930986 943175 218874 566683 889960 595674 250507 389979 278161 429109 381099 738755 649736 487625 535726 500726 648735 795337 23597 144833 678621 304058 776666 710107 735385 697549 328531 707036 432701 1087615 625036 857240 834122 881495 627271
184129 671236 618488 471216 72211 694019 570930 623928 426513 292644 344531 619496 999999999 804890 809635 703932 847548 711156 957754 576554 509404 148934 739052 752785 694284 178020 583170 565943 591181 816161 605921 520300 279837 621860 607601 686480 835492 731212 727859 360038 478896 601978 465693 476054 640941 755545 584273 620888 678714 390481 367194 437910 222134 433644 818080 713582 616824 779459 853583 312463 626771 468254 254839 733412 633514 675631 660452 741499 829600 1016081 547883 373711 331618 689046 597151 443037 726493 41481 297403 304491 250881 44068 1043371 619732 748555 940810 908954 632570 990212 315001 997074 749472 120712 231851 681750 369960 905067 607958 908345 614492
887320 174381 682194 334842 825220 418965 716135 932751 382649 574966 484885 399819 804890 999999999 328052 410676 298992 169880 292211 676631 462108 841641 728200 603690 125217 696882 795250 239643 271895 663470 708491 419089 526540 475689 223085 1004158 631864 270405 366786 524898 391445 820589 423658 725749 356360 334262 365689 761418 919916 681699 866974 420688 626681 584798 208687 743251 679619 698667 238974 707574 255249 735554 920813 769126 858800 778781 805403 194183 200932 530605 446788 541878 475155 134527 254691 372672 491171 817608 805843 565259 579622 814453 403148 422959 321386 291477 341775 601302 315444 754437 299901 72685 841716 711516 1001478 599795 540772 691474 571607 432463
822197 234001 919088 438188 800833 155184 935030 1134432 424370 521179 589300 202373 809635 328052 999999999 694844 622921 194598 616807 901555 670578 898765 992108 885049 379987 769879 1007587 354243 246389 952854 938723 292960 551841 729833 436088 1210195 928600 569044 660489 453809 332729 1034722 601411 913508 170565 637539 603165 989368 1139566 843192 998967 373493 706350 764970 123723 998805 916310 975872 565878 838485 501144 919695 830731 1026328 1076036 1019590 1038317 148869 526728 858167 672140 449352 540314 265035 475725 493398 776182 836847 689443 678303 657811 835355 725435 212897 61089 618013 101838 850412 636901 883515 617295 276811 887774 633806 1206686 753114 857733 924249 886669 685162
855799 464636 295557 363549 756356 720344 346488 563322 439481 622062 379026 662952 703932 410676 694844 999999999 197089 500366 326416 304545 195200 664056 319350 193615 316635 535934 424986 376430 503018 258212 326633 616334 502844 103688 268838 626903 235120 141919 50601 613826 546284 446317 247558 394881 635000 94154 137813 377528 534592 398060 586266 544144 481845 303270 596858 337958 293441 288150 245668 461508 199030 407858 913716 362434 478838 382321 414189 546203 254469 312257 156664 645659 431029 429868 233845 337506 81799 694913 853573 399442 457624 690355 372279 684571 662705 305596 737957 209244 353143 499110 373678 428791 678631 737682 625079 355798 215778 308450 231020 90842
979331 421214 489722 425318 890479 689761 543077 758510 501649 705386 504440 650248 847548 298992 622921 197089 999999999 441571 129566 501197 363177 830929 493934 356052 264344 693280 620964 387751 493283 399047 521544 632870 606797 298906 283655 819950 359066 117340 148823 678882 576736 641489 383552 590591 612897 106455 267626 571205 725859 585506 776841 588571 630912 486390 506998 518841 487774 448664 65784 641581 232975 603347 1029656 540398 672417 570370 604555 479210 98533 240224 328354 706281 536498 377459 271405 424567 253615 845532 946516 550453 596747 841296 195853 673685 606959 108838 640345 403585 157683 682645 176732 347059 841564 835248 818368 530633 245119 503352 277379 273681
765294 46676 729984 275079 718755 252027 750031 955570 288942 448807 435050 230221 711156 169880 194598 500366 441571 999999999 458085 714861 484761 774714 798996 690485 187177 635519 824835 177291 125490 758292 751134 260474 433814 536762 243340 1030518 734463 377098 466877 389762 251008 851696 421762 736875 186504 445753 410961 802631 955752 674125 843132 287548 567177 588487 119452 806838 727228 781549 390306 680618 306909 744252 790036 834212 892475 830286 850761 47655 350025 680935 482841 400132 401319 70501 283198 327603 581625 731048 664222 523744 517768 728637 569810 253228 166599 454998 252441 658738 483155 727163 469057 100250 769025 580979 1027231 585195 668816 736018 696730 491954
1079033 450547 616993 512274 996041 709737 671688 885913 584029 790163 613231 683565 957754 292211 616807 326416 129566 458085 999999999 629892 488245 950882 612831 473911 312332 810583 749053 453579 537680 507648 649125 684662 703880 428472 365082 945883 463709 231368 278385 755289 639023 769019 500005 720140 642041 235741 388669 698000 850927 713380 905243 657764 745833 613560 494041 640046 615135 562923 104178 767154 331618 732876 1125143 660107 798930 694373 729528 486265 133012 262685 454799 779542 636444 405756 364651 522184 378138 958758 1031394 667312 708465 954692 111829 707108 613552 20849 613285 531227 32537 809136 47292 357846 959897 924229 944454 655309 327135 630967 360578 402477
756881 670485 42065 478068 644744 879594 41960 260684 527551 632564 378011 807100 576554 676631 901555 304545 501197 714861 629892 999999999 230979 479510 162545 212186 559709 401237 121432 547801 667726 255567 39236 729766 501916 208699 474971 328681 288308 432256 354458 656655 653231 144966 304917 120463 793763 398230 312157 87841 243654 186798 324423 631986 384660 171012 828630 139849 40641 206860 549291 266810 423589 133547 825327 163416 182181 125099 137115 762394 553812 546664 233548 690158 449475 649685 435758 426003 258963 551222 815204 326770 393952 546433 662788 823907 855548 609043 966985 102297 655295 280662 677178 672150 503777 704053 326293 225624 409372 32515 397239 247319
665864 439963 250813 253318 563675 653077 265275 474511 313077 460170 200240 582972 509404 462108 670578 195200 363177 484761 488245 230979 999999999 471541 342287 282163 339596 340833 340708 316928 438394 355965 268404 512720 331778 118931 248473 548160 358213 259599 225120 467007 436539 367349 82842 263650 566576 259991 104482 318791 471041 230098 422558 421415 287291 128982 599917 339728 248017 348200 389993 278909 207551 273622 726267 367453 407858 350939 367861 532164 380521 506828 38559 500594 264295 420917 210803 205724 222877 499735 678410 205145 266453 495170 554545 601110 624853 468539 737155 195745 518818 321333 533443 448324 484809 562086 545105 167456 398579 254541 405603 105100
321794 730973 521230 510253 217211 798920 465344 485294 486311 405378 357241 721251 148934 841641 898765 664056 830929 774714 950882 479510 471541 999999999 638492 675476 721910 145136 462691 611485 664105 731390 502960 620899 347303 570022 627252 543947 757445 719591 696661 468596 566862 478078 451424 366554 735887 730572 563447 508350 544847 295809 223855 526767 215119 367058 889010 608986 520045 686358 848340 216329 629951 356305 392275 625542 505347 562812 542300 811018 830461 970103 509175 489077 374061 740424 607830 468970 670189 107913 446314 285504 262194 104897 1024828 725242 838474 932243 994179 552490 982615 199837 993745 795521 30134 373904 539214 308888 847710 508507 845777 573325
919370 758113 120816 594832 807281 991074 173580 308533 654901 781959 521285 923257 739052 728200 992108 319350 493934 798996 612831 162545 342287 638492 999999999 138931 624992 563703 205147 647080 773326 130511 135542 855004 650467 262292 556045 350524 176837 461251 367342 799667 778813 208882 424659 272582 904193 407407 389204 143717 253546 348911 464034 762749 544668 324518 904687 37328 122656 64384 553471 428473 492976 283811 987682 47810 218972 103857 142292 846376 569368 464697 327692 833432 591911 729851 516384 547986 243706 713308 974101 481645 550036 708531 617850 942060 952339 592739 1045807 146763 632265 438687 658427 739334 663714 861518 350291 383957 326707 131210 303720 307049
924374 652665 179188 518296 815740 900010 245448 431516 587151 742094 480578 837434 752785 603690 885049 193615 356052 690485 473911 212186 282163 675476 138931 999999999 509169 574903 307251 553072 680997 74486 210449 779591 612749 171584 452160 482080 82748 333570 237453 748405 705434 320044 362376 331630 813481 274585 293707 246877 385129 380408 536385 695718 539698 319178 789813 167887 178720 95338 416840 459154 384475 345011 989167 186368 341070 228056 265958 736990 435001 340953 254563 781844 546355 620180 414036 479060 112524 733573 954942 464633 532431 728765 481529 857851 850084 453844 931037 123007 493421 482378 519504 622058 696887 839194 481326 382931 201563 195240 185994 210521
790869 159071 568533 223873 720343 427430 598155 812765 284322 487572 364689 385911 694284 125217 379987 316635 264344 187177 312332 559709 339596 721910 624992 509169 999999999 576806 676462 144387 230296 574775 593178 374245 420531 365667 98030 885222 548979 189939 280551 446791 326729 702311 298454 602818 348832 258593 247575 645910 803356 556719 741771 346783 506820 460400 280738 636550 565875 602164 223861 582580 136212 612292 830282 663267 741388 667062 691517 231150 184835 504249 327190 469300 362669 117840 130048 254303 398396 704046 726362 442372 460946 700647 421312 409361 353252 303213 422033 490912 342514 629396 337410 114447 723490 623958 882382 474579 482496 576710 509927 321128
355670 590903 442897 367062 243847 682124 398972 484432 349591 311122 212188 603226 178020 696882 769879 535934 693280 635519 810583 401237 340833 145136 563703 574903 576806 999999999 420803 468733 529611 638169 432380 504198 221200 448621 482151 554348 657633 579891 564323 365228 442542 442358 310645 308319 612604 595669 425900 451956 529492 217678 256405 404313 70217 255901 751637 539762 441112 602276 707339 145354 486419 302450 424188 560816 477756 506148 494742 673638 688006 846584 379305 391650 234387 598130 463241 324261 552373 160662 428728 143272 118544 155945 888423 610213 710635 792369 862453 454552 842590 164196 852623 651980 149703 328643 549747 192394 731214 433122 733069 445347
767258 779551 133647 575450 654699 974633 79932 139274 615837 692013 454500 899674 583170 795250 1007587 424986 620964 824835 749053 121432 340708 462691 205147 307251 676462 420803 999999999 653465 768482 329419 100846 816276 566012 330130 588622 208916 371126 553670 475174 725454 740575 27284 406264 115622 890262 518944 429695 62412 132474 209932 265659 715074 424423 248624 940578 168631 135149 267127 670234 275501 540883 118973 837762 175564 69073 107388 80032 872044 675209 648178 349276 758015 524230 761608 550136 521220 374019 551410 848759 385991 446490 546855 776977 914880 959027 728220 1077269 217973 773709 268475 796286 787613 490620 743975 206234 283843 508812 118699 491780 368288
650494 130617 566825 101839 585652 346947 580838 781633 143644 343658 261682 286560 565943 239643 354243 376430 387751 177291 453579 547801 316928 611485 647080 553072 144387 468733 653465 999999999 127927 625228 585328 247928 286982 387443 111219 857084 609206 287530 356444 302651 189058 680569 247609 561665 260437 350233 260370 635537 785351 496971 666732 204292 399001 412993 296693 650449 564034 638303 358976 504183 179861 568584 687628 678191 721832 667267 684776 222378 322422 621050 321411 326018 239020 129586 142632 151305 452433 580106 581979 349049 350192 577128 560159 308152 308030 442812 426766 502259 484551 550913 480958 184823 608959 480307 853667 407919 574682 571273 597501 344333
639878 98730 689204 193912 595453 219045 698705 891978 180416 323460 342988 161081 591181 271895 246389 503018 493283 125490 537680 667726 438394 664105 773326 680997 230296 529611 768482 127927 999999999 753123 705961 148434 318137 514858 234794 968055 736622 404237 480300 264413 125770 795747 363358 670515 132527 470052 388085 754950 900923 597668 753040 162125 463863 522666 227082 775435 686408 765903 453917 592205 304704 676094 664766 803219 837394 789282 804811 150373 414446 731916 446315 275963 296712 137922 269371 249044 579917 613246 540708 432112 414748 611113 648504 183659 192264 530556 333607 627738 566182 637410 556955 199925 656073 455558 964417 507565 696202 692690 720418 472038
990433 721649 216434 592530 880689 971990 281284 439020 661622 815425 553425 910345 816161 663470 952854 258212 399047 758292 507648 255567 355965 731390 130511 74486 574775 638169 329419 625228 753123 999999999 243077 853640 685632 246013 522519 479649 48014 393363 297214 822590 779662 336565 436625 375639 885650 329974 366882 267008 383072 435652 577084 770172 606736 384093 854617 167219 216879 66557 462861 515673 453936 388397 1056169 175367 349250 233707 272426 804320 485420 336443 328971 856066 619882 687822 485032 553543 176674 795046 1025899 533717 602016 790230 499345 930957 919514 488548 995517 183799 523478 534595 551214 686296 754189 910473 479627 447717 200966 231533 175242 284264
787514 707065 32843 516833 675024 918348 38790 236970 566756 670488 416925 846054 605921 708491 938723 326633 521544 751134 649125 39236 268404 502960 135542 210449 593178 432380 100846 585328 705961 243077 999999999 768972 540103 235964 510237 300933 280472 458977 377109 695364 692432 119947 343535 137271 832417 420782 345740 52933 211825 215488 334286 671220 419355 209227 864149 107662 34306 187690 572288 294125 456967 148887 856493 128706 152873 85884 99654 798725 579004 550315 268716 728825 488376 685374 470784 464978 273254 579091 850063 363954 430576 574334 676147 862946 893246 628312 1002991 117965 673416 303147 696305 706237 528283 739705 298918 261923 411439 18200 396331 276900
531491 244738 757624 261793 508189 178376 754790 927258 202218 229054 363405 100381 520300 419089 292960 616334 632870 260474 684662 729766 512720 620899 855004 779591 374245 504198 816276 247928 148434 853640 768972 999999999 283602 608492 358661 1003322 843301 535452 601419 161365 76585 843304 430633 708364 122402 597716 488091 813625 947412 624024 750963 103632 448846 568169 331180 851338 754874 857140 597868 599273 425534 711248 545435 878886 884990 854630 864178 267176 559076 868466 530153 157025 297729 286015 386279 307102 687514 549903 410846 443755 404498 548822 794909 106093 232335 676793 394337 708372 713628 640060 705023 346581 606669 342825 999280 537086 820798 758194 842383 569445
375204 392545 537414 196996 299887 461111 517277 662088 146755 131500 132208 382140 279837 526540 551841 502844 606797 433814 703880 501916 331778 347303 650467 612749 420531 221200 566012 286982 318137 685632 540103 283602 999999999 449524 341423 736890 689948 489895 511994 160125 221711 591839 258012 451898 391785 529355 366875 576570 691950 360402 468477 183121 166115 330925 544630 637412 534914 669901 600766 322238 374987 451960 422908 663222 632278 624735 625889 467006 571829 806634 364272 192137 72160 409226 339484 182539 550202 297381 350741 180026 125448 294887 799115 389696 491853 688906 646876 512249 736334 360058 739303 469751 338089 234901 732596 282877 717955 533573 729765 424991
782767 495849 207638 346928 678806 733691 250383 469380 415646 576444 318693 668883 621860 475689 729833 103688 298906 536762 428472 208699 118931 570022 262292 171584 365667 448621 330130 387443 514858 246013 235964 608492 449524 999999999 293756 536368 242368 223595 150092 579032 534038 353253 193715 291761 646851 193203 127501 288594 447560 295909 482825 524164 400801 204425 643656 271174 205171 251166 342442 362404 231513 304610 844093 298181 388622 303092 330449 584188 345287 400107 85508 612257 380647 467813 254125 307659 105067 609129 797205 319965 383782 604450 475641 688804 690644 407733 784505 125709 455941 398140 475602 480059 586489 680854 534172 261334 283211 218256 287973 44883
716205 202140 487893 147225 638661 451505 511759 722978 220105 425922 270863 395536 607601 223085 436088 268838 283655 243340 365082 474971 248473 627252 556045 452160 98030 482151 588622 111219 234794 522519 510237 358661 341423 293756 999999999 796551 503434 177661 245858 395682 296258 615008 201066 509555 366306 239110 167630 562343 717748 459932 643952 305347 412569 364990 353947 563499 485158 540985 264252 484557 69958 518501 760526 590882 654995 587900 609621 290914 232135 512228 241554 422678 277626 175541 39876 164564 347269 614687 667471 345607 368034 611086 465945 417659 398240 351550 493418 415427 397253 531387 398543 200153 630062 559241 793527 376875 463534 494603 486656 249075
865571 984798 331373 774157 758030 1168240 288236 76292 807080 854173 640213 1091541 686480 1004158 1210195 626903 819950 1030518 945883 328681 548160 543947 350524 482080 885222 554348 208916 857084 968055 479649 300933 1003322 736890 536368 796551 999999999 526909 759761 677481 896575 929264 183815 609526 297752 1085652 721013 638608 249378 97153 379492 320189 900267 579160 445483 1147209 316128 333534 413169 872489 418438 749761 293135 936188 304314 148130 254143 217113 1077432 879908 815205 558080 927466 706197 968485 758371 719132 567761 648265 975596 561259 612007 644408 963218 1105167 1159832 925192 1282720 417658 968646 390277 992765 995980 574079 882145 4734 466613 677093 318978 654132 575955
1006635 699555 251605 584028 898258 954712 317713 484736 655679 818127 558101 895542 835492 631864 928600 235120 359066 734463 463709 288308 358213 757445 176837 82748 548979 657633 371126 609206 736622 48014 280472 843301 689948 242368 503434 526909 999999999 363452 268734 821334 770595 379913 435983 408728 868959 297625 355237 308915 430142 461973 612332 763573 621824 401861 827047 212874 251657 113829 423802 541128 433874 421855 1071128 222619 394578 278900 317732 779758 448470 288662 327633 854500 622197 663992 467317 548441 156788 816312 1034478 545981 613403 811504 452128 916704 897625 444973 967357 205105 478487 563171 506573 658597 779150 918465 526805 465595 152996 267300 127425 275725
862017 347329 429570 312167 773341 613244 473844 692938 389560 591153 387515 564858 731212 270405 569044 141919 117340 377098 231368 432256 259599 719591 461251 333570 189939 579891 553670 287530 404237 393363 458977 535452 489895 223595 177661 759761 363452 999999999 96381 567881 473907 576836 269277 506152 531400 68655 157735 511246 669876 488275 680956 481774 516125 387350 463966 479186 427231 428746 130550 537838 118480 518068 912636 504027 611829 520857 550988 420485 123626 334694 228820 596460 419339 307617 158427 308013 221080 730165 831655 436668 480647 725993 312464 587741 543127 212664 603971 344533 263024 580859 275156 295684 728948 719532 757623 425430 293922 441066 320441 187111
873362 433788 346122 357225 777143 694941 396418 613681 434808 625792 394072 641258 727859 366786 660489 50601 148823 466877 278385 354458 225120 696661 367342 237453 280551 564323 475174 356444 480300 297214 377109 601419 511994 150092 245858 677481 268734 96381 999999999 612088 534252 496709 264134 441775 610875 43777 146470 428103 585183 439494 629677 535876 506726 342078 558421 387208 343993 332734 195188 499338 176592 454549 928996 411230 529404 432653 464724 511623 204157 294805 187739 642911 439836 396580 215163 338491 125147 721352 861496 424458 478573 716898 331380 663479 631425 257658 698951 259826 306091 538704 325510 389960 709703 746498 675646 390738 219725 358936 241150 127258
377491 360174 690364 256518 347025 334194 674401 821978 178573 67746 279163 259574 360038 524898 453809 613826 678882 389762 755289 656655 467007 468596 799667 748405 446791 365228 725454 302651 264413 822590 695364 161365 160125 579032 395682 896575 821334 567881 612088 999999999 138767 751460 386045 611751 283476 619934 476429 733875 851977 520520 620030 104392 320872 486466 480149 789308 687773 813610 658010 480287 449596 612001 400363 815766 792072 780698 783622 408785 623083 899883 494189 33773 207938 392115 409454 276471 672835 391147 281289 339629 284577 390370 860006 259895 392916 743660 554765 657304 786598 515871 783574 456581 451952 191275 892251 441780 828565 687698 844814 547546
515370 222695 681042 187139 476534 243060 678475 853094 125687 199861 289055 164306 478896 391445 332729 546284 576736 251008 639023 653231 436539 566862 778813 705434 326729 442542 740575 189058 125770 779662 692432 76585 221711 534038 296258 929264 770595 473907 534252 138767 999999999 767655 354283 633478 170091 533591 415495 737237 871974 550434 683764 41003 383296 492234 344188 774872 678292 781796 547070 529179 360240 636695 539044 802402 809385 778070 787790 271042 509656 808465 454722 151032 225736 257230 320145 230828 615515 504702 415883 371639 337041 503080 747277 176090 272016 629402 430579 632258 669224 571196 663282 321309 555205 330026 925273 462691 753978 681617 774373 495798
786101 806476 152076 602732 673781 1001887 104473 117045 642986 717262 481292 926885 601978 820589 1034722 446317 641489 851696 769019 144966 367349 478078 208882 320044 702311 442358 27284 680569 795747 336565 119947 843304 591839 353253 615008 183815 379913 576836 496709 751460 767655 999999999 433445 140386 917537 540431 455247 73371 105194 234270 274220 741985 448389 275818 967264 171632 153892 272442 691892 297037 566556 142418 856783 174237 41814 106366 72088 898939 697800 660712 375150 783919 550843 788265 576396 548503 392491 569303 870851 411873 471619 564808 794135 942047 986249 748213 1104136 237912 793148 286980 816182 813759 506499 767047 181357 310113 521185 138137 502768 392285
609596 375688 328971 173465 513159 574865 335355 534197 230341 383044 131469 503244 465693 423658 601411 247558 383552 421762 500005 304917 82842 451424 424659 362376 298454 310645 406264 247609 363358 436625 343535 430633 258012 193715 201066 609526 435983 269277 264134 386045 354283 433445 999999999 315164 488882 289907 118717 391768 538451 259098 443584 338590 247363 167175 539691 420842 326189 430892 397027 286211 182638 322809 666456 448458 474891 427958 441817 468317 379422 557305 108358 419468 187690 362488 169975 123557 292343 462131 608141 167396 215167 457858 579242 520783 552927 481728 673491 278364 531966 332537 542416 398536 459894 491879 606135 176305 461031 331080 471936 166979
659426 690698 159504 476605 546633 871034 99018 221544 510200 576883 345054 794771 476054 725749 913508 394881 590591 736875 720140 120463 263650 366554 272582 331630 602818 308319 115622 561665 670515 375639 137271 708364 451898 291761 509555 297752 408728 506152 441775 611751 633478 140386 315164 999999999 788064 484547 363856 144834 240595 94349 204990 606062 308888 148696 854829 242435 158879 324008 631468 164222 471056 13629 729372 259504 180394 199593 186443 783277 629777 660861 282816 644032 413281 677190 473250 421504 364635 446846 734766 272151 331233 442158 764065 808949 862474 699429 988279 214735 747698 166841 767207 709645 392513 628938 294030 171850 525528 145143 515319 320205
652579 193002 817067 315834 630467 86905 823035 1009366 280236 351010 449084 45063 640941 356360 170565 635000 612897 186504 642041 793763 566576 735887 904193 813481 348832 612604 890262 260437 132527 885650 832417 122402 391785 646851 366306 1085652 868959 531400 610875 283476 170091 917537 488882 788064 999999999 598434 520369 880290 1022649 709809 851647 209295 552629 642272 222756 905240 814274 897990 567564 694805 436259 792563 663592 933031 959333 916629 930509 173815 527303 853006 576648 278937 391334 237827 401643 369207 712307 669357 525036 535390 505649 668067 753867 67065 110109 637655 272054 758123 668103 737969 654934 285662 723254 463979 1081839 620385 824843 819795 849942 604287
895919 415719 389692 363478 802374 680899 440190 657417 441486 638134 416909 631014 755545 334262 637539 94154 106455 445753 235741 398230 259991 730572 407407 274585 258593 595669 518944 350233 470052 329974 420782 597716 529355 193203 239110 721013 297625 68655 43777 619934 533591 540431 289907 484547 598434 999999999 171274 471648 628456 479475 670521 538555 535857 380891 531433 428535 387585 369834 151514 537064 173451 497222 949663 452036 572967 475334 507808 489058 162212 280211 223938 649742 457495 376244 213819 351171 163813 750881 876436 454144 505056 746512 294569 653710 611760 215125 670919 303363 264129 577421 282701 363451 742535 762490 719206 427067 226411 402601 252167 167329
727008 369192 321822 229596 631717 607096 350904 567072 303706 484393 247641 543732 584273 365689 603165 137813 267626 410961 388669 312157 104482 563447 389204 293707 247575 425900 429695 260370 388085 366882 345740 488091 366875 127501 167630 638608 355237 157735 146470 476429 415495 455247 118717 363856 520369 171274 999999999 398400 555811 334564 526928 410105 364860 233464 520455 395899 319126 377946 288176 380549 111435 374618 782540 423320 493993 421261 444436 458544 276650 441015 81503 508498 294781 342895 127763 199966 200185 579884 717256 283527 333878 575547 462523 564164 563256 369541 660583 247803 419969 424147 432859 360526 573947 601733 635882 267948 353504 329459 368499 83964
804207 758308 82006 564461 691415 965860 59516 188443 611608 705622 457262 892737 620888 761418 989368 377528 571205 802631 698000 87841 318791 508350 143717 246877 645910 451956 62412 635537 754950 267008 52933 813625 576570 288594 562343 249378 308915 511246 428103 733875 737237 73371 391768 144834 880290 471648 398400 999999999 158996 234830 322049 714583 446485 248087 916151 107988 84206 204936 623138 308861 509699 153168 874070 118771 101335 54817 50553 850178 630715 587719 320796 767066 528416 737266 522997 511776 320546 591458 875867 397885 462456 586787 721185 909146 943183 677235 1054692 168286 721613 309909 745065 758826 535196 767771 247560 294614 448218 70343 430386 329786
861769 910733 240311 707923 750924 1106889 206016 73469 747584 815218 584721 1031701 678714 919916 1139566 534592 725859 955752 850927 243654 471041 544847 253546 385129 803356 529492 132474 785351 900923 383072 211825 947412 691950 447560 717748 97153 430142 669876 585183 851977 871974 105194 538451 240595 1022649 628456 555811 158996 999999999 331847 325580 845689 543006 380670 1070762 218979 242669 316531 779683 386069 667243 239992 932748 207720 63561 157475 121402 1003091 788578 718240 476816 884049 653619 891725 678801 653667 472874 643256 957548 512556 569772 639009 866465 1046680 1091330 830302 1208174 325809 873191 367645 897662 915634 574469 857436 96762 412263 579997 229334 557245 488722
572135 627493 228862 405128 459576 790922 181331 303674 429843 483629 261602 713513 390481 681699 843192 398060 585506 674125 713380 186798 230098 295809 348911 380408 556719 217678 209932 496971 597668 435652 215488 624024 360402 295909 459932 379492 461973 488275 439494 520520 550434 234270 259098 94349 709809 479475 334564 234830 331847 999999999 192695 520837 214543 101155 793322 323135 227364 392470 617932 80338 432419 92199 641330 343467 273445 288691 279331 719271 610259 689043 259574 552378 326708 618794 427042 350049 386973 364452 641509 182173 238011 359668 770009 726500 789863 693172 922710 257456 742934 104098 759482 657426 318654 534869 375394 90105 560153 217705 555194 312377
545382 796619 361036 568375 438316 926576 295832 262525 575134 567484 410506 847557 367194 866974 998967 586266 776841 843132 905243 324423 422558 223855 464034 536385 741771 256405 265659 666732 753040 577084 334286 750963 468477 482825 643952 320189 612332 680956 629677 620030 683764 274220 443584 204990 851647 670521 526928 322049 325580 192695 999999999 648308 302398 293779 962442 429633 360830 521249 810499 162551 622071 191492 616016 440124 293819 372620 344549 886087 802916 864556 452202 647423 460630 793422 613485 515609 565542 328374 660062 321139 346831 324613 958462 856823 942222 884922 1085170 419367 934464 116040 951549 837234 253973 573402 315455 267280 730146 345652 720302 503193
477757 256240 661465 180726 436250 278586 655430 824282 108725 161362 261036 199515 437910 420688 373493 544144 588571 287548 657764 631986 421415 526767 762749 695718 346783 404313 715074 204292 162125 770172 671220 103632 183121 524164 305347 900267 763573 481774 535876 104392 41003 741985 338590 606062 209295 538555 410105 714583 845689 520837 648308 999999999 346723 467760 384034 757010 658747 768919 562956 495744 365398 608631 503882 784329 783570 757072 765092 309991 526691 816250 442521 122812 194269 287726 324898 216990 610127 463732 385186 340205 301543 462126 764391 208694 312686 647103 471553 616839 688582 536807 684191 352189 514723 294245 896197 434463 755152 661183 774092 487885
384896 522213 424798 297231 278302 625300 389748 505978 283450 275034 142132 546228 222134 626681 706350 481845 630912 567177 745833 384660 287291 215119 544668 539698 506820 70217 424423 399001 463863 606736 419355 448846 166115 400801 412569 579160 621824 516125 506726 320872 383296 448389 247363 308888 552629 535857 364860 446485 543006 214543 302398 346723 999999999 223450 684001 524499 422698 576979 642147 160782 419137 305972 449553 547677 486729 498879 492795 606096 621528 793954 325755 350246 167268 528500 394649 254046 505745 215033 430711 82445 49436 210687 826596 554838 647807 727996 797340 423467 778023 195030 787138 581929 217751 321287 574720 161135 683899 417160 688248 392368
606340 542220 207563 328840 496858 726254 188594 369539 367267 461574 209182 651073 433644 584798 764970 303270 486390 588487 613560 171012 128982 367058 324518 319178 460400 255901 248624 412993 522666 384093 209227 568169 330925 204425 364990 445483 401861 387350 342078 486466 492234 275818 167175 148696 642272 380891 233464 248087 380670 101155 293779 467760 223450 999999999 706726 308063 205174 353728 517244 158317 333114 155767 672285 333186 317623 294263 298314 634752 509137 603700 158960 519839 280347 529657 330355 273996 303132 415445 650087 157208 225518 410657 673404 666268 714351 593491 839665 200396 643453 196640 659410 564358 385101 537046 441896 63776 480884 202838 480140 214915
857488 166113 841749 394180 820198 250622 864777 1072618 402791 543802 553763 266216 818080 208687 123723 596858 506998 119452 494041 828630 599917 889010 904687 789813 280738 751637 940578 296693 227082 854617 864149 331180 544630 643656 353947 1147209 827047 463966 558421 480149 344188 967264 539691 854829 222756 531433 520455 916151 1070762 793322 962442 384034 684001 706726 999999999 914793 839021 882899 447660 799955 412143 862463 875662 941836 1007713 941587 963565 78031 409396 739065 595436 484365 517262 179038 393559 447002 678656 840318 741940 642686 634567 838168 602094 284679 138445 495911 141307 767655 513559 846447 493665 168461 882012 669869 1144003 704533 746281 848551 776288 598803
895071 764946 100536 593042 782626 991972 143841 271919 650032 768669 510195 922621 713582 743251 998805 337958 518841 806838 640046 139849 339728 608986 37328 167887 636550 539762 168631 650449 775435 167219 107662 851338 637412 271174 563499 316128 212874 479186 387208 789308 774872 171632 420842 242435 905240 428535 395899 107988 218979 323135 429633 757010 524499 308063 914793 999999999 102893 101529 576805 401705 502662 252991 963938 27791 182031 66619 105225 854397 590744 499743 329198 823006 581382 738423 523649 544383 266104 686637 954978 465038 532807 681887 649147 940838 957312 619739 1055550 148458 660489 409220 686096 750992 634793 843520 315693 365024 361137 107378 339132 315999
