NAME : synthetic_000084
TYPE : CTSP-D
DIMENSION : 100
GROUPS : 8
RELAXATION_LEVEL : 1
EDGE_WEIGHT_TYPE : EXPLICIT
EDGE_WEIGHT_FORMAT : FULL_MATRIX
EDGE_WEIGHT_SECTION
999999999 634064 319521 566618 523644 617413 208178 1060356 983995 747851 366171 764465 275876 622915 733084 885945 656688 229831 1021351 600155 703915 555851 579269 294536 399747 743395 153341 512008 805357 530270 238132 912213 266851 963808 567165 477726 826555 1051878 485466 948338 105470 941786 851202 320166 554615 246864 454206 964660 156072 495497 329556 454836 271969 792446 174169 848510 992268 419692 1013141 435936 776291 620085 517450 435729 505626 714982 550015 978618 647038 927502 292297 681028 810592 880405 254609 697084 577720 986519 391148 422245 266616 368493 144867 532840 375923 333894 800704 564385 804090 594183 138992 956610 531786 288934 1069426 646084 919302 767393 101383 398871
634064 999999999 314572 806062 120345 273295 514497 896961 487997 420955 486839 408574 369870 218398 814942 312004 487993 434325 409865 57464 415687 95796 262620 504512 459395 717516 483935 150027 339102 121509 696775 794964 447008 391345 675945 690660 493520 421910 208746 805943 565376 854336 223555 347582 200544 438127 320944 388125 739577 514961 490471 428757 362702 162232 494305 586390 783887 270628 831726 426715 144389 480709 237337 694816 309241 546771 84464 824465 291926 297063 799321 248941 762806 436444 627751 148993 698207 620157 560899 264533 811595 797424 680631 235132 544637 315913 727742 618343 170743 66172 640328 426310 416781 740964 442147 132737 480152 147656 545903 296571
319521 314572 999999999 618676 206328 353070 231236 925889 705221 513518 289400 520639 81032 338740 704640 580201 480260 142120 707554 282105 479475 238946 319663 263455 288745 655054 171311 201062 526552 216315 413327 791229 185917 660266 534904 500286 598477 733247 193933 817394 256201 838011 532691 108963 267089 164975 234694 659966 431810 390570 275923 310867 50735 473354 195531 652984 832369 151621 867334 289416 457319 451701 248673 484116 270272 548235 230708 843899 385229 608610 512076 399138 717158 614426 358793 390659 554464 756608 368806 154901 515103 533952 377486 258948 347909 68349 692995 497164 484610 276679 338906 665596 359777 464596 751519 340989 657423 449684 234638 153659
566618 806062 618676 999999999 697066 584345 420469 609132 848266 578432 334817 608532 658925 633513 209779 873528 424477 494101 1027818 749106 535874 712515 930630 357522 351468 303859 598204 660721 721355 778647 335871 469281 435985 923186 156965 119435 610011 1104996 599318 512365 488508 467808 937000 711671 613024 704669 852628 929219 465719 297382 829779 914180 615689 901770 661241 556227 593276 549172 587022 379517 930039 400112 860175 139395 501124 428219 754138 542079 590951 1005561 345766 656416 353878 735995 315604 941676 139418 724394 915317 772558 397270 244194 431703 576023 895811 560978 369657 219121 924543 740305 427758 867654 973803 299238 1108466 902746 752453 861931 610920 771940
523644 120345 206328 697066 999999999 222337 394536 852480 524147 389352 371183 385559 273203 180983 723999 378936 419190 315903 501466 76638 370840 32667 283422 384998 346726 638516 377622 38150 353134 101280 576465 736908 326671 459790 574907 579771 471048 528300 99245 753539 449236 792900 327635 264553 126815 350469 289060 458690 622127 413349 427068 397433 256666 269666 397146 550289 745132 152475 788794 318440 263700 404248 230297 580627 214782 483886 58450 775318 250262 404169 679037 234058 690008 448863 507507 244621 596969 616235 508980 208755 691838 677778 562155 149848 490325 197530 657755 520721 283243 70559 521668 474963 408028 620663 545840 207946 493500 243800 440954 236899
617413 273295 353070 584345 222337 999999999 430789 631994 366607 168820 323337 169944 433920 56490 555073 304086 216012 387658 457972 221200 148794 211041 503610 375488 283297 448079 500415 191930 188909 321952 580390 522923 358966 370082 437067 481185 252752 524949 162828 536112 519904 581568 353119 447800 97590 517913 506682 373583 668419 288417 619636 612394 398559 322632 542076 327952 523185 206623 567756 237298 362438 213593 452634 500466 117124 273478 270637 556386 32167 421312 678166 76415 490422 265312 501547 422150 458888 406098 708585 420611 706189 643502 602804 94197 688555 301300 454815 374641 346680 214235 563606 344673 629175 609206 531481 402218 306714 281893 561369 444292
208178 514497 231236 420469 394536 430789 999999999 856685 794724 546562 158691 565356 247194 447128 553462 719613 448784 89129 864874 468305 501233 422975 549084 88373 191593 545465 179255 370919 619433 437997 184518 709726 73351 793381 381009 311149 622785 909902 326978 744500 102753 742985 712241 302291 385846 284417 449742 795508 239200 289090 409400 498030 209946 658686 243232 640744 785230 256423 807635 229086 658233 412054 478553 281074 314378 506817 437624 774415 457879 789189 286024 500941 612547 686787 128463 614400 395349 781711 496163 381776 297417 302953 174509 357045 476308 200731 599479 367251 674906 460662 134169 775281 562675 233885 923709 566471 723487 627142 204992 372706
1060356 896961 925889 609132 852480 631994 856685 999999999 579552 476491 699124 492284 1001103 681899 402226 737978 446599 877955 846945 850015 483668 843030 1135309 768337 672976 325064 1012355 818896 596112 953234 883561 149336 817795 731591 513928 622927 412940 949369 774037 112188 957396 142703 878758 1034182 725669 1078451 1125607 740860 1017605 568409 1200197 1224616 955852 883747 1072085 311759 118000 780926 65643 650466 945008 474213 1081671 672296 663361 378359 902607 82840 607840 911342 931879 648904 261583 525847 824625 1041643 512550 360963 1293699 1035918 981459 838771 963615 706999 1272674 858657 261808 499305 907876 843853 940916 646091 1252589 869314 936361 1029275 501746 847618 1055960 1053977
983995 487997 705221 848266 524147 366607 794724 579552 999999999 274529 670369 246588 783441 367184 733860 200608 425905 754197 269575 471742 321277 496208 748948 731653 628738 597863 863071 512077 179665 596639 930766 554906 724123 160400 691648 773438 242250 372690 511996 538769 886172 615854 354919 785509 438762 865930 802132 169708 1029543 591603 951157 911606 754045 387967 899690 328013 466116 568905 520086 582249 456555 455444 724046 806823 480772 423479 543356 539482 337563 359371 1022804 306895 599359 114731 851646 593054 708937 219187 1032402 730557 1056489 971567 963799 453742 1014084 662123 560939 631618 406032 471200 925645 76959 904685 951660 357721 605400 98026 367281 925196 760102
747851 420955 513518 578432 389352 168820 546562 476491 274529 999999999 407475 30490 594465 210346 488995 316090 153957 523248 462799 376083 47819 374590 666827 473905 366342 360284 647399 360445 154426 486966 665219 385859 481221 350730 421483 499210 85083 552054 329524 390481 644804 448170 426781 612853 266362 678142 675406 357775 772722 317991 784917 781203 555784 418854 695069 165439 362944 362511 411070 321683 475059 181230 619136 532310 249211 170322 433867 406360 139180 477050 753620 172424 383330 159959 586880 565168 440023 244082 875020 589407 789821 698266 707518 259338 854761 455560 344185 359892 443736 370529 671454 289408 797179 682120 549577 553562 185660 380049 705078 612810
366171 486839 289400 334817 371183 323337 158691 699124 670369 407475 999999999 429963 342175 355933 420528 626632 294321 188336 779155 432078 360247 391151 596079 71998 41631 393412 318881 337269 503769 446009 260515 553084 124524 693284 247920 215384 477728 838640 278414 586956 261110 588962 650883 390437 312032 404250 523933 696897 366011 130781 532071 595859 295983 605551 381645 486111 626543 219277 649247 88306 621423 257083 525855 209927 210592 349552 426061 616640 344171 725449 355533 399251 459831 558003 181316 613873 266468 633489 623935 440581 386454 323297 301420 276128 603163 227736 444111 219480 625752 423404 267366 661910 648900 285979 848182 572345 590743 568689 357542 442858
764465 408574 520639 608532 385559 169944 565356 492284 246588 30490 429963 999999999 601669 204733 518944 287007 184121 538043 432721 366417 74779 368534 659138 495004 388550 389488 659666 358771 125323 481061 688942 408184 498518 320322 451610 528139 86029 522659 332682 410440 662293 470945 401727 617459 266046 685595 673577 327412 794085 345050 789405 780479 564377 396666 705498 180610 376945 370900 426660 343123 454777 210446 613956 560497 261648 199994 427170 424743 138417 449880 778641 159928 410702 131861 610276 550429 470268 236375 878525 589003 813991 725162 728662 263273 858481 464964 371390 389825 421404 361419 692012 259164 793479 707242 519787 541297 160883 358624 718395 613493
275876 369870 81032 658925 273203 433920 247194 1001103 783441 594465 342175 601669 999999999 418011 762440 651598 556998 165007 773041 345797 560033 305609 314341 301918 349122 722173 122842 274424 605435 257969 415756 864165 224173 732236 590092 543290 679390 791757 273754 891689 238019 909040 592507 55370 346556 83996 203793 731428 408190 454808 199122 255646 46799 531739 124780 732533 909756 232242 943495 357019 507702 527151 247443 520858 350122 624604 285689 918765 466086 666881 508031 478287 785745 694398 374203 421278 608428 837633 292692 149315 502909 545060 362308 339749 271644 143368 763381 557858 540396 341539 327699 741588 316187 470064 811603 370255 737611 511883 179582 131485
622915 218398 338740 633513 180983 56490 447128 681899 367184 210346 355933 204733 418011 999999999 610812 273828 272408 393984 423967 168311 198532 164313 456543 401014 317917 504569 496463 156396 187925 276800 606981 576647 373952 346259 488968 527212 290476 483695 144964 588391 529814 635940 303928 425197 71688 501352 469669 348495 686298 336288 595286 577367 387066 269473 532599 374192 571058 203700 617137 273894 306703 269818 409400 543364 145395 328875 223522 607724 74161 374864 706877 60420 546603 277048 529168 366876 510974 435983 681711 386713 731798 678917 621263 90694 662208 295438 510765 427195 293069 161973 581217 333804 588759 639507 492425 348801 320872 229075 559044 412649
733084 814942 704640 209779 723999 555073 553462 402226 733860 488995 420528 518944 762440 610812 999999999 804205 348736 606695 951646 758009 457448 730496 989952 471903 415898 136576 730469 685850 643069 818841 520683 269502 542979 838141 173631 256739 492481 1040469 625765 312276 641028 259820 898384 809330 614456 823760 935909 845586 655545 318398 951698 1014527 716003 875625 794555 412624 400541 595730 386317 421371 917464 342154 923216 302873 509761 319104 782325 340377 550008 957781 548720 614286 160199 630641 479521 961306 158113 572500 1042689 848476 599939 449700 611743 580961 1022106 638540 188102 208785 900152 749601 598839 769418 1063484 494108 1038546 930671 635864 834757 757326 855506
885945 312004 580201 873528 378936 304086 719613 737978 200608 316090 626632 287007 651598 273828 804205 999999999 459609 660725 155028 311764 347539 347102 563965 674618 587094 676359 748923 379147 161715 430334 880561 681565 646272 80995 719369 778327 338741 236271 400667 675771 797954 744788 154764 642345 334493 729353 632922 79840 958742 585162 797599 740651 630900 189265 774533 444116 620239 468507 674136 541329 257424 476547 548366 801470 416884 486331 381727 683741 288095 173370 979948 227708 696513 212150 802450 398092 739854 394246 871720 571686 1005565 947588 894060 362732 854891 552323 657050 655928 205972 314025 853778 126149 724524 911872 235945 416047 240930 174407 812608 603068
656688 487993 480260 424477 419190 216012 448784 446599 425905 153957 294321 184121 556998 272408 348736 459609 999999999 448418 610891 433902 113072 416197 701652 365860 257460 232966 581520 382938 301215 520249 538367 319573 394502 501862 267526 348472 197233 695395 332181 340562 551248 373954 549876 588067 295085 636466 680997 508441 656617 180350 755634 778409 512708 529385 637447 192040 352923 334339 387139 221754 575316 37364 643174 384600 217576 68240 474037 365477 204919 609210 619413 267129 274813 312351 462932 636978 286166 343162 848875 590921 659487 555533 593422 269516 827915 413800 240181 206140 554158 426303 561019 443285 808959 548003 695399 614091 332486 488639 632098 607953
229831 434325 142120 494101 315903 387658 89129 877955 754197 523248 188336 538043 165007 393984 606695 660725 448418 999999999 800852 391534 481124 346041 460313 138180 206121 580357 134463 296473 575533 351399 272046 734747 63929 737302 433151 379255 604302 839427 260760 766321 137395 773931 639839 218746 327038 217134 364134 738598 306509 313333 345050 420091 123746 584067 194924 636797 796984 192263 824660 228928 578680 413888 389652 355859 277238 512105 354806 795122 417494 716869 372138 451548 646186 651288 217114 527683 450203 765070 436149 293342 379010 392007 246343 303555 415489 118468 628239 407816 598802 384406 206004 727311 480928 322634 854823 479162 690773 554797 184222 285705
1021351 409865 707554 1027818 501466 457972 864874 846945 269575 462799 779155 432721 773041 423967 951646 155028 610891 800852 999999999 427264 498005 468799 630936 824598 740150 820977 878617 509439 309843 531158 1030467 808969 791638 117692 873091 933334 471438 103128 540316 797909 938166 871554 191597 756068 479279 845890 721628 109005 1103197 740189 898947 824110 758057 252045 897676 572905 731689 610106 785946 694782 304006 629611 631513 956410 568723 632585 490432 801833 442972 139840 1130755 381582 835792 333489 952985 449088 893341 488207 964552 673918 1154714 1101108 1039271 510293 949595 688017 796326 809729 253860 431784 998699 201135 794855 1063460 90307 481626 347539 262696 942136 706033
600155 57464 282105 749106 76638 221200 468305 850015 471742 376083 432078 366417 345797 168311 758009 311764 433902 391534 427264 999999999 366841 45505 293781 452926 403559 662092 453374 98185 310739 125120 648649 744094 398920 392701 618484 634093 452257 451731 153680 756576 525593 802724 251055 331583 143568 420083 330445 390808 697988 457534 486378 439982 332088 193102 470412 541143 738453 218581 785120 369972 191645 425241 255921 639151 251778 494130 71759 776035 242472 327535 751328 206896 708560 408501 577868 204129 640747 586540 563134 261368 765710 745672 637493 177755 545573 273447 674008 560912 207274 8803 596903 416245 438008 691333 469505 181021 452984 167579 516492 292217
703915 415687 479475 535874 370840 148794 501233 483668 321277 47819 360247 74779 560033 198532 457448 347539 113072 481124 498005 366841 999999999 359673 652372 427264 319265 333567 607406 339174 188214 470738 617545 380388 437074 388848 379200 453560 123179 583691 301903 390256 600298 441042 446156 581472 244747 643201 652283 395385 725820 270563 753241 756250 519885 431896 656847 180076 374402 327861 419182 275045 483748 136383 601065 485718 211074 144214 419293 409210 124371 501574 705802 173611 363784 206550 539292 562875 398403 283980 844385 564644 742063 650804 660735 231857 823897 419144 325599 316814 456881 360466 624977 332200 776350 634302 583010 547067 233438 391883 663996 586479
555851 95796 238946 712515 32667 211041 422975 843030 496208 374590 391151 368534 305609 164313 730496 347102 416197 346041 468799 45505 359673 999999999 292824 409288 364314 640047 410219 54298 327863 112542 603726 731362 353907 428031 585889 596331 454476 496296 113581 746261 480282 788551 295698 295573 121119 382276 311043 426778 652510 424331 455915 420269 289319 238360 429691 537679 733848 175083 778781 333010 236071 404020 245504 599486 221036 479156 59621 767098 236629 372400 706390 212991 689351 424558 533474 231929 608082 595957 536201 234579 720392 702190 591988 150409 517896 228012 656030 529929 252776 38552 551401 445189 426058 646871 513575 200611 469248 211547 473581 263895
579269 262620 319663 930630 283422 503610 549084 1135309 748948 666827 596079 659138 314341 456543 989952 563965 701652 460313 630936 293781 652372 292824 999999999 581023 584914 915392 432276 318788 600861 182229 726856 1020125 504810 639238 829513 811244 745147 609819 371744 1036954 552360 1075601 440910 262258 410042 334427 130619 634504 720807 672148 314486 203569 341332 384394 407046 830454 1026651 394294 1071292 570075 326930 684673 71100 799767 490499 767004 233239 1058593 529418 496367 821544 500357 969678 698505 677402 184355 850671 879814 352789 167778 817242 851916 676625 432237 342586 370278 938658 781988 377949 298100 641873 684224 163921 779991 636003 150088 742443 389917 478031 183152
294536 504512 263455 357522 384998 375488 88373 768337 731653 473905 71998 495004 301918 401014 471903 674618 365860 138180 824598 452926 427264 409288 581023 999999999 109298 457782 258891 355100 560927 446833 205968 621359 78518 744583 298395 241388 546544 878035 301649 656155 189825 654976 685121 354199 348236 354151 495821 747577 299089 201165 481727 557530 258196 635840 322842 557795 697795 234356 719544 152236 644509 328710 509954 220991 258873 421550 435496 686102 399398 761121 306435 449597 524762 620787 128683 620533 314315 703522 571556 418318 331121 292919 233680 314913 551154 212376 511213 280243 654400 444594 197808 718688 616281 241196 889453 575731 655170 601089 291584 415534
399747 459395 288745 351468 346726 283297 191593 672976 628738 366342 41631 388550 349122 317917 415898 587094 257460 206121 740150 403559 319265 364314 584914 109298 999999999 375565 339948 311277 462467 427380 302117 528849 144833 652900 247153 233251 437576 801393 250761 561069 294284 567908 615726 394042 277781 416908 521001 656647 406607 107536 543808 598885 302349 572038 401042 449499 596099 197710 621116 46842 590858 220566 515682 235619 172639 315414 403172 590211 303353 689621 396640 359470 440786 516397 222934 591016 267449 594235 636685 434965 428025 361138 341695 241197 615733 223115 422147 209045 592837 394799 306784 620596 647939 326725 810333 551370 549278 534459 383397 440249
743395 717516 655054 303859 638516 448079 545465 325064 597863 360284 393412 389488 722173 504569 136576 676359 232966 580357 820977 662092 333567 640047 915392 457782 375565 999999999 712270 600824 514656 737581 558617 176394 517225 706176 189032 298715 357200 912146 544141 217686 642995 198396 779285 763409 519932 792341 877011 713876 692964 268186 918817 965024 675451 761530 774770 276191 290750 527373 290802 365851 808277 236856 852263 347972 425256 190388 695623 248634 437869 834935 608337 499337 67227 496199 501440 866122 189231 437834 1011943 787276 657376 517947 640117 489921 990952 586829 66950 179064 786388 654124 619154 635345 1005997 544655 908886 840224 499940 720901 749277 798914
153341 483935 171311 598204 377622 500415 179255 1012355 863071 647399 318881 659666 122842 496463 730469 748923 581520 134463 878617 453374 607406 410219 432276 258891 339948 712270 999999999 370429 683409 377454 315469 868793 195509 828358 557147 490375 730250 904127 353169 900660 128433 907080 703705 170276 425532 114972 312520 828464 288646 446624 232661 335355 121482 644021 64159 768277 931167 294483 959115 363219 624905 547505 367774 459014 398343 645911 399538 929527 531773 779370 399424 556399 778556 765690 290761 543803 572555 890967 317232 270889 388475 449760 248562 409601 297615 201032 761635 537285 654540 447989 218398 828720 407128 370981 922667 492823 806987 620943 63704 249630
512008 150027 201062 660721 38150 191930 370919 818896 512077 360445 337269 358771 274424 156396 685850 379147 382938 296473 509439 98185 339174 54298 318788 355100 311277 600824 370429 999999999 337051 137483 550570 701391 300958 459228 537184 543898 443455 543166 61693 718834 432275 756855 343367 273459 94527 355136 315044 458905 602817 375577 441064 421731 251753 288103 395868 519147 712785 120815 755592 281584 289763 367104 262780 546031 176698 448247 96536 741091 221425 420396 653252 213359 652791 430652 479698 281391 559276 592122 526082 230523 668194 647976 541434 113452 506811 179901 620856 482717 303987 90146 500740 467444 437355 593154 559155 245814 475015 258349 434125 256261
805357 339102 526552 721355 353134 188909 619433 596112 179665 154426 503769 125323 605435 187925 643069 161715 301215 575533 309843 310739 188214 327863 600861 560927 462467 514656 683409 337051 999999999 434964 763729 526399 547834 201840 565445 632512 185257 397640 332887 524279 708676 589596 283929 610022 259608 688438 638448 207912 856362 441931 778018 747891 574991 288601 720505 291024 478344 389265 530892 415626 352431 321487 566660 660056 305134 324731 380269 535219 161895 326471 859067 127515 535523 97826 684514 466931 585219 282955 861820 561730 889781 816003 790656 274126 842917 482480 496123 502406 312318 308426 751777 158141 748746 788826 395580 467624 142245 254483 745542 590004
530270 121509 216315 778647 101280 321952 437997 953234 596639 486966 446009 481061 257969 276800 818841 430334 520249 351399 531158 125120 470738 112542 182229 446833 427380 737581 377454 137483 434964 999999999 622494 838181 378446 510545 664695 659798 567014 538763 193915 854741 472515 894068 343235 229377 227814 320250 205514 507772 648125 504173 369116 314968 259255 281570 380340 649508 845136 229906 889348 405122 250501 504535 133240 655444 312493 585139 54879 876374 348587 414565 723397 324689 790155 532523 560461 176407 686464 707346 441399 143034 729557 734890 593237 250748 424593 238592 758334 613130 286830 126630 554152 539678 314702 671042 560286 129204 577123 269165 437131 175062
238132 696775 413327 335871 576465 580390 184518 883561 930766 665219 260515 688942 415756 606981 520683 880561 538367 272046 1030467 648649 617545 603726 726856 205968 302117 558617 315469 550570 763729 622494 999999999 734430 249858 950091 370674 266024 730891 1082407 501825 774384 187534 753309 887614 470747 553055 430441 619051 953218 135430 358353 541853 650821 385546 836325 369652 724261 833855 432109 844934 348800 839720 501472 657270 218088 464359 582122 621386 805399 603113 964102 102682 655099 623744 818041 79243 798901 375345 881527 616446 559105 126052 135329 96434 520446 599021 385031 622284 387984 853720 640710 102969 921834 721856 55530 1094445 750847 849818 802970 304637 546276
912213 794964 791229 469281 736908 522923 709726 149336 554906 385859 553084 408184 864165 576647 269502 681565 319573 734747 808969 744094 380388 731362 1020125 621359 528849 176394 868793 701391 526399 838181 734430 999999999 673537 691285 365425 474993 342912 908041 651736 43121 809788 63252 808983 900108 611041 939446 999752 700075 868335 422837 1063117 1095237 818236 804507 929500 237560 134100 650746 117776 509501 860721 341939 962577 524294 536466 253153 790225 73107 503092 852043 784476 553268 115862 475917 675308 942882 365052 353495 1156722 909540 833679 692914 814289 588009 1135661 723245 112479 350085 829331 737156 791768 610042 1128054 721048 899247 925082 463649 765891 910546 925432
266851 447008 185917 435985 326671 358966 73351 817795 724123 481221 124524 498518 224173 373952 542979 646272 394502 63929 791638 398920 437074 353907 504810 78518 144833 517225 195509 300958 547834 378446 249858 673537 999999999 720174 369512 319354 559718 837545 254680 705902 163776 711590 640536 275894 312527 280783 417382 722251 312498 251123 408720 479795 179888 587810 257551 585054 739506 184205 765598 172852 589867 358906 433712 299410 243351 456244 372844 735020 386731 717383 352499 428219 583296 617452 182437 554083 386814 719801 500027 340785 367854 356445 247854 283756 479343 140226 566127 343985 604624 391050 207506 703056 537842 294636 851032 507638 655086 555533 239186 337228
963808 391345 660266 923186 459790 370082 793381 731591 160400 350730 693284 320322 732236 346259 838141 80995 501862 737302 117692 392701 388848 428031 639238 744583 652900 706176 828358 459228 201840 510545 950091 691285 720174 999999999 767171 833466 354344 218197 478356 680488 874209 753894 211534 723331 410307 810244 712217 9383 1032558 641772 878305 819423 710919 257812 854913 455273 615638 545087 669925 606483 323473 523229 626625 859636 485762 519155 462459 684844 350047 201565 1048241 295004 719194 215872 871429 468183 786816 375215 951800 652271 1075667 1011346 967501 436505 935135 630714 679776 704201 270442 395012 927476 86146 801036 979234 207962 490055 230668 249657 892001 683735
567165 675945 534904 156965 574907 437067 381009 513928 691648 421483 247920 451610 590092 488968 173631 719369 267526 433151 873091 618484 379200 585889 829513 298395 247153 189032 557147 537184 565445 664695 370674 365425 369512 767171 999999999 110367 454589 952425 475664 406476 471526 382709 790010 637997 477428 650260 768050 773356 505642 161637 778191 843414 543880 758440 621181 407568 474066 436499 478876 260056 791743 243958 761149 159284 366747 274000 633225 437477 440567 856411 419918 506459 253191 579121 317883 817720 22277 575808 869074 682079 468577 332381 455100 441393 848503 470139 254500 63479 781939 609778 437176 710757 894591 355637 954916 782841 596221 718007 585586 687202
477726 690660 500286 119435 579771 481185 311149 622927 773438 499210 215384 528139 543290 527212 256739 778327 348472 379255 933334 634093 453560 596331 811244 241388 233251 298715 490375 543898 632512 659798 266024 474993 319354 833466 110367 999999999 543716 1005640 482826 516382 389639 489230 831060 595220 500976 593061 734641 838835 401444 193402 719602 798915 499229 792843 554239 508102 584312 430705 589073 264213 817802 318024 740838 49380 389649 369090 636409 547345 491458 901676 309690 555606 361494 659117 223336 824209 110610 675088 807250 653736 358686 222836 355268 463816 787306 441787 364643 150050 815001 625293 342294 784564 856897 246509 1010952 784546 680924 753626 509523 653787
826555 493520 598477 610011 471048 252752 622785 412940 242250 85083 477728 86029 679390 290476 492481 338741 197233 604302 471438 452257 123179 454476 745147 546544 437576 357200 730250 443455 185257 567014 730891 342912 559718 354344 454589 543716 999999999 567960 414329 339146 722590 406157 469182 697919 349941 763003 758478 362656 843699 375588 869985 864878 640413 471018 778925 105985 295974 447315 347400 394911 532108 231996 699834 581354 332811 182370 513181 350053 222147 509317 815042 245504 365182 139904 653778 633741 470665 160826 960004 673184 853775 752760 779120 344230 939770 540006 325874 397030 495290 447348 744302 279130 879064 743496 561154 626142 144401 434678 787112 697043
1051878 421910 733247 1104996 528300 524949 909902 949369 372690 552054 838640 522659 791757 483695 1040469 236271 695395 839427 103128 451731 583691 496296 609819 878035 801393 912146 904127 543166 397640 538763 1082407 908041 837545 218197 952425 1005640 567960 999999999 582942 898268 975426 970885 200677 767986 529807 858831 713792 209068 1145267 812344 897847 810169 782645 260227 916211 671079 833719 653493 888000 757585 292135 711040 621979 1025301 628756 722370 506104 902986 514612 124893 1184139 450034 930301 432142 1006665 425540 973284 591174 955654 677917 1204546 1161935 1082897 563860 942382 722933 890795 888953 252009 457833 1042145 303279 771930 1118950 29119 465971 448865 285006 966744 709839
485466 208746 193933 599318 99245 162828 326978 774037 511996 329524 278414 332682 273754 144964 625765 400667 332181 260760 540316 153680 301903 113581 371744 301649 250761 544141 353169 61693 332887 193915 501825 651736 254680 478356 475664 482826 414329 582942 999999999 671337 398155 705594 386067 285033 73280 357462 352158 479202 563611 314105 456810 454578 242108 334700 387696 481272 671169 70555 711807 220002 344028 313246 311205 486077 118895 399047 157617 694786 194755 462811 604290 205383 597935 420655 428523 343067 497730 568923 545921 263369 622253 593545 500446 70297 525823 152934 567155 421662 352824 145030 459723 475553 478560 541958 596827 307190 463876 301226 416289 284579
948338 805943 817394 512365 753539 536112 744500 112188 538769 390481 586956 410440 891689 588391 312276 675771 340562 766321 797909 756576 390256 746261 1036954 656155 561069 217686 900660 718834 524279 854741 774384 43121 705902 680488 406476 516382 339146 898268 671337 999999999 845263 81182 808070 926014 626981 968252 1021473 689460 907847 456262 1090806 1118767 846142 806885 960668 233256 95828 674324 74664 539365 865052 366014 981092 565604 558129 272677 805541 31032 514328 847755 826023 560970 158754 466791 713994 952831 406797 330483 1184380 931447 875001 735093 853024 605900 1163333 749790 152221 388457 831524 749947 829695 597566 1149225 762069 888191 937172 450717 769059 943891 948434
105470 565376 256201 488508 449236 519904 102753 957396 886172 644804 261110 662293 238019 529814 641028 797954 551248 137395 938166 525593 600298 480282 552360 189825 294284 642995 128433 432275 708676 472515 187534 809788 163776 874209 471526 389639 722590 975426 398155 845263 999999999 841160 775356 291169 463911 243271 437642 875630 175612 390989 355317 463605 217031 718641 182677 743110 887558 329448 909241 330727 709570 514622 485010 351954 405853 609567 483433 875370 548620 852297 271915 586423 710215 780610 173417 646222 483771 882199 433311 386439 264908 322456 124386 439146 415042 252543 698821 464010 732443 518816 90585 862194 535534 243056 991298 596082 818628 690502 122915 369393
941786 854336 838011 467808 792900 581568 742985 142703 615854 448170 588962 470945 909040 635940 259820 744788 373954 773931 871554 802724 441042 788551 1075601 654976 567908 198396 907080 756855 589596 894068 753309 63252 711590 753894 382709 489230 406157 970885 705594 81182 841160 999999999 872016 946968 667776 982393 1051034 762723 888351 460608 1107409 1144534 862707 866984 968827 300732 174927 700861 140080 552441 922677 393306 1016788 538504 588884 309396 847049 96284 562796 915292 796021 614374 131250 538744 698788 1002637 378690 410611 1200927 960769 846241 700900 837052 643408 1179871 769742 145957 377419 891839 795621 817027 672226 1179721 735509 961850 983738 525618 828201 946044 975527
851202 223555 532691 937000 327635 353119 712241 878758 354919 426781 650883 401727 592507 303928 898384 154764 549876 639839 191597 251055 446156 295698 440910 685121 615726 779285 703705 343367 283929 343235 887614 808983 640536 211534 790010 831060 469182 200677 386067 808070 775356 872016 999999999 571089 338946 661678 530168 204725 946102 640057 708871 632553 582240 61674 717192 574845 760783 456365 813853 574126 115302 557917 439920 845983 444598 590342 306951 819124 350886 77049 989897 285243 808838 357541 813240 261933 811732 545105 773148 485021 1008288 973273 884305 374809 758369 522812 770058 727302 62976 257202 843566 279168 604726 926292 219172 291027 391252 85146 766479 517148
320166 347582 108963 711671 264553 447800 302291 1034182 785509 612853 390437 617459 55370 425197 809330 642345 588067 218746 756068 331583 581472 295573 262258 354199 394042 763409 170276 273459 610022 229377 470747 900108 275894 723331 637997 595220 697919 767986 285033 926014 291169 946968 571089 999999999 355286 90874 148481 721824 458586 497799 172067 205432 96010 509608 154885 757442 939424 255786 975204 397573 479441 560137 197662 574151 375280 656181 265637 952341 479779 643563 562166 484517 825844 702102 429521 381837 656870 853808 263035 102505 555675 600388 415049 354214 242456 177243 801909 603064 515981 328603 381357 739077 262300 525194 789148 330905 746056 493445 220284 79355
554615 200544 267089 613024 126815 97590 385846 725669 438762 266362 312032 266046 346556 71688 614456 334493 295085 327038 479279 143568 244747 121119 410042 348236 277781 519932 425532 94527 259608 227814 553055 611041 312527 410307 477428 500976 349941 529807 73280 626981 463911 667776 338946 355286 999999999 430051 409093 411739 624685 317800 526234 514961 315387 294286 460952 424655 618685 135006 662035 238346 317075 283414 356539 511145 111918 358411 179276 648567 127839 413996 654476 132107 568396 347986 476888 347367 499703 501076 613874 323243 676269 634378 560345 37166 594099 224657 534929 418704 315361 135218 519890 403518 531882 589178 541399 320348 391485 256779 488368 347447
246864 438127 164975 704669 350469 517913 284417 1078451 865930 678142 404250 685595 83996 501352 823760 729353 636466 217134 845890 420083 643201 382276 334427 354151 416908 792341 114972 355136 688438 320250 430441 939446 280783 810244 650260 593061 763003 858831 357462 968252 243271 982393 661678 90874 430051 999999999 207493 809052 395634 524155 127938 220384 124157 600258 72928 814518 989384 315700 1021853 430176 570225 605543 276646 565306 432756 703594 355612 995857 550079 734367 513178 561520 857063 778009 403149 469309 667323 921476 219901 188772 499647 564635 361136 423737 199028 224800 836456 623203 606822 416627 332739 822548 292802 485951 879911 418685 821332 583445 145685 160361
454206 320944 234694 852628 289060 506682 449742 1125607 802132 675406 523933 673577 203793 469669 935909 632922 680997 364134 721628 330445 652283 311043 130619 495821 521001 877011 312520 315044 638448 205514 619051 999752 417382 712217 768050 734641 758478 713792 352158 1021473 437642 1051034 530168 148481 409093 207493 999999999 708840 600328 618805 188516 109586 240435 469688 280415 832286 1023314 350620 1063761 515904 422645 658071 91904 716789 463462 748800 259074 1045714 536466 594216 709379 522897 936172 735484 577509 294503 788006 905291 243010 90265 700833 748852 560531 421014 228778 297913 908733 727394 468876 331392 528170 744778 129017 673608 738273 248869 780170 465325 352864 81074
964660 388125 659966 929219 458690 373583 795508 740860 169708 357775 696897 327412 731428 348495 845586 79840 508441 738598 109005 390808 395385 426778 634504 747577 656647 713876 828464 458905 207912 507772 953218 700075 722251 9383 773356 838835 362656 209068 479202 689460 875630 762723 204725 721824 411739 809052 708840 999999999 1034706 646880 875925 815779 710654 252224 854367 463901 624855 546341 679142 610319 317352 529398 622820 864619 488860 526536 460187 693930 354150 192852 1051630 298156 727355 224485 874653 462483 793094 384587 948846 649782 1078693 1015532 969740 438505 932303 631313 687919 710311 264247 393317 929643 95521 796593 982789 199195 485100 239819 245342 892134 681332
156072 739577 431810 465719 622127 668419 239200 1017605 1029543 772722 366011 794085 408190 686298 655545 958742 656617 306509 1103197 697988 725820 652510 720807 299089 406607 692964 288646 602817 856362 648125 135430 868335 312498 1032558 505642 401444 843699 1145267 563611 907847 175612 888351 946102 458586 624685 395634 600328 1034706 999999999 479467 485508 609161 391634 890573 324819 846144 964787 493341 977670 451106 883932 619288 655417 353344 551427 705339 658321 938822 694478 1023149 145082 739652 758466 919482 196722 821567 510702 998507 545981 557506 111573 237191 65752 596241 531314 424614 755990 520086 905230 690903 105091 1013085 685326 166976 1160056 771284 954227 860999 251526 537871
495497 514961 390570 297382 413349 288417 289090 568409 591603 317991 130781 345050 454808 336288 318398 585162 180350 313333 740189 457534 270563 424331 672148 201165 107536 268186 446624 375577 441931 504173 358353 422837 251123 641772 161637 193402 375588 812344 314105 456262 390989 460608 640057 497799 317800 524155 618805 646880 479467 999999999 650737 701435 408018 604411 508219 366871 496792 277892 518562 103092 634000 143949 604966 218127 206248 225945 471706 485884 298056 709567 439511 362330 333252 476898 284008 656112 183784 523335 743792 530667 479147 380275 417709 281258 722811 323087 315019 109859 627262 448796 387775 596479 747029 368001 817550 621295 503347 564549 487784 538932
329556 490471 275923 829779 427068 619636 409400 1200197 951157 784917 532071 789405 199122 595286 951698 797599 755634 345050 898947 486378 753241 455915 314486 481727 543808 918817 232661 441064 778018 369116 541853 1063117 408720 878305 778191 719602 869985 897847 456810 1090806 355317 1107409 708871 172067 526234 127938 188516 875925 485508 650737 999999999 134420 244890 647455 172698 928420 1108116 426456 1142406 554996 605745 726157 279141 690405 545768 823400 415872 1117881 651548 776302 615713 653917 983098 871516 523210 482592 795203 1025716 93606 226274 595081 677164 462823 526213 72545 341855 961595 750806 649302 484963 440323 900985 212682 597118 921468 435821 915735 638004 239058 194595
454836 428757 310867 914180 397433 612394 498030 1224616 911606 781203 595859 780479 255646 577367 1014527 740651 778409 420091 824110 439982 756250 420269 203569 557530 598885 965024 335355 421731 747891 314968 650821 1095237 479795 819423 843414 798915 864878 810169 454578 1118767 463605 1144534 632553 205432 514961 220384 109586 815779 609161 701435 134420 999999999 300509 573048 285699 935841 1124723 444568 1163706 599979 521985 753396 193349 775681 561257 846571 368657 1143870 642733 693437 732402 631483 1026199 844813 621079 385381 862302 1013311 149688 191816 716308 784877 579693 524403 141362 378593 1000610 807732 570365 440976 552708 853736 78499 706328 835641 344661 889503 571232 358037 170739
271969 362702 50735 615689 256666 398559 209946 955852 754045 555784 295983 564377 46799 387066 716003 630900 512708 123746 758057 332088 519885 289319 341332 258196 302349 675451 121482 251753 574991 259255 385546 818236 179888 710919 543880 499229 640413 782645 242108 846142 217031 862707 582240 96010 315387 124157 240435 710654 391634 408018 244890 300509 999999999 522544 145748 690418 865619 193502 898671 310488 504369 482258 271812 478336 309073 580050 278401 873407 430623 657890 481252 447481 739123 661604 338260 430288 562388 799590 338491 173564 480274 511520 340691 304909 317429 100854 716979 511141 533196 326849 303707 715494 358164 438711 801236 379805 704230 499616 184404 162765
792446 162232 473354 901770 269666 322632 658686 883747 387967 418854 605551 396666 531739 269473 875625 189265 529385 584067 252045 193102 431896 238360 384394 635840 572038 761530 644021 288103 288601 281570 836325 804507 587810 257812 758440 792843 471018 260227 334700 806885 718641 866984 61674 509608 294286 600258 469688 252224 890573 604411 647455 573048 522544 999999999 656328 574961 766281 404229 818301 532231 68621 533523 379992 805023 403630 575406 246053 820104 325636 135372 938876 262281 795579 372981 763185 210391 780446 563273 712548 423381 955606 926209 829505 331107 697550 466311 757495 696600 24986 199836 788825 315198 547719 876571 279948 234343 410810 40873 706549 455511
174169 494305 195531 661241 397146 542076 243232 1072085 899690 695069 381645 705498 124780 532599 794555 774533 637447 194924 897676 470412 656847 429691 407046 322842 401042 774770 64159 395868 720505 380340 369652 929500 257551 854913 621181 554239 778925 916211 387696 960668 182677 968827 717192 154885 460952 72928 280415 854367 324819 508219 172698 285699 145748 656328 999999999 821841 988704 335613 1017932 421825 630763 604278 347943 522237 446115 702841 410287 989247 573954 791367 447147 592993 840828 806229 351380 536716 636674 939137 254138 256763 430746 504869 294212 449138 234893 240945 823160 600554 664614 466010 268979 861093 360845 425053 936242 485790 848493 636660 73497 230259
848510 586390 652984 556227 550289 327952 640744 311759 328013 165439 486111 180610 732533 374192 412624 444116 192040 636797 572905 541143 180076 537679 830454 557795 449499 276191 768277 519147 291024 649508 724261 237560 585054 455273 407568 508102 105985 671079 481272 233256 743110 300732 574845 757442 424655 814518 832286 463901 846144 366871 928420 935841 690418 574961 821841 999999999 197506 501968 246172 412903 634643 229088 780586 550976 382728 142537 597223 245147 301051 615200 799543 337701 271501 239416 650856 730137 419976 168380 1020435 744405 842268 726893 783722 411527 999761 589737 233451 358062 599441 535402 752161 376094 956404 728963 663042 719001 232110 537817 820987 765738
