NAME : synthetic_000014
TYPE : CTSP-D
DIMENSION : 100
GROUPS : 8
RELAXATION_LEVEL : 1
EDGE_WEIGHT_TYPE : EXPLICIT
EDGE_WEIGHT_FORMAT : FULL_MATRIX
EDGE_WEIGHT_SECTION
999999999 403328 279150 770336 542363 551665 187674 292467 761683 639055 272604 584020 243691 1070406 589922 346749 424932 158273 892596 587433 490153 1076253 443678 764235 183770 862282 836117 959560 571476 762124 388164 981950 264639 773836 722431 419480 867893 83644 714390 297396 690525 613141 232078 897052 767368 1048165 370616 304368 920801 735316 735192 400813 253022 795630 626067 406642 756305 198515 160874 497019 664364 853205 697130 218506 461456 831751 159461 405191 324980 730493 573543 576237 945227 986653 655218 393455 253113 466786 711490 541992 1023542 547849 747614 317813 988165 484387 718726 502656 156725 534031 785376 213298 600658 762584 938268 874070 41499 656185 1029077 512426
403328 999999999 208470 372620 425628 300266 295200 408810 562739 760551 454170 698567 186190 836600 201757 159249 302077 336146 570013 552826 486375 841496 251352 950252 219932 835352 436025 839375 239585 780254 25495 714769 246468 574151 933732 239895 771698 332970 694754 334201 585273 743744 286987 501830 525319 878988 277743 122415 804624 332656 363804 354163 206908 418721 376872 23927 819980 294043 299495 367127 824506 770966 431581 414471 188876 457749 405837 225146 425745 330759 771676 305731 811870 847287 792754 20372 546705 652282 527630 429379 854680 144704 900371 459125 901057 528991 828994 229914 263613 655970 761255 350280 412860 359282 547026 521225 444023 822922 878953 116309
279150 208470 999999999 566848 564510 482778 107317 434086 740202 814362 454372 752953 208862 1029485 407580 74890 428396 151890 777201 666236 580808 1034672 402899 977812 140143 957676 624996 997428 443589 881906 211061 914026 293375 752219 947567 382854 919362 245681 809240 383640 729683 792485 82577 696493 714944 1054147 383231 204307 960463 516867 571259 451867 30003 624541 563276 226454 902861 290398 268372 505940 861774 913324 625116 399726 368253 663922 362602 365026 462074 523036 787783 495303 973939 1012150 840057 189378 499592 669378 698717 566830 1029343 335567 943566 480406 1048435 604994 890634 414400 125480 704580 880130 147255 579500 536977 744610 729608 311763 856838 1047995 321365
770336 372620 566848 999999999 538237 361438 664281 690140 517229 949840 749311 894892 533102 670568 182604 499081 494670 706757 333747 678639 662567 673403 428738 1158653 589745 891814 68614 804121 255236 886837 383763 528413 556175 523074 1161464 441118 775641 693948 789161 611813 634824 942329 649231 129800 438978 782839 513809 468017 780745 67670 124557 567694 572798 115041 372039 365097 955750 623742 642822 504535 1030338 788944 362785 727988 357773 144500 739309 441739 692405 44372 1009972 335412 768263 790027 987785 387065 867332 902282 515838 543683 763305 231802 1090810 734035 888177 723221 998689 344016 636193 866266 835671 713908 459711 82968 178306 239257 811670 1033480 804050 258465
542363 425628 564510 538237 999999999 179030 585925 282228 225985 413009 339236 360890 364363 533553 407455 556866 136286 603306 444819 142987 137533 539550 174277 622825 457979 410095 599929 434846 293994 366760 403668 465274 293949 237532 631285 187733 354882 465595 274357 246208 165184 407669 608813 616474 257519 508200 186039 361550 397194 555589 427870 141956 543005 479390 180085 402518 423863 346284 385346 59391 495735 349903 232769 359995 246380 496380 409496 204418 260431 524811 490250 202986 414124 454089 451443 441736 468948 399665 174113 5454 483358 461247 552942 297351 484143 200322 460620 223501 516741 339150 337384 650503 96366 591153 630881 480270 575172 500159 493599 411870
551665 300266 482778 361438 179030 999999999 535119 367133 262503 588479 429736 533527 321666 547386 231693 453458 154876 564028 344292 321731 301604 552683 109323 797222 414324 568983 425099 543354 115712 541099 284637 439104 288393 273984 801078 132952 483368 468135 445575 298779 307217 580931 545668 449257 232601 578798 196420 286472 510144 376571 258207 223095 468822 314891 80848 276481 602235 359480 393133 143668 668976 487082 148073 426884 114895 338494 458965 146484 359529 346116 652395 30356 514204 548429 626361 319704 559485 549806 228639 184393 554446 296106 729753 402000 610758 363055 639100 70431 475396 506031 502214 599544 121676 412155 470380 346131 590769 672291 579030 251742
187674 295200 107317 664281 585925 535119 999999999 404276 781486 780794 410065 721320 222830 1080814 496910 182128 451357 44657 850847 668917 576737 1086267 441420 928249 127962 958297 724702 1020355 515709 872057 290846 973508 294695 793741 892156 418642 936410 180828 808288 371662 748638 756932 44631 794061 766736 1089216 399888 248966 982362 617598 657593 457841 92458 713607 615720 308536 882347 265363 232636 530320 818958 927043 682149 352663 424917 752428 304647 401066 435493 621117 736581 552375 1000021 1039774 802632 278555 429465 622090 736164 587310 1064269 432563 902044 444752 1063425 589985 859309 471314 71410 671547 880149 65194 617356 639442 840723 811814 214273 812508 1078335 411416
292467 408810 434086 690140 282228 367133 404276 999999999 508030 380485 62619 319478 240385 813952 515359 464633 212294 403054 701681 297306 200192 819997 268108 549951 295217 570295 758516 672488 441222 473641 383713 746428 163029 519424 527575 251327 578830 235256 421973 79351 409200 358398 441429 799077 534836 769773 177954 289963 633782 680356 611777 150862 405020 672285 419953 395245 478268 143825 171849 255598 429565 562704 488222 80911 332392 700486 137850 248673 32739 661042 365193 397238 660883 702627 406060 413507 193697 245037 456093 280066 745689 520474 510392 50419 696779 192682 457533 352316 334816 270645 493114 459800 363796 714485 827722 713148 316401 425626 746464 469646
761683 562739 740202 517229 225985 262503 781486 508030 999999999 544978 563936 509973 559741 309046 459389 715176 338442 805076 287680 278265 338453 314959 340366 746738 655333 384643 561960 293966 348840 410530 546981 245146 502864 12300 772431 362854 258681 681997 318181 469468 164068 550086 797420 548630 83999 316306 393084 538217 266297 559709 392673 365747 723748 420555 188420 538975 494916 563386 601818 264748 631695 273813 158457 585961 376182 419050 634722 380486 485162 522771 657135 259638 260830 290900 583048 582207 692019 590164 51946 227976 291945 540559 666589 520229 373097 392375 564412 332922 716323 506752 342413 846664 164504 591118 543770 362180 796339 640106 318047 503605
639055 760551 814362 949840 413009 588479 780794 380485 544978 999999999 372067 62290 614777 772973 805490 841027 475952 774038 824773 281162 290094 778737 542252 210049 675698 324476 1012543 518059 699480 204862 735161 773096 530965 550372 227541 540621 427441 603570 247636 436707 381225 27584 819834 1028871 616665 651926 484913 653379 487796 962372 840867 410431 785430 891594 590195 742142 142519 524305 550747 446454 86813 398576 630751 429599 623513 906553 483696 549408 352437 933681 143946 614640 528692 564439 38944 769981 410144 181599 507054 407562 634363 841255 142626 336410 490662 235132 79671 617569 713130 109844 278137 832107 501377 998119 1040990 879644 648285 95345 609534 788850
272604 454170 454372 749311 339236 429736 410065 62619 563936 372067 999999999 314309 276164 867566 572715 493210 274909 401979 763768 336859 242496 873640 329976 523459 314280 595011 817816 712438 502192 490901 429664 804439 208462 575071 494545 312508 617012 231543 450187 137630 455748 347503 450422 859847 594210 815510 239335 332639 673983 737352 673276 212517 424557 733968 482099 442623 484006 169285 186000 316357 409610 598784 549970 57581 391998 762540 113494 308891 78827 719186 333673 459824 703290 745074 392661 456820 131756 215035 512027 336654 791816 572850 492408 49396 730371 220110 451284 413696 344337 264159 519548 460085 423860 771072 889205 775766 289367 403796 789735 522985
584020 698567 752953 894892 360890 533527 721320 319478 509973 62290 314309 999999999 552681 755575 747208 778938 416126 715764 783897 236913 232788 761478 482875 263963 614631 337845 958443 516407 642936 217524 673158 744876 468751 516421 270989 480419 421850 545289 234630 374503 348595 47563 759853 977326 577475 646178 423436 591094 483376 905458 788168 349465 724135 840278 540010 680303 178256 463198 490416 390477 135450 394538 584410 371584 563986 856754 426997 488746 290886 877470 150343 560458 522712 560693 95329 707863 363623 141822 468716 355491 626984 780974 202821 276571 499823 175256 138138 559662 653115 50156 279727 773653 452184 941200 991300 834071 595270 139277 606633 728506
243691 186190 208862 533102 364363 321666 222830 240385 559741 614777 276164 552681 999999999 861889 350825 226257 228917 245531 654632 458060 371957 867455 221186 790316 95612 749514 600330 799205 328326 673167 164294 760215 85369 572024 767100 197655 717271 162710 600695 178588 528358 594536 244525 657483 549553 866388 178884 66597 761478 504484 491690 243702 183461 552339 400684 180646 696229 109447 113944 307907 669008 709462 469719 231284 221021 588191 219663 180539 264086 495322 604875 342779 778057 817544 643018 184825 360759 484676 513734 366029 841441 322129 748836 290084 845410 397921 689023 264778 156626 505867 671792 287930 395320 534550 696968 631261 285013 665534 855740 279531
1070406 836600 1029485 670568 533553 547386 1080814 813952 309046 772973 867566 755575 861889 999999999 688624 994839 646149 1107221 338950 553035 632087 6107 640708 948315 956925 500084 687575 295039 600805 587615 825250 142372 809943 297028 989431 664299 357427 990192 525370 778377 424131 786195 1092918 639680 314786 176863 700783 833262 307386 731190 561962 674450 1016172 555700 466574 813949 677201 871965 910198 573713 854388 387303 405379 893011 661313 532039 943022 681353 789324 694514 905619 534334 266543 249100 806577 856882 992556 862432 360127 535064 175703 778804 865048 821926 376408 677531 765391 615085 1018218 766628 506688 1145660 470544 753452 609236 439634 1105316 865681 224311 754514
589922 201757 407580 182604 407455 231693 496910 515359 459389 805490 572715 747208 350825 688624 999999999 348187 333562 537451 387453 550258 515426 692787 265979 1010434 411679 798927 250538 752749 117335 772434 207994 555130 374997 468636 1006904 273345 704016 512322 677225 436192 536443 794700 487851 307185 398744 763176 343059 286294 722979 165084 164456 405148 408314 217164 277759 189576 831140 441571 460220 361891 881546 711008 304357 548177 187361 256410 557335 270477 520754 147458 850628 215893 720184 749648 842056 219222 687372 738250 440065 412618 740528 90976 948039 561320 827671 572243 862055 188096 461567 713504 733521 551623 350331 199673 348999 325538 631374 883160 773371 86225
346749 159249 74890 499081 556866 453458 182128 464633 715176 841027 493210 778938 226257 994839 348187 999999999 423382 226743 727217 670099 590830 999804 387030 1013890 185607 959872 555225 983579 398798 891960 169738 873969 310746 726886 987654 369951 910277 302954 813833 404693 721133 820661 155240 628210 682281 1031219 384668 198678 947605 446576 512641 458234 94806 563310 532203 181126 920023 324457 309925 497495 894151 906654 589499 441670 339023 602922 411776 352751 489781 454919 826196 461890 957986 994838 869051 138886 552693 706435 677042 559819 1006660 269955 974525 513328 1039911 621972 915173 383271 190136 732029 883372 219066 559358 465235 677329 673241 381553 890245 1028512 263002
424932 302077 428396 494670 136286 154876 451357 212294 338442 475952 274909 416126 228917 646149 333562 423382 999999999 470818 492716 250972 189178 651944 67585 678029 323467 537335 561705 570787 239768 478178 278330 558602 164531 350703 673343 65379 490989 344074 393719 146946 301350 463331 473023 595057 343637 638684 54661 226261 533301 495785 405088 73026 406722 464375 212051 280351 520442 226486 264267 78994 549280 485170 282573 274889 147983 490681 312307 77369 205338 471123 517649 185058 549186 588627 511410 316125 405087 407715 289714 138458 613741 365484 618452 247892 620048 240945 537853 150679 383160 380443 461683 516249 175794 531256 620309 500859 461061 550369 626978 313208
158273 336146 151890 706757 603306 564028 44657 403054 805076 774038 401979 715764 245531 1107221 537451 226743 470818 999999999 885628 678278 584131 1112761 466561 913638 150303 965327 767752 1036115 551135 875094 330236 1003104 309566 817367 874959 443157 950131 170496 815318 378922 763942 749419 80955 836472 794191 1109493 417856 280123 997836 660985 696856 470741 136577 753594 644124 348277 880813 270465 234462 549345 807855 939478 711795 344440 456249 792185 292143 425937 435144 663810 722013 582746 1017072 1057309 794042 320177 407995 610084 758548 604321 1084552 475257 891184 440140 1075925 592678 853170 502264 89002 665697 887241 58331 640587 683246 882681 849491 179187 800745 1096820 452451
892596 570013 777201 333747 444819 344292 850847 701681 287680 824773 763768 783897 654632 338950 387453 727217 492716 885628 999999999 547023 580771 341372 453556 1030348 740960 663022 348746 521982 335261 698084 566237 196688 631723 286050 1051918 476903 523374 808971 605669 639554 448795 826930 851768 305362 208827 469560 539413 606744 508488 396901 236169 551327 771235 218787 281738 550827 782502 703384 736117 449796 911492 545021 214819 767605 433660 193137 802621 489324 688421 361424 925505 317457 484706 496115 863451 589956 895361 843259 318403 449299 453511 477471 951502 729497 612057 642184 849941 390381 799892 772892 628212 912007 349101 416680 282857 101657 932490 918843 499506 466963
587433 552826 666236 678639 142987 321731 668917 297306 278265 281162 336859 236913 458060 553035 550258 670099 250972 678278 547023 999999999 97341 559128 305726 490552 544094 291471 738814 375902 436944 228159 529261 520226 376360 286091 506352 313443 281548 521490 143734 299559 128904 280719 698252 750506 341336 480839 285469 471425 337331 698069 564885 214405 641504 613223 311567 530769 280909 408298 445864 192056 366950 265789 349589 377199 383457 626565 435143 327686 266229 666781 380337 344573 366551 408316 320105 567091 449843 313682 233720 137740 457715 601396 416689 287712 400958 125784 320866 364931 597601 228817 213933 730875 222155 733555 760782 598624 613366 373320 453213 551014
490153 486375 580808 662567 137533 301604 576737 200192 338453 290094 242496 232788 371957 632087 515426 590830 189178 584131 580771 97341 999999999 638192 253647 496745 453864 381594 726693 472383 410149 301514 461685 583540 287927 348338 499534 254554 378688 425086 231558 205376 213744 280343 607809 748505 386134 573016 209709 393228 433705 672733 558193 133537 554877 612173 316509 465848 333646 313679 350568 158054 368072 363118 370110 280440 334919 631188 338037 265472 169545 644692 353936 329292 461561 503347 326974 498575 361433 262584 288265 132611 549352 553988 432613 194060 498074 63035 348994 327475 505327 204780 303444 637703 233757 708479 765399 617745 516052 370934 547671 501922
1076253 841496 1034672 673403 539550 552683 1086267 819997 314959 778737 873640 761478 867455 6107 692787 999804 651944 1112761 341372 559128 638192 999999999 646271 953754 962462 505062 689868 299495 605478 593073 830244 145022 815694 302954 995014 669883 362712 995997 531148 784322 430224 792018 1098258 641428 320086 179884 706573 838638 312313 734252 565322 680411 1021441 558483 471858 818879 682612 877802 916019 579600 860073 392608 410390 899037 666532 534502 949011 686917 795391 697639 911504 539472 271340 253297 812288 861786 998653 868476 366080 541071 179436 783038 870493 828013 380326 683633 770917 620277 1023758 772619 512149 1151097 476311 756312 610574 441842 1111198 871388 227733 759007
443678 251352 402899 428738 174277 109323 441420 268108 340366 542252 329976 482875 221186 640708 265979 387030 67585 466561 453556 305726 253647 646271 999999999 745258 316302 584171 496207 596816 174950 533866 229564 541158 179537 352583 740925 24285 523755 360385 445356 194646 335447 530196 457189 532282 328843 651764 91081 199012 560639 428389 343839 139810 384718 404193 182675 228266 581186 250220 284312 116078 616448 521354 253515 321458 81318 432598 350644 40648 265846 404185 585087 136701 572004 609683 578072 267599 456972 474405 296577 178063 626902 300477 684850 308162 653409 307619 602609 85284 377567 447840 510626 506551 177185 463814 559744 450857 482345 617699 645115 248633
764235 950252 977812 1158653 622825 797222 928249 549951 746738 210049 523459 263963 790316 948315 1010434 1013890 678029 913638 1030348 490552 496745 953754 745258 999999999 837689 459668 1221864 670511 906891 360724 924760 965092 710509 751069 67254 741428 591774 747421 434553 617766 582836 216426 970387 1238898 821602 807920 680627 836691 647036 1169330 1050685 609175 948014 1101630 800240 933547 271252 689867 709449 654387 128894 561795 839955 578908 826000 1116531 623603 748606 527456 1141432 191712 823838 689183 719220 171402 957680 513199 308434 711949 617385 794088 1041091 83284 500657 620824 438226 184948 823249 865762 297893 441651 971755 711373 1205067 1250937 1088240 763319 128014 760995 988557
183770 219932 140143 589745 457979 414324 127962 295217 655333 675698 314280 614631 95612 956925 411679 185607 323467 150303 740960 544094 453864 962462 316302 837689 999999999 834674 654596 892500 408977 752430 206091 853410 168083 667614 807924 292988 809031 121305 684947 250883 620923 653397 154167 717719 643952 961659 271947 134564 854555 552446 563849 331415 110465 622875 494153 224731 768389 151433 128301 402406 721804 800135 562289 260038 308621 660311 226409 275697 324153 549008 647808 433853 872064 911814 700703 209686 367107 529257 609325 459389 936710 364619 803754 340713 936421 472149 752596 354056 61306 565855 756608 192782 490928 579178 760660 710814 224179 716770 950436 331283
862282 835352 957676 891814 410095 568983 958297 570295 384643 324476 595011 337845 749514 500084 798927 959872 537335 965327 663022 291471 381594 505062 584171 459668 834674 999999999 941775 211818 681593 120812 812923 545452 667394 382602 509698 595990 147917 803349 150056 586924 262520 346974 988808 932791 468589 349032 575955 761438 192805 926163 768372 505876 932967 802349 526512 812411 194276 694910 731173 468228 388975 120924 529702 644790 655283 803144 704258 611737 537606 890879 468415 583057 234333 260713 347438 851000 681334 477118 376461 406149 336662 864113 378038 546805 166887 377896 287706 627208 886888 373540 78150 1019245 448620 959818 928299 745437 883329 402359 301473 817127
836117 436025 624996 68614 599929 425099 724702 758516 561960 1012543 817816 958443 600330 687575 250538 555225 561705 767752 348746 738814 726693 689868 496207 1221864 654596 941775 999999999 842654 321958 942556 448519 545419 624669 566730 1226078 509075 820494 760554 844780 680286 688315 1005768 707567 79047 480897 811417 581930 534885 821466 108923 175426 634717 632655 142560 429201 429902 1013764 692001 710631 568680 1093869 835478 412297 796597 426124 156528 807651 510004 760454 105633 1075733 398031 806165 825276 1050715 449480 935940 969022 565365 605383 793166 292803 1152871 802181 928748 787876 1059501 411218 699490 930930 888485 772250 518047 99256 132223 248125 877352 1097341 836022 323696
959560 839375 997428 804121 434846 543354 1020355 672488 293966 518059 712438 516407 799205 295039 752749 983579 570787 1036115 521982 375902 472383 299495 596816 670511 892500 211818 842654 999999999 640209 316698 820760 366839 726715 285633 718258 615273 97423 889172 284636 664703 272191 536640 1043654 817685 365745 137415 620644 793300 38764 850657 680358 566139 976927 700118 477565 815460 401424 771798 810619 492156 591363 122202 452036 752817 650534 691266 810265 632956 641882 813333 659793 546562 37276 48898 546490 857773 820111 644479 315665 433214 125213 831944 588214 663141 90736 495447 493920 611826 950633 540862 239922 1084669 426522 880893 802698 616901 987372 604045 91683 792397
571476 239585 443589 255236 293994 115712 515709 441222 348840 699480 502192 642936 328326 600805 117335 398798 239768 551135 335261 436944 410149 605478 174950 906891 408977 681593 321958 640209 999999999 656726 232716 475735 325060 358848 907494 189906 588217 489007 560959 364955 419109 690490 516778 357880 296283 659202 263298 274452 609329 262987 172280 312768 436377 233734 162858 218570 717681 396996 423763 253073 778173 594472 200423 487655 114567 265790 508193 193744 440580 234605 754934 98568 608616 639725 736856 259928 625893 647132 325558 299290 635817 191842 841483 482758 713030 469649 752605 89666 466555 612462 616431 576750 233009 298721 387581 302986 612538 780737 665884 156521
762124 780254 881906 886837 366760 541099 872057 473641 410530 204862 490901 217524 673167 587615 772434 891960 478178 875094 698084 228159 301514 593073 533866 360724 752430 120812 942556 316698 656726 999999999 756400 609875 588608 412129 403570 541384 231894 708855 97776 501627 256629 226544 905448 943704 492199 452844 508493 693804 289383 913131 767138 433769 855576 808580 514831 758443 90187 606719 640926 419537 274693 201998 534178 543618 611078 815265 602808 555285 441033 879898 348684 560474 331272 364341 230490 794057 568001 357862 387193 361895 437075 827893 277446 444358 285933 282435 178654 590259 800946 255334 80929 930724 428455 948052 946018 769727 780260 287473 408367 778088
388164 25495 211061 383763 403668 284637 290846 383713 546981 735161 429664 673158 164294 825250 207994 169738 278330 330236 566237 529261 461685 830244 229564 924760 206091 812923 448519 820760 232716 756400 999999999 705715 221647 558551 908334 217003 751635 315443 671548 308839 564451 718296 286501 512140 512549 863272 252740 99127 785652 347223 366792 329216 205848 423385 362717 18670 795327 270987 278118 344860 799013 750299 419874 390789 171272 461950 383806 201781 400397 342921 746307 292198 793807 829707 767308 38082 523985 626971 510507 407294 838840 160562 874916 433992 881139 503812 803759 214241 253697 630497 738463 348509 394512 375184 556039 521670 429211 797427 862108 125348
981950 714769 914026 528413 465274 439104 973508 746428 245146 773096 804439 744876 760215 142372 555130 873969 558602 1003104 196688 520226 583540 145022 541158 965092 853410 545452 545419 366839 475735 609875 705715 999999999 717688 235683 998053 565385 397653 899580 530754 699925 396904 781688 981765 499196 214968 285600 612066 724543 364492 589563 421678 599053 903131 413471 359535 692978 699574 784318 821136 494056 858517 424841 291396 821958 549014 389706 867044 581332 725670 553103 894311 421214 331208 330801 809685 735141 934109 833644 295546 468041 273858 645962 882557 762344 456795 637242 780169 502473 914500 746583 531368 1037514 385587 611338 471074 297725 1019072 868260 323086 625464
264639 246468 293375 556175 293949 288393 294695 163029 502864 530965 208462 468751 85369 809943 374997 310746 164531 309566 631723 376360 287927 815694 179537 710509 168083 667394 624669 726715 325060 588608 221647 717688 999999999 515137 690199 155527 641809 181896 517987 94264 454626 511323 322079 674270 503466 801331 110091 126971 688521 537151 496296 163350 267017 557878 361516 234212 610860 72506 104780 241450 587529 632369 432668 174638 210567 590814 184171 142399 183054 522446 527823 314284 707509 747789 560022 250550 313007 407813 454237 294845 776422 366010 666441 213447 768736 312555 604516 245898 224188 422606 589437 358342 339424 569715 709080 621589 302897 584634 787548 317427
773836 574151 752219 523074 237532 273984 793741 519424 12300 550372 575071 516421 572024 297028 468636 726886 350703 817367 286050 286091 348338 302954 352583 751069 667614 382602 566730 285633 358848 412129 558551 235683 515137 999999999 777684 375104 253812 694209 320905 481399 169150 556016 809603 551776 86617 304837 405340 550347 258911 566571 398569 377602 735847 424941 199183 550410 497339 575565 614017 276866 636997 270058 166403 597527 387868 422339 646500 392727 496328 529504 664105 270547 251964 281160 588274 593665 702879 598662 63425 239428 280561 550428 670562 531136 366030 401563 568219 344414 728610 514193 342621 858917 176800 597671 545753 363133 808431 645603 307438 513972
722431 933732 947567 1161464 631285 801078 892156 527575 772431 227541 494545 270989 767100 989431 1006904 987654 673343 874959 1051918 506352 499534 995014 740925 67254 807924 509698 1226078 718258 907494 403570 908334 998053 690199 777684 999999999 734943 635412 711775 468232 599572 608547 225677 935115 1247276 844057 855318 670533 817124 692653 1168266 1057461 602322 917607 1110449 810813 918267 316836 663287 679776 657426 140750 605550 855130 547900 820542 1127517 588443 740616 508119 1141885 162390 828807 734661 766575 189410 939839 469544 282556 734503 625919 840294 1031890 133719 477353 673723 438258 224926 821591 832062 295200 483948 932676 723163 1203892 1262056 1104662 718639 133118 809498 979474
419480 239895 382854 441118 187733 132952 418642 251327 362854 540621 312508 480419 197655 664299 273345 369951 65379 443157 476903 313443 254554 669883 24285 741428 292988 595990 509075 615273 189906 541384 217003 565385 155527 375104 734943 999999999 540339 336152 454888 175818 351229 527456 435313 547781 352871 672968 73394 178570 578730 437371 360807 132654 363868 421652 206958 217487 585433 226561 260303 128457 612866 536915 277767 301256 86000 451093 328541 17878 251411 414722 577578 159624 591188 629297 575746 255061 437912 464958 318228 191059 648072 300634 682995 293311 669965 305493 603133 101235 354195 443568 521471 483815 198990 472511 576713 472185 458229 613567 665367 248241
867893 771698 919362 775641 354882 483368 936410 578830 258681 427441 617012 421850 717271 357427 704016 910277 490989 950131 523374 281548 378688 362712 523755 591774 809031 147917 820494 97423 588217 231894 751635 397653 641809 253812 635412 540339 999999999 799386 188347 575216 189699 444540 961640 804429 340103 224803 538419 716319 61680 816300 651098 479398 897571 678749 426270 747942 320532 683238 721748 413767 504155 29979 414215 658716 584169 675356 716676 557643 547755 779745 567345 491122 101318 138960 457874 789280 723127 547796 264922 352535 206937 777913 508627 567642 129658 398990 410530 548899 865981 444542 151601 1000131 362503 848415 795683 610654 894643 516316 185093 735048
83644 332970 245681 693948 465595 468135 180828 235256 681997 603570 231543 545289 162710 990192 512322 302954 344074 170496 808971 521490 425086 995997 360385 747421 121305 803349 760554 889172 489007 708855 315443 899580 181896 694209 711775 336152 799386 999999999 653932 224469 618240 579037 223350 819400 685274 973215 289491 226036 850494 661990 654202 325388 216312 714965 542925 333496 711343 119331 80373 417920 638834 786277 613894 173978 378253 750622 123819 321688 267824 655119 555756 492606 873208 914340 623917 325488 254314 441564 632345 465589 948460 476002 722051 270057 922171 427193 682676 419127 122314 495211 725623 228543 519837 690556 859459 791248 123852 632135 955940 437538
714390 694754 809240 789161 274357 445575 808288 421973 318181 247636 450187 234630 600695 525370 677225 813833 393719 815318 605669 143734 231558 531148 445356 434553 684947 150056 844780 284636 560959 97776 671548 530754 517987 320905 468232 454888 188347 653932 999999999 436869 159943 261310 839034 846322 398180 411806 429197 615159 250026 816039 669362 357452 784134 710985 417205 672352 176884 544881 581247 329647 330298 162535 436795 497982 520450 718103 557343 469767 389411 782589 382535 464069 288512 327261 281940 709500 545256 359871 291445 269771 392383 735216 352451 401295 283233 230736 249842 497159 736879 256272 71926 869189 331302 850861 849327 674420 736712 341060 373433 686171
297396 334201 383640 611813 246208 298779 371662 79351 469468 436707 137630 374503 178588 778377 436192 404693 146946 378922 639554 299559 205376 784322 194646 617766 250883 586924 680286 664703 364955 501627 308839 699925 94264 481399 599572 175818 575216 224469 436869 999999999 394004 417102 403907 722383 485533 750772 103586 218984 626025 601134 536497 104267 356098 597439 358951 319308 519221 108745 146682 206287 493917 562756 429240 128234 254372 626816 167184 171382 91572 582157 437475 328238 648972 690207 465838 340425 262338 318212 418259 245466 726146 441718 572408 127545 698963 221645 510482 277016 300282 328389 508780 432332 314341 635200 752322 644322 329143 491339 732173 390648
690525 585273 729683 634824 165184 307217 748638 409200 164068 381225 455748 348595 528358 424131 536443 721133 301350 763942 448795 128904 213744 430224 335447 582836 620923 262520 688315 272191 419109 256629 564451 396904 454626 169150 608547 351229 189699 618240 159943 394004 999999999 387215 772869 687264 240167 360578 349492 526648 233904 665807 513210 294113 708027 552644 265275 561704 335989 500224 539169 224119 467850 185910 277879 490110 399774 558666 545606 368383 380558 631175 497524 320556 254977 296220 419139 602325 574523 440671 131878 162896 336553 603115 503084 407684 319057 253866 401230 368029 678673 350032 200938 812774 186232 699962 689486 514753 720010 476472 338644 557285
613141 743744 792485 942329 407669 580931 756932 358398 550086 27584 347503 47563 594536 786195 794700 820661 463331 749419 826930 280719 280343 792018 530196 216426 653397 346974 1005768 536640 690490 226544 718296 781688 511323 556016 225677 527456 444540 579037 261310 417102 387215 999999999 796354 1024140 619641 669324 469575 634823 505417 953021 835220 396127 763391 887018 586365 725796 168902 502161 527724 437973 88136 416125 629525 405082 611248 903087 458494 535539 331193 925014 123181 607752 545855 582404 49015 752652 382813 154092 510380 402254 651182 827910 156680 313254 512413 222605 106092 607199 689722 88718 297046 807568 498189 988763 1037624 879003 621817 92894 627833 775419
232078 286987 82577 649231 608813 545668 44631 441429 797420 819834 450422 759853 244525 1092918 487851 155240 473023 80955 851768 698252 607809 1098258 457189 970387 154167 988808 707567 1043654 516778 905448 286501 981765 322079 809603 935115 435313 961640 223350 839034 403907 772869 796354 999999999 778922 778196 1108078 423378 259892 1005977 599440 650761 485283 80662 705008 626516 303105 918528 300074 269643 551917 859866 953378 691068 393296 432975 744245 346978 417499 472027 605482 778817 560885 1022160 1061398 842494 268727 473629 663540 753534 610531 1083159 417750 942794 483444 1089513 624166 897967 479535 106739 710297 910728 64701 634229 619394 826852 807751 257549 853682 1098993 401672
897052 501830 696493 129800 616474 449257 794061 799077 548630 1028871 859847 977326 657483 639680 307185 628210 595057 836472 305362 750506 748505 641428 532282 1238898 717719 932791 79047 817685 357880 943704 512140 499196 674270 551776 1247276 547781 804429 819400 846322 722383 687264 1024140 778922 999999999 465171 774591 621175 593421 799571 185059 191076 667406 702598 137322 439044 493477 1019142 743725 765061 591974 1112189 821800 409536 842923 468796 129648 858356 551002 798128 173465 1101243 420175 780649 796243 1067511 516607 981925 998763 559261 621887 757939 361602 1167026 840423 905930 810885 1070898 447187 765216 953250 884636 843610 528372 178290 53203 204222 938486 1116603 802937 386826
767368 525319 714944 438978 257519 232601 766736 534836 83999 616665 594210 577475 549553 314786 398744 682281 343637 794191 208827 341336 386134 320086 328843 821602 643952 468589 480897 365745 296283 492199 512549 214968 503466 86617 844057 352871 340103 685274 398180 485533 240167 619641 778196 465171 999999999 364503 397185 518683 341774 485004 314830 385813 701396 338802 151795 502188 575037 569498 606504 280403 703455 356674 95871 608841 346693 335722 652716 369380 515851 447630 721489 220483 330476 355391 655230 545422 725094 645824 109702 261011 341785 484529 742676 554123 449210 444886 641162 300634 705245 569357 425730 831427 171600 515156 459774 278555 804265 711099 375689 452775
1048165 878988 1054147 782839 508200 578798 1089216 769773 316306 651926 815510 646178 866388 176863 763176 1031219 638684 1109493 469560 480839 573016 179884 651764 807920 961659 349032 811417 137415 659202 452844 863272 285600 801331 304837 855318 672968 224803 973215 411806 750772 360578 669324 1108078 774591 364503 999999999 691860 850752 164156 836885 663835 647935 1036480 671611 503247 855246 538542 854067 893169 560228 727132 253355 459768 850682 692347 655367 905922 690829 741034 799286 792148 574769 123544 88766 681580 898495 930606 768879 355430 507891 24949 848851 725577 766965 205318 605416 630734 649222 1021750 666825 374485 1154311 474712 863713 751454 570372 1078969 739602 50111 815545
370616 277743 383231 513809 186039 196420 399888 177954 393084 484913 239335 423436 178884 700783 343059 384668 54661 417856 539413 285469 209709 706573 91081 680627 271947 575955 581930 620644 263298 508493 252740 612066 110091 405340 670533 73394 538419 289491 429197 103586 349492 469575 423378 621175 397185 691860 999999999 185994 582796 507882 433956 76521 360059 494639 261364 258127 543151 172358 209829 131651 552936 530969 332537 230908 156641 523522 263241 72647 178645 486427 511236 225427 600153 640020 518413 289206 365895 396317 344204 187458 666932 361371 626126 220252 666726 251583 551710 174404 330826 383303 499032 464482 230347 542710 649896 541118 407107 552627 679075 308941
304368 122415 204307 468017 361550 286472 248966 289963 538217 653379 332639 591094 66597 833262 286294 198678 226261 280123 606744 471425 393228 838638 199012 836691 134564 761438 534885 793300 274452 693804 99127 724543 126971 550347 817124 178570 716319 226036 615159 218984 526648 634823 259892 593421 518683 850752 185994 999999999 756471 438142 432043 260076 185748 491956 367236 114665 724517 171865 180328 302555 712795 711243 433195 292059 176241 528668 285057 160729 309504 429642 654759 303426 769641 807854 683736 124207 424868 534779 495452 364134 825898 255577 790747 340376 845681 427745 724993 222480 193218 546265 684786 313130 376075 468028 633989 576642 345866 710317 843867 213149
920801 804624 960463 780745 397194 510144 982362 633782 266297 487796 673983 483376 761478 307386 722979 947605 533301 997836 508488 337331 433705 312313 560639 647036 854555 192805 821466 38764 609329 289383 785652 364492 688521 258911 692653 578730 61680 850494 250026 626025 233904 505417 1005977 799571 341774 164156 582796 756471 999999999 825429 656500 527676 939709 678948 446476 780730 376387 733204 772003 454835 563216 89294 424749 714144 615924 671970 771546 596353 603222 788301 628373 514545 42149 77325 517479 822839 782348 609376 283883 395449 147694 800755 564205 624711 107438 457401 467785 578000 912524 506201 210416 1046597 392027 856311 786816 600884 948612 575603 123415 760252
735316 332656 516867 67670 555589 376571 617598 680356 559709 962372 737352 905458 504484 731190 165084 446576 495785 660985 396901 698069 672733 734252 428389 1169330 552446 926163 108923 850657 262987 913131 347223 589563 537151 566571 1168266 437371 816300 661990 816039 601134 665807 953021 599440 185059 485004 836885 507882 438142 825429 999999999 173051 568149 525326 178742 400565 328853 977948 601375 616886 516042 1040510 827739 402152 711285 351632 210991 717336 435245 685799 37627 1013434 353846 815478 839311 999630 344792 850129 902233 553038 560959 816576 188046 1104449 726404 932600 731457 1015346 346690 594977 873796 866483 664082 484740 35748 236991 305018 776260 1042757 855729 224994
735192 363804 571259 124557 427870 258207 657593 611777 392673 840867 673276 788168 491690 561962 164456 512641 405088 696856 236169 564885 558193 565322 343839 1050685 563849 768372 175426 680358 172280 767138 366792 421678 496296 398569 1057461 360807 651098 654202 669362 536497 513210 835220 650761 191076 314830 663835 433956 432043 656500 173051 999999999 477044 570685 61587 254181 349070 838579 567710 592779 401175 923346 664560 238794 659899 286450 96627 679972 365704 609264 135454 910403 229283 644719 667420 879311 382142 797964 807714 392037 433313 643550 248982 980248 651717 763911 620347 885749 259585 617445 762970 713668 714036 343348 201040 215946 162190 776601 927390 682973 250211
400813 354163 451867 567694 141956 223095 457841 150862 365747 410431 212517 349465 243702 674450 405148 458234 73026 470741 551327 214405 133537 680411 139810 609175 331415 505876 634717 566139 312768 433769 329216 599053 163350 377602 602322 132654 479398 325388 357452 104267 294113 396127 485283 667406 385813 647935 76521 260076 527676 568149 477044 999999999 427117 535814 269790 334296 466707 206557 245630 105475 480811 469272 337468 223044 218264 561105 269159 139502 137835 543918 445499 253444 548683 589569 444721 365727 344234 334753 314339 141308 623218 432024 552283 179868 605700 175977 475921 223692 387004 311287 428265 521065 214248 603533 691738 566703 433252 481230 630742 379498
253022 206908 30003 572798 543005 468822 92458 405020 723748 785430 424557 724135 183461 1016172 408314 94806 406722 136577 771235 641504 554877 1021441 384718 948014 110465 932967 632655 976927 436377 855576 205848 903131 267017 735847 917607 363868 897571 216312 784134 356098 708027 763391 80662 702598 701396 1036480 360059 185748 939709 525326 570685 427117 999999999 625450 549601 222541 875225 261231 238567 484881 832252 890877 613015 369793 355130 664571 332651 345991 433316 529426 757896 482872 954103 992694 810856 189106 469957 639582 681200 545139 1011620 340997 914145 451029 1026356 577673 861927 401600 97483 675615 855253 143373 561821 546994 749750 727233 287027 827236 1029192 322284
795630 418721 624541 115041 479390 314891 713607 672285 420555 891594 733968 840278 552339 555700 217164 563310 464375 753594 218787 613223 612173 558483 404193 1101630 622875 802349 142560 700118 233734 808580 423385 413471 557878 424941 1110449 421652 678749 714965 710985 597439 552644 887018 705008 137322 338802 671611 494639 491956 678948 178742 61587 535814 625450 999999999 301727 405324 882873 629261 654150 456435 975036 694337 274860 721235 348008 39655 741556 426907 669108 144575 965469 285241 663664 683158 930252 436379 859138 864628 426667 484792 652759 295201 1029710 711617 786208 674756 933707 320426 675531 816797 751444 768778 391075 198009 155944 127126 837075 979549 694821 303340
626067 376872 563276 372039 180085 80848 615720 419953 188420 590195 482099 540010 400684 466574 277759 532203 212051 644124 281738 311567 316509 471858 182675 800240 494153 526512 429201 477565 162858 514831 362717 359535 361516 199183 810813 206958 426270 542925 417205 358951 265275 586365 626516 439044 151795 503247 261364 367236 446476 400565 254181 269790 549601 301727 999999999 353365 584571 430781 466071 170683 674194 433791 71322 486600 195053 316746 523927 222321 407269 366178 670131 71524 446400 478456 628941 396703 613642 576345 162720 185350 479234 354401 727983 448736 550307 379540 632271 149302 555343 519235 465930 680235 89438 434850 451291 302825 664370 679125 506468 315620
406642 23927 226454 365097 402518 276481 308536 395245 538975 742142 442623 680303 180646 813949 189576 181126 280351 348277 550827 530769 465848 818879 228266 933547 224731 812411 429902 815460 218570 758443 18670 692978 234212 550410 918267 217487 747942 333496 672352 319308 561704 725796 303105 493477 502188 855246 258127 114665 780730 328853 349070 334296 222541 405324 353365 999999999 799287 286115 294588 344201 807280 747341 408747 405066 164951 443991 399721 203158 410849 324294 756476 282337 787943 823368 774782 43338 539236 637496 503727 406329 830919 142661 882473 445359 877270 509684 809804 206100 272261 638345 738544 365555 388942 357060 537433 504697 447726 805985 855079 106678
