NAME : synthetic_000663
TYPE : CTSP-D
DIMENSION : 100
GROUPS : 8
RELAXATION_LEVEL : 1
EDGE_WEIGHT_TYPE : EXPLICIT
EDGE_WEIGHT_FORMAT : FULL_MATRIX
EDGE_WEIGHT_SECTION
999999999 251509 398115 188367 984699 225611 489123 235147 183288 150292 658107 664036 753549 313576 107524 840629 620995 193725 691627 485588 200011 297957 438608 197381 918052 584260 137029 555162 95543 735993 483308 93470 451464 479411 495994 607617 434337 429480 687753 355397 670982 483098 367914 216344 340190 548604 450841 121921 776173 778978 287476 209453 514642 173603 639658 218503 636809 545272 746279 298432 541598 910313 383478 542017 446485 315872 566791 532380 588562 283590 136198 524886 818496 468518 334062 596893 581838 174240 524983 584683 520067 499792 328814 899528 348896 861382 988328 228271 566380 586149 581857 687291 205665 644310 935601 694963 161252 307277 919461 463095
251509 999999999 634869 113272 1197275 441593 586113 430790 401751 355591 836402 810942 834461 258331 215704 1055890 863851 440082 932667 623719 366270 542653 432175 445209 1133762 826537 387387 806662 221290 930732 725912 214559 512030 431577 743468 859082 684827 421306 923505 599550 907497 494419 616724 384376 378761 783259 644238 311594 979464 813167 534875 446711 765876 400535 820130 458984 876857 776053 953798 519186 774327 1115431 403266 764603 581040 504190 539952 698969 827566 154340 369313 719458 1036532 587267 553276 774298 779294 347767 761373 736635 614174 701560 577836 1109481 417830 1039543 1194317 384477 814119 828040 578457 883543 455846 895320 1143538 774514 154329 472041 1139325 709066
398115 634869 999999999 538725 865964 383495 708521 428065 235227 282900 689962 760922 940124 690994 423808 731507 427008 207619 493829 646524 299778 108625 768406 206988 796684 404569 268957 261431 478949 708492 339198 480400 722463 828708 303620 291941 229384 762168 521076 280562 503928 791331 238604 468956 661556 150505 513897 327067 716286 1020425 128056 189514 207481 234411 670881 179615 457450 443450 679034 377585 431721 824012 706775 158785 626625 200344 891144 625522 428800 598912 355876 555182 703084 664680 107051 646802 585316 306132 402247 691388 734880 519744 114246 799596 642569 854762 889902 300087 200575 408563 885913 666084 208947 355821 837386 892632 557221 503756 783336 100135
188367 113272 538725 999999999 1170116 407975 615816 408758 303501 255911 830144 821188 874977 330487 115191 1026476 808249 356057 879285 635704 257319 454144 497318 362790 1104127 771752 311389 730865 204866 915134 670901 197428 554712 510958 681197 781045 615898 486630 876089 542891 859285 555348 552538 374341 424234 684332 627488 211665 958447 871817 449577 355150 686425 305707 812508 369139 824731 733411 929792 483502 729886 1093519 457392 660579 593839 395041 615439 697860 776689 100387 322767 702710 1004942 607452 450625 768059 761187 241011 713338 743542 645740 680181 494216 1084114 453318 1034486 1171951 273554 725911 773740 646845 866770 377117 823216 1119691 814874 179409 467358 1106415 619501
984699 1197275 865964 1170116 999999999 762327 721323 766983 974897 1005249 396886 491455 686334 1038300 1084861 144500 439742 883688 378474 630559 1064102 845465 947282 873512 69841 461722 893565 622421 977882 282824 542187 985029 816168 1019738 565074 622036 643544 951789 345032 655667 362053 906485 670091 813644 901314 868308 554939 1028949 223086 838007 830678 915062 670907 957288 406011 899169 408622 450613 244102 686715 458153 96089 915021 942648 666333 1039409 982113 529914 439680 1267947 848532 481216 169125 684787 952486 450095 421410 1051305 482918 526664 713002 496004 796198 88950 849035 263199 51317 1082869 737163 457825 930038 323310 851215 553197 62648 698046 1045218 731435 85977 780932
225611 441593 383495 407975 762327 999999999 333476 44821 291003 296123 435471 454996 584801 361259 330998 619009 431586 218218 496926 293677 362543 279311 394120 210889 696792 394022 182106 423019 220391 510396 296734 227040 339008 461419 327162 478641 292064 389366 483525 183356 468029 410157 219331 96721 289751 516816 226626 300594 551103 645552 257434 259902 399850 270983 416604 253222 440597 334862 521917 77593 333770 685780 332820 542003 262781 417523 511749 317310 390808 506569 92224 299742 598116 295974 380347 375334 356266 340912 323116 375786 362202 274181 272960 676145 262662 637422 764094 389360 480229 394896 503067 461685 194429 494324 711737 531164 297580 124304 700260 399201
489123 586113 708521 615816 721323 333476 999999999 293121 614920 609054 324552 247987 264446 355908 590230 604285 587296 550584 624636 102066 672923 609306 228089 543764 673829 557257 507110 672063 418911 439677 497756 425706 96404 298600 549419 722732 556961 233877 584946 451425 577313 185616 498585 279394 213336 828479 256354 599821 503058 312632 586855 591714 669747 595780 316957 586097 576729 457696 494095 332410 466443 626647 208236 864359 91288 747639 271700 202819 535826 711939 400876 290391 597243 51737 713758 276308 333976 648400 478530 194911 30946 304470 594623 634701 168549 500497 700563 701441 763235 555484 230995 405545 527882 709540 659509 205990 441104 209192 692690 704223
235147 430790 428065 408758 766983 44821 293121 999999999 324648 324803 423585 431731 548572 326794 342570 625152 457886 257501 520534 261705 390754 323316 350267 250843 703036 420561 215742 462012 210946 506469 326389 218140 294641 418555 361045 517514 331562 345776 503122 220763 488407 365378 259659 59061 246774 561595 218732 324090 551316 604156 301613 298597 441111 305004 405397 293131 464242 353071 524186 100081 353541 686997 289196 586651 227660 454974 467091 297643 414504 508730 114153 293982 605771 258391 422100 362063 352733 367867 346186 352166 322503 272572 317771 679602 218125 627439 765750 418389 523212 421059 458275 458218 235768 529778 714251 493705 281161 84987 708623 443619
183288 401751 235227 303501 974897 291003 614920 324648 999999999 47792 706393 742047 873172 495881 188693 831533 563301 91646 635929 584499 89531 159465 608416 101893 905476 530658 109098 448031 276602 760523 436570 275634 598372 656074 428612 493307 352573 600149 646233 319619 628455 645832 307294 338071 504529 381800 500235 91840 787456 921267 162043 63158 398625 20218 686787 79841 586763 524486 753065 334100 516746 913647 549760 364876 552109 138348 736558 602340 544396 367326 214089 564706 805804 582837 153707 650439 612944 81733 492641 663739 645060 532694 206880 896336 501785 899494 987953 108773 426045 533646 744757 712635 124535 544360 934114 817886 343400 409517 900094 319296
150292 355591 282900 255911 1005249 296123 609054 324803 47792 999999999 722642 750902 870464 463558 141389 861268 600868 124325 673555 586496 66433 205297 585424 134020 936174 567278 118136 492493 245737 782690 471038 243753 585172 629037 466812 538801 392428 576680 681385 349874 663693 626383 342434 329789 483836 428814 514358 44346 812709 910875 205838 106311 443922 54794 703193 122434 623121 554732 779126 348265 547745 941107 528359 409455 551886 165860 713816 612353 579389 320134 210925 581888 836163 580310 197926 665010 632627 46902 524903 671830 639638 551186 251119 925099 485763 919125 1016419 93591 473538 570090 725469 734349 155291 588321 962649 813925 306183 408356 932111 366782
658107 836402 689962 830144 396886 435471 324552 423585 706393 722642 999999999 121399 353364 650735 765067 283843 378731 618304 382320 235179 788207 624049 550555 608476 350179 365307 604524 535883 627017 115545 367470 634474 419298 622857 418983 570531 471317 555250 330942 414271 331547 509964 452006 456613 510021 760419 209281 733465 179979 494860 603160 658030 559732 686423 19691 645349 353830 272637 177322 374418 285817 302750 520262 819443 273306 809458 589004 139610 334700 930497 527693 141935 281147 288512 742020 62250 105351 769151 313198 130611 317602 175510 586225 310183 457885 204358 378226 812767 654055 361670 539605 90065 586345 528615 335337 341124 682075 365174 370883 640461
664036 810942 760922 821188 491455 454996 247987 431731 742047 750902 121399 999999999 232348 598949 771312 394711 491446 659488 500957 187259 817333 682905 474612 650340 453986 474012 634942 635709 616476 225165 459871 623878 343873 541583 513775 674888 555431 481038 450501 480374 450007 425460 523332 450135 455176 846910 249342 754704 289558 373814 660845 700964 653421 721830 128754 690279 468824 375510 293967 409812 388213 395367 455515 900471 229922 857506 492786 140204 444565 920938 544245 209919 395886 227956 799632 123927 203821 795905 412799 79566 231737 244575 651182 409838 405496 253888 464160 843796 749513 470697 439240 210183 629510 638534 428807 220770 658725 357267 478375 723454
753549 834461 940124 874977 686334 584801 264446 548572 873172 870464 353364 232348 999999999 585757 854423 612340 719496 802763 732687 294990 935149 849009 420811 795060 661656 699239 764313 850900 682033 448090 671730 688662 322631 463326 726342 894141 756160 430689 682648 665106 681724 357285 711511 542121 455892 1043880 434415 863162 509374 151674 826334 844590 861952 853572 361006 837224 698550 598124 519917 565443 610185 592807 433402 1089680 322039 1002322 376219 328274 670979 968686 660340 421790 617898 290420 959900 349358 430545 910982 632058 267381 233512 452391 826348 614393 421739 424938 649610 963472 958473 696206 316688 440481 777187 863336 625324 60162 697237 463656 689854 918474
313576 258331 690994 330487 1038300 361259 355908 326794 495881 463558 650735 598949 585757 999999999 366883 905576 782020 484613 841428 418769 506831 583402 174004 484267 981433 745088 423241 783061 219304 758088 652902 220348 268892 180830 687484 838677 652052 163149 818402 544613 805131 236976 578874 267745 143777 839119 492168 430714 815241 555232 566919 511742 756077 484228 637695 516677 785650 669065 796452 426483 671669 948508 153098 843981 378187 629357 285296 511731 736438 407362 341413 560768 891377 371406 642537 591755 619155 481804 668254 533208 380033 553816 599089 949387 194261 844740 1026208 533378 828709 745284 320515 715149 482713 855471 979537 526693 165917 319317 993517 735788
107524 215704 423808 115191 1084861 330998 590230 342570 188693 141389 765067 771312 854423 366883 999999999 940455 706087 243158 778010 591794 153576 339407 514700 250497 1017431 670343 203769 619030 175346 840973 570253 169640 544988 544319 576072 668295 507678 504737 778572 442863 761371 565467 447555 322478 424664 570202 557203 97044 879445 871283 335610 240144 573442 190517 746508 254378 724578 640456 848702 401250 635696 1012719 464819 549114 552103 290363 640495 639901 677697 192351 239588 630736 917470 572536 338054 704027 687009 132995 616845 692021 621087 604717 380557 1000729 441360 967991 1090297 175484 610921 672615 662487 792206 266398 712552 1037228 795234 200977 414271 1017338 504431
840629 1055890 731507 1026476 144500 619009 604285 625152 831533 861268 283843 394711 612340 905576 940455 999999999 310608 740160 259148 508157 920581 705095 825653 729961 77892 327564 749189 498133 835778 170032 401422 842861 696452 899988 428339 505675 505653 829281 216342 512021 231724 789723 528060 673343 771846 746115 416751 884595 105187 761849 689585 772173 543362 813734 288231 756419 278076 307048 110790 542975 315111 96604 789001 818552 540688 899606 872064 405274 302765 1124019 704516 345073 29018 563388 814304 328109 286440 907440 340819 413593 599994 356442 656499 68182 719837 226126 158844 939745 617347 323460 823357 198740 707581 440416 105881 612971 904705 593744 88848 650789
620995 863851 427008 808249 439742 431586 587296 457886 563301 600868 378731 491446 719496 782020 706087 310608 999999999 476592 72689 488028 652276 418236 762418 467068 371007 37584 502866 188334 646565 338733 138008 652475 655145 838455 134884 204403 213103 761934 95015 265608 78899 749755 259623 516367 676924 436225 331894 632483 321332 846652 406940 500543 232808 548232 365670 483924 32908 129665 285133 358084 121063 406273 709490 508051 498552 607911 849395 404710 51488 897932 494540 306328 281627 535877 517782 370218 288988 644025 115138 455627 598959 284523 367460 378531 631886 476704 466576 666916 309539 36827 816477 312425 446742 151457 415488 693688 727455 470000 356425 341441
193725 440082 207619 356057 883688 218218 550584 257501 91646 124325 618304 659488 802763 484613 243158 740160 476592 999999999 549274 510051 180425 104256 573827 10248 814351 442955 61476 375961 271337 669647 347050 272863 545731 629405 342725 425208 269328 566668 557282 228150 539565 603741 218196 283623 467253 357643 414303 157748 695915 861420 94795 41990 330445 73602 598643 36149 498814 433145 661454 249703 425600 822011 512959 359524 480742 200145 699858 519316 455298 433520 160138 476389 714570 514176 168288 563578 523175 168617 401937 582202 579785 443709 138454 804809 455737 809442 896398 200389 374093 445772 701262 621935 32935 470070 842562 749377 350342 341702 809421 269726
691627 932667 493829 879285 378474 496926 624636 520534 635929 673555 382320 500957 732687 841428 778010 259148 72689 549274 999999999 523314 724848 489924 811467 539742 311487 107685 575039 243981 714148 321138 208384 720230 698636 887956 207381 246720 285087 811720 53447 336394 50963 794341 332132 578262 730611 490266 374337 705062 290700 866742 479089 573129 293313 620909 372342 556499 56357 174514 257667 421689 170243 355735 760856 564257 538771 678284 891803 432189 106173 969651 563521 335968 230420 574124 587304 385626 306354 716697 174363 476013 633273 320427 439054 325258 683741 448378 409533 739294 359857 105558 855461 304652 519370 181555 360687 712394 794041 525420 293406 404439
485588 623719 646524 635704 630559 293677 102066 261705 584499 586496 235179 187259 294990 418769 591794 508157 488028 510051 523314 999999999 652452 554066 317664 501987 579766 459152 475437 583548 431560 347736 406096 438894 188611 391850 459238 632339 475186 321649 483043 376074 475634 283354 423232 269353 276277 756298 160680 584682 409341 381738 531388 552019 585937 564549 224601 543901 476244 358387 397440 270536 367718 537425 285090 798265 42682 710138 373330 103177 436551 735051 375784 188399 499497 55381 665106 180893 232669 629443 381654 114934 110952 203904 532440 542704 224638 426035 613378 680086 681196 457168 332909 310045 483452 614747 569667 246124 471507 179706 596927 630914
200011 366270 299778 257319 1064102 362543 672923 390754 89531 66433 788207 817333 935149 506831 153576 920581 652276 180425 724848 652452 999999999 242291 638617 190620 994739 619906 183841 531111 294303 846376 526097 291117 645640 677901 517470 573982 440800 629467 735691 408562 717905 682462 396816 393538 539533 436465 580251 78091 874915 972339 248156 151743 480193 106851 768715 168352 676046 613570 840867 414002 605986 1002033 583234 405689 617459 137960 766772 678738 633884 301920 276691 647164 894987 645292 200361 730893 697188 25788 582067 738262 703626 616076 291856 985138 544852 983810 1076683 28781 498158 622930 781387 798204 213039 628024 1022856 878245 343884 473916 989547 392462
297957 542653 108625 454144 845465 279311 609306 323316 159465 205297 624049 682905 849009 583402 339407 705095 418236 104256 489924 554066 242291 999999999 660265 101563 775624 388698 163952 289129 373820 657971 303676 375755 617910 720133 284150 333842 205208 653908 506697 210501 488906 684406 180083 361650 553365 255843 433574 246550 674881 921915 22679 99735 239194 151044 604490 85030 444675 402260 638594 283570 392342 792906 598687 266439 530778 194761 783611 544247 406908 525008 247253 484260 677864 567590 117973 575319 522265 240153 364948 609621 636700 449344 50932 772016 535540 802485 863675 252469 272078 392136 779749 612532 100729 385865 810092 799187 454010 401897 766667 166420
438608 432175 768406 497318 947282 394120 228089 350267 608416 585424 550555 474612 420811 174004 514700 825653 762418 573827 811467 317664 638617 660265 999999999 570602 897407 728047 516244 805023 345291 664686 649016 349336 131786 76622 693311 859723 676999 10871 778880 564797 768449 64320 607202 300911 106929 908385 438801 560529 726878 381245 640360 608566 788887 593063 541443 609209 758699 637463 714881 435784 643340 853270 61705 926705 286025 746571 128392 420380 712561 579411 414783 493412 816260 262755 741110 498481 545445 612848 647731 422325 243147 497419 663223 859868 134853 728059 927943 666808 873173 727240 149649 627709 562569 862315 885889 363628 321499 300047 914467 793024
197381 445209 206988 362790 873512 210889 543764 250843 101893 134020 608476 650340 795060 484267 250497 729961 467068 10248 539742 501987 190620 101563 570602 999999999 804187 433299 62425 368547 272516 659479 337149 274313 540364 627040 333373 418262 260445 563584 547431 217945 529726 599585 208415 278618 463883 356456 404793 166564 685675 854961 90130 50654 323655 83778 588810 42350 489111 422955 651208 240528 415441 811769 509562 360520 473096 208510 696243 510149 445440 441394 156164 466550 704392 506845 173018 553910 513147 178597 391847 573202 572824 433789 132682 794586 451318 799367 886170 210636 369378 436092 696844 611789 22704 462247 832335 741924 352448 334715 799321 265716
918052 1133762 796684 1104127 69841 696792 673829 703036 905476 936174 350179 453986 661656 981433 1017431 77892 371007 814351 311487 579766 994739 775624 897407 804187 999999999 392258 824998 555043 913670 234636 472373 920752 767280 971053 495394 556696 573787 901387 276096 586439 292931 859443 600378 751074 846534 801750 493950 960316 170780 812784 760858 845490 602848 887953 356874 829562 339584 381444 185011 620633 388754 79174 862433 875650 613682 969578 939015 477550 369928 1201519 781995 421595 100183 634695 882747 398932 362448 982138 413269 480786 667773 433933 726363 48407 794390 250373 99427 1013349 671092 388332 888759 269814 781937 488661 60520 667738 982489 670914 33930 712411
584260 826537 404569 771752 461722 394022 557257 420561 530658 567278 365307 474012 699239 745088 670343 327564 37584 442955 107685 459152 619906 388698 728047 433299 392258 999999999 467480 180935 609056 336754 100975 614984 622706 803889 104668 206909 183809 727345 118261 228894 100586 716809 225133 479123 641320 425689 301054 598053 326566 823020 376305 468202 219327 515142 350901 451658 56207 102392 289471 320686 91767 421557 674491 495292 467694 580341 817067 379675 31353 861966 457226 281391 298917 505645 491620 351135 270260 610944 80419 433388 570066 257022 338267 395743 596825 478681 485519 635298 303389 4279 785385 305882 412616 164541 433328 671047 689884 434166 380180 323752
137029 387387 268957 311389 893565 182106 507110 215742 109098 118136 604524 634942 764313 423241 203769 749189 502866 61476 575039 475437 183841 163952 516244 62425 824998 467480 999999999 420774 210159 665476 368074 211897 495056 570056 372308 472291 304697 508771 577681 242037 560265 548611 243857 232897 410176 418739 396411 135432 696993 815214 151423 92322 378623 89294 585066 94193 522220 444375 663995 230194 438403 826794 455870 420772 443056 241131 643103 495748 476158 396100 107665 463762 724821 474084 224976 547054 514796 164806 417548 556240 537042 433191 191862 811938 401766 801178 902859 209286 429550 469878 646821 617011 68649 512059 849222 709297 290105 300692 822556 327032
555162 806662 261431 730865 622421 423019 672063 462012 448031 492493 535883 635709 850900 783061 619030 498133 188334 375961 243981 583548 531111 289129 805023 368547 555043 180935 420774 999999999 606725 517167 179476 611059 719696 877039 125041 55636 131044 802021 281791 241488 266733 807267 204188 519266 706222 248026 424195 531463 506921 962322 286660 386216 53984 437706 519694 370078 221233 263246 470020 369440 250075 594199 745991 320775 580911 457744 910409 523074 211722 809226 453191 429830 469115 621065 363780 511881 434352 529187 223441 583893 690763 398509 241387 565722 670172 659613 652319 539478 122463 185174 888239 484265 353799 97139 602206 815692 691101 505784 537370 164903
95543 221290 478949 204866 977882 220391 418911 210946 276602 245737 627017 616476 682033 219304 175346 835778 646565 271337 714148 431560 294303 373820 345291 272516 913670 609056 210159 606725 999999999 715670 509193 7470 369759 384017 531165 661160 479350 335871 703185 385263 687398 392579 408069 170411 250502 628892 427814 216452 761949 695950 359832 294762 571589 265027 609738 301148 658052 555118 735113 297968 553688 897744 292151 628364 390040 411031 473035 493425 608492 305004 155071 503298 815953 405854 424058 564805 562646 268648 541633 538695 449521 483281 396889 890547 266108 831335 976542 322151 633277 610330 490660 667785 274933 690005 925157 622442 84381 262882 918596 534018
735993 930732 708492 915134 282824 510396 439677 506469 760523 782690 115545 225165 448090 758088 840973 170032 338733 669647 321138 347736 846376 657971 664686 659479 234636 336754 665476 517167 715670 999999999 370607 723035 533857 737593 414600 542008 480443 669073 267706 449174 274058 625223 478706 546835 619526 757080 287949 798911 65017 595559 638938 706750 550697 741195 123250 692538 308413 266383 72783 440727 278859 190565 632305 822566 383792 850213 704458 247512 305617 1014900 601388 212521 170959 402051 774363 167445 154192 829592 308656 246155 433145 236271 614662 195205 567233 146339 268158 868940 639336 332591 654650 48788 636813 489261 222237 444760 776867 459343 255859 644843
483308 725912 339198 670901 542187 296734 497756 326389 436570 471038 367470 459871 671730 652902 570253 401422 138008 347050 208384 406096 526097 303676 649016 337149 472373 100975 368074 179476 509193 370607 999999999 515001 552743 723645 54612 226314 110039 647335 210410 128011 192780 643983 129298 385409 556889 393177 245808 500115 377324 783267 288496 375128 193673 420128 349891 358871 154325 104436 340191 226438 92526 490037 592850 454479 406498 498219 746173 343692 108445 761564 356624 251674 374222 446246 414134 336834 262895 515642 63127 405087 514778 219485 255280 468452 515359 516915 560052 543103 289642 102850 719527 330234 315783 214373 506528 636221 590674 350134 464748 275609
93470 214559 480400 197428 985029 227040 425706 218140 275634 243753 634474 623878 688662 220348 169640 842861 652475 272863 720230 438894 291117 375755 349336 274313 920752 614984 211897 611059 7470 723035 515001 999999999 375763 386859 536496 665381 484031 339817 709570 390726 693737 397328 412972 177872 255553 630502 435163 213460 769222 701674 362118 295370 575494 264519 617188 302138 664169 561656 742323 304631 560139 905003 296801 629077 397337 409317 476863 500895 614645 297549 160181 510646 822973 412973 424000 572264 569970 265533 547890 546123 456283 490537 399653 897733 272112 838794 983793 318799 636365 616288 495213 675133 277318 694792 932377 629028 80385 270352 925586 536649
451464 512030 722463 554712 816168 339008 96404 294641 598372 585172 419298 343873 322631 268892 544988 696452 655145 545731 698636 188611 645640 617910 131786 540364 767280 622706 495056 719696 369759 533857 552743 375763 999999999 203784 601274 772674 597184 137475 662439 486706 653323 96211 532395 262431 133296 852587 324477 569282 596561 327515 596252 584843 710746 580508 410713 581874 648011 527020 585831 359392 534332 721884 116623 880832 161751 735289 194368 291788 604168 646847 387539 371099 688097 133234 713294 368529 419933 620231 542514 290607 114155 379473 611050 729056 103654 596811 796299 674421 800669 621413 168979 497978 527651 767023 754599 262576 375876 221857 785141 731323
479411 431577 828708 510958 1019738 461419 298600 418555 656074 629037 622857 541583 463326 180830 544319 899988 838455 629405 887956 391850 677901 720133 76622 627040 971053 803889 570056 877039 384017 737593 723645 386859 203784 999999999 767062 932016 748105 76545 855500 636044 845045 116478 677406 366058 171781 971396 515423 600318 800343 399690 701032 661957 859155 642042 614482 664020 835059 713865 789289 507614 719630 925216 131206 986089 361599 793078 109546 494906 788747 584146 473002 569635 891153 336603 794712 572235 621127 652365 723642 493511 310150 573991 726433 932778 208314 795471 999102 705386 941608 803141 157617 701654 620849 936380 958034 409623 344500 373817 988732 858504
495994 743468 303620 681197 565074 327162 549419 361045 428612 466812 418983 513775 726342 687484 576072 428339 134884 342725 207381 459238 517470 284150 693311 333373 495394 104668 372308 125041 531165 414600 54612 536496 601274 767062 999999999 173371 79142 691114 222896 146297 205173 691137 128715 419934 598376 343815 299417 499472 415405 837357 272233 365762 140772 413800 401827 349126 160528 149616 377976 262849 136613 520400 635915 407973 458137 475739 793816 398286 125684 768376 376413 306097 400129 498110 387500 390429 315184 509536 107254 459667 567233 274079 233633 496312 558880 560320 587018 532036 235976 108227 768945 376617 313593 169640 534201 690689 614269 393341 484346 230647
607617 859082 291941 781045 622036 478641 722732 517514 493307 538801 570531 674888 894141 838677 668295 505675 204403 425208 246720 632339 573982 333842 859723 418262 556696 206909 472291 55636 661160 542008 226314 665381 772674 932016 173371 999999999 186678 856844 291540 296878 278623 861020 259808 574853 761384 248505 472121 578896 525531 1009113 333670 432583 94993 484180 555279 416815 236450 299573 489497 424413 286739 602277 800908 324444 631460 491713 964064 567569 238229 857305 508062 472351 476831 671462 397669 551006 471745 573667 262575 626763 740587 442464 288337 571977 724875 681097 655453 580523 116491 210870 940923 512677 404609 70606 607271 860886 745540 560162 536169 191953
434337 684827 229384 615898 643544 292064 556961 331562 352573 392428 471317 555431 756160 652052 507678 505653 213103 269328 285087 475186 440800 205208 676999 260445 573787 183809 304697 131044 479350 480443 110039 484031 597184 748105 79142 186678 999999999 673615 302031 112205 284299 682149 73215 388450 576812 291487 321940 427001 486903 856880 194026 289462 113585 338631 452997 272774 239598 214468 449658 241398 202518 596541 617337 348127 466951 396655 785416 429385 203864 699867 324756 345542 477706 507212 308974 435011 365981 433993 172937 493824 578126 310937 154566 573398 542295 626778 664480 454453 206417 187361 766158 439375 242053 210975 611389 715718 563561 379427 563255 169221
429480 421306 762168 486630 951789 389366 233877 345776 600149 576680 555250 481038 430689 163149 504737 829281 761934 566668 811720 321649 629467 653908 10871 563584 901387 727345 508771 802021 335871 669073 647335 339817 137475 76545 691114 856844 673615 999999999 779714 561442 769081 74797 603471 295468 100700 902743 439758 551388 730987 392091 634154 601081 785216 584955 545825 601944 758683 637534 718492 432624 643209 857999 56580 920327 289056 738221 137311 424056 712272 568571 407968 495557 819544 267023 733709 502541 548188 603708 647104 427541 249929 498802 657564 864200 132238 734233 932945 657604 868920 726601 160258 631607 555870 860305 890533 373285 311039 297776 918117 787942
687753 923505 521076 876089 345032 483525 584946 503122 646233 681385 330942 450501 682648 818402 778572 216342 95015 557282 53447 483043 735691 506697 778880 547431 276096 118261 577681 281791 703185 267706 210410 709570 662439 855500 222896 291540 302031 779714 999999999 335902 17827 758538 339152 559438 702227 529778 340097 710411 238685 818584 493857 584242 327628 630142 321747 567809 63626 150199 204931 406614 149858 312514 730326 602303 501310 698602 854280 388634 101997 968833 556164 294677 187324 535232 609731 337561 259916 725792 162839 429123 591869 282970 456389 284000 653954 396291 371600 751859 401404 114670 815925 251715 526165 229807 320728 664054 780992 499891 262412 436441
355397 599550 280562 542891 655667 183356 451425 220763 319619 349874 414271 480374 665106 544613 442863 512021 265608 228150 336394 376074 408562 210501 564797 217945 586439 228894 242037 241488 385263 449174 128011 390726 486706 636044 146297 296878 112205 561442 335902 999999999 318602 570460 47307 278599 464914 380231 233993 375952 470398 756783 190450 261342 224873 301713 394808 246130 282083 205057 435155 129256 197871 594383 505198 424835 363120 401065 673714 345469 234836 633799 230976 276093 486542 403041 328273 367702 311834 395708 175692 411311 474301 240784 172300 576721 430091 592752 668359 428080 314080 230850 655638 402983 195568 311178 614516 620775 468103 267603 582290 254845
670982 907497 503928 859285 362053 468029 577313 488407 628455 663693 331547 450007 681724 805131 761371 231724 78899 539565 50963 475634 717905 488906 768449 529726 292931 100586 560265 266733 687398 274058 192780 693737 653323 845045 205173 278623 284299 769081 17827 318602 999999999 749298 321414 545062 690396 514752 329957 692847 248672 816023 476036 566441 311703 612393 321416 550004 46705 136164 213912 391346 134866 327519 719181 586865 492635 680902 845769 382899 84337 951793 539776 287603 202735 527207 592155 334857 255930 708057 146338 425553 585074 274044 438620 299632 642538 405868 387861 734044 387096 96949 808294 255086 508493 218759 336616 661626 765584 487115 279798 419968
483098 494419 791331 555348 906485 410157 185616 365378 645832 626383 509964 425460 357285 236976 565467 789723 749755 603741 794341 283354 682462 684406 64320 599585 859443 716809 548611 807267 392579 625223 643983 397328 96211 116478 691137 861020 682149 74797 758538 570460 749298 999999999 614889 322819 142939 926971 420025 604551 688673 318833 663601 640521 795317 629416 502572 639661 743327 622169 679370 441494 629189 811505 100649 950111 257943 784144 103267 386330 698976 639898 443604 467255 782194 228109 771979 461630 515524 656689 636462 379821 194568 475571 682783 820147 148874 679318 884649 710987 882959 715636 99089 591002 589475 858335 844496 300750 377474 302868 878209 808338
367914 616724 238604 552538 670091 219331 498585 259659 307294 342434 452006 523332 711511 578874 447555 528060 259623 218196 332132 423232 396816 180083 607202 208415 600378 225133 243857 204188 408069 478706 129298 412972 532395 677406 128715 259808 73215 603471 339152 47307 321414 614889 999999999 315920 505804 333155 279065 372964 494819 804067 162560 245874 181764 291001 432787 229672 280774 222842 458602 173476 213485 614112 547028 379143 410413 374358 718068 390120 237208 639800 253087 316610 501456 450314 295664 408209 347959 386643 187278 455838 521577 281171 136102 594275 472856 623881 686055 413881 268359 227830 701203 433967 187510 282091 632306 667657 492053 312159 593645 207705
216344 384376 468956 374341 813644 96721 279394 59061 338071 329789 456613 450135 542121 267745 322478 673343 516367 283623 578262 269353 393538 361650 300911 278618 751074 479123 232897 519266 170411 546835 385409 177872 262431 366058 419934 574853 388450 295468 559438 278599 545062 322819 315920 999999999 195027 607500 259862 321064 595102 583197 341024 322430 496567 319589 439392 319768 522049 409240 569816 159014 410309 731072 239242 627661 230177 473737 422195 323558 472399 474709 125245 335124 655112 253686 451629 394396 394924 369088 404038 371357 310088 317642 362370 725550 173949 660924 809961 422047 576259 479545 418932 499373 267190 588441 759326 484813 231575 93327 758180 492660
340190 378761 661556 424234 901314 289751 213336 246774 504529 483836 510021 455176 455892 143777 424664 771846 676924 467253 730611 276277 539533 553365 106929 463883 846534 641320 410176 706222 250502 619526 556889 255553 133296 171781 598376 761384 576812 100700 702227 464914 690396 142939 505804 195027 999999999 802083 365988 461613 678373 449151 533523 502470 687516 488610 497813 502760 676233 556158 661697 337130 560639 810080 45714 819802 236724 642868 232940 372127 628494 514625 307943 429520 759352 227778 634827 452322 486056 513758 561790 390157 238937 427126 556906 812624 52295 701761 887151 568051 769867 640902 241875 578097 455664 767989 841634 395862 244839 207328 860395 687671
548604 783259 150505 684332 868308 516816 828479 561595 381800 428814 760419 846910 1043880 839119 570202 746115 436225 357643 490266 756298 436465 255843 908385 356456 801750 425689 418739 248026 628892 757080 393177 630502 852587 971396 343815 248505 291487 902743 529778 380231 514752 926971 333155 607500 802083 999999999 609869 473158 752067 1136547 272413 339707 206840 382954 742565 330113 469088 493426 714834 496763 480394 842223 846693 76450 742051 315159 1028394 719306 455262 738355 500706 637028 717098 781553 236131 726270 655433 446716 451059 784307 852736 602381 245179 813611 779189 901831 899619 431338 132021 429968 1019071 720275 356427 319035 849932 1000751 707640 631023 782736 125496
450841 644238 513897 627488 554939 226626 256354 218732 500235 514358 209281 249342 434415 492168 557203 416751 331894 414303 374337 160680 580251 433574 438801 404793 493950 301054 396411 424195 427814 287949 245808 435163 324477 515423 299417 472121 321940 439758 340097 233993 329957 420025 279065 259862 365988 609869 999999999 524263 335282 538310 411503 455121 429726 480110 190197 443571 323585 202872 310839 166365 210832 471251 391303 658207 166712 610126 518220 111629 280577 727444 318813 75483 400622 204671 550338 150652 135076 560660 222188 177492 270637 61661 402741 466462 316050 410843 550141 605354 525875 299378 484602 239971 383290 454279 499752 394119 491093 176994 503441 484648
121921 311594 327067 211665 1028949 300594 599821 324090 91840 44346 733465 754704 863162 430714 97044 884595 632483 157748 705062 584682 78091 246550 560529 166564 960316 598053 135432 531463 216452 798911 500115 213460 569282 600318 499472 578896 427001 551388 710411 375952 692847 604551 372964 321064 461613 473158 524263 999999999 831800 896427 245241 146835 483909 95667 714234 162185 653482 579428 799076 359958 573184 962071 505206 453112 548231 202441 688696 617838 608538 278573 210512 594207 860149 574335 241691 674489 647032 52320 551640 675235 630660 564898 290600 947361 467883 932600 1038247 106451 516441 600683 703433 750285 185886 626596 984626 805628 269762 405130 957565 409726
776173 979464 716286 958447 223086 551103 503058 551316 787456 812709 179979 289558 509374 815241 879445 105187 321332 695915 290700 409341 874915 674881 726878 685675 170780 326566 696993 506921 761949 65017 377324 769222 596561 800343 415405 525531 486903 730987 238685 470398 248672 688673 494819 595102 678373 752067 335282 831800 999999999 658034 657108 731205 545349 768643 186101 716302 289082 273912 37439 478230 285024 135971 692861 820580 444027 869044 768963 307637 296815 1057538 640386 260397 108612 464125 789148 228448 200401 859503 314197 310429 497333 278743 629157 134263 626111 157681 214861 896224 629268 322290 719463 100276 662983 467422 165059 508290 826363 510473 190964 645540
778978 813167 1020425 871817 838007 645552 312632 604156 921267 910875 494860 373814 151674 555232 871283 761849 846652 861420 866742 381738 972339 921915 381245 854961 812784 823020 815214 962322 695950 595559 783267 701674 327515 399690 837357 1009113 856880 392091 818584 756783 816023 318833 804067 583197 449151 1136547 538310 896427 658034 999999999 899445 902075 967140 902725 499950 897204 828468 720682 666424 643214 731897 744420 414472 1175314 394819 1056344 294973 443669 796523 958322 707791 541672 766213 355958 1025879 481181 560726 947065 750816 391485 285553 568249 906317 765700 430509 576412 801087 1001110 1062708 820355 242100 583994 839719 984898 776976 154574 692714 521300 840602 1011445
287476 534875 128056 449577 830678 257434 586855 301613 162043 205838 603160 660845 826334 566919 335610 689585 406940 94795 479089 531388 248156 22679 640360 90130 760858 376305 151423 286660 359832 638938 288496 362118 596252 701032 272233 333670 194026 634154 493857 190450 476036 663601 162560 341024 533523 272413 411503 245241 657108 899445 999999999 99612 238679 151047 583571 83419 432458 385356 621032 260896 375790 776498 578723 286645 508138 211938 763173 522021 393284 523649 228706 463007 662607 545001 139233 553899 501845 243689 348921 587331 614180 428204 45369 756196 514775 783047 847934 260610 279359 379614 758614 593165 84972 382576 794258 776515 441125 379670 752654 175686
209453 446711 189514 355150 915062 259902 591714 298597 63158 106311 658030 700964 844590 511742 240144 772173 500543 41990 573129 552019 151743 99735 608566 50654 845490 468202 92322 386216 294762 706750 375128 295370 584843 661957 365762 432583 289462 601081 584242 261342 566441 640521 245874 322430 502470 339707 455121 146835 731205 902075 99612 999999999 337666 51598 638350 16689 524360 465282 696276 291155 457083 855665 548170 333722 522555 158156 735383 560767 482557 425361 197725 516099 746095 555779 132779 603929 561772 144821 432272 623856 621054 483028 144830 837520 493195 847570 929250 168023 370781 471248 738519 659356 71863 482186 875410 791051 369919 383060 839395 264361
514642 765876 207481 686425 670907 399850 669747 441111 398625 443922 559732 653421 861952 756077 573442 543362 232808 330445 293313 585937 480193 239194 788887 323655 602848 219327 378623 53984 571589 550697 193673 575494 710746 859155 140772 94993 113585 785216 327628 224873 311703 795317 181764 496567 687516 206840 429726 483909 545349 967140 238679 337666 999999999 389263 542599 321853 265292 289092 508076 354047 275914 638754 728785 276068 579367 403975 898576 533793 248541 762313 420381 444540 514399 619656 309951 530506 455916 479251 247209 596724 690341 411406 193345 611330 654419 695118 699187 487661 96562 223600 879723 514885 310558 150065 648286 823723 655847 492473 586402 111942
173603 400535 234411 305707 957288 270983 595780 305004 20218 54794 686423 721830 853572 484228 190517 813734 548232 73602 620909 564549 106851 151044 593063 83778 887953 515142 89294 437706 265027 741195 420128 264519 580508 642042 413800 484180 338631 584955 630142 301713 612393 629416 291001 319589 488610 382954 480110 95667 768643 902725 151047 51598 389263 999999999 666826 67639 571152 506732 734402 313938 499201 895309 533989 370025 532348 155045 721023 582124 528209 373969 195140 544782 788168 563295 160541 630357 593269 95809 475467 643528 625846 512876 196343 878301 484643 879860 969859 127767 420928 518053 728229 693233 106197 533532 916029 798435 334685 389927 882961 314266
639658 820130 670881 812508 406011 416604 316957 405397 686787 703193 19691 128754 361006 637695 746508 288231 365670 598643 372342 224601 768715 604490 541443 588810 356874 350901 585066 519694 609738 123250 349891 617188 410713 614482 401827 555279 452997 545825 321747 394808 321416 502572 432787 439392 497813 742565 190197 714234 186101 499950 583571 638350 542599 666826 999999999 625661 341696 256550 179487 355009 269673 312928 509445 801104 261398 789777 583842 125964 320587 912830 508827 122262 283570 278804 722463 46284 87137 749727 296593 125623 311774 155831 566831 318427 445572 222095 389421 793225 637254 347352 535608 90527 566670 514765 345076 345636 665808 348447 376163 622195
218503 458984 179615 369139 899169 253222 586097 293131 79841 122434 645349 690279 837224 516677 254378 756419 483924 36149 556499 543901 168352 85030 609209 42350 829562 451658 94193 370078 301148 692538 358871 302138 581874 664020 349126 416815 272774 601944 567809 246130 550004 639661 229672 319768 502760 330113 443571 162185 716302 897204 83419 16689 321853 67639 625661 999999999 507826 449636 681236 280690 441309 840270 548473 327493 515306 167427 735487 550082 466173 440752 196097 503464 730251 549163 132319 591807 548365 161479 416305 613574 615172 470122 128745 821904 491764 833822 913654 184232 356887 454718 737275 645300 60939 465903 859819 784203 377957 377062 823280 250781
