NAME : synthetic_000573
TYPE : CTSP-D
DIMENSION : 100
GROUPS : 8
RELAXATION_LEVEL : 1
EDGE_WEIGHT_TYPE : EXPLICIT
EDGE_WEIGHT_FORMAT : FULL_MATRIX
EDGE_WEIGHT_SECTION
999999999 908048 720560 302231 148641 571457 253453 807377 766692 251202 99681 796703 401275 793704 125780 457338 153878 716962 131752 750888 370017 420145 777296 305324 814286 567804 265633 528549 867836 628329 796574 556883 996580 471112 603113 107055 262297 924450 452508 578141 585689 387987 187801 503557 689028 347638 899869 284104 780760 880078 823909 237664 177578 620001 820516 148168 656063 372086 76010 514487 626536 497143 558786 549714 153660 386689 295983 603127 742126 406216 431039 740713 396769 847234 236100 326354 610467 532487 561873 640604 857559 831915 519254 666467 54347 420504 551256 717975 536219 484550 325008 509225 946382 244202 539333 286766 710492 767959 937754 605295
908048 999999999 330035 1144651 999568 386680 955683 100787 332006 705422 957352 658505 785957 451762 996546 844433 979360 192841 886719 593769 905578 709000 396146 610826 255676 350634 910585 601657 235882 280817 324202 898615 176086 756410 446480 898138 715482 748537 585433 835857 338088 604577 741576 536280 234008 1099069 156922 790470 559858 30436 125624 887076 769165 335773 98888 1025055 405630 538807 916582 414324 598611 461716 646245 422890 1008116 693658 613898 981644 185135 886182 853202 679977 1200996 267514 942624 910723 711418 571534 386901 516885 200879 135797 439622 417879 865077 663272 512953 316804 393555 455143 683285 866177 134143 706245 623379 735872 219047 145353 233269 388439
720560 330035 999999999 1003050 772642 408879 693605 266422 49633 593644 740393 808704 489432 633413 833072 830374 747370 218547 745674 735120 850179 688691 576175 421048 472992 207207 644097 288174 158704 223993 523177 577047 314128 446022 136970 747773 614281 929956 573138 510889 335417 553294 533868 245089 310244 993714 222508 709722 719580 302353 204466 784761 551571 387734 314789 860296 509158 370253 753980 378312 269524 223829 693552 171228 852771 656529 467858 658128 174454 587434 549341 803651 1080269 130336 832904 838438 775943 606008 169776 187949 164802 195496 432929 90370 691654 641560 554437 461098 207191 416570 611538 549691 278932 482303 662047 480019 323086 220820 228399 447556
302231 1144651 1003050 999999999 358532 771023 506093 1046766 1051044 439230 345001 857354 697118 924281 176966 446975 384559 962426 261014 835171 331618 503266 926188 582130 1000346 828689 536948 830136 1141557 876087 965236 837407 1256418 769136 894747 255594 430452 961087 596426 868400 807404 553002 483420 800244 912995 128393 1162481 372614 876240 1119374 1078512 269839 478378 823601 1049772 154588 819351 636796 250799 731195 928473 780054 640143 832300 152268 492880 543672 870076 996965 685066 716725 792850 101711 1124932 214155 294903 654649 655632 837039 939480 1126534 1089419 715459 957591 315547 531572 696830 899820 805757 692168 472324 793800 1203768 542161 635618 588954 931349 1014507 1209644 789944
148641 999568 772642 358532 999999999 691368 148250 899122 814684 391442 51451 943144 363531 929808 216184 603650 29487 806728 275739 895273 510703 568105 909191 389409 933484 650214 184941 536467 927748 719229 922303 482911 1068406 437861 643188 249459 405843 1072025 592745 520972 694661 526056 258409 535406 793424 442971 970866 432714 923388 970316 903720 379711 230553 736617 918510 220972 786258 462679 213459 628845 627074 557570 705371 607958 245443 533636 407222 511692 823808 332023 367946 888081 460234 902695 367398 465694 758792 674422 629520 659345 923012 909047 642388 705357 200827 566355 688477 840722 611499 604423 469002 442432 1021283 296187 684742 296589 816013 855534 998391 729883
571457 386680 408879 771023 691368 999999999 693879 298735 452544 337301 642591 412487 606519 280859 638082 463347 678149 238933 521317 339245 518959 324273 239465 325753 242979 216902 660181 505671 471919 186685 234037 771825 531169 614639 408983 537135 341559 543425 199720 732732 73727 220488 443963 419269 154852 715709 452982 406908 335124 366036 358396 506405 477377 52715 288035 666093 124720 258909 561777 70063 566193 313606 289834 323534 644656 307029 284546 854728 291598 695967 679106 398559 819917 474934 562719 524494 369591 203946 284654 505565 441863 375312 55568 437658 521275 277604 148001 150003 249540 87174 300875 724865 477024 433923 260339 498126 167642 284310 523380 50939
253453 955683 693605 506093 148250 693879 999999999 857680 730744 446208 167258 999342 235348 955340 353738 701227 121546 765483 383781 943770 621579 639697 926331 369582 928109 606650 50828 429984 852056 682323 927857 335404 1001769 307860 558095 360145 467169 1133306 636470 377208 681380 567762 253795 448801 770586 584136 905145 519463 965722 925515 848698 489418 219701 732560 884171 363301 802943 441362 329012 625871 511376 496260 765993 541486 383961 600434 416528 364064 772923 186296 225257 949927 607705 823388 489231 578797 829950 719855 571302 555912 852759 851028 651868 616789 291215 627457 722033 843112 562199 610636 527914 296825 958613 261624 740904 220100 793977 810365 922004 738451
807377 100787 266422 1046766 899122 298735 857680 999999999 281866 607747 856694 616249 694748 416686 896841 761417 879130 92643 787978 546951 816296 623007 358216 510183 228910 251365 813261 518185 222856 180094 291700 816275 234477 669698 365992 798858 618822 719675 498422 756481 243184 512031 641005 447500 143918 1004499 170297 696712 518993 72998 85004 791677 668821 250765 49727 925351 339337 438047 816720 318737 526429 366446 572939 331177 908886 604668 513589 900268 97980 794812 763492 628982 1105178 244316 846803 819092 643728 493408 292584 445591 185597 104357 349083 347354 764680 576261 434615 259127 295684 360622 589393 781181 181247 606403 547523 638325 134626 50849 250000 308692
766692 332006 49633 1051044 814684 452544 730744 281866 999999999 643201 783755 847263 519873 666977 880356 879148 788906 248466 794247 773940 899737 737272 609059 468916 499014 255608 680738 315008 129626 266220 552799 594515 289602 471484 172887 795967 663896 966061 620882 525857 378838 602258 579481 282309 344674 1042913 205332 759352 756471 306628 209390 834225 596101 428438 331448 907427 548457 419414 801562 425074 281184 271127 739124 218750 900438 705484 517145 673495 198535 616100 576468 844560 1128953 95596 882192 888071 820981 651670 219311 202388 146115 196444 478956 115341 738856 690011 599165 495300 256820 464047 661041 570785 261335 526800 707900 520215 355266 241160 195068 489295
251202 705422 593644 439230 391442 337301 446208 607747 643201 999999999 339997 555709 476863 542614 301117 294075 387067 524739 184140 504652 268896 197082 527817 205968 575890 400927 432019 504371 717610 439927 551628 658153 821654 524442 510402 200100 27233 688090 201681 651112 368430 136927 213360 442357 474162 404549 729833 123876 531958 680245 642819 192036 242010 389008 610754 328965 408310 227299 226799 292383 599715 383802 320174 431340 307441 155794 130617 726332 562146 530595 535606 504264 499883 705618 243472 248557 384604 282980 423891 580731 698602 654854 282253 568143 197168 181256 300132 476852 387244 254651 81721 606039 768290 251142 296414 334981 493019 576754 783035 363899
99681 957352 740393 345001 51451 642591 167258 856694 783755 339997 999999999 891942 357343 878792 186497 556795 54741 764598 229860 843855 467086 517483 858683 346526 885095 609419 192388 516341 893732 676610 872740 492629 1031378 431045 613843 204120 354449 1021123 541338 524137 647978 474742 216055 507778 747894 417029 933893 383384 871939 928372 864288 335147 191223 688505 874628 197169 735925 419003 169413 580970 610045 521965 654230 573251 216746 482632 359131 529121 783721 340203 371932 837122 445757 869875 327446 422657 708391 622976 592398 636603 887447 870321 592995 676675 150325 515118 637287 791611 572318 555511 417613 448817 983354 259364 633422 272059 770277 814044 964323 680359
796703 658505 808704 857354 943144 412487 999342 616249 847263 555709 891942 999999999 977904 207947 800268 412697 941347 604390 688094 73766 526460 379123 262365 673453 403129 628825 979806 910809 833315 585996 334476 1154816 833847 1001160 821446 713441 538252 137255 364689 1125541 480528 432926 751953 825332 504860 750706 786144 522509 98653 654656 698622 609914 784853 422104 577385 821757 299679 628125 749261 468688 977308 721715 237917 735702 790624 410050 599195 1233769 659374 1054236 1047242 65433 857609 847028 655977 562738 202713 282343 697131 918049 797552 718143 414251 847796 742947 376843 298083 359247 661689 451327 475287 1104692 786659 768417 259304 848240 498682 630919 866238 366031
401275 785957 489432 697118 363531 606519 235348 694748 519873 476863 357343 977904 999999999 886351 525080 768728 334049 607282 504724 912233 719033 668416 845700 305113 813262 456810 185922 206276 646984 535846 829393 181920 803450 74331 352931 489133 503581 1115158 620420 180559 570688 557149 269854 250722 638622 747977 709972 586862 923044 755574 668248 597663 251314 631687 729825 543479 728963 353451 470650 536919 277934 331759 765498 363667 554168 625637 384654 256318 601060 100225 72846 940291 795361 615104 618179 683818 842759 698268 402862 330456 653729 666716 579645 404588 410873 640384 681148 744442 408269 538000 550290 129911 765684 225785 735019 142010 661731 644462 714742 656661
793704 451762 633413 924281 929808 280859 955340 416686 666977 542614 878792 207947 886351 999999999 829298 512683 921563 418845 709891 150718 611567 421139 58731 596155 196088 478256 926454 782048 637890 419857 127738 1052677 627600 895467 669751 731843 534291 303190 343158 1012758 331463 405725 701577 695733 323173 836801 584733 556531 109868 449476 500892 657201 735672 267068 374700 854748 157407 535041 763739 349669 834232 589627 292533 591300 827176 433864 538834 1135565 471638 973833 958697 239871 946299 655021 711022 636793 318839 270691 548743 766363 601195 520445 308738 685280 739774 394944 242483 172366 519251 350943 474637 1005672 581638 701985 290227 772425 311753 437595 665441 230124
125780 996546 833072 176966 216184 638082 353738 896841 880356 301117 186497 800268 525080 829298 999999999 419234 235896 809134 119842 764347 313309 423073 821403 412548 876854 667511 376447 653171 975738 721182 850454 674395 1097361 595853 720870 101017 300925 919304 487498 699923 664174 431748 307349 624470 769698 230688 1001868 279100 799829 969836 921421 193998 301426 689386 904821 28510 705529 472422 80674 589360 751526 609318 566497 661865 30319 399348 384636 714713 839430 522269 550427 739506 271130 957284 163227 267577 602665 559517 669702 763107 962858 930994 583251 783993 141529 437404 589902 777487 640671 554012 355937 628387 1045753 365720 553522 412458 789724 860975 1044801 664728
457338 844433 830374 446975 603650 463347 701227 761417 879148 294075 556795 412697 768728 512683 419234 999999999 611208 699726 327990 399377 115585 142630 530528 494752 638323 623609 699232 791983 925436 632148 586280 948831 994508 818353 774187 354425 266871 514450 265713 944676 527727 277423 500363 722937 617617 338082 914919 184736 444135 826393 820737 227230 524419 510798 745783 435224 452183 496632 390982 462123 884053 647473 221170 687457 402470 174492 412157 1013563 749490 814746 824168 347550 445620 922473 259476 156891 211393 275840 667907 855201 898643 836998 417321 825281 411492 190542 332972 543882 627559 419870 234088 896853 940370 543881 231658 626768 627945 747064 982162 456006
153878 979360 747370 384559 29487 678149 121546 879130 788906 387067 54741 941347 334049 921563 235896 611208 999999999 786592 284563 891705 521808 568847 899270 370627 919464 629334 156025 508144 903081 699539 910230 454920 1045046 408380 617013 258858 403133 1071557 587252 492015 678689 519793 240065 508825 776140 464949 947527 436600 918561 949930 881756 389888 210462 722369 899642 243204 775966 444278 224086 614414 598228 533952 704028 583856 265752 533069 393604 485598 802296 303587 338977 887451 486161 877561 381507 477330 760046 669618 606540 631432 899023 886672 630267 678921 202799 564608 681230 827899 589675 591539 466210 413843 998410 274050 682327 269708 798913 834910 973710 717898
716962 192841 218547 962426 806728 238933 765483 92643 248466 524739 764598 604390 607282 418845 809134 699726 786592 999999999 702421 531950 745689 558500 360733 418080 254982 158900 721398 438675 235899 88634 304974 735980 299795 586145 292205 712185 537652 719367 434106 679108 172140 438747 548760 363427 99784 925560 215253 620042 511157 163794 121752 711992 576344 199725 122554 837621 310044 346407 728724 243089 458175 276734 526244 245401 822185 535984 424810 820520 55554 707008 677078 607487 1024147 244289 766272 745091 602771 442003 204466 379867 203897 137316 282453 285737 675298 510822 384499 247980 204052 286166 513162 698696 245637 513763 498006 546424 107186 52081 284482 262103
131752 886719 745674 261014 275739 521317 383781 787978 794247 184140 229860 688094 504724 709891 119842 327990 284563 702421 999999999 648905 238318 309084 701565 326918 758460 567759 391321 598029 881406 615600 730966 671925 995481 569020 643567 26595 181719 810911 367732 685026 551295 312171 249552 556003 657082 256992 901467 165815 683045 860815 817761 105945 256930 573129 793218 146556 585855 377056 63528 475631 697332 524385 451993 575998 123340 282257 282800 724447 736117 524895 544660 628958 334811 865629 113504 195030 494345 440619 578114 697282 865808 828504 466118 705454 96542 319669 470102 658770 545785 438663 236115 622199 942931 308149 437106 373702 676396 754485 949142 546278
750888 593769 735120 835171 895273 339245 943770 546951 773940 504652 843855 73766 912233 150718 764347 399377 891705 531950 648905 999999999 508526 341408 199282 608981 340091 555309 921955 839502 762228 512274 271836 1087733 768117 933176 748090 673410 489463 205992 307319 1056720 406848 376024 693600 753760 432268 735379 717172 485249 47809 588288 628450 578474 726988 348350 509638 787294 226005 560617 708310 396720 904694 649648 198156 662672 757139 367039 537410 1167502 587110 990874 982311 89164 843994 775165 627836 540779 190133 223927 623808 844774 726769 647915 343102 774070 696675 331027 231086 288544 588655 381206 426336 1038036 719847 706691 212227 785040 426819 559756 796859 292402
370017 905578 850179 331618 510703 518959 621579 816296 899737 268896 467086 526460 719033 611567 313309 115585 521808 745689 238318 508526 999999999 201352 622922 474184 718776 647999 626252 771551 960483 669963 672605 894542 1044934 775789 776806 263237 243592 630035 320783 898703 574944 307226 449849 711241 673131 227046 959740 145094 551694 884857 867402 132374 468286 569965 806813 326468 531560 493217 297788 502717 867871 649447 319794 694717 293624 211930 398829 953139 791412 752867 767685 461653 336161 953228 150279 45786 324016 355693 682124 849436 936961 882183 467219 832755 331043 243677 407471 620553 643240 459577 239031 843342 990617 500917 322360 579402 686586 795616 1021582 521846
420145 709000 688691 503266 568105 324273 639697 623007 737272 197082 517483 379123 668416 421139 423073 142630 568847 558500 309084 341408 201352 999999999 426298 376242 517505 481665 628156 667116 782942 489659 472609 850319 854895 710339 637448 334327 173415 504425 124750 838064 386362 137861 409938 593517 479107 419003 773751 144048 378251 689622 679868 238703 439074 373511 610115 445887 330396 366286 370160 319619 755686 511976 143424 549541 415832 42811 291807 920852 607592 726751 729905 321066 528108 779843 290795 218490 191330 155920 527920 721558 756415 695815 276137 686574 367282 47962 206136 419210 487389 277264 118353 798249 800639 443349 133062 527652 490819 606555 840124 322292
777296 396146 576175 926188 909191 239465 926331 358216 609059 527817 858683 262365 845700 58731 821403 530528 899270 360733 701565 199282 622922 426298 999999999 562117 141092 426591 895212 733219 579198 365161 72592 1008698 571532 851361 616550 722230 522328 361883 334209 966507 282546 391572 673342 647212 266041 845130 526671 554760 163733 392649 442288 656969 707329 218255 316801 847684 123650 497698 752577 309458 782132 541337 309588 540109 821423 433321 510624 1092193 413215 935418 918368 287541 954357 596298 712072 644524 349075 271042 496964 712793 542536 461847 274806 629959 724016 394623 231747 116082 469127 316611 465479 962611 524777 669407 301059 736618 253802 378880 607293 190398
305324 610826 421048 582130 389409 325753 369582 510183 468916 205968 346526 673453 305113 596155 412548 494752 370627 418080 326918 608981 474184 376242 562117 999999999 558647 264117 334480 298579 563799 330117 559178 484726 691434 337069 317263 327265 232444 810683 315740 464757 312612 254378 131004 238147 406373 580504 594597 329579 622436 581865 520161 381014 160540 363020 529161 440086 440185 73813 333040 256848 393802 198002 461602 250171 431748 333891 84437 561421 438828 382215 373796 635178 661556 544761 422746 450521 540633 393170 257518 378498 552480 527433 287856 378694 271576 342412 378220 474081 230899 245737 262465 433564 641617 108320 430624 177235 429392 467721 633322 372206
814286 255676 472992 1000346 933484 242979 928109 228910 499014 575890 885095 403129 813262 196088 876854 638323 919464 254982 758460 340091 718776 517505 141092 558647 999999999 363542 891151 672453 451707 288903 68655 962356 431538 806755 538117 775877 576884 495192 405885 912318 247541 448387 682696 589755 180264 932356 392318 628910 304488 254086 313881 731353 715435 197138 182983 904493 187317 486966 802158 305127 705954 488314 423290 474039 881454 514385 526265 1047099 300581 908890 885820 427762 1039899 472685 787779 733797 476155 364290 429727 630433 414364 333124 295393 539266 763721 478015 311407 100529 411213 330124 528469 920091 386109 666498 407178 722125 159642 259215 473200 212183
567804 350634 207207 828689 650214 216902 606650 251365 255608 400927 609419 628825 456810 478256 667511 623609 629334 158900 567759 555309 647999 481665 426591 264117 363542 999999999 562863 310177 316691 79075 392055 599071 429945 444254 193339 574270 418767 757927 366189 549011 149409 347065 393389 226345 184247 805339 334427 510771 547788 320907 256199 592840 419666 212268 278410 695757 333289 196001 586858 174089 355979 125985 490730 113640 683243 450216 285023 683875 174712 555316 528272 615129 898079 305996 644080 639375 574264 403318 70487 290328 298481 264227 230500 221522 529672 434423 355039 312868 48621 210216 408998 557706 378883 355750 458603 387913 206669 205667 382511 263027
265633 910585 644097 536948 184941 660181 50828 813261 680738 432019 192388 979806 185922 926454 376447 699232 156025 721398 391321 921955 626252 628156 895212 334480 891151 562863 999999999 379157 802671 639447 893635 300464 953221 259219 508251 369516 454749 1114971 615418 336033 643775 546935 228373 399100 730258 606874 856833 515334 941837 880324 801999 495326 195031 696895 841018 389171 772346 404353 341514 591303 460921 449885 749351 494015 406741 587648 388573 338637 727090 148251 183004 932555 637984 773684 500864 584988 816583 698525 525019 505090 803969 803869 620406 566559 295699 612327 696954 808462 517577 578677 513459 258031 910621 226262 722941 174975 753718 765410 872477 706047
528549 601657 288174 830136 536467 505671 429984 518185 315008 504371 516341 910809 206276 782048 653171 791983 508144 438675 598029 839502 771551 667116 733219 298579 672453 310177 379157 999999999 443446 383696 702075 298093 601737 157879 155868 590421 530983 1045420 584833 240916 450888 534964 350146 86443 492225 854628 510582 627594 839985 571813 478971 670127 351786 515347 559000 676690 629714 302424 583440 443101 99321 192507 729721 198457 678879 625995 379843 382240 420781 301124 261664 885348 921218 410558 705087 745517 813189 649411 242739 125977 452930 474737 496571 200353 518160 628318 616359 621624 264718 460229 558230 264638 566905 290801 696950 245283 513539 467369 510073 556143
867836 235882 158704 1141557 927748 471919 852056 222856 129626 717610 893732 833315 646984 637890 975738 925436 903081 235899 881406 762228 960483 782942 579198 563799 451707 316691 802671 443446 999999999 293289 514198 723807 160114 600535 295502 886104 735309 941077 660495 654651 401036 654786 683415 403766 333958 1121941 84902 826123 737475 217530 137852 909529 703416 435428 269640 1003522 544293 504776 895609 463326 409755 372270 761085 320517 993572 756186 599066 802229 181029 744164 705107 840661 1213679 36776 960648 954301 838456 675846 306285 331856 37495 118593 510284 243096 835269 734980 619097 474068 335805 505808 722417 700410 136899 634528 732170 637297 336057 202472 70643 497902
628329 280817 223993 876087 719229 186685 682323 180094 266220 439927 676610 585996 535846 419857 721182 632148 699539 88634 615600 512274 669963 489659 365161 330117 288903 79075 639447 383696 293289 999999999 323291 675955 381771 522035 252792 624755 454186 709976 367413 624001 112999 363032 460997 302007 108650 842774 291402 539829 499064 252162 202896 629087 489117 164083 201890 749650 286355 258008 640684 170040 420095 204601 475338 185239 734675 463461 336636 760798 122710 634391 607213 579675 939803 291823 682629 666540 556062 388394 140987 348165 267438 215231 218402 265614 586817 441696 334191 249262 127580 212640 433963 635453 328368 427678 444895 464735 129890 139948 351819 223577
796574 324202 523177 965236 922303 234037 927857 291700 552799 551628 872740 334476 829393 127738 850454 586280 910230 304974 730966 271836 672605 472609 72592 559178 68655 392055 893635 702075 514198 323291 999999999 985741 499922 828859 575992 750006 549547 428728 368866 939441 258777 418800 677779 617328 217367 890821 458122 592625 235833 321784 376520 695408 711295 198592 248048 877518 146008 490422 778338 302334 743383 512972 367581 505216 852865 474152 517182 1070053 354757 922418 902235 359897 999365 533271 751399 690791 414676 316992 461132 670693 477128 395983 279986 583367 744502 436415 269092 85558 437638 319130 496780 941497 453935 667477 354699 729068 200996 316907 538957 192420
556883 898615 577047 837407 482911 771825 335404 816275 594515 658153 492629 1154816 181920 1052677 674395 948831 454920 735980 671925 1087733 894542 850319 1008698 484726 962356 599071 300464 298093 723807 675955 985741 999999999 883921 157337 452157 653669 684714 1291953 800465 73584 728183 738119 448597 374231 783276 903462 797968 765853 1096112 868994 774800 769655 426717 791397 856876 688667 896019 527119 630668 703603 314830 474110 946139 492389 704509 807545 565706 84843 718804 152450 127334 1119165 938371 688392 785030 857498 1024082 877049 535833 392166 739012 769277 750140 486693 575839 822169 857036 902352 551151 709364 732158 52121 854454 407378 915325 323221 805460 765461 785125 822635
996580 176086 314128 1256418 1068406 531169 1001769 234477 289602 821654 1031378 833847 803450 627600 1097361 994508 1045046 299795 995481 768117 1044934 854895 571532 691434 431538 429945 953221 601737 160114 381771 499922 883921 999999999 759311 450581 1003227 835855 924484 730145 814666 470094 738331 817165 556568 377244 1224330 97540 919714 735253 180078 179050 1010645 840155 484677 261009 1125642 571150 625748 1016692 542740 569761 511119 807199 462078 1112625 834390 713734 962206 259647 901559 863256 853382 1321536 195813 1064373 1044875 876818 727859 439047 491940 149882 167022 579209 401669 959529 807659 669078 486100 460721 585728 812928 860269 54329 772549 781985 784008 369101 249320 105974 543160
471112 756410 446022 769136 437861 614639 307860 669698 471484 524442 431045 1001160 74331 895467 595853 818353 408380 586145 569020 933176 775789 710339 851361 337069 806755 444254 259219 157879 600535 522035 828859 157337 759311 999999999 312948 554930 551579 1138074 651325 127823 571008 591399 326448 222728 628442 816230 668458 639538 940349 726313 635065 658207 312604 634114 708144 615058 738949 373071 538512 546640 212522 318575 797801 340889 624570 667589 420458 241223 573430 148734 106160 967495 866682 567066 682032 742523 877578 725737 383313 274134 610734 631563 593927 357664 477071 678822 703088 745248 395954 553512 593482 113453 724783 275639 766333 197053 650920 618895 666294 665483
603113 446480 136970 894747 643188 408983 558095 365992 172887 510402 613843 821446 352931 669751 720870 774187 617013 292205 643567 748090 776806 637448 616550 317263 538117 193339 508251 155868 295502 252792 575992 452157 450581 312948 999999999 642239 534106 951192 534518 390640 342746 499632 415337 109430 359620 897760 357224 632413 741127 416837 323213 695732 428937 405212 409034 747126 526622 283650 643979 358464 167858 127522 670174 89640 742815 600406 379951 535433 268040 451531 414421 805486 977513 265520 739479 758952 754632 584216 124338 97003 300805 318880 415519 63373 579717 593020 540793 501217 161533 387483 544011 420404 413171 360010 637346 347768 378737 315511 364657 456121
107055 898138 747773 255594 249459 537135 360145 798858 795967 200100 204120 713441 489133 731843 101017 354425 258858 712185 26595 673410 263237 334327 722230 327265 775877 574270 369516 590421 886104 624755 750006 653669 1003227 554930 642239 999999999 200535 836820 389060 668957 564320 331590 240449 551852 669993 264712 908549 191594 707006 871805 826185 131063 244529 588531 805581 128963 605396 381333 36950 489163 689722 525258 476922 577306 110039 306460 289507 704388 744333 505423 526607 654623 335387 869338 131865 219333 520380 463356 581448 692718 871528 836423 482257 704616 78311 343450 491182 676586 550303 453322 257336 604446 951054 299678 461389 361185 689755 764173 954384 563775
262297 715482 614281 430452 405843 341559 467169 618822 663896 27233 354449 538252 503581 534291 300925 266871 403133 537652 181719 489463 243592 173415 522328 232444 576884 418767 454749 530983 735309 454186 549547 684714 835855 551579 534106 200535 999999999 669349 191347 678171 377557 131094 238837 468058 482877 388627 745038 98554 518521 690938 656832 175001 266638 393881 619782 328141 404867 250531 230255 301269 626003 407101 301349 453813 304570 133286 155237 752389 576779 556085 561789 485274 486631 724299 228630 225305 362790 270229 444727 605856 715358 669405 286062 591164 207951 161830 292263 477084 407354 261736 63166 632610 782216 277956 279205 361632 500962 589505 799971 364731
924450 748537 929956 961087 1072025 543425 1133306 719675 966061 688090 1021123 137255 1115158 303190 919304 514450 1071557 719367 810911 205992 630035 504425 361883 810683 495192 757927 1114971 1045420 941077 709976 428728 1291953 924484 1138074 951192 836820 669349 999999999 500757 1262149 608660 568596 887562 959598 621429 847217 886847 645232 210933 749093 804034 726289 920214 547756 676775 939221 425138 765115 873221 602477 1109561 855224 368049 866882 907324 538547 736053 1371004 773139 1191270 1184477 184124 950619 957898 768468 670033 316824 419006 827186 1048104 904378 823580 549092 974354 871266 507525 435018 471389 792927 587064 606893 1241888 880820 905163 392415 985283 612268 740455 967686 495152
452508 585433 573138 596426 592745 199720 636470 498422 620882 201681 541338 364689 620420 343158 487498 265713 587252 434106 367732 307319 320783 124750 334209 315740 405885 366189 615418 584833 660495 367413 368866 800465 730145 651325 534518 389060 191347 500757 999999999 778389 262038 68708 387336 505095 354569 526960 649345 223876 331473 565510 555317 326650 420392 249664 486568 513581 222929 284131 420607 197911 666485 413536 146676 445084 487218 109943 236777 876678 483813 692007 687698 321103 634099 658775 382802 330222 228682 83392 418520 623744 633169 571411 151654 578943 398267 77914 102477 305666 377956 157022 131731 749262 675890 405010 115017 486393 366778 481886 716523 201632
578141 835857 510889 868400 520972 732732 377208 756481 525857 651112 524137 1125541 180559 1012758 699923 944676 492015 679108 685026 1056720 898703 838064 966507 464757 912318 549011 336033 240916 654651 624001 939441 73584 814666 127823 390640 668957 678171 1262149 778389 999999999 684292 719000 448910 322668 732289 925712 730302 764575 1062195 806584 711180 778159 431704 748318 798585 716558 857438 498250 649274 666169 244905 426518 924974 438918 729543 795299 548264 147642 658596 191258 153039 1093287 968170 618896 798518 864035 1005085 851918 483044 324127 671165 704745 715512 420617 590647 806640 827542 857417 502141 675905 721036 82797 786678 400955 893352 319561 753890 705857 714793 783669
585689 338088 335417 807404 694661 73727 681380 243184 378838 368430 647978 480528 570688 331463 664174 527727 678689 172140 551295 406848 574944 386362 282546 312612 247541 149409 643775 450888 401036 112999 258777 728183 470094 571008 342746 564320 377557 608660 262038 684292 999999999 269167 439532 364748 105792 761539 387389 453534 398391 314252 293638 549103 471429 64465 242369 692584 183880 240021 585391 76287 504199 258801 362712 260707 673797 364352 290406 812214 222218 664335 643520 470017 862948 402596 604558 576291 443099 276115 219312 439737 372208 309454 110410 367359 538639 338688 221277 174332 187928 117458 346215 683256 415767 419813 332631 474706 125607 220880 454934 114573
387987 604577 553294 553002 526056 220488 567762 512031 602258 136927 474742 432926 557149 405725 431748 277423 519793 438747 312171 376024 307226 137861 391572 254378 448387 347065 546935 534964 654786 363032 418800 738119 738331 591399 499632 331590 131094 568596 68708 719000 269167 999999999 319045 458732 370620 495359 652523 186473 399621 582174 560377 286262 351942 273145 506690 458727 273820 232577 361140 195660 620994 374482 208557 411685 434236 103235 172496 813020 484203 626081 623233 387749 599460 649256 342705 307128 286273 152098 390640 584446 630343 575006 165621 548837 334057 94235 163270 348079 350218 152606 80823 686580 684056 338729 178976 421077 386224 489072 714832 237039
187801 741576 533868 483420 258409 443963 253795 641005 579481 213360 216055 751953 269854 701577 307349 500363 240065 548760 249552 693600 449849 409938 673342 131004 682696 393389 228373 350146 683415 460997 677779 448597 817165 326448 415337 240449 238837 887562 387336 448910 439532 319045 999999999 317129 536106 505032 719841 317339 713657 712488 648566 332346 34096 485696 660120 332771 549784 204364 234056 377845 449398 311371 523665 363686 331233 367946 162881 514002 567796 317271 323925 705893 571923 661554 359995 416075 594105 470300 379032 456080 675027 654960 399592 478682 168655 388987 469090 593908 357003 359000 292287 396711 768444 59375 496276 129598 558921 598032 753718 486790
503557 536280 245089 800244 535406 419269 448801 447500 282309 442357 507778 825332 250722 695733 624470 722937 508825 363427 556003 753760 711241 593517 647212 238147 589755 226345 399100 86443 403766 302007 617328 374231 556568 222728 109430 551852 468058 959598 505095 322668 364748 458732 317129 999999999 409914 812624 461530 566225 753738 505984 417571 618362 326911 429184 485434 649827 543272 227273 549938 357138 162275 106114 648608 118385 647979 553417 313475 459056 352039 350758 316923 800997 886703 374602 657867 688585 732559 566871 161602 141441 406743 416035 411115 170168 484793 552796 532002 536188 179701 375548 488947 335387 516666 259376 615704 239179 431775 396786 473408 469712
689028 234008 310244 912995 793424 154852 770586 143918 344674 474162 747894 504860 638622 323173 769698 617617 776140 99784 657082 432268 673131 479107 266041 406373 180264 184247 730258 492225 333958 108650 217367 783276 377244 628442 359620 669993 482877 621429 354569 732289 105792 370620 536106 409914 999999999 865117 303311 556465 412311 211857 208906 653415 566808 107540 136946 798131 210570 332582 690695 181817 527390 309936 433291 293789 779537 461306 393087 868091 155210 735930 710685 507813 967417 343885 709142 677100 507374 351552 249487 453606 300447 227109 206123 366189 642906 432440 293016 150917 232499 221571 449303 741889 323339 510744 406548 557341 23492 134966 377782 167733
347638 1099069 993714 128393 442971 715709 584136 1004499 1042913 404549 417029 750706 747977 836801 230688 338082 464949 925560 256992 735379 227046 419003 845130 580504 932356 805339 606874 854628 1121941 842774 890821 903462 1224330 816230 897760 264712 388627 847217 526960 925712 761539 495359 505032 812624 865117 999999999 1133649 308903 778730 1075777 1045283 213691 508672 768260 1001677 222012 746791 623499 277723 685762 953949 775876 546172 826455 200375 417973 525913 945323 965397 751793 778332 685464 109500 1109127 161317 200607 549295 574860 824358 954000 1103149 1058003 660979 958872 340404 454783 622255 832448 789407 644132 415832 856493 1170587 564132 546670 624889 881376 977216 1187580 727246
899869 156922 222508 1162481 970866 452982 905145 170297 205332 729833 933893 786144 709972 584733 1001868 914919 947527 215253 901467 717172 959740 773751 526671 594597 392318 334427 856833 510582 84902 291402 458122 797968 97540 668458 357224 908549 745038 886847 649345 730302 387389 652523 719841 461530 303311 1133649 999999999 831194 688557 143741 94693 920033 742672 410095 210102 1030076 507928 529729 921232 457135 486118 413621 736598 364804 1017650 750843 619096 877910 168784 808755 771336 799235 1229419 120743 973103 957599 810072 654248 341529 406197 59239 77937 497696 312080 863456 726058 595976 429404 363738 500295 725090 771896 56520 675018 709620 686962 299647 168993 80884 471037
284104 790470 709722 372614 432714 406908 519463 696712 759352 123876 383384 522509 586862 556531 279100 184736 436600 620042 165815 485249 145094 144048 554760 329579 628910 510771 515334 627594 826123 539829 592625 765853 919714 639538 632413 191594 98554 645232 223876 764575 453534 186473 317339 566225 556465 308903 831194 999999999 521147 767545 740878 102786 340215 459519 692876 302297 446769 348766 228026 378274 723381 505245 287447 551356 272807 122702 253777 829349 662418 630215 640496 463144 413352 816765 158969 128789 328925 285943 540672 704350 804544 754496 352085 689046 233930 161594 324383 528433 502533 336090 107319 714021 865647 363927 274887 445340 572513 671243 889305 420425
780760 559858 719580 876240 923388 335124 965722 518993 756471 531958 871939 98653 923044 109868 799829 444135 918561 511157 683045 47809 551694 378251 163733 622436 304488 547788 941837 839985 737475 499064 235833 1096112 735253 940349 741127 707006 518521 210933 331473 1062195 398391 399621 713657 753738 412311 778730 688557 521147 999999999 556189 601958 616617 747400 336953 479355 823433 214567 569835 741276 397330 900968 648467 236541 657743 793813 400816 554580 1177011 565632 1004593 994009 133458 887653 752278 667169 582619 236548 248998 617406 838108 701394 621510 346695 763469 726424 363568 245371 263997 583966 386843 455774 1047154 688250 723115 246318 799451 404554 535406 768857 285787
880078 30436 302353 1119374 970316 366036 925515 72998 306628 680245 928372 654656 755574 449476 969836 826393 949930 163794 860815 588288 884857 689622 392649 581865 254086 320907 880324 571813 217530 252162 321784 868994 180078 726313 416837 871805 690938 749093 565510 806584 314252 582174 712488 505984 211857 1075777 143741 767545 556189 999999999 98094 863294 739844 316129 82232 998345 393003 510140 889717 390240 570207 431337 631781 392462 981828 672964 586540 952157 154702 855798 822900 673326 1177016 247189 918612 888897 699090 555145 356494 488517 181222 110308 417980 389450 837589 643423 496373 306436 363466 431648 660253 836261 132165 676623 607932 705654 198803 115354 223253 370983
823909 125624 204466 1078512 903720 358396 848698 85004 209390 642819 864288 698622 668248 500892 921421 820737 881756 121752 817761 628450 867402 679868 442288 520161 313881 256199 801999 478971 137852 202896 376520 774800 179050 635065 323213 826185 656832 804034 555317 711180 293638 560377 648566 417571 208906 1045283 94693 740878 601958 98094 999999999 831599 673615 315452 132449 949805 415358 451878 840769 364727 473046 352462 642107 308758 935878 657713 536998 857410 82010 768328 733856 708926 1142688 160383 885379 866430 716088 559573 277553 391316 100625 19567 403733 292357 784950 632276 501337 339921 292224 407840 634241 743591 125472 607750 614993 628716 206339 74304 169828 376562
237664 887076 784761 269839 379711 506405 489418 791677 834225 192036 335147 609914 597663 657201 193998 227230 389888 711992 105945 578474 132374 238703 656969 381014 731353 592840 495326 670127 909529 629087 695408 769655 1010645 658207 695732 131063 175001 726289 326650 778159 549103 286262 332346 618362 653415 213691 920033 102786 616617 863294 831599 999999999 346501 559117 790261 212938 549554 415855 166282 473059 768561 570975 380512 620151 181115 223849 317796 825381 751723 625228 642378 547988 314018 897647 56522 89671 410210 387181 615004 759311 890094 844318 451122 755264 199644 262739 427046 630841 578920 431941 205563 719077 956918 387517 371705 461181 670360 763710 974639 522091
177578 769165 551571 478378 230553 477377 219701 668821 596101 242010 191223 784853 251314 735672 301426 524419 210462 576344 256930 726988 468286 439074 707329 160540 715435 419666 195031 351786 703416 489117 711295 426717 840155 312604 428937 244529 266638 920214 420392 431704 471429 351942 34096 326911 566808 508672 742672 340215 747400 739844 673615 346501 999999999 518574 689224 325344 583792 234341 233006 410853 450355 331251 555491 382937 327162 397481 196951 489170 593423 290614 300555 738174 569938 680359 369562 432535 624809 503496 401192 463080 696470 679351 433429 492261 168505 419822 502983 627255 381448 392703 322165 375254 792199 69304 528517 116811 589761 624998 773931 520535
620001 335773 387734 823601 736617 52715 732560 250765 428438 389008 688505 422104 631687 267068 689386 510798 722369 199725 573129 348350 569965 373511 218255 363020 197138 212268 696895 515347 435428 164083 198592 791397 484677 634114 405212 588531 393881 547756 249664 748318 64465 273145 485696 429184 107540 768260 410095 459519 336953 316129 315452 559117 518574 999999999 236921 717487 122806 292760 612546 107989 567920 323196 326985 324583 696447 358124 329435 875224 254431 724026 704526 416164 872596 441604 615434 576428 403061 244214 282602 502189 403579 333186 108184 426646 570567 327525 185884 113103 252198 135966 353581 745984 430840 471245 299543 530777 117337 241173 483088 62547
820516 98888 314789 1049772 918510 288035 884171 49727 331448 610754 874628 577385 729825 374700 904821 745783 899642 122554 793218 509638 806813 610115 316801 529161 182983 278410 841018 559000 269640 201890 248048 856876 261009 708144 409034 805581 619782 676775 486568 798585 242369 506690 660120 485434 136946 1001677 210102 692876 479355 82232 132449 790261 689224 236921 999999999 933299 310846 455859 825368 318595 571712 398989 549638 367704 915339 594912 524870 941214 142985 829515 799616 593609 1104276 292718 846043 812358 616910 473549 327020 491411 232170 151229 341390 393842 775852 564395 414847 225142 325126 358504 585851 820410 210729 629038 526004 666150 120559 94997 290914 289885
148168 1025055 860296 154588 220972 666093 363301 925351 907427 328965 197169 821757 543479 854748 28510 435224 243204 837621 146556 787294 326468 445887 847684 440086 904493 695757 389171 676690 1003522 749650 877518 688667 1125642 615058 747126 128963 328141 939221 513581 716558 692584 458727 332771 649827 798131 222012 1030076 302297 823433 998345 949805 212938 325344 717487 933299 999999999 732394 500531 109038 617708 774702 636489 589228 689070 32858 423537 413081 726251 867809 536260 565941 760420 251931 984846 176434 281090 622985 584594 697397 787897 990854 959324 611185 810323 168654 461856 616043 804998 668630 582207 382240 643597 1074086 390681 577140 434587 818121 889454 1072674 692331
