NAME : synthetic_000532
TYPE : CTSP-D
DIMENSION : 100
GROUPS : 8
RELAXATION_LEVEL : 1
EDGE_WEIGHT_TYPE : EXPLICIT
EDGE_WEIGHT_FORMAT : FULL_MATRIX
EDGE_WEIGHT_SECTION
999999999 382363 528183 310891 348469 514986 791467 515054 864251 839658 568800 920728 495361 633408 731518 664184 567773 1027779 757880 928943 120467 788171 794332 443522 956085 439412 402849 565083 952228 303524 405344 256356 409049 146638 697883 392562 792531 787845 603772 174213 1024673 369734 377579 477853 439476 893231 887993 728579 688425 651593 93895 1079282 534958 719262 1044603 630206 509889 760263 550878 844462 620140 845872 478611 738144 535652 987401 365377 418586 933644 722710 568577 353741 888175 986079 725404 335674 787960 504475 716977 518241 723129 729066 671536 648664 910627 552553 858794 148748 171471 907189 508817 151372 762867 514833 443282 243132 884018 1014917 936725 316957
382363 999999999 543143 215918 434673 169944 589841 402993 992229 986468 224962 1042254 433306 393632 790916 531358 187147 849078 515310 827689 489330 992451 992262 572258 738950 145745 653515 190058 738718 357067 137672 618793 515670 528833 872079 631319 558110 923466 738354 512505 897663 520409 619225 111235 770341 669264 857316 574410 835171 456687 298829 917468 326445 742929 922095 355385 132659 749843 173161 839712 487311 867243 100221 904082 153947 800164 17314 356688 1040303 928221 544265 145670 715071 880134 408404 511982 573778 130265 394950 770577 410565 449938 424578 821885 738199 762648 901628 453216 543530 771161 643040 231168 472715 607119 355259 420707 944868 846659 823265 394218
528183 543143 999999999 335786 180125 501450 390414 185417 458956 462468 513593 505031 126795 366352 247774 230719 662809 555580 425915 413505 515738 511854 505659 160481 533399 434320 349653 686012 526006 234681 419306 543520 144289 584874 380703 325400 435143 397634 238224 463390 516402 202251 327082 531459 545507 491947 360380 292137 326198 307939 544395 589127 310804 205741 532997 417937 638853 233893 589770 321572 213694 334727 613752 400792 605647 527819 533673 187017 499462 458338 60295 397487 430171 469753 530724 239692 404467 643951 535782 406061 521232 466696 390143 339274 448100 341339 362209 420695 540432 414236 181422 506043 503636 115043 194903 291868 402593 535254 426795 212548
310891 215918 335786 999999999 220009 249328 490001 233915 777463 770775 292404 828226 242227 322729 582096 382976 372746 738009 448206 672251 376887 778356 777651 357040 653500 162805 456086 387405 650500 144167 130262 482806 300181 436347 656660 431843 484289 707996 522440 371657 756804 309160 421354 244134 599446 588243 673209 441002 619256 347946 273211 796802 224975 540245 779285 321037 332649 556471 318898 646858 336641 667809 302625 688283 320785 694012 203695 157271 827717 714727 347274 81393 597890 728114 422827 306083 483380 334500 416511 568385 419222 418847 360807 606685 621064 552042 697826 307080 426635 632650 427339 209598 453430 391685 167698 228931 738109 728861 673817 181099
348469 434673 180125 220009 999999999 449631 508012 232395 568343 557075 480482 621487 184218 412089 396080 356159 589703 712263 510699 588828 339823 558350 557757 137738 666784 366713 260894 606183 660859 78449 340007 386866 82121 409358 437542 234491 533167 495993 307129 294009 689008 94432 227945 458184 437508 613976 539524 423497 403447 388037 371147 754198 323289 373858 707121 442805 552191 411892 529282 497012 320298 502342 522504 470364 535694 678295 421369 151031 625532 494776 225490 299194 577970 645679 559339 107183 513831 554349 558886 360992 552243 520854 446199 387232 598510 334242 520963 244743 369729 578923 209442 342053 559294 184974 180380 113666 552880 695105 599668 42590
514986 169944 501450 249328 449631 999999999 444892 327010 960259 963239 56325 1005115 376419 249151 741033 421054 167293 701857 359663 708353 606138 995505 992324 577266 583201 86531 701142 195757 584008 383457 119941 723816 520819 656631 867641 676037 403163 898509 726189 612912 766109 543742 666545 64546 848713 513473 764595 449900 820746 326118 444201 773754 214313 681241 791321 198559 164793 672724 89076 758809 383074 795740 155334 893944 111317 651637 179955 323875 996682 935038 483871 173594 574240 756801 238491 547672 425098 174476 225024 809170 240871 285706 273409 820343 596638 782314 837287 549005 659022 641300 640728 371732 305305 590869 308155 477946 885911 702797 699494 417594
791467 589841 390414 490001 508012 444892 999999999 282735 735360 760756 411819 760842 323798 197209 509549 159935 594990 259241 102504 293871 827489 857108 846557 548662 164631 444512 735965 627406 160882 506752 460424 893903 518309 895122 730736 710562 72175 701724 601604 794936 327674 573563 710073 506900 929623 105981 409462 101689 666912 142246 763181 329137 272966 432848 353271 248305 607900 381734 516162 436730 188129 492507 600198 737134 547441 210590 591939 379853 736807 815763 331537 486086 130253 330969 285781 604378 28372 618256 300978 795965 275033 194385 172073 700702 152060 726525 546093 737431 866778 210266 569047 698376 209312 502295 351809 611061 601279 258130 276332 513005
515054 402993 185417 233915 232395 327010 282735 999999999 637986 645206 332235 680672 62009 189536 414803 151000 493012 513050 278371 438760 544924 696603 690774 308690 446088 272508 481558 519113 441298 224022 267160 613663 263511 612842 565611 455064 301365 580412 422716 512743 523190 311324 451494 366514 667321 388056 454323 213654 511606 155679 498300 567355 125565 354311 545485 234893 477389 350242 416079 438943 105567 471375 456252 586208 435911 472365 397689 97662 670654 641636 157596 264229 373194 494369 350216 335982 284960 484173 353792 563374 341368 296352 219554 522889 395769 511792 511071 454725 584096 399847 354122 440676 334677 292549 71877 329422 559052 501229 439907 231716
864251 992229 458956 777463 568343 960259 735360 637986 999999999 50865 970054 56839 584152 797029 231158 611720 1121531 750544 812407 544063 793567 204532 187035 435875 811365 892527 485451 1144169 801626 645874 875604 737925 486864 848129 184281 485093 802324 76489 264560 723049 630798 505013 499260 989710 606815 805510 380768 640743 175956 720198 917085 733887 762317 305699 628410 856641 1095695 354335 1048702 323148 623657 263755 1069404 143954 1064433 754325 980884 642788 81927 222814 481274 848250 692758 569642 959321 532915 760233 1100195 967852 409929 948739 880107 810496 224123 696708 334105 212093 718841 787172 616179 363810 903178 911955 386217 653566 635242 167334 721275 572921 610932
839658 986468 462468 770775 557075 963239 760756 645206 50865 999999999 975925 96456 589024 811004 251575 630586 1122142 789254 833786 583168 763924 153713 136240 421495 844367 892655 452607 1143683 834710 635331 874004 701930 474991 816247 146814 454503 826075 64847 249998 693039 672908 487555 469035 989658 563886 835137 421293 663951 154802 736758 896443 775683 770476 328092 671608 869121 1093857 382923 1051034 361063 639063 302842 1066702 105120 1065312 790773 974467 642289 129559 174183 490623 843933 725278 611439 974668 512777 784792 1097849 982450 369655 964273 897956 826585 192237 730472 298879 253682 692702 754739 651954 348834 886305 930893 379492 655256 616239 213217 760193 611714 599490
568800 224962 513593 292404 480482 56325 411819 332235 970054 975925 999999999 1012871 386907 221864 746478 407287 184091 665128 320692 685869 657163 1016322 1012243 602748 541948 132585 736666 216040 543427 419102 167452 772129 547356 709232 887011 711062 364058 911078 744454 660957 737295 574909 702326 115673 890701 472658 753330 428290 837362 304562 499660 738604 210369 683082 762741 163673 198368 668755 104369 752393 373374 792643 196462 911332 135915 614442 235675 345172 1002251 957368 489681 221693 542035 732045 184905 582008 389961 209356 170655 841436 188237 240462 240003 840990 563822 809562 836533 596670 709572 614286 663088 427046 256195 609674 325456 518589 886759 667943 674975 451488
920728 1042254 505031 828226 621487 1005115 760842 680672 56839 96456 1012871 999999999 628700 833768 267780 644717 1167731 757236 842005 551304 850406 241636 224183 490402 826791 939332 542057 1191036 816971 698585 923477 794057 540423 904890 239425 541889 829403 133243 319783 779884 631689 560274 556074 1036484 659927 825543 387297 669129 232650 754875 972816 734880 803894 338507 627011 894500 1143431 379360 1093866 335481 659807 275673 1117673 198377 1110526 764781 1031258 690514 40419 269924 523202 897690 709390 571581 994415 588771 786567 1148224 1003605 464450 983685 913047 845296 280622 711539 390206 221348 775525 843883 628439 418721 957899 943746 438120 699933 690744 169093 727736 580487 664062
495361 433306 126795 242227 184218 376419 323798 62009 584152 589024 386907 628700 999999999 250971 365777 174352 539817 536392 332560 438286 512387 635945 630458 247677 483182 313556 424094 564255 477487 193767 302467 570590 204718 581417 505152 397768 351512 524177 362116 474079 530355 255325 395052 410023 612723 429758 431204 241489 452336 209260 489875 584536 185165 311095 551061 296818 519326 317401 465184 407694 136223 433970 495928 526790 482549 499408 425879 85707 620829 580344 111373 289178 398994 495146 412220 282900 330122 525201 415769 502632 403350 356845 279772 461779 420478 449884 469657 419431 547854 411830 292119 438644 394993 230874 78203 289982 515067 521615 443526 192413
633408 393632 366352 322729 412089 249151 197209 189536 797029 811004 221864 833768 250971 999999999 566590 196554 405802 456130 127770 464102 689162 876720 869613 498226 347071 249199 668286 437404 346192 382832 268277 776730 452161 752900 745558 641693 167894 747118 604070 669650 517235 497413 637171 310152 849585 278002 539887 207366 688034 85875 591526 526259 99371 495798 542531 64112 413445 468722 325425 546334 174020 592144 404062 762507 355121 406788 396555 262113 817827 824544 323631 300954 325473 510266 164921 518676 180147 423435 171572 752828 155113 108765 38168 705460 348092 700590 640136 607193 734652 393104 541916 522572 147219 478526 232074 493852 693056 455255 453150 401449
731518 790916 247774 582096 396080 741033 509549 414803 231158 251575 746478 267780 365777 566590 999999999 380702 905480 563190 582593 364480 688175 357476 344674 289654 601478 679015 422817 930025 592047 466772 665886 671488 323765 752311 244562 409843 574506 192382 172432 623199 466070 363001 420080 775721 598306 587025 223708 412375 180328 489082 765813 563921 536850 76711 471493 626909 884516 138847 830052 158305 392874 127044 860234 238245 848212 556925 781375 434595 255853 329343 257288 645260 482344 405439 728328 399747 533330 890039 737047 405904 717712 648996 579416 234883 490175 316163 127440 599669 697119 418326 234692 737731 681063 216750 440179 488898 157347 535481 390470 436710
664184 531358 230719 382976 356159 421054 159935 151000 611720 630586 407287 644717 174352 196554 380702 999999999 586679 363818 205680 296600 686535 713095 703868 388754 311340 389640 576368 616433 305081 366584 393828 742973 359682 755426 583987 551111 207284 568438 449494 648159 374400 415775 550965 473406 770562 263327 346149 67355 521992 112211 649299 416430 209371 306529 397422 260446 583595 273183 506057 349811 46388 396014 567830 594613 532101 325387 528879 245632 626301 667501 172544 402783 225138 350167 350659 447972 174037 592152 360855 636647 339777 268488 201801 550261 247055 569009 444884 593775 722176 249678 410438 591130 300419 343592 222471 464188 498452 350842 294087 366761
567773 187147 662809 372746 589703 167293 594990 493012 1121531 1122142 184091 1167731 539817 405802 905480 586679 999999999 845554 501147 869499 676379 1145284 1143298 723635 718397 229517 826758 32947 720668 516419 250836 805838 666447 714412 1019862 803207 544019 1057700 880486 699020 921191 681211 792089 132903 953971 650101 931305 611468 976329 487460 481039 919996 381455 847278 946663 347443 59840 839945 80816 926100 549778 962825 89337 1048368 57269 794649 204457 479871 1160631 1083014 648900 291559 725238 916061 342622 678716 572342 68460 325855 940751 349513 415695 423669 971218 746759 923676 1003906 638890 730577 798374 790722 416431 423923 745572 467985 595298 1052041 849659 858952 552918
1027779 849078 555580 738009 712263 701857 259241 513050 750544 789254 665128 757236 536392 456130 563190 363818 845554 999999999 344612 206500 1048283 917492 903389 712656 139320 703688 899979 878371 133304 729855 718889 1095425 698924 1117515 807483 877320 301547 742786 706747 1006262 141591 757010 880549 764714 1095753 199201 370370 299410 742648 396769 1009137 77281 529483 495728 159875 503564 863013 425986 768734 428195 407681 486930 857092 800330 800993 50992 851065 609214 723519 892531 497100 742020 140256 191519 514771 793163 276874 873691 531589 932017 505474 431201 428542 792236 117344 849682 538793 954507 1081633 148230 709014 947607 430694 647851 584927 823679 588362 29562 177643 727660
757880 515310 425915 448206 510699 359663 102504 278371 812407 833786 320692 842005 332560 127770 582593 205680 501147 344612 999999999 396204 807894 918757 909545 575455 224050 373331 756435 533911 224467 493638 394633 887957 536744 873143 789469 730189 43518 772465 653667 783548 427550 587805 727611 423524 944931 154239 505314 173328 727659 123348 718637 418864 223232 506839 453142 161413 518870 463593 424128 526991 212254 580302 514209 800270 456470 293827 519608 367443 820547 872624 372142 428689 228465 433267 183303 614022 75380 529682 198627 829154 172595 92153 91953 754888 248470 767253 632643 722632 851389 312550 607300 650091 108390 540915 337281 603196 687582 348673 378828 507129
928943 827689 413505 672251 588828 708353 293871 438760 544063 583168 685869 551304 438286 464102 364480 296600 869499 206500 396204 999999999 928053 714143 699601 556797 288912 684861 736175 900725 279185 625550 690295 954373 555958 997441 608703 716004 363486 538125 519796 876894 106474 612801 721582 764641 928491 309645 164063 258468 544800 382448 928148 199530 503149 303585 119939 525134 872905 232930 788848 222226 341719 280550 859579 598616 817487 215260 825438 522273 518277 692580 363341 698613 185857 57137 579127 651371 321792 882141 593927 751988 568258 487454 451161 597932 177956 665813 332302 832861 953925 91209 538619 875812 502970 484295 505511 702410 382266 177214 29237 613832
120467 489330 515738 376887 339823 606138 827489 544924 793567 763924 657163 850406 512387 689162 688175 686535 676379 1048283 807894 928053 999999999 696557 704430 399937 990985 524866 313612 676307 986078 321117 489994 136027 379569 69552 618458 309441 838580 717306 542639 71037 1028795 329020 294891 576550 321325 932284 866398 753319 618397 693275 213907 1093001 589869 688320 1046724 696031 620003 738081 651923 816428 645827 809459 588071 659814 639977 1011790 472051 447640 867496 632546 564977 436038 911381 984722 799705 290384 827988 615497 793177 420763 796085 791419 727094 571725 932803 467999 815038 95194 54200 918043 455524 263218 827349 476469 476054 226248 833637 1032440 939401 320638
788171 992451 511854 778356 558350 995505 857108 696603 204532 153713 1016322 241636 635945 876720 357476 713095 1145284 917492 918757 714143 696557 999999999 17566 421981 958546 917826 385598 1163323 949180 635408 894452 612674 479187 739794 131207 396110 917291 177885 273890 626160 809601 473137 411040 1012648 449934 941091 557383 756572 191104 810832 857051 911066 821103 431501 810657 929742 1110087 496255 1080132 493489 712471 438996 1080709 120326 1089961 913703 978651 672093 279438 66124 553861 856919 839564 747905 1041581 487898 878665 1112515 1047211 277299 1031832 972674 897707 175344 847649 238523 395308 639550 677547 774726 355001 859388 1008077 406957 690884 590035 361702 889124 741695 598246
794332 992262 505659 777651 557757 992324 846557 690774 187035 136240 1012243 224183 630458 869613 344674 703868 1143298 903389 909545 699601 704430 17566 999999999 420776 946078 915351 392373 1161752 936672 635215 892480 623011 477898 748820 125386 401857 907377 162357 268429 633828 794463 473983 416827 1010543 462975 929541 542136 746307 182278 802698 861907 896126 815604 419303 795243 923276 1108856 483272 1077405 478547 704242 423584 1079702 109492 1087751 900208 978651 668619 261900 71905 546325 855739 826993 732762 1034526 490057 868414 1111465 1040405 286646 1024695 964670 890022 172154 834760 242917 379278 645609 686557 761150 352590 862800 999830 402577 686803 592758 344940 874927 727285 598087
443522 572258 160481 357040 137738 577266 548662 308690 435875 421495 602748 490402 247677 498226 289654 388754 723635 712656 575455 556797 399937 421981 420776 999999999 693857 497315 189196 741361 686484 216032 472901 400418 57216 465637 299839 165242 589038 361864 171875 337362 662390 73796 167894 591226 385183 651423 471844 451861 267058 453487 485367 741664 423113 289929 676600 540393 688150 345160 660068 418372 366041 409528 658927 332764 668669 686822 559066 258466 497834 359382 220776 434998 590001 610974 657110 110159 561063 690695 659340 255003 648721 604522 527439 249666 607429 207497 417058 310136 413178 568546 72662 467503 642653 77413 281990 203466 440512 691132 573611 179329
956085 738950 533399 653500 666784 583201 164631 446088 811365 844367 541948 826791 483182 347071 601478 311340 718397 139320 224050 288912 990985 958546 946078 693857 999999999 595856 882943 751339 9858 669934 615241 1053604 669458 1058915 838910 858380 180900 791149 721663 956664 264329 726263 859254 647292 1078477 69813 444676 244576 773656 305652 926690 216343 433055 527117 287124 385388 740256 463477 643833 491319 347079 551123 737089 838580 676827 92552 742796 543582 796904 924960 473118 645114 119264 297976 381365 759119 170596 751298 398361 932228 372683 302824 314421 815723 115325 856558 605482 900162 1029347 201139 704507 860988 297281 639109 515947 772519 658933 155853 261265 674497
439412 145745 434320 162805 366713 86531 444512 272508 892527 892655 132585 939332 313556 249199 679015 389640 229517 703688 373331 684861 524866 917826 915351 497315 595856 999999999 615542 251711 595229 298342 34891 639693 440385 577948 791395 590623 415491 828247 651360 528568 752605 460282 580891 97186 762225 526431 723603 429787 747001 311044 375698 771767 181956 623897 777169 216857 205832 622748 162828 711235 346984 743573 183745 819292 172940 655002 147479 250368 933263 856336 424242 89108 569336 736493 291006 462686 429123 212044 280718 724713 290450 315496 281701 743197 592474 700567 781926 464377 577108 626182 562863 302968 342856 516284 239465 391443 828346 700987 679429 333153
402849 653515 349653 456086 260894 701142 735965 481558 485451 452607 736666 542057 424094 668286 422817 576368 826758 899979 756435 736175 313612 385598 392373 189196 882943 615542 999999999 838431 875618 317891 585208 255749 219747 363660 306153 26606 773051 410231 255238 242618 842549 170893 34733 700143 196145 839550 633029 640369 313808 633266 475277 925898 583137 448512 855009 702691 781814 512837 774883 572854 550866 549847 750143 347772 776375 875341 637704 410872 562535 320527 409945 537261 778993 788400 819548 155106 747140 781733 819488 120179 812193 776658 700531 261478 796170 154637 541891 254571 302152 754530 198752 486154 815137 253110 439251 232812 549046 877728 755021 285327
565083 190058 686012 387405 606183 195757 627406 519113 1144169 1143683 216040 1191036 564255 437404 930025 616433 32947 878371 533911 900725 676307 1163323 1161752 741361 751339 251711 838431 999999999 753600 531551 270097 807498 684147 711537 1038903 815360 576827 1079421 900475 702140 953325 696550 803866 154554 960264 683025 960352 642503 996662 518449 476260 952736 410008 873037 978776 379615 57463 867303 111979 953991 578827 989809 89896 1068175 84441 827476 207195 501608 1184712 1100522 674074 307025 757660 947646 375377 692371 604913 60809 358579 953666 382343 448625 455901 989857 779248 939390 1030183 643232 730428 830239 809407 414292 456823 765964 491124 606095 1077784 882357 890489 568375
952228 738718 526006 650500 660859 584008 160882 441298 801626 834710 543427 816971 477487 346192 592047 305081 720668 133304 224467 279185 986078 949180 936672 686484 9858 595229 875618 753600 999999999 664976 614141 1047719 662608 1054131 829747 851134 181093 781592 712938 951221 255912 719535 852126 647967 1071254 70771 434820 238096 764480 302555 923711 210536 430895 517789 278932 385880 741787 453968 645671 481496 341525 541306 738195 829247 678558 85296 742340 538878 787061 915797 465713 643309 109743 288747 384799 752602 168406 752777 401761 924157 375948 304976 314146 806775 105483 848191 595658 895002 1024118 191299 696498 858345 300632 631223 511453 767057 649093 148581 251602 669077
303524 357067 234681 144167 78449 383457 506752 224022 645874 635331 419102 698585 193767 382832 466772 366584 516419 729855 493638 625550 321117 635408 635215 216032 669934 298342 317891 531551 664976 999999999 269246 394676 160525 389446 515673 292618 521425 573983 385455 290195 721271 164999 283406 386331 477647 611937 593522 432903 481856 375152 310178 778171 286809 437616 741093 403446 476774 468282 459386 556246 324976 566959 446569 548756 463563 691936 343471 127467 701603 571346 267557 224892 591721 682684 517221 164344 508241 478464 514698 426547 511245 490137 419425 465219 613530 407876 589432 230870 360269 604860 287889 272448 527939 260821 156936 111078 624097 715361 633209 37168
405344 137672 419306 130262 340007 119941 460424 267160 875604 874004 167452 923477 302467 268277 665886 393828 250836 718889 394633 690295 489994 894452 892480 472901 615241 34891 585208 270097 614141 269246 999999999 604965 415744 543296 769186 560578 435948 809898 630391 493875 761846 432730 550502 118357 729100 546278 721106 438332 726566 323289 343524 785344 191165 613556 786069 242210 220094 616275 190143 705609 349649 735527 194451 798133 195863 670943 135320 232964 918763 832277 413820 54264 582701 743046 322802 433363 446710 224755 313139 695749 321704 342048 302680 720422 605984 674248 772116 429744 542218 635312 539922 271005 371062 495886 225881 359190 817253 714875 686309 304840
256356 618793 543520 482806 386866 723816 893903 613663 737925 701930 772129 794057 570590 776730 671488 742973 805838 1095425 887957 954373 136027 612674 623011 400418 1053604 639693 255749 807498 1047719 394676 604965 999999999 399352 140295 555293 263312 914400 663791 509040 111243 1058823 341818 251914 699917 195279 999864 870743 810285 568872 768031 349931 1132400 679179 686784 1074304 792185 750674 745172 776284 814455 706813 797634 718465 596893 766706 1063469 601480 520604 816443 552525 599600 550734 963462 1009499 901526 303834 898262 746761 896692 337122 896800 882952 813705 514077 983457 403854 794048 175767 87086 957173 438310 397116 920250 476820 550692 284825 803868 1076694 969383 381966
409049 515670 144289 300181 82121 520819 518309 263511 486864 474991 547356 540423 204718 452161 323765 359682 666447 698924 536744 555958 379569 479187 477898 57216 669458 440385 219747 684147 662608 160525 415744 399352 999999999 447643 356484 193633 553478 414106 225021 322810 659794 58098 192039 534082 411389 622886 486921 425209 321334 413657 442747 733414 372661 311469 675772 491160 630979 358550 603182 438495 331841 436943 601819 388633 611543 669673 502670 204588 545567 416567 201826 377843 570899 611653 608207 95568 528402 633571 609660 301979 600177 559749 483057 306550 589682 262207 450527 285971 399888 558458 127541 419523 598126 107712 229703 165917 478842 679092 570264 124503
146638 528833 584874 436347 409358 656631 895122 612842 848129 816247 709232 904890 581417 752900 752311 755426 714412 1117515 873143 997441 69552 739794 748820 465637 1058915 577948 363660 711537 1054131 389446 543296 140295 447643 999999999 669799 363135 904644 772305 602438 129187 1098305 395903 349193 622472 335572 999606 934087 822088 674220 759860 236868 1162500 653530 754954 1116182 757065 656487 805894 696332 883254 714384 874765 625245 711430 681848 1080761 511793 515348 923701 677283 634446 490083 980385 1054072 858133 356932 895049 650988 850883 462501 854992 853665 790964 624719 1001889 518002 878668 164659 62263 987571 518450 297997 889051 542633 543388 295798 895432 1101808 1008895 389953
697883 872079 380703 656660 437542 867641 730736 565611 184281 146814 887011 239425 505152 745558 244562 583987 1019862 807483 789469 608703 618458 131207 125386 299839 838910 791395 306153 1038903 829747 515673 769186 555293 356484 669799 999999999 309144 789314 115519 143063 547466 708938 358173 323858 887003 423872 817725 460544 629602 65332 680249 758776 807921 690313 313496 712877 798555 986575 381814 953117 394626 582016 346766 957828 41703 964045 799665 858901 543805 265197 86050 422924 733738 720719 647754 910402 378600 751497 989494 916006 225759 900671 841947 766776 51069 730385 152086 313179 549920 608168 661762 229655 753668 877546 277347 561611 482455 295037 779926 634952 478753
392562 631319 325400 431843 234491 676037 710562 455064 485093 454503 711062 541889 397768 641693 409843 551111 803207 877320 730189 716004 309441 396110 401857 165242 858380 590623 26606 815360 851134 292618 560578 263312 193633 363135 309144 999999999 747076 409179 245761 238536 822249 144292 14985 675973 220133 814381 616537 615416 311209 606981 461595 904433 556566 431783 835172 676116 758915 494792 750437 557380 525085 536626 727378 350414 752416 852003 615677 384321 560664 330384 385647 513133 755233 768759 792987 129156 721470 759044 792966 139676 785618 750079 673978 262354 772658 160274 531050 243814 302601 732398 181062 469157 788560 231947 412664 210867 540709 855386 734327 259596
792531 558110 435143 484289 533167 403163 72175 301365 802324 826075 364058 829403 351512 167894 574506 207284 544019 301547 43518 363486 838580 917291 907377 589038 180900 415491 773051 576827 181093 521425 435948 914400 553478 904644 789314 747076 999999999 765976 656481 811610 388519 606346 745301 466983 963865 111156 481589 162169 726390 146397 756052 376232 259825 498033 414047 204831 562296 450045 467330 507881 223006 563036 557727 797893 499770 250679 562142 394220 806253 873514 378776 468441 189479 397529 220488 634372 44089 573131 236512 840746 210195 131592 133796 756903 208406 775483 616298 751668 880840 277167 616206 688290 140229 549422 364492 629666 671455 306346 344402 532565
787845 923466 397634 707996 495993 898509 701724 580412 76489 64847 911078 133243 524177 747118 192382 568438 1057700 742786 772465 538125 717306 177885 162357 361864 791149 828247 410231 1079421 781592 573983 809898 663791 414106 772305 115519 409179 765976 999999999 190023 646867 632178 429932 423248 925298 539058 778966 379811 603817 99474 673641 841319 733995 705719 269051 632890 804894 1029848 327847 986372 316521 575690 261227 1002880 80238 1000825 741397 911673 577905 152670 173729 426097 780461 671887 570478 911047 457109 725212 1033952 918635 339996 900707 835142 763252 149804 678296 260594 217840 642353 711529 602252 289416 828529 868452 316353 590591 559793 188602 714106 566067 538528
603772 738354 238224 522440 307129 726189 601604 422716 264560 249998 744454 319783 362116 604070 172432 449494 880486 706747 653667 519796 542639 273890 268429 171875 721663 651360 255238 900475 712938 385455 630391 509040 225021 602438 143063 245761 656481 190023 999999999 474002 624953 240509 257721 747591 425885 693911 393176 499916 96817 541223 653182 718011 547281 216583 633254 656148 849147 286948 812334 329150 443662 298467 821113 167940 824264 692411 725935 402378 330080 220637 283286 597359 606141 566261 768715 269545 620571 852566 773964 235102 759118 702215 626410 101695 618509 146603 286853 461480 544020 558613 99398 638687 738380 135327 419250 370983 295026 680927 543084 349507
174213 512505 463390 371657 294009 612912 794936 512743 723049 693039 660957 779884 474079 669650 623199 648159 699020 1006262 783548 876894 71037 626160 633828 337362 956664 528568 242618 702140 951221 290195 493875 111243 322810 129187 547466 238536 811610 646867 474002 999999999 979310 269076 224055 590280 268675 900609 807504 715446 548135 665301 261873 1047552 571376 627139 996305 682915 644968 679640 666865 755552 609706 745980 612601 588847 658311 971876 495237 417470 797422 561928 515759 439670 871459 933099 791278 229857 797657 641625 786178 351115 786738 774941 706986 500876 892231 396965 749489 64578 77119 872125 389263 298063 811929 414605 447119 184167 766423 989053 889708 282168
1024673 897663 516402 756804 689008 766109 327674 523190 630798 672908 737295 631689 530355 517235 466070 374400 921191 141591 427550 106474 1028795 809601 794463 662390 264329 752605 842549 953325 255912 721271 761846 1058823 659794 1098305 708938 822249 388519 632178 624953 979310 999999999 717030 827682 825663 1034965 307417 252412 323522 645889 442540 1018950 103237 571239 408409 25607 573748 930645 338052 841575 316307 420765 371221 920304 696448 872012 173795 897006 612062 596023 791664 463980 775702 199173 61701 609000 755340 352658 940549 625014 857858 598708 519379 497561 700631 180513 771248 419315 933647 1056194 126536 645086 963611 527512 590430 592709 802663 464834 114559 89616 711909
369734 520409 202251 309160 94432 543742 573563 311324 505013 487555 574909 560274 255325 497413 363001 415775 681211 757010 587805 612801 329020 473137 473983 73796 726263 460282 170893 696550 719535 164999 432730 341818 58098 395903 358173 144292 606346 429932 240509 269076 717030 999999999 140171 550518 357523 678594 538481 481791 332790 464462 413223 791357 412817 359301 732696 532286 641707 410565 622524 487455 386186 481440 611362 394042 627922 727592 506197 240938 569287 408289 259910 389794 628669 668221 649271 39253 582720 643263 649597 266617 641762 605840 529849 307137 647577 242913 490440 237632 345825 616477 141853 398798 644325 147914 268794 130837 514309 737187 627570 128294
377579 619225 327082 421354 227945 666545 710073 451494 499260 469035 702326 556074 395052 637171 420080 550965 792089 880549 727611 721582 294891 411040 416827 167894 859254 580891 34733 803866 852126 283406 550502 251914 192039 349193 323858 14985 745301 423248 257721 224055 827682 140171 999999999 665411 219597 814291 624730 615764 325029 604303 446820 908833 550855 439974 840973 670424 747295 502074 740156 566202 523880 546639 715662 365073 741654 854484 603479 378490 574510 345337 387175 502529 757233 774734 787136 121394 720431 747277 786819 152729 779915 745721 669893 276836 774956 175237 542135 228832 288930 736216 189281 454961 784213 237288 407195 198541 552747 858951 739462 251178
477853 111235 531459 244134 458184 64546 506900 366514 989710 989658 115673 1036484 410023 310152 775721 473406 132903 764714 423524 764641 576550 1012648 1010543 591226 647292 97186 700143 154554 647967 386331 118357 699917 534082 622472 887003 675973 466983 925298 747591 590280 825663 550518 665411 999999999 836410 577523 813298 506690 843474 383834 400718 836011 264184 719595 850725 262173 111299 716125 76861 803801 433138 837856 94961 915467 77524 714682 123924 347393 1030231 950589 520244 162884 635625 814264 300518 549839 487842 119054 286324 812279 303564 350247 336195 838435 658224 792408 877221 527726 630311 700200 657954 329702 369432 612712 336571 470952 924242 765011 756951 422378
439476 770341 545507 599446 437508 848713 929623 667321 606815 563886 890701 659927 612723 849585 598306 770562 953971 1095753 944931 928491 321325 449934 462975 385183 1078477 762225 196145 960264 1071254 477647 729100 195279 411389 335572 423872 220133 963865 539058 425885 268675 1034965 357523 219597 836410 999999999 1033889 816683 835269 456153 821600 529929 1120278 759158 634240 1046452 878083 902802 701270 913130 753975 743121 724062 870371 462979 908932 1071461 753352 587923 688461 397602 605769 676815 975116 979531 993492 331503 939718 900561 991691 200399 987008 958347 883612 394283 992314 288007 707810 319600 279908 949856 389967 565545 996775 448130 617672 372314 705027 1073226 948282 451628
893231 669264 491947 588243 613976 513473 105981 388056 805510 835137 472658 825543 429758 278002 587025 263327 650101 199201 154239 309645 932284 941091 929541 651423 69813 526431 839550 683025 70771 611937 546278 999864 622886 999606 817725 814381 111156 778966 693911 900609 307417 678594 814291 577523 1033889 999999999 453152 199833 752966 241639 861171 276121 366014 510916 331955 315579 671016 452227 574930 492359 293931 551167 667513 820765 607797 148650 673231 484744 798104 903495 432237 577168 124097 330326 315765 709867 105271 682010 332641 895800 306630 234424 244833 790939 133176 823680 605724 842750 972136 218438 668124 794656 231613 601739 456260 716844 660363 209633 284930 618812
887993 857316 360380 673209 539524 764595 409462 454323 380768 421293 753330 387297 431204 539887 223708 346149 931305 370370 505314 164063 866398 557383 542136 471844 444676 723603 633029 960352 434820 593522 721106 870743 486921 934087 460544 616537 481589 379811 393176 807504 252412 538481 624730 813298 816683 453152 999999999 338869 399330 454015 903696 354658 550468 184769 253529 603953 924468 128430 851007 66098 381548 118848 906167 445531 875911 377917 851819 515996 354730 541568 329050 716977 331179 190726 680294 577662 437535 932319 693063 628150 669164 590324 537681 457223 329746 538878 168695 772843 884054 243844 435537 861440 613425 394588 508074 648396 218226 340962 193212 572916
728579 574410 292137 441002 423497 449900 101689 213654 640743 663951 428290 669129 241489 207366 412375 67355 611468 299410 173328 258468 753319 756572 746307 451861 244576 429787 640369 642503 238096 432903 438332 810285 425209 822088 629602 615416 162169 603817 499916 715446 323522 481791 615764 506690 835269 199833 338869 999999999 566042 124060 710463 355800 247999 335970 347760 270123 614510 290329 530727 355193 108507 407413 601651 636824 559097 259269 573529 310203 647278 714444 232411 453274 159598 307637 341615 514549 122107 623818 354211 696314 330486 252519 199881 599104 182115 625578 459453 660809 789341 196999 468871 650320 278536 402301 285529 531428 514333 288298 250351 433887
688425 835171 326198 619256 403447 820746 666912 511606 175956 154802 837362 232650 452336 688034 180328 521992 976329 742648 727659 544800 618397 191104 182278 267058 773656 747001 313808 996662 764480 481856 726566 568872 321334 674220 65332 311209 726390 99474 96817 548135 645889 332790 325029 843474 456153 752966 399330 566042 999999999 620441 742736 744208 636982 248217 650508 742550 945608 316792 907410 333241 521973 288257 917712 74660 919941 734443 822738 497334 249481 151348 364479 694056 655412 584944 852949 358651 688072 949123 859124 255820 843033 782438 707938 62952 665054 169872 259650 542888 613808 596669 194436 731573 817553 230762 512996 461822 249643 715212 570761 445689
651593 456687 307939 347946 388037 326118 142246 155679 720198 736758 304562 754875 209260 85875 489082 112211 487460 396769 123348 382448 693275 810832 802698 453487 305652 311044 633266 518449 302555 375152 323289 768031 413657 759860 680249 606981 146397 673641 541223 665301 442540 464462 604303 383834 821600 241639 454015 124060 620441 999999999 621157 462087 132785 416368 467402 149946 490849 385370 406698 461294 98523 508189 478727 694295 435052 350067 457196 247856 737431 761601 257937 345357 259459 430746 239545 490804 136367 500295 249127 707894 228812 162080 90422 642903 282770 648532 557055 605622 734892 316589 488491 556132 197305 422785 218227 483276 610511 391733 373428 386272
93895 298829 544395 273211 371147 444201 763181 498300 917085 896443 499660 972816 489875 591526 765813 649299 481039 1009137 718637 928148 213907 857051 861907 485367 926690 375698 475277 476260 923711 310178 343524 349931 442747 236868 758776 461595 756052 841319 653182 261873 1018950 413223 446820 400718 529929 861171 903696 710463 742736 621157 999999999 1065533 496230 744553 1040256 579769 422227 778244 470715 865631 603604 873359 391708 797805 452761 966068 282433 406893 982506 791047 576724 296531 868881 985021 666307 384210 756467 416089 656377 593806 665196 679973 629083 708422 891883 618990 891644 223416 265366 897448 555056 72807 711543 550458 427160 282392 921548 998751 933055 333143
1079282 917468 589127 796802 754198 773754 329137 567355 733887 775683 738604 734880 584536 526259 563921 416430 919996 77281 418864 199530 1093001 911066 896126 741664 216343 771767 925898 952736 210536 778171 785344 1132400 733414 1162500 807921 904433 376232 733995 718011 1047552 103237 791357 908833 836011 1120278 276121 354658 355800 744208 462087 1065533 999999999 594695 502474 110526 576098 935961 431744 842552 417588 461934 473494 929088 796852 874517 127479 918739 661452 699085 891425 532985 805764 202644 164283 591313 828702 348924 946497 608074 948552 581894 506773 500413 797436 179382 863442 522223 998391 1123780 175463 730727 1006082 507340 672793 638899 867081 568057 71008 174947 772951
534958 326445 310804 224975 323289 214313 272966 125565 762317 770476 210369 803894 185165 99371 536850 209371 381455 529483 223232 503149 589869 821103 815604 423113 433055 181956 583137 410008 430895 286809 191165 679179 372661 653530 690313 556566 259825 705719 547281 571376 571239 412817 550855 264184 759158 366014 550468 247999 636982 132785 496230 594695 999999999 472730 595650 119571 374774 459676 301820 544885 169228 583254 358472 711543 325593 482438 325925 172370 792423 765177 281058 213127 392129 554549 236457 430472 262517 383100 237116 674587 229069 203780 137456 646796 415463 629554 626423 508560 635631 444724 474660 428810 241280 415394 144036 397821 676427 524454 497473 308174
719262 742929 205741 540245 373858 681241 432848 354311 305699 328092 683082 338507 311095 495798 76711 306529 847278 495728 506839 303585 688320 431501 419303 289929 527117 623897 448512 873037 517789 437616 613556 686784 311469 754954 313496 431783 498033 269051 216583 627139 408409 359301 439974 719595 634240 510916 184769 335970 248217 416368 744553 502474 472730 999999999 416759 557222 829706 70730 770281 128443 321783 129368 806859 311463 790132 486269 734560 386918 322177 399340 199806 597647 408289 349726 655909 398071 456709 835868 665170 450501 645178 575012 506789 296560 417183 363046 158723 596264 703103 348878 250769 710010 606419 212561 388233 476615 204768 468837 327595 411528
1044603 922095 532997 779285 707121 791321 353271 545485 628410 671608 762741 627011 551061 542531 471493 397422 946663 159875 453142 119939 1046724 810657 795243 676600 287124 777169 855009 978776 278932 741093 786069 1074304 675772 1116182 712877 835172 414047 632890 633254 996305 25607 732696 840973 850725 1046452 331955 253529 347760 650508 467402 1040256 110526 595650 416759 999999999 599222 955902 347010 867004 318688 443729 371670 945410 698960 897387 195664 921287 633394 590594 794755 481748 799312 224744 67106 634518 771224 378263 965778 650551 867082 624240 544955 523057 706367 205931 779790 417987 951538 1073288 150991 656951 985569 552937 603707 614570 820780 461624 134537 107896 730907
630206 355385 417937 321037 442805 198559 248305 234893 856641 869121 163673 894500 296818 64112 626909 260446 347443 503564 161413 525134 696031 929742 923276 540393 385388 216857 702691 379615 385880 403446 242210 792185 491160 757065 798555 676116 204831 804894 656148 682915 573748 532286 670424 262173 878083 315579 603953 270123 742550 149946 579769 576098 119571 557222 599222 999999999 359889 531991 268038 610256 235815 655614 353591 817184 299138 453213 360647 291936 879397 875887 379412 283603 378452 569843 117096 549981 227174 370399 119092 793124 109503 100325 76335 756941 400361 745677 703183 619155 743958 451303 588859 508598 132661 527368 263497 513918 755818 505256 513009 426620
