NAME : synthetic_000761
TYPE : CTSP-D
DIMENSION : 100
GROUPS : 8
RELAXATION_LEVEL : 1
EDGE_WEIGHT_TYPE : EXPLICIT
EDGE_WEIGHT_FORMAT : FULL_MATRIX
EDGE_WEIGHT_SECTION
999999999 765070 746767 568086 482445 684046 631246 281667 148835 498885 172500 678967 527966 409914 241177 318820 280081 363925 764148 929164 569471 761070 412603 320545 673247 275138 622962 226684 431754 220157 759031 413629 501286 501951 702077 245895 818699 714462 232303 275824 547555 125273 678358 746371 476827 537388 126992 697359 61405 771836 50432 530830 759101 451118 933308 771985 894062 446698 422976 489066 547537 535158 186861 618819 661634 180838 443147 296958 503122 853218 315534 416937 868019 116934 892930 952218 421650 508286 394073 511542 521632 418184 403099 943823 45191 235567 610750 614101 540849 456900 514998 361211 225655 201073 340953 352047 530064 413985 118203 161334
765070 999999999 756435 795699 352684 791985 311811 982840 896139 762708 784713 89705 404404 906161 885939 716160 815919 578578 282955 182285 244801 188893 756790 643999 594193 882291 245850 931782 761437 715959 400293 758459 953530 830295 274629 561446 54385 117882 532768 812921 337925 798507 570998 363244 832970 232058 797488 518958 804608 208689 742776 517373 60752 585076 617040 157736 196303 443587 838407 1036733 528210 327802 600240 154333 545964 648055 358428 875692 750101 102759 511266 640989 180076 652705 771382 655592 534439 402208 900598 383732 261112 825328 726405 715083 763421 546788 531237 250281 1087993 658614 500497 426318 636541 768489 539646 747714 830412 1043177 787482 787853
746767 756435 999999999 221483 815869 97170 446909 723418 759288 272561 900521 694072 913813 481118 629709 979675 999716 919310 500951 918646 551692 587055 357473 933534 162691 590545 518510 709586 1088575 530341 384581 1073870 445731 316566 485653 552272 793258 638617 662029 995154 871168 866197 185443 414747 344058 703633 867362 240680 726322 574636 696369 289322 804480 994260 331590 890787 952251 874627 1118693 567944 269909 848526 752654 650218 210783 810669 767649 561535 261847 850036 504665 1006792 686570 725023 164078 321217 932476 408989 490846 426125 586797 1109467 354421 263378 706495 736970 235586 851456 590849 290066 313684 554410 844313 916179 863840 413445 288312 658978 655643 616164
568086 795699 221483 999999999 755247 130879 492926 505706 555531 69679 733872 717175 848752 259662 417102 839344 838753 806191 592727 973576 558072 659838 156071 805077 270806 375765 550772 496510 953595 348313 499104 937253 230590 95083 555662 423061 841963 684472 541468 834244 820092 692496 294791 517293 122840 677766 694015 353657 536910 653912 518413 278642 831806 890039 528657 903788 988770 793416 970096 352002 269722 797952 616805 660393 304101 667104 702697 345784 69204 897134 399390 889536 774900 572700 385544 526776 833074 396836 269659 415947 570672 962457 166276 479549 524489 615184 287256 824164 381308 157596 295333 476976 707184 755111 754669 216750 67713 437858 463708 420923
482445 352684 815869 755247 999999999 808954 434199 746384 629254 698120 453866 293800 98067 758556 669486 364638 468970 225966 512791 478031 308526 452456 651890 292750 667544 682063 372743 690666 411212 526480 585250 407081 831703 748064 463143 368888 397062 368748 275849 466346 70627 479113 654168 553021 738190 151915 477601 628757 535683 472143 478090 526805 320952 241135 817918 302493 426434 93206 486195 878829 545994 53518 296568 265810 627113 326221 53188 687121 690973 412757 362434 291430 513630 366143 896724 851514 184457 409488 747620 394218 250646 473137 623726 885209 496962 247037 586715 135231 933998 597659 502545 278311 302358 431762 190689 615832 761386 846746 545718 563490
684046 791985 97170 130879 808954 999999999 480321 636573 682610 191262 844682 722119 905723 389048 546945 937225 947138 889431 555159 961962 570342 634643 279482 896543 209093 506120 547670 626576 1049160 464313 446084 1033608 349295 224789 530351 511211 833085 675598 626501 942588 868948 806595 235027 471823 253226 710737 807948 296197 657814 624760 633741 289711 835459 968935 424707 916420 988175 859016 1072710 471410 273455 846339 710956 672167 254488 765739 758343 476319 183552 889652 473306 975463 741710 675270 258527 416676 909007 415536 399712 434184 596355 1064242 282384 360537 641833 701684 260795 859479 493697 237197 312446 536462 802677 863230 835420 338690 195189 564888 585438 543952
631246 311811 446909 492926 434199 480321 999999999 777876 728381 469310 717756 247530 527663 643154 672385 719368 786586 610895 135218 483360 126620 170649 482054 653878 284218 656280 73457 735256 804049 502228 153664 794311 674324 540034 75981 386970 353219 195362 428052 782504 470986 709567 262274 126588 547824 291319 709480 216361 649815 169525 592713 216361 357718 660435 383831 444455 508103 516406 861344 772200 223265 449805 524875 209654 236194 586898 399591 641653 455390 409596 318415 695375 289933 544164 483466 417342 597252 133892 641117 123938 184095 849354 453399 454681 611936 482183 219525 427539 819054 371722 204946 279066 598672 715776 556258 489156 535175 802598 607770 592290
281667 982840 723418 505706 746384 636573 777876 999999999 142954 451190 422373 893319 802686 256474 106675 588009 519707 645573 911953 1158528 755972 934788 370898 599703 711772 135617 793886 56066 693945 276154 870756 675789 333060 413470 853782 421407 1037196 909350 474109 516394 814819 367621 726449 869698 384439 770956 370020 766135 220693 940338 270631 609194 988849 732353 989936 1018018 1135486 722448 666058 261633 618773 799894 460978 829164 719509 462474 701223 162597 462876 1079386 476306 695358 1051617 386743 886276 998467 703022 644009 242597 654821 723364 664614 383168 967248 253751 502894 675685 871390 301167 472357 603773 556592 507217 457475 621295 325193 444307 152654 201628 194988
148835 896139 759288 555531 629254 682610 728381 142954 999999999 491349 279465 808083 676785 341633 150741 445313 378133 508793 863518 1065505 684953 872625 403378 459519 716453 194792 731743 95486 551032 244017 840767 532868 430356 472969 802626 346319 950328 835290 368101 374687 695315 224691 726603 833662 444553 673578 227088 756565 94019 881062 154733 591145 894990 593906 989597 913962 1034743 595533 524899 386306 604621 682300 335209 745735 714573 327418 588039 224552 499729 988070 411534 554482 984866 263217 916401 1003467 568295 597626 325561 604797 643625 522993 404966 983380 134461 382293 666206 759333 432350 481037 580273 477140 370469 314522 488945 345865 503735 290437 121403 148433
498885 762708 272561 69679 698120 191262 469310 451190 491349 999999999 664242 680897 790023 218662 357468 770338 769075 739901 579838 942984 520651 639247 88489 737081 284776 317986 520963 437325 884816 278917 496844 868379 214329 71736 537060 357038 811038 655262 475567 764565 764378 623106 305719 510390 87338 629384 624608 359502 468917 635477 449088 253159 795012 824631 556673 862376 952841 732068 900587 328742 249045 742531 548628 621617 308939 598148 645189 289035 15276 865084 338278 822508 756972 503380 435087 559284 768563 360562 225508 379219 526822 893009 96598 519898 455505 548622 281198 773652 366295 106055 265254 420207 638636 685432 689106 148607 67950 399498 395966 353733
172500 784713 900521 733872 453866 844682 717756 422373 279465 664242 999999999 706781 467115 581669 405828 169571 107581 266994 842729 929399 630946 821053 579959 202098 810428 443335 692939 373155 271573 386217 859757 253417 673178 672109 781100 361840 835183 759111 289718 103327 506030 54806 811812 841081 647687 553229 52423 821675 223847 835321 218384 659900 765446 338879 1055106 756354 880299 388723 251854 654068 678467 500312 194895 654621 791997 137864 430720 467068 667162 859807 426428 288587 915450 182265 1038876 1077939 331656 610604 565714 609031 573710 248016 567699 1078620 217620 244287 740692 588523 703900 611398 640701 438905 151535 35950 271314 520020 699504 568024 290215 333767
678967 89705 694072 717175 293800 722119 247530 893319 808083 680897 706781 999999999 361791 818419 796243 649889 744612 515998 256364 270367 160299 173612 671081 577865 531438 792653 175662 842437 704800 626283 361779 700143 867765 747280 229241 471912 143939 83902 446879 741381 295302 717614 509785 324632 748759 155096 716709 462510 717066 194958 655253 440618 114649 533651 590709 196930 271991 386950 778131 948854 453092 280453 518689 64688 483565 569231 289205 786238 668758 190227 421621 585218 219976 568037 724686 628243 478256 320874 812539 301959 171490 765142 640604 680304 675910 465661 462978 220108 1000489 575864 422128 336741 561185 692596 472513 660073 748803 953766 698477 698338
527966 404404 913813 848752 98067 905723 527663 802686 676785 790023 467115 361791 999999999 837641 733949 345812 459417 207511 597525 499118 401183 529847 739774 279203 765550 750773 463349 746620 364726 602258 676781 364693 914289 837399 551333 450722 441025 442443 346433 457634 66917 501662 752018 643486 826076 238582 499814 725756 585429 550397 532056 624659 361180 184742 910485 316055 434467 81527 446679 953993 643914 82159 342323 346139 724920 355691 147393 758695 783493 444783 452291 245867 576963 416161 994216 944756 147215 507526 825848 492163 345604 433688 712404 980590 549340 300648 684753 156073 1009257 691232 600372 372236 321267 439398 196750 700434 852075 913252 605748 628616
409914 906161 481118 259662 758556 389048 643154 256474 341633 218662 581669 818419 837641 999999999 190904 722836 688937 733446 767140 1088360 662307 812569 164265 709593 501391 146917 680427 261594 838011 236847 698996 820134 91576 164612 716792 389769 958348 810849 492496 684796 828972 530876 520889 707179 137249 731378 532929 571028 359409 812673 369262 438820 927541 823268 775246 979422 1084044 766251 832871 130691 441397 809481 530477 754674 520945 561358 706454 118074 232999 1008392 410625 804196 932402 464838 645192 777845 777540 516373 16236 532351 649957 828073 190699 736394 365491 551537 486369 861073 182340 280223 442624 503583 607444 610985 692549 158463 193876 180846 291715 249237
241177 885939 629709 417102 669486 546945 672385 106675 150741 357468 405828 796243 733949 190904 999999999 559942 511043 595454 806114 1063672 654872 830939 273011 559028 608540 44315 690444 79877 672182 172489 764087 654000 279896 329434 748345 325938 940155 808436 393767 507155 739331 352463 622393 763087 300458 680263 354688 660710 182865 835945 212666 502741 895017 684748 886352 929490 1044548 655863 657334 248535 512593 722822 398930 731733 614607 413588 621602 74774 367867 984036 375989 655520 948459 325650 790905 895989 648047 538494 174859 549756 625257 653823 281915 867514 201665 433853 570082 789175 299718 368770 497122 460101 460111 438003 563720 222733 360531 179822 131562 105997
318820 716160 979675 839344 364638 937225 719368 588009 445313 770338 169571 649889 345812 722836 559942 999999999 116410 140630 830135 838120 612174 790143 692773 72186 867351 593459 678707 536666 115888 504427 870638 98603 813009 790570 771618 427666 761615 715776 320566 115518 398898 222560 863757 845951 769133 496055 220155 861680 377852 807371 354048 712494 685452 183938 1085552 657146 778398 279525 143604 807831 732435 399921 227069 608700 840628 172257 360685 613859 770425 776328 477998 124952 868437 267942 1102928 1112930 198797 635756 707489 629118 550171 132603 675046 1125747 360375 248605 790727 489446 859651 700033 690270 456192 135371 133639 177377 636106 815159 729698 434344 474443
280081 815919 999716 838753 468970 947138 786586 519707 378133 769075 107581 744612 459417 688937 511043 116410 999999999 252093 905454 946148 689095 874213 685718 180452 902411 549507 753906 473291 183741 492117 933657 166833 780481 778817 845019 453034 863456 805098 364710 4562 509374 158731 902057 912158 754677 589536 156561 907536 330296 890131 325584 749582 789238 299986 1138061 766894 889262 389167 146932 758544 768758 508415 264978 698402 880958 201836 457541 573822 771463 881684 513407 239142 960138 275074 1133926 1162761 313352 689095 672943 685331 628818 144915 672477 1168013 325199 304403 829913 598288 807441 712130 729148 511779 189272 83910 278289 626109 805910 668494 397687 441323
363925 578578 919310 806191 225966 889431 610895 645573 508793 739901 266994 515998 207511 733446 595454 140630 252093 999999999 711914 697502 495388 664129 671943 71704 791778 621411 562532 590555 194375 499780 764341 186734 819229 772165 655946 383131 622836 585778 264799 250217 258371 308443 784568 736664 754634 364695 306333 774043 425121 682391 383004 638235 545936 89996 987883 516578 638106 138916 262345 834880 658507 259363 202975 479347 759583 183364 228706 636164 737225 636186 416525 88125 735718 271529 1028373 1017815 64718 544814 719415 535039 432887 249423 649491 1038571 395998 191363 712031 348822 889128 655876 614574 370580 138461 236270 56528 621174 793038 773734 463962 496695
764148 282955 500951 592727 512791 555159 135218 911953 863518 579838 842729 256364 597525 767140 806114 830135 905454 711914 999999999 422959 217962 94617 603779 761759 346490 788670 151733 869984 906284 636753 121265 898184 790818 651544 62198 521104 306472 175348 554218 901539 534404 837857 320832 86819 662737 361119 837636 261184 784322 77103 726677 329991 341042 750457 336124 437573 468360 602336 969442 894325 331191 515774 648238 252028 300767 708899 488440 772917 565123 361661 453036 792369 186621 673248 492854 374266 689239 268265 766314 259124 280147 957029 576447 432128 746094 602393 305819 471378 938996 489712 324520 407186 716276 838235 659835 616612 642604 931486 742972 727355
929164 182285 918646 973576 478031 961962 483360 1158528 1065505 942984 929399 270367 499118 1088360 1063672 838120 946148 697502 422959 999999999 426995 332130 938898 767514 758656 1061685 422913 1106407 863401 895079 544168 863788 1135617 1011216 433295 737993 131945 289171 698235 943679 439927 949624 734211 509373 1014503 392150 948356 678168 972631 346388 911018 694944 170518 683255 735609 183221 85009 558595 945796 1218898 704513 438270 755213 334798 710770 796557 499122 1056008 930098 80158 690892 744985 254303 814029 914256 774338 643613 583020 1082690 564803 441303 932806 908542 842827 931532 701751 701805 348685 1270247 839565 679248 603612 778189 909022 668304 929929 1010473 1223601 960736 963771
569471 244801 551692 558072 308526 570342 126620 755972 684953 520651 630946 160299 401183 662307 654872 612174 689095 495388 217962 426995 999999999 192285 511999 543897 391325 646930 67144 707886 689681 482643 276785 681126 708743 587006 160563 339381 296179 153567 346780 685262 344446 630544 372609 245260 588762 164899 630104 334977 598516 204933 537912 283854 274410 539017 509567 347342 432191 392980 751656 792981 297892 323200 436079 102681 345337 495094 276643 637854 508598 347524 279685 577494 300000 468998 604788 543592 476529 161246 657219 142171 62517 739290 481606 580993 558252 387972 316438 304910 843789 415565 264047 208935 499826 624186 442532 503866 588572 804518 568986 562511
761070 188893 587055 659838 452456 634643 170649 934788 872625 639247 821053 173612 529847 812569 830939 790143 874213 664129 94617 332130 192285 999999999 652322 719638 428454 818150 141318 889239 857302 658811 214640 850749 844971 710238 104852 526325 212274 89710 538902 870553 464481 822296 403523 178563 718409 301773 821807 346394 788166 21409 728180 386088 247808 693359 428414 344839 374213 544747 925427 942064 391450 447718 626535 186723 381084 684212 436011 805456 625141 267941 462345 740118 119855 661260 586762 466879 634478 297716 810033 283619 247345 912693 623424 526441 748340 577060 377671 393441 989365 542367 375532 399911 685571 812648 615192 657229 704557 968715 754577 744316
412603 756790 357473 156071 651890 279482 482054 370898 403378 88489 579959 671081 739774 164265 273011 692773 685718 671943 603779 938898 511999 652322 999999999 663713 345700 235764 523699 352779 808070 193742 534940 791245 196746 100272 554677 293806 807620 656254 410696 681240 720393 537379 363091 542920 86339 600485 538952 410010 380892 651434 363246 274724 783044 758767 623226 842589 940838 676552 819851 290659 277145 699301 475402 608834 360584 521301 598711 208449 96370 859522 289794 752053 771929 424856 517931 629500 705280 359207 165574 376276 507599 812738 30534 596356 368721 480982 323487 739308 337043 116036 279427 379241 563481 602454 623447 60708 122473 338774 307774 265318
320545 643999 933534 805077 292750 896543 653878 599703 459519 737081 202098 577865 279203 709593 559028 72186 180452 71704 761759 767514 543897 719638 663713 999999999 814520 588651 610733 545935 156304 481933 806136 143437 797889 763125 703935 385402 689602 644368 271528 178530 329301 248049 809446 780404 743496 424274 245796 804018 381792 737129 347224 659724 613671 137378 1024419 587261 709204 209279 207853 803564 679873 329264 188552 537345 785515 148268 288690 606156 735877 704889 429045 96520 796618 245200 1050976 1052789 134550 576184 694854 568369 481612 195640 643637 1068699 357392 196614 736421 419024 856853 660147 636830 397544 102276 169216 105412 609574 786021 734382 429050 465594
673247 594193 162691 270806 667544 209093 284218 711772 716453 284776 810428 531438 765550 501391 608540 867351 902411 791778 346490 758656 391325 428454 345700 814520 999999999 576324 355948 685964 970817 473603 237611 957391 495476 351503 325396 449575 631977 476482 546858 897902 719079 783565 26000 262731 371726 547232 784355 87504 665405 417449 624381 154911 641822 860843 278226 728217 790220 732942 1009690 613011 134916 696573 643541 488483 48228 704916 621731 551354 269767 688760 390559 879900 533111 629028 236697 287890 797767 258118 506410 273483 430156 999469 329200 270590 638209 619396 81153 693756 647919 239772 177724 421301 733075 820886 735396 386582 332856 681329 601178 568093
275138 882291 590545 375765 682063 506120 656280 135617 194792 317986 443335 792653 750773 146917 44315 593459 549507 621411 788670 1061685 646930 818150 235764 588651 576324 999999999 678744 121096 706880 166659 740919 688763 236631 286702 732213 327509 936235 800269 406573 545523 752409 390779 591296 741821 257630 683081 392945 632076 219491 822086 241510 477814 894346 711186 854530 933192 1046060 674175 695179 214998 486345 735034 421667 727973 584926 441589 632765 30739 329043 981728 371031 684882 936670 350023 752623 862865 671732 522758 130801 535189 621180 691232 247556 831941 233177 452716 541962 797850 268276 337171 474022 458882 488266 474573 586822 189842 317821 165585 159800 124886
622962 245850 518510 550772 372743 547670 73457 793886 731743 520963 692939 175662 463349 680427 690444 678707 753906 562532 151733 422913 67144 141318 523699 610733 355948 678744 999999999 748023 756822 518116 213501 748236 719183 590129 93424 385581 291197 134306 405990 750013 404279 690187 334670 180346 595168 224985 689858 289807 648121 149477 588613 272142 287878 605466 447610 372279 441221 458822 818541 810781 282440 383751 498128 136372 308218 558175 342906 667035 507790 346477 321073 644530 258067 526836 556586 482607 543194 164525 676846 148077 129654 806206 493953 524297 608615 451370 287692 356152 859723 419021 256428 262168 564680 687478 509623 523238 588146 831641 613377 603035
226684 931782 709586 496510 690666 626576 735256 56066 95486 437325 373155 842437 746620 261594 79877 536666 473291 590555 869984 1106407 707886 889239 352779 545935 685964 121096 748023 999999999 644387 233392 834047 626182 346172 407790 810928 370911 986165 860896 419087 469786 758969 318371 699104 831169 378709 717678 320744 735620 165438 895535 214565 575126 936432 677746 963274 963945 1081999 666389 620145 292349 586024 744165 404941 778544 690369 407295 645805 151641 447743 1027524 428415 641898 1005119 330691 870705 973717 647559 601720 246199 611599 673282 618060 360947 946501 197752 446876 644797 816199 337264 446324 567951 506025 452338 407694 565565 301464 438908 195228 146963 145380
431754 761437 1088575 953595 411212 1049160 804049 693945 551032 884816 271573 704800 364726 838011 672182 115888 183741 194375 906284 863401 689681 857302 808070 156304 970817 706880 756822 644387 999999999 620266 957184 18225 928404 906141 850244 538236 802217 777338 426742 185733 427418 326343 965721 930154 884875 556468 323948 959704 489420 875853 468868 816007 723232 180152 1178278 680183 795857 318485 85749 920575 836147 434435 338257 671628 941725 286870 421293 728031 884550 809146 584572 120464 924746 383441 1207248 1207254 227179 731375 822576 723002 627168 73816 789888 1224459 474303 352317 892704 519413 971761 812159 793132 553335 246776 236696 247825 751708 930509 838827 548465 589221
220157 715959 530341 348313 526480 464313 502228 276154 244017 278917 386217 626283 602258 236847 172489 504427 492117 499780 636753 895079 482643 658811 193742 481933 473603 166659 518116 233392 620266 999999999 602414 603011 319775 287673 578032 162677 769992 636203 256170 487652 597106 344194 482980 598352 265049 517457 345706 512673 196188 664196 170192 347890 727698 589133 745624 767719 879714 529753 627708 352447 360859 578505 297379 561626 470583 335479 475433 164065 282966 815151 204781 574241 776072 237720 681538 759903 541585 368516 224209 378853 454874 621006 182945 742195 177520 315051 422221 636490 407669 243033 338266 292285 379937 409048 456864 134019 314019 330525 127901 96088
759031 400293 384581 499104 585250 446084 153664 870756 840767 496844 859757 361779 676781 698996 764087 870638 933657 764341 121265 544168 276785 214640 534940 806136 237611 740919 213501 834047 957184 602414 999999999 947199 711039 568019 132905 513340 426911 286939 571023 929474 617658 847183 211625 37336 583004 438487 847309 150112 769871 198246 716567 263913 456475 813884 234340 551539 588846 669190 1013187 821458 258299 597232 669751 342391 196297 732525 552486 721479 481652 482492 443749 849011 302866 681798 372136 270041 750791 251427 700409 250968 336733 1001332 510520 318530 734558 629859 215646 565509 862333 418911 267064 422220 747279 860316 709494 558126 554934 871568 719427 697224
413629 758459 1073870 937253 407081 1033608 794311 675789 532868 868379 253417 700143 364693 820134 654000 98603 166833 186734 898184 863788 681126 850749 791245 143437 957391 688763 748236 626182 18225 603011 947199 999999999 910588 889146 841653 522952 800060 771661 412388 168669 426238 308176 952626 920594 867736 550601 305780 947448 471225 869086 450945 802518 721418 181141 1167179 680650 797393 314936 82142 902406 822622 432340 322657 665570 928811 270264 414950 709985 868253 808259 570277 118916 920116 366475 1193678 1195840 224101 719487 804678 711449 618614 69296 773290 1212136 456254 338331 879582 518375 953565 796520 779777 540977 230959 218495 238652 734688 913656 820606 530428 571274
501286 953530 445731 230590 831703 349295 674324 333060 430356 214329 673178 867765 914289 91576 279896 813009 780481 819229 790818 1135617 708743 844971 196746 797889 495476 236631 719183 346172 928404 319775 711039 910588 999999999 144248 745054 463733 1004277 852302 572079 776333 901596 622451 517738 723785 128346 792739 624503 573141 450974 842853 460008 461227 979483 908759 759167 1037363 1137159 845278 924262 122234 459786 881386 616424 805346 522598 649857 778965 208848 229578 1056265 475273 891834 964022 552737 607643 757224 861222 554955 107671 572355 703370 919374 227177 707789 456735 634458 495411 927798 152496 302658 469627 567478 695624 702331 776604 217037 163960 223657 383116 340337
501951 830295 316566 95083 748064 224789 540034 413470 472969 71736 672109 747280 837399 164612 329434 790570 778817 772165 651544 1011216 587006 710238 100272 763125 351503 286702 590129 407790 906141 287673 568019 889146 144248 999999999 608400 393665 879307 724320 510873 774390 815815 627225 373555 581995 29130 688562 628932 428947 464379 706757 453917 324243 860922 859039 618348 925709 1018913 775527 915381 262153 320630 794398 575042 686975 378419 619709 694891 256178 86659 932880 385679 852001 828239 522701 480625 618404 805455 428216 174930 446572 589700 908653 125254 573596 457164 581248 352435 830483 296727 171685 335440 472560 662469 696219 723713 154479 31119 343074 391010 346910
702077 274629 485653 555662 463143 530351 75981 853782 802626 537060 781100 229241 551333 716792 748345 771618 845019 655946 62198 433295 160563 104852 554677 703935 325396 732213 93424 810928 850244 578032 132905 841653 745054 608400 999999999 459418 307963 157852 492314 841066 490156 775802 300923 96185 617709 312970 775594 245814 722750 98502 664865 284301 327992 697956 365251 421363 468336 550719 911771 845238 288354 470486 586785 210952 277618 647720 435370 717422 522733 364675 391656 737754 219968 611109 498128 401861 635963 209853 715179 199345 223077 899466 526499 451225 684354 541465 272819 433965 891290 442552 275712 345040 655993 777036 603030 563869 601666 877858 682347 667661
245895 561446 552272 423061 368888 511211 386970 421407 346319 357038 361840 471912 450722 389769 325938 427666 453034 383131 521104 737993 339381 526325 293806 385402 449575 327509 385581 370911 538236 162677 513340 522952 463733 393665 459418 999999999 615796 491235 118530 448512 439232 339663 450144 500507 379173 355589 340137 460688 263410 535007 205750 298070 569093 467630 695411 605687 719098 383923 566528 511939 316740 419722 200614 407800 430157 258646 316686 326715 354106 658531 69644 466892 638920 179750 681184 717043 412328 262394 379121 265909 302376 557212 268976 716854 225006 192274 378853 474394 566857 274801 278998 135204 292432 371313 332085 250171 412346 492550 229651 226428
818699 54385 793258 841963 397062 833085 353219 1037196 950328 811038 835183 143939 441025 958348 940155 761615 863456 622836 306472 131945 296179 212274 807620 689602 631977 936235 291197 986165 802217 769992 426911 800060 1004277 879307 307963 615796 999999999 158082 586418 860567 375675 850182 608061 390678 882752 283977 849119 553777 858669 229592 796839 563324 80117 624136 633902 160908 161939 486070 880734 1088990 573208 367800 652353 208437 583849 699055 406742 929378 798160 56787 565248 681820 169747 705894 799036 672712 576037 451138 953029 432980 315120 867643 777320 736108 817479 598813 572440 285054 1139949 707672 547409 480650 686151 818114 586070 799886 878533 1096798 841853 842210
714462 117882 638617 684472 368748 675598 195362 909350 835290 655262 759111 83902 442443 810849 808436 715776 805098 585778 175348 289171 153567 89710 656254 644368 476482 800269 134306 860896 777338 636203 286939 771661 852302 724320 157852 491235 158082 999999999 485711 801633 376532 764984 453174 249614 728987 221102 764292 401155 747137 111060 685885 405880 170197 609839 511307 264599 313745 461745 848009 941470 415348 360508 566650 107096 428256 621318 357099 790720 642096 214272 433052 658859 156359 608604 655846 549284 552407 297388 806557 279992 192860 835136 626261 604557 706419 515126 414824 303829 991220 553047 390657 358157 618259 747906 539137 652841 722450 956976 720815 715569
232303 532768 662029 541468 275849 626501 428052 474109 368101 475567 289718 446879 346433 492496 393767 320566 364710 264799 554218 698235 346780 538902 410696 271528 546858 406573 405990 419087 426742 256170 571023 412388 572079 510873 492314 118530 586418 485711 999999999 360391 345978 284205 543744 551551 495196 306087 283868 544646 274650 551631 213369 392070 527853 349150 773559 546630 666769 273760 462898 607560 411951 329100 99757 387466 521118 162893 228038 412882 472578 621599 157891 349370 640903 122946 782371 798823 294585 324429 480242 321183 293965 452614 386768 807336 233708 75251 470811 397338 662824 391535 370100 149247 186364 289343 213592 363707 530332 570954 272496 287794
275824 812921 995154 834244 466346 942588 782504 516394 374687 764565 103327 741381 457634 684796 507155 115518 4562 250217 901539 943679 685262 870553 681240 178530 897902 545523 750013 469786 185733 487652 929474 168669 776333 774390 841066 448512 860567 801633 360391 999999999 507210 154770 897571 908038 750274 586294 152586 903115 326258 886428 321219 745096 786481 299319 1133701 764600 887063 386984 150577 754745 764265 506073 260672 694976 876488 197535 454514 569765 766941 879018 508940 238842 956742 270520 1129388 1158368 311783 684791 668810 681070 625049 148307 667968 1163545 320927 300325 825438 595946 803726 707570 724678 507554 185438 79362 275657 621648 801463 665003 393489 437090
547555 337925 871168 820092 70627 868948 470986 814819 695315 764378 506030 295302 66917 828972 739331 398898 509374 258371 534404 439927 344446 464481 720393 329301 719079 752409 404279 758969 427418 597106 617658 426238 901596 815815 490156 439232 375675 376532 345978 507210 999999999 535614 704142 583581 806605 179720 533949 674434 602182 485196 545571 583445 296172 248522 851882 258258 379916 120235 507753 949445 602087 22664 360799 282429 676831 384630 122660 757670 756770 382038 430627 307420 510047 432154 944069 886799 203885 462476 818111 446017 292372 494690 691925 925395 564081 313294 639000 92157 1004609 662688 559452 344188 355912 481072 235691 685415 828376 916932 614690 633345
125273 798507 866197 692496 479113 806595 709567 367621 224691 623106 54806 717614 501662 530876 352463 222560 158731 308443 837857 949624 630544 822296 537379 248049 783565 390779 690187 318371 326343 344194 847183 308176 622451 627225 775802 339663 850182 764984 284205 154770 535614 999999999 786514 830595 602061 566459 2411 800093 171716 835477 174138 635850 783144 385420 1035065 780430 904394 421459 304892 600341 653757 527939 198999 662602 767910 153386 450846 415257 626873 877884 407131 338385 921154 165599 1008503 1056364 372379 596217 514820 596331 575832 301630 526945 1053269 170201 251986 716612 614344 649807 576202 617875 430973 180545 89978 304940 476942 655298 513300 240608 284746
678358 570998 185443 294791 654168 235027 262274 726449 726603 305719 811812 509785 752018 520889 622393 863757 902057 784568 320832 734211 372609 403523 363091 809446 26000 591296 334670 699104 965721 482980 211625 952626 517738 373555 300923 450144 608061 453174 543744 897571 704142 786514 999999999 236825 392953 530635 787229 61531 672806 392214 630016 152484 619392 851867 264197 706691 766819 721724 1006566 634393 133417 681728 641408 468347 27414 703311 609340 567003 290579 664847 388948 872671 507446 629888 244757 276923 788544 245764 525379 260073 413732 996138 345135 266875 644445 615323 73060 676255 670234 254128 173666 414061 730108 821169 728083 401467 355836 700215 610010 578173
746371 363244 414747 517293 553021 471823 126588 869698 833662 510390 841081 324632 643486 707179 763087 845951 912158 736664 86819 509373 245260 178563 542920 780404 262731 741821 180346 831169 930154 598352 37336 920594 723785 581995 96185 500507 390678 249614 551551 908038 583581 830595 236825 999999999 595455 404940 830624 176149 760034 163002 705272 268815 419222 783886 269472 514213 552564 638236 987915 831669 265963 563421 649404 306579 218603 711806 521800 723620 495348 446498 430908 820533 271879 665000 408636 305804 721089 238312 707750 235159 306330 975912 517285 355738 723743 607835 230614 529725 874073 427130 268575 402313 724700 840290 682329 562296 570634 877030 712273 692111
476827 832970 344058 122840 738190 253226 547824 384439 444553 87338 647687 748759 826076 137249 300458 769133 754677 754634 662737 1014503 588762 718409 86339 743496 371726 257630 595168 378709 884875 265049 583004 867736 128346 29130 617709 379173 882752 728987 495196 750274 806605 602061 392953 595455 999999999 684261 603808 446798 437881 715755 429321 333534 861776 842157 641546 924161 1019776 762482 892324 241445 331596 785457 555961 687554 396240 598983 685007 227084 102578 935696 375978 833376 837092 501593 508130 642643 789607 431853 146835 449806 588363 885821 114900 599496 431873 564301 367460 824385 279429 176435 342883 464846 642335 672439 707138 133946 60222 316982 364652 320389
537388 232058 703633 677766 151915 710737 291319 770956 673578 629384 553229 155096 238582 731378 680263 496055 589536 364695 361119 392150 164899 301773 600485 424274 547232 683081 224985 717678 556468 517457 438487 550601 792739 688562 312970 355589 283977 221102 306087 586294 179720 566459 530635 404940 684261 999999999 565435 497453 580532 321049 518979 421261 221794 391884 672514 250271 364609 243204 626974 859056 438497 158841 368383 115274 503223 416200 136089 681317 619637 315846 320921 438552 372384 423093 767495 707226 332709 296135 723081 278159 117088 614085 570354 745881 539461 314862 468743 148753 912899 523919 398293 228126 406451 538101 318875 576961 696274 847910 571112 577476
126992 797488 867362 694015 477601 807948 709480 370020 227088 624608 52423 716709 499814 532929 354688 220155 156561 306333 837636 948356 630104 821807 538952 245796 784355 392945 689858 320744 323948 345706 847309 305780 624503 628932 775594 340137 849119 764292 283868 152586 533949 2411 787229 830624 603808 565435 999999999 800632 173825 835037 175706 636489 781966 383171 1035548 779000 902971 419662 302654 602601 654430 526346 198155 661809 768565 152010 449523 417371 628330 876698 407494 336046 920482 165628 1009479 1056919 370304 596395 516879 596432 575274 299357 528417 1054003 171973 251059 717262 612831 652098 577387 618453 430818 178753 87569 303081 478535 656970 515660 242554 286663
697359 518958 240680 353657 628757 296197 216361 766135 756565 359502 821675 462510 725756 571028 660710 861680 907536 774043 261184 678168 334977 346394 410010 804018 87504 632076 289807 735620 959704 512673 150112 947448 573141 428947 245814 460688 553777 401155 544646 903115 674434 800093 61531 176149 446798 497453 800632 999999999 696957 334044 650465 167011 569486 836727 235954 659166 713835 701498 1005173 687926 152068 652358 643894 425709 50565 706674 586733 609278 344238 610487 395346 861761 447586 639460 270055 256361 773031 229250 574472 240086 382091 994278 389458 264782 666154 613353 90859 639869 725513 296809 182572 406474 730100 828431 717564 443216 412891 748677 637642 608692
61405 804608 726322 536910 535683 657814 649815 220693 94019 468917 223847 717066 585429 359409 182865 377852 330296 425121 784322 972631 598516 788166 380892 381792 665405 219491 648121 165438 489420 196188 769871 471225 450974 464379 722750 263410 858669 747137 274650 326258 602182 171716 672806 760034 437881 580532 173825 696957 999999999 797590 61833 529998 802156 512491 932344 820049 941006 504498 475698 431393 545289 588835 243158 655338 658143 241864 494088 243547 474756 895538 331400 478117 898433 170106 877517 949004 482335 522051 343307 527458 554690 471756 375438 935397 41192 288928 608148 665385 482341 439041 516449 389713 286961 255329 400913 320347 493669 353085 73460 117497
771836 208689 574636 653912 472143 624760 169525 940338 881062 635477 835321 194958 550397 812673 835945 807371 890131 682391 77103 346388 204933 21409 651434 737129 417449 822086 149477 895535 875853 664196 198246 869086 842853 706757 98502 535007 229592 111060 551631 886428 485196 835477 392214 163002 715755 321049 835037 334044 797590 999999999 737999 382558 268066 712858 408353 365231 391398 564197 943323 941698 386851 468247 640582 206335 370550 698860 454642 808669 621183 284590 469984 759038 121497 673592 569953 446906 653649 300021 810562 286906 262013 930629 622884 507464 758037 591664 369780 414695 988354 540218 373248 410672 701237 827582 632957 658316 700165 970971 762360 750946
50432 742776 696369 518413 478090 633741 592713 270631 154733 449088 218384 655253 532056 369262 212666 354048 325584 383004 726677 911018 537912 728180 363246 347224 624381 241510 588613 214565 468868 170192 716567 450945 460008 453917 664865 205750 796839 685885 213369 321219 545571 174138 630016 705272 429321 518979 175706 650465 61833 737999 999999999 483622 740523 472136 886386 759484 880060 451885 465916 456499 499936 531460 190691 593599 613808 200949 435125 260218 453102 833817 274814 443562 837666 116347 842926 904642 436863 466963 353751 471360 493291 460387 353100 894966 20657 232664 563122 606330 509637 406550 468494 328985 247522 244307 353379 302846 481618 390811 81830 120398
530830 517373 289322 278642 526805 289711 216361 609194 591145 253159 659900 440618 624659 438820 502741 712494 749582 638235 329991 694944 283854 386088 274724 659724 154911 477814 272142 575126 816007 347890 263913 802518 461227 324243 284301 298070 563324 405880 392070 745096 583445 635850 152484 268815 333534 421261 636489 167011 529998 382558 483622 999999999 555189 709297 402799 631196 711318 585886 854958 564747 20272 560781 489206 386493 132159 550942 478334 457757 239101 618565 236513 726307 504022 477796 391262 421492 646693 125898 439050 144698 306660 844677 248551 418834 499181 464485 80830 570012 609009 159790 24389 268595 578367 668804 582006 294285 318814 608426 471483 443958
759101 60752 804480 831806 320952 835459 357718 988849 894990 795012 765446 114649 361180 927541 895017 685452 789238 545936 341042 170518 274410 247808 783044 613671 641822 894346 287878 936432 723232 727698 456475 721418 979483 860922 327992 569093 80117 170197 527853 786481 296172 783144 619392 419222 861776 221794 781966 569486 802156 268066 740523 555189 999999999 544694 676221 97291 158015 408289 802385 1057568 567469 289106 587083 174268 593696 630747 334973 889773 783005 94787 524553 602938 237618 644374 826043 714664 497610 435361 921037 416392 277598 789296 752521 772857 761045 533501 575537 205129 1109851 689733 536777 435522 615167 746874 511140 769614 862946 1057333 790526 794301
451118 585076 994260 890039 241135 968935 660435 732353 593906 824631 338879 533651 184742 823268 684748 183938 299986 89996 750457 683255 539017 693359 758767 137378 860843 711186 605466 677746 180152 589133 813884 181141 908759 859039 697956 467630 624136 609839 349150 299319 248522 385420 851867 783886 842157 391884 383171 836727 512491 712858 472136 709297 544694 999999999 1042437 500040 616261 148680 263278 924813 729512 257276 292809 506638 826109 271617 262598 726119 821355 629465 495767 64411 752670 361438 1096550 1074003 63756 608223 809292 596641 477558 250427 735595 1099785 484598 277870 780200 340107 979014 737717 685223 440776 225662 305088 135560 709064 879211 862586 553362 586539
933308 617040 331590 528657 817918 424707 383831 989936 989597 556673 1055106 590709 910485 775246 886352 1085552 1138061 987883 336124 735609 509567 428414 623226 1024419 278226 854530 447610 963274 1178278 745624 234340 1167179 759167 618348 365251 695411 633902 511307 773559 1133701 851882 1035065 264197 269472 641546 672514 1035548 235954 932344 408353 886386 402799 676221 1042437 999999999 773173 793177 899846 1229079 879963 387059 831334 873295 576029 275049 936394 783024 829552 542247 685902 628852 1074134 481404 873206 220966 38845 978912 450256 781380 456446 567887 1217716 607398 114302 901969 839149 324270 799154 909723 517688 418402 629761 956842 1060388 932068 664747 595375 955985 871781 841271
771985 157736 890787 903788 302493 916420 444455 1018018 913962 862376 756354 196930 316055 979422 929490 657146 766894 516578 437573 183221 347342 344839 842589 587261 728217 933192 372279 963945 680183 767719 551539 680650 1037363 925709 421363 605687 160908 264599 546630 764600 258258 780430 706691 514213 924161 250271 779000 659166 820049 365231 759484 631196 97291 500040 773173 999999999 124010 377982 762691 1107946 645023 258613 591253 244737 680413 627093 331101 931587 851214 139618 569995 561898 329114 655246 919253 811550 461267 507620 971648 488449 336011 749714 812131 868845 779550 538742 658673 168825 1161421 756369 611194 477677 604832 733979 490449 823410 930206 1098138 816994 825832
