NAME : synthetic_000138
TYPE : CTSP-D
DIMENSION : 100
GROUPS : 8
RELAXATION_LEVEL : 1
EDGE_WEIGHT_TYPE : EXPLICIT
EDGE_WEIGHT_FORMAT : FULL_MATRIX
EDGE_WEIGHT_SECTION
999999999 848909 781290 568525 589138 1077606 515260 578658 1256578 1180287 817672 758656 920610 343522 485914 962964 533080 775596 725322 335631 737859 635622 868179 921024 114404 112874 535873 930150 1137371 1122305 726362 271857 323183 375911 802475 871688 709944 719403 594512 705322 891385 438583 652457 1192967 855651 72604 587425 780603 377788 1014879 915054 279518 633407 772454 675772 1019475 453999 632245 98202 1006523 662732 537364 754177 1153308 897968 715762 664707 365371 487852 663220 653671 273655 797288 951859 879164 856371 973863 120300 436382 469327 231940 646950 716068 184636 874525 41819 573591 658194 818058 829326 1009556 448256 750191 1175067 553556 744078 911888 722426 197170 380224
848909 999999999 822910 651796 370658 622348 406779 821280 652394 576960 227826 107022 524685 703188 917481 730282 615597 710571 126756 540911 851716 893258 746264 165778 752125 745890 325609 904157 487021 588457 976810 862865 673766 483158 224354 390660 921876 494868 298608 143588 866745 488269 813899 557638 994643 916160 788374 68440 659675 417647 69804 570350 303795 127418 714410 732727 402968 347786 908810 323646 202070 327167 246159 577229 270452 444156 711775 613577 408036 847232 631184 591550 53265 374428 174387 537479 451102 810278 730317 634910 733018 242685 277740 664292 680564 836393 275347 255830 92188 664621 701350 762914 121226 647991 322284 665766 380758 869402 651743 626367
781290 822910 999999999 244418 910824 498566 510844 217407 723005 678084 611511 822792 409913 441851 374415 272504 295151 119977 783309 788533 68691 206392 155254 740778 685024 775627 625997 148992 701953 586248 213458 542406 472079 745260 972464 494504 164446 328860 832972 750970 110686 494225 136546 715407 172575 792784 197271 789982 420080 606526 880121 706766 890674 865306 130124 337828 741151 493040 744374 686240 797612 618091 953886 639042 624205 379211 138840 458555 543392 142705 205576 614652 805820 578191 977742 344573 530045 662022 345096 340399 552157 835408 948373 706436 221706 809711 702217 867552 732910 199615 350122 334508 712579 607136 799355 158548 535351 99873 706356 434227
568525 651796 244418 999999999 677866 547977 283800 170577 757224 692303 475376 628005 405097 226829 300260 396454 51293 207825 586051 544115 234377 241638 300143 611798 462685 545557 401359 386561 682133 614219 330290 373985 246154 501587 766317 420643 278546 221137 605897 553131 344020 252648 170415 718501 385760 593645 136593 605745 191415 564372 716725 463181 664733 667647 117107 455953 502086 304033 551152 609335 585053 394043 741054 657633 518924 253065 106942 219505 310897 202289 89504 372991 623442 514762 787053 330522 498816 455049 154592 101844 337074 616318 729657 469682 309227 591357 480705 647387 569955 264092 450187 168305 532392 655824 568852 176122 467596 239920 468290 197166
589138 370658 910824 677866 999999999 901428 400090 816593 988079 908211 497395 264256 764169 602447 846878 927235 627628 827199 259850 254681 911778 895735 895911 517129 525863 476283 287912 1033437 828381 895456 995049 711098 561232 233274 226187 645263 949299 636110 92113 267937 990713 429366 845228 898263 1063483 661720 795641 314925 578906 732857 414581 333740 67309 248852 781802 953466 185676 448925 673257 663559 184335 296096 175865 898996 576177 594064 774378 522621 368009 874690 706517 409720 321848 674709 316688 741662 737973 599079 675401 608335 572671 132961 133154 424119 852338 562986 221181 114829 401868 819639 927484 708841 345698 957133 112771 778985 659415 917498 411578 546283
1077606 622348 498566 547977 901428 999999999 594875 661786 224481 186789 412640 687099 158020 759992 824596 238645 563661 399138 665981 919175 564173 688012 344805 467447 963713 1021824 651895 468489 242567 93203 712023 920498 764799 855584 839811 256209 661666 358246 809338 645248 455028 650553 596270 229483 636148 1117497 626009 633550 714335 216934 645631 878612 849877 727576 492709 188493 804651 487668 1081697 327104 725413 644785 848103 147789 352024 366219 500526 713877 632960 619647 460450 823241 639704 248122 795683 222688 171534 977852 702358 627152 859619 777809 866049 931299 278464 1090193 690138 806996 540521 311457 161448 715105 571182 110654 799516 395556 246752 595084 924323 702627
515260 406779 510844 283800 400090 594875 999999999 439349 750379 671862 307056 359041 438406 297554 514188 553782 236341 429678 316440 328746 514757 516949 504272 425185 403012 439154 117566 634930 623212 623385 611444 463097 271393 268790 486422 363129 561482 260821 323333 284501 591957 86341 454060 681046 666550 570270 412214 348815 252994 501640 476182 284242 381808 394934 382291 592389 239287 117531 548532 492412 303765 110259 458519 648042 384091 233333 375247 209288 39676 485408 306481 242895 367472 437975 517080 390634 467423 442260 326892 236495 343767 332679 445922 346773 470989 518043 197017 363609 343172 433145 571929 360422 286841 680521 288539 381995 400071 523058 337875 220047
578658 821280 217407 170577 816593 661786 439349 999999999 881943 824538 644852 792943 537331 256961 165142 464754 206863 267627 750595 646199 162151 79144 348135 781279 492245 588977 554837 360606 827008 739285 179483 327466 295391 616209 925758 577128 141420 378449 752778 717817 326536 388310 80876 855523 281782 582909 37953 773453 253628 714693 886748 555017 811843 831335 169224 530419 633504 473596 532884 769964 743098 548202 897177 787501 684460 417082 162071 305611 459801 84639 223053 457476 791399 670473 952114 462336 644108 458358 157972 208626 358362 769820 882033 532476 390944 610569 634738 799674 740315 351934 534720 134439 701260 772379 712627 266459 623534 143908 535185 279825
1256578 652394 723005 757224 988079 224481 750379 881943 999999999 80841 495140 741171 352254 957279 1042909 459187 766079 622454 732248 1056329 788636 911342 568903 486773 1142220 1188888 779930 684911 165643 143288 936454 1123949 956538 990738 876433 387269 886132 549707 898896 720311 675282 819252 818872 95950 857026 1302925 845459 685602 909458 258982 651713 1031631 928063 774919 712766 401981 928180 634149 1271371 329640 804024 774120 896998 103317 412643 543079 719958 900785 784748 843082 672823 990667 685643 321961 811385 426755 283336 1165303 909612 827065 1049787 856395 924168 1096654 502802 1264357 798623 881009 591454 534404 379926 925524 642459 117747 899760 615607 352330 819519 1088094 893207
1180287 576960 678084 692303 908211 186789 671862 824538 80841 999999999 414439 663347 288396 886366 983008 425011 697956 571463 653258 975858 741603 858880 526992 411194 1066035 1110791 699365 655238 96157 93805 890949 1054830 883916 910234 801298 309200 838841 479773 818740 640633 640962 742239 765246 45381 821472 1227902 787429 607726 838020 178141 580065 952213 848661 697984 656140 374681 847394 555187 1197430 253324 724333 693611 820348 39347 332336 469501 662606 827077 705725 791133 610300 912971 608427 241215 739174 363797 206495 1091000 842894 757632 976450 776822 846556 1018473 456378 1187208 717801 801824 513147 483483 348235 860383 562769 108313 819165 559747 272650 771937 1009726 820491
817672 227826 611511 475376 497395 412640 307056 644852 495140 414439 999999999 275527 299058 587815 766047 502461 450598 494877 253386 570985 648106 709613 522310 136442 707512 732142 296364 681326 343489 398325 783404 759918 569385 505367 431170 165557 727115 284156 406489 233935 645432 391802 622650 410221 784078 875578 608837 223655 539028 236882 273867 561886 441366 317202 514877 506415 437200 199341 855381 191547 316088 292035 436129 402448 85449 235771 514262 506520 330191 655774 434545 544066 232364 177329 400275 309900 243445 749282 586333 487704 648916 368926 453422 640928 454412 816408 304217 396697 136761 441309 475524 615145 158597 459995 404855 452964 165970 669233 630355 510674
758656 107022 822792 628005 264256 687099 359041 792943 741171 663347 275527 999999999 571710 645684 872619 765406 586257 717412 42612 441261 843393 868416 765059 258168 667152 652530 258068 918790 577477 664387 957953 796399 612414 386675 158135 439978 904879 503177 192144 75138 879066 432168 796044 648165 991310 827666 762789 55626 605936 495069 161102 479140 197839 43774 705328 776556 306524 330890 824137 411878 98751 261863 161045 659425 339621 453175 701111 555521 350616 828896 622177 511529 58052 444012 159187 570978 516316 729427 685637 595038 661896 135746 183276 574892 705718 743400 191987 149550 150662 683490 746696 719324 120785 725369 218591 670315 440511 857728 562066 571609
920610 524685 409913 405097 764169 158020 438406 537331 352254 288396 299058 571710 999999999 608143 694708 214566 414534 294463 544618 764694 467841 575869 274193 390881 806538 863816 502248 427376 294207 209667 617603 772612 610534 701888 728975 134040 563173 202181 672338 519912 400765 492553 481520 318192 569944 961841 499947 521802 561341 198413 561815 721493 717298 614411 370106 208116 654614 334729 927219 290919 595533 494801 730306 252787 264573 208258 375938 557974 476948 509207 321960 665221 531279 183584 698501 75409 121508 822569 557397 476488 704989 646580 742981 773284 197649 932605 547307 677312 435320 210329 176684 573398 451498 256181 658100 275395 152767 496709 766337 547805
343522 703188 441851 226829 602447 759992 297554 256961 957279 886366 587815 645684 608143 999999999 244487 623205 197828 432527 603867 400368 405255 328616 525127 715726 243191 335327 387838 590736 860465 816777 429091 173404 42375 381404 751960 589288 397827 407604 555330 573807 550764 215105 320333 906579 538214 366881 255502 642761 49644 737679 772849 305923 612246 676622 332292 682019 417189 388741 325386 757218 573099 383825 714788 854863 653623 418708 321229 90202 296298 337507 314515 208582 661457 679645 798746 537593 682904 228310 100054 133281 111662 586061 690920 275538 535626 369139 461112 611598 640407 490398 674796 123871 584097 864002 511353 402949 634514 394816 278503 78028
485914 917481 374415 300260 846878 824596 514188 165142 1042909 983008 766047 872619 694708 244487 999999999 629709 315870 432693 830104 638414 310940 176311 512580 901292 424944 525663 618839 507890 979618 899807 247809 214359 286134 624625 989330 720834 246762 521078 797584 798492 478780 442655 241657 1012159 388427 472317 198996 862360 272012 863576 985805 542878 855141 906853 332272 695456 661482 578014 419499 909128 807930 613684 954387 946700 816272 552688 324125 327357 523224 231961 373746 448198 880935 814948 1029403 619309 796053 370749 187429 283207 304613 825260 932495 492847 555872 523588 695871 852085 844493 516232 699835 154573 796297 934987 754099 429136 767772 284666 499356 306380
962964 730282 272504 396454 927235 238645 553782 464754 459187 425011 502461 765406 214566 623205 629709 999999999 429992 199889 733704 878095 340847 474436 118784 604324 854160 929529 645727 230877 468542 331206 483295 762722 639794 821342 923512 343369 436763 294631 838029 705689 216525 579924 389649 466552 398031 990076 433373 719364 585291 400767 772104 816075 888874 809011 305675 66071 790396 478618 947407 502016 773798 637601 918926 385764 477899 333305 315854 602443 593196 406927 309370 740542 730875 396901 902061 194493 327166 851208 544680 493677 732671 821720 926065 845941 88846 983450 706054 853790 638933 133768 79505 548097 644823 341602 815995 220578 367200 372162 841941 584359
533080 615597 295151 51293 627628 563661 236341 206863 766079 697956 450598 586257 414534 197828 315870 429992 999999999 249929 543980 493576 285356 282395 340856 586335 424384 503315 353601 435717 680699 624120 375223 358078 210073 450424 721342 413478 325225 219002 556862 511156 392907 201440 218458 721410 436465 562861 176902 566726 155979 560295 681850 413893 615817 624991 166558 486645 451039 268786 522878 596347 539303 346485 694702 664779 500992 241619 156852 175250 261593 249281 121294 325404 584736 507034 745443 342149 498933 423092 146477 64756 303951 568961 682088 424633 341457 553624 433305 599707 536623 296281 477997 169406 495115 669147 519197 212946 460233 289871 422550 155104
775596 710571 119977 207825 827199 399138 429678 267627 622454 571463 494877 717412 294463 432527 432693 199889 249929 999999999 679303 732420 173415 288929 92603 622354 670494 752641 539395 206531 588357 481979 323144 564260 453896 682590 870352 374527 268991 215990 744768 647607 164369 430717 197495 606536 290786 797856 234619 681443 399193 488931 765735 658981 800933 760576 106001 264479 667380 392387 753389 566530 700372 531246 855188 533037 504651 266764 116429 425032 465854 220630 132232 574033 696569 458717 869664 226198 412947 660613 348123 309273 543746 741487 853087 674531 123526 799065 611810 773959 619583 88160 267181 349302 603764 509613 714550 48411 415537 202334 672281 403930
725322 126756 783309 586051 259850 665981 316440 750595 732248 653258 253386 42612 544618 603867 830104 733704 543980 679303 999999999 414163 802744 826224 729251 257394 631413 620821 216673 881779 570523 648508 916137 755885 570995 356837 191907 414907 863253 466144 178246 32933 841663 390003 754421 640844 951163 793536 720606 59897 563769 481204 189928 446036 196630 82236 664769 747414 276558 290623 788412 405067 78722 220175 185950 646891 324225 416611 660361 513676 308415 787205 581783 473845 73545 426981 201543 539691 496570 692285 643080 552429 622138 126957 200086 540981 671583 711531 154094 148939 142277 647942 718148 676749 94800 709923 197042 631912 419356 816672 528276 529491
335631 540911 788533 544115 254681 919175 328746 646199 1056329 975858 570985 441261 764694 400368 638414 878095 493576 732420 414163 999999999 771824 722796 816186 644573 273590 223195 276678 928314 913170 938924 824245 474397 358188 65749 467696 675190 786779 588431 262748 401219 885237 302109 693656 977642 918005 408040 634442 473207 392844 798863 602007 95567 298056 447949 660014 919767 140014 431650 418590 760961 342588 282264 418942 956949 656396 561920 650421 341083 289246 718075 600732 191788 487703 734951 547553 719342 778956 348099 490835 452251 341643 318003 380453 172195 792661 312152 277518 325478 530739 752012 900167 520769 462018 998285 225297 687942 704859 769718 160322 366955
737859 851716 68691 234377 911778 564173 514757 162151 788636 741603 648106 843393 467841 405255 310940 340847 285356 173415 802744 771824 999999999 139060 222943 780533 646676 740573 631926 199190 761542 650560 149942 489587 439207 733094 988932 542656 97499 364023 838036 769994 167885 486720 85529 777932 151836 744533 150812 814251 390172 661960 911630 685956 896565 884980 138122 406337 736394 512561 694816 736537 810531 624315 967168 702772 668113 412670 142464 434307 544087 80034 221517 591002 830826 629681 1000561 399140 586202 617742 305731 319578 512673 845156 958602 676743 286009 768352 710208 876800 763553 259273 418000 289769 737679 673390 802042 201448 585405 31324 677833 408947
635622 893258 206392 241638 895735 688012 516949 79144 911342 858880 709613 868416 575869 328616 176311 474436 282395 288929 826224 722796 139060 999999999 355653 845659 556318 654969 632979 332315 869214 770441 101460 373025 368672 694261 1003140 629663 74546 434907 831712 793364 305138 467385 94474 892489 220391 632904 105629 847271 329965 761507 957754 630697 890788 907361 208019 540438 712557 545586 581281 824176 820679 626239 975213 820829 743784 477364 204401 383124 538292 68414 278058 532918 865020 721496 1027590 502577 688405 515885 232318 287717 423910 848169 960577 603449 410643 669745 712903 878186 810486 376939 549397 204753 774023 798399 791686 300477 675172 110277 606921 357468
868179 746264 155254 300143 895911 344805 504272 348135 568903 526992 522310 765059 274193 525127 512580 118784 340856 92603 729251 816186 222943 355653 999999999 640506 762809 844108 608530 159511 557941 434162 368080 654618 546291 764037 921157 381071 319658 264646 810533 698764 127554 514107 271629 565862 297960 890275 318256 724577 491558 472390 796167 745813 865003 808747 196414 184809 743506 451391 845547 562576 758165 600308 910148 487725 516924 312910 207228 516103 542033 288187 220825 663073 738328 453840 911929 221907 395578 753183 439929 401277 636343 802243 911674 764885 76543 891490 677001 834764 654134 81831 195057 439701 647373 452491 783194 129513 415654 254257 762258 495511
921024 165778 740778 611798 517129 467447 425185 781279 486773 411194 136442 258168 390881 715726 901292 604324 586335 622354 257394 644573 780533 845659 640506 999999999 814785 827696 385982 799967 321614 425986 918036 885980 694299 581077 390104 262136 861613 416880 434351 254737 766402 511497 758015 392321 912949 982886 745211 203708 667757 255912 178211 652618 452860 289012 649072 596672 505012 328117 967108 157908 334941 383943 410515 412159 126432 370031 648904 631420 441504 791028 569717 650074 200911 220939 332054 420507 299306 862741 720022 621347 768830 384335 439302 739190 568549 915355 367091 404566 117290 561558 564249 749519 183561 484503 446631 582656 238773 802627 727662 637897
114404 752125 685024 462685 525863 963713 403012 492245 1142220 1066035 707512 667152 806538 243191 424944 854160 424384 670494 631413 273590 646676 556318 762809 814785 999999999 100737 432384 833926 1023932 1007915 652267 223942 216676 297685 726700 757588 629268 605621 516357 609010 793903 324779 561264 1079028 773390 168296 495997 684383 271312 901246 819751 195426 561473 684991 573495 909415 369863 519446 157013 895179 574271 433065 680386 1038942 786705 601401 562478 253261 377326 575634 545586 164712 701722 838424 797109 742852 859584 75215 341173 361818 134119 564893 645308 101779 765448 129298 477675 580108 715178 720392 898540 358326 648358 1060779 473047 636818 798076 634152 114294 269856
112874 745890 775627 545557 476283 1021824 439154 588977 1188888 1110791 732142 652530 863816 335327 525663 929529 503315 752641 620821 223195 740573 654969 844108 827696 100737 999999999 441899 924008 1061388 1059020 751794 322280 303608 266835 690644 801716 727357 666680 483699 602636 883167 371869 655541 1120119 870660 185477 590519 677450 356626 940509 810738 176280 521216 664246 659560 981933 346278 556467 202696 923056 555439 444425 642076 1086168 814788 655903 648672 328200 407135 671517 624203 198977 693585 876627 768710 804537 905598 164806 435001 443717 231122 537102 603610 92390 840709 90891 471611 547152 720866 796180 968750 454583 652226 1114289 443627 716070 839225 729507 101991 348712
535873 325609 625997 401359 287912 651895 117566 554837 779930 699365 296364 258068 502248 387838 618839 645727 353601 539395 216673 276678 631926 632979 608530 385982 432384 441899 999999999 745756 636918 665111 728375 539791 354367 210964 372645 401861 678823 351762 206975 187927 703136 176216 571573 701010 783643 599471 528759 260520 349292 522199 395013 267844 264934 289078 498413 677302 152759 169699 587554 487656 189924 8224 342355 681135 381384 313478 491714 297775 96325 602816 420693 268765 278919 458334 411497 467705 504517 486515 433502 348901 407776 215430 328488 353258 567650 529381 79925 246122 282823 533312 653618 467601 216189 725256 175182 491137 429204 640573 341683 314775
930150 904157 148992 386561 1033437 468489 634930 360606 684911 655238 681326 918790 427376 590736 507890 230877 435717 206531 881779 928314 199190 332315 159511 799967 833926 924008 745756 999999999 698658 561484 299199 687880 620399 881835 1073452 539976 269695 415678 951294 850591 43243 629372 281099 697218 179565 940599 344445 880165 567876 623314 955095 849544 1007441 962286 269469 282975 871163 597651 891671 717988 905821 737622 1059915 616102 676099 465643 279666 604284 670273 279147 330761 759334 894438 609742 1068072 380584 547286 810734 494064 485698 701145 947618 1058849 853401 232810 958700 818331 980115 812159 240023 307165 482794 802640 567286 920859 254926 573221 223325 852888 580504
1137371 487021 701953 682133 828381 242567 623212 827008 165643 96157 343489 577477 294207 860465 979618 468542 680699 588357 570523 913170 761542 869214 557941 321614 1023932 1061388 636918 698658 999999999 156926 911437 1032130 853568 847433 710905 271326 857262 462393 740569 560510 679196 699229 774753 70746 855849 1188883 789216 522059 811179 123392 486439 897127 766991 610298 662208 427567 780615 505705 1161717 165692 644046 631847 732097 114265 258389 442341 667308 794142 654260 803012 606337 866092 521357 185515 645992 366639 183568 1054690 827146 736566 943510 695932 760052 969072 483147 1141247 647270 719462 428769 502744 397646 847828 482978 195564 744344 569009 227286 790689 959553 790406
1122305 588457 586248 614219 895456 93203 623385 739285 143288 93805 398325 664387 209667 816777 899807 331206 624120 481979 648508 938924 650560 770441 434162 425986 1007915 1059020 665111 561484 156926 999999999 799468 982178 817545 873964 811083 263735 747972 409372 804140 631606 547214 687543 677417 136332 727870 1166452 702640 609265 769438 170815 602452 907102 839592 702368 570220 281566 816528 509783 1133469 273251 714305 658651 824665 54623 324867 406643 577232 763115 659511 702371 529555 860123 612824 221655 758028 283697 160769 1027976 766981 685728 911426 767158 846779 967240 364717 1131879 693361 794456 514237 393821 254600 782491 554736 61679 799459 473194 238149 681132 959290 754416
726362 976810 213458 330290 995049 712023 611444 179483 936454 890949 783404 957953 617603 429091 247809 483295 375223 323144 916137 824245 149942 101460 368080 918036 652267 751794 728375 299199 911437 799468 999999999 458281 469562 795516 1096267 688088 56572 501825 929282 883206 284074 565972 162917 927633 145224 718276 200049 933973 431423 810868 1039561 732033 988371 997853 269101 547404 812591 630821 665793 882702 914477 721401 1069911 852013 809866 548024 269171 484509 634745 129616 349058 634230 951343 776799 1116841 548186 735437 607767 333646 386725 521311 943804 1056684 703111 434758 761939 808224 974260 891521 409193 561979 305410 859235 820454 889906 347922 731831 121063 706928 458820
271857 862865 542406 373985 711098 920498 463097 327466 1123949 1054830 759918 796399 772612 173404 214359 762722 358078 564260 755885 474397 489587 373025 654618 885980 223942 322280 539791 687880 1032130 982178 458281 999999999 191859 478248 886899 761328 447449 575058 680787 727714 652726 377465 406918 1076592 592993 260292 345367 799670 223019 909708 932657 381910 733679 823342 458494 825157 533971 560591 208307 930620 715368 537134 845354 1022291 826846 589826 447883 254605 455394 410845 463269 302404 818221 852343 943431 699967 853084 160098 219799 297199 139227 719858 816167 309562 678536 310265 606075 741608 805703 634211 822037 214986 746290 1026909 635875 543886 806904 469566 319012 249326
323183 673766 472079 246154 561232 764799 271393 295391 956538 883916 569385 612414 610534 42375 286134 639794 210073 453896 570995 358188 439207 368672 546291 694299 216676 303608 354367 620399 853568 817545 469562 191859 999999999 339147 714622 582334 436712 408536 515939 541607 579618 186243 355136 902188 575472 354114 291105 611943 54762 730310 743553 263979 572410 642106 357202 696706 376290 370131 316900 743812 537131 350876 676554 853597 638528 414500 346220 62940 265739 374152 330488 166440 630598 670749 763811 542135 678836 214061 137428 146145 94998 548190 651768 238091 551412 345204 425574 573076 614345 506194 687626 164188 555945 866707 471710 421072 626586 430493 240117 63433
375911 483158 745260 501587 233274 855584 268790 616209 990738 910234 505367 386675 701888 381404 624625 821342 450424 682590 356837 65749 733094 694261 764037 581077 297685 266835 210964 881835 847433 873964 795516 478248 339147 999999999 429546 610241 755022 529534 219673 341535 838619 252499 657785 911899 881653 446945 601174 414947 366145 733162 546204 102417 263885 397412 615629 861131 80313 367919 450747 695546 288936 216623 382786 891520 590758 500916 606489 311399 229115 683963 552027 178900 430226 669275 503449 658435 713821 368823 464850 415100 340439 271061 347752 197541 737017 357664 214666 283554 468269 697373 840679 496589 399330 933513 177756 637017 639441 733234 184557 336884
802475 224354 972464 766317 226187 839811 486422 925758 876433 801298 431170 158135 728975 751960 989330 923512 721342 870352 191907 467696 988932 1003140 921157 390104 726700 690644 372645 1073452 710905 811083 1096267 886899 714622 429546 999999999 596474 1044818 657913 210394 222874 1033151 547477 936310 781394 1138652 874469 898047 207515 717784 640391 235087 531340 170107 114736 851520 934427 358204 479522 880258 547995 182884 378693 50327 801346 488826 608492 846506 663706 468947 968557 769217 587621 200123 593722 95415 729101 668356 796096 805469 721334 748242 167115 93579 627087 863062 779831 293867 146915 299298 839827 904401 839635 278885 871149 254328 822721 594268 1001293 614099 683244
871688 390660 494504 420643 645263 256209 363129 577128 387269 309200 165557 439978 134040 589288 720834 343369 413478 374527 414907 675190 542656 629663 381071 262136 757588 801716 401861 539976 271326 263735 688088 761328 582334 610241 596474 999999999 631756 199932 553162 392016 508141 433284 536560 321788 663860 920727 539257 389009 539937 148403 429080 645251 594445 482205 422798 342075 553874 247393 892010 194864 470579 395258 599729 284984 136487 172411 425453 523263 397887 567797 354219 603773 397919 94119 564470 159406 104542 785139 559716 466940 672770 522650 614534 709441 307514 878081 434850 552383 301394 304643 310723 582344 320725 323452 543627 341215 46964 568220 700832 519122
709944 921876 164446 278546 949299 661666 561482 141420 886132 838841 727115 904879 563173 397827 246762 436763 325225 268991 863253 786779 97499 74546 319658 861613 629268 727357 678823 269695 857262 747972 56572 447449 436712 755022 1044818 631756 999999999 445294 881389 830322 248013 519950 108836 874871 145858 707415 154306 879913 394727 755505 984227 696140 940434 945151 212597 501797 768327 576650 655735 826437 863577 671684 1019465 800067 753296 491633 212855 445768 586253 76262 292984 598717 897156 720751 1063552 493033 680332 590092 299338 342183 496244 894153 1007311 673331 383494 743817 758490 924931 836113 355932 514567 274364 804797 770817 842786 292038 675645 66912 676277 419906
719403 494868 328860 221137 636110 358246 260821 378449 549707 479773 284156 503177 202181 407604 521078 294631 219002 215990 466144 588431 364023 434907 264646 416880 605621 666680 351762 415678 462393 409372 501825 575058 408536 529534 657913 199932 445294 999999999 548730 435122 375930 299169 343980 502453 501270 759729 340756 465788 360070 343435 551276 534080 602008 546630 232743 331597 495850 187986 725087 391527 493550 343590 645709 447497 309155 50777 233354 355888 300474 376441 156952 469525 480720 293978 654002 137877 280023 620394 365140 277861 502861 538085 647068 577590 216263 732599 415494 570576 404300 184995 311838 385450 388107 458251 523964 170958 246803 385747 571533 345679
594512 298608 832972 605897 92113 809338 323333 752778 898896 818740 406489 192144 672338 555330 797584 838029 556862 744768 178246 262748 838036 831712 810533 434351 516357 483699 206975 951294 740569 804140 929282 680787 515939 219673 210394 553162 881389 548730 999999999 180882 908900 364843 775320 810046 989850 666051 729236 236765 526040 642622 351310 321071 59091 189127 705257 862904 148298 360857 670353 576600 99643 214890 165377 808639 486425 505380 698426 470276 295278 805853 627629 379447 246755 583799 285072 651045 646239 585757 619203 544315 541632 57672 136020 417080 764612 573834 133532 63881 317558 733117 836572 653223 257707 865803 44911 696389 567675 845725 404071 492131
705322 143588 750970 553131 267937 645248 284501 717817 720311 640633 233935 75138 519912 573807 798492 705689 511156 647607 32933 401219 769994 793364 698764 254737 609010 602636 187927 850591 560510 631606 883206 727714 541607 341535 222874 392016 830322 435122 180882 999999999 810281 359393 721491 630331 918563 772637 687742 75410 533066 466335 210769 426890 208431 115036 632052 721043 261843 258091 765842 396003 83714 190851 213262 632461 309232 385909 627589 483609 277806 754272 549127 449510 92810 409997 234299 512149 477263 668255 611327 520168 595045 136257 223068 520704 642105 693028 131771 162862 137470 617643 692199 644915 77864 693206 192233 600086 399327 783819 508158 498901
891385 866745 110686 344020 990713 455028 591957 326536 675282 640962 645432 879066 400765 550764 478780 216525 392907 164369 841663 885237 167885 305138 127554 766402 793903 883167 703136 43243 679196 547214 284074 652726 579618 838619 1033151 508141 248013 375930 908900 810281 999999999 586148 246046 681818 181782 903452 307866 841268 526736 598392 918853 806789 965216 922463 226917 274663 827993 556340 855056 689986 864465 695015 1018932 601645 643610 426227 237245 562244 627179 247583 287535 716947 855805 581302 1029357 349259 521793 772336 455018 443639 661587 905834 1017322 811687 203558 919318 776070 938311 774932 204890 295396 445129 763649 557565 878185 212769 543187 194894 811001 538655
438583 488269 494225 252648 429366 650553 86341 388310 819252 742239 391802 432168 492553 215105 442655 579924 201440 430717 390003 302109 486720 467385 514107 511497 324779 371869 176216 629372 699229 687543 565972 377465 186243 252499 547477 433284 519950 299169 364843 359393 586148 999999999 416635 754387 637487 490063 366319 427683 173771 576472 557991 236468 423832 464871 364205 625547 249874 196544 465716 574481 365448 171252 514501 716159 466716 284351 355410 125308 81601 445564 299639 172919 446383 513746 587403 436040 536057 358904 258010 179687 257665 385640 496082 280798 493075 445105 253630 414178 428251 451362 608631 292188 369825 742459 324321 385877 473326 490084 273797 139514
652457 813899 136546 170415 845228 596270 454060 80876 818872 765246 622650 796044 481520 320333 241657 389649 218458 197495 754421 693656 85529 94474 271629 758015 561264 655541 571573 281099 774753 677417 162917 406918 355136 657785 936310 536560 108836 343980 775320 721491 246046 416635 999999999 798453 224352 660072 65297 771286 307391 667220 876783 605903 834274 836331 113981 455655 666231 468058 610770 731302 755354 564318 911442 727367 653126 388282 111219 353813 480047 33372 188331 509924 788592 627892 954731 408115 593968 532399 220551 242685 427223 786676 899976 593082 320600 682832 651038 817668 728806 284814 462132 204278 696379 706851 737474 206172 581764 76229 594553 328140
1192967 557638 715407 718501 898263 229483 681046 855523 95950 45381 410221 648165 318192 906579 1012159 466552 721410 606536 640844 977642 777932 892489 565862 392321 1079028 1120119 701010 697218 70746 136332 927633 1076592 902188 911899 781394 321788 874871 502453 810046 630331 681818 754387 798453 999999999 861674 1242510 818122 592722 857759 179990 555848 958355 837204 681043 688013 417898 846560 563652 1213577 236312 713950 695651 802821 82076 325841 488075 694039 844109 713509 825130 638581 923426 592096 244208 715557 393310 223676 1106785 867219 779665 993674 765979 830787 1027729 493910 1198365 714428 789776 499261 518975 390717 885979 552664 153229 812935 592402 281254 807971 1018569 838787
855651 994643 172575 385760 1063483 636148 666550 281782 857026 821472 784078 991310 569944 538214 388427 398031 436465 290786 951163 918005 151836 220391 297960 912949 773390 870660 783643 179565 855849 727870 145224 592993 575472 881653 1138652 663860 145858 501270 989850 918563 181782 637487 224352 861674 999999999 853107 285214 960186 530070 768289 1052421 829921 1048352 1033356 287255 456284 887335 660551 801300 853264 961211 776003 1117844 782127 795300 551474 292816 577883 695891 201498 369521 733528 976328 744602 1147443 509896 691381 735695 438442 466688 639806 996514 1109925 813364 373562 889248 861753 1028248 905004 362078 477108 416217 883047 739323 953865 331118 703196 148448 815586 552132
72604 916160 792784 593645 661720 1117497 570270 582909 1302925 1227902 875578 827666 961841 366881 472317 990076 562861 797856 793536 408040 744533 632904 890275 982886 168296 185477 599471 940599 1188883 1166452 718276 260292 354114 446945 874469 920727 707415 759729 666051 772637 903452 490063 660072 1242510 853107 999999999 596155 848026 407071 1065830 982926 348917 705623 842539 695106 1048740 524281 685965 53060 1062673 732458 600454 826326 1199619 954291 760141 684087 403868 545448 667316 681282 332902 864976 1003527 950389 895110 1021466 140054 451761 498177 259238 717974 788417 252775 902478 105207 640884 729815 882250 857239 1040843 458393 814956 1217559 624698 769723 962262 726485 265624 415145
587425 788374 197271 136593 795641 626009 412214 37953 845459 787429 608837 762789 499947 255502 198996 433373 176902 234619 720606 634442 150812 105629 318256 745211 495997 590519 528759 344445 789216 702640 200049 345367 291105 601174 898047 539257 154306 340756 729236 687742 307866 366319 65297 818122 285214 596155 999999999 741813 244856 676751 853293 545185 788325 801783 133362 498654 614141 440596 547336 732232 715770 521884 870705 750534 647288 379912 125573 293498 434771 83866 185129 448466 759609 632559 921961 424855 606250 467461 155543 187914 361940 744141 856870 529194 357295 617599 608662 774446 706393 317257 501708 139170 668838 736518 689960 230456 585635 139436 530993 267650
780603 68440 789982 605745 314925 633550 348815 773453 685602 607726 223655 55626 521802 642761 862360 719364 566726 681443 59897 473207 814251 847271 724577 203708 684383 677450 260520 880165 522059 609265 933973 799670 611943 414947 207515 389009 879913 465788 236765 75410 841268 427683 771286 592722 960186 848026 741813 999999999 600526 439695 135515 501938 249680 94027 676208 727962 334832 303268 841186 356413 137889 262682 215504 603865 284703 415196 672707 552742 346563 804441 592757 524520 18703 389333 188226 524923 462415 743289 674932 581313 668290 183218 238895 596007 662821 767960 207143 201275 95176 642773 697633 708059 77685 670146 256918 635149 387344 830156 583433 566752
377788 659675 420080 191415 578906 714335 252994 253628 909458 838020 539028 605936 561341 49644 272012 585291 155979 399193 563769 392844 390172 329965 491558 667757 271312 356626 349292 567876 811179 769438 431423 223019 54762 366145 717784 539937 394727 360070 526040 533066 526736 173771 307391 857759 530070 407071 244856 600526 999999999 688308 729148 301420 583941 638320 303178 642553 393275 340227 368149 707625 537097 344687 682405 806853 604198 369734 292238 56287 255355 328647 275932 204048 619227 630105 760782 491690 634099 267182 98724 91634 147989 553292 660628 286960 497006 399952 424906 580083 594675 451769 633921 130774 539819 817436 482907 366355 585057 383396 287706 34586
1014879 417647 606526 564372 732857 216934 501640 714693 258982 178141 236882 495069 198413 737679 863576 400767 560295 488931 481204 798863 661960 761507 472390 255912 901246 940509 522199 623314 123392 170815 810868 909708 730310 733162 640391 148403 755505 343435 642622 466335 598392 576472 667220 179990 768289 1065830 676751 439695 688308 999999999 433385 778373 674765 532319 553509 374425 669445 384137 1038393 110312 549785 516638 654782 166168 157162 320338 557657 670773 533678 696872 492197 744322 442631 64241 587712 262821 76913 931380 706745 614914 820124 602536 678003 848128 395877 1019421 539704 628674 344527 407559 341928 728433 388702 230829 641728 463934 103895 689823 838860 667198
915054 69804 880121 716725 414581 645631 476182 886748 651713 580065 273867 161102 561815 772849 985805 772104 681850 765735 189928 602007 911630 957754 796167 178211 819751 810738 395013 955095 486439 602452 1039561 932657 743553 546204 235087 429080 984227 551276 351310 210769 918853 557991 876783 555848 1052421 982926 853293 135515 729148 433385 999999999 635901 347319 165801 775103 769475 465894 413264 976606 330370 259797 396720 268574 585046 299268 500949 772964 683297 477830 910152 692279 660023 118036 398569 159793 582151 476824 878792 798827 702926 802605 293862 306394 730587 727952 901458 342205 301311 148200 715073 737433 831236 189773 659856 379642 722084 412431 930317 717933 695928
279518 570350 706766 463181 333740 878612 284242 555017 1031631 952213 561886 479140 721493 305923 542878 816075 413893 658981 446036 95567 685956 630697 745813 652618 195426 176280 267844 849544 897127 907102 732033 381910 263979 102417 531340 645251 696140 534080 321071 426890 806789 236468 605903 958355 829921 348917 545185 501938 301420 778373 635901 999999999 366300 493674 580136 861987 175844 397860 349636 753404 383542 271036 484964 930062 645854 514212 570109 252090 247599 629035 526752 97835 518350 714147 603159 669457 749791 266465 398390 367230 247085 370609 450168 96641 728801 266222 295548 384887 544782 686445 844756 427476 476058 964621 278104 616463 679565 682127 83634 277796
633407 303795 890674 664733 67309 849877 381808 811843 928063 848661 441366 197839 717298 612246 855141 888874 615817 800933 196630 298056 896565 890788 865003 452860 561473 521216 264934 1007441 766991 839592 988371 733679 572410 263885 170107 594445 940434 602008 59091 208431 965216 423832 834274 837204 1048352 705623 788325 249680 583941 674765 347319 366300 999999999 181560 763343 911502 199715 414058 713167 601643 125288 272728 120901 840883 517648 557427 756637 528015 354260 864866 685192 431440 255705 618123 255551 699826 683900 632606 677649 603355 594458 72440 83872 460717 817228 610038 189162 48424 338877 786831 884427 711621 286138 901237 101052 752526 605540 904502 447825 550185
772454 127418 865306 667647 248852 727576 394934 831335 774919 697984 317202 43774 614411 676622 906853 809011 624991 760576 82236 447949 884980 907361 808747 289012 684991 664246 289078 962286 610298 702368 997853 823342 642106 397412 114736 482205 945151 546630 189127 115036 922463 464871 836331 681043 1033356 842539 801783 94027 638320 532319 165801 493674 181560 999999999 747003 819697 318461 372805 841596 445281 110764 293657 122566 695549 378247 496717 742593 586705 383727 869055 664004 533248 89781 483025 122560 614557 556413 749522 720420 631407 687284 131572 150690 590150 749492 755070 217313 135680 188239 727200 789705 754298 164228 763036 222675 713362 481344 898854 577195 603827
675772 714410 130124 117107 781802 492709 382291 169224 712766 656140 514877 705328 370106 332292 332272 305675 166558 106001 664769 660014 138122 208019 196414 649072 573495 659560 498413 269469 662208 570220 269101 458494 357202 615629 851520 422798 212597 232743 705257 632052 226917 364205 113981 688013 287255 695106 133362 676208 303178 553509 775103 580136 763343 747003 999999999 369745 611093 374466 649700 617616 674015 490621 830634 618830 541252 279198 11066 335802 413980 145033 83457 490047 692845 513929 862439 295835 480690 559163 243833 217310 443950 709918 823232 585737 225655 700994 575677 741815 626917 184378 370575 243508 599749 603257 670764 97238 467857 155227 584697 312678
1019475 732727 337828 455953 953466 188493 592389 530419 401981 374681 506415 776556 208116 682019 695456 66071 486645 264479 747414 919767 406337 540438 184809 596672 909415 981933 677302 282975 427567 281566 547404 825157 696706 861131 934427 342075 501797 331597 862904 721043 274663 625547 455655 417898 456284 1048740 498654 727962 642553 374425 769475 861987 911502 819697 369745 999999999 825357 508046 1007020 480835 793052 669319 933353 336004 471052 364066 379702 656621 632053 472982 367503 790117 738101 380912 906377 211859 305880 909352 606305 550983 790405 842565 943448 896648 146906 1038663 732907 874143 642998 191880 32780 611017 655841 284318 843748 281468 357962 437626 892044 639673
