NAME : synthetic_000991
TYPE : CTSP-D
DIMENSION : 100
GROUPS : 8
RELAXATION_LEVEL : 1
EDGE_WEIGHT_TYPE : EXPLICIT
EDGE_WEIGHT_FORMAT : FULL_MATRIX
EDGE_WEIGHT_SECTION
999999999 867147 448279 209693 412674 236220 495227 439454 283386 586102 480526 334515 607894 764742 362643 234097 447647 134922 450824 437143 490653 799738 841365 783248 480968 822326 528136 781248 104345 208526 862800 812235 523789 133899 220271 576502 708936 325815 465214 571990 408751 730738 84510 384556 199462 385241 707334 537798 938720 292702 220944 832543 653737 136066 859074 144241 637299 766579 702156 515175 185718 203469 583980 692097 570638 750753 555235 788948 282027 913388 140211 889166 245495 598276 548851 474649 598855 428488 809887 735929 167811 865103 510092 863322 299091 659472 373035 690779 684951 801731 387534 652043 78821 426321 707660 197018 635115 273543 554066 595638
867147 999999999 1034123 938138 813210 638007 847888 846242 948891 830566 473928 721282 664855 609176 664064 770271 971007 735025 964265 505036 405730 317607 608649 176765 748211 598798 686953 142552 928166 857353 402323 260534 868769 979324 873469 348329 309277 917225 707654 332803 1110038 568687 933318 653416 1004046 939562 269904 402091 282648 836936 650850 106445 743656 866461 433907 828002 244182 136674 684958 901918 757274 723120 306902 201764 821173 431455 741774 294958 694254 147575 732306 264658 681534 306421 870701 965101 339973 961090 524288 322848 850902 614111 603044 398006 628254 421902 836142 291836 726854 219611 956655 534714 795626 746618 161191 856152 307110 605286 820458 351465
448279 1034123 999999999 647482 855628 575681 939717 885080 724403 315456 816915 760526 459461 629229 771487 309461 72780 509194 897539 779840 636940 825192 705024 887303 312679 691295 945547 1005366 355891 656784 838334 865347 969238 367976 240974 685884 763815 772720 342842 702224 136789 623002 388711 380906 293300 831924 982392 632145 1204890 739639 494358 1045197 440218 584112 818123 590220 793513 902175 523761 193747 612737 383987 839735 922741 309654 1087751 982970 828398 364243 1132932 519754 1157456 403221 727975 249992 921893 888179 874786 721336 1035098 615975 726614 451475 841090 436174 662282 818999 973974 480175 1060808 832816 1025162 494960 858584 903048 268543 731646 608219 296663 891004
209693 938138 647482 999999999 268512 319576 337119 280878 77209 793382 485770 255220 800738 946960 308389 438142 653846 254511 254554 445697 614138 935564 1020406 890054 684158 1000993 428357 827944 291591 83370 1011106 937188 359993 288068 428982 702502 841459 134890 664266 689924 585773 908721 259008 573556 367610 190379 728660 674894 947304 149481 360313 881583 853661 90928 1012604 120393 735119 860816 895119 724868 183142 392220 633585 743711 777680 720016 434344 920602 472837 952536 249797 899607 426031 712972 758039 280132 623095 231167 979088 737004 89930 1043674 694281 1010901 469534 813700 220297 708151 882565 824942 187992 596036 210344 311534 777696 406505 759169 343006 761311 615828
412674 813210 855628 268512 999999999 344625 84833 39466 216196 925452 341182 124241 882708 995214 164235 584053 844425 359548 151146 317609 595148 900559 1058006 815736 804132 1038733 175202 681922 515300 212830 991530 885500 115733 529833 617073 674364 808588 152478 772633 651808 820694 950056 488641 666746 605997 140322 562561 666733 752247 124862 428574 734162 952795 284936 1001833 268467 663388 771704 971940 886462 246501 515002 513476 611591 909100 500887 167753 880200 583812 789265 349273 708874 528308 667301 906299 153040 473642 150258 998763 547981 249357 1079171 764614 990120 546896 817885 48656 539733 973075 652500 158018 363808 361134 68703 664836 590196 721587 338438 894624 462666
236220 638007 575681 319576 344625 999999999 425212 382985 355876 586620 255072 222782 538555 659484 209904 270797 545625 101376 456008 213354 295009 616700 726995 572965 463768 707502 380302 545892 318719 250932 695030 617626 456754 363013 340430 383205 522421 354167 430052 370378 585148 616524 313282 323072 410547 402036 471952 358211 703905 277850 89269 597694 608216 236056 698655 200196 419785 547771 628789 562348 140849 194949 348131 457028 570320 530806 426451 601272 248264 677601 96354 654296 193290 393686 574254 471437 363911 440553 675981 504219 229823 749248 421137 694573 202974 502474 329781 456067 628588 565810 413929 451686 159844 318104 477132 313581 439622 38298 556718 361447
495227 847888 939717 337119 84833 425212 999999999 56967 274211 1008602 386024 202509 961560 1068916 231080 668698 929144 444221 146921 370062 662296 959379 1129633 865902 886854 1110505 169429 711574 596958 291392 1052827 940535 31569 609044 701590 738065 869077 207690 854631 713825 902155 1023007 569382 748154 686220 171909 587405 734510 758636 203658 510736 762113 1033130 364782 1064905 351055 717112 818461 1049692 971041 331334 599232 557477 648224 992251 499875 133633 938017 667081 809744 433910 718318 611487 727312 990375 134149 508804 158766 1067735 562598 329755 1150320 842948 1051170 628099 885772 122814 564357 1052416 671923 186519 359722 445621 116180 706575 674782 782394 416009 977931 496872
439454 846242 885080 280878 39466 382985 56967 999999999 220290 961983 376090 163579 921348 1034598 203036 618363 875961 393991 121507 354284 634446 938999 1097466 852585 841054 1078191 190298 713352 540701 234636 1030328 923319 84339 552208 647836 713369 847239 153955 810052 690606 845744 989481 512846 704523 629529 126538 592295 706086 775963 147186 466093 765145 990952 308166 1040839 295490 700854 807782 1010820 920853 279985 550382 548610 644938 945634 521221 170141 918481 620370 817948 383868 733639 564988 705833 941746 118941 506305 125516 1038197 574256 273315 1118636 803406 1028887 584831 857261 66437 569344 1011562 680638 143092 382268 392028 99684 699608 621232 760252 377560 931014 495022
283386 948891 724403 77209 216196 355876 274211 220290 999999999 862468 483374 237670 861119 1001563 295314 506514 729637 307898 178288 446639 649606 970948 1073199 914803 750612 1053707 386939 831261 368544 105469 1050841 968334 293950 365021 503554 737121 876543 66526 728504 721824 662590 961621 336116 633901 444568 115562 724483 714061 934900 118382 410027 884948 917569 153648 1054461 170804 758836 881230 955128 797802 215049 455329 642085 750354 846587 696738 383860 954504 535191 951309 301349 888505 485640 743266 829342 204129 622613 154814 1027739 725175 136314 1096145 751421 1050343 524729 857501 167949 702961 945074 819660 111433 566174 272731 270396 790457 480350 792152 372778 830427 614066
586102 830566 315456 793382 925452 586620 1008602 961983 862468 999999999 764345 807742 173783 323203 795414 355964 245435 571635 1012035 739226 489359 565892 394895 662514 123460 382912 959884 841249 535717 769220 555438 615580 1040133 573611 382501 499449 528214 891729 162279 525444 448233 327051 567689 269043 523823 949268 857220 450652 1052631 833727 498652 869351 127463 708838 530302 697231 614456 693910 213481 121710 685795 414113 720543 773064 16353 1002006 1010175 575756 341646 953915 581079 1010332 397157 544877 65629 1032388 786335 992175 423493 922710 730439 415342 236392 558881 386107 415196 902100 855964 166666 915460 955863 979657 591674 904564 732206 397540 526652 604215 32071 793422
480526 473928 816915 485770 341182 255072 386024 376090 483374 764345 999999999 249163 665755 733413 191187 507457 777827 350950 491594 43462 314963 580117 782795 480012 643416 764691 247309 348840 571331 402441 676852 557013 411127 612525 589852 373620 493596 445779 602296 345460 837920 684951 562364 498511 664715 465702 242900 384841 465649 367483 324237 402360 748213 430596 692311 392235 333701 432676 740681 770410 320091 433675 172530 272274 749022 275923 306987 557522 461427 468220 343268 416897 415148 353586 769069 494073 139291 487523 711672 257603 406361 801072 550007 674766 394677 530147 362233 222477 756739 339185 482867 216047 401713 276770 323663 563945 409099 217471 738750 130778
334515 721282 760526 255220 124241 222782 202509 163579 237670 807742 249163 999999999 759452 871024 58225 474647 742576 253010 257771 216345 473665 783879 934158 707044 685467 914856 193852 597975 438731 175377 872823 771972 234023 463582 519630 554841 690924 196617 652583 533614 740409 825967 417154 545830 533868 220669 487738 544707 697588 119666 309174 651445 830630 229825 881938 199771 552372 666773 848193 775313 150425 402455 415411 520333 791402 464892 223116 764374 466852 715158 242403 650963 411205 550616 791846 266930 388130 248673 875790 487644 196172 955438 641072 871588 425741 695551 123130 465955 850128 582439 237062 342164 269110 99258 566589 492136 604006 214413 777369 378877
607894 664855 459461 800738 882708 538555 961560 921348 861119 173783 665755 759452 999999999 175404 735334 377870 386689 554323 990043 648491 362111 392142 254729 493349 155982 238472 885927 688282 586241 759521 384990 442333 992912 633066 444214 350218 358339 877982 149215 379232 580690 163560 613676 227332 602002 931670 719618 308168 900223 809460 460075 711645 85793 710771 361827 690397 462399 528806 94472 276660 661307 408958 591008 627648 168919 877583 940865 402383 328262 793915 561869 860427 375514 394404 228851 1007317 662000 972658 261879 788723 724873 278022 119195 388208 340353 244602 867827 721534 91917 768036 941175 874756 590513 849975 579408 449151 367379 545606 174614 670808
764742 609176 629229 946960 995214 659484 1068916 1034598 1001563 323203 733413 871024 175404 999999999 838099 542039 556643 694122 1115425 725748 418801 297723 79700 432750 331375 63086 971326 668138 753234 897273 251316 355322 1099482 801784 615990 369116 308230 1010760 321764 400078 754018 48881 778932 380477 774854 1060991 729231 348717 873770 936959 592069 678637 196788 856065 220962 831513 460063 482914 110800 439830 792867 561733 621277 627159 324315 902694 1029270 316923 482801 751579 700283 840673 522779 403800 386688 1130290 696103 1099997 106668 801714 865809 103371 254690 255486 477554 214966 987015 736581 160613 756740 1072202 926581 737532 953800 565715 618848 357857 658173 334790 707003
362643 664064 771487 308389 164235 209904 231080 203036 295314 795414 191187 58225 735334 838099 999999999 475562 748214 262876 308282 159759 432266 736408 898557 654463 672189 879425 174148 539907 465309 226400 827323 722109 261417 495097 531015 510372 644355 254679 637000 487598 761404 792029 446879 529187 561401 276137 429596 504240 640908 177688 299129 593340 809627 272651 837832 238711 500834 612614 821730 771658 177561 400885 358881 462834 779164 412683 216776 716183 458168 656957 252449 593961 403098 503109 784152 314724 329992 301324 837145 430727 241451 919274 616235 825901 409758 655536 174842 407874 826817 524446 292960 295940 290778 115753 510369 503407 557353 192020 765867 320677
234097 770271 309461 438142 584053 270797 668698 618363 506514 355964 507457 474647 377870 542039 475562 999999999 274898 224509 658712 470540 364725 628159 620607 648310 246973 602156 648874 719447 211782 414249 674086 653288 699783 262032 103397 434425 546452 536918 232100 441712 346801 512696 236908 166041 251619 595061 682073 384581 909706 482962 185868 763983 419824 352877 664544 342177 526268 648369 471346 302491 338465 75923 540956 632857 340074 779051 691581 622979 78478 850978 234789 861164 96435 469234 326091 679956 583613 638245 599398 730739 374951 644491 291166 675425 142514 472010 555512 671823 451703 765593 600962 716484 236413 573863 624418 89893 489545 300939 323934 585517
447647 971007 72780 653846 844425 545625 929144 875961 729637 245435 777827 742576 386689 556643 748214 274898 999999999 489566 898247 742674 578585 754768 632697 820776 241002 618814 922142 948006 365498 653873 766162 795951 959429 387309 228980 622763 695469 773297 272887 640574 202869 550226 399292 320192 319715 832735 931361 569022 1150453 733136 460309 986217 368734 583235 745676 584535 732428 837812 451670 124415 598552 350820 788521 867155 238650 1044655 962851 758601 317950 1073857 500174 1103675 362828 665731 180614 921766 840506 876048 648562 986700 612870 654415 381949 768962 388487 592285 810706 924137 408741 1006828 835176 989576 483958 841610 844005 254956 666598 575651 225078 844133
134922 735025 509194 254511 359548 101376 444221 393991 307898 571635 350950 253010 554323 694122 262876 224509 489566 999999999 441458 308039 371553 689372 766648 659657 453501 747196 436608 646524 220401 205205 760447 696260 475280 262607 268370 459527 596294 324651 426889 451220 501608 654964 212626 327800 314481 380187 573101 426618 804867 262158 106453 698005 614224 163953 760443 137404 509893 638986 647981 526963 114573 157616 449097 557457 555357 624809 474155 676241 232917 778537 10615 755274 180136 476389 548273 461126 464858 422407 724587 603782 171769 789798 443549 760475 216862 560832 331788 556943 639897 667146 388432 535660 60755 352087 574806 240759 517663 139037 540153 462057
450824 964265 897539 254554 151146 456008 146921 121507 178288 1012035 491594 257771 990043 1115425 308282 658712 898247 441458 999999999 466064 729266 1041606 1182029 962737 894906 1162576 309349 832985 542793 245816 1129983 1029487 150239 542519 669829 811855 948515 125013 868002 791159 840278 1072080 511274 766502 622032 65633 712984 799361 897109 180658 529970 885123 1054103 315013 1138387 317390 808972 920264 1082084 957715 329520 598217 663478 762593 995833 641238 280176 1022145 674306 939096 432563 855023 620729 808377 984757 26134 624781 23487 1127571 695760 286466 1203973 874737 1128824 649745 949262 134642 690086 1078019 801919 66904 501645 422791 218906 815041 645039 861649 459178 980318 613811
437143 505036 779840 445697 317609 213354 370062 354284 446639 739226 43462 216345 648491 725748 159759 470540 742674 308039 466064 999999999 307449 589757 778617 498301 617187 760133 246233 384665 528438 362543 684390 570589 397023 569292 550427 374023 500520 412237 576948 347664 797578 677762 519128 471448 622117 435896 283575 379144 508366 332426 285854 438369 729471 388316 697962 349805 347345 454290 726648 739910 277455 395963 199163 304543 723649 317559 305083 568120 428049 506975 300213 459454 379903 358971 740962 470477 177428 460328 710311 300861 364855 797709 531111 682564 363382 527831 334034 263795 740071 380050 452691 247248 358340 256742 350609 524226 414435 176265 712741 170230
490653 405730 636940 614138 595148 295009 662296 634446 649606 489359 314963 473665 362111 418801 432266 364725 578585 371553 729266 307449 999999999 321701 471497 293823 381142 452885 553566 369484 534963 545381 402700 324801 691760 587626 468047 88447 227414 641280 337680 81656 705255 370569 545188 258786 603738 683005 368258 72408 574661 560872 270311 408257 447350 528247 409361 494070 161585 285370 429293 529655 435258 322017 231716 290838 475998 516625 612076 306487 288541 495993 372560 529367 278449 108683 511463 740201 300512 717378 405766 433395 524631 490994 255866 401914 223340 223493 595563 366605 450227 432786 696901 515655 430372 546121 266135 451520 146141 277436 469723 308948
799738 317607 825192 935564 900559 616700 959379 938999 970948 565892 580117 783879 392142 297723 736408 628159 754768 689372 1041606 589757 321701 999999999 291054 147782 514588 281581 826946 401658 826987 866987 100673 57970 986736 880009 726305 233828 94406 960240 482356 250996 927709 262886 843155 472030 879726 999228 491582 262972 593687 878977 584687 399906 458584 848881 125267 815334 248376 206701 387067 660480 756901 610193 424414 386647 560292 672836 886576 25675 551019 463915 691344 566668 564323 233364 618041 1050293 494831 1031473 206888 562957 846206 296841 374214 97662 506589 163466 906990 505145 433942 493873 1013855 731437 746313 844610 316114 717700 180222 598271 564164 507537
841365 608649 705024 1020406 1058006 726995 1129633 1097466 1073199 394895 782795 934158 254729 79700 898557 620607 632697 766648 1182029 778617 471497 291054 999999999 436030 410577 19514 1024847 683188 832059 968410 220672 348504 1159799 880888 695582 411182 325427 1080036 401464 441186 831438 111693 857400 457870 854515 1129029 756082 399487 882479 1004845 663182 687516 267432 929480 187334 903838 489231 491362 181763 513882 862607 638019 658615 651803 397513 933585 1083514 314012 559805 754615 772408 852905 598068 440352 459579 1196057 733476 1167283 84882 828838 937970 23885 331535 225219 550969 253369 1052048 765577 228706 774068 1140749 967912 811776 1013877 586251 698196 389512 723240 409058 745008
783248 176765 887303 890054 815736 572965 865902 852585 914803 662514 480012 707044 493349 432750 654463 648310 820776 659657 962737 498301 293823 147782 436030 999999999 589185 425039 720899 254971 828335 814820 243081 96584 891121 881136 751117 214186 135072 894769 550870 212190 974892 391926 839003 511869 894094 927186 353203 264097 446653 812677 562324 252286 569908 808969 271389 772504 156034 60811 508828 741839 707142 613575 311332 250784 654171 533963 779727 123025 569976 319488 659362 418910 568819 185270 706626 968323 374096 955354 351192 422619 800235 443351 442973 239273 511746 248823 828981 369053 551558 347260 943038 605140 719734 754638 179360 737481 159241 547068 654842 387056
480968 748211 312679 684158 804132 463768 886854 841054 750612 123460 643416 685467 155982 331375 672189 246973 241002 453501 894906 617187 381142 514588 410577 589185 999999999 394451 836429 743702 444413 654376 525867 557464 918411 488049 295999 404977 459730 776313 43489 427745 427404 316749 474160 146010 450628 833040 748856 352886 953011 715503 376299 776115 175285 597218 506398 582790 519332 612404 239506 153724 566853 297084 609376 670312 107370 886861 886755 519422 221228 862516 462590 908929 276194 450045 130470 914595 672376 875594 414139 812026 616582 433741 146220 528564 262691 353109 782092 745948 210446 812838 840420 859191 478124 781848 635764 304876 441102 480830 95571 678757
822326 598798 691295 1000993 1038733 707502 1110505 1078191 1053707 382912 764691 914856 238472 63086 879425 602156 618814 747196 1162576 760133 452885 281581 19514 425039 394451 999999999 1006350 670307 813707 948908 216643 339369 1140702 862705 677934 393667 311401 1060524 384259 423838 816767 92274 838877 439065 837021 1109535 741173 380991 870988 985352 643687 675828 255618 910068 183783 884372 473662 479466 169431 500965 843093 618943 642006 637178 384901 918114 1064951 303850 540881 744182 752939 840701 578853 423609 447152 1176637 716912 1147808 74778 813931 918497 42811 312663 221128 531585 235859 1032654 750322 217634 760845 1121246 950889 792431 994786 572261 680229 373367 703824 395978 728360
528136 686953 945547 428357 175202 380302 169429 190298 386939 959884 247309 193852 885927 971326 174148 648874 922142 436608 309349 246233 553566 826946 1024847 720899 836429 1006350 999999999 548040 632204 357673 924080 801907 184667 657376 704932 618984 740904 326076 799246 591647 932336 923538 610993 691353 727571 313936 422014 625367 589489 278939 469280 597302 964113 420308 939604 392687 579513 669561 967719 942476 343042 573741 409567 490604 943788 331968 59680 804044 627428 641676 426114 548904 573143 600718 952438 301050 352229 315629 956184 393694 385303 1043926 767089 921958 574084 773843 220554 399043 977843 503881 331281 192311 460523 117222 553246 677320 656271 356967 931210 339664
781248 142552 1005366 827944 681922 545892 711574 713352 831261 841249 348840 597975 688282 668138 539907 719447 948006 646524 832985 384665 369484 401658 683188 254971 743702 670307 548040 999999999 853300 745427 498031 351357 731238 902128 820133 341803 360344 794574 700859 316486 1065775 622779 853916 628247 936346 812467 127757 391596 211988 716181 575348 53719 772182 762933 526186 724049 226930 194982 726432 895476 651752 662257 198183 89382 829710 292709 601725 376280 648483 133142 642189 173494 625181 296395 872190 832257 210049 831305 598662 182048 743638 692847 605505 494192 577889 460391 708135 150108 762356 92293 829884 392168 705735 614235 109156 799660 322035 510029 826087 220045
104345 928166 355891 291591 515300 318719 596958 540701 368544 535717 571331 438731 586241 753234 465309 211782 365498 220401 542793 528438 534963 826987 832059 828335 444413 813707 632204 853300 999999999 307085 880102 846255 624903 53126 153357 615860 740322 418475 437792 616338 305395 724464 33846 377294 96186 477311 789061 571392 1021362 393528 278600 902939 619685 233272 872451 247113 690476 818528 678322 449354 289354 217171 659072 763949 521345 844963 659565 819164 280780 986348 228392 971751 263029 643605 490093 567535 681783 519828 810795 822937 267461 855942 502916 881156 321014 676478 474299 773954 654333 881466 477493 751488 175672 530590 771909 139720 673809 357015 504389 679811
208526 857353 656784 83370 212830 250932 291392 234636 105469 769220 402441 175377 759521 897273 226400 414249 653873 205205 245816 362543 545381 866987 968410 814820 654376 948908 357673 745427 307085 999999999 945949 865703 318439 317697 425010 633208 772610 122672 630102 618726 611490 856906 278455 532815 394902 181196 645339 609119 864112 88142 305301 799103 818409 73832 949260 72072 659202 783468 853177 712006 110156 357451 551926 661755 753131 638884 370990 850956 436031 869480 197929 816341 384764 640757 739895 268445 539968 224583 922362 653842 41008 991280 648317 945502 421334 752090 168666 624795 844762 741599 186726 517512 177838 243355 697377 399785 688772 269625 737326 532597
862800 402323 838334 1011106 991530 695030 1052827 1030328 1050841 555438 676852 872823 384990 251316 827323 674086 766162 760447 1129983 684390 402700 100673 220672 243081 525867 216643 924080 498031 880102 945949 999999999 146755 1080735 932548 767168 318140 183876 1043975 499988 339726 950343 230742 899108 510896 924521 1085284 591624 336833 683242 963519 654291 492087 436663 922655 33517 890741 347494 303511 355755 661345 835874 666197 524125 486892 552675 772928 983756 126016 599851 549896 763426 659148 620930 325587 613608 1139730 595104 1118898 145999 662672 922694 220058 397932 4575 564641 203953 995642 605511 405596 590309 1099382 831915 815083 937422 416071 761845 270439 679855 559443 607766
812235 260534 865347 937188 885500 617626 940535 923319 968334 615580 557013 771972 442333 355322 722109 653288 795951 696260 1029487 570589 324801 57970 348504 96584 557464 339369 801907 351357 846255 865703 146755 999999999 966955 899381 753599 236764 106837 953707 523071 247271 963300 319418 860452 502928 903894 989988 448303 275396 538559 871873 593732 346001 511808 852468 176000 817635 223527 157307 442515 706074 756178 629116 394276 344644 609190 629428 861270 40189 575183 407393 697360 513067 583318 225068 665620 1036821 461460 1020537 264623 518416 847361 353580 414023 142861 525315 204439 894947 463358 488602 443614 1005173 695809 754707 827100 273215 743175 178670 596079 612158 474354
523789 868769 969238 359993 115733 456754 31569 84339 293950 1040133 411127 234023 992912 1099482 261417 699783 959429 475280 150239 397023 691760 986736 1159799 891121 918411 1140702 184667 731238 624903 318439 1080735 966955 999999999 635655 731599 766733 896902 227838 886200 742139 929819 1053446 596838 779712 713291 186029 606009 764049 770699 231385 542303 781140 1064620 392127 1093229 379821 743438 842822 1080902 1002181 362094 630544 581634 670097 1023781 510526 140497 965141 698593 826329 465001 731534 643006 755150 1021746 132710 530744 165892 1097377 578116 357459 1180387 874250 1079018 659653 915252 150758 582989 1083814 688543 198894 370608 475665 145927 729746 704885 810365 447324 1009445 518599
133899 979324 367976 288068 529833 363013 609044 552208 365021 573611 612525 463582 633066 801784 495097 262032 387309 262607 542519 569292 587626 880009 880888 881136 488049 862705 657376 902128 53126 317697 932548 899381 635655 999999999 192695 668844 793440 420435 484060 669071 297774 774075 50164 428016 79548 477857 834768 624503 1066865 405730 328837 952219 662933 244898 924556 265881 742509 870783 724236 480734 317564 270292 706855 812746 559798 884109 680811 872260 332870 1035031 269587 1017251 316144 696294 524656 567952 726907 519177 861429 866380 280556 904758 553023 933642 374134 729050 486362 819073 698464 927983 476056 785831 211686 551360 822390 184015 726839 401149 542826 724418
220271 873469 240974 428982 617073 340430 701590 647836 503554 382501 589852 519630 444214 615990 531015 103397 228980 268370 669829 550427 468047 726305 695582 751117 295999 677934 704932 820133 153357 425010 767168 753599 731599 192695 999999999 537456 646824 545008 295074 545084 250282 591680 185891 256354 159607 604423 777629 487146 1007102 504305 266110 865475 470488 354945 755528 355562 629551 751746 533771 298227 372531 160844 638017 732830 368270 864719 741997 722276 181217 952172 278904 958207 194952 572596 337084 693136 676460 647808 682871 823122 384022 719343 374732 768775 245311 567494 582291 766229 506419 863352 607367 792098 255968 617880 726607 27613 592143 375212 351300 677412
576502 348329 685884 702502 674364 383205 738065 713369 737121 499449 373620 554841 350218 369116 510372 434425 622763 459527 811855 374023 88447 233828 411182 214186 404977 393667 618984 341803 615860 633208 318140 236764 766733 668844 537456 999999999 139425 727166 363009 31118 765644 320266 627933 305505 680014 767439 371236 53762 553356 646234 357163 371447 435513 616693 327471 582482 115111 217370 400929 558232 523156 400056 252716 277434 487992 537272 678352 218101 356239 457566 460738 511852 355005 45459 531791 821771 327306 800786 338119 441876 612935 428535 264003 317035 297698 157826 677560 375071 430493 418304 781718 558009 517959 622105 232770 523405 58613 364476 484685 338019
708936 309277 763815 841459 808588 522421 869077 847239 876543 528214 493596 690924 358339 308230 644355 546452 695469 596294 948515 500520 227414 94406 325427 135072 459730 311401 740904 360344 740322 772610 183876 106837 896902 793440 646824 139425 999999999 866051 423242 157371 858668 264054 755127 397045 797125 905455 431509 171140 565732 784886 492228 370840 435033 755076 198974 721293 169863 176655 376108 610999 662537 523152 346126 326754 520259 610585 800582 80098 468365 446354 598021 532496 477297 141766 573860 957617 419292 938069 242337 504188 752020 337363 314241 182116 419308 113761 813964 442063 417577 449985 919971 656592 653759 753800 260877 636338 87007 503868 521499 431593
325815 917225 772720 134890 152478 354167 207690 153955 66526 891729 445779 196617 877982 1010760 254679 536918 773297 324651 125013 412237 641280 960240 1080036 894769 776313 1060524 326076 794574 418475 122672 1043975 953707 227838 420435 545008 727166 866051 999999999 751194 709479 718039 969021 387370 652218 499723 59438 683075 708646 887038 82095 419741 848019 938870 190088 1049691 194743 738912 857690 971099 834257 217990 479236 610732 716658 875618 643325 319349 942484 557049 910804 316525 841632 504788 729276 862541 149183 584668 102801 1030148 678605 162589 1102536 764917 1043191 538190 855658 105525 660997 964358 776938 64143 509827 300509 211342 761237 520391 780249 364509 859861 575273
465214 707654 342842 664266 772633 430052 854631 810052 728504 162279 602296 652583 149215 321764 637000 232100 272887 426889 868002 576948 337680 482356 401464 550870 43489 384259 799246 700859 437792 630102 499988 523071 886200 484060 295074 363009 423242 751194 999999999 385218 450358 301165 465890 107981 453305 807076 705368 310543 909892 687850 344061 733774 189396 575866 482500 559146 477007 572269 240538 195234 538831 273191 565944 627034 146767 843874 850437 485753 194149 820366 435530 865682 247311 407898 173951 887023 629183 849232 396375 768595 593303 425100 109142 502429 227404 319504 752332 702486 219751 769529 815141 817825 455835 747966 593123 300072 400695 445113 136729 635657
571990 332803 702224 689924 651808 370378 713825 690606 721824 525444 345460 533614 379232 400078 487598 441712 640574 451220 791159 347664 81656 250996 441186 212190 427745 423838 591647 316486 616338 618726 339726 247271 742139 669071 545084 31118 157371 709479 385218 999999999 777727 351245 626814 321322 683849 748244 341113 75110 527292 628087 351351 348643 464745 605525 351096 570455 92186 206665 431618 580319 509037 402476 221603 248958 513593 506259 651142 233062 364265 435540 451738 484953 358290 27592 555765 800384 296221 780707 367044 411423 600091 458201 289267 338318 302084 188010 656625 344512 460557 390619 762859 527390 510574 598128 208069 529705 70797 349176 509683 306975
408751 1110038 136789 585773 820694 585148 902155 845744 662590 448233 837920 740409 580690 754018 761404 346801 202869 501608 840278 797578 705255 927709 831438 974892 427404 816767 932336 1065775 305395 611490 950343 963300 929819 297774 250282 765644 858668 718039 450358 777727 999999999 743543 333042 463189 218332 775621 1027458 712834 1256167 698569 515561 1109491 570263 537715 932531 552441 866153 982884 651701 327227 589999 411015 887170 979552 441002 1113485 962794 928224 417959 1196781 511504 1207465 442557 804678 383475 865725 926725 816922 841339 1073404 572435 853658 554836 952767 487901 764331 779404 1016335 610267 1112162 773761 1035466 471822 834464 968916 274785 816255 621418 426885 927692
730738 568687 623002 908721 950056 616524 1023007 989481 961621 327051 684951 825967 163560 48881 792029 512696 550226 654964 1072080 677762 370569 262886 111693 391926 316749 92274 923538 622779 724464 856906 230742 319418 1053446 774075 591680 320266 264054 969021 301165 351245 743543 999999999 748981 348421 751196 1018462 681469 300153 829708 894313 551634 634895 205980 817795 203812 792172 412320 440020 126211 438211 751413 527285 572518 579862 325709 854334 981635 280003 449727 709436 660749 795726 486843 355250 387652 1086509 647322 1057029 98348 753858 826320 135006 221977 234502 439315 166826 942840 688521 175380 710702 1029992 877702 700189 907645 519324 592632 310009 613891 334093 658192
84510 933318 388711 259008 488641 313282 569382 512846 336116 567689 562364 417154 613676 778932 446879 236908 399292 212626 511274 519128 545188 843155 857400 839003 474160 838877 610993 853916 33846 278455 899108 860452 596838 50164 185891 627933 755127 387370 465890 626814 333042 748981 999999999 400842 117669 445925 785179 585102 1017187 365727 282470 904309 649416 204710 892479 221764 698142 826850 706351 482748 269599 233305 658108 764545 553158 834030 636204 834456 301988 986690 219490 967577 279034 653832 522934 536204 677190 488198 833813 816345 239648 881283 527068 900021 336581 695199 446578 769336 683541 878631 445641 736499 161656 506876 775618 170554 686241 351350 536222 674588
384556 653416 380906 573556 666746 323072 748154 704523 633901 269043 498511 545830 227332 380477 529187 166041 320192 327800 766502 471448 258786 472030 457870 511869 146010 439065 691353 628247 377294 532815 510896 502928 779712 428016 256354 305505 397045 652218 107981 321322 463189 348421 400842 999999999 413885 706848 618760 251911 832587 585899 238619 666028 287700 483468 499919 463260 412758 522558 321606 277739 437005 182643 476814 548763 253142 747648 742456 469664 102561 753665 335703 786571 148265 347115 270795 784730 535510 748414 433509 678503 497717 481705 126471 512465 120098 311557 647986 613708 312141 689735 715763 714505 363258 640599 523820 251435 353718 337232 241550 540943
199462 1004046 293300 367610 605997 410547 686220 629529 444568 523823 664715 533868 602002 774854 561401 251619 319715 314481 622032 622117 603738 879726 854515 894094 450628 837021 727571 936346 96186 394902 924521 903894 713291 79548 159607 680014 797125 499723 453305 683849 218332 751196 117669 413885 999999999 557305 877696 632317 1109949 482606 361548 984806 622619 321460 913779 339430 762903 889066 689909 422386 385076 281805 744745 847273 511110 939244 753682 874227 328936 1069477 322945 1060400 325562 711406 470171 647436 771369 598700 842452 914122 356743 878225 534125 925990 382348 723285 563416 863372 659878 968779 555595 847407 271804 624416 850672 162706 736692 448762 494304 770004
385241 939562 831924 190379 140322 402036 171909 126538 115562 949268 465702 220669 931670 1060991 276137 595061 832735 380187 65633 435896 683005 999228 1129029 927186 833040 1109535 313936 812467 477311 181196 1085284 989988 186029 477857 604423 767439 905455 59438 807076 748244 775621 1018462 445925 706848 557305 999999999 696498 751838 891548 124190 472104 865415 994075 249520 1092297 253106 772052 887428 1024315 893173 270374 536021 635001 737973 933112 641196 296630 980628 613051 924102 371650 847614 560112 766817 920928 90286 602632 43451 1076929 685854 221555 1151276 817472 1084319 591392 900453 104616 673936 1018834 788300 17823 503988 358782 207606 786505 579754 819007 408706 917463 592421
707334 269904 982392 728660 562561 471952 587405 592295 724483 857220 242900 487738 719618 729231 429596 682073 931361 573101 712984 283575 368258 491582 756082 353203 748856 741173 422014 127757 789061 645339 591624 448303 606009 834768 777629 371236 431509 683075 705368 341113 1027458 681469 785179 618760 877696 696498 999999999 411670 232326 607275 518211 175315 805327 671288 616530 632587 269172 293004 771688 894973 559985 616833 142843 105278 844073 181309 474762 465952 618496 227824 567173 182735 585668 329737 879309 710840 108768 712696 673755 72760 648414 768766 622050 588231 546452 514705 591883 23048 801654 96487 714140 265340 629327 494173 175555 754578 371459 434065 837974 113753
537798 402091 632145 674894 666733 358211 734510 706086 714061 450652 384841 544707 308168 348717 504240 384581 569022 426618 799361 379144 72408 262972 399487 264097 352886 380991 625367 391596 571392 609119 336833 275396 764049 624503 487146 53762 171140 708646 310543 75110 712834 300153 585102 251911 632317 751838 411670 999999999 602296 628972 321716 423251 393950 587173 341077 554503 166469 270694 367077 505748 499060 354494 284273 322785 438660 571068 684036 251181 306144 509845 428842 559684 308891 97527 480677 810820 357006 786966 333388 480556 586142 418782 214336 336422 251010 151299 666095 413370 392417 464938 765372 580467 483342 618348 283117 474054 104997 344136 434616 366682
938720 282648 1204890 947304 752247 703905 758636 775963 934900 1052631 465649 697588 900223 873770 640908 909706 1150453 804867 897109 508366 574661 593687 882479 446653 953011 870988 589489 211988 1021362 864112 683242 538559 770699 1066865 1007102 553356 565732 887038 909892 527292 1256167 829708 1017187 832587 1109949 891548 232326 602296 999999999 816524 749953 195311 983975 896158 714049 857868 438752 391712 936669 1103683 785726 846633 369088 283880 1040879 261241 630760 569470 843052 137977 798712 49617 813635 508037 1082205 890296 340015 900886 797599 210328 871110 889995 816559 679023 771233 669981 788498 247950 973532 144263 909369 400216 860419 684059 321080 984665 533561 665887 1036891 343129
292702 836936 739639 149481 124862 277850 203658 147186 118382 833727 367483 119666 809460 936959 177688 482962 733136 262158 180658 332426 560872 878977 1004845 812677 715503 985352 278939 716181 393528 88142 963519 871873 231385 405730 504305 646234 784886 82095 687850 628087 698569 894313 365727 585899 482606 124190 607275 628972 816524 999999999 349419 769771 873542 161147 969813 149421 656818 775768 901661 784342 149046 419617 530158 636952 817463 579448 286349 861002 494516 834539 252923 770179 440540 647611 808773 199186 506739 163453 952924 606851 126134 1027086 694468 962662 469129 776969 80851 585559 897361 702090 136614 450917 250185 162054 680202 478195 698879 285177 802182 497794
220944 650850 494358 360313 428574 89269 510736 466093 410027 498652 324237 309174 460075 592069 299129 185868 460309 106453 529970 285854 270311 584687 663182 562324 376299 643687 469280 575348 278600 305301 654291 593732 542303 328837 266110 357163 492228 419741 344061 351351 515561 551634 282470 238619 361548 472104 518211 321716 749953 349419 999999999 624553 525911 270136 654029 241489 417105 546270 552294 473215 201925 110407 383303 486109 482321 598634 515719 572306 159073 708481 110517 700541 104024 377458 485098 547370 413904 512729 619054 559459 275263 686118 345392 654373 119906 454380 409436 505095 548449 607881 482205 530861 161627 406024 493555 240805 415675 115457 468447 413874
832543 106445 1045197 881583 734162 597694 762113 765145 884948 869351 402360 651445 711645 678637 593340 763983 986217 698005 885123 438369 408257 399906 687516 252286 776115 675828 597302 53719 902939 799103 492087 346001 781140 952219 865475 371447 370840 848019 733774 348643 1109491 634895 904309 666028 984806 865415 175315 423251 195311 769771 624553 999999999 794186 816184 521993 777311 256785 196427 743716 928935 705085 708829 250801 140696 858450 326281 649967 375308 691612 87737 693887 167081 670662 326162 903229 883977 263372 883777 602636 219762 797124 695449 635151 488001 621820 476887 761000 198260 781909 113302 882872 435465 757491 666261 142224 845643 344357 562171 855720 273108
653737 743656 440218 853661 952795 608216 1033130 990952 917569 127463 748213 830630 85793 196788 809627 419824 368734 614224 1054103 729471 447350 458584 267432 569908 175285 255618 964113 772182 619685 818409 436663 511808 1064620 662933 470488 435513 435033 938870 189396 464745 570263 205980 649416 287700 622619 994075 805327 393950 983975 873542 525911 794186 999999999 765153 409613 747819 546963 608471 86287 247386 724583 462272 676713 712870 130797 963210 1018120 471619 382525 875450 622504 944740 434091 479416 192384 1072425 747506 1035848 299580 874506 782081 287951 198394 440374 406326 321768 935328 807319 40017 852853 1002638 958572 645020 923260 663547 480100 450518 618361 143657 756213
136066 866461 584112 90928 284936 236056 364782 308166 153648 708838 430596 229825 710771 856065 272651 352877 583235 163953 315013 388316 528247 848881 929480 808969 597218 910068 420308 762933 233272 73832 922655 852468 392127 244898 354945 616693 755076 190088 575866 605525 537715 817795 204710 483468 321460 249520 671288 587173 896158 161147 270136 816184 765153 999999999 923476 38899 655290 782567 805072 645963 111501 303009 565876 676507 692948 682678 438634 834599 383379 890736 159733 847488 335622 629342 676307 338657 563511 292877 888481 687094 35849 952751 603574 922551 378610 724190 241970 651969 793399 767733 252578 568464 120347 309536 705335 330503 673977 263470 676802 557552
859074 433907 818123 1012604 1001833 698655 1064905 1040839 1054461 530302 692311 881938 361827 220962 837832 664544 745676 760443 1138387 697962 409361 125267 187334 271389 506398 183783 939604 526186 872451 949260 33517 176000 1093229 924556 755528 327471 198974 1049691 482500 351096 932531 203812 892479 499919 913779 1092297 616530 341077 714049 969813 654029 521993 409613 923476 999999999 892405 366620 331255 327322 638486 839419 660360 543550 511446 528212 797696 999273 150937 591708 581422 763867 689064 615542 339190 589638 1148819 615589 1126711 114674 688080 924815 186545 383269 38091 560128 200038 1004382 629721 377404 618469 1106062 852833 813898 949136 441186 751339 283627 685191 535639 628119
144241 828002 590220 120393 268467 200196 351055 295490 170804 697231 392235 199771 690397 831513 238711 342177 584535 137404 317390 349805 494070 815334 903838 772504 582790 884372 392687 724049 247113 72072 890741 817635 379821 265881 355562 582482 721293 194743 559146 570455 552441 792172 221764 463260 339430 253106 632587 554503 857868 149421 241489 777311 747819 38899 892405 999999999 618360 745241 784355 640330 72659 286136 527049 637678 681157 646506 414947 800557 365295 851844 131445 809124 315002 593881 667864 339549 524727 296429 860521 649037 34491 926929 580720 890525 354234 693721 229145 613353 774768 729015 258794 534583 105766 285504 666917 329821 639384 226070 665322 518841
