NAME : synthetic_000993
TYPE : CTSP-D
DIMENSION : 100
GROUPS : 8
RELAXATION_LEVEL : 1
EDGE_WEIGHT_TYPE : EXPLICIT
EDGE_WEIGHT_FORMAT : FULL_MATRIX
EDGE_WEIGHT_SECTION
999999999 129717 128406 825835 1144833 857747 224828 715201 565126 837299 618901 765519 838454 344761 810663 511188 987985 934918 876123 138387 494526 335201 874531 670518 330734 1111493 362356 378317 568591 796169 73829 207293 849147 701825 820965 713073 972034 1023298 265104 157235 851353 1068225 1087269 750496 555276 500636 361302 135340 264048 790851 851790 1041393 966194 1000071 437997 469084 852712 628390 913125 758671 732568 998884 611776 988965 706337 174497 461919 362842 286016 384958 227530 146741 805523 922142 632387 961353 669778 1117898 703680 960280 580944 1035434 510935 524393 384511 657141 647237 311580 619880 601117 464707 673963 562035 1020443 704056 906517 931794 724912 217362 850445
129717 999999999 191660 707348 1062672 866917 95427 694774 523008 791351 576151 643926 740041 342482 753085 382726 876841 878715 850302 268077 365048 391221 788802 541270 380534 1016765 375416 340854 457233 669173 112052 80139 727805 580712 697523 618381 920669 934301 136075 221712 789884 984678 996006 622593 435870 501970 422232 143308 278340 724442 789255 973915 904513 896784 313183 342886 740830 607397 792551 723407 698718 901614 527607 900111 577669 173528 371698 389133 339670 447641 119135 77733 677377 852767 565585 894870 695300 1018994 577980 846306 505482 970515 425275 394807 258516 572976 517557 187428 563738 516826 491590 546390 442513 944959 586819 816083 885879 613317 290494 741577
128406 191660 999999999 799524 1062758 730210 265228 596276 460113 730036 512995 747786 778513 225893 711448 524879 944909 833296 758176 176034 517179 209958 799081 704822 203725 1043423 237121 278492 535201 795615 81709 241664 829295 684228 807371 651001 866866 949487 314204 31243 754471 988203 1015352 755108 538065 376458 238231 69635 142385 698727 755715 947168 868192 944465 440260 521856 812879 510690 890382 646231 619695 935160 540551 915383 744718 86214 404519 234944 159412 262906 226340 146596 845959 830667 543921 867092 541372 1055031 699652 922689 501959 939253 445498 547794 393883 584516 675272 373372 523195 530386 336376 678364 544827 933201 677539 835769 823610 687123 99358 805524
825835 707348 799524 999999999 541761 937254 618490 702393 560481 608652 561941 77373 225630 694695 524163 358623 195455 590563 750284 954137 393508 857158 345867 374697 836843 421797 739084 597017 264661 163087 768481 628007 49911 130731 81560 257006 644324 400676 599893 809656 514415 474359 429148 198360 271479 729537 884760 733244 731756 459891 507384 575504 570381 267252 398704 506043 91895 669021 92545 639048 637081 316564 351603 379391 397054 714718 410601 778154 830251 902732 598330 681690 426713 491774 439646 533647 906998 396048 172704 151553 404903 589942 392875 377506 454078 338484 345488 598198 495331 354849 813748 224593 264839 503203 122319 320738 656957 127834 850287 124690
1144833 1062672 1062758 541761 999999999 760078 1000303 609305 624283 421170 580822 609426 354701 863614 384429 831799 386171 308484 527351 1238727 869861 1006928 274630 908832 989416 149062 885143 786480 645820 704186 1072549 998004 576158 632179 620657 453073 324683 144761 1005117 1056759 337259 78783 118751 739081 703927 788936 1020588 1016395 938406 372236 332617 175038 256317 285777 824259 993085 450946 647746 547127 517584 538155 225838 535359 174103 935793 982169 691008 917161 1007919 1026242 944161 1004779 967829 247725 519332 230740 854003 199475 699588 432891 564032 197634 637670 866160 868631 489871 874321 1030923 547840 546139 888031 749365 700180 138715 589296 256638 377438 527785 1063837 422428
857747 866917 730210 937254 760078 999999999 875786 237984 420407 363064 393277 946974 744648 524640 438094 942229 939345 455851 233221 865569 965504 543930 654433 1126002 540176 848408 497015 544656 779388 1052819 794835 856494 986917 911673 1002417 680502 435791 747140 915118 704045 470330 725861 802671 1047758 843021 364965 531106 736530 596827 495241 477840 585132 507065 864575 866845 1054155 876130 298475 1012364 300946 300283 807137 606481 728363 1169719 699046 662451 495308 583129 517093 796490 789452 1254982 546742 507051 540295 205125 891521 977482 955592 563671 562982 629807 985724 867266 604606 1083198 974781 455817 608105 396134 998159 845856 635672 868848 704318 382782 820863 660108 844560
224828 95427 265228 618490 1000303 875786 999999999 684758 500990 759871 551851 552910 667069 361482 713042 287483 793010 838059 833419 362981 269708 444575 725680 448191 430734 944954 402512 333122 376285 574504 194593 24191 636772 490264 605062 549855 883303 867402 49675 292036 746206 921707 926976 527497 347722 514015 477121 202633 314974 677774 744737 923533 859295 818925 221047 256770 656983 599150 701938 701421 678326 828428 469936 833556 485729 219044 313876 424133 394526 502607 79487 120587 586177 802048 521859 845990 718838 943970 484172 760431 456067 922149 369462 299574 165696 514276 423178 112494 528938 459322 521929 451486 354199 888570 499462 748920 853129 530476 358920 660126
715201 694774 596276 702393 609305 237984 684758 999999999 193773 189263 157847 709537 520200 371009 236091 713595 720305 307130 162143 757540 739325 457528 444326 892679 445479 666866 363508 354695 543433 814925 644660 668541 751782 673690 765683 445405 315788 560784 718237 576517 279167 557467 623497 809880 608614 227995 459413 582569 453938 280463 285510 445092 357314 655395 643223 835680 645690 87556 780296 92044 75912 605151 368561 536018 935955 542971 435811 379911 479265 456617 605889 617811 1019222 367690 269083 378593 246801 703637 739696 731563 326844 427615 397923 757569 650272 367259 849695 773673 218197 370370 311375 761270 611098 472462 630991 495553 261309 583947 552421 615537
565126 523008 460113 560481 624283 420407 500990 193773 999999999 272204 53851 552450 422134 243357 253211 522335 623046 373283 332661 633495 546837 383141 389245 705912 365304 637675 260950 187053 363330 650772 491647 486871 607440 507856 612797 314726 407425 533624 530937 447664 298167 555938 601066 638683 424107 182338 398660 429800 323660 252048 300398 491723 409813 581789 449858 641907 522089 122429 646906 201010 177371 548376 209020 502054 749798 390979 243081 293117 384218 406844 423821 448860 836788 380698 131817 412450 347549 662664 567786 622264 156974 481941 209874 566053 456631 227024 663213 584045 81811 206672 279807 583228 427323 488130 470244 436582 366804 434245 444116 497815
837299 791351 730036 608652 421170 363064 759871 189263 272204 999999999 218400 635110 396430 507544 84515 714563 581976 118553 143982 901108 746667 623758 294869 869438 609023 489793 514065 459227 520799 745997 763849 748435 658322 614679 682493 364443 138115 386152 783692 715530 107625 373464 444863 753140 591423 393538 630849 701962 590530 148774 115234 255937 168070 502680 662389 858461 535394 242571 672890 99709 124091 444143 338332 365817 909533 663043 463278 538647 636748 631665 686012 718906 980064 186517 249480 190638 432840 530710 687449 602835 321618 238998 411494 758178 684624 313839 826881 830400 231082 345293 487452 720174 591823 285977 566991 343390 94748 508467 704131 501526
618901 576151 512995 561941 580822 393277 551851 157847 53851 218400 999999999 561316 404767 293859 203519 556607 607446 321115 283845 685712 583191 426653 358029 734839 409640 603132 307556 240900 386219 663803 545455 538372 610256 521433 619745 308564 354034 497672 580342 499848 249604 514897 564711 655862 450847 211894 439767 483566 375357 210106 252467 442597 359239 558384 488583 682883 515427 107101 645064 149651 127598 519895 216276 467302 778149 444682 280821 337431 431401 445863 475379 502352 861976 334829 122400 364073 347566 631102 585272 610866 170592 431856 240461 600678 499422 223531 691863 632010 66618 216618 311618 604907 453404 443354 480732 407269 312967 438636 493812 488610
765519 643926 747786 77373 609426 946974 552910 709537 552450 635110 561316 999999999 275021 661117 551551 284634 272825 630401 773182 896633 318502 821145 393765 301027 800967 495085 707441 564642 220883 111281 711339 563995 83892 63878 63084 271876 685006 466224 531275 760108 548036 539190 499607 131563 211034 712061 850117 680060 690679 487424 541473 629325 615501 341357 331908 429219 159656 667278 149145 654155 649051 386283 345428 442294 326377 664486 374231 746215 790724 869470 538863 623619 366171 536670 441288 580775 899826 471487 95594 228517 395544 641980 366442 301295 387371 342370 269891 525979 495268 346344 790618 147558 204228 560074 83010 376114 692045 127492 804825 187070
838454 740041 778513 225630 354701 744648 667069 520200 422134 396430 404767 275021 999999999 618053 312861 477318 202803 366129 540306 949594 515412 779188 120319 563614 759357 277932 653636 524566 297249 382552 770407 668514 272623 283941 306116 127585 419389 211043 665118 779955 295478 278271 263086 406122 350761 604137 801338 721430 676810 250957 288086 354319 344753 167512 475223 638550 141588 507560 277760 443921 447883 161614 243285 180649 594715 692936 377260 691405 764795 814344 621252 692613 641126 266166 290322 308218 749026 279544 355687 211510 292232 367086 333016 511471 522986 205176 526515 684535 343113 252322 699598 402579 346666 286281 238096 103304 435056 174464 803973 106642
344761 342482 225893 694695 863614 524640 361482 371009 243357 507544 293859 661117 618053 999999999 496474 516528 805529 614778 532615 393662 525351 163588 613717 712871 143306 863284 49348 97824 440962 735870 275813 339917 733960 602619 724127 493626 645270 762972 405990 208570 541509 792622 830290 707155 473052 160062 190092 214815 83762 492499 543649 735074 652859 785152 426945 579887 684232 284925 787054 421091 394444 763654 375388 729879 756960 175987 286891 86036 147630 208436 285161 265316 855576 622949 348438 655718 357472 882167 640739 793076 326104 725193 303274 552985 403353 413356 674801 469034 315852 367071 164138 636143 478879 729236 580684 656368 600156 569604 200956 668670
810663 753085 711448 524163 384429 438094 713042 236091 253211 84515 203519 551551 312861 496474 999999999 643968 501961 125637 227655 885886 677400 628664 216353 792107 612159 430913 510999 434118 447105 662606 736835 703728 573818 532899 598263 281973 170996 324712 732742 700242 47317 325460 387921 671005 517874 405606 639987 676200 576719 64373 51889 239079 156811 427069 597638 792383 451153 263576 588691 146116 160632 372332 268502 300165 831407 638468 406421 540133 634865 644150 642566 683941 899564 136893 191705 160968 482416 467662 606198 520845 261391 228732 352130 687025 624283 238543 749870 775613 190952 276679 504152 640464 517767 245716 484849 266503 151753 425343 696978 417443
511188 382726 524879 358623 831799 942229 287483 713595 522335 714563 556607 284634 477318 516528 643968 999999999 549406 755449 827723 648370 38112 653822 570993 196494 635462 743700 565800 437760 199580 288216 470023 303895 365811 228678 328018 393850 808434 688336 256213 544825 661187 754576 736968 240128 131291 624771 686243 455388 513228 589611 656939 801585 759490 599052 90274 161299 419231 643761 431488 692383 676859 626921 376429 657706 240825 452540 279814 599972 611901 709694 299004 383265 339081 687233 468668 734363 835833 730496 202576 509177 397975 807321 316314 44184 131044 406375 158567 242396 504644 369269 674631 164754 133702 747320 255663 576377 795699 308298 602614 433257
987985 876841 944909 195455 386171 939345 793010 720305 623046 581976 607446 272825 202803 805529 501961 549406 999999999 526749 725046 1109263 585478 968623 287207 565521 948483 246987 844380 709215 419999 340816 925102 799586 210939 321137 258703 314082 574432 263737 779992 950431 475512 333805 267482 385502 447436 804259 992644 882676 856951 444359 467834 468272 491816 102614 578749 700513 136080 710322 166121 640491 646665 171017 432041 256706 583631 858715 541170 882896 949815 1007206 762186 841460 597907 420864 491411 451613 951673 211036 368032 49666 484630 487737 507130 571242 632919 400095 538905 784584 545138 439481 898154 419812 441358 390618 297321 240641 602771 263587 981904 139451
934918 878715 833296 590563 308484 455851 838059 307130 373283 118553 321115 630401 366129 614778 125637 755449 526749 999999999 222883 1006704 790225 738338 248576 891628 722960 394499 625261 557377 556269 741244 861107 829056 638441 621757 669513 374115 54862 297639 856817 820844 94899 270057 348426 756627 626425 509561 746733 800118 696467 166823 98596 138328 52172 436096 715135 907909 507411 359713 641452 218254 242226 370830 385226 284811 928852 762035 529471 651795 748787 748398 768053 809386 989858 105885 316235 85207 547850 439921 696174 555711 384285 120529 474510 797551 744665 349832 850358 898311 316018 394299 604801 735136 625556 179824 572929 287876 78333 509571 813891 472271
876123 850302 758176 750284 527351 233221 833419 162143 332661 143982 283845 773182 540306 532615 227655 827723 725046 222883 999999999 919558 857243 616200 437848 993491 605134 616650 525580 509486 641494 883377 804975 818767 800100 748694 822627 501342 204250 517106 863515 738633 249552 492934 570716 887427 710924 389069 615708 742711 615798 291110 257232 352673 273875 643278 766608 962491 678764 247807 816315 136406 156257 582399 457828 500438 1034951 703071 560298 541081 640203 610679 755734 774147 1110123 317557 360051 307706 353799 660892 820054 746674 429782 330923 514086 871855 781376 441164 950536 915807 324398 462955 466775 849539 712153 402666 701979 485427 149926 645844 714014 645098
138387 268077 176034 954137 1238727 865569 362981 757540 633495 901108 685712 896633 949594 393662 885886 648370 1109263 1006704 919558 999999999 632563 321747 974200 808774 325831 1217290 394054 454187 692934 931805 185656 344734 979805 832768 953490 822469 1038652 1124469 403398 185865 929415 1164018 1190037 886977 685655 531407 337695 228201 310630 874500 930828 1122433 1042696 1114299 572825 605919 975285 674434 1042950 814137 787403 1107730 714314 1090296 844291 258134 573010 380542 284442 356087 358109 273014 943139 1006413 719954 1042421 665808 1227495 838347 1084169 677177 1114124 617197 662533 520339 758732 785622 448100 698596 703992 471152 810234 692455 1109203 831874 1010025 993813 848043 207697 970457
494526 365048 517179 393508 869861 965504 269708 739325 546837 746667 583191 318502 515412 525351 677400 38112 585478 790225 857243 632563 999999999 656628 608544 190906 638814 781629 574322 451199 235428 313413 457946 288118 398393 264382 358967 430831 842915 726435 233900 538770 695745 792594 775053 263140 168388 640773 689349 448238 515975 624008 691648 838436 795233 636565 100939 123295 456193 667330 463826 721433 705134 664920 409202 695773 233679 448702 303762 607218 612976 713314 290948 372899 334375 723518 499406 770624 852868 768095 232790 544555 428064 843887 343914 30622 126620 440640 158273 212867 533300 401642 685875 190633 171133 784764 292997 614349 829018 346301 598903 470795
335201 391221 209958 857158 1006928 543930 444575 457528 383141 623758 426653 821145 779188 163588 628664 653822 968623 738338 616200 321747 656628 999999999 767522 847321 20332 1017309 125901 261217 600324 891235 289305 420515 895536 761394 883956 655944 761056 914844 493834 179172 675464 939078 982355 859458 626744 231398 33010 248385 140702 634891 678709 866952 781335 945710 563635 690493 847820 382961 949628 528185 501782 921323 537539 882507 890303 225587 447542 90176 51602 58171 381829 326820 990866 761482 501909 789631 344580 1038768 795127 956621 486973 854500 466691 686015 530395 574044 811944 557061 462401 529545 152479 786205 632897 869908 741719 812173 710749 732694 120343 832102
874531 788802 799081 345867 274630 654433 725680 444326 389245 294869 358029 393765 120319 613717 216353 570993 287207 248576 437848 974200 608544 767522 999999999 675583 748637 249846 642188 528370 377486 502359 803141 723436 392407 396814 426434 180986 300782 150510 731064 795811 188350 196134 217137 524051 440320 568744 785690 748840 682511 163863 180675 237917 224599 211497 554440 731511 259814 449922 392893 359171 368796 162995 262872 116660 708704 716237 417151 677544 761027 795286 670053 732610 759201 146303 265831 187909 685340 273544 470261 310528 297123 248872 364680 608627 596601 217419 636913 758662 307569 273587 667889 514878 437411 176590 349049 51251 320693 283938 809899 224646
670518 541270 704822 374697 908832 1126002 448191 892679 705912 869438 734839 301027 563614 712871 792107 196494 565521 891628 993491 808774 190906 847321 675583 999999999 829371 795901 762104 633863 352286 229888 641443 469112 355135 279695 307479 517565 946239 764714 405416 727552 800891 836766 800445 180582 284387 819309 879984 636573 706629 732137 795501 913436 886393 641726 285991 212831 460657 828303 410825 861267 848658 687053 535666 738959 44613 638831 467845 795947 803873 903821 479588 559020 143545 809386 634470 855789 1029179 770642 209314 517499 568072 923302 496203 161306 317516 555629 43072 365380 677420 530775 871063 161057 282380 849201 326634 666891 942190 391678 788853 486799
330734 380534 203725 836843 989416 540176 430734 445479 365304 609023 409640 800967 759357 143306 612159 635462 948483 722960 605134 325831 638814 20332 748637 829371 999999999 998462 106561 240899 580167 871418 281301 406778 875266 741298 863796 635927 746603 896246 479762 173642 658823 921156 963750 839890 606996 218178 50860 237272 122943 617253 661947 850735 765440 925977 545228 674696 827535 369217 929309 514203 487680 901984 517534 863804 872486 212248 427289 72268 44807 74548 366331 314148 972910 744402 482913 773113 343302 1019589 775372 936366 467127 838576 446367 668072 512768 554243 793719 543208 444087 509492 145469 766808 613127 852651 721474 793053 696815 712362 120289 811884
1111493 1016765 1043423 421797 149062 848408 944954 666866 637675 489793 603132 495085 277932 863284 430913 743700 246987 394499 616650 1217290 781629 1017309 249846 795901 998462 999999999 892028 776552 573886 580013 1041849 946115 449586 528163 496198 398957 426465 106635 942778 1041792 388269 129688 46168 619866 622717 814961 1035189 990110 930813 396796 381635 285848 345713 154752 750518 903163 336005 687521 412325 575849 591545 117686 503004 135850 818797 959234 649678 927288 1010708 1044353 897738 966761 841410 303287 515673 309298 913329 51725 589242 295874 543082 309120 601250 773593 799681 458930 764692 960453 556374 513299 914578 640704 617969 217454 490663 208027 471517 435512 1058419 313808
362356 375416 237121 739084 885143 497015 402512 363508 260950 514065 307556 707441 653636 49348 510999 565800 844380 625261 525580 394054 574322 125901 642188 762104 106561 892028 999999999 142802 487890 783821 297842 380181 779197 649591 770506 531061 652173 790056 448366 214540 557150 816037 857547 755724 521569 139485 148266 239929 99838 512926 559908 750056 665907 819970 476145 626776 725497 280843 831238 422842 396062 795459 412662 757505 806160 203488 333525 39091 123871 164036 328093 299805 904863 641359 376413 671625 319981 913027 688973 833653 361530 738829 346508 602084 451797 448460 724109 511851 338485 404937 119471 685044 527330 749056 626473 686497 604548 613161 190713 708681
378317 340854 278492 597017 786480 544656 333122 354695 187053 459227 240900 564642 524566 97824 434118 437760 709215 557377 509486 454187 451199 261217 528370 633863 240899 776552 142802 999999999 345317 642175 304714 315432 636632 506986 627710 398827 593732 678668 370699 270414 476414 713143 745507 615575 381630 192324 287883 243093 154261 420312 477484 668778 590578 692026 350586 520386 586791 267791 689333 384376 359088 673654 281287 645016 678367 204690 190904 181656 240839 305771 253655 264760 774965 552231 267187 588675 404974 792928 547953 695864 234572 661182 205488 476965 336144 321294 594191 430142 244810 272446 238264 546431 387154 655392 483711 568698 553854 471785 281904 571790
568591 457233 535201 264661 645820 779388 376285 543433 363330 520799 386219 220883 297249 440962 447105 199580 419999 556269 641494 692934 235428 600324 377486 352286 580167 573886 487890 345317 999999999 298861 507630 381002 297727 161703 283633 197247 609550 505565 369652 545000 462303 567407 560282 278591 70777 504185 629462 469572 470198 391029 457876 603712 559938 442902 178583 356559 284287 484920 356322 508986 496668 456362 183845 473113 394438 450148 154413 526446 569994 649094 342220 422484 475802 488129 282185 535222 703128 569432 208215 391794 216886 608700 157529 241286 225842 208586 309252 387306 326303 178565 576173 219899 71045 552385 143693 389250 598757 156470 586373 284452
796169 669173 795615 163087 704186 1052819 574504 814925 650772 745997 663803 111281 382552 735870 662606 288216 340816 741244 883377 931805 313413 891235 502359 229888 871418 580013 783821 642175 298861 999999999 749532 589470 130659 142916 83898 382113 795766 563699 544417 811502 659305 637415 590301 53288 264682 802063 921625 726311 755679 598547 652728 735900 725316 425420 359122 402716 254941 768465 181327 762631 756528 478537 447621 542404 243458 716115 452018 821848 856614 942467 575638 661429 263739 646444 545888 689986 996489 550032 96713 291686 495092 749423 454298 288289 411683 448974 211324 526030 598572 447291 874968 123479 258423 664848 184000 481413 803301 237650 862159 286919
73829 112052 81709 768481 1072549 794835 194593 644660 491647 763849 545455 711339 770407 275813 736835 470023 925102 861107 804975 185656 457946 289305 803141 641443 281301 1041849 297842 304714 507630 749532 999999999 172555 794370 647462 768670 644229 898364 952367 241662 112773 777560 996219 1016774 706123 500310 434021 318631 62372 198125 717265 778023 967753 892387 933439 390550 450361 790619 557515 857368 686072 660091 930140 540708 918048 679772 101975 393187 303011 237999 343593 173987 88205 780476 848657 558969 887692 611968 1049496 655123 899174 508521 961693 440667 488441 339861 585922 614516 297752 546058 530114 406211 629179 507114 947409 646220 836078 858403 663139 181020 786701
207293 80139 241664 628007 998004 856494 24191 668541 486871 748435 538372 563995 668514 339917 703728 303895 799586 829056 818767 344734 288118 420515 723436 469112 406778 946115 380181 315432 381002 589470 172555 999999999 647884 500888 617398 549382 873476 866636 73856 268182 737925 919569 927045 543329 356610 493787 453032 178544 291584 670247 736689 917351 851565 822587 233046 280192 663508 582451 712732 687703 664225 830082 465407 832639 507227 194952 308803 401118 370401 478526 63054 96503 607926 795861 513202 839299 697387 946451 497941 768132 448882 915373 363983 318300 178423 510197 443091 136554 517918 454710 499500 466922 363207 884214 507945 748161 842107 536377 334887 665406
849147 727805 829295 49911 576158 986917 636772 751782 607440 658322 610256 83892 272623 733960 573818 365811 210939 638441 800100 979805 398393 895536 392407 355135 875266 449586 779197 636632 297727 130659 794370 647884 999999999 147328 47776 306506 691940 437770 614718 840839 563461 511602 461043 174731 294184 774423 923762 761997 767616 509582 556377 618976 616993 295179 415749 504620 133908 717274 65768 688901 686797 350330 398420 418666 372722 745400 448035 818191 866970 942335 622279 706811 392413 538629 488114 579743 954461 419415 167553 162428 451218 634136 434189 379171 471195 387026 330396 607935 543639 401172 857020 217022 287390 545450 154259 364695 705632 173302 883919 168579
701825 580712 684228 130731 632179 911673 490264 673690 507856 614679 521433 63878 283941 602619 532899 228678 321137 621757 748694 832768 264382 761394 396814 279695 741298 528163 649591 506986 161703 142916 647462 500888 147328 999999999 123847 251088 676620 487515 469973 696853 534786 558637 527637 138736 147157 660920 790809 616370 629488 469912 528729 634710 612058 377852 269530 380386 194650 625731 211845 624554 617158 414653 305536 460574 311890 601179 316089 688145 729856 810643 475048 559754 368237 533998 404653 579717 853751 509565 74455 280517 352288 645324 313353 250580 325023 309834 242875 467472 456573 304818 736320 118643 140351 569587 48836 387236 678481 113397 742338 214396
820965 697523 807371 81560 620657 1002417 605062 765683 612797 682493 619745 63084 306116 724127 598263 328018 258703 669513 822627 953490 358967 883956 426434 307479 863796 496198 770506 627710 283633 83898 768670 617398 47776 123847 999999999 323308 723580 480813 580518 820408 591108 554608 506466 126992 269393 774298 913024 739207 752964 533893 584241 657023 650689 341561 384382 461531 173062 726200 107316 707076 703270 394904 404732 460330 325007 724699 437237 809268 853168 932455 595386 680660 347181 571941 498715 614332 960338 466796 126227 210185 455827 671346 429282 338126 439437 398617 283414 570377 553381 406239 853470 173245 262611 584751 145492 402248 734420 181766 866184 206244
713073 618381 651001 257006 453073 680502 549855 445405 314726 364443 308564 271876 127585 493626 281973 393850 314082 374115 501342 822469 430831 655944 180986 517565 635927 398957 531061 398827 197247 382113 644229 549382 306506 251088 323308 999999999 428801 317560 552425 652376 284619 374299 377785 389032 262564 493118 679249 594392 550115 218824 278855 407763 370330 294579 373477 553092 207606 415398 336879 383786 380578 285916 118416 283796 554801 565510 251187 569364 639553 693383 499259 567917 618665 295249 186614 342317 655929 405336 324789 308518 170549 413989 205523 433274 415935 87810 476484 578142 242539 126564 585166 361468 260319 355145 202888 199102 427798 144506 677010 183358
972034 920669 866866 644324 324683 435791 883303 315788 407425 138115 354034 685006 419389 645270 170996 808434 574432 54862 204250 1038652 842915 761056 300782 946239 746603 426465 652173 593732 609550 795766 898364 873476 691940 676620 723580 428801 999999999 335496 903626 852938 147260 298250 380357 811432 679884 530222 767296 836821 728023 218910 151764 149660 83836 481131 766324 959888 560325 378655 693491 233533 259540 414248 436320 326619 983581 798224 577389 676501 774768 767235 811887 849929 1044717 155439 362629 123969 547196 474153 751036 605181 432289 127221 522955 850760 794513 402282 904891 946573 356937 445097 622362 789930 679140 209011 627791 337751 56382 564412 842233 525154
1023298 934301 949487 400676 144761 747140 867402 560784 533624 386152 497672 466224 211043 762972 324712 688336 263737 297639 517106 1124469 726435 914844 150510 764714 896246 106635 790056 678668 505565 563699 952367 866636 437770 487515 480813 317560 335496 999999999 869357 946321 282843 73835 67512 596661 561510 709566 931917 898687 832716 290373 276034 209044 252186 161464 684128 849535 309076 580953 415033 470086 485309 92875 411659 34333 792367 866424 563584 824701 909963 940467 815225 880334 827388 200414 414559 213290 807050 144572 555406 305773 447556 230406 512526 722089 730134 366505 729847 892299 452816 422264 809276 604918 557537 132251 444538 118492 375818 383222 959978 279196
265104 136075 314204 599893 1005117 915118 49675 718237 530937 783692 580342 531275 665118 405990 732742 256213 779992 856817 863515 403398 233900 493834 731064 405416 479762 942778 448366 370699 369652 544417 241662 73856 614718 469973 580518 552425 903626 869357 999999999 341378 763738 926346 927081 495712 332564 555660 526447 252255 362939 694011 761807 936404 875438 811888 201659 208702 644525 633768 680336 729921 707643 825511 481260 835903 441595 268425 328048 471270 443951 551912 120894 170219 541360 815209 541037 860059 762634 939077 457101 745157 472771 936230 383642 262663 147073 524382 382748 63805 552726 470898 567831 420941 338692 897804 483694 751193 875916 519963 408470 650255
157235 221712 31243 809656 1056759 704045 292036 576517 447664 715530 499848 760108 779955 208570 700242 544825 950431 820844 738633 185865 538770 179172 795811 727552 173642 1041792 214540 270414 545000 811502 112773 268182 840839 696853 820408 652376 852938 946321 341378 999999999 744023 983004 1012623 772191 551635 353965 207109 91199 125045 690204 745565 937249 857048 946626 458733 548065 819628 491855 901070 629637 602970 935042 539832 912369 768004 95736 409265 208962 129061 231718 248014 172039 869342 821980 537430 857324 513262 1054895 715170 929673 499025 928641 447384 569333 414184 583072 697035 401472 513772 529895 309006 695704 558348 925739 688127 833838 808512 694902 68783 810981
851353 789884 754471 514415 337259 470330 746206 279167 298167 107625 249604 548036 295478 541509 47317 661187 475512 94899 249552 929415 695745 675464 188350 800891 658823 388269 557150 476414 462303 659305 777560 737925 563461 534786 591108 284619 147260 282843 763738 744023 999999999 279497 344478 671417 532678 452902 687063 717433 621053 71941 7681 193574 114991 395066 620236 813117 436429 310547 573217 187680 204690 336833 290347 260340 838921 680132 435925 586724 680975 691373 677547 722184 902914 90062 224809 114479 525958 426863 608916 498051 290969 184788 380687 703501 650002 255168 759236 804304 231832 299467 551469 646028 531988 198549 486133 236072 144074 424196 742270 401850
1068225 984678 988203 474359 78783 725861 921707 557467 555938 373464 514897 539190 278271 792622 325460 754576 333805 270057 492934 1164018 792594 939078 196134 836766 921156 129688 816037 713143 567407 637415 996219 919569 511602 558637 554608 374299 298250 73835 926346 983004 279497 999999999 84600 669919 626150 725280 953986 940632 865940 304845 273863 156213 219526 231207 745761 915872 382665 588443 488120 465456 483901 164664 457748 98125 865042 906881 612981 849025 938041 960714 866039 927478 901066 189879 446085 185776 804028 179813 627480 377460 487942 179442 559961 789511 789923 412226 801349 952209 477682 468518 824882 676536 622515 90324 514706 178525 345433 452273 992094 352339
1087269 996006 1015352 429148 118751 802671 926976 623497 601066 444863 564711 499607 263086 830290 387921 736968 267482 348426 570716 1190037 775053 982355 217137 800445 963750 46168 857547 745507 560282 590301 1016774 927045 461043 527637 506466 377785 380357 67512 927081 1012623 344478 84600 999999999 627390 612836 776587 999411 963740 899640 356606 338008 240725 299548 167858 738298 897540 340010 646558 429398 532158 548456 113413 476296 100514 825469 931917 626435 892212 977352 1007901 876871 943581 853399 258380 481921 263238 870179 95223 592023 314518 513639 263865 576337 768778 785895 431450 767543 947587 520314 486805 876328 642800 608458 171351 487454 180752 425368 429122 1026994 314183
750496 622593 755108 198360 739081 1047758 527497 809880 638683 753140 655862 131563 406122 707155 671005 240128 385502 756627 887427 886977 263140 859458 524051 180582 839890 619866 755724 615575 278591 53288 706123 543329 174731 138736 126992 389032 811432 596661 495712 772191 671417 669919 627390 999999999 234161 782354 890434 685563 722114 607693 665171 760408 744114 465156 315823 349572 288143 758555 230832 762825 754908 514546 441325 573409 199056 677317 427671 793170 823000 911952 532719 618304 235154 665464 541304 710210 981381 592375 70901 337159 485539 772690 436073 237030 366737 448078 159010 475098 592000 439718 851128 76959 228477 691573 186177 507614 815388 247311 824905 317586
555276 435870 538065 271479 703927 843021 347722 608614 424107 591423 450847 211034 350761 473052 517874 131291 447436 626425 710924 685655 168388 626744 440320 284387 606996 622717 521569 381630 70777 264682 500310 356610 294184 147157 269393 262564 679884 561510 332564 551635 532678 626150 612836 234161 999999999 553097 657337 469815 491037 461555 528150 670295 629001 483896 131549 291192 312149 546448 357854 577630 564487 505142 253896 530095 327377 455901 196053 559081 591959 678490 328145 412646 412701 556204 351053 603345 757316 613665 168383 413104 283744 676100 214510 171600 185499 279344 241328 340263 393044 248112 618086 165691 6807 616424 151780 447647 669511 189838 599437 319700
500636 501970 376458 729537 788936 364965 514015 227995 182338 393538 211894 712061 604137 160062 405606 624771 804259 509561 389069 531407 640773 231398 568744 819309 218178 814961 139485 192324 504185 802063 434021 493787 774423 660920 774298 493118 530222 709566 555660 353965 452902 725280 776587 782354 553097 999999999 237321 374005 236637 421180 456935 641128 554323 764066 539841 712704 698896 151681 818710 296980 270715 729419 380645 679116 863922 335656 357146 152023 251288 239171 435421 424487 958244 541382 313912 565657 212774 842213 712320 801611 326436 627420 347779 665422 528199 405464 778482 617138 263399 375948 99774 718512 557768 650507 629058 617142 479447 601784 325046 676426
361302 422232 238231 884760 1020588 531106 477121 459413 398660 630849 439767 850117 801338 190092 639987 686243 992644 746733 615708 337695 689349 33010 785690 879984 50860 1035189 148266 287883 629462 921625 318631 453032 923762 790809 913024 679249 767296 931917 526447 207109 687063 953986 999411 890434 657337 237321 999999999 279850 173374 649259 690619 877250 790920 967276 596021 723476 873362 388647 977137 533832 507763 941127 560871 899953 923027 258080 476076 109953 82964 25544 414792 358954 1023528 774136 520792 800774 328865 1057881 825687 981736 509467 864081 493190 718678 563184 596196 844455 589586 479102 553192 148942 817496 663433 882946 770215 831174 715917 759657 144226 856859
135340 143308 69635 733244 1016395 736530 202633 582569 429800 701962 483566 680060 721430 214815 676200 455388 882676 800118 742711 228201 448238 248385 748840 636573 237272 990110 239929 243093 469572 726311 62372 178544 761997 616370 739207 594392 836821 898687 252255 91199 717433 940632 963740 685563 469815 374005 279850 999999999 140277 658157 718069 908349 832111 886126 370626 457605 749555 495347 823625 623738 597738 879864 487497 864423 676887 39641 344850 248957 196985 305354 157292 82046 778212 789830 500551 828230 557460 999563 630479 859004 452712 901845 389319 478835 324441 532309 606443 313672 485688 477053 352205 608793 476596 889740 611043 783336 796454 622997 156426 743550
264048 278340 142385 731756 938406 596827 314974 453938 323660 590530 375357 690679 676810 83762 576719 513228 856951 696467 615798 310630 515975 140702 682511 706629 122943 930813 99838 154261 470198 755679 198125 291584 767616 629488 752964 550115 728023 832716 362939 125045 621053 865940 899640 722114 491037 236637 173374 140277 999999999 569274 622852 814542 733433 844310 423093 553286 730667 368316 824242 504798 478168 827523 433780 799134 749653 104988 321592 111067 100949 197491 246178 204793 850174 700615 419924 734827 417709 946936 659164 840598 388526 805370 349837 545323 389846 474852 671271 426732 392348 424522 213268 648017 497372 805647 613358 722949 683467 610489 127704 718268
790851 724442 698727 459891 372236 495241 677774 280463 252048 148774 210106 487424 250957 492499 64373 589611 444359 166823 291110 874500 624008 634891 163863 732137 617253 396796 512926 420312 391029 598547 717265 670247 509582 469912 533893 218824 218910 290373 694011 690204 71941 304845 356606 607693 461555 421180 649259 658157 569274 999999999 68620 250656 181565 375085 548333 741193 387825 290940 525381 196456 204985 325370 218538 261899 770810 621759 365968 545016 635870 655871 610598 658481 837244 131949 159224 170844 522475 428791 543527 460740 221736 246109 310464 632077 578501 183372 690194 733555 176958 227772 520931 578886 461019 236738 421645 215094 210090 361511 693273 354442
851790 789255 755715 507384 332617 477840 744737 285510 300398 115234 252467 541473 288086 543649 51889 656939 467834 98596 257232 930828 691648 678709 180675 795501 661947 381635 559908 477484 457876 652728 778023 736689 556377 528729 584241 278855 151764 276034 761807 745565 7681 273863 338008 665171 528150 456935 690619 718069 622852 68620 999999999 191710 115262 387447 616828 809347 429117 315464 565839 194219 210771 329358 287136 253221 833377 680917 433861 589797 683685 695174 676510 721945 896910 85007 223837 112069 532260 419921 602915 490419 289116 183805 378500 699131 647110 251242 753926 801908 232724 296391 555693 640316 527382 193919 480039 228401 150573 417903 744500 394504
1041393 973915 947168 575504 175038 585132 923533 445092 491723 255937 442597 629325 354319 735074 239079 801585 468272 138328 352673 1122433 838436 866952 237917 913436 850735 285848 750056 668778 603712 735900 967753 917351 618976 634710 657023 407763 149660 209044 936404 937249 193574 156213 240725 760408 670295 641128 877250 908349 814542 250656 191710 999999999 88007 367935 775336 960255 485164 493602 607765 355210 378187 298536 455171 211577 946598 871590 609772 778849 873926 880289 858822 908880 995445 121499 409744 80143 686065 335939 708018 506276 468871 23518 554105 840930 812036 412807 874559 971471 423981 465507 738087 752789 668080 77707 586958 254777 202775 521839 935796 451014
966194 904513 868192 570381 256317 507065 859295 357314 409813 168070 359239 615501 344753 652859 156811 759490 491816 52172 273875 1042696 795233 781335 224599 886393 765440 345713 665907 590578 559938 725316 892387 851565 616993 612058 650689 370330 83836 252186 875438 857048 114991 219526 299548 744114 629001 554323 790920 832111 733433 181565 115262 88007 999999999 397593 724927 914940 484099 406039 615146 267216 290210 330477 397364 242784 922152 794644 547395 693797 789728 793479 791587 837116 978711 78872 339034 40312 599364 392337 686433 523774 403295 73177 491807 800601 757637 358379 845934 914175 346424 407107 650793 727780 627575 129224 563339 257544 125989 498829 853051 448974
1000071 896784 944465 267252 285777 864575 818925 655395 581789 502680 558384 341357 167512 785152 427069 599052 102614 436096 643278 1114299 636565 945710 211497 641726 925977 154752 819970 692026 442902 425420 933439 822587 295179 377852 341561 294579 481131 161464 811888 946626 395066 231207 167858 465156 483896 764066 967276 886126 844310 375085 387447 367935 397593 999999999 614453 756423 183609 656066 261545 570662 580063 69413 410770 157235 664132 858619 541290 857442 932094 979657 779039 853567 687409 330890 450994 357292 894402 131796 436152 147331 459086 388086 499281 626408 666103 371847 611234 824086 500821 419834 861203 487883 478580 290245 343645 160654 513575 294091 971426 165797
437997 313183 440260 398704 824259 866845 221047 643223 449858 662389 488583 331908 475223 426945 597638 90274 578749 715135 766608 572825 100939 563635 554440 285991 545228 750518 476145 350586 178583 359122 390550 233046 415749 269530 384382 373477 766324 684128 201659 458733 620236 745761 738298 315823 131549 539841 596021 370626 423093 548333 616828 775336 724927 614453 999999999 196359 443659 569205 480992 630281 612676 632835 330020 651694 330017 365179 207773 509995 522039 619435 216912 302576 429037 656950 413089 703593 751938 743447 265707 543508 340959 778561 252849 126533 55495 366603 248788 210043 442257 321265 586175 238870 137459 727786 282075 567763 748139 320789 514766 450950
469084 342886 521856 506043 993085 1054155 256770 835680 641907 858461 682883 429219 638550 579887 792383 161299 700513 907909 962491 605919 123295 690493 731511 212831 674696 903163 626776 520386 356559 402716 450361 280192 504620 380386 461531 553092 959888 849535 208702 548065 813117 915872 897540 349572 291192 712704 723476 457605 553286 741193 809347 960255 914940 756423 196359 999999999 574474 758783 568597 826102 808014 786869 523995 818988 242121 468604 402507 655273 642551 748568 308758 376028 338208 844351 609322 891377 925221 888174 337135 657580 537226 965182 449134 130045 186903 558144 203202 157841 638297 515705 743922 288289 294194 907563 413013 737643 943401 468467 613921 590970
