NAME : synthetic_000745
TYPE : CTSP-D
DIMENSION : 100
GROUPS : 8
RELAXATION_LEVEL : 1
EDGE_WEIGHT_TYPE : EXPLICIT
EDGE_WEIGHT_FORMAT : FULL_MATRIX
EDGE_WEIGHT_SECTION
999999999 553427 741042 815560 315104 835474 881123 85565 725330 564079 898413 593104 383750 549038 402751 577420 324642 528144 592770 266493 442327 510144 878619 459221 664011 363706 363878 430719 88532 211035 952168 853716 655238 762603 804259 661192 577506 490851 728456 515008 776352 233572 531534 740616 605639 762652 661096 574854 760207 566744 643606 579407 961315 141439 681156 612150 659452 269238 83685 442259 196676 530982 584122 218331 825551 412897 477918 364618 69816 444408 932002 703888 521945 536381 559496 919969 698850 275967 508537 250640 694155 608617 232551 391662 465513 538746 446624 352403 890391 345839 611930 339033 395587 859148 46271 457542 473145 609637 470363 872797
553427 999999999 205939 388328 745941 370569 463333 604558 280283 222109 347494 183191 242939 316005 278298 52807 716733 874062 170825 302447 824195 469896 419903 518796 570733 424789 726941 198209 545815 406681 428292 315795 301807 620435 270930 228319 386961 157952 180283 763118 400206 617217 98957 237295 696366 210994 293522 250760 237999 80011 659754 572166 596288 558136 148089 198748 119133 354409 608487 197762 586278 645777 243147 503485 363329 294246 757529 650782 534439 749338 619138 325481 224035 627912 610404 631431 340033 279765 493486 626854 403235 68436 521135 174358 278087 172786 758637 764011 621009 490642 244706 582679 179029 443641 585235 96301 80626 292169 419982 319791
741042 205939 999999999 437906 950982 198694 502290 799606 160651 246868 221783 190273 380655 342642 392975 215981 922495 1078866 181673 503701 1030071 520995 434136 593504 733049 533020 932866 400818 719966 610524 222352 112933 253228 763767 229195 161936 399407 351327 49123 964225 482344 764682 211442 70792 883294 71530 238649 263180 235953 174381 836929 752523 647644 759708 190233 183860 175457 559890 802933 319785 740007 838736 248926 708822 195150 493881 960724 767979 712187 953837 695960 428031 280665 819047 797090 718418 265791 475977 680517 832213 528966 189623 726772 378807 469235 346664 963292 969675 717997 694521 384112 700535 384600 488571 767946 296705 276872 277721 486047 182012
815560 388328 437906 999999999 879457 631862 75313 832662 592424 601690 326145 551894 616847 700807 659477 335697 834069 917510 538755 555434 904548 858105 74314 903428 414423 800821 822625 390277 842974 611594 575477 472409 659694 395909 223198 568871 770805 338374 389620 771328 76723 951264 485804 507810 620343 372369 647604 628950 202362 456545 544468 486048 213087 754760 264996 560682 293040 549496 838821 582055 914230 610351 618639 665795 629937 408424 788736 1012248 824981 800022 259170 115117 610558 584820 546712 285022 686507 562698 457705 768241 187262 326294 672265 454253 355012 286783 810924 879989 291069 575316 204052 946308 443022 55372 858141 436606 438381 664176 807457 345100
315104 745941 950982 879457 999999999 1084426 927972 230567 976130 826950 1058650 841884 651538 834942 683870 749851 51810 220188 837951 450877 130395 820891 952194 773962 578700 673594 89637 564996 400913 341422 1172723 1061735 926314 675789 944898 911037 874172 626092 925308 263205 818570 530289 760223 969373 426767 952268 929184 843898 896022 786571 498654 474974 963304 207183 836900 862525 824338 391689 234032 700560 500029 367108 850283 242622 1075167 493672 217347 665678 384571 178329 907345 765615 788440 386216 426024 883138 972153 485787 447002 119793 711454 781731 226286 572175 541278 658621 174199 40021 847784 304142 698333 649904 566950 908205 335657 654765 675297 884634 777388 1042692
835474 370569 198694 631862 1084426 999999999 692450 905754 110191 273100 362026 244158 451932 324625 440861 397377 1062439 1233811 246857 634643 1176594 484221 620063 569957 926646 550203 1078737 567354 795086 744795 170553 180493 201208 961177 413912 174982 349834 527638 247661 1130453 679897 803540 326011 137739 1066041 259547 189548 268188 429686 306412 1025376 939124 837880 882595 388725 224199 372076 703397 907752 393468 787787 1016344 256352 847910 10180 664257 1122017 772608 792748 1110759 890918 626725 316052 998354 979891 914772 175397 598643 862849 969408 727220 376787 867952 524962 647925 532680 1119503 1107920 915529 855296 579610 710598 535025 680416 853411 442076 420416 247912 469466 323816
881123 463333 502290 75313 927972 692450 999999999 894262 659434 675288 366442 624669 691998 774905 734769 410777 881031 951082 611559 624089 944488 933193 79359 978740 427751 875896 866557 460180 911820 674568 622967 526401 730644 391385 278898 638979 844661 410599 454960 801997 109668 1023016 560494 572845 639894 434345 718233 702302 266755 530589 559043 510465 145533 813822 336628 632792 365461 613194 900604 657360 985565 638411 691724 722594 691198 470357 822980 1086202 893324 837278 207669 177317 685043 612537 572231 239867 755986 633418 494100 819955 219046 400616 727502 526904 416959 358998 848190 925905 254280 624815 273050 1020508 515159 22122 924426 511574 513599 736681 882680 391291
85565 604558 799606 832662 230567 905754 894262 999999999 795615 636907 943903 661947 456463 628450 479934 622746 243943 446238 660532 305166 359066 595480 899250 544609 637224 448803 285206 460177 170387 221791 1015054 912535 730933 737429 843238 730831 659870 522621 783072 444884 786740 305793 593618 804652 553931 815464 735975 649566 797273 626522 601066 545347 962923 91757 723051 681611 703772 284467 7240 512599 272513 480672 658046 187272 895974 424358 405189 440179 154246 369795 925982 718598 595559 489519 517484 910494 775336 325000 483097 179926 696029 654667 194094 435048 477833 567059 370925 268580 878981 315082 631945 420187 436017 872634 107334 508325 525861 686237 554998 920846
725330 280283 160651 592424 976130 110191 659434 795615 999999999 164209 371680 134526 341907 228214 332541 315743 955202 1129597 138265 527484 1070412 399495 593412 481377 848446 448829 972626 471606 685874 637574 253190 208342 111082 891325 389593 65197 267381 437988 205156 1030365 630353 699429 221524 91322 975432 232107 96553 162599 392766 207965 940030 852422 804188 773438 332559 114261 309736 598275 797589 283277 681984 922432 149675 741120 100362 568958 1020082 676669 683134 1007424 847867 568636 207217 905614 889738 867921 108691 490474 773053 861912 662817 301162 761492 422464 557667 450234 1015930 1000305 864598 754267 508525 612657 433645 644652 743601 341147 319576 151636 376712 331129
564079 222109 246868 601690 826950 273100 675288 636907 164209 999999999 465420 57721 180573 102063 168364 273288 809962 992840 68942 386972 928101 277033 622572 346729 776031 292545 831025 371965 521990 494942 410776 340032 102353 834549 439428 105007 169683 357975 267968 905350 620491 537954 125367 208357 873805 306443 102793 28813 423670 145908 850609 761688 813112 621403 340574 64048 310686 464045 638473 126410 518993 813882 25601 598933 263012 465520 890286 525757 519767 873869 840232 547165 43016 800093 790491 853328 148584 346206 677031 716258 624247 276167 620277 304147 468026 387333 881642 853540 843116 629952 465946 459493 318598 656906 580652 235975 217665 73793 239324 426878
898413 347494 221783 326145 1058650 362026 366442 943903 371680 465420 999999999 407826 574599 563551 596819 321462 1022172 1149953 397656 638738 1116445 741589 287444 811584 712266 742141 1023398 494936 893304 733188 259087 181699 473178 713242 123757 383457 621189 432865 198638 1017481 394876 958660 401699 281935 898510 159458 458358 483748 171428 361006 834584 761187 505434 887843 222776 403991 240137 674014 948403 517808 929890 870478 469682 819113 364058 567892 1023922 976378 881840 1025347 574066 376057 495454 847103 816013 605054 480260 622657 707568 939198 482192 289902 833176 509007 526167 401590 1035737 1070170 615306 771080 386676 908188 508026 361067 931760 441667 427970 499476 704434 40562
593104 183191 190273 551894 841884 244158 624669 661947 134526 57721 407826 999999999 211716 158678 211179 231155 821605 998435 13156 394306 937569 334720 569580 403983 749654 344713 839895 354325 557813 504190 366483 287593 118933 802899 383113 69330 223756 331264 210247 903538 574757 584526 97729 157931 859859 248752 111835 79842 369214 103279 831213 742563 764290 638921 288436 20889 259214 467028 664071 151149 563255 803099 67682 607997 234535 450666 891304 579177 553640 877235 794978 503685 91091 787796 775224 809742 159612 356487 659896 728171 585939 229338 628633 295804 446766 354483 885493 866439 801200 627154 427478 512239 308497 606848 613206 218801 198177 112495 296683 369430
383750 242939 380655 616847 651538 451932 691998 456463 341907 180573 574599 211716 999999999 189402 51294 290042 637876 827239 213217 230033 757882 264857 657095 290565 686601 184220 662079 282642 346174 329950 576956 489101 275786 760980 512358 278377 244364 300482 381741 752260 613167 385436 173449 365846 747111 420242 279962 193685 480933 214022 738572 651086 814575 444742 390985 229779 361634 311592 457955 61684 359472 680726 201652 432090 441967 357180 732407 408029 341989 712348 822201 533512 139139 670804 668821 826971 321149 186302 563578 544471 583823 311325 454131 199268 378658 346754 719310 679927 809476 483414 437499 339834 215808 671014 401909 181105 178644 233122 208809 541176
549038 316005 342642 700807 834942 324625 774905 628450 228214 102063 563551 158678 189402 999999999 151110 368455 824099 1015786 170624 418557 944861 178400 723730 254912 849103 226748 849809 439932 493146 519264 481264 426312 123477 914001 541428 186078 71123 436964 367802 941365 716204 481929 217052 294735 928861 405630 135325 79910 525535 244316 913692 825091 911161 627785 441627 159680 411498 499690 628865 162506 469569 864733 93869 620947 314588 527324 921806 449060 495391 901633 934977 641084 92639 853331 848166 946376 158176 375055 738503 731175 712555 374537 643077 363124 538110 472252 908514 864931 934444 670872 555567 386135 379114 756136 557681 309644 294977 77171 148807 524327
402751 278298 392975 659477 683870 440861 734769 479934 332541 168364 596819 211179 51294 151110 999999999 328039 673144 865875 215761 276094 794062 213918 696777 244416 737879 147550 699360 333598 354870 371494 576895 497080 252802 812164 543199 272320 198694 349364 400220 795929 658917 373560 196668 369011 796060 439399 259408 174065 514814 236917 788952 701674 859933 476699 424935 226318 394876 357797 480728 81348 352183 728916 184825 471753 430724 408356 774560 379756 353975 753157 869861 579625 125417 719570 718482 875463 296100 232320 614120 580368 632950 346460 493999 250372 429869 394440 759755 713832 858578 529794 484694 311471 266932 714082 415625 226841 221661 206889 158064 561623
577420 52807 215981 335697 749851 397377 410777 622746 315743 273288 321462 231155 290042 368455 328039 999999999 717638 865990 218361 317689 820909 522420 368859 570012 532811 473413 724626 188200 576876 415728 435004 318296 348499 577302 231855 269479 439316 135422 180063 748646 347814 656695 151523 260390 669900 202991 339245 301744 194119 128448 628048 541779 543493 569685 106564 245064 82136 359221 627150 248390 624250 623365 293467 507514 391038 278505 746175 696426 563977 740646 567117 273884 276692 604126 583650 580087 384583 301472 466692 630118 355204 32207 523667 187698 253614 135504 750321 765388 570483 481082 197117 628627 187713 390979 611804 124511 116119 341972 472130 298395
324642 716733 922495 834069 51810 1062439 881031 243943 955202 809962 1022172 821605 637876 824099 673144 717638 999999999 203722 816959 427823 121792 821176 907209 779190 527102 674113 44841 530930 412659 317674 1144730 1032187 910559 624036 906713 890383 866818 590859 894916 219673 771865 549152 736893 944062 376353 920561 912638 828265 857627 761329 447179 423301 913557 200491 801467 842395 790236 362801 248652 683988 516450 315621 833877 214868 1053376 455006 174811 683944 394390 136077 856623 720832 772704 334504 374221 832066 956688 465267 396997 93704 663705 749225 195876 544338 500863 620968 134079 48002 796611 259605 656499 663287 537901 861516 351228 627709 648665 870228 775449 1007577
528144 874062 1078866 917510 220188 1233811 951082 446238 1129597 992840 1149953 998435 827239 1015786 865875 865990 203722 999999999 992426 605935 90571 1022601 991799 982509 543836 875922 168539 678364 615884 498517 1300391 1184280 1094760 625545 1028939 1065854 1062246 732299 1046025 152200 846895 749539 908393 1108620 340655 1067186 1095521 1013206 979816 928159 428123 445760 952933 402049 936932 1019322 930798 531473 450505 868677 718172 316219 1017534 395242 1225235 589142 128826 884806 597940 125465 881778 811774 957901 341948 384553 850530 1141089 646864 459835 289250 733473 896000 373367 709016 625073 752240 115669 180257 813728 384921 767202 866317 699702 934181 553055 792388 813967 1056785 975655 1140985
592770 170825 181673 538755 837951 246857 611559 660532 138265 68942 397656 13156 213217 170624 215761 218361 816959 992426 999999999 389303 932393 345836 556639 413931 738294 351876 834645 344641 559342 499357 363843 281600 131008 790873 370872 73538 236368 320190 199582 896115 561644 589321 88178 153618 850309 238347 123280 92375 356458 90825 820815 732243 751138 635738 275382 29273 246112 460954 662793 151958 567300 794105 80557 602980 237425 441278 884430 586659 554637 870832 781871 490678 98998 778552 765495 796703 170695 352235 649931 723651 573290 216237 623443 287978 436341 342539 879184 862040 788252 619727 414868 519458 300290 593718 613776 209716 188808 125649 306808 359560
266493 302447 503701 555434 450877 634643 624089 305166 527484 386972 638738 394306 230033 418557 276094 317689 427823 605935 389303 999999999 543271 472289 615528 467929 493605 345850 445643 165955 287736 110154 723967 615903 489051 580755 539597 462798 474017 224612 482534 522978 523628 406970 309480 518674 522954 513160 489600 407929 494653 336013 523926 439825 717555 256107 418201 415158 398607 81713 309705 263951 367447 454087 411790 213701 625560 176444 504917 494580 269549 487176 701140 447340 352972 446121 448731 695811 535378 43808 353134 334790 455980 349691 234375 130091 221386 273432 494803 473328 670850 253715 351531 437500 131013 601971 305956 207427 226835 452298 417306 615985
442327 824195 1030071 904548 130395 1176594 944488 359066 1070412 928101 1116445 937569 757882 944861 794062 820909 121792 90571 932393 543271 999999999 942647 978688 899372 556812 795495 97863 632781 529318 433654 1252378 1138052 1029236 646379 997852 1005924 988332 690131 1000034 182126 837379 660601 850592 1055257 370968 1023658 1030881 947108 948563 873126 454063 454033 960158 322226 898818 958426 890037 473631 362978 802582 629970 329123 952304 329650 1167712 549407 140454 795971 512108 111924 894809 794643 891574 353097 396208 866253 1075466 582265 450610 213696 725446 851865 308953 654467 590535 715308 101688 90866 829758 345371 740402 779167 646681 926294 465197 738179 759482 989615 897171 1104573
510144 469896 520995 858105 820891 484221 933193 595480 399495 277033 741589 334720 264857 178400 213918 522420 821176 1022601 345836 472289 942647 999999999 887828 88313 949799 147307 854086 547474 434172 551049 649148 602887 288912 1025693 714048 363640 134396 561716 544900 973123 864588 371903 374154 472110 994872 583149 303074 257906 694294 408250 994606 908668 1063962 620889 607298 337607 576732 551752 593829 279883 373598 924839 272087 641411 474732 619623 946164 300697 444471 919970 1078990 786419 253681 917991 920871 1086241 308872 430267 821145 733460 845101 534410 663554 464121 643357 604962 925083 855771 1070479 720781 693977 249287 480651 913358 503744 436308 427806 249442 56278 702532
878619 419903 434136 74314 952194 620063 79359 899250 593412 622572 287444 569580 657095 723730 696777 368859 907209 991799 556639 615528 978688 887828 999999999 938671 484598 841204 896334 449580 901847 677602 544775 450691 670622 458865 206484 577766 792216 393747 388257 845438 147841 1004581 513678 504928 692618 364443 657623 648588 202525 480662 615340 559139 219957 823221 282103 575867 312306 615109 905260 617218 968542 684126 637194 735687 619324 476100 863033 1058878 884624 874317 286931 186613 636184 658533 620069 319159 693167 619397 532007 840115 260586 353620 742889 507366 423024 342955 885217 953323 332610 648099 267472 992000 497516 78246 920319 480027 478901 680266 839298 313348
459221 518796 593504 903428 773962 569957 978740 544609 481377 346729 811584 403983 290565 254912 244416 570012 779190 982509 413931 467929 899372 88313 938671 999999999 957740 122079 814869 567335 377046 532193 732980 681116 372046 1039155 774733 440715 220728 590588 613283 945148 903158 294793 428320 549299 983624 652220 385707 331556 750999 465588 991177 907732 1104295 581199 662118 409790 631601 542900 542082 321727 302313 911446 346017 614065 560324 629074 915006 213030 390632 886324 1112716 823710 316778 907016 914020 1117017 395002 429138 821031 695378 873269 585844 635620 483991 659140 637314 890549 810505 1098769 705822 728048 165734 500012 958183 446242 470882 466065 329906 107469 773395
664011 570733 733049 414423 578700 926646 427751 637224 848446 776031 712266 749654 686601 849103 737879 532811 527102 543836 738294 493605 556812 949799 484598 957740 999999999 836221 499134 409388 729790 467162 927920 811121 868130 100523 590400 799045 916882 418761 687021 391638 337811 873304 653875 788929 214054 690713 861470 804175 547553 649186 131306 104141 409636 545488 547484 767217 557821 429750 644456 689202 832294 228954 800483 451021 921097 330223 421572 979513 707045 444927 338667 336314 760938 204073 160843 309443 908973 529418 155484 498451 232067 550296 443197 489442 311109 398471 455343 563874 272989 322185 349421 927171 472928 414837 709985 541326 558557 849782 893528 718188
363706 424789 533020 800821 673594 550203 875896 448803 448829 292545 742141 344713 184220 226748 147550 473413 674113 875922 351876 345850 795495 147307 841204 122079 836221 999999999 707476 450330 290779 412702 700940 631960 349760 918600 690749 396293 228728 478172 544344 830369 795003 255595 343866 500769 862718 583671 360720 286917 662014 383821 869214 785658 996601 473987 572060 355972 542131 421166 447353 228875 246283 790970 300639 498467 540087 508287 802021 235008 299357 774897 1000485 715066 253671 786001 792348 1003061 384336 307222 698954 586977 758647 493156 520384 367794 540024 526670 779726 708478 983546 585518 617787 167582 383389 854808 359863 364416 362843 302429 108213 706114
363878 726941 932866 822625 89637 1078737 866557 285206 972626 831025 1023398 839895 662079 849809 699360 724626 44841 168539 834645 445643 97863 854086 896334 814869 499134 707476 999999999 536705 452287 336248 1155208 1041249 932373 594252 905989 908181 894867 594903 903367 175340 758085 590949 752733 957512 338192 927537 933818 850360 856739 775313 412335 394995 892481 233836 804460 860760 794840 375796 290259 705769 557495 281179 855346 232195 1069862 455571 130168 725354 433327 91316 832479 710739 794864 301683 342811 806539 978641 484969 376698 120723 648042 755778 211270 556750 498642 621838 89270 65039 770667 253764 651390 702908 549125 847579 392505 640452 661728 893183 807140 1010486
430719 198209 400818 390277 564996 567354 460180 460177 471606 371965 494936 354325 282642 439932 333598 188200 530930 678364 344641 165955 632781 547474 449580 567335 409388 450330 536705 999999999 452834 241410 622031 506152 469233 479077 386158 413300 507494 63021 367901 564930 363059 563980 256623 435452 505685 390888 464679 399223 338839 263640 478681 389773 561265 395518 272378 373856 259437 180220 465529 279919 525934 450857 397166 324254 559728 97352 560029 636901 435200 553174 554394 284804 353081 434439 420900 554314 512858 173561 305830 445251 309824 219099 338870 83642 98281 108041 562722 578832 533611 293727 187134 574297 67370 438068 471380 136406 156274 445524 491451 477765
88532 545815 719966 842974 400913 795086 911820 170387 685874 521990 893304 557813 346174 493146 354870 576876 412659 615884 559342 287736 529318 434172 901847 377046 729790 290779 452287 452834 999999999 264346 922837 831130 606352 826469 808017 623570 513455 508503 713130 602723 810707 149205 508526 711306 686416 749384 613783 528916 766731 546533 719380 650687 1002184 228124 683012 575491 658656 313740 166945 407440 110192 611517 539614 295846 784989 453365 566133 277029 23015 532853 979739 734975 479036 615196 635579 970681 647935 283486 575199 338962 737242 606532 312549 399268 503540 558914 535134 438942 942884 418809 639205 250671 406638 889703 69632 452997 465456 559371 398932 864673
211035 406681 610524 611594 341422 744795 674568 221791 637574 494942 733188 504190 329950 519264 371494 415728 317674 498517 499357 110154 433654 551049 677602 532193 467162 412702 336248 241410 264346 999999999 831779 722009 596556 562725 627280 572822 569980 304400 586851 425304 568188 406142 419488 627982 452963 615697 597727 514797 580208 445163 470154 394230 750595 154686 510574 525017 494113 62713 227702 370214 365132 379837 519412 104054 735713 204274 403068 515987 242064 382399 721213 498083 459430 377006 388803 709887 642867 148757 314170 224675 483297 447930 125357 232324 257612 346687 389412 363224 680956 174353 410213 468697 228875 652776 256628 313875 334150 558269 498620 713212
952168 428292 222352 575477 1172723 170553 622967 1015054 253190 410776 259087 366483 576956 481264 576895 435004 1144730 1300391 363843 723967 1252378 649148 544775 732980 927920 700940 1155208 622031 922837 831779 999999999 118647 360935 944842 353836 305782 515140 570074 255251 1183219 637267 948710 421484 211814 1092802 240411 347396 414023 387082 389318 1040167 958876 763923 979396 383143 350578 379367 782021 1017977 515463 928995 1052597 400365 930826 178669 713454 1181174 929849 917455 1175195 829819 601528 452648 1031816 1007100 859104 342558 694192 891841 1054197 708196 406137 948947 600698 685296 559385 1184753 1191840 866544 915680 580857 865639 606837 615713 975681 517984 497638 404355 629406 231715
853716 315795 112933 472409 1061735 180493 526401 912535 208342 340032 181699 287593 489101 426312 497080 318296 1032187 1184280 281600 615903 1138052 602887 450691 681116 811121 631960 1041249 506152 831130 722009 118647 999999999 318138 831133 249297 240433 473529 452788 138265 1065508 529428 870469 323085 132147 974213 121833 303250 350528 276366 286974 922133 840470 670502 871998 264965 276152 260723 670175 915865 427620 847341 934008 336091 819266 182962 596292 1064171 865767 823869 1058942 730377 488353 378374 913182 888480 757425 315051 588763 773194 942621 594223 288705 836783 489837 567103 440894 1068611 1079584 762227 799378 463109 799291 494810 516731 880138 408585 389126 353555 574266 144323
655238 301807 253228 659694 926314 201208 730644 730933 111082 102353 473178 118933 275786 123477 252802 348499 910559 1094760 131008 489051 1029236 288912 670622 372046 868130 349760 932373 469233 606352 596556 360935 318138 999999999 921820 473816 93570 156302 449461 289498 1007648 687706 604275 214546 192312 973359 323006 14972 82417 468134 221795 947523 858703 872770 720003 394705 103438 367296 566384 732073 226656 590376 914522 77264 700445 191202 564307 992631 571701 606428 976089 907835 618832 137923 900226 889444 924103 46331 447932 775029 816875 703695 343730 721912 404795 563488 473415 983815 953667 916824 732115 545433 509400 418773 713919 668267 332846 313197 47759 269179 432776
762603 620435 763767 395909 675789 961177 391385 737429 891325 834549 713242 802899 760980 914001 812164 577302 624036 625545 790873 580755 646379 1025693 458865 1039155 100523 918600 594252 479077 826469 562725 944842 831133 921820 999999999 596151 846710 983337 477540 715874 474285 321004 968443 710014 824530 286069 714127 913907 863168 558206 700301 197963 201273 342323 645724 574042 819123 589102 521748 744656 757544 927437 317389 858116 550924 956509 410334 508235 1071406 803863 534639 261226 343321 823574 294208 251852 226859 960435 614027 254780 598392 236912 590182 543483 561826 382339 448452 544708 659239 190205 422348 383007 1017230 545252 383001 808698 604356 619641 907707 969495 724713
804259 270930 229195 223198 944898 413912 278898 843238 389593 439428 123757 383113 512358 541428 543199 231855 906713 1028939 370872 539597 997852 714048 206484 774733 590400 690749 905989 386158 808017 627280 353836 249297 473816 596151 999999999 380246 606503 323165 185541 894913 283544 887471 347871 299816 774806 158512 460079 462913 49290 309348 711513 637517 424120 781641 125293 385720 152050 566377 848181 461887 855654 746911 450212 708066 412979 451714 902306 920274 794520 904760 481192 255118 460580 723452 692256 508170 492358 529095 584082 826090 362110 204253 720889 412669 407445 286321 915242 954631 513665 652702 263546 851989 408959 268013 840485 356366 346951 489148 670288 128652
661192 228319 161936 568871 911037 174982 638979 730831 65197 105007 383457 69330 278377 186078 272320 269479 890383 1065854 73538 462798 1005924 363640 577766 440715 799045 396293 908181 413300 623570 572822 305782 240433 93570 846710 380246 999999999 238191 383895 196126 968532 599998 642962 159255 108657 918610 230398 79986 110665 375242 151265 886221 798050 781909 708241 304318 49223 278062 534393 732875 218936 623795 863891 96384 676487 165294 510472 957380 627938 620197 944095 819607 533637 147223 847737 833323 837240 118259 425468 717116 797028 622854 259944 696973 360260 502298 400831 952493 935372 831474 692207 465909 562430 372060 622685 680286 280332 258992 116337 333838 343387
577506 386961 399407 770805 874172 349834 844661 659870 267381 169683 621189 223756 244364 71123 198694 439316 866818 1062246 236368 474017 988332 134396 792216 220728 916882 228728 894867 507494 513455 569980 515140 473529 156302 983337 606503 238191 999999999 506885 428803 994620 787117 481119 288034 344862 990387 465503 170895 143996 592768 314297 978219 889915 981598 667924 510254 221179 480360 555698 659565 227931 474711 924765 156314 669387 340336 592681 972982 428602 518743 951043 1006019 712156 163749 914351 910897 1017496 174526 430212 802900 774979 783479 444705 691696 428923 605775 542963 957446 905881 1005540 727641 626630 371075 445171 826091 580776 379206 365174 121858 127691 581310
490851 157952 351327 338374 626092 527638 410599 522621 437988 357975 432865 331264 300482 436964 349364 135422 590859 732299 320190 224612 690131 561716 393747 590588 418761 478172 594903 63021 508503 304400 570074 452788 449461 477540 323165 383895 506885 999999999 314857 613283 319675 612892 235115 392435 538580 334888 443090 386386 275822 232700 502431 414519 520724 458538 210817 349302 199948 243218 527885 284579 575986 489397 382111 386318 520653 143513 611395 677528 491800 606848 522495 239778 346075 470877 452545 526510 490823 225652 335578 506492 283595 164083 400344 116461 120304 51621 616678 638838 509214 347557 141027 612963 104652 388643 530541 127939 142143 431565 506695 416787
728456 180283 49123 389620 925308 247661 454960 783072 205156 267968 198638 210247 381741 367802 400220 180063 894916 1046025 199582 482534 1000034 544900 388257 613283 687021 544344 903367 367901 713130 586851 255251 138265 289498 715874 185541 196126 428803 314857 999999999 927971 433261 767172 208489 118193 841401 39340 275456 287926 188243 168362 792930 709383 600105 738382 141888 208363 129354 533621 786769 322867 740413 798814 274243 682698 244241 458298 926125 779014 703893 920698 647287 379139 296874 778548 755335 669481 306818 458115 639225 805930 480599 150888 699836 354570 430425 305533 930356 942437 668902 661131 337669 710986 358550 440793 757706 275405 257236 308594 506319 161780
515008 763118 964225 771328 263205 1130453 801997 444884 1030365 905350 1017481 903538 752260 941365 795929 748646 219673 152200 896115 522978 182126 973123 845438 945148 391638 830369 175340 564930 602723 425304 1183219 1065508 1007648 474285 894913 968532 994620 613283 927971 999999999 699316 747826 809329 1000240 191641 945907 1006638 928201 846253 824277 277761 294205 800831 374822 810545 924232 807438 442636 450863 785820 711671 164604 930711 331934 1122438 470347 46073 879584 581740 84904 729652 668488 874111 190472 232700 698629 1053709 566332 315538 265463 585713 777083 309986 608274 499197 626706 90167 230167 661842 276393 631494 849936 596726 785633 549858 689322 710950 973489 922128 1011375
776352 400206 482344 76723 818570 679897 109668 786740 630353 620491 394876 574757 613167 716204 658917 347814 771865 846895 561644 523628 837379 864588 147841 903158 337811 795003 758085 363059 810707 568188 637267 529428 687706 321004 283544 599998 787117 319675 433261 699316 999999999 926942 499163 550242 544791 421543 676626 648666 253442 474686 468081 411459 201604 705288 297815 585898 322160 507495 793170 585169 888634 537146 639609 613479 677062 363994 718347 996967 791563 731211 220254 80048 624163 511455 472561 237628 718255 536455 387948 710289 113604 345432 618086 435612 310939 269222 742127 816968 235672 515220 178665 932624 422484 89653 820261 432295 437823 687068 811906 410077
233572 617217 764682 951264 530289 803540 1023016 305793 699429 537954 958660 584526 385436 481929 373560 656695 549152 749539 589321 406970 660601 371903 1004581 294793 873304 255595 590949 563980 149205 406142 948710 870469 604275 968443 887471 642962 481119 612892 767172 747826 926942 999999999 558776 742450 835618 805601 614641 536859 850709 599218 867653 797335 1123501 374998 762729 598829 735460 448899 300696 445186 41015 760716 549816 444978 793379 581357 709678 135405 171986 675056 1107935 848735 496164 764244 784025 1101662 639827 390487 719837 482588 862943 683224 461748 497477 628262 664482 676505 569769 1075581 566756 750546 134442 508254 1000970 198723 533213 540755 556656 354394 926091
531534 98957 211442 485804 760223 326011 560494 593618 221524 125367 401699 97729 173449 217052 196668 151523 736893 908393 88178 309480 850592 374154 513678 428320 653875 343866 752733 256623 508526 419488 421484 323085 214546 710014 347871 159255 288034 235115 208489 809329 499163 558776 999999999 211433 762229 246827 208840 154179 322679 40694 733659 644960 694842 561338 234076 117299 203499 377461 596502 116324 531961 705939 148201 522166 317191 353126 798590 576179 500854 785965 718000 424207 125184 690380 677522 729893 256905 275566 562169 644153 499039 160380 542048 201104 349292 262177 794518 782702 718820 533052 340896 507833 212810 541173 557112 121577 100633 197788 326241 367808
740616 237295 70792 507810 969373 137739 572845 804652 91322 208357 281935 157931 365846 294735 369011 260390 944062 1108620 153618 518674 1055257 472110 504928 549299 788929 500769 957512 435452 711306 627982 211814 132147 192312 824530 299816 108657 344862 392435 118193 1000240 550242 742450 211433 999999999 930007 141557 177368 218396 306279 182835 888052 802101 718116 772312 254661 144838 235880 581904 807402 304212 720864 881804 203952 729251 132278 531462 993850 734059 705702 984483 765280 493094 247695 863261 843783 787026 198887 486472 726761 852129 591683 239094 748358 400802 512472 395376 993559 990500 785668 726796 442342 667846 409145 558899 763868 317086 295786 223567 442293 241394
605639 696366 883294 620343 426767 1066041 639894 553931 975432 873805 898510 859859 747111 928861 796060 669900 376353 340655 850309 522954 370968 994872 692618 983624 214054 862718 338192 505685 686416 452963 1092802 974213 973359 286069 774806 918610 990387 538580 841401 191641 544791 835618 762229 930007 999999999 852395 969537 899817 728439 767995 88117 137447 621340 467509 710241 879507 713795 443166 560883 766743 796082 74920 899339 390834 1059167 409270 230516 958383 663657 262556 545414 529502 849664 76883 86255 512491 1017699 565801 203246 382923 433490 693896 373950 569968 418301 536634 271409 401622 475707 278616 515941 917246 555234 625887 647737 641221 661682 946288 940171 898875
762652 210994 71530 372369 952268 259547 434345 815464 232107 306443 159458 248752 420242 405630 439399 202991 920561 1067186 238347 513160 1023658 583149 364443 652220 690713 583671 927537 390888 749384 615697 240411 121833 323006 714127 158512 230398 465503 334888 39340 945907 421543 805601 246827 141557 852395 999999999 308635 325720 170139 206433 800553 718665 579875 768321 143523 245974 139252 560936 819332 361732 778475 812636 311869 709723 257578 478182 945762 818314 739691 941733 631377 373303 335996 791642 766691 655384 337146 490530 651538 832627 477517 171793 726259 384033 446881 320001 951566 968275 656867 682410 341945 750269 386844 421536 792772 307143 289975 344602 545155 122445
661096 293522 238649 647604 929184 189548 718233 735975 96553 102793 458358 111835 279962 135325 259408 339245 912638 1095521 123280 489600 1030881 303074 657623 385707 861470 360720 933818 464679 613783 597727 347396 303250 14972 913907 460079 79986 170895 443090 275456 1006638 676626 614641 208840 177368 969537 308635 999999999 86409 455101 213605 942447 853706 860691 723246 382690 94784 355620 566151 737252 228745 600030 911425 78901 701724 179463 560302 992274 584193 613364 976273 896642 608418 141089 896781 885322 913315 48183 448984 770497 818934 694395 333422 723056 402061 558129 465714 984116 956075 906455 730768 536338 521459 415710 701680 675029 328465 308430 58369 282213 417940
574854 250760 263180 628950 843898 268188 702302 649566 162599 28813 483748 79842 193685 79910 174065 301744 828265 1013206 92375 407929 947108 257906 648588 331556 804175 286917 850360 399223 528916 514797 414023 350528 82417 863168 462913 110665 143996 386386 287926 928201 648666 536859 154179 218396 899817 325720 86409 999999999 448789 173980 877702 788776 840686 637615 366878 79788 337229 486123 650846 144612 519908 839215 14472 618576 258012 492110 912274 517443 527910 895104 868518 575626 55561 825785 816830 881826 128424 366361 703813 734593 653045 303944 640133 329872 495684 416099 902707 871289 871764 653396 494727 452242 344630 684100 589380 263588 245651 46486 224239 444628
760207 237999 235953 202362 896022 429686 266755 797273 392766 423670 171428 369214 480933 525535 514814 194119 857627 979816 356458 494653 948563 694294 202525 750999 547553 662014 856739 338839 766731 580208 387082 276366 468134 558206 49290 375242 592768 275822 188243 846253 253442 850709 322679 306279 728439 170139 455101 448789 999999999 286294 666762 591357 411866 734324 89999 374407 119951 518956 802330 433582 817935 699178 436888 659736 427631 402662 853303 888739 752611 855570 461250 215079 440808 675920 645347 485424 490912 485996 536216 777340 322206 169694 672319 369258 358169 237621 866041 905531 487773 603421 215250 820665 364620 252634 797242 317740 310232 478785 648310 171094
566744 80011 174381 456545 786571 306412 530589 626522 207965 145908 361006 103279 214022 244316 236917 128448 761329 928159 90825 336013 873126 408250 480662 465588 649186 383821 775313 263640 546533 445163 389318 286974 221795 700301 309348 151265 314297 232700 168362 824277 474686 599218 40694 182835 767995 206433 213605 173980 286294 999999999 734959 646790 667436 590471 199155 118822 168644 399534 629663 156925 572097 714474 165188 546486 298234 360993 815614 616590 538229 804688 694578 402024 155529 697761 682510 708265 260366 304934 566109 669304 482722 130438 565715 219196 351099 252215 813538 807699 698926 548895 324232 548261 228717 511855 593624 135817 114202 213528 362085 327168
643606 659754 836929 544468 498654 1025376 559043 601066 940030 850609 834584 831213 738572 913692 788952 628048 447179 428123 820815 523926 454063 994606 615340 991177 131306 869214 412335 478681 719380 470154 1040167 922133 947523 197963 711513 886221 978219 502431 792930 277761 468081 867653 733659 888052 88117 800553 942447 877702 666762 734959 999999999 88926 534393 511145 657168 850078 663867 448663 608219 751284 827231 131558 875841 425321 1019086 386592 314168 984687 696377 343568 457528 460615 830162 114604 84120 424404 990552 564736 175319 440010 359694 649386 411705 550759 384474 492704 353075 476998 387629 300975 459442 938843 535022 546111 687735 614987 634335 924077 938928 837852
579407 572166 752523 486048 474974 939124 510465 545347 852422 761688 761187 742563 651086 825091 701674 541779 423301 445760 732243 439825 454033 908668 559139 907732 104141 785658 394995 389773 650687 394230 958876 840470 858703 201273 637517 798050 889915 414519 709383 294205 411459 797335 644960 802101 137447 718665 853706 788776 591357 646790 88926 999999999 507910 453812 575797 761512 580850 367079 552583 662748 756540 129614 786926 362311 932661 297843 320879 910217 627705 342352 440781 392461 741298 103815 61898 412798 901828 479700 87596 398275 298787 564046 351820 462055 295950 406853 352908 459750 376546 233595 379876 861872 446257 495155 624688 526102 545507 835152 852806 762002
961315 596288 647644 213087 963304 837880 145533 962923 804188 813112 505434 764290 814575 911161 859933 543493 913557 952933 751138 717555 960158 1063962 219957 1104295 409636 996601 892481 561265 1002184 750595 763923 670502 872770 342323 424120 781909 981598 520724 600105 800831 201604 1123501 694842 718116 621340 579875 860691 840686 411866 667436 534393 507910 999999999 876894 478065 773484 505898 692541 969684 785250 1084558 636933 830696 781677 836689 549631 828786 1197229 982167 849169 90589 281603 820001 611409 568506 130409 899432 733624 516594 864711 267405 537005 782647 636150 498660 470634 859871 955263 160540 669361 379759 1133356 622593 159570 1006349 633575 638486 876702 1011892 532955
141439 558136 759708 754760 207183 882595 813822 91757 773438 621403 887843 638921 444742 627785 476699 569685 200491 402049 635738 256107 322226 620889 823221 581199 545488 473987 233836 395518 228124 154686 979396 871998 720003 645724 781641 708241 667924 458538 738382 374822 705288 374998 561338 772312 467509 768321 723246 637615 734324 590471 511145 453812 876894 999999999 665255 659354 648589 215384 98994 495024 337702 393409 644370 96589 873146 347187 339315 505150 206932 307584 837401 639926 582276 400803 427286 820989 765686 285846 391521 114356 610953 601891 102337 384288 400203 499350 310875 237961 789054 223388 557326 475567 382198 792469 180818 463521 482891 677861 574959 867578
681156 148089 190233 264996 836900 388725 336628 723051 332559 340574 222776 288436 390985 441627 424935 106564 801467 936932 275382 418201 898818 607298 282103 662118 547484 572060 804460 272378 683012 510574 383143 264965 394705 574042 125293 304318 510254 210817 141888 810545 297815 762729 234076 254661 710241 143523 382690 366878 89999 199155 657168 575797 478065 665255 999999999 296166 30592 451238 727752 343762 730601 672662 355817 596632 384769 349453 813094 798871 669772 811632 516140 238461 354585 651054 624848 535423 422330 405402 510593 717271 338761 79996 611041 289638 312214 184708 821769 849461 532240 554211 198443 730763 287188 319391 716573 231073 221990 400149 560259 206139
612150 198748 183860 560682 862525 224199 632792 681611 114261 64048 403991 20889 229779 159680 226318 245064 842395 1019322 29273 415158 958426 337607 575867 409790 767217 355972 860760 373856 575491 525017 350578 276152 103438 819123 385720 49223 221179 349302 208363 924232 585898 598829 117299 144838 879507 245974 94784 79788 374407 118822 850078 761512 773484 659354 296166 999999999 267642 487911 683663 169907 578456 823128 65905 628843 214492 470425 912112 589624 571750 898101 806144 516031 103006 807664 794728 821702 141782 377234 679194 748943 600258 241012 649496 316349 465605 370971 906366 887184 813905 647841 442006 523175 328900 615385 631622 238737 217923 104411 302321 364955
