NAME : synthetic_000869
TYPE : CTSP-D
DIMENSION : 100
GROUPS : 8
RELAXATION_LEVEL : 1
EDGE_WEIGHT_TYPE : EXPLICIT
EDGE_WEIGHT_FORMAT : FULL_MATRIX
EDGE_WEIGHT_SECTION
999999999 351863 228771 236505 519580 613729 261683 596057 360945 523706 562048 306796 189977 428335 359953 539796 246307 353390 403296 421669 292350 693027 236680 479375 323860 96615 256345 540099 281225 410796 441073 249224 575173 368133 613563 524296 216393 727356 615946 332431 358373 145419 723250 279514 339522 515332 232849 368803 643886 682026 496270 262490 408556 838101 574821 785641 426190 441987 471374 446392 507641 219474 395240 489644 289356 309890 365426 643732 752464 440787 574486 111669 514436 92328 376250 208367 9452 245070 498683 313449 684363 588197 374100 148576 580209 449712 405714 467035 337981 70487 543591 585987 306818 181150 484199 392318 51278 384016 611700 318610
351863 999999999 154477 420842 801697 678874 598084 623978 433601 819264 693734 409180 497684 690082 709825 594213 455859 700956 324843 351712 606688 810497 259615 828248 589288 409197 597290 866867 629294 615158 210680 587606 687430 175293 900450 870991 337215 599592 800102 215504 183251 490904 960765 127599 680691 845045 514677 720661 600668 904664 348087 569809 227902 695499 533117 672316 75792 109202 822803 752666 219488 441272 655760 277306 612232 590887 495559 944322 588357 791642 753224 405327 247586 436437 420357 208224 342687 325716 848214 112639 589094 569616 682400 205985 630584 320422 754070 482237 67644 422075 645778 803169 587527 445687 171422 719767 400696 520070 522115 668195
228771 154477 999999999 376511 729315 703834 453290 662477 440141 739442 690492 399609 348059 626394 572694 620155 404461 561204 387098 413319 455921 816939 255227 688760 520772 308465 454562 766910 490976 576307 330419 443849 692458 146820 826479 752125 306523 699626 776352 276973 140651 374168 914039 173208 536782 695372 435075 589559 667574 864606 444086 479237 196515 803378 596355 768930 217347 262626 688118 665732 363523 286814 591790 274692 513263 436855 482530 862502 701454 655579 730779 257960 288236 300836 438183 54954 220871 179133 709447 84723 676313 625070 593381 87128 659899 405586 614584 518248 180498 294376 653557 763943 433502 369300 256363 618645 271056 506285 604387 545562
236505 420842 376511 999999999 385440 378334 424921 367268 143812 408417 328520 91910 400902 270973 462102 307883 37671 469061 264018 268771 480628 459285 167826 572720 176837 161804 410954 481393 407625 200204 386667 411052 339394 520518 483819 529272 85029 547681 400493 266017 516232 233108 542803 297337 478538 658381 133037 442626 434136 490120 367349 198436 572657 657275 371295 594425 492037 464148 544298 352633 473005 454988 237336 648951 251835 520922 129222 532664 589776 524049 355529 343579 649062 290797 169951 388297 234298 467565 586210 445668 493024 374012 290682 295119 347514 324243 510216 254163 370320 254258 307107 388816 518323 91151 588905 347994 258496 147562 425714 367463
519580 801697 729315 385440 999999999 470423 509562 521840 448800 44904 344484 433402 571699 116590 434207 467399 348445 458065 614843 608098 580737 415680 553263 477416 212450 425819 490605 177903 449106 232048 762991 501067 381348 875865 98760 308615 470378 800169 258592 646995 868412 395373 230241 681509 498932 619418 294240 383400 642067 220238 708229 257673 922034 892984 611823 817340 874833 849568 427652 98721 850777 678592 148481 1002352 244829 652620 370799 150245 863901 433570 257343 577649 1015470 501385 480465 723041 524256 758087 476093 808581 732401 585543 155580 642215 483132 674035 460512 512688 754823 480078 392448 179251 651792 361064 965136 187897 500990 354915 688533 330545
613729 678874 703834 378334 470423 999999999 782402 76885 265307 514607 126598 313243 775835 391861 782217 84860 377815 796864 361374 336930 845414 152640 448614 871629 403050 538072 765900 642905 749530 282300 523433 769071 89543 829050 530786 753800 411172 360886 252327 463698 829692 593090 448730 558764 819140 987218 451054 746530 196987 382517 397089 492123 885173 436267 205820 359251 728223 662317 830397 519618 598228 832950 387354 950085 534334 893521 249259 596363 434080 821516 225624 721899 926409 666968 265925 732511 610722 831649 878723 749681 292887 161911 505453 639155 50200 392173 825343 197432 612057 630752 85900 319878 891139 455139 844619 577104 636514 233726 278908 670471
261683 598084 453290 424921 509562 782402 999999999 785892 568382 491078 696535 514725 113879 469763 135546 723754 411934 115993 650738 665396 71507 819716 489656 239559 397194 272183 19054 440291 66419 519701 702659 13906 720748 562925 579241 359755 446642 964666 700549 591655 549467 192420 739455 540252 83638 253660 331773 174720 859039 719808 749074 302413 585305 1075464 795256 1016282 668267 696367 249875 412318 768670 226994 448368 661246 279970 143995 542060 582449 997996 215273 670445 195547 707825 169359 592297 411093 270923 360818 261119 532830 914369 798876 358821 393333 760879 702291 167303 678939 594583 197226 700359 643897 143530 335500 702489 325927 210890 552088 844441 185166
596057 623978 662477 367268 521840 76885 785892 999999999 236144 564857 188035 289393 768141 432297 798815 63366 374421 811341 300874 274979 845436 228953 408899 894948 425511 529062 770412 688891 758926 313629 457278 772236 153193 780798 589804 791442 384387 289648 322163 408701 782569 593907 520580 508506 829610 1002856 459421 767029 125248 453888 325583 508076 837049 372847 129194 296393 668803 599208 856401 560553 528723 815162 422219 898630 554564 888126 243842 655069 361221 844641 290462 706684 870562 657921 227736 695461 591964 801169 903726 701815 220909 85027 537457 604107 39299 324950 843835 144558 556498 621347 130177 384069 885547 451842 786184 609502 624271 235101 202193 689901
360945 433601 440141 143812 448800 265307 568382 236144 999999999 482013 260138 54894 538210 334016 603396 184104 164479 611464 167529 159298 622648 380049 185943 711249 272068 301037 554634 579272 551149 220290 327418 554495 255670 570547 540805 648744 148381 406904 372671 229317 569940 376874 551007 307395 622139 801517 264690 580806 290818 488999 259829 326165 626172 515466 227520 451169 493266 442288 679958 444800 414436 579512 307449 694923 379035 659360 78930 598729 453706 661855 325998 472177 679092 427833 32661 467303 356490 567495 723626 491355 350153 231474 395960 373847 224832 225521 651077 110591 370394 391369 215108 390693 656624 234725 604386 462351 391982 99318 284688 504290
523706 819264 739442 408417 44904 514607 491078 564857 482013 999999999 388907 462953 560612 148078 406552 509542 370889 431234 646508 641074 561521 460210 575744 441639 232086 432554 472348 133315 428476 269184 790693 483524 425699 885291 91669 266609 492672 841243 302669 672833 877188 392627 255929 701586 473887 585672 306305 354708 684220 255075 741840 261612 929837 935215 652227 859828 893280 871806 391268 81288 878195 670830 175960 1010584 239703 634948 405045 125092 904044 399474 302234 573770 1026975 497626 514116 729885 529064 757588 439063 820267 773770 627065 150619 652378 526323 706301 429559 550733 774976 479130 435873 222825 634331 374785 980084 165273 500998 390591 728375 308227
562048 693734 690492 328520 344484 126598 696535 188035 260138 388907 999999999 291641 705280 272868 680733 149647 315935 697573 401963 382503 763219 130994 442236 762542 302819 475629 678959 518483 656743 178167 569793 683816 37058 826682 404588 633647 384592 477348 137941 486327 825015 514548 336905 567404 724215 885122 367188 641255 313211 269989 463521 396660 881632 559526 302958 482662 752380 696991 719078 398630 652254 776479 273615 952622 432594 818032 208174 470132 547827 712959 102512 663549 938989 600600 275739 710468 560864 795945 768023 748052 408501 265686 391921 615966 149012 446671 721426 245052 630171 565853 64148 196080 815950 387908 864397 462236 575724 184992 381201 567224
306796 409180 399609 91910 433402 313243 514725 289393 54894 462953 291641 999999999 483317 316894 553880 234830 118102 560970 185758 185242 568216 417342 151767 663762 241230 246351 501283 551040 499282 215356 330315 500826 292935 535113 528779 611270 98001 455796 390924 219425 533374 323856 557776 281586 570108 750196 219715 533475 345112 498711 286325 283506 589994 565368 280543 502855 473674 430940 634240 417998 418224 525771 287003 661434 336986 604478 86528 583536 498811 614814 344053 417790 650735 372943 78132 422851 302586 518469 676864 456651 401313 286176 363378 328554 275574 246492 601913 164924 349583 336486 254693 398002 601739 182969 580588 426483 337148 111074 333805 457712
189977 497684 348059 400902 571699 775835 113879 768141 538210 560612 705280 483317 999999999 511194 247947 708582 398025 229694 593233 611293 109523 833711 426625 352951 422130 239100 122347 530169 170556 535544 622238 108996 724717 450592 651617 465186 400763 916485 731011 519589 436894 193875 797091 454430 195674 347537 340717 281709 826675 769127 685839 332912 471660 1027353 759111 973505 565077 600097 363421 479476 681391 118282 484252 547377 328292 121539 527639 663676 942433 328903 695617 93447 594647 110427 557390 302440 197771 247076 374632 424619 871870 769033 416227 297779 747855 639387 281158 647452 501601 146985 698679 684025 118678 320967 592312 400139 147786 542111 799697 272394
428335 690082 626394 270973 116590 391861 469763 432297 334016 148078 272868 316894 511194 999999999 424512 373353 234645 444681 499112 493175 540813 372727 438513 494581 105980 331992 450864 258361 417649 123873 646403 459018 307225 773200 213568 361947 355992 699826 234095 530684 766665 321638 295155 568100 478391 624717 195819 379780 546761 258991 593824 178962 821431 797166 509728 722999 762335 734542 449172 128365 734196 608390 34697 900868 189793 606896 256984 266642 760436 445985 211827 500851 909727 426094 366063 624911 431717 672146 498432 703252 633338 487688 123885 539821 395246 558654 460551 404657 641218 399480 307974 174382 605525 257447 855678 190893 417926 242970 584517 311344
359953 709825 572694 462102 434207 782217 135546 798815 603396 406552 680733 553880 247947 424512 999999999 735461 439111 26252 713147 723568 185630 793948 563956 119774 379721 336384 125681 329468 81889 503545 789616 138951 709866 691195 487474 229623 505476 1009607 658110 671848 678250 242818 662177 636714 73621 205018 342196 52690 887336 653373 815478 290987 716670 1118773 829415 1054056 782701 801936 116668 335940 862580 362540 412019 793814 248524 260803 560511 479068 1051186 83076 635567 320163 837563 273591 631559 535086 369368 494804 138730 654998 953462 825615 301709 503963 768937 769383 48671 711045 697776 289588 696907 591373 261517 371796 826496 247123 309660 564846 887496 113913
539796 594213 620155 307883 467399 84860 723754 63366 184104 509542 149647 234830 708582 373353 735461 999999999 312973 748052 278782 255209 783994 226117 364981 831730 362522 469542 708098 631095 695982 252746 443174 710144 121252 744339 540079 730586 331908 334686 287586 379217 745094 532068 486497 473905 766592 939547 396357 703706 174689 419598 323273 444710 800486 425674 153737 350446 644385 579913 793405 501193 520592 759250 361547 865228 491288 828018 182124 604784 402330 781423 250244 649613 841781 598639 181972 650003 536156 751599 840625 664985 266164 119656 475695 557181 40780 313538 780470 114016 527517 562121 85731 341050 825491 390607 760460 547680 565988 172178 232304 626559
246307 455859 404461 37671 348445 377815 411934 374421 164479 370889 315935 118102 398025 234645 439111 312973 999999999 447751 297817 300839 471068 446854 205028 546926 139183 161400 396910 444306 389324 172789 424060 398202 330632 549794 446964 495346 122003 571315 376687 303632 544856 219634 511063 333479 460427 638458 101613 416502 450375 460212 400622 165777 600969 679928 390517 614993 527739 501336 516480 315074 510538 461147 200696 678273 219331 516062 130856 495257 616392 497672 332958 348461 680930 289523 193734 412540 245503 484588 559574 476242 514362 389225 253793 320942 351259 358406 486672 272242 406659 253586 301718 359487 513625 77711 622858 312567 261205 144090 449097 340256
353390 700956 561204 469061 458065 796864 115993 811341 611464 431234 697573 560970 229694 444681 26252 748052 447751 999999999 716205 727523 161120 812468 564015 127601 395485 336933 108778 355676 72165 519851 787404 121313 726030 676463 512877 254776 508496 1016706 678637 670951 663275 244347 686600 631857 47544 191600 352920 78622 897349 676726 817925 304794 700400 1126315 838256 1062571 773101 794971 133901 359569 858780 342271 430870 776835 264987 235712 571382 505120 1056715 99281 655037 306182 822197 264669 638936 521934 362840 476747 148277 642672 961597 835794 322720 494975 782214 771591 53380 719991 691300 283580 711881 613031 236530 378170 813626 270499 302478 576719 894775 133341
403296 324843 387098 264018 614843 361374 650738 300874 167529 646508 401963 185758 593233 499112 713147 278782 297817 716205 999999999 27103 692574 503377 167322 828387 426961 381060 640538 736781 648890 387783 167830 637088 386643 488632 707891 793033 207741 327013 528170 113067 492214 471956 714147 218465 717347 898928 397048 699921 281694 650542 103594 462440 544514 436795 211442 390500 368010 301142 803684 603705 251625 601945 470778 601480 515852 712906 246452 765024 349271 781142 482676 510316 570202 489145 138230 429946 395757 549367 843383 411367 292934 245317 548593 350021 311648 60824 761812 164806 257200 455985 344503 554518 709790 346238 485310 610092 447863 266254 219717 627072
421669 351712 413319 268771 608098 336930 665396 274979 159298 641074 382503 185242 611293 493175 723568 255209 300839 727523 27103 999999999 709103 480652 187561 837681 425678 394310 654637 735107 661173 378801 188602 651662 365618 515730 699758 795925 219694 306222 511049 140114 519286 483775 699483 245370 730258 911891 401468 708531 254893 635217 101469 466441 571616 416663 184453 367871 393851 325430 811590 601286 269754 623567 465987 628470 519990 731553 237700 757999 332739 789913 466087 529926 596716 505881 127951 455511 414414 574123 852183 438423 269127 218250 548452 374281 286990 67319 772179 141707 284079 472061 323687 540538 728473 354078 511349 611640 464989 255939 195676 634724
292350 606688 455921 480628 580737 845414 71507 845436 622648 561521 763219 568216 109523 540813 185630 783994 471068 161120 692574 709103 999999999 887699 527734 267693 465979 322208 90561 505616 133607 587356 729920 81809 786390 550641 649041 415194 493368 1012040 770890 624581 536413 252405 810741 563018 115662 239780 396709 232591 913327 791314 787902 371500 566501 1123023 847832 1066318 673231 709553 289660 483227 790450 195831 518868 638787 351050 76209 601878 650196 1041592 255458 740062 202946 691394 203439 644744 408491 300890 337771 289595 530386 964374 854041 430323 407284 821902 741209 203583 733117 611089 237159 764523 715053 76512 393601 695500 396255 244973 613361 893267 254202
693027 810497 816939 459285 415680 152640 819716 228953 380049 460210 130994 417342 833711 372727 793948 226117 446854 812468 503377 480652 887699 999999999 565385 867210 422824 606103 801728 593514 776475 300384 669022 807350 124625 950376 450688 720809 512538 500584 158853 598274 949424 641653 327675 686117 842108 996360 493891 751310 341358 266623 547758 517661 1005825 561784 358146 486141 865057 803883 821252 488741 746653 907040 381955 1074965 548660 944761 336655 514481 575609 818711 162370 794067 1057466 730191 390208 838914 691857 926460 870579 871285 434995 313636 496380 744381 200926 539645 832073 338950 745196 695775 165103 239343 942781 518149 979520 562965 706141 314311 429449 680046
236680 259615 255227 167826 553263 448614 489656 408899 185943 575744 442236 151767 426625 438513 563956 364981 205028 564015 167322 187561 527734 565385 999999999 682157 343712 227575 480863 641892 494228 356024 231870 476270 440789 385017 651603 673842 83074 493658 541749 109752 384107 321275 701653 132655 560381 741048 284112 557458 427883 645085 260212 347410 440449 603842 356479 555077 327535 296331 662788 516981 314012 436269 405080 510400 397600 545813 238156 700257 515986 637196 494988 342994 499059 324548 183034 286604 228889 396432 698807 306048 455338 379022 451441 196581 404859 213486 612391 265821 204187 292881 400784 543626 542679 219489 430581 501627 282785 262681 381899 489544
479375 828248 688760 572720 477416 871629 239559 894948 711249 441639 762542 663762 352951 494581 119774 831730 546926 127601 828387 837681 267693 867210 682157 999999999 469927 454705 235112 334563 198957 589541 908884 246870 794158 802382 509148 201030 621217 1118151 721846 790542 788984 360926 694039 756486 157642 147929 446940 130444 989860 696480 931264 389398 824608 1226273 934815 1159623 900596 921336 51048 385369 982273 460301 489066 899914 340561 333731 662517 485321 1162457 50307 705545 433101 947374 391821 740587 649017 488806 598691 21944 770025 1060048 927939 371536 622267 862947 885483 74257 816633 817314 409120 785738 648836 335448 483977 940722 304483 428828 664269 995937 207390
323860 589288 520772 176837 212450 403050 397194 425511 272068 232086 302819 241230 422130 105980 379721 362522 139183 395485 426961 425678 465979 422824 343712 469927 999999999 227267 379058 309821 354280 124669 562079 385043 330564 667592 311179 379018 260657 666843 308914 442480 660907 228591 399595 469921 421398 584699 91066 343568 526154 358896 527086 94853 715556 770635 477693 700032 662614 639720 430894 177521 648997 512098 71831 795107 131349 526338 205247 356853 720549 419653 274893 402062 805007 329177 304630 518941 326848 568491 478277 598303 603951 464531 123934 434063 393035 487719 422321 362987 543307 299962 317450 265800 524604 151576 752926 192149 316873 200787 546533 267439
96615 409197 308465 161804 425819 538072 272183 529062 301037 432554 475629 246351 239100 331992 336384 469542 161400 336933 381060 394310 322208 606103 227575 454705 227267 999999999 260608 460824 268197 317412 455237 258332 491740 453233 521204 463820 174812 692510 521778 335892 444801 93785 626746 312685 336287 517878 136308 331399 591350 585462 481692 171208 497288 803342 525626 744894 484985 485543 436841 357500 531738 300949 298731 578036 205827 359285 289132 554617 726426 410279 481305 187965 596699 129144 322542 297515 99726 341557 471613 391214 642932 532497 285069 222111 508950 435166 384844 411253 380960 92733 463087 489768 356653 88293 557207 312643 100110 304705 572523 267343
256345 597290 454562 410954 490605 765900 19054 770412 554634 472348 678959 501283 122347 450864 125681 708098 396910 108778 640538 654637 90561 801728 480863 235112 379058 260608 999999999 423188 50510 501879 696524 13731 703481 567746 560697 345927 435389 952607 681860 584114 554523 177928 720461 535707 83714 260498 314985 161103 845055 700755 739614 284227 591744 1063300 781806 1003442 668303 694127 241683 393449 763963 238308 429652 668463 261079 162611 526656 564527 986988 207363 651981 198008 713420 164458 579063 413946 265701 369125 256307 535166 901588 784671 339767 391813 744973 692862 161579 665106 591639 189809 683542 624958 162054 320981 705635 307264 205156 536229 832040 167097
540099 866867 766910 481393 177903 642905 440291 688891 579272 133315 518483 551040 530169 258361 329468 631095 444306 355676 736781 735107 505616 593514 641892 334563 309821 460824 423188 999999999 373975 381826 867871 436111 554882 908232 177387 141509 560671 957908 435910 746349 898341 396458 364924 758324 402384 482316 358217 277315 804958 378032 836571 297933 947397 1055498 767633 981172 942443 932245 283602 134733 953622 647067 276138 1028421 255181 581702 506726 151937 1017493 299799 434937 564698 1054278 492098 611928 748009 547204 753524 327701 850801 891630 746044 190876 681923 651090 797533 339790 660082 830693 482836 561819 355866 581762 425571 1018016 148333 506435 496232 841637 258265
281225 629294 490976 407625 449106 749530 66419 758926 551149 428476 656743 499282 170556 417649 81889 695982 389324 72165 648890 661173 133607 776475 494228 198957 354280 268197 50510 373975 999999999 478666 716099 64140 683078 609588 515537 295699 441575 954054 650788 600403 596732 177530 679342 559790 71104 251360 299732 111266 839663 662546 749878 260093 635807 1064205 778618 1002048 701753 722861 198315 350993 786898 287785 399061 713437 229408 208763 516423 516955 991883 164962 623225 238493 756168 192865 577414 453204 290675 415817 219035 573143 900591 778546 301811 423315 731591 703363 124834 660814 619145 211455 665732 590547 208571 316495 744609 263243 230333 523840 832546 120639
410796 615158 576307 200204 232048 282300 519701 313629 220290 269184 178167 215356 535544 123873 503545 252746 172789 519851 387783 378801 587356 300384 356024 589541 124669 317412 501879 381826 478666 999999999 543731 507205 206322 720707 321089 477913 279026 576101 205395 434753 716306 342322 345648 488673 546052 708322 194828 465600 424495 290505 477779 218651 772652 674274 385909 600652 683453 645433 548100 249529 631497 615907 108805 849149 255059 644759 141367 380525 636586 539513 163897 503350 848323 435246 250863 585325 411492 653745 596437 645758 509857 364744 224413 493555 278225 445563 545200 281577 559702 402421 196420 188966 642834 229836 785261 296438 415506 123422 460672 390502
441073 210680 330419 386667 762991 523433 702659 457278 327418 790693 569793 330315 622238 646403 789616 443174 424060 787404 167830 188602 729920 669022 231870 908884 562079 455237 696524 867871 716099 543731 999999999 690024 554025 385945 858973 905467 308497 389709 695098 122684 393818 548736 878231 170197 778793 956312 512843 786619 408672 815587 145184 577331 437745 484860 347249 462905 226608 146274 892066 739027 87910 598241 615395 479363 628465 732883 404598 912808 378189 865328 649257 530350 434235 533373 301658 383604 431921 509166 926342 319458 383952 389055 677019 333300 473254 132448 837524 330201 153906 506915 511985 718012 729555 450477 343017 730980 491779 426490 321338 720446
249224 587606 443849 411052 501067 769071 13906 772236 554495 483524 683816 500826 108996 459018 138951 710144 398202 121313 637088 651662 81809 807350 476270 246870 385043 258332 13731 436111 64140 507205 690024 999999999 707815 555616 572226 359648 432837 950799 689196 578591 542309 178640 730696 528155 93141 266334 318624 174835 845162 710133 735564 290354 579089 1061591 781355 1002379 658208 685229 254647 404271 756535 224630 437115 655592 269273 151601 528397 576837 984236 220234 658685 186647 701040 156970 578392 402538 258509 355947 268214 523999 900468 785018 349406 382471 747337 688785 173725 665055 583130 184090 687175 633281 150873 321695 694151 318634 198264 538543 830553 179412
575173 687430 692458 339394 381348 89543 720748 153193 255670 425699 37058 292935 724717 307225 709866 121252 330632 726030 386643 365618 786390 124625 440789 794158 330564 491740 703481 554882 683078 206322 554025 707815 999999999 825797 441468 668710 388733 442840 169437 476761 824805 535981 368438 562370 751324 914631 389685 671553 278407 301567 441712 423206 881217 523375 272278 446443 743578 685011 751371 433845 634684 791720 306063 950563 461366 839204 213770 507028 514089 744371 137787 679092 933974 618455 267176 715097 573416 804914 800151 746738 374086 233202 424587 620597 114743 427945 751374 225240 622684 583129 42267 231907 837027 405028 857142 495455 591746 192444 349850 596770
368133 175293 146820 520518 875865 829050 562925 780798 570547 885291 826682 535113 450592 773200 691195 744339 549794 676463 488632 515730 550641 950376 385017 802382 667592 453233 567746 908232 609588 720707 385945 555616 825797 999999999 972804 884667 446457 774740 918581 375762 15118 512574 1060199 272475 645955 788294 581661 714322 768991 1009960 522079 624407 56252 870678 699756 847296 186603 266641 807838 810717 385658 359851 738588 128486 656384 514292 620199 1007835 763219 774112 872549 371098 147746 428317 563941 161106 361140 219109 823810 79389 762643 733564 738266 233725 782792 491820 729292 636572 237885 428619 785629 908989 511145 516111 149878 760394 404810 644414 694372 677760
613563 900450 826479 483819 98760 530786 579241 589804 540805 91669 404588 528779 651617 213568 487474 540079 446964 512877 707891 699758 649041 450688 651603 509148 311179 521204 560697 177387 515537 321089 858973 572226 441468 972804 999999999 318838 568813 874760 292970 744118 965072 484076 187693 780181 557100 656038 391665 434931 713253 207653 798850 351083 1018263 962649 689491 886097 973587 947831 458114 172841 946853 762354 246534 1098804 331255 723236 462080 65584 941276 470954 306664 665394 1113198 589227 571810 818717 618662 848852 503669 906315 806220 659636 241893 739351 550535 766317 505946 596876 853475 570361 459723 214500 722739 459091 1063664 253677 592052 444441 767437 394902
524296 870991 752125 529272 308615 753800 359755 791442 648744 266609 633647 611270 465186 361947 229623 730586 495346 254776 793033 795925 415194 720809 673842 201030 379018 463820 345927 141509 295699 477913 905467 359648 668710 884667 318838 999999999 598478 1045425 566083 782832 873114 380601 506429 775621 301976 348322 396631 185039 900586 518079 895968 331070 917261 1147978 855676 1076031 946536 949184 151843 235052 987431 583132 369223 996979 278213 490394 584262 287349 1099531 175779 559294 520280 1032409 456498 680887 723924 532778 705996 190874 836794 981704 839716 256892 672536 755420 853453 223868 741929 844742 457884 669592 487649 491133 455191 1008262 186888 481421 578780 925484 206980
216393 337215 306523 85029 470378 411172 446642 384387 148381 492672 384592 98001 400763 355992 505476 331908 122003 508496 207741 219694 493368 512538 83074 621217 260657 174812 435389 560671 441575 279026 308497 432837 388733 446457 568813 598478 999999999 518819 472353 186110 443481 264346 624124 212615 510564 692197 204348 493482 427556 569442 310101 268960 500199 629778 358873 573389 407578 379337 597921 434503 393202 432855 322357 574236 320608 522254 176418 617190 551615 574439 426167 328049 569818 291984 160297 326394 211023 420488 636600 369531 471554 371906 369900 231875 372688 264275 554146 251028 285421 256663 351557 467853 519341 143684 506495 422484 252979 199899 399991 422083
727356 599592 699626 547681 800169 360886 964666 289648 406904 841243 477348 455796 916485 699826 1009607 334686 571315 1016706 327013 306222 1012040 500584 493658 1118151 666843 692510 952607 957908 954054 576101 389709 950799 442840 774740 874760 1045425 518819 999999999 611586 425264 781868 777215 809366 526439 1024523 1205332 671421 987707 164521 742902 255885 731675 827257 110985 190422 73930 612440 527529 1086373 824837 417358 928950 682773 867810 783777 1037181 462028 939398 75612 1068718 579859 836110 817754 809673 378059 747435 720285 870473 1130419 704895 68869 215165 788680 673973 328374 294767 1057531 304246 538243 774996 416935 673014 1034131 638552 724522 858806 769412 466661 122219 911116
615946 800102 776352 400493 258592 252327 700549 322163 372671 302669 137941 390924 731011 234095 658110 287586 376687 678637 528170 511049 770890 158853 541749 721846 308914 521778 681860 435910 650788 205395 695098 689196 169437 918581 292970 566083 472353 611586 999999999 601923 915139 537301 199158 672510 712414 856442 393444 612235 447066 132235 597107 400789 971778 688329 440717 611333 863639 814959 674241 337995 779785 817739 252229 1046546 421632 833993 304597 357501 683346 674664 46915 705908 1040412 635535 394516 788452 616794 859139 723507 841882 542981 402541 356479 695601 284107 576939 692778 378506 739779 604155 202020 80546 832379 434822 971512 417998 618588 280136 518765 545301
332431 215504 276973 266017 646995 463698 591655 408701 229317 672833 486327 219425 519589 530684 671848 379217 303632 670951 113067 140114 624581 598274 109752 790542 442480 335892 584114 746349 600403 434753 122684 578591 476761 375762 744118 782832 186110 425264 601923 999999999 379182 429670 776189 105774 665093 844604 390413 666674 394560 715855 173282 454739 431741 531744 324502 493072 266861 213202 772070 618633 207274 511797 498677 490302 505785 635225 300841 796056 434880 746083 555186 430776 462814 423644 210588 322679 323743 445210 807501 298309 399378 357823 555480 250249 415179 130621 720104 266775 148381 394508 434666 615981 631975 327795 381608 608526 381629 324405 327444 599234
358373 183251 140651 516232 868412 829692 549467 782569 569940 877188 825015 533374 436894 766665 678250 745094 544856 663275 492214 519286 536413 949424 384107 788984 660907 444801 554523 898341 596732 716306 393818 542309 824805 15118 965072 873114 443481 781868 915139 379182 999999999 502319 1054688 274954 632377 773828 574344 701936 773145 1005062 528406 616008 56725 878679 703562 854180 198973 277643 794912 802139 396219 345189 732102 134203 647150 499530 618022 999383 771603 761108 869263 358296 159716 416637 564188 150467 351588 204183 810453 80992 768576 736735 729669 226847 783808 497182 716021 638167 244066 417812 784891 904271 496391 509342 164980 750686 393993 642135 699795 666295
145419 490904 374168 233108 395373 593090 192420 593907 376874 392627 514548 323856 193875 321638 242818 532068 219634 244347 471956 483775 252405 641653 321275 360926 228591 93785 177928 396458 177530 342322 548736 178640 535981 512574 484076 380601 264346 777215 537301 429670 502319 999999999 613254 402488 247426 428754 147768 238255 667148 580621 573579 142858 550945 887598 604225 826543 566266 573351 343615 312489 624319 286895 292815 631962 153019 303486 350090 507914 814370 316612 501750 182309 659399 106116 401839 351865 153353 365171 377851 458815 724825 606744 242212 292417 569685 527265 291368 487269 468436 87471 512732 492353 301403 143112 629185 249895 110545 361022 656020 177826
723250 960765 914039 542803 230241 448730 739455 520580 551007 255929 336905 557776 797091 295155 662177 486497 511063 686600 714147 699483 810741 327675 701653 694039 399595 626746 720461 364924 679342 345648 878231 730696 368438 1060199 187693 506429 624124 809366 199158 776189 1054688 613254 999999999 834308 728410 839794 490439 610532 644983 66929 789984 470789 1110326 882315 639827 805562 1028987 988632 643154 328687 964734 899808 328017 1188564 468821 882098 475611 232659 881754 653798 237870 794409 1191750 718905 576881 916599 726405 967298 689607 987286 741000 601627 382311 828684 482915 766420 685357 572784 905116 693732 400799 160383 881187 548852 1130612 417582 712701 452617 717921 560622
279514 127599 173208 297337 681509 558764 540252 508506 307395 701586 567404 281586 454430 568100 636714 473905 333479 631857 218465 245370 563018 686117 132655 756486 469921 312685 535707 758324 559790 488673 170197 528155 562370 272475 780181 775621 212615 526439 672510 105774 274954 402488 834308 999999999 619017 793438 401259 639689 500147 777609 271073 460495 328699 630649 429809 595776 195122 174353 744449 638591 228430 428307 534163 391325 506771 563207 367991 826593 529931 715573 625636 361762 371714 371292 296185 221970 270108 346807 775089 193966 503868 461972 570197 163143 511646 232477 683519 364547 73393 348384 521070 676195 559869 332948 299002 613666 330791 392509 432505 579473
339522 680691 536782 478538 498932 819140 83638 829610 622139 473887 724215 570108 195674 478391 73621 766592 460427 47544 717347 730258 115662 842108 560381 157642 421398 336287 83714 402384 71104 546052 778793 93141 751324 645955 557100 301976 510564 1024523 712414 665093 632377 247426 728410 619017 999999999 181635 370241 125074 910766 716224 817653 328148 667189 1134787 849631 1072934 751347 777834 174493 400216 847138 303290 462191 742288 293492 189028 587361 551149 1061584 140066 686800 279160 790319 247964 648235 494721 348915 441052 179472 616467 971417 849648 358614 475392 801952 771013 88706 731875 675337 271908 734968 649157 189989 387440 786059 311039 288257 594509 903147 169576
515332 845045 695372 658381 619418 987218 253660 1002856 801517 585672 885122 750196 347537 624717 205018 939547 638458 191600 898928 911891 239780 996360 741048 147929 584699 517878 260498 482316 251360 708322 956312 266334 914631 788294 656038 348322 692197 1205332 856442 844604 773828 428754 839794 793438 181635 999999999 544486 245068 1088521 839464 999010 495652 800759 1315383 1028729 1252661 912554 946283 198738 524457 1021856 429298 614653 869815 453429 278418 762915 633242 1243093 186198 836517 439801 926373 423004 828310 648271 524556 572060 157924 770141 1151390 1027057 500883 642984 973477 952329 164288 910615 845933 450183 901924 786284 281231 567242 934433 439174 464534 768310 1083723 317920
232849 514677 435075 133037 294240 451054 331773 459421 264690 306305 367188 219715 340717 195819 342196 396357 101613 352920 397048 401468 396709 493891 284112 446940 91066 136308 314985 358217 299732 194828 512843 318624 389685 581661 391665 396631 204348 671421 393444 390413 574344 147768 490439 401259 370241 544486 999999999 316537 545160 449819 500380 65561 628301 779335 488179 713011 589439 574584 415320 238062 597291 424416 162424 708394 118812 451023 218485 430871 717692 397345 355961 313145 721538 242103 294784 430260 235988 477426 458998 514663 613149 483421 168944 347981 431874 457198 388905 369868 474182 211079 368591 355582 448996 68990 673848 218137 226867 224345 549245 239713
368803 720661 589559 442626 383400 746530 174720 767029 580806 354708 641255 533475 281709 379780 52690 703706 416502 78622 699921 708531 232591 751310 557458 130444 343568 331399 161103 277315 111266 465600 786619 174835 671553 714322 434931 185039 493482 987707 612235 666674 701936 238255 610532 639689 125074 245068 316537 999999999 860099 603110 803107 259866 742999 1095855 804544 1029372 794791 808542 105447 285613 862565 399045 369747 821483 212699 308613 532679 426500 1032246 81449 591523 344372 861645 288767 610187 555599 378007 525810 143691 673207 929678 798197 256057 516150 735815 757635 80794 686313 703757 298666 660804 543732 309063 354497 845289 197497 320620 535057 865494 77390
643886 600668 667574 434136 642067 196987 859039 125248 290818 684220 313211 345112 826675 546761 887336 174689 450375 897349 281694 254893 913327 341358 427883 989860 526154 591350 845055 804958 839663 424495 408672 845162 278407 768991 713253 900586 427556 164521 447066 394560 773145 667148 644983 500147 910766 1088521 545160 860099 999999999 578454 264482 600462 824524 251000 71597 176240 632931 554938 954354 673934 465721 858054 532973 877857 650280 948155 327424 778277 237099 939743 415681 755485 839981 716679 269328 708012 638271 823413 1000321 692505 96021 61927 644163 622883 164215 281426 933999 180243 533721 680465 253871 509152 945335 524322 750514 715658 679311 326382 98396 782737
682026 904664 864606 490120 220238 382517 719808 453888 488999 255075 269989 498711 769127 258991 653373 419598 460212 676726 650542 635217 791314 266623 645085 696480 358896 585462 700755 378032 662546 290505 815587 710133 301567 1009960 207653 518079 569442 742902 132235 715855 1005062 580621 66929 777609 716224 839464 449819 603110 578454 999999999 724624 437866 1061121 817004 572901 740151 971626 928796 646255 317521 901656 867371 289154 1138446 442972 860425 415024 264067 815100 653444 171516 759388 1138804 684956 513947 870034 684509 927011 694137 935749 674455 534739 361107 780321 416108 701943 680686 506934 847554 657672 333915 101594 859281 504118 1075246 406282 675401 391525 650994 546794
496270 348087 444086 367349 708229 397089 749074 325583 259829 741840 463521 286325 685839 593824 815478 323273 400622 817925 103594 101469 787902 547758 260212 931264 527086 481692 739614 836571 749878 477779 145184 735564 441712 522079 798850 895968 310101 255885 597107 173282 528406 573579 789984 271073 817653 999010 500380 803107 264482 724624 999999999 565685 575818 359703 206589 326663 371469 291217 907052 702748 204386 684428 567082 622095 619152 803758 337436 857847 261614 884248 553691 599623 579132 584760 227815 492757 488177 616790 946462 450266 241062 250504 649687 423500 347372 46789 864149 218745 284346 552833 401337 632824 800563 449746 488184 712333 542985 354412 176282 730528
262490 569809 479237 198436 257673 492123 302413 508076 326165 261612 396660 283506 332912 178962 290987 444710 165777 304794 462440 466441 371500 517661 347410 389398 94853 171208 284227 297933 260093 218651 577331 290354 423206 624407 351083 331070 268960 731675 400789 454739 616008 142858 470789 460495 328148 495652 65561 259866 600462 437866 565685 999999999 668337 838592 546208 770826 645187 634583 354999 186505 661205 429752 151361 749158 53559 433213 273166 383429 779851 339292 368654 323673 767351 248131 357073 468293 267604 500759 400120 561233 671952 538541 114270 392461 477950 522668 335768 428421 532767 223731 407349 351114 431591 128456 724688 154282 243876 275210 609728 182481
408556 227902 196515 572657 922034 885173 585305 837049 626172 929837 881632 589994 471660 821431 716670 800486 600969 700400 544514 571616 566501 1005825 440449 824608 715556 497288 591744 947397 635807 772652 437745 579089 881217 56252 1018263 917261 500199 827257 971778 431741 56725 550945 1110326 328699 667189 800759 628301 742999 824524 1061121 575818 668337 999999999 921720 755491 900128 228291 312006 833218 854016 431589 371785 786933 81096 697890 523528 674719 1051392 813616 799052 925932 398646 125781 461263 619936 200333 402238 228967 846290 135503 816690 789564 781560 281828 838990 546561 752548 692821 292240 465188 841196 960442 520528 563993 162969 800292 441425 698843 748957 711017
838101 695499 803378 657275 892984 436267 1075464 372847 515466 935215 559526 565368 1027353 797166 1118773 425674 679928 1126315 436795 416663 1123023 561784 603842 1226273 770635 803342 1063300 1055498 1064205 674274 484860 1061591 523375 870678 962649 1147978 629778 110985 688329 531744 878679 887598 882315 630649 1134787 1315383 779335 1095855 251000 817004 359703 838592 921720 999999999 293101 77016 701259 615447 1193573 923788 499885 1038400 782250 957296 890186 1147965 567041 1027912 110075 1176645 661084 946575 902849 920645 487382 852450 830968 976411 1238137 803553 166841 309539 891101 781527 412115 401198 1166530 410187 636854 885981 502981 755277 1144907 748302 809237 961941 880349 569862 231662 1019006
574821 533117 596355 371295 611823 205820 795256 129194 227520 652227 302958 280543 759111 509728 829415 153737 390517 838256 211442 184453 847832 358146 356479 934815 477693 525626 781806 767633 778618 385909 347249 781355 272278 699756 689491 855676 358873 190422 440717 324502 703562 604225 639827 429809 849631 1028729 488179 804544 71597 572901 206589 546208 755491 293101 999999999 224836 568594 492898 901172 634431 410829 787819 492356 810418 597431 880649 273995 753456 252159 884972 403980 686265 774747 649496 203151 636488 568976 751834 946187 622765 126290 45628 598813 551300 160868 216722 876691 118378 465811 613503 239376 494425 877782 462242 686466 669302 611462 277023 78679 727426
785641 672316 768930 594425 817340 359251 1016282 296393 451169 859828 482662 502855 973505 722999 1054056 350446 614993 1062571 390500 367871 1066318 486141 555077 1159623 700032 744894 1003442 981172 1002048 600652 462905 1002379 446443 847296 886097 1076031 573389 73930 611333 493072 854180 826543 805562 595776 1072934 1252661 713011 1029372 176240 740151 326663 770826 900128 77016 224836 999999999 686216 601391 1125690 850133 491198 991324 709019 941439 821748 1094736 498067 951415 124786 1109751 584122 895629 891664 865340 424758 815741 778959 937814 1170895 776690 101964 236344 819336 739866 335608 363350 1101428 343164 610279 830029 426571 678333 1091751 685566 798446 890562 825860 499387 173942 952233
