NAME : synthetic_000853
TYPE : CTSP-D
DIMENSION : 100
GROUPS : 8
RELAXATION_LEVEL : 1
EDGE_WEIGHT_TYPE : EXPLICIT
EDGE_WEIGHT_FORMAT : FULL_MATRIX
EDGE_WEIGHT_SECTION
999999999 601013 621820 382824 390394 934881 519500 64641 820044 632594 613941 468153 559413 936470 176188 321598 523616 466775 923254 173745 527085 1106437 791709 540387 950885 695910 607334 639671 753839 100476 256750 1025593 955285 202709 769409 135980 803098 465970 992514 356093 533861 382678 835694 259874 299198 1040906 721548 726698 703457 641077 355090 865700 436596 578772 645657 103121 933044 68877 318299 547066 574298 216456 599623 530415 237210 778844 926627 185074 292713 929742 502948 373165 480238 994755 732915 561457 412008 524649 628471 829325 824368 916175 647654 151304 113044 838570 485165 270076 436974 1041531 210901 311177 868069 182107 841329 895761 599799 763290 514888 327247
601013 999999999 26621 538507 532553 476743 348621 588342 228617 538808 219183 328822 194496 689846 672906 765812 252041 222860 915942 512289 225858 610766 627207 304232 610202 126153 367578 457051 551031 549602 399074 639048 464206 583628 290551 707779 932435 389711 470224 443305 653907 582085 437301 802460 332942 606839 210881 669536 528609 263740 579746 876001 186168 59208 263909 690652 673911 604950 684618 457341 315381 495828 251942 228156 421490 553314 803933 740209 812741 370336 645308 236650 423043 648924 704979 202941 321720 343785 145578 320241 232989 410635 205623 740104 672710 668582 155263 775687 184448 594770 738719 301627 379269 448801 273126 741789 509889 363591 733610 382738
621820 26621 999999999 544597 538226 451945 373734 607302 203777 531841 206177 329846 188089 672276 688924 778315 277086 249407 906757 536735 250901 584470 614486 328665 589209 126370 358187 447608 537806 567762 413793 615915 438377 597770 266846 726268 929162 390529 443717 450748 654674 588610 415637 818773 348358 582168 186802 661388 517444 249106 587500 868022 211896 83963 248857 710071 655945 627483 695419 453555 307662 509920 241045 253057 446340 538826 790748 757641 827919 343811 647333 260628 423007 627363 697609 226453 327542 368759 162408 294612 208160 384613 222203 759322 691054 654917 181857 790605 198251 569741 754986 325384 353984 472402 246632 727891 504052 343264 737153 393138
382824 538507 544597 999999999 10621 661746 682174 320453 686745 264185 410766 227275 381720 573572 286309 284338 629167 555942 547593 479623 616008 835757 420941 673487 617451 664050 314129 302853 398092 283288 213838 703320 700052 191785 546545 374278 462700 177139 754936 98035 164687 44820 547550 389749 260089 740053 536642 344405 347210 410100 55632 491225 480919 555874 414774 389945 573783 444697 187276 203541 313689 174246 376841 620317 465892 426683 544552 368572 373869 735330 139046 430957 162317 658703 350251 630972 217068 683501 646448 611040 690239 677573 694130 417430 347553 465357 521261 337595 364648 747503 338607 416015 626850 423728 671911 517190 237272 494394 203358 172365
390394 532553 538226 10621 999999999 651290 681482 328385 678521 254260 401963 219002 373751 563681 296350 294797 627180 553989 542287 484295 613644 825257 411355 672018 606932 658267 303834 292244 387834 290572 215101 692737 689747 200988 536889 383973 461290 167846 744798 94559 161917 53256 537034 400317 259133 729436 527747 336425 336916 400671 66079 486176 478364 550863 405329 399197 563756 451695 197717 192921 304034 180106 367745 617955 468647 416359 536510 378760 384490 725846 137641 429370 152205 648224 343163 627996 210874 682695 642020 601344 681989 667487 690231 427165 356952 455984 518109 348211 360018 736901 349010 416020 616782 427383 662986 508401 227021 484119 206427 170202
934881 476743 451945 661746 651290 999999999 825351 894176 337650 454313 329042 473088 386842 343161 921919 946083 728784 693537 696566 915009 702600 175075 400194 780602 203889 524064 349014 372154 344096 848190 678804 181005 59802 816641 189122 993104 819104 496374 128375 615250 662591 700426 116306 1042129 639106 130339 266351 517870 372789 295043 717365 684740 635899 535736 290677 993075 322149 967313 849008 463310 365730 744723 336291 704869 837689 319268 525104 1004739 1032228 213423 676853 659314 501110 222010 558370 677951 524744 820525 602954 161262 336269 95623 657949 1034711 959220 409627 622155 994703 531782 118615 984108 712843 100231 842046 260682 460425 457525 173114 771235 613613
519500 348621 373734 682174 681482 825351 999999999 545980 544078 797507 539158 555729 492538 1011434 667102 801584 96653 146676 1174710 356410 122834 955049 921142 50609 948988 339734 656094 738556 850949 529688 472683 984905 811554 620676 638372 654721 1138355 606319 812072 589644 837928 714858 779795 776100 422380 955384 559247 929313 816704 585960 699108 1126058 226220 289780 587712 622474 997874 482971 752786 699832 600174 551314 559986 120781 282729 860641 1095916 701861 803700 702217 817801 255820 640982 989658 956956 152320 512909 7389 243365 668211 547923 757275 212801 669215 627264 967309 214332 774547 372022 943378 720213 268112 727717 339558 606737 1040097 762532 702699 882552 512831
64641 588342 607302 320453 328385 894176 545980 999999999 800579 574112 579197 422938 526800 880078 125246 269484 538989 476769 858919 219196 539359 1067290 733291 561635 900129 691046 559553 586226 698209 46023 216776 977142 917671 138070 734831 120320 738868 414859 958103 300922 469567 318648 791711 232060 269057 996256 692067 664793 647475 602882 290941 801316 436238 572220 607579 103801 877393 132476 256505 491529 530246 159727 561601 542990 264814 723971 864894 160029 257724 901777 438561 371328 426342 943710 670023 571163 369433 550513 630680 796317 804836 880907 655486 152191 86580 779682 485684 229364 415142 998052 174260 314198 831880 207293 816311 835471 542118 721515 450673 281291
820044 228617 203777 686745 678521 337650 544078 800579 999999999 597309 280437 459520 305482 639159 871752 945907 450780 441304 939700 740508 425983 424408 630062 494492 522229 208349 423410 502047 554245 758885 595811 518274 301128 774457 209500 917458 1005055 513871 280278 602836 764031 731528 356313 1001770 534141 460974 163698 711010 552545 297795 736474 911393 414542 273236 294321 904215 619558 829307 856456 545704 391658 687803 318561 426843 650033 544038 794053 945097 1006400 161152 764282 464331 539349 550858 751411 392014 479281 537897 301912 186284 4386 247026 346689 952670 881958 659990 379812 968319 385446 442296 938230 528946 241705 675757 77252 727376 579206 313169 860192 560006
632594 538808 531841 264185 254260 454313 797507 574112 597309 999999999 333270 242005 344381 309428 550470 529074 720183 652930 381011 694257 699608 618124 159188 773029 364177 657389 177591 95957 137619 532315 405948 454554 504484 454180 404538 638085 407944 198007 569126 279160 210087 288086 339247 648801 413436 504772 433717 133067 89633 302593 312860 337831 572020 580422 305364 652031 309736 687987 435242 100068 224234 416141 294558 703646 653813 167631 309721 632423 627848 587820 228383 547290 168073 402731 166286 699582 290796 796448 678297 460608 599536 498967 736163 681326 610374 206078 595037 593810 426710 516923 601112 563071 452559 626829 554689 267280 36385 316301 318842 332457
613941 219183 206177 410766 401963 329042 539158 579197 280437 333270 999999999 184974 57861 475333 626377 681132 447188 395355 702385 585981 422386 495095 408401 502059 412112 328000 155993 244163 331946 533906 362612 458785 342476 523233 155693 686699 738510 235054 379011 334412 484484 455216 251069 753700 314991 448676 126043 459161 311619 46875 462726 665513 325231 271323 48585 681356 460611 641589 587941 268286 113474 441802 39475 425689 509813 334311 584901 705799 752005 331501 483951 336856 259107 454144 496818 409617 218700 535846 364646 217532 283546 302263 424625 726232 651613 449410 325050 713623 204305 443731 691850 386179 254301 513006 261313 522606 309342 171406 579755 307786
468153 328822 329846 227275 219002 473088 555729 422938 459520 242005 184974 999999999 155144 496983 451471 496825 480482 411875 619816 484386 460980 647486 377542 532529 487232 454524 141072 196957 317424 376937 212270 558243 501181 346536 330010 520080 608252 60892 548392 150507 325121 272030 368775 575728 191582 573436 310971 373605 274055 191852 278113 572807 330847 358768 196696 520324 488952 508903 403084 144345 107554 271679 154168 465115 428925 335702 546299 533331 571052 514529 317594 305715 94922 531470 402199 464358 59607 554799 455628 394529 462994 470195 510298 561623 486132 425761 356901 532770 186848 575134 515417 326333 419663 412278 446161 495742 206811 299977 408873 141677
559413 194496 188089 381720 373751 386842 492538 526800 305482 344381 57861 155144 999999999 518916 579874 642881 403119 346964 721829 528167 379196 552051 438678 458022 464633 314318 174549 263632 364420 481945 311131 514688 399105 478307 210439 636589 741585 212564 433162 297801 473136 426539 307443 708445 260220 506351 167408 475094 337356 99160 431001 681514 273574 239253 102270 629641 505381 585320 551901 266067 121039 394593 67509 382750 452064 370773 615728 657814 709014 377350 468862 280859 241910 507324 510500 370369 175883 489678 336202 269993 309087 357304 395247 675351 601285 482281 278388 670662 146914 501569 645879 328760 310307 455240 299236 555721 316026 227888 562231 261755
936470 689846 672276 573572 563681 343161 1011434 880078 639159 309428 475333 496983 518916 999999999 859786 829663 921480 865556 369322 979496 897077 441641 156485 976416 144802 780317 364718 302382 183289 836992 696080 222765 402476 763363 434366 947482 531094 477290 469169 580384 489480 595570 283042 954974 687798 305636 504971 274326 233071 428706 621211 371425 789981 745091 427749 960892 21014 988252 739061 389507 417931 720717 451536 900484 925731 161457 189063 941447 931447 549928 516028 785178 457614 152994 302484 884924 555837 1008593 834559 455169 639297 432011 894463 990736 919516 123353 797292 898830 649940 328266 909338 817862 409645 908312 569850 132591 338770 335628 588851 620611
176188 672906 688924 286309 296350 921919 667102 125246 871752 550470 626377 451471 579874 859786 999999999 145594 653447 587771 788281 343778 651462 1096931 706367 679840 899817 784217 575253 582851 683877 138364 276332 983050 952434 105280 778948 92616 647319 426507 999511 306961 406064 267272 812614 130130 340617 1012709 747251 619904 632840 641890 240155 730267 538554 665005 646729 120107 860089 242989 156120 483529 557216 185328 602157 655294 388241 712064 818244 83687 142429 956831 374278 473831 427716 941935 617690 680821 407877 671315 732560 842733 875847 921357 762671 133892 78039 749773 587897 108759 491133 1017589 66478 422883 870965 330774 877827 797643 523174 749322 362559 318686
321598 765812 778315 284338 294797 946083 801584 269484 945907 529074 681132 496825 642881 829663 145594 999999999 779449 710579 698941 488653 774719 1120010 673189 810276 892156 884363 598142 583555 666688 273770 369717 980757 983962 187648 825158 214015 534947 456154 1037723 346720 344844 247081 831746 140297 436530 1022037 806558 568319 617619 687179 228720 641786 653086 766841 691973 250991 833498 387574 97097 485749 593567 272640 650864 778743 527685 696606 757564 172310 105414 1011318 315608 590181 445876 931585 556797 800929 467184 805319 843196 889850 949746 959990 879007 241705 215988 711424 701274 83088 581379 1030383 130273 546502 909173 470762 941069 748226 509326 778224 268894 387191
523616 252041 277086 629167 627180 728784 96653 538989 450780 720183 447188 480482 403119 921480 653447 779449 999999999 73235 1100060 377487 26189 858859 837055 54936 855000 250459 570981 655769 765172 515228 428740 889220 714956 593478 542074 654622 1076403 534650 716161 533188 778247 665339 684791 771005 370712 858865 462782 852957 733228 494063 652554 1053260 151545 193139 495564 626041 907349 498791 720823 624675 514966 516370 470157 24283 290650 773326 1013045 698611 794171 607574 760586 199014 569898 895248 882606 60273 443349 91749 154344 571564 454728 660735 139196 674895 624080 882374 126262 762182 293795 846763 711610 232977 631070 342026 511574 955552 686111 608283 832129 456981
466775 222860 249407 555942 553989 693537 146676 476769 441304 652930 395355 411875 346964 865556 587771 710579 73235 999999999 1031661 333637 64141 833181 774579 121127 806865 258109 509420 592151 704273 450187 356226 846855 685174 523812 504706 594483 1004172 464588 693074 460060 705554 592130 640110 708053 297568 822495 427716 785272 670205 441925 579484 984049 81034 169113 443926 567845 852284 448704 649683 556219 453498 445147 414474 68186 242350 714071 949591 636796 729395 591394 687620 125978 499672 848234 813973 94749 372390 144654 171275 540892 445508 632337 181070 617336 562787 820667 71692 696490 226407 812128 647539 164985 598483 288194 494170 893497 618346 561884 758894 383786
923254 915942 906757 547593 542287 696566 1174710 858919 939700 381011 702385 619816 721829 369322 788281 698941 1100060 1031661 999999999 1026271 1079969 810713 310560 1152338 511793 1030334 548617 459155 385467 826741 746851 591747 756186 721558 731638 880487 211328 568607 824939 612216 389400 540899 608474 839117 771785 674850 782349 247998 392344 664430 568254 58018 950627 960013 666040 907005 388688 988362 635413 475481 600793 721788 665895 1084043 1003630 397694 181542 855233 802902 886586 420374 921147 534368 521957 217760 1080563 662453 1174047 1057623 772452 941030 775009 1116046 919459 863469 288620 975482 781117 806267 697145 814800 928877 741436 966926 882439 238903 414151 628833 431269 682287
173745 512289 536735 479623 484295 915009 356410 219196 740508 694257 585981 484386 528167 979496 343778 488653 377487 333637 1026271 999999999 386523 1078094 848404 384109 968067 584797 623722 677180 797331 224544 288334 1032051 924746 337441 734297 308622 931683 503735 951095 419789 642925 493745 829687 433156 292856 1032730 672835 806843 750151 622641 469090 970419 328955 476243 626622 272977 972475 126911 468605 598033 579055 307142 582794 389159 92612 818090 1001772 358462 466449 870572 614612 276327 528058 1012305 820988 424513 424847 362250 504250 787525 744892 879071 511611 316762 286705 896851 371625 443017 385000 1029134 384338 212472 835057 73498 776077 961409 658560 751797 647193 362301
527085 225858 250901 616008 613644 702600 122834 539359 425983 699608 422386 460980 379196 897077 651462 774719 26189 64141 1079969 386523 999999999 832900 814383 79923 829469 227667 548213 633621 742044 513668 419214 863233 688821 587933 515945 656343 1059950 516118 690316 519320 762799 653103 658997 770998 359269 832687 436617 832539 710804 469250 641220 1033725 135562 166951 470672 628863 882787 505503 713486 604884 492238 508967 446017 4311 297532 749741 990642 699322 792891 582214 745888 188600 551459 869598 862748 39868 425782 117927 132496 545394 429967 634632 125416 678101 625085 859432 104586 760207 274135 820574 710818 228914 604885 346664 486042 932691 665847 582667 819270 443644
1106437 610766 584470 835757 825257 175075 955049 1067290 424408 618124 495095 647486 552051 441641 1096931 1120010 858859 833181 810713 1078094 832900 999999999 539239 907476 299647 630457 523862 541784 496232 1021370 851226 222076 153348 991652 343815 1167562 957319 671438 144476 790317 828072 873771 288298 1217169 808921 136100 410570 664473 532246 465361 891329 808766 783813 667568 460787 1166887 422037 1136491 1022913 635698 540353 919163 506814 834583 997346 468143 630637 1179685 1207004 264990 844349 814422 675733 290656 703025 803596 698082 949522 719583 294534 421493 201872 768870 1208992 1133524 536898 763501 1169551 693118 113672 1159181 871452 243084 1005868 352186 572291 625140 347764 936892 787421
791709 627207 614486 420941 411355 400194 921142 733291 630062 159188 408401 377542 438678 156485 706367 673189 837055 774579 310560 848404 814383 539239 999999999 891429 249487 733899 266183 183213 77473 691471 560903 341955 458279 612113 421381 795201 419985 345631 527156 437394 333694 440690 301782 799110 561829 410288 475220 128114 104699 366102 466822 288741 695280 676852 366905 810235 161609 846582 582879 250456 322145 575253 375719 818158 802666 87270 177075 787330 775126 578595 359752 679971 320423 278814 164383 808379 433018 919230 772213 462180 631266 470473 831965 838313 768239 48570 710818 742732 550157 428124 754431 703874 433687 779389 571888 119111 192346 318331 435104 486178
540387 304232 328665 673487 672018 780602 50609 561635 494492 773029 502059 532529 458022 976416 679840 810276 54936 121127 1152338 384109 79923 907476 891429 999999999 909374 289406 625450 709854 819789 541563 468633 942589 765203 626299 594734 674071 1124584 585670 764121 578691 825378 708294 738729 793321 413674 910833 515104 905612 787470 548932 694241 1104993 201964 245051 550407 643472 962275 509096 756173 676857 569427 552558 525084 76941 303552 828123 1067239 719817 818796 653196 806761 242675 620777 949449 934719 103879 493509 43846 193199 622404 498296 710656 162591 691334 645053 936891 180670 788176 346329 898267 735597 267079 682321 358474 558132 1010021 738694 662544 875690 502032
950885 610202 589209 617451 606932 203889 948988 900129 522229 364177 412112 487232 464633 144802 899817 892156 855000 806865 511793 968067 829469 299647 249487 909374 999999999 684761 346165 317114 227479 854965 698303 92867 261774 797655 330271 981991 660679 485362 326736 600952 568490 647614 174565 1007045 676355 165024 408146 377568 274817 366267 670243 509182 737225 668372 363817 989943 124266 995330 797104 416290 389094 741371 398961 832449 903467 197130 333169 983303 988901 415833 590390 744084 475452 44276 413258 811844 546417 945265 750278 335981 521723 297016 808955 1025184 951086 239578 735932 953753 607910 185998 955538 786282 282996 894918 448545 272988 383017 246995 674853 624576
695910 126153 126370 664050 658267 524064 339734 691046 208349 657389 328000 454524 314318 780317 784217 884363 250459 258109 1030334 584797 227667 630457 733899 289406 684761 999999999 482458 571572 656652 655408 515131 698952 497753 699681 354572 811350 1055532 515379 485982 568246 779641 707389 510390 912449 448295 652974 277289 786075 639387 367968 704295 992685 260348 119291 367021 790834 762829 690466 805919 579926 433164 612427 364658 227666 492189 655323 908906 847147 925651 369305 771368 322762 548371 719696 822801 190243 447563 333203 96553 362951 211835 442404 138555 840765 777001 772544 213911 889332 305011 636929 849078 385912 423872 529645 278322 844851 630086 445448 859746 505391
607334 367578 358187 314129 303834 349014 656094 559553 423410 177591 155993 141072 174549 364718 575253 598142 570981 509420 548617 623722 548213 523862 266183 625450 346165 482458 999999999 89493 194897 513786 352732 418259 385922 470220 244261 650386 584472 148778 441666 268421 347146 354525 237452 693550 331086 438591 259936 303650 163272 126081 369710 510233 430990 413802 129264 653949 354612 649680 501230 128002 56024 403717 117917 551981 563841 206642 442745 658611 683214 434187 352713 421249 152353 390409 340912 542527 200306 653969 510618 306396 425906 364979 569776 692852 617565 311463 444790 645703 287476 442525 636303 453305 314608 551031 387387 384575 156050 180300 450158 280098
639671 457051 447608 302853 292244 372154 738556 586226 502047 95957 244163 196957 263632 302382 582851 583555 655769 592151 459155 677180 633621 541784 183213 709854 317114 571572 89493 999999999 120668 541760 394285 400862 418587 480550 308784 664979 503019 175568 481024 285513 292538 336568 255851 692333 386064 438502 338674 215054 78521 209726 357106 421355 512488 502779 212118 673658 296170 688567 486961 99655 143209 426657 206919 637480 625437 141204 357472 666410 676497 493363 305024 496901 159887 359691 253280 629543 254661 736783 599829 365696 504196 408555 658841 708207 634335 230588 529531 640426 367113 447382 639384 522478 360801 606236 458733 302310 87041 223323 400442 318861
753839 551031 537806 398092 387834 344096 850949 698209 554245 137619 331946 317424 364420 183289 683877 666688 765172 704273 385467 797331 742044 496232 77473 819789 227479 656652 194897 120668 999999999 654696 512950 318969 399826 584905 346399 769655 477492 294270 467858 397805 341529 424669 237354 785396 506665 375144 398182 174324 51135 289062 448701 359587 625864 601505 289753 781324 179232 805057 572663 206809 250775 538590 300238 745743 746089 30356 252964 766567 765164 509862 362939 614234 274389 265237 215367 734726 375327 848776 696289 390117 555564 406083 756154 812989 740623 117917 639135 730843 481882 389687 736446 642117 366071 726654 497863 191359 160820 244303 448745 437493
100476 549602 567762 283288 290572 848190 529688 46023 758885 532315 533906 376937 481945 836992 138364 273770 515228 450187 826741 224544 513668 1021370 691471 541563 854965 655408 513786 541760 654696 999999999 171309 931547 871889 113961 689473 158725 714890 369608 912692 256955 437619 285917 745704 259314 225681 950286 647699 626608 604124 557123 258884 769466 404161 536217 561830 147712 833926 161801 244140 447894 484228 116347 515878 517458 253962 680114 826425 191751 279224 857603 407244 339143 381955 898622 633539 543729 323447 533743 598767 751183 763114 835399 626541 194435 123354 738229 453678 247001 373598 952040 197609 285634 786269 197278 772935 795287 499739 675505 427610 235279
256750 399074 413793 213838 215101 678804 472683 216776 595811 405948 362612 212270 311131 696080 276332 369717 428740 356226 746851 288334 419214 851226 560903 468633 698303 515131 352732 394285 512950 171309 999999999 770501 701105 184747 518164 325750 676356 218826 741390 134696 376657 242872 578953 406462 66861 784196 477625 520119 464496 386317 226426 692586 289273 397197 390990 318779 690435 297034 297267 310470 317659 97299 344971 423448 256855 535418 713676 349750 414146 687745 352640 230615 240560 742439 536548 440377 155290 474571 474748 579957 599937 664139 513718 364220 290346 609227 335558 376819 215559 784795 342756 204679 615114 222400 604994 673159 370333 506771 410353 75470
1025593 639048 615915 703320 692737 181005 984905 977142 518274 454554 458785 558243 514688 222765 983050 980757 889220 846855 591747 1032051 863233 222076 341955 942589 92867 698952 418259 400862 318969 931547 770501 999999999 228061 879793 349336 1063267 749414 562857 282806 680663 660433 735083 207889 1093030 743254 87360 429566 470069 364934 415669 756925 593667 781910 698175 412426 1069485 204353 1066988 885113 500517 455111 819711 452588 865879 962851 288638 410655 1066705 1076190 389899 681780 795446 556171 69803 505242 841981 616291 980629 772831 337413 517001 275431 829664 1106268 1031599 329375 775218 1040568 661082 112206 1040208 842193 277790 958580 441507 355120 471507 287457 767180 698353
955285 464206 438377 700052 689747 59802 811554 917671 301128 504484 342476 501181 399105 402476 952434 983962 714956 685174 756186 924746 688821 153348 458279 765203 261774 497753 385922 418587 399826 871889 701105 228061 999999999 847293 190476 1020323 876248 530097 68993 647326 710765 740116 165557 1075025 657021 160598 259178 574058 425731 314798 755630 743807 632892 522207 310116 1018213 381462 984065 887115 505681 395405 772213 356137 690776 844170 376025 584899 1034504 1067147 161919 723514 661806 538087 276469 614850 661605 549435 806343 581798 144282 299147 55355 634411 1061244 985910 468921 614689 1029283 539772 141175 1015776 718344 89797 852536 224155 520220 505090 205741 818974 639306
202709 583628 597770 191785 200988 816641 620676 138070 774457 454180 523233 346536 478307 763363 105280 187648 593478 523812 721558 337441 587933 991652 612113 626299 797655 699681 470220 480550 584905 113961 184747 879793 847293 999999999 674854 184840 602141 321444 894821 201823 332522 183036 707500 230471 251452 908054 645371 534321 533770 537433 155017 663841 465438 581393 542277 198210 762602 269907 134566 381820 452001 87852 498010 591997 356651 612441 734308 188394 231944 854351 301251 402625 323772 840166 536744 613533 304535 623960 655940 738859 778470 816640 691359 228172 156195 656958 513666 193921 399608 912673 169018 360605 766169 302495 777196 708769 424983 644048 314305 216557
769409 290551 266846 546545 536889 189122 638372 734831 209500 404538 155693 330010 210439 434366 778948 825158 542074 504706 731638 734297 515945 343815 421381 594734 330271 354572 244261 308784 346399 689473 518164 349336 190476 674854 999999999 841527 808113 369960 223318 480270 590976 589555 156301 904940 470281 317824 80230 508670 349168 138225 600870 705277 446976 349760 133395 836818 415513 795663 729936 372263 232859 595369 176844 518399 653859 334917 584623 859328 901051 190327 596964 472500 386021 365323 549746 493224 371359 633777 423886 64692 210426 146873 481386 881387 806568 450516 433221 862755 349307 307712 843846 528153 100764 662174 152401 518001 392489 103675 694409 461281
135980 707779 726268 374278 383973 993104 654721 120320 917458 638085 686699 520080 636589 947482 92616 214015 654622 594483 880487 308622 656343 1167562 795201 674071 981991 811350 650386 664979 769655 158725 325750 1063267 1020323 184840 841527 999999999 735802 502090 1064067 382955 498641 358249 886558 124709 383683 1088971 803352 711467 718523 706668 330739 822483 556263 692480 711456 38965 947068 189201 246417 566524 627378 248401 665937 659860 372034 797267 910221 50738 160923 1013485 466848 491430 507144 1024667 709944 689138 471204 659732 750534 904216 921677 986266 774141 43336 35539 839291 605654 145332 532281 1092586 86050 433398 936473 315786 930230 888558 609508 819997 453253 381141
803098 932435 929162 462700 461290 819104 1138355 738868 1005055 407944 738510 608252 741585 531094 647319 534947 1076403 1004172 211328 931683 1059950 957319 419985 1124584 660679 1055532 584472 503019 477492 714890 676356 749414 876248 602141 808113 735802 999999999 548697 944726 549539 300890 439842 714845 673585 717384 825271 841573 303663 461089 710223 463092 173250 924986 966618 713115 767258 547097 871336 491345 475617 626241 626127 699205 1064221 927268 500233 363385 702675 633484 984013 323722 883182 513611 681042 262293 1068328 634824 1139024 1063808 859948 1007215 883422 1118442 770623 725219 421150 958635 617899 789866 844791 660603 876019 842103 882228 959904 400836 429190 712745 288211 626049
465970 389711 390529 177139 167846 496374 606319 414859 513871 198007 235054 60892 212564 477290 426507 456154 534650 464588 568607 503735 516118 671438 345631 585670 485362 515379 148778 175568 294270 369608 218826 562857 530097 321444 369960 502090 548697 999999999 581952 119647 264264 221004 386112 545790 216599 587034 360392 325422 246444 233013 230960 519791 383727 419155 237706 506799 471641 513309 360290 97996 137486 256855 200034 520311 457523 316616 507236 509837 537051 558275 257304 352661 35404 529063 350970 521404 94028 605815 515693 434579 517188 504049 569791 544735 469620 394196 412806 499206 242705 591278 487890 365242 453219 433974 495504 461141 161666 324922 349721 143362
992514 470224 443717 754936 744798 128375 812072 958103 280278 569126 379011 548392 433162 469169 999511 1037723 716161 693074 824939 951095 690316 144476 527156 764121 326736 485982 441666 481024 467858 912692 741390 282806 68993 894821 223318 1064067 944726 581952 999999999 697011 773561 796045 231918 1124048 693324 204725 278359 642172 492275 357804 810294 812795 647404 526014 352980 1059935 448179 1017488 941285 564703 445228 817074 398192 691879 867448 444507 652920 1080659 1118065 123026 785139 682091 592620 337489 683085 660269 593113 806433 575418 164137 277465 78200 624408 1104215 1029237 537865 624347 1079963 567220 181187 1063776 741396 128900 880030 207737 588558 567945 262155 881272 683212
356093 443305 450748 98035 94559 615250 589644 300922 602836 279160 334412 150507 297801 580384 306961 346720 533188 460060 612216 419789 519320 790317 437394 578691 600952 568246 268421 285513 397805 256955 134696 680663 647326 201823 480270 382955 549539 119647 697011 999999999 248670 139569 505679 427699 167847 706571 459929 387054 347364 342046 136780 558150 383945 458620 346878 389086 577034 409229 254230 190999 252112 141219 304666 523631 391416 423170 582893 390216 421193 664921 228264 336048 125709 644181 402199 533438 124787 590604 548572 544865 606528 618849 596095 425787 350951 484970 423557 383015 267031 710924 368896 326668 568114 356302 594665 545674 245048 443056 300941 76834
533861 653907 654674 164687 161917 662591 837928 469567 764031 210087 484484 325121 473136 489480 406064 344844 778247 705554 389400 642925 762799 828072 333694 825378 568490 779641 347146 292538 341529 437619 376657 660433 710765 332522 590976 498641 300890 264264 773561 248670 999999999 151718 546692 478084 416517 714219 602949 223484 298106 468093 178881 331931 627339 681433 472037 522158 495294 599078 262122 219789 372381 335983 445702 767095 630462 371822 415555 479667 449311 780048 31803 583276 231882 604313 213934 773474 341384 838730 776731 651869 766926 700710 828846 539581 478493 368731 663283 420031 497200 726826 441999 575143 652319 588298 733744 403398 205702 514480 108830 325276
382678 582085 588610 44820 53256 700426 714858 318648 731528 288086 455216 272030 426539 595570 267272 247081 665339 592130 540899 493745 653103 873771 440690 708294 647614 707389 354525 336568 424669 285917 242872 735083 740116 183036 589555 358249 439842 221004 796045 139569 151718 999999999 585484 360772 294784 774995 581001 353387 374479 453665 28048 483560 518640 598187 458307 377857 597169 447464 150399 238724 356761 186818 420964 657405 487851 454017 552742 346924 341291 778747 121713 466484 204043 687985 353999 669443 261099 716501 687764 653928 735015 718975 734450 400720 334521 483158 560224 306336 406540 783312 313801 447288 668352 442412 716238 530421 264841 534758 167695 210597
835694 437301 415637 547550 537034 116306 779795 791711 356313 339247 251069 368775 307443 283042 812614 831746 684791 640110 608474 829687 658997 288298 301782 738729 174565 510390 237452 255851 237354 745704 578953 207889 165557 707500 156301 886558 714845 386112 231918 505679 546692 585484 999999999 930753 545144 205353 233584 411471 260407 208861 603095 590373 574163 495925 205380 888555 263287 872356 734649 347653 261595 638788 247255 661816 757740 216112 447438 895887 919490 278160 560626 587896 388238 211726 452658 639753 423689 775761 576098 172383 356366 169045 634585 928711 853268 320171 568600 882230 454211 206385 873744 635805 133073 756215 287040 380700 341389 79662 655237 510427
259874 802460 818773 389749 400317 1042129 776100 232060 1001770 648801 753700 575728 708445 954974 130130 140297 771005 708053 839117 433156 770998 1217169 799110 793321 1007045 912449 693550 692333 785396 259314 406462 1093030 1075025 230471 904940 124709 673585 545790 1124048 427699 478084 360772 930753 999999999 470581 1127725 875661 700475 735057 767227 336980 781873 663430 793162 772074 162097 957304 313412 217040 592755 679740 314565 728128 774677 493535 814635 893166 74808 44213 1084798 447585 598429 542862 1047992 691706 802125 535004 780887 857991 969077 1005855 1045848 885574 129651 148877 839590 712936 58457 621143 1133974 63793 544276 995230 436543 1006962 880483 625188 870520 408523 446753
299198 332942 348358 260089 259133 639106 422380 269057 534141 413436 314991 191582 260220 687798 340617 436530 370712 297568 771785 292856 359269 808921 561829 413674 676355 448295 331086 386064 506665 225681 66861 743254 657021 251452 470281 383683 717384 216599 693324 167847 416517 294784 545144 470581 999999999 750185 423582 536112 460906 344147 281989 719439 226550 330343 348592 372750 680234 328235 362605 314058 288306 164155 302822 363553 240934 526349 723145 411247 479816 632940 395562 171741 245452 720629 556975 378093 132147 423563 408779 530170 538331 617101 449132 420104 348147 610395 271376 442752 150583 748908 406789 159227 569274 220729 547336 677738 377075 469740 462027 91614
1040906 606839 582168 740053 729436 130339 955384 996256 460974 504772 448676 573436 506351 305636 1012709 1022037 858865 822495 674850 1032730 832687 136100 410288 910833 165024 652974 438591 438502 375144 950286 784196 87360 160598 908054 317824 1088971 825271 587034 204725 706571 714219 774995 205353 1127725 750185 999999999 396169 537395 416114 410109 794927 673951 763013 665894 406179 1092178 286175 1077648 925350 536716 466636 842044 450066 834994 958404 345679 494578 1096285 1113875 320002 733102 783461 585454 154740 574670 808263 628909 950613 733057 290994 459149 213948 787692 1131438 1056130 404142 750959 1077300 652945 25257 1072386 834768 230013 959366 383768 436707 516702 281133 822466 715101
721548 210881 186802 536642 527747 266351 559247 692067 163698 433717 126043 310971 167408 504971 747251 806558 462782 427716 782349 672835 436617 410570 475220 515104 408146 277289 259936 338674 398182 647699 477625 429566 259178 645371 80230 803352 841573 360392 278359 459929 602949 581001 233584 875661 423582 396169 999999999 549296 392030 135021 588760 751643 373717 270053 131286 795374 486934 742476 713767 383673 231280 561991 160687 438984 589183 391371 644881 825172 875517 210145 604741 404470 382783 444334 589317 413250 341611 554527 343871 116128 166070 208821 401680 841657 767968 508932 356632 837138 289925 384759 813207 463112 171023 602046 135291 579074 415568 169344 701425 428908
726698 669536 661388 344405 336425 517870 929313 664793 711010 133067 459161 373605 475094 274326 619904 568319 852957 785272 247998 806843 832539 664473 128114 905612 377568 786075 303650 215054 174324 626608 520119 470069 574058 534321 508670 711467 303663 325422 642172 387054 223484 353387 411471 700475 536112 537395 549296 999999999 159515 424144 381163 206641 704285 712515 426278 731035 283635 786922 483634 229569 354162 513420 421551 836588 773885 198767 200158 697351 672628 680910 253106 677546 292585 406504 41476 832646 419373 928404 810265 558002 712823 579827 868447 753694 687816 150992 727986 642718 559300 554529 661414 689830 538508 742518 661050 180061 166930 410708 316265 450155
703457 528609 517444 347210 336916 372789 816704 647475 552545 89633 311619 274055 337356 233071 632840 617619 733228 670205 392344 750151 710804 532246 104699 787470 274817 639387 163272 78521 51135 604124 464496 364934 425731 533770 349168 718523 461089 246444 492275 347364 298106 374479 260407 735057 460906 416114 392030 159515 999999999 272267 398192 359637 590739 576437 273771 730225 229940 755298 523069 156436 218864 487932 276719 714620 701217 79588 279839 715596 715366 523068 317641 575378 224853 313992 200697 705736 330630 814857 672734 399000 554244 425888 732172 761857 689494 152172 606966 680788 445508 428986 685687 600195 382375 680059 501559 223805 110009 251718 406425 389142
641077 263740 249106 410100 400671 295043 585960 602882 297795 302593 46875 191852 99160 428706 641890 687179 494063 441925 664430 622641 469250 465361 366102 548932 366267 367968 126081 209726 289062 557123 386317 415669 314798 537433 138225 706668 710223 233013 357804 342046 468093 453665 208861 767227 344147 410109 135021 424144 272267 999999999 463893 629532 370990 317122 4848 703659 413849 672300 592241 248668 98039 459305 41454 472546 549116 289786 541858 722864 762902 325264 470523 380011 251696 408642 462912 456224 235480 582675 409314 202847 300405 279775 469363 747178 672002 405864 371789 724622 245466 406784 706450 426949 229807 549309 266654 478789 282130 129682 567505 325581
355090 579746 587500 55632 66079 717365 699108 290941 736474 312860 462726 278113 431001 621211 240155 228720 652554 579484 568254 469090 641220 891329 466822 694241 670243 704295 369710 357106 448701 258884 226426 756925 755630 155017 600870 330739 463092 230960 810294 136780 178881 28048 603095 336980 281989 794927 588760 381163 398192 463893 999999999 510812 507656 593139 468606 349951 622403 420211 131647 258217 368128 163090 429728 645509 466226 477780 580645 320508 319419 789140 148360 453543 217728 711038 382038 658975 261154 700987 680931 665451 740058 732842 726140 373342 306665 509757 550503 283651 401245 802637 288279 431063 682090 419493 724039 557821 288252 549950 185162 202116
865700 876001 868022 491225 486176 684740 1126058 801316 911393 337831 665513 572807 681514 371425 730267 641786 1053260 984049 58018 970419 1033725 808766 288741 1104993 509182 992685 510233 421355 359587 769466 692586 593667 743807 663841 705277 822483 173250 519791 812795 558150 331931 483560 590373 781873 719439 673951 751643 206641 359637 629532 510812 999999999 903060 918252 631465 848991 389321 931000 577492 428902 560682 665282 628099 1037844 949441 375554 192933 797374 745993 867296 362757 871581 485081 524113 171757 1035672 613200 1125599 1016117 749552 912950 758722 1073973 861496 805458 275407 929462 723791 759634 695162 757015 877270 722427 911843 857200 238848 369289 603835 373722 629314
436596 186168 211896 480919 478364 635899 226220 436238 414542 572020 325231 330847 273574 789981 538554 653086 151545 81034 950627 328955 135562 783813 695280 201964 737225 260348 430990 512488 625864 404161 289273 781910 632892 465438 446976 556263 924986 383727 647404 383945 627339 518640 574163 663430 226550 763013 373717 704285 590739 370990 507656 903060 999999999 147428 373410 533501 777314 430288 586132 475189 375291 382670 340759 139868 236995 636607 869756 594970 680983 554136 610326 65035 418869 779374 732941 151544 291912 224748 194643 489372 418901 581950 225921 583481 522785 741710 49525 646375 145824 754307 601167 125699 544302 269985 457410 814316 537366 494966 684261 308599
578772 59208 83963 555874 550863 535736 289780 572220 273236 580422 271323 358768 239253 745091 665005 766841 193139 169113 960013 476243 166951 667568 676852 245051 668372 119291 413802 502779 601505 536217 397197 698175 522207 581393 349760 692480 966618 419155 526014 458620 681433 598187 495925 793162 330343 665894 270053 712515 576437 317122 593139 918252 147428 999999999 317711 672536 729564 576467 690250 494273 359757 494459 301275 169147 384040 605338 853895 727938 806554 422370 670413 206533 453686 707419 746638 143914 342412 284838 97956 378550 277502 468275 156106 722411 658018 719369 107206 770350 191897 653638 729804 270958 437938 416985 325200 792758 549854 421506 755247 392101
645657 263909 248857 414774 405329 290677 587712 607579 294321 305364 48585 196696 102270 427749 646729 691973 495564 443926 666040 626622 470672 460787 366905 550407 363817 367021 129264 212118 289753 561830 390990 412426 310116 542277 133395 711456 713115 237706 352980 346878 472037 458307 205380 772074 348592 406179 131286 426278 273771 4848 468606 631465 373410 317711 999999999 708398 412726 676713 597009 252514 102467 464119 46053 473941 552816 289970 542418 727692 767744 320570 474648 383110 256204 406052 465187 457265 240275 584376 409451 198025 296892 274960 469508 751948 676781 406316 373631 729465 248844 402687 711295 430443 225017 553315 262445 479141 285295 126040 571674 330379
103121 690652 710071 389945 399197 993075 622474 103801 904215 652031 681356 520324 629641 960892 120107 250991 626041 567845 907005 272977 628863 1166887 810235 643472 989943 790834 653949 673658 781324 147712 318779 1069485 1018213 198210 836818 38965 767258 506799 1059935 389086 522158 377857 888555 162097 372750 1092178 795374 731035 730225 703659 349951 848991 533501 672536 708398 999999999 959669 151325 276214 576331 627878 250235 662556 632270 340324 808309 930593 89321 199549 1005221 490377 469113 514494 1033035 731417 662594 468915 627670 726942 898736 908478 982489 748312 49984 43668 855166 582616 184193 518815 1094902 124636 409174 933150 285083 920060 906584 622195 820066 482614 379492
