NAME : synthetic_000000
TYPE : CTSP-D
DIMENSION : 100
GROUPS : 8
RELAXATION_LEVEL : 1
EDGE_WEIGHT_TYPE : EXPLICIT
EDGE_WEIGHT_FORMAT : FULL_MATRIX
EDGE_WEIGHT_SECTION
999999999 652828 422651 609715 758344 690938 559790 745862 483488 786081 431568 572796 50577 274920 690503 451759 385870 787749 177722 833369 453539 783766 265236 509501 681648 390147 608240 353565 710285 486040 438371 614473 281604 705890 704161 272608 158328 638310 600242 501940 279229 623831 417642 59307 642482 407854 603599 690693 464331 546359 455469 675082 120381 550442 687149 702728 553505 542435 63656 192465 359742 298319 498947 321987 438863 804243 73652 242946 591187 248798 688125 575029 461457 542482 108200 396352 736739 705570 642743 131383 198894 324502 489228 577686 784305 502474 559084 635907 504986 814675 360886 876897 588905 190911 778951 542581 422862 652735 299458 375292
652828 999999999 656036 353288 799504 46277 139914 610487 681924 178513 934055 710803 637039 444307 828990 289276 645093 149485 500124 927631 313124 869003 835962 384291 138435 594117 304634 916005 869915 687127 437401 946352 904793 577672 73530 571887 803996 91815 947091 938491 494887 173824 1022085 662426 11768 948028 51975 141375 193017 965842 205060 851645 699744 913955 80025 616786 1142828 196754 710026 795676 905496 419246 297898 484816 227719 389535 610693 711190 146314 596403 37215 727808 267565 645589 662448 504401 313521 426853 286419 731912 810150 493072 630826 410327 199371 225053 527674 750548 221918 194443 810532 245940 390582 747245 662475 146706 438035 56804 353523 360415
422651 656036 999999999 820786 1116094 670743 517055 1037553 860984 832814 851554 942818 463183 555710 1071885 366997 767238 803856 480979 1211953 657644 1156789 680461 753888 758471 751860 794456 764340 1098660 864743 719369 1031768 663592 995252 728497 639031 449183 699225 1018872 924585 600832 735027 798956 369841 644431 821729 607361 765972 546431 968932 549780 1065406 543031 969502 726405 1008880 934058 671787 470286 603474 774998 284259 694183 637230 451776 972842 353908 217822 522576 629003 691392 949920 632195 896551 322125 716835 891300 927452 811741 551004 604593 185094 848217 823851 848421 647414 863124 1005562 647945 850474 782431 899669 823063 305476 1082062 509351 218924 620837 440392 306642
609715 353288 820786 999999999 448762 393514 423451 260562 390111 325159 716993 389287 570373 334799 491605 504718 395907 370608 433257 577892 167581 520283 679487 106624 241705 343755 48903 737663 533548 394775 191458 651474 776078 225298 328878 392573 764808 263264 657593 687710 342309 181110 859667 648694 354578 750127 352667 246069 295238 703149 285989 520851 591978 635709 302200 263498 954856 178582 644360 671273 718542 536646 126937 305230 397664 199417 607325 777731 455339 425661 357736 407687 188801 327328 674275 264391 151804 106714 80669 624297 688390 635698 332511 70614 299289 183470 195734 416069 184204 355603 593163 410277 46116 773670 312642 413947 637931 405313 384933 527059
758344 799504 1116094 448762 999999999 841245 847770 226827 277281 761357 575594 186966 707777 561817 117513 886959 373592 812896 637563 129510 526250 75180 653812 428042 689322 371024 497567 657416 144315 275583 416918 360479 760997 239960 777462 489573 869920 711174 378749 489143 515543 629589 771971 815850 799631 632835 792087 692965 696058 473616 682419 162725 669998 393254 750890 193344 805992 610041 754592 695754 630073 852349 517803 479056 785392 534555 798732 992513 883983 509928 806180 188577 572942 220320 860192 400601 553076 408928 524888 689322 710570 945257 271416 389338 730860 596354 282136 126649 598606 788930 500317 834601 409030 949225 192329 834679 987129 848889 699153 877284
690938 46277 670743 393514 841245 999999999 155348 648234 727905 178383 979447 755834 676957 488846 873054 307010 691362 135643 541909 969759 359341 911374 879383 429060 166219 640393 344640 960092 914127 733105 483436 992495 946498 616578 82462 617363 840260 130252 993302 984592 540189 212587 1065140 698114 52527 992783 87714 166967 235701 1012061 248419 896310 741518 960228 101324 656710 1186790 242118 749117 837706 949953 446693 343417 530738 258820 413228 646241 738305 149718 641527 39187 772942 313842 690639 695887 550660 341026 461849 323438 773433 851952 514675 676564 452639 205242 271211 571476 794773 268063 186915 856155 229586 432243 778189 700021 166554 451832 49964 392513 383128
559790 139914 517055 423451 847770 155348 999999999 683167 686398 318309 890545 731601 552906 399957 858594 151729 631357 286807 429944 971654 325562 912023 772073 419762 261297 585343 379060 857219 897478 691577 448450 941380 828032 645842 213299 535792 702289 202551 938921 910223 458492 267128 953731 559659 128603 895939 95708 266897 158378 942579 173414 874583 625517 900541 215425 678971 1081246 245224 620850 721970 850519 295720 330020 460736 121684 506386 507923 585689 39243 554298 174449 746887 277118 667554 552276 501683 425562 515045 374497 655670 734822 359517 642134 465333 337638 251790 566375 779805 249717 333993 772337 382770 450747 629840 735004 18116 298555 106496 272445 228653
745862 610487 1037553 260562 226827 648234 683167 999999999 340250 546788 695187 279395 698070 494606 314623 752893 406971 601539 589135 351465 389616 301763 721808 287260 487095 374615 307550 752195 353455 342245 321697 538147 829482 42314 576925 479241 884153 519022 551829 630905 469540 436672 875490 796770 612740 744080 612917 489245 546550 629240 535277 356830 687597 549595 551569 55367 938752 437946 761153 741571 727300 756766 364617 426726 646101 308474 766578 955000 715691 509168 610795 294982 427839 251654 833387 349571 334543 191949 324800 714659 758362 855467 295885 223557 514676 436419 186814 263168 437821 572451 590261 614125 233824 930733 52126 672960 875124 664054 598479 762659
483488 681924 860984 390111 277281 727905 686398 340250 999999999 707620 356849 90316 432957 325102 211181 684851 97665 745042 380659 352889 369932 300898 390357 307855 610305 112449 427907 412784 238362 5220 244578 266280 498969 314050 685373 222420 592859 608476 269782 304992 268093 539150 535526 541782 678109 404043 657778 616957 528136 315027 513045 206571 392737 245598 658667 285404 601266 486664 477412 423330 387457 616227 385619 242689 596096 561184 528624 721431 725426 237542 700504 91607 417651 88615 587533 184896 537931 420908 467907 412603 438935 701268 57805 320257 685268 457114 204916 152611 460193 739217 250438 797118 344612 673957 350964 670206 759017 719620 477063 656201
786081 178513 832814 325159 761357 178383 318309 546788 707620 999999999 1006727 714108 762191 542399 815057 465848 694941 59997 618310 890623 372375 835371 934123 400829 107946 641512 281502 1006474 857094 712552 476583 972601 1015279 523334 105015 651472 942507 148866 977273 993225 580536 177652 1121029 804709 189711 1030167 225478 99245 326366 1013837 332814 845616 812924 951591 107729 568593 1232015 253736 837956 905458 991959 584693 337681 558439 392197 265360 754217 874285 322941 680866 146588 732427 341517 651336 811704 552241 212974 355127 244489 846143 921269 665236 651214 395021 34456 294683 520682 740622 291609 32055 880885 94600 370878 902145 595758 324027 615637 224642 491507 532639
431568 934055 851554 716993 575594 979447 890545 695187 356849 1006727 999999999 420401 399352 493025 464199 828918 321315 1032093 469507 583521 636001 557864 173327 616928 900780 373266 744641 108587 457793 354224 534024 261499 238811 670717 959105 362205 437913 881447 240401 104198 439277 829337 198987 481757 926924 60604 896207 908858 747980 145248 733903 425504 313388 199960 934780 639894 244474 758839 381385 250736 85562 700607 669062 451763 774986 904744 504242 651641 928436 338471 961526 408058 673571 444858 529643 457523 868796 768123 786301 300917 253424 749382 408729 652668 990870 720433 554066 459485 723704 1038729 125851 1100706 675254 573119 700076 872493 840181 956435 624333 768307
572796 710803 942818 389287 186966 755834 731601 279395 90316 714108 420401 999999999 522225 396627 132803 745591 187129 757002 461868 269222 407175 214390 474349 326910 624001 191098 432964 488510 167745 88695 283192 270371 582671 261729 705060 307554 683071 630744 280647 351584 343863 555452 608613 630788 708382 472732 692505 629704 573818 350604 559053 142982 483040 272067 677986 224316 661977 514097 567692 511435 462075 689934 413431 312533 651077 537433 615971 809328 769962 325412 725304 18573 455931 65218 675984 241926 527411 396560 469830 502648 526706 778434 96921 319098 688565 489993 193555 63510 492824 744793 326883 799301 343332 763493 279867 716411 830203 753256 544042 724153
50577 637039 463183 570373 707777 676957 552906 698070 432957 762191 399352 522225 999999999 236912 640272 456127 335326 767369 145028 783135 418662 733329 240680 468250 656278 339883 571668 330286 660454 435533 394402 569821 276195 658447 684518 222768 194494 615891 556281 463324 234371 595699 407345 109121 627144 381426 589256 665310 445626 507041 435539 625347 86690 506710 666121 654183 540741 514304 76383 175257 332974 310334 463806 276639 431228 766796 109275 291775 586246 198355 671390 524514 430744 492124 156700 348966 701580 663888 607480 108594 185548 350225 438821 535135 758457 473667 511459 585350 476350 791561 319459 854323 547432 241457 730320 535252 443702 641225 284700 384359
274920 444307 555710 334799 561817 488846 399957 494606 325102 542399 493025 396627 236912 999999999 529060 366050 246960 556562 99490 664306 182879 607115 394225 236029 434575 212881 334759 472029 560898 329717 173737 554982 472962 452749 477701 136282 430761 402865 549645 510624 61259 368784 581294 315465 436422 503991 404078 443422 255189 544138 241367 530791 272420 507716 455714 459413 698967 289016 312298 363233 461189 293327 227568 84116 290389 530031 277615 461110 438577 154861 474135 406658 201777 344341 345203 161378 464945 431946 370885 305767 379236 383689 299809 305949 534285 247890 311939 457203 250907 573250 372753 636555 315359 444518 534715 382097 434342 463706 153743 331314
690503 828990 1071885 491605 117513 873054 858594 314623 211181 815057 464199 132803 640272 529060 999999999 877616 307368 862174 591144 142867 533078 97994 556498 445526 732282 320659 538515 551409 42045 207679 411688 243093 661448 314704 816922 433601 788210 745286 261240 374124 475275 666791 662255 749392 827472 522723 814374 737147 701748 356755 687194 45698 591858 276886 789867 268206 690452 633468 678597 605525 523808 822259 534664 445031 781890 610660 738662 930645 896505 447815 840647 122666 581681 192514 796128 374563 615808 475260 571669 607353 619243 909885 229664 424495 786986 612725 301716 78928 615390 844515 399650 895169 447360 879674 292263 843900 962908 874093 676842 856953
451759 289276 366997 504718 886959 307010 151729 752893 684851 465848 828918 745591 456127 366050 877616 999999999 612711 437860 359800 1003268 366218 943947 690848 469418 395615 574945 467909 779463 913229 689763 470682 920788 730969 712417 361512 498017 580145 335755 914904 864917 427189 382305 863472 439820 277620 824693 240376 402594 209553 901969 218968 886002 537424 871792 359773 738185 996291 333336 515189 631053 777168 160402 388358 443469 107207 625459 389965 440428 165108 508182 325055 758434 325118 685615 423857 504209 543056 606879 475048 564022 641674 209118 650154 529337 482116 321250 607318 800974 320580 483635 720092 534086 520734 492004 802875 142606 150698 257749 213281 83836
385870 645093 767238 395907 373592 691362 631357 406971 97665 694941 321315 187129 335326 246960 307368 612711 999999999 725748 289256 449762 333626 398455 315139 297937 591781 53469 425280 353788 331712 100422 218359 310728 422531 374480 658644 128597 498591 580498 307582 298411 186402 519691 478120 444120 639799 357746 614872 599319 475549 321736 460469 298177 297902 270162 632864 354793 561742 456420 381308 337266 331394 530827 359620 171743 531469 584194 431416 623939 670596 140448 667862 189267 377572 166276 489914 143366 547685 449464 466855 319748 353646 611994 114101 331420 676484 421710 240565 250059 424955 726978 199195 787662 353939 576439 426463 614286 675365 676907 400680 576555
787749 149485 803856 370608 812896 135643 286807 601539 745042 59997 1032093 757002 767369 556562 862174 437860 725748 999999999 625601 942364 396168 886357 950585 437188 134808 672625 324542 1025905 904136 750073 508205 1011063 1027312 576466 84073 672896 942090 153715 1014744 1024009 599355 206586 1137714 802077 161253 1052515 200846 128106 323534 1046616 332362 891186 823243 987014 101488 620975 1252431 273360 842199 917449 1012731 567720 366147 580938 375245 325061 750808 859391 285104 700892 112906 775118 359911 693277 805403 582398 269638 409590 290596 856170 932786 642550 689603 439004 94377 312637 564458 786580 309403 53786 906538 96459 415415 892725 651181 295350 585228 185105 489353 509900
177722 500124 480979 433257 637563 541909 429944 589135 380659 618310 469507 461868 145028 99490 591144 359800 289256 625601 999999999 730974 275850 675983 342144 335503 511903 270881 430570 427633 618892 384581 270953 578517 404680 547714 543564 160870 335379 473088 569664 507110 123498 450714 525096 216020 490820 468606 454467 520921 307190 545796 295893 586316 199641 523505 524138 551171 651329 369348 221401 295819 422152 247212 321245 164386 310142 626685 178822 366176 466108 158708 533236 468994 285817 417297 246350 244977 559082 531343 465057 231830 310070 323043 367782 405386 613846 328657 403956 524729 331353 648026 361080 710999 414802 345429 627151 411868 392764 509726 157872 304702
833369 927631 1211953 577892 129510 969759 971654 351465 352889 890623 583521 269222 783135 664306 142867 1003268 449762 942364 730974 999999999 647751 59689 691524 552285 818723 460098 626628 678282 129611 349639 532855 334949 794105 368232 906710 574993 929327 839836 356104 485568 612861 758496 782414 892254 927488 643675 918853 822417 817883 459147 803877 165150 734040 385789 880084 322165 794273 736642 820959 744223 650647 957464 642408 580253 903987 659914 881174 1073388 1008440 590168 934990 262334 695330 320837 938938 505902 681631 537409 654345 748771 757378 1047160 365004 517306 859945 721159 405378 207195 723532 918015 533694 962990 537555 1022469 310972 958039 1095999 976338 808393 988103
453539 313124 657644 167581 526250 359341 325562 389616 369932 372375 636001 407175 418662 182879 533078 366218 333626 396168 275850 647751 999999999 588062 564122 103337 265304 281749 155810 634424 572169 375150 125820 633358 650543 348265 325601 279164 611138 247418 633968 630207 210312 194834 750378 487892 308721 657907 287951 273602 170134 655305 156240 550038 453817 601202 300283 372104 859669 123489 494569 541713 619611 373592 45433 186064 261252 352159 444175 610560 363436 309018 334436 423012 48758 342626 510364 191547 283243 273302 189207 487082 558209 472999 321030 168044 359746 88311 244204 454258 91522 404170 510384 466898 165444 609348 438398 311128 485696 349711 218653 373280
783766 869003 1156789 520283 75180 911374 912023 301763 300898 835371 557864 214390 733329 607115 97994 943947 398455 886357 675983 59689 588062 999999999 654431 492748 761551 405425 568893 647742 101498 298034 473414 321972 759138 314960 849159 521721 885033 781600 342062 464195 556715 700519 756595 842327 868718 617118 859680 765426 758194 442483 744190 132363 687728 365059 822446 268149 778213 677463 774098 703340 620099 899990 582885 523193 844434 609703 829415 1022329 948852 538384 876862 209400 635651 262976 888364 447901 627809 483749 597444 704045 717139 990436 308755 458762 805132 661644 345813 151255 664032 863192 497414 909366 479350 973720 265389 898379 1037845 917381 750039 929563
265236 835962 680461 679487 653812 879383 772073 721808 390357 934123 173327 474349 240680 394225 556498 690848 315139 950585 342144 691524 564122 654431 999999999 573296 826200 354161 696869 89620 561914 390008 488054 404115 108613 689608 871903 288680 267548 796954 385434 262068 353998 757874 187133 311551 827413 142665 792817 834879 643710 307337 631041 526520 154820 337268 849900 668975 309188 680486 210527 77533 94850 550372 604057 381003 651877 877287 338857 478402 808038 256612 867094 467908 592695 475082 358354 416812 827601 751069 737516 134261 80689 588603 426540 624618 923500 639769 552589 528140 642906 965426 157877 1028644 643928 399958 738846 754003 684101 849910 499772 622857
509501 384291 753888 106624 428042 429060 419762 287260 307855 400829 616928 326910 468250 236029 445526 469418 297937 437188 335503 552285 103337 492748 573296 999999999 302473 244699 127713 633032 486088 312886 85408 573931 669467 245575 379529 285981 662680 304157 577588 594526 237219 231591 754391 551492 382307 647564 369029 309103 269422 613521 256428 467354 486270 550826 352572 268795 852185 188034 541150 564711 614576 471168 90151 199053 363975 305908 512783 690550 456228 319048 398433 344208 146398 261782 580276 160384 255085 196104 169373 518384 581840 570343 252688 71679 380206 168912 146954 366795 171338 432652 491992 491932 79426 679771 335429 406653 587944 428567 313526 475474
681648 138435 758471 241705 689322 166219 261297 487095 610305 107946 900780 624001 656278 434575 732282 395615 591781 134808 511903 818723 265304 761551 826200 302473 999999999 538532 193874 898861 774087 615345 373843 876398 907512 457862 89867 544109 838845 59931 879974 890170 472711 72092 1013132 702628 145398 923196 166551 9046 228901 912228 233096 759821 705492 852236 65456 500206 1124624 145791 732291 797722 884592 496820 232578 451266 308264 251190 652795 781956 278128 573248 127182 641982 233571 559869 712111 448540 175565 297822 164613 738748 813590 583524 555024 307847 102768 186768 432467 655736 183709 139289 775007 202448 284972 804689 538362 261472 546084 195162 390713 452928
390147 594117 751860 343755 371024 640393 585343 374615 112449 641512 373266 191098 339883 212881 320659 574945 53469 672625 270881 460098 281749 405425 354161 244699 538532 999999999 372191 399939 350043 116953 164938 356279 459446 339317 606144 118691 515201 528056 354851 351763 155703 466439 523888 446488 589107 407513 565163 546030 428310 374310 413179 318858 315616 319899 580235 325018 612037 404049 394245 367344 378754 503835 306578 131534 489364 534155 427738 621546 624569 141862 616182 198222 326588 152498 489777 90539 495553 401387 413803 341123 384261 589585 99739 280535 623016 370011 198569 254227 373238 673545 249669 734196 302548 580794 399326 568568 646579 627251 365515 544158
608240 304634 794456 48903 497567 344640 379060 307550 427907 281502 744641 432964 571668 334759 538515 467909 425280 324542 430570 626628 155810 568893 696869 127713 193874 372191 999999999 759191 580367 432734 211832 691718 790136 273325 280322 408265 765216 214397 696959 720737 350865 132207 879692 643628 306130 774920 305403 198631 258758 738261 251047 566727 600195 673053 253559 312218 979440 136389 646941 683413 741282 511421 110721 317328 361598 196390 599950 763486 409856 440766 308836 451205 164561 369878 666004 287781 131803 139084 41661 633060 700343 609597 370889 114472 257587 148749 239970 462299 148811 312584 619669 369342 91156 764837 359676 370403 605264 357068 364866 495872
353565 916005 764340 737663 657416 960092 857219 752195 412784 1006474 108587 488510 330286 472029 551409 779463 353788 1025905 427633 678282 634424 647742 89620 633032 898861 399939 759191 999999999 550073 411322 547765 366233 130295 723391 948800 355398 336199 872759 345658 211284 426614 829194 124351 397502 907836 58972 874226 907369 724869 253639 711750 516134 244393 301994 926004 697768 226948 753779 296648 162102 27661 639948 672194 448731 737775 932525 427208 557760 893678 325615 946160 478957 666323 500938 442954 473283 888092 801309 800471 223343 159748 677588 457335 678513 994029 713616 594293 535556 716815 1038102 162447 1101068 699334 475983 763483 839115 773578 932299 585505 712198
710285 869915 1098660 533548 144315 914127 897478 353455 238362 857094 457793 167745 660454 560898 42045 913229 331712 904136 618892 129611 572169 101498 561914 486088 774087 350043 580367 550073 999999999 234336 449716 221454 664696 355263 858524 459630 801409 786621 241163 362949 505587 708373 656735 769455 868260 517443 854656 778995 740210 341030 725561 35882 607760 263645 831459 308465 676720 674109 694976 615069 522414 853490 574892 477201 818748 651755 761177 951846 935562 471557 881934 155047 620858 230150 816933 409228 657708 516895 613657 621311 628062 939522 263402 466261 829031 652712 343052 119367 655416 886559 404091 937184 489211 898022 328369 882589 995216 914600 710365 890372
486040 687127 864743 394775 275583 733105 691577 342245 5220 712552 354224 88695 435533 329717 207679 689763 100422 750073 384581 349639 375150 298034 390008 312886 615345 116953 432734 411322 234336 999999999 249787 261187 498608 316524 690502 225995 594382 613625 264798 301241 272514 544217 533845 544429 683318 401880 662997 621984 533322 310793 518230 202309 394432 240953 663789 287287 598579 491846 479345 423879 385857 620627 390788 247443 601152 565226 531680 724345 730609 240600 705682 89002 422871 90787 590331 190048 542404 424842 472681 413965 439395 705435 62324 324853 690132 462324 208958 150420 465402 744136 248906 801976 349229 676400 352227 675378 763529 724839 481812 660873
438371 437401 719369 191458 416918 483436 448450 321697 244578 476583 534024 283192 394402 173737 411688 470682 218359 508205 270953 532855 125820 473414 488054 85408 373843 164938 211832 547765 449716 249787 999999999 509306 585001 279619 443727 201547 587786 366040 510802 516693 160145 301770 668992 484386 433531 563156 413721 381249 290643 538419 275915 426163 405480 480129 417424 289603 767624 242941 465017 481167 529539 443343 143007 118918 371411 390034 449746 634847 486902 234757 456686 298456 174184 219566 517216 76510 340451 272251 253363 437016 498355 540175 195249 142478 458419 212537 144293 333452 215615 508620 408599 569402 158348 616021 363613 433219 572516 475396 286209 461525
614473 946352 1031768 651474 360479 992495 941380 538147 266280 972601 261499 270371 569821 554982 243093 920788 310728 1011063 578517 334949 633358 321972 404115 573931 876398 356279 691718 366233 221454 261187 509306 999999999 492949 527272 951556 424202 667360 874490 21609 157849 493737 805375 456313 672322 942080 321814 919969 882957 784587 125130 769457 197769 497129 66934 924888 485420 459325 752133 581468 472404 339800 825715 651406 482458 842057 807735 678653 854612 980620 419951 965959 252123 680088 325949 721995 443254 794839 666739 730813 499666 481331 896771 321555 580900 949288 721299 458249 275132 724438 1004008 257946 1060949 605427 786707 525780 924471 971279 982027 707664 878941
281604 904793 663592 776078 760997 946498 828032 829482 498969 1015279 238811 582671 276195 472962 661448 730969 422531 1027312 404680 794105 650543 759138 108613 669467 907512 459446 790136 130295 664696 498608 585001 492949 999999999 796704 946462 383523 219262 873803 472890 340483 441109 841388 138006 311212 895497 186194 858958 916371 711817 383554 700286 629706 205049 427356 925920 776946 274901 761971 218187 109895 154418 579814 692494 472813 706401 975031 351427 449783 861962 350419 937703 575907 674567 583554 350129 516632 921708 852180 829998 173151 94696 600591 534661 724283 1007077 720851 657990 635760 723868 1045994 261829 1109289 742569 364127 847202 810237 701913 913259 557239 656346
705890 577672 995252 225298 239960 616578 645842 42314 314050 523334 670717 261729 658447 452749 314704 712417 374480 576466 547714 368232 348265 314960 689608 245575 457862 339317 273325 723391 355263 316524 279619 527272 796704 999999999 547383 440939 845689 486715 539652 611070 428750 404203 847225 756260 579410 717838 577895 460580 506923 612192 495375 354363 650195 533763 521542 47341 914970 400847 722487 706662 699038 714577 324471 385858 605820 297265 725455 913387 679013 471411 579715 278567 387300 225870 792394 309561 313402 169179 293916 677824 723572 813233 266057 183398 492152 397500 147048 255004 399020 550191 562265 594794 195288 889995 90473 635196 833519 630393 556270 721049
704161 73530 728497 328878 777462 82462 213299 576925 685373 105015 959105 705060 684518 477701 816922 361512 658644 84073 543564 906710 325601 849159 871903 379529 89867 606144 280322 948800 858524 690502 443727 951556 946462 547383 999999999 598019 858187 78190 953959 955792 523046 150161 1058915 718045 84697 977260 121349 88516 239833 980355 249078 842946 741951 923843 27096 589325 1175645 202271 759067 836699 936489 485625 300747 507345 292819 331330 666752 776847 218923 624940 44776 722739 285552 640312 721380 515605 260956 387593 253659 774727 851826 563045 631575 392775 126716 238928 515737 739627 235649 122648 834069 178336 370721 809018 628223 219307 510926 122826 405469 430274
272608 571887 639031 392573 489573 617363 535792 479241 222420 651472 362205 307554 222768 136282 433601 498017 128597 672896 160870 574993 279164 521721 288680 285981 544109 118691 408265 355398 459630 225995 201547 424202 383523 440939 598019 999999999 404913 520830 417338 374471 77835 473997 472957 328216 564851 379620 534760 552523 387611 407895 373200 426483 210497 373775 574220 433295 580546 399770 282022 280000 340494 404870 316950 93344 426494 591533 309171 502940 574549 33266 599391 312748 313072 271061 371116 137076 539269 471179 448842 240022 297225 483869 218425 342090 638641 360288 294341 371037 363533 683205 239061 746028 359529 462779 509097 518008 550112 595508 284795 454910
158328 803996 449183 764808 869920 840260 702289 884153 592859 942507 437913 683071 194494 430761 788210 580145 498591 942090 335379 929327 611138 885033 267548 662680 838845 515201 765216 336199 801409 594382 587786 667360 219262 845689 858187 404913 999999999 794218 649703 529591 427662 781878 350911 142653 793302 395152 753726 847885 618659 574882 610588 765533 200735 600504 842138 837730 485077 700532 123457 195007 353578 420108 656486 469271 583795 960786 194498 232509 730860 375508 839955 681886 619783 663375 158933 537975 894376 858156 800311 181042 187335 414205 609975 729147 941585 660692 698821 743981 663183 970661 411227 1032495 741794 145555 913169 685808 518818 799747 452738 498285
638310 91815 699225 263264 711174 130252 202551 519022 608476 148866 881447 630744 615891 402865 745286 335755 580498 153715 473088 839836 247418 781600 796954 304157 59931 528056 214397 872759 786621 613625 366040 874490 873803 486715 78190 520830 794218 999999999 876603 877602 446452 82512 984074 655978 95561 900318 109271 66881 177553 902222 184012 769889 669983 846060 53390 526527 1099450 124093 691250 763920 859981 440474 223201 429705 250169 305511 605400 727839 221733 548214 95467 648210 207925 565747 662883 437523 226477 335087 194658 702992 779334 525443 555227 323079 154001 161037 443582 667396 157762 176444 756276 238635 302285 753726 570955 201975 486286 147306 342695 394232
600242 947091 1018872 657593 378749 993302 938921 551829 269782 977273 240401 280647 556281 549645 261240 914904 307582 1014744 569664 356104 633968 342062 385434 577588 879974 354851 696959 345658 241163 264798 510802 21609 472890 539652 953959 417338 649703 876603 999999999 136545 488396 808660 434799 657742 942569 300614 919679 886681 782736 103583 767626 216267 482164 49951 927407 498577 438208 753741 565811 454696 319394 816836 653403 478931 837938 817217 665342 839509 978162 411499 967407 262690 680215 333891 707437 443065 802316 676065 736459 483678 463237 886305 326131 587139 954520 722122 465669 289422 725287 1008810 241790 1066301 611654 770594 540976 921867 962325 981767 701640 871403
501940 938491 924585 687710 489143 984592 910223 630905 304992 993225 104198 351584 463324 510624 374124 864917 298411 1024009 507110 485568 630207 464195 262068 594526 890170 351763 720737 211284 362949 301241 516693 157849 340483 611070 955792 374471 529591 877602 136545 999999999 451782 818084 298971 556349 932446 164125 904913 897726 760166 45433 745455 332681 381560 99795 930301 575706 316917 753555 458933 336453 186071 749229 657866 454490 800105 865624 571865 733159 949013 358348 963045 336679 672241 388000 605576 441651 838272 725749 761996 376199 342381 807944 361662 619774 974276 717616 509611 380877 720886 1025248 147248 1085680 643555 658718 629555 892462 892630 966447 654096 811540
279229 494887 600832 342309 515543 540189 458492 469540 268093 580536 439277 343863 234371 61259 475275 427189 186402 599355 123498 612861 210312 556715 353998 237219 472711 155703 350865 426614 505587 272514 160145 493737 441109 428750 523046 77835 427662 446452 488396 451782 999999999 403921 540614 327692 487662 454345 457152 481313 309786 484342 295400 474561 249872 446620 499783 429546 653081 327297 305056 333146 413531 348137 251444 42959 350955 541331 297434 488310 497357 101941 522986 352609 239727 295723 363935 121972 482660 431167 389876 282475 349933 434650 247983 301735 569504 287011 283128 405782 290207 612001 316768 675120 315419 461247 505757 440778 491210 517775 214486 390448
623831 173824 735027 181110 629589 212587 267128 436672 539150 177652 829337 555452 595699 368784 666791 382305 519691 206586 450714 758496 194834 700519 757874 231591 72092 466439 132207 829194 708373 544217 301770 805375 841388 404203 150161 473997 781878 82512 808660 818084 403921 999999999 944522 648556 176444 852519 182061 79732 190527 840174 190460 692852 640919 780484 123087 444125 1054498 81451 672024 731839 814441 462724 160642 380871 284108 243384 599942 740031 292530 503667 176643 573249 167028 490907 661565 376464 161108 254521 113015 674254 747953 554786 484278 242900 165789 122102 365586 589466 119367 209550 703520 272098 221299 756525 488652 262385 529707 228077 341262 428562
417642 1022085 798956 859667 771971 1065140 953731 875490 535526 1121029 198987 608613 407345 581294 662255 863472 478120 1137714 525096 782414 750378 756595 187133 754391 1013132 523888 879692 124351 656735 533845 668992 456313 138006 847225 1058915 472957 350911 984074 434799 298971 540614 944522 999999999 449168 1013360 139541 978236 1021785 829456 333375 817040 624240 328558 397722 1036998 820856 136896 867470 354762 232833 148219 714975 789608 566039 832629 1055489 488573 583317 988809 441753 1053590 598078 779694 623954 487950 595378 1009429 925135 920735 299879 221806 738386 581208 801592 1110014 826809 718640 652791 829953 1152389 285229 1215579 822080 496437 885527 935754 839321 1034553 681416 790699
59307 662426 369841 648694 815850 698114 559659 796770 541782 804709 481757 630788 109121 315465 749392 439820 444120 802077 216020 892254 487892 842327 311551 551492 702628 446488 643628 397502 769455 544429 484386 672322 311212 756260 718045 328216 142653 655978 657742 556349 327692 648556 449168 999999999 651619 453756 611864 711637 479272 601130 471973 734288 175955 607863 702811 755021 586030 567766 101050 235482 406369 280890 533229 370650 441211 840017 51907 183748 588462 305931 698610 633374 490684 598980 49696 447408 769738 747363 676280 181221 238646 289647 545937 621109 805354 528985 610018 694024 531269 832222 417388 893530 630816 134829 831326 543158 392045 657241 313360 359245
642482 11768 644431 354578 799631 52527 128603 612740 678109 189711 926924 708382 627144 436422 827472 277620 639799 161253 490820 927488 308721 868718 827413 382307 145398 589107 306130 907836 868260 683318 433531 942080 895497 579410 84697 564851 793302 95561 942569 932446 487662 176444 1013360 651619 999999999 940321 40449 148885 183975 960186 196373 849574 690460 909002 89416 617996 1134589 194361 699919 786498 897570 407589 295084 478417 216220 396565 599856 699547 136349 589005 48867 725265 262542 643165 651319 499647 319702 430396 289388 722538 800885 481305 627482 410306 209940 220999 526477 748909 217916 206045 803670 257708 390997 735861 664788 135082 426514 51774 343314 348647
407854 948028 821729 750127 632835 992783 895939 744080 404043 1030167 60604 472732 381426 503991 522723 824693 357746 1052515 468606 643675 657907 617118 142665 647564 923196 407513 774920 58972 517443 401880 563156 321814 186194 717838 977260 379620 395152 900318 300614 164125 454345 852519 139541 453756 940321 999999999 907969 931509 758802 203294 745214 484776 294801 260563 953700 689009 204730 779329 352716 218426 48452 689161 693478 471965 777918 941578 481447 616246 933070 352404 976992 461354 692675 492624 499918 487197 901619 807146 816498 276666 217436 730688 453177 688041 1016014 739906 595593 514732 743148 1062024 158667 1124584 709874 534813 751409 877825 825099 967109 625911 759867
603599 51975 607361 352667 792087 87714 95708 612917 657778 225478 896207 692505 589256 404078 814374 240376 614872 200846 454467 918853 287951 859680 792817 369029 166551 565163 305403 874226 854656 662997 413721 919969 858958 577895 121349 534760 753726 109271 919679 904913 457152 182061 978236 611864 40449 907969 999999999 171743 149362 933801 162755 834628 654024 884802 120323 614539 1100711 182217 661529 750286 864630 367326 279764 450422 175773 414763 560058 659248 112496 557811 89187 708959 240180 627409 611101 476743 335296 435825 293963 685862 764451 442137 608765 403491 242873 202528 515130 735533 199682 243891 773819 297195 385799 695428 665041 98962 390277 62091 304883 309380
690693 141375 765972 246069 692965 166967 266897 489245 616957 99245 908858 629704 665310 443422 737147 402594 599319 128106 520921 822417 273602 765426 834879 309103 9046 546030 198631 907369 778995 621984 381249 882957 916371 460580 88516 552523 847885 66881 886681 897726 481313 79732 1021785 711637 148885 931509 171743 999999999 237628 919558 241953 765050 714423 859227 65661 503296 1133058 154555 741328 806592 893015 505111 240367 459616 316152 248275 661786 790564 282751 581753 127793 647734 242307 565715 721044 456142 174092 299282 168078 747684 822474 591454 561499 312879 93740 195578 437805 660815 192531 130734 783065 193809 289787 813543 540343 267546 553154 197873 399662 460655
464331 193017 546431 295238 696058 235701 158378 546550 528136 326366 747980 573818 445626 255189 701748 209553 475549 323534 307190 817883 170134 758194 643710 269422 228901 428310 258758 724869 740210 533322 290643 784587 711817 506923 239833 387611 618659 177553 782736 760166 309786 190527 829456 479272 183975 758802 149362 237628 999999999 790675 15138 716768 506771 745497 223575 535680 951392 126699 519644 602660 715313 272245 182888 306789 102846 426625 428376 553348 197307 409520 226169 588901 123224 510099 485339 343567 344892 397529 268795 539016 617161 364727 483809 323569 330078 111795 413921 623140 111046 353166 626474 414260 313091 576448 597305 142675 347921 208519 166010 241428
546359 965842 968932 703149 473616 1012061 942579 629240 315027 1013837 145248 350604 507041 544138 356755 901969 321736 1046616 545796 459147 655305 442483 307337 613521 912228 374310 738261 253639 341030 310793 538419 125130 383554 612192 980355 407895 574882 902222 103583 45433 484342 840174 333375 601130 960186 203294 933801 919558 790675 999999999 775821 313290 426010 81124 954517 574522 335877 778152 504052 381880 229280 789523 680798 484012 834369 875740 615835 778387 981547 394055 989315 334367 698665 393365 650437 464825 852389 735004 779132 421272 387727 850126 372701 634105 993723 743274 519608 372682 746527 1045778 188933 1105445 658236 704131 624140 924953 933493 995599 690147 850491
455469 205060 549780 285989 682419 248419 173414 535277 513045 332814 733903 559053 435539 241367 687194 218968 460469 332362 295893 803877 156240 744190 631041 256428 233096 413179 251047 711750 725561 518230 275915 769457 700286 495375 249078 373200 610588 184012 767626 745455 295400 190460 817040 471973 196373 745214 162755 241953 15138 775821 999999999 701986 495282 730442 231704 523443 938392 122024 509989 590951 701928 272890 170966 291879 111777 423106 421403 550705 212384 395433 237417 574075 110036 495428 479441 328450 341843 389323 263178 527684 605599 367005 468849 311977 335073 102759 400304 608635 102382 360287 612147 421912 302223 571594 585815 157588 354387 222535 158693 246282
675082 851645 1065406 520851 162725 896310 874583 356830 206571 845616 425504 142982 625347 530791 45698 886002 298177 891186 586316 165150 550038 132363 526520 467354 759821 318858 566727 516134 35882 202309 426163 197769 629706 354363 842946 426483 765533 769889 216267 332681 474561 692852 624240 734288 849574 484776 834628 765050 716768 313290 701986 999999999 572045 234277 815851 308615 648066 655217 659290 579265 488474 822686 555102 447490 792998 648434 726582 916873 912939 437534 864925 128189 598795 207485 781905 381820 649910 511253 601382 585466 592308 907710 235945 452269 818391 632229 327416 105146 635015 875555 368766 927585 475771 862540 336579 859378 965076 895091 681365 861142
120381 699744 543031 591978 669998 741518 625517 687597 392737 812924 313388 483040 86690 272420 591858 537424 297902 823243 199641 734040 453817 687728 154820 486270 705492 315616 600195 244393 607760 394432 405480 497129 205049 650195 741951 210497 200735 669983 482164 381560 249872 640919 328558 175955 690460 294801 654024 714423 506771 426010 495282 572045 999999999 432240 721777 639753 459196 560575 87375 96582 246350 395557 497392 287380 504224 791154 191410 357486 660339 178937 732694 482501 473914 462710 225606 347080 731872 677657 638545 33348 110434 436750 409360 547902 806093 519421 504222 544500 522353 843302 241438 906530 563348 292857 714659 607589 530298 708738 353575 468233
550442 913955 969502 635709 393254 960228 900541 549595 245598 951591 199960 272067 506710 507716 276886 871792 270162 987014 523505 385789 601202 365059 337268 550826 852236 319899 673053 301994 263645 240953 480129 66934 427356 533763 923843 373775 600504 846060 49951 99795 446620 780484 397722 607863 909002 260563 884802 859227 745497 81124 730442 234277 432240 999999999 897550 495142 413799 722489 515869 405526 275143 770449 623134 439821 797233 802678 615840 789564 939744 366055 935511 255286 646471 318552 657558 409662 783051 661562 713303 433768 414399 838485 303262 565796 930033 689513 447703 291729 692719 983348 191878 1041907 590181 720717 543443 883283 915799 946868 658554 826377
687149 80025 726405 302200 750890 101324 215425 551569 658667 107729 934780 677986 666121 455714 789867 359773 632864 101488 524138 880084 300283 822446 849900 352572 65456 580235 253559 926004 831459 663789 417424 924888 925920 521542 27096 574220 842138 53390 927407 930301 499783 123087 1036998 702811 89416 953700 120323 65661 223575 954517 231704 815851 721777 897550 999999999 563178 1152733 176803 741110 816071 913314 477148 274417 483057 284528 312692 651809 767232 225752 601569 62141 695675 261298 613253 707740 489701 239703 363006 227656 754693 831369 557613 604735 365784 122577 214348 488652 712547 211077 130976 809566 190827 343811 796818 603013 219256 510127 134875 389583 425094
702728 616786 1008880 263498 193344 656710 678971 55367 285404 568593 639894 224316 654183 459413 268206 738185 354793 620975 551171 322165 372104 268149 668975 268795 500206 325018 312218 697768 308465 287287 289603 485420 776946 47341 589325 433295 837730 526527 498577 575706 429546 444125 820856 755021 617996 689009 614539 503296 535680 574522 523443 308615 639753 495142 563178 999999999 883402 435135 715227 690786 672710 730969 352832 387223 632443 344567 726947 917311 713131 462230 620406 240160 413997 196901 793172 308003 359732 215608 335689 666011 707450 828753 242501 213687 537787 428414 147523 211294 430179 595855 535656 641265 229042 889522 76310 667577 854400 668526 572780 742096
