NAME : synthetic_000453
TYPE : CTSP-D
DIMENSION : 100
GROUPS : 8
RELAXATION_LEVEL : 1
EDGE_WEIGHT_TYPE : EXPLICIT
EDGE_WEIGHT_FORMAT : FULL_MATRIX
EDGE_WEIGHT_SECTION
999999999 852064 319047 915688 628159 435126 392990 351091 244841 155807 601953 355598 301767 251080 585585 681741 912361 335179 770687 681765 942614 954317 759334 429985 464092 751082 296772 325960 474092 854681 327636 531323 503088 435268 33249 1032992 550828 673449 716863 314202 948137 454333 930982 854958 290657 384840 140586 568812 159495 661123 762907 701484 830441 402625 311176 832265 113805 533947 732034 28610 728111 615188 732104 393509 871160 596720 982105 280642 530109 442607 527074 395100 768887 798497 728920 547674 533546 151602 1001261 947365 400268 944320 786904 645964 199075 995736 713541 1114697 521370 664943 888615 447198 1061532 562810 410608 877876 577440 723357 691913 650360
852064 999999999 753521 738484 421990 476013 668062 753253 669139 743784 267031 499685 1042800 839539 450274 175938 209785 712114 336482 485824 643309 172723 317684 533949 609693 144320 886029 810368 747391 239056 764396 325361 348976 681560 827689 214200 551315 468654 789050 693192 349117 417692 106875 55331 583698 849302 782086 286940 773303 656512 90132 219163 597855 734532 741617 676937 780718 683305 559656 839177 318074 792297 120553 551556 570092 618830 210595 868159 519452 665258 662511 708129 775397 595032 226109 773456 595747 858962 156035 425684 452703 633282 262741 805098 676694 143699 246918 263648 517967 189829 44602 876963 210605 290341 458212 49553 530408 233542 416973 226492
319047 753521 999999999 1070687 400891 278324 103942 590021 426059 386381 487904 375203 620581 536378 672723 617227 739766 42410 556073 783139 1061233 801535 788067 221964 186439 701969 592200 591529 699003 845302 14532 445350 448543 635743 287886 886216 281804 420222 922936 523208 962560 473725 852959 735796 392127 657464 179603 480785 161179 355202 666358 681830 954425 629142 15350 982680 372900 222787 856844 290442 525372 837808 648534 515699 978623 299742 933164 572518 650000 142660 712801 84267 962104 926630 717426 773261 248843 455686 878297 989724 388601 1059250 792399 868172 365074 887548 544753 994723 276078 597516 778302 720356 943998 508282 316677 793060 312737 557905 764294 527144
915688 738484 1070687 999999999 992239 876318 1050328 578291 679854 761337 771877 700851 873672 707823 412511 659183 945748 1047387 1003622 307305 125983 908330 425449 945700 1049039 614607 703761 626600 461688 507988 1085214 739704 700207 481822 917051 924120 1057098 1063100 247384 601529 447307 619990 700668 791012 682274 600264 962118 731502 968909 1207747 724908 556788 143873 524389 1055392 88043 801906 1155456 221943 926597 962787 349976 695373 556806 170989 1142274 634013 703149 420906 1082529 389229 1085985 184657 158128 530774 403911 1084176 802228 844715 365193 702350 138285 476303 328832 738859 801983 883553 885884 1005459 668499 775834 566942 854286 673957 802564 707720 1056408 877654 357637 784566
628159 421990 400891 992239 999999999 202085 298323 720639 566033 594244 223662 389264 902235 741330 590295 360532 347768 359552 155182 686282 936312 418057 599100 200091 220120 438551 800172 755687 782079 598268 406958 255774 301653 705099 595921 502474 137471 72037 936067 642818 724599 405211 528865 385807 478516 816336 507847 260756 491943 239082 354078 461269 851896 732785 394191 910257 611545 267515 773171 604672 128654 888774 356965 542920 851130 196880 629321 778709 616090 275324 741471 330895 951092 834120 496643 840722 182940 707474 511289 780632 352509 929870 573872 913295 533270 531826 176369 623461 124974 344480 431447 867955 577057 318342 261301 470003 111388 190299 635768 227063
435126 476013 278324 876318 202085 999999999 203418 527939 367525 392160 209659 204055 700993 540167 463812 341552 486619 237755 335904 571368 842720 538965 535461 72600 175272 427215 599288 558569 601404 576594 289848 172241 188845 525640 404117 622101 189581 261822 780917 449849 698172 257083 574665 461307 284017 620969 328523 204970 315509 342285 388227 415614 744822 545792 265943 789836 410127 279901 654564 413831 293001 719918 370349 367977 757184 272197 655819 577773 468441 218398 575576 244567 805296 721563 452363 665818 209294 505807 606240 734780 180869 838556 530181 746824 331679 612342 285884 722884 138475 321812 502556 675243 671171 240881 76449 514842 199315 297386 536050 250356
392990 668062 103942 1050328 298323 203418 999999999 615430 446175 426942 407115 350041 692794 582769 642181 544082 640643 65808 453398 752486 1028932 704845 735055 135482 82700 629970 641206 627114 714141 779992 108779 375655 388603 644896 360052 789745 178204 316338 924106 542471 901192 435536 770331 646203 391891 693417 253751 407900 234980 268135 583362 618620 926096 647969 100046 962514 423564 143990 831355 365144 424295 847497 569266 507035 944425 205326 856015 620421 631190 50098 713151 41178 957569 900332 655225 786011 147860 514513 785997 935644 350290 1025800 732592 876900 390145 797984 448923 901870 173353 524383 689842 754584 852036 443656 259999 709951 209009 462437 725221 442122
351091 753253 590021 578291 720639 527939 615430 999999999 169553 211216 580310 331763 328365 132241 343386 581768 888599 583460 819346 402646 625190 901667 540469 570265 653790 617366 148979 62392 123180 659746 603222 507022 458393 105505 360569 963946 708751 786804 366299 78105 717631 353751 797736 778606 243923 99533 434906 531257 447714 854090 678738 546974 515706 53934 576531 500181 242072 753495 424908 367956 770699 264237 640474 204351 565904 782299 811491 138869 267201 661637 193909 638210 420260 482982 559087 196686 713816 224207 908631 690750 372907 629291 587426 295096 226391 887245 720631 1006733 661641 572846 797003 147454 956098 491234 459842 759780 724275 724517 440300 623497
244841 669139 426059 679854 566033 367525 446175 169553 999999999 91531 455956 188464 374662 181048 343096 493213 773849 416460 678263 436996 699454 799063 525225 403997 484721 548376 237265 191369 272950 629689 439737 380012 336815 212757 240102 869591 542782 629080 502654 97353 713483 251481 732640 684188 92688 255220 286143 411026 295623 686013 585475 488137 587348 203503 411995 594383 135817 583951 488401 250533 630368 412606 549713 151264 626718 614357 768278 216319 285288 492130 297767 469933 547456 555757 510278 347387 545761 192076 824451 706711 236313 700753 559120 443228 62209 810594 590566 931525 497169 479900 710281 312871 878945 384188 305587 685757 559916 596662 449735 502978
155807 743784 386381 761337 594244 392160 426942 211216 91531 999999999 514751 247559 313731 156459 434627 568681 833231 385596 719697 527613 786813 864624 615587 413446 479130 629248 215724 205226 330537 717865 398814 439429 401349 283480 155975 938363 549742 651619 570267 161313 804113 329346 812811 754620 160506 271083 223973 473674 237440 683329 657638 572310 674640 258171 373891 677276 44292 569978 576302 165282 673218 472877 623402 242724 715699 613147 853460 194509 375837 475899 373951 443586 619529 642689 596262 405609 545089 118797 897686 798208 296521 788554 647939 503854 68127 886619 642477 1007273 509144 553964 783533 334031 954338 454625 343008 763660 570894 650058 541266 563039
601953 267031 487904 771877 223662 209659 407115 580310 455956 514751 999999999 268926 826473 636411 379715 144623 318730 447018 251648 468327 712823 352826 376076 271667 358047 229254 690342 627814 614369 387128 499231 75971 122028 538677 574894 431090 320563 292583 735475 507671 512899 228909 365062 257390 363623 679813 519510 50366 509554 455846 178605 239633 630306 578541 475602 691651 545829 446226 555271 585960 204321 702035 162159 380537 627794 400908 449012 670163 418424 410943 555678 447972 743703 613864 275893 662631 360139 633455 404255 562486 220097 706285 354377 723437 446747 405985 141233 520174 276543 126249 296079 721857 467571 104667 195159 305184 308701 144260 414385 48652
355598 499685 375203 700851 389264 204055 350041 331763 188464 247559 268926 999999999 557664 369512 297552 326896 587599 348189 491604 408055 686132 617116 428492 260565 358982 395713 425230 370434 397644 508626 389655 193049 153851 321644 334258 690952 392729 456583 582134 254346 613204 106977 575522 507826 95801 428688 314722 226296 312738 544373 412018 349718 580084 344253 359875 612914 281910 465727 483496 346025 443359 516687 379159 165043 603425 473239 628217 404499 281150 385137 373910 385148 611039 553023 379892 461809 407305 365684 652022 627778 49073 684062 445225 544089 179474 643232 402122 763269 342291 310738 538172 478865 710153 209346 130476 523148 403357 408353 390769 316700
301767 1042800 620581 873672 902235 700993 692794 328365 374662 313731 826473 557664 999999999 208340 667800 866916 1145202 636610 1032403 730901 938971 1173194 864166 712254 760123 917566 180092 266896 419584 979995 628750 750686 709896 432502 333826 1244245 842025 955419 634272 360995 1044661 625326 1101624 1058831 464468 274731 442274 783534 461150 960443 959974 852768 833454 374207 612930 805078 290875 834975 748012 330311 986334 526302 923915 500157 887024 894301 1127464 189935 593327 742737 513486 696675 696385 801100 870392 469830 829202 195880 1198462 1019110 606671 944481 907659 551648 380747 1183234 956050 1304136 807156 854118 1084404 309191 1251864 758817 656248 1057310 866519 963445 767676 874363
251080 839539 536378 707823 741330 540167 582769 132241 181048 156459 636411 369512 208340 999999999 461021 664171 953571 539080 858336 530299 757382 976148 656692 567233 635509 711320 59669 82779 246958 771778 548004 560554 516300 237053 269592 1044415 704599 801636 486379 152665 838789 424108 894976 858425 273726 134253 363840 590694 379988 839684 758832 645361 647937 184904 524797 631261 163588 726122 556640 273910 810667 379597 721944 292487 697846 769348 919176 38196 387874 631967 326082 597922 543744 615212 662323 313881 701164 103956 995532 816895 417219 761525 699476 409320 208721 978563 771601 1099293 662613 652400 881887 196142 1047373 560494 483386 851997 724826 777626 562704 683040
585585 450274 672723 412511 590295 463812 642181 343386 343096 434627 379715 297552 667800 461021 999999999 304759 626147 645338 627608 110634 388603 616839 197087 533459 636940 306058 491272 405678 304409 317451 687186 334579 291158 249747 576102 664086 645631 662192 358873 310364 378076 208049 471759 488609 305910 426854 591962 333553 594450 797208 395952 231147 283916 308849 657389 326325 478913 743133 190813 587350 582072 343991 358190 192230 306077 730710 471628 478456 77277 672020 213107 679313 363996 258664 231142 323428 671817 520708 598020 363982 292060 386528 245575 359580 387602 569148 509374 684097 593804 305452 494755 441329 636484 275759 390379 444144 646340 507041 106641 404103
681741 175938 617227 659183 360532 341552 544082 581768 493213 568681 144623 326896 866916 664171 304759 999999999 322188 577975 344674 369174 587237 321770 243491 409182 500505 86002 711538 637495 586164 242505 629524 172110 181907 516504 658822 382324 465036 425049 660910 519196 368355 241754 249918 196865 408334 679198 621765 136689 614831 597255 97240 104466 515420 566653 603904 584794 606337 590695 453204 670467 305501 647475 58718 378384 504287 544580 316878 693349 364386 552026 508963 585240 658252 503744 137418 620227 504755 683286 331585 420287 281510 579578 213427 664137 501987 317976 225021 438754 421097 19747 217726 710560 385963 119681 305248 196257 452269 218554 305926 134266
912361 209785 739766 945748 347768 486619 640643 888599 773849 833231 318730 587599 1145202 953571 626147 322188 999999999 697464 205219 679614 852846 80675 521591 521725 566256 335555 1006277 939844 905192 448724 747561 394550 437276 833256 883428 158590 484526 363725 978793 819479 554434 535330 284561 155357 681881 987802 814960 362906 802128 546203 231295 404390 803837 879899 731047 881121 863342 610842 758444 893960 219141 969535 268155 684700 778581 529423 391392 986497 686389 622242 830866 675904 971036 798918 421462 941993 529571 951997 192534 633626 538676 842911 469492 985726 765314 229992 200760 288786 469467 324723 180467 1024453 250949 397418 501909 249770 456356 189735 612142 270989
335179 712114 42410 1047387 359552 237755 65808 583460 416460 385596 447018 348189 636610 539080 645338 577975 697464 999999999 514692 755955 1033885 759124 754070 179758 148194 663068 596321 589432 688475 808114 52282 406483 411930 622625 302799 843807 243650 381203 907327 513785 926478 443236 812055 693835 374102 655722 194666 441348 175738 328604 625290 644971 928271 619935 34834 959346 376892 198994 831505 306860 483428 825386 608102 495317 950569 268860 893338 576056 626506 110761 696471 60268 944391 901122 680873 761938 213496 464211 836094 955648 357573 1031524 756561 855421 357125 845628 502343 952487 235009 558239 736489 717995 901834 470731 280103 752047 274281 515500 734387 485656
770687 336482 556073 1003622 155182 335904 453398 819346 678263 719697 251648 491604 1032403 858336 627608 344674 205219 514692 999999999 708195 930327 282611 585829 350276 374269 402426 915492 861634 863084 552869 562091 316267 366544 786679 739298 363746 286041 158751 985451 743643 674766 476253 438486 288008 586542 917999 656809 301469 641707 341960 296710 448383 859960 822992 549294 927868 742214 408016 794083 748709 48714 953673 316125 625899 848305 324673 545988 894432 669835 428500 807191 485240 990876 847475 478268 913527 329877 836529 387358 742766 447112 922207 547299 975043 654841 416405 120237 492104 280103 335235 331277 964217 450510 355751 376813 385893 256319 126177 648261 223705
681765 485824 783139 307305 686282 571368 752486 402646 436996 527613 468327 408055 730901 530299 110634 369174 679614 755955 708195 999999999 278095 658030 179967 641846 745448 345303 551004 464065 331170 301617 797614 432644 392947 298750 674962 693458 750149 757561 303637 387568 324302 317525 482953 531702 410873 470831 697768 425954 701149 900500 449204 275403 173878 358160 767798 223977 571665 851178 86993 685889 664964 322681 414609 290560 196467 835339 457463 541481 151777 781660 229787 789794 291423 150420 260193 324543 778069 602303 620634 288488 402220 276294 239008 329087 486809 585538 588144 692205 698635 374956 528580 470766 649151 368046 499062 468599 749131 583840 68995 485530
942614 643309 1061233 125983 936312 842720 1028932 625190 699454 786813 712823 686132 938971 757382 388603 587237 852846 1033885 930327 278095 999999999 808971 344499 914362 1017841 531100 762584 679930 519522 406212 1075709 691785 658097 521811 939556 817700 1014779 1005265 342419 633407 330101 593397 594459 697505 684970 664516 971222 677615 975670 1161711 641339 482789 112174 572781 1045892 141655 829641 1122284 211221 949938 892638 431974 615710 561236 85859 1099607 519619 758682 419802 1056415 431299 1066759 284998 144299 452064 474520 1045838 844144 737459 245591 678816 12430 387084 416963 754151 693288 811760 770605 964234 599309 677636 640854 741918 622222 772750 608155 1010548 804348 306947 718513
954317 172723 801535 908330 418057 538965 704845 901667 799063 864624 352826 617116 1173194 976148 616839 321770 80675 759124 282611 658030 808971 999999999 490106 580821 633328 313892 1026497 955785 907321 402785 810126 426201 463632 838245 926686 84935 555514 439920 960827 836187 498445 552768 222659 128233 708773 999831 864778 390995 853034 624507 224732 387505 768924 888222 791972 848769 897394 684005 732379 937587 290738 960492 263514 697440 738725 604812 324809 1007438 682579 689755 826895 741497 948025 767052 397904 938251 600923 982763 112873 580615 568109 798458 434284 974457 796504 153245 256832 209523 536439 329057 132596 1032273 170299 415654 544736 200990 528401 243889 589303 304219
759334 317684 788067 425449 599100 535461 735055 540469 525225 615587 376076 428492 864166 656692 197087 243491 521591 754070 585829 179967 344499 490106 999999999 607934 708431 189281 688272 602764 493237 124282 801879 369210 346920 445149 745285 518349 690303 666073 480743 504834 188839 321743 303697 368067 469457 622415 742283 347517 741075 831206 299787 139198 282543 504823 773259 359744 659297 807701 244043 756948 548422 501841 271930 375572 263181 773417 281025 675193 273681 753859 395019 775400 460960 277638 107587 498327 725780 710629 443438 201657 402391 336483 59292 509017 560659 406794 467391 512244 642097 256724 358109 632588 469549 297710 475746 294063 682055 459861 113925 376447
429985 533949 221964 945700 200091 72600 135482 570265 403997 413446 271667 260565 712254 567233 533459 409182 521725 179758 350276 641846 914362 580821 607934 999999999 103616 495154 626890 594826 652727 646776 231758 242822 261437 578445 397367 665261 138785 244110 842302 492873 769186 325719 635427 514280 328786 659210 307790 273539 292058 285734 448412 486812 815546 593214 211561 858827 424219 209779 724264 405735 313412 776523 433804 425523 828936 214005 720534 605364 534089 146018 634471 176459 869246 791770 523689 719899 146957 520393 656342 806967 245481 910350 601817 804288 359696 666119 324064 772758 95745 389528 557213 716246 722076 312548 143136 575126 157597 336935 607931 307577
464092 609693 186439 1049039 220120 175272 82700 653790 484721 479130 358047 358982 760123 635509 636940 500505 566256 148194 374269 745448 1017841 633328 708431 103616 999999999 586276 694854 672207 743738 741271 190313 340400 363211 671140 430862 718225 95509 233809 940943 577938 865210 429063 714268 583362 418153 737897 327910 367899 309611 204208 528544 583908 919159 681183 182684 962044 481780 107049 827723 437046 347984 871530 518728 522802 932361 134834 805045 673618 635959 56583 731711 110978 969683 895329 620954 812974 69456 575756 719326 906132 347777 1013755 699634 899928 433862 734310 380087 834186 96928 481180 627985 797215 785498 411388 246561 653803 126325 393950 711276 387153
751082 144320 701969 614607 438551 427215 629970 617366 548376 629248 229254 395713 917566 711320 306058 86002 335555 663068 402426 345303 531100 313892 189281 495154 586276 999999999 754699 676130 604958 159836 714428 256636 260461 540935 729917 358050 548528 499854 647204 561644 286242 300088 184328 186586 469187 711580 699396 222245 693437 677003 110587 74913 471352 595408 688472 546712 668990 675408 422919 741669 368817 648058 86483 419620 451695 626704 235357 737786 376180 637983 518599 671137 636420 464512 85908 629382 589025 740319 294061 344347 353538 522353 145088 661156 564411 269941 287510 389482 505666 105627 188722 736461 338750 197680 388076 142481 534466 278234 277151 211863
296772 886029 592200 703761 800172 599288 641206 148979 237265 215724 690342 425230 180092 59669 491272 711538 1006277 596321 915492 551004 762584 1026497 688272 626890 694854 754699 999999999 86956 243686 806289 603488 614715 569399 252443 318660 1093103 764265 860891 472288 193132 866525 473731 937322 907045 329519 106551 417355 643792 434109 899052 807169 686725 655600 194196 580998 631385 219589 784768 568588 321651 867629 363772 769766 335211 708245 828815 956417 21554 415678 690569 334306 655497 532315 623078 701497 301697 760678 145202 1042043 839350 472262 767627 733884 391875 268130 1023433 826811 1143812 722249 700615 928927 160021 1092340 611204 541493 896339 784480 832467 589227 736408
325960 810368 591529 626600 755687 558569 627114 62392 191369 205226 627814 370434 266896 82779 405678 637495 939844 589432 861634 464065 679930 955785 602764 594826 672207 676130 86956 999999999 165023 721747 604025 553263 505851 165633 340669 1019806 733576 819766 403601 120407 779961 404605 857451 834041 277421 66356 426438 579664 441085 875002 734060 606602 571751 108246 578897 551380 226131 768257 483121 346426 813206 296963 696092 259117 623405 803615 873038 79056 329584 674947 249605 646445 461068 539111 619706 231105 734995 184941 966095 752394 414666 684556 649392 326829 238418 945746 766885 1065612 688416 627742 853822 128827 1014649 542675 494469 818352 751154 771516 502617 672334
474092 747391 699003 461688 782079 601404 714141 123180 272950 330537 614369 397644 419584 246958 304409 586164 905192 688475 863084 331170 519522 907321 493237 652727 743738 604958 243686 165023 999999999 617075 712687 546860 496555 77043 482686 961450 788661 851479 243137 176081 655293 386832 775878 780311 325585 146122 552153 564014 563812 938453 682691 530732 414116 72369 684902 387762 364007 847120 332179 490393 814563 142340 643916 239484 468688 866725 773206 241690 229508 757946 101460 740409 297914 381918 534747 75235 799180 345210 898909 616325 429759 524915 546790 173317 334382 872033 755306 988078 739071 581154 791963 139970 939872 515488 527936 745833 800663 756980 382961 652449
854681 239056 845302 507988 598268 576594 779992 659746 629689 717865 387128 508626 979995 771778 317451 242505 448724 808114 552869 301617 406212 402785 124282 646776 741271 159836 806289 721747 617075 999999999 858385 404359 396871 567016 837632 416510 707425 658730 596812 619169 126406 403111 193841 294116 564401 744241 822326 373694 818806 836828 256294 163746 372666 626289 831181 455216 760596 833063 355995 849424 523145 624291 242915 484121 337315 786267 156765 792294 394694 791479 519236 821114 571302 375938 129630 622448 747255 819073 337810 190274 474149 395782 72409 630148 658649 296831 442664 394215 663554 261149 271564 756144 354959 337440 528636 201952 693984 432229 237718 371699
327636 764396 14532 1085214 406958 289848 108779 603222 439737 398814 499231 389655 628750 548004 687186 629524 747561 52282 562091 797614 1075709 810126 801879 231758 190313 714428 603488 604025 712687 858385 999999999 457793 461740 649718 296932 894890 285182 423981 937095 536816 975951 487958 864282 745973 406525 669867 189173 492979 171051 352342 677544 694996 968936 642685 29871 997207 384440 219404 871368 299032 532303 851678 660188 530175 993066 298961 945190 583944 664532 143575 727037 83853 976414 941153 730679 787021 250578 466086 887989 1003535 402760 1073710 805838 882072 378601 897785 553474 1004322 281992 609799 788699 732842 953779 521216 329838 804294 316250 566727 778608 537935
531323 325361 445350 739704 255774 172241 375655 507022 380012 439429 75971 193049 750686 560554 334579 172110 394550 406483 316267 432644 691785 426201 369210 242822 340400 256636 614715 553263 546860 404359 457793 999999999 50322 470412 505326 502590 323549 327741 682544 433404 526365 160079 415580 323825 287653 606386 456802 38426 448351 470167 235231 244058 601480 507603 431915 656387 471286 438493 519180 516607 267707 641640 209575 309961 605961 408038 488845 594458 362706 388356 494316 416795 695724 581904 281000 598650 357126 558029 470508 565762 144154 686388 359413 664533 371351 467882 213735 585051 273948 152483 359064 649987 532011 71514 134429 357753 318831 218296 386379 123707
503088 348976 448543 700207 301653 188845 388603 458393 336815 401349 122028 153851 709896 516300 291158 181907 437276 411930 366544 392947 658097 463632 346920 261437 363211 260461 569399 505851 496555 396871 461740 50322 999999999 420145 478918 537103 357687 373673 634749 385662 514591 109757 431518 354372 245473 557870 440000 74414 433415 507553 260003 233292 564159 457833 434349 615695 435517 465409 478692 490457 318007 591966 229215 260004 572279 442833 495754 549437 314708 407134 444557 429224 649591 543107 268968 548463 387742 519207 499376 547067 105210 653335 344903 615152 333300 492651 262375 611853 306567 163761 386005 600586 558682 62866 131907 376231 356205 266134 351258 167029
435268 681560 635743 481822 705099 525640 644896 105505 212757 283480 538677 321644 432502 237053 249747 516504 833256 622625 786679 298750 521811 838245 445149 578445 671140 540935 252443 165633 77043 567016 649718 470412 420145 999999999 439213 894991 713553 774598 289942 122192 617414 310528 716280 712121 253730 177287 498084 488367 508163 864013 613538 467784 411506 60081 621271 400709 321923 775448 319601 448076 738108 202873 574773 162442 460803 792405 721335 243907 172488 687524 92692 672748 336457 378776 475212 141838 725203 322928 834830 587222 352875 525501 495299 232796 274952 809969 679787 927630 663620 510397 725979 195536 878353 440958 451688 682938 724954 681772 340456 577571
33249 827689 287886 917051 595921 404117 360052 360569 240102 155975 574894 334258 333826 269592 576102 658822 883428 302799 739298 674962 939556 926686 745285 397367 430862 729917 318660 340669 482686 837632 296932 505326 478918 439213 999999999 1005964 517619 640616 724357 317155 933833 435551 908512 829150 275840 401824 108600 543115 127408 628165 738195 682428 827447 410578 279539 832618 118683 501370 728487 11808 697098 624642 708132 384979 866412 563579 962216 301369 523859 409748 529923 362850 774765 795820 710817 557101 500313 174687 975741 935847 377447 940829 770802 655555 188573 971248 684090 1089717 488408 641659 863565 464813 1036580 539457 382229 854642 544293 694127 681883 623124
1032992 214200 886216 924120 502474 622101 789745 963946 869591 938363 431090 690952 1244245 1044415 664086 382324 158590 843807 363746 693458 817700 84935 518349 665261 718225 358050 1093103 1019806 961450 416510 894890 502590 537103 894991 1005964 999999999 639872 522048 997032 901251 495019 620320 223587 186063 780687 1060957 946623 466189 935246 704696 285960 432961 788879 947172 876552 870860 972431 767782 762381 1017002 374677 1004969 323717 760704 753190 687517 308862 1074570 733652 774634 876595 826431 979309 790459 436876 987432 685216 1055828 80559 579945 642223 806552 459951 1016857 870366 126497 341463 133630 621325 392504 169599 1090188 107808 485444 624878 224892 612475 328373 624501 382863
550828 551315 281804 1057098 137471 189581 178204 708751 542782 549742 320563 392729 842025 704599 645631 465036 484526 243650 286041 750149 1014779 555514 690303 138785 95509 548528 764265 733576 788661 707425 285182 323549 357687 713553 517619 639872 999999999 138953 970223 631188 833391 442619 657788 518918 466432 797996 418007 342818 400190 153035 476667 558001 921839 730610 278188 971764 557613 132133 835233 524608 265505 909231 473142 557287 928921 85190 754498 742780 655967 144643 765146 203713 993507 900493 594811 854368 45552 653216 647965 881958 370079 1009607 673738 936291 497870 667080 310257 760698 52018 446812 564386 854934 713884 394398 265846 597933 31141 324328 708431 339371
673449 468654 420222 1063100 72037 261822 316338 786804 629080 651619 292583 456583 955419 801636 662192 425049 363725 381203 158751 757561 1005265 439920 666073 244110 233809 499854 860891 819766 851479 658730 423981 327741 373673 774598 640616 522048 138953 999999999 1007971 708778 784603 476745 574845 427196 543541 881419 546477 331692 529476 188868 408618 527451 922304 800755 415948 981507 665937 250928 844500 648607 154025 959845 415950 612742 920341 165946 678631 839358 688031 283326 812655 342641 1023129 904972 562132 911080 178473 762192 541200 843665 421726 998591 638325 984588 592953 566602 222591 648955 152939 409979 472491 934253 605648 389516 327014 517765 107817 235469 706190 290785
716863 789050 922936 247384 936067 780917 924106 366299 502654 570267 735475 582134 634272 486379 358873 660910 978793 907327 985451 303637 342419 960827 480743 842302 940943 647204 472288 403601 243137 596812 937095 682544 634749 289942 724357 997032 970223 1007971 999999999 410506 586091 532374 784360 833777 533571 366072 787886 687437 798100 1123152 747507 575090 267320 314243 908210 201447 605776 1047407 241515 732431 939249 108644 711217 418423 327106 1053016 747963 475091 320042 963743 211075 954650 63198 244752 563019 172499 988445 587141 923667 521158 600151 351737 540003 82936 564819 887537 867913 990852 918546 663193 832053 325177 949764 630814 704489 772146 976655 865825 372630 762424
314202 693192 523208 601529 642818 449849 542471 78105 97353 161313 507671 254346 360995 152665 310364 519196 819479 513785 743643 387568 633407 836187 504834 492873 577938 561644 193132 120407 176081 619169 536816 433404 385662 122192 317155 901251 631188 708778 410506 999999999 688430 284343 744546 715289 165836 174529 377843 459350 388779 777265 615316 494215 521621 106153 509220 518589 200492 678814 425313 326161 695076 316918 577619 142081 566531 705430 766651 176249 239786 587773 212999 566965 458500 489172 510185 250934 637048 214830 849164 670393 296616 636034 546896 347732 158326 830304 647123 950684 583812 508828 736269 225532 899212 422422 381866 703211 646407 651541 414033 551990
948137 349117 962560 447307 724599 698172 901192 717631 713483 804113 512899 613204 1044661 838789 378076 368355 554434 926478 674766 324302 330101 498445 188839 769186 865210 286242 866525 779961 655293 126406 975951 526365 514591 617414 933833 495019 833391 784603 586091 688430 999999999 506253 276394 404180 658072 792806 927864 497311 925813 963221 379556 282581 331041 677480 948139 414004 847918 958334 349445 945518 646983 634640 368653 563162 280931 912551 190253 854834 451342 914541 554018 942187 548671 345049 246016 646153 872870 897223 414491 85603 583329 318211 170307 634324 749498 368806 567118 440517 789044 386703 373979 795027 413112 457542 646376 304950 820254 556252 277353 498104
454333 417692 473725 619990 405211 257083 435536 353751 251481 329346 228909 106977 625326 424108 208049 241754 535330 443236 476253 317525 593397 552768 321743 325719 429063 300088 473731 404605 386832 403111 487958 160079 109757 310528 435551 620320 442619 476745 532374 284343 506253 999999999 483465 434372 169104 453204 421620 178912 419705 595388 334967 247152 491389 349698 458557 533133 368908 535491 398719 447359 427746 484220 298603 151745 508997 527116 528017 454755 214070 464149 336744 473510 551834 466687 275359 439171 466125 442147 573169 521669 85786 590325 338630 508245 264353 559197 370132 680111 390601 228827 459080 493332 627485 138080 182584 434899 446306 372877 291180 270246
930982 106875 852959 700668 528865 574665 770331 797736 732640 812811 365062 575522 1101624 894976 471759 249918 284561 812055 438486 482953 594459 222659 303697 635427 714268 184328 937322 857451 775878 193841 864282 415580 431518 716280 908512 223587 657788 574845 784360 744546 276394 483465 999999999 150482 652473 889989 870614 377574 863057 763013 187015 250849 566489 772661 840586 649035 852027 789674 545796 920182 423198 802194 206164 602780 529700 725703 108720 920793 546605 769445 683846 810757 762404 569460 241293 792200 702051 924518 144115 359743 531070 583419 244406 811145 747404 103563 353620 212383 623571 267757 108870 911002 166448 369589 549974 60486 637162 340143 415003 328314
854958 55331 735796 791012 385807 461307 646203 778606 684188 754620 257390 507826 1058831 858425 488609 196865 155357 693835 288008 531702 697505 128233 368067 514280 583362 186586 907045 834041 780311 294116 745973 323825 354372 712121 829150 186063 518918 427196 833777 715289 404180 434372 150482 999999999 596008 876049 776876 286147 766925 615956 99987 259538 649620 763148 724611 727803 789727 650997 607883 840431 274189 832273 138148 575006 623379 582275 258372 888508 554722 639592 698906 685447 822497 645703 271606 810233 564017 871492 146985 481014 459533 687599 314732 846354 686825 151858 209458 262811 489246 206476 45645 906763 210373 300426 452364 101052 496142 195509 463283 211858
290657 583698 392127 682274 478516 284017 391891 243923 92688 160506 363623 95801 464468 273726 305910 408334 681881 374102 586542 410873 684970 708773 469457 328786 418153 469187 329519 277421 325585 564401 406525 287653 245473 253730 275840 780687 466432 543541 533571 165836 658072 169104 652473 596008 999999999 337944 286901 319357 290726 614225 498234 414154 574602 264434 377075 594641 199855 521856 475242 287494 538471 455815 463480 125541 606597 542380 695539 308734 265599 433870 322545 421253 570443 544816 439854 395441 474408 275586 738071 661006 143719 684630 496271 485066 95462 726308 497879 847040 418431 393881 623854 391256 794163 295590 217215 603156 480915 503990 409662 410906
384840 849302 657464 600264 816336 620969 693417 99533 255220 271083 679813 428688 274731 134253 426854 679198 987802 655722 917999 470831 664516 999831 622415 659210 737897 711580 106551 66356 146122 744241 669867 606386 557870 177287 401824 1060957 797996 881419 366072 174529 792806 453204 889989 876049 337944 999999999 490863 630788 505892 940363 776340 639905 560057 118122 644932 530397 289827 834404 477846 406831 869396 257466 737912 303188 614810 868872 898239 112378 349579 741177 244420 712793 426556 527941 649741 196695 800246 237784 1004164 758439 471093 670225 672428 285362 304345 981470 820048 1100268 752256 670815 893301 63411 1050185 590527 555072 854048 815005 824003 516701 723025
140586 782086 179603 962118 507847 328523 253751 434906 286143 223973 519510 314722 442274 363840 591962 621765 814960 194666 656809 697768 971222 864778 742283 307790 327910 699396 417355 426438 552153 822326 189173 456802 440000 498084 108600 946623 418007 546477 787886 377843 927864 421620 870614 776876 286901 490863 999999999 495225 18928 521677 691959 661253 860301 480074 170959 875441 201256 393571 760766 112201 617446 694147 665656 410060 893434 458593 934616 398520 551427 302939 583839 254518 833578 829971 692996 627387 397187 277494 923766 939794 348748 971142 759870 725067 224712 924024 614204 1039591 393542 603255 814561 554267 986858 502736 324613 813889 446066 625418 693928 566059
568812 286940 480785 731502 260756 204970 407900 531257 411026 473674 50366 226296 783534 590694 333553 136689 362906 441348 301469 425954 677615 390995 347517 273539 367899 222245 643792 579664 564014 373694 492979 38426 74414 488367 543115 466189 342818 331692 687437 459350 497311 178912 377574 286147 319357 630788 495225 999999999 486731 485113 196813 216770 591250 528610 467594 649855 506576 462698 512926 554440 253780 652285 171452 330640 592061 425979 452524 623847 369387 417793 505721 449077 697171 573377 253829 612400 379099 591968 432627 540532 177234 671641 332806 673966 405548 429537 191442 546917 295157 116942 320855 672139 493847 58079 172437 319521 334947 193965 375161 92738
159495 773303 161179 968909 491943 315509 234980 447714 295623 237440 509554 312738 461150 379988 594450 614831 802128 175738 641707 701149 975670 853034 741075 292058 309611 693437 434109 441085 563812 818806 171051 448351 433415 508163 127408 935246 400190 529476 798100 388779 925813 419705 863057 766925 290726 505892 18928 486731 999999999 502838 683222 657042 865106 491947 152259 881951 216847 374645 765644 131126 602886 705527 657645 415007 897178 439934 928777 415051 556070 284092 592821 235605 842915 835048 689298 639017 378815 295157 913687 939457 344706 975355 757235 736401 233690 914772 601387 1029725 376587 596130 805131 569260 977109 496259 315218 805911 428459 612793 695456 555662
661123 656512 355202 1207747 239082 342285 268135 854090 686013 683329 455846 544373 960443 839684 797208 597255 546203 328604 341960 900500 1161711 624507 831206 285734 204208 677003 899052 875002 938453 836828 352342 470167 507553 864013 628165 704696 153035 188868 1123152 777265 963221 595388 763013 615956 614225 940363 521677 485113 502838 999999999 592566 695474 1071144 878626 358019 1122942 685525 133119 986110 633267 342781 1061058 596024 709277 1075939 71860 865814 877803 808922 218749 917567 271522 1146516 1050608 731612 1005290 140283 778880 728438 1017443 523005 1156089 809764 1088387 637013 754996 409691 834027 204954 580338 661306 998883 792216 539537 418677 705355 151473 422973 856512 465159
762907 90132 666358 724908 354078 388227 583362 678738 585475 657638 178605 412018 959974 758832 395952 97240 231295 625290 296710 449204 641339 224732 299787 448412 528544 110587 807169 734060 682691 256294 677544 235231 260003 613538 738195 285960 476667 408618 747507 615316 379556 334967 187015 99987 498234 776340 691959 196813 683222 592566 999999999 173828 581465 663889 654151 655896 693698 607634 529630 749645 267429 739868 38785 475042 562263 548961 277935 788702 459065 583304 603631 623844 740524 573791 194569 715011 519975 773817 240098 446057 364438 632447 254531 755318 590139 233121 188003 351854 439637 106554 126160 807758 298683 203051 368202 126784 458271 176779 382466 141615
701484 219163 681830 556788 461269 415614 618620 546974 488137 572310 239633 349718 852768 645361 231147 104466 404390 644971 448383 275403 482789 387505 139198 486812 583908 74913 686725 606602 530732 163746 694996 244058 233292 467784 682428 432961 558001 527451 575090 494215 282581 247152 250849 259538 414154 639905 661253 216770 657042 695474 173828 999999999 412915 523080 667640 484550 613486 679451 356180 694235 409877 573489 140204 352878 400038 639792 281388 670432 301633 632412 443730 659628 566780 402838 37072 554475 595446 680087 368208 324043 312509 475112 116045 586989 509561 342185 329166 460376 511431 117629 263615 663188 410634 174996 365163 215278 547818 322212 208765 237343
830441 597855 954425 143873 851896 744822 926096 515706 587348 674640 630306 580084 833454 647937 283916 515420 803837 928271 859960 173878 112174 768924 282543 815546 919159 471352 655600 571751 414116 372666 968936 601480 564159 411506 827447 788879 921839 922304 267320 521621 331041 491389 566489 649620 574602 560057 860301 591250 865106 1071144 581465 412915 999999999 463965 939075 83753 717490 1024706 99557 837807 819417 341236 551604 450246 60178 1006992 509048 650736 309042 955533 322260 963168 221144 32733 387131 375577 950764 733104 710468 258091 575922 114426 335124 331429 642327 669182 739959 759819 870592 524964 636332 540980 724815 534198 672868 569207 919671 733937 216133 641596
402625 734532 629142 524389 732785 545792 647969 53934 203503 258171 578541 344253 374207 184904 308849 566653 879899 619935 822992 358160 572781 888222 504823 593214 681183 595408 194196 108246 72369 626289 642685 507603 457833 60081 410578 947172 730610 800755 314243 106153 677480 349698 772661 763148 264434 118122 480074 528610 491947 878626 663889 523080 463965 999999999 615225 446604 291899 783174 374875 418421 774283 214708 625243 198005 515224 806773 780129 187270 231594 692785 141707 672947 367123 431283 532064 147484 738705 278128 888735 646635 380987 577141 554399 245685 264084 865061 719710 983406 682046 559374 778760 144554 933653 484370 474490 737760 744253 722575 400535 619545
311176 741617 15350 1055392 394191 265943 100046 576531 411995 373891 475602 359875 612930 524797 657389 603904 731047 34834 549294 767798 1045892 791972 773259 211561 182684 688472 580998 578897 684902 831181 29871 431915 434349 621271 279539 876552 278188 415948 908210 509220 948139 458557 840586 724611 377075 644932 170959 467594 152259 358019 654151 667640 939075 615225 999999999 967381 361501 226514 841497 282620 517649 823463 635854 500514 963298 300490 920078 561161 634686 142458 697975 86557 947169 911283 703149 759059 247083 445577 867584 974913 373500 1043916 777939 853787 351221 876276 535140 984088 269756 584210 766883 707714 933186 494338 302553 780785 308901 548179 749057 515381
832265 676937 982680 88043 910257 789836 962514 500181 594383 677276 691651 612914 805078 631261 326325 584794 881121 959346 927868 223977 141655 848769 359744 858827 962044 546712 631385 551380 387762 455216 997207 656387 615695 400709 832618 870860 971764 981507 201447 518589 414004 533133 649035 727803 594641 530397 875441 649855 881951 1122942 655896 484550 83753 446604 967381 999999999 718471 1068606 137207 842359 885845 291074 624462 469124 135726 1056891 592797 629191 332863 995014 308097 998060 146889 82220 461394 336896 998119 723012 792844 338871 614981 150491 414485 275355 652774 751979 807632 843485 920001 592803 716287 502855 808179 591993 715705 649934 971781 802427 279620 706791
