NAME : synthetic_000289
TYPE : CTSP-D
DIMENSION : 100
GROUPS : 8
RELAXATION_LEVEL : 1
EDGE_WEIGHT_TYPE : EXPLICIT
EDGE_WEIGHT_FORMAT : FULL_MATRIX
EDGE_WEIGHT_SECTION
999999999 630919 161800 421809 675452 260090 597727 818654 572925 196930 403650 712944 605646 478025 304537 66148 594411 701078 614172 736719 843430 382182 539005 156289 260630 727358 664418 564475 727056 708875 242068 256139 734651 1012077 479131 612153 145836 759920 631231 763061 185589 471699 246938 937316 463894 187889 521533 849005 767701 489949 339417 153159 447208 838383 585239 467023 286674 427946 622100 243290 820529 727957 628239 655401 715879 695484 104298 491163 684744 813814 350859 667807 644752 755011 627594 622582 314026 188208 196005 328353 823930 272821 876621 297871 138496 240322 652639 678809 708306 589599 571440 701443 760245 818565 800237 594439 763835 256280 193603 201920
630919 999999999 515404 235203 425339 890076 78632 428828 233128 517885 331503 482536 663485 193326 328446 572750 705961 119779 381421 116647 246428 461135 134070 776707 631491 403061 640946 443344 735140 401380 639573 518261 113465 449526 435831 442244 763352 479689 378623 455985 809356 381179 395822 407791 202851 741750 138303 259476 414819 294864 685211 728620 317491 360861 244953 436888 659511 433025 627878 586163 843944 534797 99698 573491 405624 344767 735213 193371 308209 567432 376584 755689 704143 330761 232587 80975 369108 722169 826847 303694 245669 529200 274725 602374 695061 478777 538424 440493 560993 225546 81740 492865 623358 245075 450112 432556 140178 569629 466275 814371
161800 515404 999999999 287292 513700 391852 498329 658771 513449 246663 247086 551342 465382 397716 218720 98092 463756 567923 452755 611076 706646 403457 448812 315191 364296 696335 515626 403244 586049 680189 352165 106337 609538 864038 318113 450581 306057 598120 606744 601436 341655 310051 121505 785964 383937 343618 390980 755375 733208 449066 252708 311701 412556 683936 528589 306081 203419 266830 474745 129116 686352 730969 494689 499836 687249 536513 251937 413968 527813 652780 332529 537602 507546 598762 476040 524263 282096 208617 335501 218514 683615 329202 740184 384090 290903 267102 494452 517008 549733 527583 445917 540151 603857 677526 639177 432799 638772 130311 194867 362142
421809 235203 287292 999999999 348217 674198 239550 442328 322055 362970 114081 403692 486201 197559 157167 358320 517485 281362 283852 324029 422225 394731 213573 575778 496566 526631 488891 298080 581760 516402 497254 283178 322598 593203 251723 322366 563733 429159 460954 418631 606657 199681 175235 523237 190132 564150 103801 489339 553755 310450 453197 543160 299567 433118 339303 247539 425065 228681 463513 351000 693956 615770 208069 435609 522691 320140 524441 214516 296780 508207 290882 578560 530811 359316 222109 264530 252315 490223 613929 109144 402122 407573 455586 484609 512492 339795 409349 359117 450810 328713 160037 403609 516185 396805 439356 306010 351765 334695 296675 618214
675452 425339 513700 348217 999999999 882283 487050 167443 625413 687141 287042 58583 307229 520747 496206 610610 363537 350619 65928 413282 401944 742837 503971 827820 823773 819555 249449 124727 334681 814614 820112 433265 415427 448575 204618 76560 819312 85724 775509 88783 852497 203903 460491 358069 518466 851910 337802 649659 836211 643348 504799 822662 640884 249109 641284 216553 514369 252607 256659 481796 434100 935058 326651 176032 819767 99877 761072 534144 132037 160031 638971 384846 333963 170722 192996 500971 598359 649135 835782 445599 363620 745140 426965 820378 798352 674244 137928 15523 140144 625074 362488 67718 198971 354748 133404 89306 430765 461060 617586 875227
260090 890076 391852 674198 882283 999999999 857796 1038481 826162 427968 637024 909651 734130 736998 564607 317751 703907 955404 827314 993944 1096192 603472 798703 145555 420093 965066 809369 761218 848643 945672 397830 450095 992026 1255726 677825 811082 159415 962225 867687 971025 117593 685733 499520 1176745 722930 252146 776280 1108258 1006530 738486 427951 229885 694727 1072965 837355 665803 391832 630033 765996 402045 920847 942389 882166 821227 952477 919932 156841 749588 914906 1001607 596486 769764 763368 986301 867312 882601 566491 240452 65928 586629 1074442 482528 1129629 471070 257911 476116 828657 882452 883915 843371 828167 894476 924740 1068559 1013594 794975 1021292 422317 446265 146271
597727 78632 498329 239550 487050 857796 999999999 503878 154691 466192 348842 545223 703234 131025 293514 543881 741650 198332 437534 186738 318936 391106 65575 737007 571508 333249 688783 489775 783450 329684 581340 517314 183093 524046 469870 495180 723181 547279 301756 525187 770161 414599 376826 485540 143250 692728 165457 257079 349235 218932 691439 682761 245078 439174 167018 469003 660490 458837 671748 583798 894012 459315 170502 624467 334418 413170 701327 126102 377311 634907 313612 796186 745660 405685 297356 25991 314083 706943 793212 280114 321663 468280 345043 538913 648592 423896 591139 501763 618567 147916 125043 553717 682430 321669 522809 483595 205898 569170 421216 771964
818654 428828 658771 442328 167443 1038481 503878 999999999 656383 802522 416444 174295 460892 575188 599300 752694 518629 321106 212014 371598 308233 826395 540231 973798 937738 830810 390224 291063 460127 829931 937145 588470 374882 293949 365891 243959 964229 123033 805479 94497 1000366 352795 587201 205181 576994 986722 392661 600229 839410 696990 671637 960206 704790 112918 670035 377246 679267 410067 408075 641785 541625 963097 333797 321481 834001 124736 909991 584696 145848 183549 724552 527572 480131 98195 227069 509803 691974 809640 988882 550052 271409 849868 323287 926935 933324 781919 287196 174065 262484 651418 392605 195978 295000 263521 46376 255582 379121 620852 734260 1020376
572925 233128 513449 322055 625413 826162 154691 656383 999999999 404416 435501 683996 807949 127175 294953 531517 839375 352383 570243 332899 463918 277839 121450 692005 481255 204589 805734 608987 899783 194998 495574 561718 329038 669873 572809 622684 677528 691804 150669 671675 725341 519266 399048 637297 138110 626938 288561 304787 232814 96311 741107 625013 138449 593863 17253 569239 701728 550369 783209 622115 1011796 310226 322671 746892 201086 559763 670661 109408 524972 778709 233881 900487 852318 558337 442391 156536 259789 715448 760241 308059 471263 380305 486666 439889 590591 356708 716494 639394 749987 18127 267142 690144 815124 472126 673005 608958 347199 611678 380485 719687
196930 517885 246663 362970 687141 427968 466192 802522 404416 999999999 400481 735620 703867 335957 207438 189940 707382 611904 621391 632834 754714 185282 401562 288860 136635 538039 744717 598996 822408 518912 134628 349496 630020 943894 520825 639473 274305 772424 440876 767613 321962 492706 230162 880665 323113 227015 441696 699922 579240 312854 492333 221083 268857 795273 414013 510220 440054 472506 706451 373194 926617 531133 544362 716894 525801 678474 277946 344472 658126 841597 170878 780831 747543 722174 585072 488119 152656 378707 362466 253840 743153 83726 786067 141092 186562 48337 703771 694667 755948 422207 478198 729485 816201 739550 794986 621202 657762 376661 69575 315279
403650 331503 247086 114081 287042 637024 348842 416444 435501 400481 999999999 335282 374498 309797 219701 337508 403896 346790 221623 400534 475614 474590 327380 559648 537050 639940 383962 205616 474837 629260 533099 203593 399989 619604 143498 241054 549486 372613 571600 369792 587480 98417 173834 539721 301257 570723 193220 590570 667611 416994 356055 543783 400543 436863 452753 137374 335909 114870 355298 270183 586713 724073 277309 337502 635639 292392 498743 327117 281236 441391 372698 466250 419528 351890 230823 372845 325928 427457 582290 171169 448373 461658 508984 535591 517231 390095 316250 294221 363865 442580 250411 329959 427472 441470 401730 223016 427798 250992 330908 605563
712944 482536 551342 403692 58583 909651 545223 174295 683996 735620 335282 999999999 286622 578907 548820 649132 344397 403596 119851 465288 443403 797704 562554 862951 872088 877916 217509 149479 294508 873078 867552 464556 467628 467022 234787 100801 855111 57254 834082 80204 886345 245525 507017 377165 576428 892737 396320 702113 894283 701332 517019 862345 698198 273689 699864 246990 532258 285451 233780 507625 387645 993624 383425 147325 878208 147074 794619 592439 182546 106203 693882 355094 306592 206754 249951 558800 652163 673027 865961 498334 404815 796092 466116 870634 839321 724801 113086 45156 94137 683634 420823 21685 145362 396015 130800 118560 481374 487348 666067 910671
605646 663485 465382 486201 307229 734130 703234 460892 807949 703867 374498 286622 999999999 683606 575652 554934 57896 624089 307752 687956 702083 825887 694579 730361 828912 1012506 85524 224615 121442 1002566 817429 359053 689186 752466 235443 245107 726837 340791 946079 366739 745211 290007 488929 662164 675520 793115 537785 914775 1038385 790868 306474 757187 771928 555317 825173 238718 344442 261162 53176 363075 222997 1098120 577543 140274 1008823 403047 657586 700686 428452 328326 730465 93027 45509 477573 458071 724053 679344 496450 706495 534095 664621 781551 729408 844608 743988 712251 173789 295175 206753 813768 584924 264937 214844 655796 417095 246208 710147 349375 641040 777171
478025 193326 397716 197559 520747 736998 131025 575188 127175 335957 309797 578907 683606 999999999 180637 428918 713565 305259 461428 309704 439528 269089 65722 611512 440969 330570 685282 491085 778662 319497 450457 437683 306390 640947 449270 509271 597451 593453 263804 576565 644851 396769 279164 592846 14186 562847 185684 371281 359947 123300 616826 554122 131147 530307 144289 445042 579151 424578 660865 499858 890852 420358 253288 629307 325914 466901 580157 17805 434827 678352 183903 775782 728310 479593 350717 152189 183455 604058 671686 184542 436343 337930 468049 409793 519778 293027 600747 533786 637869 136948 186136 582721 703412 434819 585017 494389 331860 488352 294459 644778
304537 328446 218720 157167 496206 564607 293514 599300 294953 207438 219701 548820 575652 180637 999999999 250734 594082 410474 430460 438437 554107 255348 236906 448263 339595 483190 597608 425294 685006 468209 340940 273761 436027 738464 358692 458914 434937 579714 398242 571612 480921 318023 106458 673594 166593 419400 235723 547254 518437 237405 451813 402942 206818 587987 310338 350411 409460 318543 565063 329843 795343 536014 340538 555965 475184 476488 408497 196209 453894 654790 155407 663070 621133 516187 378627 318641 106458 423598 500382 50618 539870 251135 586337 327884 370216 182649 535852 505572 583410 308892 276936 545808 647169 535761 594985 441201 464805 321315 144424 486365
66148 572750 98092 358320 610610 317751 543881 752694 531517 189940 337508 649132 554934 428918 250734 999999999 548166 638733 548871 676245 780469 368944 487475 222354 285186 697216 609517 501266 676260 679495 269945 198751 674306 946965 416189 548419 211983 695356 602886 697945 251158 406728 183085 871670 414732 245772 459286 797913 736494 454136 308600 213610 413027 772372 544902 404165 255463 364900 567885 198458 773250 711019 565654 596621 686563 629414 166160 443167 618597 750826 320755 622036 595620 688882 561808 569186 277735 193747 255960 269086 760186 272758 813774 313678 193412 224811 592115 614292 647516 547470 510526 638134 700996 754667 734651 530573 703564 207762 163419 268055
594411 705961 463756 517485 363537 703907 741650 518629 839375 707382 403896 344397 57896 713565 594082 548166 999999999 672659 360313 736242 755365 839470 728933 710692 827903 1043835 139705 273991 145365 1033062 815103 358301 737304 809820 271801 298924 708252 398684 973924 424547 723278 327079 501432 719455 704664 780209 576698 960020 1071217 816461 277046 743544 794933 612155 856627 272908 320638 289031 111059 351376 226228 1123354 623127 198166 1039471 458106 638055 730955 482302 384701 747211 73938 61631 533377 507546 763345 695278 470220 680633 555497 718212 787254 783255 846986 732806 719597 231448 351868 264241 846186 626149 322716 268275 709423 474942 298460 759136 340425 647341 756624
701078 119779 567923 281362 350619 955404 198332 321106 352383 611904 346790 403596 624089 305259 410474 638733 672659 999999999 321397 64032 143658 574304 251283 852898 733235 511908 587464 399504 678886 512349 739314 548613 65603 336676 415258 385539 840293 389758 495634 362804 884541 365458 455964 288963 312712 829836 179548 299052 518777 413445 699784 813009 433593 243285 363603 419612 682532 426677 581996 616127 782890 649578 73300 515817 516001 257570 804528 308112 221247 476039 484252 713041 660706 225339 166442 197212 469588 766844 894655 375142 132436 632898 176197 708093 780572 576861 478413 366139 490642 343960 133858 417594 548608 130073 348348 380194 86786 597393 554063 893575
614172 381421 452755 283852 65928 827314 437534 212014 570243 621391 221623 119851 307752 461428 430460 548871 360313 321397 999999999 385365 395094 678055 448984 767689 758025 767684 266072 91209 358041 761754 754527 377236 386999 471733 154686 64226 758788 151066 719432 149382 793127 143053 395325 382431 458352 788648 281682 618370 786332 583203 464872 759984 578957 271315 586492 165714 469007 198078 262364 429771 464224 878630 285785 194889 767144 106434 702059 475497 123380 224790 574207 393671 341410 184026 155639 453478 533002 597625 778892 379868 358129 679220 423357 754452 735067 608317 158211 75400 181061 571024 312522 121386 245409 349374 186985 61864 405835 408838 551850 814838
736719 116647 611076 324029 413282 993944 186738 371598 332899 632834 400534 465288 687956 309704 438437 676245 736242 64032 385365 999999999 132264 576377 248565 885643 747983 473207 651416 463348 742674 475770 755830 599587 3915 337894 476980 449527 872597 448712 467792 420834 917893 426158 495232 306434 319458 855262 220229 236850 475913 405502 755769 840827 431334 282346 341670 480875 736221 486115 646015 667527 846264 616630 123373 579657 478762 318547 840837 308864 282747 533940 493193 777038 724706 279305 230469 177298 485212 813744 931885 408430 139056 645803 158744 719012 807627 594608 542172 428782 553415 321744 165859 479879 610555 140844 402532 444225 27756 649388 579172 924658
843430 246428 706646 422225 401944 1096192 318936 308233 463918 754714 475614 443403 702083 439528 554107 780469 755365 143658 395094 132264 999999999 707520 379951 995940 874134 590598 651140 483726 735958 595367 880907 679201 135976 205988 519024 456976 983437 411713 594380 381070 1027417 475601 597417 185747 448509 973433 322276 306069 588097 537762 819691 956661 563138 199373 471908 525665 807556 540113 654570 745572 830907 738447 215391 577660 597654 302191 946513 439758 273802 488314 621910 784963 733254 237218 260363 309243 610495 901407 1036153 518541 38592 772876 33564 847162 924228 718724 539412 416399 537111 452023 277302 461900 585441 47392 348796 456958 117112 726032 697553 1036921
382182 461135 403457 394731 742837 603472 391106 826395 277839 185282 474590 797704 825887 269089 255348 368944 839470 574304 678055 576377 707520 999999999 327812 459456 210634 365235 852068 679873 938077 345318 228236 493793 572894 909931 613926 711553 445083 823739 268314 812196 491027 573006 338048 861167 261849 373154 435474 582170 407188 182776 656127 380731 147095 793600 281201 605453 606047 572627 818453 532353 1047419 345878 519475 811310 351882 709202 459560 267767 681401 902731 103867 910571 871133 734934 599402 406138 148896 561416 539351 303518 705372 121576 735121 164518 348499 144234 790834 753440 837527 295594 450867 796425 901729 703905 829282 694171 596836 531199 210537 476587
539005 134070 448812 213573 503971 798703 65575 540231 121450 401562 327380 562554 694579 65722 236906 487475 728933 251283 448984 248565 379951 327812 999999999 675289 505937 321157 688132 490262 782535 313743 515786 478053 245083 583591 459179 502180 661326 570991 271729 551428 708559 404657 327931 540246 78498 628369 167362 310454 344309 162473 655428 619201 183426 485432 137519 456631 621047 441256 667320 542778 894254 431358 208902 627681 319416 439782 641938 60848 405541 657678 248116 787503 738319 442765 322287 86571 249142 656920 733693 230868 379651 402722 407309 473602 584918 358748 596562 517943 629038 122389 148028 568722 694058 378861 554588 488821 269365 529610 358600 709291
156289 776707 315191 575778 827820 145555 737007 973798 692005 288860 559648 862951 730361 611512 448263 222354 710692 852898 767689 885643 995940 459456 675289 999999999 275238 822728 796577 713676 850354 803146 252929 399794 883382 1167523 628221 762257 14566 911525 725319 915961 33429 624751 401894 1093370 597735 113051 673664 981711 864396 601600 437869 85312 557619 994672 702216 616026 390396 577532 753367 371013 935599 796940 780549 795311 809882 851056 72785 622684 840841 961782 459438 781841 765797 911212 783787 760915 434276 248358 86566 478049 977602 338095 1028924 325852 112381 337180 796044 830439 851967 709590 721566 850394 900477 972460 954299 744874 912366 388091 317106 47935
260630 631491 364296 496566 823773 420093 571508 937738 481255 136635 537050 872088 828912 440969 339595 285186 827903 733235 758025 747983 874134 210634 505937 275238 999999999 571976 874382 734458 948916 551803 22316 470401 744892 1068412 655141 775567 262192 909058 476339 904135 302802 628656 365827 1008732 429825 172249 569324 785580 613955 384967 593063 190228 343601 926783 486884 644278 539828 606047 835005 482538 1050514 527243 668668 849797 558082 814022 299030 445674 792843 978001 258267 901795 871563 855773 718215 590783 263704 447185 361143 387878 865508 103372 904409 51974 164963 158294 838010 831260 890769 499351 600887 865730 950257 862525 931054 757279 771469 489770 206189 280747
727358 403061 696335 526631 819555 965066 333249 830810 204589 538039 639940 877916 1012506 330570 483190 697216 1043835 511908 767684 473207 590598 365235 321157 822728 571976 999999999 1009035 811407 1103310 20258 591222 756050 469379 788306 777293 822608 808235 880425 97413 857909 854859 723569 589599 775241 340271 738258 487429 330559 42005 247280 934822 745627 285188 753477 187350 773807 892509 754806 987293 812961 1215166 153178 501633 948813 14837 746050 815809 313028 709925 968096 377165 1105069 1056823 733109 630601 322646 420123 888637 899977 504724 608678 486459 604769 522002 712941 490580 917439 834075 948503 199351 457094 885716 1013092 611959 853166 809618 477558 804408 535616 841630
664418 640946 515626 488891 249449 809369 688783 390224 805734 744717 383962 217509 85524 685282 597608 609517 139705 587464 266072 651416 651140 852068 688132 796577 874382 1009035 999999999 199011 94676 1000629 864566 410846 653067 683971 240553 202018 792046 267681 949082 295814 813445 289378 521028 594417 678720 852273 524693 883972 1032064 798853 384082 817315 784304 490940 822758 247722 417671 279458 43488 425851 206132 1104654 548994 73479 1006581 348966 724090 701612 378630 245476 752903 137591 90605 419101 421536 707604 703544 569802 778331 552256 612917 818896 676413 885766 801622 748056 111736 235479 128892 809710 566158 196280 129351 604042 344942 209111 671584 409881 678991 843983
564475 443344 403244 298080 124727 761218 489775 291063 608987 598996 205616 149479 224615 491085 425294 501266 273991 399504 91209 463348 483726 679873 490262 713676 734458 811407 199011 999999999 293684 803524 728388 315080 464572 561672 85478 49933 705978 201023 754317 211802 736903 107708 368839 471906 485539 745898 325831 691110 833679 608084 380574 714800 597347 360906 625879 97661 389693 136532 184869 359517 404618 911427 354139 138228 809358 196888 645168 506864 214265 249583 577421 314590 262434 274636 233730 508723 531405 526084 716732 376363 447341 664689 512756 737078 692669 592905 111680 122233 158417 612269 367446 136971 221893 438665 258091 35513 485679 339014 529943 761440
727056 735140 586049 581760 334681 848643 783450 460127 899783 822408 474837 294508 121442 778662 685006 676260 145365 678886 358041 742674 735958 938077 782535 850354 948916 1103310 94676 293684 999999999 1094737 937812 479803 744451 753149 331459 294543 847148 337589 1042445 367727 864410 382080 603485 665245 771818 914459 619352 976411 1126575 891068 421013 878453 875348 566539 916840 337625 462260 366619 120028 484324 112201 1197418 642461 163163 1100726 434490 777573 795135 466095 294439 840399 93945 85357 500721 513670 802213 790220 613352 823809 640990 697476 898916 759823 963391 865418 828915 200512 319858 200501 903964 660718 274785 169842 688622 413825 302774 762112 470798 758453 896903
708875 401380 680189 516402 814614 945672 329684 829931 194998 518912 629260 873078 1002566 319497 468209 679495 1033062 512349 761754 475770 595367 345318 313743 803146 551803 20258 1000629 803524 1094737 999999999 571090 741512 471911 794639 767609 815853 788663 876878 78040 854857 835220 714212 574666 779343 328659 718265 480743 342218 62154 231442 920009 725823 268277 754729 177902 763855 877217 744068 978198 797752 1206719 144233 499182 941221 7082 742853 796769 302145 706942 964445 359101 1094961 1047054 732008 626817 320559 402814 871290 880652 491082 612314 466624 610522 501787 693206 471582 910299 828999 942314 191385 452485 880424 1007115 615325 851305 802564 481268 789524 517533 821798
242068 639573 352165 497254 820112 397830 581340 937145 495574 134628 533099 867552 817429 450457 340940 269945 815103 739314 754527 755830 880907 228236 515786 252929 22316 591222 864566 728388 937812 571090 999999999 458482 752808 1073620 648124 770294 239876 905591 495204 901416 280585 623282 360599 1012523 438920 150665 573035 799312 633221 399439 576760 167952 357420 928881 501759 637085 523531 598557 824767 468048 1038476 548766 673710 841637 577432 813064 277269 455923 792730 973250 269273 889034 859711 856553 719282 601196 270673 427638 338827 388200 871362 115503 911518 73701 142722 162550 830762 827235 883961 513695 606386 860675 942797 868172 929368 751990 779711 475985 203339 258897
256139 518261 106337 283178 433265 450095 517314 588470 561718 349496 203593 464556 359053 437683 273761 198751 358301 548613 377236 599587 679201 493793 478053 399794 470401 756050 410846 315080 479803 741512 458482 999999999 598700 817923 230045 364347 392835 514967 671999 522034 422106 235935 167708 734985 425102 443075 383100 771406 790259 511137 179391 409195 479710 628101 578059 217861 143253 180666 369439 68092 580124 806779 477483 399262 748451 471133 330346 455170 468710 562108 411883 432007 401247 540066 430793 543070 359438 226292 402525 253702 651793 430446 712577 488702 391568 364800 397201 434356 453031 573652 440986 451224 504130 644793 563723 347476 627190 51858 291975 447701
734651 113465 609538 322598 415427 992026 183093 374882 329038 630020 399989 467628 689186 306390 436027 674306 737304 65603 386999 3915 135976 572894 245083 883382 744892 469379 653067 464572 744451 471911 752808 598700 999999999 341668 477519 451135 870313 451411 463877 423619 915663 426512 493459 310349 316215 852619 218810 234485 472173 401812 755386 838305 427769 286008 337785 481321 735580 486245 647426 666666 848227 612739 123029 581400 474912 320972 838794 305436 285083 536755 489945 778403 726076 282354 231932 173495 482214 812460 929889 406329 142967 642660 162243 715785 805071 591666 543963 430933 555544 317858 164070 482111 612862 144759 405614 445691 29294 648589 576565 922299
1012077 449526 864038 593203 448575 1255726 524046 293949 669873 943894 619604 467022 752466 640947 738464 946965 809820 336676 471733 337894 205988 909931 583591 1167523 1068412 788306 683971 561672 753149 794639 1073620 817923 341668 999999999 621043 521023 1155878 416956 798277 388178 1197644 590606 765638 90516 648968 1155973 502746 479805 781885 742974 933223 1136123 767016 200818 677684 630512 931287 655100 700141 879982 829325 938614 399912 614280 796403 365302 1112419 642508 355429 466064 820928 821430 773566 287977 388784 515123 805187 1044196 1199112 697729 204634 968914 185019 1044473 1104997 911089 578836 458887 556432 657823 467547 488586 585717 206606 339843 528136 322780 859335 882878 1210825
479131 435831 318113 251723 204618 677825 469870 365891 572809 520825 143498 234787 235443 449270 358692 416189 271801 415258 154686 476980 519024 613926 459179 628221 655141 777293 240553 85478 331459 767609 648124 230045 477519 621043 999999999 134323 620500 285011 712580 293265 651570 55278 291325 533126 441729 661196 304923 692528 802948 559760 312267 629785 544025 422446 590013 12204 314370 51297 212242 277245 443456 866460 358267 198273 773810 258071 559855 466144 265892 334712 513523 328326 279534 333676 259053 491562 465059 444793 632240 312261 485155 589703 550246 660352 608083 518015 182952 204701 235874 578402 355226 222396 295383 476908 337047 117477 501839 256472 452505 675974
612153 442244 450581 322366 76560 811082 495180 243959 622684 639473 241054 100801 245107 509271 458914 548419 298924 385539 64226 449527 456976 711553 502180 762257 775567 822608 202018 49933 294543 815853 770294 364347 451135 521023 134323 999999999 754357 151143 770425 162201 785826 147015 409805 430734 504961 792310 335191 682068 842739 629082 428384 761722 621467 320406 639256 146521 438952 184724 198567 409439 401882 928874 348138 131649 821437 160086 694129 524226 183447 203780 608254 329795 277607 236913 219519 512272 564067 576002 766328 409019 419556 702628 484450 776142 738944 630991 96245 72592 128827 624564 370665 90652 194398 410741 209262 18307 470060 388920 570079 809952
145836 763352 306057 563733 819312 159415 723181 964229 677528 274305 549486 855111 726837 597451 434937 211983 708252 840293 758788 872597 983437 445083 661326 14566 262192 808235 792046 705978 847148 788663 239876 392835 870313 1155878 620500 754357 999999999 903263 710825 907300 47820 615968 390264 1082144 583696 103199 661172 967516 849894 587059 436771 73021 543076 983921 687710 608317 388482 569660 748931 366221 933555 782977 768054 789519 795403 841230 70770 608540 830571 954466 444904 779777 762810 900792 772760 747027 419924 249163 98996 465300 965366 323773 1016374 312544 98557 322622 789614 822150 845517 695123 708730 842811 894689 960283 945222 736883 899265 382847 303008 56146
759920 479689 598120 429159 85724 962225 547279 123033 691804 772424 372613 57254 340791 593453 579714 695356 398684 389758 151066 448712 411713 823739 570991 911525 909058 880425 267681 201023 337589 876878 905591 514967 451411 416956 285011 151143 903263 999999999 842460 30962 935694 288950 546167 328128 592301 937270 408199 684752 894262 716684 573524 907779 716943 229832 707067 297165 587666 334614 287670 560521 422817 1002024 380023 200593 881680 134956 844103 605843 171682 87757 719948 404789 357921 175650 250123 558489 680690 726800 917248 529105 373323 829450 431663 904990 883728 758792 168534 81124 139498 689947 425262 77880 175522 364734 77288 167534 462043 540036 702894 959066
631231 378623 606744 460954 775509 867687 301756 805479 150669 440876 571600 834082 946079 263804 398242 602886 973924 495634 719432 467792 594380 268314 271729 725319 476339 97413 949082 754317 1042445 78040 495204 671999 463877 798277 712580 770425 710825 842460 999999999 822320 757467 660470 504460 774215 270852 641465 438014 373167 139136 161076 849545 648385 194211 738742 135831 707972 805598 685743 924463 726422 1154639 159630 471738 892528 84928 710378 718747 247564 675479 929316 282174 1037778 991021 707309 593039 298606 327241 795242 802637 424891 606706 389297 613274 426981 615618 393581 863218 789353 898372 154079 417742 839808 963707 608630 823117 756169 477653 719031 440440 744426
763061 455985 601436 418631 88783 971025 525187 94497 671675 767613 369792 80204 366739 576565 571612 697945 424547 362804 149382 420834 381070 812196 551428 915961 904135 857909 295814 211802 367727 854857 901416 522034 423619 388178 293265 162201 907300 30962 822320 999999999 940880 291386 543614 298864 576047 938024 390901 656339 870802 699862 589375 909336 701765 199162 686657 305244 601121 341384 313813 570303 453746 981713 356555 227069 859527 112091 849533 588386 147985 113243 708628 433252 385641 145634 229285 535470 670871 737452 924544 521125 342731 822262 400792 898326 884443 752141 193290 89614 168600 669203 404605 101859 206471 334174 50705 176887 433458 549610 698248 963276
185589 809356 341655 606657 852497 117593 770161 1000366 725341 321962 587480 886345 745211 644851 480921 251158 723278 884541 793127 917893 1027417 491027 708559 33429 302802 854859 813445 736903 864410 835220 280585 422106 915663 1197644 651570 785826 47820 935694 757467 940880 999999999 650080 432250 1122809 631061 134908 705174 1015116 896581 634771 448194 112873 590783 1023325 735498 639366 402663 601224 770083 389247 947096 826854 812042 814741 841930 878133 91760 656069 868704 984114 492642 793533 779476 939313 812965 794123 467701 255817 66958 509973 1008681 369514 1060466 354024 142804 370258 816743 854700 872664 742941 753551 873301 919818 1003448 979973 768629 944686 407150 350477 37952
471699 381179 310051 199681 203903 685733 414599 352795 519266 492706 98417 245525 290007 396769 318023 406728 327079 365458 143053 426158 475601 573006 404657 624751 628656 723569 289378 107708 382080 714212 623282 235935 426512 590606 55278 147015 615968 288950 660470 291386 650080 999999999 262843 504792 389753 648384 249656 638566 748705 509484 346157 618842 495711 395735 536432 55793 340754 65263 264152 292371 494278 815406 305886 239571 720347 235657 559010 413406 236302 350404 471044 382998 333670 306906 215498 436290 424318 459576 636330 269571 443174 557251 507585 630045 594862 485490 217847 208122 266124 524452 300318 237504 329283 435210 329989 128709 451585 271438 423411 671978
246938 395822 121505 175235 460491 499520 376826 587201 399048 230162 173834 507017 488929 279164 106458 183085 501432 455964 395325 495232 597417 338048 327931 401894 365827 589599 521028 368839 603485 574666 360599 167708 493459 765638 291325 409805 390264 546167 504460 543614 432250 262843 999999999 692317 265717 400205 276763 633870 624619 343782 345358 375558 312012 596167 414876 281038 303345 244212 484936 223672 711353 639701 382788 488594 581639 462503 349219 295954 447172 612654 248184 572605 533950 515620 383956 402758 195632 330122 438783 97175 577183 298863 630744 369049 347110 227459 474114 467107 525904 412156 329390 500104 586610 571731 574740 391508 522753 214858 161308 445402
937316 407791 785964 523237 358069 1176745 485540 205181 637297 880665 539721 377165 662164 592846 673594 871670 719455 288963 382431 306434 185747 861167 540246 1093370 1008732 775241 594417 471906 665245 779343 1012523 734985 310349 90516 533126 430734 1082144 328128 774215 298864 1122809 504792 692317 999999999 599370 1087383 439503 487504 773639 702328 845385 1065886 722223 111116 647023 542881 844918 568727 609938 795778 744282 921639 342720 524295 781871 276126 1036151 596611 268607 381795 767747 731966 683756 199456 310100 480763 747501 961190 1121463 630313 167591 911433 179219 987963 1035598 850564 488628 368380 467403 627120 411595 398666 499036 165647 251425 438129 298162 775002 817392 1137564
463894 202851 383937 190132 518466 722930 143250 576994 138110 323113 301257 576428 675520 14186 166593 414732 704664 312712 458352 319458 448509 261849 78498 597735 429825 340271 678720 485539 771818 328659 438920 425102 316215 648968 441729 504961 583696 592301 270852 576047 631061 389753 265717 599370 999999999 549878 185704 385332 370489 124906 604352 540801 127876 534716 155046 437194 566275 415839 653641 486900 884019 426122 258462 623688 335172 467058 566089 30258 435571 676685 173736 767483 720359 482031 351558 165066 170839 590089 657643 171645 444337 327008 477440 399579 506491 280662 595682 531277 633705 148799 190501 579728 699279 442579 585718 489796 342120 475611 280742 631209
187889 741750 343618 564150 851910 252146 692728 986722 626938 227015 570723 892737 793115 562847 419400 245772 780209 829836 788648 855262 973433 373154 628369 113051 172249 738258 852273 745898 914459 718265 150665 443075 852619 1155973 661196 792310 103199 937270 641465 938024 134908 648384 400205 1087383 549878 999999999 654152 925931 780241 532601 517039 37686 489016 994797 635133 649257 465972 609911 809986 430199 1006436 699421 759791 842019 724755 862184 162939 571487 847376 995435 393604 853178 831699 915583 782300 714940 379667 339055 198746 458245 959074 252994 1005529 224198 53581 272183 837887 856506 893278 644962 696155 882477 946578 954800 972194 774289 880860 443903 276207 108909
521533 138303 390980 103801 337802 776280 165457 392661 288561 441696 193220 396320 537785 185684 235723 459286 576698 179548 281682 220229 322276 435474 167362 673664 569324 487429 524693 325831 619352 480743 573035 383100 218810 502746 304923 335191 661172 408199 438014 390901 705174 249656 276763 439503 185704 654152 999999999 397431 508261 308969 547368 635813 312845 360616 304832 304561 522974 297140 506604 451186 730448 597436 106885 462108 486284 281382 624999 197655 250003 493736 335705 630730 580222 299592 166166 186647 309734 593787 715239 196750 305250 473078 355292 550047 603922 411097 430120 351461 461700 289606 58033 401796 526696 300746 400078 322269 247966 433953 380145 714775
849005 259476 755375 489339 649659 1108258 257079 600229 304787 699922 590570 702113 914775 371281 547254 797913 960020 299052 618370 236850 306069 582170 310454 981711 785580 330559 883972 691110 976411 342218 799312 771406 234485 479805 692528 682068 967516 684752 373167 656339 1015116 638566 633870 487504 385332 925931 397431 999999999 314074 401002 942259 920723 442005 499734 301067 694357 914068 692137 875644 838599 1081505 483474 337233 813254 341865 555393 951417 359196 519568 769066 533035 1005669 953544 512667 462745 231122 548628 963992 1042967 537022 336198 683825 308300 744675 886196 653778 776262 665176 789693 286823 341179 716516 847340 342551 634797 675240 222944 823192 664738 1013347
767701 414819 733208 553755 836211 1006530 349235 839410 232814 579240 667611 894283 1038385 359947 518437 736494 1071217 518777 786332 475913 588097 407188 344309 864396 613955 42005 1032064 833679 1126575 62154 633221 790259 472173 781885 802948 842739 849894 894262 139136 870802 896581 748705 624619 773639 370489 780241 508261 314074 999999999 284474 969378 787494 323730 757885 215661 799956 927886 782402 1011629 848246 1238117 173609 514324 970366 56014 759438 856864 342203 722971 982019 417109 1131190 1082350 742356 645423 335923 458987 927298 941366 537757 608522 528357 600098 563932 754753 531641 938173 850968 967386 225043 474170 902951 1031497 612362 863702 830334 477832 839158 575477 883516
489949 294864 449066 310450 643348 738486 218932 696990 96311 312854 416994 701332 790868 123300 237405 454136 816461 413445 583203 405502 537762 182776 162473 601600 384967 247280 798853 608084 891068 231442 399439 511137 401812 742974 559760 629082 587059 716684 161076 699862 634771 509484 343782 702328 124906 532601 308969 401002 284474 999999999 689088 532142 43998 647170 102681 554277 645857 529769 771986 566455 1003164 307258 369858 745928 238473 590067 584470 112328 557715 801384 142218 881757 836108 600638 473600 229839 176679 643443 672607 264322 540181 284321 563249 343727 497885 264647 718846 656181 757896 114390 305331 704587 823474 539850 707870 613645 423471 558561 296347 627442
339417 685211 252708 453197 504799 427951 691439 671637 741107 492333 356055 517019 306474 616826 451813 308600 277046 699784 464872 755769 819691 656127 655428 437869 593063 934822 384082 380574 421013 920009 576760 179391 755386 933223 312267 428384 436771 573524 849545 589375 448194 346157 345358 845385 604352 517039 547368 942259 969378 689088 999999999 479522 656239 734636 757449 302717 53237 280907 341192 124633 499040 980530 632396 405334 926977 569951 366020 634366 577869 595813 582767 345725 335666 645930 560891 716880 531145 193464 403681 433073 788396 576038 852187 622108 473953 518037 419917 500414 472393 752982 605229 498524 505008 780600 637529 416058 782765 130529 446731 482614
153159 728620 311701 543160 822662 229885 682761 960206 625013 221083 543783 862345 757187 554122 402942 213610 743544 813009 759984 840827 956661 380731 619201 85312 190228 745627 817315 714800 878453 725823 167952 409195 838305 1136123 629785 761722 73021 907779 648385 909336 112873 618842 375558 1065886 540801 37686 635813 920723 787494 532142 479522 999999999 488232 971530 634100 617770 428590 578492 774861 394130 969751 714202 742106 808430 732449 835929 126532 563760 822234 964378 391139 816383 795438 891098 759122 705647 372339 301541 171767 439162 941060 259223 989076 241229 34534 268337 805125 826841 860674 642892 679773 851608 913193 936518 944490 743801 866839 408268 262470 96133
447208 317491 412556 299567 640884 694727 245078 704790 138449 268857 400543 698198 771928 131147 206818 413027 794933 433593 578957 431334 563138 147095 183426 557619 343601 285188 784304 597347 875348 268277 357420 479710 427769 767016 544025 621467 543076 716943 194211 701765 590783 495711 312012 722223 127876 489016 312845 442005 323730 43998 656239 488232 999999999 661437 146123 537745 611688 510979 755664 532692 987125 329810 384271 734255 275356 593764 540980 125634 562846 800167 98304 861764 817357 609903 478970 259247 135322 603595 628867 239636 562980 242017 589950 303974 453952 220649 708805 653097 750139 156568 317280 700106 815595 562042 712869 605378 450973 525834 253715 583479
838383 360861 683936 433118 249109 1072965 439174 112918 593863 795273 436863 273689 555317 530307 587987 772372 612155 243285 271315 282346 199373 793600 485432 994672 926783 753477 490940 360906 566539 754729 928881 628101 286008 200818 422446 320406 983921 229832 738742 199162 1023325 395735 596167 111116 534716 994797 360616 499734 757885 647170 734636 971530 661437 999999999 605807 432363 735031 459078 503713 687637 652175 892795 277488 419345 758164 165038 935349 536878 159612 296434 695717 628409 579075 89000 212499 440147 670063 853907 1019081 542000 164618 832742 211611 909914 942279 768649 382707 260295 366478 586346 344273 294697 404902 157601 157548 327319 284390 666775 729731 1039718
585239 244953 528589 339303 641284 837355 167018 670035 17253 414013 452753 699864 825173 144289 310338 544902 856627 363603 586492 341670 471908 281201 137519 702216 486884 187350 822758 625879 916840 177902 501759 578059 337785 677684 590013 639256 687710 707067 135831 686657 735498 536432 414876 647023 155046 635133 304832 301067 215661 102681 757449 634100 146123 605807 999999999 586466 717780 567621 800344 638140 1028835 295057 336238 763732 183948 574667 682232 126543 539684 794097 243160 917720 869528 571910 457403 166764 271513 729807 771427 324480 480450 386837 493846 444422 599755 366046 733208 655334 766412 19927 282052 706207 831495 481582 687307 625620 354910 627882 392312 729112
467023 436888 306081 247539 216553 665803 469003 377246 569239 510220 137374 246990 238718 445042 350411 404165 272908 419612 165714 480875 525665 605453 456631 616026 644278 773807 247722 97661 337625 763855 637085 217861 481321 630512 12204 146521 608317 297165 707972 305244 639366 55793 281038 542881 437194 649257 304561 694357 799956 554277 302717 617770 537745 432363 586466 999999999 303655 39369 217948 265439 449394 861231 361263 207851 770106 268325 547651 462053 275158 346799 505492 331300 283274 343487 265396 491052 456655 433075 620096 304559 492173 579656 557114 649964 596173 508023 193734 216791 247088 575183 355903 234553 306033 483994 348798 129637 506017 244634 442075 663783
