NAME : synthetic_000139
TYPE : CTSP-D
DIMENSION : 100
GROUPS : 8
RELAXATION_LEVEL : 1
EDGE_WEIGHT_TYPE : EXPLICIT
EDGE_WEIGHT_FORMAT : FULL_MATRIX
EDGE_WEIGHT_SECTION
999999999 544193 305356 548573 574232 87256 871921 686120 402008 337998 836084 648037 187270 666124 711187 351180 981626 584118 885855 625725 529620 645795 741094 274168 370332 831319 372916 375333 608893 634392 541028 510738 382987 710207 353072 131898 708261 597458 775135 14098 733250 248982 523536 514052 691840 920159 234639 571302 433399 220142 845717 271569 444875 351974 539777 385840 209272 80397 350621 473447 944306 506583 937697 55394 317347 262837 472850 846351 664573 645325 628722 486936 263887 942434 633215 461075 383635 668167 779114 593734 748210 458133 487220 793872 767778 664595 852041 710809 283728 686968 649006 418199 883730 461717 547900 672656 495600 463823 437246 383336
544193 999999999 513638 53961 134171 506479 701743 142629 437659 296512 303160 103954 724152 547335 349967 266947 925315 525497 417826 218832 671186 558491 756641 736324 193865 409378 262596 442062 808115 801437 459208 995973 703610 598940 427874 629882 449463 135960 232704 534549 693388 375516 192047 227893 829159 426809 327269 554343 399790 518271 675497 444041 276410 403909 908967 484244 693157 479074 355216 485542 416804 854103 428762 501865 247884 461064 223092 614346 728328 132058 398688 267877 549009 892395 420023 175394 888551 827944 439611 628696 248663 685845 680180 389487 786756 743863 525318 485612 268358 147612 315527 418717 686164 929640 872669 182596 78817 688443 792431 806775
305356 513638 999999999 546544 607904 219179 580868 643976 134231 217128 737224 605497 368099 379971 512200 473953 676270 293360 717604 477376 234058 354149 436203 278448 326611 641476 495513 595006 341812 355302 266918 516216 190119 417674 103193 434804 463071 491930 704355 311378 429202 158004 598706 609080 405979 767627 239899 272672 185266 493602 556178 504961 574352 122582 395381 93316 271482 330453 164317 184064 826606 340586 798012 325063 282853 65358 328984 572937 361847 643795 390337 311675 542817 637078 386329 532851 438795 388507 555710 288454 625330 192830 206333 600364 463416 363939 612333 452055 287879 618999 453386 160242 598135 443652 361635 559434 508677 197261 279351 310291
548573 53961 546544 999999999 80464 518964 755703 145103 479482 330502 323668 113125 732282 600044 402320 243569 978652 575883 457270 271624 714578 610426 807251 756139 220715 455806 235052 408405 850564 845643 509127 1016086 735531 651903 465868 624667 503387 187925 244843 537956 745246 401474 141794 178821 875294 460389 344323 603492 444472 500631 729449 421475 235774 441906 940726 524046 709552 478854 392786 531239 437993 886904 457626 502799 270821 490776 271766 668079 776704 100379 452380 317661 527498 945533 473609 137423 904732 872896 491693 676874 286312 724119 720618 438132 837506 791739 577024 539564 284347 169567 369227 462025 740060 951526 907551 226574 54102 726991 823552 831978
574232 134171 607904 80464 999999999 555941 835639 173349 550685 395506 358818 156332 760929 680278 478623 238859 1059097 654588 514731 349073 786540 690221 885996 800150 282051 523012 223681 376702 921251 918212 587538 1059180 794618 732242 533316 635502 582961 264825 273231 562442 824952 456772 85296 122143 949814 509747 390738 681160 518555 494468 809490 409174 197361 509549 998847 592975 749470 499393 460464 605945 470662 946452 500533 524470 326230 549059 349871 746910 853505 90128 532809 396333 514487 1025924 554066 119572 943110 946206 567323 753596 344556 790545 789432 508633 916352 868057 651841 619615 331656 216715 448151 534749 819448 997189 969515 293896 99678 793713 881305 882408
87256 506479 219179 518964 555941 999999999 785313 649026 315742 267417 786938 610005 221471 579741 638462 353684 895219 497221 821168 561832 447005 558921 655356 249758 320215 761599 376562 418376 533946 556646 455383 504986 317703 623334 267053 218903 627447 542432 732165 92248 646187 172438 516779 513597 612587 859258 180997 484052 349184 285694 759241 317728 454193 267361 493299 298585 194120 122222 270488 386413 891761 453528 879892 109992 264769 175697 405641 761880 579954 618531 548320 414331 333241 856024 551584 450942 387210 590478 702498 507185 692111 381413 407731 723073 682401 580775 772971 627958 238287 643154 576120 332851 797732 446781 491207 617510 468476 386965 383110 347575
871921 701743 580868 755703 835639 785313 999999999 736493 470030 582504 676121 718318 946304 206172 375872 868976 254650 288713 508109 491785 442529 227151 267476 826344 649492 420862 880894 1046689 513825 471499 333502 994590 650965 163201 519128 1003800 253499 574660 714671 874439 198659 637619 885960 917160 438182 572331 697248 309556 444804 1014470 27845 989252 936032 522808 766267 490339 840747 871260 537663 399837 686545 715630 619797 875406 659801 610099 515828 109726 333951 802602 307738 471347 1062677 235463 289165 845424 967605 467012 306080 324744 575847 543410 502926 399692 274433 353532 257254 216274 696771 680128 389758 455732 41785 923517 692376 574889 760821 539536 706721 799270
686120 142629 643976 145103 173349 649026 736493 999999999 554027 428607 185641 39387 866731 613435 361839 388051 977016 609867 350317 250327 780157 631531 835571 876598 333714 374016 378253 545437 918355 906817 547904 1135765 833875 660878 551882 767874 485508 178712 101586 676220 764410 513616 258321 295479 928004 338835 469393 644538 509910 645600 712557 565514 367545 528330 1038588 604041 834812 619424 481284 590574 298424 982529 327444 642701 388720 595390 328772 637249 819314 89801 455415 365741 671639 947427 478097 276451 1030105 930790 443270 721943 186709 806359 796316 368367 864430 836829 521803 527741 410804 57953 351057 531982 713641 1068484 997950 161877 198640 808409 923279 943490
402008 437659 134231 479482 550685 315742 470030 554027 999999999 164695 624513 517585 495379 264116 380302 469925 603220 183704 588354 358826 235928 244933 378413 412491 275612 509563 488468 622102 371084 367856 140452 644234 298869 309163 49178 533843 329681 387561 601554 404410 347842 175939 559953 578086 403178 640790 250893 179157 53397 555991 443726 546209 561620 58561 495540 53264 404325 404252 97427 77532 706890 437585 673506 406550 251445 142293 225841 448666 322218 569621 256137 196302 605319 564578 252677 498999 572314 396697 421494 227445 508723 252782 242984 468309 408605 332169 478947 321240 274823 520824 323065 27128 482010 570728 447375 448406 451929 254603 386599 435717
337998 296512 217128 330502 395506 267417 582504 428607 164695 999999999 537156 389746 484829 382204 373191 308381 749959 320009 554281 296113 397408 374603 536676 457502 114172 494513 325861 471212 528590 529478 257293 713054 407125 434173 138659 460336 381180 288621 495086 334642 495744 97752 397360 414055 567280 594402 118169 329842 152200 435024 554788 407000 397477 115419 612467 199709 425402 308686 67767 234654 635566 557648 617626 320456 87710 167034 138807 534188 485678 426877 301926 149017 482181 712305 311063 335114 616549 559374 442864 388728 433370 395042 394905 456425 567301 496406 519017 392156 117324 407637 311014 157186 584752 643665 577161 361414 295830 398211 496073 515925
836084 303160 737224 323668 358818 786938 676121 185641 624513 537156 999999999 210807 1008273 603372 315575 566271 929010 626094 200931 267216 826094 629822 831155 994599 467371 262269 558664 729918 961936 942082 575536 1248516 921085 641532 636348 930113 448364 248536 87188 827727 751717 632229 443923 480953 951488 167234 606512 667002 573349 820909 656536 744330 552815 615017 1120051 677642 961130 776516 574230 639735 114358 1062045 145355 798028 522377 700200 408481 568030 833955 272081 449718 428753 850066 904868 471026 459515 1153573 960954 370225 744599 119149 872907 854682 276770 856993 853898 429604 493438 552755 155931 338104 598776 645260 1177806 1069820 177800 374014 873798 1009965 1046674
648037 103954 605497 113125 156332 610005 718318 39387 517585 389746 210807 999999999 828059 587289 346717 356541 955260 579710 358655 227754 745403 603902 807179 837212 294331 372423 348151 519587 883500 872909 516621 1096391 795493 635870 514223 731649 465677 150258 132346 638294 737640 474289 238765 276578 895453 354129 430188 613273 474430 612969 693719 534532 343766 490576 1000361 567115 795490 582161 443228 556231 325042 944471 347538 605214 349361 556403 293134 621672 788264 87514 430456 331691 640508 924808 453012 248822 990766 897419 431365 690234 189373 769520 760244 362467 836373 805388 512536 506742 371738 60469 329824 496017 697222 1029155 960404 148941 165003 771667 884841 904327
187270 724152 368099 732282 760929 221471 946304 866731 495379 484829 1008273 828059 999999999 747785 849573 537834 1010796 660798 1038897 780808 543127 720884 768106 166323 541172 975418 559275 539347 581054 616736 633650 340692 345435 783554 451811 195361 823002 763839 952221 199860 780587 387407 710721 700554 678309 1078905 401872 636752 539463 365045 922374 437581 629357 459951 435500 461227 115584 265808 476123 552161 1113212 420408 1100568 240160 485928 356917 623635 940889 684329 830216 746237 627775 395499 972411 745860 648331 209077 648521 907046 636399 913298 449445 487749 935935 790322 678363 971586 816613 457576 863350 787524 518108 965327 305704 467438 838864 680018 455112 361243 273018
666124 547335 379971 600044 680278 579741 206172 613435 264116 382204 603372 587289 747785 999999999 289539 679314 381198 87388 484620 364260 288895 35852 227926 638740 460612 390981 693267 851666 399807 367555 127894 831446 476513 53564 313129 797957 163609 437069 618003 668450 151379 432001 718577 746332 360760 548700 494291 120643 239453 810344 179638 788877 754576 316668 624905 287634 646266 665299 333227 196385 647531 569049 592454 669249 463580 405032 337609 197611 239497 664108 158812 290464 858899 346558 136158 670578 788195 377746 268318 172543 487720 378740 342562 354883 254612 260944 281994 123314 498559 562439 269511 249589 218770 758116 556338 461149 594807 376196 545256 627137
711187 349967 512200 402320 478623 638462 375872 361839 380302 373191 315575 346717 849573 289539 999999999 572996 622225 324207 211947 131400 538006 318182 516535 789813 375503 129309 578097 758763 667733 642531 286747 1024169 673425 326004 410758 831788 133206 214396 341354 707649 436354 466039 541827 576966 645046 270679 483561 367445 327473 780584 352959 729075 614764 396321 857286 430902 773674 677132 373604 366841 360093 798863 310401 691310 412438 498294 242783 275449 525146 433159 145507 224411 822683 595382 163642 515531 950779 657929 89906 442110 204292 602846 576941 88169 541848 545866 176255 178250 452934 304842 62343 353314 351841 950459 797998 199970 421090 602441 757405 815240
351180 266947 473953 243569 238859 353684 868976 388051 469925 308381 566271 356541 537834 679314 572996 999999999 1054949 625611 680273 448137 692334 676768 845050 603360 219618 659173 22967 185769 813784 822071 560327 855572 640909 732636 434240 398140 636299 380682 488398 338145 802433 317516 174620 162888 865837 693208 234204 637967 460196 258154 841195 178068 102535 414496 835387 495095 545378 272062 373033 542687 680606 789191 695639 297706 220885 408712 355574 802407 792137 323070 565625 398064 283968 1017887 581650 119302 732223 853884 660605 696455 514050 666782 677405 632415 875663 801658 746428 660705 195444 410728 521975 465231 864029 799894 820439 443647 192279 671177 719834 699077
981626 925315 676270 978652 1059097 895219 254650 977016 603220 749959 929010 955260 1010796 381198 622225 1054949 999999999 429990 762545 727616 467673 378720 243210 864036 838516 675462 1070168 1220670 467208 422266 494623 970908 674644 328044 649629 1110432 492245 807066 963439 987467 255552 778998 1099659 1127528 365505 826509 852624 424303 598519 1157491 272545 1149029 1134062 661671 721815 601784 896514 1000295 691677 525691 941115 684335 874013 998371 835500 724285 718801 364360 326499 1036389 527512 671623 1207008 39195 505668 1051609 978143 400334 558867 388075 825369 564368 524351 653374 220630 333789 511369 449311 867199 922263 626023 599245 290489 907933 647563 817313 975601 558969 700876 804885
584118 525497 293360 575883 654588 497221 288713 609867 183704 320009 626094 579710 660798 87388 324207 625611 429990 999999999 531692 369341 218948 61712 231410 551780 411483 440422 641410 791011 343878 318521 67622 749369 392987 126117 232797 716006 217774 431159 628703 587133 177083 357147 683499 708217 325534 593359 425545 43829 169289 737576 263345 722134 707666 239584 551334 201803 558884 587851 263520 111133 683435 494230 634378 590221 405618 321690 304826 284314 210514 649920 179254 258282 786649 392505 160658 630355 702357 335322 325010 118727 507421 300048 266742 401242 261787 229291 354606 187835 437297 563524 288363 173536 304776 675680 485816 468588 563074 298120 465339 543403
885855 417826 717604 457270 514731 821168 508109 350317 588354 554281 200931 358655 1038897 484620 211947 680273 762545 531692 999999999 260133 748221 516990 703487 992716 523272 93940 678609 859570 875409 847861 498312 1232448 884131 510724 614784 997209 321070 303113 274391 880270 620268 651493 595046 632931 845258 65397 651612 575420 535030 918202 492769 852876 692539 598094 1069232 640059 971604 840276 568890 578707 178864 1010806 112199 857957 571333 697052 415596 398446 724078 439589 355743 413488 954633 742930 371770 592329 1154134 860922 218890 647586 171093 814782 788545 130627 725529 745442 251295 362506 609099 298812 265370 561228 472541 1159050 1009714 236688 496591 814352 968814 1024071
625725 218832 477376 271624 349073 561832 491785 250327 358826 296113 267216 227754 780808 364260 131400 448137 727616 369341 260133 999999999 560469 384355 588993 744890 266515 215061 451545 633427 697313 679710 313093 992893 657027 410795 374738 738178 238471 84291 259464 620201 515588 393819 410509 445568 693671 298326 391582 407686 306903 668904 466729 610917 484584 354888 853948 412086 718672 581369 318884 372874 349336 795771 323312 598470 312156 447650 157541 398677 579797 310864 205624 165709 708470 697484 228333 384786 905921 700446 221272 485882 149963 605750 587594 184857 617189 598601 307448 279015 350761 198187 102235 332641 472609 920807 802748 99250 289831 606605 745292 787639
529620 671186 234058 714578 786540 447005 442529 780157 235928 397408 826094 745403 543127 288895 538006 692334 467673 218948 748221 560469 999999999 253145 225374 399671 510457 658120 712497 826271 138230 132134 252838 552534 213504 297435 260408 653227 436696 606327 816437 537561 251556 377181 794623 811252 174098 808600 460737 175424 271785 727015 424538 738397 788720 282485 336067 198677 428954 563089 329782 189944 893175 280716 848063 555813 481104 295497 452557 477373 141213 802629 392732 414569 776033 429353 376557 732437 528909 162242 543957 120560 707077 102437 61075 618333 247233 136775 569762 404988 498060 741601 494879 252622 472516 481056 267878 657545 687857 97988 264367 357961
645795 558491 354149 610426 690221 558921 227151 631531 244933 374603 629822 603902 720884 35852 318182 676768 378720 61712 516990 384355 253145 999999999 204642 607968 459799 423655 691654 845679 364541 333003 117321 797096 442952 64414 294093 777687 196084 453759 640856 648748 134910 417087 724687 751166 328442 580652 483315 87617 226707 797122 202063 779401 755423 300022 589190 263195 617586 648733 321276 172801 677579 533447 623857 651468 458451 383402 343338 230208 207585 678478 181225 296009 846040 342441 159198 674359 755883 344199 302058 136804 513005 343836 307241 386780 232995 228711 317798 157574 491795 582008 293315 233397 244479 723916 520506 482506 602090 341178 510443 593543
741094 756641 436203 807251 885996 655356 267476 835571 378413 536676 831155 807179 768106 227926 516535 845050 243210 231410 703487 588993 225374 204642 999999999 624166 637050 609622 862385 1000467 253954 209363 298603 752909 435876 192972 421240 868831 386650 657345 845108 747496 83705 550809 913564 937224 170814 768554 628988 208627 385436 924049 260305 922377 932017 436541 512471 368033 654246 763971 473012 302875 871727 466855 813731 760469 624288 487782 536197 343277 85502 879813 385252 489690 973606 204490 362890 858800 746154 200694 484601 152275 715637 324522 283676 576337 30776 97944 475148 342708 651565 786537 496927 380066 306575 685538 437296 687099 794085 319353 471747 572931
274168 736324 278448 756139 800150 249758 826344 876598 412491 457502 994599 837212 166323 638740 789813 603360 864036 551780 992716 744890 399671 607968 624166 999999999 542957 918928 626205 649458 419814 457842 538906 259957 189636 667105 379078 341877 739331 746073 950685 288109 647323 364446 765471 763226 519681 1040239 411865 520685 463644 489295 804519 545723 703382 394687 275577 366998 66230 350122 426100 451617 1091106 255138 1068047 327585 488440 297247 589655 836094 538902 856509 668241 581186 528191 826478 663205 699133 161432 488507 833913 505227 888594 299849 340491 877960 643784 530274 888225 724942 471854 862237 730164 438683 850080 197535 301722 818221 708417 305164 194937 112857
370332 193865 326611 220715 282051 320215 649492 333714 275612 114172 467371 294331 541172 460612 375503 219618 838516 411483 523272 266515 510457 459799 637050 542957 999999999 480667 232713 399049 642569 642591 344805 802371 514981 514081 252794 474631 421239 227520 412414 362901 588492 181912 284356 303162 678733 552622 139307 428437 253115 405264 621693 355728 296190 229402 720082 313592 501625 317804 180931 339990 574217 666517 568056 336770 55659 270061 140026 585518 592111 319617 347940 179463 447216 802025 363047 224032 696712 672024 458099 493387 378251 508771 509075 447541 667824 604193 541614 442967 87038 323349 318251 263989 645305 735794 688158 302552 182459 512041 602856 613266
831319 409378 641476 455806 523012 761599 420862 374016 509563 494513 262269 372423 975418 390981 129309 659173 675462 440422 93940 215061 658120 423655 609622 918928 480667 999999999 660660 843051 783598 755262 410622 1153227 801569 416812 539850 948325 227587 279451 318683 826919 526470 589670 597359 634611 751714 158947 599823 484239 456778 883958 403893 825223 685208 524997 982603 559951 901879 792160 500436 493491 267284 924328 204688 807954 523731 626423 358637 311288 630476 458798 267292 347819 923436 654279 281760 584075 1079973 767778 125098 555286 187885 727928 700276 41318 631833 651892 168026 268627 563285 317231 189194 482597 387245 1079459 921528 229621 487039 727232 884722 944209
372916 262596 495513 235052 223681 376562 880894 378253 488468 325861 558664 348151 559275 693267 578097 22967 1070168 641410 678609 451545 712497 691654 862385 626205 232713 660660 999999999 182392 834814 842571 575655 878125 663457 746701 453740 416380 645566 381402 479250 359769 818408 338640 155324 141291 885776 689404 255631 654823 477132 270979 853163 187561 79836 433614 858232 514838 568061 293470 391299 560472 673010 811912 690290 319116 238160 430350 366035 812245 810645 309845 576197 409569 293666 1033320 592775 104622 754489 874239 666378 714446 510942 688316 698432 635032 893048 820490 752495 671163 214791 403782 528564 482988 875000 822662 842988 441964 185785 692666 742606 722042
375333 442062 595006 408405 376702 418376 1046689 545437 622102 471212 729918 519587 539347 851666 758763 185769 1220670 791011 859570 633427 826271 845679 1000467 649458 399049 843051 182392 999999999 935127 950309 728364 878440 734071 904323 580064 356587 819480 563759 646957 361358 965707 452190 293043 260559 999933 867806 371629 797966 622150 178783 1018845 103801 179401 563935 910028 637145 584536 301281 529503 698486 843629 871807 866025 322290 388108 531266 537968 984508 939864 466827 746984 578488 169070 1182746 761937 271054 747722 983477 846316 848901 690675 782828 801008 817270 1030552 946720 932056 842014 353914 577805 707489 622557 1043936 834680 909465 623216 363669 787889 801416 757490
608893 808115 341812 850564 921251 533946 513825 918355 371084 528590 961936 883500 581054 399807 667733 813784 467208 343878 875409 697313 138230 364541 253954 419814 642569 783598 834814 935127 999999999 45547 386700 504548 236713 394069 390016 721771 557890 744481 954129 618958 315432 496269 925583 940346 103450 937237 579766 300353 409467 819525 501632 841887 912650 413193 259230 328983 466167 655219 461740 328138 1025723 217422 978090 643792 609406 406970 590527 570760 179962 939812 522318 552798 867177 433210 504446 862083 514684 69770 665103 228831 842802 153115 136383 744850 260924 160409 680657 521816 622517 879766 628027 389434 549805 440727 183956 794895 822085 147789 237984 343277
634392 801437 355302 845643 918212 556646 471499 906817 367856 529478 942082 872909 616736 367555 642531 822071 422266 318521 847861 679710 132134 333003 209363 457842 642591 755262 842571 950309 45547 999999999 366924 549988 271306 357651 392081 750783 528301 730987 938111 643842 273796 505387 926740 943185 61840 910511 589145 275965 401649 841247 460237 859339 919394 414411 304651 330362 501337 676650 461889 316884 1001954 262810 952289 666626 612759 419440 581098 532086 138848 932450 497774 541248 889484 387980 478889 864431 557967 33833 634933 200529 822987 176343 150032 717246 215511 118244 646311 490555 628656 866154 605839 383683 508194 485802 229390 778170 819708 170619 280657 385745
541028 459208 266918 509127 587538 455383 333502 547904 140452 257293 575536 516621 633650 127894 286747 560327 494623 67622 498312 313093 252838 117321 298603 538906 344805 410622 575655 728364 386700 366924 999999999 753180 396825 177858 188412 672597 203063 369565 572171 542771 243844 304191 615877 640649 381445 557309 367106 96664 111559 682561 306536 662630 640960 189780 572012 173878 538088 537768 205548 88180 640340 513787 595870 542236 341336 282744 237671 308347 271646 584858 143351 191487 731194 457665 131114 562865 694895 387363 305176 174208 456389 317343 290240 369928 329096 288926 350326 186082 374475 503448 242050 122925 342859 679092 511410 411947 495582 316611 476497 544487
510738 995973 516216 1016086 1059180 504986 994590 1135765 644234 713054 1248516 1096391 340692 831446 1024169 855572 970908 749369 1232448 992893 552534 797096 752909 259957 802371 1153227 878125 878440 504548 549988 753180 999999999 357055 847958 619398 534329 956099 1000495 1207869 524709 799673 622526 1021674 1017312 605405 1283610 671787 711001 697473 705635 977052 775639 953227 638212 251397 593281 310958 590853 675231 665513 1341571 287206 1314219 566131 748123 548316 840829 1026430 670681 1116452 892200 827402 735756 937569 883365 955928 131815 570577 1057437 672363 1139515 454166 493128 1111916 763763 655208 1101357 934326 731776 1119847 967274 671338 1025050 74091 323836 1071149 968178 457370 288233 209216
382987 703610 190119 735531 794618 317703 650965 833875 298869 407125 921085 795493 345435 476513 673425 640909 674644 392987 884131 657027 213504 442952 435876 189636 514981 801569 663457 734071 236713 271306 396825 357055 999999999 497172 285484 488278 599423 678680 892154 394408 464467 338539 779637 786619 332884 938356 413343 355876 351901 600416 631032 634929 743285 307895 205372 245794 230048 439517 353066 309790 1005655 151849 971995 424248 468399 245564 515045 673123 350410 833386 537450 492501 646087 637257 527557 712863 316760 303261 701776 326330 806632 111575 152912 760298 454665 341022 744304 577280 467675 807741 619082 325664 678077 283102 179531 743796 696031 116588 89547 150625
710207 598940 417674 651903 732242 623334 163201 660878 309163 434173 641532 635870 783554 53564 326004 732636 328044 126117 510724 410795 297435 64414 192972 667105 514081 416812 746701 904323 394069 357651 177858 847958 497172 999999999 358338 842099 194371 485924 660898 713136 110719 480403 771615 799593 342062 575703 544962 147252 288896 859938 138824 840331 808140 363772 631644 327283 679011 712630 383267 237149 678933 577542 620778 715624 516339 447803 390908 180105 222074 714008 205523 343831 908711 293856 182895 723992 812308 363160 291912 176927 527983 393814 355149 383373 216547 243872 289997 149968 550885 608760 313093 296923 183054 775446 560562 506098 647630 390597 560003 647232
353072 427874 103193 465868 533316 267053 519128 551882 49178 138659 636348 514223 451811 313129 410758 434240 649629 232797 614784 374738 260408 294093 421240 379078 252794 539850 453740 580064 390016 392081 188412 619398 285484 358338 999999999 484856 371235 393217 606866 355327 394692 129810 535631 551201 432462 664462 208513 226524 87793 508374 492763 501346 528969 23987 488059 61737 365356 355392 73089 124954 724069 431267 694855 357425 220708 95645 229567 495926 360367 559700 295204 209075 557799 610824 294073 472585 540188 422650 458617 269164 523289 258293 256336 498893 451025 368472 520050 365827 238951 523162 351186 66930 530725 546748 446194 458757 433728 261124 374875 413023
131898 629882 434804 624667 635502 218903 1003800 767874 533843 460336 930113 731649 195361 797957 831788 398140 1110432 716006 997209 738178 653227 777687 868831 341877 474631 948325 416380 356587 721771 750783 672597 534329 488278 842099 484856 999999999 836267 701080 862536 129979 863718 376718 571671 554051 809950 1027105 348670 702798 564316 177929 977567 260845 474979 483219 617448 517312 277224 156939 479368 605288 1041412 593589 1040999 140516 426044 394600 590283 977094 790599 715313 756558 608935 201975 1071271 762026 516664 402540 784254 903188 723136 851111 574909 607069 912163 894850 789393 978241 840450 388187 776667 770089 549701 1015395 500988 638396 775359 570568 580693 527846 454540
708261 449463 463071 503387 582961 627447 253499 485508 329681 381180 448364 465677 823002 163609 133206 636299 492245 217774 321070 238471 436696 196084 386650 739331 421239 227587 645566 819480 557890 528301 203063 956099 599423 194371 371235 836267 999999999 321161 473334 707340 305084 459686 636294 668761 524192 385092 499165 261307 283539 813212 228261 774432 694089 363889 767961 372351 733986 688693 357664 291135 485246 710402 428992 698504 443694 466216 281558 167569 403012 549332 79736 243592 858892 464068 77176 599763 896802 540261 107438 329090 337281 514685 483410 191308 410891 424374 149284 45082 483661 430200 136308 305456 236790 882021 703405 325118 511565 513256 677325 747522
597458 135960 491930 187925 264825 542432 574660 178712 387561 288621 248536 150258 763839 437069 214396 380682 807066 431159 303113 84291 606327 453759 657345 746073 227520 279451 381402 563759 744481 730987 369565 1000495 678680 485924 393217 701080 321161 999999999 214120 590297 587387 384043 328006 363726 750351 326462 364007 466122 339764 615128 549234 550510 407445 370893 880670 439624 713026 544623 327868 416390 349458 823346 340539 564120 280263 452285 163658 482810 640751 229364 280749 192899 651637 775975 303202 306622 905091 754096 303822 543735 150770 639985 626561 256009 686402 658421 389386 360339 314553 135293 185022 363547 556372 930177 834862 75263 210130 641540 768092 799958
775135 232704 704355 244843 273231 732165 714671 101586 601554 495086 87188 132346 952221 618003 341354 488398 963439 628703 274391 259464 816437 640856 845108 950685 412414 318683 479250 646957 954129 938111 572171 1207869 892154 660898 606866 862536 473334 214120 999999999 765925 768960 586256 358512 395190 953102 250518 551214 667124 553111 745240 692944 666205 468800 584259 1094645 653726 912888 711544 540038 627022 197439 1037402 232279 734077 468071 661466 377521 609653 839060 185398 459857 406088 772276 936722 482250 377956 1107260 959476 410603 745322 138954 853713 839296 323608 872500 857991 480121 517873 494647 89065 348509 577273 687207 1138747 1048912 160280 297313 855164 981645 1010346
14098 534549 311378 537956 562442 92248 874439 676220 404410 334642 827727 638294 199860 668450 707649 338145 987467 587133 880270 620201 537561 648748 747496 288109 362901 826919 359769 361358 618958 643842 542771 524709 394408 713136 355327 129979 707340 590297 765925 999999999 738201 247671 510868 500974 700918 913781 228672 575308 434337 207474 848087 257614 431334 353283 553068 390010 223307 66733 349960 476763 936421 519393 930724 41482 310562 266609 468297 847136 671657 634287 627700 483658 251875 948272 632689 448743 397420 677644 776657 599430 741067 467718 496140 789767 774429 672072 850370 710781 276034 677955 645572 419852 885612 475812 560430 665421 484796 473382 449905 397039
733250 693388 429202 745246 824952 646187 198659 764410 347842 495744 751717 737640 780587 151379 436354 802433 255552 177083 620268 515588 251556 134910 83705 647323 588492 526470 818408 965707 315432 273796 243844 799673 464467 110719 394692 863718 305084 587387 768960 738201 999999999 523735 858018 883713 245934 685417 597090 168781 343781 902997 186441 893479 884681 406224 567991 349229 669773 747448 436375 270318 789495 518159 730798 746735 582074 472650 477158 262916 135470 813077 310191 429919 952454 217197 287529 806296 780448 272015 401389 144198 637406 353962 312631 493704 105838 155554 391773 260654 612737 713746 420483 343753 234451 729683 493876 612502 736089 349541 513080 609309
248982 375516 158004 401474 456772 172438 637619 513616 175939 97752 632229 474289 387407 432001 466039 317516 778998 357147 651493 393819 377181 417087 550809 364446 181912 589670 338640 452190 496269 505387 304191 622526 338539 480403 129810 376718 459686 384043 586256 247671 523735 999999999 442110 451391 551262 692130 83758 355094 192834 380523 610518 371599 416966 117931 542132 184974 328983 234152 102901 253427 732299 490331 715295 240672 131039 94254 236386 602357 487789 501086 380032 242052 429717 740277 385322 375789 521706 537622 530853 398597 530411 350222 359893 550890 580450 494543 603065 464116 130260 497796 403698 183721 645212 554868 515646 457725 359025 354430 424572 431357
523536 192047 598706 141794 85296 516779 885960 258321 559953 397360 443923 238765 710721 718577 541827 174620 1099659 683499 595046 410509 794623 724687 913564 765471 284356 597359 155324 293043 925583 926740 615877 1021674 779637 771615 535631 571671 636294 328006 358512 510868 858018 442110 999999999 37906 962998 592893 367089 705745 534844 420924 859118 333307 113868 512707 980899 597003 710717 445470 464855 622468 555948 930957 585004 471047 317311 536310 381438 802798 873877 174832 579137 428776 437024 1065088 599206 67130 901138 956338 631564 774397 424082 787571 790933 579911 944248 886816 717352 669900 312098 299172 504906 547584 872874 962974 957631 367856 125156 791244 863616 854780
514052 227893 609080 178821 122143 513597 917160 295479 578086 414055 480953 276578 700554 746332 576966 162888 1127528 708217 632931 445568 811252 751166 937224 763226 303162 634611 141291 260559 940346 943185 640649 1017312 786619 799593 551201 554051 668761 363726 395190 500974 883713 451391 37906 999999999 981191 630696 373286 728873 555767 397379 890145 308529 84098 528783 985955 612865 706632 434746 481817 643000 592561 937243 622479 460393 330943 545566 408727 835703 895001 210632 609765 455937 410253 1092530 629421 79139 894776 973351 666807 795940 461949 799720 804926 616661 967968 907307 752795 701439 321215 337006 538589 567148 905001 960377 965454 405230 157349 803591 869101 855670
691840 829159 405979 875294 949814 612587 438182 928004 403178 567280 951488 895453 678309 360760 645046 865837 365505 325534 845258 693671 174098 328442 170814 519681 678733 751714 885776 999933 103450 61840 381445 605405 332884 342062 432462 809950 524192 750351 953102 700918 245934 551262 962998 981191 999999999 909073 634775 285985 431259 896009 429997 910941 961424 453673 356847 371026 562848 731487 499531 344066 1005094 319090 952262 722405 652532 468751 606729 508694 121315 958860 502748 564544 944585 332619 482429 902135 618128 34829 628812 207792 832925 235054 204884 715192 169689 99822 631920 483731 671087 884732 613484 415965 476873 543020 282226 792824 852399 229265 341250 446501
920159 426809 767627 460389 509747 859258 572331 338835 640790 594402 167234 354129 1078905 548700 270679 693208 826509 593359 65397 298326 808600 580652 768554 1040239 552622 158947 689404 867806 937237 910511 557309 1283610 938356 575703 664462 1027105 385092 326462 250518 913781 685417 692130 592893 630696 909073 999999999 685542 636943 587399 938322 557472 868846 695864 646631 1126392 693172 1016253 870389 614554 635656 117473 1067900 47521 889271 603310 743363 455855 462794 788009 428483 415890 459103 972450 807426 432888 597559 1201608 924192 284036 710048 179770 872426 847355 193882 790758 809290 315155 427074 639467 293758 319734 613698 536200 1210587 1068215 253828 504388 872207 1024073 1076016
234639 327269 239899 344323 390738 180997 697248 469393 250893 118169 606512 430188 401872 494291 483561 234204 852624 425545 651612 391582 460737 483315 628988 411865 139307 599823 255631 371629 579766 589145 367106 671787 413343 544962 208513 348670 499165 364007 551214 228672 597090 83758 367089 373286 634775 685542 999999999 428485 256653 317794 669681 296682 334499 192497 613810 266673 366124 193624 162105 327861 712514 564200 703610 208189 84172 174832 241617 651986 568718 444675 420034 262578 365564 814255 429195 300064 561538 621360 557430 477286 514534 432686 443422 563496 658999 576250 635399 510215 59990 462186 422201 253424 701093 607792 592216 439269 296843 437037 496560 491718
571302 554343 272672 603492 681160 484052 309556 644538 179157 329842 667002 613273 636752 120643 367445 637967 424303 43829 575420 407686 175424 87617 208627 520685 428437 484239 654823 797966 300353 275965 96664 711001 355876 147252 226524 702798 261307 466122 667124 575308 168781 355094 705745 728873 285985 636943 428485 999999999 177772 734856 285935 724741 723656 237463 508967 185488 531760 580923 268477 101709 726196 452179 677754 581406 417088 308702 331733 317635 175024 680950 222172 286502 784249 385814 204096 650328 668278 293955 368636 78198 548081 259322 224713 445010 239402 192302 396162 230131 446055 599723 329980 175443 330154 637586 442739 506848 587527 257086 425447 506501
433399 399790 185266 444472 518555 349184 444804 509910 53397 152200 573349 474430 539463 239453 327473 460196 598519 169289 535030 306903 271785 226707 385436 463644 253115 456778 477132 622150 409467 401649 111559 697473 351901 288896 87793 564316 283539 339764 553111 434337 343781 192834 534844 555767 431259 587399 256653 177772 999999999 571112 417684 553019 546722 81902 547046 106109 452578 426759 94572 87759 654215 488880 620237 431959 239317 182751 181296 412956 339250 530962 207473 147028 619829 560641 206410 476754 624039 428458 371486 240280 456866 300761 287000 415570 416153 351975 432268 279554 268964 474166 269802 26306 452754 624022 496922 398151 421405 302098 439239 489060
220142 518271 493602 500631 494468 285694 1014470 645600 555991 435024 820909 612969 365045 810344 780584 258154 1157491 737576 918202 668904 727015 797122 924049 489295 405264 883958 270979 178783 819525 841247 682561 705635 600416 859938 508374 177929 813212 615128 745240 207474 902997 380523 420924 397379 896009 938322 317794 734856 571112 999999999 986996 89620 314332 498406 759204 556524 423152 164600 477132 633177 934908 726724 945069 176453 371170 436776 540564 969163 854025 580681 735056 571239 49567 1118543 745536 375590 574119 875049 861575 772347 758648 666765 691636 852112 952656 857201 943367 826827 330583 664979 722342 564049 1018869 666090 767903 684862 447970 672267 657350 600724
845717 675497 556178 729449 809490 759241 27845 712557 443726 554788 656536 693719 922374 179638 352959 841195 272545 263345 492769 466729 424538 202063 260305 804519 621693 403893 853163 1018845 501632 460237 306536 977052 631032 138824 492763 977567 228261 549234 692944 848087 186441 610518 859118 890145 429997 557472 669681 285935 417684 986996 999999999 961487 908521 496053 751566 465138 817628 844290 510319 374352 670576 700021 604809 848651 631966 584238 488225 95829 321752 777593 280518 443638 1035153 250402 261708 818171 947362 457625 286341 305498 554341 524552 484460 380867 270270 341994 243472 189885 668965 656485 364559 428997 48422 905525 678190 551206 733965 520848 688905 780012
271569 444041 504961 421475 409174 317728 989252 565514 546209 407000 744330 534532 437581 788877 729075 178068 1149029 722134 852876 610917 738397 779401 922377 545723 355728 825223 187561 103801 841887 859339 662630 775639 634929 840331 501346 260845 774432 550510 666205 257614 893479 371599 333307 308529 910941 868846 296682 724741 553019 89620 961487 999999999 225093 487653 807530 555315 480743 198541 458614 623614 858657 770330 872737 218851 331724 443048 495202 935463 857649 496811 698429 530844 106136 1110548 711133 291623 645299 892822 813364 770130 689201 688945 709420 795637 951937 863055 897286 792355 293097 588723 673411 550024 990098 731097 808800 617130 370321 694167 700037 654066
444875 276410 574352 235774 197361 454193 936032 367545 561620 397477 552815 343766 629357 754576 614764 102535 1134062 707666 692539 484584 788720 755423 932017 703382 296190 685208 79836 179401 912650 919394 640960 953227 743285 808140 528969 474979 694089 407445 468800 431334 884681 416966 113868 84098 961424 695864 334499 723656 546722 314332 908521 225093 999999999 508123 937881 590436 644157 364608 464194 631741 665969 891718 691275 390075 310182 509331 420538 861629 883155 287486 628868 466223 326181 1097835 646875 101140 828104 950757 704383 785877 521839 767047 776314 663435 962765 893738 790868 722952 290742 403162 570193 554427 927455 899168 922815 458879 198181 771325 822369 800637
351974 403909 122582 441906 509549 267361 522808 528330 58561 115419 615017 490576 459951 316668 396321 414496 661671 239584 598094 354888 282485 300022 436541 394687 229402 524997 433614 563935 413193 414411 189780 638212 307895 363772 23987 483219 363889 370893 584259 353283 406224 117931 512707 528783 453673 646631 192497 237463 81902 498406 496053 487653 508123 999999999 511099 84300 377656 348891 49161 136005 704053 454501 676168 352604 198889 103343 207374 494575 378326 535721 286381 189238 547634 623066 287019 450025 556074 444655 447747 285090 502758 282275 279957 484270 466621 387259 511886 361336 219053 500155 335896 67079 532576 565944 469910 437286 409994 285092 397390 432860
539777 908967 395381 940726 998847 493299 766267 1038588 495540 612467 1120051 1000361 435500 624905 857286 835387 721815 551334 1069232 853948 336067 589190 512471 275577 720082 982603 858232 910028 259230 304651 572012 251397 205372 631644 488059 617448 767961 880670 1094645 553068 567991 542132 980899 985955 356847 1126392 613810 508967 547046 759204 751566 807530 937881 511099 999999999 442454 340675 608998 557361 490754 1200245 58506 1162489 589355 672694 450219 717124 811698 434223 1038730 715363 691601 800387 689444 702122 913865 295717 322127 874166 455252 1003912 254676 284647 941807 520147 416563 904988 739023 669910 1011212 806960 521379 799987 197633 75275 943726 900633 255470 117566 163289
385840 484244 93316 524046 592975 298585 490339 604041 53264 199709 677642 567115 461227 287634 430902 495095 601784 201803 640059 412086 198677 263195 368033 366998 313592 559951 514838 637145 328983 330362 173878 593281 245794 327283 61737 517312 372351 439624 653726 390010 349229 184974 597003 612865 371026 693172 266673 185488 106109 556524 465138 555315 590436 84300 442454 999999999 364211 398576 132786 91268 760103 384591 726307 397507 282445 123589 277020 479689 302846 616293 302044 249180 606089 562704 296258 534191 525263 360919 468013 215951 561973 202417 196624 518642 397151 309684 521356 359528 300087 572219 374690 79874 506232 519557 395317 501325 493562 204667 333352 384352
