NAME : synthetic_000629
TYPE : CTSP-D
DIMENSION : 100
GROUPS : 8
RELAXATION_LEVEL : 1
EDGE_WEIGHT_TYPE : EXPLICIT
EDGE_WEIGHT_FORMAT : FULL_MATRIX
EDGE_WEIGHT_SECTION
999999999 393442 406178 265127 262976 44633 276551 257400 622633 665353 218639 315113 202729 253968 558884 142696 277942 635453 242146 242797 318526 224218 327439 621145 604373 429474 276805 314870 604222 558884 108376 439481 343517 580438 433228 620096 306343 325122 431387 430033 645562 292956 547649 569268 567953 144904 365847 532004 441390 668365 217962 287992 637468 314746 197352 422390 223713 524118 746393 621811 135922 717078 232262 337892 384429 38003 380699 220790 604521 228052 31494 248034 235861 304565 346664 595675 128405 474418 285407 223692 395686 375774 774957 309287 567075 558097 116463 701566 201722 357728 359061 251020 592134 351481 658754 330295 695615 385188 179766 559942
393442 999999999 592480 309695 228943 435765 667637 597018 799600 1030397 513051 672890 261746 543294 392308 532064 652930 634074 329351 575573 112472 174678 213871 560433 683608 619304 184289 562492 708010 715635 465407 48176 181440 902575 754810 242289 699777 717613 436186 775162 570544 669096 413704 946313 867424 320201 729624 339122 209642 707329 341145 439286 754125 707034 231855 495415 502397 878035 899123 985172 301617 1085882 600275 728144 683161 378642 401121 548119 272414 357382 361965 533134 433179 493492 688749 245943 363773 855925 324794 311956 356003 423410 878389 583066 259911 931425 277947 946569 194214 732823 751732 142427 429347 744909 738944 723580 1030272 709568 213727 930695
406178 592480 999999999 282846 364064 419150 507665 610207 222344 558648 203072 629784 563559 641694 437963 454148 570821 310923 266128 605652 592982 454440 661753 358737 223548 27174 596660 710040 209347 152721 492548 636506 423308 370731 262018 715150 486639 521650 231824 320086 387236 354705 400168 527218 312858 532109 657004 454719 470347 302750 262024 155551 235105 518064 535846 151300 189970 409338 342217 516502 348684 616395 555444 449308 187412 374154 226263 236182 636862 624879 409500 638467 183489 710169 675481 653746 299358 478406 668755 287552 287398 197091 370945 138135 586587 502629 444878 354711 451295 625593 540164 498693 448451 507038 269228 508976 498984 243769 462740 493797
265127 309695 282846 999999999 81435 303818 505751 522257 494229 760651 241230 575314 330230 514081 297668 389961 530813 396846 31375 507923 318299 184810 401714 363892 404299 309744 336419 567773 419789 412223 373440 354217 149254 609129 467273 457913 515668 544191 180470 500320 386289 434638 283176 693651 566783 327034 622019 278557 224299 449098 58343 130397 463042 535767 293944 206038 224719 604207 600928 715260 135211 818389 491439 516958 390001 228218 129741 288373 402675 417780 246060 506925 137667 536815 610055 408367 145584 614715 440232 41516 130995 137977 595865 289042 355886 674385 226013 636922 189523 606845 574594 226450 329054 554450 461594 541760 739335 426477 211920 670564
262976 228943 364064 81435 999999999 306393 527504 516471 575302 823752 300593 577925 274906 494784 304222 401116 540005 456821 100923 499539 240182 114542 329994 409329 478026 391022 265980 540869 496312 492838 366673 274247 87577 681359 536438 394812 545350 570723 240972 564213 428304 481498 301082 750049 642221 286743 628744 271442 181558 516586 116466 210343 540555 561393 235950 281236 286693 668261 680559 778258 128431 880837 495238 556368 461396 231038 194752 343041 354485 370899 236936 486530 208099 499268 607787 353554 170904 666320 382648 86723 172337 210057 671424 360285 312022 732307 189585 717721 126122 618997 602950 151666 340071 587068 535088 571144 810754 493440 155037 729631
44633 435765 419150 303818 306393 999999999 232687 219230 630482 635787 222298 272803 230372 226654 599613 98185 233804 663725 279064 206558 356738 268146 356404 654561 625150 440912 310226 292180 622151 571064 75947 481293 387771 562684 418344 664148 264535 281936 464460 408845 679627 263657 586967 536419 555431 165866 322445 574142 485542 692160 253600 313269 653117 271430 230997 449378 231038 498949 755468 593018 178481 686139 189367 300184 376643 76391 414523 214118 649149 237381 75241 222073 258921 293427 306255 640255 161798 440433 300848 262314 433362 407401 789888 310899 611601 526612 157865 697308 245387 313364 316010 293418 632252 309985 678304 287939 673681 370897 222117 529304
276551 667637 507665 505751 527504 232687 999999999 176062 674003 475868 318563 143033 440880 257652 801633 135591 84752 803325 476212 189886 582804 500732 562867 819055 731178 519789 528132 322147 714899 640167 212880 712485 612785 477685 370177 896646 55489 52564 634967 325814 846541 175891 781991 362682 500499 371235 152437 784157 709020 809203 448556 465735 733080 41552 452092 594902 337321 377124 797355 440332 400134 515787 115103 124902 375314 300097 590952 274410 877844 405055 307769 262955 412127 378766 190625 870873 362029 267901 476188 466488 625161 575264 859343 370283 838193 362272 389839 674476 478062 117981 86251 525577 830524 94086 775632 66285 555816 336449 454394 370101
257400 597018 610207 522257 516471 219230 176062 999999999 803283 650963 407309 80510 341069 87240 815960 156064 98334 877269 498169 22674 495518 453150 447094 872864 827394 627987 429507 146330 818939 756185 150046 636231 591425 647396 527464 837821 231504 218720 682824 491632 898251 332908 805033 536830 663292 277081 137709 787491 689200 899089 472828 526186 844625 209551 365654 662606 421880 551547 929014 616163 392375 688996 65056 300509 515678 294045 633301 377903 840949 272868 280088 95069 470616 210161 93028 826278 380977 443345 340648 480756 652348 625065 977937 482599 808469 537654 338878 830258 429453 155781 244318 463980 849463 265566 877655 237688 731054 487563 399008 545839
622633 799600 222344 494229 575302 630482 674003 803283 999999999 556368 408329 809263 785876 845711 564988 649828 748311 322151 482143 802178 810470 672884 883077 415365 190408 196298 817755 916083 146922 85492 700605 841003 622469 349958 331743 889876 639994 674308 386024 396301 438164 501535 522453 571085 278810 753082 826407 598568 649869 255821 481463 374171 116729 673647 758102 310257 399887 443497 125909 524728 570908 606768 743341 585863 299843 592682 405291 427069 797646 845173 628676 843674 405834 923803 856857 821615 521274 559247 890672 505139 461621 379428 193707 322863 748173 544786 667166 193951 671315 789570 684262 716695 561242 647579 183329 657574 447125 347113 684183 531979
665353 1030397 558648 760651 823752 635787 475868 650963 556368 999999999 523162 600046 865961 733478 991654 570455 554255 842556 731002 665714 977522 857117 991822 910789 719359 546584 941961 797285 681312 587807 658299 1078569 907175 206911 301539 1217368 420558 432983 785364 260331 938530 372569 956075 115645 278196 801166 575256 1000691 983317 798493 709208 647340 667508 441641 862622 708559 537493 156631 634080 45495 728807 58363 590907 355563 381685 665080 766962 483111 1160896 859792 692988 738550 623267 853729 639862 1168821 666853 208033 928976 738227 824658 739254 736402 476625 1112402 113779 774992 419829 840422 532766 411944 895804 1005360 385844 732636 413441 144141 335897 830077 107744
218639 513051 203072 241230 300593 222298 318563 407309 408329 523162 999999999 430515 404704 439997 510838 251258 373179 485058 210440 402581 477111 344837 519809 502730 421418 222124 459245 509324 411644 351896 292662 561033 384681 391793 242570 694697 309238 342653 324329 263977 530653 200985 484239 452469 365136 358587 462189 505404 465525 495906 186919 154835 438005 336846 386167 276918 19791 367897 533581 477668 216487 580269 353785 291648 176916 194242 286120 50796 643897 446174 230757 437249 110011 515724 475124 648722 153078 374492 499823 215441 331863 265659 572853 90750 597008 433491 290442 484769 332130 434508 367334 387139 534504 339725 470591 334244 517776 196598 330311 430085
315113 672890 629784 575314 577925 272803 143033 80510 809263 600046 430515 999999999 419685 162840 872114 188565 61107 911652 549080 103170 573441 523345 527452 915436 851398 644864 508510 208498 839023 769670 214087 713158 656467 619446 512728 912490 193287 170412 726514 468758 941748 317440 858302 484560 643522 354188 57551 846881 754529 926414 522561 563390 860898 163868 442574 698315 447251 515456 933833 568500 450909 633748 83887 263739 513327 349190 678615 393652 911159 353373 341394 171923 507744 282525 48048 898121 430644 395665 420933 533960 703194 667524 990725 495933 876885 488591 408147 817173 499603 78838 188105 537323 904304 216766 898998 191093 691686 477595 470307 498205
202729 261746 563559 330230 274906 230372 440880 341069 785876 865961 404704 419685 999999999 281909 565957 310273 408808 726487 325381 318894 155021 165854 126055 684140 728877 589651 89199 302610 738841 712495 228097 297279 314719 781705 633329 503989 483138 493272 509478 632633 703184 493502 570081 766566 765571 69651 477170 523418 401628 778621 315107 417761 778547 482272 39951 531816 404086 726660 904218 822939 216562 916510 354611 527371 578991 213587 459612 417663 523738 102974 179263 271679 380113 240582 430795 502711 265473 670236 110089 300207 446615 467485 915097 493744 499932 756981 118763 888015 149295 486031 527130 150359 603605 528666 785947 503646 898204 585187 120209 759644
253968 543294 641694 514081 494784 226654 257652 87240 845711 733478 439997 162840 281909 999999999 798719 199811 184794 888964 493785 68552 436394 415782 375614 874343 851434 661940 366884 71801 847262 791878 150826 579049 561868 717736 590115 785574 312922 303441 684960 560297 898301 400092 792270 620244 728019 226445 217053 765377 657815 918810 470857 539511 876661 293780 312424 675175 451782 627416 971552 697404 379390 773093 142572 379787 569041 291920 634017 419072 798740 199231 268360 10399 485498 123079 156996 780689 382372 525463 262614 473405 645007 629722 1012479 522849 770104 619816 307371 888765 392785 240900 330443 418897 833934 349720 904115 321633 807702 547370 360545 627366
558884 392308 437963 297668 304222 599613 801633 815960 564988 991654 510838 872114 565957 798719 999999999 687593 828449 290295 325934 800250 475538 400534 583420 192732 391166 455601 529966 844834 430032 483777 666020 409349 251834 808683 690377 355770 807677 837762 206727 739564 192506 711814 42737 945487 749679 588499 919542 54941 182951 376963 353447 358474 475680 829863 526013 286932 491456 837794 624089 948042 423614 1049903 788331 800894 610609 523317 228354 561557 248326 667048 536210 790585 401600 799974 905470 281162 443252 878899 665998 338600 179283 254128 567034 522426 204889 923013 493568 751818 419537 904434 866877 419823 38142 843976 433606 833696 936677 660763 451713 916338
142696 532064 454148 389961 401116 98185 135591 156064 649828 570455 251258 188565 310273 199811 687593 999999999 140857 725413 362615 152562 448165 366138 434711 726956 671770 472089 395763 271581 662899 600643 88041 576904 484204 526289 392719 762143 173048 186311 537949 368460 753208 210058 672002 464353 531281 241175 232207 665270 581587 744283 335659 375660 688658 175534 318421 511302 266038 446263 775720 530014 272688 617108 106072 220037 369237 170271 490140 223050 746886 289540 173394 199776 319926 300938 228927 738364 244443 366987 359374 349026 516105 478985 822327 327786 708762 458011 254357 689213 343223 218199 220527 390078 718807 218695 721710 194517 625788 348767 318963 462732
277942 652930 570821 530813 540005 233804 84752 98334 748311 554255 373179 61107 408808 184794 828449 140857 999999999 856380 503341 116499 558959 495365 524150 863576 793086 585340 497935 243721 779855 709459 187565 695300 621459 562429 452539 889213 138227 121290 675708 410045 890280 256929 812654 439612 584402 340399 91897 805814 719306 868871 476281 510263 801024 112753 426880 644025 390455 461250 872800 520495 411747 591255 54282 208760 452222 309082 628839 334661 881040 355826 306650 191784 454916 307860 109083 870303 385274 347333 426043 489879 656527 616329 930294 436098 844624 441376 380487 757022 471813 80494 145985 513777 859604 168411 840029 140941 639259 416813 444421 450070
635453 634074 310923 396846 456821 663725 803325 877269 322151 842556 485058 911652 726487 888964 290295 725413 856380 999999999 406729 867884 687420 571359 785161 103587 131949 311023 722229 949897 175304 260493 739432 663536 457591 639193 562697 645006 789307 823817 217051 625060 120121 662522 250171 828369 570214 722336 946532 338778 437141 87697 424468 351203 211266 819051 689263 214706 466811 704520 347926 804259 525242 897827 831267 757673 494774 597773 267109 529466 538616 814193 625379 883365 406664 928487 954115 570819 507529 787252 836188 430925 287117 263164 278394 444491 494299 802817 621680 515881 581328 919564 845128 606689 272285 813596 154066 812969 753778 551860 606970 792536
242146 329351 266128 31375 100923 279064 476212 498169 482143 731002 210440 549080 325381 493785 325934 362615 503341 406729 999999999 484563 328330 191180 405545 381035 404035 293268 339917 549646 416385 401902 350449 375055 176957 582339 439139 486753 485143 513975 193406 470707 404586 403265 309416 662909 541777 315709 594821 308735 255183 453805 27683 110848 458177 505670 290957 206457 194281 574699 592348 685573 118828 788625 465204 485715 362683 204574 141936 257206 433523 408136 225472 487000 109219 522606 584832 438541 118440 583536 435372 25197 154360 143938 592932 261515 386973 643823 215402 618193 192025 578656 544144 234654 356322 523618 461250 511237 712228 397589 210424 640161
242797 575573 605652 507923 499539 206558 189886 22674 802178 665714 402581 103170 318894 68552 800250 152562 116499 867884 484563 999999999 473499 433564 424430 861094 821087 624162 407189 133169 813776 753031 134543 614466 573273 656042 532900 816659 245319 234951 670991 499424 886184 339773 790187 552154 669675 255454 160378 770846 670864 891722 459667 516684 840515 225365 344003 653183 416414 562629 928042 630124 376701 704829 75333 313129 517735 280023 621076 375598 821077 250226 264040 75285 461348 191463 113411 805936 368217 457783 318152 466487 638425 613714 974640 480344 789138 552153 319819 834457 409916 177848 261927 443385 834111 281350 872040 253293 742604 491866 379147 559949
318526 112472 592982 318299 240182 356738 582804 495518 810470 977522 477111 573441 155021 436394 475538 448165 558959 687420 328330 473499 999999999 138811 108724 625730 717817 620147 72078 451743 736484 729757 373421 142835 233339 868332 718589 351936 620114 634321 476421 729979 639754 607878 489969 885836 841167 219461 630775 425729 295264 752902 331109 437601 780581 623464 132098 521417 470336 829996 919171 933031 261131 1031020 505206 656213 653296 312918 433267 503902 383974 246075 288280 426100 417434 381321 585727 358365 324124 792066 212701 305687 400641 450080 911538 557371 367996 873311 203589 939916 146061 637565 668518 94376 513575 665775 774736 642499 992088 671404 148370 874139
224218 174678 454440 184810 114542 268146 500732 453150 672884 857117 344837 523345 165854 415782 400534 366138 495365 571359 191180 433564 138811 999999999 217153 521992 588755 481590 152262 452219 604562 593071 309784 222542 150666 736543 587396 396012 529354 549220 355283 603831 539884 494422 404250 771766 706213 192880 578124 359441 243072 630204 192439 299270 647553 538901 125952 390678 336288 705919 783445 812028 129169 912208 445140 554640 519172 205484 308105 376429 387983 266537 192967 406511 278915 400780 546174 375170 192541 681250 270435 167749 286296 321170 780675 421479 355701 757110 115281 801267 23746 575859 583068 44467 438039 573984 646012 553791 862391 541053 55238 756600
327439 213871 661753 401714 329994 356404 562867 447094 883077 991822 519809 527452 126055 375614 583420 434711 524150 785161 405545 424430 108724 217153 999999999 728496 805878 688593 65639 376205 821106 805534 350289 231481 337652 903229 754057 440585 606979 615419 570692 756253 743734 619288 596518 892612 883896 193676 584801 534130 403868 846580 402300 509290 863559 604404 134024 607722 516872 851513 996903 948671 314802 1042526 469970 652903 696133 334483 524638 537478 485659 176383 302075 365251 479845 297945 531493 457110 372378 796232 121374 381035 498219 538308 997422 606448 473394 883017 229469 998116 213520 598475 648948 178630 621515 652298 863146 626724 1021619 705988 199015 885621
621145 560433 358737 363892 409329 654561 819055 872864 415365 910789 502730 915436 684140 874343 192732 726956 863576 103587 381035 861094 625730 521992 728496 999999999 226500 366046 668274 930635 269577 345100 728545 585302 392430 712169 619934 548436 811918 845373 190103 678823 28650 693858 155896 885780 645668 689518 955172 244519 355350 191039 403491 353878 309929 839434 645279 227039 483282 766013 450654 870395 498513 967460 832774 788560 546097 583170 240446 551110 440017 778018 606319 867762 408788 900476 955148 473735 493340 835476 791851 402769 237826 248110 381402 479973 397587 861005 588707 609052 535401 932092 869722 552577 170740 840795 256571 836761 832286 602126 564026 851837
604373 683608 223548 404299 478026 625150 731178 827394 190408 719359 421418 851398 728877 851434 391166 671770 793086 131949 404035 821087 717817 588755 805878 226500 999999999 213982 740687 917107 43498 131994 700670 719405 502187 513912 451382 734341 709673 744733 247582 515917 248232 575943 348554 713555 443789 712155 880092 431759 506209 82715 414160 318489 84971 741358 694980 198311 405791 587378 233175 682736 515205 773477 775179 669558 391263 568604 285121 458654 634293 806053 600729 847171 368539 907282 896432 662472 482484 681065 838566 429217 328070 268021 194856 361487 586661 687556 615165 384313 593662 849078 762350 629095 381730 728494 57304 731600 624837 447778 614233 676429
429474 619304 27174 309744 391022 440912 519789 627987 196298 546584 222124 644864 589651 661940 455601 472089 585340 311023 293268 624162 620147 481590 688593 366046 213982 999999999 623554 730836 195113 130185 513559 663180 449375 354441 254246 739279 496245 531334 250799 314874 394272 361963 416868 520457 294078 557204 670260 474596 494508 295184 289166 182723 216719 528254 562294 168838 210417 399980 317491 505274 375199 603927 572007 455668 183763 398150 248951 251545 659389 649685 433773 658988 209791 732868 691039 677071 324991 476230 694408 314726 310024 219899 350734 149634 609079 495418 470917 328374 478355 637761 548449 525853 464342 514512 255870 517866 481265 240838 489579 485988
276805 184289 596660 336419 265980 310226 528132 429507 817755 941961 459245 508510 89199 366884 529966 395763 497935 722229 339917 407189 72078 152262 65639 668274 740687 623554 999999999 379988 755604 739992 315897 214075 280420 845824 696214 423838 568797 580329 506939 701439 684434 569735 540424 845741 824156 157932 566032 482609 354218 782348 336765 443832 797969 569358 79502 542457 455344 798617 931313 898207 250787 993879 443763 610011 636043 279057 460267 479576 454635 174212 249080 356531 415240 309273 518354 429906 309763 750309 143012 315397 435770 473355 931966 544593 436542 834874 170696 934856 147895 575228 614337 115905 568103 614457 797972 589998 966126 648311 134142 836740
314870 562492 710040 567773 540869 292180 322147 146330 916083 797285 509324 208498 302610 71801 844834 271581 243721 949897 549646 133169 451743 452219 376205 930635 917107 730836 379988 999999999 914283 860939 217535 594032 601692 788061 661644 803669 377632 364781 742438 630904 953789 470795 841174 683054 799386 259340 255245 808520 695237 982834 528148 602626 944679 355774 338036 737246 520439 695769 1041845 762421 432577 834965 208420 446075 640788 352261 691132 489927 826202 205797 325149 72500 549561 84484 186900 805251 442370 589665 256076 528018 697942 688692 1080983 593307 801057 683982 351307 960563 430326 286849 389222 448807 880928 411748 970463 383941 875772 619081 397576 692122
604222 708010 209347 419789 496312 622151 714899 818939 146922 681312 411644 839023 738841 847262 430032 662899 779855 175304 416385 813776 736484 604562 821106 269577 43498 195113 755604 914283 999999999 93894 696980 745363 526759 475137 420109 769029 690572 725667 274439 485270 291631 554880 387309 679508 404532 718159 865284 468745 537091 117187 423847 323157 47280 722857 706246 215142 397363 552582 197378 645573 523248 734793 764730 647245 364408 569503 307114 445371 670836 812117 602842 843490 369720 908470 884812 697963 485969 651001 847865 441359 354714 287009 176558 344715 622619 653366 623193 340816 607874 832868 741733 646038 422219 707104 61008 711693 583837 420038 626670 641874
558884 715635 152721 412223 492838 571064 640167 756185 85492 587807 351896 769670 712495 791878 483777 600643 709459 260493 401902 753031 729757 593071 805534 345100 131994 130185 739992 860939 93894 999999999 643721 756564 537728 382018 328568 804753 611859 646826 300810 394033 369934 474275 441529 586012 311799 683704 792027 515442 564409 210941 403234 296454 94327 644828 683107 224798 340574 458898 191820 551777 496245 641642 698954 564410 277895 526805 319932 378476 713436 776834 562019 789024 333197 862725 816446 736861 450291 559883 819032 425538 376131 294325 221767 274243 663793 559831 594261 268603 592709 757651 660706 636484 482196 625200 150116 631754 493496 331954 607231 548228
108376 465407 492548 373440 366673 75947 212880 150046 700605 658299 292662 214087 228097 150826 666020 88041 187565 739432 350449 134543 373421 309784 350289 728545 700670 513559 315897 217535 696980 643721 999999999 508079 443082 607009 468347 701977 257116 265358 538548 449925 753249 294408 655652 552383 606950 158449 268349 637501 541086 768056 325956 389181 727144 254347 241532 525204 303147 531802 826094 617601 242406 705143 135690 307773 435496 145911 488182 277462 697268 201541 130047 146564 334865 227419 241180 684911 235206 455010 271348 332035 504059 482088 863492 378679 662801 545999 194505 757331 286078 267707 299111 326390 699701 302204 753532 276443 710486 422431 257637 550603
439481 48176 636506 354217 274247 481293 712485 636231 841003 1078569 561033 713158 297279 579049 409349 576904 695300 663536 375055 614466 142835 222542 231481 585302 719405 663180 214075 594032 745363 756564 508079 999999999 219323 950198 802630 210562 745653 762837 471879 823294 593445 716933 434590 994288 914442 359194 770206 354885 230244 739294 387796 484331 791862 752191 270651 534590 550222 926197 938127 1033347 349781 1134037 642203 775130 730643 425732 439553 596282 258756 388235 408059 568777 479958 521805 727208 227336 411945 903692 348802 358418 391352 463027 913802 630360 255234 979487 323454 991006 241603 774830 797005 188731 445187 790915 774017 769231 1078079 757504 259757 978802
343517 181440 423308 149254 87577 387771 612785 591425 622469 907175 384681 656467 314719 561868 251834 484204 621459 457591 176957 573273 233339 150666 337652 392430 502187 449375 280420 601692 526759 537728 443082 219323 999999999 758383 616044 310193 632083 656887 254873 647051 406531 568770 260035 835875 715497 342630 708765 208906 98064 527830 197984 277226 573029 647405 274848 315268 369716 751116 718847 861704 212651 964590 574884 643926 539160 314026 220306 428703 267052 416611 315431 552978 286101 551438 683809 266206 258437 753126 414277 169254 174984 243787 696992 438106 225486 817679 254876 777715 171545 701133 689378 168133 289756 674127 557636 657790 888567 574493 204289 814628
580438 902575 370731 609129 681359 562684 477685 647396 349958 206911 391793 619446 781705 717736 808683 526289 562429 639193 582339 656042 868332 736543 903229 712169 513912 354441 845824 788061 475137 382018 607009 950198 758383 999999999 149830 1065287 426242 452460 602303 157902 739345 317882 770766 233969 71306 724899 613515 823783 823728 592241 564965 484540 460599 457131 769424 521955 400655 118862 434654 175177 608246 259660 582449 356243 219989 568874 591367 366254 997562 799663 602447 720057 473438 826954 665796 1010118 544762 257941 863279 594730 651535 562532 533476 321080 947809 208976 675156 235263 723851 570662 446107 778928 818652 410376 525806 431863 130704 197530 720656 194734
433228 754810 262018 467273 536438 418344 370177 527464 331743 301539 242570 512728 633329 590115 690377 392719 452539 562697 439139 532900 718589 587396 754057 619934 451382 254246 696214 661644 420109 328568 468347 802630 616044 149830 999999999 925111 326272 358147 484436 65583 648274 195867 655303 266253 138728 578077 518078 699235 686681 533934 420043 348069 420544 359812 620136 409165 252414 147984 445463 257670 458809 359881 462771 263522 80226 420029 465458 216682 863044 655711 454131 591216 329944 692872 560600 873009 395284 231347 717628 449736 523451 437714 525376 178578 813982 241175 525599 304483 574337 477643 362022 629521 704887 324681 478532 339283 275463 48142 570842 231917
620096 242289 715150 457913 394812 664148 896646 837821 889876 1217368 694697 912490 503989 785574 355770 762143 889213 645006 486753 816659 351936 396012 440585 548436 734341 739279 423838 803669 769029 804753 701977 210562 310193 1065287 925111 999999999 923677 944693 503953 957227 546230 874198 394850 1144816 1018925 561749 968714 306356 244805 730518 508168 580945 816131 934484 473761 582592 679898 1061283 966318 1171896 506596 1274767 837603 943785 847306 598862 491604 737851 111993 598002 588940 775420 595521 732298 930008 74891 561390 1060148 559179 479282 431544 520163 918868 746680 150890 1127111 509260 1062614 418974 969578 978376 375632 380512 967703 782014 948525 1195865 884279 444917 1124349
306343 699777 486639 515668 545350 264535 55489 231504 639994 420558 309238 193287 483138 312922 807677 173048 138227 789307 485143 245319 620114 529354 606979 811918 709673 496245 568797 377632 690572 611859 257116 745653 632083 426242 326272 923677 999999999 35096 632019 277526 839881 138522 785442 307768 452589 413820 191885 793832 726547 789381 457535 461804 705698 33819 491217 585614 328792 323094 761600 384850 420591 461107 170354 70657 340152 324821 590603 261174 898764 454145 337830 318043 410564 433571 239598 894063 375958 212542 525144 478138 629281 572644 828397 348523 857337 306902 422221 629108 507447 151541 59204 557351 834822 45699 751558 26094 501096 296502 486067 314635
325122 717613 521650 544191 570723 281936 52564 218720 674308 432983 342653 170412 493272 303441 837762 186311 121290 823817 513975 234951 634321 549220 615419 845373 744733 531334 580329 364781 725667 646826 265358 762837 656887 452460 358147 944693 35096 999999999 664494 307137 873253 173110 816314 318343 481904 423640 161761 822679 752222 824380 486307 494349 740703 11015 503966 619354 362097 345655 795533 399613 444577 470276 162320 96892 374508 346453 622401 295148 922963 457140 356540 309517 442457 425835 214731 917133 402691 226425 528271 505965 659851 604996 863087 383523 882356 320248 439667 659736 526842 119935 34217 575329 865465 47156 786654 20783 521277 329879 504042 329187
431387 436186 231824 180470 240972 464460 634967 682824 386024 785364 324329 726514 509478 684960 206727 537949 675708 217051 193406 670991 476421 355283 570692 190103 247582 250799 506939 742438 274439 300810 538548 471879 254873 602303 484436 503953 632019 664494 999999999 535396 215533 522617 170891 742452 544418 507240 767515 223999 264860 276522 214352 170217 321423 657860 472215 82550 304542 632179 470018 741986 312102 843555 643517 615376 405043 393389 51472 374550 414817 598250 417476 678564 222841 715784 765632 436622 303356 680224 619141 216524 80536 59708 442241 320833 364740 719382 406277 561534 364518 745955 690694 392084 220742 663953 302769 657453 730807 456540 389920 712172
430033 775162 320086 500320 564213 408845 325814 491632 396301 260331 263977 468758 632633 560297 739564 368460 410045 625060 470707 499424 729979 603831 756253 678823 515917 314874 701439 630904 485270 394033 449925 823294 647051 157902 65583 957227 277526 307137 535396 999999999 707319 160216 706043 207837 175068 573110 468726 744993 723165 598563 449158 388867 486125 310162 623448 463209 277583 104082 507870 214952 474705 318140 426580 210508 132850 422455 512308 227403 900944 644678 454186 562445 362976 669055 516029 908523 411673 165852 709646 478323 568304 485555 590007 218584 852669 184118 531249 353018 588703 427044 307052 644260 756109 269837 543917 287324 265583 78864 581614 176820
645562 570544 387236 386289 428304 679627 846541 898251 438164 938530 530653 941748 703184 898301 192506 753208 890280 120121 404586 886184 639754 539884 743734 28650 248232 394272 684434 953789 291631 369934 753249 593445 406531 739345 648274 546230 839881 873253 215533 707319 999999999 722288 159708 914193 672494 710596 981954 246256 363212 205359 427660 381068 330320 867242 664048 255384 511159 794193 467868 898296 521309 995092 858906 816940 574620 607633 265123 579203 436361 798219 630050 891577 435733 922117 981123 471347 518121 864111 810187 425774 258250 274224 393847 508585 395880 889381 610025 632081 554085 959245 897774 569087 165867 868995 274169 864781 858795 630695 583301 880159
292956 669096 354705 434638 481498 263657 175891 332908 501535 372569 200985 317440 493502 400092 711814 210058 256929 662522 403265 339773 607878 494422 619288 693858 575943 361963 569735 470795 554880 474275 294408 716933 568770 317882 195867 874198 138522 173110 522617 160216 722288 999999999 684998 278185 330397 429433 326810 705378 656606 656765 377133 354980 568353 172117 490305 466954 220456 237610 623534 329446 370122 424167 267934 95204 201706 295032 486569 150263 833964 493392 321143 402237 310517 509590 365431 834972 312824 187019 560791 402705 532764 464977 689978 218080 788868 265554 404429 500253 475739 288530 186866 530272 735332 152553 615880 157486 416133 160558 462114 267022
547649 413704 400168 283176 301082 586967 781991 805033 522453 956075 484239 858302 570081 792270 42737 672002 812654 250171 309416 790187 489969 404250 596518 155896 348554 416868 540424 841174 387309 441529 655652 434590 260035 770766 655303 394850 785442 816314 170891 706043 159708 684998 999999999 912781 710792 587696 904208 88976 204734 336161 336373 330173 433006 808769 530200 248868 464628 803069 581555 912802 414025 1014221 774415 775518 575932 511159 198649 535032 289041 669576 526712 784493 376331 800096 893218 320662 427799 848513 673041 324662 156847 222396 525738 490260 244132 889910 490323 709760 421677 887336 844617 427542 50523 820475 391517 811345 898134 627179 453098 882855
569268 946313 527218 693651 750049 536419 362682 536830 571085 115645 452469 484560 766566 620244 945487 464353 439612 828369 662909 552154 885836 771766 892612 885780 713555 520457 845741 683054 679508 586012 552383 994288 835875 233969 266253 1144816 307768 318343 742452 207837 914193 278185 912781 999999999 298820 700064 459735 948639 917946 795435 639009 590932 673619 327287 766244 671011 469090 127818 665896 91077 645754 153613 477767 245680 340508 573139 717478 407175 1096322 753725 598321 625637 559000 741330 524218 1100946 586035 97391 823726 666891 771928 691372 760842 423088 1049183 26325 682276 468342 753529 417170 296493 808266 963001 271309 735524 299142 232880 286317 740298 39544
567953 867424 312858 566783 642221 555431 500499 663292 278810 278196 365136 643522 765571 728019 749679 531281 584402 570214 541777 669675 841167 706213 883896 645668 443789 294078 824156 799386 404532 311799 606950 914442 715497 71306 138728 1018925 452589 481904 544418 175068 672494 330397 710792 298820 999999999 712787 643610 767575 775457 521529 526814 438778 389339 485144 749919 462852 370845 175325 367109 245966 580037 330447 598331 385083 188224 552032 537423 348082 946672 792537 587113 729340 434599 831587 690923 961182 517295 308543 853196 556389 598261 508311 463857 284977 896594 273009 654480 181552 695395 601708 480215 749609 757820 443303 454656 461906 187825 184840 695248 259276
144904 320201 532109 327034 286743 165866 371235 277081 753082 801166 358587 354188 69651 226445 588499 241175 340399 722336 315709 255454 219461 192880 193676 689518 712155 557204 157932 259340 718159 683704 158449 359194 342630 724899 578077 561749 413820 423640 507240 573110 710596 429433 587696 700064 712787 999999999 411427 550313 435920 767730 300101 395014 755441 412639 88573 518755 360737 664663 874320 758644 198176 850864 286363 459313 528520 164357 456057 365201 572317 93971 127837 216685 351022 212560 368552 554419 233617 603354 141356 291412 452357 459618 892985 449117 544329 691218 101024 843306 171111 418394 457485 192498 625239 459289 768527 434130 838476 530061 138353 694344
365847 729624 657004 622019 628744 322445 152437 137709 826407 575256 462189 57551 477170 217053 919542 232207 91897 946532 594821 160378 630775 578124 584801 955172 880092 670260 566032 255245 865284 792027 268349 770206 708765 613515 518078 968714 191885 161761 767515 468726 981954 326810 904208 459735 643610 411427 999999999 896052 806795 956900 567854 601643 884601 158663 499715 734860 479940 504225 949582 546855 500913 604821 133899 258653 527446 398472 720728 421543 965522 410337 393334 226582 546420 333420 70141 953205 476592 376476 477352 580946 748223 708097 1011610 520630 930457 466619 462843 820910 554410 43374 169144 593276 950967 203405 925806 182018 676009 486937 525609 477378
532004 339122 454719 278557 271442 574142 784157 787491 598568 1000691 505404 846881 523418 765377 54941 665270 805814 338778 308735 770846 425729 359441 534130 244519 431759 474596 482609 808520 468745 515442 637501 354885 208906 823783 699235 306356 793832 822679 223999 744993 246256 705378 88976 948639 767575 550313 896052 999999999 130949 424175 336387 357836 515247 814306 483613 306503 486577 845363 664860 956426 396083 1059052 763499 791793 619032 497810 233826 555570 202622 625499 507480 756892 395393 760185 878279 232578 422657 877893 620743 317770 176769 261994 612955 526491 156078 927006 458387 781475 379715 883231 852863 375122 90420 831862 477195 819924 953133 666676 412320 921109
441390 209642 470347 224299 181558 485542 709020 689200 649869 983317 465525 754529 401628 657815 182951 581587 719306 437141 255183 670864 295264 243072 403868 355350 506209 494508 354218 695237 537091 564409 541086 230244 98064 823728 686681 244805 726547 752222 264860 723165 363212 656606 204734 917946 775457 435920 806795 130949 999999999 516434 280048 339455 584349 742927 362449 340310 448936 826701 733908 938046 309283 1041280 672922 735203 607700 411319 247548 512266 178376 504539 413467 648745 360339 641295 781688 186482 350985 838489 494407 253906 188553 275797 697618 508237 132268 898588 351727 818784 265420 798858 784341 251418 220388 767851 558050 752404 954431 647927 298032 894614
668365 707329 302750 449098 516586 692160 809203 899089 255821 798493 495906 926414 778621 918810 376963 744283 868871 87697 453805 891722 752902 630204 846580 191039 82715 295184 782348 982834 117187 210941 768056 739294 527830 592241 533934 730518 789381 824380 276522 598563 205359 656765 336161 795435 521529 767730 956900 424175 516434 999999999 467642 380380 139416 820700 742948 249066 479334 668898 263807 762712 569572 851881 848765 750786 473863 631627 322099 535470 625107 861047 662070 914034 433410 968305 970759 656658 543187 763768 888710 478833 353533 311247 190729 440859 580113 769372 668584 446032 637760 926890 842763 668130 359881 809289 74320 811697 699448 530442 661015 758084
217962 341145 262024 58343 116466 253600 448556 472828 481463 709208 186919 522561 315107 470857 353447 335659 476281 424468 27683 459667 331109 192439 402300 403491 414160 289166 336765 528148 423847 403234 325956 387796 197984 564965 420043 508168 457535 486307 214352 449158 427660 377133 336373 639009 526814 300101 567854 336387 280048 467642 999999999 107295 464213 477991 282552 218771 171732 553237 594671 663732 101930 766606 438719 458722 344983 180105 163205 232388 458142 393445 203124 464334 92215 504023 558814 461945 92115 558463 424517 29765 180633 161436 600249 243929 412158 620332 201330 610394 189852 551317 516517 236758 383576 496147 471088 483629 694291 377379 204356 617004
287992 439286 155551 130397 210343 313269 465735 526186 374171 647340 154835 563390 417761 539511 358474 375660 510263 351203 110848 516684 437601 299270 509290 353878 318489 182723 443832 602626 323157 296454 389181 484331 277226 484540 348069 580945 461804 494349 170217 388867 381068 354980 330173 590932 438778 395014 601643 357836 339455 380380 107295 999999999 361248 487812 387151 136499 135072 490951 488149 602451 201241 705607 481729 446466 268554 251304 131601 205469 515034 488979 282494 534394 55744 589119 604580 525936 164004 520880 525839 132018 181410 111017 498427 170723 465913 569572 300725 507536 297144 578218 520483 343399 380595 493976 374205 487238 615211 311534 310787 564050
637468 754125 235105 463042 540555 653117 733080 844625 116729 667508 438005 860898 778547 876661 475680 688658 801024 211266 458177 840515 780581 647553 863559 309929 84971 216719 797969 944679 47280 94327 727144 791862 573029 460599 420544 816131 705698 740703 321423 486125 330320 568353 433006 673619 389339 755441 884601 515247 584349 139416 464213 361248 999999999 738549 746750 259949 425056 545910 150194 633805 562299 719379 788683 658720 372143 603651 353030 468109 717521 849274 637751 873307 405156 942033 907330 744916 522270 651803 887023 482954 401573 332094 137728 364969 669456 647323 661961 307060 650096 850766 754900 689486 466689 719466 66669 725804 562779 425852 667947 635215
314746 707034 518064 535767 561393 271430 41552 209551 673647 441641 336846 163868 482272 293780 829863 175534 112753 819051 505670 225365 623464 538901 604404 839434 741358 528254 569358 355774 722857 644828 254347 752191 647405 457131 359812 934484 33819 11015 657860 310162 867242 172117 808769 327287 485144 412639 158663 814306 742927 820700 477991 487812 738549 999999999 493046 613714 356185 351620 795370 407753 434983 479559 152239 100922 373808 336474 615371 289907 913315 446252 346139 299711 435547 415976 209038 907264 393781 234581 517385 497328 652195 598298 861782 379939 872889 328641 429095 662257 516467 117853 45061 564783 857806 56033 783815 28204 528069 330318 493508 337325
197352 231855 535846 293944 235950 230997 452092 365654 758102 862622 386167 442574 39951 312424 526013 318421 426880 689263 290957 344003 132098 125952 134024 645279 694980 562294 79502 338036 706246 683107 241532 270651 274848 769424 620136 473761 491217 503966 472215 623448 664048 490305 530200 766244 749919 88573 499715 483613 362449 742948 282552 387151 746750 493046 999999999 497276 383802 719907 874926 818950 187198 914427 373184 531032 562249 201081 422785 403510 488480 142190 170015 302398 352524 279027 457019 468839 240970 670862 147072 265767 408014 431703 882727 473522 463144 755386 95739 866442 109963 505629 538098 111736 563656 536914 752175 512926 888532 572091 82297 757293
422390 495415 151300 206038 281236 449378 594902 662606 310257 708559 276918 698315 531816 675175 286932 511302 644025 214706 206457 653183 521417 390678 607722 227039 198311 168838 542457 737246 215142 224798 525204 534590 315268 521955 409165 582592 585614 619354 82550 463209 255384 466954 248868 671011 462852 518755 734860 306503 340310 249066 218771 136499 259949 613714 497276 999999999 257767 557142 403729 665808 320660 766532 617295 561557 331081 385044 95480 324509 496196 612207 414238 669817 191991 719829 740182 516776 295502 613954 641763 231648 151760 72216 390339 255163 445983 647238 420002 480650 395351 709597 643116 431500 297288 613857 255615 610258 649746 384765 416178 639306
