NAME : synthetic_000271
TYPE : CTSP-D
DIMENSION : 100
GROUPS : 8
RELAXATION_LEVEL : 1
EDGE_WEIGHT_TYPE : EXPLICIT
EDGE_WEIGHT_FORMAT : FULL_MATRIX
EDGE_WEIGHT_SECTION
999999999 728639 706970 877494 156581 473868 440456 262631 818824 1136834 725539 787991 636592 175696 594556 285306 533441 801788 742262 703976 613720 159118 547781 196615 176415 336450 661347 508570 499938 478243 807319 555599 551829 867717 140761 601447 447445 370445 586312 437872 472948 472861 368781 512706 539775 874283 158389 352643 538281 827873 949626 522711 562217 736723 464827 1056065 859066 399747 165849 874789 535411 353551 574316 547866 493732 787759 317033 187250 216751 604370 903580 840041 250317 468011 486578 703923 556180 630967 491435 851188 588184 263136 633637 507025 930398 866518 924337 498524 470527 285571 1040087 182302 607269 184422 689712 654929 637381 308441 497790 616262
728639 999999999 476606 353916 577166 522273 640371 622637 90950 485336 265825 61413 93689 631260 512460 586440 393279 415519 185292 548101 154370 633667 567280 547216 573983 830127 316901 237436 402904 387530 276774 235445 451962 537813 722839 728978 604690 384061 335476 654867 553611 604586 359969 495750 759566 149260 749518 704647 373224 101696 335263 315435 545341 425983 640085 403429 133360 740300 662753 217208 568724 736182 252402 587126 269511 420442 542225 553071 629751 195979 216393 455558 862112 282746 424289 369069 796570 725343 281535 196484 818684 564530 724308 676664 222084 412569 434870 269614 258565 570345 401038 730554 765008 764238 341769 166242 562555 791273 238431 600800
706970 476606 999999999 273220 569964 811740 891729 775617 527638 550887 714339 516159 466554 536054 127922 430442 188863 138633 307053 76424 352439 716194 203060 525387 537032 971347 161001 518952 218854 249065 266626 304407 155219 987007 788431 321357 866789 574169 708050 901746 257685 880002 484538 810137 389486 576574 818153 894880 714082 501568 388168 253153 176125 854373 322386 493616 514058 456822 751526 406021 214186 918514 267275 903525 341520 120338 391585 536578 752747 580737 454892 155238 936869 366603 225608 110091 421221 301906 327773 670554 429279 717061 299422 325081 503223 213645 269994 561792 461888 739539 467522 591401 358230 843251 135322 589524 925150 931621 494861 179874
877494 353916 273220 999999999 723884 833102 938293 868850 357872 283544 619685 362092 399641 725700 386251 635447 359085 137840 182702 343975 321038 840156 463733 681404 701221 1079033 218918 517817 390799 404692 84804 339064 373652 889737 924556 594515 906298 631168 672986 951203 499450 912345 561639 816516 660046 386762 954354 974752 699620 322153 116340 354923 435554 779614 578217 220691 319217 710112 874732 177311 472754 1003429 310479 911931 402287 155089 589414 691362 859514 529338 221083 148928 1075156 432223 410025 195928 692930 574851 398438 511176 702197 806833 572285 590261 267751 79287 81029 561866 490859 822362 195165 802807 631446 975802 197667 513564 903531 1038336 502538 452418
156581 577166 569964 723884 999999999 414637 423900 253944 667886 980604 602291 637367 486574 107923 467556 185323 388454 654677 585741 577046 457699 160663 433823 44639 40498 413259 509801 367285 355405 330549 652143 399082 415638 779121 219682 521487 417564 244239 476886 426815 359189 440706 220146 444122 477824 724491 248976 373242 436386 675080 793599 369056 442842 639843 376189 899647 706000 356499 193014 718271 422473 387290 418469 503500 337156 641590 197735 33588 214627 468902 747465 694712 366909 311611 344998 555841 502806 546124 334936 711291 535657 217812 548191 424809 775049 716680 773613 364993 321355 246030 883882 196461 536092 274805 539709 517869 578172 376079 353064 504785
473868 522273 811740 833102 414637 999999999 123646 221192 586673 1007522 354534 558979 444025 522401 758952 575859 631773 832174 651698 852716 513211 314978 760973 429931 448207 362129 679944 315534 610217 577444 748302 520104 688408 402724 370185 890769 86454 242361 205473 138872 698617 82348 334637 45843 867160 621281 380721 222327 154251 614639 847919 558589 757220 289821 748669 925220 643634 763001 316372 735356 753271 253107 557492 95639 471632 827092 564313 423994 262333 327036 738663 877953 447805 445298 615400 743262 897202 907693 484439 532866 929227 211476 908829 799369 740758 865311 907304 271240 354988 188352 921274 605548 913836 377604 716333 366773 165144 332669 332899 827468
440456 640371 891729 938293 423900 123646 999999999 179647 707900 1124599 477149 679649 558340 529467 825215 602565 705911 925956 759205 925241 617267 287159 816672 450430 462456 251700 771249 422182 680694 648145 853809 613480 757545 490601 313713 932360 37193 318888 329118 15241 748774 51293 407192 163860 897948 743952 315040 117556 277445 734848 960579 640870 816825 397048 787093 1041761 764336 780398 274608 850524 807611 143273 649614 128130 559095 919257 600592 442074 225773 446848 856375 971511 354678 530585 682309 833104 924830 952913 569925 656431 957550 206396 954462 837502 860558 964830 1009930 379959 450245 178161 1036610 597690 951468 304092 807517 488581 228501 228863 435841 885929
262631 622637 775617 868850 253944 221192 179647 999999999 703946 1088988 533106 673263 530798 355474 692238 438153 586757 832152 701037 798021 556986 107536 672080 286882 294062 211464 677215 385517 557475 526586 787361 530476 629940 623623 149003 773340 184831 243618 380213 179111 600144 210274 307914 264541 731765 750531 161253 122461 325518 723669 911733 536810 676373 504282 627570 1005326 755067 608010 97944 813132 661822 143115 562228 286373 468708 822591 443525 277161 46226 450414 829046 876284 248514 438566 554359 734482 756540 796549 475343 691441 789408 62019 798421 677020 843289 881705 932778 354685 384716 52792 995562 418675 789325 162480 712071 500208 379353 171163 388558 742901
818824 90950 527638 357872 667886 586673 707900 703946 999999999 432318 285865 31157 182387 721966 579336 675072 468548 445819 221341 602174 237647 720420 639486 638154 664931 908772 373978 321602 481674 469228 293723 318573 523762 540786 809371 799989 671393 469301 388914 722758 632146 668762 450044 555759 836043 59560 835521 779797 433533 37246 309545 396094 615963 447744 719465 354851 58364 824401 748640 191530 642070 811679 330288 642880 357897 454098 630280 643973 713649 261699 170624 480850 946361 372621 503705 417655 872969 793739 369054 153587 893591 647294 792435 753618 157860 427319 437470 349262 348362 651294 358240 820990 836712 849346 392879 220064 606171 870619 325462 666869
1136834 485336 550887 283544 980604 1007522 1124599 1088988 432318 999999999 716025 455253 567020 995619 668872 911610 637572 412257 396076 616027 535145 1078571 746514 940522 962783 1300121 495372 709160 667830 677669 334206 582015 656658 951764 1166395 870809 1089313 845373 817653 1138895 782814 1089796 793114 980813 940242 420050 1195358 1181971 858132 398906 187839 618954 718363 875770 861690 83684 374136 993638 1111454 276299 755815 1212757 562763 1071115 645162 430551 864759 949620 1087866 681189 269024 404989 1314154 672903 688265 479329 972088 848491 645941 551911 979231 1027982 845669 872610 274864 338067 286860 747678 704842 1038592 96767 1078227 906951 1214249 478952 646946 1038390 1260081 701959 730671
725539 265825 714339 619685 602291 354534 477149 533106 285865 716025 999999999 268296 247812 690013 719772 687055 586068 674271 447757 778900 362041 588352 757215 590127 616941 711816 554393 255026 582575 556601 542105 422585 650221 275113 668783 915573 440174 358866 154131 492359 721881 430100 399750 313525 925891 298733 688678 573003 209579 321826 591392 498425 741118 162485 799574 640240 342928 869351 606564 471647 755000 604727 454968 384758 417377 676992 652942 591046 558879 152033 456215 716365 780433 410473 599274 614125 961848 919749 433883 184608 988980 490822 919500 844578 441365 677372 700668 240876 323209 483033 644105 791080 948177 694446 585294 125994 329547 678773 278859 805931
787991 61413 516159 362092 637367 558979 679649 673263 31157 455253 268296 999999999 151438 692590 561885 647516 447473 441503 212927 589725 212513 689270 619928 608006 634860 878513 359707 290522 459107 445316 292932 293763 504225 529991 778230 781067 643288 438198 363263 694441 609833 641199 419215 528995 814775 87889 804403 750095 406469 56448 323289 372556 597038 430769 696821 376179 84693 799493 717525 203710 622033 781926 307788 617229 330419 448638 603095 613707 682679 232924 189337 478433 915378 344110 480876 406696 851753 775902 342099 156098 873046 616428 774707 732095 182615 428298 442624 318615 317480 620646 377790 791956 817521 818285 380887 193202 583530 840244 294309 649860
636592 93689 466554 399641 486574 444025 558340 530798 182387 567020 247812 151438 999999999 545816 478741 509256 349057 432714 217578 531897 114616 539987 523813 458389 485481 739467 306647 145318 351572 330532 316169 183223 411922 521554 629169 685105 523605 290795 273357 572448 499285 525709 267842 422035 706453 237965 655905 616452 301986 195297 403970 263690 504905 394192 583013 483830 226971 673121 569171 292185 523326 647665 211370 516187 198465 433708 467046 463683 536734 129895 300739 476457 768876 204858 371010 366984 743280 685553 213056 248227 767706 472051 684941 623548 312495 445766 478304 180951 166065 478791 478270 646381 719662 670795 338042 124169 503899 700265 144825 566397
175696 631260 536054 725700 107923 522401 529467 355474 721966 995619 690013 692590 545816 999999999 420333 109634 371164 638655 608807 529328 496073 253922 372085 101203 76676 491593 506897 443688 337914 321053 661874 426062 381800 880833 289958 434443 524559 338425 573724 531620 297288 547982 293173 551162 381700 780479 315751 470731 536671 724132 807844 376820 386765 739813 293195 917558 753845 252646 281241 746081 359720 481313 436711 611410 370701 623618 144486 102967 313055 548933 780417 674639 422288 350986 321804 542962 403692 462085 363791 782924 436527 324333 464530 338242 813008 706754 765694 449382 387527 352413 899189 102014 444584 342943 531905 595358 685566 457705 425416 440699
594556 512460 127922 386251 467556 758952 825215 692238 579336 668872 719772 561885 478741 420333 999999999 311907 135753 260299 371213 109799 366798 621594 77680 423892 431480 877773 210959 494264 149886 182267 360196 297396 72384 983728 687193 223396 804080 516652 685892 833707 131144 820079 424373 764228 276582 634051 716301 814025 681987 559507 496520 222873 49623 844464 195552 606012 577785 329848 656273 492237 87605 835041 267423 853606 310875 242180 277638 435138 664291 574458 539703 282446 832367 328252 143678 195081 311242 214486 294614 708704 325184 637107 213121 204027 586086 336089 394314 532669 428572 661843 581171 467906 260901 742324 206232 594003 888220 839101 468354 88390
285306 586440 430442 635447 185323 575859 602565 438153 675072 911610 687055 647516 509256 109634 311907 999999999 276559 539483 535657 420381 439961 345351 262505 152342 144825 593274 417223 432525 244673 234455 577659 362761 278130 903564 393490 336186 592205 360132 589929 606841 187654 613812 290412 598007 295383 734555 420653 558382 561376 672019 724892 299976 277237 759739 191155 836164 699986 190358 376372 674245 250182 572583 365265 669297 317184 523663 47377 161347 399870 538137 712387 573296 530443 304886 225726 446608 322950 361263 306366 755203 355482 396702 363420 239489 748906 610004 669499 448971 367267 424770 816110 167387 351172 447674 438644 579566 733070 557642 410105 331446
533441 393279 188863 359085 388454 631773 705911 586757 468548 637572 586068 447473 349057 371164 135753 276559 999999999 268481 282184 220951 241331 529347 175171 343907 358749 783596 142243 358686 33520 60342 305605 165875 64293 848304 604275 336982 682311 390898 550420 715454 165667 696712 299541 634202 367498 526115 634205 706111 547855 454002 452568 87731 155935 708754 253399 564495 476417 371191 564777 417254 175711 729653 141165 725390 175172 254321 231069 354866 564306 439381 460649 306828 754078 193596 50942 171803 404436 336496 158986 587066 425627 528261 335890 285132 502928 335592 394614 397633 293740 550940 543121 443942 372385 658670 162101 460729 755633 743676 332853 219977
801788 415519 138633 137840 654677 832174 925956 832152 445819 412257 674271 441503 432714 638655 260299 539483 268481 999999999 230604 206544 329122 787612 337688 610438 626538 1037067 155547 521201 302000 324282 155948 312808 263742 949267 866799 459247 897155 608425 698012 937546 383320 906888 526777 822924 528076 486391 896839 945978 714654 414289 254150 295910 309856 826584 455660 356413 419871 589648 822985 292739 347903 972380 276343 918544 367895 18333 496168 621184 815878 559257 340908 45781 1017537 397335 316890 99217 559837 438344 358741 597263 567459 771039 435685 462203 389501 75813 134363 566110 477656 790289 329908 705447 495794 920335 120107 555886 925187 996541 500784 318440
742262 185292 307053 182702 585741 651698 759205 701037 221341 396076 447757 212927 217578 608807 371213 535657 282184 230604 999999999 382341 144442 683752 438835 546681 569919 912428 160373 337295 304848 304261 98624 186663 325976 721777 771044 594576 726455 459114 490843 772455 446741 731601 398996 634153 640697 269607 800208 801761 516920 194530 211966 235684 412959 604279 533957 314188 208543 653128 717131 138593 443621 831343 172169 729444 249248 236479 488309 555396 696237 347468 179019 270268 919640 276827 327419 196966 676941 584548 250830 369001 694131 639261 582897 560797 220784 230352 260737 380731 317284 652444 299821 697953 632018 819703 173580 334960 721342 871947 323771 456139
703976 548101 76424 343975 577046 852716 925241 798021 602174 616027 778900 589725 531897 529328 109799 420381 220951 206544 382341 999999999 417281 730076 166874 533218 541201 986300 231200 571614 244548 277152 342602 361216 168474 1049460 796722 255430 902469 611709 762774 934364 235426 917288 520058 854605 330261 651947 825900 919234 764652 576841 459958 299138 145345 914235 282953 562862 589927 415117 764921 482224 179494 941070 325792 946216 389583 188928 387247 544474 771440 640842 531116 212164 942146 411658 244258 185623 359378 232500 374473 743204 363954 741695 229721 275212 579504 278197 330613 612888 510377 765729 536200 572598 291085 851849 209300 653269 974182 947392 546576 121427
613720 154370 352439 321038 457699 513211 617267 556986 237647 535145 362041 212513 114616 496073 366798 439961 241331 329122 144442 417281 999999999 543668 416372 422047 447240 768437 193588 197719 248952 233191 236565 81267 302267 634720 631876 578248 585305 314695 368921 630225 399499 591716 258138 499155 605878 297108 660616 657384 386811 232103 354850 161149 395812 504120 485774 451953 260129 587029 576354 263361 417017 686913 100401 594964 125435 327854 394319 429608 553364 232111 289868 374219 779058 146826 270108 255501 642878 576588 134000 345825 665555 495326 575778 522893 318226 353311 394102 242358 172851 508116 440164 591939 613713 679180 226462 237104 596449 728024 181514 454951
159118 633667 716194 840156 160663 314978 287159 107536 720420 1078571 588352 689270 539987 253922 621594 345351 529347 787612 683752 730076 543668 999999999 592630 200402 200935 256225 635951 399421 497765 469293 762333 502544 564749 711563 89263 681419 290579 251957 441828 286535 518552 315778 285531 354584 634436 771846 117095 216885 390602 735266 895653 492902 600146 583910 536476 995550 766937 506170 35459 806307 581566 227988 529684 389384 438669 776229 357781 189516 61720 482812 828140 830015 235937 409236 490928 688511 657428 706532 441728 730338 690287 105773 708640 584662 848234 843620 897879 378835 379389 126627 983043 311527 694870 136050 668891 533986 478263 217588 395311 663722
547781 567280 203060 463733 433823 760973 816672 672080 639486 746514 757215 619928 523813 372085 77680 262505 175171 337688 438835 166874 416372 592630 999999999 392271 395264 847069 280390 519416 174641 201984 435106 340616 115741 1013989 651136 161885 798548 519858 708521 823944 75282 816375 428663 770841 202619 695824 679354 794540 698656 622218 573309 260516 28180 872203 119445 683196 642365 253828 626227 564444 12773 813232 316035 856505 340560 319506 236742 403252 640203 608027 611209 358280 791898 352152 158985 271233 238399 162555 323961 761893 255516 620584 162286 126901 656749 413501 471457 554141 450707 646761 658516 407302 197735 706020 280098 632837 899313 809617 493213 71106
196615 547216 525387 681404 44639 429931 450430 286882 638154 940522 590127 608006 458389 101203 423892 152342 343907 610438 546681 533218 422047 200402 392271 999999999 27500 455224 466419 347156 310818 286209 610712 360168 371178 780267 263758 486467 440990 237222 472529 454544 318160 463111 196955 455853 447619 695605 293212 408171 435929 643531 753169 326485 400325 638878 340688 860049 674098 333685 234011 680592 381169 424115 377835 521585 299427 597239 157910 11261 250567 451311 711140 650294 411485 275273 300362 511702 474473 509819 296024 689405 507158 244387 511739 390229 740159 672924 730086 350029 295442 272488 843759 201006 503005 318833 495925 498850 590910 417431 330558 463350
176415 573983 537032 701221 40498 448207 462456 294062 664931 962783 616941 634860 485481 76676 431480 144825 358749 626538 569919 541201 447240 200935 395264 27500 999999999 452266 484943 374614 325368 302441 631867 383738 382075 804210 256344 480991 454956 262739 497789 465765 320354 477699 224451 475758 437770 722518 285094 413679 460131 669913 775206 346635 405145 663369 335721 882721 700380 318439 232840 704604 383746 427781 400049 538579 323832 612881 158643 26447 255093 478659 735835 665572 401100 300416 313411 528258 463164 505690 319734 716902 495989 256083 507770 384311 765457 690428 748076 377088 322839 284329 866020 174536 495665 311416 513520 526288 610495 415502 358058 466077
336450 830127 971347 1079033 413259 362129 251700 211464 908772 1300121 711816 878513 739467 491593 877773 593274 783596 1037067 912428 986300 768437 256225 847069 455224 452266 999999999 883211 594262 752573 723314 998083 740135 820725 741106 201960 925975 283900 454841 558264 238597 772429 302894 517413 407153 870973 952656 178729 139810 503098 930355 1123197 741165 855547 647453 783368 1216443 961481 733989 221533 1024088 835731 109507 770846 377938 677605 1026609 610833 444116 221215 650336 1038995 1080441 128665 647484 746535 938510 889788 953114 683269 882376 922178 273168 955460 829582 1051710 1089337 1141513 560658 596160 261589 1206907 518721 935763 152115 917344 698232 477529 40716 598823 918043
661347 316901 161001 218918 509801 679944 771249 677215 373978 495372 554393 359707 306647 506897 210959 417223 142243 155547 160373 231200 193588 635951 280390 466419 484943 883211 999999999 373479 172699 185845 163937 159946 171286 828006 717155 434355 742976 453202 557385 782661 296844 753359 371276 672896 482941 426437 747169 790510 568887 351365 310481 143090 253830 697568 381988 422456 367991 507584 671168 284671 286077 817047 122457 768070 212529 148008 370867 476739 662011 424764 330952 200645 868140 241837 192895 64043 518783 424214 203195 512221 534896 615925 422588 404636 376365 207918 263890 417904 324960 634899 400897 584437 471849 769959 36402 430312 780417 842602 351422 295881
508570 237436 518952 517817 367285 315534 422182 385517 321602 709160 255026 290522 145318 443688 494264 432525 358686 521201 337295 571614 197719 399421 519416 347156 374614 594262 373479 999999999 347475 317800 433054 215444 422067 495199 488112 672563 389172 147753 191811 435633 475692 394554 150581 302238 675853 372430 514003 472832 195700 338887 539477 273520 507115 352808 549274 625607 370452 614408 427113 433015 515423 503732 253282 398047 183607 517685 397916 350043 392516 106107 445071 566874 625088 167448 360665 437520 711220 680294 199700 344118 739403 327098 680446 595947 457806 550500 591779 44971 70100 333473 618295 545673 703283 527770 409366 151764 407282 554984 26204 575517
499938 402904 218854 390799 355405 610217 680694 557475 481674 667830 582575 459107 351572 337914 149886 244673 33520 302000 304848 244548 248952 497765 174641 310818 325368 752573 172699 347475 999999999 32797 334743 169597 78253 840608 571814 334235 658061 368275 538326 689860 150763 673185 276204 614588 356954 540065 601706 677523 532641 469378 481999 88318 159922 699635 237802 593755 493142 349071 533156 441697 172736 700527 151416 704525 166281 287821 198687 321819 533932 433579 483852 340254 721381 180209 22683 205146 393948 337178 149683 594086 417043 499649 336927 273951 524862 368870 427783 384398 280260 522889 572887 412011 368270 626330 194563 458322 738352 712797 321346 228069
478243 387530 249065 404692 330549 577444 648145 526586 469228 677669 556601 445316 330532 321053 182267 234455 60342 324282 304261 277152 233191 469293 201984 286209 302441 723314 185845 317800 32797 999999999 343506 152143 110976 812026 544988 358984 625363 335479 507950 657390 168755 640422 243409 582008 375925 528222 574963 646197 501126 459262 490613 73378 189476 670446 253320 601749 484354 356102 504737 442521 198803 669540 140699 671793 139233 311042 187309 297011 503964 406528 482811 364203 695118 150365 43001 225817 412768 363918 122719 575734 437301 468319 363861 293021 522025 388352 446502 353756 249775 491257 581905 400569 391976 599214 211872 433307 706191 683368 291610 258600
807319 276774 266626 84804 652143 748302 853809 787361 293723 334206 542105 292932 316169 661874 360196 577659 305605 155948 98624 342602 236565 762333 435106 610712 631867 998083 163937 433054 334743 343506 999999999 259817 332677 814534 847867 579395 821676 548208 589463 866789 459294 827598 481173 731797 636704 331297 877488 891795 615223 260570 147306 285907 407351 700423 542871 259018 264356 670599 796561 140016 442408 920746 234415 827257 323664 167410 530700 620268 779445 446043 188909 187502 997959 353198 355758 165886 671422 564025 321337 446820 684401 725356 561860 561596 237524 136105 162138 477069 407313 740199 238450 744074 616980 898286 155261 432337 819965 957429 417986 436784
555599 235445 304407 339064 399082 520104 613480 530476 318573 582015 422585 293763 183223 426062 297396 362761 165875 312808 186663 361216 81267 502544 340616 360168 383738 740135 159946 215444 169597 152143 259817 999999999 229112 689439 588407 502051 584380 297503 403647 625282 319424 594130 222748 513079 526304 377923 617935 639214 411124 311293 395880 81279 321786 553081 405170 500654 338176 505876 536744 321087 340307 667021 37921 608162 63946 307079 316395 368787 520453 280021 354356 358507 738259 93397 190094 223629 563272 502353 64177 424585 586634 468514 501761 443271 387838 353427 402640 259237 165138 485115 485425 518985 536853 638529 196296 296695 622673 699426 192371 384291
551829 451962 155219 373652 415638 688408 757545 629940 523762 656658 650221 504225 411922 381800 72384 278130 64293 263742 325976 168474 302267 564749 115741 371178 382075 820725 171286 422067 78253 110976 332677 229112 999999999 912526 634743 277049 735464 446359 613617 766450 126810 750889 354199 692804 315125 580221 664323 750928 609637 506804 476374 152010 93578 772776 210741 587989 527424 338299 599880 455588 118675 773038 201907 782766 238866 247152 237388 382411 604242 503671 501215 295515 782468 255874 75785 177935 351636 274322 222522 647091 370477 573300 273529 234824 545650 336837 396528 460303 356196 597260 564837 442492 313314 689715 178752 524772 816153 781429 396115 155730
867717 537813 987007 889737 779121 402724 490601 623623 540786 951764 275113 529991 521554 880833 983728 903564 848304 949267 721777 1049460 634720 711563 1013989 780267 804210 741106 828006 495199 840608 812026 814534 689439 912526 999999999 772585 1167713 462272 545480 314280 502907 970548 440319 615479 359177 1167943 535321 783417 607588 344425 578027 850236 760859 1000521 144316 1041672 883181 592771 1092905 717065 732117 1010345 633790 723833 363194 674492 952099 877194 777866 663232 409625 709019 991115 843292 661906 855016 888499 1202532 1175354 691052 400772 1231701 605818 1175455 1089452 684728 950381 970721 464505 564890 586513 891533 975568 1198115 779569 859581 397697 263881 719431 521342 1067716
140761 722839 788431 924556 219682 370185 313713 149003 809371 1166395 668783 778230 629169 289958 687193 393490 604275 866799 771044 796722 631876 89263 651136 263758 256344 201960 717155 488112 571814 544988 847867 588407 634743 772585 999999999 724396 327073 340436 519042 308784 576002 352465 373840 413441 669069 860445 30041 215469 465912 824460 982766 574168 661478 651605 582508 1083534 856132 532814 62598 894821 639438 213631 614257 431146 524461 854697 414414 252500 111727 569242 917125 908293 150989 495402 562917 767584 688250 751911 526630 816036 720732 178154 754314 628169 937460 925073 980261 466224 468570 189991 1070640 320526 733833 55132 749194 620321 526636 170131 484443 721706
601447 728978 321357 594515 521487 890769 932360 773340 799989 870809 915573 781067 685105 434443 223396 336186 336982 459247 594576 255430 578248 681419 161885 486467 480991 925975 434355 672563 334235 358984 579395 502051 277049 1167713 724396 999999999 918546 655099 858312 937828 197840 938496 567349 905600 86955 855694 749885 894245 843792 781572 708900 421466 184057 1024724 145805 814973 800618 219612 711919 714209 161780 908767 477919 986211 498196 441120 331827 496220 735906 765148 762085 467594 851764 506918 316454 413574 107187 34429 481700 923766 108530 728755 37958 96767 808871 532742 586011 704498 602830 756379 788833 431434 37646 777090 428018 792116 1037545 891593 646466 142866
447445 604690 866789 906298 417564 86454 37193 184831 671393 1089313 440174 643288 523605 524559 804080 592205 682311 897155 726455 902469 585305 290579 798548 440990 454956 283900 742976 389172 658061 625363 821676 584380 735464 462272 327073 918546 999999999 292693 291925 52426 732094 25513 382828 127189 887244 707049 331564 146151 240359 698623 926503 614857 797579 363577 773910 1006614 727981 773391 282424 815715 789860 174509 620924 104724 531458 890906 587433 433278 230751 410631 820863 942811 381050 503445 660683 805317 915109 938072 542853 619250 947682 200321 939503 824519 824467 934444 978694 346322 420200 172456 1001803 597645 938847 323224 779324 451879 203495 258410 403795 867136
370445 384061 574169 631168 244239 242361 318888 243618 469301 845373 358866 438198 290795 338425 516652 360132 390898 608425 459114 611709 314695 251957 519858 237222 262739 454841 453202 147753 368275 335479 548208 297503 446359 545480 340436 655099 292693 999999999 235358 329827 459957 306038 92285 251285 639318 520010 366251 343610 201631 485737 668847 322234 515252 402825 516589 761709 517378 550430 279362 569542 512595 372602 332513 337385 240699 601141 338682 236340 246073 234639 586248 653784 478087 211833 373057 514532 671598 669970 251110 482448 702611 182935 670900 566808 602324 650829 698804 128903 141856 193641 752072 437040 680429 380260 489332 285608 382466 414720 146407 585570
586312 335476 708050 672986 476886 205473 329118 380213 388914 817653 154131 363263 273357 573724 685892 589929 550420 698012 490843 762774 368921 441828 708521 472529 497789 558264 557385 191811 538326 507950 589463 403647 613617 314280 519042 858312 291925 235358 999999999 344345 660524 285056 301200 168975 854921 418892 537642 419985 55448 419678 669860 465272 697418 170040 728997 737117 446951 778851 457430 552635 703852 451882 440892 254008 375410 696660 562927 471350 408071 143785 549271 742980 626764 358141 550520 621073 889161 867951 391454 327604 918700 340954 868287 777399 545828 717456 751573 154380 258176 331107 736057 671675 887547 542211 592300 170724 230545 524823 217567 766348
437872 654867 901746 951203 426815 138872 15241 179111 722758 1138895 492359 694441 572448 531620 833707 606841 715454 937546 772455 934364 630225 286535 823944 454544 465765 238597 782661 435633 689860 657390 866789 625282 766450 502907 308784 937828 52426 329827 344345 999999999 755496 65343 417281 179020 902163 758998 308745 106909 292597 749576 974362 651417 824553 411182 792374 1056000 779123 783169 272207 864629 814736 130988 661235 139842 570337 930664 606001 445945 224875 461594 870783 983052 344002 541648 691069 844301 928633 958792 580936 671670 961399 210161 960389 842674 875222 977068 1022515 393679 462511 182073 1050703 597771 956443 296701 818886 503538 240057 217033 448905 893444
472948 553611 257685 499450 359189 698617 748774 600144 632146 782814 721881 609833 499285 297288 131144 187654 165667 383320 446741 235426 399499 518552 75282 318160 320354 772429 296844 475692 150763 168755 459294 319424 126810 970548 576002 197840 732094 459957 660524 755496 999999999 750753 370775 711150 207190 690305 604151 722555 646187 618940 603169 238415 90389 827289 87756 714738 641852 211489 551890 579612 63436 740531 302066 794254 305762 365799 161724 329044 567187 570517 624235 409966 716629 311605 129406 303526 244072 210127 289621 743914 268681 550066 210982 124267 667465 458203 517529 506848 405751 576695 691455 337511 227597 630848 305549 600116 841880 735195 449697 145741
472861 604586 880002 912345 440706 82348 51293 210274 668762 1089796 430100 641199 525709 547982 820079 613812 696712 906888 731601 917288 591716 315778 816375 463111 477699 302894 753359 394554 673185 640422 827598 594130 750889 440319 352465 938496 25513 306038 285056 65343 750753 999999999 397237 116863 908531 702640 356645 167269 235652 696918 929410 627441 814758 345866 794223 1007434 725832 796042 307915 817339 807900 194146 631039 80090 542736 901091 607910 455631 256137 409380 820970 952615 403587 515234 676491 816109 936762 957530 554627 611051 969266 224104 958903 844890 823067 942448 985666 350878 429293 196477 1003319 622137 959320 347876 789751 448764 179759 279244 410497 884535
368781 359969 484538 561639 220146 334637 407192 307914 450044 793114 399750 419215 267842 293173 424373 290412 299541 526777 398996 520058 258138 285531 428663 196955 224451 517413 371276 150581 276204 243409 481173 222748 354199 615479 373840 567349 382828 92285 301200 417281 370775 397237 999999999 342231 556520 505682 402492 419246 278492 459790 610952 234867 423381 471229 431861 710037 491170 478036 318377 520988 421744 446047 254396 429562 160846 518263 261741 200407 298290 255831 544162 571571 521055 130726 280772 430647 589962 580881 168234 492595 620193 246047 581678 481432 566748 574082 624865 159410 101814 263826 697752 395130 594012 421139 406798 302334 471308 476710 133692 493732
512706 495750 810137 816516 444122 45843 163860 264541 555759 980813 313525 528995 422035 551162 764228 598007 634202 822924 634153 854605 499155 354584 770841 455853 475758 407153 672896 302238 614588 582008 731797 513079 692804 359177 413441 905600 127189 251285 168975 179020 711150 116863 342231 999999999 886038 587631 424938 267442 122731 585125 825555 557507 765451 244012 765397 899171 613352 786874 358189 711060 763749 297882 550869 95829 468666 818810 583248 450753 304247 299774 711799 868662 493618 443932 621390 736700 917053 921061 482427 494197 948713 249570 922032 815923 711464 852418 892252 257276 349187 228364 896382 637666 930051 422537 709145 335845 135207 378223 322158 835812
539775 759566 389486 660046 477824 867160 897948 731765 836043 940242 925891 814775 706453 381700 276582 295383 367498 528076 640697 330261 605878 634436 202619 447619 437770 870973 482941 675853 356954 375925 636704 526304 315125 1167943 669069 86955 887244 639318 854921 902163 207190 908531 556520 886038 999999999 893467 692956 850325 835010 820844 772191 445113 229765 1023855 126580 880621 842203 143727 662811 767050 197104 862372 507291 961660 511909 509757 302951 456317 691734 773997 813818 540898 789139 515626 336223 471614 37005 121007 495986 950886 63779 692003 124597 83033 859254 603047 658386 703545 605793 720106 855192 363047 72467 720050 482173 805581 1020076 838377 650290 210438
874283 149260 576574 386762 724491 621281 743952 750531 59560 420050 298733 87889 237965 780479 634051 734555 526115 486391 269607 651947 297108 771846 695824 695605 722518 952656 426437 372430 540065 528222 331297 377923 580221 535321 860445 855694 707049 520010 418892 758998 690305 702640 505682 587631 893467 999999999 886035 821234 467083 75193 321904 454990 671839 456252 777766 348273 67648 883655 799172 211573 698759 853286 388813 671098 417372 496126 689816 701191 762424 302429 178159 518529 995054 431748 562209 466517 930344 848534 428599 135063 950490 695264 847134 811245 149424 460444 463747 396654 403868 697750 356230 879809 892610 898979 442984 256220 626551 915162 378443 721067
158389 749518 818153 954354 248976 380721 315040 161253 835521 1195358 688678 804403 655905 315751 716301 420653 634205 896839 800208 825900 660616 117095 679354 293212 285094 178729 747169 514003 601706 574963 877488 617935 664323 783417 30041 749885 331564 366251 537642 308745 604151 356645 402492 424938 692956 886035 999999999 209986 483816 851192 1012005 604171 690076 665532 608805 1112416 882864 555335 86889 923368 667576 203754 644004 436231 553992 884729 442734 281962 129799 592954 945195 938319 120998 524848 592682 797624 711270 777822 556315 838993 743602 198154 780277 653915 964995 955087 1010235 490822 496305 206755 1099701 340349 758507 27205 779230 643905 533439 150152 511091 749785
352643 704647 894880 974752 373242 222327 117556 122461 779797 1181971 573003 750095 616452 470731 814025 558382 706111 945978 801761 919234 657384 216885 794540 408171 413679 139810 790510 472832 677523 646197 891795 639214 750928 607588 215469 894245 146151 343610 419985 106909 722555 167269 419246 267442 850325 821234 209986 999999999 365146 803332 1009754 652246 798728 508781 748601 1098390 834005 723054 193032 905754 784280 32143 672722 245676 579378 937211 565412 398162 158667 519046 917184 990653 237198 549453 675215 849355 873956 917982 587455 745750 906829 177883 919909 797719 926729 992387 1041632 435662 484802 155993 1090606 523948 909335 194509 825941 565432 346044 112259 480835 865353
538281 373224 714082 699620 436386 154251 277445 325518 433533 858132 209579 406469 301986 536671 681987 561376 547855 714654 516920 764652 386811 390602 698656 435929 460131 503098 568887 195700 532641 501126 615223 411124 609637 344425 465912 843792 240359 201631 55448 292597 646187 235652 278492 122731 835010 467083 483816 365146 999999999 462518 704323 465534 689615 203473 710223 776593 490934 751488 404739 589047 693078 397119 448977 214603 375071 711930 537827 433738 354554 177338 589134 760126 571555 354266 542828 632924 868350 855487 390329 381204 898671 288184 856047 759574 588844 739355 776691 152291 254436 277080 774075 632496 871511 487761 604610 213477 211594 469461 219236 759414
827873 101696 501568 322153 675080 614639 734848 723669 37246 398906 321826 56448 195297 724132 559507 672019 454002 414289 194530 576841 232103 735266 622218 643531 669913 930355 351365 338887 469378 459262 260570 311293 506804 578027 824460 781572 698623 485737 419678 749576 618940 696918 459790 585125 820844 75193 851192 803332 462518 999999999 272347 385884 597905 483997 706596 320225 31674 815330 764438 154316 625454 835047 318872 673622 355927 423327 626420 649892 731336 288005 134403 448051 963760 373256 491742 391488 857644 773953 365765 189060 877264 665902 772514 738932 126341 392826 401331 369729 358976 671249 322608 821858 818598 865931 367815 249460 639659 891742 340100 646298
949626 335263 388168 116340 793599 847919 960579 911733 309545 187839 591392 323289 403970 807844 496520 724892 452568 254150 211966 459958 354850 895653 573309 753169 775206 1123197 310481 539477 481999 490613 147306 395880 476374 850236 982766 708900 926503 668847 669860 974362 603169 929410 610952 825555 772191 321904 1012005 1009754 704323 272347 999999999 431128 545194 753867 684916 111991 258696 814652 929087 119785 581607 1039851 375334 918926 459468 271250 677880 762377 907919 527731 143751 262705 1131563 487806 502901 302265 805737 690070 459470 455280 816093 850142 687569 700204 180737 191206 164275 580690 527132 862477 91382 891138 746040 1031631 297622 501502 897806 1082824 529174 566333
522711 315435 253153 354923 369056 558589 640870 536810 396094 618954 498425 372556 263690 376820 222873 299976 87731 295910 235684 299138 161149 492902 260516 326485 346635 741165 143090 273520 88318 73378 285907 81279 152010 760859 574168 421466 614857 322234 465272 651417 238415 627441 234867 557507 445113 454990 604171 652246 465534 385884 431128 999999999 242936 621791 324650 540763 411057 429467 528146 374269 259689 677882 67574 650511 90475 285836 252637 336447 519970 351725 412891 339594 725157 113594 109010 197698 482093 422785 75427 505815 505356 476079 422324 362085 450827 350955 406266 313971 211250 496266 522433 462974 455980 626883 176281 373235 675180 700632 248074 307708
562217 545341 176125 435554 442842 757220 816825 676373 615963 718363 741118 597038 504905 386765 49623 277237 155935 309856 412959 145345 395812 600146 28180 400325 405145 855547 253830 507115 159922 189476 407351 321786 93578 1000521 661478 184057 797579 515252 697418 824553 90389 814758 423381 765451 229765 671839 690076 798728 689615 597905 545194 242936 999999999 859504 146363 655030 617505 280786 634211 537390 38154 818310 295429 852538 326094 291710 247704 411449 645933 593048 584355 331193 804099 339682 146993 243189 265193 180823 309512 740635 281197 623433 180103 155013 630139 385659 443774 543182 439247 649115 630338 427253 220783 716521 252502 616136 892455 817598 480946 70361
736723 425983 854373 779614 639843 289821 397048 504282 447744 875770 162485 430769 394192 739813 844464 759739 708754 826584 604279 914235 504120 583910 872203 638878 663369 647453 697568 352808 699635 670446 700423 553081 772776 144316 651605 1024724 363577 402825 170040 411182 827289 345866 471229 244012 1023855 456252 665532 508781 203473 483997 753867 621791 859504 999999999 897663 801245 504217 948849 593193 634111 868221 537991 588601 279599 534054 827881 732963 636949 540311 273683 618302 869858 737625 520098 713370 759550 1058357 1033028 550523 330807 1087623 478581 1033208 945624 601823 834613 860424 320690 422047 462196 805830 835965 1054761 664898 730512 270722 197130 620618 379009 927360
464827 640085 322386 578217 376189 748669 787093 627570 719465 861690 799574 696821 583013 293195 195552 191155 253399 455660 533957 282953 485774 536476 119445 340688 335721 783368 381988 549274 237802 253320 542871 405170 210741 1041672 582508 145805 773910 516589 728997 792374 87756 794223 431861 765397 126580 777766 608805 748601 710223 706596 684916 324650 146363 897663 999999999 795907 729598 134439 567485 665864 108227 763447 389217 843818 386905 437611 186551 350492 590381 647624 710938 477535 714356 389568 215948 383165 162274 170124 371222 829021 190178 583081 172320 50732 754558 531384 589814 577198 479214 610764 771946 305975 165269 635973 388005 679800 898583 748260 523712 168362
1056065 403429 493616 220691 899647 925220 1041761 1005326 354851 83684 640240 376179 483830 917558 606012 836164 564495 356413 314188 562862 451953 995550 683196 860049 882721 1216443 422456 625607 593755 601749 259018 500654 587989 883181 1083534 814973 1006614 761709 737117 1056000 714738 1007434 710037 899171 880621 348273 1112416 1098390 776593 320225 111991 540763 655030 801245 795907 999999999 297317 926179 1028307 192657 691810 1129145 482780 990097 563435 374288 789057 868978 1004372 599407 187848 356985 1231011 590837 614758 412816 913608 794710 564739 482409 922798 944347 792072 809987 199677 286386 243990 664331 621259 954910 27843 1002069 851784 1131131 409267 566423 959696 1176411 618288 673061
