NAME : synthetic_000128
TYPE : CTSP-D
DIMENSION : 100
GROUPS : 8
RELAXATION_LEVEL : 1
EDGE_WEIGHT_TYPE : EXPLICIT
EDGE_WEIGHT_FORMAT : FULL_MATRIX
EDGE_WEIGHT_SECTION
999999999 331909 1127735 832674 1081625 984538 1116340 293659 861488 754407 774277 965835 107953 705524 1126848 562731 741548 285923 550629 547223 690458 803874 378326 556258 626097 348434 594929 535205 634789 330921 294199 548808 887236 480774 1050235 534651 1195445 924827 477583 633886 967415 984594 700697 837273 230610 317899 641937 778036 124776 324781 334570 544960 219509 517956 461320 998711 472301 355601 159823 804309 344926 944537 207318 762114 698328 295730 684174 316661 306601 1004139 915433 920163 768006 494865 382646 394891 708649 409721 776195 175183 750320 506746 382258 899442 343457 472610 867562 991563 922159 329970 639233 609147 678563 254347 399660 553114 387682 645765 880596 792787
331909 999999999 1266320 891075 1238526 1022724 1236642 526667 861577 869854 930106 959109 384693 840220 1247171 861849 650582 596246 856638 801465 843765 749750 154065 824326 566333 71420 900743 812321 921888 446559 97035 857397 993152 528295 1104941 389175 1326275 935774 516322 953196 1111262 1060982 564373 959407 212280 410807 768551 738975 270731 541460 161920 518664 381178 405132 471706 1068301 707791 314016 188608 947741 212264 870681 141599 1020711 902769 353062 834072 629435 539496 868262 941765 957137 707945 801760 650741 314235 650413 354325 664311 221950 970360 544984 643277 1085928 666506 652262 812025 1104119 917792 640428 727187 816189 993466 323233 373567 425113 230139 575282 891692 1026763
1127735 1266320 999999999 425509 81498 395649 73853 837310 550728 396665 353513 535169 1020103 429711 71839 789870 811967 936300 825913 657237 437799 707365 1146846 684525 795442 1211782 816015 720522 716906 831734 1169297 839826 282784 741356 323324 984324 71562 496405 754777 904672 160335 280975 920920 307096 1062333 862954 500019 681251 1063963 803987 1114027 789063 928491 939703 804253 294135 683004 956835 1229562 324951 1064900 731728 1249902 562900 460278 917153 444884 930518 825275 914203 457477 426051 733494 844397 793009 970193 752845 928509 851831 1077986 450736 728751 783471 273762 967757 655129 693209 177933 540153 917090 541818 538326 869276 953509 901484 948645 1066180 805774 513812 464812
832674 891075 425509 999999999 435340 154973 373495 581623 151964 157227 265824 206373 734024 215857 383070 723710 387992 735356 754595 550649 263433 290674 755708 596735 373608 828898 768333 626656 689528 503302 795681 767842 154905 369631 219162 568768 468201 146326 379078 871565 312662 171437 495464 179293 705455 523514 230991 259920 738802 545488 730953 381728 613948 527229 419771 177236 509147 577476 895828 233931 680323 355580 904657 612442 403820 566141 256928 744844 573963 534973 110449 97662 311522 743772 605488 579646 327360 538266 430591 735086 464262 348974 589275 406744 798969 410197 292918 247594 178986 736183 195716 412779 860594 608306 517523 531307 672940 381979 127635 528241
1081625 1238526 81498 435340 999999999 433861 142543 788869 572852 376405 311321 571480 973681 398376 144704 717671 822894 877386 753655 592451 398012 724503 1125641 616726 794434 1186997 741796 652510 642429 797491 1141798 767435 282547 720103 372767 976485 146263 526697 734291 828378 131087 314398 927587 289591 1031092 830530 470150 695132 1024919 756854 1090180 779023 889236 930345 785292 332011 626323 933603 1190670 290800 1042079 763638 1213657 485246 398653 886512 406626 869595 776380 947242 485346 453601 746852 774752 735057 950617 759939 909381 865916 1042935 380385 710145 726712 202347 904084 610733 717394 196843 570610 855748 523308 481387 791641 920795 880587 942370 1046542 807003 537793 388589
984538 1022724 395649 154973 433861 999999999 327345 736596 179671 290661 375693 139534 887313 354017 334223 862373 452506 889301 894709 691318 398494 337097 880793 735743 475403 957606 904840 767493 820441 654037 929275 908306 212928 513514 91328 675303 415859 108914 521198 1007473 340060 119928 568262 269464 846535 671980 381871 321788 887114 700458 861039 504808 765236 639147 556674 102210 658198 712360 1040902 335103 810507 337046 1046785 723761 526090 711188 394451 897960 728911 518722 83663 66036 371758 888029 757518 708600 408632 668451 482631 879661 574712 490653 741662 475133 951254 563972 308193 240077 149758 888914 350378 550685 991939 754092 651674 636128 798175 476919 142119 631026
1116340 1236642 73853 373495 142543 327345 999999999 830039 489188 369376 348499 466694 1009529 411395 10610 814352 755328 940657 850291 671440 427388 647578 1111924 702764 746759 1179659 844007 738774 745969 810083 1139687 864362 243804 708813 251313 939569 94714 430966 721466 936489 162671 217213 866461 281425 1036527 839366 478544 623549 1045582 795556 1081457 747066 911038 896288 769265 227488 686550 924466 1210369 313503 1031659 664339 1228063 599748 473291 891564 432763 937489 818591 845913 393670 362797 675789 864334 797104 934683 698947 892852 793126 1055667 475815 694099 786182 305561 978229 645296 629641 132838 474308 924685 509459 544127 904324 929620 867456 902904 1030276 755473 451564 499661
293659 526667 837310 581623 788869 736596 830039 999999999 645896 478262 484074 746947 185960 423550 840423 355518 613063 174381 360789 275102 402652 635487 481419 298408 493941 503034 401425 289681 401953 164773 443984 366088 610044 297188 790782 504949 906020 696975 303506 478686 677299 716948 619491 555447 323541 191152 366973 600983 263584 36303 431194 406084 149722 465720 321192 733766 185684 330584 420471 516587 404082 776781 454212 494749 405554 232028 397599 197596 13489 882851 678377 676325 609360 312802 131157 375912 558046 359027 660240 304828 461413 322376 119815 605891 257471 185479 692868 709394 704746 196803 386990 316103 505303 230820 328476 501886 436211 518304 655868 509720
861488 861577 550728 151964 572852 179671 489188 645896 999999999 299458 414035 104347 772635 349874 497466 842021 273165 812695 870418 668886 397734 159533 715012 716476 301922 794198 888977 743223 817369 533312 770931 882974 301463 380718 270917 500788 582038 75864 384541 991936 457134 272032 388673 331242 699114 543610 342212 142126 753817 611521 699782 344346 643565 467557 409866 264513 611815 558499 898331 384704 649927 203673 898808 754894 543239 573576 389120 827370 640909 383521 98321 127174 192334 852738 695811 548311 230103 510159 305755 737977 608760 354898 678398 558664 884841 497397 144744 377447 60674 820867 274357 538197 986273 617095 498237 461319 633333 300752 38320 674922
754407 869854 396665 157227 376405 290661 369376 478262 299458 999999999 117846 363599 649450 63617 379983 572147 482741 614273 604198 400669 108336 409168 751082 445334 430253 815153 615365 476854 533888 441074 772820 617750 132858 345210 322352 602704 456839 303549 358976 718337 245672 241426 574218 89578 667537 469994 112552 371889 677589 442301 717487 404705 544047 555757 409383 260512 372134 560335 841755 100764 668548 500204 858751 456414 246672 522438 103793 619040 468316 672526 266392 247993 417767 597644 476369 575106 413166 533655 532186 686341 309393 334037 461738 282670 669359 294305 428161 239316 334970 608721 146930 260272 705292 560251 505667 569986 671131 446281 281899 375603
774277 930106 353513 265824 311321 375693 348499 484074 414035 117846 999999999 469145 666602 98948 358650 500162 597375 593177 534553 338521 86809 526881 823465 377331 536694 880988 538660 411997 449075 486754 833798 548581 171294 422495 383322 697115 421946 409568 437551 639486 193286 294485 684404 108205 721138 520461 167576 489372 713792 450524 785422 500493 578093 648939 489858 317686 339509 630464 879566 43393 738627 616340 902341 349855 152667 577232 96047 591552 472195 790052 369319 346082 534529 537659 449880 651831 526948 611696 647626 731763 200574 417142 438348 173146 635170 301726 545606 239502 444665 579274 240374 201293 619727 610396 580830 667001 746782 554520 393271 262534
965835 959109 535169 206373 571480 139534 466694 746947 104347 363599 469145 999999999 876699 421351 473394 925709 343497 911682 955556 752207 469227 226148 810448 799061 394475 890757 971349 827680 894758 637468 869944 968509 327283 485065 222083 589510 554173 60053 488824 1074613 470519 257191 459231 372371 801500 647956 426623 224016 857907 712136 797754 444771 747845 559947 513212 241338 702277 659750 1001270 433705 748399 198401 1000712 817855 610133 677543 462201 925138 741476 379236 100285 127584 266311 941292 790969 647368 315315 610201 364427 841260 669109 459230 773853 593571 981852 592404 182223 375708 43688 918049 368214 616697 1065413 721053 599858 550002 729694 389620 92084 731395
107953 384693 1020103 734024 973681 887313 1009529 185960 772635 649450 666602 876699 999999999 599257 1020013 480053 677502 211742 472815 446108 583112 728322 388860 459119 558555 381741 517093 441125 545817 239456 322041 473095 782298 394219 950080 498677 1088007 832911 393376 569026 859807 882157 651417 731231 222397 234880 536898 699564 118484 216830 339361 473085 132083 473266 385766 896996 366874 310667 244348 697060 333565 870611 284682 663658 591199 229339 577029 245090 199024 945672 820908 823808 694953 417600 283316 355505 637129 359789 716754 177557 644761 420866 280765 791851 286261 365066 790792 885601 833193 255781 539108 501864 608773 195542 341904 510122 374841 580153 789299 689320
705524 840220 429711 215857 398376 354017 411395 423550 349874 63617 98948 421351 599257 999999999 421956 509528 505984 553792 541269 337524 48077 444232 728926 382591 439624 788815 553301 413727 473683 402036 743447 554756 187650 325502 385105 598187 494082 361508 340339 656424 271697 302545 588751 132127 633707 433655 71823 405425 635137 388072 692318 401571 500099 550046 392430 322450 309239 536255 800457 107598 644692 546137 820204 406082 193711 488754 41133 557536 412977 713024 326153 309516 447522 534105 414597 555707 434828 515144 557248 648284 263163 319005 400360 271885 607065 238203 470198 286466 390257 546917 142012 197730 644745 524184 484958 568073 651132 458160 336301 332348
1126848 1247171 71839 383070 144704 334223 10610 840423 497466 379983 358650 473394 1020013 421956 999999999 822867 764218 950593 858826 680721 437779 656064 1122321 711760 756454 1190134 852206 747782 754030 820693 1150220 872887 254268 719309 256717 949513 85366 438510 731941 944328 171942 225435 875584 292031 1047117 849974 489146 632343 1056181 805970 1091925 757200 921628 906320 779687 235019 696475 934948 1220975 323861 1042112 671269 1238672 606892 482545 902159 443204 947287 828957 852533 401599 370867 684564 873247 807028 945072 708172 903240 801729 1066276 484094 704540 796172 312899 987831 655728 637477 143272 481725 934447 519985 553880 911802 940225 877897 912788 1040645 765032 459744 506960
562731 861849 789870 723710 717671 862373 814352 355518 842021 572147 500162 925709 480053 509528 822867 999999999 903219 277087 36044 173516 463951 889887 834782 126998 794120 848713 50020 99025 87199 507328 788539 50032 670550 594893 882059 848872 860775 866854 606785 150275 653131 793915 937438 606709 671988 540046 500203 850683 591135 359178 784112 713670 502295 805658 641805 816656 244170 683968 719383 543551 759250 1018197 763001 254327 349968 586447 468572 248126 345836 1158902 834084 818877 875777 74752 224875 728091 837149 706759 955018 643342 339429 613318 238672 516327 242915 370001 934753 731569 890666 233843 572035 311887 156796 586060 674018 839796 791725 818751 836387 334241
741548 650582 811967 387992 822894 452506 755328 613063 273165 482741 597375 343497 677502 505984 764218 903219 999999999 786747 923693 743757 545279 117613 496791 790547 120395 579499 953167 807453 904793 457379 571683 933786 540725 317893 543834 262908 849479 345176 309954 1050055 697512 540243 116293 548610 534420 447698 460098 132318 619291 587088 496275 208658 547530 247408 296836 535399 659109 391041 732449 583026 452019 220112 719999 891038 684676 449402 533718 810595 613831 270834 371313 398810 80840 890908 707524 361634 71555 335788 52925 584632 761350 295009 689676 765327 870511 533407 169154 634584 311115 809017 371981 644508 1058864 488201 341948 225611 423091 97509 311317 832256
285923 596246 936300 735356 877386 889301 940657 174381 812695 614273 593177 911682 211742 553792 950593 277087 786747 999999999 264974 294237 522527 809385 592317 289173 667182 592264 309348 261762 352177 332805 532184 263804 740646 471551 935148 660941 1007277 859337 477653 357321 780592 855674 788170 680891 424629 352206 509230 774451 329014 204440 541676 579014 276108 625872 492761 874622 254123 476474 443798 631630 527192 950264 488719 492804 478832 379186 520606 33537 175643 1056886 837363 832167 783676 209216 143585 523287 732392 514271 833289 386198 512009 496749 154982 680358 86708 325330 866107 830295 870369 44525 545562 398028 397464 362854 487160 662848 565351 691369 819843 540366
550629 856638 825913 754595 753655 894709 850291 360789 870418 604198 534553 955556 472815 541269 858826 36044 923693 264974 999999999 203974 496222 914008 836036 159041 812865 846461 44399 127969 119318 517348 786166 14134 704574 612438 915826 859972 896811 896977 623792 126363 688978 827894 954205 640699 671478 548717 529319 875038 586412 367965 785198 730984 504550 817727 656771 850512 266369 691080 708768 577921 762418 1043955 753453 287890 385001 592771 500465 234046 352099 1181763 864842 850244 898694 55770 232581 735928 858574 716365 975120 640261 375465 631829 247942 552359 221024 391829 960164 766839 919939 220691 598985 344027 144575 589747 684208 852444 796143 837584 865744 369710
547223 801465 657237 550649 592451 691318 671440 275102 668886 400669 338521 752207 446108 337524 680721 173516 743757 294237 203974 999999999 293091 722276 745738 48028 640110 774961 220120 76203 161389 391742 716828 217327 505593 447272 715393 719747 728793 693405 460753 323066 508789 628385 788229 441819 595444 428588 326838 682729 537817 261486 696992 564887 421551 673607 502192 650492 100165 573807 689307 381371 663703 847672 726179 219729 198185 482989 296877 280983 262089 993201 660935 646285 710638 199514 164868 613814 675615 585918 796270 579811 218573 462174 165381 391636 311706 214474 764841 576157 717182 266399 400594 141261 320199 494167 551668 705187 690086 664286 662892 247972
690458 843765 437799 263433 398012 398494 427388 402652 397734 108336 86809 469227 583112 48077 437779 463951 545279 522527 496222 293091 999999999 488356 739120 337251 472592 795350 507030 369181 426180 399965 747600 509838 219600 341632 424441 621792 505002 409331 356966 610006 277549 339397 623503 158457 634469 433807 90636 449189 627489 368236 700257 427750 491804 573186 409411 360465 272929 546111 793262 114040 653964 593087 815666 359178 146620 490776 11966 524068 391253 758378 373539 356116 489751 491123 381039 569092 473808 529545 597132 644978 218435 338687 367846 250021 571507 218179 516320 309044 438325 512766 175103 152195 597415 523652 497963 593531 663418 492294 384378 288558
803874 749750 707365 290674 724503 337097 647578 635487 159533 409168 526881 226148 728322 444232 656064 889887 117613 809385 914008 722276 488356 999999999 597655 770171 186430 679637 939091 791566 880159 494408 665493 925274 445579 341157 428324 369123 740909 228846 338344 1039508 603333 430788 233804 462907 613101 493495 412107 39852 686234 605186 591049 259226 596246 345015 343346 423971 647807 467960 813974 505960 543815 142693 806735 845119 633627 508160 477651 829623 633755 272553 257677 286644 42081 887349 712592 446626 100264 414258 146222 659176 706741 314801 694584 687125 889261 523423 64412 531769 193620 825905 326676 607584 1042133 550138 412024 330078 519777 174611 197821 776465
378326 154065 1146846 755708 1125641 880793 1111924 481419 715012 751082 823465 810448 388860 728926 1122321 834782 496791 592317 836036 745738 739120 597655 999999999 775966 416221 82749 878566 770435 883094 361130 94710 839319 868276 405893 965358 235112 1203609 790016 392159 945081 996009 926924 410930 840288 167778 323095 657318 588563 272809 486204 50906 376337 332604 252640 342832 932503 646925 193028 283814 836092 85816 716840 252239 959704 817147 265165 728522 625656 492524 716663 798643 815859 555700 783960 612287 177282 498993 219117 510311 212759 889868 418253 601169 987243 672798 568856 659364 979096 769868 633749 605043 735285 978740 252089 245428 271213 82847 423684 746537 951701
556258 824326 684525 596735 616726 735743 702764 298408 716476 445334 377331 799061 459119 382591 711760 126998 790547 289173 159041 48028 337251 770171 775966 999999999 685816 801274 172542 36049 116527 427143 742368 172768 546421 491265 757263 760011 756021 740086 504411 275688 540258 669614 833102 482535 621662 463153 374314 730648 557254 289772 726534 609399 447489 714475 544440 692065 138933 608870 703440 420570 695325 895698 742355 206072 231020 515770 341679 270972 286069 1040943 707124 691888 758267 161933 176110 650102 722713 623780 842963 602386 237257 507009 181389 414528 293163 259375 812866 612537 764374 255801 448604 185076 272184 523879 589786 746722 723393 710105 710056 253601
626097 566333 795442 373608 794434 475403 746759 493941 301922 430253 536694 394475 558555 439624 756454 794120 120395 667182 812865 640110 472592 186430 416221 685816 999999999 497127 844140 700232 801482 337051 480066 822418 514199 201668 564140 199904 841390 377714 192253 939049 664612 541212 152594 508087 427614 327531 382897 172642 505543 468945 406201 88370 427940 165834 176441 541731 551048 282477 628157 530317 358195 320904 620319 801998 602850 331773 460655 691537 495172 391203 391803 413287 146272 777780 592319 260223 86260 228228 166333 475036 681193 181042 574633 709253 751390 426594 250538 618223 354546 690348 298185 552332 950584 371852 228539 160831 336268 24790 335886 752066
348434 71420 1211782 828898 1186997 957606 1179659 503034 794198 815153 880988 890757 381741 788815 1190134 848713 579499 592264 846461 774961 795350 679637 82749 801274 497127 999999999 890009 792175 903582 404255 60312 848389 935869 470972 1040966 317812 1270305 868810 458193 949150 1058512 999551 493009 904696 179648 367037 716992 669704 263430 513477 98323 452843 353849 334714 411370 1006070 678505 255225 226945 896394 148709 799565 187222 992526 863078 308181 785227 625789 515219 797430 876047 892289 637747 792638 631267 249544 580619 290663 592899 206549 933171 485896 622086 1040700 667826 612576 741619 1046885 849786 635514 670677 778355 986485 284629 312821 353944 161064 505374 824993 992179
594929 900743 816015 768333 741796 904840 844007 401425 888977 615365 538660 971349 517093 553301 852206 50020 953167 309348 44399 220120 507030 939091 878566 172542 844140 890009 999999999 147569 99424 555515 829732 47562 709738 644855 921666 897545 886332 912238 656702 103273 684174 833073 987357 646084 714528 587715 546845 899815 630399 406760 827774 763624 546598 854625 691437 856103 294076 731004 753146 582009 804211 1066716 797853 265675 386833 633066 512210 278298 392240 1208434 878778 862815 925327 100132 271734 775471 886990 754867 1004993 683952 368238 663331 286253 542341 263211 419880 983449 766357 936869 265033 620109 355645 106986 631265 722334 888933 837413 868772 882541 354257
535205 812321 720522 626656 652510 767493 738774 289681 743223 476854 411997 827680 441125 413727 747782 99025 807453 261762 127969 76203 369181 791566 770435 36049 700232 792175 147569 999999999 112921 428140 732742 141196 580404 502961 790777 765505 792009 769041 515509 249296 576246 703441 845627 516546 612964 463040 401664 752266 543361 285400 720480 621640 439402 720870 553235 725725 149251 608628 685268 455136 691322 919292 725506 231042 266751 513560 373064 241292 278097 1061184 736883 722424 778130 126230 161582 651063 740618 626618 859547 590746 272719 520120 170111 450251 259833 274168 835939 647929 792260 226005 473012 217148 251585 518691 593036 753977 720991 724726 738025 286113
634789 921888 716906 689528 642429 820441 745969 401953 817369 533888 449075 894758 545817 473683 754030 87199 904793 352177 119318 161389 426180 880159 883094 116527 801482 903582 99424 112921 999999999 540332 843925 131460 620313 607716 832272 875732 787103 835051 620912 192259 586992 743236 949312 557195 724708 575561 476357 840435 651892 398321 833040 725732 551583 830477 660885 766624 255214 721237 788576 492109 804207 1002245 830428 168800 296408 626434 432671 325876 390599 1151936 799716 781843 870030 160825 272316 763377 836303 738229 957381 700900 270741 623206 282153 443358 327233 375464 920420 671723 862255 310947 555486 279184 171548 631487 704446 862951 833899 825671 807956 254874
330921 446559 831734 503302 797491 654037 810083 164773 533312 441074 486754 637468 239456 402036 820693 507328 457379 332805 517348 391742 399965 494408 361130 427143 337051 404255 555515 428140 540332 999999999 352049 524089 571739 155467 721893 342828 895426 594670 156249 638922 673354 660242 455789 528743 235238 38038 332147 463574 237915 149671 315473 248721 111414 301926 160924 672835 291606 182068 400809 508130 276367 637101 418339 600632 458856 96574 390951 359400 169655 728212 584532 589412 463682 472817 284883 223071 408361 199437 502179 246252 529778 182242 269465 639418 418569 208637 555508 680318 593913 360128 312886 374938 661519 123959 166872 337702 299328 360711 550729 590694
294199 97035 1169297 795681 1141798 929275 1139687 443984 770931 772820 833798 869944 322041 743447 1150220 788539 571683 532184 786166 716828 747600 665493 94710 742368 480066 60312 829732 732742 843925 352049 999999999 788078 896251 431557 1010518 316144 1229252 844444 419768 888953 1014359 965153 494515 862374 121615 315645 671739 652232 203597 455469 75482 426834 295322 324284 375962 972840 621071 218207 189133 851000 121908 791287 158673 934968 809958 257362 737797 565716 456317 803028 848966 863501 624134 732327 571640 222661 565432 261276 590277 146270 878887 448658 562715 990830 608265 559256 728723 1007200 828065 575347 630246 724274 926182 229991 278350 348800 149153 491010 800072 936813
548808 857397 839826 767842 767435 908306 864362 366088 882974 617750 548581 968509 473095 554756 872887 50032 933786 263804 14134 217327 509838 925274 839319 172768 822418 848389 47562 141196 131460 524089 788078 999999999 718536 621681 929734 866873 910695 910010 632849 116716 703080 841843 963050 654657 674187 554945 542140 886383 587553 374503 788443 740090 508477 824988 665119 864438 277477 696629 707428 591944 766464 1055707 752523 300241 399113 598108 513993 232192 357778 1192590 878046 863606 909583 55761 239213 741713 868994 722800 985081 641998 389447 641380 255031 566234 215653 402623 971822 780966 932736 219326 611179 357648 139671 594114 690871 859895 800637 847158 878570 383065
887236 993152 282784 154905 282547 212928 243804 610044 301463 132858 171294 327283 782298 187650 254268 670550 540725 740646 704574 505593 219600 445579 868276 546421 514199 935869 709738 580404 620313 571739 896251 718536 999999999 465097 212031 701559 335544 271988 477677 810754 157766 123379 645092 63888 794580 599315 245405 414401 809022 574255 837657 506444 676130 656942 525531 146405 492521 680693 972529 128219 787857 502037 988148 513044 323922 650034 220333 743239 599799 684259 228855 199729 465647 705093 600152 691085 477391 649267 584658 815801 364866 450314 586514 266394 791103 425202 445378 111022 313362 732138 266077 365164 790753 689032 623667 666013 786792 525715 270493 418746
480774 528295 741356 369631 720103 513514 708813 297188 380718 345210 422495 485065 394219 325502 719309 594893 317893 471551 612438 447272 341632 341157 405893 491265 201668 470972 644855 502961 607716 155467 431557 621681 465097 999999999 588136 287276 799340 445273 15577 738388 590194 536025 342733 434512 335948 162894 254932 308998 375254 269646 372915 118794 263543 238588 67834 545350 353913 215751 527464 431676 323559 483626 535052 627085 445276 197674 330277 494026 296984 586257 439221 447730 312851 576350 390667 230619 260869 189721 367015 366292 523332 26786 372969 591621 553975 233026 401144 576115 441387 491843 199742 378870 751648 240668 160539 265071 326457 226453 400700 591955
1050235 1104941 323324 219162 372767 91328 251313 790782 270917 322352 383322 222083 950080 385105 256717 882059 543834 935148 915826 715393 424441 428324 965358 757263 564140 1040966 921666 790777 832272 721893 1010518 929734 212031 588136 999999999 763961 334239 199728 597051 1022780 300325 89256 659561 275582 923498 742633 426476 412993 957883 754480 943735 589027 832133 726702 635644 65649 694325 792690 1114887 340173 893089 420189 1123127 719949 535918 785098 422872 940953 782056 598738 173886 150914 463079 914576 798532 791482 499265 750761 573660 954035 573685 566716 783668 449850 991691 611595 397631 193639 239004 930851 411129 574281 1002503 827383 732233 724971 882561 566585 233171 622790
534651 389175 984324 568768 976485 675303 939569 504949 500788 602704 697115 589510 498677 598187 949513 848872 262908 660941 859972 719747 621792 369123 235112 760011 199904 317812 897545 765505 875732 342828 316144 866873 701559 287276 763961 999999999 1033787 576651 271820 981723 845482 738485 178517 687030 307081 313804 531873 365495 410329 492496 241199 198009 387467 48837 222369 740093 621202 188566 491093 698798 203832 482476 471135 911409 732442 282077 610018 690964 511319 487907 591692 613069 327086 815591 627661 143181 274209 146831 275363 362257 810589 284427 612031 869559 747567 510962 428665 808923 551253 694189 458665 665143 1003900 305398 176506 39545 167700 200371 535431 879198
1195445 1326275 71562 468201 146263 415859 94714 906020 582038 456839 421946 554173 1088007 494082 85366 860775 849479 1007277 896811 728793 505002 740909 1203609 756021 841390 1270305 886332 792009 787103 895426 1229252 910695 335544 799340 334239 1033787 999999999 521650 812312 974063 228840 310124 960945 367597 1124240 925795 563279 717536 1129186 872359 1172242 840668 993991 990255 860785 318521 753756 1015091 1294538 391345 1122685 752495 1313763 631350 531751 979076 511561 1001765 894127 932611 485608 455162 769736 915753 863898 1026496 793535 984693 886710 1141553 521869 785430 854166 344467 1039243 722945 721142 225448 564506 988387 599632 609252 937781 1016278 958692 997260 1122270 850179 544168 534119
924827 935774 496405 146326 526697 108914 430966 696975 75864 303549 409568 60053 832911 361508 438510 866854 345176 859337 896977 693405 409331 228846 790016 740086 377714 868810 912238 769041 835051 594670 844444 910010 271988 445273 199728 576651 521650 999999999 450488 1015511 419873 215477 461307 314256 769683 607681 368679 216216 820227 661720 773885 417611 705787 543259 479367 203500 645461 630584 967816 374693 723832 236944 969814 757969 550082 640840 402417 871804 690946 420552 43183 73952 264763 883590 736136 622019 305464 583309 373935 806943 609322 420277 719213 537471 927926 537883 199930 329874 43957 864305 314148 557272 1005831 684308 570059 537180 708113 376582 44914 671969
477583 516322 754777 379078 734291 521198 721466 303506 384541 358976 437551 488824 393376 340339 731941 606785 309954 477653 623792 460753 356966 338344 392159 504411 192253 458193 656702 515509 620912 156249 419768 632849 477677 15577 597051 271820 812312 450488 999999999 749565 604213 546511 330654 448129 326471 159990 269975 307343 369771 277149 360004 107263 261924 223164 52446 555354 366661 203035 519805 446270 310377 481014 526162 642007 460798 190690 345580 500845 303935 579349 445823 455278 308616 586926 400462 216326 255122 175188 358271 358539 538824 30556 382878 606925 560787 246788 399259 588695 445138 499086 212973 394045 763576 234032 146735 249968 312282 216968 405750 607384
633886 953196 904672 871565 828378 1007473 936489 478686 991936 718337 639486 1074613 569026 656424 944328 150275 1050055 357321 126363 323066 610006 1039508 945081 275688 939049 949150 103273 249296 192259 638922 888953 116716 810754 738388 1022780 981723 974063 1015511 749565 999999999 778545 933959 1079732 747285 778398 668890 649895 1000408 686195 489256 894187 856806 617164 940381 781609 957158 392346 809014 793708 682732 874797 1168389 840660 344228 487078 710164 615317 323936 471146 1307798 982013 965922 1024689 166162 354466 854565 984886 836946 1101469 742734 462457 758008 370745 632241 290528 517993 1084864 863980 1040062 313673 722308 458833 55748 703750 805435 975524 910215 963782 985741 439951
967415 1111262 160335 312662 131087 340060 162671 677299 457134 245672 193286 470519 859807 271697 171942 653131 697512 780592 688978 508789 277549 603333 996009 540258 664612 1058512 684174 576246 586992 673354 1014359 703080 157766 590194 300325 845482 228840 419873 604213 778545 999999999 222605 799973 158511 905390 705326 342943 572059 904318 643810 961320 647957 768740 799279 654935 244820 526579 804445 1070011 165376 912864 654692 1091090 447940 310626 760385 284834 776415 665354 837927 377028 345940 623149 701948 637024 820499 632969 779143 742082 919494 316251 579661 626731 157297 816207 494806 601672 106831 462972 763398 392598 382982 748773 795837 750732 811506 916489 677760 424352 347351
984594 1060982 280975 171437 314398 119928 217213 716948 272032 241426 294485 257191 882157 302545 225435 793915 540243 855674 827894 628385 339397 430788 926924 669614 541212 999551 833073 703441 743236 660242 965153 841843 123379 536025 89256 738485 310124 215477 546511 933959 222605 999999999 652971 187208 871660 683882 350154 408030 897909 680739 901455 553136 768697 697814 589286 24149 611235 747039 1058136 251232 850879 451518 1069505 631170 446961 729978 338721 860032 707559 634634 176772 145657 460113 827804 717135 750575 486743 709070 576655 898469 484562 516928 702794 365614 909481 534749 412779 120273 259299 849462 347365 487581 913338 771169 687495 700535 844198 547472 234352 534493
700697 564373 920920 495464 927587 568262 866461 619491 388673 574218 684404 459231 651417 588751 875584 937438 116293 788170 954205 788229 623503 233804 410930 833102 152594 493009 987357 845627 949312 455789 494515 963050 645092 342733 659561 178517 960945 461307 330654 1079732 799973 652971 999999999 646873 479051 437005 534418 246847 576001 598837 419699 223989 528280 183134 299783 649184 696477 345391 668471 674945 381464 318712 649561 954344 755322 423390 611611 815183 622767 309779 486515 513334 196589 916146 728270 306508 168118 292623 104726 532948 833587 326107 711049 855830 874245 573850 281617 743043 427384 815792 448504 704509 1094226 456138 309939 149972 346210 131337 426644 904499
837273 959407 307096 179293 289591 269464 281425 555447 331242 89578 108205 372371 731231 132127 292031 606709 548610 680891 640699 441819 158457 462907 840288 482535 508087 904696 646084 516546 557195 528743 862374 654657 63888 434512 275582 687030 367597 314256 448129 747285 158511 187208 646873 999999999 756643 558455 197172 428537 764212 520082 806987 489450 629863 640771 498171 210038 431004 649813 928944 65955 757968 534776 946891 454298 260813 611481 160488 682487 544719 714100 272152 246010 477838 641330 539482 664039 481631 622489 595555 774540 305279 422714 526287 227462 729441 369988 471178 154378 352785 671102 235447 301599 727926 648865 594861 653233 760072 522213 304911 362429
230610 212280 1062333 705455 1031092 846535 1036527 323541 699114 667537 721138 801500 222397 633707 1047117 671988 534420 424629 671478 595444 634469 613101 167778 621662 427614 179648 714528 612964 724708 235238 121615 674187 794580 335948 923498 307081 1124240 769683 326471 778398 905390 871660 479051 756643 999999999 200679 562569 593610 110993 334000 117444 358522 174203 296343 290630 881278 499467 145173 201072 740774 115214 748004 200378 813393 690499 145195 625142 458008 335637 787164 769187 780506 573779 618604 452466 174026 513607 199638 562848 55635 758442 356783 442855 874499 505081 439985 677489 904928 758410 466307 529216 604086 813231 111353 202524 329337 157925 443564 724794 815686
317899 410807 862954 523514 830530 671980 839366 191152 543610 469994 520461 647956 234880 433655 849974 540046 447698 352206 548717 428588 433807 493495 323095 463153 327531 367037 587715 463040 575561 38038 315645 554945 599315 162894 742633 313804 925795 607681 159990 668890 705326 683882 437005 558455 200679 999999999 362935 464762 215336 180955 277572 240289 102807 275292 152017 695546 328549 145749 374427 540436 238348 635886 388890 638404 496322 58909 424463 380538 197824 718022 600041 606721 460583 502747 316193 188299 403401 168076 490199 216498 567596 188867 301486 675238 438743 246402 555914 708740 604276 382549 337060 412785 693180 90556 137378 311852 261812 350267 563249 628694
641937 768551 500019 230991 470150 381871 478544 366973 342212 112552 167576 426623 536898 71823 489146 500203 460098 509230 529319 326838 90636 412107 657318 374314 382897 716992 546845 401664 476357 332147 671739 542140 245405 254932 426476 531873 563279 368679 269975 649895 342943 350154 534418 197172 562569 362935 999999999 372360 567046 330840 620518 337205 432751 483380 322289 367559 278232 464556 731878 179411 572968 526956 750484 433809 224689 417487 78696 516548 357434 684356 339094 328622 409243 514915 375653 484609 388554 444281 512494 578299 301338 249955 359884 338142 569401 185155 446568 350494 390621 507225 88154 198130 644305 453491 413725 503163 579840 403091 336431 372307
778036 738975 681251 259920 695132 321788 623549 600983 142126 371889 489372 224016 699564 405425 632343 850683 132318 774451 875038 682729 449189 39852 588563 730648 172642 669704 899815 752266 840435 463574 652232 886383 414401 308998 412993 365495 717536 216216 307343 1000408 572059 408030 246847 428537 593610 464762 372360 999999999 662275 570054 578683 236070 567550 336813 316715 403089 608962 448992 794679 469599 530324 175819 789621 805536 594206 482824 438403 794064 598828 312404 239682 266655 52272 848903 675299 431061 91309 396538 170926 637909 667617 282358 657306 651302 853558 484922 92202 504452 186527 790022 286826 567732 1002672 525416 391336 325990 508902 165843 179883 737485
124776 270731 1063963 738802 1024919 887114 1045582 263584 753817 677589 713792 857907 118484 635137 1056181 591135 619291 329014 586412 537817 627489 686234 272809 557254 505543 263430 630399 543361 651892 237915 203597 587553 809022 375254 957883 410329 1129186 820227 369771 686195 904318 897909 576001 764212 110993 215336 567046 662275 999999999 284539 224560 427060 135699 393193 346830 910128 448862 231184 165777 739073 226071 825557 192512 757518 660103 180623 619627 362513 276936 880175 814292 821715 649210 531827 382072 270120 589389 285676 652691 60065 721356 399954 375883 854439 404745 416555 750353 916880 814267 372535 550567 570966 724635 137297 277547 428346 268669 524378 775515 772416
324781 541460 803987 545488 756854 700458 795556 36303 611521 442301 450524 712136 216830 388072 805970 359178 587088 204440 367965 261486 368236 605186 486204 289772 468945 513477 406760 285400 398321 149671 455469 374503 574255 269646 754480 492496 872359 661720 277149 489256 643810 680739 598837 520082 334000 180955 330840 570054 284539 999999999 436785 381834 160464 451315 299206 697504 166359 325028 445276 482261 406091 745858 476721 479643 377867 228504 362871 224819 29394 855900 642679 640352 580205 323172 135385 368915 530174 348400 635219 320901 436957 294042 120543 576402 284695 150386 661670 674175 670109 222215 351059 288330 512332 234115 316371 486775 435662 493518 620869 488268
334570 161920 1114027 730953 1090180 861039 1081457 431194 699782 717487 785422 797754 339361 692318 1091925 784112 496275 541676 785198 696992 700257 591049 50906 726534 406201 98323 827774 720480 833040 315473 75482 788443 837657 372915 943735 241199 1172242 773885 360004 894187 961320 901455 419699 806987 117444 277572 620518 578683 224560 436785 999999999 356760 282086 248907 313052 908165 598580 157206 255166 799817 50665 715973 230696 911896 773377 218959 689928 574982 442442 728702 779921 795535 549544 733071 561916 152439 491156 192999 514878 164792 845151 387595 550993 947015 622500 523949 654049 948666 756238 582982 572655 690355 927849 202858 214501 273384 73755 416459 729779 906051
544960 518664 789063 381728 779023 504808 747066 406084 344346 404705 500493 444771 473085 401571 757200 713670 208658 579014 730984 564887 427750 259226 376337 609399 88370 452843 763624 621640 725732 248721 426834 740090 506444 118794 589027 198009 840668 417611 107263 856806 647957 553136 223989 489450 358522 240289 337205 236070 427060 381834 356760 999999999 341691 151322 88468 557479 472505 215174 559414 500989 306466 399622 556456 738045 547094 249269 415847 603642 407637 479492 423253 439642 223119 694149 507379 204527 164280 165816 254279 401887 625799 103027 489869 673400 663445 350413 323294 615263 402260 602694 261034 488172 870432 290960 156007 166513 293567 112359 373274 695870
219509 381178 928491 613948 889236 765236 911038 149722 643565 544047 578093 747845 132083 500099 921628 502295 547530 276108 504550 421551 491804 596246 332604 447489 427940 353849 546598 439402 551583 111414 295322 508477 676130 263543 832133 387467 993991 705787 261924 617164 768740 768697 528280 629863 174203 102807 432751 567550 135699 160464 282086 341691 999999999 355902 253970 781969 326672 200789 301475 603557 258000 738569 326099 640092 528151 106176 483991 307642 161566 816894 695943 700730 563040 453602 279913 247614 505463 242232 588275 162016 592216 289998 269438 720121 362055 281795 658719 783100 704223 312855 421862 439702 648140 87267 219049 393139 293115 450033 661718 646510
517956 405132 939703 527229 930345 639147 896288 465720 467557 555757 648939 559947 473266 550046 906320 805658 247408 625872 817727 673607 573186 345015 252640 714475 165834 334714 854625 720870 830477 301926 324284 824988 656942 238588 726702 48837 990255 543259 223164 940381 799279 697814 183134 640771 296343 275292 483380 336813 393193 451315 248907 151322 355902 999999999 174224 700349 575560 163684 489083 651237 205031 467085 473836 863499 683669 249727 561430 655093 471383 490907 555815 575857 303073 774417 585950 123381 246595 114009 268911 349911 761851 235605 569958 821221 712579 463691 406925 765062 520324 657588 411057 616778 961241 277906 138715 37237 176004 171284 500964 830541
461320 471706 804253 419771 785292 556674 769265 321192 409866 409383 489858 513212 385766 392430 779687 641805 296836 492761 656771 502192 409411 343346 342832 544440 176441 411370 691437 553235 660885 160924 375962 665119 525531 67834 635644 222369 860785 479367 52446 781609 654935 589286 299783 498171 290630 152017 322289 316715 346830 299206 313052 88468 253970 174224 999999999 596890 405709 157772 488594 498012 262810 485165 490987 689286 511654 166480 398026 518262 323720 567620 478645 490648 309214 617170 428847 165942 251509 124319 341257 328114 589389 75504 411790 659370 577857 290278 406595 636426 469781 517980 262724 442811 798419 209549 98551 203537 261950 199870 434455 657471
998711 1068301 294135 177236 332011 102210 227488 733766 264513 260512 317686 241338 896996 322450 235019 816656 535399 874622 850512 650492 360465 423971 932503 692065 541731 1006070 856103 725725 766624 672835 972840 864438 146405 545350 65649 740093 318521 203500 555354 957158 244820 24149 649184 210038 881278 695546 367559 403089 910128 697504 908165 557479 781969 700349 596890 999999999 631556 754634 1069402 274526 857527 437632 1079792 655260 470272 740516 359374 879539 724610 620104 167223 137340 454851 849810 736796 756732 484176 715415 570155 909277 508538 525476 722243 389340 929508 552563 402641 140731 246830 869151 360134 509510 936874 782093 694741 701792 849688 546921 226352 558636
