NAME : synthetic_000230
TYPE : CTSP-D
DIMENSION : 100
GROUPS : 8
RELAXATION_LEVEL : 1
EDGE_WEIGHT_TYPE : EXPLICIT
EDGE_WEIGHT_FORMAT : FULL_MATRIX
EDGE_WEIGHT_SECTION
999999999 734839 755623 720072 780052 820051 753842 867478 543435 684853 648832 210051 64951 806148 914222 603204 807481 527267 317552 1020440 763682 691476 369053 474410 1106008 970932 801170 146151 627441 881963 348565 314630 742222 907421 842206 165772 214309 779039 413917 227189 481931 833374 931358 335278 333529 367719 730807 692942 515906 424552 806442 863260 139024 429579 320255 779202 691294 513168 481497 413954 551790 835724 687924 526926 645959 715937 824514 707207 793561 817052 735843 810179 705683 823810 976723 545579 949832 792312 282213 798206 590863 1038815 1003265 275301 585622 1068850 803838 725356 745567 424528 634249 669871 577662 787705 524875 929887 933425 200676 448588 470958
734839 999999999 37805 15625 140192 277672 815194 993886 257881 773689 593066 723300 709085 591699 633034 516022 399554 695257 515156 551956 359421 710112 368093 706308 691166 429450 276683 876936 788302 662608 501677 453561 474248 696543 301052 782386 742852 800487 320954 714504 363055 1094491 946041 904793 533464 635132 291830 874404 752716 322609 726858 387681 871495 336939 914756 689143 560690 938110 401085 928793 410927 581016 419965 257044 138540 331519 946932 154872 428404 410427 114264 1042490 662342 1080546 742940 792883 434184 487353 594065 931843 767889 765775 543025 590512 155426 723030 631827 67492 918117 439886 724544 1033302 492939 1092447 831283 470223 576192 548142 600470 405594
755623 37805 999999999 44094 105005 243722 799469 978016 293040 760462 577993 734362 732389 567184 603951 502967 369967 689023 523463 516155 332051 694967 387054 703200 655877 392534 244147 896262 778494 635981 507989 466693 450884 669624 266345 796174 753812 783049 342243 724681 363435 1083766 925555 913218 539774 637638 266132 863491 748107 349973 705943 354281 893162 367036 924333 668664 542372 938317 399468 933863 402258 554559 399669 290896 175688 307774 931630 132824 400500 380498 86622 1031072 645290 1069793 714125 787525 398048 461003 602292 917362 759556 734945 507595 599278 184724 689823 608493 47343 905840 442149 712888 1028639 481613 1083930 827911 435817 544565 572578 598059 404851
720072 15625 44094 999999999 139656 275100 803120 981805 248947 760951 580909 707688 694795 582898 626504 503373 393578 681045 499548 550857 352298 697913 352975 691599 689383 430105 272976 861960 774758 654746 486134 437994 465067 688806 299107 766875 727239 788932 306156 698881 348036 1081083 935462 889173 517917 619809 284067 861080 738220 309298 716516 384376 856896 324700 899131 678662 549547 922964 386292 913277 397347 573130 409660 246966 132613 322755 934700 146432 421432 404640 109157 1029248 650729 1067146 736192 778498 433626 479507 578455 919388 754047 760244 541493 574894 142630 719257 622490 61308 905102 424631 711437 1018769 479880 1078579 816587 467695 571317 534084 585692 390684
780052 140192 105005 139656 999999999 138977 724441 901707 374608 691514 506662 729937 765090 475102 503782 437919 270134 638121 515286 411766 236909 622104 414244 660218 551085 290602 140860 914729 717620 539634 494639 473997 362355 572657 161340 798905 748830 704299 378257 717850 339520 1018746 839682 899270 525544 610753 176798 799252 700650 403649 620217 249712 919035 428784 913560 584105 463891 901639 368177 910371 351658 458902 319173 367670 268933 221645 856796 77670 303367 280021 46723 964661 568510 1004769 614087 737718 294129 366224 592009 844453 702516 632293 402881 590583 253740 585174 518459 83523 838087 419746 648151 978722 421458 1024180 782813 330818 441284 611214 558637 375717
820051 277672 243722 275100 138977 999999999 627876 800761 490477 604962 422311 734326 815703 355870 370323 368062 141683 580560 524252 277562 124802 531193 473525 613564 414553 169203 20481 944256 642707 412025 498075 505476 254284 443730 26431 810710 751900 602358 449949 719440 343815 932849 725280 886576 525809 589133 100168 717571 646124 491716 508746 110773 957900 523643 904838 475237 369281 857670 358266 884482 314284 333625 231423 479494 397785 137994 758536 150232 179892 149494 167431 877375 472825 919018 480255 678700 163823 245106 593984 749199 633747 494951 267194 594742 365999 446198 401830 214735 750549 416863 569219 914813 361071 945729 729477 192620 303499 673435 521552 368003
753842 815194 799469 803120 724441 627876 999999999 178693 866666 69224 222252 550353 797704 295825 366766 301949 495963 227612 504258 587606 503157 105582 664890 279697 572952 648776 611987 789546 134447 299057 482139 580855 373974 295750 626311 623679 553060 43206 696437 531146 503047 311416 179100 559441 472292 390832 549625 129569 244548 766684 150125 560466 841600 806980 589611 166621 260964 397349 462020 497898 416561 334343 405479 844178 858699 504106 132408 667499 455624 493175 716448 255234 156140 298148 342187 228940 614982 394264 489662 121329 167825 407601 572662 498641 782301 488075 250706 752752 134383 466610 124898 356416 329584 338447 277548 551739 447355 762393 327305 464655
867478 993886 978016 981805 901707 800761 178693 999999999 1038729 228620 400910 657678 918502 455451 503556 480013 665112 367328 655482 729044 676643 284012 828909 404712 687590 806293 785704 877251 252017 436162 637212 737616 546562 421565 797396 719762 655674 198463 864033 640292 676266 182663 142936 616536 622399 524994 726063 174798 355634 933623 298643 726268 935519 973094 646862 327527 437819 421267 634579 539535 593460 489643 582534 1015946 1035608 680641 49303 845892 624777 661116 894714 137443 333377 173643 446260 322266 772758 561193 626751 72336 287742 501344 715906 636052 958413 594255 408190 931357 122098 633068 285662 314094 506765 236237 346753 707149 590427 905947 478876 636300
543435 257881 293040 248947 374608 490477 866666 1038729 999999999 810127 655415 597233 502825 717524 788804 573340 574186 689318 429458 765175 524727 763745 234930 678237 895958 657626 481316 689571 800347 799050 432058 343880 602203 833438 516758 634490 616211 864693 186021 595067 363695 1099573 1025799 786775 459063 574999 457597 889414 731481 131294 819365 588427 670048 114257 788698 780822 647503 873839 404687 832136 456860 720931 535243 23346 124720 480101 989495 340393 589701 586302 331342 1054152 732315 1086269 892029 774145 654276 633403 498730 969214 771085 929827 752989 491814 124510 908035 746866 292033 940610 409386 753342 998444 542129 1082181 796709 674056 753628 343115 577424 402501
684853 773689 760462 760951 691514 604962 69224 228620 810127 999999999 185007 482132 728490 297574 384212 257703 480272 158388 437352 596198 480584 76043 602752 211059 597673 643746 587782 722916 75389 319524 416177 515636 355462 323470 606218 556473 485328 98165 636374 462809 447749 328368 248204 499880 405058 321645 520229 114737 178802 706257 176653 548041 774094 746093 529678 178225 236201 350784 405997 443207 367467 338570 376119 787364 808730 474922 179441 630148 440649 479148 679636 273507 137668 314462 378552 168847 610138 383700 420728 160397 103444 445896 580228 429743 730856 518697 257488 713300 146645 405566 58376 335694 281798 342461 222216 549984 457749 694491 259861 407680
648832 593066 577993 580909 506662 422311 222252 400910 655415 185007 999999999 474511 678428 171569 280747 82304 305073 188341 348889 455557 299039 117060 472312 241179 493291 478594 404541 722649 221723 236418 320164 407210 181103 259345 425343 557651 484767 211630 495772 454804 294077 513118 370402 558664 323113 292555 335429 295577 251722 566069 173532 375179 762243 607311 584723 138489 64136 466883 256188 526729 199109 210050 191788 633619 638931 290251 353882 446643 267372 305922 495924 458478 77112 499178 328391 273740 445951 219569 366626 339399 217967 392123 438220 373716 564102 435294 157161 531089 331651 277322 147250 497711 113381 523485 330402 392278 328970 605600 204567 261278
210051 723300 734362 707688 729937 734326 550353 657678 597233 482132 474511 999999999 264773 642188 752234 446530 688388 327705 214686 890416 652063 497571 371227 271266 957117 864649 714067 248646 420769 710907 237393 270907 600223 732624 752354 83716 19619 578511 423950 19930 394297 627304 725919 189559 208577 181958 636355 483346 308509 465994 617762 752579 293605 488598 193668 594596 526216 318668 376067 242683 429848 676580 557818 575914 670342 610323 615177 652454 666140 695999 691626 601734 520668 617197 800894 336247 838745 650469 140383 588806 384617 865959 872712 140256 595476 907849 631630 695011 535687 317655 435058 471509 427747 584970 315060 806568 785621 307787 270244 366340
64951 709085 732389 694795 765090 815703 797704 918502 502825 728490 678428 264773 999999999 829733 936087 626647 814417 570144 335770 1029197 768652 729713 350853 519999 1121343 971759 797519 194706 674559 907891 366721 315383 758115 934820 838916 229097 271618 820675 390663 280213 485811 891531 976260 399932 356809 407693 730590 743706 564344 391162 841118 866653 167227 390730 385191 812057 716596 574677 490989 477815 564369 857092 700396 488043 611465 719634 874451 694838 803573 824549 719766 866505 739353 881624 1004166 596249 952489 807523 314535 848318 637786 1064572 1012345 306553 556511 1089306 830889 705281 797058 436902 675924 730839 599160 847421 579284 936988 949506 162283 483450 480599
806148 591699 567184 582898 475102 355870 295825 455451 717524 297574 171569 642188 829733 999999999 110065 203207 215001 356092 494213 299106 238395 223486 576639 411415 322035 353270 343834 888958 359580 83953 463507 535675 118683 117169 348282 725764 653440 261664 586836 622720 387365 607058 369603 729785 473550 460719 301117 410389 415990 653544 157078 271567 925475 694515 756094 129834 116121 626296 361014 694887 286160 41570 182673 698296 671357 260193 417895 436830 175978 209145 480561 550911 163785 593884 182126 431236 319497 110774 525662 413615 367901 236264 282878 531780 607618 265671 47373 524538 428963 402155 287453 632935 230978 632818 489338 255918 163147 738069 372228 369561
914222 633034 603951 626504 503782 370323 366766 503556 788804 384212 280747 752234 936087 110065 999999999 311097 234029 461988 600318 225496 274669 315475 668719 518598 216609 315378 363810 998843 452640 68288 569379 636657 192539 85115 355423 835821 763505 326626 673564 732777 480533 670350 392614 837417 580979 570784 343950 491330 519529 737514 216710 266342 1034828 777677 864145 206063 226063 725395 458701 799614 382561 79120 260545 771176 728773 311699 473510 481152 205511 223796 518904 615122 261132 657975 110306 531193 283796 155435 634634 474783 465674 141645 212504 640554 672471 155693 131347 565747 500733 504198 384521 718247 337063 703937 589319 216915 88411 838615 482292 467934
603204 516022 502967 503373 437919 368062 301949 480013 573340 257703 82304 446530 626647 203207 311097 999999999 269444 213724 291440 450135 250963 196391 395518 253437 510703 449848 348901 690301 279865 281907 260964 339003 158716 310460 375253 530187 459427 293628 416232 427624 213302 581817 452595 556640 270345 268692 274024 361775 279798 486252 250346 340032 724351 527603 580131 213018 91401 494532 177096 537075 116809 232985 139586 551639 557321 230870 432207 373503 237259 273390 423128 528494 158979 567831 379409 310836 419201 207262 323852 416174 266996 438168 432380 329588 482030 466181 207079 455744 402897 205875 210651 547281 32758 586329 362866 374323 339116 540493 182625 183197
807481 399554 369967 393578 270134 141683 495963 665112 574186 480272 305073 688388 814417 215001 234029 269444 999999999 481024 493695 215547 50821 404722 498156 522881 327576 180985 131794 917693 526309 271030 463891 499296 125056 303351 133363 769675 704044 467496 489063 671262 328847 805042 584598 819740 486279 523710 116868 594671 547102 544582 369821 70857 940677 581941 841372 337857 245308 762954 326087 805405 259968 191984 133592 558946 501701 100760 624527 249826 40392 12146 285301 749069 344122 791394 344281 574795 151830 104727 551880 616966 522636 366861 199263 554798 452722 334174 261554 332513 623163 384068 451308 802777 273553 822733 629269 122593 180792 689468 444592 336634
527267 695257 689023 681045 638121 580560 227612 367328 689318 158388 188341 327705 570144 356092 461988 213724 481024 999999999 288290 643760 464683 171795 467946 59536 677611 659700 561036 572889 115803 408582 271289 371756 362355 424017 588678 405370 332768 251878 507604 308026 340682 410944 406479 376472 255139 163438 484196 202465 66152 575319 294966 551874 621149 613293 404087 277259 252065 282054 299113 338952 287841 396223 353276 666056 706483 442682 319179 567378 446382 483887 616459 364846 206166 397466 489020 99618 627995 405271 263535 295005 82585 556281 626367 272674 625932 612676 331797 641993 255967 280350 107468 340764 220190 399729 149162 577742 516573 540314 113715 297306
317552 515156 523463 499548 515286 524252 504258 655482 429458 437352 348889 214686 335770 494213 600318 291440 493695 288290 999999999 704495 452444 418667 195146 260675 788569 663480 504269 424626 404042 573249 31114 87985 424756 601103 543681 286995 233545 517856 243776 202787 181127 684381 681410 389842 33284 147184 428432 488989 314735 303525 518358 553123 447499 337312 401088 486128 382105 445265 169208 416580 235167 521337 370850 406377 479035 407071 607076 437776 477413 502691 477372 644037 416191 671742 670309 356562 639990 474783 78921 583195 369626 729608 687164 75943 399857 753751 497237 482614 543242 110045 379586 570203 263431 660103 371014 615374 616078 260342 177668 158810
1020440 551956 516155 550857 411766 277562 587606 729044 765175 596198 455557 890416 1029197 299106 225496 450135 215547 643760 704495 999999999 263987 522580 712141 694341 141505 133361 284339 1126123 658476 293265 674067 714423 291818 308559 252344 973158 904852 549121 699964 872369 544117 894665 614865 1006085 694296 717512 317784 707794 707139 751567 438965 178000 1151981 787040 1030063 422156 391695 921187 539195 980872 469331 257763 334489 752717 675340 314500 698630 425506 227082 204930 444675 839127 462656 882092 304036 726503 118732 242946 757755 699067 665167 283310 17766 761512 640819 201856 339297 491461 721987 595975 585565 931826 464013 926000 784162 94822 140318 904861 632693 549707
763682 359421 332051 352298 236909 124802 503157 676643 524727 480584 299039 652063 768652 238395 274669 250963 50821 464683 452444 263987 999999999 406528 448429 502280 378393 212585 109061 877056 520352 303968 423292 453273 130167 337574 126330 732264 668323 478183 438480 635515 282882 808225 605361 790431 447192 492777 69542 593631 530758 493762 387045 100831 898066 531136 810948 352456 244633 745039 283558 780678 222221 222673 111443 509135 455566 50572 634036 206523 69199 62854 245902 752690 348024 794411 383989 561190 187616 129445 513885 624468 513167 411313 248184 516244 404052 383308 282549 291952 625915 342413 446260 794396 249283 821934 613809 169696 229030 641057 417504 294068
691476 710112 694967 697913 622104 531193 105582 284012 763745 76043 117060 497571 729713 223486 315475 196391 404722 171795 418667 522580 406528 999999999 567723 231070 531162 567757 514407 744153 137325 253641 393825 489714 280155 262516 531670 576570 503639 102368 596667 477726 400113 401704 267073 541370 388335 323761 448815 190771 215179 667116 124080 472180 791147 707827 570144 113067 161912 410960 359728 493065 311438 264840 304350 741455 753384 403326 236824 563399 364958 403389 612567 346183 61663 387903 323398 218892 534167 307661 415950 222647 151802 391200 506357 424395 677326 456687 185826 648105 219394 369106 71994 409625 224413 418161 276369 474314 385252 678955 247497 363040
369053 368093 387054 352975 414244 473525 664890 828909 234930 602752 472312 371227 350853 576639 668719 395518 498156 467946 195146 712141 448429 567723 999999999 449945 822440 636746 456733 509268 582369 660537 200847 108957 476700 692917 498153 420171 390702 670074 52727 366574 189279 873990 834722 559871 225787 341781 398200 670322 503884 108909 645084 539199 507319 145400 564807 608315 482509 638911 219098 599959 290940 592050 409843 212077 299346 397857 779708 344879 497505 509587 368950 831094 548268 861009 758697 546387 621603 520061 264040 757540 550527 808532 696560 257350 226847 809965 594507 356362 723310 198655 544523 765227 362771 852825 564983 617448 658457 200212 354279 212372
474410 706308 703200 691599 660218 613564 279697 404712 678237 211059 241179 271266 519999 411415 518598 253437 522881 59536 260675 694341 502280 231070 449945 999999999 733412 703153 593587 514652 155099 466673 249277 347660 408311 482871 623697 347334 275239 307272 493469 251842 344924 424329 456979 318855 227614 120715 515095 232402 54121 558681 354459 593436 564031 594872 345945 336645 303605 244184 305391 286539 308810 450867 391828 654892 705863 475768 358284 586849 490138 526716 635008 383367 265080 411510 548243 96448 672214 453438 222355 332845 118329 615396 676795 231675 624807 670378 389222 656810 287100 275520 164704 328194 253368 403944 124996 624768 570126 502011 106217 301581
1106008 691166 655877 689383 551085 414553 572952 687590 895958 597673 493291 957117 1121343 322035 216609 510703 327576 677611 788569 141505 378393 531162 822440 733412 999999999 274058 419064 1200527 667866 278220 757501 810990 363814 277203 390280 1040810 969636 530788 816052 938084 643851 864031 558212 1051805 773557 777609 440635 700831 735954 872153 424329 308512 1232288 909362 1078010 419839 434236 941716 631631 1015847 557100 283455 421659 882193 811417 427972 665348 559110 324984 315605 581941 810606 477721 852583 241344 747737 259980 313939 832372 671098 681995 193331 148356 837366 772334 96347 347955 629276 704288 684441 600869 928501 531721 903921 805839 223022 172719 1008149 689608 641811
970932 429450 392534 430105 290602 169203 648776 806293 657626 643746 478594 864649 971759 353270 315378 449848 180985 659700 663480 133361 212585 567757 636746 703153 274058 999999999 182529 1087945 696598 376390 634832 657474 298100 400061 142851 944746 880888 614856 616494 848079 489086 960169 705794 1000309 659390 703591 241207 758339 725543 660439 508094 112458 1106846 692766 1021599 483099 415879 941735 494273 986327 434805 316856 314411 647501 558896 256424 770505 318612 213345 176458 328570 903997 506096 946924 412725 751439 33794 261023 726328 766847 696335 404727 131257 728548 533448 331738 399623 373169 780971 553505 621515 973806 454524 984011 806936 99653 228513 835320 625441 504687
801170 276683 244147 272976 140860 20481 611987 785704 481316 587782 404541 714067 797519 343834 363810 348901 131794 561036 504269 284339 109061 514407 456733 593587 419064 182529 999999999 924744 624438 402819 477953 486546 239193 435095 41502 790605 731607 587244 434476 699128 324030 915902 712659 866095 505578 568657 79718 700009 626509 477980 495221 111562 938855 510710 884367 461124 352562 837727 338000 864089 293824 323397 213155 469564 392353 118354 743036 141188 168281 140741 164087 860549 456545 902046 474045 659349 173932 233165 573742 733265 614982 491442 272977 574552 356834 446383 389244 211925 733648 396675 551210 895924 341337 928026 709866 196132 300568 656372 501236 347771
146151 876936 896262 861960 914729 944256 789546 877251 689571 722916 722649 248646 194706 888958 998843 690301 917693 572889 424626 1126123 877056 744153 509268 514652 1200527 1087945 924744 999999999 656506 959057 453917 442103 839683 981149 965063 167584 240696 820611 556242 268534 601163 812839 960642 279707 431941 430246 851057 707521 545009 570158 865482 977749 65356 575729 254545 843014 772839 481487 593749 365628 657990 922278 791640 673064 791467 831526 839035 840115 899500 926373 871638 799114 769140 805223 1049502 565571 1064616 890171 368989 812630 621809 1114426 1108594 364779 729620 1154536 879810 864105 756105 534671 679356 636425 668920 759410 531136 1038711 1028177 346657 518109 583302
627441 788302 778494 774758 717620 642707 134447 252017 800347 75389 221723 420769 674559 359580 452640 279865 526309 115803 404042 658476 520352 137325 582369 155099 667866 696598 624438 656506 999999999 389820 386956 487450 401598 396059 646677 491585 422133 170746 620612 402033 444682 306673 305321 426021 370857 273937 552379 89163 112366 689048 250612 595941 709746 727523 456024 248253 281541 276452 402508 367927 377412 401110 411315 777197 810571 508067 204418 651539 487945 526614 701176 256570 195833 292799 452893 94810 663392 435613 375533 179697 36800 520426 642005 384802 730861 591204 323118 731154 140964 391062 75156 277219 297376 306578 146855 605993 522091 654197 228896 402233
881963 662608 635981 654746 539634 412025 299057 436162 799050 319524 236418 710907 907891 83953 68288 281907 271030 408582 573249 293265 303968 253641 660537 466673 278220 376390 402819 959057 389820 999999999 542857 617867 197168 34570 400263 793962 720973 258558 670697 691180 471274 602081 329404 785054 551108 528959 370787 424647 463042 737216 148934 315028 998076 778124 812539 141639 191298 664599 444445 743277 369911 81617 263850 780171 748743 333082 405421 508322 236275 262561 549675 546835 203491 589693 98554 471697 343796 175261 600199 406503 405179 156866 279800 606778 687255 204458 79281 595134 432786 484176 324336 651993 311355 635784 529557 276840 154301 820196 440952 452836
348565 501677 507989 486134 494639 498075 482139 637212 432058 416177 320164 237393 366721 463507 569379 260964 463891 271289 31114 674067 423292 393825 200847 249277 757501 634832 477953 453917 386956 542857 999999999 100500 393691 570967 516931 312658 255676 494005 246152 223949 156962 673553 658193 406162 31806 143613 401296 473391 303313 309721 490742 524070 477939 345597 419206 457921 351856 447663 140980 427261 204780 490371 340166 408780 473669 378566 588467 416978 447001 472738 458112 631534 388793 660667 640111 345719 610904 443748 97608 565098 353531 699082 656700 97146 393460 722703 467172 465911 527200 81648 358026 566473 232617 652011 364807 585318 584991 286597 158353 130781
314630 453561 466693 437994 473997 505476 580855 737616 343880 515636 407210 270907 315383 535675 636657 339003 499296 371756 87985 714423 453273 489714 108957 347660 810990 657474 486546 442103 487450 617867 100500 999999999 450828 648029 527577 329485 290524 590947 159816 263860 170492 771805 755626 456846 120306 235133 416709 573721 401780 216240 580249 551426 452490 249387 464046 545686 430110 529975 179760 492850 255587 557790 389403 321031 402204 404296 688818 398491 489850 509577 432177 730785 479516 759082 716262 443853 637479 498778 155301 665538 453915 771760 697713 148900 325502 785931 545556 429734 627618 133716 457343 657731 307647 748055 458991 621808 640790 202395 258819 169863
742222 474248 450884 465067 362355 254284 373974 546562 602203 355462 181103 600223 758115 118683 192539 158716 125056 362355 424756 291818 130167 280155 476700 408311 363814 298100 239193 839683 401598 197168 393691 450828 999999999 231692 252419 683432 614144 348120 481061 581850 289527 681272 477342 715338 410265 425754 186031 469727 427922 545417 258063 194349 869398 585793 738829 222699 120286 644150 271170 694011 195273 119135 68265 583593 552862 143111 504276 319466 86372 125023 364382 625444 220127 667555 290294 453340 265912 50489 470725 495288 399066 333642 274052 475243 490170 335627 157656 407375 499126 321502 326513 678406 172646 697893 508930 216526 191448 651217 341003 280969
907421 696543 669624 688806 572657 443730 295750 421565 833438 323470 259345 732624 934820 117169 85115 310460 303351 424017 601103 308559 337574 262516 692917 482871 277203 400061 435095 981149 396059 34570 570967 648029 231692 999999999 431153 815254 742054 253696 703900 712804 503747 592018 307609 799972 578068 550928 404774 423839 475655 770708 147778 344552 1021532 811684 827951 149523 219175 672243 476036 755126 402048 115821 298201 814493 783282 367428 393893 542405 269465 294499 583419 537463 217852 580013 69361 481401 368137 209311 625293 397144 414172 133450 296373 632121 721809 195246 103943 629056 427595 514320 334302 651494 340724 628746 538738 301124 173481 850182 463543 484227
842206 301052 266345 299107 161340 26431 626311 797396 516758 606218 425343 752354 838916 348282 355423 375253 133363 588678 543681 252344 126330 531670 498153 623697 390280 142851 41502 965063 646677 400263 516931 527577 252419 431153 999999999 829546 769697 599321 475412 737122 364024 933278 717824 901709 544085 603819 116041 719617 654546 517833 503064 91068 979742 549932 920547 470629 370031 867458 376464 897463 328811 323526 236649 505869 423116 148594 756054 176603 173190 139423 192331 877567 472335 919512 464732 686055 137656 238071 612167 747590 639172 476615 242461 613217 392299 424742 394915 239235 751005 435446 572577 920418 370455 947963 737813 169507 285103 697846 533984 386396
165772 782386 796174 766875 798905 810710 623679 719762 634490 556473 557651 83716 229097 725764 835821 530187 769675 405370 286995 973158 732264 576570 420171 347334 1040810 944746 790605 167584 491585 793962 312658 329485 683432 815254 829546 999999999 73346 653877 472086 103044 468120 672315 796628 173633 285890 265236 713797 547355 379489 504988 697989 832983 218169 522055 164116 675892 609837 348227 453210 248802 510306 760270 639933 614504 718271 689460 679459 721935 748284 777535 758928 652276 602107 663319 883299 402623 919420 733739 218435 652993 456308 948660 955477 216593 646989 991405 714682 758883 597805 394104 512017 505287 511096 624473 373217 888586 869250 316230 353663 443187
214309 742852 753812 727239 748830 751900 553060 655674 616211 485328 484767 19619 271618 653440 763505 459427 704044 332768 233545 904852 668323 503639 390702 275239 969636 880888 731607 240696 422133 720973 255676 290524 614144 742054 769697 73346 999999999 582323 443420 32810 412636 619954 727453 170593 226432 192721 653667 481889 309773 485012 624786 768702 288841 507222 174132 602553 537672 306863 393652 226315 446121 688379 572952 594969 689865 627062 613961 671307 681199 711493 710703 595908 528762 610136 810032 335487 854703 664268 158317 587531 386357 875477 887128 158652 615070 918994 641701 714355 533580 335507 439737 461125 441523 576145 311086 821682 798516 323115 281213 384020
779039 800487 783049 788932 704299 602358 43206 198463 864693 98165 211630 578511 820675 261664 326626 293628 467496 251878 517856 549121 478183 102368 670074 307272 530788 614856 587244 820611 170746 258558 494005 590947 348120 253696 599321 653877 582323 999999999 698896 559023 501368 346517 164896 596757 486764 412982 528198 172758 276958 769359 110208 530067 871164 810116 626727 131888 240946 438999 461391 537411 410127 298699 385328 842551 850529 482877 157135 650450 427112 463924 698833 290593 138237 333631 299047 265485 581102 364220 509416 152002 201391 364395 534529 518178 775652 445241 215320 736795 174324 471443 144857 399332 323402 377351 316425 516896 408808 777641 343315 464965
413917 320954 342243 306156 378257 449949 696437 864033 186021 636374 495772 423950 390663 586836 673564 416232 489063 507604 243776 699964 438480 596667 52727 493469 816052 616494 434476 556242 620612 670697 246152 159816 481061 703900 475412 472086 443420 698896 999999999 419267 203639 916309 862738 612581 273062 388978 382728 709244 547042 70481 666550 524120 550997 111553 617516 628969 499605 688801 239593 652083 305302 598776 413042 162811 246762 388328 814737 313237 492679 500858 332029 872100 572618 903152 767957 589685 603794 521457 315095 793315 589952 814636 685053 308698 175572 809772 608440 314774 761483 230965 578565 812438 383636 897262 610931 605174 656371 233294 394571 234740
227189 714504 724681 698881 717850 719440 531146 640292 595067 462809 454804 19930 280213 622720 732777 427624 671262 308026 202787 872369 635515 477726 366574 251842 938084 848079 699128 268534 402033 691180 223949 263860 581850 712804 737122 103044 32810 559023 419267 999999999 380871 613363 707037 193370 194302 162280 621084 465766 289892 463778 597844 735891 313426 487809 200450 574669 506797 309352 361241 240013 413316 657277 540256 573438 665006 594308 597420 640263 648525 678733 680159 586673 500743 603035 781043 318456 821897 632030 126379 571087 365770 846154 854652 127276 589231 888364 611901 684702 518404 303298 415419 460394 409277 572285 299071 788998 766740 314395 250652 351671
481931 363055 363435 348036 339520 343815 503047 676266 363695 447749 294077 394297 485811 387365 480533 213302 328847 340682 181127 544117 282882 400113 189279 344924 643851 489086 324030 601163 444682 471274 156962 170492 289527 503747 364024 468120 412636 501368 203639 380871 999999999 749775 663548 559760 186940 274688 250028 533614 393518 273240 463319 381596 617859 314638 574380 425551 296053 575277 42197 572968 102226 403271 224341 341346 366248 234275 627165 261954 320601 339208 305331 701114 371181 736078 569418 434923 468000 334948 254494 607682 418910 619701 527495 254046 286212 624668 406137 318706 582680 80374 391921 673027 180993 740378 469802 451329 475739 364313 238712 43547
833374 1094491 1083766 1081083 1018746 932849 311416 182663 1099573 328368 513118 627304 891531 607058 670350 581817 805042 410944 684381 894665 808225 401704 873990 424329 864031 960169 915902 812839 306673 602081 673553 771805 681272 592018 933278 672315 619954 346517 916309 613363 749775 999999999 325212 535475 651559 539468 848518 220277 370247 982527 456092 870867 875770 1019101 563610 477420 563595 331584 707738 450575 683818 644972 704486 1076265 1116018 803256 198703 955282 764903 802918 1004921 56187 461153 13986 623507 327973 926376 704814 636443 195614 330888 681176 880422 645539 1035866 772324 561398 1036434 182311 691214 371191 183049 602160 65736 320625 862878 754513 911598 522163 706818
931358 946041 925555 935462 839682 725280 179100 142936 1025799 248204 370402 725919 976260 369603 392614 452595 584598 406479 681410 614865 605361 267073 834722 456979 558212 705794 712659 960642 305321 329404 658193 755626 477342 307609 717824 796628 727453 164896 862738 707037 663548 325212 999999999 716633 649878 569835 663117 260269 417685 933220 219719 638475 1014788 974118 747178 256945 387351 534220 624292 646557 569350 396479 526168 1003946 1005582 619131 146104 792883 545461 578515 839684 279937 293691 316521 318561 395142 673158 480236 668746 167196 341303 367474 603407 677713 932704 462916 323471 880526 224223 636148 303472 447575 483676 378850 434914 606234 481025 940497 505389 628306
335278 904793 913218 889173 899270 886576 559441 616536 786775 499880 558664 189559 399932 729785 837417 556640 819740 376472 389842 1006085 790431 541370 559871 318855 1051805 1000309 866095 279707 426021 785054 406162 456846 715338 799972 901709 173633 170593 596757 612581 193370 559760 535475 716633 999999999 374642 298075 786579 456629 326301 655549 665151 888119 344216 677708 30557 651802 619485 204186 533798 85932 572906 768714 686156 765473 858363 754522 583402 821668 791553 825507 863937 525763 582315 528563 863827 331286 971520 763237 310949 557664 396901 931431 988371 314282 782343 989065 707993 871840 499294 479659 470020 357061 546895 480403 282988 930499 886634 485598 375556 525292
333529 533464 539774 517917 525544 525809 472292 622399 459063 405058 323113 208577 356809 473550 580979 270345 486279 255139 33284 694296 447192 388335 225787 227614 773557 659390 505578 431941 370857 551108 31806 120306 410265 578068 544085 285890 226432 486764 273062 194302 186940 651559 649878 374642 999999999 116047 428177 455708 281707 334558 490598 548016 459183 369109 388058 459226 359828 417862 167631 395542 226322 502325 359820 435872 504006 403680 574054 447874 467565 494721 489411 610942 388308 638872 647401 323650 634698 460639 68195 550098 336372 707841 676804 69299 424056 735373 474127 497616 509970 109089 347488 539598 244157 627940 339333 606863 600844 290884 145205 157807
367719 635132 637638 619809 610753 589133 390832 524994 574999 321645 292555 181958 407693 460719 570784 268692 523710 163438 147184 717512 492777 323761 341781 120715 777609 703591 568657 430246 273937 528959 143613 235133 425754 550928 603819 265236 192721 412982 388978 162280 274688 539468 569835 298075 116047 999999999 489013 353117 173051 450464 440176 591198 471819 484496 318176 414971 344983 305560 242604 299662 275034 495803 390468 551780 616062 456451 478113 533964 497463 530071 579072 501222 340993 527106 619396 213230 675503 475301 101760 452933 237542 684181 699747 111067 535438 726288 449685 593313 407814 195522 268253 423555 253717 513319 223885 637575 607131 381311 88492 235408
730807 291830 266132 284067 176798 100168 549625 726063 457597 520229 335429 636355 730590 301117 343950 274024 116868 484196 428432 317784 69542 448815 398200 515095 440635 241207 79718 851057 552379 370787 401296 416709 186031 404774 116041 713797 653667 528198 382728 621084 250028 848518 663117 786579 428177 489013 999999999 630597 549273 433926 443538 141457 867513 469937 805052 407315 288663 759278 260604 784414 214118 289188 144468 442716 386070 45531 681753 137771 138462 128919 179525 793722 393487 834586 452936 583061 223694 195527 496217 670268 540989 480850 303406 497361 335859 451040 343089 224371 666788 319717 480390 821165 264032 857709 632594 223269 297442 595260 421732 270612
692942 874404 863491 861080 799252 717571 129569 174798 889414 114737 295577 483346 743706 410389 491330 361775 594671 202465 488989 707794 593631 190771 670322 232402 700831 758339 700009 707521 89163 424647 473391 573721 469727 423839 719617 547355 481889 172758 709244 465766 533614 220277 260269 456629 455708 353117 630597 999999999 181616 777411 276556 662681 764326 815618 487185 286296 349969 277138 491424 386588 464011 450900 487358 866250 899284 585615 132144 735127 555174 593717 784776 168390 252354 206302 471739 147492 724700 498433 454709 105686 119923 537130 692153 464030 819726 617203 368499 816161 54697 480072 151149 227672 381892 228358 176913 664135 568384 734401 316176 491282
515906 752716 748107 738220 700650 646124 244548 355634 731481 178802 251722 308509 564344 415990 519529 279798 547102 66152 314735 707139 530758 215179 503884 54121 735954 725543 626509 545009 112366 463042 303313 401780 427922 475655 654546 379489 309773 276958 547042 289892 393518 370247 417685 326301 281707 173051 549273 181616 999999999 612560 338852 617957 597603 648891 355288 326567 315808 216233 353036 280307 349251 456762 419373 708137 756696 508170 310433 628781 512274 549877 677520 329358 259583 357404 538245 42664 693720 470121 273980 284505 76837 605984 689855 283294 675723 667487 388366 701350 236132 326765 143724 280626 285288 350910 83358 642789 577897 553604 156200 349987
424552 322609 349973 309298 403649 491716 766684 933623 131294 706257 566069 465994 391162 653544 737514 486252 544582 575319 303525 751567 493762 667116 108909 558681 872153 660439 477980 570158 689048 737216 309721 216240 545417 770708 517833 504988 485012 769359 70481 463778 273240 982527 933220 655549 334558 450464 433926 777411 612560 999999999 736488 574113 556831 41409 657768 698784 568780 745437 309885 701132 374319 663889 477172 110020 221417 444489 884341 347191 551383 556576 356953 939187 642966 969494 833915 655103 650457 584002 369649 862704 657829 878966 737329 362405 167466 870378 676509 331065 830000 300696 648334 873727 453719 961722 673838 657186 716157 228890 461862 305169
806442 726858 705943 716516 620217 508746 150125 298643 819365 176653 173532 617762 841118 157078 216710 250346 369821 294966 518358 438965 387045 124080 645084 354459 424329 508094 495221 865482 250612 148934 490742 580249 258063 147778 503064 697989 624786 110208 666550 597844 463319 456092 219719 665151 490598 440176 443538 276556 338852 736488 999999999 428538 910829 777861 694050 38713 172485 527021 427376 614866 363817 191241 306897 798280 790881 399433 262642 573347 329882 364882 619996 400353 102295 443364 202314 339468 474466 265136 526653 260757 271884 269949 424468 534565 720271 342588 109716 661083 284037 450853 195149 504203 283018 487499 395680 409333 298668 777168 358119 433172
863260 387681 354281 384376 249712 110773 560466 726268 588427 548041 375179 752579 866653 271567 266342 340032 70857 551874 553123 178000 100831 472180 539199 593436 308512 112458 111562 977749 595941 315028 524070 551426 194349 344552 91068 832983 768702 530067 524120 735891 381596 870867 638475 888119 548016 591198 141457 662681 617957 574113 428538 999999999 998191 609230 909260 398891 314494 833786 384089 875300 322766 242005 202801 575425 503364 147342 687165 250605 107999 69327 275623 814763 411041 857322 374840 645573 86872 166202 614641 680854 592978 385547 164840 617049 464384 335542 318923 323427 689528 443078 520840 872728 343081 890327 700117 85690 194045 735135 513585 394576
139024 871495 893162 856896 919035 957900 841600 935519 670048 774094 762243 293605 167227 925475 1034828 724351 940677 621149 447499 1151981 898066 791147 507319 564031 1232288 1106846 938855 65356 709746 998076 477939 452490 869398 1021532 979742 218169 288841 871164 550997 313426 617859 875770 1014788 344216 459183 471819 867513 764326 597603 556831 910829 998191 999999999 557765 319564 886673 809549 544844 614763 430057 682651 957264 818027 655151 777781 851072 896250 846224 924901 949894 874743 860768 812679 867903 1090384 620508 1084959 919801 400545 869797 674399 1154324 1134630 395134 720630 1190312 919082 863675 813908 556639 728360 700403 701031 823109 588824 1062673 1059588 328530 558119 604222
429579 336939 367036 324700 428784 523643 806980 973094 114257 746093 607311 488598 390730 694515 777677 527603 581941 613293 337312 787040 531136 707827 145400 594872 909362 692766 510710 575729 727523 778124 345597 249387 585793 811684 549932 522055 507222 810116 111553 487809 314638 1019101 974118 677708 369109 484496 469937 815618 648891 41409 777861 609230 557765 999999999 678304 740175 610181 775713 351125 726803 415717 704431 517530 97489 222714 482300 923835 376770 589902 593990 382384 976453 684170 1006169 874656 691316 683997 623797 400053 901982 695867 919208 773102 392393 182312 909333 717768 352761 868484 340595 688058 906871 495053 997006 708302 692968 754902 229750 499652 346285
320255 914756 924333 899131 913560 904838 589611 646862 788698 529678 584723 193668 385191 756094 864145 580131 841372 404087 401088 1030063 810948 570144 564807 345945 1078010 1021599 884367 254545 456024 812539 419206 464046 738829 827951 920547 164116 174132 626727 617516 200450 574380 563610 747178 30557 388058 318176 805052 487185 355288 657768 694050 909260 319564 678304 999999999 680124 644966 232941 550030 113067 592001 794712 707880 767787 863996 774003 613897 835894 813945 847412 877305 554963 610164 556957 892179 361243 993202 787123 322618 588178 426560 959710 1012326 325161 789052 1016321 735155 883701 529791 494720 498992 384082 569272 507668 313403 953344 912017 479763 398201 541233
779202 689143 668664 678662 584105 475237 166621 327527 780822 178225 138489 594596 812057 129834 206063 213018 337857 277259 486128 422156 352456 113067 608315 336645 419839 483099 461124 843014 248253 141639 457921 545686 222699 149523 470629 675892 602553 131888 628969 574669 425551 477420 256945 651802 459226 414971 407315 286296 326567 698784 38713 398891 886673 740175 680124 999999999 133779 523610 390110 605671 325623 167732 269227 759787 752240 362863 288550 535957 297611 333634 582910 421310 73994 464315 212056 331948 449328 233689 498107 283790 264843 279630 406867 505760 681559 343697 84090 623580 300580 415245 184780 512477 245760 504726 389420 385464 282302 743854 330688 396138
