NAME : synthetic_000228
TYPE : CTSP-D
DIMENSION : 100
GROUPS : 8
RELAXATION_LEVEL : 1
EDGE_WEIGHT_TYPE : EXPLICIT
EDGE_WEIGHT_FORMAT : FULL_MATRIX
EDGE_WEIGHT_SECTION
999999999 576079 718809 557580 410845 669001 1000220 358822 899746 728762 851488 546687 492169 395412 799104 590310 239274 734601 650573 904130 469160 950902 59581 480368 430591 772018 780554 678452 387113 927311 792968 693892 990096 645644 401686 615982 741437 13550 170980 458622 664605 368146 423409 333707 186531 501558 203828 786516 388293 800924 855609 502023 611454 439860 458825 771233 743161 630179 759570 175228 252629 420613 685049 913678 922412 25758 124345 430455 720503 724262 850207 846863 111746 524275 517426 191011 321930 788795 270078 814492 659619 891561 984897 393988 994112 451773 913010 288439 332092 773883 234348 313908 142782 136676 521114 225238 1031545 408638 54823 645256
576079 999999999 396964 183308 180621 325690 439680 227084 328072 361885 640213 552035 485519 423307 661019 131345 466520 325766 410188 576433 128599 418632 593175 502809 613229 226660 317923 103615 740033 383160 491772 132318 684891 191216 495403 386774 263635 569622 583805 657619 95236 372820 544533 510638 390281 550170 428396 648743 225327 312289 306747 381640 226230 172906 564741 234592 470357 255534 599548 404011 578249 672993 177424 340536 397696 574132 483681 793367 157116 591621 611550 362776 659257 594274 402339 485674 593952 389855 310961 424347 301677 506541 663096 352755 434166 339617 337148 565145 655471 329165 680794 731332 608151 468227 56678 485126 461635 345317 563397 112345
718809 396964 999999999 230391 496913 722004 672331 422346 443837 53001 246756 920273 306042 347954 289343 528158 496933 712783 90760 197656 358327 710534 763672 330836 477432 551702 174847 420997 657076 664732 96267 342543 301184 210525 388851 780861 635070 706817 624525 507185 438626 354518 413749 819066 563529 907424 674978 279566 546069 668078 600517 756402 173079 347921 406247 568233 77995 142703 230516 563818 566529 551656 552237 549713 703708 702860 688733 697547 479958 240502 215296 224253 748328 387890 779183 542567 534317 99710 546641 108057 95661 173783 285755 326460 669762 268319 493227 848055 592368 149934 688020 696975 817251 677093 391121 749073 655022 692860 737072 491227
557580 183308 230391 999999999 268129 505744 565603 214026 384654 209136 464131 690104 320473 284129 478725 311957 380020 509065 228463 424079 129640 570669 591626 341085 469574 386025 224678 245276 621016 529326 326539 196434 530289 89896 353091 555113 443598 547656 511166 511495 253592 250013 398155 599010 379679 678279 469723 466270 318127 487760 455153 526070 62885 129960 411175 398525 296962 91624 417429 385778 480602 537185 357116 448643 555201 547555 499218 671368 310046 408421 438708 289760 614822 429548 548914 414463 476933 256130 338291 288495 137252 373304 512671 222170 561213 186290 416883 635700 540506 221616 597180 631546 630642 485572 164114 540528 570083 463784 562620 291933
410845 180621 496913 268129 999999999 318640 589377 124465 507525 477050 718478 424631 470050 378058 714975 183154 357976 360815 477429 692107 138707 543839 420510 479578 552569 361366 468961 275552 642012 517782 592320 311765 797826 326167 443954 325387 342935 406309 452360 597383 258401 318398 493398 339692 232625 410517 248400 701684 50784 402101 445121 267458 329968 155794 522335 361297 558042 359592 656510 249668 468744 598040 276943 505750 516770 412989 308164 696255 311050 637951 697670 523885 504701 568610 291036 361394 502649 520550 140805 554007 405314 638972 780711 312097 583275 330124 512420 388054 557709 473806 552632 614741 429122 292592 136836 304800 621639 195948 391173 234423
669001 325690 722004 505744 318640 999999999 439754 441819 501911 684480 965902 333339 776977 692525 984378 194444 672940 80767 734156 895177 407876 347614 655838 789445 870910 262274 621329 322186 955827 348637 815979 405788 1003421 513228 760553 109467 153707 669155 752978 915803 298553 633758 810366 427243 523224 358953 467304 971837 306938 190407 309666 204072 551913 445718 837947 245919 795991 581177 923149 542296 781019 916443 192904 424085 315252 679687 546356 1009840 288798 912804 936976 649411 776859 880361 206126 670058 819527 705390 428162 739375 627077 817425 979722 623839 433352 631050 473304 503814 872518 637809 852410 920736 627183 532827 344633 477639 496180 268392 631309 238348
1000220 439680 672331 565603 589377 439754 999999999 665643 237400 619744 900005 772974 884452 845539 960102 413584 905796 362203 734731 765876 566837 109071 1007269 905949 1034004 228767 502967 338377 1174726 91327 738047 369232 858500 501992 916434 548951 294208 995600 1023065 1076585 344618 802093 962894 842167 819486 797984 824390 951062 615842 249364 146814 632994 565592 609823 976777 232058 747215 580031 902595 835164 1016968 1099403 320537 122859 136010 1001961 893418 1227208 283830 911719 860969 480660 1091826 992489 640382 925220 1028424 599302 730171 622711 606103 668079 828161 778122 6531 750830 183735 913982 1091010 528266 1120435 1170341 1003893 877963 496001 861407 64192 665144 978494 355015
358822 227084 422346 214026 124465 441819 665643 999999999 542426 414227 623253 524764 348374 253827 608920 286762 246647 478871 384993 619937 110385 635539 385296 356605 429168 445259 437389 330558 528592 603953 513448 336004 721162 295477 319528 448531 449365 350760 357493 474116 321283 194047 369055 397759 173309 502894 256415 595462 154639 506671 528268 380498 275151 85232 397872 449410 472821 300444 552835 183625 359298 477259 373476 567329 611293 353498 286787 582769 381866 530406 607024 500530 434259 444795 404059 260248 385696 466961 125457 497776 340443 581439 707672 189278 659982 214337 559064 426290 443621 435547 455591 510288 418034 272683 170406 328679 688709 294849 355643 318567
899746 328072 443837 384654 507525 501911 237400 542426 999999999 390836 664197 814418 686950 667601 728029 377922 758050 446155 514371 528555 432533 305448 920021 710279 848378 240772 270383 234676 1005405 260308 503241 206512 622457 303695 734537 603735 353852 892375 885686 888209 256065 634347 776946 822195 713215 826146 755899 719626 548852 347384 227122 650265 365603 467939 785096 258495 516111 372492 672103 725293 863024 918440 316783 123969 312152 895686 811532 1055267 225672 684337 624762 243326 975682 791064 665229 786946 861587 364484 638475 386343 389200 430946 592438 606802 236274 568236 54024 883568 925160 295806 976648 1015150 936127 796116 380127 809784 211608 646245 890175 304452
728762 361885 53001 209136 477050 684480 619744 414227 390836 999999999 292498 896902 343748 373081 341007 491995 515229 671220 134710 216814 338762 659574 770764 368733 515780 504268 122199 376805 693031 613608 132933 296201 324613 171330 420634 748245 591153 717258 645398 547800 395709 371598 449648 806806 565502 886596 669963 331568 527207 621927 550493 730574 147157 334809 445287 521199 128235 117518 282864 567585 592421 589986 509788 497227 653481 714320 689772 735418 433896 293502 258233 174997 765662 431919 752926 559084 565180 62392 539641 85868 73809 167395 305033 342304 617239 285126 440297 840240 624976 97601 714256 728172 819907 677365 362374 742869 602042 672324 743282 450451
851488 640213 246756 464131 718478 965902 900005 623253 664197 292498 999999999 1142326 363103 456311 99181 771518 612610 959158 241049 167468 583805 948318 904796 379769 494344 796765 398331 667671 670115 902002 162991 588371 172281 457020 458848 1019243 881815 838249 718884 504091 685375 492105 456456 1017110 730392 1124323 857315 101928 764557 914147 841390 984508 414011 563100 430619 813659 170252 384788 97802 725201 642610 559154 798910 779417 943880 830692 852799 695018 726024 137997 40963 422859 850595 378921 1007834 661154 588477 300915 738908 277981 339488 255243 186752 472649 898182 422419 716831 1033712 631061 373509 753048 735302 971749 843966 628211 932542 874491 911809 882307 737505
546687 552035 920273 690104 424631 333339 772974 524764 814418 896902 1142326 999999999 862784 758450 1133453 445852 668712 411351 901397 1113438 562302 678048 506332 865947 895033 584326 869623 599277 916125 681753 1016125 671752 1220269 735162 809881 224024 484268 553541 690836 935420 574296 700773 853494 214026 491029 49048 367355 1120016 377769 523621 641219 170675 750182 579288 888063 570366 982652 780438 1076643 507544 750743 916092 498173 751708 645891 567527 433047 965172 589494 1055105 1122207 913875 655921 945709 151575 642641 809610 934946 430269 969201 827060 1053388 1201867 705452 766591 738472 793786 276857 844706 879508 775672 854321 441680 427171 536599 322123 829429 230789 493970 516254
492169 485519 306042 320473 470050 776977 884452 348374 686950 343748 363103 862784 999999999 107470 307227 596999 253131 799615 215896 447366 372237 890695 547589 24987 172034 703713 450693 563796 351109 849726 343468 515599 515648 385599 96336 795426 748113 478741 356078 205568 569186 162178 108403 701840 396248 834836 530756 294500 502886 797800 775231 727764 322223 331722 101898 714905 291610 314904 268476 386535 282351 246260 662569 765353 874295 470282 509834 391885 628246 232218 367608 513785 487642 109370 751187 301164 236246 403188 433524 413943 307547 468253 516642 159384 880279 147288 726369 703450 289762 430944 398451 395757 619453 503546 444313 603650 884711 637674 527214 597817
395412 423307 347954 284129 378058 692525 845539 253827 667601 373081 456311 758450 107470 999999999 409990 521931 157795 722394 266809 517197 299639 839482 448518 107527 190144 648563 461052 512742 338280 801248 407518 478466 597123 365020 72102 702162 679449 382259 278070 234331 513823 59944 121485 594499 288873 729340 423288 396903 406130 732557 725230 628264 306748 255702 145646 657597 355921 309812 365995 279520 219371 253931 596201 731163 820129 375190 403968 387667 575246 332622 454987 528065 405665 191460 651459 206222 197792 435417 328319 453603 318657 520368 594025 70970 840813 99890 701000 596246 260665 445665 341196 359006 517127 397153 375251 496280 853304 535773 426432 533395
799104 661019 289343 478725 714975 984378 960102 608920 728029 341007 99181 1133453 307227 409990 999999999 790666 560314 985642 250870 262190 586950 999822 854798 319081 415689 837410 457867 702410 585417 954061 228185 627988 269165 489932 398552 1028073 913902 785639 655727 419927 717562 454583 387377 992905 695247 1111535 826862 13496 757783 951149 889278 982404 437985 559722 357563 853255 212964 411567 61569 687699 575695 475773 828771 837867 992578 776857 813576 606600 763901 79202 133879 492752 787285 299672 1005998 608190 516665 364631 716292 348125 371003 341892 285504 440052 957752 397426 779075 1002331 553587 432446 680038 655430 926290 806208 640750 901403 939608 902938 834369 765100
590310 131345 528158 311957 183154 194444 413584 286762 377922 491995 771518 445852 596999 521931 790666 999999999 532564 202727 540135 704989 224861 361210 594343 611789 707968 185237 437837 153443 815326 337171 622668 228549 813453 320724 592778 260468 162695 586675 634132 753005 128518 465964 642812 447629 415574 452108 410860 778227 202910 220718 267153 276791 357509 267002 667069 181960 601700 386877 729325 432785 644907 761135 94741 344731 333729 594107 480303 869517 154738 719950 742873 474173 687067 703568 294331 540996 672232 516532 321984 550869 432978 631266 790790 451263 407273 449731 367825 513343 730372 451986 734186 793908 590880 464917 154456 450968 452173 269663 565855 73474
239274 466520 496933 380020 357976 672940 905796 246647 758050 515229 612610 668712 253131 157795 560314 532564 999999999 718788 420984 673392 339005 881157 294491 242510 226947 689971 587424 567597 284043 848283 562976 555326 754859 469278 165719 657757 695252 225918 132370 266708 561754 143645 196479 481177 177693 632890 307697 547623 366642 752985 772145 564647 421072 296741 232877 695007 511886 432620 520305 161450 112672 251355 620122 801034 857469 218083 268147 338295 623531 485054 612495 655269 251401 297160 586107 48567 148080 577279 254461 599047 452486 670663 751390 173188 900385 230142 783204 468226 199837 575890 218611 264880 367939 265097 410872 373413 923804 465553 274755 564423
734601 325766 712783 509065 360815 80767 362203 478871 446155 671220 959158 411351 799615 722394 985642 202727 718788 999999999 734839 875606 427385 267446 725166 814126 906135 206128 595793 296567 1002817 270877 804050 380543 982875 502260 792480 187636 92860 733831 807566 951209 275894 665286 842552 506316 579478 438761 535721 973555 358942 113793 239120 284281 548186 468858 867916 187873 788977 575929 924086 598211 829243 956127 161899 357200 235129 743661 613745 1057054 250142 917208 927878 616195 840351 905838 286876 720436 862963 685237 483306 718366 619961 792622 957619 652140 355884 652379 412189 582463 918515 614557 907702 973193 700912 599652 356810 551585 420334 342453 699621 221667
650573 410188 90760 228463 477429 734156 734731 384993 514371 134710 241049 901397 215896 266809 250870 540135 420984 734839 999999999 253562 343305 762788 698681 240559 386865 592157 253349 454607 566997 718062 142465 384207 343840 243787 301480 781530 664195 638074 544877 416430 468520 282509 324001 781680 507461 883990 627672 238717 523650 703236 649543 743635 188052 322115 315607 607216 93090 163418 189366 505223 482650 461056 578642 611973 752747 632924 632443 606977 517402 184636 222127 309642 671599 297888 767004 468120 446898 189834 504327 198184 128985 255409 335588 256926 731608 200072 560856 803393 503788 230180 603404 608985 757695 622004 391743 702786 723089 671009 673398 514619
904130 576433 197656 424079 692107 895177 765876 619937 528555 216814 167468 1113438 447366 517197 262190 704989 673392 875606 253562 999999999 553427 826050 951906 469390 604972 694206 282906 579043 786761 779589 111212 495176 108482 385236 541494 963206 790927 891636 794327 624072 600300 536064 553182 1016697 757061 1102353 871650 261191 741817 814732 726394 947381 363265 545202 535225 712353 161511 333079 234316 756084 727167 675967 713786 649516 825874 886446 882386 818920 630020 270017 128644 286152 922861 496394 969740 720949 683544 190405 743973 157402 286828 98524 88605 510341 764827 453053 582457 1045335 734859 261939 845418 841093 1009327 871272 579142 946025 733651 887860 926321 658110
469160 128599 358327 129640 138707 407876 566837 110385 432533 338762 583805 562302 372237 299639 586950 224861 339005 427385 343305 553427 999999999 546918 494334 386945 488346 354892 340352 228595 611464 511758 453929 226022 659138 196113 371367 441422 379891 461145 459466 533100 223461 246450 421097 471232 283274 549183 351997 573902 188501 433030 435346 400947 191976 44723 443696 362001 420829 221245 527077 293996 450214 546080 296680 463173 525340 463826 392284 664851 285549 511935 561384 400110 543290 478741 424176 360699 465441 384113 222166 417098 266679 502057 642032 228669 561458 225049 450840 511534 526876 342186 554968 603519 522453 377582 76027 419425 585593 334611 464557 234676
950902 418632 710534 570669 543839 347614 109071 635539 305448 659574 948318 678048 890695 839482 999822 361210 881157 267446 762788 826050 546918 999999999 952128 910492 1029602 192027 550703 327610 1158186 46504 785328 380923 924124 521053 911458 454922 216022 947582 990897 1073483 325762 790949 959773 764418 776463 706207 765029 989786 562653 161242 115517 547810 582553 591445 977349 186169 787727 601677 940288 793401 993683 1091059 266898 181662 32371 955208 838057 1211699 264259 944971 910843 540454 1048256 999976 552633 895244 1012313 648648 683193 675617 634219 730414 894726 769695 104123 750007 252952 838582 1073429 575111 1090184 1145649 940880 822904 471930 794642 173237 591271 924273 316972
59581 593175 763672 591626 420510 655838 1007269 385296 920021 770764 904796 506332 547589 448518 854798 594343 294491 725166 698681 951906 494334 952128 999999999 536684 490114 778503 816003 693682 442796 931120 840701 715813 1040137 677958 458573 594423 739444 72743 230135 518175 678103 417339 481800 292313 212663 459722 189536 842088 391525 798458 861336 478044 647916 469045 517409 776270 791628 668340 813947 205912 312188 479778 688731 926220 922719 85153 114131 484323 731537 779261 902216 881366 151723 582878 491406 246907 381503 829774 282404 856631 700193 935307 1033929 441785 1001034 498854 930025 239079 390570 810804 287342 366430 84122 129439 539905 190976 1041778 389835 29868 653693
480368 502809 330836 341085 479578 789445 905949 356605 710279 368733 379769 865947 24987 107527 319081 611789 242510 814126 240559 469390 386945 910492 536684 999999999 147053 722686 475461 583204 326463 869903 366578 536846 535297 408284 79713 804826 764577 466871 339305 180856 587904 165850 84510 700561 393288 836832 528341 306706 510525 815028 795110 734211 345126 345410 77021 733524 314894 338613 283831 382542 263335 221287 679405 787310 893608 457880 503792 366950 647462 246283 386193 538688 471102 91829 757517 289782 214337 428125 435846 438680 332145 492220 537176 167503 901705 163282 749203 699431 266375 455814 377605 372531 610223 498200 460094 600341 907066 642647 517259 614938
430591 613229 477432 469574 552569 870910 1034004 429168 848378 515780 494344 895033 172034 190144 415689 707968 226947 906135 386865 604972 488346 1029602 490114 147053 999999999 838700 621191 702683 182265 991200 507149 665619 660074 544737 118153 869567 867331 417374 264435 45076 703965 242308 71539 707412 404190 859738 534376 405527 572679 921302 915255 784010 483075 443932 71435 847648 456444 479960 396662 388341 179737 74260 784983 918166 1010260 405329 489383 220117 765353 356353 508626 685106 388999 116127 806226 260357 111221 575105 473270 585036 477267 635609 665845 260476 1029399 283401 884675 690137 137910 602082 266736 240962 571609 488293 564269 598266 1039619 686425 477699 722762
772018 226660 551702 386025 361366 262274 228767 445259 240772 504268 796765 584326 703713 648563 837410 185237 689971 206128 592157 694206 354892 192027 778503 722686 838700 999999999 411303 140787 966208 158730 635766 209494 798913 348488 720628 367036 113373 767657 801983 882805 135034 599255 769285 623857 592729 601339 596049 826430 387087 120850 83918 428009 406103 399424 787870 18968 629682 428776 776471 608895 802354 899429 94917 168887 171584 774325 664656 1019692 76036 776612 761980 421224 865242 813075 439744 705442 820298 506460 502136 537532 466594 605240 771852 578453 222534 560885 211290 693008 881486 432940 900705 954707 776093 649198 280012 635249 267674 445157 749744 128058
780554 317923 174847 224678 468961 621329 502967 437389 270383 122199 398331 869623 450693 461052 457867 437837 587424 595793 253349 282906 340352 550703 816003 475461 621191 411303 999999999 300359 793209 504275 235581 216069 388310 144255 517605 698289 509294 770228 719760 656260 323091 446425 552254 808318 604316 865930 690881 449309 519548 531840 446430 699449 169364 352286 552467 429451 245729 154808 401725 610093 676641 694708 434714 381506 547726 769394 723594 838438 347974 414800 360302 67850 831618 545889 720257 626958 658254 97951 559734 126658 144248 196872 362177 416446 500864 364256 321219 851657 720230 25430 797510 820057 855009 709786 337388 759602 481981 656139 787110 382989
678452 103615 420997 245276 275552 322186 338377 330558 234676 376805 667671 599277 563796 512742 702410 153443 567597 296567 454607 579043 228595 327610 693682 583204 702683 140787 300359 999999999 837291 288518 509699 84317 686408 212570 584542 406639 214356 672284 686707 746327 25099 466132 632522 588754 493168 605080 523565 691040 314811 248793 212672 430115 267186 271449 649746 153953 498437 291390 641089 507217 678602 765470 134770 236922 310500 677077 582782 890125 64772 639239 634770 327659 762772 673159 447771 588314 690964 388669 411316 421843 331725 497149 661410 443602 333075 422397 236901 649051 753242 318314 783140 832002 704608 567243 160213 575526 358196 414696 664020 85855
387113 740033 657076 621016 642012 955827 1174726 528592 1005405 693031 670115 916125 351109 338280 585417 815326 284043 1002817 566997 786761 611464 1158186 442796 326463 182265 966208 793209 837291 999999999 1123164 689403 812299 838555 703286 275758 934546 977957 376462 225558 166043 834481 373625 243515 710110 442184 874636 549632 576519 648945 1035130 1046735 834441 644690 567176 253317 972636 638613 645939 573252 423239 175116 111332 900991 1063974 1135855 362187 484543 54264 896643 532847 687154 858719 303914 292476 854426 287583 146331 753467 531351 765033 649026 817540 845694 399572 1169659 438136 1037434 673847 85029 775572 158441 88855 526498 489230 686266 597688 1186763 734602 441521 843103
927311 383160 664732 529326 517782 348637 91327 603953 260308 613608 902002 681753 849726 801248 954061 337171 848283 270877 718062 779589 511758 46504 931120 869903 991200 158730 504275 288518 1123164 999999999 739011 337572 877840 477119 873060 457733 205446 923434 960699 1034808 288857 753952 920982 755301 750001 707160 745757 944105 539997 158237 76433 543479 539096 555988 937713 156544 741801 557560 894674 766471 960533 1053718 242499 137123 54862 930540 817002 1176424 226755 899795 864459 494069 1022396 958870 550240 864158 977020 602214 658153 629124 589324 684040 848502 731944 85027 710364 208498 828091 1038630 528722 1059432 1113106 923653 801687 437710 779193 151367 579518 902812 286442
792968 491772 96267 326539 592320 815979 738047 513448 503241 132933 162991 1016125 343468 407518 228185 622668 562976 804050 142465 111212 453929 785328 840701 366578 507149 635766 235581 509699 689403 739011 999999999 428655 207716 302958 435538 876614 724031 780498 685271 530223 528630 424960 451035 911079 646644 1002722 762948 221595 641147 754123 678681 852599 269194 441730 436208 652964 52141 238752 178898 645345 620056 579851 642695 616988 781030 775387 771928 724746 566282 203524 126335 264901 813046 404041 875406 610333 579353 138825 636428 119945 191599 132282 195581 399135 736088 341850 555351 937429 632953 210627 739477 739094 898446 760997 487287 837620 714328 788218 815153 583062
693892 132318 342543 196434 311765 405788 369232 336004 206512 296201 588371 671752 515599 478466 627988 228549 555326 380543 384207 495176 226022 380923 715813 536846 665619 209494 216069 84317 812299 337572 428655 999999999 602332 140705 548561 486961 296417 686306 681141 707809 107240 438724 594308 642528 507425 674034 557840 617081 357515 325781 266310 501307 201632 262070 607586 225738 420464 221510 567139 519138 662702 732286 218948 252719 369086 689409 609129 863729 137697 568170 554418 246054 769210 624074 520348 582227 666700 304920 435866 337858 257428 412834 577181 413010 364907 382221 227880 697456 730027 234075 773752 815823 736015 593871 177839 616564 374920 474582 685944 167823
990096 684891 301184 530289 797826 1003421 858500 721162 622457 324613 172281 1220269 515648 597123 269165 813453 754859 982875 343840 108482 659138 924124 1040137 535297 660074 798913 388310 686408 838555 877840 207716 602332 999999999 493683 611835 1071664 897420 977264 870006 672905 707960 622799 616234 1118787 851285 1208320 969852 273592 847170 919674 827632 1054847 470260 648854 593549 817253 251211 439907 265935 848999 797997 727268 821178 745259 925597 971119 976282 865391 736214 306149 151486 384124 1000572 546189 1077313 803145 748487 298194 843959 264604 393209 194596 31377 598979 857900 543253 676466 1144739 794942 368436 912633 900333 1101088 965821 686954 1044693 822199 993749 1015581 766105
645644 191216 210525 89896 326167 513228 501992 295477 303695 171330 457020 735162 385599 365020 489932 320724 469278 502260 243787 385236 196113 521053 677958 408284 544737 348488 144255 212570 703286 477119 302958 140705 493683 999999999 431004 577984 425522 635993 600741 584872 228794 336301 473277 664840 465401 728525 547176 478658 376915 461226 406846 566480 63744 210276 482168 363808 287017 80806 428690 472574 568114 614783 341939 381120 509758 636272 582257 752456 274169 428131 425708 205182 704605 492060 588205 504280 560940 200202 416297 234642 119169 318312 472108 307508 498214 265252 340950 707427 624411 147639 685738 717868 713502 568147 198754 615458 499300 516449 648683 280715
401686 495403 388851 353091 443954 760553 916434 319528 734537 420634 458848 809881 96336 72102 398552 592778 165719 792480 301480 541494 371367 911458 458573 79713 118153 720628 517605 584542 275758 873060 435538 548561 611835 431004 999999999 765861 750994 388160 260040 162229 585849 127226 50073 635522 326952 778177 461930 386264 468681 804379 797104 687078 370744 327224 79421 729697 383411 370558 363341 314359 186320 184175 668021 801256 892201 378864 431345 322599 647206 325978 463938 583438 391756 136678 709939 211863 145509 482123 380660 496635 373531 556680 612381 142842 911774 166889 769386 629488 204344 500357 304045 308162 533509 426846 447109 531933 923066 592141 439989 605377
615982 386774 780861 555113 325387 109467 548951 448531 603735 748245 1019243 224024 795426 702162 1028073 260468 657757 187636 781530 963206 441422 454922 594423 804826 869567 367036 698289 406639 934546 457733 876614 486961 1071664 577984 765861 999999999 262059 618159 720817 913626 381791 642254 814486 339397 493026 251593 412279 1015095 297333 299602 418678 117772 607955 472546 844962 351713 851401 638202 967831 512164 759820 907571 288273 531735 422652 630035 491638 987653 383711 953357 993258 733001 726851 893319 110530 647043 805835 775975 403949 810408 685204 891446 1049746 637323 542569 654179 578240 416730 853853 712361 817591 890316 554809 479772 391084 407300 605639 207712 572707 320786
741437 263635 635070 443598 342935 153707 294208 449365 353852 591153 881815 484268 748113 679449 913902 162695 695252 92860 664195 790927 379891 216022 739444 764577 867331 113373 509294 214356 977957 205446 724031 296417 897420 425522 750994 262059 999999999 738976 795242 912254 196736 625023 800842 550165 573174 506056 551146 902216 354219 59609 156951 338833 476190 423781 823508 95357 712273 502375 852391 591003 807561 922241 86534 270416 185016 747419 625695 1032134 161418 848257 849112 526355 842211 856318 346809 703071 834589 601016 477812 633527 544515 705647 871468 608491 287688 601351 321605 623517 892985 529093 895470 956206 725483 610767 304903 578759 346879 375550 712133 151889
13550 569622 706817 547656 406309 669155 995600 350760 892375 717258 838249 553541 478741 382259 785639 586675 225918 733831 638074 891636 461145 947582 72743 466871 417374 767657 770228 672284 376462 923434 780498 686306 977264 635993 388160 618159 738976 999999999 158610 445687 658820 355590 409878 341200 179463 508844 205916 773061 385257 798520 851355 504942 601022 431056 445310 767189 730587 619415 746223 167196 239696 408122 681380 907921 919311 14375 127086 420506 715197 710858 837124 836691 108693 510764 520802 177602 308939 777453 265521 802939 648396 879717 972208 381647 989522 439516 906309 298046 320098 763284 225069 304623 155352 138388 514369 231576 1026226 410559 65099 640586
170980 583805 624525 511166 452360 752978 1023065 357493 885686 645398 718884 690836 356078 278070 655727 634132 132370 807566 544877 794327 459466 990897 230135 339305 264435 801983 719760 686707 225558 960699 685271 681141 870006 600741 260040 720817 795242 158610 999999999 289172 678534 274741 269484 484697 229904 649104 325228 643880 448653 854266 885342 615890 553367 419647 302475 805235 633472 564952 623125 210760 84739 249656 725693 922528 965488 145222 259012 274480 739342 585252 723422 787608 131814 366740 634885 98951 153629 707654 324989 728351 584068 797734 868975 304604 1017430 360511 908584 451072 161983 708039 100333 169520 313761 263751 527245 372229 1044695 516572 222774 674466
458622 657619 507185 511495 597383 915803 1076585 474116 888209 547800 504091 935420 205568 234331 419927 753005 266708 951209 416430 624072 533100 1073483 518175 180856 45076 882805 656260 746327 166043 1034808 530223 707809 672905 584872 162229 913626 912254 445687 289172 999999999 747972 287252 113865 745032 444397 899346 572792 410787 616960 966104 958968 826969 522618 488745 104007 891925 480618 518123 407354 428023 205996 56000 829769 960118 1054385 433033 524643 194914 809225 366969 521620 719130 407739 127770 849044 296750 136826 605912 515981 613953 512992 660482 680639 304941 1072045 325756 925409 724953 144022 636403 276272 237671 600838 524398 608979 634926 1081228 729002 507669 767402
664605 95236 438626 253592 258401 298553 344618 321283 256065 395709 685375 574296 569186 513823 717562 128518 561754 275894 468520 600300 223461 325762 678103 587904 703965 135034 323091 25099 834481 288857 528630 107240 707960 228794 585849 381791 196736 658820 678534 747972 999999999 465339 634378 566335 480248 580383 505457 705989 295636 235320 212443 405275 280516 267379 652836 145733 515649 306007 656104 494858 673437 765359 114125 249101 306549 664043 566424 887650 62162 652973 653131 351993 751109 678512 422815 580605 688270 409903 396113 443360 347787 519652 683314 443937 339056 425889 254899 627590 750068 340400 775821 826557 686767 550860 151384 555736 368496 391435 648557 61121
368146 372820 354518 250013 318398 633758 802093 194047 634347 371598 492105 700773 162178 59944 454583 465964 143645 665286 282509 536064 246450 790949 417339 165850 242308 599255 446425 466132 373625 753952 424960 438724 622799 336301 127226 642254 625023 355590 274741 287252 465339 999999999 177283 541740 240700 672662 372840 441244 346197 679136 677633 568684 283170 201867 204257 607389 375015 291884 406372 233845 232235 300184 542871 690395 770505 350447 360991 425431 527273 375870 486495 514228 394397 251383 591928 188132 228036 433633 271353 455599 309331 528286 616900 29994 797147 86625 664552 547823 291474 433815 351697 381705 480393 352699 322470 447027 813150 476797 393004 481110
423409 544533 413749 398155 493398 810366 962894 369055 776946 449648 456456 853494 108403 121485 387377 642812 196479 842552 324001 553182 421097 959773 481800 84510 71539 769285 552254 632522 243515 920982 451035 594308 616234 473277 50073 814486 800842 409878 269484 113865 634378 177283 999999999 674536 366631 820630 500619 375890 517176 854042 845179 733994 411775 377062 36405 778604 399392 409225 359087 352754 188326 142829 717685 846784 940868 399382 464625 286403 695525 319879 465922 616884 400445 101414 756700 238603 132348 509956 425816 521773 408073 576608 619314 192441 958326 212107 813137 664526 181956 533743 296855 288171 559740 461373 496736 568711 968154 638225 465514 654844
333707 510638 819066 599010 339692 427243 842167 397759 822195 806806 1017110 214026 701840 594499 992905 447629 481177 506316 781680 1016697 471232 764418 292313 700561 707412 623857 808318 588754 710110 755301 911079 642528 1118787 664840 635522 339397 550165 341200 484697 745032 566335 541740 674536 999999999 308570 167932 173920 979434 289590 603207 697658 224567 661891 472215 710439 615193 870467 690027 940545 321788 550821 719975 529066 790128 732481 355366 225827 757514 602262 913708 1003105 863527 442123 772044 228888 448365 613687 854950 278206 887505 733305 972290 1104769 553253 835641 596785 815303 77343 642800 812273 565123 644332 230622 222760 475010 112496 889493 178828 280383 520184
186531 390281 563529 379679 232625 523224 819486 173309 713215 565502 730392 491029 396248 288873 695247 415574 177693 579478 507461 757061 283274 776463 212663 393288 404190 592729 604316 493168 442184 750001 646644 507425 851285 465401 326952 493026 573174 179463 229904 444397 480248 240700 366631 308570 999999999 455650 135203 681921 221039 632695 676637 392694 437197 256433 402299 593458 600177 458957 646726 19208 268510 426973 509567 729261 749296 183909 125332 494913 537547 616570 721934 669223 272513 463499 413186 156048 321220 622806 96250 651126 493360 731973 842004 257802 813505 309551 726850 307582 363335 599979 329194 398605 254408 114549 334914 207408 848313 292857 183290 464909
501558 550170 907424 678279 410517 358953 797984 502894 826146 886596 1124323 49048 834836 729340 1111535 452108 632890 438761 883990 1102353 549183 706207 459722 836832 859738 601339 865930 605080 874636 707160 1002722 674034 1208320 728525 778177 251593 506056 508844 649104 899346 580383 672662 820630 167932 455650 999999999 328080 1098059 361665 549005 662559 175938 739464 562680 855657 588426 967395 769422 1055728 471440 711321 878166 512113 769866 673886 522945 390410 923016 600493 1032782 1105679 912944 609992 914541 161717 604772 771596 927203 401312 961203 815531 1045850 1190938 679085 791536 714894 808457 228249 804718 874488 732071 811035 393596 385428 529886 278199 852757 214573 448315 524264
203828 428396 674978 469723 248400 467304 824390 256415 755899 669963 857315 367355 530756 423288 826862 410860 307697 535721 627672 871650 351997 765029 189536 528341 534376 596049 690881 523565 549632 745757 762948 557840 969852 547176 461930 412279 551146 205916 325228 572792 505457 372840 500619 173920 135203 328080 999999999 813460 210840 609877 677771 299346 531399 339814 536539 592470 719025 556853 776625 147882 383484 550176 504225 749853 735172 218008 79614 599604 554703 747861 846338 751933 314594 598332 315896 276979 443609 723353 131440 753988 596299 837331 958378 387112 818059 434899 760179 176397 477351 690554 415092 491985 181426 67558 380189 75265 862042 204813 164072 474383
786516 648743 279566 466270 701684 971837 951062 595462 719626 331568 101928 1120016 294500 396903 13496 778227 547623 973555 238717 261191 573902 989786 842088 306706 405527 826430 449309 691040 576519 944105 221595 617081 273592 478658 386264 1015095 902216 773061 643880 410787 705989 441244 375890 979434 681921 1098059 813460 999999999 744414 939815 878932 969101 426155 546484 346506 842178 203872 399985 49973 674433 564161 466526 816968 828696 982260 764352 800388 598586 752736 65726 133880 485536 775507 289419 992699 595564 505637 356904 702801 341385 359883 338234 288671 426614 948648 383930 770419 988963 543366 423878 669265 645657 913367 792973 628056 888020 931232 889516 821545 753179
388293 225327 546069 318127 50784 306938 615842 154639 548852 527207 764557 377769 502886 406130 757783 202910 366642 358942 523650 741817 188501 562653 391525 510525 572679 387087 519548 314811 648945 539997 641147 357515 847170 376915 468681 297333 354219 385257 448653 616960 295636 346197 517176 289590 221039 361665 210840 744414 999999999 413826 469811 226355 380233 201585 547892 384767 605860 409700 700090 239559 474085 613213 297498 539014 534128 393373 277584 702925 343865 680083 744733 573975 487998 597581 249978 363290 513999 571202 124811 604598 455153 689572 830418 343603 609587 367597 550531 340183 565859 524553 548761 614968 392212 262146 185637 260956 651803 147519 362958 263741
800924 312289 668078 487760 402101 190407 249364 506671 347384 621927 914147 523621 797800 732557 951149 220718 752985 113793 703236 814732 433030 161242 798458 815028 921302 120850 531840 248793 1035130 158237 754123 325781 919674 461226 804379 299602 59609 798520 854266 966104 235320 679136 854042 603207 632695 549005 609877 939815 413826 999999999 128257 387195 515466 477369 875750 102423 745877 540148 889859 650482 865443 977487 136359 247978 129284 806998 684821 1089248 188139 887833 880084 541777 901819 906548 392924 761655 891230 626450 537394 657848 580295 726080 892680 661605 242973 651776 308005 677541 950116 553182 954446 1014625 783235 669946 357310 635871 306652 430811 771276 200097
855609 306747 600517 455153 445121 309666 146814 528268 227122 550493 841390 641219 775231 725230 889278 267153 772145 239120 649543 726394 435346 115517 861336 795110 915255 83918 446430 212672 1046735 76433 678681 266310 827632 406846 797104 418678 156951 851355 885342 958968 212443 677633 845179 697658 676637 662559 677771 878932 469811 128257 999999999 493223 467794 479559 862313 85305 678185 487612 829221 692813 884320 977483 173734 119847 103364 858108 747362 1099991 150374 832576 804811 443959 949149 884495 502484 788515 900587 544070 585844 572741 521455 633054 799133 655777 140419 634944 182918 768611 962212 470040 983845 1037001 857107 731946 361433 714679 192265 519856 832712 211941
502023 381640 756402 526070 267458 204072 632994 380498 650265 730574 984508 170675 727764 628264 982404 276791 564647 284281 743635 947381 400947 547810 478044 734211 784010 428009 699449 430115 834441 543479 852599 501307 1054847 566480 687078 117772 338833 504942 615890 826969 405275 568684 733994 224567 392694 175938 299346 969101 226355 387195 493223 999999999 584692 423095 766475 416028 821476 615125 923957 411433 661204 815990 337183 596883 515521 517274 377914 886676 424598 905221 962306 743212 613456 819315 23643 548629 711817 766603 311083 800975 662096 884777 1035550 568398 626480 593952 633335 301741 756008 709798 710509 785149 437043 366841 368648 289830 685010 99856 457145 348509
611454 226230 173079 62885 329968 551913 565592 275151 365603 147157 414011 750182 322223 306748 437985 357509 421072 548186 188052 363265 191976 582553 647916 345126 483075 406103 169364 267186 644690 539096 269194 201632 470260 63744 370744 607955 476190 601022 553367 522618 280516 283170 411775 661891 437197 739464 531399 426155 380233 515466 467794 584692 999999999 192119 419528 420562 244375 30492 376425 442099 515324 553873 390813 444852 570237 600071 558474 693037 330694 372459 385951 236489 662836 428377 607268 459073 504012 193297 400060 225614 77653 310444 451744 253588 561768 206950 404147 698301 567221 162895 634686 662961 689788 545135 218099 602707 562953 525167 619266 327177
439860 172906 347921 129960 155794 445718 609823 85232 467939 334809 563100 579288 331722 255702 559722 267002 296741 468858 322115 545202 44723 591445 469045 345410 443932 399424 352286 271449 567176 555988 441730 262070 648854 210276 327224 472546 423781 431056 419647 488745 267379 201867 377062 472215 256433 562680 339814 546484 201585 477369 479559 423095 192119 999999999 400305 406676 404819 218846 500928 265042 407216 501369 341056 504355 570006 432700 371983 620468 329530 483208 543188 415299 508524 437035 446630 320701 421054 385121 208374 416773 261168 501135 633567 184777 604523 185333 489019 506337 482698 350926 513869 560676 503259 357912 120705 410629 627078 349051 439549 279342
458825 564741 406247 411175 522335 837947 976777 397872 785096 445287 430619 888063 101898 145646 357563 667069 232877 867916 315607 535225 443696 977349 517409 77021 71435 787870 552467 649746 253317 937713 436208 607586 593549 482168 79421 844962 823508 445310 302475 104007 652836 204257 36405 710439 402299 855657 536539 346506 547892 875750 862313 766475 419528 400305 999999999 797837 385307 414358 332858 388658 219812 145473 739513 859250 959321 434612 501022 291412 713391 293014 442443 615683 432585 65470 789317 274876 159131 504213 459516 513740 409044 564290 598120 215842 972375 227370 823022 700877 201397 532829 323100 307057 595728 497727 518721 604913 979790 671366 501464 675968
771233 234592 568233 398525 361297 245919 232058 449410 258495 521199 813659 570366 714905 657597 853255 181960 695007 187873 607216 712353 362001 186169 776270 733524 847648 18968 429451 153953 972636 156544 652964 225738 817253 363808 729697 351713 95357 767189 805235 891925 145733 607389 778604 615193 593458 588426 592470 842178 384767 102423 85305 416028 420562 406676 797837 999999999 646179 443798 792207 609942 807554 907537 88509 181503 163346 774169 662252 1026276 89875 791782 779106 440013 865862 824220 427064 709260 826977 524301 501789 555546 482294 623707 790286 587214 225686 571234 227402 685226 887791 450907 904326 959480 771835 646854 286506 629723 274589 436805 747720 130879
