NAME : synthetic_000633
TYPE : CTSP-D
DIMENSION : 100
GROUPS : 8
RELAXATION_LEVEL : 1
EDGE_WEIGHT_TYPE : EXPLICIT
EDGE_WEIGHT_FORMAT : FULL_MATRIX
EDGE_WEIGHT_SECTION
999999999 494872 497164 208529 337224 693354 236942 451321 544501 602511 248642 365174 747567 683347 147997 266765 498328 740482 568012 742469 530815 626818 551494 491283 271179 873033 239939 350002 399392 839335 569577 770509 606055 403147 538871 335478 556484 858567 73169 401788 834972 794930 253840 787503 842629 857982 1062292 813629 208278 812250 278501 520545 214496 454893 346820 129248 559543 404723 594328 184738 466692 471203 717715 668067 658077 820833 413717 231257 777812 842409 784437 212393 619014 715813 469307 322302 634758 588557 455070 264017 365850 749772 664556 580793 915184 638987 388470 29387 311214 66278 803900 772885 916683 303913 286556 621226 105931 339937 482183 323630
494872 999999999 385842 406211 371410 352254 258015 189063 487710 716725 302274 451128 289511 275841 367486 454917 32167 457395 303077 295551 292292 264953 387349 284036 339643 378604 373021 250295 519933 398098 189661 326733 111196 579574 538396 579183 649953 366389 487725 214210 376876 373814 732271 351136 591088 442757 593432 454012 400234 455060 658690 224148 652655 281990 149762 492524 220593 206838 273437 679157 263264 418083 503050 174409 578800 538091 197721 295273 294770 364732 379438 632894 398574 499581 107924 432335 184973 517110 560029 347702 464412 255555 397837 696413 438463 410888 206209 495483 346266 429275 309950 375349 444090 592548 213940 236342 418642 625982 160480 349613
497164 385842 999999999 568617 161218 737673 368454 533278 101872 346756 268987 174102 422698 659356 472053 262272 416511 259798 672476 402705 651989 249132 734775 630429 552046 649205 560730 193799 212173 463159 573878 416732 439083 277440 840541 763434 281629 590480 438729 526289 484434 405574 740449 418640 972502 447323 692807 838918 290719 840139 764405 592155 711152 104707 337398 584482 599946 521453 653469 647902 602997 725416 874819 497468 203184 922055 197697 464972 625478 527904 380728 706022 764980 219246 278085 659947 563241 134334 220751 554451 706765 552835 191139 329363 583534 780279 509673 518452 585160 460760 560911 756923 575579 364575 398233 622150 392029 378895 228485 595794
208529 406211 568617 999999999 431516 511018 205177 292514 643383 762681 302150 489589 691853 521888 102851 410343 396373 770889 380899 694050 343176 614823 348284 303443 81165 761559 40968 380604 542991 796615 414580 724759 510236 566217 334798 196401 707458 765891 264242 239541 780445 763348 358639 746766 638169 831437 999612 628438 330393 626525 252867 350242 261110 492088 289386 112540 393472 245067 417332 344166 283585 262919 512652 561581 759745 620597 416777 118147 649391 770909 761316 236730 418801 771302 428295 117198 496268 686915 600428 71765 164447 641311 696011 740066 844589 438651 232706 185628 110787 168965 706856 600844 850282 490753 205874 459329 238502 529253 462929 121399
337224 371410 161218 431516 999999999 701619 248808 467557 213983 365031 132774 81230 510825 642020 330127 113166 395636 415382 612561 496485 585230 350521 654615 556300 430674 706441 431095 121302 150708 576148 539625 517727 458030 208174 731863 621077 300841 662835 277522 445687 587005 522354 579256 526607 918751 574983 808823 814142 129676 814545 608585 536328 551649 153231 264624 431887 555436 442699 606996 487455 527296 624489 809212 523825 330429 875690 182483 342288 653663 616807 503188 547765 697783 380454 279802 534043 556000 258191 198348 431065 582567 594202 342068 342912 681665 715322 427815 359633 468895 305431 621571 742427 677355 242295 296390 593278 233218 268636 252806 480964
693354 352254 737673 511018 701619 999999999 501967 249761 839464 1060688 598645 782821 520083 106342 545590 761578 321194 781249 130885 540560 168263 587691 209050 207687 431901 407274 470618 583099 852234 620653 164328 565876 335607 905596 387866 585571 994306 464325 720418 293636 578755 626861 866650 592685 245773 686387 723649 120678 689712 119674 724666 176496 763002 633328 438933 623528 147206 291962 100641 853562 228409 314429 194232 315535 930561 187764 544726 464051 282178 526710 646814 735571 148396 838299 460160 447756 197775 869362 898278 440779 443088 341887 733348 1039540 581190 141334 308960 679467 401307 631975 413296 103927 596589 890343 439028 116680 661552 927749 512347 392539
236942 258015 368454 205177 248808 501967 999999999 252549 450781 607127 117353 320808 518439 469992 124761 269900 262964 566383 392228 516039 359623 418343 415608 325316 184634 636453 192677 176724 384742 616169 356280 545444 369163 425203 483145 401532 545538 622013 234329 215831 606975 576771 479779 564801 693975 643034 832727 621569 191593 621017 435170 325966 410265 287227 110338 254777 356969 215139 401647 421476 296422 376421 577220 431681 565602 658410 212995 96642 544820 609269 570814 394749 467282 566492 241593 291686 408134 492958 439352 186393 339000 513251 491189 584527 682646 486147 198333 239062 220845 171735 567016 566193 685303 390325 62951 410905 167444 428517 266476 232608
451321 189063 533278 292514 467557 249761 252549 999999999 631995 832076 354220 547668 463862 233291 303725 516345 161557 643394 145038 474377 119305 453188 204472 98928 211997 479016 252112 355918 616187 574487 122355 505185 257033 665311 349736 426994 766939 496341 472716 53005 546481 556930 649455 531022 451230 625255 747339 369932 441985 369198 536059 73427 553615 430078 203909 400384 108382 48029 149219 621447 74872 229967 343825 291213 735197 410086 335846 220068 360437 520073 565354 528879 232770 678394 276902 274611 206019 667602 665904 221462 295807 364530 580112 810159 590907 249224 63118 440690 197826 387609 436204 321757 600275 642159 189723 170627 412309 679976 330451 195430
544501 487710 101872 643383 213983 839464 450781 631995 999999999 256409 341423 184123 503981 761068 543074 285368 518334 283400 772511 481873 751075 331607 831875 728261 635395 738445 639987 283523 186588 528962 675579 491601 538824 240390 930222 834638 195293 675069 478845 622317 556421 470559 774347 489243 1073614 501704 751446 940715 337102 941953 819948 692395 758357 206209 432870 645299 701182 617826 754684 676137 700425 817314 974604 595636 116552 1023590 297779 547098 722295 606297 442259 756742 864331 212116 379955 741601 664665 44328 167726 636874 789443 647485 233400 241758 655951 879964 605316 568883 670919 518199 650104 858399 645999 352474 487455 724007 443753 356277 330034 682196
602511 716725 346756 762681 365031 1060688 607127 832076 256409 999999999 490133 287047 760363 992492 660699 352343 744870 516386 976922 738107 950137 587930 1018919 921306 780042 993972 772288 478419 222896 780917 896858 747050 782704 199646 1084193 932544 66785 931449 529349 810594 810757 722691 775123 743453 1282957 747517 997134 1169268 433107 1170038 874713 899742 794941 440418 628412 726736 916273 807691 968717 670987 892282 982801 1174235 842974 253800 1238438 519077 694230 971741 862240 693121 802715 1062801 428586 612578 875342 900021 255014 167903 778661 924216 899589 481577 22721 910044 1080282 792696 631505 821026 604491 905589 1092049 899317 311141 659591 948817 527683 286174 568572 833788
248642 302274 268987 302150 132774 598645 117353 354220 341423 490133 999999999 203508 512474 552586 203371 162939 318539 495675 498173 504267 467907 379828 530195 435978 297900 670891 299173 101400 268255 597303 442880 530649 406110 312172 599541 495239 428234 641993 210677 324998 597399 550220 502246 545568 803151 611603 824898 715669 98028 715568 499679 426252 455018 208556 163897 317685 451498 323063 500241 423931 406845 493769 689231 472593 457661 764180 168410 209532 596850 612902 537953 446112 578354 480448 241351 401715 477231 384813 322264 298341 450098 550697 419411 467578 683590 596690 307073 263904 336293 199388 592596 651964 682971 295315 170844 497920 145822 331254 241359 348464
365174 451128 174102 489589 81230 782821 320808 547668 184123 287047 203508 999999999 570178 722863 386775 101416 476025 432783 692706 553615 664775 402491 731949 635037 497794 776496 493980 201848 69490 625720 620844 572208 534252 129605 801286 672354 224731 728502 296984 524122 641364 569689 590274 578165 998889 616633 857850 895338 163416 895751 643056 616975 577362 209591 345381 474324 636557 521430 687995 492110 605953 697129 888275 599319 293924 956407 258361 410473 729561 676724 547409 577404 776923 381357 356262 597531 635992 226831 119214 497235 646422 667292 365241 264615 738414 794685 506192 391037 537668 346691 690287 823254 732570 191216 372547 674452 269474 209113 324244 550158
747567 289511 422698 691853 510825 520083 518439 463862 503981 760363 512474 570178 999999999 414397 639846 621162 307879 307305 535479 26001 539878 173719 637443 545475 628535 244619 660641 419532 625845 110660 403689 45816 209305 692419 808428 868648 698538 172354 721907 499026 88889 106992 997192 72785 760715 168129 314794 573670 598052 576667 942366 471464 927611 360977 410881 769212 446197 491538 486221 930623 531782 691511 708690 205229 542987 697887 346697 576772 279299 106551 130256 910369 624220 390849 278398 721540 326902 510317 642801 636368 752128 196220 295701 745522 172072 630016 493316 754636 635681 686099 161048 481379 170504 752897 490250 419033 654190 777053 271586 638715
683347 275841 659356 521888 642020 106342 469992 233291 761068 992492 552586 722863 414397 999999999 536371 713963 247901 682490 176106 435321 204121 490980 278822 235643 440723 310877 480965 521025 792206 514332 114338 460141 237826 849446 464486 628416 925732 361734 699900 285308 472447 521306 880387 486865 347650 580254 622665 180158 648193 181710 755237 172220 781740 556660 388771 631972 128457 281108 119841 854733 245161 372230 299419 210762 845981 286330 473416 452487 182601 421094 541918 755874 235629 743696 381935 480895 99392 788033 834481 450131 486681 236256 638345 972081 477298 234510 296363 673640 418563 618748 308816 100410 492228 847844 408367 62796 636131 883777 431089 412631
147997 367486 472053 102851 330127 545590 124761 303725 543074 660699 203371 386775 639846 536371 999999999 308437 365629 686281 421221 638618 384330 542995 412362 345125 133718 740673 114066 289739 440388 739489 423072 668394 477598 465284 429407 291958 604901 733848 182350 253821 728650 701074 365063 688337 702921 767589 953076 665990 227887 664671 310627 372558 287812 402197 228971 130232 411784 256854 446378 321079 319763 343285 579330 536075 659599 677690 335491 83911 638962 727442 695497 270898 476847 679919 365086 215221 492074 586894 497780 128772 263888 617754 610446 638047 801163 496762 240731 137465 176510 87552 676918 625046 804773 396557 153548 474015 141756 435523 391227 189709
266765 454917 262272 410343 113166 761578 269900 516345 285368 352343 162939 101416 621162 713963 308437 999999999 474796 521557 659483 607730 628193 463347 685024 594835 430818 807927 420685 211957 135169 688991 605309 629715 551270 158322 734383 584330 298221 768812 196812 484518 698900 635441 488985 639206 963218 688072 921591 878522 82004 878448 545260 588774 477141 266233 325452 381742 614437 483168 663040 391465 565824 637625 847113 617951 394993 925798 282598 347722 745937 726575 616350 478194 737017 477381 375595 523369 635288 328240 192429 428730 572175 692108 450285 329723 792642 755759 466740 293677 472743 255661 724916 813739 788860 138261 329550 660260 177795 171117 356883 485769
498328 32167 416511 396373 395636 321194 262964 161557 518334 744870 318539 476025 307879 247901 365629 474796 999999999 488348 271179 316041 261194 295103 356898 254439 326222 375480 361390 274342 545168 417750 157980 347138 113952 603682 511282 563297 678145 370498 495855 191483 393668 396735 730596 372307 559181 465420 605648 424750 416487 425672 649237 192618 647638 312310 159356 487565 188430 184009 241314 681621 234786 391450 470912 170545 610453 506535 225929 289595 282759 376389 404124 626849 366691 531560 139181 414411 160941 548299 586659 334684 444249 252322 429558 724340 449632 378859 185449 497040 329236 432232 312351 347984 456468 611628 213195 205802 427344 645872 192272 331553
740482 457395 259798 770889 415382 781249 566383 643394 283400 516386 495675 432783 307305 682490 686281 521557 488348 999999999 758065 281307 749537 195063 844653 740647 733731 549896 752994 398182 460196 282900 633938 274821 445732 520274 987001 966516 465896 471548 688770 657142 323047 229325 990362 260104 1027017 235963 482703 856411 541248 858829 993301 680784 950490 287152 492977 810368 671344 650506 721316 901814 718264 866411 953317 477586 268098 967808 354200 655556 579726 386933 196970 941740 853331 92913 370160 841247 584413 266106 450492 738655 883180 496178 76281 507464 416156 864117 644320 758394 757509 695044 468313 765161 401993 620926 572889 667565 634656 631245 320802 765400
568012 303077 672476 380899 612561 130885 392228 145038 772511 976922 498173 692706 535479 176106 421221 659483 271179 758065 999999999 551493 37746 563471 106850 77617 302644 480886 340772 499930 761198 643805 131828 580334 329492 809847 291544 459507 911641 521309 599685 176776 607882 638028 735808 607326 306197 703226 782544 247681 583461 245890 595115 80572 632139 568210 348537 493437 89721 177096 57508 724273 101464 196362 202491 335791 872570 266374 474881 342098 352143 567054 652398 604753 95513 802647 404864 318054 217100 806643 810910 311328 316757 388332 700692 955052 630875 108467 193979 552682 270764 508473 463854 228095 643736 782478 330469 129956 544205 820740 459165 261770
742469 295551 402705 694050 496485 540560 516039 474377 481873 738107 504267 553615 26001 435321 638618 607730 316041 281307 551493 999999999 554445 153675 652265 558453 632763 270203 663874 409308 607878 102868 419689 31182 223052 674445 820956 873583 676780 196563 714461 507523 93134 86961 993354 56721 782316 152204 320707 596842 587647 599776 943329 485499 926044 345218 410037 768451 461921 500049 503418 924680 543694 703172 727831 225071 518459 719790 337038 577970 304300 125217 107025 909470 641389 365096 274691 727822 345834 487083 623246 640374 759685 220943 270707 723586 185242 647761 500979 750509 641606 681929 187028 504513 181211 738044 490790 437468 647336 761336 262910 645147
530815 292292 651989 343176 585230 168263 359623 119305 751075 950137 467907 664775 539878 204121 384330 628193 261194 749537 37746 554445 999999999 556025 97964 39892 264917 501840 303028 475009 732810 649420 139309 584007 331402 780019 274509 426137 885289 537419 563485 143824 615478 640260 698401 610808 335251 706623 797467 285425 551179 283625 559365 69825 595028 548370 322743 455715 97041 145037 84666 686530 65066 170168 224648 345050 853401 299161 454354 305967 373925 578154 652913 567760 113468 790256 389842 282452 231080 786320 783447 273589 283671 403435 689706 928105 644058 130221 161493 515229 233127 471702 478878 263620 656120 749374 298663 151277 508925 787814 444049 224277
626818 264953 249132 614823 350521 587691 418343 453188 331607 587930 379828 402491 173719 490980 542995 463347 295103 195063 563471 153675 556025 999999999 651999 548989 566416 407978 591057 279337 454868 225646 438877 169862 253190 521383 800626 805827 525423 343556 589432 471721 238898 173052 880585 176323 833311 231845 458302 667587 453058 669770 853512 486864 824114 197334 326238 672487 476385 464748 526252 803659 527818 679899 758255 292456 381341 774873 213227 496748 407460 278813 158204 810886 658599 253556 190391 670633 392054 341178 469580 572541 709281 326915 148335 572603 336598 669180 460413 639011 584735 571332 319948 577594 330172 589648 409664 473203 525638 611203 152255 591139
551494 387349 734775 348284 654615 209050 415608 204472 831875 1018919 530195 731949 637443 278822 412362 685024 356898 844653 106850 652265 97964 651999 999999999 105548 280707 586853 312354 551033 798258 746723 235005 681727 429255 840791 185764 383184 955401 628158 594708 210249 712086 738172 686555 708567 291176 804414 889353 305871 604982 302901 529845 167624 579316 632693 399276 457334 192235 214284 163741 689437 131870 108352 166968 440678 937504 272970 538338 344206 457971 672931 750871 550763 74184 882445 480994 259094 323484 868840 851163 287535 243504 495092 783228 996545 737394 92905 227771 531677 240367 498930 570629 312924 750059 797680 359582 236660 547950 836672 534763 228224
491283 284036 630429 303443 556300 207687 325316 98928 728261 921306 435978 635037 545475 235643 345125 594835 254439 740647 77617 558453 39892 548989 105548 999999999 225029 524533 263215 449110 702478 655816 155393 588632 336172 748080 263102 392773 856981 555080 524916 111063 624065 643144 659231 615118 368692 710505 813142 325292 516834 323507 522603 77468 556328 527851 296741 415980 116692 113624 118996 646664 29140 149710 253384 357162 832860 335700 433504 267654 398112 590518 653939 529242 142383 777125 375627 246335 249649 764648 754054 233713 251270 420845 678346 899118 658328 160930 129015 475481 193636 432587 495722 301197 669527 713956 265579 178538 471350 752563 429303 185104
271179 339643 552046 81165 430674 431901 184634 211997 635395 780042 297900 497794 628535 440723 133718 430818 326222 733731 302644 632763 264917 566416 280707 225029 999999999 684819 40288 358741 557398 735631 333766 663802 439117 589117 304151 241375 721111 692724 315159 159178 716381 706009 439757 686957 571864 774748 931786 550297 348823 548533 327048 269139 341839 465624 241671 192437 312311 165010 336978 421724 203714 210224 447412 487251 750200 549808 381692 88532 570529 702557 706567 316893 347884 743280 376498 108713 416801 677582 613868 9470 154721 565839 660719 757321 775854 367855 153650 252733 42997 218733 633193 520269 782525 528490 161002 378169 274128 567568 417157 56262
873033 378604 649205 761559 706441 407274 636453 479016 738445 993972 670891 776496 244619 310877 740673 807927 375480 549896 480886 270203 501840 407978 586853 524533 684819 999999999 723372 596119 838762 290560 370259 275406 267932 904367 772352 905358 930118 84253 865575 528894 242257 328344 1105183 293308 613338 360431 319501 410981 766562 414919 1011846 448557 1018973 570087 528159 859725 407931 522201 423429 1056850 523791 671700 599043 205054 785920 548866 525770 662495 128906 173502 359345 996723 546405 635239 433171 753072 276420 749130 863916 694030 769795 123273 539912 977694 195207 544362 531631 872448 676247 807155 88383 328173 213753 945379 588675 351385 796301 974460 453650 674400
239939 373021 560730 40968 431095 470618 192677 252112 639987 772288 299173 493980 660641 480965 114066 420685 361390 752994 340772 663874 303028 591057 312354 263215 40288 723372 999999999 369356 550691 766665 373997 694774 474900 578290 315354 214872 715112 729620 289676 199214 748908 735235 399605 717382 603182 803702 966212 588423 339246 586567 289036 309278 301593 479019 264838 152993 352538 204912 376510 383650 242877 232879 478014 524622 755761 583634 399136 97821 610009 737156 734516 276784 381610 758015 402440 103555 456519 682923 607776 30845 152469 603781 678959 749589 810667 401536 193062 219342 72364 192896 670306 559970 816870 510209 181693 418433 255578 549093 440156 84137
350002 250295 193799 380604 121302 583099 176724 355918 283523 478419 101400 201848 419532 521025 289739 211957 274342 398182 499930 409308 475009 279337 551033 449110 358741 596119 369356 999999999 271187 499427 420087 434421 340500 329432 647629 576866 412505 559204 310097 340811 502250 450845 603646 447935 805356 511175 729004 694186 178521 694694 595120 421799 554636 112458 152445 412199 437962 336799 490304 524455 420638 533865 699655 406951 394941 760052 73125 272489 535883 522611 437540 544536 588394 390937 163707 467015 434727 323357 315231 361469 513425 480241 321988 456957 591531 605119 323443 364670 391374 298966 513731 621411 589678 349916 204798 473225 246920 380721 148795 401997
399392 519933 212173 542991 150708 852234 384742 616187 186588 222896 268255 69490 625845 792206 440388 135169 545168 460196 761198 607878 732810 454868 798258 702478 557398 838762 550691 271187 999999999 674199 690331 624525 600961 66578 861525 719426 164531 787843 327577 591446 693148 617017 606610 628402 1067310 659445 904704 964827 212611 965241 677490 685889 605684 268916 414464 516771 705882 588966 757200 504883 673357 759983 955841 665480 279820 1025335 325713 471352 795827 732239 592734 608797 844592 397196 423491 654045 704876 222837 57516 556190 702977 731796 398774 200204 791423 862523 573497 427069 598218 390823 751820 892585 784502 165958 438684 743938 312937 171296 388995 610950
839335 398098 463159 796615 576148 620653 616169 574487 528962 780917 597303 625720 110660 514332 739489 688991 417750 282900 643805 102868 649420 225646 746723 655816 735631 290560 766665 499427 674199 999999999 512272 71892 319695 740167 918849 976433 723440 206547 807979 609135 48423 58403 1091453 51842 856891 70708 232721 663910 676184 667213 1045355 581385 1026429 422931 511478 869543 554948 601651 593258 1020119 642384 802129 811897 309891 544481 793145 428926 680239 361282 117071 88284 1010382 731026 375058 374591 830432 431932 525981 682472 743237 861839 283651 299641 768664 133276 735957 603031 848540 744293 780019 226358 572497 119783 814438 592845 524427 741963 834824 357338 747703
569577 189661 573878 414580 539625 164328 356280 122355 675579 896858 442880 620844 403689 114338 423072 605309 157980 633938 131828 419689 139309 438877 235005 155393 333766 370259 373997 420087 690331 512272 999999999 448507 198159 745257 413570 538059 830387 399904 585572 175314 477100 506279 771809 475498 401598 571398 658898 274649 537150 274966 655215 78427 675590 469377 280072 522732 42774 170320 87425 742555 153644 304655 319380 205870 768416 348567 380399 339165 245791 438847 521046 650575 223158 684230 297149 386740 94342 706132 735283 343235 400217 265661 580443 875828 504970 231710 184581 560498 316284 504737 340781 210253 516876 737483 294331 55117 521988 773979 350137 312146
770509 326733 416732 724759 517727 565876 545444 505185 491601 747050 530649 572208 45816 460141 668394 629715 347138 274821 580334 31182 584007 169862 681727 588632 663802 275406 694774 434421 624525 71892 448507 999999999 252791 690988 851312 904678 686881 196952 741149 538621 69322 61597 1021943 27080 806256 122897 294588 618352 612335 621402 973710 515271 955617 365344 440069 798345 490900 531145 531532 952182 574193 733759 754466 251028 521408 743321 362754 608482 321648 116262 87416 939286 669540 362104 303890 758997 372621 494096 637470 671386 790854 239401 272823 733249 166965 675513 532135 779035 672772 710466 196902 526127 160362 758402 521170 464675 674438 780688 289565 676327
606055 111196 439083 510236 458030 335607 369163 257033 538824 782704 406110 534252 209305 237826 477598 551270 113952 445732 329492 223052 331402 253190 429255 336172 439117 267932 474900 340500 600961 319695 198159 252791 999999999 663857 599161 673954 716285 256808 597679 296595 289636 308982 842627 279494 581371 375247 494125 415510 503171 417529 763082 262491 761147 342473 260299 601003 239771 289164 283979 790353 322923 482689 513340 66774 614977 522128 276009 403099 195642 265160 322932 740604 421179 505952 178252 523478 138901 561377 635040 447737 550194 145450 400579 763762 337640 428957 293514 606600 439658 540471 199321 326980 345532 689531 324242 223476 528429 721110 214676 440939
403147 579574 277440 566217 208174 905596 425203 665311 240390 199646 312172 129605 692419 849446 465284 158322 603682 520274 809847 674445 780019 521383 840791 748080 589117 904367 578290 329432 66578 740167 745257 690988 663857 999999999 892518 733070 156128 854143 329982 637149 759547 682823 588700 694650 1115229 724203 970245 1019890 240325 1020140 677072 736375 599613 334950 466675 527105 758634 635232 809048 485055 718956 795776 1001209 728889 318950 1075360 387943 505856 859149 798816 658167 605872 890463 452499 485841 680496 764158 271274 76736 586952 729161 796382 461472 177715 857907 908849 619231 432045 631064 405500 817638 949847 850894 126863 482626 799438 329322 119146 453330 644088
538871 538396 840541 334798 731863 387866 483145 349736 930222 1084193 599541 801286 808428 464486 429407 734383 511282 987001 291544 820956 274509 800626 185764 263102 304151 772352 315354 647629 861525 918849 413570 851312 599161 892518 999999999 267590 1025078 811542 598763 329869 887082 905016 603476 877666 377607 972784 1071932 466565 652482 462909 424282 338891 495678 745334 506949 418636 371540 336562 348938 633500 277565 120747 265370 618691 1042567 389842 653641 390814 643525 852098 914586 466925 239995 1012970 616872 217737 505440 970869 917899 305729 173090 677761 919888 1061472 918514 250720 342925 512833 263619 503739 753260 491010 930422 824732 442914 421420 570625 863439 667571 251180
335478 579183 763434 196401 621077 585571 401532 426994 834638 932544 495239 672354 868648 628416 291958 584330 563297 966516 459507 873583 426137 805827 383184 392773 241375 905358 214872 576866 719426 976433 538059 904678 673954 733070 267590 999999999 882023 922337 406950 379697 955972 947376 337910 928069 638341 1016122 1168067 688986 509339 686057 156740 461993 231989 688479 479667 206952 505643 386877 510515 380415 385929 274881 517992 716392 951190 640601 612320 311216 783612 938949 947823 204145 456270 967668 616755 152389 629830 878582 776758 234347 142767 791415 891927 910345 1011591 473333 380744 306144 234311 328799 862258 686913 1019248 639358 396559 570339 406548 675352 655028 233422
556484 649953 281629 707458 300841 994306 545538 766939 195293 66785 428234 224731 698538 925732 604901 298221 678145 465896 911641 676780 885289 525423 955401 856981 721111 930118 715112 412505 164531 723440 830387 686881 716285 156128 1025078 882023 999999999 868919 483525 746491 751633 665065 743710 684417 1217525 693168 943157 1102606 377066 1103392 832184 834129 755601 373891 563110 677749 850146 743425 902703 639787 828017 921820 1109610 776855 213870 1172545 452321 634436 905849 801416 636201 761444 998164 381670 545813 818512 833240 200360 107349 720129 867449 834290 425448 47750 851134 1015490 728632 584995 761542 553233 841747 1025271 840992 278846 596573 882225 475631 260796 502013 774157
858567 366389 590480 765891 662835 464325 622013 496341 675069 931449 641993 728502 172354 361734 733848 768812 370498 471548 521309 196563 537419 343556 628158 555080 692724 84253 729620 559204 787843 206547 399904 196952 256808 854143 811542 922337 868919 999999999 844186 542667 158381 246521 1098646 212449 683142 276228 261686 482676 734676 486417 1018474 477670 1017955 519391 511801 857810 440775 535533 464931 1043290 550064 704552 658380 206062 715021 618538 486765 659904 183077 89505 278104 997340 595500 558961 400708 770242 306393 682483 808814 701601 791752 134247 467089 916148 118677 595824 542624 860805 689343 793743 60137 395622 135859 904449 580316 391856 774936 931408 411935 689106
73169 487725 438729 264242 277522 720418 234329 472716 478845 529349 210677 296984 721907 699900 182350 196812 495855 688770 599685 714461 563485 589432 594708 524916 315159 865575 289676 310097 327577 807979 585572 741149 597679 329982 598763 406950 483525 844186 999999999 426791 807556 760625 302059 756241 885221 821261 1035166 841092 148214 840054 349945 544684 280423 407422 338015 200016 580733 428545 620061 215105 498477 522459 761674 662126 590835 859131 379074 257588 778444 820673 747633 281612 658837 657973 446663 381033 642194 522528 382759 309377 426823 742976 613638 507624 892215 678717 411628 102214 357394 96833 791914 793391 892251 233010 292740 639129 69349 270008 451642 370413
401788 214210 526289 239541 445687 293636 215831 53005 622317 810594 324998 524122 499026 285308 253821 484518 191483 657142 176776 507523 143824 471721 210249 111063 159178 528894 199214 340811 591446 609135 175314 538621 296595 637149 329869 379697 746491 542667 426791 999999999 583847 587633 596517 563752 478707 656471 790053 414313 407361 413263 484268 118791 500650 425678 189448 347497 158510 7489 193432 569670 81927 209287 364445 336696 729398 442642 331690 170974 412096 561563 593642 475998 253382 685321 287057 227864 257957 659945 643201 168633 253767 412425 590521 788358 633454 271701 17952 390041 147446 339095 482612 371369 641939 605840 154977 222522 368835 644191 338294 146476
834972 376876 484434 780445 587005 578755 606975 546481 556421 810757 597399 641364 88889 472447 728650 698900 393668 323047 607882 93134 615478 238898 712086 624065 716381 242257 748908 502250 693148 48423 477100 69322 289636 759547 887082 955972 751633 158381 807556 583847 999999999 93724 1085280 67308 812756 118964 227651 618291 680472 621664 1031175 548480 1016385 434666 499702 858076 519874 576363 555957 1017496 612175 771838 771112 272262 579604 748772 430110 665585 314879 68884 126080 999227 693179 413945 366332 808014 393515 556607 705018 724317 837475 239103 332056 797585 99573 697301 578943 842565 722496 773996 178855 527282 91356 827722 579131 485861 740341 849934 356041 725150
794930 373814 405574 763348 522354 626861 576771 556930 470559 722691 550220 569689 106992 521306 701074 635441 396735 229325 638028 86961 640260 173052 738172 643144 706009 328344 735235 450845 617017 58403 506279 61597 308982 682823 905016 947376 665065 246521 760625 587633 93724 999999999 1048049 36526 867702 69004 288183 679915 625925 682973 1009356 571046 986505 369219 475291 831305 548383 580204 590298 974008 627481 786501 814693 311600 487601 804835 382039 645879 382369 159026 32375 971517 728245 320364 336545 804152 432699 467813 624469 713207 837870 300597 241675 710340 189267 734702 580023 805437 717617 737142 254452 587703 177075 759137 558011 524414 695667 778780 313239 721931
253840 732271 740449 358639 579256 866650 479779 649455 774347 775123 502246 590274 997192 880387 365063 488985 730596 990362 735808 993354 698401 880585 686555 659231 439757 1105183 399605 603646 606610 1091453 771809 1021943 842627 588700 603476 337910 743710 1098646 302059 596517 1085280 1048049 999999999 1039677 963655 1111551 1311890 981651 450255 979433 186675 708880 108627 706820 589583 249170 752033 601527 775201 104152 641202 584559 839505 900913 882238 957285 667413 443064 1000161 1089038 1038058 137656 760384 959614 718949 427480 849635 817025 655770 430388 450108 982489 914931 756042 1162422 779446 587854 242922 465817 311479 1041938 958857 1164938 465374 518421 817742 357511 489122 734925 474150
787503 351136 418640 746766 526607 592685 564801 531022 489243 743453 545568 578165 72785 486865 688337 639206 372307 260104 607326 56721 610808 176323 708567 615118 686957 293308 717382 447935 628402 51842 475498 27080 279494 694650 877666 928069 684417 212449 756241 563752 67308 36526 1039677 999999999 832701 95908 282545 644041 624999 647131 994817 541983 975061 373544 460691 818459 517863 556286 558602 968290 600416 759888 781475 278010 513074 769654 377220 630022 345920 126864 66067 959200 696611 349549 323298 783097 399666 489317 638947 694422 815507 264343 265100 730317 166717 702594 556947 796772 696749 728261 218149 551889 157238 765937 542450 491743 690153 787123 305496 700533
842629 591088 972502 638169 918751 245773 693975 451230 1073614 1282957 803151 998889 760715 347650 702921 963218 559181 1027017 306197 782316 335251 833311 291176 368692 571864 613338 603182 805356 1067310 856891 401598 806256 581371 1115229 377607 638341 1217525 683142 885221 478707 812756 867702 963655 832701 999999999 924583 932136 202814 885522 198751 793808 383590 855111 867799 654553 745050 372600 480228 319071 975648 397554 381121 125685 558344 1169360 64609 776108 631738 501877 755469 889152 826111 227743 1083178 698019 540329 443215 1105833 1117098 578708 513558 573657 978459 1261139 801819 208318 496516 822505 531432 789816 639218 287653 818777 1082273 633685 360610 836313 1120982 751448 519140
857982 442757 447323 831437 574983 686387 643034 625255 501704 747517 611603 616633 168129 580254 767589 688072 465420 235963 703226 152204 706623 231845 804414 710505 774748 360431 803702 511175 659445 70708 571398 122897 375247 724203 972784 1016122 693168 276228 821261 656471 118964 69004 1111551 95908 924583 999999999 249998 733047 683683 736289 1076554 637703 1052093 423041 542890 897772 613770 649035 654328 1035485 695350 854597 876230 372837 503396 861100 444304 713781 431209 187041 73652 1037614 792332 328764 403894 873127 494784 493230 661861 781892 906868 352444 268344 736887 190576 798131 648964 869375 786585 801315 296950 641350 173793 807472 625873 587043 757384 824930 377930 790927
1062292 593432 692807 999612 808823 723649 832727 747339 751446 997134 824898 857850 314794 622665 953076 921591 605648 482703 782544 320707 797467 458302 889353 813142 931786 319501 966212 729004 904704 232721 658898 294588 494125 970245 1071932 1168067 943157 261686 1035166 790053 227651 288183 1311890 282545 932136 249998 999999999 729416 906799 733433 1251835 735709 1240851 655624 724278 1081719 700502 782682 726416 1245064 806043 962853 916930 457295 750777 867806 657269 886955 441493 229264 312111 1222858 857068 574393 593193 1017479 566516 743143 910035 940150 1042812 394322 518220 986759 156599 857071 787582 1069412 933760 1000884 318773 647674 149349 1047012 801816 653371 967993 1066952 583572 935034
813629 454012 838918 628438 814142 120678 621569 369932 940715 1169268 715669 895338 573670 180158 665990 878522 424750 856411 247681 596842 285425 667587 305871 325292 550297 410981 588423 694186 964827 663910 274649 618352 415510 1019890 466565 688986 1102606 482676 841092 414313 618291 679915 981651 644041 202814 733047 729416 999999999 808048 4327 833500 296893 876662 735747 554101 740951 265008 412609 221154 971954 347663 414222 220738 379163 1026120 138846 650643 584668 304027 558222 703720 848780 233963 921011 561058 558234 278870 968083 1009127 559005 548314 380624 815639 1148536 601201 218860 429591 799328 518023 752522 441718 92332 618531 1008747 558622 220961 782041 1045857 610907 508573
208278 400234 290719 330393 129676 689712 191593 441985 337102 433107 98028 163416 598052 648193 227887 82004 416487 541248 583461 587647 551179 453058 604982 516834 348823 766562 339246 178521 212611 676184 537150 612335 503171 240325 652482 509339 377066 734676 148214 407361 680472 625925 450255 624999 885522 683683 906799 808048 999999999 807760 482928 515071 422755 263550 260509 311166 543119 406486 590163 360703 487984 555780 768117 569799 451840 849779 251460 265945 694683 700882 610423 419954 658603 509950 334517 442235 574720 381332 270078 346788 491114 647225 466520 410422 770039 677572 389781 231876 390741 183443 686853 747001 768175 200699 253024 592267 106990 238084 326991 403772
812250 455060 840139 626525 814545 119674 621017 369198 941953 1170038 715568 895751 576667 181710 664671 878448 425672 858829 245890 599776 283625 669770 302901 323507 548533 414919 586567 694694 965241 667213 274966 621402 417529 1020140 462909 686057 1103392 486417 840054 413263 621664 682973 979433 647131 198751 736289 733433 4327 807760 999999999 830834 296068 874334 736874 554193 739022 264657 411633 220266 970143 346099 411251 216547 381700 1027688 134710 651525 583488 307525 561745 706680 846418 230789 923151 562216 555733 280613 969472 1009700 557214 545516 383850 817773 1149272 604964 215521 428635 797820 516051 751280 445235 95289 622265 1008458 558067 221504 781193 1045620 612217 506532
278501 658690 764405 252867 608585 724666 435170 536059 819948 874713 499679 643056 942366 755237 310627 545260 649237 993301 595115 943329 559365 853512 529845 522603 327048 1011846 289036 595120 677490 1045355 655215 973710 763082 677072 424282 156740 832184 1018474 349945 484268 1031175 1009356 186675 994817 793808 1076554 1251835 833500 482928 830834 999999999 583887 92381 706750 534257 182971 628147 490613 641560 250049 510135 422983 672199 813651 934703 793622 645582 365594 896340 1023414 1005007 74090 603891 979691 672815 277062 742044 864215 732639 317881 286495 892737 917103 853602 1097153 621872 480346 252020 338951 303721 959263 822957 1102567 566964 452545 694351 376207 598676 701544 343377
520545 224148 592155 350242 536328 176496 325966 73427 692395 899742 426252 616975 471464 172220 372558 588774 192618 680784 80572 485499 69825 486864 167624 77468 269139 448557 309278 421799 685889 581385 78427 515271 262491 736375 338891 461993 834129 477670 544684 118791 548480 571046 708880 541983 383590 637703 735709 296893 515071 296068 583887 999999999 609599 487799 271712 461119 44264 116314 75869 686717 76157 227159 283036 280121 792032 339447 394660 289738 323315 513567 583331 583664 175256 723317 324546 311781 172754 726259 734517 278494 322847 343451 621975 878035 581023 188990 133101 508418 246394 457843 418268 253139 592369 715392 263115 110506 485149 753124 378858 240740
214496 652655 711152 261110 551649 763002 410265 553615 758357 794941 455018 577362 927611 781740 287812 477141 647638 950490 632139 926044 595028 824114 579316 556328 341839 1018973 301593 554636 605684 1026429 675590 955617 761147 599613 495678 231989 755601 1017955 280423 500650 1016385 986505 108627 975061 855111 1052093 1240851 876662 422755 874334 92381 609599 999999999 663519 516768 160169 653307 506160 673595 157728 539744 476462 731092 816471 871101 849317 612032 358064 909480 1014789 979302 29029 653312 929322 651842 320297 756975 802270 659234 332371 341608 897352 874273 774344 1088570 672219 493547 192917 364107 255745 959985 857101 1092428 484809 439797 719448 319132 514719 674243 371494
454893 281990 104707 492088 153231 633328 287227 430078 206209 440418 208556 209591 360977 556660 402197 266233 312310 287152 568210 345218 548370 197334 632693 527851 465624 570087 479019 112458 268916 422931 469377 365344 342473 334950 745334 688479 373891 519391 407422 425678 434666 369219 706820 373544 867799 423041 655624 735747 263550 736874 706750 487799 663519 999999999 238781 523982 495239 420507 548762 622350 500823 628332 770642 403931 305119 817416 94357 381424 533709 467466 350674 654588 661109 279267 174738 574324 461672 238472 295470 469089 619621 465590 210876 421312 530410 676186 409531 471834 495572 407943 482950 654976 525414 393078 306908 518086 349556 416181 128167 505374
346820 149762 337398 289386 264624 438933 110338 203909 432870 628412 163897 345381 410881 388771 228971 325452 159356 492977 348537 410037 322743 326238 399276 296741 241671 528159 264838 152445 414464 511478 280072 440069 260299 466675 506949 479667 563110 511801 338015 189448 499702 475291 589583 460691 654553 542890 724278 554101 260509 554193 534257 271712 516768 238781 999999999 358473 291975 185036 342808 531512 268385 389554 547379 324166 540581 611073 146795 171291 441862 499613 472188 499575 436052 508462 139091 348396 314574 470694 462818 247239 390325 405247 421068 606588 573153 452928 172502 349394 264653 281982 457164 488345 576270 459212 83580 334912 269026 495007 175631 272931
129248 492524 584482 112540 431887 623528 254777 400384 645299 726736 317685 474324 769212 631972 130232 381742 487565 810368 493437 768451 455715 672487 457334 415980 192437 859725 152993 412199 516771 869543 522732 798345 601003 527105 418636 206952 677749 857810 200016 347497 858076 831305 249170 818459 745050 897772 1081719 740951 311166 739022 182971 461119 160169 523982 358473 999999999 503834 352420 529383 232464 395861 365377 619367 656700 761223 730259 463164 197970 752082 855116 825590 141175 529069 798119 495263 208094 600797 689618 573691 183274 246411 737768 734188 704680 928926 548792 338684 100235 223058 127735 799914 712704 933052 432679 280066 569234 204995 469039 521042 233127
