NAME : synthetic_000868
TYPE : CTSP-D
DIMENSION : 100
GROUPS : 8
RELAXATION_LEVEL : 1
EDGE_WEIGHT_TYPE : EXPLICIT
EDGE_WEIGHT_FORMAT : FULL_MATRIX
EDGE_WEIGHT_SECTION
999999999 937048 667936 822498 974242 823619 845756 624239 814914 229858 288030 195384 347519 239727 453175 665314 592143 843617 827651 1073681 595250 758815 1138826 519331 470530 892113 385223 991617 459392 653511 875449 833938 287216 631369 249305 305623 433022 192915 196065 133364 562795 31959 1032034 334303 92846 228232 998690 484934 683531 669402 775708 683993 592330 575831 913255 364283 543226 180134 559173 365384 453483 949111 611813 631745 142421 766483 565192 644467 870114 593287 486284 412119 427576 335099 480361 872182 457616 777668 694486 873134 492134 979263 170379 422778 400620 31704 356654 359109 146748 101920 762322 474318 461156 746341 712584 659586 487269 399961 857555 571746
937048 999999999 518158 154177 64880 712745 328691 690581 406109 823376 703422 1056608 831723 724368 621437 672396 804895 105662 128202 144518 502030 259302 208439 643992 837543 49267 824397 79403 505959 830511 345703 777764 709736 343455 788934 652024 505408 746849 857168 914268 550511 908061 125316 831129 850555 765897 114657 579776 766278 674723 727246 592304 431334 662548 817888 782057 643905 810272 378945 598755 612952 247374 336797 312053 884762 755322 390903 692234 262737 423045 679777 846111 846446 620319 867308 801485 664447 358864 598164 171579 448197 152637 859484 764700 568019 905422 777056 813575 790446 921470 462279 589043 511586 827889 528679 427612 510200 697014 163438 790054
667936 518158 999999999 364844 581605 245610 693137 173775 731512 461906 380291 698015 402896 571222 215909 154897 292267 492383 496419 595358 84972 556101 709236 173039 356217 501313 378839 521231 270499 953336 252956 299202 602531 489869 431352 526300 406008 537691 502990 721675 665236 651078 643466 767457 616204 623933 502424 628212 249228 157577 234613 790753 561934 158381 365182 742311 738445 641170 380913 328884 637365 370667 431774 417149 552094 255419 452232 174126 296229 552404 216055 386392 836084 508073 381990 334003 695179 665883 802268 360748 404706 649675 519647 764755 299352 640265 732597 767416 546044 710258 739322 629010 503993 316548 48436 627241 540493 684316 570436 876807
822498 154177 364844 999999999 216841 569464 392491 536678 456140 687701 570127 926067 685893 628169 473440 519492 650718 145568 159513 259811 348478 275875 355677 491205 685520 138366 676283 176981 372782 822324 226459 633491 624585 299604 652963 558026 403393 638478 723610 816710 523391 795342 279289 764390 740971 674808 176916 531817 613630 521956 579725 600147 396843 508421 679320 719942 616702 714478 283978 468542 559838 180130 267651 239625 755837 606695 321404 538721 147092 386812 527938 696506 796006 527332 715040 659704 617187 395590 608578 70951 353351 288649 728572 713666 435486 790833 713311 751092 676274 819664 494003 539050 437830 677062 377969 421748 448846 638225 234598 768045
974242 64880 581605 216841 999999999 777608 300944 753474 381309 871531 750912 1101301 885646 754743 677318 736106 866892 130626 147718 144524 562645 259360 164669 703506 896054 87882 879843 114775 554900 822297 409292 842639 735497 362029 837382 682255 541224 782393 904085 943749 554636 944538 64033 847727 885908 793644 155287 591934 830126 738502 792053 580767 442069 724147 882475 797167 646183 839701 415244 645474 626620 305912 365374 343215 929196 820049 417131 755548 326715 434809 738331 902593 855924 650538 926030 866283 674804 342245 585420 236152 482398 95456 905030 775294 616078 942793 792915 828518 828301 952833 443721 601861 535828 892311 593049 426562 529439 711744 150381 788092
823619 712745 245610 569464 777608 999999999 929427 199405 972646 596016 554499 798905 495266 779664 393243 159297 268756 710077 718270 755169 322484 793694 878857 312101 393099 707221 459598 694609 501928 1192115 379372 65669 819612 734717 574314 746025 642563 732769 634250 903805 908889 814153 834493 983224 792711 830488 665906 868102 163884 154976 54966 1036061 807477 250046 119574 964392 979093 838245 626466 537694 874415 505639 676789 661168 688796 81981 697776 179223 455442 797979 338888 447358 1059387 732451 403700 91244 930597 906939 1047632 542082 647365 857479 657146 992876 515280 800825 954274 986913 727024 886468 983572 868059 744106 161436 207689 872652 782200 914132 794415 1113288
845756 328691 693137 392491 300944 929427 999999999 841253 81080 814896 699754 1009651 870238 606634 695503 839723 934122 253358 234742 444765 638880 137310 418761 752811 920876 292878 877408 405732 538633 536902 618539 988916 567203 241616 785221 540769 450133 658143 837031 778415 316778 813880 315520 632991 752910 629713 443186 380439 930944 843374 926937 294811 253472 795647 1046204 579573 393565 680348 359628 601119 417142 555755 290909 292019 844790 948553 309932 850321 539344 253058 774868 907773 615521 512817 951255 1020543 447903 70457 296901 453322 395905 227899 829095 542496 584429 816986 578435 608546 712722 795945 149985 391810 387075 1005128 723186 191539 358488 498523 168005 516994
624239 690581 173775 536678 753474 199405 841253 999999999 870398 396766 359337 606206 300344 592804 207359 44958 120582 658439 660260 768744 202946 704264 883008 122326 213428 671529 266552 695001 344867 1029299 415009 216366 637338 619788 374940 567001 485493 540731 435310 706805 762464 615092 815866 798143 595287 641981 675798 711507 92641 47971 152837 897833 676497 57930 296365 783917 822504 645708 501016 357743 712239 538667 562161 553359 489704 150173 569638 20291 467436 668093 141315 260133 878969 557645 232484 256074 764924 805815 909912 534512 503907 818176 457922 817463 341646 601642 773593 804275 530971 688552 868048 709695 590715 171488 179026 749301 631833 741488 731985 947144
814914 406109 731512 456140 381309 972646 81080 870398 999999999 805985 695472 987165 871735 575341 710574 872801 956357 323752 303218 525425 670573 183855 498793 774314 932279 367709 882314 484103 550816 458846 679743 1030022 530389 252822 778295 514184 445400 632977 824627 737325 264149 782961 396509 578265 722523 592432 520765 335702 961715 876687 966124 218666 232585 821713 1090894 524957 330276 643246 374260 602372 371195 625682 308997 317251 827160 985876 313878 881019 603081 235529 792500 914152 552136 488795 962228 1063210 393527 65709 219504 520482 397052 308761 814274 483163 590055 787493 524962 552469 688735 757209 73428 347007 367133 1037794 765092 156882 332364 447748 243245 443916
229858 823376 461906 687701 871531 596016 814896 396766 805985 999999999 120922 242829 123825 295365 247967 439031 363389 744692 733777 947296 400313 701129 1031589 299713 246299 784397 159852 864218 317423 775583 692402 604345 355041 576321 34761 318906 364824 221975 41085 331908 594114 225688 933916 480453 223401 325629 863067 519270 453679 442944 547040 733352 573597 351306 683516 487872 611143 304736 472084 226673 499853 783902 537926 549282 93283 536959 506475 416850 702962 570467 262659 190765 574204 333091 260940 642446 530292 754730 745343 725385 420948 897877 61168 538463 255531 210921 477836 496798 180421 307683 770415 511599 441135 517119 502736 651516 480291 483644 781255 689109
288030 703422 380291 570127 750912 554499 699754 359337 695472 120922 999999999 356065 182287 244009 167620 395501 364551 623823 612856 829166 307484 582699 911443 242625 277114 663927 202944 746031 197948 714645 592247 575540 297120 459450 87660 240778 250524 183383 153864 349886 500224 270848 813166 447909 239961 288652 746322 429922 434672 399947 511740 641736 464641 304811 655622 442159 530918 287129 352169 105752 416514 675414 418809 429218 187870 508701 390054 379385 594898 460530 218278 237962 535202 245505 301627 615138 456368 641700 653982 610888 304079 777057 158927 484743 135461 259990 431720 458053 172623 334458 664733 423843 336733 507954 425614 543595 378119 418162 660793 628631
195384 1056608 698015 926067 1101301 798905 1009651 606206 987165 242829 356065 999999999 306059 417404 488222 650885 538452 972177 959181 1184739 641335 909477 1263698 528830 409336 1015398 339943 1101608 553417 848692 934214 793662 471642 781491 277054 473169 571258 354349 203919 324281 744920 223034 1162339 529284 275543 417029 1102376 666480 641503 654144 745862 872089 757844 570719 868460 559532 733681 372027 690948 458439 637660 1026709 751942 767524 172110 729071 712202 624962 945776 757161 487780 352295 621753 498551 406512 828391 647852 944151 882993 966481 630875 1119287 197561 617923 490699 212652 551764 554391 298440 292711 939936 656473 622891 688838 735853 830336 654987 591259 999506 767128
347519 831723 402896 685893 885646 495266 870238 300344 871735 123825 182287 306059 999999999 407289 213593 344913 246127 764935 757508 944049 359956 746554 1039372 229999 123354 797778 37886 862181 339281 886888 650066 495688 465288 628622 123850 418213 426821 336339 151612 455444 682499 346959 949408 600249 347212 442859 855233 611707 343085 348229 443373 823962 643190 265573 573254 604007 710850 426089 513635 269673 596977 755072 582406 588252 205324 429305 561002 319331 674872 638414 187226 66967 692824 426155 137171 532410 633818 815537 836197 712460 475649 924245 177833 652000 286529 331766 593771 615104 300949 430592 844409 605343 518054 400632 436428 722421 559834 591576 813750 800387
239727 724368 571222 628169 754743 779664 606634 592804 575341 295365 244009 417404 407289 999999999 387227 624145 608398 625130 607025 865931 487423 525549 919006 471162 516968 677117 436236 786333 310011 480548 727884 808302 60108 400265 284160 72498 224797 73942 294041 190004 327518 207770 809339 205568 147182 52946 799087 249079 673998 628762 742038 456998 353504 535717 887688 198594 323724 86447 347729 243989 220919 777367 389420 412674 275029 742922 338252 612141 703731 354993 455201 471022 291193 104235 538888 848096 239470 538189 468288 687518 277454 750410 274236 244712 271875 212209 188189 214149 126049 198236 524176 239091 225613 749267 619591 419859 248346 189124 628684 394018
453175 621437 215909 473440 677318 393243 695503 207359 710574 247967 167620 488222 213593 387227 999999999 236924 253531 560824 555691 730792 153166 563726 828134 85054 226853 589737 203024 649195 160213 824934 446304 421379 430227 458381 216263 359662 290442 339921 288898 516090 568851 437726 741317 591962 407207 437511 641691 511989 294033 241545 354830 708006 497207 149556 500547 576658 621928 445419 337146 150708 509642 544632 404978 404300 336657 356726 397876 226047 463917 490075 84236 225457 671742 350982 257453 461156 560421 649155 720282 498878 320671 722208 304350 610261 138402 426270 566351 597369 338658 501746 696605 509165 395408 372385 259518 574351 437832 534846 617450 741840
665314 672396 154897 519492 736106 159297 839723 44958 872801 439031 395501 650885 344913 624145 236924 999999999 155936 646713 650082 743772 202266 702420 860402 153764 257597 656197 311385 672165 361941 1051070 382749 185012 666485 624684 416111 594515 503667 574915 478031 744561 777976 655250 797643 828815 633420 674244 650971 730420 94351 4658 117914 911015 686639 90781 263700 812439 841691 680274 508315 385003 733208 508468 566577 555673 532181 122994 578300 29045 440145 677850 179699 305041 907566 583267 275595 224677 787337 807662 922961 511899 517245 804522 500192 843845 365803 642060 802195 833801 567912 727175 874222 729246 608048 165410 149035 757381 648256 766610 723348 970039
592143 804895 292267 650718 866892 268756 934122 120582 956357 363389 364551 538452 246127 608398 253531 155936 999999999 766445 766446 887574 306703 798601 1000341 182043 129188 783290 208278 812729 411327 1069741 535510 255509 659788 703597 351082 596621 543873 546501 396242 692271 822023 589063 929901 812358 581129 652912 794652 763236 105363 156441 213885 961495 749266 143378 330183 805945 872043 647179 582366 396534 758456 659207 647662 642621 450718 192678 647057 127755 587482 741778 169398 187549 899515 593507 135458 289959 806308 893221 973778 652427 572986 927672 421767 846112 390556 574304 795499 822530 524608 669816 946929 759777 648575 154513 299573 825447 691131 775173 835845 985037
843617 105662 492383 145568 130626 710077 253358 658439 323752 744692 623823 972177 764935 625130 560824 646713 766445 999999999 23363 249858 459742 159004 295248 595351 783994 56498 761544 181724 429762 729863 370860 773131 607716 238249 710832 552635 410599 651812 776334 814530 445766 813926 190173 726043 755359 665006 210656 474121 740965 649637 716641 494661 325740 623092 822073 676706 539456 710448 284661 518119 507379 302570 235790 212885 800083 742122 288645 663091 289272 317401 627270 786085 740796 520895 814366 800911 558793 269020 501328 200659 351830 162142 776478 659038 489848 812168 671816 708212 697695 823030 371869 483411 408602 808580 512188 325185 405453 591579 89479 686696
827651 128202 496419 159513 147718 718270 234742 660260 303218 733777 612856 959181 757508 607025 555691 650082 766446 23363 999999999 271898 459990 135831 312144 593305 780140 79335 755228 204914 420562 706517 385899 780755 588299 216977 700156 534538 394765 635422 764697 796072 422670 797722 204492 704636 738801 646109 234015 451901 744137 653132 723143 471528 303175 623264 831402 655034 516293 692014 269630 507106 485406 322483 217678 195991 787180 747996 269559 665602 305344 294966 624101 780496 718353 502822 810608 809315 536382 247261 478271 218598 335526 166834 764148 636702 479739 796293 650268 686522 682120 805124 349768 461294 388836 812949 518202 301824 384462 569817 76460 663391
1073681 144518 595358 259811 144524 755169 444765 768744 525425 947296 829166 1184739 944049 865931 730792 743772 887574 249858 271898 999999999 597022 398127 125975 740995 936148 193729 932837 83137 631368 965642 375855 820786 853072 487940 912577 793816 644688 885292 982867 1055935 692228 1045353 143039 975645 988848 908499 92946 723799 834752 745347 779130 724684 574883 749456 848486 926515 784990 952114 518829 726476 757219 250589 480253 454871 1013853 809602 534722 766982 304885 566801 779941 951395 990112 762197 964867 838697 808194 486597 729546 236381 588786 225662 987178 908561 694068 1041986 921550 958028 926937 1062169 588243 733179 655558 887849 595060 566673 654706 841425 292920 929185
595250 502030 84972 348478 562645 322484 638880 202946 670573 400313 307484 641335 359956 487423 153166 202266 306703 459742 459990 597022 999999999 501722 702886 143978 339137 477785 342297 518028 185618 871122 293192 370477 517775 422775 367758 441454 322481 456428 441013 642019 586512 576578 626192 682663 538594 540246 505427 546385 292094 206206 303111 715280 488179 163360 441249 657340 657112 558941 308100 246632 554298 395218 364587 353410 487002 318722 378899 211442 315330 479034 183555 356983 751135 423101 368015 407443 611651 605497 727010 361081 324893 621059 455099 680042 215847 566564 647626 682472 468018 631987 672549 546753 422201 367271 133258 556900 459818 599733 530367 793704
758815 259302 556101 275875 259360 793694 137310 704264 183855 701129 582699 909477 746554 525549 563726 702420 798601 159004 135831 398127 501722 999999999 412638 617882 790183 212651 751099 338139 409949 571531 496884 852589 496405 128186 669763 454875 339243 566608 726718 708966 295280 727545 300199 593704 666858 557518 369189 335679 793740 706066 790154 335700 186655 659271 911069 542023 387186 606418 232935 480286 371374 450978 164435 159726 740338 811488 197312 713150 421829 180788 641466 780281 597188 424306 820708 884678 416845 120511 342511 343093 280812 228677 721557 517153 460085 728519 538488 573072 618376 722170 218422 346078 299964 867823 586904 168655 283580 456784 111547 531299
1138826 208439 709236 355677 164669 878857 418761 883008 498793 1031589 911443 1263698 1039372 919006 828134 860402 1000341 295248 312144 125975 702886 412638 999999999 846313 1040980 248380 1031153 188236 714221 954967 499580 944521 898572 523818 997196 846542 705827 947053 1065072 1107709 704747 1109172 112468 1005916 1050576 957265 213022 748273 952609 862233 901151 712240 598822 859955 973765 954516 793460 1003714 579723 806490 783787 375846 529798 507868 1091678 931185 581025 882517 425464 592319 883518 1051982 1008578 814847 1070363 963274 829205 474386 715064 348643 647061 192889 1066894 929301 776127 1107356 950793 985634 992784 1117171 568581 758597 698817 1008262 712628 573867 690407 869188 301127 929269
519331 643992 173039 491205 703506 312101 752811 122326 774314 299713 242625 528830 229999 471162 85054 153764 182043 595351 593305 740995 143978 617882 846313 999999999 195159 617515 206114 661928 231982 908829 422975 337146 515074 521563 272647 444716 369307 421153 340366 592390 647745 506978 767338 676281 481827 520853 649324 593560 209780 158313 271289 785367 569160 64649 416660 661608 704080 526527 400381 235631 592642 533933 465649 461006 392478 271976 465631 141186 455472 561392 43061 216150 756670 435779 224139 376941 644311 711214 797570 504975 393608 757454 359914 695285 221113 494442 651289 682098 415245 576036 765580 591206 474758 288588 207314 644554 516653 619657 660161 826118
470530 837543 356217 685520 896054 393099 920876 213428 932279 246299 277114 409336 123354 516968 226853 257597 129188 783994 780140 936148 339137 790183 1040980 195159 999999999 809331 86448 857027 382526 991718 609109 384367 572650 681771 240961 517751 496609 449196 274872 578205 767100 470311 960033 715598 469071 556603 844411 701159 232617 259838 338952 908753 711602 199573 459365 715420 805513 544015 561450 338549 690840 725204 629978 630559 328152 320329 618408 229078 648091 705462 157774 59352 806458 520606 30608 419138 732931 872286 921089 700071 536813 945979 301164 760472 343926 455118 705048 728729 419057 553737 913173 696067 596372 281785 378542 790309 639166 695236 843541 905631
892113 49267 501313 138366 87882 707221 292878 671529 367709 784397 663927 1015398 797778 677117 589737 656197 783290 56498 79335 193729 477785 212651 248380 617515 809331 999999999 792129 125848 467455 784178 351469 771491 661481 294214 750162 604690 459653 701201 817326 866879 501986 862836 151684 781928 804891 718053 156906 530546 750493 658801 718085 547341 382238 640159 815816 732805 595558 762829 333163 558674 563688 267371 288684 264472 843350 745038 342453 674533 268065 373890 651712 815094 797279 572958 839406 797154 615271 317011 553587 175810 401800 150355 818744 715494 528875 860546 727822 764322 745715 874573 420478 539794 462963 814967 516093 380254 461066 647752 124938 742318
385223 824397 378839 676283 879843 459598 877408 266552 882314 159852 202944 339943 37886 436236 203024 311385 208278 761544 755228 932837 342297 751099 1031153 206114 86448 792129 999999999 851622 341470 914185 628818 458603 493268 636070 155878 442630 439379 366695 189211 491759 701505 384194 943792 632137 382761 473823 842987 632459 305909 314523 407238 843255 656089 235378 535889 634009 733830 459216 518768 280474 619457 737153 587765 591845 243124 392466 569696 285100 657574 650807 163078 35146 723927 448442 103345 495099 658500 824700 855544 699386 485298 922051 215294 680706 293154 369075 623702 646158 334063 467341 857845 626585 534248 362773 409869 735320 576548 618115 813903 827805
991617 79403 521231 176981 114775 694609 405732 695001 484103 864218 746031 1101608 862181 786333 649195 672165 812729 181724 204914 83137 518028 338139 188236 661928 857027 125848 851622 999999999 548231 909586 317066 760236 775405 416043 829506 714484 563959 803930 899739 976275 627470 963494 150076 902230 907363 829829 40556 653784 764434 674001 714814 671679 506575 673039 793430 854065 721180 872672 438699 643370 686166 201053 403586 377405 930758 744458 458539 694332 239349 497942 700222 870808 920927 682977 886037 780688 738949 438024 677564 160499 508900 209982 904047 838865 610933 959915 848687 885594 844900 981818 541363 662729 579415 820774 524475 506062 581067 769445 242307 868162
459392 505959 270499 372782 554900 501928 538633 344867 550816 317423 197948 553417 339281 310011 160213 361941 411327 429762 420562 631368 185618 409949 714221 231982 382526 467455 341470 548231 999999999 690744 423276 543425 334695 299337 282980 257949 141786 292123 351800 479989 417606 435058 617750 499015 386878 362850 549405 368555 436944 366491 475051 553851 337940 289131 618387 472102 479847 387959 179020 96258 372764 489745 247787 250450 383091 484755 237694 360273 411084 330515 243537 370332 565640 237987 412799 582081 428671 490019 566012 416735 161776 586700 355869 494515 62721 428275 462478 497724 317525 475269 536529 367630 246245 516128 318550 414481 287013 414402 474601 611371
653511 830511 953336 822324 822297 1192115 536902 1029299 458846 775583 714645 848692 886888 480548 824934 1051070 1069741 729863 706517 965642 871122 571531 954967 908829 991718 784178 914185 909586 690744 999999999 1011956 1233977 421695 524555 764452 474678 549563 553609 770961 526825 302802 627716 848462 319493 584945 452919 940484 325217 1118607 1055682 1165610 242817 427902 971650 1309103 293152 216624 486229 589890 675224 318030 1002275 567910 594062 742937 1174053 524415 1046429 953562 438274 904765 949249 230071 476251 1015531 1272770 264528 481946 240013 893271 550266 762566 748797 238087 687829 640144 302251 294460 599263 557650 386967 324385 449366 1197256 999090 405281 414384 296484 672721 86540
875449 345703 252956 226459 409292 379372 618539 415009 679743 692402 592247 934214 650066 727884 446304 382749 535510 370860 385899 375855 293192 496884 499580 422975 609109 351469 628818 317066 423276 1011956 999999999 445017 741839 491354 659213 666844 516543 715395 732773 903192 709169 853615 461657 899018 808734 779737 286790 699427 468444 383453 404255 805396 585478 410381 476398 862202 798018 809306 428934 511702 720615 128123 444174 418604 776814 435268 488801 408973 83500 575023 465867 638449 948430 640481 634527 464012 780570 617394 814964 175935 485362 496950 745470 868662 476726 845299 853930 891524 738542 898363 712187 704246 585996 515231 236001 626486 609593 788391 460310 948329
833938 777764 299202 633491 842639 65669 988916 216366 1030022 604345 575540 793662 495688 808302 421379 185012 255509 773131 780755 820786 370477 852589 944521 337146 384367 771491 458603 760236 543425 1233977 445017 999999999 851362 788895 585757 779527 685088 757086 640782 921758 955907 826893 899802 1013309 810017 857917 731574 911681 152729 180356 68375 1085752 858377 272672 80125 997418 1022948 862071 677752 570008 915949 571128 730728 716350 695672 67541 748865 196558 521027 849109 357287 441722 1092545 768106 390109 39795 970859 964333 1097486 607339 694181 921817 664923 1028741 550531 812958 987166 1018631 746696 902602 1038488 911005 788356 119328 265731 925577 827581 951251 856694 1153666
287216 709736 602531 624585 735497 819612 567203 637338 530389 355041 297120 471642 465288 60108 430227 666485 659788 607716 588299 853072 517775 496405 898572 515074 572650 661481 493268 775405 334695 421695 741839 851362 999999999 375297 342781 76784 227044 134038 354147 212950 275590 255560 787497 164962 197184 62510 791020 197770 721039 671133 784294 400608 316849 579705 930125 146891 264936 113229 340726 281966 166594 781904 372946 398251 334254 786952 319112 656234 711216 319805 502390 528223 241724 101389 595384 891098 180047 497625 411650 687241 271323 724028 334221 187831 305663 262190 136494 167369 185401 228794 475579 187106 199756 797449 650943 377343 213408 129021 603120 335165
631369 343455 489869 299604 362029 734717 241616 619788 252822 576321 459450 781491 628622 400265 458381 624684 703597 238249 216977 487940 422775 128186 523818 521563 681771 294214 636070 416043 299337 524555 491354 788895 375297 999999999 545737 328755 212377 438861 600595 586294 223863 600247 412345 487794 539738 435044 438998 238211 711721 628731 723178 315634 97286 569902 854125 438613 317114 482858 121483 359635 270127 478669 58256 75752 612788 740860 69985 631243 429360 87209 539851 666762 505436 297740 711965 823841 323772 190782 325826 370385 155473 350167 594627 423166 342959 600900 433611 470136 490294 597955 249905 246867 175953 788754 527721 140029 167581 353658 228540 468444
249305 788934 431352 652963 837382 574314 785221 374940 778295 34761 87660 277054 123850 284160 216263 416111 351082 710832 700156 912577 367758 669763 997196 272647 240961 750162 155878 829506 282980 764452 659213 585757 342781 545737 999999999 300397 335159 212602 73630 341190 572164 241149 899875 476621 230187 319009 828307 498599 436798 420171 526628 712409 546333 327019 665417 480254 593639 303347 439736 193158 481007 749681 506120 516829 120842 518225 476068 395175 668762 542823 237615 189501 568997 311960 259148 624366 514474 725970 724502 690670 390264 864602 88316 528757 221305 227226 470038 491267 178222 319179 744577 491409 415263 503203 473124 624730 455289 470159 748453 677913
305623 652024 526300 558026 682255 746025 540769 567001 514184 318906 240778 473169 418213 72498 359662 594515 596621 552635 534538 793816 441454 454875 846542 444716 517751 604690 442630 714484 257949 474678 666844 779527 76784 328755 300397 999999999 155638 118830 326463 262246 278486 273931 736978 241264 212934 116873 727822 201639 652622 599171 712046 415371 287339 509137 857797 218367 293277 158304 276190 209566 180962 710702 316923 340228 318294 715890 265928 585507 638572 287898 435003 477772 313391 31742 542386 819173 215873 473418 427229 618624 205878 678726 310847 250932 230953 276354 208262 241678 174806 270642 467457 193346 155687 729974 574683 357506 182808 178713 556930 389134
433022 505408 406008 403393 541224 642563 450133 485493 445400 364824 250524 571258 426821 224797 290442 503667 543873 410599 394765 644688 322481 339243 705827 369307 496609 459653 439379 563959 141786 549563 516543 685088 227044 212377 335159 155638 999999999 241548 388261 413598 278601 403376 599236 382627 345243 272417 575185 226772 577030 508226 616721 417638 216721 428977 759646 347961 338063 311085 126509 159135 231975 555369 181181 199163 401257 626522 142401 501392 484174 211646 374475 472312 438010 126249 525492 723636 289208 391191 429930 463104 59911 549704 382374 362295 154494 401596 339181 376315 287373 417954 418475 225919 105462 656253 452954 295968 147489 281089 428953 471273
192915 746849 537691 638478 782393 732769 658143 540731 632977 221975 183383 354349 336339 73942 339921 574915 546501 651812 635422 885292 456428 566608 947053 421153 449196 701201 366695 803930 292123 553609 715395 757086 134038 438861 212602 118830 241548 999999999 220155 187992 393850 162416 839646 266801 103708 107427 813162 315765 617927 579457 692210 526940 405077 484896 837012 267668 396273 105502 368050 210019 290331 776246 419063 439433 203402 690674 372315 560550 699612 405087 400529 401124 357344 145333 469864 796805 312721 591420 538455 693145 299996 786350 200762 316722 242748 162113 257440 279585 56204 183990 585920 306461 271321 691311 585456 476240 301193 263059 664652 467136
196065 857168 502990 723610 904085 634250 837031 435310 824627 41085 153864 203919 151612 294041 288898 478031 396242 776334 764697 982867 441013 726718 1065072 340366 274872 817326 189211 899739 351800 770961 732773 640782 354147 600595 73630 326463 388261 220155 999999999 306829 604408 195796 966048 468360 202792 318288 899501 528081 489305 481871 584622 741782 592059 391009 719558 480154 615224 291629 500226 258652 506261 823077 564736 577477 54896 573578 530611 455285 742183 589561 302783 217051 563191 343977 286298 678519 532515 775305 753597 762815 445917 927699 26608 532960 289314 180460 470398 486566 171713 280618 786087 519782 457959 550585 543779 668975 495578 483145 809949 684813
133364 914268 721675 816710 943749 903805 778415 706805 737325 331908 349886 324281 455444 190004 516090 744561 692271 814530 796072 1055935 642019 708966 1107709 592390 578205 866879 491759 976275 479989 526825 903192 921758 212950 586294 341190 262246 413598 187992 306829 999999999 475660 116259 997436 208008 111836 151461 988634 401625 775751 748940 859638 583101 529597 653781 1001840 245631 439505 104082 537603 396802 366474 961138 578740 602407 259556 854377 526691 727037 885538 532715 565596 522154 298127 293952 592089 960989 356654 708402 592615 874524 467375 936004 280271 304114 430228 131659 239670 234800 177472 31705 678008 390331 410356 844020 768853 587447 426343 298106 814708 447700
562795 550511 665236 523391 554636 908889 316778 762464 264149 594114 500224 744920 682499 327518 568851 777976 822023 445766 422670 692228 586512 295280 704747 647745 767100 501986 701505 627470 417606 302802 709169 955907 275590 223863 572164 278486 278601 393850 604408 475660 999999999 531148 592939 316328 472379 335634 654514 78440 854520 782447 887868 141796 126578 706597 1027759 262887 94158 385860 290650 429757 109917 702510 265118 291423 596260 900061 222755 777665 651367 136715 652688 735981 304310 261067 794700 993527 131133 247019 154109 594221 261759 514625 589312 227320 431583 537550 262066 291775 449838 497190 202348 88616 173457 933718 708970 131605 131119 183655 405648 244758
31959 908061 651078 795342 944538 814153 813880 615092 782961 225688 270848 223034 346959 207770 437726 655250 589063 813926 797722 1045353 576578 727545 1109172 506978 470311 862836 384194 963494 435058 627716 853615 826893 255560 600247 241149 273931 403376 162416 195796 116259 531148 999999999 1002009 309378 61020 197094 971207 453212 677721 659436 767319 653115 560473 565122 906566 336905 512809 149809 529729 342300 421957 924690 581478 601749 145330 759357 534385 635374 846128 561481 475646 412817 403638 303587 482065 865515 427094 745748 663688 847019 462215 948537 169293 395114 377487 15645 328950 333317 119108 86865 730482 442632 429537 742612 696444 627629 455392 369709 826780 545123
1032034 125316 643466 279289 64033 834493 315520 815866 396509 933916 813166 1162339 949408 809339 741317 797643 929901 190173 204492 143039 626192 300199 112468 767338 960033 151684 943792 150076 617750 848462 461657 899802 787497 412345 899875 736978 599236 839646 966048 997436 592939 1002009 999999999 893464 942890 846646 188623 635811 891463 799945 850725 605692 486358 787346 937186 842048 682302 893563 474031 707580 671319 350582 421012 400289 990240 879200 471089 817549 380555 479882 802298 966610 896506 705357 989990 922348 716871 366609 609185 292488 539906 88053 966508 817031 678622 1000708 838333 873167 886602 1007575 463904 646130 587818 952525 653464 462422 578455 756721 188670 819876
334303 831129 767457 764390 847727 983224 632991 798143 578265 480453 447909 529284 600249 205568 591962 828815 812358 726043 704636 975645 682663 593704 1005916 676281 715598 781928 632137 902230 499015 319493 899018 1013309 164962 487794 476621 241264 382627 266801 468360 208008 316328 309378 893464 999999999 271461 159580 922271 258560 879546 833447 946727 396009 407145 740897 1092494 53445 254586 176732 482914 445676 222392 930007 500661 528059 433357 948192 445526 817385 862890 413619 660765 666098 95425 262218 735477 1053095 185265 562971 403921 830512 417565 820988 444038 103043 470389 322422 55314 28559 300057 238433 511264 247857 326601 954628 815861 444332 321185 137076 704946 239709
92846 850555 616204 740971 885908 792711 752910 595287 722523 223401 239961 275543 347212 147182 407207 633420 581129 755359 738801 988848 538594 666858 1050576 481827 469071 804891 382761 907363 386878 584945 808734 810017 197184 539738 230187 212934 345243 103708 202792 111836 472379 61020 942890 271461 999999999 141538 916138 394182 663929 637770 748123 596861 499484 542667 890085 291917 458157 99146 471749 297473 363766 874999 522044 542819 162545 742613 474296 615537 797327 500466 454182 414164 366879 242721 484341 849216 372331 684855 607668 794409 403530 888466 176941 348782 332166 65243 283141 292702 70710 94539 670796 383769 368571 732448 662742 566956 394424 316019 766662 500632
228232 765897 623933 674808 793644 830488 629713 641981 592432 325629 288652 417029 442859 52946 437511 674244 652912 665006 646109 908499 540246 557518 957265 520853 556603 718053 473823 829829 362850 452919 779737 857917 62510 435044 319009 116873 272417 107427 318288 151461 335634 197094 846646 159580 141538 999999999 843952 258559 721681 678843 792048 456091 379119 585245 937512 162309 316654 50830 392346 296178 225871 826986 429420 453861 291001 792153 376550 661499 754133 381890 503239 508100 250107 147542 577075 897706 230824 560126 466737 735479 322127 784584 295879 214833 324586 205169 152365 172340 146639 166317 536674 247646 259094 796107 672279 439780 275230 174603 663358 367036
998690 114657 502424 176916 155287 665906 443186 675798 520765 863067 746322 1102376 855233 799087 641691 650971 794652 210656 234015 92946 505427 369189 213022 649324 844411 156906 842987 40556 549405 940484 286790 731574 791020 438998 828307 727822 575185 813162 899501 988634 654514 971207 188623 922271 916138 843952 999999999 677209 742176 652581 688289 704234 531778 656763 762135 875056 748537 885533 451657 645320 708689 165883 421859 394876 932495 718471 477036 674081 212933 522796 688684 860797 944425 696571 872958 750746 762736 472854 710491 144349 521953 250536 904984 862117 612062 967002 869321 906546 852242 992943 576345 685794 597419 796105 502362 535802 601657 791004 277934 896764
484934 579776 628212 531817 591934 868102 380439 711507 335702 519270 429922 666480 611707 249079 511989 730420 763236 474121 451901 723799 546385 335679 748273 593560 701159 530546 632459 653784 368555 325217 699427 911681 197770 238211 498599 201639 226772 315765 528081 401625 78440 453212 635811 258560 394182 258559 677209 999999999 802512 734983 843331 214085 149875 654555 985764 206421 111295 309103 270971 367371 36868 707025 264577 292535 518543 853292 213095 727743 648964 157277 594715 667258 267244 186639 727974 950098 85718 309984 226078 601389 225423 562457 512339 185082 373599 459389 203248 237397 371655 421879 278121 11394 124234 881666 673875 189100 90711 121490 447148 251838
683531 766278 249228 613630 830126 163884 930944 92641 961715 453679 434672 641503 343085 673998 294033 94351 105363 740965 744137 834752 292094 793740 952609 209780 232617 750493 305909 764434 436944 1118607 468444 152729 721039 711721 436798 652622 577030 617927 489305 775751 854520 677721 891463 879546 663929 721681 742176 802512 999999999 91697 108918 990280 769134 148054 230388 867918 913302 721670 593362 444633 802290 595708 653943 644498 544191 87717 662177 80733 530217 760718 218850 289296 962702 644946 240792 189431 854085 896920 1002374 604499 596437 898872 513839 903533 430865 663491 857531 887091 602909 755331 960322 800432 682392 79225 239991 841819 723735 828765 817131 1035797
669402 674723 157577 521956 738502 154976 843374 47971 876687 442944 399947 654144 348229 628762 241545 4658 156441 649637 653132 745347 206206 706066 862233 158313 259838 658801 314523 674001 366491 1055682 383453 180356 671133 628731 420171 599171 508226 579457 481871 748940 782447 659436 799945 833447 637770 678843 652581 734983 91697 999999999 113287 915402 690923 95179 259062 817092 846257 684806 512497 389658 737812 509422 570608 559593 536066 118394 582533 30806 441517 682118 183948 307776 912219 587923 277447 220022 791963 811522 927343 513802 521666 807252 504109 848502 370456 646219 806848 838447 572332 731495 878309 733823 612579 161764 150403 761568 652761 771262 726507 974669
775708 727246 234613 579725 792053 54966 926937 152837 966124 547040 511740 745862 443373 742038 354830 117914 213885 716641 723143 779130 303111 790154 901151 271289 338952 718085 407238 714814 475051 1165610 404255 68375 784294 723178 526628 712046 616721 692210 584622 859638 887868 767319 850725 946727 748123 792048 688289 843331 108918 113287 999999999 1018213 791265 207322 145831 930113 954603 797448 610898 502640 847580 532127 664947 651266 639362 32415 681883 132602 475768 782077 294084 393869 1025236 700238 348982 107427 902541 900497 1029986 558664 626190 868359 608028 960909 482617 753701 919887 951632 683673 841338 972985 842636 720053 115778 205158 859176 759365 883223 798589 1085354
683993 592304 790753 600147 580767 1036061 294811 897833 218666 733352 641736 872089 823962 456998 708006 911015 961495 494661 471528 724684 715280 335700 712240 785367 908753 547341 843255 671679 553851 242817 805396 1085752 400608 315634 712409 415371 417638 526940 741782 583101 141796 653115 605692 396009 596861 456091 704234 214085 990280 915402 1018213 999999999 229618 842821 1155496 345710 143784 504029 410147 571035 236610 779713 368687 390859 730328 1032074 338933 912317 739291 239563 792099 877757 350112 400533 936435 1122590 227260 239340 12341 670376 394053 519759 725473 293748 571646 661175 348797 367945 582119 608222 145557 222027 313612 1069318 832415 179264 270787 285793 432089 226503
592330 431334 561934 396843 442069 807477 253472 676497 232585 573597 464641 757844 643190 353504 497207 686639 749266 325740 303175 574883 488179 186655 598822 569160 711602 382238 656089 506575 337940 427902 585478 858377 316849 97286 546333 287339 216721 405077 592059 529597 126578 560473 486358 407145 499484 379119 531778 149875 769134 690923 791265 229618 999999999 623232 927013 355730 220005 429309 181021 375715 184984 575945 141987 166874 595523 806361 109703 689874 525661 10458 581137 688917 415229 259783 740885 894735 233355 186390 240836 467654 176537 414781 581951 333806 367717 563514 351982 386920 460053 545335 201859 159930 135268 847633 603048 79258 105161 270370 297802 371213
575831 662548 158381 508421 724147 250046 795647 57930 821713 351306 304811 570719 265573 535717 149556 90781 143378 623092 623264 749456 163360 659271 859955 64649 199573 640159 235378 673039 289131 971650 410381 272672 579705 569902 327019 509137 428977 484896 391009 653781 706597 565122 787346 740897 542667 585245 656763 654555 148054 95179 207322 842821 623232 999999999 352338 726202 765428 590127 449936 299827 654797 529012 512808 505597 444590 207330 517462 76538 453848 615056 89557 236114 821276 499716 224196 312462 707223 757654 854949 513357 449355 784296 412327 759549 283883 552096 715890 746746 477155 636481 816821 652576 534348 227275 179151 697086 575745 683563 693124 889356
913255 817888 365182 679320 882475 119574 1046204 296365 1090894 683516 655622 868460 573254 887688 500547 263700 330183 822073 831402 848486 441249 911069 973765 416660 459365 815816 535889 793430 618387 1309103 476398 80125 930125 854125 665417 857797 759646 837012 719558 1001840 1027759 906566 937186 1092494 890085 937512 762135 985764 230388 259062 145831 1155496 927013 352338 999999999 1075913 1096905 942058 746010 648442 991151 597956 796246 780395 774453 147481 817315 276468 556635 917529 437387 517537 1171033 845702 462897 41073 1046705 1025206 1167089 646335 766087 965465 743921 1106383 628077 892559 1065693 1097463 826821 982586 1102773 985449 861988 182609 326661 992189 900520 1028415 907790 1229514
364283 782057 742311 719942 797167 964392 579573 783917 524957 487872 442159 559532 604007 198594 576658 812439 805945 676706 655034 926515 657340 542023 954516 661608 715420 732805 634009 854065 472102 293152 862202 997418 146891 438613 480254 218367 347961 267668 480154 245631 262887 336905 842048 53445 291917 162309 875056 206421 867918 817092 930113 345710 355730 726202 1075913 999999999 203063 193081 440887 427473 170747 888152 454346 482027 450123 933335 399444 802705 822864 362523 649280 668598 95127 234239 736958 1037113 131821 509583 354085 787022 377833 768796 457196 58743 449252 348610 10446 31531 308765 274223 458273 195945 282654 944328 790520 391151 273403 85428 653422 208797
