NAME : synthetic_000031
TYPE : CTSP-D
DIMENSION : 100
GROUPS : 8
RELAXATION_LEVEL : 1
EDGE_WEIGHT_TYPE : EXPLICIT
EDGE_WEIGHT_FORMAT : FULL_MATRIX
EDGE_WEIGHT_SECTION
999999999 646184 599725 578966 955632 385155 426974 525369 463066 266342 953820 724862 1050977 292433 361875 238714 544596 339132 475907 614591 347931 760312 735604 463072 806599 661368 762557 82339 851167 544991 483843 1024811 561538 566519 733246 727875 353255 894138 1047448 436866 149488 470846 781729 630338 703667 738755 339553 1078767 803337 365536 421190 517895 161790 126083 635204 952142 414575 833905 970850 1003406 889778 564116 534943 975130 895142 422708 675678 196837 479623 430057 641894 920056 912962 280570 457558 1039139 655794 436066 944485 584804 956321 1012223 210884 696368 713431 1074274 840839 792619 276905 904393 542764 650380 189726 208525 427184 706895 523172 772481 797472 455620
646184 999999999 313610 726618 836017 565328 266489 717204 333015 822487 1128319 343285 733054 506566 919360 868510 444986 520988 289117 272420 329869 520611 517394 833685 866835 1012103 882770 621392 383826 831487 400810 943672 746195 731730 285229 1057961 398544 659294 884111 567025 789380 424746 527172 411120 461151 875568 331217 835185 648100 480442 891077 142032 723294 727764 481559 1185713 654101 1127917 1077335 684852 841794 132974 503920 564086 872537 684666 172829 835299 176794 868342 784414 986653 1010258 663546 224434 851839 808550 215572 590450 112968 1123137 703879 440934 757145 785777 834925 480366 400476 369396 1021743 845290 1014447 806202 606400 220717 770145 768453 1051101 711495 543239
599725 313610 999999999 438801 532962 337766 203781 443559 136774 674023 820901 125321 494758 341364 754946 765417 149669 323681 130810 45463 268621 226941 216060 599036 555009 748068 576455 539367 255360 567968 145724 637832 465387 447804 150975 784267 248563 377254 592688 315507 709593 171413 240266 98166 160617 571973 280925 567554 342560 278192 687034 344017 603155 628381 168000 884817 414042 840952 765082 444060 529911 387952 212327 380615 559647 443671 173165 747515 243241 654462 488490 673519 698319 482132 203695 565635 512507 341278 365362 206229 814992 458677 404327 449320 477896 565629 251637 193566 376792 711031 584865 754408 699718 462686 326961 461933 502076 764699 399559 283890
578966 726618 438801 999999999 414135 218162 490448 57560 397321 458616 421849 509398 612568 330953 486917 596976 289708 281269 440843 483930 477110 388669 363773 240861 227647 319760 191172 496813 624958 156162 325969 459761 38422 18579 569532 347740 380913 444231 512336 182404 595403 303034 408015 366612 381913 172063 487076 582738 332912 293052 364999 696019 466328 514383 302581 463170 164393 403200 406755 579230 327817 753461 227197 638855 324497 160008 611380 608628 585682 322410 68373 343728 343186 304457 526361 517724 89442 646500 570442 613873 419826 577454 513339 125390 136520 576508 522941 533772 555730 340919 176018 330069 546472 370824 627663 133123 102124 326572 278444 192929
955632 836017 532962 414135 999999999 570600 703730 470642 599527 871793 465992 500748 289844 669483 899634 1008311 459640 619185 627511 567573 735643 315811 319156 647418 249438 643630 328209 874589 536935 546082 532764 109706 448042 432090 569126 630830 658122 200380 98329 518773 998176 529050 311853 437069 375662 350744 748754 195360 190484 602736 772974 875971 868176 913665 380180 567057 560125 612150 361705 288075 103499 920903 438113 429416 134910 566098 668905 1016264 770192 730299 380524 273477 319377 703117 720667 112135 385011 862368 349059 736528 454344 272695 830433 291146 290792 188229 398308 465842 842131 348057 564185 661867 954638 751572 845728 286980 511041 561365 159402 501471
385155 565328 337766 218162 570600 999999999 305094 179713 238013 354089 635814 447966 691317 113003 423755 469574 211790 63381 279857 375333 272374 411034 384015 270406 437174 449194 409173 303996 579814 271848 192573 641024 216978 212247 488254 499824 178137 525926 663201 52095 439311 166411 433420 313099 369275 390103 280391 702090 426422 87432 349346 506683 312669 352826 286289 665650 89260 581914 624860 647467 506153 565660 172944 654745 514134 119512 490204 465592 403073 317813 286487 558514 560818 158091 345811 656712 306407 446586 605920 458118 634777 652770 295204 319904 340930 697108 521176 498639 339726 559080 283397 450204 407731 182632 427993 331722 214571 506762 412979 77555
426974 266489 203781 490448 703730 305094 999999999 470438 106003 563829 908538 318649 697708 240214 658004 626047 248563 256029 78058 201431 79116 419916 403343 569564 667070 754288 665893 382306 433911 576059 180099 801327 503317 491898 312139 804070 132339 570900 774964 315841 555988 195043 436418 277455 353054 653661 87798 763541 516499 218097 624660 205688 471481 484053 323839 953452 394330 881753 874576 647094 679483 263684 290865 580272 702445 424338 249264 599014 98029 601942 554498 792026 807219 397489 42071 752386 577902 163368 569067 171637 905180 661128 218117 548414 575929 761028 454661 390744 175864 813297 588288 755112 561246 344972 145274 561808 515850 805495 554034 298180
525369 717204 443559 57560 470642 179713 470438 999999999 384499 401457 456511 525896 660044 289763 432597 539506 294280 242805 428466 487659 448568 422076 396010 193051 282536 304585 238686 443519 647109 126525 318004 517306 38093 41850 581971 342692 352529 490635 568700 154824 538167 292956 442560 381342 407118 216589 457537 636033 379630 261949 314362 675751 409327 457608 323680 487120 112299 411952 452034 624658 385318 734073 232248 674769 381932 103733 613513 551088 567560 272254 116574 394937 390656 248547 508524 573009 132153 621144 609635 605482 455814 624095 471776 182918 193553 629932 553695 557065 519361 385544 145025 311627 488926 318135 602363 190645 61613 335397 331193 174279
463066 333015 136774 397321 599527 238013 106003 384499 999999999 548685 810169 262077 612253 212581 634924 632586 142587 206035 43968 157621 143985 326323 307066 508399 563376 679917 565894 402951 390796 498888 75545 695977 414463 400957 278629 724971 112401 475433 673139 234313 574029 94700 344723 183828 261160 555166 157230 668378 413944 160629 580946 303560 471170 493959 220993 859851 324739 795965 771995 562241 573518 359081 186857 514312 596472 355482 256024 612837 191483 552693 458613 687960 704518 363272 133132 652205 482459 269066 491551 222444 806252 574585 271528 445825 473729 665436 381999 329644 255115 711698 513128 682943 566795 332550 251154 459208 435499 719215 448476 210319
266342 822487 674023 458616 871793 354089 563829 401457 548685 999999999 753468 793076 1036421 336173 101399 141602 564351 350997 579761 704255 493069 763528 736311 256319 670778 425384 608443 228094 925842 360724 530931 916275 427570 441272 823852 492662 443328 867708 969625 398090 175740 507863 785885 665009 723362 581721 491270 1030206 761270 395967 169122 716451 111588 140603 640045 731557 320631 602051 794156 995019 786073 770893 526381 1008833 779964 308059 800293 166308 645729 192737 504476 764691 746172 196378 603908 972110 509682 636457 958882 735463 758527 998467 397268 583763 591250 1024478 875082 848909 474795 730668 350438 410695 109732 219397 622496 590504 369434 551369 727029 429478
953820 1128319 820901 421849 465992 635814 908538 456511 810169 753468 999999999 852971 755561 746178 725883 890614 683525 699112 852232 865733 898911 679779 665702 500691 274377 350353 245591 876136 936525 408906 735546 405877 418885 424526 922013 294827 802752 635917 530214 604084 923939 715741 689333 730096 709560 255045 908924 652731 557862 714557 594136 1112932 809863 859047 657245 105278 563776 209057 112516 749321 377340 1169179 626501 874819 338334 544812 991160 919776 1001303 562140 355083 192703 147981 675692 942276 564570 332535 1067167 793452 1015800 12860 735924 927752 371719 343092 645696 804595 849069 975493 122371 412466 370281 861439 757876 1048347 358992 437049 215068 471566 613863
724862 343285 125321 509398 500748 447966 318649 525896 262077 793076 852971 999999999 400187 463954 870376 888700 240629 442119 252203 117427 389396 187267 192436 697186 579301 827795 616071 664611 132766 652414 262189 610074 541165 521656 70475 856683 373818 316566 542082 417791 834424 285454 188900 144639 143512 616959 401097 493229 320319 397643 794000 416407 726189 752668 207792 927744 516078 901145 782938 350117 522158 448305 297203 262037 557068 544082 171152 871861 333895 758993 547809 687351 718790 598799 308743 508908 570737 433805 261242 260400 845465 367604 527319 490119 517348 492654 145097 72408 494377 736027 670679 836470 823124 585177 422497 501221 586942 826778 395987 384613
1050977 733054 494758 612568 289844 691317 697708 660044 612253 1036421 755561 400187 999999999 760591 1086479 1160083 506464 719259 621603 508818 755490 291120 315381 852446 518789 896228 592237 977255 360522 765280 570916 372560 650849 630925 448488 895033 706870 169860 249979 642179 1128855 580925 270330 429127 352120 609768 768535 135320 280417 686655 974249 816578 1003851 1042373 415864 855683 716698 890917 651367 50731 382447 846763 521740 191711 419631 733391 561790 1156801 730752 932281 605122 562879 608345 846137 697739 207810 617891 830756 142681 660099 744020 38804 880699 512852 525347 139596 255517 334229 866321 636429 784971 912316 1098970 868788 818089 515021 714509 833256 341887 613773
292433 506566 341364 330953 669483 113003 240214 289763 212581 336173 746178 463954 760591 999999999 424282 424810 256145 51926 244311 368998 185444 471219 445751 338200 549464 534312 522069 216674 596072 366298 204631 745942 327624 324340 489392 590561 110214 601947 758870 157701 375389 186208 493062 349145 418228 502690 189852 786448 511322 73982 384515 425979 262249 290996 344958 771358 185590 679872 737707 713828 611804 484764 242511 698192 622281 210545 465123 409893 333239 362934 399194 671334 673800 157497 282192 748664 418694 357167 660111 408941 745575 721790 182475 431188 453052 782009 562766 525096 232160 671820 374372 532105 359337 121335 339408 443305 316409 606517 510237 168531
361875 919360 754946 486917 899634 423755 658004 432597 634924 101399 725883 870376 1086479 424282 999999999 179594 635439 431713 668514 787837 589500 824126 796823 255681 681319 381474 612103 329114 1002774 362615 609844 932903 451752 468564 905760 446464 533653 916673 997962 461782 248354 585375 846254 736780 789655 584961 588444 1068614 807358 477593 135352 816174 212564 236094 704479 690641 372967 555315 779839 1047683 807723 871095 591317 1073997 796769 353518 889294 221858 742596 174908 521730 762621 738524 272918 698761 1004591 522258 736639 1019140 829435 732452 1049340 498150 608507 611339 1062525 942342 922393 575616 719596 347945 363843 183380 313292 722373 613257 388642 514918 763763 494687
238714 868510 765417 596976 1008311 469574 626047 539506 632586 141602 890614 888700 1160083 424810 179594 999999999 672294 452413 657108 790199 549047 880045 853187 397046 811841 554268 750023 247186 1020583 502171 628730 1055953 567175 580038 911215 620648 521240 993062 1105683 517920 91711 608418 902408 770317 834435 723316 544003 1161430 889261 493828 298029 747761 162601 142055 754210 863138 451061 730128 934611 1116846 924792 797107 641944 1118600 919844 442342 872701 48669 695157 328515 645002 906269 887426 314138 662594 1106447 650805 665669 1074150 794396 896162 1121688 427864 722358 730943 1155917 983471 949557 502287 871530 491505 537853 65792 303921 654726 729586 510248 684539 860425 547009
544596 444986 149669 289708 459640 211790 248563 294280 142587 564351 683525 240629 506464 256145 635439 672294 999999999 220256 177585 194444 276203 215751 191103 457140 427038 598865 437934 472064 370383 419410 73289 554105 315729 298270 290030 634599 205989 353909 537211 177480 630128 75403 237321 101342 162713 430642 289384 544322 278386 182410 553822 440215 510901 544581 91591 741744 275479 692573 637239 458825 430930 493073 62694 446390 454175 303486 321696 662276 328547 518431 342020 550309 569755 368008 272601 519304 366171 411286 404312 332307 678559 467743 382206 313231 341759 540646 311545 287147 384217 579202 436710 605613 608169 370852 393541 326414 353463 616103 306432 144167
339132 520988 323681 281269 619185 63381 256029 242805 206035 350997 699112 442119 719259 51926 431713 452413 220256 999999999 243862 356180 214402 432165 406012 313551 497959 502261 472078 260733 574881 328726 179941 694485 280235 275615 474235 555660 124418 558034 709408 105792 410883 157365 454312 317989 382872 453294 221326 740212 464460 45965 375655 452524 290684 324883 305467 727769 145056 641045 687799 673422 560201 511606 198072 666253 570412 172998 462059 442112 352908 349208 349632 620215 623470 158818 297807 700178 369725 388853 623970 417718 698126 680476 232464 379413 401502 735602 531066 499269 276562 622140 338654 501711 388019 150836 370495 391588 274612 566558 460152 117724
475907 289117 130810 440843 627511 279857 78058 428466 43968 579761 852232 252203 621603 244311 668514 657108 177585 243862 999999999 138755 137885 341980 325286 550182 602699 723489 607512 421307 375408 542580 116685 726439 458346 444708 257845 768845 136987 492888 697463 278019 594315 137862 358708 199408 275214 597357 150119 685589 439432 199482 619514 263389 497286 516760 247332 903050 367370 839895 812042 571104 606773 317756 227003 511117 631192 398096 220812 634777 151334 592374 501602 726789 744525 398701 95140 674519 525516 235562 495285 178993 848122 584699 275143 486204 514322 683041 382321 322889 246297 752407 556675 726325 591417 361459 218470 499559 479346 763137 479831 254284
614591 272420 45463 483930 567573 375333 201431 487659 157621 704255 865733 117427 508818 368998 787837 790199 194444 356180 138755 999999999 273800 255823 248591 639705 598928 791984 621523 558481 236654 611504 182867 673858 510113 492712 121029 828914 269423 403099 622914 356250 730637 209342 266375 139174 192111 617265 285107 590187 377941 310257 724522 315158 628753 651317 210963 930164 454239 886279 808692 458163 569435 355129 257138 379431 600143 484218 127730 770034 222052 692973 533940 716560 742106 514992 191968 593990 557961 321972 373960 168956 859717 474147 412966 494289 522835 588734 257837 189766 377273 755249 628161 798009 724407 489689 309336 506836 545693 809984 439104 325346
347931 329869 268621 477110 735643 272374 79116 448568 143985 493069 898911 389396 755490 185444 589500 549047 276203 214402 137885 273800 999999999 470304 450808 523220 671921 716286 661377 304066 509193 542895 202943 827987 484100 475576 388538 770057 96305 619120 812922 295477 477496 208222 488666 327748 405047 646328 13327 811989 553660 186709 566334 240540 396863 406994 361755 935643 359071 854247 874602 705290 700914 299373 304387 648994 720228 387391 328317 520930 153172 547140 544044 797216 807987 338042 113550 793575 566377 174501 632006 245588 896647 718022 140114 551366 577494 808950 519862 460540 111135 811143 553051 715171 484676 276595 156097 564602 486945 779130 580647 285695
760312 520611 226941 388669 315811 411034 419916 422076 326323 763528 679779 187267 291120 471219 824126 880045 215751 432165 341980 255823 470304 999999999 27309 611754 405674 704735 453212 687586 257342 543613 280070 424397 425577 404711 257270 722535 416254 151248 367095 365447 843031 289851 22387 143007 67131 459004 483553 343625 133222 397254 724958 569861 720728 756905 126700 761478 451414 751371 602582 243096 335672 610951 238174 253258 371426 473271 353202 873265 470069 685210 408998 506100 540378 568778 427478 338855 429225 567342 195425 423936 671340 252528 591033 334219 358498 341158 135620 169416 581423 559906 563261 716730 817217 582811 552394 343124 482733 680605 212441 334307
735604 517394 216060 363773 319156 384015 403343 396010 307066 736311 665702 192436 315381 445751 796823 853187 191103 406012 325286 248591 450808 27309 999999999 585148 391324 680915 435480 662291 274501 518210 257344 426288 400372 379541 262910 700048 393614 168372 376756 338222 816795 265830 49588 126004 56515 440066 464105 361336 130968 371769 697929 560065 694102 730592 100809 745241 424132 731365 591696 268092 330429 602986 211249 280032 364801 446082 353056 846725 457893 658278 386331 495684 528399 541673 413132 350807 407049 553944 222704 417518 657609 276647 569032 314272 339374 358472 159261 184422 561780 546876 537799 692592 790483 556522 538519 323739 456864 659851 203555 307179
463072 833685 599036 240861 647418 270406 569564 193051 508399 256319 500691 697186 852446 338200 255681 397046 457140 313551 550182 639705 523220 611754 585148 999999999 425682 204996 357625 391564 824203 107437 457909 677336 203306 222308 746200 268671 437796 683331 745599 283567 423424 431209 632792 553817 590562 330533 528034 822480 572151 353281 125566 763598 311091 359641 504966 489756 185639 371784 537837 817609 553352 822537 400501 864995 541338 155487 758727 421701 666360 82884 267437 511079 490604 205126 611274 754499 266777 695251 801673 727984 504973 816779 492251 356818 357366 816132 740601 736500 559016 474491 94720 198665 361948 291194 677579 360438 138894 309534 518999 315318
806599 866835 555009 227647 249438 437174 667070 282536 563376 670778 274377 579301 518789 549464 681319 811841 427038 497959 602699 598928 671921 405674 391324 425682 999999999 394906 79136 724418 662764 318851 487867 253606 248779 240810 648736 381802 579115 376825 341072 392877 818279 472175 415888 461018 435792 103466 683473 443651 287448 499815 548646 866087 690568 739305 388287 357866 392027 372594 210607 502254 145966 919857 376551 612196 121437 386265 722170 828006 753984 507042 168211 125349 143424 531079 696405 361468 161107 829852 532085 755708 266391 492424 729498 120743 96495 436586 532557 574827 763017 157142 334535 413531 765864 598357 811359 107704 301666 315149 201040 391269
661368 1012103 748068 319760 643630 449194 754288 304585 679917 425384 350353 827795 896228 534312 381474 554268 598865 502261 723489 791984 716286 704735 680915 204996 394906 999999999 315780 593551 944717 181468 618611 639470 286644 306376 885751 67393 625706 736512 735918 445675 600937 592633 722889 683870 701586 292940 722424 835875 628749 536370 257262 954608 503424 549407 621996 309306 359974 176675 421559 870824 540494 1013685 536750 950025 515316 330199 917226 588871 852260 234889 298201 431465 395960 409980 794896 755762 281251 890318 877124 902361 358398 865068 695959 385807 371007 828913 840067 853515 760750 370790 166824 20701 535087 496176 872171 382083 246637 135557 555230 471950
762557 882770 576455 191172 328209 409173 665893 238686 565894 608443 245591 616071 592237 522069 612103 750023 437934 472078 607512 621523 661377 453212 435480 357625 79136 315780 999999999 681152 709874 250199 490890 329487 201452 199482 683725 304346 566064 443613 420203 370749 762609 471867 466166 487572 473984 27143 672077 521774 346198 481040 477981 869232 637233 686586 415079 311706 350982 304355 215723 572863 224856 924954 381205 674323 200135 339903 747756 769129 757315 437219 123317 158571 152250 483069 698525 440317 106845 826282 595696 770217 240832 564267 704374 127457 99237 514741 585086 619808 744946 150409 264161 334399 707339 556401 807529 115409 244066 241497 262295 375843
82339 621392 539367 496813 874589 303996 382306 443519 402951 228094 876136 664611 977255 216674 329114 247186 472064 260733 421307 558481 304066 687586 662291 391564 724418 593551 681152 999999999 793663 467991 415178 942787 479918 484538 678864 659135 290804 818128 966979 355916 173844 399939 709318 561707 633141 657595 298145 1000926 725099 290601 364741 502911 116560 106936 561536 878110 332426 763348 890441 930383 807754 554187 458178 909271 812874 341254 630997 216879 448089 367513 560085 838371 831937 200829 417291 959466 574330 421111 874848 548439 878267 938455 181296 614032 631122 996291 774209 730244 257196 823906 466969 583940 185218 126199 409239 624558 443133 699578 716829 375867
851167 383826 255360 624958 536935 579814 433911 647109 390796 925842 936525 132766 360522 596072 1002774 1020583 370383 574881 375408 236654 509193 257342 274501 824203 662764 944717 709874 793663 999999999 773284 394946 645548 658892 638703 122919 968991 503163 337336 555384 547849 964682 418168 247269 270731 243599 714512 519976 478685 381594 530345 924157 489385 858188 883734 323601 1018805 645448 1005044 856034 316557 581083 508088 423826 180731 619061 672741 223466 1002855 428167 888351 656178 759232 795439 731467 416166 516672 677952 524287 220500 334042 927856 337201 648975 588404 613812 480050 138834 91593 608744 815985 792089 954674 954927 717379 516247 598114 708650 932684 466270 514502
544991 831487 567968 156162 546082 271848 576059 126525 498888 360724 408906 652414 765280 366298 362615 502171 419410 328726 542580 611504 542895 543613 518210 107437 318851 181468 250199 467991 773284 999999999 437153 571338 118290 139180 708086 228055 449852 598260 643822 264576 522307 411166 563369 507842 532366 223118 550048 726145 487157 359256 229975 778526 402935 452456 449709 413401 183826 313624 435704 733585 449650 837491 357938 794719 435806 156120 736196 524308 674077 188195 165974 404394 385607 268689 616093 654936 161930 717395 726603 721300 411702 730962 539007 258381 255306 719606 676931 682975 597582 371081 19877 186511 463405 353262 698942 260242 65947 241227 426177 290485
483843 400810 145724 325969 532764 192573 180099 318004 75545 530931 735546 262189 570916 204631 609844 628730 73289 179941 116685 182867 202943 280070 257344 457909 487867 618611 490890 415178 394946 437153 999999999 626314 345673 330932 296660 660455 136276 423440 610422 175567 579456 26702 300587 146655 220291 480682 216109 615063 351431 135631 541898 378981 466156 495557 161694 787091 272270 727288 696460 522174 501484 434136 111323 494513 523212 302570 301338 614518 266846 510108 385462 612525 628979 337357 208672 592113 409459 343463 460647 288307 731452 532452 311923 370311 398258 611589 359233 320834 311071 636273 452627 623049 563499 324814 325298 383692 372290 650464 378659 146822
1024811 943672 637832 459761 109706 641024 801327 517306 695977 916275 405877 610074 372560 745942 932903 1055953 554105 694485 726439 673858 827987 424397 426288 677336 253606 639470 329487 942787 645548 571338 626314 999999999 488816 476195 678667 615469 745914 308295 127564 590499 1054411 619891 421187 540795 482630 355661 840879 252951 295928 683252 801311 979220 924790 972056 480077 510716 617466 578197 294578 380844 135034 1025537 525435 530010 136466 618521 777594 1068390 871872 759375 412598 223887 269730 760857 820644 166770 410650 961964 451367 842660 393338 363028 914343 334738 325052 246249 507188 575479 931847 300007 587576 659092 1006232 817527 944892 326674 547717 538921 247689 577617
561538 746195 465387 38422 448042 216978 503317 38093 414463 427570 418885 541165 650849 327624 451752 567175 315729 280235 458346 510113 484100 425577 400372 203306 248779 286644 201452 479918 658892 118290 345673 488816 999999999 20895 599744 318902 387875 482617 546362 189060 569779 321453 445192 397407 416553 178861 493345 619441 371303 297821 328006 708926 441799 490532 335624 451729 149907 381726 414140 617642 358809 766980 253061 676433 352673 138908 636968 580858 599881 285324 80942 358520 353135 283231 540672 553053 94653 655920 608499 633928 418030 615810 509750 157230 163773 613145 559341 568005 556703 347614 138087 295856 518646 354959 637109 163141 64419 304916 315693 205491
566519 731730 447804 18579 432090 212247 491898 41850 400957 441272 424526 521656 630925 324340 468564 580038 298270 275615 444708 492712 475576 404711 379541 222308 240810 306376 199482 484538 638703 139180 330932 476195 20895 999999999 580799 336964 379272 462452 530336 180112 579857 307257 424305 378196 396138 178684 485194 601280 351131 290192 346422 697586 451123 499445 315644 461748 152438 396552 414223 597370 344860 755362 235581 655541 340553 145527 619852 592348 587877 303831 76313 354397 351727 290325 528584 536036 94384 646273 587681 619214 423056 595726 506804 142492 151912 595042 538548 547721 551341 347991 158969 315971 530159 358861 627441 149580 83642 319748 297020 193725
733246 285229 150975 569532 569126 488254 312139 581971 278629 823852 922013 70475 448488 489392 905760 911215 290030 474235 257845 121029 388538 257270 262910 746200 648736 885751 683725 678864 122919 708086 296660 678667 599744 580799 999999999 917271 390409 381013 606788 463520 851365 322142 257715 203033 213256 683729 398918 550740 390455 428548 837233 374573 749688 772312 271513 995415 562327 965299 853074 399858 592511 399644 350287 289507 627518 591412 113307 890974 306319 803997 611289 757614 788720 632878 293306 572257 634577 403688 306226 217220 914670 418725 528620 557157 584717 550718 195176 115278 486303 805632 725819 893526 845424 610337 394852 568552 642231 890330 466460 431090
727875 1057961 784267 347740 630830 499824 804070 342692 724971 492662 294827 856683 895033 590561 446464 620648 634599 555660 768845 828914 770057 722535 700048 268671 381802 67393 304346 659135 968991 228055 660455 615469 318902 336964 917271 999999999 677676 740651 719414 491119 668263 635086 739434 714337 725416 285322 776824 825443 636148 587252 324280 1006496 570460 616636 649203 244578 411353 109576 376262 873049 527377 1065483 571950 962038 498562 382667 955508 655800 902077 302259 313722 399047 359505 472547 843981 742520 293382 944507 886677 946995 304014 865734 756428 393602 374728 818372 858132 877423 819390 332054 217006 82816 602342 559028 926153 387715 289534 82754 557937 515070
353255 398544 248563 380913 658122 178137 132339 352529 112401 443328 802752 373818 706870 110214 533653 521240 205989 124418 136987 269423 96305 416254 393614 437796 579115 625706 566064 290804 503163 449852 136276 745914 387875 379272 390409 677676 999999999 559250 740114 199173 461631 131264 436593 279765 355381 550569 106215 750250 482832 91200 493299 328983 360655 381903 296930 839505 266364 759727 779965 657885 616075 388040 220641 621917 633108 295601 356997 500629 228565 469806 448022 704189 713627 267481 174363 724033 470235 269005 593558 298930 800577 668483 176225 458379 483933 746614 487887 440054 186614 716094 460897 625645 455467 224576 250307 471498 392349 684262 500404 190227
894138 659294 377254 444231 200380 525926 570900 490635 475433 867708 635917 316566 169860 601947 916673 993062 353909 558034 492888 403099 619120 151248 168372 683331 376825 736512 443613 818128 337336 598260 423440 308295 482617 462452 381013 740651 559250 999999999 225796 475794 964929 429311 137116 293535 218375 457801 632424 192974 111322 528604 804650 718226 838513 878385 262435 729641 547521 747430 541967 135408 260708 757055 360028 239036 300208 563733 487699 991353 620481 762781 441208 446798 488599 678925 578679 192572 455791 718250 157558 568744 625551 133461 735302 350781 366482 190208 199423 271425 730031 513650 618053 751665 932750 705755 703462 354585 545869 684533 182759 448663
1047448 884111 592688 512336 98329 663201 774964 568700 673139 969625 530214 542082 249979 758870 997962 1105683 537211 709408 697463 622914 812922 367095 376756 745599 341072 735918 420203 966979 555384 643822 610422 127564 546362 530336 606788 719414 740114 225796 999999999 611158 1093997 609441 357724 500983 432180 443958 826179 125448 259341 690238 871140 936522 964086 1009082 452151 634313 656545 692688 420173 265373 196641 978035 522520 420639 221059 663351 713100 1112915 834484 828483 478513 342573 389194 799078 788237 42487 482397 929673 346461 790696 517874 245886 914524 389469 388661 118818 421153 496207 921423 419179 661765 754602 1051444 845100 913797 385188 609364 646909 250234 592036
436866 567025 315507 182404 518773 52095 315841 154824 234313 398090 604084 417791 642179 157701 461782 517920 177480 105792 278019 356250 295477 365447 338222 283567 392877 445675 370749 355916 547849 264576 175567 590499 189060 180112 463520 491119 199173 475794 611158 999999999 490372 148969 387799 277875 327890 353600 305096 650484 375049 110680 376347 520977 362888 403991 243031 640778 98809 565959 586160 599072 455827 579375 129561 612660 465037 128164 476888 515617 413259 341292 250238 515906 520953 204293 354427 604629 271846 466859 560832 456737 602201 603768 336639 273806 296383 645449 480561 463663 374201 521156 278957 449073 457009 234659 448049 286099 201610 489656 360953 33402
149488 789380 709593 595403 998176 439311 555988 538167 574029 175740 923939 834424 1128855 375389 248354 91711 630128 410883 594315 730637 477496 843031 816795 423424 818279 600937 762609 173844 964682 522307 579456 1054411 569779 579857 851365 668263 461631 964929 1093997 490372 999999999 561593 865192 724533 792776 736693 471116 1140557 865408 448077 344824 664649 130024 86545 716340 906034 438394 777563 958005 1083715 920837 712290 607184 1073566 919809 435914 804820 47350 618686 367180 650068 920873 906368 295066 590386 1091255 659101 582566 1034415 720872 928371 1090143 348915 719758 731719 1135414 938144 898364 420642 893140 514739 586410 66945 260295 572634 728351 518754 725443 845169 516302
470846 424746 171413 303034 529050 166411 195043 292956 94700 507863 715741 285454 580925 186208 585375 608418 75403 157365 137862 209342 208222 289851 265830 431209 472175 592633 471867 399939 418168 411166 26702 619891 321453 307257 322142 635086 131264 429311 609441 148969 561593 999999999 311044 162944 233241 460703 221032 619520 351658 114600 515750 397379 446027 476965 166967 765235 245570 703178 679558 532860 492824 453442 97241 512025 512904 275868 327990 595589 285576 483700 363920 597263 612185 313367 226667 592853 387780 357690 474916 312633 711953 542271 307284 353374 380935 615782 376595 341945 313082 618517 426472 596879 543472 304809 339233 366768 346511 626366 372815 120690
781729 527172 240266 408015 311853 433420 436418 442560 344723 785885 689333 188900 270330 493062 846254 902408 237321 454312 358708 266375 488666 22387 49588 632792 415888 722889 466166 709318 247269 563369 300587 421187 445192 424305 257715 739434 436593 137116 357724 387799 865192 311044 999999999 160920 83723 472978 501872 327799 136246 419118 746537 581350 743031 779099 148859 772815 473467 766015 609533 221836 338652 621018 260554 232284 375383 495125 357817 895540 483440 706654 426287 512816 548336 591163 442449 327714 446054 581450 173124 433173 680608 231890 610902 349297 372822 325655 119462 162382 599798 568717 583069 735184 839550 605001 566858 357707 502987 695954 219268 356689
630338 411120 98166 366612 437069 313099 277455 381342 183828 665009 730096 144639 429127 349145 736780 770317 101342 317989 199408 139174 327748 143007 126004 553817 461018 683870 487572 561707 270731 507842 146655 540795 397407 378196 203033 714337 279765 293535 500983 277875 724533 162944 160920 999999999 77343 485330 340952 486360 246653 277096 653827 438913 608227 639863 72891 798265 374891 763030 670216 379459 431746 484781 153320 349100 461617 402018 261304 758376 333945 617698 408896 577620 603887 468797 287507 476333 432391 428729 314224 304393 723651 391202 451819 360137 388384 483729 213674 185922 438878 617791 526061 692232 705668 467268 413024 372243 442322 687756 301395 244474
703667 461151 160617 381913 375662 369275 353054 407118 261160 723362 709560 143512 352120 418228 789655 834435 162713 382872 275214 192111 405047 67131 56515 590562 435792 701586 473984 633141 243599 532366 220291 482630 416553 396138 213256 725416 355381 218375 432180 327890 792776 233241 83723 77343 999999999 476060 418236 410579 186955 344815 698045 504347 673394 707288 86082 785403 420118 763648 639901 302704 384212 546721 198339 285471 417558 444677 298130 824957 403392 659860 412924 544648 575464 527186 360356 405090 434992 500358 241888 361017 701995 314060 528589 349161 375814 408188 152726 152094 516168 592527 551507 711934 770563 533551 485329 359784 468706 690435 255563 295174
738755 875568 571973 172063 350744 390103 653661 216589 555166 581721 255045 616959 609768 502690 584961 723316 430642 453294 597357 617265 646328 459004 440066 330533 103466 292940 27143 657595 714512 223118 480682 355661 178861 178684 683729 285322 550569 457801 443958 353600 736693 460703 472978 485330 476060 999999999 656751 543184 357316 464222 450849 857898 611766 661189 413427 313081 328759 293644 235607 588708 247820 914144 372320 685588 224903 316434 744170 742760 746259 410075 103693 184182 174438 458808 687233 462863 84529 812954 607850 762764 251522 580848 685154 126926 100700 536195 592318 623849 727560 169308 237019 311127 681038 533316 794158 116479 218572 227039 275351 360655
339553 331217 280925 487076 748754 280391 87798 457537 157230 491270 908924 401097 768535 189852 588444 544003 289384 221326 150119 285107 13327 483553 464105 528034 683473 722424 672077 298145 519976 550048 216109 840879 493345 485194 398918 776824 106215 632424 826179 305096 471116 221032 501872 340952 418236 656751 999999999 825300 566930 195595 568356 236772 393431 402022 375067 944656 366303 861968 885621 718307 713585 295277 316958 661097 732685 394251 336157 514987 154481 550063 554236 808730 819106 340257 119273 806881 576424 167895 644705 250426 906782 731103 130331 562852 588836 822266 532328 472429 97933 821982 559850 720966 479979 276222 149827 576062 494851 787070 593603 296257
1078767 835185 567554 582738 195360 702090 763541 636033 668378 1030206 652731 493229 135320 786448 1068614 1161430 544322 740212 685589 590187 811989 343625 361336 822480 443651 835875 521774 1000926 478685 726145 615063 252951 619441 601280 550740 825443 750250 192974 125448 650484 1140557 619520 327799 486360 410579 543184 825300 999999999 275988 714180 947446 904715 1012042 1054328 453455 756019 710661 807107 543862 165389 298311 940503 544076 322241 330041 722243 662358 1163820 810212 904756 560576 462620 509200 848911 770239 88161 568640 908814 258960 751891 640569 144246 926470 467764 473317 7150 356208 435759 922828 538747 745082 853615 1103665 884328 894458 466463 683797 756681 304851 626446
803337 648100 342560 332912 190484 426422 516499 379630 413944 761270 557862 320319 280417 511322 807358 889261 278386 464460 439432 377941 553660 133222 130968 572151 287448 628749 346198 725099 381594 487157 351431 295928 371303 351131 390455 636148 482832 111322 259341 375049 865408 351658 136246 246653 186955 357316 566930 275988 999999999 439808 693849 685515 737465 779040 192979 645229 440640 650257 474461 246452 202703 730512 269712 328317 239148 455346 483883 889774 580168 651864 331809 377652 414550 575547 531585 241202 347512 673311 250859 546791 548618 244668 658342 243316 261559 271234 246951 298576 662501 436216 506972 643342 830220 608440 656966 248464 434560 584146 86543 350492
365536 480442 278192 293052 602736 87432 218097 261949 160629 395967 714557 397643 686655 73982 477593 493828 182410 45965 199482 310257 186709 397254 371769 353281 499815 536370 481040 290601 530345 359256 135631 683252 297821 290192 428548 587252 91200 528604 690238 110680 448077 114600 419118 277096 344815 464222 195595 714180 439808 999999999 420411 419271 331428 362946 270978 749069 176423 668548 696166 639847 550347 478237 170189 626129 563596 206271 416570 481296 315959 392894 360914 623933 630578 204738 259177 678566 382486 360177 586629 375252 712785 647856 232311 379512 403589 709863 490729 456133 264142 631433 370795 537022 428874 190245 341493 392265 301189 593062 443349 108931
421190 891077 687034 364999 772974 349346 624660 314362 580946 169122 594136 794000 974249 384515 135352 298029 553822 375655 619514 724522 566334 724958 697929 125566 548646 257262 477981 364741 924157 229975 541898 801311 328006 346422 837233 324280 493299 804650 871140 376347 344824 515750 746537 653827 698045 450849 568356 947446 693849 420411 999999999 804360 259431 300962 611963 565352 279073 433831 644979 938075 678540 862066 502261 977783 665684 253376 836534 331616 717198 42742 392835 627444 603176 228312 666675 880005 391342 729615 917566 791759 600198 938065 504317 482360 482782 941144 850020 839168 578424 584374 214216 241926 278451 299585 713315 485997 263666 386516 643441 409665
517895 142032 344017 696019 875971 506683 205688 675751 303560 716451 1112932 416407 816578 425979 816174 747761 440215 452524 263389 315158 240540 569861 560065 763598 866087 954608 869232 502911 489385 778526 378981 979220 708926 697586 374573 1006496 328983 718226 936522 520977 664649 397379 581350 438913 504347 857898 236772 904715 685515 419271 804360 999999999 611559 609810 500353 1159099 595302 1086470 1075294 766516 864983 59083 490069 663905 891318 624578 265919 711436 112160 786776 759632 990129 1007787 576652 170713 908635 783160 82123 676623 157514 1109275 783837 322113 749256 777237 903439 561210 483946 245769 1015246 789839 954234 687846 508570 94085 762630 719729 1010414 735948 503868
161790 723294 603155 466328 868176 312669 471481 409327 471170 111588 809863 726189 1003851 262249 212564 162601 510901 290684 497286 628753 396863 720728 694102 311091 690568 503424 637233 116560 858188 402935 466156 924790 441799 451123 749688 570460 360655 838513 964086 362888 130024 446027 743031 608227 673394 611766 393431 1012042 737465 331428 259431 611559 999999999 49618 594376 800376 308383 677907 837132 959566 791030 664718 483235 956878 790490 306507 715067 152951 547328 269933 522463 795781 783314 165060 509831 961680 532530 530606 913951 642084 813427 965253 290068 590272 602798 1006809 821616 786972 367495 771537 397595 491451 97452 141343 517477 599064 393212 619695 715487 390142
126083 727764 628381 514383 913665 352826 484053 457608 493959 140603 859047 752668 1042373 290996 236094 142055 544581 324883 516760 651317 406994 756905 730592 359641 739305 549407 686586 106936 883734 452456 495557 972056 490532 499445 772312 616636 381903 878385 1009082 403991 86545 476965 779099 639863 707288 661189 402022 1054328 779040 362946 300962 609810 49618 999999999 630240 848340 354860 724625 886750 997326 837990 660802 520749 988962 838171 354398 731116 119202 553667 314921 571304 845149 832881 211286 520543 1005734 581680 527962 948737 652381 862702 1003669 288201 637832 650902 1049220 853536 815475 364062 821152 446926 536813 78442 174098 516171 646847 442619 667542 759839 429767
635204 481559 168000 302581 380180 286289 323839 323680 220993 640045 657245 207792 415864 344958 704479 754210 91591 305467 247332 210963 361755 126700 100809 504966 388287 621996 415079 561536 323601 449709 161694 480077 335624 315644 271513 649203 296930 262435 452151 243031 716340 166967 148859 72891 86082 413427 375067 453455 192979 270978 611963 500353 594376 630240 999999999 726122 334168 693947 597773 368869 365150 548889 113713 369638 393231 358598 334185 746775 391924 573809 340194 505667 531294 444371 340794 431840 363293 482378 319974 372916 650770 377084 473100 287721 315850 449930 238461 233394 471553 544969 468576 631479 691060 456142 465610 299690 385274 619254 235625 210770
952142 1185713 884817 463170 567057 665650 953452 487120 859851 731557 105278 927744 855683 771358 690641 863138 741744 727769 903050 930164 935643 761478 745241 489756 357866 309306 311706 878110 1018805 413401 787091 510716 451729 461748 995415 244578 839505 729641 634313 640778 906034 765235 772815 798265 785403 313081 944656 756019 645229 749069 565352 1159099 800376 848340 726122 999999999 585852 138885 217780 847205 474664 1216625 681823 967594 436448 562791 1057205 896563 1048848 538975 401660 293876 247691 681223 989528 667902 377634 1107622 886683 1072749 118059 834605 949388 438522 410730 748949 890213 929624 1003341 219254 411886 326845 841155 766482 1088805 426904 455171 180866 558727 655393
