NAME : synthetic_000157
TYPE : CTSP-D
DIMENSION : 100
GROUPS : 8
RELAXATION_LEVEL : 1
EDGE_WEIGHT_TYPE : EXPLICIT
EDGE_WEIGHT_FORMAT : FULL_MATRIX
EDGE_WEIGHT_SECTION
999999999 442782 756605 665345 819399 339954 879712 813630 609574 712432 305007 381316 987278 768160 859329 782885 430303 260980 868111 475764 340527 1007221 640462 305100 1002294 621557 373460 886477 653150 272309 539189 515132 257872 594626 665031 135652 480214 409662 42609 781894 473392 742864 414671 779435 481893 250179 904404 238295 532899 548616 772633 869052 215015 67681 681519 1023935 933211 437525 499319 718389 225274 281047 412509 736156 730812 494951 528725 557424 352610 647569 680374 637499 259949 444208 683236 273938 872245 905074 853718 70821 923391 769855 234385 459683 721644 222898 310011 696366 569888 322380 902714 406039 411828 790847 715621 642893 987462 559725 509190 537612
442782 999999999 382640 536085 446678 438373 506736 528034 442158 282735 138162 367709 564136 511696 418843 340110 393393 578122 646748 170037 358924 570899 554812 356054 576823 361104 388250 464332 310625 424805 199740 624523 410548 189821 348651 516821 353593 39681 422099 348128 89318 436960 410584 340955 313457 396348 474805 326481 217804 393155 437702 428732 559935 458318 449139 581442 531260 213093 461897 564824 226610 643327 67473 646524 295279 445847 317485 216788 370693 240816 317364 540394 591122 467383 411155 348924 773741 716316 752770 410507 483544 330151 359393 100343 401298 230754 707095 605745 625366 389854 713608 118597 366528 372365 365154 468454 545107 331381 81838 98572
756605 382640 999999999 396896 64911 820903 126132 208597 324739 173489 491877 748550 267503 235880 268971 295080 451474 782263 361150 519688 495735 333200 450642 520462 286575 664114 769950 185317 562774 601801 510809 662271 788601 430023 124851 778364 366412 421047 750620 190909 437240 135922 481989 360182 672899 773879 224553 702676 538321 740816 90437 382304 787171 744587 245299 408872 183995 580212 832194 383938 581781 860575 448834 496226 365180 448622 281534 517438 495885 148119 541811 432534 800355 846082 184193 729295 575025 445554 557154 701282 418799 346442 735361 457975 106114 537593 940437 471489 617943 535387 443146 497162 744319 461855 57085 793996 377905 256296 385679 301074
665345 536085 396896 999999999 416639 885747 446490 262173 95453 525861 550398 851938 647764 200332 660178 661417 235046 554892 223659 705742 324886 725819 60680 360254 667393 896058 864538 579844 829188 407957 732021 317154 822186 690063 284907 614826 203493 555258 682393 572419 624292 270503 252974 714677 839966 807336 620538 742915 752670 923298 327432 760815 582879 619923 151860 805710 545632 739646 968578 56278 605389 629993 592278 112964 699820 173117 218832 747083 312797 447243 823904 46234 573985 953031 212816 783897 238811 241545 217830 594867 804447 699705 768871 636396 291447 516884 713178 77613 250794 345710 239341 641148 863207 802477 343362 1003499 774729 210002 595548 523552
819399 446678 64911 416639 999999999 885045 61281 191975 355430 218421 556779 811670 231692 234464 278866 324325 499216 836434 343712 579942 549653 310552 473819 575991 251319 717581 833321 169171 612682 656388 567888 699562 853381 483828 170725 837511 414060 485304 814207 216769 498702 146136 529808 392323 732857 838679 211627 767504 595679 798866 89263 400492 843400 805755 266116 397438 134657 641632 893114 395198 646613 915164 512509 507516 404549 489493 331037 573427 548725 209296 589303 456137 854799 908575 210320 793894 572040 428410 555551 763029 430194 379649 800205 519697 131689 601328 995907 487464 650022 588824 426205 560311 806752 496161 106833 848803 370195 303304 446382 362902
339954 438373 820903 885747 885045 999999999 945069 950322 805835 707276 347845 98531 983476 922699 812908 717955 669120 600195 1048244 340486 586970 970060 880197 558017 993337 377928 73816 887764 461086 565789 389389 822624 82223 480425 774258 475504 682309 399879 297830 763552 400227 862819 666385 684866 237868 91948 889947 143488 367233 263365 871331 772604 554929 405873 846524 951452 964417 273049 170088 929728 280382 618406 373255 979943 633822 737680 691882 399510 602064 678280 498656 871613 599853 106255 823606 101930 1117834 1105460 1097480 385284 819799 681312 122312 378585 830257 370688 633567 937463 862858 588608 1102826 328598 126476 650630 800366 343132 918967 716862 454095 527514
879712 506736 126132 446490 61281 945069 999999999 199357 394930 266417 618002 870611 207388 252630 297621 357650 549660 890688 341795 636362 604268 296938 505627 631659 226565 767669 892514 172286 659972 711228 621540 741049 914234 535006 224537 895383 464973 545566 874987 251517 556332 181150 580155 426597 788799 899566 213563 828442 649505 852962 126983 422753 899168 865029 300635 392455 101398 699032 949831 418389 707888 969642 572164 528853 444575 534969 383883 626119 602588 267755 634609 488524 909233 966839 251023 854490 579681 424621 564673 822700 445842 415021 861172 577526 177732 662217 1050974 513098 687548 642995 422664 619419 865003 530866 164883 899848 369530 354892 503459 421129
813630 528034 208597 262173 191975 950322 199357 999999999 237659 379714 603721 891594 406744 62280 469178 503570 421531 769996 153255 686755 495533 494936 322845 528405 425901 850851 910085 359893 757528 599125 690212 574005 903924 619553 179392 800097 345549 561210 818457 398311 600699 92091 449843 568726 838088 888686 402468 817921 716267 913073 118217 587936 787702 784727 142078 586945 300632 739569 989921 225203 683877 848701 595056 332401 571868 387168 284929 699911 489383 332672 740274 307387 789204 992964 131322 851669 381771 238052 366116 748554 620615 554905 848895 619165 130427 616089 932224 320901 511945 529611 235732 646576 893334 669931 182712 976061 561092 253916 555087 469180
609574 442158 324739 95453 355430 805835 394930 237659 999999999 438490 464694 766743 586373 178365 579471 573664 190215 535290 258544 612087 273484 657786 132461 308547 605926 801389 780523 510033 733739 370593 637122 346192 745933 594633 204225 576420 130236 462730 621923 489395 529911 213787 216229 624495 748609 730863 549040 664290 658085 831395 269081 674667 556164 571024 97873 731563 489079 647938 880959 125497 526008 613440 499780 208288 607567 149522 124736 652013 264414 357127 728534 114515 554562 868487 145161 703939 331584 301953 310612 540592 720169 609504 691728 542499 224273 441584 697150 170807 294669 302626 299403 549347 776432 710045 268477 910252 699104 114566 500320 428128
712432 282735 173489 525861 218421 707276 266417 379714 438490 999999999 415917 624377 281421 398056 159827 135558 508031 795999 530144 380266 523424 295442 570918 538464 294176 501258 647861 182102 394451 620164 358239 741587 689261 269143 243478 763855 430811 321926 697029 70698 307648 297484 536120 192974 529686 675604 192960 607181 386350 589508 262062 236390 790074 716063 383478 329078 259556 446191 692273 526214 507084 870166 339054 634498 192177 527738 350432 361394 528591 87126 370945 552888 812229 715690 322519 625682 729687 613489 710582 669159 283873 178401 639946 329379 260219 490367 943743 603386 712404 562849 610985 379138 614587 291025 201436 633586 292528 337821 253524 184707
305007 138162 491877 550398 556779 347845 618002 603721 464694 415917 999999999 302058 696045 574871 556638 478027 358036 462216 701072 213347 295782 707536 554136 280168 709643 402558 316150 595420 390740 331233 269790 563876 301280 301178 430040 387004 348916 104976 283997 483389 178422 517824 365554 475448 304581 286147 608857 214860 274746 389265 531203 564539 437872 324409 499172 719593 654682 213054 418683 590008 91769 521159 114737 652392 427748 422219 346308 289279 310272 362171 408851 542960 473090 403829 476004 248058 787685 760623 766868 276885 619075 465453 246627 170454 487040 104950 579403 609901 581295 315874 757961 131248 312885 495250 463136 479400 683268 369990 206180 235034
381316 367709 748550 851938 811670 98531 870611 891594 766743 624377 302058 999999999 896616 869051 722079 626013 648401 632883 999164 249210 573013 878879 852936 548034 905644 282478 25454 802772 362568 570060 293911 824890 143328 386796 713068 514901 649432 331612 338984 677375 317063 801875 650163 590071 139815 142511 802552 146720 270645 176823 805274 676880 591196 441926 797446 856676 883355 181190 126521 892065 257095 662018 300455 952004 539384 715566 647423 302946 588243 602856 400131 842645 635425 102254 768676 107396 1088329 1061346 1067608 412123 723243 587163 147200 295376 767416 351619 687853 909409 857024 581338 1058669 251394 32748 552778 732859 265982 824757 669764 371171 449758
987278 564136 267503 647764 231692 983476 207388 406744 586373 281421 696045 896616 999999999 458843 189995 285583 718304 1042226 546139 648073 757585 97081 705376 779739 19636 730530 920901 100898 613277 862006 614008 928470 969407 518729 392115 1026736 633462 603346 974478 219996 583525 377479 748727 345256 789432 955972 94399 888119 641409 837574 320500 299035 1043319 985142 497763 200566 106349 715814 951689 623499 787576 1119547 619657 734885 383970 715789 548261 612075 759012 339882 579654 687749 1059806 982826 441573 905307 786337 627106 771665 939384 298750 339823 920803 605062 362100 764380 1197479 717204 881032 797586 625318 657509 883646 438737 324198 863378 188313 523711 530107 466084
768160 511696 235880 200332 234464 922699 252630 62280 178365 398056 574871 869051 458843 999999999 503862 528037 365606 713027 138124 675809 443063 543645 260953 476803 478274 848097 886366 403522 760684 544802 684965 511797 872309 620749 170681 748004 293256 542241 775313 426280 589591 101094 393100 590434 824671 857044 445856 787058 709984 902253 149138 618047 732371 736082 87448 631874 353777 724732 972227 166210 650882 791419 577477 276241 588311 327653 241392 696139 435948 339351 746407 245297 732280 971062 100715 822634 339806 217471 322484 701642 654412 576093 817231 606804 137903 577984 875080 261592 449728 475661 214870 629218 872954 688835 196635 969834 604146 211811 547374 463119
859329 418843 268971 660178 278866 812908 297621 469178 579471 159827 556638 722079 189995 503862 999999999 97969 665594 954911 621991 473054 683225 157210 710287 698195 193062 541330 746966 131820 423709 779768 432695 896421 807231 337282 376077 918639 586392 455480 840565 93014 418525 404817 694173 155330 607491 794704 102758 730108 459287 651086 355238 125567 947773 867819 510641 169656 233581 541035 768392 651650 645236 1028464 464277 763357 195035 681292 503764 428761 688275 245304 389725 692074 970924 803519 448503 742086 843573 706807 825912 820401 151457 149939 762023 439160 373979 639903 1100984 736430 863073 722673 704555 494869 706455 251858 317852 673835 132919 487751 368072 321898
782885 340110 295080 661417 324325 717955 357650 503570 573664 135558 478027 626013 285583 528037 97969 999999999 632202 897961 656219 377541 637609 253090 706124 648329 290088 444990 651042 212115 328049 727904 335257 868910 715425 240058 378602 851529 558717 374195 761364 107571 328235 426943 658995 68982 509751 703313 193708 640398 361633 553280 385510 103843 886711 796574 518412 242635 313157 445334 670459 661222 563753 968869 378516 769930 98548 657233 481250 330935 644502 218147 295469 688135 913004 706135 457052 650102 863071 740537 844234 748808 155913 58397 671817 348109 391239 567922 1038094 738943 843491 675843 738112 404817 609651 173218 332289 578004 207058 470862 280466 248226
430303 393393 451474 235046 499216 669120 549660 421531 190215 508031 358036 648401 718304 365606 665594 632202 999999999 348705 444606 549490 89998 774294 214550 125239 737057 745632 657483 628631 704002 180393 590972 239037 600024 576990 328939 386747 85225 397850 448049 572679 480636 376455 30596 667273 661999 585659 661966 525719 605552 746789 424020 735946 366772 385898 279619 831163 632633 566780 771152 288560 392757 427635 432010 313620 636905 68764 170046 608902 77796 421031 709111 209128 367864 746215 305815 568648 451905 475448 432149 359829 787594 652904 548708 486158 372021 299192 510964 271858 231975 113160 473139 473054 664488 733389 395935 835174 795725 196001 469880 423246
260980 578122 782263 554892 836434 600195 890688 769996 535290 795999 462216 632883 1042226 713027 954911 897961 348705 999999999 777582 670329 286801 1084685 510608 262506 1059905 843586 628217 946096 850671 180504 730170 305214 517975 760730 666371 128286 429224 557780 302525 866118 639396 723075 320162 913251 715025 509354 973791 486284 731646 789833 767655 996214 49319 194325 627943 1124566 966220 650274 755187 611135 419790 79173 575996 590075 870953 388845 506962 749594 288122 715098 870681 514909 19280 703269 653287 526508 713115 791253 697857 220985 1050968 900950 489084 632637 714847 357268 162261 557724 377001 247708 789350 590072 661371 950239 730121 885492 1087806 536667 658043 653707
868111 646748 361150 223659 343712 1048244 341795 153255 258544 530144 701072 999164 546139 138124 621991 656219 444606 777582 999999999 812425 530979 638387 275756 566300 564547 986134 1015511 509323 898592 623721 822809 532801 993771 758789 308803 830893 388241 675878 879956 551415 726314 233803 467375 720732 960162 978547 551760 909800 847658 1038618 270756 741185 803873 828915 201938 733979 440191 859800 1105348 168195 772075 853272 711683 239133 721819 390849 357271 834137 521043 476084 883833 266935 796748 1101394 236383 947156 243740 84841 231790 799103 773447 706733 938904 743097 272527 693195 936594 247016 459969 557758 82567 763348 1004598 821062 329732 1107365 709815 331391 684962 601041
475764 170037 519688 705742 579942 340486 636362 686755 612087 380266 213347 249210 648073 675809 473054 377541 549490 670329 812425 999999999 500460 630028 722680 489311 656749 196145 273966 555581 180805 544414 63486 770123 344379 141081 508428 582279 519012 153121 442761 429605 86253 594725 562652 346104 153276 333793 553845 279200 61580 226559 587393 435379 641780 512946 617231 612083 639779 68024 313501 734853 256154 723863 117599 815638 294710 607033 487369 81740 514031 371570 204934 708728 679744 335896 576067 279480 943664 884044 922686 468274 484908 341681 307406 69989 557230 315667 774531 774539 779873 524887 881336 82117 235692 326783 513863 298446 579060 501351 134132 220026
340527 358924 495735 324886 549653 586970 604268 495533 273484 523424 295782 573013 757585 443063 683225 637609 89998 286801 530979 500460 999999999 804634 303459 35525 775596 695001 580222 663054 665945 106995 548318 269668 515439 548237 379790 304946 150052 354806 358088 591830 440721 440153 79832 664141 599399 501390 692768 444242 559501 683713 482334 739865 295971 297959 355730 851978 679608 508654 697731 377919 315919 365526 385443 401765 628324 156874 221301 567126 15237 438836 675683 298790 305149 668430 372142 487862 539775 564707 520309 270217 793364 650488 465444 442548 429387 221395 446731 360485 286662 40074 562366 420331 591389 719339 443324 774940 815656 251752 439717 408500
1007221 570899 333200 725819 310552 970060 296938 494936 657786 295442 707536 878879 97081 543645 157210 253090 774294 1084685 638387 630028 804634 999999999 781665 823651 83109 687428 903836 148000 569170 906094 588208 993796 964106 493133 456814 1058411 690890 608570 990568 225381 575302 455934 804213 299703 762189 951470 112356 886350 614338 801984 399518 234088 1081683 1011480 574228 104004 198940 697964 921918 705748 797449 1160406 619424 818022 345761 778841 605607 583293 807688 370230 532886 763720 1101561 959029 515214 899026 876341 720418 861005 964601 220212 298221 918423 596078 435376 785610 1235812 797742 951088 844665 718549 651477 862740 380415 389983 817863 97428 583961 524248 472685
640462 554812 450642 60680 473819 880197 505627 322845 132461 570918 554136 852936 705376 260953 710287 706124 214550 510608 275756 722680 303459 781665 999999999 337743 725012 915915 863942 634898 855445 375137 753442 258876 813101 718175 334229 579522 206155 570228 660752 620958 643969 327913 226026 756665 850896 798553 675035 736740 772586 935094 384884 807022 541704 590875 207769 859317 604124 751716 972582 108806 601109 583738 606907 99756 738775 146588 243535 769393 289877 489450 852677 18216 529441 952766 266710 778912 237930 280651 217891 569644 852197 741676 760992 654399 346354 509527 666196 57440 190580 318109 278761 653947 866347 841033 395782 1018335 827643 241985 619527 552402
305100 356054 520462 360254 575991 558017 631659 528405 308547 538464 280168 548034 779739 476803 698195 648329 125239 262506 566300 489311 35525 823651 337743 999999999 797458 682100 554166 683895 658863 82482 539808 284146 485055 545870 407182 271696 183548 348042 323211 607771 434334 470630 112409 671487 581083 471241 712286 416046 549360 664867 511205 749573 267515 262616 389380 867529 704453 493028 673525 413410 291388 340280 376570 435540 633731 191234 250762 558898 47900 455418 670583 333538 280244 641890 403567 459967 573293 600215 553998 234729 803576 658178 436036 434438 458240 197465 420060 394555 309073 35715 597877 408072 567620 722132 469290 757240 830991 281719 437688 413303
1002294 576823 286575 667393 251319 993337 226565 425901 605926 294176 709643 905644 19636 478274 193062 290088 737057 1059905 564547 656749 775596 83109 725012 797458 999999999 734390 930069 116064 616744 879781 621181 947844 980637 525729 411279 1043242 652285 615865 988963 230707 593813 397115 767454 347531 796584 967324 103443 899864 648389 843124 340136 296619 1060578 1000985 517396 187111 125319 724627 958501 643030 801033 1137087 631338 754360 387989 735008 567031 618671 777173 355356 582478 707384 1077420 990806 461158 916326 805125 645199 790559 955062 292785 342897 932475 615260 381653 779418 1214779 736785 900578 815619 643436 668296 892085 438570 343362 866857 177760 542677 540680 478518
621557 361104 664114 896058 717581 377928 767669 850851 801389 501258 402558 282478 730530 848097 541330 444990 745632 843586 986134 196145 695001 687428 915915 682100 734390 999999999 305068 652265 118259 732350 164895 964548 421601 234104 677648 742915 713717 348733 582801 529829 272061 759348 758564 388327 146257 417276 638366 390720 143447 128382 742536 459683 810027 670216 797535 640070 748576 194119 258158 921940 423994 889287 313704 1007182 346565 802926 677231 152096 708839 520664 155386 901468 850843 315828 750992 368881 1132473 1061691 1111568 629892 495174 391703 407690 261931 720516 499138 930433 966646 975835 717800 1058999 274676 251828 316215 670493 133598 613844 688544 303517 385252
373460 388250 769950 864538 833321 73816 892514 910085 780523 647861 316150 25454 920901 886366 746966 651042 657483 628217 1015511 273966 580222 903836 863942 554166 930069 305068 999999999 826710 387413 572619 319290 828467 126855 411997 731977 508148 661527 351476 330897 701490 340305 820804 658123 615427 164053 128333 826909 144642 296092 194957 825345 702306 585487 435771 813636 882044 906583 205949 127066 905634 264878 654507 321294 963274 564702 725117 662329 328394 595458 624805 425125 854058 630002 88846 786202 102032 1100084 1076571 1079438 408218 748697 612457 139447 318584 786745 359179 677495 920667 862700 586876 1073903 273096 53247 578152 753198 280799 850073 685335 394448 472047
886477 464332 185317 579844 169171 887764 172286 359893 510033 182102 595420 802772 100898 403522 131820 212115 628631 946096 509323 555581 663054 148000 634898 683895 116064 652265 826710 999999999 537224 766337 525706 846032 871278 431530 308839 927457 544631 503702 873580 126288 487547 311439 658769 278742 700539 857663 42576 789279 553542 753258 256086 256777 945785 884924 428008 228385 102348 622801 863362 562298 687021 1022892 521120 674869 309101 631311 459227 525499 665254 239307 506319 616875 963428 891353 368205 807551 740990 593375 724642 839002 274821 270102 822048 509215 288605 663581 1100037 652875 803108 703125 591292 560415 791198 380123 242004 785833 201230 436772 433694 366693
653150 310625 562774 829188 612682 461086 659972 757528 733739 394451 390740 362568 613277 760684 423709 328049 704002 850671 898592 180805 665945 569170 855445 658863 616744 118259 387413 537224 999999999 719328 120950 933903 489358 140767 590308 762757 660368 311214 618278 416828 225250 667467 720993 270164 224134 481976 521722 440394 120677 238609 645250 342214 822558 692881 718062 523291 635068 218045 366043 849457 436578 904667 282762 941845 229501 755160 612456 101462 678532 424863 39301 839816 860328 416356 667030 429105 1061124 977083 1040466 648669 379633 273870 463807 224596 628333 494728 954712 902889 935966 693891 974424 260706 336282 201051 575141 250129 496341 619252 236799 306291
272309 424805 601801 407957 656388 565789 711228 599125 370593 620164 331233 570060 862006 544802 779768 727904 180393 180504 623721 544414 106995 906094 375137 82482 879781 732350 572619 766337 719328 999999999 598828 256876 487781 613588 486723 207289 254171 411911 299711 689699 497576 546520 156362 748681 620702 475282 794762 429300 605609 702462 589267 828375 189458 217029 458022 949234 785776 539579 696581 463402 320893 258847 436902 467575 709392 234887 328224 618214 110320 537587 733950 374626 198564 657689 477883 473424 601944 649444 583922 202775 882656 735665 443991 495137 536331 234161 339749 429247 301389 69659 647264 462307 593089 795062 549912 796878 912634 358523 506590 489281
539189 199740 510809 732021 567888 389389 621540 690212 637122 358239 269790 293911 614008 684965 432695 335257 590972 730170 822809 63486 548318 588208 753442 539808 621181 164895 319290 525706 120950 598828 999999999 817303 401023 95529 514977 644548 553304 194042 506242 399564 110697 598301 606341 296191 175431 391301 519656 339966 28116 231495 584953 383238 702771 575698 632847 562770 615219 119369 337864 757185 318716 785197 163244 843556 245694 645204 513299 19489 561298 364136 142045 738638 740071 370879 587109 336983 967911 897557 947026 530688 430699 293615 367060 105787 559800 373862 837034 803347 822691 575063 894861 140109 275246 266824 512002 285857 531002 523933 138713 221897
515132 624523 662271 317154 699562 822624 741049 574005 346192 741587 563876 824890 928470 511797 896421 868910 239037 305214 532801 770123 269668 993796 258876 284146 947844 964548 828467 846032 933903 256876 817303 999999999 744233 811744 537557 411429 310793 623382 548239 803480 708754 559945 216092 905848 865090 731926 882486 685800 829021 948665 614788 972753 348797 451267 442424 1058506 833958 776908 951293 367594 571348 363676 654795 310461 875936 215642 392712 835951 256187 654518 941866 270974 321084 914163 490451 729982 417839 524639 404932 450393 1023597 891396 700867 711526 567875 479357 439518 288586 78117 248642 523230 689915 846662 972259 605191 1041327 1023981 410875 703619 661582
257872 410548 788601 822186 853381 82223 914234 903924 745933 689261 301280 143328 969407 872309 807231 715425 600024 517975 993771 344379 515439 964106 813101 485055 980637 421601 126855 871278 489358 487781 401023 744233 999999999 485063 731300 393485 619595 370926 215662 749932 388812 818918 595227 689642 275685 15264 877351 86477 382985 320115 832120 779460 472789 323655 793152 954322 941730 281681 245781 868225 221769 537034 350240 912781 638154 668784 636501 414291 530343 650944 524651 805450 517705 186747 774907 65363 1051030 1047314 1030927 303578 829286 684371 55086 368071 788319 305334 554651 870525 786779 514315 1044719 312902 176053 667564 763155 407617 920431 663108 440615 505459
594626 189821 430023 690063 483828 480425 535006 619553 594633 269143 301178 386796 518729 620749 337282 240058 576990 760730 758789 141081 548237 493133 718175 545870 525729 234104 411997 431530 140767 613588 95529 811744 485063 999999999 450176 687700 527174 203294 565732 305751 122980 528783 596381 205034 270859 474142 424429 416805 122687 322311 509329 294415 738540 622924 577297 471234 522916 207447 432963 709187 369430 821955 186506 802904 153680 624076 474692 93983 559654 287632 134587 702191 772543 466238 526452 419950 920859 836755 900250 576051 344551 200915 446262 134951 489714 405065 880368 764452 808026 579644 834091 189837 369671 196224 437953 365035 438544 480068 108523 166516
665031 348651 124851 284907 170725 774258 224537 179392 204225 243478 430040 713068 392115 170681 376077 378602 328939 666371 308803 508428 379790 456814 334229 407182 411279 677648 731977 308839 590308 486723 514977 537557 731300 450176 999999999 672507 243716 382117 664301 287524 422222 88827 359533 435440 659130 716145 346488 644900 540348 734955 107627 476459 674669 645461 140047 527599 303694 560311 810530 282736 514016 745254 415723 391558 426865 323783 160313 525800 378386 173014 576857 316014 684853 814166 80122 676899 487869 386847 468388 604781 519549 420626 676538 440321 57685 454733 826459 361911 494681 418665 384197 467208 714237 529046 67918 800343 494928 132949 378106 293094
135652 516821 778364 614826 837511 475504 895383 800097 576420 763855 387004 514901 1026736 748004 918639 851529 386747 128286 830893 582279 304946 1058411 579522 271696 1043242 742915 508148 927457 762757 207289 644548 411429 393485 687700 672507 999999999 454924 489891 178112 834531 564722 740693 363619 857703 607813 385809 950605 369749 642181 678423 778639 944651 80263 73606 660676 1087085 960860 553049 634451 670467 326183 147869 501281 668494 811882 441944 520577 663573 312448 689552 786566 580206 125025 579857 674716 407601 799282 856119 782304 114135 999590 846637 368743 554509 725899 286174 192890 631939 475701 273813 853974 505904 544706 882254 730908 773500 1050225 551862 591948 603347
480214 353593 366412 203493 414060 682309 464973 345549 130236 430811 348916 649432 633462 293256 586392 558717 85225 429224 388241 519012 150052 690890 206155 183548 652285 713717 661527 544631 660368 254171 553304 310793 619595 527174 243716 454924 999999999 365994 491799 493381 442863 293874 115817 598201 644823 604656 578667 539619 570948 729108 339860 662532 443442 444049 205838 750280 547408 545890 767599 248773 401932 508390 402321 303572 571461 99841 85416 570079 144012 343728 661352 194209 448180 750152 224199 580438 438953 431165 418198 411821 712993 583537 565950 451787 287539 314331 591132 261163 287598 184516 428658 448451 661685 670622 310742 813093 715228 110789 423612 365916
409662 39681 421047 555258 485304 399879 545566 561210 462730 321926 104976 331612 603346 542241 455480 374195 397850 557780 675878 153121 354806 608570 570228 348042 615865 348733 351476 503702 311214 411911 194042 623382 370926 203294 382117 489891 365994 999999999 387176 386667 86293 470803 412480 370485 286827 356698 513615 286801 207704 368805 473870 459589 536897 428854 476423 616374 570928 185861 429989 586869 189949 620392 37051 664109 322998 454200 338192 212578 367557 280228 322746 556570 569919 432192 441528 309509 793820 743434 772825 381184 514103 360483 319713 88472 435921 204258 681517 622699 629173 382871 740729 87759 332134 393631 401825 448519 580260 354789 102058 137350
42609 422099 750620 682393 814207 297830 874987 818457 621923 697029 283997 338984 974478 775313 840565 761364 448049 302525 879956 442761 358088 990568 660752 323211 988963 582801 330897 873580 618278 299711 506242 548239 215662 565732 664301 178112 491799 387176 999999999 765686 446009 744584 434800 754716 441870 207708 889737 196892 498580 507253 771576 844885 257135 108292 689499 1003362 924415 401399 456710 734298 198654 323623 386764 757809 705359 514389 534380 524108 371107 635774 646583 656748 302046 401784 687390 231655 894870 920334 875949 97951 898855 745674 191934 431137 721488 213103 350838 717296 600078 344010 917918 376133 369669 761689 711997 601239 967119 564896 484586 518757
781894 348128 190909 572419 216769 763552 251517 398311 489395 70698 483389 677375 219996 426280 93014 107571 572679 866118 551415 429605 591830 225381 620958 607771 230707 529829 701490 126288 416828 689699 399564 803480 749932 305751 287524 834531 493381 386667 765686 999999999 363531 325508 601345 175932 574276 736637 127481 669367 427452 627878 280842 191968 860604 786428 424822 260166 218756 497013 737118 567070 573996 940536 400874 677793 194030 588451 410878 399729 596513 153106 388247 602773 882454 765240 362694 685630 764196 636034 745883 739434 232199 163794 701924 385076 291743 560238 1014337 649284 770783 631454 633656 437654 665286 280116 233647 663380 223980 395333 310143 249556
473392 89318 437240 624292 498702 400227 556332 600699 529911 307648 178422 317063 583525 589591 418525 328235 480636 639396 726314 86253 440721 575302 643969 434334 593813 272061 340305 487547 225250 497576 110697 708754 388812 122980 422222 564722 442863 86293 446009 363531 999999999 508708 496570 311057 237949 376189 490369 312195 128639 312809 502497 401845 616174 500130 531789 569690 566312 142983 395061 651575 248188 699516 63690 735178 260613 534509 405481 128284 453282 289487 236569 629436 650799 410841 489937 323803 861348 798346 840404 453158 454857 303346 343777 21730 471372 282786 757406 694588 712495 469139 795639 76590 309085 318422 428977 382878 534815 417915 54145 136212
742864 436960 135922 270503 146136 862819 181150 92091 213787 297484 517824 801875 377479 101094 404817 426943 376455 723075 233803 594725 440153 455934 327913 470630 397115 759348 820804 311439 667467 546520 598301 559945 818918 528783 88827 740693 293874 470803 744584 325508 508708 999999999 406484 489534 746222 803731 353028 732607 624275 821004 56980 517408 735945 718999 120588 539214 276863 647943 898696 250933 600536 802246 504173 363529 488476 355798 220146 608180 436309 243165 651302 310339 742002 902920 71312 765129 439167 316271 421237 680265 554689 475250 764048 527280 39141 537672 884867 341831 506844 477065 313739 555556 802880 588465 96189 884127 509906 188962 462999 377122
414671 410584 481989 252974 529808 666385 580155 449843 216229 536120 365554 650163 748727 393100 694173 658995 30596 320162 467375 562652 79832 804213 226026 112409 767454 758564 658123 658769 720993 156362 606341 216092 595227 596381 359533 363619 115817 412480 434800 601345 496570 406484 999999999 692624 670133 581146 691867 523432 619845 754813 454405 762619 339938 367119 307782 860226 663226 576613 774120 307838 393337 398880 445647 323249 661147 80449 200504 624586 65166 449265 727459 222867 339380 746574 335682 566888 460899 494435 441649 343884 814613 678368 545045 500952 402486 298945 482382 282504 217290 92903 492199 484701 667555 756615 426504 844494 824671 226597 488592 445615
779435 340955 360182 714677 392323 684866 426597 568726 624495 192974 475448 590071 345256 590434 155330 68982 667273 913251 720732 346104 664141 299703 756665 671487 347531 388327 615427 278742 270164 748681 296191 905848 689642 205034 435440 857703 598201 370485 754716 175932 311057 489534 692624 999999999 466399 678436 256610 619160 320516 502502 450510 90826 898422 798859 575446 266638 380541 412221 623934 717885 556063 981445 367988 824824 51489 697774 524808 288560 672317 267526 235069 738900 927364 664280 515001 624400 922529 804679 903337 751087 144146 14991 649420 328756 452816 571708 1047331 792283 885257 701055 802216 386095 571041 104286 393875 519913 234953 517576 270303 259859
481893 313457 672899 839966 732857 237868 788799 838088 748609 529686 304581 139815 789432 824671 607491 509751 661999 715025 960162 153276 599399 762189 850896 581083 796584 146257 164053 700539 224134 620702 175431 865090 275685 270859 659130 607813 644823 286827 441870 574276 237949 746222 670133 466399 999999999 271065 695072 246876 148274 84795 740325 549779 678418 534388 762294 731294 788376 100971 162896 873249 301491 755369 250024 946956 417374 724806 624449 178899 614118 524780 262432 838272 720693 197993 724318 222846 1078776 1029486 1057792 496813 593397 465392 262047 218944 709128 387359 791843 904992 885611 616469 1026778 199401 112203 419018 666792 176414 700991 641609 287408 373175
250179 396348 773879 807336 838679 91948 899566 888686 730863 675604 286147 142511 955972 857044 794704 703313 585659 509354 978547 333793 501390 951470 798553 471241 967324 417276 128333 857663 481976 475282 391301 731926 15264 474142 716145 385809 604656 356698 207708 736637 376189 803731 581146 678436 271065 999999999 864088 71443 373942 319101 817072 768439 464698 315172 777905 942690 927591 272126 250592 853249 206525 530343 336551 898252 626949 654411 621276 404986 516330 636580 516802 790809 509562 194097 759649 54360 1036480 1032194 1016350 293414 818572 672955 39824 355605 773186 290456 550092 855969 773736 500780 1029598 300052 175201 658055 748198 408165 908647 647860 427659 491606
904404 474805 224553 620538 211627 889947 213563 402468 549040 192960 608857 802552 94399 445856 102758 193708 661966 973791 551760 553845 692768 112356 675035 712286 103443 638366 826909 42576 521722 794762 519656 882486 877351 424429 346488 950605 578667 513615 889737 127481 490369 353028 691867 256610 695072 864088 999999999 796842 547095 743852 298058 223688 971783 905717 468681 186275 134640 621644 857390 603959 699930 1049917 528338 716553 292235 667265 493437 517882 695636 261094 489051 656959 990831 888450 408362 812976 783535 635731 767152 859267 236805 249766 829404 511819 329100 681839 1126015 694040 841166 732821 633660 564904 789358 354603 280578 771561 158662 472171 437260 376307
238295 326481 702676 742915 767504 143488 828442 817921 664290 607181 214860 146720 888119 787058 730108 640398 525719 486284 909800 279200 444242 886350 736740 416046 899864 390720 144642 789279 440394 429300 339966 685800 86477 416805 644900 369749 539619 286801 196892 669367 312195 732607 523432 619160 246876 71443 796842 999999999 325961 310379 745647 709720 445079 296383 708700 881316 857652 223679 271158 787591 138314 517392 268526 836491 567807 594240 552638 355407 459390 566130 472791 728246 489116 228393 689237 44223 974426 964906 954097 265432 761003 612840 32921 292391 701881 227216 547724 794024 722758 447468 962292 235607 175273 605940 676760 404622 846729 578683 362116 422715
532899 217804 538321 752670 595679 367233 649505 716267 658085 386350 274746 270645 641409 709984 459287 361633 605552 731646 847658 61580 559501 614338 772586 549360 648389 143447 296092 553542 120677 605609 28116 829021 382985 122687 540348 642181 570948 207704 498580 427452 128639 624275 619845 320516 148274 373942 547095 325961 999999999 203473 611805 406363 702661 572207 656399 586747 643290 102495 310299 779051 316037 784523 174378 863737 270564 661339 533838 32306 572834 391366 148264 758074 740908 344755 611659 319865 989318 921764 968397 528072 452672 318593 351694 119618 585907 377247 834051 823205 836761 584844 919064 143509 250560 285019 538722 260003 555469 545505 162738 247342
548616 393155 740816 923298 798866 263365 852962 913073 831395 589508 389265 176823 837574 902253 651086 553280 746789 789833 1038618 226559 683713 801984 935094 664867 843124 128382 194957 753258 238609 702462 231495 948665 320115 322311 734955 678423 729108 368805 507253 627878 312809 821004 754813 502502 84795 319101 743852 310379 203473 999999999 812013 579583 751411 604820 842227 761213 845196 183672 129779 955673 381978 826292 331789 1030824 456735 809569 706965 228568 698484 593222 277675 922312 794495 189386 802341 278525 1162065 1109348 1141073 569800 618210 503853 319099 295524 783300 470054 858049 988955 970080 700145 1106639 282159 144077 439634 738590 95716 733349 723289 358551 444848
772633 437702 90437 327432 89263 871331 126983 118217 269081 262062 531203 805274 320500 149138 355238 385510 424020 767655 270756 587393 482334 399518 384884 511205 340136 742536 825345 256086 645250 589267 584953 614788 832120 509329 107627 778639 339860 473870 771576 280842 502497 56980 454405 450510 740325 817072 298058 745647 611805 812013 999999999 471518 778171 752824 177419 484330 220338 644271 896416 306474 617384 846771 505137 418961 454222 407987 261043 593237 479709 221874 626270 367290 786387 905048 124358 775870 488864 355248 471621 712351 506210 436693 777719 522196 52970 561280 928754 398284 562990 520358 352856 555570 803958 551819 73534 870256 455785 230992 453704 367456
869052 428732 382304 760815 400492 772604 422753 587936 674667 236390 564539 676880 299035 618047 125567 103843 735946 996214 741185 435379 739865 234088 807022 749573 296619 459683 702306 256777 342214 828375 383238 972753 779460 294415 476459 944651 662532 459589 844885 191968 401845 517408 762619 90826 549779 768439 223688 709720 406363 579583 471518 999999999 983128 887048 615290 181915 357516 500724 704136 757922 646248 1065803 458313 867901 141938 760954 584708 374116 747093 321103 304300 788948 1010814 747702 553365 714305 956160 825986 937817 839238 54964 99228 739829 419581 483657 659168 1133207 838129 947007 777763 823659 476916 656647 146857 425358 587518 154164 573654 360303 342975
215015 559935 787171 582879 843400 554929 899168 787702 556164 790074 437872 591196 1043319 732371 947773 886711 366772 49319 803873 641780 295971 1081683 541704 267515 1060578 810027 585487 945785 822558 189458 702771 348797 472789 738540 674669 80263 443442 536897 257135 860604 616174 735945 339938 898422 678418 464698 971783 445079 702661 751411 778171 983128 999999999 149818 646122 1117250 971046 617857 712191 639127 387923 83496 552501 624911 854630 413186 517209 722076 299766 711454 844185 544693 44936 658790 667323 484248 750954 821752 735074 181720 1038047 886587 446071 608004 725206 333477 154264 590945 418264 259053 819757 562848 620350 930487 736638 846877 1080395 547722 638312 640161
67681 458318 744587 619923 805755 405873 865029 784727 571024 716063 324409 441926 985142 736082 867819 796574 385898 194325 828915 512946 297959 1011480 590875 262616 1000985 670216 435771 884924 692881 217029 575698 451267 323655 622924 645461 73606 444049 428854 108292 786428 500130 718999 367119 798859 534388 315172 905717 296383 572207 604820 752824 887048 149818 999999999 648751 1034927 924758 481344 562401 674240 257013 221474 437256 684437 751838 447476 500773 594531 308404 645736 717717 589290 194543 509206 656109 334765 818956 861101 800949 47817 941842 788357 296329 488695 700773 228672 261947 645705 508771 274248 858821 438277 471489 818481 700163 699915 998173 532151 530546 548694
681519 449139 245299 151860 266116 846524 300635 142078 97873 383478 499172 797446 497763 87448 510641 518412 279619 627943 201938 617231 355730 574228 207769 389380 517396 797535 813636 428008 718062 458022 632847 442424 793152 577297 140047 660676 205838 476423 689499 424822 531789 120588 307782 575446 762294 777905 468681 708700 656399 842227 177419 615290 646122 648751 999999999 653960 397425 661511 904827 142815 571385 706627 512708 253000 565789 246398 157624 645657 348820 311226 707727 190030 647157 899693 62186 745604 349018 267198 329224 614643 656966 560614 738176 547377 139608 495198 790160 226302 386937 388713 264490 564147 803350 668243 192856 914543 623204 130046 494138 413574
1023935 581442 408872 805710 397438 951452 392455 586945 731563 329078 719593 856676 200566 631874 169656 242635 831163 1124566 733979 612083 851978 104004 859317 867529 187111 640070 882044 228385 523291 949234 562770 1058506 954322 471234 527599 1087085 750280 616374 1003362 260166 569690 539214 860226 266638 731294 942690 186275 881316 586747 761213 484330 181915 1117250 1034927 653960 999999999 298433 678646 886048 790141 806157 1198062 621124 902739 317643 842874 666267 554633 856669 413255 484920 841171 1140573 929276 593064 888970 968600 817072 952522 987334 147056 270403 912319 589004 514382 806476 1270305 879771 1021081 891568 815108 646110 837296 324328 463641 765833 36879 647839 522963 486765
