NAME : synthetic_000348
TYPE : CTSP-D
DIMENSION : 100
GROUPS : 8
RELAXATION_LEVEL : 1
EDGE_WEIGHT_TYPE : EXPLICIT
EDGE_WEIGHT_FORMAT : FULL_MATRIX
EDGE_WEIGHT_SECTION
999999999 758753 451913 251804 690365 172922 545527 907097 427711 681256 414433 190546 770433 433417 830834 430077 531243 734015 624365 334975 695153 870861 472763 457607 646955 263653 642413 699474 849413 365228 354281 414995 199066 834415 565833 829403 529952 164834 869321 960396 710725 690439 149629 387540 833742 296990 720932 281979 767593 447931 625644 391042 673159 327587 419375 848970 380238 646127 423871 567487 761562 880273 883901 590943 216478 189279 861375 679216 789596 201684 230356 131165 696734 254615 165319 310187 761445 584345 699030 88201 106933 258921 563122 487023 548992 567955 367311 646687 331537 929389 474546 767829 747774 411437 247926 817979 548262 961451 275550 797783
758753 999999999 709049 813799 627136 732709 237933 361032 332218 673409 670328 589252 594909 498421 398901 492371 596031 543380 259294 551091 347948 486020 308765 863148 399131 712340 187237 87915 427230 590252 965909 475491 779056 90788 240204 256468 246331 898917 319299 574091 295335 69851 700534 646620 288288 686169 637232 763868 139033 405944 750321 402428 679469 654623 662526 132659 443443 430568 367403 307784 500615 301556 239654 189618 903610 910506 540440 212785 182398 834020 779202 876135 70233 740922 593923 879109 23213 874652 411417 822899 848252 578175 542731 456346 334017 422636 395809 321509 512818 429012 414254 79742 496378 502899 685122 202827 1010091 436487 599744 168370
451913 709049 999999999 255772 280208 596273 615615 655856 498434 251652 778389 336905 380839 212812 546965 693215 148607 366931 462257 636602 851332 545518 427430 162180 838524 667233 525775 622491 552051 692842 806107 242422 278071 799836 651285 627110 596971 450380 635179 608916 491569 663512 302935 743860 922463 155230 308590 704478 634628 309840 174185 353240 240798 694923 778986 729534 301187 352826 571922 708819 418120 958172 701229 635383 665000 628188 507740 761392 629631 651938 249024 561647 639763 206190 402499 272509 724624 182038 408973 535385 443184 574107 842457 726212 377205 308523 414866 428297 600908 644715 684587 761970 406148 681471 639341 865334 305065 680403 216301 832929
251804 813799 255772 999999999 532438 422586 649832 856984 519539 507206 651606 257990 629136 355184 758930 624662 383352 607172 609514 541842 851746 774736 505079 209686 818426 510016 654058 736633 770007 586041 587327 359641 56333 900837 679839 804615 631271 197620 827915 848962 670497 753768 147220 621116 962724 143508 561798 533011 778321 421970 422353 411554 496507 563290 655125 870779 371798 559500 558412 710383 650794 1005439 872240 685259 440681 396242 746690 798538 786609 447681 36463 329684 744455 75708 300194 72741 823434 344297 617635 317756 202717 466123 771151 673451 520888 493306 434729 602450 521761 859960 645934 846335 637663 608179 489690 925841 299428 895022 214567 898680
690365 627136 280208 532438 999999999 803915 634455 441564 557679 53757 932416 528387 104186 283514 326158 803453 159179 112664 373099 777379 874419 293836 446214 415594 884616 856112 446726 542139 319834 837365 1038210 317494 545746 711348 669994 453454 619344 721115 436344 337800 341094 607184 544088 897265 894594 407753 30584 901909 510844 342568 170507 424988 64815 860409 930380 595969 387366 196636 649114 747706 173993 919244 528362 632824 906647 877276 241587 754205 487092 878472 520116 813180 568883 472779 590430 552614 648187 336280 224257 778214 705296 734329 939620 817508 327696 227677 500742 305763 733260 408986 767626 698777 167272 797530 824756 819343 529166 443299 416771 784069
172922 732709 596273 422586 803915 999999999 498961 945907 408821 803912 249123 275590 871251 526249 887062 310926 648636 828106 657543 214398 592394 940500 491831 624013 533868 92592 656111 690527 909515 221823 250118 498502 368026 795705 508944 855151 487690 317477 904098 1036374 753637 662891 299815 226922 747145 442882 833861 111125 772717 509207 765608 433265 797525 167623 255329 841767 443311 722069 367646 485365 844926 794847 898134 547805 173283 193516 942804 608515 802837 101419 398012 191203 680307 414517 214575 482975 730092 744593 768318 149158 264347 158100 420812 370836 598225 643286 381235 696862 233568 979827 374861 723675 831428 292027 85363 748607 720638 1008748 392737 734804
545527 237933 615615 649832 634455 498961 999999999 532772 130293 667791 439070 399686 641377 410066 523234 261400 545331 586559 292733 313288 242527 603130 195354 748393 251385 474563 240925 219266 551882 354494 728326 375684 605619 296843 36480 425820 19000 697943 487328 702551 383781 169744 517084 412984 314662 544736 654412 525959 314715 315208 709496 263220 669593 417362 431901 359977 315055 455478 131343 116122 565790 355991 442907 48988 671451 682370 638286 149916 355802 599746 613482 653838 198757 584481 386531 720732 232515 796157 467229 600486 643407 342390 344403 236524 307651 406803 216481 364178 275036 588616 187801 225717 556392 269558 447731 277977 892568 607244 449062 254123
907097 361032 655856 856984 441564 945907 532772 999999999 553654 495279 961072 716574 358905 503181 115469 788294 508323 329302 288428 816445 705385 173258 454494 815958 749553 956658 301305 322012 125220 868654 1195460 506356 844283 405339 553600 108501 529858 1004721 45444 230793 196372 394417 796218 931124 642222 713476 433993 1009679 228517 460375 608049 519347 506265 921067 955012 250145 527239 303685 631001 636416 268062 645759 135453 497759 1098437 1088770 241718 567711 183423 1043157 830593 1037685 350223 782489 752692 903574 383165 768491 246884 989053 967706 814411 874455 769168 358131 363697 564682 261723 770794 71264 719487 438282 274312 792953 925227 554253 949241 76175 661840 522712
427711 332218 498434 519539 557679 408821 130293 553654 999999999 583484 414173 270866 583603 303406 516439 255258 446716 530403 274456 263867 353245 586109 118221 623642 342225 405574 253977 282062 542892 318774 652329 266633 475580 406790 161365 455094 111793 574090 509555 686644 374472 263197 387835 382087 444182 416754 581390 458704 364660 217844 608735 147198 583289 367650 409230 433548 198469 401203 92818 210389 522682 486123 491646 168466 575905 579681 608163 279514 396997 509941 483191 543937 273908 454513 264232 590485 333905 680348 428201 490731 521060 263781 382555 260678 249796 336793 87576 333371 217610 598020 210115 341564 511245 254057 375012 407377 766316 622718 320573 381934
681256 673409 251652 507206 53757 803912 667791 495279 583484 999999999 945275 528841 151183 295362 379892 823724 155842 166181 416787 791699 909315 345640 475998 374756 916173 860942 490598 587461 373260 851467 1032652 331510 525506 758850 703777 506255 651953 699969 490013 383840 391235 650366 532798 910024 936377 390958 67919 905014 560344 365936 120158 445219 12688 870412 943762 646829 403496 243457 673410 779273 227543 962461 581384 669238 897667 865696 290724 792440 538012 873919 498158 800506 613398 452465 592758 521269 694031 286490 275628 768301 688166 744344 963219 841229 364186 263632 520792 352046 748757 461877 792302 743526 221011 816693 830154 862881 481728 495959 412306 827735
414433 670328 778389 651606 932416 249123 439070 961072 414173 945275 999999999 442007 978359 650306 930478 178193 791792 928110 688398 156248 424160 999832 528908 839164 354613 157932 659989 657821 957052 96834 352097 615151 595342 708818 430406 857533 437054 566445 916040 1100217 788264 605881 512424 35259 591342 637038 959975 172664 752181 597290 933657 512493 941622 88316 9575 797704 545267 804585 330287 369151 928984 637693 881076 483796 375917 416726 1018790 491241 791379 301265 622110 433959 637782 627220 377476 717785 660044 945496 838112 397255 512441 204643 201248 219092 658027 732177 439284 746771 202429 1009728 256197 634955 916711 169725 166815 619126 950643 1032674 562200 616290
190546 589252 336905 257990 528387 275590 399686 716574 270866 528841 442007 999999999 598188 253839 641199 376979 373282 557265 434923 306163 593782 684111 289725 408107 561198 334706 457389 522397 660423 359446 513871 230115 208656 670810 427227 640125 381802 310207 678994 775932 520204 523675 117573 407766 708712 197541 558397 376677 583761 257628 498116 202814 522782 358020 442953 668754 189768 460378 300733 452835 579345 752568 696575 439301 393094 375606 678714 545783 603122 353590 221814 321422 523460 205444 65998 330674 595004 504619 511537 274364 262149 238672 526680 421096 358454 381484 193889 456195 276702 739270 390002 609537 565624 362206 305228 677635 536042 771126 122042 652754
770433 594909 380839 629136 104186 871251 641377 358905 583603 151183 978359 598188 999999999 345034 246418 836796 247346 54879 357825 822135 874116 198013 466543 519700 892567 915887 427690 515161 233849 881905 1111853 373780 638355 673063 675166 389930 628361 813578 361459 233725 299711 586367 627961 943655 874577 498694 83363 963989 466976 381075 271331 465873 163730 911827 975414 543425 436995 186003 676418 757191 98344 894430 461398 631767 985251 959134 139723 746223 436195 951560 614351 896601 544237 566028 656686 653195 617249 437670 184645 858634 794020 786948 964920 843715 337181 247790 539652 284807 776413 317247 792408 671085 99453 833093 883899 794379 632302 350036 494883 759048
433417 498421 212812 355184 283514 526249 410066 503181 303406 295362 650306 253839 345034 999999999 410518 530893 146078 303438 262279 496358 650382 440240 217184 364834 645187 573691 318866 412977 425166 556163 767685 37424 341280 589125 446353 450133 391959 505964 472942 527344 315384 450987 301913 615077 711643 212227 312199 620562 435460 97497 305532 157133 292410 577038 648630 530193 109908 215764 387680 510989 328145 746382 519386 425735 644710 622586 427960 552414 437641 607420 327614 563108 428637 279992 311674 407338 513199 388556 271763 521050 474542 450917 673806 552688 173278 141485 230170 247396 453449 511569 505811 549381 314356 522937 542081 652810 511695 545807 163845 620233
830834 398901 546965 758930 326158 887062 523234 115469 516439 379892 930478 641199 246418 410518 999999999 764884 398535 214088 242087 779518 724652 87120 405459 705459 759576 907898 282326 337136 29182 835200 1137074 419548 750673 462119 549946 155226 516309 916339 115609 180780 142503 413572 710334 898526 687182 615924 319251 960222 260093 384002 492709 453993 390827 881393 925336 316143 452112 199598 602192 635197 153041 698116 219421 496772 1030828 1016640 146373 587693 219152 980870 734603 961999 367762 685766 684148 801529 422106 653795 141391 915555 883058 767075 867298 754351 288867 269042 510162 190343 732813 101203 702916 478639 158887 766819 875797 601097 836455 136092 573243 567102
430077 492371 693215 624662 803453 310926 261400 788294 255258 823724 178193 376979 836796 530893 764884 999999999 676814 784243 523711 97837 282303 838240 373449 784333 223121 251094 488623 480553 792316 105025 497656 493732 569954 533787 252290 683276 260427 594793 743010 938877 622413 427688 477467 154828 441929 571461 828912 294712 575510 461062 830948 378817 821915 174954 170719 619515 421140 655996 163922 195957 777927 489590 704101 305638 477252 504026 862862 321268 615545 399299 590346 497937 459912 581298 324841 696423 482543 871163 683280 449413 536952 171226 150242 59911 505005 589085 303061 586847 103055 839698 79360 459672 766439 19081 234301 455843 912516 861121 482320 448641
531243 596031 148607 383352 159179 648636 545331 508323 446716 155842 791792 373282 247346 146078 398535 676814 999999999 224141 339072 639432 787616 398329 349977 307649 786726 705111 408905 508129 403456 698910 880027 183445 391008 685896 581809 485463 528018 566256 489312 466560 352075 559596 384995 756535 835140 251438 189762 749219 505817 231209 164185 302223 150665 715667 790584 599465 255984 206979 532947 651124 271489 866344 560670 554902 747587 718117 364472 681332 495362 720622 367245 654142 529450 318749 436964 413310 613984 281192 261693 619051 547804 589758 819846 698617 263636 176105 376111 293189 597513 496109 651398 657226 259076 668599 674363 769324 443995 531797 258514 735245
734015 543380 366931 607172 112664 828106 586559 329302 530403 166181 928110 557265 54879 303438 214088 784243 224141 999999999 303316 771867 819299 184067 412958 515027 837717 869746 373694 462471 207172 831476 1071054 329607 611961 623069 620304 348070 573616 786223 326016 242583 249015 532913 594677 893563 821346 471890 105930 918568 417934 331381 282037 416017 177477 863094 924956 497480 389779 131332 623213 702409 61362 841939 421583 576915 947325 923214 140863 691702 389273 910815 589723 861858 491244 540751 613873 636734 565506 446512 132023 822113 763480 738835 911145 790146 282979 196111 488918 230487 725871 296774 738724 618828 55843 780921 837613 741816 636163 331378 459096 706455
624365 259294 462257 609514 373099 657543 292733 288428 274456 416787 688398 434923 357825 262279 242087 523711 339072 303316 999999999 537933 517412 314982 166990 621747 540462 670914 73811 171857 268927 593226 907242 250374 586423 347914 323806 205206 282778 734601 247428 415527 100060 234086 525470 656522 521917 469942 386606 723716 173486 188983 491085 233582 422115 640574 683250 268465 249925 177981 360468 408378 275070 546169 265195 276345 810790 802764 345840 388401 177098 754756 578570 753851 196726 533857 466289 666691 278789 619685 176626 704067 692822 529056 632338 516228 89337 163872 276388 73340 491355 325565 464404 326867 266705 525124 639149 446343 767041 352454 399581 411118
334975 551091 636602 541842 777379 214398 313288 816445 263867 791699 156248 306163 822135 496358 779518 97837 639432 771867 537933 999999999 378016 846691 375426 713185 320723 164817 515431 525356 805518 60005 418130 460655 486126 603076 314325 715619 306777 499201 771944 946804 637993 482977 395745 121807 533837 503684 804653 214115 616528 441078 785564 356285 788468 105649 153385 671761 390016 648675 189082 276353 773243 581578 745555 361498 383592 407890 863832 401833 653087 306365 508835 400172 508971 504963 246886 612371 544498 809581 683176 351585 441525 77243 230870 157443 503144 575959 283096 593655 46893 861872 161903 529285 760881 78756 142647 540344 835293 886304 421015 529510
695153 347948 851332 851746 874419 592394 242527 705385 353245 909315 424160 593782 874116 650382 724652 282303 787616 819299 517412 378016 999999999 809857 437718 975063 71332 531956 452583 388544 753827 382540 770763 615025 801664 341562 206132 597927 259601 858801 661861 905055 595781 312787 708593 415394 167523 764828 893155 572189 477252 556941 951723 498434 911440 451838 414693 477136 550395 689791 293805 143942 792084 213538 587601 242628 759519 785831 854226 137917 522447 681500 815491 776364 358387 794299 560225 924379 327974 1033032 693941 726103 801164 443788 239002 222883 546727 646934 439153 590739 366639 770679 221380 279575 784057 300871 516533 211377 1115700 781465 668521 221657
870861 486020 545518 774736 293836 940500 603130 173258 586109 345640 999832 684111 198013 440240 87120 838240 398329 184067 314982 846691 809857 999999999 471281 697626 843055 967727 363208 423313 59237 903709 1189460 455872 772720 548329 631226 239343 595080 943292 190490 100640 219356 499741 742027 967093 774298 634297 279462 1019326 347184 431683 464342 508397 357710 946505 995137 400228 498838 224923 674572 716580 127555 785008 297231 579089 1076839 1058994 68559 673338 305892 1031246 753629 1001559 453994 704346 732236 810622 509224 629820 172835 957380 914398 828736 945984 830998 346235 302954 570630 253099 799806 120523 779243 565759 139378 839038 935425 688161 820230 152200 603907 654204
472763 308765 427430 505079 446214 491831 195354 454494 118221 475998 528908 289725 466543 217184 405459 373449 349977 412958 166990 375426 437718 471281 999999999 569967 440307 504032 169876 234678 430795 432554 741049 185034 470750 396036 231833 364133 178142 599049 412313 571481 265849 249760 395170 495915 495071 380265 468455 556781 294928 120569 514144 93707 477019 476136 524457 379067 136995 283191 210691 303540 404477 530963 412706 208563 648751 644123 490765 335235 317690 590107 470438 599166 239773 432575 309469 570968 318558 605541 310432 547787 551873 362363 498417 377200 131574 221336 111041 218229 328550 492310 325870 345199 393024 371859 472212 439697 716499 519444 291358 408435
457607 863148 162180 209686 415594 624013 748393 815958 623642 374756 839164 408107 519700 364834 705459 784333 307649 515027 621747 713185 975063 697626 569967 999999999 953851 707305 682827 777793 708782 763938 796912 388840 258699 953788 782707 789275 729421 396952 796487 752759 653742 813843 328001 806601 1060979 213759 440083 735130 794819 458370 263631 486364 362294 751649 841515 889835 435693 513957 685389 831137 570248 1099155 863403 773761 650127 604787 654001 897332 791107 656381 227255 538627 793234 212212 466632 179746 877551 139911 569317 527262 411036 642063 934386 825487 535034 470502 536488 590224 684793 801569 789612 911778 559134 770023 683948 1009565 147060 837212 308094 978389
646955 399131 838524 818426 884616 533868 251385 749553 342225 916173 354613 561198 892567 645187 759576 223121 786726 837717 540462 320723 71332 843055 440307 953851 999999999 468690 480932 428413 788706 318811 703240 608672 766500 403257 217486 641215 265495 811590 705124 940346 625541 355209 672934 347543 238438 741210 905206 506796 521178 555701 949859 489421 917319 387022 345095 530873 540475 706764 268598 136952 815193 283839 637516 264973 697945 726594 883340 186587 566156 619732 782580 720875 399455 765076 521571 891156 380923 1020542 716557 671850 753708 390830 167767 163293 558771 657249 423659 613104 315548 812523 174301 336977 806246 242144 455316 280634 1091371 825707 645792 287900
263653 712340 667233 510016 856112 92592 474563 956658 405574 860942 157932 334706 915887 573691 907898 251094 705111 869746 670914 164817 531956 967727 504032 707305 468690 999999999 659224 680503 932084 149879 253987 542487 454581 767135 478081 860311 466324 409771 913293 1065921 769792 643412 379906 139241 693022 517164 885371 53137 768390 542002 832369 460507 855538 84034 164750 829492 480098 756056 345713 440426 880691 740677 896453 523312 230406 264879 976280 566215 802261 152402 483539 276602 666472 495822 269181 572531 706869 823258 797969 239407 356934 142277 340539 309362 621699 678733 397873 718084 199533 996340 324325 693532 867541 233537 32354 703995 809108 1023238 456250 693992
642413 187237 525775 654058 446726 656111 240925 301305 253977 490598 659989 457389 427690 318866 282326 488623 408905 373694 73811 515431 452583 363208 169876 682827 480932 659224 999999999 99334 311036 567349 903287 300789 626048 277017 268054 201131 234523 764480 256574 462027 144635 160620 557496 629851 448941 518634 459725 712360 126766 233417 563468 255455 495899 620364 654051 216815 284303 251021 329774 353404 340809 472524 243335 216193 816730 813505 402625 320204 148035 755815 621396 769040 123028 579044 479342 714924 205933 688197 243939 717600 719127 517104 585164 473755 148648 235580 279303 143542 470068 351135 422835 253130 333662 492480 628349 372626 829170 372807 440382 337373
699474 87915 622491 736633 542139 690527 219266 322012 282062 587461 657821 522397 515161 412977 337136 480553 508129 462471 171857 525356 388544 423313 234678 777793 428413 680503 99334 999999999 366232 570957 931342 391656 704549 178063 234750 213513 220917 832517 277159 516931 218215 76441 629812 630854 359987 605602 553430 733171 96293 322511 662634 327716 593206 630834 650817 151530 364877 345547 336490 315431 423338 379486 223651 178612 857886 860343 472230 250969 139631 791791 702742 821407 30705 662724 534202 800251 106934 786967 330613 768703 783938 541338 554189 454029 246499 334833 332349 236479 483227 384110 406653 156888 417949 488110 651391 279349 924560 397989 522070 243985
849413 427230 552051 770007 319834 909515 551882 125220 542892 373260 957052 660423 233849 425166 29182 792316 403456 207172 268927 805518 753827 59237 430795 708782 788706 932084 311036 366232 999999999 861544 1159350 436292 763700 489097 578815 180430 544758 931058 134668 151640 170004 442661 726284 924904 715458 627577 310324 984240 288284 404093 488583 476250 384643 906923 952012 341447 472116 211036 629344 664093 145915 725857 240770 525769 1051274 1036027 122484 616843 246716 1002523 746662 980538 396843 697611 704933 810522 450421 651583 153568 934726 899085 791670 895804 782463 311487 284188 534213 214000 758746 92791 730953 506972 153982 794001 899915 629165 837156 128456 588651 595300
365228 590252 692842 586041 837365 221823 354494 868654 318774 851467 96834 359446 881905 556163 835200 105025 698910 831476 593226 60005 382540 903709 432554 763938 318811 149879 567349 570957 861544 999999999 392710 520555 529853 636076 350510 766340 350325 526428 823847 1004007 693222 523670 441901 63391 545079 556720 864656 190429 663925 500891 843910 416113 848150 70112 93510 714470 450007 707756 237960 300310 832151 592595 793063 401252 379616 410831 922090 425984 701878 301395 554251 412875 552689 553823 297575 655170 581867 863977 741407 368210 469673 121878 200204 160778 561320 635486 342581 650611 105642 915830 183025 561929 819876 89855 138672 560857 882363 939470 476729 553512
354281 965909 806107 587327 1038210 250118 728326 1195460 652329 1032652 352097 513871 1111853 767685 1137074 497656 880027 1071054 907242 418130 770763 1189460 741049 796912 703240 253987 903287 931342 1159350 392710 999999999 742496 542270 1021030 732020 1103327 719668 414327 1153335 1284540 1003679 896763 503795 355698 935964 651270 1068606 204286 1016934 757802 979921 683148 1025070 322702 361634 1081356 691091 969397 598733 691469 1091071 983166 1143813 777146 147072 196261 1189687 817449 1048860 160299 574391 259556 918552 605743 458710 628589 960741 930406 1016941 272326 387085 390005 553136 552593 848211 890367 630854 946928 453332 1229933 574345 947344 1077456 481596 280853 953460 861604 1258766 621555 945239
414995 475491 242422 359641 317494 498502 375684 506356 266633 331510 615151 230115 373780 37424 419548 493732 183445 329607 250374 460655 615025 455872 185034 388840 608672 542487 300789 391656 436292 520555 742496 999999999 339976 565839 411815 446030 357372 498570 473613 546188 314004 425004 291027 579961 680102 219619 345590 590244 421493 69634 342703 119952 328915 543089 613288 515425 72611 231174 350334 474941 349255 715783 512674 393277 623027 603375 448601 519626 427377 582503 329643 545716 405338 283933 284412 416414 489187 421009 284425 501723 463602 417109 636409 515266 161359 153061 192746 246139 417323 519848 468406 523000 335546 485949 510639 623433 535888 553314 155494 591401
199066 779056 278071 56333 545746 368026 605619 844283 475580 525506 595342 208656 638355 341280 750673 569954 391008 611961 586423 486126 801664 772720 470750 258699 766500 454581 626048 704549 763700 529853 542270 339976 999999999 864628 634480 785782 587319 175419 812993 851485 653830 717090 93587 564795 916744 140078 575807 478801 751767 397479 450335 377116 515573 507027 598827 842718 341795 552688 509233 661354 651560 960167 851069 642879 396791 355311 749380 753214 762947 398012 32128 288307 710485 73099 246282 126500 787519 388417 610277 270485 165589 410176 715817 619565 499238 482254 392798 585836 466946 851870 593334 807715 638111 553263 433802 882882 355479 886436 186852 856686
834415 90788 799836 900837 711348 795705 296843 405339 406790 758850 708818 670810 673063 589125 462119 533787 685896 623069 347914 603076 341562 548329 396036 953788 403257 767135 277017 178063 489097 636076 1021030 565839 864628 999999999 289084 310280 309185 979042 368412 629707 374074 147618 784021 688409 239984 775091 719897 817190 206786 496238 838840 489315 765371 703316 700406 155603 531894 515428 428071 339693 576798 240421 272488 248227 968292 978658 607258 222791 243429 896307 865895 947936 160566 828610 670864 966998 77495 965024 491900 894547 927087 638650 560763 490269 424530 511709 476930 406978 568670 476126 454428 74152 573764 546644 741774 152515 1100758 477411 687395 125951
565833 240204 651285 679839 669994 508944 36480 553600 161365 703777 430406 427227 675166 446353 549946 252290 581809 620304 323806 314325 206132 631226 231833 782707 217486 478081 268054 234750 578815 350510 732020 411815 634480 289084 999999999 445718 54444 721013 508240 730029 412196 175790 544799 406417 283023 577708 689640 528364 331037 351656 745976 298469 705682 416037 422741 367691 350424 489472 143930 85354 598034 325721 457391 56159 682116 695658 668396 118752 373710 608802 643416 670152 210925 615719 409951 751184 231364 832048 499396 616977 665708 351082 320906 219996 342779 442317 248666 396040 279701 611631 174877 215736 588933 262715 452745 252866 926413 628795 481707 232012
829403 256468 627110 804615 453454 855151 425820 108501 455094 506255 857533 640125 389930 450133 155226 683276 485463 348070 205206 715619 597927 239343 364133 789275 641215 860311 201131 213513 180430 766340 1103327 446030 785782 310280 445718 999999999 423714 938356 63982 319929 136333 286221 729024 828305 541971 662254 453194 913443 120676 390841 608749 438404 515642 820845 851214 161053 454306 280205 528380 528159 291807 549148 75973 389753 1012679 1006459 301581 460092 75483 954044 775499 958577 241798 729042 670171 857210 279164 760202 233078 908420 897543 718143 766431 662344 287413 320384 475171 203219 670628 173076 613131 335209 293049 688650 829363 454536 929135 184549 599716 421749
529952 246331 596971 631271 619344 487690 19000 529858 111793 651953 437054 381802 628361 391959 516309 260427 528018 573616 282778 306777 259601 595080 178142 729421 265495 466324 234523 220917 544758 350325 719668 357372 587319 309185 54444 423714 999999999 681312 484439 694883 375811 177108 499099 409941 333600 525758 639727 518158 315203 297526 692139 244393 653558 411631 430168 365040 296273 442364 121079 129003 554329 374776 444024 61366 659685 669475 628617 168874 355155 588757 594941 639725 202533 565703 369980 702078 242490 777644 455929 586340 627059 332076 351072 239767 293334 391832 197631 353316 266954 584193 189637 239255 544660 267331 438840 295868 873571 603761 430113 271335
164834 898917 450380 197620 721115 317477 697943 1004721 574090 699969 566445 310207 813578 505964 916339 594793 566256 786223 734601 499201 858801 943292 599049 396952 811590 409771 764480 832517 931058 526428 414327 498570 175419 979042 721013 938356 681312 999999999 970851 1024458 810698 832563 209343 542654 994040 314922 751132 414589 891234 547648 619568 509094 689787 482594 572396 977978 484711 720790 581804 728670 824091 1040079 999376 741251 269113 218072 922599 836725 907767 300779 201818 158416 833586 248338 311417 219709 903954 535897 777542 173598 57910 423579 725746 651856 651257 647340 503110 743526 496301 1017243 638754 915560 810520 576098 400475 973878 447524 1051185 343395 951877
869321 319299 635179 827915 436344 904098 487328 45444 509555 490013 916040 678994 361459 472942 115609 743010 489312 326016 247428 771944 661861 190490 412313 796487 705124 913293 256574 277159 134668 823847 1153335 473613 812993 368412 508240 63982 484439 970851 999999999 261954 160173 350191 761829 886225 603050 684557 431890 966358 184621 424392 598990 479997 500379 876726 909933 214916 490402 282532 586084 591186 266086 608452 106763 452438 1058203 1049620 256853 524046 139423 1001876 800499 999541 305676 752907 713232 876775 341768 756233 228380 950385 932496 771017 829118 723725 321218 335966 522924 227532 726429 109714 674064 397447 270187 747774 881980 515292 932592 120868 628952 483077
960396 574091 608916 848962 337800 1036374 702551 230793 686644 383840 1100217 775932 233725 527344 180780 938877 466560 242583 415527 946804 905055 100640 571481 752759 940346 1065921 462027 516931 151640 1004007 1284540 546188 851485 629707 730029 319929 694883 1024458 261954 999999999 319092 593259 827315 1067380 861367 711729 316035 1117231 435262 527178 503737 605781 396504 1046162 1095576 476870 593455 315688 775211 815353 200539 869058 365463 677257 1169025 1149274 102280 767821 391837 1125636 830395 1090418 547427 781217 826303 879307 597141 669744 268320 1047628 998582 927620 1045914 931361 445250 394763 669586 353449 899911 161014 879644 653600 214218 939668 1033586 774211 865556 176578 689605 741060
710725 295335 491569 670497 341094 753637 383781 196372 374472 391235 788264 520204 299711 315384 142503 622413 352075 249015 100060 637993 595781 219356 265849 653742 625541 769792 144635 218215 170004 693222 1003679 314004 653830 374074 412196 136333 375811 810698 160173 319092 999999999 292489 601656 756498 578047 527593 347116 822456 170055 264442 484575 323839 399138 740545 783042 255960 330960 151845 459698 497530 205594 595798 209662 360821 903301 892743 258480 461383 147572 849624 642211 841334 248298 595135 557004 721754 317831 630103 118157 792828 772416 628212 726822 612673 161777 184105 373482 68086 591407 226708 561089 372303 201047 624318 737897 496011 794635 255126 469110 460807
690439 69851 663512 753768 607184 662891 169744 394417 263197 650366 605881 523675 586367 450987 413572 427688 559596 532913 234086 482977 312787 499741 249760 813843 355209 643412 160620 76441 442661 523670 896763 425004 717090 147618 175790 286221 177108 832563 350191 593259 292489 999999999 636473 581124 288581 629847 620340 695152 165971 355527 718457 342489 655295 587084 598324 191912 386425 411640 298067 249959 496421 312146 285942 122454 833760 840811 548133 174962 210994 764217 718677 806910 45834 681984 525964 820457 71391 834114 401803 753631 781221 508582 488214 394989 296062 391453 329809 303750 443974 458352 350666 98498 490387 437336 615922 212544 960887 470587 540846 177506
149629 700534 302935 147220 544088 299815 517084 796218 387835 532798 512424 117573 627961 301913 710334 477467 384995 594677 525470 395745 708593 742027 395170 328001 672934 379906 557496 629812 726284 441901 503795 291027 93587 784021 544799 729024 499099 209343 761829 827315 601656 636473 999999999 480589 826162 147733 574667 410513 684205 338310 476288 303096 524419 424481 515211 772548 275742 517672 416818 568878 626982 870113 790440 556081 365252 333310 726574 663351 699372 349031 113174 269175 633269 115977 153032 219356 707531 444808 573285 235615 172802 320881 624304 526365 441925 442101 308090 534716 374609 810821 499753 724495 613235 461056 355994 794966 440462 844341 138120 769753
387540 646620 743860 621116 897265 226922 412984 931124 382087 910024 35259 407766 943655 615077 898526 154828 756535 893563 656522 121807 415394 967093 495915 806601 347543 139241 629851 630854 924904 63391 355698 579961 564795 688409 406417 828305 409941 542654 886225 1067380 756498 581124 480589 999999999 581451 603339 924866 164090 724543 562582 898606 477786 906365 60141 35195 772605 510176 770464 300141 349557 894991 628367 853610 458726 365365 403103 985254 473564 763088 288738 591037 415425 611680 594906 343573 688099 637187 911697 804574 376031 487699 169850 204466 201962 624493 697714 404886 713995 168349 978816 234083 614332 882654 143798 142284 604583 919733 1002231 527608 599920
833742 288288 922463 962724 894594 747145 314662 642222 444182 936377 591342 708712 874577 711643 687182 441929 835140 821346 521917 533837 167523 774298 495071 1060979 238438 693022 448941 359987 715458 545079 935964 680102 916744 239984 283023 541971 333600 994040 603050 861367 578047 288581 826162 581451 999999999 859274 908512 735474 427177 614226 997469 574616 940694 615007 581907 394581 625553 699828 412937 266536 783325 47742 511500 287522 917415 940351 828256 164765 469661 839982 926284 925433 330436 898681 686100 1034176 265079 1100189 689934 873693 937366 593148 405055 384301 575576 674477 531055 592296 515490 712194 372315 208570 777860 459675 675289 88039 1206033 715674 763713 120310
296990 686169 155230 143508 407753 442882 544736 713476 416754 390958 637038 197541 498694 212227 615924 571461 251438 471890 469942 503684 764828 634297 380265 213759 741210 517164 518634 605602 627577 556720 651270 219619 140078 775091 577708 662254 525758 314922 684557 711729 527593 629847 147733 603339 859274 999999999 438062 552167 640866 285220 328657 289487 381773 551249 638515 734429 243423 416737 473202 620973 512096 899504 730816 574520 511240 476296 609558 694620 646834 496709 119352 410412 616098 70110 259857 196803 697653 308506 474769 381449 297744 435426 721664 611808 380767 349801 329189 459622 473053 717040 575929 725357 498723 557569 490546 814083 350888 751996 96419 784718
720932 637232 308590 561798 30584 833861 654412 433993 581390 67919 959975 558397 83363 312199 319251 828912 189762 105930 386606 804653 893155 279462 468455 440083 905206 885371 459725 553430 310324 864656 1068606 345590 575807 719897 689640 453194 639727 751132 431890 316035 347116 620340 574667 924866 908512 438062 999999999 931421 517159 367855 188066 451042 80536 888676 957806 599861 414719 208708 673277 768441 166241 931917 527163 650962 937201 907859 223047 770945 491139 908820 549961 843752 580900 502797 620182 580666 658700 354382 229061 808790 735674 762666 963764 841701 346863 248070 526674 317133 760250 397122 791492 710309 161768 823362 853932 831838 549529 430702 447229 796491
281979 763868 704478 533011 901909 111125 525959 1009679 458704 905014 172664 376677 963989 620562 960222 294712 749219 918568 723716 214115 572189 1019326 556781 735130 506796 53137 712360 733171 984240 190429 204286 590244 478801 817190 528364 913443 518158 414589 966358 1117231 822456 695152 410513 164090 735474 552167 931421 999999999 821353 592258 872079 511520 899222 120485 181173 881869 529406 806401 397859 487401 930807 782959 949489 574565 203254 245250 1026893 613379 855346 129656 508978 269544 718827 525514 312257 591998 757974 855313 849099 241043 365476 195368 368500 351188 673520 728706 450076 770257 251205 1049062 370454 743392 917578 278106 84569 749995 830238 1076096 496925 741197
767593 139033 634628 778321 510844 772717 314715 228517 364660 560344 752181 583761 466976 435460 260093 575510 505817 417934 173486 616528 477252 347184 294928 794819 521178 768390 126766 96293 288284 663925 1016934 421493 751767 206786 331037 120676 315203 891234 184621 435262 170055 165971 684205 724543 427177 640866 517159 821353 999999999 356419 648971 382172 567826 722174 745354 95031 410361 318093 427482 411430 370223 438471 129144 274891 936797 935831 402897 339425 45197 873403 746225 893136 122489 702969 603640 837616 162192 786934 288132 841245 845675 627633 650270 550140 262186 329990 402050 214142 573247 293585 502412 218746 367551 582483 738524 341018 939656 304691 565537 307027
447931 405944 309840 421970 342568 509207 315208 460375 217844 365936 597290 257628 381075 97497 384002 461062 231209 331381 188983 441078 556941 431683 120569 458370 555701 542002 233417 322511 404093 500891 757802 69634 397479 496238 351656 390841 297526 547648 424392 527178 264442 355527 338310 562582 614226 285220 367855 592258 356419 999999999 394997 84798 365512 531821 594397 449428 68111 214145 307533 419923 338693 648887 453973 328781 647181 632720 434781 455570 365543 599643 390277 578979 335766 346557 301057 481638 419555 485968 259170 531802 508147 408125 597693 475606 103625 136976 159382 198995 395492 481656 426399 453639 325576 455624 509680 555510 605428 513530 210627 523108
625644 750321 174185 422353 170507 765608 709496 608049 608735 120158 933657 498116 271331 305532 492709 830948 164185 282037 491085 785564 951723 464342 514144 263631 949859 832369 563468 662634 488583 843910 979921 342703 450335 838840 745976 608749 692139 619568 598990 503737 484575 718457 476288 898606 997469 328657 188066 872079 648971 394997 999999999 462636 107605 853253 933358 739607 413973 332737 692885 814684 342822 1027576 684647 718776 839168 802238 410770 845025 631993 824917 420221 735611 685840 379528 564068 424291 769399 166341 375678 709522 615892 729240 976639 856434 422959 327933 534588 435228 746085 578809 810530 815058 334749 821413 803282 929702 362158 613375 376193 895242
391042 402428 353240 411554 424988 433265 263220 519347 147198 445219 512493 202814 465873 157133 453993 378817 302223 416017 233582 356285 498434 508397 93707 486364 489421 460507 255455 327716 476250 416113 683148 119952 377116 489315 298469 438404 244393 509094 479997 605781 323839 342489 303096 477786 574616 289487 451042 511520 382172 84798 462636 999999999 443812 447547 509616 469504 52054 296360 230737 356833 421352 613076 493774 287518 579468 569628 515917 411194 400369 527059 376795 520277 333473 339500 233350 477984 411889 534667 337582 470553 463845 324609 518575 396902 165156 220823 75789 264142 310764 548195 349213 436564 408462 372554 428153 525372 631688 578279 198424 495498
673159 679469 240798 496507 64815 797525 669593 506265 583289 12688 941622 522782 163730 292410 390827 821915 150665 177477 422115 788468 911440 357710 477019 362294 917319 855538 495899 593206 384643 848150 1025070 328915 515573 765371 705682 515642 653558 689787 500379 396504 399138 655295 524419 906365 940694 381773 80536 899222 567826 365512 107605 443812 999999999 866141 940231 654949 401184 250287 672732 780491 238807 967273 590936 671953 889487 857054 303194 795646 546206 866588 487971 791696 618828 442590 587018 509720 699915 273946 284284 760005 678641 740152 962187 840287 367336 266976 519209 358407 745833 473596 791637 748973 231953 814613 824889 867839 469058 507779 405426 832753
327587 654623 694923 563290 860409 167623 417362 921067 367650 870412 88316 358020 911827 577038 881393 174954 715667 863094 640574 105649 451838 946505 476136 751649 387022 84034 620364 630834 906923 70112 322702 543089 507027 703316 416037 820845 411631 482594 876726 1046162 740545 587084 424481 60141 615007 551249 888676 120485 722174 531821 853253 447547 866141 999999999 92214 776661 475441 743213 294711 369455 868204 662480 851203 465069 314171 348749 960816 495327 758683 236333 533854 357430 614066 539557 292666 629564 647179 859735 780549 316767 427564 126143 256681 230749 601164 668370 377781 693973 150301 965378 252138 629234 855512 159080 82491 630770 862347 990359 479316 622997
419375 662526 778986 655125 930380 255329 431901 955012 409230 943762 9575 442953 975414 648630 925336 170719 790584 924956 683250 153385 414693 995137 524457 841515 345095 164750 654051 650817 952012 93510 361634 613288 598827 700406 422741 851214 430168 572396 909933 1095576 783042 598324 515211 35195 581907 638515 957806 181173 745354 594397 933358 509616 940231 92214 999999999 790190 543094 800975 324506 360715 925240 628229 874179 476352 384383 424773 1014650 482489 784750 309412 625330 441132 630548 629725 378762 721687 652071 946884 833992 403815 518104 204917 191781 210453 653932 728944 436045 742131 199087 1004068 248297 626590 913027 162896 172244 610010 953969 1026808 562719 607357
848970 132659 729534 870779 595969 841767 359977 250145 433548 646829 797704 668754 543425 530193 316143 619515 599465 497480 268465 671761 477136 400228 379067 889835 530873 829492 216815 151530 341447 714470 1081356 515425 842718 155603 367691 161053 365040 977978 214916 476870 255960 191912 772548 772605 394581 734429 599861 881869 95031 449428 739607 469504 654949 776661 790190 999999999 500923 407194 484100 439310 445219 395891 116978 313959 1009409 1011697 462513 344287 108878 943086 838205 972061 163044 795657 683941 931032 149957 880333 371736 919518 930876 691467 675252 586419 356927 424055 481692 306661 631019 321184 542567 198680 444476 628885 800900 306605 1034583 321808 657196 276877
