NAME : synthetic_000521
TYPE : CTSP-D
DIMENSION : 100
GROUPS : 8
RELAXATION_LEVEL : 1
EDGE_WEIGHT_TYPE : EXPLICIT
EDGE_WEIGHT_FORMAT : FULL_MATRIX
EDGE_WEIGHT_SECTION
999999999 253526 1038884 606374 432779 250976 713381 583307 673250 714099 867132 457269 669128 928513 974834 972513 944750 553842 846667 890362 887475 1064408 380199 726768 967107 551636 289308 871465 299092 934327 856110 1180886 1127537 866911 1050032 1083418 1181207 586762 864087 668097 287028 816844 967060 490353 902191 200623 980134 631539 396090 872061 786313 904993 288378 940906 338811 271385 1001009 287979 968113 832878 769042 1065941 1062594 364074 232308 678982 1034543 884138 892186 1029853 997976 1194192 551369 596112 934428 1025505 1009460 1042669 1009399 1076352 407151 994855 212479 703800 573143 750538 1191360 738349 866932 1044286 501257 569700 875942 666642 732121 521091 397105 163348 825863 759687
253526 999999999 786461 534540 230307 74767 470309 344287 565765 464080 643023 418367 464147 675557 746143 735846 697393 309144 746752 698952 813580 812860 308618 491382 751845 316780 102155 797106 264750 784739 624476 941787 911148 676848 849553 831386 933773 344583 613498 436162 265789 690269 774381 299457 649348 173527 739238 446624 144250 658971 551612 663169 37586 715848 94005 61798 752461 129147 717877 592971 516621 841209 866275 116849 249685 451176 806453 679393 640260 776657 829471 950911 403931 368703 687541 772145 756529 804509 756328 832988 330358 751674 97769 493516 420434 506990 960139 602277 617399 790761 389574 480487 631754 414616 494572 311592 188904 94947 724571 517313
1038884 786461 999999999 871720 651670 795574 350534 525855 796003 327952 494991 903879 510874 112846 312644 245403 142667 528391 872717 529536 977499 38971 841548 369576 406396 511596 764391 967839 886070 723788 314718 281722 444510 533925 516627 46941 190062 512018 264099 424887 899986 772324 535967 632433 137904 915774 361112 583927 649996 560047 440875 218667 754033 340173 711677 784504 99829 779335 231127 389277 269874 358921 545335 686538 933007 516680 324007 463011 224163 129956 664216 246918 694566 491269 154069 116907 36971 233106 139229 181170 834056 175163 854391 478268 678964 397492 361271 723422 278095 87581 772738 823616 216150 372262 444883 642981 671387 875946 859844 400838
606374 534540 871720 999999999 363952 462419 548563 735728 102242 606385 1016257 152163 362420 799065 636595 676240 731650 690075 243148 438735 284504 875601 235186 510409 574347 447217 433135 268123 309584 377869 566637 859027 708420 418069 590979 899789 922208 723672 858998 466988 320137 241237 500809 317726 776105 684997 1032870 290215 570942 1058443 905889 659027 548407 594691 580939 594701 786338 405498 945877 917133 673889 690335 589541 583244 374066 848849 680120 476219 861295 939942 467955 898494 196710 425243 719675 928725 861205 739386 927869 801005 209428 735225 619920 393499 203533 831862 824989 199351 873341 926834 154000 60990 655647 606714 850159 778414 390735 525152 223720 845835
432779 230307 651670 363952 999999999 187783 303329 375123 364839 328455 667535 303020 239088 551311 543175 545627 536353 329287 540774 470396 620369 670036 207741 302975 535046 140266 146583 604296 235763 557457 426586 754651 695509 447904 624492 691791 768582 364503 550981 242535 249055 472572 546430 69812 524796 403813 711869 216320 211877 703917 559423 485490 224665 508440 236654 276156 594890 145064 650433 580580 395709 633269 639725 231636 282014 490462 602522 455609 564847 677522 599261 773080 190711 169290 524974 669468 628612 616539 660370 656621 211297 575979 328054 272050 202018 491352 759949 382975 561471 679083 210445 303341 461562 300901 501312 415344 41413 280460 518671 504814
250976 74767 795574 462419 187783 999999999 463221 392962 498602 468249 696357 343671 426871 687333 725197 721600 695760 353390 679708 656745 743292 819209 234221 475820 721928 300682 41379 726802 191289 728552 605697 929912 882293 633933 812117 839070 931899 390446 643881 417346 193469 627839 733100 252387 660703 230046 780868 399472 185147 716935 599792 654263 100718 692180 152851 136564 752666 58241 748165 636728 527034 817546 826971 169775 184327 504998 785142 643390 667234 797822 779246 943518 343154 345793 685205 792127 767846 791704 778318 825759 256493 744286 159185 459475 361454 548390 941382 541274 649737 807944 320736 409745 625759 424548 541455 376053 148987 92812 657616 559745
713381 470309 350534 548563 303329 463221 999999999 339030 490976 70246 521992 559166 194352 257985 291240 268479 234044 311256 613422 351627 715530 367068 491439 57032 327793 165399 427722 702562 536068 525559 171291 471757 472365 339790 450969 389186 469088 321176 319368 81637 550202 516058 406670 282215 232855 624781 496520 260888 355271 578339 415920 192862 444028 270915 415408 485115 292156 438196 398631 405555 128069 389634 475768 393420 585341 410335 350142 297592 315661 395010 513351 481212 357982 140968 223018 384771 330438 335276 381324 363261 484943 281785 553907 177323 346347 337359 496094 442805 335802 387968 431033 494169 162570 111330 374031 447401 327101 550821 595458 350496
583307 344287 525855 735728 375123 392962 339030 999999999 719462 283250 304477 673615 474203 415315 617463 577639 488929 45837 880324 682827 971882 560489 568773 391629 665544 307169 384567 956662 563785 838049 505380 752913 802466 667787 789938 572744 704509 17872 295464 371996 571254 794710 743332 418920 393917 417437 397010 509113 207917 332041 207514 491671 306728 604286 250512 312178 529705 413756 395074 249887 290144 714230 814792 227649 575052 116641 672130 634122 330384 476131 842187 742644 547145 354537 483441 475472 490237 631678 454375 633196 578969 561053 373503 479256 549784 168246 800129 708377 293863 501906 584134 674739 452684 228913 150331 119390 358267 437842 859354 176620
673250 565765 796003 102242 364839 498602 490976 719462 999999999 554337 984327 237612 297467 731523 544791 588730 654076 674865 181125 339101 255731 796762 293128 446368 477722 416851 463899 239802 374444 280357 484798 764594 607783 319245 489160 821009 833485 705684 808585 411268 387350 147691 399238 305066 710090 727648 984956 231143 576708 1031120 873693 579522 573253 503140 597229 622684 706571 440361 889260 878622 618816 593241 487369 595146 443583 827992 585356 380557 806631 873301 367272 806138 175220 383244 642334 861422 788531 649204 862855 712781 266141 650828 657730 322741 169765 797083 726992 97319 824137 856573 178680 106215 580376 563639 820525 776820 399079 572677 159015 811101
714099 464080 327952 606385 328455 468249 70246 283250 554337 999999999 451746 604607 260413 223326 334842 299863 235106 261464 681968 419488 783463 350975 528058 126879 383751 188854 436484 770246 564215 595615 222623 491370 519524 408548 510039 370892 470452 265464 254269 143354 577448 585234 471498 321175 196677 607087 430743 323220 335836 508244 345871 215973 433983 321105 397790 469932 288685 451540 339987 335542 69492 432333 535912 373911 607343 344888 390797 363102 254956 350708 581336 492650 412198 184827 226112 341988 302083 360325 334674 376012 524649 296771 539932 246376 402920 267431 526909 510429 269853 350637 480569 550071 178830 57947 305088 397101 344795 550767 663682 280468
867132 643023 494991 1016257 667535 696357 521992 304477 984327 451746 999999999 970144 704824 422519 723617 663762 542606 347364 1127758 865078 1226528 533744 868608 578378 799534 569924 689038 1212455 867766 1046758 644578 773950 898189 856540 927987 533068 682382 309827 245709 587899 875518 1033526 907923 699995 417926 681056 170896 757853 511885 65573 110678 585941 605954 728092 549253 602592 553487 718188 270115 121397 407732 805370 956276 528327 879259 191881 763165 803781 279520 382772 1025887 741908 821036 601489 544058 391124 460316 691289 364925 661835 876709 616281 654765 696161 818914 187979 846422 954367 227645 426163 870037 955830 550981 425469 166582 346626 656472 733793 1108433 174081
457269 418367 903879 152163 303020 343671 559166 673615 237612 604607 970144 999999999 400984 817124 710555 738616 770995 628080 395309 542138 430209 914124 111046 534316 663499 422682 322888 414199 167142 517407 620436 935931 810746 519302 702826 937720 982533 664421 845468 480235 174968 384945 612172 284950 791989 552911 1011555 330725 485251 1004791 862387 704551 439292 669215 481077 480131 828773 291998 940892 883064 674098 778441 705924 488895 225712 790031 761134 565641 854861 953087 600310 968802 214263 420737 758896 943330 887529 806708 938239 862179 95143 788942 493848 438149 234073 794122 914240 324912 857451 947099 132651 133345 692867 590421 804151 694970 315349 391654 375753 807652
669128 464147 510874 362420 239088 426871 194352 474203 297467 260413 704824 400984 999999999 436989 320870 339957 373181 434894 423214 236625 523577 517297 361336 149265 298618 177606 385652 510137 426684 364694 220083 543396 458765 215711 385877 541279 581948 457747 513485 117759 442319 328982 310844 179094 414521 636568 690520 73060 400308 757052 595594 304197 451396 282037 446580 501519 429883 381603 591903 592784 322420 403140 402131 432576 489716 568841 377146 216533 509765 578288 381471 571627 187068 121916 361083 566835 499074 409629 566925 462151 346480 387979 560638 38454 169307 517078 535066 250505 529653 564420 268343 312769 295737 279399 547221 560081 278713 519525 404319 530864
928513 675557 112846 799065 551311 687333 257985 415315 731523 223326 422519 817124 436989 999999999 315202 249823 124780 416162 827699 502919 932575 145370 747508 288777 402209 411194 657462 921522 786945 697821 273104 358711 479044 502315 525403 159504 290892 400968 177910 337590 800364 726983 525370 538655 26733 803010 318562 508851 537925 488004 351604 186762 642624 330237 599447 672232 132040 673868 189627 306818 160303 387010 554440 574234 830661 415249 346069 435899 143218 141813 652193 336532 613474 397968 129445 129945 80973 269135 132954 241845 742138 194829 742029 408845 600101 297911 425417 668057 195252 129983 688402 747303 164408 262830 346279 533407 568064 765948 812712 303370
974834 746143 312644 636595 543175 725197 291240 617463 544791 334842 723617 710555 320870 315202 999999999 67867 191136 596061 583131 229523 685698 295430 681618 256389 93978 429364 685727 678013 747364 417315 122437 225384 185178 240124 210320 317435 291005 599781 480051 310000 762957 486097 223959 493961 311207 908861 633718 383111 643266 787679 635435 137942 724159 41932 701645 768767 213255 688110 504325 602834 337301 98410 239386 680979 809278 665588 60319 169264 452377 431723 351900 261899 498472 379607 185759 417832 324912 106029 432633 173485 665552 137560 835679 282573 477233 565312 216783 456900 498752 396361 580203 601492 174882 391522 611214 731918 577732 817104 573553 575336
972513 735846 245403 676240 545627 721600 268479 577639 588730 299863 663762 738616 339957 249823 67867 999999999 125085 560217 640370 289332 744000 229980 700149 245822 161061 421421 683509 735598 761064 480928 121179 209032 235606 297049 277187 252646 246126 560277 418786 304628 776399 541720 290579 503240 247855 893113 568269 407987 623691 728387 579331 86158 711162 96547 683874 753284 145739 688997 438120 543774 290433 142841 306256 661870 819822 616802 99986 225132 389324 363875 418813 231851 524528 377380 121028 349983 257050 71053 364975 124854 686218 71096 821714 301778 504609 511899 228138 505220 437322 328586 606520 636854 125325 357765 558848 694579 577174 812010 629573 521148
944750 697393 142667 731650 536353 695760 234044 488929 654076 235106 542606 770995 373181 124780 191136 125085 999999999 479163 730985 392069 835882 144193 715636 239566 280434 399438 661134 825983 766259 587358 172127 264016 355895 394679 401450 168282 236528 472532 296918 298562 780807 630426 406634 508345 124740 842096 443185 446090 570925 607711 463402 76164 668304 209600 632895 705007 58821 672202 313249 424007 200307 263335 430519 608964 818043 511924 221820 324939 265611 245216 534588 258617 559086 369435 12113 231476 142521 151205 243738 144654 705987 75814 774973 339022 542326 400751 316460 580759 315157 215047 638823 685063 78160 290010 448821 608164 561127 781587 717778 408641
553842 309144 528391 690075 329287 353390 311256 45837 674865 261464 347364 628080 434894 416162 596061 560217 479163 999999999 837096 648798 927847 561399 523653 361351 639038 264698 342704 912543 520406 799439 480704 742724 780280 632928 761527 575301 701658 37584 313776 336780 528264 752589 711395 373518 393089 397525 430121 466932 168522 377082 246725 474996 271620 580270 216650 282695 523563 371277 416394 284245 278857 693756 785673 192456 533907 161957 652259 602462 345696 489595 806883 735932 502071 314078 472697 487673 493805 617443 468126 623813 533528 549016 347423 442038 505119 197906 785476 665695 314736 511927 538348 629089 436526 204575 188130 136282 312748 403704 815999 208183
846667 746752 872717 243148 540774 679708 613422 880324 181125 681968 1127758 395309 423214 827699 583131 640370 730985 837096 999999999 353906 105006 865734 468811 561134 497844 573316 644966 95300 547885 196590 559598 781456 589535 343536 461046 889467 871676 865409 931545 540792 559640 100797 384075 477073 809840 908572 1108560 372956 751762 1178901 1018139 654904 753553 545235 775651 803298 775969 621467 1001208 1015913 739840 603107 448617 772280 614809 983849 608197 415356 923303 967697 297031 831042 350140 530596 720283 954771 872424 688467 960609 756571 441906 709417 838848 436126 339793 939851 725356 173668 948513 943980 359411 277806 665907 702312 968327 946719 576852 752784 22223 953700
890362 698952 529536 438735 470396 656745 351627 682827 339101 419488 865078 542138 236625 502919 229523 289332 392069 648798 353906 999999999 456178 518242 543747 295140 145316 408969 615377 448602 621102 195414 230931 433232 270361 23752 163243 541388 517991 665309 638320 312163 636719 258363 76710 404417 490059 872024 809066 258990 635288 924469 763041 318486 687583 192991 683006 737940 430414 607218 688557 745006 457391 257096 172524 668447 689999 761692 256153 67245 620538 636302 161848 479947 351193 351052 382681 622733 534427 334577 632700 402795 521923 359795 796035 214200 328011 685503 388703 243657 656789 607039 424489 416868 338926 461583 724522 780880 511258 748378 345086 698051
887475 813580 977499 284504 620369 743292 715530 971882 255731 783463 1226528 430209 523577 932575 685698 744000 835882 927847 105006 456178 999999999 970140 519629 664085 598762 666213 711461 16492 593317 284891 664579 879367 681200 446954 552539 993810 972829 957536 1034327 641336 603182 205797 480736 560576 914570 968500 1211462 469120 832237 1276370 1116472 759824 824087 648437 851008 872316 880522 685522 1105326 1116145 842540 701117 537343 849892 655708 1077974 708453 518868 1026872 1072667 381652 930188 430908 626622 825213 1059754 977396 790554 1065502 858921 493659 813400 901930 538522 424198 1038552 819640 273094 1051111 1048978 424337 333567 770905 801543 1065527 1032336 653817 809275 120488 1052471
1064408 812860 38971 875601 670036 819209 367068 560489 796762 350975 533744 914124 517297 145370 295430 229980 144193 561399 865734 518242 970140 999999999 855719 380684 389362 530626 786973 961016 903053 710855 312401 244573 415624 524283 494283 24248 151279 546276 302813 438024 917246 765875 519372 647189 168584 945714 397801 590243 678274 598732 479677 217252 781141 326332 740191 813039 90517 800757 268789 428236 296838 332841 522655 715234 951956 554342 300363 452660 262974 164154 647111 208221 702873 506625 156265 151827 75435 207721 175526 150005 847112 158904 883077 483209 686346 435319 326024 720947 316966 119677 782219 829253 221712 398254 482907 678233 691565 901192 853680 438949
380199 308618 841548 235186 207741 234221 491439 568773 293128 528058 868608 111046 361336 747508 681618 700149 715636 523653 468811 543747 519629 855719 999999999 476071 648232 340228 211931 503220 82568 558393 579226 904732 803440 520051 706990 878598 938120 560542 758374 417720 96887 437040 618472 209225 721512 450664 919405 300354 375892 900725 762371 654938 328499 641914 370076 370241 774339 181223 857014 786499 596936 759288 714565 378254 153272 685411 736526 554161 771185 878766 629480 931995 192721 350473 703714 869950 821807 770397 862532 820240 27006 743059 387884 399790 215899 696832 893510 361266 769092 876951 124866 191007 637942 506287 703645 585136 212228 290205 447546 710066
726768 491382 369576 510409 302975 475820 57032 391629 446368 126879 578378 534316 149265 288777 256389 245822 239566 361351 561134 295140 664085 380684 476071 999999999 280834 175681 437964 651498 528061 468736 133967 454180 431520 282912 400482 403996 466641 373858 370412 60540 542847 462798 352001 269293 265711 652530 547447 220233 387513 635124 472745 182730 468264 230360 445364 512424 298282 444501 444046 461230 178788 353563 424348 425002 582256 466556 316578 242752 363375 429552 456720 470295 326032 133689 227649 418322 354364 315918 417821 353647 466643 273107 579611 126061 311743 394256 468780 392349 387449 417371 403270 458607 162014 166588 431058 496729 332447 566216 543715 407335
967107 751845 406396 574347 535046 721928 327793 665544 477722 383751 799534 663499 298618 402209 93978 161061 280434 639038 497844 145316 598762 389362 648232 280834 999999999 439229 681155 591929 719792 325373 161658 288581 160470 160735 128883 411240 374071 647674 559548 322991 735546 403526 130012 477669 395346 920329 719406 348554 663307 862442 706153 217466 733894 72401 718287 781346 306798 679196 591832 678162 400477 116095 156805 699770 785336 725553 110841 98587 534773 523821 257938 334632 458068 383977 273623 509950 417594 193243 523775 262005 629426 231457 845385 263308 435499 632774 251585 384956 578354 489460 537579 545696 249276 436632 676749 775191 572941 814725 489835 643794
551636 316780 511596 447217 140266 300682 165399 307169 416851 188854 569924 422682 177606 411194 429364 421421 399438 264698 573316 408969 666213 530626 340228 175681 439229 999999999 263717 651256 375753 540249 307848 629348 596807 389703 545791 552125 633988 292099 422865 119393 389233 487891 479714 138008 384734 481744 591218 202238 227453 614742 459324 353904 295754 399479 279582 342284 457523 272941 518653 470201 257062 524665 565615 262334 421498 411843 489673 376310 432620 539126 558675 643142 251215 57998 388367 530671 488346 491224 522544 525556 338448 444180 407459 194769 249284 384671 643787 401214 435163 539366 306486 387352 326746 167768 404676 384191 161709 390596 552472 398654
289308 102155 764391 433135 146583 41379 427722 384567 463899 436484 689038 322888 385652 657462 685727 683509 661134 342704 644966 615377 711461 786973 211931 437964 681155 263717 999999999 694990 182941 688954 566803 892135 841567 592579 770785 807271 896795 380223 622616 378940 188422 590390 691725 211047 630755 268060 765358 358244 178191 713208 589261 617620 116816 652276 159797 161566 718495 31661 726438 623114 497302 777543 785597 171408 191607 499117 745553 602149 644147 771569 738501 906846 304730 306807 650386 765364 737566 753854 752491 789271 231741 707880 195049 418477 322391 533834 902140 503155 629466 779934 287421 378516 589996 395345 530420 380475 108418 133878 622805 545744
871465 797106 967839 268123 604296 726802 702562 956662 239802 770246 1212455 414199 510137 921522 678013 735598 825983 912543 95300 448602 16492 961016 503220 651498 591929 651256 694990 999999999 577056 281562 654409 873899 677732 438676 549011 984758 965958 942388 1021566 627874 586982 195557 475521 544765 903257 952023 1198732 454804 816152 1262010 1102317 749868 807664 640340 834705 855864 871219 669035 1093347 1102462 829781 695554 534560 833672 639621 1063071 701961 510536 1014526 1061876 379581 924232 415016 612161 815223 1049025 967235 783163 1054472 851386 477227 804706 885438 525755 408561 1024492 815435 259827 1038264 1038653 407892 317075 760311 787667 1051145 1016539 637613 792825 108812 1038425
299092 264750 886070 309584 235763 191289 536068 563785 374444 564215 867766 167142 426684 786945 747364 761064 766259 520406 547885 621102 593317 903053 82568 528061 719792 375753 182941 577056 999999999 640935 639907 968025 876912 597353 784167 925254 994105 557961 780064 468048 15758 519229 696533 259184 760470 386713 933309 371347 360134 894407 765218 709908 291715 708717 340952 325884 825067 151818 881573 794954 631335 828684 792782 354148 70843 679513 803801 627729 796708 912898 711252 992289 270305 396940 754574 905016 863821 831900 895480 878358 109027 799460 330782 464839 293401 705013 961603 443825 789132 914846 207087 270618 689684 535037 706163 563131 225240 225733 526946 717619
934327 784739 723788 377869 557457 728552 525559 838049 280357 595615 1046758 517407 364694 697821 417315 480928 587358 799439 196590 195414 284891 710855 558393 468736 325373 540249 688954 281562 640935 999999999 425030 597258 396324 195995 267648 733566 696384 821307 827490 469377 655192 137737 199754 487696 684247 956523 1000558 347165 752732 1103859 941467 513891 782054 384530 790393 833539 624267 672547 882235 928453 641514 419860 253122 780813 711657 928059 431490 262656 811970 831715 100679 649656 387034 486352 578058 818145 729594 518514 828027 587265 532337 551959 881972 359711 367436 862914 535029 197188 845679 802224 434189 384420 533541 630026 898592 924228 598295 813700 197973 876049
856110 624476 314718 566637 426586 605697 171291 505380 484798 222623 644578 620436 220083 273104 122437 121179 172127 480704 559598 230931 664579 312401 579226 133967 161658 307848 566803 654409 639907 425030 999999999 329019 301079 229270 289499 336622 362097 487536 410510 188805 655255 458894 263794 382350 259266 786485 578835 289877 520972 706292 547854 96058 601998 99724 579219 646383 221979 570804 457634 523334 240470 220009 316404 558627 698967 563964 182612 164725 390615 409834 385836 352853 406178 259999 161052 396595 312832 192012 404532 242068 565667 169501 713443 182359 387024 473132 336051 408971 429191 384461 487944 523676 108697 276800 516269 616980 459477 697080 546012 484558
1180886 941787 281722 859027 754651 929912 471757 752913 764594 491370 773950 935931 543396 358711 225384 209032 264016 742724 781456 433232 879367 244573 904732 454180 288581 629348 892135 873899 968025 597258 329019 999999999 219857 449315 336782 252329 125539 736547 534490 513461 983473 690111 398672 711276 371769 1095265 642373 607804 824282 839375 710064 279222 915773 266899 885462 956162 228378 897976 512848 663083 463999 178369 359692 862560 1027867 770574 179242 384099 496733 408136 510913 58027 723569 586347 270040 396176 314399 138299 420099 120014 889480 194748 1025336 504942 702483 655348 89961 673142 550668 363045 805401 825923 313397 548518 703816 872175 786097 1019812 775092 661526
1127537 911148 444510 708420 695509 882293 472365 802466 607783 519524 898189 810746 458765 479044 185178 235606 355895 780280 589535 270361 681200 415624 803440 431520 160470 596807 841567 677732 876912 396324 301079 219857 999999999 292281 128722 431921 339429 784753 652641 478825 892668 507381 210858 637858 480602 1078518 793843 505753 818201 963094 814937 318964 892296 201677 874588 939057 356107 839648 661961 778775 521678 92911 145784 855240 943392 849789 135620 249326 621353 573508 302068 277502 611536 542634 354131 559972 467347 213382 579435 265895 783503 284577 1003941 423748 588575 747064 142263 511042 670972 532084 688961 687075 357458 575726 793684 916353 733308 975077 586716 756521
866911 676848 533925 418069 447904 633933 339790 667787 319245 408548 856540 519302 215711 502315 240124 297049 394679 632928 343536 23752 446954 524283 520051 282912 160735 389703 592579 438676 597353 195995 229270 449315 292281 999999999 186944 547719 530357 650373 632790 296167 612972 245973 100182 381556 488349 850053 804983 235696 615333 915225 753376 319948 665967 201705 662291 716472 435494 584109 686241 737014 449327 274761 196185 648111 666247 748939 271017 71918 616366 637601 174563 494653 327472 331943 384844 624155 537199 345955 633196 413577 498289 366687 774063 195182 304288 675452 407781 224863 651120 609677 401000 394805 337922 448711 713576 764147 488870 725427 333484 688190
1050032 849553 516627 590979 624492 812117 450969 789938 489160 510039 927987 702826 385877 525403 210320 277187 401450 761527 461046 163243 552539 494283 706990 400482 128883 545791 770785 549011 784167 267648 289499 336782 128722 186944 999999999 514076 446837 772073 686974 435319 799805 380857 90796 561070 520501 1021175 843794 418903 772914 991083 835032 343833 835114 199912 824922 884288 419383 764717 714639 806657 529186 167683 29075 808126 852843 853289 194117 170389 661027 639853 175066 392174 514411 488428 395971 625972 532463 287240 641838 352205 685121 342997 945424 356310 491226 761595 268285 391845 705764 602572 587408 574913 377188 561343 805403 897167 664499 904498 458671 772655
1083418 831386 46941 899789 691791 839070 389186 572744 821009 370892 533068 937720 541279 159504 317435 252646 168282 575301 889467 541388 993810 24248 878598 403996 411240 552125 807271 984758 925254 733566 336622 252329 431921 547719 514076 999999999 149315 558943 307574 460994 939373 789689 541233 669894 184108 962100 391892 614249 695710 597622 483671 241500 799277 349137 757493 830338 114692 821511 265294 430734 314835 351103 542264 732418 973587 562030 319968 476019 267317 156582 668726 211502 726695 529138 180334 145355 82915 226927 170459 166105 870220 181702 900290 507302 710267 442707 336518 745105 320739 111242 805906 853339 245608 416852 489774 689750 712741 920320 877514 445619
1181207 933773 190062 922208 768582 931899 469088 704509 833485 470452 682382 982533 581948 290892 291005 246126 236528 701658 871676 517991 972829 151279 938120 466641 374071 633988 896795 965958 994105 696384 362097 125539 339429 530357 446837 149315 999999999 689509 454091 527101 1009047 776040 496766 734932 310743 1076082 538677 651915 805549 746897 630931 284210 904330 331631 867640 940075 181950 906910 414133 579100 427317 280089 472102 843361 1048876 704446 265019 460149 414219 303603 616868 70997 768272 599807 246782 293330 226714 185077 318976 121272 925933 195064 1010155 544430 748983 585764 215480 747440 468151 258486 850033 882905 307362 523596 633588 823289 795293 1018084 863061 589763
586762 344583 512018 723672 364503 390446 321176 17872 705684 265464 309827 664421 457747 400968 599781 560277 472532 37584 865409 665309 957536 546276 560542 373858 647674 292099 380223 942388 557961 821307 487536 736547 784753 650373 772073 558943 689509 999999999 286257 354726 565844 779200 725616 406382 379159 424857 394911 493720 205376 340407 209408 474359 307002 586471 251381 315377 513963 408851 387225 248390 273337 696624 796941 227735 571347 125961 654565 616396 320147 465449 824812 726881 533999 338535 466888 464371 476636 614694 443768 616927 570045 544345 378347 462287 536135 163782 783127 693175 285666 490140 572672 662688 435411 211043 151031 135646 349220 438784 844525 173262
864087 613498 264099 858998 550981 643881 319368 295464 808585 254269 245709 845468 513485 177910 480051 418786 296918 313776 931545 638320 1034327 302813 758374 370412 559548 422865 622616 1021566 780064 827490 410510 534490 652641 632790 686974 307574 454091 286257 999999999 397398 791295 833049 673839 560842 172218 710727 177184 577485 469258 310927 176997 343294 576961 487391 525288 594590 309808 645657 104468 128972 191789 559887 715614 500017 810452 258289 517843 573996 40394 183689 796114 507581 663361 434190 298573 185325 227379 445820 161860 419276 759353 370666 660761 495821 655513 140013 603251 761971 18807 215962 727337 801632 310326 255436 184480 402349 554930 708231 914035 140351
668097 436162 424887 466988 242535 417346 81637 371996 411268 143354 587899 480235 117759 337590 310000 304628 298562 336780 540792 312163 641336 438024 417720 60540 322991 119393 378940 627874 468048 469377 188805 513461 478825 296167 435319 460994 527101 354726 397398 999999999 482749 445651 376954 209787 313044 600425 574070 180367 340317 641139 479194 243268 414832 280320 395812 460610 357377 384629 479577 475122 207942 405357 457080 376868 521775 458694 370301 269348 395909 475968 470322 530584 276633 73264 286772 465482 407372 375165 462639 414112 409321 333642 526511 110151 264725 400493 524855 368262 413165 467397 350826 412545 221641 163158 432314 468881 272663 508412 522025 414179
287028 265789 899986 320137 249055 193469 550202 571254 387350 577448 875518 174968 442319 800364 762957 776399 780807 528264 559640 636719 603182 917246 96887 542847 735546 389233 188422 586982 15758 655192 655255 983473 892668 612972 799805 939373 1009047 565844 791295 482749 999999999 532670 712102 274197 773851 381568 943322 387105 366394 901209 773671 724839 294181 724356 344731 326351 839603 157918 893117 804256 644299 844398 808343 358862 56538 686627 819450 643481 808437 925641 726136 1007549 285832 411408 769147 917874 877483 847259 908088 893483 122909 814475 327891 480453 308946 714369 977272 458029 800130 928030 221699 282915 704360 547450 714633 567527 236924 221287 538847 726865
816844 690269 772324 241237 472572 627839 516058 794710 147691 585234 1033526 384945 328982 726983 486097 541720 630426 752589 100797 258363 205797 765875 437040 462798 403526 487891 590390 195557 519229 137737 458894 690111 507381 245973 380857 789689 776040 779200 833049 445651 532670 999999999 297547 405246 709263 857866 1009856 285666 679701 1086032 924523 554312 692824 447350 709226 743714 675926 570121 901239 920186 641581 512351 372606 703321 589137 895010 514341 317310 823944 866908 233353 738008 286425 441484 619670 853977 771726 591893 859876 659540 410268 610210 785427 338871 271337 845941 638830 89757 850211 843228 316464 253815 565110 608282 876062 867552 511194 707622 87893 859689
967060 774381 535967 500809 546430 733100 406670 743332 399238 471498 907923 612172 310844 525370 223959 290579 406634 711395 384075 76710 480736 519372 618472 352001 130012 479714 691725 475521 696533 199754 263794 398672 210858 100182 90796 541233 496766 725616 673839 376954 712102 297547 999999999 480860 515988 947201 839373 335696 706911 969085 809375 338651 762240 197239 756055 812321 436219 683832 714326 786825 501568 220605 96276 740783 765730 816214 232130 109250 652294 651424 128335 450238 426312 421728 398866 637598 546000 320949 650356 389469 596146 361289 871232 285660 403170 733232 341778 302006 692575 618210 497880 484119 365754 517934 774454 845201 587147 824862 379285 745207
490353 299457 632433 317726 69812 252387 282215 418920 305066 321175 699995 284950 179094 538655 493961 503240 508345 373518 477073 404417 560576 647189 209225 269293 477669 138008 211047 544765 259184 487696 382350 711276 637858 381556 561070 669894 734932 406382 560842 209787 274197 405246 480860 999999999 512801 472808 728812 147664 275124 740938 590065 450750 294476 457116 304821 345966 567157 203669 655958 605005 390544 580373 575135 298098 316617 531238 552106 393903 569923 671411 530047 733816 130002 141250 496541 662228 612595 574246 655767 619349 203731 540285 397222 214928 137324 517782 710206 315496 573167 668310 170459 256839 431223 305570 533536 471775 110979 344008 455140 531632
902191 649348 137904 776105 524796 660703 232855 393917 710090 196677 417926 791989 414521 26733 311207 247855 124740 393089 809840 490059 914570 168584 721512 265711 395346 384734 630755 903257 760470 684247 259266 371769 480602 488349 520501 184108 310743 379159 172218 313044 773851 709263 515988 512801 999999999 777994 324104 485944 512181 483102 341456 178068 616575 322996 573811 646629 143421 647135 198790 299850 133673 387956 549430 548654 803991 399292 346166 423405 141472 163841 641854 352996 589350 372333 126954 152749 107309 274077 152796 253108 716385 198692 716499 387364 576359 283601 434652 648476 190420 155516 663698 723791 151330 236248 332067 512560 541376 739543 794459 290049
200623 173527 915774 684997 403813 230046 624781 417437 727648 607087 681056 552911 636568 803010 908861 893113 842096 397525 908572 872024 968500 945714 450664 652530 920329 481744 268060 952023 386713 956523 786485 1095265 1078518 850053 1021175 962100 1076082 424857 710727 600425 381568 857866 947201 472808 777994 999999999 807116 620116 271371 680277 609596 816157 186489 880693 209821 140112 894194 287992 812064 660800 650148 1005414 1038486 233198 343221 498907 969094 850823 743218 886789 1002854 1099567 572725 536357 833198 884443 883092 959873 865420 982423 475728 902086 75991 664866 590428 585029 1119947 771069 710522 907451 549166 635499 782222 552566 559466 335405 362419 161262 886561 592270
980134 739238 361112 1032870 711869 780868 496520 397010 984956 430743 170896 1011555 690520 318562 633718 568269 443185 430121 1108560 809066 1211462 397801 919405 547447 719406 591218 765358 1198732 933309 1000558 578835 642373 793843 804983 843794 391892 538677 394911 177184 574070 943322 1009856 839373 728812 324104 807116 999999999 753814 597720 225421 198267 502164 701690 647083 646283 709177 438191 791326 132067 147266 368953 703082 872803 622456 956536 309986 663165 743496 188618 235417 964179 603356 836535 607633 447969 246613 331099 580913 222276 539506 922681 509756 769318 672979 829724 232656 722106 939155 160911 280766 897542 974733 473645 426428 248413 474651 710571 833644 1091140 221939
631539 446624 583927 290215 216320 399472 260888 509113 231143 323220 757853 330725 73060 508851 383111 407987 446090 466932 372956 258990 469120 590243 300354 220233 348554 202238 358244 454804 371347 347165 289877 607804 505753 235696 418903 614249 651915 493720 577485 180367 387105 285666 335696 147664 485944 620116 753814 999999999 405611 807250 647589 376443 439636 342666 444077 490974 502569 348611 659516 649445 388244 458934 431059 433803 437684 610968 436752 256958 576202 649785 383066 638722 116541 157726 433999 638523 571907 476531 637929 531460 282928 458869 544374 108090 97218 569958 593291 199740 592996 636808 198541 239757 368753 334110 596411 583866 257730 490322 352656 583922
396090 144250 649996 570942 211877 185147 355271 207917 576708 335836 511885 485251 400308 537925 643266 623691 570925 168522 751762 635288 832237 678274 375892 387513 663307 227453 178191 816152 360134 752732 520972 824282 818201 615333 772914 695710 805549 205376 469258 340317 366394 679701 706911 275124 512181 271371 597720 405611 999999999 535021 414660 545394 107871 617730 62114 134841 623598 208509 573628 452539 381534 740935 793013 38279 367378 321224 703136 603718 496332 633967 780950 828203 402224 285317 561923 629880 618738 689532 613410 711061 390316 630804 204961 421419 412062 365074 851343 589976 473184 649609 417098 511327 511041 282033 356407 209973 180356 239089 729738 375972
872061 658971 560047 1058443 703917 716935 578339 332041 1031120 508244 65573 1004791 757052 488004 787679 728387 607711 377082 1178901 924469 1276370 598732 900725 635124 862442 614742 713208 1262010 894407 1103859 706292 839375 963094 915225 991083 597622 746897 340407 310927 641139 901209 1086032 969085 740938 483102 680277 225421 807250 535021 999999999 162453 649854 622713 791286 566419 613992 619048 743301 333630 184846 467827 870236 1019242 547310 901066 215440 827935 864060 345065 446091 1085729 806942 864776 649900 608985 454868 525563 756663 428758 727405 910453 681583 661084 750375 863980 241196 911995 1005261 292989 489943 909857 997678 614446 478016 210879 352294 689627 746792 1159193 227877
786313 551612 440875 905889 559423 599792 415920 207514 873693 345871 110678 862387 595594 351604 635435 579331 463402 246725 1018139 763041 1116472 479677 762371 472745 706153 459324 589261 1102317 765218 941467 547854 710064 814937 753376 835032 483671 630931 209408 176997 479194 773671 924523 809375 590065 341456 609596 198267 647589 414660 162453 999999999 497654 514090 635957 457695 516807 483376 617447 241632 59385 307863 722123 862810 435118 780600 111740 679317 703428 216713 347989 924555 684429 710483 490976 463012 352887 404267 614450 327241 593338 769542 538892 574417 588159 708253 78799 776032 844620 162938 386244 760302 845543 460757 316245 59057 276387 550166 644711 998664 65428
904993 663169 218667 659027 485490 654263 192862 491671 579522 215973 585941 704551 304197 186762 137942 86158 76164 474996 654904 318486 759824 217252 654938 182730 217466 353904 617620 749868 709908 513891 96058 279222 318964 319948 343833 241500 284210 474359 343294 243268 724839 554312 338651 450750 178068 816157 502164 376443 545394 649854 497654 999999999 636686 145067 606391 676954 127352 625809 375763 465017 204369 227046 372584 583670 764916 531400 184079 251241 317415 317860 465465 289265 491168 316299 65406 304336 217892 144708 314374 171685 643645 90531 746117 268505 473404 428332 311017 504949 362064 290073 571959 613946 39173 273893 474756 608904 513795 742928 641630 438058
288378 37586 754033 548407 224665 100718 444028 306728 573253 433983 605954 439292 451396 642624 724159 711162 668304 271620 753553 687583 824087 781141 328499 468264 733894 295754 116816 807664 291715 782054 601998 915773 892296 665967 835114 799277 904330 307002 576961 414832 294181 692824 762240 294476 616575 186489 701690 439636 107871 622713 514090 636686 999999999 695137 56706 51491 722662 147299 681273 555391 484456 820154 852797 79267 282431 414078 784463 664728 604203 741487 822560 923277 406703 349918 658708 737212 723577 779101 721021 805491 348557 724405 111705 478844 421660 469493 936774 603952 580608 756390 399872 492540 604331 383051 457001 277173 183775 132200 731332 479773
940906 715848 340173 594691 508440 692180 270915 604286 503140 321105 728092 669215 282037 330237 41932 96547 209600 580270 545235 192991 648437 326332 641914 230360 72401 399479 652276 640340 708717 384530 99724 266899 201677 201705 199912 349137 331631 586471 487391 280320 724356 447350 197239 457116 322996 880693 647083 342666 617730 791286 635957 145067 695137 999999999 674980 740787 240371 653503 519813 606781 332089 125499 228346 655059 771392 659116 95163 130042 462386 454187 325454 303812 457588 347681 202233 440359 348905 146592 453323 212724 625425 167456 806824 244003 436174 563492 253262 415843 506193 421251 539185 559607 177308 376103 608167 716527 543979 784479 535042 574211
338811 94005 711677 580939 236654 152851 415408 250512 597229 397790 549253 481077 446580 599447 701645 683874 632895 216650 775651 683006 851008 740191 370076 445364 718287 279582 159797 834705 340952 790393 579219 885462 874588 662291 824922 757493 867640 251381 525288 395812 344731 709226 756055 304821 573811 209821 646283 444077 62114 566419 457695 606391 56706 674980 999999999 72851 685690 191441 629305 499689 443523 798904 844103 25522 336729 357375 761708 654946 553809 693116 824333 889968 425842 336524 623830 689400 680177 750255 672349 772707 388011 692290 142913 470544 438430 414499 911160 619617 528181 709838 429130 523138 572405 344144 400841 223236 198876 187439 753465 424491
271385 61798 784504 594701 276156 136564 485115 312178 622684 469932 602592 480131 501519 672232 768767 753284 705007 282695 803298 737940 872316 813039 370241 512424 781346 342284 161566 855864 325884 833539 646383 956162 939057 716472 884288 830338 940075 315377 594590 460610 326351 743714 812321 345966 646629 140112 709177 490974 134841 613992 516807 676954 51491 740787 72851 999999999 758135 190038 698163 561992 516351 865402 902357 98005 306877 411865 828994 713915 624128 764513 873813 961630 457427 397599 695812 761052 752930 820348 743609 844182 391699 763526 70132 528231 472698 479156 979928 654985 596697 781944 447988 539845 643511 416738 461629 262642 235252 133197 781084 488370
