NAME : synthetic_000646
TYPE : CTSP-D
DIMENSION : 100
GROUPS : 8
RELAXATION_LEVEL : 1
EDGE_WEIGHT_TYPE : EXPLICIT
EDGE_WEIGHT_FORMAT : FULL_MATRIX
EDGE_WEIGHT_SECTION
999999999 248860 792541 333142 396218 742329 640697 112208 699217 775642 730753 447105 235790 146404 396534 583662 90423 257652 733639 219041 257729 314313 988236 312197 171701 669433 680663 738058 685341 206041 828778 289815 865771 161698 415251 95095 290591 262728 140517 798473 946098 674561 513238 272703 753703 170023 295395 569299 180053 610336 454043 1056663 445808 987769 626993 109994 308068 188499 609607 153995 650476 462193 841071 747172 884315 491287 182973 837911 626465 897878 699307 978807 644023 410158 592143 600944 179138 42551 675187 845811 43393 414243 640874 505459 621046 701639 387878 124399 276498 385023 128616 726312 510280 280918 613877 379744 331852 683106 497166 414014
248860 999999999 581640 214411 235548 495326 399063 181994 524470 816053 485461 497510 350234 358313 366255 520048 213140 81756 711397 409688 90926 318432 829885 98344 163709 704816 685535 810070 490248 94017 727670 80958 664670 317335 489486 192099 213614 20373 130275 562022 800703 653298 265591 65068 514151 387193 140213 380132 415426 388792 400299 894593 216284 793858 517080 358710 221122 412909 458479 345053 621834 225392 690794 709648 770775 286062 412349 626452 394345 700452 454386 833990 405758 228658 345074 352992 246025 290130 446020 687060 233808 222504 496251 594597 577216 661206 231410 137549 190103 447322 344156 478845 313909 188148 417457 140578 336453 434246 511736 185442
792541 581640 999999999 729635 402382 286566 485683 759718 167042 824673 459460 683571 727533 927361 535885 469702 715518 539007 625014 841131 646933 591431 335996 490399 744808 747393 672812 888209 121507 587832 434315 608224 93311 897043 719445 702177 758982 561635 708787 163247 350375 600779 376604 610416 192330 955057 497272 229698 905361 195080 491690 379350 551806 224066 359010 894568 757271 977721 263546 919868 572084 523633 271542 588445 422265 301910 893456 45389 547589 132408 259301 375463 512165 660004 326318 412163 667827 824580 575622 242401 795126 378300 268415 792045 524327 560179 696924 711893 739591 686955 911178 421357 282637 734800 182671 444694 590473 360707 625340 558491
333142 214411 729635 999999999 442166 562979 385689 221050 707170 1023485 482406 698186 522319 359468 578334 734177 355358 296147 925555 545778 124477 523107 1013327 301313 161479 912254 897490 1009936 659567 295970 934874 141814 819932 285683 683167 336748 52959 229764 203848 666914 991493 867256 358954 151725 613597 385047 354110 561373 511104 536314 614524 1074574 199232 951901 725587 419740 38437 413086 656175 330968 836016 228080 881591 924053 974164 463306 515654 771569 347308 858083 538273 1024449 377930 103163 428978 386503 424158 372198 385625 873588 294349 417205 695134 786074 791626 875611 64362 221401 57603 643201 354155 492625 495450 52500 590304 302074 541939 478165 720375 179636
396218 235548 402382 442166 999999999 436078 455847 385160 304760 646387 510062 374358 338972 537474 208201 304618 314753 163340 506695 446238 324248 220299 603275 140947 388650 539399 499562 665436 290140 200446 493170 300364 470632 520201 390184 302991 448285 216718 339126 442583 569322 452664 260868 291564 409757 563766 106586 174320 503665 240791 209530 669997 355062 591551 283424 494157 454411 584258 225674 535025 418917 343152 460197 496770 535242 117356 492360 447303 483961 501960 383659 602622 474631 423981 310436 376474 266954 425205 535363 459681 405255 54120 262268 488185 368567 449123 442308 336740 424970 348473 520405 486731 122811 422577 220352 165134 227937 418977 354158 337198
742329 495326 286566 562979 436078 999999999 223322 672234 397987 1022298 174988 801556 766201 850375 634834 650115 689057 494321 839796 862293 523872 656325 621786 437919 636691 927794 866604 1065238 321666 546674 695153 482111 370860 798923 823189 670229 606058 479949 621799 138400 636224 801494 229780 492693 94575 879380 482900 338013 895920 223995 614911 660738 363949 485566 559516 852254 598269 906002 445813 833330 768482 334905 549822 811387 695591 322957 889104 306601 287733 407158 53215 661930 247731 470199 150286 179270 677633 782213 303296 523689 729105 385797 472320 916410 715370 773459 512523 631640 592790 782648 837306 137059 334011 586743 312072 364342 663810 93444 765431 384581
640697 399063 485683 385689 455847 223322 999999999 547923 552411 1097942 96760 825802 732095 719696 662700 736596 611991 434809 939183 806079 389108 655383 818754 386726 499470 993243 946687 1121215 479426 479006 844045 352219 576807 655736 834510 591040 435732 391355 503745 358430 822373 891333 196067 368439 307788 747915 451663 442486 813583 346381 663574 864991 199472 699725 670866 747739 423838 775949 563071 696582 857060 179033 724394 919403 858258 377110 811156 514733 64475 615079 229370 851199 26554 283506 179274 86642 630867 683131 93069 703337 616240 402406 598210 937084 803828 875515 325744 517911 428646 791272 709811 111042 404180 422193 439060 314201 668349 131113 810005 229855
112208 181994 759718 221050 385160 672234 547923 999999999 688161 855474 641131 524320 324631 178142 441938 622394 154620 224981 791294 328454 158835 367914 988386 269422 59574 746348 747373 827064 662302 185424 855507 196838 839982 137486 499298 142081 178762 200730 51724 743868 952774 731681 443076 182579 695565 207147 278575 548449 290495 568867 492745 1055145 349263 967150 646862 204776 196117 233899 609678 163093 704395 369117 844442 799218 905952 459676 294634 804852 527510 874639 633649 985993 548525 301747 522759 517730 241851 151380 574271 844792 74129 388353 644705 596237 668527 751891 277023 48661 164290 464088 165409 640586 484283 168745 589330 322511 386972 604482 563458 318210
699217 524470 167042 707170 304760 397987 552411 688161 999999999 658942 553625 525663 595809 841888 389332 303259 614518 463522 461506 712447 604367 455544 306682 426376 685857 580362 506247 721189 76507 504765 297879 571268 189614 824248 564688 604801 725889 504199 640381 307362 286659 434626 392409 568278 315008 867863 410567 146063 787757 206691 338499 370233 559074 293117 191986 792739 728102 887678 106232 839785 405408 534986 178933 427020 305965 244000 773981 197956 606783 211397 354689 318992 578347 657875 374115 468057 552092 725716 645473 166779 709895 302390 102306 630962 357300 395876 688347 639523 703987 535466 824703 517409 212620 700299 121369 405336 451100 446790 463266 556204
775642 816053 824673 1023485 646387 1022298 1097942 855474 658942 999999999 1139462 331154 540090 894850 453198 372183 702121 737374 204984 600531 900511 500398 712290 756609 898152 111290 155749 104603 723657 727880 451467 896782 817544 935549 360554 713394 1005708 805847 839850 960770 643783 224544 901953 881012 956813 904556 688906 684562 704464 798579 436922 765724 994186 852954 470419 789409 1018832 905154 580934 916338 255526 986135 616582 248044 509026 723996 686259 848974 1129920 818264 970804 658261 1118379 1041872 934874 1014639 613857 765298 1180782 647651 815265 697836 562449 283624 307570 265895 1047458 825562 983433 391938 879338 1110297 701402 984244 711969 807132 481547 1037651 304392 971676
730753 485461 459460 482406 510062 174988 96760 641131 553625 1139462 999999999 884241 807372 814409 718201 771184 696839 512846 970054 887555 482642 720182 795391 461252 594123 1038171 985607 1170363 477634 559992 850899 444546 545526 751522 897237 676166 532490 475834 595681 312525 806972 925905 252205 460009 269068 842787 522099 464098 900884 356150 711776 835533 294621 660137 694165 838849 520580 870732 582137 791876 891896 272261 716045 946390 857642 416013 897544 481395 145939 582066 202739 833688 107551 380056 204644 138392 708535 772974 140036 691717 708081 455951 613967 997517 838269 904809 422135 609232 525259 854496 804124 38124 438171 518811 450825 385764 731589 107237 861294 324180
447105 497510 683571 698186 374358 801556 825802 524320 525663 331154 884241 999999999 214210 573816 167289 247910 371147 423535 307711 298324 577323 179746 718451 453382 567625 222730 239918 312680 563618 405611 484805 578330 714031 608288 50075 382240 677318 490062 509667 779116 657577 254318 633561 561404 758563 586742 384033 480061 403709 585668 193747 785777 692617 796957 352591 473666 691068 591159 421317 592579 242154 689558 579631 334014 550798 479385 385241 720814 846807 730469 748359 684772 842592 726066 684347 749409 282797 440558 899497 600249 485597 428398 426113 114857 239927 297939 727149 495022 655505 62273 557418 861047 468050 656693 521506 515958 162892 792672 78258 666742
235790 350234 727533 522319 338972 766201 732095 324631 595809 540090 807372 214210 999999999 359720 218561 396047 170798 297599 513568 117278 411933 140813 848191 346316 375103 434916 452558 503716 607731 258357 648732 424938 781629 395547 179553 186965 492390 350448 321172 781543 795770 456331 558959 406319 747983 373371 287028 499472 208302 579675 279717 917524 564859 887526 469570 261954 507995 379276 492020 378443 436837 570061 700926 533322 710617 456089 191225 770630 737926 806850 715461 826511 743408 570984 626824 669047 104212 226472 790632 713626 276367 383159 512832 271882 417424 491224 562592 304516 472737 152030 343240 792095 459961 475178 546479 421637 148597 732737 273508 534845
146404 358313 927361 359468 537474 850375 719696 178142 841888 894850 814409 573816 359720 999999999 540340 727872 236622 388362 870091 301787 332638 456892 1133641 438803 220291 792725 812058 846477 824085 340366 974490 372670 1003880 78898 536226 240953 307397 376085 228954 920027 1092197 811690 621163 359602 872460 29005 433532 708423 213637 740036 598877 1201871 520225 1128051 773372 110055 324349 56363 754477 33089 789297 542275 986770 886244 1030475 625498 227898 972719 693860 1037053 811583 1124960 718148 456051 700860 694266 322368 135622 737669 990901 132637 550392 786376 615595 762597 841706 422911 220838 304039 511724 17825 815803 647088 310171 751778 497919 473646 781902 630979 490235
396534 366255 535885 578334 208201 634834 662700 441938 389332 453198 718201 167289 218561 540340 999999999 187574 307175 285838 351497 334944 453955 84600 629699 303591 472013 342809 319339 461073 414396 283788 437249 446137 578528 553484 190174 309278 567229 354517 413203 618223 577362 292116 468721 431276 594784 560200 235714 320151 424845 421377 61611 699015 542219 676438 251018 460102 578479 572357 283254 550527 263243 535827 482658 357325 496684 312271 408504 576183 687214 600275 581676 608288 680548 589412 517378 584484 217989 406287 739421 496234 425411 262319 299048 281996 226895 309961 597042 402222 544022 152926 522609 694348 302144 543871 364129 358202 71047 625584 150708 518897
583662 520048 469702 734177 304618 650115 736596 622394 303259 372183 771184 247910 396047 727872 187574 999999999 493865 438657 203979 507496 610871 271700 471047 437715 646558 281503 216524 421913 358941 450969 252686 594682 483157 739115 295188 494710 731011 504464 588914 593427 411552 154961 542600 582728 586137 747759 380068 312470 604339 426437 130270 538858 659133 554040 113163 646603 740177 759683 212283 737630 120796 645723 331897 192270 315109 359500 587124 500855 774467 494480 598665 439939 758645 726877 567397 651339 405504 593836 823341 353446 611268 348901 201290 338646 67282 144506 742208 579810 707410 280092 710130 740755 333814 706295 340410 469451 256244 667715 173533 641813
90423 213140 715518 355358 314753 689057 611991 154620 614518 702121 696839 371147 170798 236622 307175 493865 999999999 194887 648425 199090 253725 226198 900015 251364 204400 593724 599089 672445 604893 142384 738375 275138 785374 246959 344780 21179 322612 221076 151970 733323 856873 589048 464025 256417 691319 259354 220209 489016 207118 539365 364008 968665 426887 905030 536793 179405 338621 275960 522394 243941 563892 438090 752507 660237 793920 417033 201646 760726 606693 816375 643018 889479 618893 414007 540510 561949 92121 111203 657837 758070 119084 338905 552731 441830 532752 614151 400405 134803 303718 310265 218804 688016 432989 306561 534649 325111 244302 638164 414892 395288
257652 81756 539007 296147 163340 494321 434809 224981 463522 737374 512846 423535 297599 388362 285838 438657 194887 999999999 629681 375446 172270 243797 765536 56477 225312 626299 604787 735103 437966 52850 650617 160366 616671 361940 419740 176614 293155 68679 176912 541464 732612 571654 271369 146091 497889 416151 60245 323580 401599 353177 318577 831668 272838 742790 439795 365030 301686 439262 388990 381497 540114 274578 623345 627946 695835 237211 394989 584360 441003 650707 448138 765917 445811 304632 346384 375299 196163 293996 493886 622025 256323 163631 425540 525052 495484 579504 311227 176328 269536 376773 372262 500405 260042 268086 365129 131384 260942 446482 433013 245014
733639 711397 625014 925555 506695 839796 939183 791294 461506 204984 970054 307711 513568 870091 351497 203979 648425 629681 999999999 605917 801191 423828 514061 635298 823384 167123 86427 289434 530144 634034 251699 788865 613546 894634 355106 654074 917475 697407 764488 767310 445761 59613 746016 775586 767996 885769 573566 506821 711003 618983 311104 571366 861744 648584 280380 775516 928089 892741 393998 885327 89571 849044 411936 45261 313570 562235 692586 647119 978125 613469 790002 463366 961611 925583 767627 853470 556334 734639 1026676 442791 767392 552457 370030 334612 138174 66443 938426 753100 894099 365656 852970 938377 535268 893641 527764 671827 405034 865087 240065 843459
219041 409688 841131 545778 446238 862293 806079 328454 712447 600531 887555 298324 117278 301787 334944 507496 199090 375446 605917 999999999 451882 258046 964579 429525 386505 504092 536582 546018 722187 327634 759555 474225 897442 357051 252806 220145 506872 415181 343192 887454 911299 551404 645811 455496 851216 307293 379420 612033 105882 686441 395605 1033867 625114 1004513 585647 192439 523994 305396 609049 327865 535841 635058 817593 630459 822604 561812 87358 884701 804033 923237 813078 941719 814452 611635 718196 750532 184728 189949 855623 830678 262161 486127 630108 317702 522602 591346 595435 325515 490851 241345 288287 875837 568747 494645 659170 505886 265639 821031 368963 593684
257729 90926 646933 124477 324248 523872 389108 158835 604367 900511 482642 577323 411933 332638 453955 610871 253725 172270 801191 451882 999999999 400505 910907 184006 113567 789228 773195 889788 564221 172649 817243 41871 733583 275444 564940 233226 124134 108000 117352 608149 884528 742826 298980 36664 557232 361318 231139 458581 436584 451910 490231 974365 190540 864471 606928 360934 130489 388995 544312 312124 711669 210438 774442 800138 859146 361687 437330 690796 369818 770535 489435 917734 389827 160391 377251 362034 310044 300121 417761 769019 228723 305717 582643 669020 667612 751698 151418 133405 101039 523998 321733 483187 391899 98366 492452 203418 419139 450779 596863 159381
314313 318432 591431 523107 220299 656325 655383 367914 455544 500398 720182 179746 140813 456892 84600 271700 226198 243797 423828 258046 400505 999999999 709768 275645 403355 389205 380793 491805 470658 227918 521847 399371 642318 473156 179638 230485 506225 310449 344339 656740 659154 364254 467978 382780 627509 476239 206695 366148 342909 455446 145617 779143 513858 746833 332633 375502 518909 487989 351330 468108 338114 511951 562022 434187 581091 336059 327112 633745 672247 666803 603956 690471 670614 546714 526674 582957 135178 322308 725192 573764 345193 271270 372114 283937 306762 387960 549018 331664 483658 136241 439222 700042 334101 484258 412569 342052 19255 635055 198681 487482
988236 829885 335996 1013327 603275 621786 818754 988386 306682 712290 795391 718451 848191 1133641 629699 471047 900015 765536 514061 964579 910907 709768 999999999 731568 989819 676628 592265 803264 357917 803255 262362 877947 253089 1122625 766206 893150 1032571 809717 942182 490853 68514 523641 685430 874891 527224 1158234 709835 452732 1052585 492786 569039 69376 857875 183007 379051 1073521 1034716 1175930 379662 1134572 510754 832092 148166 468843 203629 550556 1036880 317283 879143 221170 594962 62108 845307 960252 650503 741211 826707 1010242 909923 143595 1003628 607385 347367 799465 487366 468934 992373 940009 1010655 749796 1116075 757276 519299 1006980 423638 711821 699791 696188 642138 857869
312197 98344 490399 301313 140947 437919 386726 269422 426376 756609 461252 453382 346316 438803 303591 437715 251364 56477 635298 429525 184006 275645 731568 999999999 260021 646393 617909 761561 394335 109202 634058 159580 570835 406867 454868 233025 308135 78309 218866 486288 702521 578792 216316 150679 442055 467030 69363 282655 458018 301233 326537 796394 239682 698822 424344 420415 313732 490956 360831 429788 546063 236355 592567 629532 675193 190640 451258 535593 398043 605881 391662 735798 399496 290321 290333 323080 247683 349441 451079 588716 307986 124186 398919 559548 498476 581292 304532 221494 285009 411488 423203 447243 216905 282351 321344 76390 290979 391555 453930 215382
171701 163709 744808 161479 388650 636691 499470 59574 685857 898152 594123 567625 375103 220291 472013 646558 204400 225312 823384 386505 113567 403355 989819 260021 999999999 788050 784146 874316 653751 197273 871624 154849 828343 162232 545844 188642 120456 184001 59046 716799 957854 763887 410066 144258 666832 248691 283869 542672 349928 551138 518709 1055365 300003 957555 661278 261843 137490 276609 614274 198690 735237 322045 848463 828487 919126 449591 354203 789460 475306 864162 601035 991162 498375 244309 489060 475489 285332 210868 520693 846483 133256 383502 650832 645170 696521 780582 217995 72606 104885 508808 210459 595926 476840 109218 580873 301097 422606 564344 601420 269945
669433 704816 747393 912254 539399 927794 993243 746348 580362 111290 1038171 222730 434916 792725 342809 281503 593724 626299 167123 504092 789228 389205 676628 646393 788050 999999999 84365 140873 639854 616602 415193 785574 750321 830232 256500 604336 894816 694721 729578 874926 608852 155604 797190 769760 866961 803894 578383 589978 609470 703840 330036 735984 884597 800270 388530 689324 907831 806115 493735 812926 177848 877191 564143 211461 478920 622159 591032 775492 1023359 755529 875574 628142 1013075 930867 833585 910932 504514 661195 1074646 592959 708257 591651 480156 195746 223068 208557 936214 715505 872467 284483 776774 1010117 601363 873222 620878 698457 370318 938024 193291 861652
680663 685535 672812 897490 499562 866604 946687 747373 506247 155749 985607 239918 452558 812058 319339 216524 599089 604787 86427 536582 773195 380793 592265 617909 784146 84365 999999999 218933 569204 602154 330952 765153 671209 842359 283783 607034 884773 673413 725123 805958 524512 73401 751095 750517 801247 825874 552322 528982 642385 642962 292290 651778 851953 717374 316032 713358 896604 830875 425529 829497 100912 842016 480883 128918 394992 571053 623867 699021 980864 674937 815190 543991 967741 906900 781213 862575 507415 677647 1031070 510141 716866 549429 408187 251147 151958 124527 915972 712395 861797 301073 795370 955922 547447 861930 556239 662962 361545 883093 184227 831121
738058 810070 888209 1009936 665436 1065238 1121215 827064 721189 104603 1170363 312680 503716 846477 461073 421913 672445 735103 289434 546018 889788 491805 803264 761561 874316 140873 218933 999999999 780578 718284 540965 890938 889759 894093 328494 686195 987136 802223 817538 1015251 734866 292317 925673 874069 1006354 853257 692391 728066 646049 841564 458734 859368 1001224 935286 529396 738154 1001417 850952 634195 870506 317465 996199 698500 334532 601557 755023 628447 916004 1147959 893861 1012711 751442 1140021 1038506 966250 1040556 589404 722497 1199950 728294 779593 718824 621022 232661 363891 341994 1039813 802068 965804 366932 832000 1143451 735979 967288 760233 819226 474223 1071995 311449 976451
685341 490248 121507 659567 290140 321666 479426 662302 76507 723657 477634 563618 607731 824085 414396 358941 604893 437966 530144 722187 564221 470658 357917 394335 653751 639854 569204 780578 999999999 483806 374361 528430 180530 799648 598602 592898 682604 469890 612632 237395 348482 499196 328548 527628 240329 851095 390716 116056 789569 137213 370971 416070 499995 304861 253262 784296 683246 872565 147512 819051 468427 474423 245762 497672 380586 204186 777069 163089 535350 212980 278201 379395 505588 602648 302579 396222 551903 715244 572456 227500 691448 274383 161221 673295 418013 463924 635536 613798 661602 565666 807397 441231 178023 657435 73014 361342 469294 371020 507627 500164
206041 94017 587832 295970 200446 546674 479006 185424 504765 727880 559992 405611 258357 340366 283788 450969 142384 52850 634034 327634 172649 227918 803255 109202 197273 616602 602154 718284 483806 999999999 674598 173564 663514 319754 395956 123825 283542 92124 142372 594034 767361 575034 322286 156112 550687 367635 94205 368350 349380 404296 325097 870259 306511 788107 464557 312594 294699 389913 424288 335693 544903 312185 659036 636058 723018 286018 343208 633220 480706 696787 500804 800587 488406 321871 398241 423372 154451 241558 533159 659683 207758 210084 459302 500927 503493 587804 321543 137563 260269 354070 323830 549075 306749 260084 411418 182865 246500 496996 424427 276655
828778 727670 434315 934874 493170 695153 844045 855507 297879 451467 850899 484805 648732 974490 437249 252686 738375 650617 251699 759555 817243 521847 262362 634058 871624 415193 330952 540965 374361 674598 999999999 793104 396815 979575 534588 736835 941098 709403 816659 593672 194098 264644 669384 784722 609194 995629 590425 406743 857018 498430 376724 320832 820580 406279 210821 897342 947541 1008876 289452 981996 256500 800580 176983 206486 66689 493694 839773 443841 894833 387299 652562 213146 869371 907043 664772 758130 653139 842113 936679 210073 853079 519992 250875 551418 244978 209495 930406 810006 917674 526770 956673 814983 460710 915465 404986 642218 507432 743816 406550 810822
289815 80958 608224 141814 300364 482111 352219 196838 571268 896782 444546 578330 424938 372670 446137 594682 275138 160366 788865 474225 41871 399371 877947 159580 154849 785574 765153 890938 528430 173564 793104 999999999 695722 316982 569518 254090 154660 91781 151532 566630 853515 731217 257169 18818 515562 401477 215382 425215 466434 413147 477942 940614 156022 826977 583779 395681 157303 428968 515719 352980 699313 173194 743446 785554 832872 327556 465951 651794 336863 732980 447566 886621 354447 148318 335380 321596 321259 332366 386295 736839 264022 276494 554487 674453 653550 737153 150917 166005 133197 527596 361240 443791 358678 129193 457317 167116 417411 409734 592415 124203
865771 664670 93311 819932 470632 370860 576807 839982 189614 817544 545526 714031 781629 1003880 578528 483157 785374 616671 613546 897442 733583 642318 253089 570835 828343 750321 671209 889759 180530 663514 396815 695722 999999999 977465 753891 773427 847804 644444 789693 237865 278658 597887 469113 696945 276466 1031061 570864 296567 968163 283718 528100 290062 644455 132007 370004 964768 846702 1052772 295804 998144 572535 616448 221679 573316 371785 380310 955231 64449 639280 39100 348644 299514 603197 752260 419596 504790 730754 895771 665754 188949 871264 453562 288028 817262 529597 551812 788710 791693 827926 725058 987303 507434 356854 823305 252139 530379 638903 449965 649343 650436
161698 317335 897043 285683 520201 798923 655736 137486 824248 935549 751522 608288 395547 78898 553484 739115 246959 361940 894634 357051 275444 473156 1122625 406867 162232 830232 842359 894093 799648 319754 979575 316982 977465 999999999 575006 244424 232944 336709 188286 877161 1085141 835407 571969 306380 827811 100763 413813 685520 280441 705632 608878 1189858 456974 1104508 773555 174681 249341 128222 743179 46804 810695 480830 977612 907140 1032545 597162 292438 942135 626148 1012079 762999 1118249 652455 384996 651132 636509 338637 171603 668174 979118 128089 525514 777263 661604 779595 861110 349801 185858 232177 546095 80791 755302 621625 238512 726700 457729 491227 725975 658791 428237
415251 489486 719445 683167 390184 823189 834510 499298 564688 360554 897237 50075 179553 536226 190174 295188 344780 419740 355106 252806 564940 179638 766206 454868 545844 256500 283783 328494 598602 395956 534588 569518 753891 575006 999999999 357933 658967 483992 489071 808118 705962 302992 645296 551941 784934 547640 386183 509512 358638 611506 227765 833835 691841 840427 396978 433411 673462 550566 459262 556594 291879 690921 626125 382850 600474 500233 340116 757881 851879 771719 770159 733492 850058 717826 700388 760795 260968 405083 904828 645903 455343 443514 466776 105334 289823 347615 715995 473574 637854 43407 520284 875732 491846 639499 552571 521615 166179 808978 128165 664663
95095 192099 702177 336748 302991 670229 591040 142081 604801 713394 676166 382240 186965 240953 309278 494710 21179 176614 654074 220145 233226 230485 893150 233025 188642 604336 607034 686195 592898 123825 736835 254090 773427 244424 357933 999999999 305447 200339 134274 716621 851249 594555 444479 235353 674014 265088 205479 476873 226684 523960 364498 961568 405708 894246 533299 192527 321153 283346 514544 245448 568588 416953 746028 664510 791341 402481 221817 747464 585530 804950 624606 884007 597829 393587 521345 541538 100020 122464 636661 750720 116612 324589 545791 456547 535817 617964 380667 117552 286007 322114 223254 667624 419540 288624 522076 306012 249091 618314 422848 374111
290591 213614 758982 52959 448285 606058 435732 178762 725889 1005708 532490 677318 492390 307397 567229 731011 322612 293155 917475 506872 124134 506225 1032571 308135 120456 894816 884773 987136 682604 283542 941098 154660 847804 232944 658967 305447 999999999 231699 171232 704946 1007558 858546 394690 158577 652182 332627 353022 579848 465959 564311 607674 1095268 244491 979446 730619 371701 17752 360596 668180 278467 828237 272335 897465 918552 983275 482215 471544 801841 399223 885447 578708 1040714 428963 155141 467900 431777 398148 327931 438286 891296 249987 429266 706612 760203 785891 870181 117319 187947 23622 620342 302656 541338 513278 25819 611793 321550 525355 523479 704777 221507
262728 20373 561635 229764 216718 479949 391355 200730 504199 805847 475834 490062 350448 376085 354517 504464 221076 68679 697407 415181 108000 310449 809717 78309 184001 694721 673413 802223 469890 92124 709403 91781 644444 336709 483992 200339 231699 999999999 149037 543951 780817 639618 250552 78334 496552 404884 124439 359783 425675 369082 386376 874349 214413 773554 498987 372722 238487 430296 438867 363603 607839 220900 670872 694735 751928 265704 421823 606494 389815 680175 438090 814097 399273 236552 329674 341771 246430 303363 442001 666954 249945 202365 476771 589283 562508 646305 242568 155280 208311 441431 361626 467840 293543 206066 397090 121943 328049 421149 501459 184555
140517 130275 708787 203848 339126 621799 503745 51724 640381 839850 595681 509667 321172 228954 413203 588914 151970 176912 764488 343192 117352 344339 942182 218866 59046 729578 725123 817538 612632 142372 816659 151532 789693 188286 489071 134274 171232 149037 999999999 692206 908106 704973 392340 135678 644024 257935 232905 499423 319999 517474 460568 1008492 306767 917377 606841 244267 186881 284262 564537 214785 676446 324725 799246 769923 865387 409432 321548 753861 486860 824622 582633 941381 505759 271266 472053 469864 228139 182820 535082 798619 112499 339320 600300 589460 638116 722093 252397 17679 151802 451371 215524 593700 434711 154591 539622 270788 363592 555552 542496 275173
798473 562022 163247 666914 442583 138400 358430 743868 307362 960770 312525 779116 781543 920027 618223 593427 733323 541464 767310 887454 608149 656740 490853 486288 716799 874926 805958 1015251 237395 594034 593672 566630 237865 877161 808118 716621 704946 543951 692206 999999999 511483 736420 310845 573722 53987 948798 515126 299068 935750 201947 585896 525892 472525 347625 490378 906487 699579 973978 381231 906958 705351 442940 434642 734016 584887 325804 926501 173570 422820 272336 134171 534973 383715 582087 238005 301177 704749 835457 441270 405645 792152 401620 398519 892355 654341 701181 622938 699228 688869 770859 905426 274925 322820 683252 258890 422132 660357 227349 731368 487614
946098 800703 350375 991493 569322 636224 822373 952774 286659 643783 806972 657577 795770 1092197 577362 411552 856873 732612 445761 911299 884528 659154 68514 702521 957854 608852 524512 734866 348482 767361 194098 853515 278658 1085141 705962 851249 1007558 780817 908106 511483 999999999 456500 676456 849099 542472 1116019 675204 430688 1001890 485664 516054 129306 845380 236471 326560 1027650 1010802 1132668 343654 1094765 444664 820848 110095 400524 135321 528562 985759 340104 880748 253272 604522 33311 848849 944500 649062 741740 780263 966088 914736 121095 963747 578985 308077 735401 423531 401615 974603 904816 985130 691464 1074503 769071 496099 981801 407621 689459 648094 704493 580528 842861
674561 653298 600779 867256 452664 801494 891333 731681 434626 224544 925905 254318 456331 811690 292116 154961 589048 571654 59613 551404 742826 364254 523641 578792 763887 155604 73401 292317 499196 575034 264644 731217 597887 835407 302992 594555 858546 639618 704973 736420 456500 999999999 696908 717681 733525 827734 516126 465264 655933 578727 253280 584789 807553 644714 246052 718128 869311 835168 357561 826546 34284 795690 408542 79913 330235 514309 637594 626297 928367 601544 750712 477535 913205 869099 722293 806215 496982 676150 977618 437412 708054 499897 337975 294539 87699 55151 881135 693531 835206 310276 794500 895182 488771 834819 489897 617656 345488 822045 183320 788516
513238 265591 376604 358954 260868 229780 196067 443076 392409 901953 252205 633561 558959 621163 468721 542600 464025 271369 746016 645811 298980 467978 685430 216316 410066 797190 751095 925673 328548 322286 669384 257169 469113 571969 645296 444479 394690 250552 392340 310845 676456 696908 999999999 265859 258898 650164 272101 262647 671096 192692 467630 740649 175388 600639 483732 623229 390107 676602 381506 604941 662625 147828 570975 728146 691716 184490 665409 416433 232394 508020 191039 707737 216647 283488 79715 115851 463166 553574 280743 555363 499336 207019 419010 746206 609665 683264 321193 401923 378151 602454 607857 233561 214221 372598 271602 140073 479481 175240 614749 182739
272703 65068 610416 151725 291564 492693 368439 182579 568278 881012 460009 561404 406319 359602 431276 582728 256417 146091 775586 455496 36664 382780 874891 150679 144258 769760 750517 874069 527628 156112 784722 18818 696945 306380 551941 235353 158577 78334 135678 573722 849099 717681 265859 999999999 523237 388511 202760 422394 448612 415429 464506 938156 173566 827811 574841 379308 163212 415774 509700 340973 686016 189598 739004 773069 825614 325305 447899 654343 354518 733878 456789 882276 371320 166144 344803 335152 302732 315234 404258 733207 248087 270696 548222 656771 640831 724639 166467 149476 136033 510167 347675 458295 355722 132775 455934 166754 400967 422300 576733 141684
753703 514151 192330 613597 409757 94575 307788 695565 315008 956813 269068 758563 747983 872460 594784 586137 691319 497889 767996 851216 557232 627509 527224 442055 666832 866961 801247 1006354 240329 550687 609194 515562 276466 827811 784934 674014 652182 496552 644024 53987 542472 733525 258898 523237 999999999 901322 475264 280874 895452 173455 566972 566467 418702 393504 488281 862412 646546 926847 375995 858550 701458 389112 458437 736989 606044 292421 886850 212343 371930 313091 80697 567793 333487 528197 184624 247732 667356 791473 392932 431393 745778 365382 398012 872761 649293 701572 569132 651643 636421 746360 858162 230988 294216 630743 246126 375257 632461 177299 715144 434155
170023 387193 955057 385047 563766 879380 747915 207147 867863 904556 842787 586742 373371 29005 560200 747759 259354 416151 885769 307293 361318 476239 1158234 467030 248691 803894 825874 853257 851095 367635 995629 401477 1031061 100763 547640 265088 332627 404884 257935 948798 1116019 827734 650164 388511 901322 999999999 460404 735312 213071 768238 619390 1226621 548464 1154781 795929 115304 349329 28236 779432 54248 806118 570734 1011093 903062 1052301 653153 228758 1000428 721437 1064025 840568 1148690 746107 482679 729863 723069 342625 153935 764850 1015729 159951 577719 810879 623658 780800 859052 448815 249680 330254 524943 43890 844426 674377 336460 778926 526671 492540 810809 646084 518608
295395 140213 497272 354110 106586 482900 451663 278575 410567 688906 522099 384033 287028 433532 235714 380068 220209 60245 573566 379420 231139 206695 709835 69363 283869 578383 552322 692391 390716 94205 590425 215382 570864 413813 386183 205479 353022 124439 232905 515126 675204 516126 272101 202760 475264 460404 999999999 274914 420635 319262 262889 776581 308959 694529 379607 397985 361160 481908 331641 429713 484036 305599 566378 570340 636008 197009 411651 542622 465881 603623 433743 708481 465655 354579 340371 383746 194733 327582 518879 566240 300933 119168 367484 490626 438205 521917 365016 230176 329417 342779 416748 505526 214885 327815 318763 137519 221745 445739 385534 284173
569299 380132 229698 561373 174320 338013 442486 548449 146063 684562 464098 480061 499472 708423 320151 312470 489016 323580 506821 612033 458581 366148 452732 282655 542672 589978 528982 728066 116056 368350 406743 425215 296567 685520 509512 476873 579848 359783 499423 299068 430688 465264 262647 422394 280874 735312 274914 999999999 675849 114057 287076 515784 419912 419759 230265 668419 582046 756630 120611 703906 431797 397654 321251 482299 430680 98067 663814 274088 489893 328745 286252 463458 466899 515065 264990 355859 438227 599246 533896 312215 575801 160128 156794 593494 378373 441161 544147 499831 557995 473066 691661 431738 66683 554274 47147 259385 367236 358432 434320 414435
180053 415426 905361 511104 503665 895920 813583 290495 787757 704464 900884 403709 208302 213637 424845 604339 207118 401599 711003 105882 436584 342909 1052585 458018 349928 609470 642385 646049 789569 349380 857018 466434 968163 280441 358638 226684 465959 425675 319999 935750 1001890 655933 671096 448612 895452 213071 420635 675849 999999999 738326 486407 1121960 622161 1080874 675331 105813 483669 206434 687469 243671 639373 636634 904707 734630 918877 614054 18525 949930 803118 996284 849404 1033020 818616 590210 747601 767436 237692 139137 852718 915590 216761 536115 711901 420969 623740 694622 567376 303322 453825 345660 203387 893513 625893 458627 722729 532202 353900 844985 472957 590274
610336 388792 195080 536314 240791 223995 346381 568867 206691 798579 356150 585668 579675 740036 421377 426437 539365 353177 618983 686441 451910 455446 492786 301233 551138 703840 642962 841564 137213 404296 498430 413147 283718 705632 611506 523960 564311 369082 517474 201947 485664 578727 192692 415429 173455 768238 319262 114057 738326 999999999 395152 548162 366488 415624 340001 715936 563013 791974 226831 730571 545427 339925 382439 592780 512065 124793 728300 238934 400094 321769 172228 516431 372112 471844 167538 261476 504801 645075 439355 364711 608930 202237 257824 700100 492109 552960 506842 521743 544700 572918 724394 322146 121372 539974 94733 250262 459739 249187 544571 369376
454043 400299 491690 614524 209530 614911 663574 492745 338499 436922 711776 193747 279717 598877 61611 130270 364008 318577 311104 395605 490231 145617 569039 326537 518709 330036 292290 458734 370971 325097 376724 477942 528100 608878 227765 364498 607674 386376 460568 585896 516054 253280 467630 464506 566972 619390 262889 287076 486407 395152 999999999 638296 559705 621223 190043 520801 617800 632221 232460 607914 221537 550212 422455 310991 435494 297465 470006 530218 693402 547852 561765 546859 683146 616538 508008 582054 276766 465649 744617 437016 481083 261625 243876 306462 178396 262709 627903 450870 584186 196970 581094 685427 281275 583498 327845 371067 132658 614601 150854 538882
1056663 894593 379350 1074574 669997 660738 864991 1055145 370233 765724 835533 785777 917524 1201871 699015 538858 968665 831668 571366 1033867 974365 779143 69376 796394 1055365 735984 651778 859368 416070 870259 320832 940614 290062 1189858 833835 961568 1095268 874349 1008492 525892 129306 584789 740649 938156 566467 1226621 776581 515784 1121960 548162 638296 999999999 914516 190726 448276 1142545 1096911 1244518 447501 1202419 573720 888087 217445 526129 257891 613073 1106256 354148 926602 253726 638105 108002 891487 1018466 701174 790035 895849 1079028 954898 211016 1071549 672257 415934 864681 552745 529751 1051605 1006677 1073607 818126 1184339 797455 582466 1069783 484271 773931 769145 739538 709061 915914
445808 216284 551806 199232 355062 363949 199472 349263 559074 994186 294621 692617 564859 520225 542219 659133 426887 272838 861744 625114 190540 513858 857875 239682 300003 884597 851953 1001224 499995 306511 820580 156022 644455 456974 691841 405708 244491 214413 306767 472525 845380 807553 175388 173566 418702 548464 308959 419912 622161 366488 559705 914516 999999999 775871 621722 550999 235301 576485 531509 497297 773905 29593 737902 850818 849657 327186 621254 591063 180958 683385 341374 877289 199288 109902 235338 187475 460827 488359 231142 724608 418938 311214 570589 797012 723596 803543 150437 321776 233986 648655 510381 299213 360433 227649 437809 189935 529862 279200 692873 31887
987769 793858 224066 951901 591551 485566 699725 967150 293117 852954 660137 796957 887526 1128051 676438 554040 905030 742790 648584 1004513 864471 746833 183007 698822 957555 800270 717374 935286 304861 788107 406279 826977 132007 1104508 840427 894246 979446 773554 917377 347625 236471 644714 600639 827811 393504 1154781 694529 419759 1080874 415624 621223 190726 775871 999999999 444513 1083975 978511 1175701 395510 1123636 624489 747684 236842 604915 361784 508250 1067067 186864 763164 94009 470357 243317 725820 883966 548775 631339 845008 1016039 786366 207312 995462 579171 377571 892685 589089 593352 920607 918656 959419 815866 1111209 622459 482883 954856 377820 661094 741194 570410 726553 782274
626993 517080 359010 725587 283424 559516 670866 646862 191986 470419 694165 352591 469570 773372 251018 113163 536793 439795 280380 585647 606928 332633 379051 424344 661278 388530 316032 529396 253262 464557 210821 583779 370004 773555 396978 533299 730619 498987 606841 490378 326560 246052 483732 574841 488281 795929 379607 230265 675331 340001 190043 448276 621722 444513 999999999 703419 737341 811086 113734 778662 215191 604093 233112 252779 259180 300422 659231 388649 715204 381885 510058 357850 694645 702471 494818 584292 456217 643959 761143 249925 648477 314203 92156 449663 165589 213983 723743 600728 707154 375350 755564 661316 269542 705037 247639 437788 321590 588057 282480 609190
109994 358710 894568 419740 494157 852254 747739 204776 792739 789409 838849 473666 261954 110055 460102 646603 179405 365030 775516 192439 360934 375502 1073521 420415 261843 689324 713358 738154 784296 312594 897342 395681 964768 174681 433411 192527 371701 372722 244267 906487 1027650 718128 623229 379308 862412 115304 397985 668419 105813 715936 520801 1142545 550999 1083975 703419 999999999 389436 117518 698454 138546 697860 568803 925490 794612 956135 594963 118654 939826 730749 995650 808985 1059804 750024 506037 702096 710188 247412 71039 778308 932768 132232 517114 727188 508354 675351 751651 479198 229832 362144 412303 98222 835268 611943 367469 713998 489264 390369 792910 535460 519436
