NAME : synthetic_000184
TYPE : CTSP-D
DIMENSION : 100
GROUPS : 8
RELAXATION_LEVEL : 1
EDGE_WEIGHT_TYPE : EXPLICIT
EDGE_WEIGHT_FORMAT : FULL_MATRIX
EDGE_WEIGHT_SECTION
999999999 845230 558116 614170 303966 373062 310661 678244 283962 708578 55056 378463 399613 781030 783376 266480 645460 251051 430746 527607 671721 275249 156936 540518 450951 226665 830818 141275 602534 641592 567301 569708 380524 735851 590392 327297 135328 822740 150865 506303 356496 282812 413156 424844 399564 260598 263291 639245 683622 118498 442587 530277 776238 640779 143035 369939 471076 465220 256202 883456 468404 905287 580740 455747 723112 375285 738831 530428 794477 726303 148405 852544 376645 639644 740541 402127 350911 798603 469125 688442 140553 398005 161436 837265 693733 270121 664870 298069 415995 531083 387708 143310 347001 558552 278989 622249 374530 78306 778542 826673
845230 999999999 695638 612419 786405 559381 900690 185976 808937 153203 871622 468105 513140 473714 174293 878484 383662 787888 474970 513880 544721 660593 742737 604652 670742 859149 64625 727359 484541 390075 655245 601479 791469 471862 329773 764043 799566 23615 695607 458440 732034 921930 733569 810074 667705 799587 704654 411868 230050 829466 435296 436741 91731 522238 702196 476144 715353 983194 834577 160273 1016731 233120 583692 393150 127257 521649 412332 319616 306671 235045 928420 217835 808956 733868 371608 487066 624107 408923 683388 359647 845493 527781 861270 264304 167140 644040 438932 547913 429257 314178 888290 883340 500577 617948 919189 498854 663349 887615 274613 375718
558116 695638 999999999 104007 768648 648864 352539 637216 766045 647233 534555 483869 289006 948094 758631 787827 780979 726817 624257 188394 194915 299518 605428 92505 109931 381870 643023 433177 213662 782114 896904 95271 831923 294387 675390 773588 638149 674055 471334 259215 204758 818044 823512 188000 162433 741872 675018 795862 695977 645161 354394 272174 685979 193530 489910 478165 858177 982918 758376 624397 996666 598800 863104 513764 633582 605118 338358 462505 855126 467548 513551 558116 224515 995107 854602 324567 689059 921612 89490 802837 672248 644192 696814 859854 539836 316935 274665 440401 463711 506163 885987 469686 488469 867133 814010 205800 189427 636211 463556 921210
614170 612419 104007 999999999 791521 644916 444673 575048 792855 580770 598198 470364 280792 905258 691965 823473 740622 754353 607446 140409 90913 341510 637657 74209 171635 462343 556446 479643 129609 742582 886066 45735 848865 190517 633240 792322 677103 591880 507301 213856 279129 857165 832227 286053 217797 769744 693748 758397 639181 688568 325854 217354 612350 94031 525535 466456 860479 1012273 790195 529160 1029439 499231 844907 484680 563141 597471 236493 414161 798060 379406 589887 460754 316718 985465 806587 310490 692873 872251 161245 757494 715400 635188 739877 796385 464811 352858 178544 445676 441475 460589 912081 543456 481834 853679 853161 113626 240726 690672 367047 867090
303966 786405 768648 791521 999999999 227318 603869 600594 30402 633527 358806 371574 517795 559527 668356 104636 470572 52920 311644 668399 820757 471836 171711 719673 659876 517682 795811 355099 731967 464678 292867 746184 76578 854051 466159 31874 168888 768087 302774 616264 594114 144313 120593 684145 608570 45163 100428 452923 572811 188313 510219 632075 699769 783784 284804 369131 181436 225146 69521 876827 249315 920664 330780 420330 659980 269739 835694 529787 628955 754230 451269 870700 640066 346622 555517 497560 162436 597928 682041 515041 174269 258657 165292 684934 675163 452284 775137 352921 417675 504085 122118 445572 343870 297546 142694 757113 581448 263183 822806 636835
373062 559381 648864 644916 227318 999999999 595918 373815 249616 406785 420764 178046 365100 408700 449266 320482 276234 230884 84413 508557 653964 386935 224120 580286 549744 516636 568721 330379 559760 271728 250303 602540 244224 668604 245373 206930 273302 540859 269839 443703 518280 363731 202140 619062 505422 241480 150226 267328 350903 305516 328394 453278 473624 615754 261209 180165 217618 436664 276867 651589 466833 698287 231500 203316 432751 50866 641018 314922 431377 537783 507984 649510 584671 346910 370255 334481 66659 426131 572624 320545 312764 32158 322075 480917 450660 362107 589811 210246 217470 283124 336080 480558 163083 224707 361190 586172 480873 380636 609092 456230
310661 900690 352539 444673 603869 595918 999999999 776067 588100 798886 262788 504562 387650 987490 898585 577077 828712 551848 619002 431308 528417 247535 436125 386613 280653 86190 865044 267736 499454 826929 831499 411761 679532 619381 743486 622339 437717 877101 329299 456910 181016 592458 700046 167617 253518 563562 539324 832054 809354 427399 467833 482526 857507 511441 341865 495180 752417 775682 564237 882532 777556 879061 826283 573415 800149 573853 647057 592356 952386 713094 196651 830011 128344 916528 920429 415943 602196 986041 285027 864906 450898 609096 472095 979369 733714 269322 571194 418190 517525 617200 697227 171957 486115 813783 588719 507482 247029 380158 739066 1002435
678244 185976 637216 575048 600594 373815 776067 999999999 623431 32976 709900 300672 396802 359479 124844 693608 225616 603228 289465 449016 530471 528890 564702 545219 585039 722802 205366 571619 447648 231033 483074 551067 605930 487077 148356 578074 621055 168776 532230 378954 623130 737006 548988 713291 568595 614620 520351 252975 73444 651764 313434 365135 100969 498634 536302 309636 533702 798097 649766 302748 831310 364778 414055 222828 62624 337658 434648 186812 224884 261062 775240 326670 702252 568938 252088 363553 438229 310549 602222 217549 666219 342074 680793 222647 138116 508545 428126 387361 269320 159281 702538 733035 331368 445014 734338 469349 557631 714123 331336 296575
283962 808937 766045 792855 30402 249616 588100 623431 999999999 656401 338320 384917 522383 589751 694117 75290 498837 39335 333994 672642 825296 467588 162766 720318 656694 502041 816642 345772 737901 493019 322811 747316 99489 861902 491240 62269 150583 790235 296602 623029 586914 116459 149920 674686 604903 25044 111638 481681 597790 166362 519566 639807 723130 788715 278245 381806 210588 219643 39326 895844 239934 938103 361178 437531 682153 289501 845503 545675 657365 769747 429868 887689 629751 374278 584589 504014 186508 627674 678571 543435 149739 281434 138448 712863 693995 449121 783276 359449 431396 521915 119949 426705 355941 327908 114509 762688 577725 238289 837329 666284
708578 153203 647233 580770 633527 406785 798886 32976 656401 999999999 739344 330410 416426 372671 111510 726576 248727 636183 322440 458854 531582 552350 596804 554853 599906 747672 175727 599789 452108 254506 511388 559044 638406 482448 178821 610922 653253 136550 561748 390864 642581 769976 581055 730786 585937 647591 553278 276625 91306 683850 333369 375259 68554 501163 566288 339215 564779 830387 682730 275508 863739 339836 441541 252837 34513 370534 428115 206978 227485 249735 803241 304330 721562 595494 264909 384374 471147 319315 616320 235833 698544 375033 713291 216069 128122 532664 427465 415998 297264 184637 735132 760468 361577 473476 767306 472668 576188 745571 317052 300659
55056 871622 534555 598198 358806 420764 262788 709900 338320 739344 999999999 409243 405031 829434 818791 317137 690029 305911 473780 522610 661461 267815 210006 525708 430475 181795 853586 148281 598174 686432 621215 554888 435334 731359 629920 382336 190334 848756 177673 509023 330188 330037 468155 388948 380845 315203 317148 685124 719814 172205 456738 533985 806211 632497 174989 400267 525929 513799 309520 900807 514837 918521 632939 487138 751866 419074 738787 553657 836378 739852 93469 865929 340331 694446 785245 412513 402477 844628 446954 732340 192613 444218 211873 877116 715949 267774 663363 324177 443388 558560 439734 91748 379169 611657 326350 616215 357505 117411 788202 871252
378463 468105 483869 470364 371574 178046 504562 300672 384917 330410 409243 999999999 195052 491145 411819 442183 327084 353846 140449 332181 476025 263341 280834 408872 392869 439258 458891 273589 381719 326027 416016 429338 408925 492295 239124 360718 337571 446048 231570 265824 385068 484516 376701 485816 355149 368220 273304 334013 314941 365667 150348 275296 397830 437800 235902 9568 395659 594717 399563 524070 620733 559012 379237 77914 344760 128393 467899 165264 448873 386332 476899 507400 460200 515268 416686 161022 235090 483067 415129 361134 384360 165051 402796 480253 325073 238914 413225 89879 46649 154666 491442 436684 32938 384538 481130 408141 334055 419831 452615 497933
399613 513140 289006 280792 517795 365100 387650 396802 522383 416426 405031 195052 999999999 668533 521453 561949 501032 485181 335316 150632 303020 152243 377022 215250 203691 349373 479541 259315 216696 501416 609960 237636 571040 345816 399257 515818 424550 489539 261123 107846 226344 599437 551793 318351 175460 500633 418228 513317 440974 442796 83376 130834 471835 266333 276957 189713 579794 741689 524833 507955 761872 517501 574235 229571 414590 318922 341237 210027 595198 341031 437613 465480 305453 708819 581646 37252 412091 649267 224844 527632 467995 357456 491354 611685 346349 141657 270115 166365 176359 243241 639643 389289 202313 579227 595559 240771 161488 466495 383992 655260
781030 473714 948094 905258 559527 408700 987490 359479 589751 372671 829434 491145 668533 999999999 299621 663611 167571 592333 368787 768223 875131 753548 628016 861093 872193 913999 525338 730910 785291 167141 291798 873583 518789 842611 272927 527988 670585 471528 672975 693804 875915 700074 451462 976163 840778 595737 533349 157135 286060 701894 594480 687920 393860 840305 666728 499766 400943 672714 627826 629521 710586 700104 232281 439140 405220 417407 792386 491099 169415 620416 916337 671658 951340 322580 107772 631285 435356 70401 893062 148470 702765 386899 705422 225333 497449 728715 778158 571213 494270 444827 607762 887167 503831 270488 699199 809576 821920 780843 689501 116297
783376 174293 758631 691965 668356 449266 898585 124844 694117 111510 818791 411819 521453 299621 999999999 767532 222735 679392 368804 570238 640870 651091 658360 666286 709388 842918 226801 685332 563051 229439 497173 670548 660539 587061 203894 642331 713148 172221 641753 501700 747728 810205 597743 838135 693432 689041 599470 249910 100373 744821 438077 486560 98399 611280 643899 421200 570568 847095 724549 330522 882487 401932 424488 334657 131066 422793 530888 311566 134893 348681 888718 377237 826866 568838 197635 487857 508029 236162 726276 191511 756415 417245 768463 107389 233027 630070 535854 500950 386007 281529 758317 848138 440201 461355 807956 583179 682421 812341 409465 206994
266480 878484 787827 823473 104636 320482 577077 693608 75290 726576 317137 442183 561949 663611 767532 999999999 574035 90805 404386 710251 862707 488486 186183 749825 677897 492499 883798 356988 778642 568239 391194 777738 156872 906015 564156 135730 150413 859284 317301 666144 599039 43469 217657 680200 625432 79023 174443 556969 670486 151129 568475 684731 793837 827117 298802 438006 276684 200532 43942 960131 209383 999764 433735 500425 751377 357112 893554 605890 732593 828511 403345 948685 633428 433564 659861 547515 259505 702560 698916 618664 126312 352578 105297 787907 758370 472856 828272 405106 488816 585312 124290 408629 411474 399218 40733 802564 598401 204621 894179 741420
645460 383662 780979 740622 470572 276234 828712 225616 498837 248727 690029 327084 501032 167571 222735 574035 999999999 491450 217059 602532 714798 590397 500207 694598 704666 758388 421178 579205 623186 6724 274525 707820 450674 689475 107550 441641 549225 373983 524161 528065 710476 614861 385017 810208 673714 498477 419409 28263 158027 581401 427057 523385 292972 679072 520310 336029 351714 631103 533298 523385 667415 588562 201940 271805 283235 270979 642628 327232 158634 480684 772529 552074 786694 350232 95219 463780 320735 157710 725501 44927 587262 248320 594530 214867 359844 565863 621260 410599 327360 280270 547586 739566 342689 238630 613147 648080 655262 656857 553335 181260
251051 787888 726817 754353 52920 230884 551848 603228 39335 636183 305911 353846 485181 592333 679392 90805 491450 999999999 314322 635176 787879 428272 123567 681658 617425 465688 792996 306825 701147 485915 336662 708772 129496 826080 475636 78564 115989 768598 257273 586779 547701 134260 168405 635865 565605 15461 83648 476136 581617 135931 484986 604072 703614 751477 238926 350158 228942 257920 46889 869696 276695 910057 368044 410157 660738 266377 810885 516531 650006 739852 398464 859194 591136 396232 579972 467737 172394 626348 639279 536329 123671 263040 117904 703791 667879 409884 747664 323513 400483 494974 159181 392718 323897 337437 131393 725752 538426 212312 806417 663223
430746 474970 624257 607446 311644 84413 619002 289465 333994 322440 473780 140449 335316 368787 368804 404386 217059 314322 999999999 467815 605969 390417 292622 548065 532711 545287 484868 363380 510751 213935 279617 567570 324326 610350 165890 290515 345858 456465 307321 397952 517916 447725 275581 619357 493458 325365 232264 215423 269327 377861 282429 403406 389465 567822 303251 146653 278463 517539 360634 569313 548723 617971 238952 134965 348356 55930 577908 243628 363846 462111 555489 570107 590102 379157 312149 300595 149926 373758 555107 258649 388145 53165 399697 408778 369373 365247 532793 206155 166406 206740 418314 522713 141892 246314 445117 537274 471267 448922 534763 397879
527607 513880 188394 140409 668399 508557 431308 449016 672642 458854 522610 332181 150632 768223 570238 710251 602532 635176 467815 999999999 152712 254801 524426 96204 162764 422011 465180 386926 75617 604252 746947 105361 721300 208779 495507 666360 569382 491583 401597 74467 250294 746721 700185 305510 177812 650637 568858 619544 508984 585148 185678 83882 498773 116936 418766 328868 725405 892094 674062 461658 911837 450165 704754 344283 445675 460140 221144 278141 668282 295443 535009 403016 316132 846443 671560 175104 559402 737972 171661 621207 611155 497231 635076 671660 353842 257488 144123 316689 301558 323560 790195 486186 345932 714128 742795 94848 186986 599880 309887 735460
671721 544721 194915 90913 820757 653964 528417 530471 825296 531582 661461 476025 303020 875131 640870 862707 714798 787879 605969 152712 999999999 396485 676734 142868 249235 538739 485606 532824 95261 717512 885367 116657 872496 99828 607543 818131 720798 525562 552061 210271 355951 898845 849123 374157 288433 803339 721003 735051 598908 735551 325848 202565 555042 38245 569577 473861 871550 1044689 826726 448518 1064546 413552 838131 475542 510043 604366 149448 388981 755348 309676 662146 378014 401696 984821 772575 324940 707666 836247 243417 726665 761828 640025 785933 747356 408757 403154 106422 468407 440457 436285 942651 614459 493086 851036 894904 68799 307461 746051 286395 826555
275249 660593 299518 341510 471836 386935 247535 528890 467588 552350 267815 263341 152243 753548 651091 488486 590397 428272 390417 254801 396485 999999999 306127 267352 189662 198642 630022 138137 330359 589252 635903 296331 538288 463566 499903 479246 339280 636990 171858 246496 131595 519553 537350 232131 137465 443171 381955 596581 562078 348262 225300 272379 612371 365950 190430 254368 578822 683542 458915 660149 697170 668043 616572 327820 555093 353631 472018 346711 707176 492759 287967 616394 199793 729657 679655 173658 412541 746277 211172 624145 375265 392106 399836 732424 495012 25204 396070 184271 271308 369825 587401 239145 250177 611631 515523 348633 110295 350242 532362 759803
156936 742737 605428 637657 171711 224120 436125 564702 162766 596804 210006 280834 377022 628016 658360 186183 500207 123567 292622 524426 676734 306127 999999999 564196 495711 350156 738300 183554 593601 495791 411428 591933 245116 722246 457833 186832 56958 721607 134399 482503 424149 222456 264866 512686 443591 137920 107682 491295 558034 87066 390295 502133 665358 641346 115894 274576 319860 377491 153159 804769 392295 837552 423875 350629 616459 236968 712458 445542 653954 661757 302761 785398 468385 487370 594374 364785 194706 649599 517299 544306 103567 252265 122451 701057 605761 288836 645196 226464 325780 433777 281878 287039 248053 401735 218564 617198 416421 156868 723532 680340
540518 604652 92505 74209 719673 580286 386613 545219 720318 554853 525708 408872 215250 861093 666286 749825 694598 681658 548065 96204 142868 267352 564196 999999999 106474 396178 553238 405489 128158 696032 824711 29219 778348 233340 588166 721321 603104 582834 433343 168608 213144 783247 763835 238475 147126 697015 622584 710577 604887 614389 270772 180086 593547 125422 451623 404163 794127 939526 716942 539875 956230 519468 786768 431070 541077 534108 266938 372748 764155 379154 521057 476101 261258 923757 765850 247851 625692 832554 102823 714819 641233 572498 665720 767863 447607 278697 195795 377112 383950 417346 839783 473894 417561 793394 779240 127013 168420 616794 381345 830931
450951 670742 109931 171635 659876 549744 280653 585039 656694 599906 430475 392869 203691 872193 709388 677897 704666 617425 532711 162764 249235 189662 495711 106474 999999999 291038 624960 323581 222412 705092 799514 133189 724234 338729 602192 665622 528241 647912 361515 212889 107660 708198 718153 142748 52551 632423 567325 716972 636624 535532 280644 234014 647022 230794 380088 386144 754987 873175 648572 624421 886758 611381 770034 433254 591574 508412 368205 401183 793678 457815 418321 565136 157364 896653 784215 240925 586122 851795 22931 730610 562618 547767 587194 805393 506699 207663 293702 339627 379448 440373 776605 372156 393094 771312 704164 227826 79496 528717 471365 856016
226665 859149 381870 462343 517682 516636 86190 722802 502041 747672 181795 439258 349373 913999 842918 492499 758388 465688 545287 422011 538739 198642 350156 396178 291038 999999999 828438 186378 495058 756203 748376 423892 593348 622567 678005 536211 351761 835552 247610 433614 183382 509354 614394 214655 251055 477462 453968 760007 750371 342215 423894 459822 809181 516391 258933 429718 667282 691831 478608 855440 694843 858929 745616 511856 752064 497750 642791 543744 888060 686779 133166 808198 166788 832124 851487 372300 519451 916087 301769 796180 366195 531658 387886 918563 693651 215695 565795 350405 457653 563591 611849 95602 417724 731736 505555 507290 235910 298828 720677 934859
830818 64625 643023 556446 795811 568721 865044 205366 816642 175727 853586 458891 479541 525338 226801 883798 421178 792996 484868 465180 485606 630022 738300 553238 624960 828438 999999999 707079 430215 427273 687063 548166 806948 409681 353710 775379 795250 55609 680110 414863 692406 927233 752069 766015 625775 805474 709356 449384 263485 824104 405975 391669 132034 464875 688250 466146 738744 999909 839882 104315 1032283 175131 616951 387991 142772 527232 349985 300430 361501 177085 905141 154483 767897 770168 420510 456726 634780 462950 636261 402273 841768 538030 858928 323724 137694 615245 380685 532824 416739 304617 902484 858872 491809 649182 924293 442868 623514 877945 210867 432516
141275 727359 433177 479643 355099 330379 267736 571619 345772 599789 148281 273589 259315 730910 685332 356988 579205 306825 363380 386926 532824 138137 183554 405489 323581 186378 707079 999999999 461596 576542 563885 434461 427197 594836 506325 368187 206577 704261 61564 365377 242467 385306 438791 329132 271076 320770 277556 578802 588397 211984 308459 389620 665449 501011 75079 264164 488230 555520 331470 752633 566370 770405 559323 350769 610044 313576 597617 408153 716165 591656 203661 717781 285066 650131 673544 264639 334518 736658 343765 618810 239071 346267 263638 751723 569386 129798 523597 184547 302527 416542 463657 163388 246750 546099 381273 481704 244545 213292 640912 758260
602534 484541 213662 129609 731967 559760 499454 447648 737901 452108 598174 381719 216696 785291 563051 778642 623186 701147 510751 75617 95261 330359 593601 128158 222412 495058 430215 461596 999999999 625663 790114 118406 781458 133375 515692 728002 640220 463585 473870 116850 319225 816050 756184 362676 246931 716576 631778 642706 513543 657113 231379 107358 482743 57313 490651 379874 777377 956657 741344 412019 977709 391756 743015 380363 433784 509916 148099 296253 671702 254058 610020 347956 379541 889563 684270 234458 614508 748976 225620 636909 682818 545248 706512 668026 335203 332510 71741 379047 345421 343510 854063 561274 399833 755777 812163 26535 259197 674181 253216 741694
641592 390075 782114 742582 464678 271728 826929 231033 493019 254506 686432 326027 501416 167141 229439 568239 6724 485915 213935 604252 717512 589252 495791 696032 705092 756203 427273 576542 625663 999999999 267847 709497 444336 693008 109993 435655 544531 380272 521195 529794 709880 608980 378596 809774 673727 492837 414261 22140 163989 576692 428005 525430 299299 681668 517135 334903 345078 624526 527608 529347 660862 594331 195282 271999 289003 267478 646474 329553 164357 485335 769278 557601 785903 343867 98951 464172 315452 160129 726016 50450 582340 244134 589429 221034 364761 564654 624437 408931 327259 282482 541190 736603 341058 231921 607286 650645 655074 652362 558130 185093
567301 655245 896904 886066 292867 250303 831499 483074 322811 511388 621215 416016 609960 291798 497173 391194 274525 336662 279617 746947 885367 635903 411428 824711 799514 748376 687063 563885 790114 267847 999999999 845346 236895 885662 336312 261409 438113 643618 502389 677551 767477 422664 173639 867727 755672 335363 304074 247300 425553 465551 561899 682822 563656 847264 489694 420548 115274 381061 362135 785809 418897 846164 72767 411084 544952 291792 849259 511903 410183 713451 714179 804452 831722 99546 326876 576926 229399 346612 822349 308516 458603 252744 454565 472425 602681 611327 809310 460401 445937 468483 318878 696634 408473 38226 422462 816618 731176 545271 787808 392112
569708 601479 95271 45735 746184 602540 411761 551067 747316 559044 554888 429338 237636 873583 670548 777738 707820 708772 567570 105361 116657 296331 591933 29219 133189 423892 548166 434461 118406 709497 845346 999999999 804001 210665 600849 747274 631411 580131 461599 179797 240592 811448 788221 259444 175846 724155 648632 724637 612767 643012 287637 187499 594829 104009 479822 425047 817377 966686 744499 529453 983754 505521 805783 447577 543617 555662 248395 383341 772041 372385 549534 463812 285232 944598 776741 268664 649361 843030 126786 726536 669822 593719 694288 773441 447893 307293 180880 401481 402333 428903 866613 502536 439522 813479 807446 111560 197527 645932 369106 839851
380524 791469 831923 848865 76578 244224 679532 605930 99489 638406 435334 408925 571040 518789 660539 156872 450674 129496 324326 721300 872496 538288 245116 778348 724234 593348 806948 427197 781458 444336 236895 804001 999999999 899242 463853 59275 245463 774695 372455 664788 663383 185869 67662 755435 673723 120577 156926 429673 569533 264410 554421 678593 702195 834940 355015 408091 121623 193264 135923 893509 225437 941961 286546 446731 667276 292873 876783 558205 606322 781785 527669 893528 712181 277448 528454 547605 178261 563953 746705 493645 249039 272008 237786 665099 693644 517540 820053 404686 453249 527347 97783 522111 384747 249364 185790 807172 646772 337730 852638 605702
735851 471862 294387 190517 854051 668604 619381 487077 861902 482448 731359 492295 345816 842611 587061 906015 689475 826080 610350 208779 99828 463566 722246 233340 338729 622567 409681 594836 133375 693008 885662 210665 899242 999999999 584613 847845 770366 454806 605558 239884 442455 944365 868959 470107 371802 841418 753624 712215 559000 788277 344855 222100 495187 107992 622002 492061 884838 1079195 867595 360070 1101781 318768 832333 475757 456579 617856 59754 375209 709780 241128 740928 287579 494598 984090 736897 358621 727383 797444 336093 695375 813676 650444 837126 694450 354886 465872 79193 502581 451143 420950 976048 692411 514584 849627 940526 116030 387245 807180 201328 782631
590392 329773 675390 633240 466159 245373 743486 148356 491240 178821 629920 239124 399257 272927 203894 564156 107550 475636 165890 495507 607543 499903 457833 588166 602192 678005 353710 506325 515692 109993 336312 600849 463853 584613 999999999 441178 511610 314833 456310 421052 614693 607009 404313 712943 573700 485488 395586 127907 106661 543544 322631 415945 239124 571674 455660 248594 386037 654311 520994 450209 688425 509852 269159 173403 210941 220962 539459 219683 210252 384764 706311 468607 692245 425320 182555 362109 304809 250155 622542 128420 554032 213370 565371 247196 268460 476157 515064 327635 230298 172752 561333 669392 260893 298113 604682 540653 556632 613449 458698 259984
327297 764043 773588 792322 31874 206930 622339 578074 62269 610922 382336 360718 515818 527988 642331 135730 441641 78564 290515 666360 818131 479246 186832 721321 665622 536211 775379 368187 728002 435655 261409 747274 59275 847845 441178 999999999 192033 746179 313191 611657 604116 174139 90257 696226 614936 74494 98813 423373 547802 214097 503140 626389 676529 780800 295784 359045 151070 234150 101358 858366 261747 903925 298945 404807 638154 252119 827402 515384 599755 739802 475377 854505 653091 317734 525513 493662 140601 567043 688036 485916 202149 237350 194898 656302 657135 458675 768733 349747 406135 487547 131227 467348 334644 265682 172779 753486 587945 290868 809389 606329
135328 799566 638149 677103 168888 273302 437717 621055 150583 653253 190334 337571 424550 670585 713148 150413 549225 115989 345858 569382 720798 339280 56958 603104 528241 351761 795250 206577 640220 544531 438113 631411 245463 770366 511610 192033 999999999 778483 169828 531307 448696 180364 278816 531220 475716 126407 138433 538767 612927 32219 443133 551869 721802 686217 151733 331180 337646 349669 127996 861336 359793 893437 458420 407583 673191 290707 762853 502041 704611 717133 283355 841182 485005 506264 642527 414951 235242 695752 549045 593714 46864 302920 67655 753122 662581 324803 694155 280136 382278 490712 261797 276760 304738 432791 176340 663143 448775 110402 778034 728141
822740 23615 674055 591880 768087 540859 877101 168776 790235 136550 848756 446048 489539 471528 172221 859284 373983 768598 456465 491583 525562 636990 721607 582834 647912 835552 55609 704261 463585 380272 643618 580131 774695 454806 314833 746179 778483 999999999 672946 435455 708617 902747 717600 787002 644466 780473 685226 402245 218099 808224 411691 413954 81179 502304 679709 453991 700852 966854 815355 158334 1000084 230154 572553 371569 108109 502236 395516 296361 306556 216112 905141 209750 785620 724072 367652 463455 605971 408307 660739 352287 824531 509437 840555 268115 143628 620470 419486 525221 406746 291831 871225 859981 478614 606069 899962 478421 639958 865743 259792 377190
150865 695607 471334 507301 302774 269839 329299 532230 296602 561748 177673 231570 261123 672975 641753 317301 524161 257273 307321 401597 552061 171858 134399 433343 361515 247610 680110 61564 473870 521195 502389 461599 372455 605558 456310 313191 169828 672946 999999999 368953 291373 349911 380145 383267 309295 271960 219585 522416 543240 183576 294447 391258 628772 518076 18576 222604 428215 511694 287057 732962 525513 756236 498008 309468 574744 255734 602257 379683 664963 577380 250068 703489 341049 589110 619003 257660 273001 681077 382990 564777 209767 286977 233907 703086 542924 155558 530998 147739 266534 381807 416126 215410 201693 484544 345902 495992 282139 207820 631910 704305
506303 458440 259215 213856 616264 443703 456910 378954 623029 390864 509023 265824 107846 693804 501700 666144 528065 586779 397952 74467 210271 246496 482503 168608 212889 433614 414863 365377 116850 529794 677551 179797 664788 239884 421052 611657 531307 435455 368953 999999999 279409 704509 639398 351732 211081 602160 515930 545145 436762 550225 115992 26223 434984 172084 384679 263590 661281 841216 627892 425623 862961 425343 633318 271508 380244 394205 233414 204206 595927 256189 534342 374888 353377 777097 597514 119045 497767 664085 227177 546914 575212 430193 598385 601386 293818 241783 162852 263620 231642 249257 738381 485432 283091 644021 700676 142944 210864 574122 287330 662368
356496 732034 204758 279129 594114 518280 181016 623130 586914 642581 330188 385068 226344 875915 747728 599039 710476 547701 517916 250294 355951 131595 424149 213144 107660 183382 692406 242467 319225 709880 767477 240592 663383 442455 614693 604116 448696 708617 291373 279409 999999999 625752 666258 101490 72549 562034 508508 718812 665525 451440 309697 304405 696643 335196 309320 376725 709278 797974 573882 704221 808330 698630 747230 441321 639627 483750 467192 436370 817106 535030 311457 650026 79146 861203 796694 260239 543795 864012 119615 741574 478328 522548 502626 836572 565075 156198 390898 312831 384525 468253 705601 266115 376264 742984 621735 328646 68892 434802 558486 874020
282812 921930 818044 857165 144313 363731 592458 737006 116459 769976 330037 484516 599437 700074 810205 43469 614861 134260 447725 746721 898845 519553 222456 783247 708198 509354 927233 385306 816050 608980 422664 811448 185869 944365 607009 174139 180364 902747 349911 704509 625752 999999999 250473 703465 655650 122386 217881 597197 713425 174346 608703 723619 837189 863656 331632 480149 307433 184212 87411 1003314 185628 1042561 468946 543557 794833 400581 933130 648580 773267 870824 411475 991379 656029 457885 699602 586261 302228 740855 728787 659350 147609 395801 123697 829116 801592 505137 866986 444925 531114 628467 129954 421717 453538 433261 4034 839645 628794 213583 936060 780425
413156 733569 823512 832227 120593 202140 700046 548988 149920 581055 468155 376701 551793 451462 597743 217657 385017 168405 275581 700185 849123 537350 264866 763835 718153 614394 752069 438791 756184 378596 173639 788221 67662 868959 404313 90257 278816 717600 380145 639398 666258 250473 999999999 761952 669283 164691 161341 363338 508848 302804 525907 651035 643388 811130 364158 377327 60871 250112 189138 841454 284869 892581 219359 404747 610988 252855 842773 516145 539712 737339 561559 845312 720903 228043 461283 525128 141796 496293 740949 427502 292067 225748 285149 598936 643583 514939 789919 386773 418513 481887 162680 550636 356366 182875 250007 782341 642835 380557 809508 538117
424844 810074 188000 286053 684145 619062 167617 713291 674686 730786 388948 485816 318351 976163 838135 680200 810208 635865 619357 305510 374157 232131 512686 238475 142748 214655 766015 329132 362676 809774 867727 259444 755435 470107 712943 696226 531220 787002 383267 351732 101490 703465 761952 999999999 144850 649655 602521 819145 759324 529893 401151 374358 781563 363010 400456 477604 806755 880536 658514 767168 888234 753395 848474 539883 725205 585115 505363 526797 912996 600358 347151 707609 48631 960739 895315 354101 642720 962781 137075 840417 556136 623842 579780 929961 644579 257047 432939 414308 483365 561587 791705 309493 477643 843748 699503 365071 157102 501900 613606 971483
399564 667705 162433 217797 608570 505422 253518 568595 604903 585937 380845 355149 175460 840778 693432 625432 673714 565605 493458 177812 288433 137465 443591 147126 52551 251055 625775 271076 246931 673727 755672 175846 673723 371802 573700 614936 475716 644466 309295 211081 72549 655650 669283 144850 999999999 580548 516915 684465 615738 483006 257309 235255 637017 265337 327860 347789 707528 820989 596333 633927 834361 626797 728907 401996 580533 465891 394990 382294 770607 465123 374019 578565 142326 852005 756246 212095 539104 823854 73708 701867 510091 505250 534669 786040 501444 156342 318537 295296 346511 418091 724767 326769 352294 728496 651616 257146 27181 477103 486564 830606
260598 799587 741872 769744 45163 241480 563562 614620 25044 647591 315203 368220 500633 595737 689041 79023 498477 15461 325365 650637 803339 443171 137920 697015 632423 477462 805474 320770 716576 492837 335363 724155 120577 841418 485488 74494 126407 780473 271960 602160 562034 122386 164691 649655 580548 999999999 96613 482491 591710 143847 500125 619393 714820 766933 253560 364667 225539 242531 35509 882896 261240 923771 369598 423593 672521 278450 826050 530473 657107 754017 407235 873019 604707 391557 586055 483116 181212 631243 654235 543284 129127 273590 120501 711517 681041 424938 762974 338840 414834 508323 144232 402972 338488 337891 119752 741193 553367 218036 820831 668776
263291 704654 675018 693748 100428 150226 539324 520351 111638 553278 317148 273304 418228 533349 599470 174443 419409 83648 232264 568858 721003 381955 107682 622584 567325 453968 709356 277556 631778 414261 304074 648632 156926 753624 395586 98813 138433 685226 219585 515930 508508 217881 161341 602521 516915 96613 999999999 406533 500873 168957 409912 531649 620932 683891 203168 270303 213466 325571 130538 786291 349120 827320 320270 327012 577451 183010 735554 434341 577075 658239 410204 776679 560633 380094 510727 397329 99423 561232 589817 464296 169826 182228 175228 628815 584441 360853 674717 252795 319763 411715 222493 394469 244596 295882 214967 657014 490006 248717 725693 595514
639245 411868 795862 758397 452923 267328 832054 252975 481681 276625 685124 334013 513317 157135 249910 556969 28263 476136 215423 619544 735051 596581 491295 710577 716972 760007 449384 578802 642706 22140 247300 724637 429673 712215 127907 423373 538767 402245 522416 545145 718812 597197 363338 819145 684465 482491 406533 999999999 186127 570829 441487 541535 321227 698956 517588 342650 327704 607692 516958 551487 644266 616442 174585 283767 311119 267246 666265 346454 176828 506421 769250 579594 794210 322006 104201 476129 307251 159504 738132 64352 575499 241243 581738 235617 386202 571801 642968 414802 338061 299215 526016 737662 347190 211881 595618 667876 665244 647384 579396 189380
683622 230050 695977 639181 572811 350903 809354 73444 597790 91306 719814 314941 440974 286060 100373 670486 158027 581617 269327 508984 598908 562078 558034 604887 636624 750371 263485 588397 513543 163989 425553 612767 569533 559000 106661 547802 612927 218099 543240 436762 665525 713425 508848 759324 615738 591710 500873 186127 999999999 644555 358429 425449 138322 566031 544832 324433 486955 758954 627202 365364 793503 430828 354477 239043 125752 322811 507326 235604 159305 334497 791298 395608 744514 506771 178792 405606 411307 238567 655013 145078 656372 318771 668710 171093 211537 540056 498083 404650 292781 197738 667173 751606 342193 388083 711061 536178 602397 711977 404478 228152
118498 829466 645161 688568 188313 305516 427399 651764 166362 683850 172205 365667 442796 701894 744821 151129 581401 135931 377861 585148 735551 348262 87066 614389 535532 342215 824104 211984 657113 576692 465551 643012 264410 788277 543544 214097 32219 808224 183576 550225 451440 174346 302804 529893 483006 143847 168957 570829 644555 999999999 465886 571526 752404 701651 166473 358954 362535 351586 137713 888671 358354 919438 488081 436920 703340 322598 782760 529391 736830 742446 263522 867038 482809 530812 674635 435373 266677 727636 555742 625906 27087 335130 51663 785299 690714 335719 712886 304307 409748 519487 269863 261801 332746 461557 170335 679457 456370 80177 802163 760209
442587 435296 354394 325854 510219 328394 467833 313434 519566 333369 456738 150348 83376 594480 438077 568475 427057 484986 282429 185678 325848 225300 390295 270772 280644 423894 405975 308459 231379 428005 561899 287637 554421 344855 322631 503140 443133 411691 294447 115992 309697 608703 525907 401151 257309 500125 409912 441487 358429 465886 999999999 125160 389905 287607 307090 148756 546006 735267 528213 444516 758886 462774 519090 160299 332565 278563 325955 126697 513853 283795 500755 410048 388818 661441 503993 51973 384112 571504 300410 450876 489003 314257 510780 528843 269983 209389 265684 164039 116029 160823 631958 453764 170012 528700 605015 257816 244621 501962 337712 575414
530277 436741 272174 217354 632075 453278 482526 365135 639807 375259 533985 275296 130834 687920 486560 684731 523385 604072 403406 83882 202565 272379 502133 180086 234014 459822 391669 389620 107358 525430 682822 187499 678593 222100 415945 626389 551869 413954 391258 26223 304405 723619 651035 374358 235255 619393 531649 541535 425449 571526 125160 999999999 416727 164442 406615 273908 670825 857202 645875 400091 879681 399157 636346 273648 362881 403183 211247 196845 584752 230726 560297 348779 377566 782292 589792 137380 509242 655836 246990 540259 596221 438155 619168 587780 273553 267141 143631 280561 238140 243248 754121 511409 294901 648603 719819 133889 236094 597265 261114 652356
776238 91731 685979 612350 699769 473624 857507 100969 723130 68554 806211 397830 471835 393860 98399 793837 292972 703614 389465 498773 555042 612371 665358 593547 647022 809181 132034 665449 482743 299299 563656 594829 702195 495187 239124 676529 721802 81179 628772 434984 696643 837189 643388 781563 637017 714820 620932 321227 138322 752404 389905 416727 999999999 527641 633714 406499 624068 893295 750050 236332 927178 306272 492251 320567 57358 438436 437795 265665 232746 254665 868566 279331 775175 643158 288542 441649 537335 332864 662104 271248 767070 441706 781739 202966 147546 593604 448924 482350 363239 249017 799355 825170 429306 526296 834569 500957 629160 813952 312353 305301
640779 522238 193530 94031 783784 615754 511441 498634 788715 501163 632497 437800 266333 840305 611280 827117 679072 751477 567822 116936 38245 365950 641346 125422 230794 516391 464875 501011 57313 681668 847264 104009 834940 107992 571674 780800 686217 502304 518076 172084 335196 863656 811130 363010 265337 766933 683891 698956 566031 701651 287607 164442 527641 999999999 535385 435669 833349 1007965 790730 435160 1028172 405852 800327 437668 480929 566132 145084 352597 723325 287870 637073 366780 386653 946733 738451 287334 669621 802621 228233 691846 727764 601780 751752 717210 380499 371213 84910 431167 402239 399899 905756 588920 455003 813005 859730 31176 282250 714292 273017 794021
143035 702196 489910 525535 284804 261209 341865 536302 278245 566288 174989 235902 276957 666728 643899 298802 520310 238926 303251 418766 569577 190430 115894 451623 380088 258933 688250 75079 490651 517135 489694 479822 355015 622002 455660 295784 151733 679709 18576 384679 309320 331632 364158 400456 327860 253560 203168 517588 544832 166473 307090 406615 633714 535385 999999999 227227 413174 493130 268485 743133 506948 767791 487439 313519 580278 250376 617781 388032 663323 589125 252315 715066 357752 575211 615374 271997 260555 676673 401553 561548 192391 279985 216381 702775 551436 174058 547033 155457 272963 388055 397690 220455 204974 472827 327627 513000 300706 194974 644792 700976
369939 476144 478165 466456 369131 180165 495180 309636 381806 339215 400267 9568 189713 499766 421200 438006 336029 350158 146653 328868 473861 254368 274576 404163 386144 429718 466146 264164 379874 334903 420548 425047 408091 492061 248594 359045 331180 453991 222604 263590 376725 480149 377327 477604 347789 364667 270303 342650 324433 358954 148756 273908 406499 435669 227227 999999999 397696 592825 395617 530194 618413 564226 385040 87032 353183 131272 468756 171020 458393 390739 467533 512456 451588 519645 425888 156428 235557 492190 408494 370333 378012 168739 396748 489821 331804 229863 412916 80328 51406 162337 489480 427214 26769 389524 476724 406229 326400 412154 456313 507279
