NAME : synthetic_000810
TYPE : CTSP-D
DIMENSION : 100
GROUPS : 8
RELAXATION_LEVEL : 1
EDGE_WEIGHT_TYPE : EXPLICIT
EDGE_WEIGHT_FORMAT : FULL_MATRIX
EDGE_WEIGHT_SECTION
999999999 621677 969446 913666 260884 574524 294650 916628 649181 1270263 1027160 1040828 625099 499678 540686 916543 845547 844298 867096 236926 704972 1086107 73659 529620 857938 963099 287123 217911 656740 411136 1111924 1270750 611285 980796 873083 414608 810832 997878 766044 1183272 1096137 801536 1012220 497965 1061060 1153483 404916 1007071 757306 695375 963741 843204 912088 247518 174160 486340 976788 1090153 815576 320908 784401 534909 835678 1120041 730060 421049 601640 721145 625495 1003967 77284 830835 1117426 693972 113162 836719 805644 373612 950848 319741 443968 584963 889176 505008 1124436 566135 673476 883843 109935 890046 636221 764681 297841 659462 453104 283396 1140959 911058 506255 663936
621677 999999999 935639 936835 537133 752573 425223 511779 820753 853321 801460 776339 430260 543032 403936 930202 866079 332612 649055 483181 705968 793667 623075 328052 236840 606147 356823 438194 741802 495991 626011 829388 548456 366385 754834 427785 204856 425608 309132 725810 791773 235286 835080 135837 546200 786076 445952 426499 265133 781082 915566 721998 971797 385676 612693 652139 390287 833511 249044 328409 684493 212045 448142 678588 407058 260887 658898 366636 542621 390925 607182 209988 807099 429819 514068 548559 734992 278758 388390 322685 188175 40319 327478 551101 642154 81854 56695 818552 531415 968451 378098 447839 512293 74893 211572 347921 734334 293234 357701 478351
969446 935639 999999999 90774 712771 415109 732796 582937 363161 676260 296749 357829 507025 489530 554620 78002 129775 752116 330330 757593 270987 407295 900423 625706 1009375 504573 820376 818435 315201 583050 740273 719969 412109 1014749 190745 617892 922787 886096 692701 711470 428066 840507 221254 859244 781454 544762 614443 909831 740611 281454 25809 219171 142956 849291 799134 484338 1250514 352296 1160887 994338 251178 735999 576947 661281 549274 764507 369801 591800 409835 1018359 892907 994480 442424 510778 964932 442062 202001 996784 851368 819826 850469 910409 838708 482026 737319 977179 928506 117228 994147 171697 557587 519377 682698 1009189 1010384 848632 606741 1101575 609953 457433
913666 936835 90774 999999999 662332 346114 694658 629441 285625 755834 372992 432342 506999 453334 541936 14286 74197 783494 374319 712281 239901 484693 842842 616330 1030974 560536 787459 777114 257744 544350 801471 797144 394982 1048015 230975 587260 943726 927866 716512 781323 505391 863825 299977 849461 835192 621336 581067 951279 762188 218296 108110 250384 57757 813054 740921 427672 1269757 433573 1170443 965063 262862 730577 612606 727738 569401 745564 325766 610758 397035 1053655 836520 1014146 521278 524014 918149 479950 209764 972242 890069 790581 835035 908638 871503 445195 799944 971495 935191 149026 946648 82739 562495 544911 635854 1011382 992797 816213 678458 1123433 595720 461580
260884 537133 712771 662332 999999999 337803 111911 694485 416799 1034829 769632 786643 387458 239327 306835 663985 591886 664330 612913 66955 445495 834114 199260 321154 752551 726568 199343 140062 404694 154739 901747 1041217 353223 853454 612318 178764 685631 832890 577089 961072 845444 651644 752092 401545 864275 911235 163053 846725 582518 445534 705773 582695 666628 197057 113453 236864 925972 834164 774862 362047 523847 374254 616192 895909 506767 279594 343222 507862 368555 873405 188045 725862 867006 461462 257154 594609 544838 393877 783658 226693 352166 496822 726941 244378 912439 513649 575439 623799 284893 647404 412522 535282 42410 597948 452144 222731 907250 825196 288458 418739
574524 752573 415109 346114 337803 999999999 400933 659278 79490 922237 574304 613971 388454 210703 364047 351322 285508 729401 463928 397673 202030 669702 502105 433519 914917 641171 502434 469451 111190 267197 871012 946664 259615 976616 387567 331387 831916 900806 642054 893811 686869 768760 528600 634052 868014 783964 316433 920873 672438 134527 415978 371174 338367 517115 400411 108998 1131404 645116 1001413 681307 322415 543594 602775 829282 509564 508850 132925 536876 277308 990093 497306 891911 707905 450437 593631 511265 310251 701650 853773 516350 601685 716123 813074 203123 876192 760847 770779 359610 620223 315567 446485 511847 321852 825335 742168 530857 810492 1002412 398898 375346
294650 425223 732796 694658 111911 400933 999999999 623537 479882 975639 745088 753563 331399 243295 246855 694050 621310 569949 581009 67855 461912 796513 254427 237663 642213 668484 101977 89163 443521 150406 823277 976719 337421 746327 606576 125848 577323 734386 485763 890719 805526 547825 738573 289659 778400 859356 122039 746911 485474 486480 722073 574288 707794 118938 202030 292290 814206 804989 663817 280454 516979 269562 542987 826902 436163 168757 368945 429653 348263 766910 239208 615387 826564 399350 244593 543139 547687 302360 685570 121617 240774 384911 626974 250931 835108 403330 463920 632501 274786 692547 341927 470132 92283 486447 351542 130029 846384 713724 211992 372684
916628 511779 582937 629441 694485 659278 623537 999999999 685053 362348 340339 295303 311017 506385 387783 617245 582124 205107 255218 687355 488357 295651 877043 387027 475614 102900 644108 699993 576228 550988 214866 355411 406501 444705 398817 515989 399411 304455 203000 267351 289220 316810 400387 519981 213197 275144 531499 328319 247501 593344 557488 380167 682892 686351 807469 617570 712883 347783 666204 747221 385945 412636 81258 203425 188131 516361 526356 196809 387251 444123 862215 469618 301509 235293 845898 156235 433143 718010 274209 619183 549689 509083 277093 508087 222705 585301 475264 480821 873982 695732 282871 161197 652268 567293 684468 660027 234064 561358 411879 296197
649181 820753 363161 285625 416799 79490 479882 685053 999999999 921898 558501 604099 436929 277964 424349 292964 234651 774086 468776 477104 201823 660541 576190 496950 973309 655282 581155 548940 108944 343194 892153 950649 302981 1027539 370949 405358 888816 942488 689196 905703 678959 821901 504630 705827 897009 782502 391468 963438 723145 103661 368098 361189 269478 596427 475097 187600 1194809 628943 1068866 760326 321299 609927 635599 842695 550186 582446 172723 581343 318296 1039677 572199 951178 699230 491764 671959 531851 296540 779893 896720 594295 675630 785251 859831 269770 895937 832858 836015 327527 698224 244108 496840 546755 401341 894295 818799 609679 816647 1062286 464080 415702
1270263 853321 676260 755834 1034829 922237 975639 362348 921898 999999999 383206 326152 648177 820245 731382 741562 741678 521663 458556 1036461 723234 271611 1225593 743451 752016 308361 1004132 1056039 818603 883448 249106 57421 705599 663614 557483 860108 698015 506152 555083 142286 251127 629364 456116 878862 340929 139504 873206 523873 591308 818839 652584 561645 813364 1046214 1148160 912416 957320 324076 958291 1108945 601840 774879 442578 175082 541834 878201 797531 557599 686632 649843 1211455 756416 234557 576668 1205044 441360 626801 1078221 511610 980308 911061 857369 553381 819501 232924 931706 808715 623699 1233600 837334 634422 505658 992485 897954 1040173 1021098 129652 818343 764203 617118
1027160 801460 296749 372992 769632 574304 745088 340339 558501 383206 999999999 61620 429839 531814 508310 358749 360231 539387 167282 792208 372989 111721 968886 556229 810748 242335 806626 833808 464226 616252 455660 424291 416431 784624 187871 619272 729945 638848 507703 416367 132400 645361 76066 765354 510061 248582 625371 662596 557997 455135 272064 203786 430658 844549 876725 592193 1050731 70833 991016 955841 258090 639321 368399 369988 396105 709110 466082 435093 401690 783002 957317 801932 148891 388785 989571 252953 264417 942146 613126 793658 775711 787161 616786 527918 450468 862164 777788 242900 1019740 454186 453174 354091 730181 867798 931877 830847 310791 898910 558844 379891
1040828 776339 357829 432342 786643 613971 753563 295303 604099 326152 61620 999999999 429103 552221 511028 418157 415527 498551 173844 804369 411961 56486 985334 551791 770070 193670 808496 841335 505661 632078 395795 365018 434892 736505 234224 628498 691512 587505 475292 354749 75733 607461 137659 750189 453317 189242 636410 611082 525001 500438 332941 243706 490089 847708 896120 622757 1008164 57372 955661 950276 292450 626069 333764 308833 377056 703767 499053 413129 418500 733628 973091 762808 95223 378922 996914 233547 307643 933241 564350 793093 764734 764817 572277 549172 390099 840717 749051 297552 1026949 512828 444403 333937 746095 840168 917835 831457 249242 856577 558548 382251
625099 430260 507025 506999 387458 388454 331399 311017 436929 648177 429839 429103 999999999 202131 84544 500089 437227 341197 262565 389292 282629 468324 577709 128189 542345 339840 379427 416500 338558 240208 523698 653764 134682 590618 333776 212052 456111 513674 253639 575249 476072 385668 439806 355301 500278 528418 225106 533193 286229 371590 488018 299787 544052 418939 500911 321873 773373 483270 664782 526592 256263 229783 237251 509665 130037 280449 264216 149750 122097 603009 563792 522051 496779 75743 570874 211748 305411 515766 466040 364417 354487 403625 424682 205583 532816 470348 428788 390566 600641 543101 60596 149879 345049 504592 514561 402428 520042 633398 129529 52625
499678 543032 489530 453334 239327 210703 243295 506385 277964 820245 531814 552221 202131 999999999 157038 452018 379480 537607 379775 272286 218616 601926 438196 223222 706148 516457 334127 329307 211447 93872 721024 833502 117662 774260 373615 136165 624377 711508 447875 763703 614695 565051 512768 428717 701911 690016 127969 729998 472561 254226 479149 343526 470648 360539 344920 122882 920722 597653 791512 512277 284729 333079 437042 697693 331936 308259 130237 350228 135295 789204 427341 682665 636423 275179 479004 380636 308673 522403 663027 338361 401448 507309 617099 8625 729078 555743 560127 391252 508780 458371 252552 346669 202179 616392 551314 362899 696676 792736 188211 210644
540686 403936 554620 541936 306835 364047 246855 387783 424349 731382 508310 511028 84544 157038 999999999 536931 469039 385649 341466 305270 305050 551682 494213 76037 550873 423275 298367 332229 338651 166968 596943 735443 147253 617319 394935 129090 468119 559710 295388 654239 559900 408040 512219 307530 565811 612798 143783 577262 316685 377293 538085 360842 572191 336862 420047 279446 770580 564278 648656 453606 310201 192360 310286 589121 200649 212097 256613 207199 145510 632491 480101 527981 580735 155209 486981 296288 353733 447896 510715 286054 295852 371870 462350 163315 607060 430616 413522 441370 516843 566732 108133 228584 264548 478714 455952 322614 602774 638706 55618 128939
916543 930202 78002 14286 663985 351322 694050 617245 292964 741562 358749 418157 500089 452018 536931 999999999 72777 772955 362046 712999 236749 470444 846050 610941 1021706 547481 786018 777149 259949 543656 788119 782925 390314 1037384 218530 585216 934501 916283 706799 767409 491146 854269 285693 844360 822446 607121 579486 939737 752777 221594 94275 238858 71937 812209 744198 430261 1260861 419289 1162771 963120 253546 724736 601473 714011 559975 741786 325512 601525 391707 1042801 839481 1005110 507007 515371 919282 468435 200487 969521 878789 788518 830782 902408 860854 443973 786488 965865 927802 136495 947930 96909 555003 534816 636788 1004649 988977 814709 664434 1114168 591036 454003
845547 866079 129775 74197 591886 285508 621310 582124 234651 741678 360231 415527 437227 379480 469039 72777 999999999 725327 329930 640381 165869 470607 775496 543836 967099 521648 713564 704381 188878 470925 764888 779049 321865 989861 192176 513132 879786 875257 654794 753921 490810 801213 293762 776532 791824 603992 507095 898364 699186 152601 133465 203127 107874 739525 673789 359240 1204454 426542 1101767 890975 202599 658629 558163 697009 506944 671637 252738 547432 324705 996628 768612 949480 508666 458888 846821 428673 150861 898046 835670 716457 761370 837201 813706 371394 764744 899160 865980 117998 875545 114292 493953 485393 564267 940778 918867 742289 654160 1059472 522466 393519
844298 332612 752116 783494 664330 729401 569949 205107 774086 521663 539387 498551 341197 537607 385649 772955 725327 999999999 424287 637775 598207 500742 819622 345326 271626 307927 557676 628639 670675 547975 295679 496779 471762 264619 561598 493270 194380 174115 90270 393334 493907 113182 592749 380039 223939 465793 512460 192441 87303 698213 727824 535748 831842 598659 770176 660010 511485 552207 461702 617163 522796 309412 176723 346627 225444 423347 602436 192895 455832 271672 803674 264604 505342 282671 755646 311006 575242 578263 125419 526488 423258 340441 88460 542391 311409 412475 287066 640513 780525 839057 285439 240139 625353 376888 529101 565589 406383 359665 381192 358622
867096 649055 330330 374319 612913 463928 581009 255218 468776 458556 167282 173844 262565 379775 341466 362046 329930 424287 999999999 630794 267389 222152 811513 389268 688047 193424 639830 669245 362566 458289 436815 483220 262142 685167 143604 455553 603038 556275 373163 438032 235241 519017 186243 602856 462198 321172 462962 579938 422981 367992 305366 126805 428282 678121 722766 458009 930081 223981 854037 788782 148142 476032 247861 376516 242534 542154 339472 284328 245232 688258 799248 675461 256990 225404 824994 113364 185977 775916 521041 626457 610592 631383 509694 377146 437815 704929 630910 225603 855105 442369 288289 204260 572279 718409 768124 663811 348087 779326 391592 212771
236926 483181 757593 712281 66955 397673 67855 687355 477104 1036461 792208 804369 389292 272286 305270 712999 640381 637775 630794 999999999 487441 849264 189745 303349 705082 728511 135309 73663 456072 179532 889116 1039157 378153 811883 644440 177872 642292 802138 553360 954701 859218 614830 780641 347406 845516 917600 168068 814542 553325 498037 748897 613313 720112 130145 134964 292905 869531 854263 716167 295175 554953 336737 607250 890467 499428 232600 388430 494894 391254 832780 175170 678091 880501 459822 207422 600523 580948 327119 753358 165176 295792 442942 694623 278767 900715 454178 524658 663101 236897 702341 404772 531888 76995 540820 386755 157020 907593 774201 275547 427095
704972 705968 270987 239901 445495 202030 461912 488357 201823 723234 372989 411961 282629 218616 305050 236749 165869 598207 267389 487441 999999999 467769 638244 380581 822880 453728 550997 547469 95411 312063 692107 750198 158011 859461 188138 349220 735987 759966 519440 703881 485106 661458 331708 612015 701401 584281 344517 781972 559652 104995 261461 169376 267149 578846 538670 229945 1055848 443706 945781 727013 121452 496322 445778 640928 373161 505777 104251 409885 163574 868934 629499 803446 506051 318531 694863 333165 111113 732784 716458 552323 595717 675646 686144 211053 695380 735666 709423 179268 724281 262482 342108 361341 413437 780848 753004 579505 615469 914556 357580 245828
1086107 793667 407295 484693 834114 669702 796513 295651 660541 271611 111721 56486 468324 601926 551682 470444 470607 500742 222152 849264 467769 999999999 1032169 587479 770442 193079 847200 883482 561744 679377 364272 312838 484294 726882 290685 672324 695061 573622 487580 311753 20775 612226 186066 776535 429986 137485 681206 596748 536086 556882 382967 299945 542339 887130 944555 676149 1005259 64613 961621 983416 347712 654664 346135 272312 403583 737933 553389 436526 467279 722097 1019595 765132 38739 412606 1038612 263706 364050 963916 554801 830233 794395 784811 568891 599252 356698 861198 762946 352771 1068510 565895 477999 360393 793110 854753 944464 869260 205421 854470 596973 423895
73659 623075 900423 842842 199260 502105 254427 877043 576190 1225593 968886 985334 577709 438196 494213 846050 775496 819622 811513 189745 638244 1032169 999999999 492056 856468 917415 271954 193189 586619 353296 1077694 1228819 552465 973750 810079 365660 803054 979101 737757 1144376 1043053 786154 950732 493028 1031672 1105275 353614 989854 733620 624589 895440 781012 840086 237989 101967 416361 991761 1033262 831903 346962 722144 512365 796823 1080198 689162 400516 534354 683978 567653 996089 16216 829228 1064529 649147 149238 788065 740980 396557 931084 306442 438446 584604 870617 442929 1089533 575353 671919 817457 159643 817671 594516 721504 239240 667995 473361 275763 1096922 915697 465177 613245
529620 328052 625706 616330 321154 433519 237663 387027 496950 743451 556229 551791 128189 223222 76037 610941 543836 345326 389268 303349 380581 587479 492056 999999999 483678 439702 262895 313173 413994 206545 585796 741640 222584 559351 459334 148045 403406 516968 256696 653735 593389 350287 567980 233807 543757 633613 167446 532564 267546 453039 608229 425184 647627 304353 430472 342121 698244 607124 573555 399627 377890 116325 306062 590426 201624 152891 331450 192030 219296 576183 476871 459826 613354 175363 461932 324783 423920 387609 467562 243226 227446 295835 414312 230511 597504 355339 339231 510976 490818 642556 111163 239221 281049 402780 387954 282946 613813 569608 37716 180591
857938 236840 1009375 1030974 752551 914917 642213 475614 973309 752016 810748 770070 542345 706148 550873 1021706 967099 271626 688047 705082 822880 770442 856468 483678 999999999 578475 586476 667765 879853 682161 504383 715061 676042 138767 819024 615628 87313 254854 316712 611782 762459 169180 862280 363582 413308 722057 635368 244430 269117 913882 986073 790373 1074948 618479 838208 825782 242036 823339 206818 562299 768182 386459 444617 582011 461798 473457 801968 420216 664424 164151 840419 27242 772526 508321 750875 575203 821272 510730 240527 551841 418115 272998 204666 713074 520979 304327 184725 894435 768195 1078088 481878 490013 722331 219178 436871 580711 653096 92462 520314 577391
963099 606147 504573 560536 726568 641171 668484 102900 655282 308361 242335 193670 339840 516457 423275 547481 521648 307927 193424 728511 453728 193079 917415 439702 578475 999999999 702320 750362 547049 575801 243515 317173 405171 543193 330973 551832 502125 396585 297614 252789 187706 419152 307523 601645 276924 194664 564845 420362 344935 557139 478786 319212 616296 743982 839944 616243 815213 245101 768543 820816 339153 486118 158877 188143 239944 581405 510450 263665 385779 540942 903367 572490 201484 269134 901415 135908 379390 795815 371255 680640 625894 600242 378938 516440 244413 676788 572700 411928 930444 632511 329116 200484 684205 664735 768612 721089 181079 663845 457975 309793
287123 356823 820376 787459 199343 502434 101977 644108 581155 1004132 806626 808496 379427 334127 298367 786018 713564 557676 639830 135309 550997 847200 271954 262895 586476 702320 999999999 81472 540377 245161 830883 999484 414562 701858 682376 202583 531153 711100 481395 907671 854145 515822 807793 223187 776203 896447 206581 720754 470530 583500 808046 649057 803496 42298 256804 393589 738304 862317 583042 180022 593719 248341 562905 846231 463088 134407 463065 447330 422313 724141 255754 559248 874473 437446 202197 586370 629110 200451 663862 34663 169053 317210 602392 342300 844059 320977 402717 715706 229898 789490 374022 501883 190943 409771 253124 28947 874530 649933 250243 427172
217911 438194 818435 777114 140062 469451 89163 699993 548940 1056039 833808 841335 416500 329307 332229 777149 704381 628639 669245 73663 547469 883482 193189 313173 667765 750362 81472 999999999 522831 235496 894017 1054811 426438 781991 695466 214822 611317 786267 548838 966130 892035 592965 827735 304630 843720 942672 211063 796793 542099 565321 808434 663289 787420 60518 176983 363284 818071 893198 661647 222251 605837 320071 618868 903283 514534 207473 451653 503923 437415 804020 176994 640546 912926 481743 155783 627760 635732 256691 738433 115986 250525 398647 677699 336578 906558 400036 484153 719954 185937 770658 421696 550595 147599 489970 320644 94091 926478 731354 292400 459640
656740 741802 315201 257744 404694 111190 443521 576228 108944 818603 464226 505661 338558 211447 338651 259949 188878 670675 362566 456072 95411 561744 586619 413994 879853 547049 540377 522831 999999999 295222 783267 845552 204011 927357 276919 347338 794153 837225 587578 798135 579413 724087 417429 635494 788386 679586 337496 858531 623852 43142 312842 262068 264623 562458 484937 170400 1106655 535059 987307 720075 216767 529758 527949 734753 445674 518641 83498 478688 217091 938539 579763 858751 600187 388020 660966 422911 199830 732790 792112 547673 611480 708382 757342 202832 787140 761946 751989 249641 689266 249162 399115 439958 379276 816338 762730 569324 710640 970156 384632 312222
411136 495991 583050 544350 154739 267197 150406 550988 343194 883448 616252 632078 240208 93872 166968 543656 470925 547975 458289 179532 312063 679377 353296 206545 682161 575801 245161 235496 295222 999999999 762407 892003 200150 764979 464930 68264 605463 721217 457989 815340 690730 556407 601860 370850 732778 757972 50409 737609 473318 338350 572939 433944 558586 268737 266288 160036 882866 680066 744565 424897 375489 296742 475425 749661 366062 243339 218780 374143 214603 782279 341291 657055 712302 315773 385486 442281 401866 439357 671895 253532 335376 457732 620179 101083 772050 496624 521367 485023 415354 544330 275032 390016 114088 566398 475615 274107 756852 764129 168997 266341
1111924 626011 740273 801471 901747 871012 823277 214866 892153 249106 455660 395795 523698 721024 596943 788119 764888 295679 436815 889116 692107 364272 1077694 585796 504383 243515 830883 894017 783267 762407 999999999 210897 620891 415288 573558 723050 455383 257143 352531 107501 347222 393728 529493 672743 91832 257702 739623 275381 376839 796608 714512 562709 857880 873008 1013751 832317 708865 428776 711095 909117 581030 586387 286983 96931 396458 697968 738322 394543 601556 402556 1062388 510184 345830 448095 1032652 360636 622677 872268 263929 802598 712491 635897 310402 722843 16685 706867 577042 653695 1059299 875041 489550 374781 859935 662927 824754 843057 175813 569246 614751 511041
1270750 829388 719969 797144 1041217 946664 976719 355411 950649 57421 424291 365018 653764 833502 735443 782925 779049 496779 483220 1039157 750198 312838 1228819 741640 715061 317173 999484 1054811 845552 892003 210897 999999999 721071 620424 591554 864532 665609 465078 538523 104536 292070 600877 498848 863273 301799 175818 878594 481465 571201 848376 695766 592924 854857 1041739 1154668 930627 913796 369399 921840 1096243 629427 764526 436659 154959 540693 870922 819405 552220 701809 605429 1214324 721081 277769 580240 1201309 452868 657985 1063293 474741 974246 898169 835934 520529 833339 194236 909039 782661 661168 1229372 877842 634804 507331 998808 870365 1021615 1015095 137345 777725 764730 626626
611285 548456 412109 394982 353223 259615 337421 406501 302981 705599 416431 434892 134682 117662 147253 390314 321865 471762 262142 378153 158011 484294 552465 222584 676042 405171 414562 426438 204011 200150 620891 721071 999999999 724804 269298 213794 590191 641879 386239 655652 497036 520350 402564 454673 611162 573814 215389 662290 420654 238254 397326 236868 425052 447396 461391 212196 904577 481184 789962 584078 179865 338342 344882 589818 250027 352818 130699 278867 19494 736728 540901 655200 518765 190939 580718 269548 215195 584795 595311 410464 440639 517737 556993 115393 627595 577784 553690 302588 610863 420250 195165 253427 313841 623349 599530 441904 583829 766614 200750 115773
980796 366385 1014749 1048015 853454 976616 746327 444705 1027539 663614 784624 736505 590618 774260 617319 1037384 989861 264619 685167 811883 859461 726882 973750 559351 138767 543193 701858 781991 927357 764979 415288 620424 724804 999999999 824740 701729 170706 159399 340296 521328 715652 209469 844706 482862 324257 656493 721705 139910 304503 957266 990136 799690 1096455 736793 946616 896751 293706 785327 324034 694668 787376 479501 437804 503819 486603 579572 854834 449835 710460 25390 957565 161719 722204 541247 876622 572697 839858 644238 172284 667316 537078 398917 176533 780258 431064 439161 310839 904361 895613 1103479 530981 504504 819795 357118 572467 699431 580434 162963 597056 615915
873083 754834 190745 230975 612318 387567 606576 398817 370949 557483 187871 234224 333776 373615 394935 218530 192176 561598 143604 644440 188138 290685 810079 459334 819024 330973 682376 695466 276919 464930 573558 591554 269298 824740 999999999 482976 732623 699201 502312 562205 309745 650031 144230 689034 604393 418319 484545 722786 550566 267427 167062 34169 285726 716247 713501 414521 1060426 258598 974158 847248 89655 562970 387060 504858 360325 606834 287056 403034 260122 828879 799894 804502 329421 325800 849087 252507 77407 842824 662957 675890 686778 732120 648483 368093 573021 801798 744039 82038 879161 301568 378106 329047 575794 827267 847281 709138 463691 911134 450217 281670
414608 427785 617892 587260 178764 331387 125848 515989 405358 860108 619272 628498 212052 136165 129090 585216 513132 493270 455553 177872 349220 672324 365660 148045 615628 551832 202583 214822 347338 68264 723050 864532 213794 701729 482976 999999999 540169 664977 404255 782875 681891 494192 613233 303672 687116 739943 19977 680404 415235 390245 605463 450240 606408 233774 291484 226266 814660 679498 676451 377908 393647 229487 437452 717918 328098 177463 266360 329564 223437 719681 351804 590284 703094 284294 370432 422778 427125 386365 615570 203324 270408 389637 561785 144725 733687 429985 453252 513369 400623 594502 233762 357570 136894 498422 416088 230742 731694 696763 112378 249340
810832 204856 922787 943726 685631 831916 577323 399411 888816 698015 729945 691512 456111 624377 468119 934501 879786 194380 603038 642292 735987 695061 803054 403406 87313 502125 531153 611317 794153 605463 455383 665609 590191 170706 732623 540169 999999999 226711 230513 561168 688279 84692 779314 312931 367610 656005 560084 224417 182211 827698 899624 703693 987635 566230 776804 745139 327810 745812 267799 531573 680963 313441 362113 524530 374680 409734 716984 332981 578204 193250 786866 72481 699566 421020 707770 490653 734047 483080 197059 496615 366888 233020 145079 631063 472051 283681 148172 807596 727561 990811 395556 403583 653186 216393 416056 528942 591415 179730 440617 490360
997878 425608 886096 927866 832890 900806 734386 304455 942488 506152 638848 587505 513674 711508 559710 916283 875257 174115 556275 802138 759966 573622 979101 516968 254854 396585 711100 786267 837225 721217 257143 465078 641879 159399 699201 664977 226711 999999999 264332 364061 561275 199272 703008 511319 165531 497690 684412 23880 250463 862322 860830 677488 979345 750394 936059 833734 452133 633831 460624 743399 673705 466991 317434 344437 392388 578820 772139 364162 625187 150027 962971 265720 566606 451159 902595 447923 724436 698231 49407 678138 561195 447347 108709 716180 273230 506718 370106 780661 925377 989548 459090 398663 794935 443081 636600 715177 421099 312662 553485 527094
766044 309132 692701 716512 577089 642054 485763 203000 689196 555083 507703 475292 253639 447875 295388 706799 654794 90270 373163 553360 519440 487580 737757 256696 316712 297614 481395 548838 587578 457989 352531 538523 386239 340296 502312 404255 230513 264332 999999999 439134 484418 147860 552283 324751 295032 477989 423260 282222 50397 617001 669361 473795 762306 523159 684422 570464 558276 531618 483794 558756 453770 234477 141817 383867 147976 347364 516838 109582 371156 350961 721974 302715 499007 201001 682082 261735 506821 524782 215432 451847 361095 306266 171044 452810 366717 382363 275413 578061 708139 767360 196369 173324 537524 367336 485189 491946 431031 408875 291950 275700
1183272 725810 711470 781323 961072 893811 890719 267351 905703 142286 416367 354749 575249 763703 654239 767409 753921 393334 438032 954701 703881 311753 1144376 653735 611782 252789 907671 966130 798135 815340 107501 104536 655652 521328 562205 782875 561168 364061 439134 999999999 292054 496482 492400 763430 199218 183257 798019 381604 469583 805861 686209 557682 838859 949968 1074252 867550 815034 375119 818434 997839 586151 668611 347753 66010 455425 777169 763238 462209 636169 507643 1129522 617238 284578 500089 1109851 386463 621283 963530 371273 881231 799990 733210 416094 764385 91046 805800 678579 638020 1137409 859124 550171 425959 918764 765996 919951 922023 106335 676492 679201 553699
1096137 791773 428066 505391 845444 686869 805526 289220 678959 251127 132400 75733 476072 614695 559900 491146 490810 493907 235241 859218 485106 20775 1043053 593389 762459 187706 854145 892035 579413 690730 347222 292070 497036 715652 309745 681891 688279 561275 484418 292054 999999999 606019 206840 778213 415084 116728 691251 584220 532334 575325 403742 317997 563048 894378 956366 691232 995956 83215 955385 987758 364573 657440 343667 254216 406215 742950 569270 437779 479704 710269 1030304 757826 21749 418130 1046854 268736 382420 967212 543871 836474 797421 783954 559966 612242 339165 860444 759798 372908 1076670 586530 483263 363218 804219 851753 946088 875771 185782 845557 604087 432875
801536 235286 840507 863825 651644 768760 547825 316810 821901 629364 645361 607461 385668 565051 408040 854269 801213 113182 519017 614830 661458 612226 786154 350287 169180 419152 515822 592965 724087 556407 393728 600877 520350 209469 650031 494192 84692 199272 147860 496482 606019 999999999 694662 312052 311407 578652 514138 206043 102155 755951 817093 621649 908915 554119 749715 687412 411134 662070 349412 544867 600975 278286 277424 454498 294489 386015 649279 253839 507091 225903 769955 157064 617908 343865 704343 406370 654066 500780 156476 482236 362259 251732 93758 571155 410144 317093 183798 725917 726686 913157 325292 321152 616207 269520 442578 518239 517517 261105 388002 415748
1012220 835080 221254 299977 752092 528600 738573 400387 504630 456116 76066 137659 439806 512768 512219 285693 293762 592749 186243 780641 331708 186066 950732 567980 862280 307523 807793 827735 417429 601860 529493 498848 402564 844706 144230 613233 779314 703008 552283 492400 206840 694662 999999999 787505 580458 323514 616963 726863 602624 402829 196919 170135 357361 843831 855357 558734 1103687 133964 1035700 965125 228863 660429 417663 445329 428167 719987 431275 469439 390445 844510 940077 851726 221693 410716 982745 291066 220596 955571 674588 797929 792774 817626 673573 507826 524859 891089 815768 179693 1012927 381986 472097 388592 714396 903967 951566 833379 386857 952017 565529 387660
497965 135837 859244 849461 401545 634052 289659 519981 705827 878862 765354 750189 355301 428717 307530 844360 776532 380039 602856 347406 612015 776535 493028 233807 363582 601645 223187 304630 635494 370850 672743 863273 454673 482862 689034 303672 312931 511319 324751 763430 778213 312052 787505 999999999 603896 792639 320444 517417 295948 676646 841398 655078 879064 255095 477647 529934 524745 807353 377248 237131 610273 127128 444736 708589 373439 128961 552001 340485 452678 506005 476947 336340 795938 377490 395428 516664 657312 200103 467380 188653 54585 95552 404367 437153 687766 127048 179531 744001 416280 872440 315488 416690 377736 198551 167929 217405 752964 427546 254498 407401
1061060 546200 781454 835192 864275 868014 778400 213197 897009 340929 510061 453317 500278 701911 565811 822446 791824 223939 462198 845516 701401 429986 1031672 543757 413308 276924 776203 843720 788386 732778 91832 301799 611162 324257 604393 687116 367610 165531 295032 199218 415084 311407 580458 603896 999999999 338534 704896 184434 309921 806362 755676 588821 890055 817818 974229 818561 617568 493176 620115 841027 598385 528431 266466 180851 370246 641959 735291 358721 592421 312443 1016004 419939 417123 426880 976232 369320 644407 801512 173327 746183 647020 559230 223640 704777 108172 627776 495158 686180 1001806 904566 457800 358042 823353 578599 749683 785963 259129 477416 575849 496824
1153483 786076 544762 621336 911235 783964 859356 275144 782502 139504 248582 189242 528418 690016 612798 607121 603992 465793 321172 917600 584281 137485 1105275 633613 722057 194664 896447 942672 679586 757972 257702 175818 573814 656493 418319 739943 656005 497690 477989 183257 116728 578652 323514 792639 338534 999999999 751685 519073 521038 679381 520370 422141 679055 937964 1024017 777654 945620 196841 923161 1014775 462835 679688 347923 160776 434584 776065 660639 457523 555230 647553 1091651 721460 104507 460963 1094762 317213 487298 988633 489484 875153 819022 784196 517466 688711 246301 860352 747420 486016 1123965 702041 522659 394632 869150 839074 958434 915538 82330 798748 650447 492557
404916 445952 614443 581067 163053 316433 122039 531499 391468 873206 625371 636410 225106 127969 143783 579486 507095 512460 462962 168068 344517 681206 353614 167446 635368 564845 206581 211063 337496 50409 739623 878594 215389 721705 484545 19977 560084 684412 423260 798019 691251 514138 616963 320444 704896 751685 999999999 699956 434829 380570 602752 452255 598489 235064 276328 210074 833445 686650 694372 384308 394960 249104 453516 732867 343969 193098 257866 346842 226522 739646 340157 609972 712569 298542 365785 434491 426392 395295 635007 210544 285439 407543 581448 136311 750062 446286 472235 511856 395970 585707 250082 372260 120774 516111 428100 235227 745147 716253 131314 259767
1007071 426499 909831 951279 846725 920873 746911 328319 963438 523873 662596 611082 533193 729998 577262 939737 898364 192441 579938 814542 781972 596748 989854 532564 244430 420362 720754 796793 858531 737609 275381 481465 662290 139910 722786 680404 224417 23880 282222 381604 584220 206043 726863 517417 184434 519073 699956 999999999 265212 884047 884581 700915 1002622 759563 948816 852445 433521 657165 448500 747498 696652 478490 340350 364529 413252 589346 792715 384010 645792 128577 973692 257401 589293 471820 910385 471330 747521 701397 67154 687473 568192 450054 119952 734819 291191 506937 370403 804194 932671 1012656 477875 420632 809225 439942 637987 723949 441776 296887 569373 547839
757306 265133 740611 762188 582518 672438 485474 247501 723145 591308 557997 525001 286229 472561 316685 752777 699186 87303 422981 553325 559652 536086 733620 267546 269117 344935 470530 542099 623852 473318 376839 571201 420654 304503 550566 415235 182211 250463 50397 469583 532334 102155 602624 295948 309921 521038 434829 265212 999999999 654963 717515 521495 806927 511426 686582 595428 509909 581137 433398 532655 499331 222408 191254 417820 192803 336274 550424 151756 406765 317676 717618 253937 546404 241755 668346 311942 552430 495460 201163 439224 337290 266160 146863 478142 391961 341157 227969 625393 693267 811024 226478 221629 544472 320040 450460 478288 470012 361537 304599 314148
695375 781082 281454 218296 445534 134527 486480 593344 103661 818839 455135 500438 371590 254226 377293 221594 152601 698213 367992 498037 104995 556882 624589 453039 913882 557139 583500 565321 43142 338350 796608 848376 238254 957266 267427 390245 827698 862322 617001 805861 575325 755951 402829 676646 806362 679381 380570 884047 654963 999999999 281550 257678 222150 605413 522692 209657 1142726 525685 1025631 763213 219900 569145 549662 743590 472770 560824 125136 507579 249494 967685 618224 893298 595574 416301 702252 438121 192911 775864 818095 590797 653501 748194 785594 245623 799632 802848 789864 228316 730353 206099 432146 463797 421132 855763 805367 612447 715094 1004702 424676 341364
963741 915566 25809 108110 705773 415978 722073 557488 368098 652584 272064 332941 488018 479149 538085 94275 133465 727824 305366 748897 261461 382967 895440 608229 986073 478786 808046 808434 312842 572939 714512 695766 397326 990136 167062 605463 899624 860830 669361 686209 403742 817093 196919 841398 755676 520370 602752 884581 717515 281550 999999999 196557 163287 837803 794549 480250 1227411 328890 1139230 980801 231761 717460 552370 635736 526668 748827 362569 569282 394058 993560 887520 971441 418448 489347 956319 417449 184421 982071 826341 806542 833847 890911 814217 471863 711600 958363 907482 97475 985716 190630 537477 496074 674655 988870 994036 836120 581646 1078194 593580 437820
843204 721998 219171 250384 582695 371174 574288 380167 361189 561645 203786 243706 299787 343526 360842 238858 203127 535748 126805 613313 169376 299945 781012 425184 790373 319212 649057 663289 262068 433944 562709 592924 236868 799690 34169 450240 703693 677488 473795 557682 317997 621649 170135 655078 588821 422141 452255 700915 521495 257678 196557 999999999 302819 683230 685280 390641 1031378 274404 942941 813348 58869 529133 362860 498372 330164 572702 263595 372747 227030 804554 770546 775329 338516 293638 817303 229590 65171 808718 639974 642227 652625 698887 623207 338317 563128 768255 712015 104783 847415 315862 344790 300513 545572 794667 813134 675699 462062 882638 416094 247787
912088 971797 142956 57757 666628 338367 707794 682892 269478 813364 430658 490089 544052 470648 572191 71937 107874 831842 428282 720112 267149 542339 840086 647627 1074948 616296 803496 787420 264623 558586 857880 854857 425052 1096455 285726 606408 987635 979345 762306 838859 563048 908915 357361 879064 890055 679055 598489 1002622 806927 222150 163287 302819 999999999 826704 738214 429860 1312305 490744 1208813 982595 309173 763126 662982 784959 614548 770572 340656 655185 429377 1102804 834806 1057354 578820 566760 923678 531650 256602 992737 940643 808995 861561 942209 920121 462225 856590 1002803 972822 204371 951509 31326 601292 592228 643170 1046597 1017401 832411 736139 1167329 624575 501086
247518 385676 849291 813054 197057 517115 118938 686351 596427 1046214 844549 847708 418939 360539 336862 812209 739525 598659 678121 130145 578846 887130 237989 304353 618479 743982 42298 60518 562458 268737 873008 1041739 447396 736793 716247 233774 566230 750394 523159 949968 894378 554119 843831 255095 817818 937964 235064 759563 511426 605413 837803 683230 826704 999999999 235663 409189 761176 901139 603717 166177 627135 289596 605138 888520 504972 175859 487505 489560 456202 759458 221948 591239 914816 478398 159910 627027 660790 197148 703480 72381 200510 346866 641701 368416 886226 342931 433952 746713 187633 811472 415370 543508 197747 434044 260130 37803 916597 678747 290293 465801
174160 612693 799134 740921 113453 400411 202030 807469 475097 1148160 876725 896120 500911 344920 420047 744198 673789 770176 722766 134964 538670 944555 101967 430472 838208 839944 256804 176983 484937 266288 1013751 1154668 461391 946616 713501 291484 776804 936059 684422 1074252 956366 749715 855357 477647 974229 1024017 276328 948816 686582 522692 794549 685280 738214 235663 999999999 314847 994880 942423 838628 380660 626496 471525 728819 1009168 619563 367092 434515 619401 477631 967623 97107 811120 977995 574840 216292 707683 642995 423437 887128 290296 424518 572736 828867 348886 1024672 576979 656397 717931 236644 715964 525099 648584 155862 666519 493322 270981 1020671 905193 399313 531720
486340 652139 484338 427672 236864 108998 292290 617570 187600 912416 592193 622757 321873 122882 279446 430261 359240 660010 458009 292905 229945 676149 416361 342121 825782 616243 393589 363284 170400 160036 832317 930627 212196 896751 414521 226266 745139 833734 570464 867550 691232 687412 558734 529934 818561 777654 210074 852445 595428 209657 480250 390641 429860 409189 314847 999999999 1035493 661627 901167 572741 334204 446620 552342 801792 450329 403163 127469 471228 231683 911897 409373 801782 712871 392210 494011 481144 339416 592658 785410 407369 495403 614716 739933 117655 839354 656184 673787 407486 521684 410581 374646 460949 216159 723800 633644 422086 793285 911076 305577 322322
