NAME : synthetic_000856
TYPE : CTSP-D
DIMENSION : 100
GROUPS : 8
RELAXATION_LEVEL : 1
EDGE_WEIGHT_TYPE : EXPLICIT
EDGE_WEIGHT_FORMAT : FULL_MATRIX
EDGE_WEIGHT_SECTION
999999999 1126058 846246 734912 847263 193449 650927 651345 499351 483525 919213 1027842 303525 174097 587261 677951 647410 660932 941134 309983 690455 788552 493268 503584 650099 350285 1010960 729791 539427 191474 945914 403817 67910 886382 957086 848395 434889 709250 823165 739359 645027 297958 417338 638740 782870 786575 1153471 334694 558880 931832 628227 52326 571727 582072 568446 365110 809101 373146 361111 818323 670407 1126650 853009 781313 922453 466365 932050 386538 422908 520859 897345 822596 92269 356689 627496 440403 440517 211339 948781 430057 820826 757554 442080 32731 1075077 513745 670503 936945 781285 663983 703734 726245 374799 1035169 786381 959886 529388 1069488 572834 481973
1126058 999999999 498664 832371 687007 1043146 475160 518660 629096 900286 521679 98417 906943 980016 605101 722721 670813 544335 453062 958893 845889 370798 646176 944638 896564 895596 202710 627899 667485 1041466 696892 876585 1105519 590898 291947 696635 764022 715657 930302 553693 490026 943454 712905 828515 427467 609219 59114 857743 723230 398736 587056 1126544 576544 659908 574006 773326 499716 884702 964279 378104 893102 9043 473118 361179 373279 846740 457372 921748 798931 870854 266013 767919 1034836 911511 498562 917713 781224 929332 344509 700558 818894 639366 859793 1136454 127447 918341 766373 232862 448571 557461 657717 430167 753983 91241 564861 773821 598254 120420 731576 934071
846246 498664 999999999 934260 871056 849793 373434 236829 472697 464260 771699 439007 556091 673378 587310 244606 726833 581840 726330 821654 355692 477869 388071 912225 945362 522396 556233 148792 629327 847004 933367 481938 855023 811204 208247 879951 667242 228740 431981 670822 307660 579474 532890 878184 140183 113321 483442 713258 719056 670560 221544 868529 507604 660423 493273 595230 671012 776278 565180 165785 952877 492778 679609 260222 638809 430527 723816 521574 705681 425634 485421 270493 758043 796666 378613 852330 696635 708913 161442 526369 967904 147599 792573 868547 380316 893096 285002 275895 586520 604139 182673 229574 554606 444669 76441 1001856 401161 383409 739052 890960
734912 832371 934260 999999999 179087 547600 561053 713959 506566 935750 344656 756338 774219 719538 351880 960016 207595 354122 408252 425570 1061279 502188 629356 248913 104654 810693 633980 929736 327268 548777 252700 843859 672977 274094 877456 172972 362496 981647 1212124 288315 630763 810040 502620 97069 796760 966731 887095 424405 241163 447002 776632 696627 435565 282773 451299 485195 332776 365417 885987 789018 87524 838705 361237 692172 465368 874550 400439 870639 347327 943436 577322 1109107 687464 378766 558125 296779 338036 557820 911277 498451 87154 964449 295945 719153 872292 229857 987683 795251 395455 332138 930230 705144 520663 760336 931061 236649 573809 861405 218444 263245
847263 687007 871056 179087 999999999 672769 512187 674672 509961 961432 173597 621520 826105 798478 341030 941934 212315 305642 241578 549559 1055495 401869 630253 404544 278443 854250 484546 894715 348730 673286 99057 877846 791343 100617 778396 9779 427328 959013 1200307 202318 587201 865386 534922 238583 730875 922983 744253 515828 293711 289464 749190 815870 418526 296407 434023 539598 207436 476168 934336 712786 264257 694172 218481 614180 313729 896917 235071 911342 428358 961190 450446 1079029 785697 496341 516890 432634 412873 649745 819389 526933 134343 927492 409945 836761 744317 380623 975382 688959 288785 284883 901709 644153 564649 624381 882216 138559 564168 733018 276564 412089
193449 1043146 849793 547600 672769 999999999 578092 626600 422438 580757 763958 945273 382573 261539 457985 730298 485465 530951 794984 123593 774300 682754 464710 310820 458916 433476 902177 759069 400820 3235 769992 486273 127331 722734 920185 672836 292791 760922 920235 591399 594523 397514 340373 452948 758563 814150 1078591 189707 396858 794756 629089 149913 467378 433859 469174 275215 664220 198559 476084 784668 479352 1045182 709004 726737 790508 543759 785645 486256 268418 610041 794048 886634 181036 176567 556624 250944 287673 141803 923044 351326 634361 791437 262824 173096 1012504 322351 734352 881791 651857 528699 739498 685174 305867 952202 802697 777516 475069 1005255 406658 289966
650927 475160 373434 561053 512187 578092 999999999 162833 156303 510781 448571 376915 454514 509323 215269 435817 353508 211246 424456 510755 556461 177667 188298 556961 574087 456100 380108 382612 263310 576082 586810 453798 631383 469460 358144 520364 326173 450052 694470 310008 75271 494406 240080 505936 238030 411828 504567 402366 349944 382791 241482 651978 141096 288676 129496 303403 329768 447133 534428 239643 580685 475877 352862 156342 357895 446653 418643 497242 365210 496697 265409 567120 559875 471871 23638 506612 351569 456354 375937 228209 598240 415310 445075 661442 434430 535067 472760 305762 250443 233487 390930 145844 279877 384244 372881 648419 126957 427294 368729 538470
651345 518660 236829 713959 674672 626600 162833 999999999 235895 390173 607267 428393 394381 486902 362314 275969 507102 371487 577335 588387 400133 320987 162813 675911 715795 378212 483597 220097 397999 624006 749521 358016 648671 631550 305962 682745 430451 288229 533500 472673 87575 428468 298444 650481 133003 252856 530728 479034 488757 530405 84702 665260 279382 433735 264081 362428 491105 540130 445622 167347 724693 516519 511388 159495 502455 331907 572380 403213 468854 366990 379245 404387 559614 561076 158581 615506 459938 488914 299278 291102 756701 253366 555834 669146 439243 657245 315039 298735 409758 393421 228293 88603 323962 435791 218024 811189 164477 435898 509686 654397
499351 629096 472697 506566 509961 422438 156303 235895 999999999 452389 499510 530680 342624 369684 168953 454148 310414 218290 496316 362456 555549 294668 123345 440566 491993 358793 515034 433020 179328 420358 599874 373506 476422 497526 503030 516151 194556 476927 705706 325842 178758 383856 83972 431147 355733 476931 660321 252491 268297 469461 278831 497542 98376 225965 86392 147324 375137 306869 440499 372605 503216 630238 411500 305363 452063 387465 488543 411107 233032 451235 400163 606350 409742 329338 134299 379650 224133 300535 512519 71929 563430 468397 319965 508014 590483 422660 481118 459529 317435 233901 428907 271694 125041 537893 448625 647972 72974 583481 290701 418711
483525 900286 464260 935750 961432 580757 510781 390173 452389 999999999 944034 814722 198241 325589 620715 232169 756105 668101 930146 622300 207946 688219 338379 793040 895099 147601 872110 317531 618443 577522 1052243 97864 522073 948453 644036 967281 576098 259769 342166 776898 451087 188113 434072 847612 475891 367540 904060 547705 696070 892394 313907 524577 548184 669766 533913 454347 819786 623974 126232 524615 910905 897086 851347 548482 868435 65435 923492 97485 599367 42552 763921 349216 419915 629950 492871 718142 603697 456559 612197 439598 1003169 331509 677127 514084 805082 786458 207456 670149 750679 685241 284029 476838 415780 821973 389059 1098783 409009 804240 718508 767295
919213 521679 771699 344656 173597 763958 448571 607267 499510 944034 999999999 464891 839374 839221 346409 883017 279142 282178 69274 645986 1004959 295098 605713 537962 434507 858228 319331 821220 382426 763808 178224 871565 871221 72990 648783 182468 484337 895208 1140706 182477 521834 880378 549335 380423 634250 840286 579990 585825 367151 124177 689192 895819 401135 337214 413749 574077 124600 566443 939936 606940 423763 529306 95892 511779 153634 878612 64310 910307 498906 936115 308040 1004947 845801 590782 460699 547577 480382 710444 695119 538601 307807 851075 509465 914384 590794 511675 920924 555494 198132 269938 834176 557003 587083 466777 796013 254987 535025 579365 358983 539298
1027842 98417 439007 756338 621520 945273 376915 428393 530680 814722 464891 999999999 812499 882850 510883 648796 585015 452831 399044 862461 774596 277974 549957 854777 814502 802934 154395 556725 573171 943566 642956 786126 1007102 529863 243727 631279 667837 644745 869597 472032 394200 849617 614489 745408 349082 544718 137714 760455 632533 340851 500819 1028138 479205 568303 476274 674998 424557 789068 873338 300365 812357 99928 403595 269206 311630 759141 401684 831345 703270 787175 180132 709303 936717 815772 400363 824971 685819 830926 298602 602145 750171 572024 766303 1038098 126866 828796 692629 163202 364880 467276 584577 339870 655574 7503 498657 719849 500562 115470 642094 843194
303525 906943 556091 774219 826105 382573 454514 394381 342624 198241 839374 812499 999999999 133022 496200 374433 614389 557230 838873 428455 395746 624902 266897 607803 721613 51044 834586 430100 477466 379337 921992 104983 331788 830338 693888 830616 412187 405727 538432 660774 419065 41234 293087 681305 515843 486684 923395 364279 542260 811376 348947 337838 439906 529740 428912 290526 715814 438848 111947 558192 738868 905665 753513 546303 792671 165890 831033 106371 428228 228364 719884 520791 228184 441462 431979 532567 436257 260566 676187 302604 848455 456177 497790 331130 833563 604066 367950 692988 659976 570038 402436 480181 261489 820000 490905 959205 329946 830028 563531 582034
174097 980016 673378 719538 798478 261539 509323 486902 369684 325589 839221 882850 133022 999999999 493662 505792 587484 563228 849630 330721 527717 664287 335643 523522 652809 182726 883491 555710 459404 258356 897022 237135 198809 818767 792576 801551 371259 537126 667698 656812 491437 138170 297203 623176 616240 612494 1002845 295247 505325 830853 457196 205112 456978 509136 449864 265277 720217 361164 214812 654204 671650 979798 761648 626133 816644 298764 841072 228723 375383 359031 768187 653722 95282 356621 485712 449920 388307 165932 781040 309450 799984 583651 427604 199698 919347 524814 500751 779520 677482 571413 529843 566349 255710 890303 612539 924445 383011 914566 524085 498411
587261 605101 587310 351880 341030 457985 215269 362314 168953 620715 346409 510883 496200 493662 999999999 612455 146651 73992 357078 358743 720094 234551 290335 353380 358822 519262 446666 578065 62385 456966 431844 539060 547316 334253 560873 347198 165770 632593 868177 165098 280654 536808 203785 290935 453274 614943 648389 268424 136278 344572 425570 571222 83920 73408 99809 229554 226631 281431 600522 452956 365667 608608 268741 362075 336024 556028 348311 574468 196490 620185 343852 758508 507450 308449 208741 315205 177908 375923 585411 193681 400095 612678 255654 587164 601468 329304 642741 492892 195319 77979 579495 361105 240695 517074 579905 479026 227219 592200 153879 338227
677951 722721 244606 960016 941934 730298 435817 275969 454148 232169 883017 648796 374433 505792 612455 999999999 758900 636305 852995 737093 128052 595986 333595 873418 944096 329318 737554 97208 633230 727171 1021161 278461 702576 905086 443453 949496 630426 31333 258876 741897 361418 385217 478472 884966 300298 138053 716008 640312 722393 804978 194347 710720 529160 677675 513201 525435 765568 714026 348793 348492 956239 718020 787125 405876 776266 217421 848172 308703 663479 190434 643294 159328 599449 727925 427058 803245 660956 590955 402936 477745 1012549 101282 750576 705200 613434 860184 43833 490356 685206 657307 65164 340565 481231 655443 168356 1079860 386400 614749 744838 848991
647410 670813 726833 207595 212315 485465 353508 507102 310414 756105 279142 585015 614389 587484 146651 758900 999999999 149682 317067 366845 865118 313604 433569 280514 233906 643813 485857 724201 138234 485421 309974 669654 595999 239097 678746 216394 217594 779219 1014009 123781 423311 653422 324922 163485 589796 759958 721118 312766 89042 330062 572108 620666 230492 86357 246418 327293 194733 287453 723320 583744 235770 675942 237743 488083 335586 692480 307685 701658 224503 758810 405698 905087 580037 311643 350630 274141 207149 443538 709500 317774 253808 758658 231122 640157 691762 253507 788676 601135 222475 128725 726073 497967 352919 590069 723755 345190 373004 681438 80005 275250
660932 544335 581840 354122 305642 530951 211246 371487 218290 668101 282178 452831 557230 563228 73992 636305 149682 999999999 286418 428751 750428 175029 330935 402316 381868 576444 377359 591400 131042 530008 388330 591649 621308 280360 529475 313198 238214 653651 894677 109095 284772 598265 268770 311539 443303 622757 590485 341690 179830 271073 443907 645209 120302 115595 134198 301063 158843 349966 658127 434975 384926 548449 198662 338670 262038 602775 277913 629374 266583 663714 279547 775044 580355 376969 212921 373630 247528 449606 559818 257561 387088 624853 316817 661095 551494 376634 669847 453677 121397 22318 596993 352278 308206 458596 584127 443773 262093 541632 190816 390363
941134 453062 726330 408252 241578 794984 424456 577335 496316 930146 69274 399044 838873 849630 357078 852995 317067 286418 999999999 680563 977308 257511 593787 587774 493757 853793 251158 785880 401737 794579 244601 862868 896712 141437 592228 250682 507953 863110 1108626 203675 494679 880094 554617 435863 591481 801053 511552 611584 401372 59633 660992 921113 399201 361899 409969 586571 132060 600132 935293 560633 484368 460785 88395 468516 91647 865008 9399 903302 527040 919221 250574 967949 863769 625536 439441 590581 507972 730396 640352 543101 375920 814280 547731 938593 525528 561030 892364 498151 180328 279122 801129 519550 594547 400575 755754 321641 522979 514093 396594 586850
309983 958893 821654 425570 549559 123593 510755 588387 362456 622300 645986 862461 428455 330721 358743 737093 366845 428751 680563 999999999 799849 591155 434595 197770 340584 476511 805294 750097 297887 124369 646547 524563 247416 602004 865076 549486 195011 766209 950832 478041 541068 453193 290016 330152 715456 802324 998474 110103 279526 684487 607317 271167 384584 323454 389791 226434 551493 80603 534239 734858 360784 961719 596238 665497 682789 575135 671175 534788 162342 645168 701720 896284 273682 55209 491626 130546 181251 168893 874769 298030 511986 784341 139842 293591 940349 204857 748353 816303 547304 423392 735362 633936 267687 869063 784031 654139 426498 932230 287136 174332
690455 845889 355692 1061279 1055495 774300 556461 400133 555549 207946 1004959 774596 395746 527717 720094 128052 865118 750428 977308 799849 999999999 721084 432259 953223 1036782 345155 865578 218197 734277 771080 1137818 290815 726106 1023825 561490 1062675 717709 130245 153113 857793 483395 393044 566043 981332 427206 242509 836193 712095 820900 930437 316359 730040 638417 781468 622613 603981 885670 788001 333830 474807 1050332 840840 909158 533905 902168 230817 972211 303988 747522 169624 771052 151019 622923 798532 545690 880389 747615 641665 517059 567577 1118706 208593 832038 720543 733123 942642 85626 614585 806836 770723 190316 468148 560807 781120 282885 1193941 492972 735188 843600 928025
788552 370798 477869 502188 401869 682754 177667 320987 294668 688219 295098 277974 624902 664287 234551 595986 313604 175029 257511 591155 721084 999999999 362560 577310 546969 630503 222487 528586 296917 681372 456421 630740 758384 333953 378768 411283 396269 605657 851133 214764 241320 665561 372345 476746 339462 545538 415681 494105 354855 209456 405273 781034 218074 290364 220160 424367 195826 515316 709961 314687 547269 374529 201793 217656 182226 624256 253211 673753 429783 673107 111296 711279 701172 542262 197171 547221 411667 581605 417827 359602 514353 557450 489015 793985 378460 551537 635851 293385 113167 190487 543622 262726 415236 283856 501006 526896 295296 368290 365216 565325
493268 646176 388071 629356 630253 464710 188298 162813 123345 338379 605713 549957 266897 335643 290335 333595 433569 330935 593787 434595 432259 362560 999999999 545708 610502 268156 567962 322786 302143 462056 717895 269917 487062 611091 465301 636789 299496 357879 582772 440015 156267 306390 150886 551811 295739 371611 667417 327747 389835 559168 173527 504351 212305 349310 197313 208871 481412 395301 347415 326831 622710 645585 513469 290514 537325 272945 586824 311902 334654 332781 453602 488667 401055 413422 166420 478842 330125 326214 461789 147553 686759 358031 422783 509359 584011 530559 358743 444657 413647 349030 314148 232977 166942 557449 350069 768658 70885 579060 412433 522181
503584 944638 912225 248913 404544 310820 556961 675911 440566 793040 537962 854777 607803 523522 353380 873418 280514 402316 587774 197770 953223 577310 545708 999999999 150811 652428 765198 868166 295833 312539 493431 695684 438148 479321 911888 401739 247205 900038 1106235 404233 608732 637166 395906 166092 788369 915135 992268 245345 222519 608028 715949 460529 415983 287711 427643 349590 473721 169305 717664 796131 171290 949172 515108 710891 615516 739427 578625 712482 211054 810428 678655 1031553 471403 167631 544083 75241 216890 357921 932795 398194 335513 903502 123039 483855 952628 27041 891795 846217 499910 387545 859643 698455 393349 860395 888759 485396 513300 943008 213070 25793
650099 896564 945362 104654 278443 458916 574087 715795 491993 895099 434507 814502 721613 652809 358822 944096 233906 381868 493757 340584 1036782 546969 610502 150811 999999999 762086 703684 924223 317880 460420 357064 800057 585897 367368 911210 273461 320540 968037 1189388 342998 637837 754796 470857 70448 812095 965747 948953 360050 227039 525869 769849 608821 437908 285421 452572 440824 400607 291849 833381 810665 20518 902253 435437 717280 540215 836804 485305 822565 295826 907163 634391 1098106 610722 299841 566907 210098 291817 487600 940091 469251 187933 959497 225767 631899 924360 136567 967977 834874 449628 361830 920898 719927 480825 819175 933676 339536 563459 913884 206400 169193
350285 895596 522396 810693 854250 433476 456100 378212 358793 147601 858228 802934 51044 182726 519262 329318 643813 576444 853793 476511 345155 630503 268156 652428 762086 999999999 834431 390782 505846 430241 948818 54410 381452 853196 670730 859192 448219 360447 487389 682294 413127 57417 319328 719201 493193 446864 908939 407675 575400 823212 323922 386601 457131 558155 444942 325503 733921 483149 81709 537607 778862 893827 769977 534467 802912 116402 846266 60492 467043 177355 720821 472457 278006 487160 434532 577221 473728 309590 649627 327544 882831 415009 539952 378845 816415 647597 320223 676319 673799 590705 361639 465971 292273 810414 454455 988995 335795 813522 597166 626635
1010960 202710 556233 633980 484546 902177 380108 483597 515034 872110 319331 154395 834586 883491 446666 737554 485857 377359 251158 805294 865578 222487 567962 765198 703684 834431 999999999 653105 507534 900931 495634 827425 980666 388192 381539 494144 612036 739134 976045 364006 424110 874335 594309 637443 441986 652006 260710 712691 548800 196041 565559 1003408 440354 489605 442640 646837 303336 727131 911018 398489 698703 210143 272939 332539 170985 811299 255081 871948 642955 850495 115415 820945 923247 754157 402879 746988 624140 804002 435099 581558 616956 674257 692543 1016461 280576 738361 780687 289833 265763 385747 676580 401737 637160 154329 604930 572667 506047 269285 553703 757391
729791 627899 148792 929736 894715 759069 382612 220097 433020 317531 821220 556725 430100 555710 578065 97208 724201 591400 785880 750097 218197 528586 322786 868166 924223 390782 653105 999999999 607525 756070 968457 345348 746766 849428 346441 902817 621314 88050 325336 692613 307514 448161 473567 861406 211500 56784 619677 646941 698339 734976 154376 757591 494222 647497 478449 528560 708357 716998 424499 257804 934635 622959 725750 325621 705054 289453 781772 381848 657179 277925 564576 184694 645784 733880 378500 801617 651871 617426 305791 470269 975500 35412 745376 754762 516901 852371 139683 396388 625577 613243 33920 266583 484902 563185 72410 1030999 360848 518465 720122 844830
539427 667485 629327 327268 348730 400820 263310 397999 179328 618443 382426 573171 477466 459404 62385 633230 138234 131042 401737 297887 734277 296917 302143 295833 317880 505846 507534 607525 999999999 399983 444649 531447 495764 359447 616113 353452 108260 655495 884881 200622 321789 516960 186729 253883 499122 648064 710626 212515 90967 395517 453323 520021 122731 52337 136268 194778 269686 219721 585670 502932 327376 670980 313739 415461 389887 555168 392635 563495 135599 622189 405963 784089 463620 246757 252822 253890 116643 329022 638058 179565 386607 642669 193780 537082 662495 272837 660436 551233 251153 127939 605760 407616 216171 579387 615810 483226 247935 653364 112600 279247
191474 1041466 847004 548777 673286 3235 576082 624006 420358 577522 763808 943566 379337 258356 456966 727171 485421 530008 794579 124369 771080 681372 462056 312539 460420 430241 900931 756070 399983 999999999 770593 483040 125631 722847 917826 673400 291894 757802 917003 590968 592211 394296 338180 453995 756016 811173 1076790 188611 396752 794111 626259 148411 465824 433330 467524 273099 663734 198715 472885 782233 480845 1043480 708511 724542 789735 540534 785244 483026 267870 606808 792663 883478 178079 176996 554570 252199 287105 138864 920558 349178 635494 788416 263349 171504 1010504 323854 731181 879655 650970 527886 736456 682790 303493 950503 799796 778428 472721 1003278 406716 291546
945914 696892 933367 252700 99057 769992 586810 749521 599874 1052243 178224 642956 921992 897022 431844 1021161 309974 388330 244601 646547 1137818 456421 717895 493431 357064 948818 495634 968457 444649 770593 999999999 970677 889505 122526 822902 97528 526041 1036601 1280027 280070 662050 961599 629762 327907 793861 993103 755614 614858 392640 302105 827163 913986 505601 392523 520627 637048 262577 574214 1029362 771091 340195 704765 257051 673580 331856 987333 241373 1005222 527414 1050246 484336 1153151 884748 593844 594149 527017 511898 748801 867545 621277 180689 1000210 507321 935042 768991 470848 1056208 730511 347059 369140 977735 710870 660820 644727 950673 77042 650078 757560 375619 503201
403817 876585 481938 843859 877846 486273 453798 358016 373506 97864 871565 786126 104983 237135 539060 278461 669654 591649 862868 524563 290815 630740 269917 695684 800057 54410 827425 345348 531447 483040 970677 999999999 435843 870937 640353 883256 482518 309321 434019 699304 403424 107123 345151 754262 464503 400613 886657 450345 605694 829075 294963 440814 471394 583400 458102 360036 746965 526505 88167 510734 816225 874308 781071 516924 807145 62578 855709 45219 504243 123786 715515 418786 332414 532182 433572 620696 509407 359415 615845 351884 913402 367578 580576 432724 791651 689517 267125 652665 682548 607364 314880 446609 323204 793552 411562 1014093 340263 789434 627891 669920
67910 1105519 855023 672977 791343 127331 631383 648671 476422 522073 871221 1007102 331788 198809 547316 702576 595999 621308 896712 247416 726106 758384 487062 438148 585897 381452 980666 746766 495764 125631 889505 435843 999999999 835000 952278 792021 388759 733880 864005 693596 633250 334006 392675 577472 781481 803355 1135905 285557 506999 890822 634306 24669 540334 535360 538779 334567 764760 315300 404395 813892 606296 1106633 809147 769269 883332 497573 887507 424614 372454 556962 868616 852203 103627 296761 608400 377031 390848 177075 947859 405105 759387 776335 383071 46176 1061662 449347 699082 925595 742541 622474 722772 718534 351633 1014312 799235 900557 514790 1055461 519479 417143
886382 590898 811204 274094 100617 722734 469460 631550 497526 948453 72990 529863 830338 818767 334253 905086 239097 280360 141437 602004 1023825 333953 611091 479321 367368 853196 388192 849428 359447 722847 122526 870937 835000 999999999 701590 109484 454072 919457 1163865 171711 544423 870827 537452 317470 671893 872632 648764 551689 328015 192169 710760 859669 400382 309928 414540 554155 141348 524182 934597 648639 355444 598315 135015 551263 218804 883134 135380 907638 463510 943780 365175 1034041 817457 547138 478380 495789 445901 681073 745626 527735 234825 880690 463073 879243 654559 453699 941198 609752 225466 263632 859816 589815 572293 532224 829742 195364 541645 643169 316240 482923
957086 291947 208247 877456 778396 920185 358144 305962 503030 644036 648783 243727 693888 792576 560873 443453 678746 529475 592228 865076 561490 378768 465301 911888 911210 670730 381539 346441 616113 917826 822902 640353 952278 701590 999999999 787975 684205 432244 638708 592686 326001 724710 581124 840964 178046 320716 275298 755357 696842 532950 346826 969643 497071 631981 486885 646957 570967 804524 727954 138763 914363 285648 566646 201904 500661 599045 591988 683920 723302 609539 341717 476110 865189 828765 374917 864291 709695 787178 54876 571086 893109 353015 802747 974300 172127 888885 486103 94430 491318 550028 378555 235204 614338 248209 278606 896948 445123 175200 712916 894536
848395 696635 879951 172972 9779 672836 520364 682745 516151 967281 182468 631279 830616 801551 347198 949496 216394 313198 250682 549486 1062675 411283 636789 401739 273461 859192 494144 902817 353452 673400 97528 883256 792021 109484 787975 999999999 430305 966743 1207770 210683 595314 869767 539885 235654 739768 931368 753914 517676 296421 298957 756936 816514 425299 301115 440857 543499 217036 476745 939122 721918 258826 703813 228260 623293 323363 902859 244272 916472 430471 967379 460217 1087062 787646 496552 524819 431422 415251 651870 828869 532053 125341 935673 410066 837536 754095 378128 982757 698611 298169 292272 909604 652854 569129 634133 890729 131877 571013 742795 278790 409854
434889 764022 667242 362496 427328 292791 326173 430451 194556 576098 484337 667837 412187 371259 165770 630426 217594 238214 507953 195011 717709 396269 299496 247205 320540 448219 612036 621314 108260 291894 526041 482518 388759 454072 684205 430305 999999999 656071 870654 305003 368366 448832 152298 271746 547748 667945 804212 104315 134148 503567 468774 413168 192276 147196 199483 122790 376016 122499 523755 560278 335474 766931 420460 482511 498142 516772 498750 508242 39270 586897 507034 787356 363388 148595 309615 185220 30631 227070 699347 152745 436496 656686 125489 430884 748741 231122 651497 628730 359075 236186 613638 460343 160577 674383 641750 553946 266759 740287 153638 224628
709250 715657 228740 981647 959013 760922 450052 288229 476927 259769 895208 644745 405727 537126 632593 31333 779219 653651 863110 766209 130245 605657 357879 900038 968037 360447 739134 88050 655495 757802 1036601 309321 733880 919457 432244 966743 656071 999999999 245624 758123 375040 416196 504514 908066 298554 117685 706470 668498 745184 813857 209830 742051 548944 698980 532983 552911 779261 741780 378337 345487 979826 710632 799372 409354 784599 247971 858569 338778 689678 217565 647976 131528 630770 756123 442688 830392 686657 621304 389270 503327 1032532 81459 777080 736527 603496 886355 57682 484389 697943 674936 62940 346701 508684 651218 154001 1096550 407871 605365 767515 875771
823165 930302 431981 1212124 1200307 920235 694470 533500 705706 342166 1140706 869597 538432 667698 868177 258876 1014009 894677 1108626 950832 153113 851133 582772 1106235 1189388 487389 976045 325336 884881 917003 1280027 434019 864005 1163865 638708 1207770 870654 245624 999999999 1000661 619797 530225 718831 1133322 534326 325428 912095 864650 972292 1058968 453114 865820 785575 931230 769663 757073 1024115 940686 462075 577856 1202750 924222 1044846 650914 1029447 377410 1104138 439474 900617 310234 889839 162982 762070 950823 685934 1033269 900612 790455 588027 720137 1267808 301835 985137 854370 809608 1095745 225464 706484 943245 915501 307545 590957 713920 875513 372183 1338394 641055 813560 994953 1081006
739359 553693 670822 288315 202318 591399 310008 472673 325842 776898 182477 472032 660774 656812 165098 741897 123781 109095 203675 478041 857793 214764 440015 404233 342998 682294 364006 692613 200622 590968 280070 699304 693596 171711 592686 210683 305003 758123 1000661 999999999 385132 701521 368843 274874 530733 720689 605973 408205 200424 208361 548356 718062 228734 158343 243047 391619 73558 397464 763829 515451 340343 559306 118214 416859 212046 711619 194369 736269 323365 772796 291942 877057 664237 423249 315477 395606 304301 529487 629525 358569 301462 725262 348212 735887 584977 377211 776433 508143 107719 91943 700176 442761 405559 476540 680104 338597 371131 574219 198933 398911
645027 490026 307660 630763 587201 594523 75271 87575 178758 451087 521834 394200 419065 491437 280654 361418 423311 284772 494679 541068 483395 241320 156267 608732 637837 413127 424110 307514 321789 592211 662050 403424 633250 544423 326001 595314 368366 375040 619797 385132 999999999 457034 255129 571060 179763 338102 511408 431009 411397 450144 167360 652115 199968 353352 185630 320967 404329 484733 487827 193849 645665 489358 425963 136335 423532 388677 489306 448099 407561 433380 313406 491929 552824 507739 72720 552910 396306 463650 333765 245205 670991 340454 491945 659028 430060 588430 399107 292448 323855 306847 315686 92939 288927 401700 300554 723622 119768 424594 431468 588589
297958 943454 579474 810040 865386 397514 494406 428468 383856 188113 880378 849617 41234 138170 536808 385217 653422 598265 880094 453193 393044 665561 306390 637166 754796 57417 874335 448161 516960 394296 961599 107123 334006 870827 724710 869767 448832 416196 530225 701521 457034 999999999 333410 716369 546824 504187 958669 395748 580007 852581 378297 337074 481096 569161 470137 328134 756899 469038 81050 590343 772403 941990 794688 582413 833805 169509 872247 90778 463186 223474 759814 525252 231867 469933 472032 562066 472034 284314 704909 343140 885328 472157 529953 327615 867599 634654 374119 727175 701209 610925 418875 515259 300799 857115 511826 997905 370420 864360 601031 611478
417338 712905 532890 502620 534922 340373 240080 298444 83972 434072 549335 614489 293087 297203 203785 478472 324922 268770 554617 290016 566043 372345 150886 395906 470857 319328 594309 473567 186729 338180 629762 345151 392675 537452 581124 539885 152298 504514 718831 368843 255129 333410 999999999 417445 425925 522417 744288 180620 262131 533867 323817 414002 159906 238960 153713 65843 427372 244937 399608 447585 484788 714109 467310 386364 519446 372083 546283 376767 185180 440820 480207 635956 328940 264104 217734 328088 182673 216571 587150 12751 569126 508754 272867 424955 673805 381841 499200 541606 380475 279410 463914 347053 42896 621682 499695 669944 137282 666945 284663 372013
638740 828515 878184 97069 238583 452948 505936 650481 431147 847612 380423 745408 681305 623176 290935 884966 163485 311539 435863 330152 981332 476746 551811 166092 70448 719201 637443 861406 253883 453995 327907 754262 577472 317470 840964 235654 271746 908066 1133322 274874 571060 716369 417445 999999999 743944 901611 880364 327933 163165 464001 707183 601310 371534 217769 386543 394355 335401 268394 793230 741519 74749 834057 372253 647620 476473 787614 427086 779431 253193 857286 565392 1037340 590409 282219 499571 203234 245473 460921 870219 414557 182086 896550 198891 623629 854412 142948 910390 764429 380697 291412 859336 651748 431834 750186 868504 325557 501413 843981 141293 175384
782870 427467 140183 796760 730875 758563 238030 133003 355733 475891 634250 349082 515843 616240 453274 300298 589796 443303 591481 715456 427206 339462 295739 788369 812095 493193 441986 211500 499122 756016 793861 464503 781481 671893 178046 739768 547748 298554 534326 530733 179763 546824 425925 743944 999999999 212758 428251 605483 587307 537200 169726 797843 376432 526675 363027 491070 531354 662602 552490 49364 818690 423584 541205 122970 506017 426510 588454 508643 586867 444535 357999 382138 691454 684886 246314 732539 575935 621612 166380 417457 828478 232507 671656 801322 329457 767832 344089 195120 446845 465544 236912 92196 454340 355867 166106 861912 288961 328379 606486 768335
786575 609219 113321 966731 922983 814150 411828 252856 476931 367540 840286 544718 486684 612494 614943 138053 759958 622757 801053 802324 242509 545538 371611 915135 965747 446864 652006 56784 648064 811173 993103 400613 803355 872632 320716 931368 667945 117685 325428 720689 338102 504187 522417 901611 212758 999999999 596003 697964 739031 748055 199202 814291 531632 685824 516122 579220 731285 766842 478211 253548 975421 603641 745651 334012 717278 343524 797538 436060 704538 326730 570756 169468 702496 784459 410554 849894 698359 672402 274762 518391 1009046 36809 792734 811529 492824 898544 175128 381896 647441 644887 85809 283402 535948 550764 47081 1057815 404093 495537 760425 892209
1153471 59114 483442 887095 744253 1078591 504567 530728 660321 904060 579990 137714 923395 1002845 648389 716008 721118 590485 511552 998474 836193 415681 667417 992268 948953 908939 260710 619677 710626 1076790 755614 886657 1135905 648764 275298 753914 804212 706470 912095 605973 511408 958669 744288 880364 428251 596003 999999999 895340 770126 456692 593512 1156329 614357 705987 610608 806290 554327 925807 974752 379451 946080 50897 529202 377866 430618 853164 515705 931582 840034 872649 315423 749141 1061688 952425 527506 962658 822755 960798 324122 732191 875596 627992 903902 1165265 103180 966218 759209 234412 499724 604725 650852 443410 784443 131897 553434 832577 624136 101265 779457 980839
334694 857743 713258 424405 515828 189707 402366 479034 252491 547705 585825 760455 364279 295247 268424 640312 312766 341690 611584 110103 712095 494105 327747 245345 360050 407675 712691 646941 212515 188611 614858 450345 285557 551689 755357 517676 104315 668498 864650 408205 431009 395748 180620 327933 605483 697964 895340 999999999 224509 607879 501166 310103 281252 249887 284807 118909 479812 76467 475303 624776 378257 860160 524370 556315 602322 494668 602342 467940 88313 565634 605363 799580 270011 87625 382698 170480 105860 135104 764682 188197 505742 681627 134427 328579 834110 239956 654917 708126 462873 340377 634037 523858 162065 767232 677806 635182 316561 826264 239562 219591
558880 723230 719056 241163 293711 396858 349944 488757 268297 696070 367151 632533 542260 505325 136278 722393 89042 179830 401372 279526 820900 354855 389835 222519 227039 575400 548800 698339 90967 396752 392640 605694 506999 328015 696842 296421 134148 745184 972292 200424 411397 580007 262131 163165 587307 739031 770126 224509 999999999 408618 544071 531667 211478 65719 225840 251878 273920 199476 652987 588729 236419 727562 318357 498352 410194 634203 391975 634610 136214 702695 457546 874252 493141 224373 341234 198472 119638 356789 721682 257497 307749 733515 147903 551245 730426 197027 748577 627041 283295 165784 696178 495374 283268 638229 706653 419953 338254 720724 22735 210847
931832 398736 670560 447002 289464 794756 382791 530405 469461 892394 124177 340851 811376 830853 344572 804978 330062 271073 59633 684487 930437 209456 559168 608028 525869 823212 196041 734976 395517 794111 302105 829075 890822 192169 532950 298957 503567 813857 1058968 208361 450144 852581 533867 464001 537200 748055 456692 607879 408618 999999999 614729 914933 375055 361474 384096 571482 135427 603914 904235 504775 518316 406181 92929 414445 32375 827675 61016 870599 526482 879425 191509 915830 851345 630093 399625 603626 507182 720495 581422 521846 422907 762525 556493 931355 467002 581024 845127 438784 153392 268359 751477 468399 575158 342652 702325 379018 488946 455568 407132 604670
628227 587056 221544 776632 749190 629089 241482 84702 278831 313907 689192 500819 348947 457196 425570 194347 572108 443907 660992 607317 316359 405273 173527 715949 769849 323922 565559 154376 453323 626259 827163 294963 634306 710760 346826 756936 468774 209830 453114 548356 167360 378297 323817 707183 169726 199202 593512 501166 544071 614729 999999999 648422 341654 494033 325765 382258 571247 568638 383051 215840 780310 584119 593319 236044 586979 259892 655859 339338 505340 287357 463050 332998 538739 586946 233036 650818 499214 487841 327242 319422 824601 189683 593534 649344 497118 699498 231784 359108 491202 465279 154007 164722 339752 508066 176731 886731 206492 495233 565920 693007
52326 1126544 868529 696627 815870 149913 651978 665260 497542 524577 895819 1028138 337838 205112 571222 710720 620666 645209 921113 271167 730040 781034 504351 460529 608821 386601 1003408 757591 520021 148411 913986 440814 24669 859669 969643 816514 413168 742051 865820 718062 652115 337074 414002 601310 797843 814291 1156329 310103 531667 914933 648422 999999999 563056 559857 561215 356874 789138 339773 404623 831081 629251 1127554 833496 788307 907246 502991 911915 427132 397087 560532 891071 858618 111842 320997 628881 400390 415458 199438 964197 426513 783140 786581 407380 23697 1081155 472255 705768 944557 766381 646574 732884 736487 372568 1035374 811438 924697 534171 1075090 544137 439871
571727 576544 507604 435565 418526 467378 141096 279382 98376 548184 401135 479205 439906 456978 83920 529160 230492 120302 399201 384584 638417 218074 212305 415983 437908 457131 440354 494222 122731 465824 505601 471394 540334 400382 497071 425299 192276 548944 785575 228734 199968 481096 159906 371534 376432 531632 614357 281252 211478 375055 341654 563056 999999999 154356 15965 206771 276792 314773 538840 380669 446003 578915 313629 295405 359753 482935 391251 509392 230148 544768 328691 674607 485802 340717 130118 367441 214803 363666 516812 147545 483591 528890 305942 576292 556556 393975 560114 437347 221911 137094 495593 284886 202211 485981 497310 557060 145769 548188 231517 397817
582072 659908 660423 282773 296407 433859 288676 433735 225965 669766 337214 568303 529740 509136 73408 677675 86357 115595 361899 323454 781468 290364 349310 287711 285421 558155 489605 647497 52337 433330 392523 583400 535360 309928 631981 301115 147196 698980 931230 158343 353352 569161 238960 217769 526675 685824 705987 249887 65719 361474 494033 559857 154356 999999999 169724 245593 230499 243069 638007 526088 292456 664042 275238 434401 359361 606203 352623 615719 165464 672727 394835 826346 509203 269609 281810 258433 146269 373417 657751 231560 337543 682364 202940 577886 664956 262494 706221 561445 226017 103950 647501 434510 268363 574112 651660 430992 291287 655308 81066 274999
568446 574006 493273 451299 434023 469174 129496 264081 86392 533913 413749 476274 428912 449864 99809 513201 246418 134198 409969 389791 622613 220160 197313 427643 452572 444942 442640 478449 136268 467524 520627 458102 538779 414540 486885 440857 199483 532983 769663 243047 185630 470137 153713 386543 363027 516122 610608 284807 225840 384096 325765 561215 15965 169724 999999999 204362 289226 321734 526629 368523 460919 576137 325145 285008 367768 468601 402170 496558 237956 529979 329858 658700 481565 347321 116929 377423 223350 361794 505421 141106 499554 513153 315876 573898 550594 406051 544205 429256 231487 151740 479687 271821 196464 483152 482074 572574 130156 542440 246183 408988
365110 773326 595230 485195 539598 275215 303403 362428 147324 454347 574077 674998 290526 265277 229554 525435 327293 301063 586571 226434 603981 424367 208871 349590 440824 325503 646837 528560 194778 273099 637048 360036 334567 554155 646957 543499 122790 552911 757073 391619 320967 328134 65843 394355 491070 579220 806290 118909 251878 571482 382258 356874 206771 245593 204362 999999999 456080 189110 401671 513342 456559 774841 498272 451721 559940 396193 577837 385468 145502 466788 534205 684335 280638 205330 281613 278030 149418 157503 652829 76204 558058 563380 228070 369626 737760 338689 542451 606581 419051 307531 516442 412867 44227 682099 558911 670402 202901 730692 273019 324646
