NAME : synthetic_000384
TYPE : CTSP-D
DIMENSION : 100
GROUPS : 8
RELAXATION_LEVEL : 1
EDGE_WEIGHT_TYPE : EXPLICIT
EDGE_WEIGHT_FORMAT : FULL_MATRIX
EDGE_WEIGHT_SECTION
999999999 299512 188374 164879 474216 390906 682441 304942 125761 693743 54194 583934 677361 935866 807373 758793 577109 993844 571912 495569 289865 469873 810305 561063 815675 212227 795237 730708 713107 719238 477769 900755 180511 555614 642070 277625 741243 838875 920003 500835 708686 227691 892741 635131 685566 214046 721919 488364 966039 678367 127634 190447 406768 46272 406949 639706 438626 925976 405922 188364 635730 754606 783858 619125 16151 934557 667851 865835 736000 184824 478829 311598 881080 275818 237409 755589 374575 485467 882670 511463 744364 150314 140979 950495 489013 928503 836766 829595 846575 80771 1058153 568347 731708 312514 931778 178310 727966 473896 871844 290444
299512 999999999 210991 442697 206702 303478 450338 85507 189891 410792 309240 348617 436988 636517 570209 462101 302272 695027 452040 311377 191228 171138 580385 396014 549672 207322 505182 458113 483588 652637 287566 603772 185049 345089 342984 224070 552954 577056 623445 442340 483596 138254 617109 452846 567154 127382 424619 233613 666870 417358 424890 414107 205202 303805 257554 369453 340453 627220 107437 171394 455653 499511 487314 425752 315305 635177 606421 593879 684052 153890 304289 223902 594216 311830 451965 506070 76227 349672 583338 235149 499644 241673 162010 651038 210592 646888 570281 546905 550049 302622 767070 361958 596022 328249 632761 126383 613468 221980 602151 56464
188374 210991 999999999 268734 319218 204304 501704 268449 181341 617909 159841 556246 646419 816119 779903 655268 512648 860840 620663 501719 323499 367687 789046 582077 760131 279198 706747 667939 531154 802046 293766 794213 29605 372843 518012 335106 553220 666066 814663 580258 525771 242287 825388 447276 738649 219823 617027 443220 847828 508567 304598 214977 230548 160127 220007 476468 252303 811283 309132 232572 447746 580234 645932 432351 197687 814402 752087 698195 826877 212879 292432 356409 725564 383205 246899 716794 266584 520911 755243 359470 709943 46110 154600 828799 340587 852720 666383 670772 707328 136893 965296 384400 775510 414546 815242 164574 784317 310082 702728 239579
164879 442697 268734 999999999 587152 432577 761684 462951 288504 848649 134712 747262 840752 1074752 971444 904530 734015 1125053 732489 660447 454728 613148 974796 725304 976021 376414 946868 889152 789185 867880 552658 1045914 279080 631944 777118 441312 791762 931388 1065765 654607 782354 390919 1050881 689624 844075 375610 866841 648400 1105838 775838 127420 94343 497576 141386 474683 745083 475114 1067426 549959 352919 688981 845078 911151 680893 150317 1073220 816689 965545 880883 347916 546065 475860 994266 427839 122907 918350 513217 648863 1017040 627056 907610 223055 297161 1088374 607216 1084631 932852 939492 973140 140995 1209341 641366 891866 464559 1072323 333077 885266 578816 969576 444589
474216 206702 319218 587152 999999999 259569 247655 274874 385775 380261 466369 415374 479516 508499 598883 371644 317758 544439 594499 436536 387230 158666 617019 518347 536781 413841 439521 444271 280935 804540 147738 499548 308597 165070 218862 423985 366750 372164 520531 613837 282565 344662 578751 278766 698435 333921 334768 310251 540820 211389 601607 531111 114977 463658 182858 166707 268359 508071 162112 377545 282821 293024 329137 246959 488370 506491 763577 393424 840739 358980 173941 416231 408483 515857 556655 525416 146207 498326 443044 40685 526733 364272 353212 519447 29742 592639 366973 355680 389475 449719 679636 182377 714093 528843 510306 323027 743162 34333 400472 255613
390906 303478 204304 432577 259569 999999999 340642 387085 373558 633488 354842 631099 709712 757686 837599 631052 553611 779957 755387 612858 477848 387373 852567 698003 788582 457078 698776 694730 364476 953597 144320 756072 220887 215218 477356 500785 359717 518806 777060 738216 356022 402643 836157 257071 870615 381593 594316 515170 790090 378326 498620 350126 146240 357216 77160 365673 48012 760546 352482 409358 256405 433159 569231 250003 398635 755448 906187 561362 983367 387440 126956 512332 612090 567265 358012 766609 310251 652971 688425 295252 764856 240972 341315 766811 289154 851786 524792 553716 624124 327505 937515 220054 898575 594296 761602 335615 916924 231132 562459 355870
682441 450338 501704 761684 247655 340642 999999999 522364 615317 526110 661263 622662 665460 507665 763311 457359 510785 496177 827673 668475 634739 384586 786151 745393 672523 657132 537938 592431 33322 1038154 209140 537207 502898 129747 324569 671112 147868 180189 556269 857107 36577 588392 684366 128415 923904 575533 432403 534497 537552 94919 805072 686186 275958 660911 287070 138496 311283 521723 406116 617728 133299 98679 321028 108137 694378 504914 1000049 228461 1076143 597741 216874 663885 300867 761816 697790 689665 393862 736263 434615 233293 696761 547036 581011 510547 255436 679236 189656 244095 354701 638432 715057 121229 932118 776006 518275 555996 966751 228359 226885 501956
304942 85507 268449 462951 274874 387085 522364 999999999 180565 389035 328701 291867 384301 645509 517466 461690 272177 713679 368651 234998 112375 188173 524533 317825 513229 152595 492021 426393 555675 567468 370995 602970 239513 424436 365808 149506 632450 635536 621432 356975 556855 89670 588310 534383 484821 93879 426392 185887 674127 479558 421061 451129 289522 321647 343053 428170 425256 632374 131683 133599 537416 562488 515778 506224 321059 644519 521024 646474 598622 125710 388693 142486 635060 243463 493130 459005 129067 266239 599724 296178 449931 288837 165858 661323 271821 623566 626446 592438 577520 329655 754633 441623 516030 254162 639271 130106 531126 295754 655991 31519
125761 189891 181341 288504 385775 373558 615317 180565 999999999 569556 158622 458813 552296 819885 682990 639312 452295 882566 465806 374661 171559 354596 686676 444748 689926 105029 672379 605269 647679 632052 423631 781115 156553 495761 530758 168775 695577 757608 799967 409722 645341 102418 767309 589982 582476 88359 603111 362711 849378 596401 241239 294454 343504 150446 365069 552206 420631 808448 291291 67212 591570 676540 676765 568658 141679 818721 581211 778578 653979 59414 431342 198339 783418 202302 340290 630175 266009 372878 769874 419103 619205 171065 34694 835087 395150 803618 752747 735022 739446 168416 935109 510710 624987 234783 814782 63801 626698 392839 786025 169401
693743 410792 617909 848649 380261 633488 526110 389035 569556 999999999 713948 184179 163815 303099 237478 124852 118686 395201 419103 299215 442526 254003 261134 329524 156605 519022 109214 66854 550141 604235 526216 237594 594133 518720 201555 477466 673764 519517 251803 504393 559853 472916 207853 619347 472063 481965 117165 214697 323733 435059 809171 824898 487729 707500 559303 387761 647703 280014 308850 516983 624402 493553 282348 586296 709883 303310 582565 494134 646665 513231 552717 444953 424333 562308 862349 164697 352293 374786 290016 353903 174280 651937 553501 321144 351031 236299 499101 416391 319175 710917 367144 532893 458972 549388 290098 516603 505113 413454 508401 404344
54194 309240 159841 134712 466369 354842 661263 328701 158622 713948 999999999 615258 708703 943851 840257 771341 599366 997219 618044 533270 329279 480206 844577 602315 841924 255648 812485 754638 690906 770513 453602 912985 160241 532622 647213 321437 710693 823432 932683 550924 685599 260089 916290 605256 732934 243319 733834 514423 974642 664433 145107 140005 388124 8786 379401 629105 401780 935640 416669 225277 605472 738067 784711 591485 51633 942397 719149 853465 788115 217380 451939 353849 874847 327474 186956 785599 381276 528670 887782 505187 775331 115897 163286 957850 483971 949920 822787 821690 847137 29346 1075102 544241 777851 363940 940842 198647 775965 462157 858649 309894
583934 348617 556246 747262 415374 631099 622662 291867 458813 184179 615258 999999999 93492 487115 225728 306175 115023 579174 238443 120288 302564 257055 232977 147610 242210 384253 287534 178097 651914 435544 558979 419055 528293 577432 323520 330158 763828 659487 431449 320247 658927 356416 328806 689042 309165 371983 289044 116642 506871 543148 685686 742346 497136 607594 566918 489050 657739 463353 278780 396243 693539 615558 445746 656041 599514 487380 407905 644632 477003 399410 583771 294322 589013 402279 784844 172255 321039 191956 472158 405726 160430 580080 452532 505189 391874 374423 641815 570437 491907 619203 524166 594086 310411 383291 473700 419382 348729 449140 658047 317876
677361 436988 646419 840752 479516 709712 665460 384301 552296 163815 708703 93492 999999999 448891 133534 286379 161865 546083 274223 200567 394547 325758 143971 192743 159754 476365 244330 124506 692448 444228 626397 373737 618887 635832 348059 420450 810752 678306 382485 374279 700837 449892 249467 744239 310939 465453 280869 203400 463811 579447 778104 835231 570998 701056 642183 527947 733173 421928 358302 489533 749000 645137 445816 710930 692917 449674 426533 655885 486844 492890 652049 384239 588119 487427 877431 80596 402243 259276 447751 463656 67126 671644 545886 466918 453415 298927 658685 578693 482574 712428 452859 651729 295270 465493 433167 512499 342082 513827 669988 409437
935866 636517 816119 1074752 508499 757686 507665 645509 819885 303099 943851 487115 448891 999999999 453988 189394 406731 99729 718675 601612 722769 466117 480990 630655 333132 791694 204594 324385 514989 891249 618936 80674 799218 572243 298240 760734 639438 398171 83467 807354 528221 734950 279300 633020 757542 738272 220695 500864 32423 419161 1059950 1031091 621183 939013 681371 404457 752623 30739 530028 779097 638190 426693 192553 606074 951733 2887 875386 347282 933871 770112 642621 731607 246254 851493 1060676 407433 562685 677793 73211 468603 425565 858038 796406 18125 481983 242089 375011 282421 153890 933775 212262 578959 734147 842852 19264 759354 784266 530398 360662 650914
807373 570209 779903 971444 598883 837599 763311 517466 682990 237478 840257 225728 133534 453988 999999999 334881 284267 553627 342623 318815 521113 450801 27173 283444 120932 602735 266541 172332 787600 461444 746614 373397 752412 748553 438901 543837 910793 750254 374928 454168 797245 580625 192256 852936 332547 596957 344297 336754 459942 672537 904314 968069 696334 832483 768073 624854 858783 423827 488471 619074 857893 729782 504378 819685 822736 455548 458506 719517 502785 623604 772733 507401 638930 602280 1010539 74347 532890 361648 473956 578601 72763 805133 677908 470717 571292 244557 728857 641091 527269 844750 395036 763608 295648 576576 435662 645049 347813 633125 734075 542897
758793 462101 655268 904530 371644 631052 457359 461690 639312 124852 771341 306175 286379 189394 334881 999999999 217792 274713 543139 416076 534310 291401 361182 453027 225111 604861 80687 169726 476193 728837 505429 141962 635248 479385 154862 571938 603938 417299 161369 624980 487546 550402 227109 566447 596346 555310 38275 311470 215099 362572 880453 868886 486333 765856 554069 325098 636064 172052 354680 594795 571695 406290 169556 534874 774850 188993 707413 384699 771310 587213 531423 542413 306121 662206 902129 269823 392074 493471 165991 336327 283946 694342 618083 206717 342286 227393 395375 306286 197142 763938 311172 490791 581354 653478 180095 580753 628455 400404 399275 469938
577109 302272 512648 734015 317758 553611 510785 272177 452295 118686 599366 115023 161865 406731 284267 217792 999999999 491446 346816 203280 324527 166535 300572 256397 247486 400412 226309 156179 539316 549021 464907 349268 487279 474446 208930 360192 653900 544752 365317 414925 546798 354649 317039 583780 424008 364334 191988 96794 430883 429221 691138 714682 412111 592646 483814 375620 574563 387182 208408 398583 588466 500732 337678 550524 593219 406463 519238 531159 590058 395364 490699 328583 479801 447268 753729 213081 253213 281759 379580 302099 211513 543756 437608 424265 291550 351396 527331 458026 388166 597836 485814 490514 424872 436691 396180 401091 463749 352084 544387 289541
993844 695027 860840 1125053 544439 779957 496177 713679 882566 395201 997219 579174 546083 99729 553627 274713 491446 999999999 813484 690766 798415 528437 580601 724523 432811 863355 302010 421734 497028 989441 637010 180230 846620 580419 352067 837262 614256 357918 180538 899012 510529 803311 376299 624479 855763 804492 300115 582471 98659 417166 1119889 1074706 651939 993035 705824 415643 768840 129823 591303 846790 629422 405009 215315 601043 1009404 98323 972531 302039 1032078 835996 658588 809982 203288 930116 1101088 506852 619359 768000 114402 503757 524844 904516 856802 82979 520769 335700 336224 254084 156200 984756 272290 584269 833278 923909 117989 820388 883177 561384 313370 715666
571912 452040 620663 732489 594499 755387 827673 368651 465806 419103 618044 238443 274223 718675 342623 543139 346816 813484 999999999 159212 298655 443381 329153 90955 425949 362858 514850 396476 859135 210585 721696 646015 591127 759022 553798 297406 959717 887204 655804 113255 864228 379361 515037 872792 117989 401550 527414 294226 735678 757847 637274 757594 646030 609321 706809 702512 792172 693007 434406 399796 876666 835337 683202 841365 584507 719212 174077 876932 248694 414756 743037 268155 826066 311124 804203 338876 463919 102430 708958 597137 319557 627621 477277 736797 577844 566884 870980 804665 730312 632647 721895 776459 159837 276887 703924 457379 163771 624730 889891 400093
495569 311377 501719 660447 436536 612858 668475 234998 374661 299215 533270 120288 200567 601612 318815 416076 203280 690766 159212 999999999 205864 284191 318003 85272 358331 286255 405639 298381 699983 369772 567479 536395 472354 601438 402583 225417 800884 732264 549634 211734 705027 274774 446651 715217 263216 294236 393839 136109 622926 599505 586594 667457 494600 525036 558600 544124 646485 579177 278287 308231 719195 677786 539763 683493 510346 601678 332149 724959 407730 316511 589777 189026 680608 286920 712222 280804 311168 78495 580732 438091 265363 517430 375859 619553 419100 493551 716865 654883 591367 541698 644220 618819 286032 265257 589139 347730 308807 467430 737500 265831
289865 191228 323499 454728 387230 477848 634739 112375 171559 442526 329279 302564 394547 722769 521113 534310 324527 798415 298655 205864 999999999 287364 522393 273215 542487 81829 550825 465731 668050 480513 478665 671732 294181 535330 459734 39889 743389 745118 688633 261141 669203 81220 625584 643996 416472 103677 502154 227877 749385 590653 383647 466008 395930 320863 443324 538522 519744 706321 238620 104349 646841 673593 610353 616575 304533 722110 431457 753669 507695 116733 494712 34493 736228 135948 511747 474542 241252 202274 684031 407712 461572 328966 179088 739512 383520 666923 735197 696486 670579 339956 808439 552379 456229 142373 714366 159205 461733 407909 763695 135365
469873 171138 367687 613148 158666 387373 384586 188173 354596 254003 480206 257055 325758 466117 450801 291401 166535 528437 443381 284191 287364 999999999 466775 363212 404712 340596 339068 310609 416409 653958 302303 432821 345889 322512 178039 327215 517360 465366 452620 476086 421095 276830 461625 435504 543052 276443 253702 152862 496172 320409 593911 579222 245680 474882 317301 265376 408111 456210 63953 319430 439780 401511 327626 403000 485791 464854 615464 468900 691648 307750 327445 308245 449055 423307 614166 379296 101464 352054 415360 154339 378044 404741 330322 480974 137031 486015 453299 409369 389494 472540 598762 339534 556509 426746 461912 293349 587152 192179 479630 187327
810305 580385 789046 974796 617019 852567 786151 524533 686676 261134 844577 232977 143971 480990 27173 361182 300572 580601 329153 318003 522393 466775 999999999 275804 148025 603639 293535 196968 810853 438913 764637 400374 761205 768607 462088 543416 933422 775890 401689 441693 820330 584545 217074 873960 311656 601563 369731 346819 486675 695938 904565 974019 712453 836676 783991 647655 874867 450787 501926 621955 878881 754254 530581 840671 825494 482565 437857 745682 479902 627415 790626 507030 665648 598178 1017012 96555 546029 355459 501112 597908 90775 813012 682946 497670 589818 268927 754604 667256 554105 849985 417715 783871 272587 571297 462623 650826 324786 651323 760224 550845
561063 396014 582077 725304 518347 698003 745393 317825 444748 329524 602315 147610 192743 630655 283444 453027 256397 724523 90955 85272 273215 363212 275804 999999999 350316 348919 427803 311051 776296 295105 651622 559453 552550 683417 464201 284172 880550 798632 570126 181557 781966 348586 440280 797081 180097 369350 436651 211033 648645 672615 642187 739156 579521 593841 643825 617457 731756 605621 362105 377550 801164 748863 592303 765036 575091 631095 262979 787172 335162 388563 674213 249482 735241 325394 784736 264916 396051 80909 618974 517550 246496 595251 449789 648778 499590 490823 782014 714416 639392 613089 645265 700714 200760 296645 616355 424277 224978 549905 800251 349028
815675 549672 760131 976021 536781 788582 672523 513229 689926 156605 841924 242210 159754 333132 120932 225111 247486 432811 425949 358331 542487 404712 148025 350316 999999999 623539 150214 94128 694217 570942 682811 252603 734713 673713 350360 571760 820326 642287 254803 530979 704791 588792 89986 771819 438646 601642 241887 327638 339830 579126 923230 960931 643271 834821 715034 535565 803867 303057 454197 630903 776944 629367 393541 739035 831603 334667 562329 608029 613084 631211 709315 536186 523484 643991 1000614 87185 498765 419016 354222 510395 106674 790945 678868 349952 507605 140991 620220 529855 411078 842217 295974 687468 408056 623564 314890 643325 459600 570043 622653 533752
212227 207322 279198 376414 413841 457078 657132 152595 105029 519022 255648 384253 476365 791694 602735 604861 400412 863355 362858 286255 81829 340596 603639 348919 623539 999999999 626340 545281 690310 527273 482571 744244 251735 547379 517757 65793 753510 782286 761770 304869 689893 69195 705864 650392 478733 82431 571197 304704 819309 623693 301827 394825 399379 246985 435318 574375 502224 776760 283710 47868 652657 706181 668035 625627 226171 790871 476546 796054 549848 69644 494864 99447 787406 111069 441366 556315 273922 273449 749076 440452 543398 274664 124843 808006 415807 746333 774424 744019 729554 269818 885896 563666 522531 137462 784301 121518 522562 428922 805079 161091
795237 505182 706747 946868 439521 698776 537938 492021 672379 109214 812485 287534 244330 204594 266541 80687 226309 302010 514850 405639 550825 339068 293535 427803 150214 626340 999999999 119836 556880 687453 578110 131794 684770 556332 228914 586211 684612 493900 144017 606511 568228 577901 146960 645870 553794 585677 109038 322988 220895 443196 913064 917710 552874 806416 622343 404930 706741 178184 399405 622222 651104 486318 244487 614037 811386 205350 670858 458216 730092 617274 604382 553970 373409 671511 953187 209019 440380 479476 209564 406584 225784 743457 654376 222647 409814 153150 471541 380222 261186 807579 262923 568318 532566 658504 189206 617155 581891 470024 472845 504818
730708 458113 667939 889152 444271 694730 592431 426393 605269 66854 754638 178097 124506 324385 172332 169726 156179 421734 396476 298381 465731 310609 196968 311051 94128 545281 119836 999999999 616062 567933 590980 249723 642965 585187 267894 497776 740175 579630 259373 491525 625942 505554 162041 686189 434353 516942 173492 242975 339655 500867 841764 870861 549639 747773 621479 454204 710624 297530 360849 548659 691241 557462 336857 653127 746754 325170 551024 551222 610572 547308 617444 463332 475732 576458 909824 101813 405275 368203 325507 419240 114526 699735 592230 342414 415335 201194 558617 472932 366643 753693 346932 599480 414887 559597 308721 556076 463462 477816 565671 445158
713107 483588 531154 789185 280935 364476 33322 555675 647679 550141 690906 651914 692448 514989 787600 476193 539316 497028 859135 699983 668050 416409 810853 776296 694217 690310 556880 616062 999999999 1069523 237648 549020 533191 158326 348768 704434 128280 164374 567555 889708 13502 621606 702599 134430 954422 608649 452995 565581 544039 115261 835073 712189 307193 690749 314615 164503 332425 530721 439038 650749 138681 92340 332620 121635 724836 512188 1031777 216812 1107708 630692 243244 697159 297580 795109 722387 714301 427140 768315 442442 265963 721965 576218 613307 516726 288346 695298 177319 243057 361186 667648 724490 147835 961795 809328 526585 588647 997014 261617 213229 535272
719238 652637 802046 867880 804540 953597 1038154 567468 632052 604235 770513 435544 444228 891249 461444 728837 549021 989441 210585 369772 480513 653958 438913 295105 570942 527273 687453 567933 1069523 999999999 929073 813866 773170 968721 757841 467211 1170168 1093138 820218 222430 1074717 560906 652567 1082419 133707 583371 718541 504159 903836 967315 756111 909644 851672 761766 909785 912062 992678 863271 643720 571163 1086218 1043938 879761 1051217 729131 892205 51388 1080013 42640 589637 949658 446601 1023241 443427 956634 487361 671344 307415 891851 807703 468266 801669 650595 909117 788295 705291 1076146 1005976 922427 789982 856411 986185 166589 406733 874773 637676 114642 834355 1093332 598238
477769 287566 293766 552658 147738 144320 209140 370995 423631 526216 453602 558979 626397 618936 746614 505429 464907 637010 721696 567479 478665 302303 764637 651622 682811 482571 578110 590980 237648 929073 999999999 622947 297284 79453 350608 510086 272316 381273 643822 726440 232012 417295 720684 167887 830684 400398 470440 449344 651226 234814 598133 478744 83364 453675 78720 221807 133735 623697 289557 438437 170087 294837 428413 145029 488903 616597 885302 420583 963048 416945 26517 511466 467932 592443 493050 673149 257848 621774 548424 172912 674425 338630 388943 627182 175870 730896 385207 409655 481637 430055 805592 90714 850568 612690 623986 369676 876255 113572 422693 343897
900755 603772 794213 1045914 499548 756072 537207 602970 781115 237594 912985 419055 373737 80674 373397 141962 349268 180230 646015 536395 671732 432821 400374 559453 252603 744244 131794 249723 549020 813866 622947 999999999 775034 585255 281261 708495 676341 449956 20996 738300 561764 691289 200546 657850 680211 696726 179153 445596 90144 444367 1022302 1008517 614345 907573 678961 420077 756128 50463 496335 735729 663106 465671 216459 628714 916809 82361 799460 403562 856440 728616 647955 677625 305841 796535 1040764 328311 532956 610904 121176 461520 346749 834150 760041 97354 471193 167785 426609 331854 199283 905177 182891 594106 655368 785386 62291 722709 705839 525289 417680 611781
180511 185049 29605 279080 308597 220887 502898 239513 156553 594133 160241 528293 618887 799218 752412 635248 487279 846620 591127 472354 294181 345889 761205 552550 734713 251735 684770 642965 533191 773170 297284 775034 999999999 375367 500988 306501 561974 663263 795341 551569 528506 212997 801240 455701 709110 190511 597087 415928 830713 504202 302343 233642 228307 158902 227110 469481 268740 793480 285919 204681 456500 578031 632314 438884 191715 797571 723319 693320 798309 184563 298571 327234 716692 357231 268543 689939 244442 491316 739668 348224 682773 59118 127854 812281 328151 829538 662546 662804 694176 141341 944435 387907 745906 387873 797766 135512 754800 302502 698431 211029
555614 345089 372843 631944 165070 215218 129747 424436 495761 518720 532622 577432 635832 572243 748553 479385 474446 580419 759022 601438 535330 322512 768607 683417 673713 547379 556332 585187 158326 968721 79453 585255 375367 999999999 327874 569139 208067 304220 605739 773930 153151 480159 702166 113789 863503 464963 447298 474931 604047 166691 676918 557053 152343 532534 157407 167803 192580 580291 325079 505105 117769 218179 379713 82761 567081 569734 927048 346170 1004432 484170 88739 566791 401215 655514 569915 674272 301642 661872 499948 172412 677832 417897 461121 578729 185776 706777 309617 342551 427702 509326 767922 17494 878826 673273 579280 439148 908223 134371 347275 400050
642070 342984 518012 777118 218862 477356 324569 365808 530758 201555 647213 323520 348059 298240 438901 154862 208930 352067 553798 402583 459734 178039 462088 464201 350360 517757 228914 267894 348768 757841 350608 281261 500988 327874 999999999 499518 472282 335977 302196 612115 358343 454803 374299 421782 632683 454367 120207 270646 329836 233918 767871 732985 333837 642683 400234 186320 481303 293672 239781 497466 426939 297093 150687 389199 657709 296584 727157 323151 798724 485534 376655 476662 281873 595024 763187 365534 267495 479812 240738 182135 373439 559799 504737 311384 190129 380831 318401 252349 211798 636233 460774 340372 631210 594562 297300 468372 671744 246288 336100 365116
277625 224070 335106 441312 423985 500785 671112 149506 168775 477466 321437 330158 420450 760734 543837 571938 360192 837262 297406 225417 39889 327215 543416 284172 571760 65793 586211 497776 704434 467211 510086 708495 306501 569139 499518 999999999 777022 784024 725108 245166 705259 98153 656296 676491 413747 119635 540274 263401 787034 628890 361296 460511 426913 312777 470835 577112 544075 743831 277791 104429 679179 711833 650109 649751 291291 760121 417050 793117 491810 122428 525051 36436 776111 96095 506986 500926 278535 207847 722911 445635 487059 335162 183747 777587 421311 698836 774334 736259 710233 335281 842193 586026 456953 104894 752033 171440 457925 443543 803058 169617
741243 552954 553220 791762 366750 359717 147868 632450 695577 673764 710693 763828 810752 639438 910793 603938 653900 614256 959717 800884 743389 517360 933422 880550 820326 753510 684612 740175 128280 1170168 272316 676341 561974 208067 472282 777022 999999999 261814 694602 980044 116448 687032 830597 106310 1060239 671112 579856 669781 667642 241644 855612 706592 354598 712119 334936 286003 316795 656437 528842 710138 105516 212753 460187 127890 750906 636603 1129955 318905 1206917 688811 264862 774840 411439 862482 708416 837006 508526 864796 567548 363028 843762 594964 660920 640134 381877 823577 280940 361340 485617 684544 850194 191029 1071420 880957 651801 641963 1103996 339472 311169 608087
838875 577056 666066 931388 372164 518806 180189 635536 757608 519517 823432 659487 678306 398171 750254 417299 544752 357918 887204 732264 745118 465366 775890 798632 642287 782286 493900 579630 164374 1093138 381273 449956 663263 304220 335977 784024 261814 999999999 465362 936752 176588 713290 630141 298418 968652 704347 406232 596734 422885 161306 964565 859878 435612 822137 459977 207912 491202 420106 506592 748450 302467 86482 249512 285332 851990 395285 1061134 57209 1133701 730506 392945 769877 155417 878948 873985 681430 508605 807243 331329 342039 693001 712086 724617 395372 366670 611594 23353 118145 250688 802661 610148 298819 966481 887202 413286 695131 1007621 366107 49938 621509
920003 623445 814663 1065765 520531 777060 556269 621432 799967 251803 932683 431449 382485 83467 374928 161369 365317 180538 655804 549634 688633 452620 401689 570126 254803 761770 144017 259373 567555 820218 643822 20996 795341 605739 302196 725108 694602 465362 999999999 749766 580374 709497 196120 677493 686712 715249 198926 461906 85039 463776 1041192 1028870 635335 927217 699951 440266 777038 53011 516014 753949 682744 483407 235283 648536 936073 85683 807023 417850 862724 747123 668796 693883 319003 812463 1061277 333402 552969 623405 134653 482515 352198 854458 779209 98045 492158 158978 442010 347450 214832 925090 162231 614467 660367 800698 64205 741866 711213 546285 431816 630709
500835 442340 580258 654607 613837 738216 857107 356975 409722 504393 550924 320247 374279 807354 454168 624980 414925 899012 113255 211734 261141 476086 441693 181557 530979 304869 606511 491525 889708 222430 726440 738300 551569 773930 612115 245166 980044 936752 749766 999999999 893206 340302 620795 886350 196490 362642 604515 341857 826754 796469 549884 690677 646038 542145 699510 741339 779115 783361 452001 348832 889738 877139 751348 856629 511636 807626 171938 932747 246927 367553 745107 226755 891695 226790 737699 444730 472350 133260 790526 623814 425842 579247 428244 825432 602038 671792 922511 864347 803074 569317 826469 791389 250160 190049 793809 416232 233250 640639 944894 386376
708686 483596 525771 782354 282565 356022 36577 556855 645341 559853 685599 658927 700837 528221 797245 487546 546798 510529 864228 705027 669203 421095 820330 781966 704791 689893 568228 625942 13502 1074717 232012 561764 528506 153151 358343 705259 116448 176588 580374 893206 999999999 621374 714153 121863 960448 608016 463854 571073 557338 125672 830018 704536 303657 685601 308165 173105 322936 543802 441909 649798 125996 105816 345323 110725 720217 525423 1036558 229601 1112682 629552 236298 698670 311025 795346 714032 723795 428691 772684 455618 269436 731216 570605 610877 530043 291308 707339 190086 256557 374450 662018 737550 141555 968509 810134 539732 586847 1003261 261863 225715 535865
227691 138254 242287 390919 344662 402643 588392 89670 102418 472916 260089 356416 449892 734950 580625 550402 354649 803311 379361 274774 81220 276830 584545 348586 588792 69195 577901 505554 621606 560906 417295 691289 212997 480159 454803 98153 687032 713290 709497 340302 621374 999999999 667471 584761 497290 22504 515470 262581 763407 554534 336588 392699 333933 252140 374258 505385 446090 721481 217644 44454 587196 636997 604335 559245 243411 733985 511472 727630 587212 43004 430839 114388 720968 175451 437484 527910 205248 281416 689385 371369 516823 248638 101329 750837 346722 705086 705613 676644 666315 267069 839758 496644 536079 195998 728510 78063 542695 360084 736507 92885
892741 617109 825388 1050881 578751 836157 684366 588310 767309 207853 916290 328806 249467 279300 192256 227109 317039 376299 515037 446651 625584 461625 217074 440280 89986 705864 146960 162041 702599 652567 720684 200546 801240 702166 374299 656296 830597 630141 196120 620795 714153 667471 999999999 792801 521858 678980 255460 404904 278711 589513 1003478 1030867 689922 909496 760654 551880 847058 248586 516522 710431 798033 629453 381912 760913 908790 281366 646841 589670 694237 709309 747111 621168 497337 731082 1069056 176280 560118 508722 316614 548066 195496 858686 754105 294152 549043 52848 607211 513465 385591 914848 207209 714485 487480 711600 260103 717832 539553 610504 604203 606556
635131 452846 447276 689624 278766 257071 128415 534383 589982 619347 605256 689042 744239 633020 852936 566447 583780 624479 872792 715217 643996 435504 873960 797081 771819 650392 645870 686189 134430 1082419 167887 657850 455701 113789 421782 676491 106310 298418 677493 886350 121863 584761 792801 999999999 977175 568151 537613 588185 663450 214253 750291 606449 251020 606511 228635 241619 216859 645586 438716 606320 5273 224492 443456 33327 644935 630315 1040561 351227 1118000 584809 158798 676173 428841 760069 611078 778599 414064 775453 559815 283320 783320 489417 555364 636714 298492 792328 311744 372427 481139 579418 837936 96401 992005 779718 642782 537249 1021819 248080 347569 508694
685566 567154 738649 844075 698435 870615 923904 484821 582476 472063 732934 309165 310939 757542 332547 596346 424008 855763 117989 263216 416472 543052 311656 180097 438646 478733 553794 434353 954422 133707 830684 680211 709110 863503 632683 413747 1060239 968652 686712 196490 960448 497290 521858 977175 999999999 519506 587280 390459 770210 848831 743917 872795 757161 724176 819806 793996 906354 729577 541458 516917 981255 923288 749796 945129 697622 758499 126222 953066 176332 532302 852876 385547 893207 418013 919570 354246 573952 219120 758688 697345 335034 745402 594812 775410 679610 574693 950927 878022 790905 748452 727199 880806 56061 382115 741074 575325 46320 729910 966625 516332
214046 127382 219823 375610 333921 381593 575533 93879 88359 481965 243319 371983 465453 738272 596957 555310 364334 804492 401550 294236 103677 276443 601563 369350 601642 82431 585677 516942 608649 583371 400398 696726 190511 464963 454367 119635 671112 704347 715249 362642 608016 22504 678980 568151 519506 999999999 519764 274354 767176 544739 327420 373824 317134 235614 355102 496627 425449 725649 215285 44493 570463 626849 602962 543235 230008 737225 533896 720302 609564 31905 413144 136885 716696 192196 418168 542750 198426 303197 690932 362342 532175 226861 81838 753891 337738 715526 697323 671181 665253 248718 848125 481237 557954 214850 732385 55846 564969 347613 728837 89340
721919 424619 617027 866841 334768 594316 432403 426392 603111 117165 733834 289044 280869 220695 344297 38275 191988 300115 527414 393839 502154 253702 369731 436651 241887 571197 109038 173492 452995 718541 470440 179153 597087 447298 120207 540274 579856 406232 198926 604515 463854 515470 255460 537613 587280 519764 999999999 282482 248162 338247 844105 830718 449227 728420 517447 297444 600271 206011 317182 559781 542831 387788 165244 505578 737950 219985 694751 378190 760776 551666 496586 511648 307267 631707 863879 275302 354127 471968 187608 300159 287454 656188 581364 237358 305282 260642 385136 300098 203935 726169 349378 459295 575786 624319 213184 544064 621381 364086 392573 433713
488364 233613 443220 648400 310251 515170 534497 185887 362711 214697 514423 116642 203400 500864 336754 311470 96794 582471 294226 136109 227877 152862 346819 211033 327638 304704 322988 242975 565581 504159 449344 445596 415928 474931 270646 263401 669781 596734 461906 341857 571073 262581 404904 588185 390459 274354 282482 999999999 525944 463664 598867 636007 383663 507256 452427 408311 542949 482407 163710 305751 592412 541690 413731 555777 504351 500451 467898 591017 542894 304446 473357 232030 551618 351192 677098 274541 204921 210654 469152 306967 266859 469568 351270 518146 289827 442949 581725 522616 468984 515464 581221 492056 403897 342076 491076 315958 434355 342910 603284 208259
966039 666870 847828 1105838 540820 790090 537552 674127 849378 323733 974642 506871 463811 32423 459942 215099 430883 98659 735678 622926 749385 496172 486675 648645 339830 819309 220895 339655 544039 903836 651226 90144 830713 604047 329836 787034 667642 422885 85039 826754 557338 763407 278711 663450 770210 767176 248162 525944 999999999 449898 1089750 1062804 653580 969725 713789 436244 784896 43826 560120 807650 668601 454938 224343 636839 981943 34650 889603 370594 946394 799050 674851 757359 269095 877016 1092602 417697 593386 698330 104270 500961 436315 889585 826306 27622 514225 237111 399912 308686 182979 964847 187834 610578 744784 867522 35028 789183 795445 562807 383580 680215
678367 417358 508567 775838 211389 378326 94919 479558 596401 435059 664433 543148 579447 419161 672537 362572 429221 417166 757847 599505 590653 320409 695938 672615 579126 623693 443196 500867 115261 967315 234814 444367 504202 166691 233918 628890 241644 161306 463776 796469 125672 554534 589513 214253 848831 544739 338247 463664 449898 999999999 804518 708139 278305 662830 311711 55391 359064 431337 353768 588609 219468 82944 229246 186942 691689 416483 931550 189714 1006439 570279 251771 617091 234630 722815 725559 599384 351178 670923 345958 183604 607334 554676 563340 423423 208174 584416 158475 175993 268594 644517 623785 168218 853555 733026 428616 534076 890480 204935 194259 463639
127634 424890 304598 127420 601607 498620 805072 421061 241239 809171 145107 685686 778104 1059950 904314 880453 691138 1119889 637274 586594 383647 593911 904565 642187 923230 301827 913064 841764 835073 756111 598133 1022302 302343 676918 767871 361296 855612 964565 1041192 549884 830018 336588 1003478 750291 743917 327420 844105 598867 1089750 804518 999999999 208775 530552 144485 524428 766742 545017 1049133 530099 293116 750467 879793 910781 736577 113240 1058718 705431 992554 766178 295967 596940 397607 1008703 326451 246563 857891 500581 562665 1008155 639029 845170 261002 263604 1074884 616634 1041638 962988 957110 973527 171227 1175542 688832 794359 361869 1055275 300596 782907 600517 998331 410522
190447 414107 214977 94343 531111 350126 686186 451129 294454 824898 140005 742346 835231 1031091 968069 868886 714682 1074706 757594 667457 466008 579222 974019 739156 960931 394825 917710 870861 712189 909644 478744 1008517 233642 557053 732985 460511 706592 859878 1028870 690677 704536 392699 1030867 606449 872795 373824 830718 636007 1062804 708139 208775 999999999 432244 148787 400032 681815 390068 1026183 518349 361666 605450 773399 859517 600071 181444 1029370 858259 897134 926377 351166 469338 492092 932806 466249 47024 910043 477765 666945 969928 571712 901049 174576 291986 1043730 553951 1060961 862963 876596 920436 126067 1177938 565043 917334 502911 1030196 323194 915928 518392 900184 427846
406768 205202 230548 497576 114977 146240 275958 289522 343504 487729 388124 497136 570998 621183 696334 486333 412111 651939 646030 494600 395930 245680 712453 579521 643271 399379 552874 549639 307193 851672 83364 614345 228307 152343 333837 426913 354598 435612 635335 646038 303657 333933 689922 251020 757161 317134 449227 383663 653580 278305 530552 432244 999999999 387133 71966 249581 162453 621836 220334 355574 253341 349992 437577 226784 419013 619092 807002 468018 884780 334214 99173 428985 500681 509116 453249 624341 183470 545044 554184 153143 623601 276625 308843 631504 144066 705785 435860 444353 495887 367049 794610 167223 779733 529351 623702 287769 803080 90977 472301 261655
46272 303805 160127 141386 463658 357216 660911 321647 150446 707500 8786 607594 701056 939013 832483 765856 592646 993035 609321 525036 320863 474882 836676 593841 834821 246985 806416 747773 690749 761766 453675 907573 158902 532534 642683 312777 712119 822137 927217 542145 685601 252140 909496 606511 724176 235614 728420 507256 969725 662830 144485 148787 387133 999999999 380046 626938 404367 930572 411239 216951 606803 736933 780842 592299 45356 937578 710403 851666 779420 209358 452525 345274 872071 318764 195741 778096 376344 520073 883330 502261 767732 117167 156003 953100 480837 943376 821246 819163 843328 35176 1069114 544365 769133 355213 935857 191700 767194 460068 856988 303285
406949 257554 220007 474683 182858 77160 287070 343053 365069 559303 379401 566918 642183 681371 768073 554069 483814 705824 706809 558600 443324 317301 783991 643825 715034 435318 622343 621479 314615 909785 78720 678961 227110 157407 400234 470835 334936 459977 699951 699510 308165 374258 760654 228635 819806 355102 517447 452427 713789 311711 524428 400032 71966 380046 999999999 293737 91010 683816 288718 388994 229534 373527 493857 212375 417177 679163 863890 498774 941556 366993 72567 477341 543021 546358 414620 696208 249252 604945 612565 218113 695325 263678 330819 690759 212537 775433 463704 485140 549730 354822 860357 166789 844502 569924 685014 316876 865946 153980 501131 313156
639706 369453 476468 745083 166707 365673 138496 428170 552206 387761 629105 489050 527947 404457 624854 325098 375620 415643 702512 544124 538522 265376 647655 617457 535565 574375 404930 454204 164503 912062 221807 420077 469481 167803 186320 577112 286003 207912 440266 741339 173105 505385 551880 241619 793996 496627 297444 408311 436244 55391 766742 681815 249581 626938 293737 999999999 353208 412964 300673 540819 246882 136418 211916 210651 653552 401943 876185 226734 951126 523144 242951 564268 251208 671631 702262 551173 300753 615564 332157 134305 558296 522418 519844 410962 158889 550711 200937 194827 261136 610698 602105 174858 799376 680836 411698 489167 835847 166986 233830 413630
