NAME : synthetic_000070
TYPE : CTSP-D
DIMENSION : 100
GROUPS : 8
RELAXATION_LEVEL : 1
EDGE_WEIGHT_TYPE : EXPLICIT
EDGE_WEIGHT_FORMAT : FULL_MATRIX
EDGE_WEIGHT_SECTION
999999999 628511 459251 177706 175003 327017 950678 192682 889158 966837 547786 760224 635094 295737 504709 788303 599611 643629 270049 610194 555017 238886 516782 499884 160068 468524 439408 253027 739885 450802 400991 619897 368780 588072 225219 454864 484471 902899 409325 515428 329731 359606 343313 634800 367241 472960 185360 700023 56595 650889 376323 580102 774529 181494 327963 704131 918103 590640 567648 769453 206017 625411 557781 713998 438195 586105 545799 617434 262138 237699 524742 378206 70909 129189 622018 149424 362578 731864 349763 412927 316979 698102 724045 543816 257164 248276 714418 672397 441593 536343 307070 917404 46156 768805 61593 594765 285207 315328 643224 274481
628511 999999999 692665 464994 784010 310401 516161 583197 493895 603802 929552 651577 575011 479940 196271 637455 870689 27841 592964 37121 286003 862608 391491 286012 611946 333821 363996 751594 445680 758780 384778 328620 703003 884519 750801 267776 360801 561770 282873 486360 419023 490871 391139 307780 868822 155582 449292 561081 684818 687860 513436 488659 574827 488963 841928 76780 623849 256670 934955 588685 425074 596803 122018 584852 752072 130142 210334 437171 759063 391639 195836 313955 682321 665348 16146 746065 268191 684957 294184 281840 357472 353577 637403 925291 833476 650079 536690 528643 192761 584447 656240 467529 584318 1065056 656915 951927 913718 421198 124017 623354
459251 692665 999999999 394163 593263 453335 721592 271283 649518 681896 248982 378506 279761 672969 699461 422085 183257 719216 701887 699601 439787 603781 329811 414796 607291 363014 329531 711124 491393 82491 719634 453740 107414 192643 681160 424936 783710 620741 417241 244179 294463 209442 664159 877736 307032 580768 494732 363368 480367 224896 182996 292367 444208 552203 311267 743500 600590 485562 248705 428875 434056 253205 572710 363758 83945 577286 495901 367598 720025 483554 721065 642671 428136 588400 678102 406944 496151 324621 449324 658468 601738 511148 342316 245189 688271 698795 397125 354791 594124 171618 154291 709759 464385 380422 412182 262005 591237 300155 780445 715678
177706 464994 394163 999999999 351048 155454 776694 151353 717079 799463 559652 623789 498889 279023 373759 645240 566066 483076 322224 451373 379496 416006 353227 324058 252026 296690 271402 390244 572605 418333 334583 446641 337435 564206 371712 277400 407872 736340 231640 371153 169864 227959 276105 532074 433641 310867 100618 553239 233096 541060 252552 431046 622015 162422 400180 538560 757735 413685 573964 619836 49515 495653 384022 570150 406920 410875 368109 456653 399588 102735 395684 273513 219791 267705 456700 281093 197095 607195 175648 299898 220720 524523 589724 555275 425606 337090 561777 522513 289944 416107 272019 742045 142842 755891 193436 598150 456509 154843 498853 342039
175003 784010 593263 351048 999999999 494078 1125675 348832 1064087 1140842 620767 922630 798766 373500 638266 953537 704749 796294 293197 761925 729742 88623 690614 674501 198491 643521 614156 163105 914080 565582 496761 794899 491175 686768 128338 628381 579005 1076743 582287 683763 503909 527168 447968 740371 411205 630102 335057 867495 125842 801617 540917 749400 943853 300882 373742 860620 1089949 764715 643789 937636 373213 786375 723768 880141 553323 753627 718014 790236 168296 394535 655978 502986 169090 131146 779217 193879 524940 888832 518200 539916 444094 873101 885825 617468 95132 237126 884093 841283 592320 694791 439655 1092238 209261 849848 191279 671432 161813 489691 782291 278909
327017 310401 453335 155454 494078 999999999 655643 279099 602686 695557 661355 580720 464236 296674 249428 590928 636115 329570 383488 298984 263085 565541 280478 210178 354112 205677 199341 500631 474698 500794 288802 336376 430136 641685 489851 153465 338507 635504 107991 336879 160622 247031 245232 425073 568561 158504 169499 497606 383532 539046 275251 380898 552802 231759 538749 383299 669375 286628 671514 555827 121302 470895 230775 518425 491400 259681 230070 380389 509448 109689 271564 199114 374828 391143 301614 436028 47222 581747 26108 207971 177727 409908 551658 656949 558428 421057 495271 463387 149273 412755 372686 616560 286046 832751 348719 692656 610207 153322 355684 410599
950678 516161 721592 776694 1125675 655643 999999999 806211 72153 121120 957148 410987 450634 932664 699492 364869 832922 533093 1033257 552845 397705 1181434 445312 453225 1009094 482319 513442 1155255 232164 803901 870326 330801 799783 861171 1142238 504789 866625 133781 552029 492027 625147 628095 856021 821580 1012684 589970 824079 371644 1002569 557618 627968 432338 305409 887348 1004462 479307 204636 369027 949075 326697 764918 481315 471420 381533 805294 437219 428740 363254 1164212 765290 705012 781417 973843 1040382 505145 1006018 644993 479675 629537 760096 800411 252580 430075 954133 1202232 1075754 332568 370199 643505 550173 794217 49237 919453 980348 947036 952060 1205686 638507 632071 1061883
192682 583197 271283 151353 348832 279099 806211 999999999 739802 806250 409373 573811 450026 415544 518514 605024 428179 604676 432355 575820 427531 384802 361106 377281 336014 333483 297630 445570 582736 277780 484195 480626 194414 422491 417818 348685 558938 741683 312772 338371 189276 183204 424964 681974 289633 436595 243364 520277 225156 458499 193377 404743 598187 290427 259791 651784 747940 470322 424541 590808 200331 437657 484201 532071 265639 504430 442831 453425 454725 253912 540723 424702 180679 320359 572480 199836 325946 541581 290506 450136 371862 557272 537046 405020 440284 427517 539132 495519 426361 346620 128054 778820 193243 612090 157583 449387 400321 179346 634537 444961
889158 493895 649518 717079 1064087 602686 72153 739802 999999999 110167 885104 344265 378742 886384 668061 299699 761584 513637 983796 529521 340937 1117628 378741 395996 954161 420876 450194 1099699 161207 731803 831356 270603 728420 789626 1085372 449944 833830 85281 496900 421300 561464 560157 812988 801635 941505 550569 769447 300428 940126 487097 558945 360813 237116 834211 933812 467048 161130 317435 877156 258702 708084 409516 434028 311193 733252 400976 380858 292974 1108764 711837 675610 740214 909753 982692 481369 939613 595823 411964 576687 721388 754795 193550 361265 882076 1142546 1023736 261064 298161 603648 478061 724051 77453 859423 911415 883130 880347 1139883 575197 614360 1011864
966837 603802 681896 799463 1140842 695557 121120 806250 110167 999999999 904051 333434 402413 984645 775653 284512 770776 623742 1078724 639264 432524 1189143 450230 485849 1042617 503428 528528 1186790 227086 762385 935074 359255 770617 800894 1170543 542097 940600 64575 588106 473744 637110 623439 914078 911577 983704 654994 859140 318884 1015584 492990 617846 408456 240195 925504 980133 576972 98905 415311 893313 258532 795051 430566 540094 321692 765584 507739 480951 352851 1195985 803369 783839 842800 981495 1066918 591115 1004699 692760 403327 669891 825551 854074 287255 359925 901435 1222763 1115696 285115 328632 707574 511962 775096 162142 940164 902391 955481 893097 1205901 651529 724503 1106121
547786 929552 248982 559652 620767 661355 957148 409373 885104 904051 999999999 577996 506782 819913 910575 626293 148396 955180 816896 932741 687594 594870 578574 659386 707838 607038 571632 771279 731336 172327 893548 702587 231314 115881 736895 663004 967420 846512 648043 492576 514845 438680 834333 1082592 215016 805040 652329 588074 542652 413527 416763 536489 663974 693914 248846 984979 814734 733686 24668 645592 607498 476551 812344 582664 177832 819987 740221 612878 778743 661020 932780 830821 489914 666952 915716 431415 707641 511831 663634 853419 780284 758212 546644 4415 710718 794423 625688 586950 809448 411513 290803 949624 572501 229260 487418 51233 552094 516055 1007558 822260
760224 651577 378506 623789 922630 580720 410987 573811 344265 333434 577996 999999999 125549 872331 759448 49092 439697 678548 941271 676882 374561 952411 302951 400919 874931 380716 381381 1006248 236641 452405 865559 322978 480261 470645 982585 452577 900493 283487 483378 253054 456158 402117 825753 930702 685319 621003 710019 91110 798544 164654 383908 199928 108256 778791 689270 664787 238928 395552 565296 86543 639430 136665 541303 67350 458121 522852 451929 218894 1015636 668550 775594 771662 754033 879794 635563 756362 600874 69954 560635 768969 758400 317027 37342 575740 1013702 960849 117375 125351 662024 229739 503590 419924 746577 570936 731393 562997 953010 470796 771580 963602
635094 575011 279761 498889 798766 464236 450634 450026 378742 402413 506782 125549 999999999 751809 659850 155463 384412 602737 817635 595762 289207 831050 196150 302515 749667 272560 266440 880703 230681 359972 751910 257288 373023 411556 857116 348013 792157 342093 372815 129761 332357 276589 709325 835883 584207 521856 586635 83617 674215 122982 258824 89309 164756 655164 583708 600627 321585 321007 498442 150750 516007 31315 457326 86257 363262 444947 366394 143566 890091 547206 677560 659262 630601 754262 558876 636321 488428 118553 445841 659629 641701 281687 90844 503845 889254 835974 119123 81207 558237 113382 387936 445755 621048 547886 607491 501769 834869 346801 689205 839488
295737 479940 672969 279023 373500 296674 932664 415544 886384 984645 819913 872331 751809 999999999 297227 885520 841858 483118 113993 448900 554058 462059 575989 504024 175025 502266 493047 285586 768466 692297 125163 627919 609495 837691 294692 446236 205702 926617 403406 622176 423067 498096 90138 368272 658407 350097 178426 791967 332643 810720 524888 672730 849302 126007 619891 554034 964299 569687 836917 851863 244059 754270 467473 812025 680398 502049 505551 676935 291490 204964 309580 166009 366462 242728 480924 444761 292071 866587 320370 199749 132374 697390 841382 815668 388376 175976 791394 758233 298118 683614 543082 889638 257339 1027630 354905 862637 532159 409826 440569 144222
504709 196271 699461 373759 638266 249428 699492 518514 668061 775653 910575 759448 659850 297227 999999999 756399 882704 192555 411137 160786 387835 722936 463706 359100 449997 388441 403116 579751 588909 749913 190525 452506 679465 889649 584242 312180 167376 726665 295565 545552 405011 490481 207166 180250 806456 138522 319775 669158 557724 755400 517911 570675 702587 337655 773734 264006 780540 379654 920923 712150 325175 674390 237261 692501 740667 268210 314383 541264 586339 276293 22286 136917 568723 510965 202147 641808 204069 777529 250273 100006 194173 501503 737460 906166 673380 472517 654058 634338 106446 635301 621062 652115 458556 1079795 546749 942071 783214 400070 145339 441216
788303 637455 422085 645240 953537 590928 364869 605024 299699 284512 626293 49092 155463 885520 756399 999999999 488644 663865 958997 664646 368753 986513 310539 401090 897186 387076 392501 1031314 206521 497653 871880 310268 521813 519496 1008756 455397 902545 235697 489752 274763 475924 428764 834696 924086 729113 618641 727826 93570 828649 212767 412809 214894 70055 796845 731761 645267 189859 384293 613876 50775 657554 173365 531772 75094 502903 510731 444491 216446 1040713 683460 771530 777318 785682 905307 621637 791655 607547 118828 569519 772292 767853 292993 80634 623981 1043458 981508 102522 127551 662178 266320 541622 376217 772315 618996 762317 611855 989798 490822 759292 982281
599611 870689 183257 566066 704749 636115 832922 428179 761584 770776 148396 439697 384412 841858 882704 488644 999999999 897653 858609 879454 606242 694347 493569 588152 756436 537783 506715 842151 614537 150590 897125 607752 234199 32681 809477 603878 963721 715907 599083 399813 477696 392613 840353 1060821 329884 763349 665459 461279 607919 277863 365844 430655 532499 717906 354450 917834 678397 650218 130326 512900 609167 353169 749548 452601 162956 751354 668720 506886 850434 660399 904319 823089 553717 726750 855749 510873 679281 371457 632528 840154 779776 653765 410914 147502 798666 846925 500526 465608 777374 306493 300209 830049 614258 197196 544275 123737 662835 483152 962035 868916
643629 27841 719216 483076 796294 329570 533093 604676 513637 623742 955180 678548 602737 483118 192555 663865 897653 999999999 596757 34797 313788 876077 419297 313647 620693 361163 390940 758492 470636 784707 382894 355571 727996 911237 758949 294283 353030 583268 307727 514103 443480 516547 393512 288689 891354 172263 462482 588170 699699 715698 539453 516467 600762 499087 863903 71552 646546 284007 960851 614893 441798 624604 149624 611924 777855 157808 238175 464620 765754 406089 188983 317348 698999 675755 43901 764096 285983 712439 314665 283654 364215 378468 664700 950906 843183 655258 563374 555879 203978 612150 680346 484167 598958 1092237 673925 978050 928701 445181 101053 627118
270049 592964 701887 322224 293197 383488 1033257 432355 983796 1078724 816896 941271 817635 113993 411137 958997 858609 596757 999999999 562428 646226 380420 654266 593664 112694 584753 570043 177402 858008 708085 232529 719749 624521 850163 192713 536765 305755 1018965 491408 688348 485298 550146 204129 469199 635320 458710 231305 865729 289005 863165 574686 744207 928540 162492 595769 667496 1051899 666379 836194 929078 301847 816330 574113 884337 695665 608402 604549 757494 182148 278541 423104 279421 334663 172719 593449 408212 388358 928347 408941 313663 239399 792246 908339 812862 288487 65820 869275 833191 408046 738300 559081 991598 245630 1035028 331455 863054 455007 470840 554001 30390
610194 37121 699601 451373 761925 298984 552845 575820 529521 639264 932741 676882 595762 448900 160786 664646 879454 34797 562428 999999999 306751 842000 408057 300627 585905 345782 373474 723742 476289 763147 350418 354642 704292 892056 724153 275670 324164 596228 284715 501557 419164 494690 359464 272737 863543 140697 428442 586006 666146 706056 518450 508239 603311 464407 835423 105161 657207 281342 939091 616477 409293 616348 138540 609822 755927 154105 229384 460494 731020 372531 159264 283009 666285 641084 48153 732160 254481 707675 285339 249685 329445 384482 661257 928437 808436 620688 563164 552949 169708 598920 655021 504297 565349 1074923 641405 956903 895134 420016 94728 592800
555017 286003 439787 379496 729742 263085 397705 427531 340937 432524 687594 374561 289207 554058 387835 368753 606242 313788 646226 306751 999999999 789224 112817 55529 613225 94432 131852 758820 215008 515823 516948 73865 478989 624486 744934 109632 538383 373015 156153 208303 238711 270215 488440 556301 676646 250776 428568 283531 608185 402500 282404 202750 315435 493826 659076 317574 411500 46655 688451 324378 367516 310839 168647 307220 511922 156249 77898 155789 767870 371473 402778 422265 583352 642759 269891 623891 262185 401263 237371 411615 425458 147439 356130 683631 804750 683770 266305 249311 296993 306295 450464 362580 522338 794984 556212 701358 819356 250154 400637 673601
238886 862608 603781 416006 88623 565541 1181434 384802 1117628 1189143 594870 952411 831050 462059 722936 986513 694347 876077 380420 842000 789224 999999999 740267 734708 287035 699766 668000 235322 963801 564630 585062 851194 497636 673044 203412 692032 667483 1124668 647144 723132 556351 567756 535569 828574 380170 707660 413596 904035 182915 821089 577794 789534 982674 385320 346472 938884 1132699 826641 618887 974741 444289 815770 796288 914793 552993 824902 783916 836518 238254 471188 741135 588618 207948 219488 857038 197736 599559 913136 588565 625379 529002 929316 915184 592012 130660 322168 923832 880067 672321 722748 454827 1150217 279933 823409 234499 646097 76795 542928 866150 364579
516782 391491 329811 353227 690614 280478 445312 361106 378741 450230 578574 302951 196150 575989 463706 310539 493569 419297 654266 408057 112817 740267 999999999 108411 602540 77830 84263 743348 223726 407882 562760 129425 378351 512223 724779 151993 598391 386157 180435 95977 187137 183991 524273 640173 583748 325821 424932 217432 565384 298482 188101 107111 274356 493721 570091 428824 404510 156861 578380 275943 356317 211801 270215 238821 404889 264365 181600 103942 752673 376294 481508 468729 532338 620633 375625 560939 298051 314121 259010 466411 457333 200185 276833 574705 773209 682157 215600 182990 362404 194381 358554 419697 491481 682256 506023 590411 761147 201752 499497 679013
499884 286012 414796 324058 674501 210178 453225 377281 395996 485849 659386 400919 302515 504024 359100 401090 588152 313647 593664 300627 55529 734708 108411 999999999 558317 52453 89552 703709 264765 487059 473944 126663 443341 604000 689574 57851 501461 425391 102331 200945 188014 230045 441903 533545 634679 220591 373909 311361 553313 406828 246092 213259 353577 439727 615200 329708 460276 93329 662008 360023 312175 319786 164023 334373 482043 163208 81105 184645 712782 317525 376007 379013 529405 587293 270429 571825 213693 419165 184900 371705 377401 202450 378360 655295 749235 629870 300108 276362 261393 298620 409525 417987 466896 780749 502225 676650 766020 198439 391341 620667
160068 611946 607291 252026 198491 354112 1009094 336014 954161 1042617 707838 874931 749667 175025 449997 897186 756436 620693 112694 585905 613225 287035 602540 558317 999999999 540028 519113 146567 817300 606535 298557 684644 523465 746209 139437 504558 380531 980652 457415 622822 421811 475052 251839 542250 523028 464109 185017 805265 176358 782896 497033 683071 873540 125722 483443 688544 1006367 640198 727710 871719 247758 744831 570462 822092 593986 603160 583946 706432 155339 244593 466102 313119 222400 67868 609450 295519 372469 855310 380170 350152 258012 760646 840383 703874 223592 91504 813385 774461 419556 661440 459407 970579 143157 928475 220731 754809 357625 406810 595281 114424
468524 333821 363014 296690 643521 205677 482319 333483 420876 503428 607038 380716 272560 502266 388441 387076 537783 361163 584753 345782 94432 699766 77830 52453 540028 999999999 38090 683501 277324 434716 485256 151565 391141 552956 667149 76448 520656 440882 102832 158995 145413 178580 447751 566354 584309 251650 358407 294452 520261 368410 193815 184226 347129 426335 565763 380704 467861 139166 609827 350462 292274 285978 212074 316213 429631 214318 133213 174713 692722 306229 406870 391064 492781 563654 318574 530732 220618 390957 183038 388600 381179 229788 354597 602938 721790 616187 289869 259726 285765 254153 358607 450474 438649 731371 465777 624698 727455 157665 434081 610464
439408 363996 329531 271402 614156 199341 513442 297630 450194 528528 571632 381381 266440 493047 403116 392501 506715 390940 570043 373474 131852 668000 84263 89552 519113 38090 999999999 660821 301478 399420 485624 183970 353853 520719 643073 98158 526649 465131 108502 143424 111750 140641 444425 582665 546219 269452 340711 298976 489940 352636 156741 181623 358511 409470 527737 414197 487298 177086 575034 359602 272334 275916 243291 319379 393952 248457 169070 187984 670115 292258 422556 392824 460429 539107 349143 495883 222052 384742 179694 393950 377025 261690 352638 567495 694426 598069 299468 265192 298065 232781 320552 483240 411646 701573 433597 590529 693689 125102 459220 594751
253027 751594 711124 390244 163105 500631 1155255 445570 1099699 1186790 771279 1006248 880703 285586 579751 1031314 842151 758492 177402 723742 758820 235322 743348 703709 146567 683501 660821 999999999 960761 696575 408603 829718 616752 827334 35209 650533 483153 1124382 603327 756603 559308 604154 373761 646590 567261 607148 331347 940675 234315 903064 623597 818913 1011475 271461 528641 827705 1147831 786494 793401 1008477 391941 873282 715746 956366 684004 748749 730510 846885 9399 391155 593627 443988 288482 126666 750112 339916 518615 981635 526672 480165 394342 906149 970773 767725 118369 111603 951163 911001 560603 786230 557682 1116995 259790 998880 300122 821066 311935 544281 724487 151886
739885 445680 491393 572605 914080 474698 232164 582736 161207 227086 731336 236641 230681 768466 588909 206521 614537 470636 858008 476289 215008 963801 223726 264765 817300 277324 301478 960761 999999999 573871 730556 141687 567636 640918 943970 322355 746957 163745 366707 260095 410206 401329 703377 744796 780527 457204 634886 164271 789008 348806 398751 200417 137287 702113 772610 444492 196544 210096 724880 155812 569545 261989 353309 182482 574723 326434 276960 131991 969995 580624 600938 636229 755921 840199 430509 782174 476982 293524 449611 623621 640428 92172 239615 728121 995684 892317 125265 150175 506896 320903 562921 218575 713092 776668 729682 729972 983040 424557 569514 884667
450802 758780 82491 418333 565582 500794 803901 277780 731803 762385 172327 452405 359972 692297 749913 497653 150590 784707 708085 763147 515823 564630 407882 487059 606535 434716 399420 696575 573871 999999999 751507 533685 83609 145877 664645 491593 820564 701754 478601 325258 348065 268460 693906 925405 235781 638427 516821 443526 462395 292428 245374 374800 523654 567878 246645 813105 679352 562075 176180 507578 462905 332317 640758 442619 12612 647843 567907 449828 705072 515095 771916 680925 408406 578829 744727 373072 545887 394119 500404 700236 634982 592729 417191 168245 660459 697299 478160 436325 646537 253758 149734 792250 464042 337778 397059 194008 542988 350901 840276 718652
400991 384778 719634 334583 496761 288802 870326 484195 831356 935074 893548 865559 751910 125163 190525 871880 897125 382894 232529 350418 516948 585062 562760 473944 298557 485256 485624 408603 730556 751507 999999999 589045 671642 897138 419372 417477 83923 881011 382424 625488 441694 525288 59929 243694 750302 280881 242656 779648 444636 827202 553513 666770 827406 219678 713220 454417 926784 522675 908327 833104 288621 759498 398924 801464 740389 433127 455724 656698 413974 236729 197864 94933 471489 365625 388834 549790 264711 869894 306072 110233 118028 650760 837993 889189 513440 297497 772743 744831 227712 700360 606540 824693 357921 1089280 455842 932678 653561 431055 326484 261159
619897 328620 453740 446641 794899 336376 330801 480626 270603 359255 702587 322978 257288 627919 452506 310268 607752 355571 719749 354642 73865 851194 129425 126663 684644 151565 183970 829718 141687 533685 589045 999999999 507522 629105 814926 182984 607394 299281 228854 210400 295572 310534 561769 615212 713033 318017 500463 232716 671818 378058 316931 181422 251391 566389 698808 345378 338216 74246 700868 262935 437846 283655 221983 256426 531455 200577 138184 113845 838831 444167 465959 494619 643966 712117 312626 679565 336007 359477 310809 482585 499146 78231 310064 698849 872221 756521 208525 201091 366506 301445 487504 299320 589181 789351 617029 711155 877659 308503 449357 746974
368780 703003 107414 337435 491175 430136 799783 194414 728420 770617 231314 480261 373023 609495 679465 521813 234199 727996 624521 704292 478989 497636 378351 443341 523465 391141 353853 616752 567636 83609 671642 507522 999999999 228201 585447 439359 742395 707861 420269 308923 285215 214771 613498 852481 213470 574488 434901 455503 383248 331318 197356 367648 537338 484746 210686 761721 694247 525640 241648 523756 383188 349511 588463 458950 71306 599156 522484 437861 625395 436013 701646 603809 329734 497365 689690 301816 476342 429687 432366 624752 555963 573412 443409 226917 586305 614412 485982 442041 578134 260059 66429 783186 380755 418820 316659 263796 483834 285510 777129 635280
588072 884519 192643 564206 686768 641685 861171 422491 789626 800894 115881 470645 411556 837691 889649 519496 32681 911237 850163 892056 624486 673044 512223 604000 746209 552956 520719 827334 640918 145877 897138 629105 228201 999999999 794215 617005 965486 745433 609863 419815 485060 401304 839684 1066757 303805 773074 662626 489666 593559 307923 375394 453986 562050 712901 330292 933598 709099 669081 97666 542698 608597 380450 763985 481723 157456 767114 684905 530534 835457 660579 911443 825412 539396 714011 869796 493044 685731 402788 639404 843750 780372 677421 441260 115115 780069 836102 528611 492737 784984 328877 294627 857295 604953 192321 531366 92359 639071 489581 973066 859417
225219 750801 681160 371712 128338 489851 1142238 417818 1085372 1170543 736895 982585 857116 294692 584242 1008756 809477 758949 192713 724153 744934 203412 724779 689574 139437 667149 643073 35209 943970 664645 419372 814926 585447 794215 999999999 637567 496549 1107708 590322 734343 539364 580578 380454 660206 532276 603540 320446 918804 202297 876105 599119 797438 990770 264918 493729 827288 1129198 774185 759128 987165 377418 848794 709412 933964 652099 741875 719895 827894 41897 381225 599125 447582 256245 104211 748567 305480 510729 956294 515713 484269 395109 891925 946813 733369 95799 128038 930448 889710 558678 760757 527307 1104897 236464 964745 269242 786801 280204 524389 729479 170542
454864 267776 424936 277400 628381 153465 504789 348685 449944 542097 663004 452577 348013 446236 312180 455397 603878 294283 536765 275670 109632 692032 151993 57851 504558 76448 98158 650533 322355 491593 417477 182984 439359 617005 637567 999999999 447973 482230 47248 235071 163738 225044 384351 489906 619325 175204 319641 364301 509522 444739 246284 259102 410011 384362 596830 322506 518070 137063 667747 415682 260606 362226 149414 386838 485242 160896 94537 239428 659520 261981 330468 322613 489409 536240 253381 537170 155955 466111 127827 316973 319618 256739 428070 658783 700214 574198 355413 329287 210442 328832 398108 467518 419527 799258 462219 684341 727237 170649 361099 564031
484471 360801 783710 407872 579005 338507 866625 558938 833830 940600 967420 900493 792157 205702 167376 902545 963721 353030 305755 324164 538383 667483 598391 501461 380531 520656 526649 483153 746957 820564 83923 607394 742395 965486 496549 447973 999999999 890002 419342 669404 497536 583175 141506 163660 830381 289753 321028 812164 528532 875692 611548 704711 853309 303003 793759 422798 941110 536880 981329 860957 359994 802560 400578 834795 809828 432957 470038 686103 487827 306633 164965 141202 554805 448006 368111 632978 305541 910705 351164 132717 187155 662252 875224 963036 591577 371553 801393 777136 241395 750370 678304 819384 441008 1157806 538636 1005080 736688 488408 279416 332509
902899 561770 620741 736340 1076743 635504 133781 741683 85281 64575 846512 283487 342093 926617 726665 235697 715907 583268 1018965 596228 373015 1124668 386157 425391 980652 440882 465131 1124382 163745 701754 881011 299281 707861 745433 1107708 482230 890002 999999999 527719 409447 573177 558864 857925 868953 921149 602273 797711 259059 951402 438209 553349 344386 183410 864511 916967 541551 75895 358966 836548 203255 732938 371047 489743 264037 704590 458524 425498 288299 1133604 742619 736011 787912 917064 1003944 548285 940127 634546 353228 610033 772110 796831 230483 306601 843779 1159048 1054758 223630 266387 654195 450071 711230 158682 876652 854422 891090 837347 1141328 587659 684320 1046056
409325 282873 417241 231640 582287 107991 552029 312772 496900 588106 648043 483378 372815 403406 295565 489752 599083 307727 491408 284715 156153 647144 180435 102331 457415 102832 108502 603327 366707 478601 382424 228854 420269 609863 590322 47248 419342 527719 999999999 251909 136415 210193 345553 475582 590519 165414 272564 397264 464386 461025 234729 285682 448058 337695 566052 344734 561532 184138 654432 452308 213449 383810 173027 419042 471254 191662 136895 275936 612323 215377 315474 288294 446011 489063 269886 496434 117811 491363 83147 286853 279475 303533 456677 643743 653324 527725 391738 362501 189910 339757 373876 514716 373212 795825 418885 672493 684021 139871 363204 518345
515428 486360 244179 371153 683763 336879 492027 338371 421300 473744 492576 253054 129761 622176 545552 274763 399813 514103 688348 501557 208303 723132 95977 200945 622822 158995 143424 756603 260095 325258 625488 210400 308923 419815 734343 235071 669404 409447 251909 999999999 203118 156595 581328 724438 520967 410022 457187 184669 558116 209900 145701 66496 260181 525857 512516 524800 410050 250930 490506 254105 386565 134020 364618 199766 323985 360099 277135 129066 766002 417484 564557 533977 518064 630720 470601 533497 364078 245296 319875 536693 513672 267650 220104 488892 771842 708050 200798 157538 441122 98448 303239 474287 497881 586780 493480 500818 734528 217742 591682 710555
329731 419023 294463 169864 503909 160622 625147 189276 561464 637110 514845 456158 332357 423067 405011 475924 477696 443480 485298 419164 238711 556351 187137 188014 421811 145413 111750 559308 410206 348065 441694 295572 285215 485060 539364 163738 497536 573177 136415 203118 999999999 86436 391670 583433 455909 290514 254307 383576 379094 388833 114629 261365 452298 322815 433093 480910 590331 281063 522542 449973 183690 332188 308406 400883 339788 323865 256076 288961 568682 218361 426656 356784 348699 435158 406224 385362 201875 444549 154885 368297 325012 373417 423042 510500 586077 505595 392023 352660 299939 261421 237463 594890 304758 674790 321899 541878 582245 15037 492801 507445
359606 490871 209442 227959 527168 247031 628095 183204 560157 623439 438680 402117 276589 498096 490481 428764 392613 516547 550146 494690 270215 567756 183991 230045 475052 178580 140641 604154 401329 268460 525288 310534 214771 401304 580578 225044 583175 558864 210193 156595 86436 999999999 473537 669396 406432 371848 323198 340695 401541 313753 28373 222448 416736 389284 389546 547549 564984 316399 444445 410567 254327 269905 374417 354392 261339 384402 308124 270863 613540 296038 511961 442169 361798 477678 477076 381329 288029 380334 240849 454528 407795 383954 366650 434419 615511 563048 357144 314125 384846 188154 180289 603591 344461 589809 336996 462303 582490 94777 572665 569852
343313 391139 664159 276105 447968 245232 856021 424964 812988 914078 834333 825753 709325 90138 207166 834696 840353 393512 204129 359464 488440 535569 524273 441903 251839 447751 444425 373761 703377 693906 59929 561769 613498 839684 380454 384351 141506 857925 345553 581328 391670 473537 999999999 294661 690444 267839 182853 741705 388634 779527 501543 626043 793434 161842 653432 464625 899913 499059 849335 797859 231207 715193 386591 762911 682656 421246 433134 621474 380050 180614 220022 77823 413464 317195 392759 491549 228566 826528 265313 109879 67656 627541 796886 829982 472229 265480 737284 707199 214637 652245 548110 811781 299569 1031652 397130 873847 602078 380225 351006 234327
634800 307780 877736 532074 740371 425073 821580 681974 801635 911577 1082592 930702 835883 368272 180250 924086 1060821 288689 469199 272737 556301 828574 640173 533545 542250 566354 582665 646590 744796 925405 243694 615212 852481 1066757 660206 489906 163660 868953 475582 724438 583433 669396 294661 999999999 964602 314719 459159 839768 682330 934332 697066 746574 866568 454659 929771 345672 929271 541005 1094091 877899 482563 851720 393388 863403 915736 418395 479649 711808 651121 429760 160140 261312 703674 609226 320765 780647 381595 952678 428583 232199 320769 653972 910686 1078177 755185 535018 821596 805358 286660 815175 791898 772559 589738 1257669 685109 1116069 896328 577672 189993 495520
367241 868822 307032 433641 411205 568561 1012684 289633 941505 983704 215016 685319 584207 658407 806456 729113 329884 891354 635320 863543 676646 380170 583748 634679 523028 584309 546219 567261 780527 235781 750302 713033 213470 303805 532276 619325 830381 921149 590519 520967 455909 406432 690444 964602 999999999 725352 509550 667333 348923 527734 396391 580892 748934 535607 39619 934674 905791 722774 239280 734530 483000 559142 763514 669457 228365 779772 709557 650029 574113 535064 828549 703945 300667 473365 857272 230718 615513 629150 578881 732567 646793 782115 649296 212326 498555 603732 698786 655071 715955 472169 226287 994995 401374 443240 305844 266234 337890 450773 924139 636020
472960 155582 580768 310867 630102 158504 589970 436595 550569 654994 805040 621003 521856 350097 138522 618641 763349 172263 458710 140697 250776 707660 325821 220591 464109 251650 269452 607148 457204 638427 280881 318017 574488 773074 603540 175204 289753 602273 165414 410022 290514 371848 267839 314719 725352 999999999 295046 530832 529303 619841 397774 432597 566170 339174 696383 231320 651626 247131 813039 575053 269750 537105 118938 554120 630281 153540 180312 403052 615080 236477 155704 191770 527027 514160 149379 591843 113829 639286 146515 170820 219341 373171 598946 800679 683004 510891 516478 495969 53565 502207 521751 544919 428898 960354 501804 832338 758164 289030 202654 488770
185360 449292 494732 100618 335057 169499 824079 243364 769447 859140 652329 710019 586635 178426 319775 727826 665459 462482 231305 428442 428568 413596 424932 373909 185017 358407 340711 331347 634886 516821 242656 500463 434901 662626 320446 319641 321028 797711 272564 457187 254307 323198 182853 459159 509550 295046 999999999 634651 239705 636919 349160 512981 698667 69047 473301 525775 826177 455191 667850 698595 70629 586102 392260 653101 505173 423691 399565 528675 340234 61223 340143 198252 249188 223229 444221 323735 192410 698347 195459 230880 138496 576006 677254 647998 391828 257805 639080 602338 258828 510651 368800 785648 139332 853719 228113 692751 467912 240024 457935 254615
700023 561081 363368 553239 867495 497606 371644 520277 300428 318884 588074 91110 83617 791967 669158 93570 461279 588170 865729 586006 283531 904035 217432 311361 805265 294452 298976 940675 164271 443526 779648 232716 455503 489666 918804 364301 812164 259059 397264 184669 383576 340695 741705 839768 667333 530832 634651 999999999 742060 187593 326960 122212 81896 703689 666093 576277 238752 304747 578828 70786 564487 111987 450215 23819 446876 432051 360831 128046 950073 589927 685063 685283 700764 815046 545033 711309 515067 132225 476428 681228 674732 233973 79327 585256 956205 888951 40140 35031 572743 195445 467293 370638 682372 614858 676696 580872 911162 398536 680679 889192
56595 684818 480367 233096 125842 383532 1002569 225156 940126 1015584 542652 798544 674215 332643 557724 828649 607919 699699 289005 666146 608185 182915 565384 553313 176358 520261 489940 234315 789008 462395 444636 671818 383248 593559 202297 509522 528532 951402 464386 558116 379094 401541 388634 682330 348923 529303 239705 742060 999999999 681786 415852 623653 818137 227691 309319 760535 964123 644701 563895 812090 262599 662636 614276 754996 449839 642455 601087 664574 242723 293624 577376 428811 54206 124932 678439 119396 419147 766615 406137 464236 367629 750047 761911 538903 215188 254858 758330 715606 497237 571775 326138 970121 100850 768143 68793 591426 229002 365077 697500 287557
650889 687860 224896 541060 801617 539046 557618 458499 487097 492990 413527 164654 122982 810720 755400 212767 277863 715698 863165 706056 402500 821089 298482 406828 782896 368410 352636 903064 348806 292428 827202 378058 331318 307923 876105 444739 875692 438209 461025 209900 388833 313753 779527 934332 527734 619841 636919 187593 681786 999999999 288508 200217 254870 702924 535113 718207 401612 438142 401332 235070 567686 94484 567731 176092 299371 558658 477615 265180 912308 606811 774455 738000 632924 776877 671822 623355 570274 101828 524603 743253 712292 404578 133460 411215 895407 872705 227680 199162 650690 127418 366277 558181 645421 427915 613096 400184 813557 401389 797942 881973
376323 513436 182996 252552 540917 275251 627968 193377 558945 617846 416763 383908 258824 524888 517911 412809 365844 539453 574686 518450 282404 577794 188101 246092 497033 193815 156741 623597 398751 245374 553513 316931 197356 375394 599119 246284 611548 553349 234729 145701 114629 28373 501543 697066 396391 397774 349160 326960 415852 288508 999999999 212196 404902 414546 382000 568288 555750 328985 421553 397442 280892 249718 395583 339225 238967 403870 325725 267049 632960 323572 539303 470541 373805 496949 499354 387870 315899 358648 268643 482839 435947 387952 347829 412555 630673 585810 346089 302275 412067 164488 170574 605455 363845 563010 349868 438623 588981 123149 597815 593789
580102 488659 292367 431046 749400 380898 432338 404743 360813 408456 536489 199928 89309 672730 570675 214894 430655 516467 744207 508239 202750 789534 107111 213259 683071 184226 181623 818913 200417 374800 666770 181422 367648 453986 797438 259102 704711 344386 285682 66496 261365 222448 626043 746574 580892 432597 512981 122212 623653 200217 212196 999999999 194525 581986 574341 518023 343555 238024 531987 189739 442670 108172 369700 140132 375097 358996 278965 76702 828308 469513 588300 573386 584192 693530 472566 599958 402402 207011 361188 572430 558616 223456 171226 533058 836887 766796 134712 92360 469493 125617 366957 417918 561136 608549 559443 539605 800952 276325 601214 767394
774529 574827 444208 622015 943853 552802 305409 598187 237116 240195 663974 108256 164756 849302 702587 70055 532499 600762 928540 603311 315435 982674 274356 353577 873540 347129 358511 1011475 137287 523654 827406 251391 537338 562050 990770 410011 853309 183410 448058 260181 452298 416736 793434 866568 748934 566170 698667 81896 818137 254870 404902 194525 999999999 767604 747956 579192 156920 325565 653554 21743 629377 191338 473226 81529 527403 450176 388543 172418 1020858 650646 716708 732494 778189 886687 559201 791093 564972 174862 529956 724904 727532 225885 124706 661326 1031390 955141 60324 102687 611997 277283 548843 312078 754780 674939 753661 654019 991388 467335 697646 953067
181494 488963 552203 162422 300882 231759 887348 290427 834211 925504 693914 778791 655164 126007 337655 796845 717906 499087 162492 464407 493826 385320 493721 439727 125722 426335 409470 271461 702113 567878 219678 566389 484746 712901 264918 384362 303003 864511 337695 525857 322815 389284 161842 454659 535607 339174 69047 703689 227691 702924 414546 581986 767604 999999999 497616 565722 894196 518366 710920 767618 139401 654117 444746 722096 555853 477499 460368 597374 279951 122383 355840 203835 251831 176682 485759 330112 247172 766243 257851 240326 143707 641099 745855 689667 344530 190247 708064 671385 296204 577266 418323 847880 138321 902280 236475 736672 447192 308384 481411 185574
327963 841928 311267 400180 373742 538749 1004462 259791 933812 980133 248846 689270 583708 619891 773734 731761 354450 863903 595769 835423 659076 346472 570091 615200 483443 565763 527737 528641 772610 246645 713220 698808 210686 330292 493729 596830 793759 916967 566052 512516 433093 389546 653432 929771 39619 696383 473301 666093 309319 535113 382000 574341 747956 497616 999999999 909062 904845 704785 272634 734441 449295 560003 739011 669619 237682 756529 688376 641224 535598 500780 795737 668758 261106 433806 830773 191272 585427 635684 550204 698003 611036 769652 652730 245849 462298 564141 696047 651888 685055 470676 211659 985014 362674 477971 266661 299999 308781 426946 893778 596403
704131 76780 743500 538560 860620 383299 479307 651784 467048 576972 984979 664787 600627 554034 264006 645267 917834 71552 667496 105161 317574 938884 428824 329708 688544 380704 414197 827705 444492 813105 454417 345378 761721 933598 827288 322506 422798 541551 344734 524800 480910 547549 464625 345672 934674 231320 525775 576277 760535 718207 568288 518023 579192 565722 909062 999999999 608704 280099 989023 595122 499873 624956 173265 599654 807147 166506 249218 458480 835099 467751 259715 388099 756868 742127 82149 819322 342592 704767 365535 354834 433402 353428 654687 980789 910224 725420 547780 545930 269528 623189 718217 430076 660206 1109747 731210 1004726 989299 484540 156095 697874
