NAME : synthetic_000718
TYPE : CTSP-D
DIMENSION : 100
GROUPS : 8
RELAXATION_LEVEL : 1
EDGE_WEIGHT_TYPE : EXPLICIT
EDGE_WEIGHT_FORMAT : FULL_MATRIX
EDGE_WEIGHT_SECTION
999999999 787727 496728 465072 898138 710150 758408 769832 832859 688012 498626 630492 585555 481683 615796 200816 255429 660942 545943 436844 963421 977666 174485 876425 850609 793030 886774 385400 713670 262192 428539 313169 1005066 932008 761790 979498 488759 790232 288928 513329 541921 299861 932864 323826 372568 476925 236990 705933 339225 823257 992566 641690 810141 741128 738798 639887 352040 1129334 847951 110266 1048701 456772 750321 467000 313652 912205 775382 730639 686275 946159 166065 388924 834840 221893 819431 488923 191872 1004833 315985 904881 715148 175081 1013126 292749 402278 536750 668817 778692 790328 201086 995937 1004549 41129 1106870 730389 725679 593231 776012 847616 655218
787727 999999999 655387 773864 875324 997611 183724 914852 79804 208855 784316 587916 1113894 322936 740226 588501 532493 1089724 653051 352322 864083 300183 677737 967611 827211 335309 529435 658580 368086 536979 469130 552296 859388 855023 999138 899941 820818 591724 682876 574507 266450 533871 301843 556539 447246 320331 576109 957226 890578 56206 664093 1160390 898820 1018154 240499 252275 678020 959138 88801 689231 696006 331376 514524 973856 775929 596356 193312 1068216 189620 426821 658347 707522 957977 694271 94003 834131 621356 939380 545340 552378 149948 831050 866046 502404 452991 1004894 218024 973594 365114 628008 622210 742750 771682 924032 325416 510454 613795 743640 474971 1087007
496728 655387 999999999 129886 407780 352786 516287 322476 650720 457744 131190 157875 477014 530086 133491 397728 420572 435265 49874 463344 467389 683361 559121 416401 357569 451543 451528 111391 361960 475482 217637 582747 508350 436665 370501 485313 171798 321149 670311 82887 415922 281470 623676 224419 308518 510779 326185 319387 323070 656540 525072 516784 342289 377753 464803 406473 146469 632680 663598 491388 580903 437242 311242 351107 230077 454572 523265 417422 472243 568726 347026 123055 384343 274978 625631 185976 507571 513148 245295 462659 514096 385510 516403 464125 261002 362886 443422 360880 431525 321972 542343 519573 519488 610201 402809 288655 110054 279417 432533 432842
465072 773864 129886 999999999 444522 274265 642822 304899 774414 581882 33562 276822 347924 612790 171658 420886 460047 318112 161513 544243 520711 813240 565730 411357 402490 581373 570357 133712 491845 513541 314421 620743 570006 487233 311805 530400 47851 431111 686282 211131 522974 331558 753553 276172 385248 594829 355442 255247 213789 778834 628897 389551 346197 303799 592768 529229 140926 688379 787706 488872 683246 525184 433343 221803 155446 565379 650646 323820 595088 695638 345255 93521 370020 254688 749974 60416 524983 550874 297395 579114 636748 319493 577492 510838 348194 234504 566597 319487 561023 331693 652655 609665 495810 671109 532522 412111 227734 344877 556380 314902
898138 875324 407780 444522 999999999 348765 694468 191178 834490 671100 413035 330124 640531 876199 282345 803029 818973 520863 362570 817977 92659 750492 966294 136690 53754 554861 400100 516035 507247 873022 581234 977607 151129 61777 294169 88235 439643 286218 1074670 425589 718466 680361 692450 626024 684129 856023 731254 307668 645547 850847 345825 645826 128476 339986 635802 641772 546913 250034 842012 899142 377869 782276 361198 591446 598976 344304 689500 416007 692370 565832 754406 509475 165812 677208 807204 446868 912969 106843 645413 388207 727585 763624 156062 856533 630159 549803 667267 245094 523485 729742 397330 271089 923921 240051 550512 365175 339544 145005 434522 523450
710150 997611 352786 274265 348765 999999999 841922 158754 982855 792423 246512 420620 297172 878354 259915 693577 734260 172168 345401 810426 441424 970994 831403 238796 338337 742098 658182 405662 663211 787578 568977 894503 499882 409581 64918 431083 233754 510152 954255 427044 768104 604855 909367 548513 652101 859587 629415 47665 386808 991984 658415 297447 220714 31005 785193 745421 415112 587942 994399 751922 702251 787325 552557 287105 400692 624913 844925 78032 809551 814778 612827 367763 193648 519503 956371 228660 795161 431817 570002 656743 850995 542806 504785 785074 609412 226294 780655 108590 714777 602998 700421 602711 745707 584439 709229 540323 386205 347394 668028 174936
758408 183724 516287 642822 694468 841922 999999999 746263 143098 71196 647477 423233 990129 367465 582042 559769 516479 949782 504217 361890 680670 220822 685877 791882 647528 152831 348418 544241 189140 539338 368778 588576 675694 672244 836929 716659 687444 409429 723350 433400 222133 469794 185445 473834 387790 355057 525731 799068 790521 156934 485592 1032264 725330 859964 59248 124290 570737 776558 153303 675377 521380 325303 333281 856065 675616 414628 19412 915621 73154 269064 606809 590986 785325 618453 115845 701438 622876 756109 469166 371884 61914 762594 682377 504448 371344 877310 90429 807654 181855 572397 447205 561306 751738 741563 144178 331320 455849 566452 292902 947710
769832 914852 322476 304899 191178 158754 746263 999999999 889313 706082 271342 327187 449629 845818 192970 711145 740255 330281 293467 780909 283676 849842 864932 107658 180195 629042 519505 411383 559411 795165 533492 902959 341968 251308 111841 275996 284509 376379 982221 375236 711517 602275 788720 544660 629633 826014 641220 116490 481158 901473 505287 454892 62721 154340 687496 665059 433660 435938 899424 790473 546838 751395 431356 410009 457734 479207 746205 230375 725316 681765 645135 388860 65220 557663 862107 287673 819266 281569 565998 514994 765155 617762 347148 785661 579846 362507 697251 67126 599546 627065 549987 445445 800677 429622 605884 424068 308048 203805 537175 332687
832859 79804 650720 774414 834490 982855 143098 889313 999999999 192977 781547 565551 1119508 384750 723236 632143 579793 1085798 642328 404350 816096 220391 734218 934392 788538 282738 471068 667365 331778 590302 482420 615644 807089 809612 979272 852531 820210 548480 748330 568169 295415 563592 224635 578894 477273 379201 611712 940559 907610 24476 601602 1163645 868267 1001519 202161 245224 690417 901595 15138 738895 630036 377527 473915 982341 792278 538574 145259 1055798 179453 355518 694387 715522 928327 720929 27409 833963 675340 891945 570301 493052 138161 861670 813377 555158 474142 1008132 207818 950508 313867 662191 556979 683631 819917 866308 286132 473327 596669 708737 418977 1083480
688012 208855 457744 581882 671100 792423 71196 706082 192977 999999999 588606 379354 927849 315425 533633 490010 448351 892838 450086 301128 666640 289941 619846 759498 621746 167855 357556 478301 166774 473619 299269 528749 667780 654824 791653 701586 627449 391862 662999 375204 156595 398600 249532 403197 316824 300886 454746 751021 722738 199864 497484 971326 690202 812013 66385 54640 503498 775532 205941 606539 538866 262498 313269 791964 607577 420186 87388 864479 21792 310062 535687 525763 749220 547736 168106 641253 556283 740813 398180 381768 59113 691700 674935 439091 300329 815928 19270 765210 189685 501230 465411 565607 682055 741153 131330 306193 406925 536508 300521 890509
498626 784316 131190 33562 413035 246512 647477 271342 781547 588606 999999999 265687 348219 635066 145281 451685 489186 305408 153039 566713 490705 811208 598255 377811 372089 578448 556357 159151 489983 543061 331506 650563 540924 457033 280920 499413 43444 414103 718335 214077 538048 358365 750918 302030 407786 616741 385227 224663 239199 786971 608626 386189 312944 275348 595789 536900 170857 658170 794524 521783 662318 545928 421955 231125 188406 547826 654379 300495 602752 686997 377743 123570 336471 287754 756597 57559 556644 519117 323500 563897 644571 351909 548302 539226 368077 233569 574012 286884 556732 363261 634554 585702 529353 641615 532052 401748 217392 317951 545494 302722
630492 587916 157875 276822 330124 420620 423233 327187 565551 379354 265687 999999999 610192 546526 161702 497210 502462 544265 115598 487853 363292 556658 663516 389849 276412 324467 294541 257220 242721 554674 255364 655780 391938 338503 413735 389714 309117 164981 762196 117331 394251 368673 495293 320783 358299 526343 427161 376628 480360 576433 370057 642995 316891 437326 365566 337933 294586 517405 576420 606041 426270 452337 156587 496485 386957 297183 425158 496048 398308 421696 469769 279553 373743 413894 538640 323119 604965 424295 336949 304961 438467 537338 400200 534650 303937 495822 370128 385891 299212 438945 384876 374084 647703 490215 288622 136070 49177 185153 279934 543181
585555 1113894 477014 347924 640531 297172 990129 449629 1119508 927849 348219 610192 999999999 912052 463019 655096 712167 134910 500795 844838 732636 1159392 745571 535935 622036 926666 891791 455507 838072 756145 645745 850961 790552 699599 360304 725475 305703 744103 868735 558993 854422 618246 1099137 575240 693123 896762 611972 333481 261539 1122664 921199 56514 512296 315470 940636 874454 439336 884153 1133118 664849 970305 835509 764123 143747 356328 872905 998326 252309 940078 1031481 558933 406463 490753 474348 1095659 291420 731373 728333 592561 896037 981414 413723 796068 767050 669360 114710 911949 405760 904767 567017 955899 878305 626410 879133 879687 745564 563357 607960 887377 129984
481683 322936 530086 612790 876199 878354 367465 845818 384750 315425 635066 546526 912052 999999999 652973 293637 231177 923402 552547 68619 898897 577060 356130 927588 822617 477718 650684 479577 441972 221133 313113 230898 915251 878527 900463 929258 659671 636570 364163 470751 175992 293925 551444 341243 227542 20184 308091 848369 660274 368877 788283 964995 852429 905147 381702 296887 482502 1034732 398779 376420 835744 94839 562938 768430 555803 705268 386870 935532 300773 625394 381334 525166 903173 445121 379902 670119 302801 965990 321900 674578 307472 560633 923204 188987 269400 816541 301678 889935 493403 359442 764926 842238 459984 1002708 426618 545624 546093 731248 595295 919329
615796 740226 133491 171658 282345 259915 582042 192970 723236 533633 145281 161702 463019 652973 999999999 530362 554054 385632 100499 587941 352061 717099 690098 283105 235840 485697 428811 235553 404319 608956 340522 716148 399475 319262 259661 364900 183084 281262 802951 182848 522735 414891 655572 357909 437261 633211 459051 217427 384257 732788 467478 490534 208807 278420 525288 488025 264984 519763 734654 620069 520103 558663 305225 366029 320771 411933 585026 334573 551293 572876 474524 227226 252564 395082 696658 194767 639985 389082 378750 433169 592463 485152 407101 597206 387002 351204 522521 239881 459679 451844 496983 440773 641882 501056 450035 289285 126722 173226 426924 384967
200816 588501 397728 420886 803029 693577 559769 711145 632143 490010 451685 497210 655096 293637 530362 999999999 63239 693951 440629 240904 854162 779949 166317 810994 751257 605603 719952 299794 532107 101111 258038 202585 887807 825866 732521 876126 459875 643481 272609 383592 341484 129421 737194 177963 180188 285511 71776 676072 394058 622838 837547 710731 738216 723712 543514 443784 280947 1013522 647244 120655 892504 257125 591516 515860 309537 754156 577163 734134 487158 761025 96768 328116 775440 183920 618616 465876 109971 906590 160374 740138 514945 270982 896059 115330 220562 575191 470949 736838 606360 92053 833418 862672 192049 987140 543177 567703 470490 666709 675443 688986
255429 532493 420572 460047 818973 734260 516479 740255 579793 448351 489186 502462 712167 231177 554054 63239 999999999 745006 459528 181565 864242 737300 177564 836871 766230 575371 703637 332232 507716 54946 251244 162736 894373 837435 769576 888276 501744 639311 260095 394152 295032 139387 697522 196172 156986 223934 105650 713673 452221 569203 826947 767374 762860 763840 505479 405602 319148 1019725 594808 159856 880858 202384 581561 571400 361612 742637 534543 778958 443359 731578 157502 366526 803556 238137 567744 508971 112959 920395 175347 724891 468140 333971 902634 54886 206769 628404 429688 770478 579111 145172 818688 858534 240132 991919 513794 558613 481262 679007 656159 740221
660942 1089724 435265 318112 520863 172168 949782 330281 1085798 892838 305408 544265 134910 923402 385632 693951 745006 999999999 446376 854870 613519 1100858 807128 407911 508478 868229 808427 446265 783290 794010 632326 895699 671950 581504 231605 603115 270357 659230 931894 517634 841086 632735 1039543 582255 697165 906336 640217 214642 321824 1091805 821899 125521 392627 185510 896334 841735 440928 759052 1098535 725473 867988 839183 690640 194418 384414 781736 955591 117833 907506 957834 602026 398926 364157 510175 1060506 257870 783057 602807 602072 809701 949360 485902 676909 799166 664227 124233 878675 279196 843467 602253 860980 770959 700344 756317 827531 674903 501713 507736 811325 5990
545943 653051 49874 161513 362570 345401 504217 293467 642328 450086 153039 115598 500795 552547 100499 440629 459528 446376 999999999 487442 419201 659317 603775 381127 311369 426287 409966 160921 338788 514180 240028 620555 459190 388975 354460 438158 196313 275108 712716 83574 425725 320176 598728 264476 337423 532814 368860 307351 365958 649934 477802 536870 306061 367640 450075 401335 196314 583819 654571 537781 533385 458327 271915 382295 277825 409211 509466 415170 466241 534693 394337 171647 352489 324383 616460 210534 550598 467010 284525 419764 507971 434954 467274 500607 286675 386085 437274 338708 403977 368073 496962 470192 568076 560936 382022 250601 66422 230862 394867 444572
436844 352322 463344 544243 817977 810426 361890 780909 404350 301128 566713 487853 844838 68619 587941 240904 181565 854870 487442 999999999 844759 579502 330511 864684 764257 453543 614979 410977 406591 185964 247444 227622 863892 823097 833399 874099 591082 588052 361981 406569 147039 226617 547265 272818 159022 51934 245736 780946 594763 391831 749968 897490 789405 837406 365376 271704 414008 985147 419119 336909 799510 41731 517121 701135 488828 665888 381063 867137 290428 606318 322542 456556 839106 380756 395008 601507 270989 910163 253686 638393 306275 501551 871948 150884 202345 748473 284737 823784 465438 298012 730551 798670 419473 953879 397751 498211 484297 673000 561183 850815
963421 864083 467389 520711 92659 441424 680670 283676 816096 666640 490705 363292 732636 898897 352061 854162 864242 613519 419201 844759 999999999 709642 1019521 222193 119038 533382 358571 578279 499932 917129 618652 1019000 58507 34184 386385 36991 520700 274898 1123012 471038 733362 727909 654490 676200 721526 878884 782775 400147 727149 834339 277835 738450 221031 432358 623724 644103 611468 167770 822137 956176 301143 806910 353657 679586 672690 295489 673245 508237 688357 519586 813471 577635 256353 741544 789271 529017 963451 76002 694313 342345 720316 837191 63477 897817 667163 640272 665458 337323 502231 786497 332408 193552 986867 151862 539530 363710 383848 188459 401859 616095
977666 300183 683361 813240 750492 970994 220822 849842 220391 289941 811208 556658 1159392 577060 717099 779949 737300 1100858 659317 579502 709642 999999999 906093 870124 713550 233104 351856 733383 321439 759519 574153 803935 686527 711925 952947 746529 853738 476026 938711 603265 442786 685085 61631 683031 605645 567074 743240 924790 983200 244409 454096 1196163 814697 983699 241809 338280 763990 760051 212977 896104 467178 544485 419708 1033610 870545 414346 202903 1048202 293960 192288 823159 776713 875073 827131 210617 868030 843377 784433 680878 367305 273227 972012 691315 724491 584085 1044776 309034 915862 257489 788199 401239 544453 971993 725133 281697 430687 599746 650159 317290 1099692
174485 677737 559121 565730 966294 831403 685877 864932 734218 619846 598255 663516 745571 356130 690098 166317 177564 807128 603775 330511 1019521 906093 999999999 967416 915066 752349 879810 455620 685257 146574 421522 148089 1053852 990824 875989 1040834 599452 808825 124787 549532 463893 295463 869341 343671 333429 357410 236913 819253 488655 720661 1000752 802078 896034 862193 679318 579917 431274 1179573 748845 81661 1055237 362207 754772 617270 432475 916852 704488 863148 612878 908581 220512 476540 929877 312289 725484 603101 64703 1070637 326610 900710 633819 332488 1062099 181658 380450 683741 601672 885127 756571 238559 994382 1028171 136516 1153358 691019 731299 636205 831663 833111 801683
876425 967611 416401 411357 136690 238796 791882 107658 934392 759498 377811 389849 535935 927588 283105 810994 836871 407911 381127 864684 222193 870124 967416 999999999 158175 661929 524721 512174 602750 891802 618785 999145 279141 196341 176351 202707 392139 395631 1083078 458621 783345 697868 810504 640702 718223 907536 740260 207548 587912 948730 481554 533246 75324 222430 732635 723465 536604 352080 943241 894185 514552 832754 462961 511356 564975 473730 789351 295265 779864 690730 748492 492901 46746 662522 906985 395312 919958 196157 661676 515388 817858 725393 282343 880310 666560 458888 752917 130299 631073 728988 532053 407730 906715 352187 648267 461252 381931 225859 552874 411365
850609 827211 357569 402490 53754 338337 647528 180195 788538 621746 372089 276412 622036 822617 235840 751257 766230 508478 311369 764257 119038 713550 915066 158175 999999999 511070 366644 466947 459299 820153 527625 924468 172766 85065 290398 129079 401671 242344 1022518 372490 665608 627857 654457 573915 630564 802438 679506 293864 608122 804277 329853 631850 121819 334295 588574 591007 498748 286095 796510 848830 368350 728632 314624 562340 555455 315973 643318 410482 642853 532715 704574 462819 173959 629125 761178 409988 861136 155658 593098 357233 678768 720135 179428 803340 576550 525694 617312 242361 479836 679226 377911 265481 875507 270800 503360 316779 286164 91369 396333 510505
793030 335309 451543 581373 554861 742098 152831 629042 282738 167855 578448 324467 926666 477718 485697 605603 575371 868229 426287 453543 533382 233104 752349 661929 511070 999999999 195798 508898 90637 609805 368936 678510 525147 527461 727987 569864 621145 268919 810336 372819 306868 493290 172476 479068 425415 461607 556230 696617 758255 301435 334045 963089 600154 756363 105002 182132 541607 623953 288851 726022 372582 412476 199353 802476 647973 261799 142026 818677 187378 156232 630389 549914 660828 618925 256021 635439 687671 609262 481328 219467 204943 762752 531615 577232 390753 812000 177849 693613 31405 594707 298691 408483 794200 588904 62659 204996 366775 436668 140071 866978
886774 529435 451528 570357 400100 658182 348418 519505 471068 357556 556357 294541 891791 650684 428811 719952 703637 808427 409966 614979 358571 351856 879810 524721 366644 195798 999999999 541766 208905 746597 462985 829550 340211 360069 628702 395547 599336 149200 955273 393365 474789 594421 295935 562999 546709 632744 658904 610558 774562 491697 140000 918519 476126 665212 299340 356909 578756 430586 474958 839068 185063 573283 141906 787270 677528 67543 336496 736125 378487 166118 720769 570661 535011 684730 445530 612903 815954 433946 572252 24260 400032 819215 345848 717579 499941 779362 363692 586629 168903 686185 116055 213319 896166 395329 228435 166125 343631 315708 57039 808505
385400 658580 111391 133712 516035 405662 544241 411383 667365 478301 159151 257220 455507 479577 235553 299794 332232 446265 160921 410977 578279 733383 455620 512174 466947 508898 541766 999999999 418480 386695 190374 494584 619722 547203 437751 595343 180127 422099 571087 148448 399681 199282 676563 142924 252149 461840 230424 382229 249873 669145 627236 503267 440421 434383 500065 423952 37407 743939 681378 384550 683475 393234 399864 315524 139668 552779 554698 457503 488667 641691 238974 49102 475808 163593 644508 190603 408022 622135 164358 555532 529309 280187 627768 381048 218198 348628 461333 438451 494082 217061 639990 627506 408762 721588 452854 375721 213919 390623 515189 442547
713670 368086 361960 491845 507247 663211 189140 559411 331778 166774 489983 242721 838072 441972 404319 532107 507716 783290 338788 406591 499932 321439 685257 602750 459299 90637 208905 418480 999999999 546735 285978 624364 501455 488641 653522 535004 532379 225322 752693 282504 266000 414139 261796 395040 353118 423908 478170 618789 667689 346039 346498 875505 536567 679236 129899 151850 451488 611253 341044 652731 393926 364863 147039 712551 557720 264337 187213 738769 188531 233219 549233 459285 596734 532383 304388 546668 620673 574284 399066 232675 221009 675398 508698 515982 313029 723512 166892 622047 77931 513601 324045 405862 717342 577272 46518 142561 281790 377336 154598 781818
262192 536979 475482 513541 873022 787578 539338 795165 590302 473619 543061 554674 756145 221133 608956 101111 54946 794010 514180 185964 917129 759519 146574 891802 820153 609805 746597 386695 546735 999999999 301418 107936 946349 890671 823689 941599 554583 688130 210529 447805 317441 194170 723027 251100 202858 218653 158167 767666 494976 577699 872545 811819 817763 817310 533784 434807 372624 1071501 605081 155330 925839 215894 628131 616947 409723 787978 557982 831003 466372 765868 197389 420056 858495 284558 580583 561442 85077 974026 230217 768368 487340 366109 954605 35298 255189 675900 455581 825075 615731 191820 862201 906931 238903 1043300 549279 605658 534756 732521 697591 789111
428539 469130 217637 314421 581234 568977 368778 533492 482420 299269 331506 255364 645745 313113 340522 258038 251244 632326 240028 247444 618652 574153 421522 618785 527625 368936 462985 190374 285978 301418 999999999 400628 645733 593606 588090 644786 362271 388301 511076 160191 209593 131495 522328 110310 103105 293591 196075 536891 425229 482428 579623 693619 543462 594751 333030 244812 209042 770574 496846 376215 634486 219690 333565 504874 309883 496125 381843 630211 306508 519133 263407 239476 592076 253099 460947 374475 359458 678724 113098 482690 345520 397980 653976 279700 48926 538785 280997 576822 363384 227846 575703 607661 434597 742051 306977 309892 242286 437670 420608 628969
313169 552296 582747 620743 977607 894503 588576 902959 615644 528749 650563 655780 850961 230898 716148 202585 162736 895699 620555 227622 1019000 803935 148089 999145 924468 678510 829550 494584 624364 107936 400628 999999999 1046218 993342 931328 1044425 661145 782310 134846 552019 373914 301277 774012 358566 298526 237866 265355 875217 589508 599542 959884 907127 924928 924377 592843 497784 479910 1170802 629641 204634 1011803 267113 718437 714478 511487 875171 607860 936503 517759 832649 294177 527344 966172 385597 610518 667626 124788 1077543 337481 852159 531352 448408 1054453 121254 352636 775835 512297 932993 688271 294623 945602 999602 279402 1141789 620694 696961 638459 835975 778054 890655
1005066 859388 508350 570006 151129 499882 675694 341968 807089 667780 540924 391938 790552 915251 399475 887807 894373 671950 459190 863892 58507 686527 1053852 279141 172766 525147 340211 619722 501455 946349 645733 1046218 999999999 90958 444852 79664 572567 280956 1154129 504328 745980 760072 633780 710202 747779 895442 816963 458396 778788 826437 241180 796818 279383 490850 620447 649752 653981 125722 812131 992956 256240 824958 358647 735048 720021 273894 666749 566699 689572 494618 851921 622320 314482 783315 780742 581434 996311 107024 727465 321288 719176 883980 8262 925428 693586 697148 668287 395797 494643 823714 296773 151367 1027072 102035 538057 372186 417988 229654 388616 674498
932008 855023 436665 487233 61777 409581 672244 251308 809612 654824 457033 338503 699599 878527 319262 825866 837435 581504 388975 823097 34184 711925 990824 196341 85065 527461 360069 547203 488641 890671 593606 993342 90958 999999999 355775 51215 486718 263481 1095585 443540 715197 700378 655467 647954 696660 858443 754322 367641 693169 827175 291657 706199 188886 401474 614538 629889 579972 201158 816220 926545 320015 785842 341646 645476 639643 299839 665714 477578 676430 523798 783292 545435 227468 710203 782575 494958 935394 87729 666404 345666 709603 804233 96708 872094 642319 606518 652713 306709 496116 756816 344856 212487 955946 186024 529704 349633 356302 159172 399839 583972
761790 999138 370501 311805 294169 64918 836929 111841 979272 791653 280920 413735 360304 900463 259661 732521 769576 231605 354460 833399 386385 952947 875989 176351 290398 727987 628702 437751 653522 823689 588090 931328 444852 355775 999999999 373284 276730 483393 997527 437929 780182 636384 891505 579100 676815 881226 666055 56738 445342 989875 617079 357027 169116 46407 779017 747169 451777 527631 990149 797713 658167 807738 533253 350544 449408 590267 838449 121855 809816 789308 655980 404457 132833 563761 952375 274226 836690 371393 600736 625110 850673 597666 449265 818796 631141 291007 781185 49076 699414 643474 661786 555857 796196 525772 699975 523592 385426 313450 643610 235018
979498 899941 485313 530400 88235 431083 716659 275996 852531 701586 499413 389714 725475 929258 364900 876126 888276 603115 438158 874099 36991 746529 1040834 202707 129079 569864 395547 595343 535004 941599 644786 1044425 79664 51215 373284 999999999 527099 309725 1146192 494253 765215 751001 691458 698282 747848 909190 804516 392010 733247 870643 312306 728516 213574 419631 659499 678060 627535 161840 858673 975930 332844 836727 388367 679482 684050 332300 709443 494693 723268 556307 832251 591892 241043 757889 825662 534592 985752 39453 716881 379224 755656 848761 81246 923174 693511 636893 700048 324572 538668 806209 367268 225929 1004066 153658 575093 397581 407047 209521 438772 606002
488759 820818 171798 47851 439643 233754 687444 284509 820210 627449 43444 309117 305703 659671 183084 459875 501744 270357 196313 591082 520700 853738 599452 392139 401671 621145 599336 180127 532379 554583 362271 661145 572567 486718 276730 527099 999999999 456363 721511 254404 570750 376106 793587 321602 432178 641847 396468 220046 206452 825026 649234 345042 332043 264066 636500 575166 183356 687364 833373 520985 702493 572572 465333 187954 175117 589772 694790 278637 641049 730437 379860 136815 348585 287163 795549 14294 561665 544511 342588 606590 682785 333255 579736 553417 395837 191261 612448 290063 599708 369257 676221 623688 521660 672306 574056 445182 260834 353532 588888 267207
790232 591724 321149 431111 286218 510152 409429 376379 548480 391862 414103 164981 744103 636570 281262 643481 639311 659230 275108 588052 274898 476026 808825 395631 242344 268919 149200 422099 225322 688130 388301 782310 280956 263481 483393 309725 456363 999999999 898520 278546 465538 514156 415707 472543 485569 616972 576272 462625 640663 565223 205146 769821 338695 518339 351333 369886 459488 398197 555844 757552 261424 548124 78774 643674 551116 134370 403725 588173 413551 305916 626856 443807 399047 576764 521243 469532 747503 348975 486029 151935 446175 702269 288639 663603 433017 632439 390569 443212 237613 594384 221976 219405 805029 366195 266319 91370 211123 174309 160830 659320
288928 682876 670311 686282 1074670 954255 723350 982221 748330 662999 718335 762196 868735 364163 802951 272609 260095 931894 712716 361981 1123012 938711 124787 1083078 1022518 810336 955273 571087 752693 210529 511076 134846 1154129 1095585 997527 1146192 721511 898520 999999999 652081 507523 395207 908793 448647 413386 372172 344150 940804 613010 731530 1082603 925205 1010609 984946 726670 630654 549335 1279581 762111 206424 1135597 400785 838558 741735 556488 997967 742618 987336 652348 965222 341655 595553 1046829 434752 744059 725675 163122 1177475 429476 977366 666197 455072 1162391 237738 465505 808448 646314 1005047 818847 355560 1071131 1117423 248170 1251943 751538 816158 739326 936683 905183 926442
513329 574507 82887 211131 425589 427044 433400 375236 568169 375204 214077 117331 558993 470751 182848 383592 394152 517634 83574 406569 471038 603265 549532 458621 372490 372819 393365 148448 282504 447805 160191 552019 504328 443540 437929 494253 254404 278546 652081 999999999 342349 256897 544183 205874 260966 450887 312635 390169 389879 574340 483120 599446 383297 450122 382099 324419 185393 630049 580956 489862 539472 376207 251484 430357 285973 406406 440439 494926 390053 497234 352502 181252 432574 298219 542957 268514 492537 526257 223400 407423 431915 426816 512574 430960 208294 445179 361167 422075 354564 321986 493083 491235 530380 604134 321910 227285 87246 284871 367313 515314
541921 266450 415922 522974 718466 768104 222133 711517 295415 156595 538048 394251 854422 175992 522735 341484 295032 841086 425725 147039 733362 442786 463893 783345 665608 306868 474789 399681 266000 317441 209593 373914 745980 715197 780182 765215 570750 465538 507523 342349 999999999 269036 405659 290184 182370 157969 316421 732354 624895 289693 612297 902895 709394 792004 219169 124794 415663 863359 310526 454551 659851 106807 390045 712626 510737 529383 240623 833221 149032 459280 399072 448749 764051 428401 279299 583265 400753 802927 278943 498644 173569 567173 753789 282728 187377 748273 139152 762581 319970 366779 589310 667322 532535 830739 252525 374177 403894 574842 419620 837852
299861 533871 281470 331558 680361 604855 469794 602275 563592 398600 358365 368673 618246 293925 414891 129421 139387 632735 320176 226617 727909 685085 295463 697868 627857 493290 594421 199282 414139 194170 131495 301277 760072 700378 636384 751001 376106 514156 395207 256897 269036 999999999 637306 57714 86732 278528 64618 581201 369813 558670 709319 671071 623688 633660 443846 347243 193539 885721 578634 245206 764550 220578 463499 474568 262237 626346 485399 654730 400376 646337 138388 239299 665148 161193 545923 385001 236302 782497 36278 613975 434235 298182 768332 183538 102754 523194 379370 634733 490537 103147 706790 733286 303684 858871 430678 439464 344135 541505 551963 628422
932864 301843 623676 753553 692450 909367 185445 788720 224635 249532 750918 495293 1099137 551444 655572 737194 697522 1039543 598728 547265 654490 61631 869341 810504 654457 172476 295935 676563 261796 723027 522328 774012 633780 655467 891505 691458 793587 415707 908793 544183 405659 637306 999999999 632035 560297 539763 696991 863177 926428 249053 406137 1135464 754220 922120 194066 293428 707890 712414 221156 854979 424369 510247 358252 974345 814501 360243 166209 986571 257258 144428 775681 719142 814681 775379 208022 807881 805815 729751 631047 312880 243985 920215 638889 688382 535316 984474 267929 854632 196081 740407 355254 495017 929046 677253 223786 369067 538682 589613 258207 1038412
323826 556539 224419 276172 626024 548513 473834 544660 578894 403197 302030 320783 575240 341243 357909 177963 196172 582255 264476 272818 676200 683031 343671 640702 573915 479068 562999 142924 395040 251100 110310 358566 710202 647954 579100 698282 321602 472543 448647 205874 290184 57714 632035 999999999 117892 324504 106763 524097 335487 576322 671744 626750 566707 577081 441379 349583 141334 835923 593703 285712 727558 260391 427587 431629 222844 590138 487940 599899 408044 628236 157778 185261 607652 144660 559230 331113 287471 729037 21640 581317 444913 289244 718447 241250 104752 476158 384356 577068 472753 123340 672866 690460 334187 809899 417232 403078 292585 488816 524086 578139
372568 447246 308518 385248 684129 652101 387790 629633 477273 316824 407786 358299 693123 227542 437261 180188 156986 697165 337423 159022 721526 605645 333429 718223 630564 425415 546709 252149 353118 202858 103105 298526 747779 696660 676815 747848 432178 485569 413386 260966 182370 86732 560297 117892 999999999 209691 137942 623633 451179 472052 670345 744506 642987 679413 366230 267486 257127 872281 492341 300671 724055 142776 425429 549521 340045 585925 404137 708154 316986 580904 219493 298330 689773 247216 460028 442748 269312 781829 101785 567911 349406 384804 756008 178346 54364 593322 297557 669322 426522 185863 661704 704154 370044 843293 363002 402837 344847 540740 499686 693231
476925 320331 510779 594829 856023 859587 355057 826014 379201 300886 616741 526343 896762 20184 633211 285511 223934 906336 532814 51934 878884 567074 357410 907536 802438 461607 632744 461840 423908 218653 293591 237866 895442 858443 881226 909190 641847 616972 372172 450887 157969 278528 539763 324504 209691 999999999 295811 829298 646304 364323 770007 949423 832391 886251 366954 280174 465580 1015095 393497 373310 817802 74793 543595 753063 540718 686805 374466 917235 287023 610460 370860 507788 883242 431837 372994 652437 301932 945890 305520 656577 295890 550173 903404 185231 250350 800325 286540 870395 476620 347691 747254 823251 456719 983143 409583 526104 525989 711070 577572 902315
236990 576109 326185 355442 731254 629415 525731 641220 611712 454746 385227 427161 611972 308091 459051 71776 105650 640217 368860 245736 782775 743240 236913 740260 679506 556230 658904 230424 478170 158167 196075 265355 816963 754322 666055 804516 396468 576272 344150 312635 316421 64618 696991 106763 137942 295811 999999999 609888 354790 604996 772856 666545 667193 659173 503036 404963 214565 942685 626838 181549 828246 250291 527276 469848 258164 690162 542031 673362 454816 709928 82679 262002 705257 138548 595619 403490 181739 834868 90509 678347 486539 257419 825209 159052 165584 524827 435477 668642 554240 52717 771032 794996 239272 916609 493574 503117 399304 595153 616582 635506
705933 957226 319387 255247 307668 47665 799068 116490 940559 751021 224663 376628 333481 848369 217427 676072 713673 214642 307351 780946 400147 924790 819253 207548 293864 696617 610558 382229 618789 767666 536891 875217 458396 367641 56738 392010 220046 462625 940804 390169 732354 581201 863177 524097 623633 829298 609888 999999999 393214 950214 611514 338670 179201 60994 741917 704953 395472 550956 951880 741015 655871 756238 505906 305449 393149 577315 801596 125575 768555 767453 599247 348102 160965 507032 913920 217778 780034 395530 545717 609078 809804 543033 463622 763223 578975 251342 739738 80434 668999 586860 653117 557176 740063 545666 664970 494117 344145 299888 620763 216782
339225 890578 323070 213789 645547 386808 790521 481158 907610 722738 239199 480360 261539 660274 384257 394058 452221 321824 365958 594763 727149 983200 488655 587912 608122 758255 774562 249873 667689 494976 425229 589508 778788 693169 445342 733247 206452 640663 613010 389879 624895 369813 926428 335487 451179 646304 354790 393214 999999999 907113 841144 317624 533783 416993 748546 668101 220080 893760 922065 407183 895933 590325 634200 128860 115349 774961 801930 395897 731254 887112 297617 208974 542310 216242 886142 198678 470733 749697 349471 785307 770680 164375 786013 507013 437661 197593 704999 472123 742471 307520 862638 823452 378521 878725 702694 611339 431611 557148 754635 316136
823257 56206 656540 778834 850847 991984 156934 901473 24476 199864 786971 576433 1122664 368877 732788 622838 569203 1091805 649934 391831 834339 244409 720661 948730 804277 301435 491697 669145 346039 577699 482428 599542 826437 827175 989875 870643 825026 565223 731530 574340 289693 558670 249053 576322 472052 364323 604996 950214 907113 999999999 623338 1167539 881822 1011205 216146 250087 691123 922281 32768 727691 652576 366838 489809 984538 791887 559125 161527 1064291 184303 379041 687645 717610 941670 717223 46243 838660 662602 910083 566895 513944 142445 856842 832822 542701 471693 1011941 213174 962013 332307 656006 579321 704608 809261 887026 301041 488246 606082 723371 438931 1089366
992566 664093 525072 628897 345825 658415 485592 505287 601602 497484 608626 370057 921199 788283 467478 837547 826947 821899 477802 749968 277835 454096 1000752 481554 329853 334045 140000 627236 346498 872545 579623 959884 241180 291657 617079 312306 649234 205146 1082603 483120 612297 709319 406137 671744 670345 770007 772856 611514 841144 623338 999999999 940180 450907 658920 438468 496241 664619 306335 604039 954357 56351 708434 246059 833446 755134 84720 472552 734032 518338 262449 827984 648047 503423 781210 577120 661578 937886 346284 683629 115751 538921 907390 244477 845115 620646 813859 503684 570315 308369 794680 55623 91573 1005708 271248 368343 269876 415385 314452 197026 822995
641690 1160390 516784 389551 645826 297447 1032264 454892 1163645 971326 386189 642995 56514 964995 490534 710731 767374 125521 536870 897490 738450 1196163 802078 533246 631850 963089 918519 503267 875505 811819 693619 907127 796818 706199 357027 728516 345042 769821 925205 599446 902895 671071 1135464 626750 744506 949423 666545 338670 317624 1167539 940180 999999999 517435 310819 981542 918421 489162 884559 1177044 721363 987659 887141 794659 196931 409845 895989 1039795 240361 984220 1062519 614740 454173 489660 529351 1139382 330946 787761 728312 644542 921439 1025767 470167 801887 822259 719007 155610 955852 404717 940162 622201 977245 892550 682590 881787 918065 777136 597427 625776 917191 122515
810141 898820 342289 346197 128476 220714 725330 62721 868267 690202 312944 316891 512296 852429 208807 738216 762860 392627 306061 789405 221031 814697 896034 75324 121819 600154 476126 440421 536567 817763 543462 924928 279383 188886 169116 213574 332043 338695 1010609 383297 709394 623688 754220 566707 642987 832391 667193 179201 533783 881822 450907 517435 999999999 213848 666139 652594 466268 374118 877604 823865 490162 757602 400841 469086 501300 431112 723720 290156 710244 640732 678038 423738 60691 593761 840896 336973 847508 220892 587556 469502 748890 663911 284491 805784 591256 423827 682906 120681 569788 657477 497692 386967 839281 367117 582588 396798 307077 164630 498792 395130
741128 1018154 377753 303799 339986 31005 859964 154340 1001519 812013 275348 437326 315470 905147 278420 723712 763840 185510 367640 837406 432358 983699 862193 222430 334295 756363 665212 434383 679236 817310 594751 924377 490850 401474 46407 419631 264066 518339 984946 450122 792004 633660 922120 577081 679413 886251 659173 60994 416993 1011205 658920 310819 213848 999999999 802734 765879 444721 573971 1012816 782789 701096 813630 564315 314866 431657 629199 862394 76309 829530 823931 643451 397318 179232 550206 974865 259282 825651 417744 598618 662663 870791 573578 495349 814391 635932 251986 800707 95149 728479 633309 702543 599707 776709 572177 725479 553204 405139 351530 677563 189061
738798 240499 464803 592768 635802 785193 59248 687496 202161 66385 595789 365566 940636 381702 525288 543514 505479 896334 450075 365376 623724 241809 679318 732635 588574 105002 299340 500065 129899 533784 333030 592843 620447 614538 779017 659499 636500 351333 726670 382099 219169 443846 194066 441379 366230 366954 503036 741917 748546 216146 438468 981542 666139 802734 999999999 99956 528483 723864 211937 661864 477583 325890 274623 808640 634445 364073 59749 859416 83718 243711 582133 545620 726171 585682 174826 650612 615242 698930 439070 323305 100766 730517 627287 499727 342409 827154 80799 749195 130494 546992 403683 510563 735214 689077 85290 272178 399605 507226 242720 894420
639887 252275 406473 529229 641772 745421 124290 665059 245224 54640 536900 337933 874454 296887 488025 443784 405602 841735 401335 271704 644103 338280 579917 723465 591007 182132 356909 423952 151850 434807 244812 497784 649752 629889 747169 678060 575166 369886 630654 324419 124794 347243 293428 349583 267486 280174 404963 704953 668101 250087 496241 918421 652594 765879 99956 999999999 448909 761971 258686 561936 541420 230951 291364 738008 552937 415352 138604 816432 65883 334880 485043 471578 710726 494224 221224 588869 515701 716899 345249 381081 107671 638485 657207 401068 247555 762916 37507 722551 196517 450236 469515 557702 635619 728254 129981 280481 361745 503437 300547 839284
