NAME : synthetic_000421
TYPE : CTSP-D
DIMENSION : 100
GROUPS : 8
RELAXATION_LEVEL : 1
EDGE_WEIGHT_TYPE : EXPLICIT
EDGE_WEIGHT_FORMAT : FULL_MATRIX
EDGE_WEIGHT_SECTION
999999999 169551 133849 155611 321289 366648 314713 738529 909431 205803 68663 410179 301437 765124 496541 345006 378934 353356 656767 645267 381754 840632 902494 340160 567807 829927 742636 985415 940384 349345 478546 231000 728953 363047 760064 1054911 918628 690595 559327 442357 895017 412193 121402 859284 727081 822787 536333 98295 483660 484126 801709 1040349 397269 560162 950701 901894 674397 261769 923818 912572 45807 879776 418992 736198 770967 624730 428172 503697 359939 592217 402978 922378 477037 498329 648610 628937 478639 339898 105598 296540 419007 142091 862726 180657 311183 769685 878012 567184 186028 616588 642981 728560 804084 440471 435008 385407 1023080 664408 159845 637595
169551 999999999 192631 185654 218392 300447 156765 569534 742834 175480 134462 395115 166368 643647 403608 293564 339489 374643 489876 496325 227614 713154 757424 174056 422087 682580 581138 832885 796728 220450 434657 194186 567237 389880 593798 907100 749712 542594 405653 386934 729308 371048 74982 707507 588495 659258 383286 140500 385017 413721 632906 886654 348367 426899 807843 761602 551613 219594 777984 743350 131006 714467 375231 566658 645201 496550 305692 344091 389731 491955 236263 772404 348841 374119 502203 491835 318298 216020 186371 253595 340823 199824 715137 238182 333604 609831 714279 514083 180296 448052 480892 560829 661084 357774 452646 236002 863188 494934 262956 468244
133849 192631 999999999 277841 400522 250014 280847 731813 868609 312308 183202 531008 242930 835326 386051 223489 490776 482160 621687 575032 418527 905608 948391 319228 613845 873023 690507 1020554 857804 277000 590672 337194 677604 231342 766713 1096847 910466 617854 594857 317480 902330 524165 197056 788126 642756 837090 572969 213973 568763 584774 773397 1073449 271896 619452 867099 816189 577375 367943 843982 886518 153013 835004 291252 718679 674198 688818 341942 530128 490378 482491 378319 961560 540668 565404 693503 684432 504101 405613 235698 404220 514613 270439 785933 51363 178016 713572 828798 676752 70210 615242 594670 729680 722879 327228 302623 330548 1044742 653037 75517 617722
155611 185654 277841 999999999 202442 470912 336700 688471 893311 68072 94640 255016 352016 634934 585126 457082 224697 206031 643359 674729 308147 713794 792108 342628 467232 723663 745635 884068 976137 406067 323670 88443 731563 508758 694196 946022 864456 721133 470761 554680 824381 257666 113506 882054 771040 746530 447947 64312 346902 334836 774129 940158 512236 445891 987612 942733 737151 115610 956272 878965 124868 869224 537207 698591 830354 503273 491265 429301 216651 675703 399297 818137 362461 378868 545708 515856 407510 235929 56979 146686 275028 28647 892686 328421 454225 776502 872888 412784 310155 566296 645986 670054 841472 535714 579251 418130 934639 623015 315200 607454
321289 218392 400522 202442 999999999 501718 289029 510992 739496 134467 253778 227809 336141 443842 579282 501404 157779 256230 502647 581420 139627 519674 590401 267249 265576 521329 616942 681627 875544 383965 234238 118353 603168 608266 505220 744207 680193 625950 273564 587875 630844 180865 207504 769561 689572 551020 251457 228829 168281 198730 613225 737729 554092 244225 888037 849483 682445 104909 852408 709947 276476 721474 581656 531283 765760 304913 461725 243676 277508 654442 300199 615735 160460 178775 343391 314157 226562 45487 253488 106335 125525 231022 788189 449884 551964 650516 730446 303526 398364 393531 523307 486654 748142 544964 670606 362052 733771 455473 461675 451580
366648 300447 250014 470912 501718 999999999 234697 627885 696606 474825 387629 695498 174479 869558 137296 33562 638184 671630 476685 372185 443860 925145 927871 276493 620916 851452 509553 975761 627001 148068 730459 494496 498861 200692 684370 1061813 791895 407993 584786 86763 811946 668822 359803 573240 414977 763621 568041 410836 655008 700289 627648 1022468 55492 650767 635024 582626 336464 519948 616579 738188 363393 658127 82619 596253 431818 722133 143846 513172 685094 233215 303120 927388 590243 617975 689572 701611 490115 483254 448441 553457 627214 475509 563594 232745 173236 524606 645099 805021 183127 533600 428468 640312 496605 77739 222927 211755 973568 548233 295798 501227
314713 156765 280847 336700 289029 234697 999999999 452114 596586 309688 290498 506572 61566 635338 290996 246125 440970 506250 345306 339736 209879 692786 705684 44946 388278 628960 427990 764074 640569 96779 523266 321149 414275 396963 492004 846303 629981 386063 355196 315039 626599 467773 231151 550793 434360 566065 336940 297011 427726 482161 494716 814181 290168 416119 651824 606275 406249 338246 621497 607420 282923 565812 317245 437853 496663 487572 172973 283988 524002 365997 97623 710511 356705 384464 459969 468264 259576 261240 342983 365307 410994 354104 558495 307431 347720 455488 563403 589207 228731 338652 328269 452683 505292 261695 442120 81848 776323 372728 355894 336915
738529 569534 731813 688471 510992 627885 452114 999999999 260111 628505 691303 703511 500684 459579 585161 653914 636688 758859 175848 355587 381276 461706 379389 412599 300084 319365 253270 380900 518451 491944 655685 621217 247828 823472 79988 472338 180193 368414 260795 675838 184857 641478 625023 402622 443233 155260 276156 682225 495779 581531 134535 416569 675571 362293 531322 518388 515001 614775 490903 203009 696992 260726 695986 59769 539023 385084 489113 267632 780642 586742 354650 354551 400418 409223 281178 338037 284873 466778 723308 615835 550911 715425 439928 759436 782636 280650 283317 662987 680465 122856 244066 43303 444719 602870 850436 424868 352194 80543 807228 127175
909431 742834 868609 893311 739496 696606 596586 260111 999999999 841191 875324 948118 625757 710357 605275 728558 878929 994555 252960 331639 601152 699947 588922 569442 557586 546804 187323 548059 315646 595638 908034 838923 197746 896135 320471 633024 225298 309687 514881 714520 324205 887618 810033 223579 353381 360487 527184 873434 749491 835287 130034 561387 730681 620597 326416 335486 453892 838382 290346 102438 873748 41767 743199 216478 428577 645134 554720 506075 1016123 564912 506758 549562 650848 662848 540880 598066 516878 694023 918057 845816 798056 917750 264719 883215 868421 178193 68088 920902 805603 352182 274723 301408 307140 644999 902618 538073 471686 287931 940300 288514
205803 175480 312308 68072 134467 474825 309688 628505 841191 999999999 137715 224069 336218 568968 578211 465568 178479 199811 594132 640305 247231 647235 724071 307227 399639 655601 700709 816077 941191 390033 278376 25359 686647 538385 630776 877976 802747 686504 404537 560842 759672 211858 120566 842901 741144 681124 381878 107550 282199 278403 719446 872192 520828 377838 953039 910012 715648 56407 920194 822060 166058 818926 547107 641702 806312 435700 474830 365997 215964 664673 358800 750089 294389 310951 477833 447806 345225 169469 121551 92276 213782 96582 856129 363669 482458 732586 824261 365050 331447 507238 602223 608270 808222 533232 606627 391323 867433 565741 360512 553502
68663 134462 183202 94640 253778 387629 290498 691303 875324 137715 999999999 348721 290806 697397 509225 370813 313105 299709 622481 629054 324133 773435 838473 308060 505110 766714 715502 923642 928394 342977 413074 163026 701583 414208 707768 991420 870696 675156 499507 468990 841690 346507 66411 841164 718077 767539 476416 31417 415099 416107 762797 978946 425356 494596 939275 892133 674332 193966 910268 871857 30283 847753 449354 693302 769655 558087 426330 447308 309030 602640 369716 859801 411089 431666 585705 563807 422947 274767 60921 229219 350456 90024 847832 233831 359876 744288 848159 501083 218624 568577 615235 678479 792354 456593 484885 367822 964784 619764 223799 596815
410179 395115 531008 255016 227809 695498 506572 703511 948118 224069 348721 999999999 545047 478572 790432 688097 71054 91152 722173 809186 362174 560704 675272 490888 414939 621777 839084 782114 1102146 596819 92191 202024 825548 760240 679929 824025 857364 853592 444812 782044 789573 62924 344527 994630 917334 707107 427656 317464 221660 150904 818991 837727 743160 363817 1114733 1076866 907684 175549 1078630 906434 378968 934126 769774 733808 992602 389174 678829 442057 106743 871671 527678 713777 304459 301165 472898 422578 432205 269536 306250 142995 153174 269405 1014530 582086 704756 873132 945814 176249 555122 596144 748006 672014 975680 749578 829414 584081 857330 660268 569999 664854
301437 166368 242930 352016 336141 174479 61566 500684 625757 336218 290806 545047 999999999 696591 245469 184657 482336 535811 379325 343957 269394 754343 766147 105825 449840 689423 449312 822587 639683 54166 569238 351263 436142 336980 545283 905652 676072 389169 416555 256886 678692 510905 240038 558158 427757 620965 398446 303539 482826 532818 531797 872043 229785 477045 650234 602238 385572 372101 622640 645052 277123 592511 257092 481422 479837 548613 139445 345232 552173 328656 148628 770009 415788 443527 521379 529765 320984 312965 348277 402211 460522 365293 561320 261888 289123 473885 587151 639084 182704 391545 352258 504481 503384 208870 380749 87974 831686 420407 315659 380750
765124 643647 835326 634934 443842 869558 635338 459579 710357 568968 697397 478572 696591 999999999 895495 881177 446463 567075 590880 757549 430966 82262 214169 593087 251362 191670 699131 326596 974783 724287 390292 546577 690274 1020228 390199 350670 528823 786520 294934 946370 428916 425993 649637 857779 864252 360812 306720 671362 288915 329876 592865 377860 925036 220656 987832 969999 908537 520150 947353 627838 720272 717755 951779 516409 959513 148907 772775 363364 584796 937847 576315 262493 294806 269992 200933 169926 383204 430409 690408 494265 365931 661894 892672 881828 966114 730669 742031 335900 819206 431095 651619 416277 886038 884412 1073254 670171 422796 476381 901427 516607
496541 403608 386051 585126 579282 137296 290996 585161 605275 578211 509225 790432 245469 895495 999999999 168170 727713 777935 416673 273649 492548 941421 921997 321055 644278 847551 419652 954715 497322 195336 813293 594836 411322 306361 652120 1044158 732356 300230 601401 112014 769169 755982 471703 455148 291031 733014 588780 529082 716203 773104 557017 996660 140903 685014 504504 451617 203219 616855 489153 661334 487782 564684 144285 543245 296548 753587 124207 532134 793314 96479 320774 913808 637582 664980 702785 725596 513059 552175 569975 647519 701971 593586 440355 369996 295764 427711 547319 880198 317600 512069 356560 606147 371785 59670 299682 229988 937288 510399 432965 459465
345006 293564 223489 457082 501404 33562 246125 653914 728558 465568 370813 688097 184657 881177 168170 999999999 632941 660084 505837 405233 452606 938818 946277 289597 634303 869680 541694 997011 660197 167117 726998 486274 530829 170933 708478 1082241 819924 441378 599943 98208 837386 664223 348076 606795 448436 787165 582399 395549 658486 700107 657522 1044505 55345 661381 668135 615663 368996 512828 649946 768563 345233 690315 81692 623929 463929 733038 174487 528388 672735 263068 321742 947324 597937 625563 704844 714389 504657 485809 431215 547136 626838 459841 597118 202504 140309 557255 677654 803669 159360 556656 459217 664922 530065 108575 200136 233240 997565 573887 265148 527756
378934 339489 490776 224697 157779 638184 440970 636688 878929 178479 313105 71054 482336 446463 727713 632941 999999999 129795 651393 738736 291124 528524 632687 423101 353510 574561 768127 736432 1031185 533056 100065 153798 754574 716111 616381 784128 793989 782993 380000 724942 729912 33446 297289 923577 847249 647589 361811 281829 169271 119858 750133 792563 687528 306812 1043786 1006100 839447 123603 1007627 839331 342612 864301 714550 665344 923426 341071 613802 373163 150755 806850 457975 668153 240635 240879 416609 369822 362398 198706 280474 87453 92263 245075 943541 542138 659981 802150 875611 188260 507687 527341 676952 606385 904998 688982 783594 517069 806289 591298 536901 594716
353356 374643 482160 206031 256230 671630 506250 758859 994555 199811 299709 91152 535811 567075 777935 660084 129795 999999999 758775 827565 395852 649323 759651 498459 481971 703221 872283 864707 1125847 589462 183343 185258 858428 713495 742733 909913 920207 873149 505914 756800 858587 142108 312094 1022550 932103 776391 486670 270232 298431 237404 867226 920686 715414 436546 1138087 1097372 912373 169814 1103549 960471 329511 977371 740972 783866 1001363 469685 673977 492260 21786 864392 543592 796364 368268 370152 546340 499480 478518 301571 247845 151402 222038 211973 1039249 531928 659512 905593 986641 265587 516073 645547 777272 730472 995539 732244 784481 587059 935904 708669 511674 707301
656767 489876 621687 643359 502647 476685 345306 175848 252960 594132 622481 722173 379325 590880 416673 505837 651393 758775 999999999 180969 363074 609524 547173 316637 375952 480877 119769 556451 397983 356097 695385 593970 107469 676738 252058 647815 317245 199657 326446 514064 355084 664850 557368 282497 277048 330657 330193 621148 544504 627617 153460 592321 519582 437755 411144 385086 340634 596439 371742 266508 620802 226061 537393 127194 373484 483650 333344 291574 779910 411674 253880 526959 443221 461547 392915 440210 294126 457531 666055 607803 578940 667065 311138 640409 641702 154318 230134 724311 561595 161346 68540 206910 295803 440977 695533 293460 525236 118343 694967 74435
645267 496325 575032 674729 581420 372185 339736 355587 331639 640305 629054 809186 343957 757549 273649 405233 738736 827565 180969 999999999 451374 783263 727646 333346 524554 660151 146712 736469 301436 299636 800747 647213 139652 568563 432891 827918 474602 46406 474751 383188 528841 758649 570883 214324 112099 510824 472171 636721 664494 741047 293989 770688 401520 581498 313027 269985 159673 658033 281793 391496 618754 291190 412533 302245 203151 637219 237455 422467 847141 242844 283974 707926 566731 589723 556780 597571 415416 540295 682667 678080 681488 693336 218827 579436 545417 154575 274988 844813 506748 328314 112576 387876 168103 314805 571496 261345 699663 297465 640567 248393
381754 227614 418527 308147 139627 443860 209879 381276 601152 247231 324133 362174 269394 430966 492548 452606 291124 395852 363074 451374 999999999 494261 530002 172440 195567 454986 478011 606054 740415 304662 349608 240753 464319 589586 386947 679499 556325 494519 178628 524915 519094 308397 260897 632460 561835 443685 155977 309371 225873 293464 476147 660293 499176 210310 753080 716349 565774 237507 716660 576032 336679 582279 526478 396066 643210 282092 368968 123396 417097 555393 181903 544945 146878 174630 274978 269520 99944 94465 346974 245367 230414 335668 652648 460828 535958 511791 590898 399941 392540 260258 385843 361907 615812 469657 642401 263249 641391 319983 490356 312772
840632 713154 905608 713794 519674 925145 692786 461706 699947 647235 773435 560704 754343 82262 941421 938818 528524 649323 609524 783263 494261 999999999 150239 649297 304516 155624 710578 260030 980128 778138 472045 625353 703050 1083314 385931 272804 502318 808450 341632 999115 397904 508247 723533 864264 886183 340738 357218 748165 369200 412138 590463 307380 980419 286358 992974 979366 938378 599589 952577 610615 795425 712028 1006665 520834 982401 217074 820597 412827 666997 977155 626400 201978 365772 342729 238646 225258 435139 503037 768785 574629 447013 741061 901113 950987 1030091 740315 738244 414798 885899 455076 673784 419214 900753 934646 1133791 720719 363147 491847 973313 536698
902494 757424 948391 792108 590401 927871 705684 379389 588922 724071 838473 675272 766147 214169 921997 946277 632687 759651 547173 727646 530002 150239 999999999 660763 335835 76726 632294 112428 886866 780045 591961 705011 627194 1102630 299402 153947 375617 745426 354692 993869 269680 617674 781659 774525 821461 232953 375891 816721 464525 524373 494171 164763 981688 346257 899239 892275 886927 683071 859510 492606 856687 607256 1006322 438610 917643 293477 807869 423395 778951 943327 624866 52100 429941 413584 255280 276286 448951 563832 843874 663724 543973 820457 813774 989584 1052545 658262 635668 546648 918245 411833 615141 341702 823493 924803 1145727 716785 212910 430346 1020319 480605
340160 174056 319228 342628 267249 276493 44946 412599 569442 307227 308060 490888 105825 593087 321055 289597 423101 498459 316637 333346 172440 649297 660763 999999999 344817 584038 407649 719360 634619 132789 500260 315348 393690 441899 449645 801413 591555 379652 310763 354528 584710 447958 244759 539457 434356 522803 292852 310213 395165 454478 462619 769645 331958 374838 646323 602832 416855 328769 614187 574475 304548 540547 358705 401643 503446 445944 198611 239409 517239 389186 62834 665605 318952 346635 415614 425235 215243 234569 356065 352574 385023 362778 550394 348658 392609 436989 540231 561876 270670 296866 307363 411221 501086 297340 486569 95182 732740 334115 394676 301196
567807 422087 613845 467232 265576 620916 388278 300084 557586 399639 505110 414939 449840 251362 644278 634303 353510 481971 375952 524554 195567 304516 335835 344817 999999999 262210 493792 418776 773500 474418 358115 383780 482532 780432 265925 487273 442827 558789 50054 696095 376617 352018 446607 657138 635097 294480 55772 485071 198148 283077 428140 474389 676269 63527 786679 760791 668233 366831 746955 501162 522037 552086 702683 341940 727648 113476 521419 112276 503437 689088 325009 354717 114175 113828 80838 81479 131977 232625 515671 355729 262463 495878 687034 656393 727986 527806 569985 363346 587453 218128 427175 263467 668559 633293 829627 419000 468314 278437 685039 303662
829927 682580 873023 723663 521329 851452 628960 319365 546804 655601 766714 621777 689423 191670 847551 869680 574561 703221 480877 660151 454986 155624 76726 584038 262210 999999999 572309 162372 834636 703563 542534 637440 566192 1025909 240318 225069 346764 680252 278631 918007 242834 562187 708791 720251 757082 186420 300131 745783 405317 471718 442262 218753 905377 278566 847280 837008 818736 616785 807123 455677 784140 560947 930120 379132 853519 233551 732472 346863 723187 871233 548384 94803 361297 347117 181372 209175 372490 492683 774359 599408 483962 752169 758441 913779 975873 600006 588067 506313 842050 339453 548067 279061 763751 849276 1069066 640544 239631 362883 945313 411963
742636 581138 690507 745635 616942 509553 427990 253270 187323 700709 715502 839084 449312 699131 419652 541694 768127 872283 119769 146712 478011 710578 632294 407649 493792 572309 999999999 624004 279865 414517 814518 702609 14077 708853 333130 714945 337675 134631 444715 527901 405235 782618 652362 163371 198875 403247 449374 717616 664244 747197 157227 652101 543388 556166 293049 270980 287505 707355 253184 245857 710319 148630 556176 193729 291241 599394 368393 411329 893148 387042 347328 605034 562971 581284 504934 554890 413413 572303 763316 720920 697560 767794 194507 701781 681759 34559 138492 844077 625392 276551 100286 293391 191469 457896 715742 361442 574129 223157 760415 190133
985415 832885 1020554 884068 681627 975761 764074 380900 548059 816077 923642 782114 822587 326596 954715 997011 736432 864707 556451 736469 606054 260030 112428 719360 418776 162372 624004 999999999 858350 829903 700724 798482 621327 1159174 305437 91473 323823 747550 427442 1035492 225611 723259 864020 751511 820428 225795 450103 903846 567292 631497 473591 56403 1027873 440282 870066 869663 895765 778430 831630 446714 939763 572925 1051111 435664 914831 395379 847333 490439 884470 965075 676317 68361 522303 509053 338779 371284 516468 651158 933858 761595 646144 912647 792302 1058922 1111551 645601 602886 658126 984739 444443 624857 351535 811286 964235 1197135 764193 109397 446896 1094156 498529
940384 796728 857804 976137 875544 627001 640569 518451 315646 941191 928394 1102146 639683 974783 497322 660197 1031185 1125847 397983 301436 740415 980128 886866 634619 773500 834636 279865 858350 999999999 591153 1085420 947379 290970 801372 595074 945489 539329 255046 724239 605100 632759 1048659 871520 117247 215052 653927 728127 937227 939411 1020712 392939 875259 638195 835639 13185 48009 294775 956963 27552 417702 916568 285943 638998 459669 211035 879145 516478 687483 1145818 416251 583253 852542 838544 858161 783533 834408 687018 832672 983072 975302 966929 994530 88056 853827 793012 246305 255668 1120088 787788 556407 356634 561183 136315 554091 782501 560856 786769 501520 916828 469918
349345 220450 277000 406067 383965 148068 96779 491944 595638 390033 342977 596819 54166 724287 195336 167117 533056 589462 356097 299636 304662 778138 780045 132789 474418 703563 414517 829903 591153 999999999 617960 404653 401898 332660 543179 915172 662789 343745 437200 222191 673805 560940 293807 513779 377791 621192 420921 356791 524421 578537 509557 877545 202746 507114 601393 552583 332014 424843 575013 622521 327844 560595 228609 466638 426789 577911 85282 365633 605995 275444 155181 780357 451450 479171 541866 555491 343010 357703 401177 454264 507011 418990 514671 287655 290713 436769 552997 685420 210886 390518 320917 500358 454897 165232 367253 67264 831880 411454 345908 367720
478546 434657 590672 323670 234238 730459 523266 655685 908034 278376 413074 92191 569238 390292 813293 726998 100065 183343 695385 800747 349608 472045 591961 500260 358115 542534 814518 700724 1085420 617960 999999999 253512 801479 815163 623537 738427 799339 843387 394941 817144 724738 66620 396379 974244 911430 642582 381039 381760 160132 75490 778031 755727 781067 300623 1098288 1063658 912189 222958 1060786 858158 442644 897676 808335 691730 992177 313700 695913 406012 198347 888496 527316 632627 257224 246468 405958 351766 401267 266510 378690 186644 119259 342678 997372 642030 758923 849000 911922 89708 606078 556963 728842 620921 963943 777619 882111 595383 780625 621126 636849 632439
231000 194186 337194 88443 118353 494496 321149 621217 838923 25359 163026 202024 351263 546577 594836 486274 153798 185258 593970 647213 240753 625353 705011 315348 383780 637440 702609 798482 947379 404653 253512 999999999 688580 562507 620447 858957 793795 693221 391289 580816 747852 187095 143952 847354 749698 668559 368918 132710 258927 253140 715760 854708 541421 359100 959373 917173 727379 31059 925919 816759 191417 817746 567921 636672 816982 415193 488919 356418 202866 679911 364169 732096 276211 291456 460968 428974 336753 157216 144054 67092 189147 116043 861726 388543 506468 734936 824007 339875 354835 500922 604932 599498 815301 551171 630398 402235 852056 560598 385863 550624
728953 567237 677604 731563 603168 498861 414275 247828 197746 686647 701583 825548 436142 690274 411322 530829 754574 858428 107469 139652 464319 703050 627194 393690 482532 566192 14077 621327 290970 401898 801479 688580 999999999 698507 327811 712454 339768 131894 433286 518857 404176 769224 638385 175057 199681 399355 437538 703618 651650 734407 158609 650487 533501 544705 304149 280485 285062 693391 264518 251856 696502 159922 546747 188705 293506 588804 357161 398803 879276 381506 333299 600899 550410 568964 495184 544560 400502 558575 749307 707055 684365 753734 204849 689320 670757 47623 151198 831652 612730 265829 86349 287131 197895 448406 706420 348226 573745 213937 747744 179036
363047 389880 231342 508758 608266 200692 396963 823472 896135 538385 414208 760240 336980 1020228 306361 170933 716111 713495 676738 568563 589586 1083314 1102630 441899 780432 1025909 708853 1159174 801372 332660 815163 562507 698507 999999999 875824 1242611 990702 601240 750803 196290 1006195 749205 418845 761004 597392 953593 731535 444605 774394 801877 828187 1208052 167739 799685 807839 754782 506659 592513 794518 938874 384151 857176 162566 794608 594936 871334 344511 680186 721640 386452 483140 1106988 728662 755470 855047 858091 655225 603114 466772 628744 729587 501759 746702 182398 56459 722420 843071 898887 210444 722939 629149 832973 678057 255171 72374 399884 1164375 743190 219558 697832
760064 593798 766713 694196 505220 684370 492004 79988 320471 630776 707768 679929 545283 390199 652120 708478 616381 742733 252058 432891 386947 385931 299402 449645 265925 240318 333130 305437 595074 543179 623537 620447 327811 875824 999999999 396498 177608 447520 236822 737869 135790 617093 642436 480139 522804 80901 256601 695347 463908 548216 204641 344726 734214 323576 607816 596706 592549 610129 567531 244682 716713 327958 755970 139415 618744 333232 549734 264927 764436 659674 396747 275425 375892 379491 228145 286626 287035 463352 733862 606461 526869 722074 518146 798237 832201 359993 353127 620925 720280 153738 320598 46197 524526 665520 907267 476010 289198 142021 842171 193527
1054911 907100 1096847 946022 744207 1061813 846303 472338 633024 877976 991420 824025 905652 350670 1044158 1082241 784128 909913 647815 827918 679499 272804 153947 801413 487273 225069 714945 91473 945489 915172 738427 858957 712454 1242611 396498 999999999 407777 838967 501992 1123231 313898 767805 933824 840139 911688 317172 524003 970062 616887 673315 563539 75751 1114456 500141 957013 958114 987233 836963 918990 530924 1009116 659615 1138087 527106 1005929 446711 935345 568144 928784 1055937 760771 135927 583759 567529 406436 430171 594073 717021 997645 817318 696420 974384 881135 1136736 1194020 736076 689823 686484 1063867 532811 716248 442507 901554 1052396 1282344 850064 169759 537599 1169580 589230
918628 749712 910466 864456 680193 791895 629981 180193 225298 802747 870696 857364 676072 528823 732356 819924 793989 920207 317245 474602 556325 502318 375617 591555 442827 346764 337675 323823 539329 662789 799339 793795 339768 990702 177608 407777 999999999 471629 414316 831295 106011 794494 804525 438497 535130 169098 433728 860823 640291 723879 181268 336199 836267 498751 550534 555078 624800 784960 513287 123168 876902 253707 854513 196279 623373 500512 649496 437402 941925 717025 532359 331729 553481 556600 397539 455428 457521 637355 901190 782692 704372 891845 480023 936601 952762 350169 284226 792093 857405 302254 376078 194486 509438 758221 1012206 596601 247750 257453 985740 295613
690595 542594 617854 721133 625950 407993 386063 368414 309687 686504 675156 853592 389169 786520 300230 441378 782993 873149 199657 46406 494519 808450 745426 379652 558789 680252 134631 747550 255046 343745 843387 693221 131894 601240 447520 838967 471629 999999999 508773 411685 534055 802389 617197 170295 77820 523096 507637 683019 704872 782564 290504 779026 433549 617159 266676 224223 153173 703735 235435 379270 664577 268201 442452 311926 173975 670568 277902 459714 892818 255502 329612 722857 606185 628508 586483 629654 454198 584376 728952 723383 724165 739731 172681 620569 580950 132038 248417 885561 549069 355520 135001 403842 122421 346175 599855 307359 704294 317999 682211 271757
559327 405653 594857 470761 273564 584786 355196 260795 514881 404537 499507 444812 416555 294934 601401 599943 380000 505914 326446 474751 178628 341632 354692 310763 50054 278631 444715 427442 724239 437200 394941 391289 433286 750803 236822 501992 414316 508773 999999999 657602 357687 382267 438028 608086 585151 277466 23104 482015 235237 321082 384950 481687 639842 111456 737413 711073 619400 377846 697788 463542 513916 507487 665806 298477 677879 162635 479553 71619 527622 643145 284769 366870 140427 148552 104901 126211 95660 235073 515902 371364 291674 499274 637583 635180 699589 478849 524373 407061 563557 170163 377138 227366 618577 593070 797294 379088 465721 231961 667697 254689
442357 386934 317480 554680 587875 86763 315039 675838 714520 560842 468990 782044 256886 946370 112014 98208 724942 756800 514064 383188 524915 999115 993869 354528 696095 918007 527901 1035492 605100 222191 817144 580816 518857 196290 737869 1123231 831295 411685 657602 999999999 860693 755582 444720 566911 402193 818266 642106 493512 739399 786280 659652 1080144 45587 729241 611638 558587 310370 606505 598288 766555 443430 674326 34190 638505 399478 800098 188333 586288 769842 191186 373059 990233 671739 699499 761775 777331 564344 568359 529420 640132 713304 557899 551206 289954 193420 537715 657824 891313 256346 591107 458261 692645 482384 73176 188384 278937 1026096 598133 350119 548736
895017 729308 902330 824381 630844 811946 626599 184857 324205 759672 841690 789573 678692 428916 769169 837386 729912 858587 355084 528841 519094 397904 269680 584710 376617 242834 405235 225611 632759 673805 724738 747852 404176 1006195 135790 313898 106011 534055 357687 860693 999999999 726769 776729 526281 603777 82467 379437 828335 568817 649466 250747 247449 860149 426052 644507 644327 685623 735408 606020 224692 851376 347555 880754 228151 696303 416679 673877 395931 880040 766307 530551 226678 490540 489211 318780 374199 419293 590758 865862 728738 638344 852550 567242 933368 963986 424151 377393 709152 855168 287960 421124 174211 588812 787714 1034706 606547 170827 263724 977808 312008
412193 371048 524165 257666 180865 668822 467773 641478 887618 211858 346507 62924 510905 425993 755982 664223 33446 142108 664850 758649 308397 508247 617674 447958 352018 562187 782618 723259 1048659 560940 66620 187095 769224 749205 617093 767805 794494 802389 382267 755582 726769 999999999 330360 939730 868034 644306 365425 315214 159543 96219 758213 779121 718638 301193 1061361 1024705 863231 156726 1024712 844464 376042 874433 745756 672734 945868 328910 640745 381655 161303 833760 480030 654899 241852 238242 410487 360923 372968 218717 313149 120462 90628 277477 960807 575526 693033 816846 886764 155121 540526 535457 693220 609570 924006 718328 816500 542522 796515 599687 570298 605855
121402 74982 197056 113506 207504 359803 231151 625023 810033 120566 66411 344527 240038 649637 471703 348076 297289 312094 557368 570883 260897 723533 781659 244759 446607 708791 652362 864020 871520 293807 396379 143952 638385 418845 642436 933824 804525 617197 438028 444720 776729 330360 999999999 781442 663476 703312 415013 65916 374543 387729 696728 918948 403419 440811 882677 836548 625608 173685 852623 805573 75890 782973 429178 626916 719609 506824 378777 383471 325291 562221 305556 801072 358383 380807 527435 509034 358731 220815 111936 209900 317699 125272 789644 247948 362692 681721 783973 481004 210938 502345 552084 612600 735960 422844 486461 310922 902272 553353 254398 530600
859284 707507 788126 882054 769561 573240 550793 402622 223579 842901 841164 994630 558158 857779 455148 606795 923577 1022550 282497 214324 632460 864264 774525 539457 657138 720251 163371 751511 117247 513779 974244 847354 175057 761004 480139 840139 438497 170295 608086 566911 526281 939730 781442 999999999 166114 541733 612586 847356 826010 908204 280615 771813 593749 719537 130389 118256 267121 854965 90115 321134 831915 187026 599422 343458 215534 762168 447585 573401 1042943 390020 484195 741989 724874 743799 666293 717305 574155 725834 893377 871347 856378 902056 41587 790174 744921 129397 156817 1006300 719244 439646 246628 445074 94226 506652 752397 474447 685936 384297 852074 353478
727081 588495 642756 771040 689572 414977 434360 443233 353381 741144 718077 917334 427757 864252 291031 448436 847249 932103 277048 112099 561835 886183 821461 434356 635097 757082 198875 820428 215052 377791 911430 749698 199681 597392 522804 911688 535130 77820 585151 402193 603777 868034 663476 166114 999999999 597098 583316 728681 776451 852559 355848 850157 431051 692770 224540 174820 103081 762292 202153 434298 704846 311792 435163 385645 96474 747277 301547 534251 951217 224203 389982 797751 678824 701811 664095 706769 527489 649367 774194 783953 792199 787833 149437 639383 584201 185688 287067 956636 572756 433306 212816 479761 81629 344803 586651 352997 772981 395350 702254 349518
822787 659258 837090 746530 551020 763621 566065 155260 360487 681124 767539 707107 620965 360812 733014 787165 647589 776391 330657 510824 443685 340738 232953 522803 294480 186420 403247 225795 653927 621192 642582 668559 399355 953593 80901 317172 169098 523096 277466 818266 82467 644306 703312 541733 597098 999999999 299653 752956 486380 567254 261248 263863 813944 343607 666320 659631 670261 655266 626563 269959 778540 375863 835977 211454 692347 336051 630028 320310 797814 739937 472373 201880 408536 406824 236705 292739 344630 511805 789393 647701 555950 774862 581204 870474 909027 427509 403688 628638 793244 230678 399076 127000 593357 746045 986400 554210 210855 222873 912319 274304
536333 383286 572969 447947 251457 568041 336940 276156 527184 381878 476416 427656 398446 306720 588780 582399 361811 486670 330193 472171 155977 357218 375891 292852 55772 300131 449374 450103 728127 420921 381039 368918 437538 731535 256601 524003 433728 507637 23104 642106 379437 365425 415013 612586 583316 299653 999999999 458917 222394 308127 397150 504483 623262 109523 741279 713499 613846 355973 701935 479165 490898 518203 649457 310763 675009 168503 466144 56646 508417 633350 270124 389119 124404 135953 123528 136820 77933 212414 492884 350329 274818 476439 640996 613709 679916 483731 534062 397619 542624 178328 377765 244587 619577 578582 778994 364312 488816 241646 645578 260193
98295 140500 213973 64312 228829 410836 297011 682225 873434 107550 31417 317464 303539 671362 529082 395549 281829 270232 621148 636721 309371 748165 816721 310213 485071 745783 717616 903846 937227 356791 381760 132710 703618 444605 695347 970062 860823 683019 482015 493512 828335 315214 65916 847356 728681 752956 458917 999999999 387304 385831 758492 959419 450471 471639 948342 902017 688800 163481 918432 866307 61532 847026 475014 686863 783370 533729 441223 432754 280351 621346 370481 839359 387862 407475 565302 541220 409044 253102 46021 198405 321071 64760 855503 264810 389960 747195 848564 469891 246331 559369 617369 667601 801572 477868 514985 376478 947730 612489 255089 591925
483660 385017 568763 346902 168281 655008 427726 495779 749491 282199 415099 221660 482826 288915 716203 658486 169271 298431 544504 664494 225873 369200 464525 395165 198148 405317 664244 567292 939411 524421 160132 258927 651650 774394 463908 616887 640291 704872 235237 739399 568817 159543 374543 826010 776451 486380 222394 387304 999999999 85858 619460 623481 709111 142782 952438 920649 788683 231604 914026 698096 440190 740442 736755 533021 862149 171923 593466 252944 318819 781197 407286 499058 101305 86717 251296 201498 252513 172993 402978 205444 79537 373448 851487 618161 718305 698801 755757 180963 565312 399958 583515 460793 822889 689395 835073 488247 637616 463752 628933 478449
484126 413721 584774 334836 198730 700289 482161 581531 835287 278403 416107 150904 532818 329876 773104 700107 119858 237404 627617 741047 293464 412138 524373 454478 283077 471718 747197 631497 1020712 578537 75490 253140 734407 801877 548216 673315 723879 782564 321082 786280 649466 96219 387729 908204 852559 567254 308127 385831 85858 999999999 705253 686999 752811 225144 1033676 1000616 859219 222380 995637 783695 444073 825955 780380 618829 935989 240499 652667 336556 255680 843551 474720 563192 185667 172575 330721 277111 334053 220931 391734 188421 73295 358051 932683 635653 745420 781746 840963 107408 591438 485317 664216 546234 901895 741568 866146 549358 708547 549247 637951 562775
801709 632906 773397 774129 613225 627648 494716 134535 130034 719446 762797 818991 531797 592865 557017 657522 750133 867226 153460 293989 476147 590463 494171 462619 428140 442262 157227 473591 392939 509557 778031 715760 158609 828187 204641 563539 181268 290504 384950 659652 250747 758213 696728 280615 355848 261248 397150 758492 619460 705253 999999999 498195 668466 491336 405439 398695 443669 713646 365510 113264 763713 126248 684827 86479 446593 518458 483838 376999 888873 536768 400015 461458 520869 532825 415231 471527 388818 567858 802194 719524 668452 799458 320457 793335 794383 173551 149178 791314 714362 222849 201392 177474 338150 587160 844035 446620 417845 158855 847179 166802
1040349 886654 1073449 940158 737729 1022468 814181 416569 561387 872192 978946 837727 872043 377860 996660 1044505 792563 920686 592321 770688 660293 307380 164763 769645 474389 218753 652101 56403 875259 877545 755727 854708 650487 1208052 344726 75751 336199 779026 481687 1080144 247449 779121 918948 771813 850157 263863 504483 959419 623481 686999 498195 999999999 1073957 496646 886580 889400 929151 834762 849015 459017 994749 589351 1096721 468503 943327 451558 891815 543418 940375 1003122 724914 124423 578561 565436 394656 427685 569428 706913 989747 817995 702404 968750 813055 1111155 1161161 671576 619739 711402 1036402 489393 660242 390862 836209 1008361 1244494 811344 94115 486733 1147339 538158
397269 348367 271896 512236 554092 55492 290168 675571 730681 520828 425356 743160 229785 925036 140903 55345 687528 715414 519582 401520 499176 980419 981688 331958 676269 905377 543388 1027873 638195 202746 781067 541421 533501 167739 734214 1114456 836267 433549 639842 45587 860149 718638 403419 593749 431051 813944 623262 450471 709111 752811 668466 1073957 999999999 706254 645294 592361 343814 567804 630007 777488 399343 691246 27651 641560 435676 777625 187001 568243 728014 229045 357365 980385 645439 673159 744568 757020 545329 536937 485556 601960 679612 514628 580488 244833 155220 555766 676377 856937 211247 584648 467671 689682 512176 87433 175960 264958 1023285 596547 305503 548503
560162 426899 619452 445891 244225 650767 416119 362293 620597 377838 494596 363817 477045 220656 685014 661381 306812 436546 437755 581498 210310 286358 346257 374838 63527 278566 556166 440282 835639 507114 300623 359100 544705 799685 323576 500141 498751 617159 111456 729241 426052 301193 440811 719537 692770 343607 109523 471639 142782 225144 491336 496646 706254 999999999 848810 822061 721450 338230 809217 562223 514490 615510 733233 405245 784179 71809 561072 160824 457566 735457 364246 373339 83851 68967 109797 69972 174371 220279 497710 321752 214555 474282 748884 664634 745742 590305 633505 300695 599954 281206 487025 324596 728780 669561 852646 456410 501643 341912 687856 366142
950701 807843 867099 987612 888037 635024 651824 531322 326416 953039 939275 1114733 650234 987832 504504 668135 1043786 1138087 411144 313027 753080 992974 899239 646323 786679 847280 293049 870066 13185 601393 1098288 959373 304149 807839 607816 957013 550534 266676 737413 611638 644507 1061361 882677 130389 224540 666320 741279 948342 952438 1033676 405439 886580 645294 848810 999999999 53059 301565 969119 40486 428631 927221 297399 645612 472600 215616 892327 526086 700562 1158020 422153 595296 864700 851592 871248 796682 847583 700026 845238 994155 987617 979758 1005858 100993 862549 800265 259484 267232 1133134 797029 569591 369548 574089 146932 561641 787936 571901 797826 514677 925612 483101
901894 761602 816189 942733 849483 582626 606275 518388 335486 910012 892133 1076866 602238 969999 451617 615663 1006100 1097372 385086 269985 716349 979366 892275 602832 760791 837008 270980 869663 48009 552583 1063658 917173 280485 754782 596706 958114 555078 224223 711073 558587 644327 1024705 836548 118256 174820 659631 713499 902017 920649 1000616 398695 889400 592361 822061 53059 999999999 248582 927940 54592 435781 879361 301871 592568 458827 163125 868621 475905 670386 1117031 369127 553821 860138 820385 841018 775667 824761 668214 807394 947695 947538 944703 960341 78582 810822 747380 239487 271307 1101598 746048 545774 337353 560327 101882 508926 735052 525635 802784 494122 873952 458676
