NAME : synthetic_000763
TYPE : CTSP-D
DIMENSION : 100
GROUPS : 8
RELAXATION_LEVEL : 1
EDGE_WEIGHT_TYPE : EXPLICIT
EDGE_WEIGHT_FORMAT : FULL_MATRIX
EDGE_WEIGHT_SECTION
999999999 587327 182888 271278 743253 564686 318283 200477 622333 735595 207753 673292 537182 41446 118148 530533 613434 510179 398270 616571 17716 213549 718733 180955 137987 682941 270025 596754 93827 262243 629174 683756 702097 283523 574373 636294 834669 385950 683578 353320 169049 228450 288241 561232 86169 240468 97291 809274 218762 362793 284891 470870 375998 207593 396539 577585 736992 628110 485180 618945 419398 166765 91205 369174 667900 466508 752117 862956 540918 229927 57157 761104 233446 440604 504960 426288 576096 764086 603008 715829 462389 587952 540766 693265 284870 368568 683777 474756 771466 764580 616486 308211 688435 480759 631387 746269 552368 467394 674270 15846
587327 999999999 542167 850383 447584 298120 825976 761365 823378 498109 451963 86189 885978 565188 683840 781778 43052 135303 476497 137340 602491 643943 364805 419611 607302 167924 329477 230247 643958 824599 200045 185483 313040 800702 56859 634917 625520 201399 148257 813853 531699 513534 668760 812643 506455 600762 600159 638930 389027 389434 703345 328555 215368 438544 871598 617513 231336 297479 561069 180468 648693 478529 593851 349994 175459 337865 553017 477187 292783 575513 555530 408721 796804 596590 791013 748421 79713 415271 281505 137620 228959 177449 266784 157973 704315 395525 174258 737635 329084 368716 491321 354898 559420 239321 926121 198360 387784 644099 88397 590519
182888 542167 999999999 413669 591627 432696 496658 368038 453179 574098 316312 626254 406404 142399 292254 366974 556705 506500 516004 610822 181139 102532 763574 246534 81797 595162 297668 483452 275692 423291 640879 590486 575766 260031 547290 454192 663652 357375 666888 276752 18640 51389 148645 399661 196014 407591 276224 634750 163025 215264 170949 332458 331369 104592 333280 395024 639201 498850 303246 626161 242859 285924 269008 236781 664783 535126 583694 721028 590485 391283 217689 619620 396252 257996 349166 276071 556311 621548 476394 679337 491472 489303 417279 677270 465676 217898 676441 310054 651021 800803 447185 195964 514617 370407 486047 663300 398601 287032 630012 169984
271278 850383 413669 999999999 1002538 831372 177120 99455 764033 987626 419708 935430 615126 304643 166874 668050 879258 759338 550559 862441 259916 377385 924068 431542 335379 953603 523016 867225 207455 61615 864307 954816 970889 305142 831455 849324 1075605 649868 932993 404070 407705 465050 440508 691226 344893 334678 255004 1044349 489881 621345 410981 734686 643815 472051 412067 788135 1008185 895900 703305 857326 599240 383189 260094 633498 910534 668200 996824 1127479 753061 346932 294944 1025505 71182 643625 630540 555257 830112 1028057 871300 973409 695910 859227 809361 942070 281905 625731 928270 621394 1041531 975457 860396 575905 925466 751025 721988 1016149 809608 655230 935464 273447
743253 447584 591627 1002538 999999999 195810 1055046 943552 573898 69955 729472 461158 726104 704185 861370 586311 413009 558526 848059 584228 749897 657361 811309 657829 672965 308412 605264 223986 832327 1004121 647380 286355 142170 810880 502696 320073 181479 495474 574222 769202 595548 540733 630338 604578 698348 883638 809132 206412 537898 381631 673264 274203 468615 535667 821002 347828 277628 156895 367789 627949 509572 732364 801099 374981 614822 746311 127706 140531 726290 858746 746315 66762 975664 438909 617967 622286 526008 62074 180268 516115 635946 273942 231044 581049 976526 376888 607443 571689 182120 809720 182053 439138 185685 299014 712696 344431 193106 466952 471597 736404
564686 298120 432696 831372 195810 999999999 869408 764729 558021 221143 534572 341861 663282 527773 681756 537520 275586 384794 654195 432912 573352 514634 658031 464600 514052 221983 409497 82480 649986 826927 493206 206013 143296 676356 346211 342542 348969 302283 442515 654150 432539 385013 505848 564044 511801 689741 622792 352119 351212 217951 547849 100660 273714 359330 710345 335190 237102 66231 301974 473261 424391 539125 614853 198447 473568 560179 267861 299113 550099 664624 561359 198037 798110 358148 557854 537519 368661 201724 46547 403941 452713 128040 37229 451309 784355 216600 471407 505281 220046 666127 193566 256475 262120 103416 679148 286263 95453 400145 351141 559715
318283 825976 496658 177120 1055046 869408 999999999 138461 901998 1051463 374020 906559 771717 359582 204497 806134 860778 715163 442595 809673 316441 493571 829248 418002 432198 953231 500493 889605 225085 117814 798876 958494 1000225 463151 796199 950307 1152746 635720 882642 561077 484946 544973 565603 832607 357620 236705 246616 1127542 518364 678208 544692 780912 639956 521997 577608 890467 1013219 929761 799685 795744 717063 349809 254559 680224 852061 583035 1069837 1168357 671005 258714 308756 1067420 127203 749369 772375 693966 789952 1070961 903781 934700 636929 871268 841681 890602 144851 684561 871534 754865 1064012 883498 934525 615997 1006712 776946 876903 1009469 866777 769893 904612 328692
200477 761365 368038 99455 943552 764729 138461 999999999 763568 934495 322984 845580 635523 239480 83071 667682 791987 665344 451874 767214 193914 356410 824663 341821 298393 872275 432215 794002 118945 63911 767137 874890 901022 329439 739673 818655 1030234 562526 838401 425972 358257 418080 427652 694163 261559 236818 161471 1002534 415985 562558 406235 671345 559567 407987 446654 758241 928938 827690 668935 760673 580594 288005 167551 569650 814484 568926 948838 1063272 654056 247966 210230 961466 35467 615701 633961 555508 737233 964491 802368 881325 599128 781920 740041 847295 196643 568027 832543 616557 969055 876154 812586 508322 882128 678613 740027 932963 752208 634199 845117 207291
622333 823378 453179 764033 573898 558021 901998 763568 999999999 512215 765226 886921 201258 586711 707782 96170 814598 853995 960675 938863 614403 413476 1139083 689409 485304 780000 714201 640360 705652 800471 987945 763574 661103 465415 855699 255350 507441 709619 970968 372562 471311 427740 338668 75492 649190 858491 719600 457630 568566 449401 357419 496349 672948 511177 393256 230337 788488 603027 262578 969317 213536 737824 713283 487766 989067 949969 474206 707416 984526 843504 666883 636139 780297 235621 134654 209081 873614 633208 598235 949300 876895 680634 575248 980949 905390 441136 993168 148320 732831 1163518 399673 516855 393467 584720 143397 843179 464466 188573 894905 607050
735595 498109 574098 987626 69955 221143 1051463 934495 512215 999999999 741508 519368 672489 695375 853496 531217 466354 600773 873382 635441 740675 630930 862914 666526 654016 369468 622360 268805 826936 993452 698025 347632 205263 778925 551574 256974 128906 522727 630783 730361 580106 522717 596980 547358 698042 892296 807663 142835 539836 373279 639517 278553 492688 529479 780091 290963 343834 200820 323989 678317 465828 740513 799595 373981 669213 781112 59255 195260 767797 868035 744003 136631 965430 396175 565082 575940 574788 131676 219522 576335 672864 321142 258341 638128 981510 367125 663168 521209 251704 864354 136569 439893 119585 322608 652838 410187 185815 419179 529694 727429
207753 451963 316312 419708 729472 534572 374020 322984 765226 741508 999999999 532846 717338 216816 256960 682267 487149 344790 200779 444732 225243 391497 516086 80763 318080 584216 131575 537347 216414 383190 444604 591349 650906 489958 423261 713913 858606 265809 516475 552118 297678 337574 458253 715275 132255 157635 166175 844695 217071 390313 467753 463172 276347 260638 599427 662896 646084 587360 570175 437756 551912 41342 162466 374867 491524 260824 772970 825993 339757 131880 152522 728869 357351 548713 665478 591626 418415 733389 560979 563296 276253 511035 501684 525158 258522 399094 509688 625415 707322 564314 647864 310495 727344 433505 801677 637685 558029 587354 531165 220452
673292 86189 626254 935430 461158 341861 906559 845580 886921 519368 532846 999999999 960427 651367 768724 851099 73701 198573 539155 148602 688536 727589 360611 504164 692622 154759 413368 263801 728646 908587 207836 176604 319738 885402 112290 684295 642494 287348 114523 896137 616265 595987 749831 881072 592005 678231 684187 662164 474739 464340 785369 390769 301372 523163 954003 673133 205863 324884 624519 191788 721107 561085 678031 425600 160399 391594 577061 464765 331342 653357 640761 412335 880979 665560 862873 824048 124849 419084 314989 62572 290661 213893 316166 120416 781639 469680 149101 809285 314695 351354 533958 436373 595346 303747 995520 152616 436259 712378 10488 676610
537182 885978 406404 615126 726104 663282 771717 635523 201258 672489 717338 960427 999999999 510323 596020 142177 886739 886099 918115 982983 524700 327388 1159300 652166 403354 878952 701239 741409 604600 660659 1023069 866010 787694 310393 907157 426172 690322 734537 1027466 211414 424608 404123 259405 134543 588076 776922 630955 642430 558013 496654 252682 580161 701357 495465 211294 381971 900384 719481 366769 1006219 241076 682692 626210 535991 1036119 940360 644359 865327 990937 767105 590475 782289 645128 305138 108333 139040 921389 780599 708304 1020635 887711 771942 670542 1037857 803059 490913 1044055 158472 864325 1191940 544243 540798 559859 659946 107211 946494 579542 265209 966876 521359
41446 565188 142399 304643 704185 527773 359582 239480 586711 695375 216816 651367 510323 999999999 158157 496125 589252 495897 414118 602816 45759 183487 717289 174470 107106 653487 257934 562692 135272 300103 619391 653354 666440 275286 555759 595122 793600 364616 667928 335633 127988 187140 256487 527404 85177 272452 134490 767962 186818 323081 257737 432726 351349 169053 382649 536577 706028 591802 444003 608074 381375 177864 127587 331052 655079 469115 711234 825337 539400 259355 81193 723397 271535 400381 472289 394380 559013 726238 566992 696252 455007 556172 504929 677822 323683 328608 670137 439876 736892 761296 575460 271616 647139 446453 601668 717937 512731 428246 652900 32219
118148 683840 292254 166874 861370 681756 204497 83071 707782 853496 256960 768724 596020 158157 999999999 612956 713280 592961 411070 696673 113320 294922 769400 264697 229118 790898 356142 711062 40970 146291 700652 793101 817954 303402 664587 745821 951236 483744 766799 392951 280940 341004 369157 641318 180110 208463 90803 924742 332955 480892 353928 588732 479102 325703 423264 686043 846994 744638 595191 692937 515682 218617 94762 487076 745413 512720 869176 980400 595093 211183 129188 878633 117373 545412 582212 502863 663368 881700 719303 806548 531962 699499 656974 775970 207785 486588 762839 559581 886094 819165 733222 425404 804055 595596 697314 852274 670494 567367 768678 126263
530533 781778 366974 668050 586311 537520 806134 667682 96170 531217 682267 851099 142177 496125 612956 999999999 777674 798814 880194 889357 521852 319574 1080438 608710 392820 757372 641070 618039 612007 704302 934780 742883 655047 370862 809038 284138 548828 650353 927264 280277 385455 347067 244363 33626 562193 768521 627796 501407 494581 396095 261455 462581 614754 434622 306396 240325 773609 589931 235854 916820 139800 652877 621703 435690 941116 879548 502222 724824 919948 754468 576900 644007 684181 185548 43461 112925 825382 642019 581058 912688 813375 653010 548974 937483 812195 388832 946971 56920 730443 1108269 405092 454723 417797 547456 144448 823405 449197 139087 858348 515060
613434 43052 556705 879258 413009 275586 860778 791987 814598 466354 487149 73701 886739 589252 713280 777674 999999999 178244 518695 171970 628054 657399 398373 450343 625078 125361 361748 201857 673871 855522 235335 143613 275715 816451 98453 616619 592565 229557 167388 824648 547406 524878 677703 807776 534487 638049 631333 608262 408819 390764 713772 318252 237912 454578 882568 603033 188383 267085 552057 216337 647418 511970 624788 352137 202896 380898 522468 436396 335013 612618 584377 371113 827454 592127 789218 750441 120383 377742 253639 135071 271711 149602 247328 175907 741541 396039 197882 735637 287529 398010 469015 364891 533953 230567 922112 156530 368398 639053 80678 615728
510179 135303 506500 759338 558526 384794 715163 665344 853995 600773 344790 198573 886099 495897 592961 798814 178244 999999999 342690 106984 526869 608446 286798 331193 558440 301537 240268 334605 552088 726886 136971 317541 433230 754161 86826 697416 729674 151866 174036 783234 492520 489711 647318 831464 424790 483193 504609 736502 343712 404813 676212 382068 184986 402972 839459 669356 365761 402400 598541 120506 660083 377402 499281 366229 159999 202853 651489 604404 167771 458865 469406 528030 700298 619298 800731 747087 75425 534294 381513 219575 94011 285272 348628 183453 586112 412920 174281 749066 459217 309747 568764 346085 643814 298635 940527 332989 461430 667167 194423 516455
398270 476497 516004 550559 848059 654195 442595 451874 960675 873382 200779 539155 918115 414118 411070 880194 518695 342690 999999999 409777 414728 591992 387023 271551 517890 637336 262943 633355 376306 499349 381052 650585 744486 681358 429175 886962 997967 352594 480939 749488 497371 533554 659012 913441 331471 216494 328585 991658 397204 557529 668152 604573 380760 450352 794593 840642 702191 694378 750601 383465 747170 236703 328775 533269 440484 155690 913311 921755 240308 204018 341113 833321 480206 737634 864905 791852 414324 838824 669180 547781 248932 594032 617733 486708 298033 566837 461224 823521 785525 441712 799785 475750 880244 551187 1001917 674856 699883 778869 533772 412643
616571 137340 610822 862441 584228 432912 809673 767214 938863 635441 444732 148602 982983 602816 696673 889357 171970 106984 409777 999999999 633369 713109 227479 436861 664701 292039 346546 367462 655717 827907 63367 312296 447684 860498 87087 764299 762733 253713 73164 887498 597359 591546 749361 921397 530929 574581 607438 776220 448639 493273 779566 451863 283258 506681 944081 742543 349945 434815 678988 44722 752235 479414 602435 453740 53982 255861 690308 605476 185955 551319 574691 543055 801860 706680 894079 844016 66086 549692 418530 139403 172937 314705 399938 80936 675868 500672 67321 841594 455462 233515 624930 442320 694931 363429 1032517 300881 519646 754659 139957 623100
17716 602491 181139 259916 749897 573352 316441 193914 614403 740675 225243 688536 524700 45759 113320 521852 628054 526869 414728 633369 999999999 203355 736444 198249 129116 695774 286853 607339 94882 254346 646444 696191 711697 266733 590331 635320 837918 401205 700105 338220 168629 228591 278502 552149 103514 252245 106931 811596 230188 368681 273021 478475 390356 214803 380538 576126 749188 637242 484326 636102 413713 184176 101688 376793 684836 484192 755884 871050 558625 242954 73857 769117 225790 437614 495253 416273 592348 771972 612346 731627 479826 599735 550220 709828 291267 374113 700606 466456 781773 782260 619904 317063 690863 491172 620044 759554 558324 462859 689650 13639
213549 643943 102532 377385 657361 514634 493571 356410 413476 630930 391497 727589 327388 183487 294922 319574 657399 608446 591992 713109 203355 999999999 861446 331283 76419 690268 393374 572414 292433 401434 742227 684253 657687 163216 649787 472173 706726 459808 769419 175080 115958 134874 75332 349252 260991 453861 310121 672247 264735 297953 76335 414133 433870 207121 231021 410935 731215 580683 328299 727799 224529 355795 304493 325968 767052 626808 631935 792048 686638 442182 264338 692313 377820 266359 291926 212924 658838 693513 559966 781289 590113 582847 503595 779801 492685 298324 778856 265156 734639 900059 497477 293841 555798 462745 418384 758957 467311 279217 731561 197778
718733 364805 763574 924068 811309 658031 829248 824663 1139083 862914 516086 360611 1159300 717289 769400 1080438 398373 286798 387023 227479 736444 861446 999999999 542957 800583 513415 468455 594751 729995 877842 165182 534617 673530 990823 312407 982338 990175 430245 247805 1035456 747322 756252 910522 1113489 634586 597823 679360 1003538 603202 689721 934223 667172 466414 665569 1088949 955837 566398 662246 885174 185062 940873 557023 676738 651759 200246 256688 917635 825346 177954 580690 666699 768404 855987 903746 1079513 1021125 289582 775093 645606 322857 272339 542053 623927 244396 684955 698094 212729 1029010 675192 55708 848196 625719 920087 581291 1220260 509513 741703 951396 350392 729273
180955 419611 246534 431542 657829 464600 418002 341821 689409 666526 80763 504164 652166 174470 264697 608710 450343 331193 271551 436861 198249 331283 542957 999999999 262675 535938 91710 474902 224487 405227 448220 540659 587356 448261 400127 633152 781616 221214 505162 499720 228042 262015 392956 642002 94787 226022 181006 766383 136407 310333 407309 388004 222144 181179 550547 582216 595340 520473 489618 438080 475873 74557 174452 296573 487599 297654 696054 759984 365160 201528 138378 661143 377277 469644 594192 522476 399684 665338 494118 542126 281778 453769 433342 514642 320031 319009 503876 552094 647983 586841 569247 231418 648354 366075 732273 594018 481867 509261 504012 189219
137987 607302 81797 335379 672965 514052 432198 298393 485304 654016 318080 692622 403354 107106 229118 392820 625078 558440 517890 664701 129116 76419 800583 262675 999999999 670899 332581 562971 221329 349769 689146 667241 656964 195817 607227 520419 740241 414524 724754 237048 82367 132233 150350 423322 186420 377835 235095 709484 218958 296939 151010 413995 392857 171312 288670 459889 716948 580140 371315 675840 286972 281249 229177 317213 718288 560150 661597 802793 624067 365841 187924 701412 323887 317454 366991 288441 614104 703326 557421 743171 531546 566499 497803 735000 420177 299680 731417 337342 731830 841382 525259 271856 590231 448792 494768 738398 480048 338249 695654 122370
682941 167924 595162 953603 308412 221983 953231 872275 780000 369468 584216 154759 878952 653487 790898 757372 125361 301537 637336 292039 695774 690268 513415 535938 670899 999999999 453756 139822 753334 936186 354800 22078 166292 853134 223801 557574 489869 318509 269210 846886 589400 555408 697228 784738 610870 739656 714970 512107 466917 399651 736815 299230 313926 500676 904518 555828 64855 185649 522793 336754 638125 603764 707830 366168 313499 504324 428111 313445 460371 713870 662098 257669 907521 575032 775462 748490 245469 264421 183666 207712 393643 109104 208690 275151 842267 402251 303538 722266 163470 506045 402100 399448 455060 228921 899972 69148 316245 618932 165241 682669
270025 329477 297668 523016 605264 409497 500493 432215 714201 622360 131575 413368 701239 257934 356142 641070 361748 240268 262943 346546 286853 393374 468455 91710 332581 453756 999999999 407042 315724 495253 361501 460304 520784 525233 308485 624302 743440 135385 414006 567021 280619 298305 446117 674695 184524 289016 270826 733710 146490 294846 467085 347030 144955 207516 620576 579091 515079 459269 490502 350176 503053 150729 264671 270491 398031 239646 658027 696762 293317 263195 230009 600928 467610 483948 632280 566127 308009 605678 432984 450475 199241 379560 375235 423583 390018 304185 413761 585878 575972 508812 539463 213259 619875 306837 772867 508981 442867 527807 412944 276764
596754 230247 483452 867225 223986 82480 889605 794002 640360 268805 537347 263801 741409 562692 711062 618039 201857 334605 633355 367462 607339 572414 594751 474902 562971 139822 407042 999999999 676550 857313 429656 124893 113781 735490 282874 422921 397144 283407 369063 720725 480608 439088 571239 645130 534824 694845 644367 408788 378296 275191 612238 165068 262940 398781 777748 417498 161928 68200 383099 409872 501204 548092 636672 247109 403853 523930 322884 290757 502347 669173 585812 200088 828384 436709 637014 612993 306049 205734 51783 325093 412827 52819 71879 377309 793546 276073 399686 584046 175089 598435 270441 293872 332377 116272 760337 205465 177619 479925 273479 593786
93827 643958 275692 207455 832327 649986 225085 118945 705652 826936 216414 728646 604600 135272 40970 612007 673871 552088 376306 655717 94882 292433 729995 224487 221329 753334 315724 676550 999999999 182855 659774 756016 784590 322341 624073 729684 927675 444319 725893 406911 262507 322135 367684 641488 142752 182036 50644 902790 299476 453679 357093 558723 440702 297565 441568 670707 810113 712069 578606 651999 507691 177759 53981 457390 704444 473397 844764 949017 555153 180851 91383 847486 154255 532495 583440 504066 622660 850738 686493 766001 491075 663435 624150 735049 200535 459852 721871 557379 851639 779413 709451 394358 781926 561642 703516 814079 642760 557442 728485 105727
262243 824599 423291 61615 1004121 826927 117814 63911 800471 993452 383190 908587 660659 300103 146291 704302 855522 726886 499349 827907 254346 401434 877842 405227 349769 936186 495253 857313 182855 999999999 826046 938778 963879 350511 802142 869568 1086831 626134 899469 449294 414800 474069 469430 729137 325444 282864 224444 1057888 479117 622662 443886 732749 623440 469109 462414 808738 992805 890226 721044 820158 625790 349547 230792 631046 874494 623470 1006224 1125125 709628 297582 274129 1023237 28930 665060 668511 591433 799267 1026161 865020 943609 658655 845654 802726 908242 222335 627844 892811 655288 1032323 930137 869776 570451 937894 741759 766797 996840 812201 680633 907992 267907
629174 200045 640879 864307 647380 493206 798876 767137 987945 698025 444604 207836 1023069 619391 700652 934780 235335 136971 381052 63367 646444 742227 165182 448220 689146 354800 361501 429656 659774 826046 999999999 375261 511049 884165 147252 820879 825561 288707 109485 917273 626305 625887 783239 967267 543006 562243 610209 838426 477854 539684 811250 506715 321882 538167 972996 796897 411717 497270 730127 19946 796401 482036 605893 500632 61491 225437 752532 668221 144052 540385 583481 606421 801057 754077 937357 884058 124553 613059 480440 186801 168707 377008 459467 112062 660859 547534 82187 885510 518086 176794 684149 482932 755322 419386 1076914 360403 578116 802033 198462 637098
683756 185483 590486 954816 286355 206013 958494 874890 763574 347632 591349 176604 866010 653354 793101 742883 143613 317541 650585 312296 696191 684253 534617 540659 667241 22078 460304 124893 756016 938778 375261 999999999 144223 847353 241920 538661 467806 325595 290975 838664 585379 549540 688940 769821 613334 747536 718651 490213 466549 391240 728993 287484 318549 497869 896135 538305 54788 166085 507739 357017 625520 609598 711400 358972 334883 519976 406349 293359 478266 721709 664664 235741 910028 561503 761855 736674 263995 242491 165861 229780 408717 101408 195529 297018 849748 393375 325204 708832 143952 527781 382754 395407 434368 221644 884991 80577 299261 604818 187091 682972
702097 313040 575766 970889 142170 143296 1000225 901022 661103 205263 650906 319738 787694 666440 817954 655047 275715 433230 744486 447684 711697 657687 673530 587356 656964 166292 520784 113781 784590 963879 511049 144223 999999999 819021 369422 419931 323589 396472 433429 793828 575209 528292 646623 678451 643942 808317 754232 347060 485197 361236 688979 243949 376707 499325 849333 430958 139882 77075 421031 491994 553915 660920 746440 340355 475370 629251 264437 177586 600038 782680 694520 95693 934972 484798 680178 668374 392585 102231 99880 374003 517212 151161 161528 439958 906591 359865 467085 629319 78354 669691 264052 394994 301927 223350 791827 205401 208809 522485 330208 698070
283523 800702 260031 305142 810880 676356 463151 329439 465415 778925 489958 885402 310393 275286 303402 370862 816451 754161 681358 860498 266733 163216 990823 448261 195817 853134 525233 735490 322341 350511 884165 847353 819021 999999999 802483 591796 843023 610064 920419 99019 269149 297818 182112 390918 360174 504004 360574 804221 414060 460689 140214 576150 587394 362242 119863 531697 894430 742179 461978 871165 331963 449541 358173 489182 914056 744367 773584 947899 813261 500326 340550 849529 336047 392196 330780 260636 809731 850342 722019 937287 724452 745946 666360 930684 509880 460692 927233 330388 896384 1033347 643048 455324 693262 625913 416995 921700 624177 388531 888856 269847
574373 56859 547290 831455 502696 346211 796199 739673 855699 551574 423261 112290 907157 555759 664587 809038 98453 86826 429175 87087 590331 649787 312407 400127 607227 223801 308485 282874 624073 802142 147252 241920 369422 802483 999999999 677431 679542 193036 120909 822458 535260 523338 680558 840662 490885 566538 578240 691479 388428 413395 712970 365828 215921 442720 879747 656459 286357 350756 594761 127347 673291 453169 572408 373682 133584 285763 605616 534016 236574 541812 538114 465114 774932 625138 815566 768583 23312 471636 333379 142000 180247 230439 312952 131360 669842 420342 137941 762640 385707 320587 537914 368789 608316 277025 952819 248449 432559 673027 108974 579027
636294 634917 454192 849324 320073 342542 950307 818655 255350 256974 713913 684295 426172 595122 745821 284138 616619 697416 886962 764299 635320 472173 982338 633152 520419 557574 624302 422921 729684 869568 820879 538661 419931 591796 677431 999999999 265579 573337 782065 523085 467251 408101 416131 295550 628680 842476 725797 219875 497007 329466 454011 315375 536420 458272 564772 61261 554843 372775 151119 801154 259833 698660 718124 356440 809218 836321 220269 452099 849976 821874 663525 383922 844158 205834 322567 351972 698374 380526 374477 746464 743552 470579 369337 791251 913915 320141 809168 287109 486734 997121 156764 411212 138160 401496 396874 614920 248250 203453 693469 623971
834669 625520 663652 1075605 181479 348969 1152746 1030234 507441 128906 858606 642494 690322 793600 951236 548828 592565 729674 997967 762733 837918 706726 990175 781616 740241 489869 743440 397144 927675 1086831 825561 467806 323589 843023 679542 265579 999999999 649060 755235 782332 672187 612761 662087 557652 805112 1006040 912667 50747 650711 478274 702950 396629 617960 632918 826945 318556 456583 328986 381392 805935 515026 854663 904625 485479 795059 909140 85642 247995 896693 982401 848681 237988 1059533 450941 587987 615299 702802 231514 348332 697580 801378 449169 386194 762203 1091683 470949 788205 552184 353995 990147 218226 551369 150929 448916 650785 523523 300959 461515 652918 825100
385950 201399 357375 649868 495474 302283 635720 562526 709619 522727 265809 287348 734537 364616 483744 650353 229557 151866 352594 253713 401205 459808 430245 221214 414524 318509 135385 283407 444319 626134 288707 325595 396472 610064 193036 573337 649060 999999999 310428 633907 344346 338267 496029 683328 305359 422054 402179 646645 196218 261151 525857 265532 37373 253046 690645 538277 380304 342244 460350 272346 510966 285914 395518 224736 307695 265756 565551 573970 278652 396213 354932 482316 597992 474037 650614 595577 199703 487613 316807 331910 170982 249698 265519 320729 524153 269880 319067 599490 446082 458628 461986 195853 541313 200207 790938 373814 356946 521504 288486 389344
683578 148257 666888 932993 574222 442515 882642 838401 970968 630783 516475 114523 1027466 667928 766799 927264 167388 174036 480939 73164 700105 769419 247805 505162 724754 269210 414006 369063 725893 899469 109485 290975 433429 920419 120909 782065 755235 310428 999999999 942624 654408 643949 801311 958536 598485 647703 678091 773312 506637 532557 833409 476771 335799 562303 999771 765664 319228 433335 708897 100091 792525 550412 672899 492854 50656 326000 687787 578557 250603 624382 643424 526613 873193 742611 934897 889046 110730 533357 420836 78409 246071 316976 412976 10453 749032 539212 35081 881782 428740 236842 636069 489684 701312 387503 1071359 261743 534241 790334 104072 689434
353320 813853 276752 404070 769202 654150 561077 425972 372562 730361 552118 896137 211414 335633 392951 280277 824648 783234 749488 887498 338220 175080 1035456 499720 237048 846886 567021 720725 406911 449294 917273 838664 793828 99019 822458 523085 782332 633907 942624 999999999 290969 300320 149724 297278 419889 585841 439902 740534 439600 447432 110939 556694 606825 380861 57959 465183 882252 718335 406979 902762 267570 513497 436367 481071 941470 797165 718428 908748 859830 579461 409936 813718 434194 334867 238403 175982 832274 813783 700628 951465 764664 738000 649511 953038 600700 445419 952931 246370 872100 1074718 593836 459815 635467 617988 317980 916023 590640 321079 900659 338180
169049 531699 18640 407705 595548 432539 484946 358257 471311 580106 297678 616265 424608 127988 280940 385455 547406 492520 497371 597359 168629 115958 747322 228042 82367 589400 280619 480608 262507 414800 626305 585379 575209 269149 535260 467251 672187 344346 654408 290969 999999999 60064 166332 418186 177992 390374 260801 644333 148816 216427 186901 332875 319462 93155 346942 408592 634811 498511 316143 611842 260448 267423 253449 235116 651278 517480 591437 723359 573709 373724 201262 621692 387364 273309 367801 294659 543726 623812 475542 668541 475426 484478 415651 664763 450216 219820 663273 328534 649765 785059 454977 190011 523873 366487 504655 657178 402449 303634 619776 156881
228450 513534 51389 465050 540733 385013 544973 418080 427740 522717 337574 595987 404123 187140 341004 347067 524878 489711 533554 591546 228591 134874 756252 262015 132233 555408 298305 439088 322135 474069 625887 549540 528292 297818 523338 408101 612761 338267 643949 300320 60064 999999999 157815 380493 228072 442936 318261 584455 153891 167062 189934 284428 308749 91363 358099 349980 596919 451243 257005 610160 214340 311603 310716 192039 645466 537946 532507 670931 586822 424861 257084 569742 446834 218030 334917 267899 534152 571538 429409 651149 484151 448135 371407 654391 507250 168901 655856 290711 604262 790704 395997 160111 464097 328187 474963 624083 347824 252079 600403 216679
288241 668760 148645 440508 630338 505848 565603 427652 338668 596980 458253 749831 259405 256487 369157 244363 677703 647318 659012 749361 278502 75332 910522 392956 150350 697228 446117 571239 367684 469430 783239 688940 646623 182112 680558 416131 662087 496029 801311 149724 166332 157815 999999999 273920 330255 528155 385114 624423 307558 297712 42970 407615 466482 245687 207292 355148 732645 570592 280702 767703 159393 424367 379356 331641 803278 683753 591650 768360 738492 515802 337662 671208 447105 212448 216779 138093 691747 671698 552214 806294 638191 588307 500191 811760 567998 295717 813598 190424 724719 946468 460977 313864 511866 468361 345666 766371 446435 216097 754725 272543
561232 812643 399661 691226 604578 564044 832607 694163 75492 547358 715275 881072 134543 527404 641318 33626 807776 831464 913441 921397 552149 349252 1113489 642002 423322 784738 674695 645130 641488 729137 967267 769821 678451 390918 840662 295550 557652 683328 958536 297278 418186 380493 273920 999999999 594526 799856 658414 509208 528206 428149 288280 491627 647611 468214 318030 256888 799306 614898 262089 949226 173183 685584 652436 467657 972980 913165 515430 741934 953375 786133 608341 663711 709682 216053 60701 138770 857227 661454 606945 942838 846723 681251 576752 968726 841889 420737 978603 89921 753058 1141019 424617 487816 431783 577328 115253 850243 474254 168734 888451 545676
86169 506455 196014 344893 698348 511801 357620 261559 649190 698042 132255 592005 588076 85177 180110 562193 534487 424790 331471 530929 103514 260991 634586 94787 186420 610870 184524 534824 142752 325444 543006 613334 643942 360174 490885 628680 805112 305359 598485 419889 177992 228072 330255 594526 999999999 215173 111028 784285 160796 326882 336923 424169 299148 173654 467655 573055 667386 572538 479192 532823 438284 94865 103063 324514 582021 384612 720642 810806 456638 196800 51371 709803 296708 445934 542078 466138 491754 713342 546684 632703 376323 520766 484457 608090 287950 334170 598068 505330 709848 679667 587884 259332 663860 420639 675561 672181 512394 479671 592521 94990
240468 600762 407591 334678 883638 689741 236705 236818 858491 892296 157635 678231 776922 272452 208463 768521 638049 483193 216494 574581 252245 453861 597823 226022 377835 739656 289016 694845 182036 282864 562243 747536 808317 504004 566538 842476 1006040 422054 647703 585841 390374 442936 528155 799856 215173 999999999 146375 989002 355839 530456 525143 613872 433920 384622 622785 787617 802169 743945 693753 559385 650360 151784 150756 520569 615908 347441 920634 982967 435195 25850 191670 885234 263989 660941 744526 666241 558514 889625 717552 702506 401644 668574 657633 655410 103553 538606 635551 712167 864930 651138 791695 454687 869772 589736 871852 791060 707250 693744 675488 256302
97291 600159 276224 255004 809132 622792 246616 161471 719600 807663 166175 684187 630955 134490 90803 627796 631333 504609 328585 607438 106931 310121 679360 181006 235095 714970 270826 644367 50644 224444 610209 718651 754232 360574 578240 725797 912667 402179 678091 439902 260801 318261 385114 658414 111028 146375 999999999 890190 271817 435228 379795 534928 401210 279750 478301 668174 773084 683289 574903 602759 515754 128325 8068 434812 655642 422777 828703 921753 504544 139952 63991 820807 196816 534053 601891 523034 576027 824360 657365 719952 441573 628311 595202 687127 189459 442112 673296 572046 819190 728777 694794 370004 769421 530883 726911 774268 622279 562679 683671 112745
809274 638930 634750 1044349 206412 352119 1127542 1002534 457630 142835 844695 662164 642430 767962 924742 501407 608262 736502 991658 776220 811596 672247 1003538 766383 709484 512107 733710 408788 902790 1057888 838426 490213 347060 804221 691479 219875 50747 646645 773312 740534 644333 584455 624423 509208 784285 989002 890190 999999999 633170 458809 664560 387247 613984 610990 783808 275438 484027 341559 344584 818622 474105 838411 882191 469905 811153 909766 85913 291696 902216 965900 826254 268667 1030990 412212 541196 571400 714569 262587 358129 719145 804048 461516 388913 780747 1071907 450932 805490 506982 385935 1006222 197315 535044 120880 447855 600886 550791 291776 419469 672479 799043
218762 389027 163025 489881 537898 351212 518364 415985 568566 539836 217071 474739 558013 186818 332955 494581 408819 343712 397204 448639 230188 264735 603202 136407 218958 466917 146490 378296 299476 479117 477854 466549 485197 414060 388428 497007 650711 196218 506637 439600 148816 153891 307558 528206 160796 355839 271817 633170 999999999 174991 333601 263908 174023 62578 495748 446904 519229 412662 355054 463176 356756 205665 263838 165963 502532 385570 565510 650308 432946 332806 210164 549141 450189 340891 486165 421464 395908 552626 387031 524358 330886 369559 324694 516945 441797 183408 514724 439421 553234 638954 435859 99949 514142 262646 626953 531930 354037 383380 477424 216810
362793 389434 215264 621345 381631 217951 678208 562558 449401 373279 390313 464340 496654 323081 480892 396095 390764 404813 557529 493273 368681 297953 689721 310333 296939 399651 294846 275191 453679 622662 539684 391240 361236 460689 413395 329466 478274 261151 532557 447432 216427 167062 297712 428149 326882 530456 435228 458809 174991 999999999 337874 117385 224100 156211 504956 285427 435641 284182 200995 521418 259979 380656 427165 39719 545064 513758 393771 507098 538726 507677 371352 405337 594295 214498 402341 359722 429360 407545 262530 524105 430727 290646 205678 542869 613603 9380 551234 349283 437393 714522 261680 81855 339316 171053 539528 468798 189651 262406 470532 355269
284891 703345 170949 410981 673264 547849 544692 406235 357419 639517 467753 785369 252682 257737 353928 261455 713772 676212 668152 779566 273021 76335 934223 407309 151010 736815 467085 612238 357093 443886 811250 728993 688979 140214 712970 454011 702950 525857 833409 110939 186901 189934 42970 288280 336923 525143 379795 664560 333601 337874 999999999 449175 497758 273242 168897 393391 773352 612800 321787 796240 194889 431779 374708 370735 833545 702068 633409 811328 760363 514702 337796 714154 423078 252356 228563 149510 723315 714657 594139 840965 662280 628087 541452 843839 557422 336307 844522 211402 767003 971741 503375 349002 553072 507900 347194 805922 489325 251886 789967 269048
470870 328555 332458 734686 274203 100660 780912 671345 496349 278553 463172 390769 580161 432726 588732 462581 318252 382068 604573 451863 478475 414133 667172 388004 413995 299230 347030 165068 558723 732749 506715 287484 243949 576150 365828 315375 396629 265532 476771 556694 332875 284428 407615 491627 424169 613872 534928 387247 263908 117385 449175 999999999 230459 263673 613430 290684 326978 166875 233811 487143 339138 462094 526895 101708 499084 531287 311102 392858 537115 589529 472160 290875 704083 277908 477900 449318 385779 293577 145877 453044 432321 191792 93249 486527 704246 115951 501074 424425 320520 683381 196918 164941 276899 89298 606604 367467 95837 323494 398624 464881
375998 215368 331369 643815 468615 273714 639956 559567 672948 492688 276347 301372 701357 351349 479102 614754 237912 184986 380760 283258 390356 433870 466414 222144 392857 313926 144955 262940 440702 623440 321882 318549 376707 587394 215921 536420 617960 37373 335799 606825 319462 308749 466482 647611 299148 433920 401210 613984 174023 224100 497758 230459 999999999 226803 663991 500978 373264 318048 423017 304866 475624 291581 394151 187434 337050 301398 533847 553426 316025 408113 349926 459296 594941 437443 615880 562321 225557 464324 292085 350342 208326 234694 237638 346213 534437 232763 347117 564412 431023 493616 427299 161108 506992 170483 755896 373402 323198 485019 303715 377929
207593 438544 104592 472051 535667 359330 521997 407987 511177 529479 260638 523163 495465 169053 325703 434622 454578 402972 450352 506681 214803 207121 665569 181179 171312 500676 207516 398781 297565 469109 538167 497869 499325 362242 442720 458272 632918 253046 562303 380861 93155 91363 245687 468214 173654 384622 279750 610990 62578 156211 273242 263673 226803 999999999 437673 404722 548621 423939 311205 523025 298182 241176 271707 162008 560660 447105 549021 656346 495517 363655 215765 554388 440480 288470 424807 359139 451746 557200 399552 575414 393303 397893 337918 572688 461603 162677 572080 378955 571371 700849 415112 104947 490416 282868 565350 567731 345236 328607 526634 201215
396539 871598 333280 412067 821002 710345 577608 446654 393256 780091 599427 954003 211294 382649 423264 306396 882568 839459 794593 944081 380538 231021 1088949 550547 288670 904518 620576 777748 441568 462414 972996 896135 849333 119863 879747 564772 826945 690645 999771 57959 346942 358099 207292 318030 467655 622785 478301 783808 495748 504956 168897 613430 663991 437673 999999999 508571 939401 774175 456113 958713 314765 559974 475464 538844 998034 848198 765712 960979 912691 618249 453645 866986 450506 383916 263068 213021 889328 866866 756865 1009201 818907 795582 706394 1010175 629598 502796 1009711 281099 927660 1128983 643844 517714 681971 675652 317804 973662 644966 365741 958488 381970
577585 617513 395024 788135 347828 335190 890467 758241 230337 290963 662896 673133 381971 536577 686043 240325 603033 669356 840642 742543 576126 410935 955837 582216 459889 555828 579091 417498 670707 808738 796897 538305 430958 531697 656459 61261 318556 538277 765664 465183 408592 349980 355148 256888 573055 787617 668174 275438 446904 285427 393391 290684 500978 404722 508571 999999999 560224 375071 93872 777430 199907 645826 660580 316169 789560 797787 263445 485121 816640 767568 606410 407961 783458 144583 275367 296762 676460 405429 372447 735680 709239 461583 357148 775202 856838 276052 791028 235044 502519 973669 169753 366056 178572 379513 365480 616897 239885 144283 681824 564985
