NAME : synthetic_000191
TYPE : CTSP-D
DIMENSION : 100
GROUPS : 8
RELAXATION_LEVEL : 1
EDGE_WEIGHT_TYPE : EXPLICIT
EDGE_WEIGHT_FORMAT : FULL_MATRIX
EDGE_WEIGHT_SECTION
999999999 376091 417406 451750 629089 360879 651920 344241 516873 365254 618700 559053 509923 173186 297056 312158 425939 398566 561334 568444 134626 432204 758007 366315 292199 454796 329346 488648 226471 219188 349381 450059 454449 319347 608027 254052 282925 526978 329941 321553 204315 457993 484429 606961 669775 580461 643102 149755 137844 513275 536151 462399 421709 558864 226333 273857 708419 120754 681789 430108 371076 162466 534654 260082 462999 605785 500639 441350 316522 40902 486604 426957 339407 302520 162407 403384 594576 251364 221233 585535 168321 265831 602321 282628 338877 739203 498965 406836 493050 535709 337010 483147 108371 328731 519381 247287 187154 561348 305534 675669
376091 999999999 791755 364994 897774 604448 906410 553751 198438 138799 921122 890851 856527 479763 386427 154393 50642 749678 924943 715543 364998 791069 1074913 606151 366865 829678 658698 252213 232289 367578 142870 817206 829958 458576 849436 625955 537463 662833 409818 696421 233759 423171 594728 887004 597290 655950 887536 459300 313885 888435 250426 796734 767360 656586 160506 395389 999920 386347 1023101 802729 743426 226622 910694 390777 834139 928917 807934 311912 76496 352799 857392 560281 175116 311612 347261 406037 929068 327477 273524 952906 541794 218721 843555 557185 386408 1052863 810407 722744 791595 585598 553061 856839 286219 522673 874331 486847 512065 630116 643344 1018957
417406 791755 999999999 806743 575750 404942 616506 451603 910867 776926 388959 386745 311453 350037 565902 722559 840811 258174 265914 712467 454939 120251 564604 495589 575991 111290 323554 856666 626654 509138 760521 77756 97699 589587 610019 166722 387941 698480 638812 132798 608078 785609 697845 539728 972144 792364 627795 399862 523036 141524 916354 223898 175968 757075 643424 535169 584841 427716 439448 25900 138433 578095 128502 575686 59158 439686 421935 773318 727282 439116 174145 643805 745298 664848 518761 727865 399986 606923 576821 261875 265198 639421 606708 429428 610534 557949 411137 367042 438513 783023 442010 142879 519794 469131 282637 473670 362405 784996 222262 428580
451750 364994 806743 999999999 660551 802219 654069 772325 555278 226198 1069248 734138 730434 622255 653870 227442 389652 649775 830070 405300 542340 858496 876180 404343 638232 794625 543153 616714 242005 597737 223785 861507 801455 240966 592309 670707 723885 354497 177669 678845 265251 69200 284317 663247 242525 312917 628136 407270 314026 850020 612510 906519 860827 325145 314000 647108 775957 546383 867824 826921 703558 329235 894279 231774 862787 754016 628862 660067 397870 463360 795328 279184 195644 149791 298912 97220 771910 205385 527801 867345 547963 508311 587101 412116 675000 851579 636350 572175 604443 239968 767287 809934 353877 748832 763201 345874 445797 287192 752931 867745
629089 897774 575750 660551 999999999 887521 43024 905810 1086905 795804 964376 210345 275957 728012 920523 753512 944127 323470 376215 298068 757305 692911 229474 291689 918371 478013 317849 1091958 665515 842452 781915 653017 492994 449121 80734 587384 830462 330622 510476 481137 666103 598559 388670 36805 671812 425458 66536 482255 599257 494737 1124160 793014 740016 389591 747942 893921 116972 735832 283689 600849 443969 694230 558030 509008 625311 178215 156803 1065292 874903 669949 426185 381428 749764 604218 558496 565475 223497 573043 848133 413072 519372 882862 83614 353910 964745 204785 166226 239514 148519 471072 896031 461180 648650 905617 316515 415404 442277 438131 719154 290657
360879 604448 404942 802219 887521 999999999 920806 62464 640316 662598 324037 744049 673025 189895 239421 619498 641315 578022 661544 905733 262725 317092 941536 684105 257858 507728 572009 552922 562538 236874 650160 369718 496996 676351 892171 305177 78550 870501 690803 424160 538889 815928 836580 856631 1028701 934836 921243 478776 494608 546395 621934 255122 261207 910001 516653 218394 933094 255893 828113 395031 476809 478001 524599 620689 404994 798555 734372 443391 527964 340656 567417 777734 653639 656611 523175 762785 768405 609606 331096 664029 376319 390678 887210 595325 268565 929951 727417 648213 739053 894521 57569 542043 448567 93769 658226 587033 487259 917345 185946 818266
651920 906410 616506 654069 43024 920806 999999999 937232 1097906 799846 1004764 253355 318687 757723 945700 759516 951783 362438 419205 276259 782064 733027 255853 303025 942806 519938 349226 1107105 674692 867460 786474 693941 534878 452422 61818 622786 862033 313821 511447 519009 676755 590136 376186 79640 650389 403657 30660 503469 613792 537476 1137019 832517 779251 369332 759687 919711 138167 761421 322130 641741 483543 708338 600800 515934 666719 220095 195568 1084642 886982 692615 468724 375465 753762 607317 572015 560650 265824 579755 869143 455951 549733 901431 66970 372548 989345 231955 205735 272911 184027 454084 927538 503622 665168 935979 359437 429553 466284 418311 754994 329665
344241 553751 451603 772325 905810 62464 937232 999999999 580504 620342 383688 773442 704517 184709 179735 579915 588521 604817 701522 903534 230100 371850 973464 686612 198741 550026 588191 491387 530697 188128 608745 422815 540258 663435 905021 335080 75417 865609 672109 456136 507243 790779 827227 876341 1003801 924159 935670 474642 471801 592159 560625 315978 318303 901378 476935 161364 958141 229462 864359 444005 510911 444293 574676 603410 456921 827494 755503 381111 477351 318157 607850 769034 614773 629911 504086 739523 799871 586230 280593 706785 387856 337116 899849 597852 206632 960643 749375 666453 758018 879840 10092 584583 421464 32645 692929 581842 489793 905419 229417 854916
516873 198438 910867 555278 1086905 640316 1097906 580504 999999999 332184 964078 1062875 1021405 569004 400971 352829 165666 911340 1078177 913831 456961 886533 1253647 795591 382477 966333 828945 111107 424074 421001 338968 921902 964171 654441 1042232 745038 590135 861168 607696 834475 421162 617003 793164 1073886 776827 853276 1080269 628558 491053 1023584 62864 869901 851386 854733 339070 422965 1185248 483662 1191607 917259 886439 396772 1036381 584672 944862 1104544 987419 225576 213044 483691 1002351 758150 372211 509823 529509 603395 1100234 522480 337232 1102162 684480 272674 1036320 739216 377883 1232522 988721 898536 973214 782322 583287 996504 450460 547897 1034305 672246 679814 827356 729573 1186430
365254 138799 776926 226198 795804 662598 799846 620342 332184 999999999 963359 815158 790720 507828 472560 54587 167296 690391 871645 589934 403189 797307 987716 507920 454445 796447 590760 390682 155323 433324 16652 814671 799222 347431 740643 617831 588420 536982 290635 666020 170326 285223 467203 789128 460625 521822 778566 402402 258537 855256 387554 820671 783807 525105 147956 473585 903513 417309 950069 791817 706028 203469 886336 288763 825737 847734 723022 440917 179829 356299 814691 438729 46087 192757 277457 272498 853917 225558 347250 903505 513864 310268 734881 474415 483751 964559 727208 645065 703666 450415 617573 819777 258205 592067 814188 400687 454015 495831 663230 947275
618700 921122 388959 1069248 964376 324037 1004764 383688 964078 963359 999999999 773737 698855 456342 563116 915393 960671 643612 635332 1073789 561892 272024 939396 847562 581771 493481 690062 874148 842448 556306 949363 312651 478472 896386 995262 426368 383919 1050958 928611 494719 819306 1068636 1035538 928506 1275035 1134448 1014953 687029 755581 497778 943705 178835 233160 1102930 815406 542376 971250 546106 807944 364365 522001 765704 444607 857974 344084 825460 809548 761234 845120 613973 553486 977318 947191 919478 772171 1011565 783499 865357 650314 617834 548419 712181 991613 766987 589235 936033 799076 746954 824614 1110166 380804 518447 723125 416242 666743 787527 671794 1122237 317674 796379
559053 890851 386745 734138 210345 744049 253355 773442 1062875 815158 773737 999999999 75346 611500 824622 765213 940629 170353 165916 454174 669323 506864 202782 329875 826749 280436 233932 1046453 666221 749857 799356 461295 295510 495758 271498 439326 699020 467999 561317 320128 659386 683665 505322 174154 806129 571731 273943 434448 577054 288377 1089824 610052 559732 533078 731276 795233 198112 643917 135462 410213 270502 668124 351023 532616 430020 54694 109642 998099 851325 598373 222872 474628 771311 638102 544862 637366 38787 592114 777931 203443 410966 824832 270777 340948 870973 187727 99856 170093 136913 597527 763365 258446 612508 779684 109352 414905 383103 576807 563118 134064
509923 856527 311453 730434 275957 673025 318687 704517 1021405 790720 698855 75346 999999999 547603 764172 738974 906862 111537 113871 489282 612668 431537 268957 332135 767426 206013 200009 998560 638195 690958 774511 386284 221116 489522 327697 369518 630711 495636 553968 248970 628975 685277 523898 239155 824533 599392 335980 397228 543467 218791 1044984 534705 484440 560730 696063 734277 273449 586467 172069 335041 197203 630983 282118 516601 355480 129152 142640 944253 812070 547887 150625 486049 748355 622355 515251 635277 95431 572449 725144 154578 353464 775150 325986 323119 810744 256947 130335 158933 168540 616821 694427 185959 573260 712132 43410 396026 344504 601362 490615 165747
173186 479763 350037 622255 728012 189895 757723 184709 569004 507828 456342 611500 547603 999999999 221870 459160 524386 441147 564837 719676 115753 318092 814041 501903 229184 425953 410434 507713 388203 159224 493524 353209 419880 486459 723128 194033 114366 682802 502175 308717 364756 630986 647151 700061 842949 745173 754699 291040 309892 477816 569245 317334 288343 720805 360078 191021 787777 93538 715082 352673 365672 309457 478368 431670 377809 664123 581560 423873 406884 159629 475450 588442 490850 474077 335383 576565 641410 424275 231781 578130 208802 296495 717846 413151 268223 799076 576491 490031 581645 704686 175887 459616 269811 178818 543119 398910 305140 727515 164211 706709
297056 386427 565902 653870 920523 239421 945700 179735 400971 472560 563116 824622 764172 221870 999999999 440525 416420 655142 786451 859082 163773 512875 1027327 663306 19801 647277 609298 315418 415834 78290 463491 556838 640718 596785 903873 415639 196609 814519 588430 530080 394393 684858 764582 896001 894237 855181 938336 446612 388515 698010 383617 478464 468434 838745 341711 30938 991584 184792 933694 565199 586993 329825 694247 527191 586125 875747 783085 212846 311613 258039 697320 710155 476228 525070 429223 640353 856417 493154 126954 799991 414006 168002 898228 579381 46652 1011004 779582 689309 779215 800718 182316 681134 330004 147091 762434 542116 479492 833385 355429 925702
312158 154393 722559 227442 753512 619498 759516 579915 352829 54587 915393 765213 738974 459160 440525 999999999 194312 637599 818415 561285 357936 744362 940748 463511 423294 741941 538967 397164 101583 394983 38019 760949 744669 308165 701271 563996 544029 508528 256306 611440 115775 277347 440336 745269 468955 503204 739333 348666 204112 800767 403507 769877 732057 502672 103025 438627 859297 370221 899772 737609 651602 151576 831750 244558 771631 799050 675051 432871 171461 305108 760578 406587 35703 157669 224448 253880 803919 180543 313721 849938 459311 284983 695443 425173 456126 917875 678809 595212 656472 433848 576562 765398 204515 552735 761677 351934 400557 477527 612312 896721
425939 50642 840811 389652 944127 641315 951783 588521 165666 167296 960671 940629 906862 524386 416420 194312 999999999 800192 975582 754319 408958 837743 1123708 652768 396645 879920 708794 238739 279430 404928 175393 864951 880081 501901 894212 674723 576762 701432 450507 746640 282402 451478 632386 934108 614141 689100 932307 509658 363890 938639 223583 840537 812555 691881 210984 428230 1047372 431346 1073131 851405 793879 277246 960366 435851 882510 978257 856787 315974 117523 401698 907941 600591 209191 351750 396448 439587 978909 372072 310616 1003539 592084 251416 888354 605890 411452 1101512 859448 772219 840073 617698 588476 907222 336861 556844 924864 534952 562452 663116 688416 1069067
398566 749678 258174 649775 323470 578022 362438 604817 911340 690391 643612 170353 111537 441147 655142 637599 800192 999999999 182799 467397 501889 371589 372971 271729 657788 178703 106622 887155 536162 581081 673964 335882 191718 410510 352138 272931 530009 461796 472120 158900 525346 611239 475685 288860 769726 562131 371417 291250 438358 219538 934035 470150 416813 524584 589209 625543 355199 475931 283604 283967 121611 523367 277811 426415 312599 223375 166908 832966 703030 436383 153243 429317 649395 530766 413151 557778 201288 477880 613683 218178 242677 663645 348711 237724 701604 358000 157259 112862 181018 566927 594765 177999 464846 610111 124743 306063 238428 559421 401193 277191
561334 924943 265914 830070 376215 661544 419205 701522 1078177 871645 635332 165916 113871 564837 786451 818415 975582 182799 999999999 603149 646630 382380 304108 439248 792463 155617 288216 1044792 716839 718224 855141 330334 168331 589586 435565 373222 631434 609073 652506 256467 704982 788588 635413 340069 935216 712694 439729 470249 617099 137577 1096144 485547 440928 674079 765081 755711 347399 619235 174462 284439 199711 698373 195157 608902 294697 205666 255647 979514 874044 595838 94159 595367 831255 713493 594188 736629 159152 660665 765190 40738 394766 820442 434399 418332 832948 301083 243444 265808 282043 728250 691547 123049 638771 714126 71749 488280 417930 714124 475599 163292
568444 715543 712467 405300 298068 905733 276259 903534 913831 589934 1073789 454174 489282 719676 859082 561285 754319 467397 603149 999999999 701814 810421 527538 227326 850672 646030 389286 946266 499288 783637 579656 787147 658737 270730 218111 650697 833729 52953 306807 585839 509809 336893 123498 316041 374306 127579 246307 428892 477064 684458 962164 894967 840789 93446 593272 839143 412747 689131 565297 738041 575823 559947 744637 344722 770656 447865 349056 950875 715870 603890 614899 157755 545689 404013 433813 322954 483319 399004 755839 643831 539095 769792 214633 313294 896348 502848 360897 354991 321880 181520 895106 643724 536085 892715 532027 322384 419601 142469 776391 569693
134626 364998 454939 542340 757305 262725 782064 230100 456961 403189 561892 669323 612668 115753 163773 357936 408958 501889 646630 701814 999999999 432857 871317 500654 161126 519063 448406 403596 301056 85484 389943 465545 515040 446375 740114 290829 186209 659195 447475 392164 277506 561242 613524 733327 774166 707509 774567 283381 245158 574212 461612 431780 404075 688059 255727 139375 830697 27739 784070 460481 447755 215511 581766 381135 487911 719078 622070 333175 291435 97996 562326 557181 391579 400103 281143 510919 702621 358124 122162 664794 259242 184633 734475 415946 207441 854044 619102 528043 617152 658216 224947 551244 192113 208141 615176 381655 315795 687151 279959 776783
432204 791069 120251 858496 692911 317092 733027 371850 886533 797307 272024 506864 431537 318092 512875 744362 837743 371589 382380 810421 432857 999999999 683663 587134 526146 230378 422586 819852 655587 469014 781525 55368 216076 658622 723328 187790 320188 791546 700482 225523 634624 846028 783218 657246 1042837 880484 742950 455060 556269 249896 883855 103831 60859 846944 655063 483531 704975 408116 556751 98378 249978 593989 213960 632831 92847 559917 537665 725407 720893 443578 292906 726665 771154 711148 561261 787930 520166 653796 549431 373591 311949 614385 719721 512138 554105 677577 527295 475809 552591 863731 363191 259950 540207 394975 402792 544402 428181 870657 158428 545654
758007 1074913 564604 876180 229474 941536 255853 973464 1253647 987716 939396 202782 268957 814041 1027327 940748 1123708 372971 304108 527538 871317 683663 999999999 482217 1029288 453457 429197 1242944 845312 952350 972651 633113 467602 649987 309736 638474 899562 559021 714629 517795 841321 817596 613991 216024 901158 654921 286464 626451 763515 441621 1283673 787396 740560 618896 917606 997986 118451 846159 133806 585285 464840 856996 496919 699437 598176 152418 266989 1198542 1040880 797898 390769 599894 942458 801683 727755 779415 173606 762169 978162 323996 613504 1023140 312968 517819 1073642 24949 265001 355452 284283 699042 963374 424079 803869 980794 285220 589489 577086 667286 758082 145548
366315 606151 495589 404343 291689 684105 303025 686612 795591 507920 847562 329875 332135 501903 663306 463511 652768 271729 439248 227326 500654 587134 482217 999999999 657804 443499 174933 804452 373867 585502 493409 567699 454458 168609 250372 423473 614620 204412 234021 365154 374550 354602 205252 281775 498400 296984 287746 217620 311295 490009 834035 668861 614909 261492 456919 640024 395827 483886 463557 520554 363518 405508 545416 219283 554603 350999 225091 786230 584136 405441 424968 157698 462182 319604 269116 307493 367569 283084 574963 478796 312815 602369 244457 88875 704423 458479 232154 173749 201779 295435 677738 448266 364304 678680 368929 127659 197119 291046 549262 463402
292199 366865 575991 638232 918371 257858 942806 198741 382477 454445 581771 826749 767426 229184 19801 423294 396645 657788 792463 850672 161126 526146 1029288 657804 999999999 655135 608958 298784 401361 77022 445629 569153 648959 586802 900026 423212 212220 805508 576619 535996 380278 670416 754468 894450 879097 844192 934826 441954 377941 706651 366470 494345 482904 828454 325320 42835 991339 184068 937582 576051 592803 316005 704461 516475 597788 877409 782728 199344 292223 252422 704125 700602 458988 511206 419293 626717 859054 480728 110498 806902 415794 148632 894344 574827 46677 1012603 779526 688778 778166 788785 201011 688787 319047 166106 766790 535409 476550 822121 368188 929770
454796 829678 111290 794625 478013 507728 519938 550026 966333 796447 493481 280436 206013 425953 647277 741941 879920 178703 155617 646030 519063 230378 453457 443499 655135 999999999 269144 922313 641899 583621 779803 181670 15105 563496 520067 231960 481974 639119 619738 133302 626177 764514 648747 441402 936734 738128 534037 399090 537959 58974 978071 334201 287223 701072 674041 616341 477770 491325 328340 132084 91821 606985 102308 563694 149584 332001 329467 847959 771230 483874 62857 599118 760366 661667 524647 708344 290698 604893 640613 156759 287914 699931 517355 392829 693213 447201 317826 291495 349511 738306 540156 34587 546884 564482 173481 450212 352399 734031 322070 317558
329346 658698 323554 543153 317849 572009 349226 588191 828945 590760 690062 233932 200009 410434 609298 538967 708794 106622 288216 389286 448406 422586 429197 174933 608958 269144 999999999 814022 438258 532122 574530 397860 279754 304094 321228 279778 512918 375337 365498 197162 429434 505133 380034 289672 668514 471372 349301 200652 344916 317768 856241 511739 457233 435164 498574 581469 382383 424932 364446 348989 188991 434675 371336 320804 382127 277503 173798 770590 617546 369622 255995 329991 548596 425778 315418 451324 271408 374089 550261 324522 201651 593988 316502 131129 654644 409988 170729 80167 171362 469174 578458 276131 378623 587776 225061 200079 149188 465969 412080 360273
488648 252213 856666 616714 1091958 552922 1107105 491387 111107 390682 874148 1046453 998560 507713 315418 397164 238739 887155 1044792 946266 403596 819852 1242944 804452 298784 922313 814022 999999999 447151 351067 393251 859444 918553 678735 1054485 694201 510894 894615 640286 793648 438449 672919 829684 1075478 849093 899028 1092089 617603 493313 977773 70008 793002 779721 895963 354016 341285 1183643 431295 1170433 860299 848091 398991 984353 605759 885336 1091525 980056 118523 230818 451031 963631 788616 423622 546539 535389 650755 1082552 547646 281709 1065428 650567 224403 1048557 738769 284966 1223089 979970 888153 968621 830622 495361 954114 443701 459251 1006974 677560 665918 873586 661460 1164304
226471 232289 626654 242005 665515 562538 674692 530697 424074 155323 842448 666221 638195 388203 415834 101583 279430 536162 716839 499288 301056 655587 845312 373867 401361 641899 438258 447151 999999999 356389 138702 668698 645028 232236 618377 471748 484647 447948 194917 512339 23661 269065 384652 654819 479072 461604 656447 247141 104265 700608 467019 688844 647883 453774 94479 406945 767957 306895 800293 642766 551170 87386 733065 160794 677351 701544 578705 457540 217594 228818 659390 341560 118940 111410 123095 227024 704831 100515 292143 748375 361961 284922 612474 327861 440962 822857 581872 496551 561273 398515 525869 664777 119391 506875 660362 255916 298974 437293 531781 796976
219188 367578 509138 597737 842452 236874 867460 188128 421001 433324 556306 749857 690958 159224 78290 394983 404928 581081 718224 783637 85484 469014 952350 585502 77022 583621 532122 351067 356389 999999999 422266 508481 578111 523980 825593 351858 173133 739891 519503 461920 333799 623619 691742 818154 835152 783896 860047 368541 317646 636422 414924 449124 430931 766136 292638 55539 914501 107192 861428 511100 518521 269041 637534 455979 534992 800428 705912 264775 291092 180746 630954 636444 430306 462473 356829 576451 782309 426233 94340 733774 338892 156243 819951 501241 122570 935611 702629 612010 701609 731606 186436 616886 260498 158868 691007 465170 401224 762700 310775 853734
349381 142870 760521 223785 781915 650160 786474 608745 338968 16652 949363 799356 774511 493524 463491 38019 175393 673964 855141 579656 389943 781525 972651 493409 445629 779803 574530 393251 138702 422266 999999999 798573 782591 334097 727512 601680 575541 526720 278464 649409 153701 280362 457315 774831 461107 514320 765480 385806 241886 838610 393013 805684 768473 516518 134271 463613 889141 403486 934193 775496 689376 187943 869752 274143 809466 832234 707682 439143 176904 341098 798055 427368 33968 180052 260960 264500 838105 210649 337554 886944 497331 302979 721730 458731 476050 949563 711765 629269 688514 443416 605789 803125 242085 580805 797821 385093 437462 488391 648185 931339
450059 817206 77756 861507 653017 369718 693941 422815 921902 814671 312651 461295 386284 353209 556838 760949 864951 335882 330334 787147 465545 55368 633113 567699 569153 181670 397860 859444 668698 508481 798573 999999999 166855 652261 687774 197073 367513 771501 698099 202552 648709 844647 767940 616883 1036312 863664 705463 454721 566960 195976 922100 155560 116218 828997 675676 526916 659085 439640 504784 52210 215610 612517 158613 632513 37541 513448 499582 768431 749078 465877 243136 712776 786041 716422 567705 786603 472363 658591 584839 319748 313877 649232 684459 497711 599287 627900 488723 444198 516268 851328 413879 209083 556488 444596 355136 536706 422345 855329 201642 493555
454449 829958 97699 801455 492994 496996 534878 540258 964171 799222 478472 295510 221116 419880 640718 744669 880081 191718 168331 658737 515040 216076 467602 454458 648959 15105 279754 918553 645028 578111 782591 166855 999999999 571697 534644 226257 472979 651125 627191 133937 628898 772398 659691 456398 946410 749693 548844 403643 540914 59427 974961 319859 273382 712789 675145 609781 492779 487313 341760 117707 97901 608209 93255 570174 134519 346991 344097 842701 770589 482587 76834 609521 763692 667216 528757 715976 305523 610200 636861 167033 288629 696759 531892 401854 686479 461606 332501 304579 363911 748862 530435 45542 548224 555335 188386 457826 357920 745252 311686 330881
319347 458576 589587 240966 449121 676351 452422 663435 654441 347431 896386 495758 489522 486459 596785 308165 501901 410510 589586 270730 446375 658622 649987 168609 586802 563496 304094 678735 232236 523980 334097 652261 571697 999999999 393461 475124 599740 221646 65632 457608 240490 201532 167824 444484 384354 261392 431464 209438 209261 616787 699023 722908 672315 242157 324745 579343 559070 438118 630480 611997 474373 289230 664950 74008 647819 519306 393192 680151 449817 349355 558818 114729 301345 155146 167567 147276 533984 132156 487933 627259 349810 499282 387667 173168 631560 626010 399709 331544 370337 218600 656025 575866 268520 647932 522309 115918 230547 242005 580886 629770
608027 849436 610019 592309 80734 892171 61818 905021 1042232 740643 995262 271498 327697 723128 903873 701271 894212 352138 435565 218111 740114 723328 309736 250372 900026 520067 321228 1054485 618377 825593 727512 687774 534644 393461 999999999 599957 830301 253234 451387 503319 621404 528319 314607 105395 592315 345672 38101 458489 561583 544029 1082601 820184 766196 310391 704933 878762 194747 720643 360408 635705 473556 655498 607331 458661 663013 249061 190662 1035869 832266 648355 473790 313867 694584 547935 519116 499085 291493 522188 822472 474321 517369 852165 5931 325943 946683 285175 202484 250971 171589 393735 895505 507538 614532 901920 370451 377960 425068 359189 732512 366584
254052 625955 166722 670707 587384 305177 622786 335080 745038 617831 426368 439326 369518 194033 415639 563996 674723 272931 373222 650697 290829 187790 638474 423473 423212 231960 279778 694201 471748 351858 601680 197073 226257 475124 599957 999999999 261825 625538 514157 121184 451652 659050 609253 555124 858301 708091 626116 268601 370556 284755 752302 249302 197448 676639 480303 384723 628111 263264 530460 176804 176885 416262 291416 445770 209024 493698 432115 616457 560727 273158 282244 551197 588969 523492 373737 600999 464918 466060 412990 384636 125595 474526 595427 340956 461768 625992 424459 350396 439140 685334 324989 265584 359627 343958 358476 363118 246622 696097 132565 521337
282925 537463 387941 723885 830462 78550 862033 75417 590135 588420 383919 699020 630711 114366 196609 544029 576762 530009 631434 833729 186209 320188 899562 614620 212220 481974 512918 510894 484647 173133 575541 367513 472979 599740 830301 261825 999999999 797136 612846 383007 460988 737386 761299 800934 950178 859127 860711 405314 416099 526710 578069 282130 272717 835047 441534 169610 882931 177777 792093 382903 438418 400694 513816 542946 399455 752936 680093 409015 461319 262109 538304 702664 577780 578083 445043 684317 725959 531101 266613 638500 312961 329376 825165 525754 235083 886416 673988 591074 682623 817548 65575 516554 370133 82694 620256 513259 417522 841203 167257 782840
526978 662833 698480 354497 330622 870501 313821 865609 861168 536982 1050958 467999 495636 682802 814519 508528 701432 461796 609073 52953 659195 791546 559021 204412 805508 639119 375337 894615 447948 739891 526720 771501 651125 221646 253234 625538 797136 999999999 254626 569078 459089 286644 70989 344110 343662 103971 284989 391884 429828 680982 909795 872461 818703 65239 542150 795430 447156 647705 586112 723699 564080 510590 739516 295348 757271 467656 359770 901144 664045 561206 612682 107239 492753 351399 387040 270486 499703 347934 708832 649791 509762 720854 248986 284853 850851 534122 370989 351661 332198 140553 857421 639649 489049 853527 537381 283909 387774 109984 748201 589571
329941 409818 638812 177669 510476 690803 511447 672109 607696 290635 928611 561317 553968 502175 588430 256306 450507 472120 652506 306807 447475 700482 714629 234021 576619 619738 365498 640286 194917 519503 278464 698099 627191 65632 451387 514157 612846 254626 999999999 508385 208516 146803 189806 507446 346426 269555 489102 245579 202513 674293 655385 758506 709608 259249 289392 573946 621924 443208 696093 660254 529385 266011 720332 71142 696195 584873 458783 651778 409569 354054 618340 150472 244876 98798 168084 89168 599575 97853 472485 689689 388764 475446 445701 234446 619701 690536 465337 396479 435798 212306 665404 633836 259062 653843 585994 169585 276492 246379 611176 695345
321553 696421 132798 678845 481137 424160 519009 456136 834475 666020 494719 320128 248970 308717 530080 611440 746640 158900 256467 585839 392164 225523 517795 365154 535996 133302 197162 793648 512339 461920 649409 202552 133937 457608 503319 121184 383007 569078 508385 999999999 495720 655020 565906 447126 839529 661217 525796 274739 408094 192016 847851 317600 263304 626453 541225 499386 512293 364548 409501 156637 56955 474275 220869 447129 191798 374746 324346 724149 638042 351257 170186 511376 631192 540149 398064 597548 344396 482534 512432 272660 154770 570151 499342 296735 576618 505825 315361 253029 335430 650443 446046 162083 414289 465075 237382 341764 233070 653207 243501 400514
204315 233759 608078 265251 666103 538889 676755 507243 421162 170326 819306 659386 628975 364756 394393 115775 282402 525346 704982 509809 277506 634624 841321 374550 380278 626177 429434 438449 23661 333799 153701 648709 628898 240490 621404 451652 460988 459089 208516 495720 999999999 290583 397425 654152 501387 477089 659390 234733 88586 685015 461635 666482 625982 467756 84521 384826 766621 283235 792792 623720 535920 64859 716141 167311 658087 696091 574387 443368 211254 205495 645388 352136 137438 131065 114524 246799 697851 111461 271696 735786 344049 267783 615484 323514 420548 819180 577072 490326 557847 415492 502364 649770 96561 483581 649883 253208 287208 453159 509271 789159
457993 423171 785609 69200 598559 815928 590136 790779 617003 285223 1068636 683665 685277 630986 684858 277347 451478 611239 788588 336893 561242 846028 817596 354602 670416 764514 505133 672919 269065 623619 280362 844647 772398 201532 528319 659050 737386 286644 146803 655020 290583 999999999 217137 603144 213041 244250 563536 391011 321490 818195 672768 901096 853220 255946 352215 675289 714720 561935 815793 807048 674783 355378 865633 213281 842991 700274 576484 708706 448697 475282 760291 217859 249298 161413 297581 58110 720788 206718 560958 826885 534082 548384 523251 374541 709623 792835 584688 526349 551163 171281 785010 777346 369324 769326 720048 314697 423292 218412 750999 816355
484429 594728 697845 284317 388670 836580 376186 827227 793164 467203 1035538 505322 523898 647151 764582 440336 632386 475685 635413 123498 613524 783218 613991 205252 754468 648747 380034 829684 384652 691742 457315 767940 659691 167824 314607 609253 761299 70989 189806 565906 397425 217137 999999999 397969 301204 99465 348534 359542 376630 694743 842802 858320 805495 74541 479130 747132 505634 604289 629854 722349 568040 452024 750622 238774 756997 511498 395700 840724 598872 516066 628759 59172 423374 284160 335361 199523 539450 285988 654508 675782 488365 662483 309862 271084 799050 589045 405951 371217 368436 92925 819480 653024 435776 813044 563854 252088 364622 87464 726198 632261
606961 887004 539728 663247 36805 856631 79640 876341 1073886 789128 928506 174154 239155 700061 896001 745269 934108 288860 340069 316041 733327 657246 216024 281775 894450 441402 289672 1075478 654819 818154 774831 616883 456398 444484 105395 555124 800934 344110 507446 447126 654152 603144 397969 999999999 687353 442313 100305 461994 584223 457939 1109551 757712 704901 405399 734846 868930 114591 711209 255036 564743 408767 679271 521238 500881 588923 144943 123159 1045372 861271 647863 389388 385288 743236 598922 544484 567124 189120 564789 827103 377275 491259 863799 106605 336741 940645 191080 131765 210143 118462 483581 866503 424398 631779 876975 279797 401646 419808 453235 686449 261197
669775 597290 972144 242525 671812 1028701 650389 1003801 776827 460625 1275035 806129 824533 842949 894237 468955 614141 769726 935216 374306 774166 1042837 901158 498400 879097 936734 668514 849093 479072 835152 461107 1036312 946410 384354 592315 858301 950178 343662 346426 839529 501387 213041 301204 687353 999999999 246756 620226 590198 534104 986254 837106 1104361 1054820 282264 556108 886014 787026 774968 928471 995107 851026 566218 1039033 417204 1030781 809906 696593 900062 637568 688124 922783 340752 435821 374097 508132 266401 839684 419126 768905 975348 732714 750827 588688 545290 916743 876358 706994 669810 669220 208614 998050 944577 582338 982187 863906 499612 614895 234118 957583 931433
580461 655950 792364 312917 425458 934836 403657 924159 853276 521822 1134448 571731 599392 745173 855181 503204 689100 562131 712694 127579 707509 880484 654921 296984 844192 738128 471372 899028 461604 783896 514320 863664 749693 261392 345672 708091 859127 103971 269555 661217 477089 244250 99465 442313 246756 999999999 373549 458687 466726 781651 906246 956961 903935 38732 555284 839017 540326 699508 688290 817186 660294 535565 839256 328064 851435 570063 463699 919033 669105 610714 714037 158561 481122 354020 427151 249936 603042 367361 741542 753392 587687 744676 342136 368657 887973 630186 474947 453475 436132 72973 916577 740128 525227 909170 640969 351477 463970 26047 825631 692071
643102 887536 627795 628136 66536 921243 30660 935670 1080269 778566 1014953 273943 335980 754699 938336 739333 932307 371417 439729 246307 774567 742950 286464 287746 934826 534037 349301 1092089 656447 860047 765480 705463 548844 431464 38101 626116 860711 284989 489102 525796 659390 563536 348534 100305 620226 373549 999999999 493833 599036 554330 1120501 841268 787616 339546 742855 912900 168826 754658 349778 653266 492998 693100 617734 496761 679325 244444 205893 1072572 870193 683576 484834 350337 732515 585835 556700 535526 289264 560288 858530 477309 547815 888972 43983 361679 981454 262508 216933 275784 190691 424949 926074 519317 651637 933351 377700 415196 459022 388561 758625 356944
149755 459300 399862 407270 482255 478776 503469 474642 628558 402402 687029 434448 397228 291040 446612 348666 509658 291250 470249 428892 283381 455060 626451 217620 441954 399090 200652 617603 247141 368541 385806 454721 403643 209438 458489 268601 405314 391884 245579 274739 234733 391011 359542 461994 590198 458687 493833 999999999 147145 457137 657228 514373 464628 432076 298840 422729 567179 266267 564744 419698 307429 234183 494437 178019 455542 476268 362453 583399 416903 189882 412836 300397 363684 265570 126140 332904 472054 207840 365945 501300 143196 402086 452759 132873 488632 606058 362506 271037 351569 425678 466229 419907 178102 464309 415976 108288 52862 442981 371569 560224
137844 313885 523036 314026 599257 494608 613792 471801 491053 258537 755581 577054 543467 309892 388515 204112 363890 438358 617099 477064 245158 556269 763515 311295 377941 537959 344916 493313 104265 317646 241886 566960 540914 209261 561583 370556 416099 429828 202513 408094 88586 321490 376630 584223 534104 466726 599036 147145 999999999 596741 525328 595687 552264 450522 154387 372508 694611 242343 709246 539610 447497 95054 628801 138680 574441 615950 496797 478789 278010 154224 556807 323692 223188 164676 43810 268303 615216 115003 279005 647530 258028 295336 555660 248298 422421 742031 498533 409591 482176 414136 465526 561287 59276 452332 563059 184257 199930 445194 440332 705186
513275 888435 141524 850020 494737 546395 537476 592159 1023584 855256 497778 288377 218791 477816 698010 800767 938639 219538 137577 684458 574212 249896 441621 490009 706651 58974 317768 977773 700608 636422 838610 195976 59427 616787 544029 284755 526710 680982 674293 192016 685015 818195 694743 457939 986254 781651 554330 457137 596741 999999999 1034338 351482 309986 744039 732979 667088 480427 546494 310787 154759 149745 665936 63405 619726 159227 335548 354331 901133 829585 541809 70686 646968 818983 718712 582912 762518 290811 662206 696106 123778 346742 756135 541865 444795 743546 438563 342187 329875 376983 785441 582468 41746 605844 608614 179178 504724 409720 778884 362779 299347
536151 250426 916354 612510 1124160 621934 1137019 560625 62864 387554 943705 1089824 1044984 569245 383617 403507 223583 934035 1096144 962164 461612 883855 1283673 834035 366470 978071 856241 70008 467019 414924 393013 922100 974961 699023 1082601 752302 578069 909795 655385 847851 461635 672768 842802 1109551 837106 906246 1120501 657228 525328 1034338 999999999 859944 845207 906161 377693 408631 1219566 489073 1216271 921015 901331 430281 1043377 627689 947006 1133258 1018740 187898 250414 500375 1017213 805445 425535 558682 565666 656386 1126591 566889 339550 1118279 701381 278204 1076674 773289 354472 1263149 1019371 928231 1005839 836020 564404 1009239 480186 528375 1055521 708757 707213 880445 725694 1210591
462399 796734 223898 906519 793014 255122 832517 315978 869901 820671 178835 610052 534705 317334 478464 769877 840537 470150 485547 894967 431780 103831 787396 668861 494345 334201 511739 793002 688844 449124 805684 155560 319859 722908 820184 249302 282130 872461 758506 317600 666482 901096 858320 757712 1104361 956961 841268 514373 595687 351482 859944 999999999 54506 925010 674164 451729 808141 410863 660000 202154 349053 618340 309987 688635 192367 663334 636949 689999 723054 464772 396676 800412 799505 757052 607686 843436 623884 701280 537925 475224 373332 602821 816350 588915 514859 781402 626937 570542 650586 934547 308946 363491 570023 344104 506529 612113 495788 945283 157581 648832
421709 767360 175968 860827 740016 261207 779251 318303 851386 783807 233160 559732 484440 288343 468434 732057 812555 416813 440928 840789 404075 60859 740560 614909 482904 287223 457233 779721 647883 430931 768473 116218 273382 672315 766196 197448 272717 818703 709608 263304 625982 853220 805495 704901 1054820 903935 787616 464628 552264 309986 845207 54506 999999999 871700 638691 440073 757635 381220 614997 156551 296139 580577 274762 640252 153705 613415 583705 681250 695103 427576 350056 747806 760639 711831 561966 795366 574931 655442 515894 433487 322509 581082 762320 535589 507800 733706 573837 516311 596927 882629 310123 318031 529979 343319 457812 560557 444023 892593 124153 604021
558864 656586 757075 325145 389591 910001 369332 901378 854733 525105 1102930 533078 560730 720805 838745 502672 691881 524584 674079 93446 688059 846944 618896 261492 828454 701072 435164 895963 453774 766136 516518 828997 712789 242157 310391 676639 835047 65239 259249 626453 467756 255946 74541 405399 282264 38732 339546 432076 450522 744039 906161 925010 871700 999999999 548113 821499 505131 678799 650162 782044 624155 523979 801970 312238 816072 531845 424981 911009 665313 590606 676183 132400 482863 349434 409577 252819 564520 356707 727780 714784 557656 734158 306630 336115 872868 594094 436219 415418 397412 90397 893572 702574 509561 887413 602363 324051 434230 49034 796069 653835
226333 160506 643424 314000 747942 516653 759687 476935 339070 147956 815406 731276 696063 360078 341711 103025 210984 589209 765081 593272 255727 655063 917606 456919 325320 674041 498574 354016 94479 292638 134271 675676 675145 324745 704933 480303 441534 542150 289392 541225 84521 352215 479130 734846 556108 555284 742855 298840 154387 732979 377693 674164 638691 548113 999999999 337805 846468 269359 863020 656429 586290 67194 758501 251794 689300 770328 650734 363802 127340 211650 699255 435517 137893 202358 190742 315924 769352 194272 214876 793632 386546 196169 699007 401021 361072 895959 652687 563973 635495 491008 473544 700130 127404 449928 713886 333200 351577 530734 517027 858750
273857 395389 535169 647108 893921 218394 919711 161364 422965 473585 542376 795233 734277 191021 30938 438627 428230 625543 755711 839143 139375 483531 997986 640024 42835 616341 581469 341285 406945 55539 463613 526916 609781 579343 878762 384723 169610 795430 573946 499386 384826 675289 747132 868930 886014 839017 912900 422729 372508 667088 408631 451729 440073 821499 337805 999999999 963546 158297 903529 534668 556313 319971 663550 511009 555895 846587 755184 241876 319493 235937 666461 691933 474249 514570 412072 629170 826777 479959 126484 769116 384987 177087 873156 555190 77237 981854 751479 661569 751808 786173 162535 650205 314891 129113 732128 520359 453878 817683 325730 895473
