NAME : synthetic_000047
TYPE : CTSP-D
DIMENSION : 100
GROUPS : 8
RELAXATION_LEVEL : 1
EDGE_WEIGHT_TYPE : EXPLICIT
EDGE_WEIGHT_FORMAT : FULL_MATRIX
EDGE_WEIGHT_SECTION
999999999 938398 649660 802703 140605 257027 31940 456005 828878 896571 672059 135484 256802 968988 150936 896629 964157 1091040 651306 896620 661460 900739 168520 495448 229397 581992 606682 466196 272864 260792 716719 817347 704391 619476 223133 740399 1000503 682067 529366 249317 722027 672933 540795 355489 309485 230146 1109833 528194 642854 521140 667441 703159 720341 622924 886169 852942 908735 733784 688372 697062 706599 636782 822649 574695 78183 514372 719985 115678 62285 375236 702989 862049 350797 484768 502650 119711 532054 185707 349022 545626 165396 736164 763588 261431 682274 405287 485543 413235 545577 941072 318095 668617 460786 386508 816895 768637 263250 692852 420911 845134
938398 999999999 912617 376496 918008 688875 959232 817079 431394 403388 293668 1058329 814377 306217 796457 96582 65592 215331 583299 282038 294033 70913 976618 719295 721383 412213 870228 489190 683635 686442 490733 676234 522122 684585 726605 499924 294083 293103 473300 699414 251380 825868 474543 671887 635310 834306 273566 531268 705361 810302 284843 616617 299408 725343 169370 284526 42304 495209 406516 574731 604663 709374 115857 512476 991930 607535 461983 976888 901254 740721 359340 296614 612023 687661 480581 931057 448843 782565 589874 714496 1103456 437555 492019 860138 318053 904717 472015 543826 449205 366510 632120 646843 663473 824013 557245 450967 844463 477879 847158 545968
649660 912617 999999999 1038671 511800 546718 635614 204128 1094275 600971 816398 761321 404160 730895 655552 822927 971200 936259 330554 689035 657111 844322 813895 976860 535245 821274 53469 719627 516332 657034 1034498 1219710 399061 228052 662216 431053 769607 834224 490956 660823 672392 99447 832789 797679 550782 425658 913153 872847 1096339 150844 668405 311700 897448 187405 763972 1024136 910360 1052398 506117 348336 1093898 1093440 832213 413552 619589 335890 458231 564180 682204 321371 928314 656026 503232 947108 780995 755854 527195 515173 622108 213716 738750 1017987 447831 847464 603357 249024 552462 528782 512221 663908 672565 272144 312802 268808 425456 484962 839781 1004281 230209 454852
802703 376496 1038671 999999999 840321 610902 831367 879940 62939 704645 225868 890944 787354 649889 652502 432108 341712 590378 752020 599337 408924 410201 775745 416515 643558 236968 987256 360971 623491 548468 132461 299768 720955 830980 582058 718375 649811 208033 548610 557941 430653 975902 263352 457346 568357 795663 650061 279024 353484 901405 398926 807102 145097 869102 492993 98853 335432 129458 596139 766275 239676 359013 324917 635711 874102 702877 671873 880792 748558 768646 113296 594876 582380 395327 308255 749045 512068 706890 492709 825065 952682 82624 722513 630872 483405 936478 488820 530012 528744 690897 493453 818817 732350 856308 804171 687340 616999 135587 892247 806079
140605 918008 511800 840321 999999999 236433 123829 324007 875311 817806 677723 252428 139418 904638 216147 863464 952394 1048371 550107 835005 627920 871643 308892 590008 202524 607015 470710 483342 235415 296559 772598 899857 611153 503524 270804 649477 938878 690570 470076 289656 683068 541372 578171 426605 287557 110510 1059038 580978 734512 389675 635778 595702 738073 501466 841844 876068 893276 790646 617165 595806 781531 729166 804541 493824 113989 418335 636044 68052 186354 262256 732657 798891 306347 572626 532136 256470 482012 138146 352460 426749 245767 783029 673274 382330 633023 265404 447367 374506 490321 867876 348170 557326 357472 254657 717107 684476 380433 745831 285574 747020
257027 688875 546718 610902 236433 999999999 273539 345335 650379 649300 441291 388270 184739 714230 147371 641850 719739 834551 435276 641334 405821 647295 352251 433487 33910 374869 494605 250406 31584 110341 556309 708666 474716 434554 120395 506818 744903 454193 276693 114477 465523 532381 353344 253580 53644 187278 852807 368555 562892 396698 412325 495024 502660 451955 629304 641251 661859 574776 439024 478827 584398 559010 573970 336510 303405 300516 479761 289633 236127 225349 500802 607361 97803 406202 303876 292254 276036 98460 118341 375621 421472 559711 528697 321443 425424 358886 228540 156350 290913 690096 136431 469821 267406 292672 592254 527508 310300 527786 334602 617514
31940 959232 635614 831367 123829 273539 999999999 445792 858442 905210 696449 133475 250987 981191 178882 915115 986459 1108003 653245 909316 679288 919979 191326 527384 243892 608759 594170 491451 286469 286860 746981 849151 708781 616491 250262 745522 1013368 706891 541393 275856 739014 663237 568923 386236 326814 223094 1125175 557882 674785 511324 685639 703272 746516 617850 902488 880025 930349 764143 698365 699103 738082 668718 843660 581915 46262 517297 726920 87422 94214 372217 730613 874333 364377 516595 529708 147575 546060 193956 371311 541372 148878 765661 768932 292431 697084 388956 501646 428659 558561 951159 344067 667379 461326 376200 819627 775637 294632 722843 408689 848415
456005 817079 204128 879940 324007 345335 445792 999999999 931325 586705 666855 576426 202998 701235 451616 737564 868603 885869 289679 643661 534201 754580 616048 778051 331951 651227 154860 539691 315794 455556 859514 1035025 364170 207025 458889 403882 739485 684028 352552 458637 566084 217471 653773 598225 354926 226930 877283 687399 902432 65670 545109 312614 745264 190885 691456 879518 806173 877836 428909 329060 909014 899107 720700 306780 436793 210030 410661 384061 483173 122070 767073 607189 313816 749531 601217 556671 384850 311400 430206 132588 564273 849130 426617 643518 499115 104168 393031 352373 376610 646294 475266 267888 155678 69602 443314 452391 635710 829411 46351 475201
828878 431394 1094275 62939 875311 650379 858442 931325 999999999 767345 285918 909868 830087 710734 680270 491620 391750 643194 812095 661307 470632 468990 789587 411845 682243 281982 1042460 403142 665118 580284 122141 247572 782477 889284 611639 780518 709635 268269 605592 588826 493461 1033569 297669 477086 610531 836781 704422 300715 328048 955117 460784 867873 206237 926984 553992 147361 391251 110717 658072 827292 209287 334319 386176 694400 902241 758928 733969 912376 772624 817907 165968 657383 628876 395479 346559 767366 568965 744494 533122 880980 973949 92851 784937 641197 545570 984180 542659 579695 586392 752913 527149 878644 785937 904915 866753 749971 628119 138800 941778 868870
896571 403388 600971 704645 817806 649300 905210 586705 767345 999999999 508721 1031720 682632 133251 793944 308681 468910 346293 297376 121582 337370 335586 999309 900033 670772 599546 573142 589849 627053 709498 776607 984144 222537 392948 743758 182916 170789 522350 373796 721797 287786 502623 652165 775172 604451 710268 314099 716232 947989 550783 342119 291745 572278 426700 234922 638426 423712 788546 210495 262233 880446 949288 387524 324354 921486 404639 182940 885612 884767 568615 631716 111724 551506 863783 623847 940656 382990 711573 609505 456038 1052391 733389 160777 934091 267360 690218 441153 500463 363501 62937 675175 335565 469947 625370 181325 136134 919455 752548 629604 158684
672059 293668 816398 225868 677723 441291 696449 666855 285918 508721 999999999 782616 600438 483166 523683 296933 301434 493709 526282 419936 187315 286044 690600 433953 475199 119327 765731 206935 445494 412206 268922 477177 497517 605611 451501 497649 493887 17925 325442 424428 221853 751010 182093 379353 391115 613790 538547 242113 448025 682947 178350 582007 81423 644072 333492 212957 255508 282034 374618 541584 371947 450385 187449 410177 734019 480670 451004 728649 627877 562209 127304 406066 388920 400409 187975 649117 289282 539664 327684 602714 834095 229940 503814 568071 264043 732504 274108 327543 304568 507831 355325 592989 515070 650652 586711 471024 552466 243972 683764 591663
135484 1058329 761321 890944 252428 388270 133475 576426 909868 1031720 782616 999999999 384280 1102204 261896 1021761 1080047 1218507 785612 1029486 788413 1024376 137150 538633 362658 683527 722036 575758 406423 372302 792160 864045 839629 749959 332275 875785 1133141 790947 663163 359530 850133 793798 635565 433742 439238 356176 1239653 612038 683354 642090 793744 836365 823304 750994 1014922 950461 1026739 807968 823109 831433 764241 676578 942506 710158 141767 649079 855454 197561 157314 505691 798711 995280 483984 536784 603873 142535 664284 321191 469426 674724 72805 818619 899006 285147 813336 512642 615663 544468 678656 1075648 428037 800759 594199 507020 951609 904100 294053 771341 537636 980067
256802 814377 404160 787354 139418 184739 250987 202998 830087 682632 600438 384280 999999999 774769 255121 751709 854644 928849 410785 706903 520517 762532 413357 607549 158436 550400 357176 427090 165386 284704 739781 892793 472800 366099 276854 511494 810067 615327 349606 283888 570445 417682 535035 429819 219558 28931 934932 553140 742803 266710 529539 456480 669495 366901 723230 808725 793631 758290 486539 456446 768896 738512 704457 360396 251734 280302 500062 207042 280286 123040 675282 670324 211681 583189 484157 353714 367608 116119 297686 290449 384553 740731 535352 446002 514614 181741 344035 276514 371874 734488 320495 418644 218344 135397 577758 548161 439494 710911 174803 607765
968988 306217 730895 649889 904638 714230 981191 701235 710734 133251 483166 1102204 774769 999999999 852638 222247 369226 213565 416441 73820 344922 247665 1055083 903839 739755 589990 700705 608051 696146 757833 740109 942704 341145 516636 795069 303927 38886 493333 439823 770778 282944 633318 648694 800807 664852 801051 182266 713127 931185 671020 345403 419696 532316 552524 156940 571266 335502 749516 288230 386499 850076 933492 325077 415499 1002258 506016 290585 971348 949735 668211 595100 106941 618317 868266 630188 999190 438422 787753 654593 573962 1129928 691978 284492 973117 294861 803053 490785 558896 423555 73859 716003 461909 571751 733239 314530 251373 957842 719546 742048 291586
150936 796457 655552 652502 216147 147371 178882 451616 680270 793944 523683 261896 255121 852638 999999999 760833 818990 958812 580914 779111 529144 762885 205557 373987 136014 431198 606235 316996 174958 111498 570452 685443 622014 572436 72535 654179 881658 533040 420205 99319 591766 656216 390092 213740 189568 240088 982381 380144 518411 511014 533930 639475 569850 585558 756789 702024 765108 587912 583449 624998 569297 513035 680625 483836 221992 444669 626674 236398 104883 343022 552082 746294 243982 356610 351768 146967 415122 140494 207918 507525 310415 587433 676010 191913 559645 434788 362005 294831 432202 832556 168459 611964 404936 387983 739375 674190 184589 545583 428849 764821
896629 96582 822927 432108 863464 641850 915115 737564 491620 308681 296933 1021761 751709 222247 760833 999999999 161881 201949 492586 188208 236340 26920 950430 730852 672922 414684 782029 468851 632739 653943 532151 729107 428943 595016 693867 405174 218069 302146 403881 667153 181291 734281 477178 659835 588371 773514 241752 538743 736130 726452 229526 523032 327521 635530 73764 349783 115769 539581 317668 481545 644900 739324 113747 430930 944761 527554 368654 925106 864561 669178 390749 200458 557707 697104 472554 900993 384184 731353 552961 629376 1061979 481386 396448 844758 241106 828925 416614 490051 380634 275917 602760 554782 586523 749642 460717 355386 829048 514715 770082 449420
964157 65592 971200 341712 952394 719739 986459 868603 391750 468910 301434 1080047 854644 369226 818990 161881 999999999 252872 643167 347492 338108 135677 991734 710747 752915 415392 927753 505530 717051 707857 464195 639055 583900 743421 747797 562956 354687 296956 520373 720546 303144 886002 475923 679908 666616 873237 316717 528136 683593 864831 328000 678561 289143 784280 234943 244824 62456 466407 465788 636423 577268 688141 150564 566608 1021057 660151 523994 1009173 923821 787192 343796 362151 648274 680906 489008 949023 493385 815467 615257 770143 1128310 410325 555774 868694 371591 953451 510657 580480 496061 431177 652075 707572 713850 872032 622152 514770 853155 454963 896932 611275
1091040 215331 936259 590378 1048371 834551 1108003 885869 643194 346293 493709 1218507 928849 213565 958812 201949 252872 999999999 612437 247511 430095 208062 1150976 926531 864383 612774 902683 670781 822801 853443 706055 889631 539194 715476 893146 505331 178628 496663 579743 866678 369044 840305 675544 861639 781617 952648 67618 735608 919754 863425 424917 624741 511635 753455 206542 495838 257512 710489 457501 588329 819988 923604 306283 584069 1135393 680357 482757 1112123 1061713 834806 572945 281935 745965 893641 673576 1100565 566452 920240 751446 765050 1255966 652881 488620 1046702 415438 983902 606474 679777 558469 287165 803286 664597 744059 908737 526972 451434 1030993 692875 923313 504933
651306 583299 330554 752020 550107 435276 653245 289679 812095 297376 526282 785612 410785 416441 580914 492586 643167 612437 999999999 365373 347761 514377 781420 797507 445674 563397 291953 492983 406126 526096 775384 976809 75458 103716 550449 114474 455190 544046 224292 535698 350419 242852 593525 635492 406351 439633 596284 647657 887568 254672 358703 64008 606996 143427 433649 721090 583251 791748 177498 45871 855722 886525 509040 126514 660833 137667 129795 617827 654005 289043 649278 330508 346304 762727 547811 719865 257852 468231 446553 158699 793927 747871 136950 753173 283054 393559 307138 326526 235970 357822 512692 67500 192805 332721 167018 165147 740747 746157 333344 197050
896620 282038 689035 599337 835005 641334 909316 643661 661307 121582 419936 1029486 706903 73820 779111 188208 347492 247511 365373 999999999 272797 215115 981353 834609 667269 522847 655174 535835 623760 684019 682051 887126 291733 468119 721290 257987 104126 431330 368010 696968 212022 593672 580358 728110 591625 732708 233711 644924 867055 617849 273903 377854 474641 505956 114812 526855 303828 692469 221538 340893 790100 869077 276067 349953 931170 443159 236052 901335 876583 603350 536479 36929 545832 798838 559819 925584 365350 716213 580774 519745 1058140 635679 242029 899546 221043 743900 417171 485707 351043 91628 642252 417171 508442 671686 289244 204076 884297 660115 682951 272290
661460 294033 657111 408924 627920 405821 679288 534201 470632 337370 187315 788413 520517 344922 529144 236340 338108 430095 347761 272797 999999999 243735 724482 565102 436656 262877 609389 263140 396408 425676 453439 661405 312069 435940 464875 310480 366801 204041 182825 438899 64048 582567 314847 456061 352478 540908 454082 379047 611436 536791 11295 399695 264441 476064 228132 373347 275947 467573 187604 358236 550338 612526 187959 243560 708475 329727 263840 688991 631678 449094 314551 248499 321738 529021 288913 672239 155394 495077 322653 446918 826647 416961 316533 631507 77208 615986 180591 253865 158491 349726 378435 415234 378595 534283 399546 284380 616035 426782 560324 405373
900739 70913 844322 410201 871643 647295 919979 754580 468990 335586 286044 1024376 762532 247665 762885 26920 135677 208062 514377 215115 243735 999999999 949875 719635 678884 404879 802722 465633 639430 654865 513423 708277 452043 616287 694935 429258 241669 289822 416563 668028 192955 756592 467619 654807 593685 783711 253749 528137 720204 745228 235973 546396 310843 656934 100664 325893 89016 520234 338378 504665 626664 723596 99178 448488 950617 544587 391819 932432 867069 683095 373726 227124 565393 686370 465857 901536 395031 738294 555010 648642 1066134 462003 421148 840968 256167 844552 424283 497394 392926 302563 602625 577298 602411 764682 486518 380092 825248 496951 786165 475659
168520 976618 813895 775745 308892 352251 191326 616048 789587 999309 690600 137150 413357 1055083 205557 950430 991734 1150976 781420 981353 724482 949875 999999999 405440 336523 583027 769127 487506 378201 298936 669623 729775 825766 763600 260428 858694 1083048 696696 625515 285750 788104 830758 529573 321274 394862 389287 1178506 497653 548436 680067 728161 838025 721870 771916 952558 842271 942151 684579 788832 826212 633714 541547 861893 688597 227105 644039 831983 278066 133317 523471 690634 949248 449425 406531 505027 61767 619200 318287 402406 693615 209897 700107 880766 152170 760809 572284 564508 499451 636925 1037123 347714 807662 598478 547330 942395 879621 163195 650821 583926 968507
495448 719295 976860 416515 590008 433487 527384 778051 411845 900033 433953 538633 607549 903839 373987 730852 710747 926531 797507 834609 565102 719635 405440 999999999 451883 317071 923951 314486 462325 324655 290332 325693 806357 832211 331552 824546 919757 429928 577914 324003 622858 951350 255905 179925 426440 600300 972500 192463 147462 826037 562231 861509 421978 858678 762735 503597 678171 301252 714041 831884 230670 141335 620593 673190 573626 686295 782888 602448 433244 656692 368245 813016 478154 36293 276374 401410 550049 494297 360601 788825 609315 334077 839908 253742 632706 788258 493747 474184 573286 914744 304487 850573 677232 725907 920023 820111 244660 281028 767914 936011
229397 721383 535245 643558 202524 33910 243892 331951 682243 670772 475199 362658 158436 739755 136014 672922 752915 864383 445674 667269 436656 678884 336523 451883 999999999 407914 483978 283508 43822 127374 586483 734623 489416 437081 126981 522913 771120 488097 300508 128234 495555 526968 384822 272798 86303 157753 881327 397480 584914 386691 443456 503685 536393 451607 658671 674890 694787 604901 461190 490121 611106 580751 606702 353501 271842 308947 498112 256272 214371 215394 533861 632814 121445 426213 335994 275403 302716 64588 151523 374069 392502 591201 545300 320558 453336 336800 257911 184779 316243 713334 162811 475954 269410 275115 605872 546323 310669 558243 317168 632084
581992 412213 821274 236968 607015 374869 608759 651227 281982 599546 119327 683527 550400 589990 431198 414684 415392 612774 563397 522847 262877 404879 583027 317071 407914 999999999 768617 124467 386621 322015 214533 413494 549635 627892 358859 557762 604088 119352 343062 332911 313872 767887 62789 265504 331429 558806 656429 124613 348585 678323 257490 624203 139796 663132 445948 271449 373170 231952 436909 587078 294327 349767 306637 438690 649361 489579 512135 651105 532679 536359 125947 504361 346936 282733 79757 545863 307263 471804 256528 610020 739515 197968 568221 453963 337639 702200 269874 298888 328006 606843 265075 626769 509659 623077 651558 540696 438530 184566 660267 661430
606682 870228 53469 987256 470710 494605 594170 154860 1042460 573142 765731 722036 357176 700705 606235 782029 927753 902683 291953 655174 609389 802722 769127 923951 483978 768617 999999999 666322 464030 604849 981606 1166336 363567 188242 610866 397876 739568 783513 440426 608882 627217 90136 779573 744937 497717 379943 882593 819413 1042963 98024 620680 281472 846607 149261 725181 974392 866473 999543 464419 314785 1040504 1040085 786880 366080 580692 285076 421350 525974 636716 269333 876536 621194 449830 894042 727723 710333 476450 466172 568738 163393 703103 965567 416280 798085 558092 213668 500223 475482 462126 635908 619568 238857 259657 222009 402776 451590 790067 951384 185771 433398
466196 489190 719627 360971 483342 250406 491451 539691 403142 589849 206935 575758 427090 608051 316996 468851 505530 670781 492983 535835 263140 465633 487506 314486 283508 124467 666322 999999999 262605 205650 320258 500338 494634 542367 244670 510971 629136 216050 269181 217681 325677 675273 114096 193843 207639 434732 705043 156563 394687 572603 262949 556438 256259 574160 482100 393023 454729 338683 399587 523810 374857 393557 374901 366649 530424 398017 468702 529208 420987 421363 250396 510277 228605 278345 61625 443503 238371 347530 132065 513468 627385 314919 525783 375947 323310 583636 185876 190845 261507 609852 148539 551126 406996 506228 606532 505633 360245 290314 544819 621811
272864 683635 516332 623491 235415 31584 286469 315794 665118 627053 445494 406423 165386 696146 174958 632739 717051 822801 406126 623760 396408 639430 378201 462325 43822 386621 464030 262605 999999999 140885 574577 732085 447626 403312 151950 480558 727667 459229 256745 145662 454354 500920 369651 282449 55367 172185 838803 389164 589599 366052 403584 465273 510234 420429 616785 649360 658161 593096 417392 450071 607192 585901 569611 310724 312631 270537 454991 293327 257865 195039 512144 589205 78002 434300 318889 317482 259625 98976 132311 344042 435280 575450 502762 352535 410647 334076 216584 143094 272718 669512 161691 439311 236009 265194 564635 503091 341562 545615 306900 590408
260792 686442 657034 548468 296559 110341 286860 455556 580284 709498 412206 372302 284704 757833 111498 653943 707857 853443 526096 684019 425676 654865 298936 324655 127374 322015 604849 205650 140885 999999999 476040 611687 556275 536692 40172 584590 784975 421692 338499 13239 489208 640787 285117 145434 120240 280567 879755 284423 458105 506898 429578 588163 459707 556893 653801 593414 654472 494089 500463 567440 489891 453810 570718 415640 327437 396757 552060 332465 216063 335663 444854 652725 180145 298869 243329 247134 326544 176205 103571 481962 421891 487649 604880 229067 463051 464143 269285 211347 346221 743431 57303 567104 371723 401464 674832 597709 215758 449379 443506 697666
716719 490733 1034498 132461 772598 556309 746981 859514 122141 776607 268922 792160 739781 740109 570452 532151 464195 706055 775384 682051 453439 513423 669623 290332 586483 214533 981606 320258 574577 476040 999999999 208292 756559 842267 504362 760843 745305 254435 557110 483328 490677 982392 206770 361992 521825 743559 762260 191663 221934 889962 445385 835057 207815 877653 584582 228936 448550 18534 638038 796733 113937 227208 419320 651846 791617 703989 714417 805316 658901 741621 145596 671573 548684 273341 259234 649655 521036 646415 442698 824066 857558 53894 768865 520262 530647 902805 484249 508188 541219 772012 426213 839692 722109 826231 852228 737769 507467 30225 865041 858807
817347 676234 1219710 299768 899857 708666 849151 1035025 247572 984144 477177 864045 892793 942704 685443 729107 639055 889631 976809 887126 661405 708277 729775 325693 734623 413494 1166336 500338 732085 611687 208292 999999999 961773 1038080 630513 967492 945449 462483 755169 615445 698833 1174544 388607 473315 684129 891454 949785 347713 181862 1071758 653500 1037690 412781 1071786 786118 394268 635193 195607 845010 1000356 126040 188974 618646 851676 895368 896192 921227 920042 755593 914021 352428 878111 721226 332609 439369 727020 719916 787888 606096 1013475 934956 251477 976123 578916 738597 1066090 677914 691066 741118 977739 572369 1039731 907277 994246 1059561 945583 570273 234698 1034848 1066682
704391 522122 399061 720955 611153 474716 708781 364170 782477 222537 497517 839629 472800 341145 622014 428943 583900 539194 75458 291733 312069 452043 825766 806357 489416 549635 363567 494634 447626 556275 756559 961773 999999999 176488 584374 40076 379934 514802 229142 566948 302488 306566 586678 653282 439318 501309 521435 644695 885630 330112 322245 94704 576242 214308 366361 681461 525628 772031 126727 52622 843951 885213 456724 140649 719627 192847 60296 679181 701940 353723 623620 257638 380348 770745 544806 764805 256529 519191 468111 233978 852373 724706 63692 785268 239737 467717 312892 347944 233304 282519 535615 127200 255138 404297 118557 89775 772028 728220 407179 142808
619476 684585 228052 830980 503524 434554 616491 207025 889284 392948 605611 749959 366099 516636 572436 595016 743421 715476 103716 468119 435940 616287 763600 832211 437081 627892 188242 542367 403312 536692 842267 1038080 176488 999999999 554528 212710 555505 623533 285472 544366 446274 146632 650121 661044 417469 394672 697622 698930 934617 159916 447164 106602 687014 40896 537115 807674 682816 859395 278073 130775 914346 932836 605962 195500 617161 146124 233297 569220 631863 244392 724192 433656 359331 798956 601082 701926 321906 445322 472479 78035 749240 819378 232896 755825 377578 310194 360180 359182 303179 454882 534313 61187 167698 262694 237336 265694 744848 812415 253141 269269
223133 726605 662216 582058 270804 120395 250262 458889 611639 743758 451501 332275 276854 795069 72535 693867 747797 893146 550449 721290 464875 694935 260428 331552 126981 358859 610866 244670 151950 40172 504362 630513 584374 554528 999999999 614017 822716 460669 371116 27255 528239 651906 319040 157843 145089 268751 918929 312962 470594 513433 468974 611525 497355 572344 692998 629897 694570 522140 533982 592848 510983 465816 610886 444086 292141 418107 583038 301128 176407 341934 480359 689561 204652 309132 279568 207466 361346 162747 142264 495969 382737 518810 634847 202860 500538 458374 305180 243715 380264 779087 96178 588202 387677 400932 702797 629371 190935 478584 442899 726518
740399 499924 431053 718375 649477 506818 745522 403882 780518 182916 497649 875785 511494 303927 654179 405174 562956 505331 114474 257987 310480 429258 858694 824546 522913 557762 397876 510971 480558 584590 760843 967492 40076 212710 614017 999999999 342798 514503 251319 595634 292744 336227 598157 676057 469310 539893 485134 657807 898357 368543 319955 120513 574597 249015 339634 673789 506233 775762 123091 83102 851738 898254 441779 170443 757279 231227 46645 717526 736297 393092 624679 225272 411153 788656 558496 798034 275135 554882 493484 273166 889835 726696 23898 813625 234971 507551 333377 374399 252022 243493 561124 159298 294343 444372 95563 53912 800089 733105 447082 113629
1000503 294083 769607 649811 938878 744903 1013368 739485 709635 170789 493887 1133141 810067 38886 881658 218069 354687 178628 455190 104126 366801 241669 1083048 919757 771120 604088 739568 629136 727667 784975 745305 945449 379934 555505 822716 342798 999999999 502902 472114 798011 303511 671916 663976 822628 694830 836094 143667 728090 941340 709719 366250 458507 538080 591409 161260 567524 326782 753875 323777 425384 856582 943926 326853 451664 1035295 543110 328922 1005312 979814 704766 601290 139990 649706 884498 648167 1027846 468867 820325 681492 612553 1162206 695940 323372 997528 322265 841082 519672 589011 454963 109454 741685 500783 608756 770764 352067 290172 982146 725932 780071 328348
682067 293103 834224 208033 690570 454193 706891 684028 268269 522350 17925 790947 615327 493333 533040 302146 296956 496663 544046 431330 204041 289822 696696 429928 488097 119352 783513 216050 459229 421692 254435 462483 514802 623533 460669 514503 502902 999999999 343272 433722 236372 768934 181448 382953 404583 628247 543188 239216 438440 700523 194839 599607 63499 661997 341988 196247 253831 267039 391537 559100 359215 441039 190699 428095 744992 498465 467860 740665 636877 578780 111235 418559 404018 396999 192309 656357 307076 552639 339539 620531 843405 214027 520374 571738 280483 748976 291127 343396 322457 519938 364581 610792 532517 667216 603139 487225 556200 230267 700578 607690
529366 473300 490956 548610 470076 276693 541393 352552 605592 373796 325442 663163 349606 439823 420205 403881 520373 579743 224292 368010 182825 416563 625515 577914 300508 343062 440426 269181 256745 338499 557110 755169 229142 285472 371116 251319 472114 343272 999999999 350321 223617 428166 369701 424867 230667 372953 588973 423371 663463 360276 193445 287415 406540 321978 373739 534403 458019 574114 163352 254819 632855 662517 370654 97779 563391 155376 214921 535282 512802 267428 439902 332943 179401 542519 323524 567020 36638 348216 243179 277283 690175 533998 269715 566333 165014 433215 84211 127422 24338 413404 310720 284907 196943 351662 345409 259478 552309 527368 377565 364862
249317 699414 660823 557941 289656 114477 275856 458637 588826 721797 424428 359530 283888 770778 99319 667153 720546 866678 535698 696968 438899 668028 285750 324003 128234 332911 608882 217681 145662 13239 483328 615445 566948 544366 27255 595634 798011 433722 350321 999999999 502418 646442 294645 146081 129381 278419 892980 291672 459526 511041 442813 597498 471026 563850 667026 604182 667326 501277 512559 577359 494423 455060 583714 426362 316993 405408 563513 323565 203567 339553 455150 665589 189436 299325 253901 233904 338915 173146 116697 488435 409709 496088 616074 218348 476030 464258 281896 223016 358410 756052 69142 575768 378709 403240 685493 609349 205356 457009 445299 708574
722027 251380 672392 430653 683068 465523 739014 566084 493461 287786 221853 850133 570445 282944 591766 181291 303144 369044 350419 212022 64048 192955 788104 622858 495555 313872 627217 325677 454354 489208 490677 698833 302488 446274 528239 292744 303511 236372 223617 502418 999999999 591608 369552 519118 412578 592234 390769 434124 661342 561820 62741 395177 290673 487102 165023 381114 240939 503409 176157 352638 592899 662887 159824 263670 766962 357097 247418 745452 693740 490451 347147 190773 378209 587004 347798 735468 202893 552388 385975 467805 886922 449758 294064 695457 69126 653403 237782 311264 199980 293149 442399 417255 412121 572900 374324 257367 679970 465784 595780 375428
672933 825868 99447 975902 541372 532381 663237 217471 1033569 502623 751010 793798 417682 633318 656216 734281 886002 840305 242852 593672 582567 756592 830758 951350 526968 767887 90136 675273 500920 640787 982392 1174544 306566 146632 651906 336227 671916 768934 428166 646442 591608 999999999 785940 775079 526736 443071 815562 831194 1062282 151922 593787 215859 832433 107016 672898 954160 826083 999830 420334 254626 1049714 1059983 750969 341496 653749 278641 366595 600340 697487 313208 868024 561484 473197 919653 735499 770550 464800 518853 591305 163117 779703 961660 351746 846493 523253 295358 498239 486581 447231 565539 647967 179632 274254 287040 326145 389956 837248 952345 257233 355425
540795 474543 832789 263352 578171 353344 568923 653773 297669 652165 182093 635565 535035 648694 390092 477178 475923 675544 593525 580358 314847 467619 529573 255905 384822 62789 779573 114096 369651 285117 206770 388607 586678 650121 319040 598157 663976 181448 369701 294645 369552 785940 999999999 209071 316051 540329 718887 64586 300619 686353 310690 655880 193454 683351 506889 314896 435170 225267 479936 620699 264232 300894 369426 467244 611181 507617 553530 617486 488397 535172 163233 560309 342011 221038 52593 495738 335696 446836 237353 625090 694295 206393 610324 395984 386899 696093 290106 304261 357899 662590 230399 654506 519996 619490 693076 585287 380752 177087 658424 704994
355489 671887 797679 457346 426605 253580 386236 598225 477086 775172 379353 433742 429819 800807 213740 659835 679908 861639 635492 728110 456061 654807 321274 179925 272798 265504 744937 193843 282449 145434 361992 473315 653282 661044 157843 676057 822628 382953 424867 146081 519118 775079 209071 999999999 248497 424402 897888 178337 313527 646943 456383 699235 402338 685309 675759 521035 634668 378755 575363 673037 355653 309002 560612 515148 431518 516341 637825 450042 296966 477047 369360 701330 302894 153446 191446 291700 402426 318816 189568 613436 496887 385245 693775 188794 511905 609577 343207 308968 425057 799362 127273 684148 501822 546107 770250 679343 173247 339293 588091 789433
309485 635310 550782 568357 287557 53644 326814 354926 610531 604451 391115 439238 219558 664852 189568 588371 666616 781617 406351 591625 352478 593685 394862 426440 86303 331429 497717 207639 55367 120240 521825 684129 439318 417469 145089 469310 694830 404583 230667 129381 412578 526736 316051 248497 999999999 227439 800731 338763 547518 399945 358859 468124 455035 439118 576708 594112 608508 540359 393970 448226 558631 544237 520494 299154 357049 276565 439378 342561 284986 232856 456857 558175 60057 396330 264773 336470 226500 149530 79260 365709 474366 521301 490394 347083 374141 382895 176455 105964 242860 643153 121954 446890 254408 310183 557716 486302 334455 492611 351068 581571
230146 834306 425658 795663 110510 187278 223094 226930 836781 710268 613790 356176 28931 801051 240088 773514 873237 952648 439633 732708 540908 783711 389287 600300 157753 558806 379943 434732 172185 280567 743559 891454 501309 394672 268751 539893 836094 628247 372953 278419 592234 443071 540329 424402 227439 999999999 959843 555150 737919 291525 549661 485402 681031 394821 746679 820287 812598 762018 512869 485313 768440 733399 723408 387399 222880 308668 527875 178219 256788 151949 684295 696230 226740 577249 490267 330423 389371 106004 303664 318732 355648 746578 563737 429004 537774 194784 362755 293315 394737 761662 320478 447481 247097 158044 606621 576082 423286 715064 195473 636587
1109833 273566 913153 650061 1059038 852807 1125175 877283 704422 314099 538547 1239653 934932 182266 982381 241752 316717 67618 596284 233711 454082 253749 1178506 972500 881327 656429 882593 705043 838803 879755 762260 949785 521435 697622 918929 485134 143667 543188 588973 892980 390769 815562 718887 897888 800731 959843 999999999 780476 972858 850170 450390 601847 563507 734089 225956 557177 314945 767591 453620 568029 876107 976425 352843 581989 1150353 676319 468250 1124131 1083815 835094 625843 270409 761116 938835 712882 1126222 579699 934665 776679 752412 1273821 709622 466318 1080386 428201 977605 624349 696705 569219 251894 831768 643738 741309 905034 495090 431931 1064735 747654 916660 470480
528194 531268 872847 279024 580978 368555 557882 687399 300715 716232 242113 612038 553140 713127 380144 538743 528136 735608 647657 644924 379047 528137 497653 192463 397480 124613 819413 156563 389164 284423 191663 347713 644695 698930 312962 657807 728090 239216 423371 291672 434124 831194 64586 178337 338763 555150 780476 999999999 240941 724332 375077 710693 240142 730603 570449 346374 490963 209669 541065 676755 221674 240561 429349 521144 601940 554456 613755 614066 472025 566648 196767 624873 373583 158361 100069 470034 390764 456056 259850 668929 674516 208129 670738 356175 450386 721657 341297 345176 413490 727133 235654 706915 561088 647989 753064 646817 341628 165643 688174 765900
642854 705361 1096339 353484 734512 562892 674785 902432 328048 947989 448025 683354 742803 931185 518411 736130 683593 919754 887568 867055 611436 720204 548436 147462 584914 348585 1042963 394687 589599 458105 221934 181862 885630 934617 470594 898357 941340 438440 663463 459526 661342 1062282 300619 313527 547518 737919 972858 240941 999999999 945900 606047 950874 409436 964532 780342 450836 663069 224251 780555 917430 119385 7388 622432 761132 721036 788941 853984 749169 580673 780363 347067 850857 593155 162021 340933 547892 631399 632326 474231 899200 754697 275303 910848 398283 685627 921363 580547 576478 654225 953269 428037 945670 788937 854791 993458 885849 390302 228637 896443 1005610
521140 810302 150844 901405 389675 396698 511324 65670 955117 550783 682947 642090 266710 671020 511014 726452 864831 863425 254672 617849 536791 745228 680067 826037 386691 678323 98024 572603 366052 506898 889962 1071758 330112 159916 513433 368543 709719 700523 360276 511041 561820 151922 686353 646943 399945 291525 850170 724332 945900 999999999 547973 266301 762996 135368 675310 893962 802737 908059 411190 289012 945788 942931 719777 298225 502432 207092 381998 449552 546953 171585 789581 582126 353045 796268 634177 620282 395088 371700 471718 98435 629585 876007 390042 702572 493248 156430 412645 382157 383303 611993 521722 220700 169180 135148 396625 419814 694173 859744 108067 428517
667441 284843 668405 398926 635778 412325 685639 545109 460784 342119 178350 793744 529539 345403 533930 229526 328000 424917 358703 273903 11295 235973 728161 562231 443456 257490 620680 262949 403584 429578 445385 653500 322245 447164 468974 319955 366250 194839 193445 442813 62741 593787 310690 456383 358859 549661 450390 375077 606047 547973 999999999 410305 254690 487308 224513 362388 265952 459312 197292 368745 543285 607257 177660 254855 715296 340898 273341 696469 636834 459317 305653 250815 329465 526235 286419 676424 165385 502385 326897 458193 832721 408218 325535 633250 85694 626497 188436 261426 169127 352569 381490 426189 389474 544722 408364 292788 617731 418996 571001 413619
703159 616617 311700 807102 595702 495024 703272 312614 867873 291745 582007 836365 456480 419696 639475 523032 678561 624741 64008 377854 399695 546396 838025 861509 503685 624203 281472 556438 465273 588163 835057 1037690 94704 106602 611525 120513 458507 599607 287415 597498 395177 215859 655880 699235 468124 485402 601847 710693 950874 266301 410305 999999999 662022 135788 459172 771786 620329 851163 219047 42629 917315 949905 550827 189788 708060 194815 154639 662732 709072 333468 706469 345669 408084 826712 610742 776319 320265 522366 510128 180833 841007 806099 136154 814378 330432 416290 370691 390300 297989 354456 576026 45612 242375 364693 130834 174120 802183 806065 358389 162763
720341 299408 897448 145097 738073 502660 746516 745264 206237 572278 81423 823304 669495 532316 569850 327521 289143 511635 606996 474641 264441 310843 721870 421978 536393 139796 846607 256259 510234 459707 207815 412781 576242 687014 497355 574597 538080 63499 406540 471026 290673 832433 193454 402338 455035 681031 563507 240142 409436 762996 254690 662022 999999999 725496 377081 139267 257581 217829 451970 621253 318528 412932 213832 491562 786256 561617 528004 785357 672007 638224 63345 465394 459349 391786 219443 685558 370255 600934 385619 683737 878902 161373 579539 589374 339789 807985 352252 401135 385875 565019 402455 673867 594640 726571 661801 545316 574177 187901 760690 665064
622924 725343 187405 869102 501466 451955 617850 190885 926984 426700 644072 750994 366901 552524 585558 635530 784280 753455 143427 505956 476064 656934 771916 858678 451607 663132 149261 574160 420429 556893 877653 1071786 214308 40896 572344 249015 591409 661997 321978 563850 487102 107016 683351 685309 439118 394821 734089 730603 964532 135368 487308 135788 725496 999999999 577076 847241 723702 894942 318830 166065 947516 962540 646816 234489 615453 176148 272278 565614 639222 248762 761588 471933 382487 825989 633627 710518 358573 454208 498151 78377 746304 855889 268075 771892 418360 290722 394178 388098 340592 489130 558127 91139 185173 252867 263688 302575 761485 847694 237124 295373
886169 169370 763972 492993 841844 629304 902488 691456 553992 234922 333492 1014922 723230 156940 756789 73764 234943 206542 433649 114812 228132 100664 952558 762735 658671 445948 725181 482100 616785 653801 584582 786118 366361 537115 692998 339634 161260 341988 373739 667026 165023 672898 506889 675759 576708 746679 225956 570449 780342 675310 224513 459172 377081 577076 999999999 415855 189076 593525 264130 418606 695495 783007 168138 385570 929258 482716 306321 905598 858676 632374 440209 127296 539708 727907 494919 900330 359911 713931 550760 577233 1050759 535777 329005 856172 209043 786424 400854 473916 352154 204040 605988 493341 544579 709158 389735 288138 840571 564844 726514 377194
852942 284526 1024136 98853 876068 641251 880025 879518 147361 638426 212957 950461 808725 571266 702024 349783 244824 495838 721090 526855 373347 325893 842271 503597 674890 271449 974392 393023 649360 593414 228936 394268 681461 807674 629897 673789 567524 196247 534403 604182 381114 954160 314896 521035 594112 820287 557177 346374 450836 893962 362388 771786 139267 847241 415855 999999999 245043 227678 554797 729785 338341 456143 251236 612894 920802 689654 628168 921980 802322 775027 151901 526966 598343 479276 350334 810409 498995 739355 523718 811010 1008723 176176 674947 702548 441789 945207 487026 539174 512298 618244 536523 788574 726954 863463 754037 637380 687983 226905 896719 752494
