NAME : synthetic_000690
TYPE : CTSP-D
DIMENSION : 100
GROUPS : 8
RELAXATION_LEVEL : 1
EDGE_WEIGHT_TYPE : EXPLICIT
EDGE_WEIGHT_FORMAT : FULL_MATRIX
EDGE_WEIGHT_SECTION
999999999 371558 569344 552440 385748 141756 524623 508574 555043 815048 355101 226087 312292 553044 188013 243839 350972 490446 620198 728979 395426 675711 326128 725132 818372 799969 281281 653891 823562 779502 211931 272000 575325 342772 541106 666005 325259 132767 500034 183656 806439 340895 700067 366333 620330 771069 240098 734199 571454 71166 113083 628366 948968 341047 571636 475775 705617 108437 192795 582099 208296 851099 443903 651648 370442 299685 633264 897723 150702 581921 470887 317702 456739 671048 820616 893943 426600 186211 909394 1025279 502628 821099 798114 227392 425290 617056 1061774 98946 310218 786931 723774 856779 355214 719285 605103 831386 632191 331807 921146 707217
371558 999999999 274038 381582 181030 229825 689530 408637 268655 862344 596744 591299 79637 839192 183758 587458 505041 589394 826301 518638 380215 329053 124697 749941 775569 788873 90293 715785 781677 788006 583048 493703 861721 454053 338248 575840 621886 274123 537206 430627 863302 652145 935135 602996 847301 963984 590188 776487 818705 402153 274103 584448 912225 39237 274050 550769 519794 406914 190750 737303 235414 708768 742834 906144 6558 82159 507170 1134317 348526 835324 190118 287559 644565 452317 904003 791602 734581 549373 921704 941216 498572 859105 989093 535676 468285 581378 991037 461588 681663 677733 837603 677433 667895 942031 880058 706139 897757 561693 858738 975523
569344 274038 999999999 192915 186179 444419 669749 274168 18255 730329 652859 794370 279180 893513 401044 809653 526744 544432 816080 261762 337821 147149 245658 616834 592394 625361 333022 615124 598404 638068 762419 564933 914019 466792 141014 391241 713965 513907 461859 541352 737877 751395 936094 654108 850981 928248 733915 651906 842214 569821 503329 432872 719941 311207 4199 499562 277342 556014 434196 701617 367805 471362 819285 926195 269304 295903 311435 1121002 476368 861938 99329 310713 650927 198790 792829 569884 820114 713423 759923 719631 404913 720998 949524 653179 424122 436861 773962 668114 859170 463141 756281 423536 766147 932219 920360 478644 928132 618067 655086 1001452
552440 381582 192915 999999999 210229 461833 503314 94339 178744 537490 526427 761747 344390 752354 430376 794601 393344 374496 647939 177039 202925 331131 288458 423919 408323 435680 400150 425140 414437 446212 711543 457089 771061 336988 53036 204581 604480 542543 285229 463234 544964 643739 769156 524652 687429 748749 657815 459101 687747 528792 523166 240024 541018 408576 196911 330326 155109 503012 478428 527543 347410 330095 693650 767463 375241 359845 128400 945748 422083 708214 204463 237583 497613 125453 600313 410132 699793 654183 570821 560074 225644 528416 768594 565782 267453 243983 610816 648117 800716 296614 567930 312755 656866 761278 771188 324885 774004 494970 481931 843353
385748 181030 186179 210229 999999999 269621 544294 227628 170614 685074 490542 609515 134200 735783 231093 628175 375477 431382 687767 369248 213948 312755 78979 571740 594758 608055 190010 543324 600858 608080 576243 394983 757333 317402 176500 396220 540734 345984 367691 360319 687156 576694 803328 493767 715789 815873 549977 599828 697169 383662 330824 403553 731623 202215 188947 389339 359893 370251 274223 586190 181716 540283 652473 783828 174473 149631 330643 997491 291457 715715 93606 144425 510856 304805 731040 616359 650335 527539 741261 764794 323473 680903 839664 472760 306316 400790 813352 484695 673045 501996 671828 519431 591914 805117 768743 533763 780989 454827 679416 857107
141756 229825 444419 461833 269621 999999999 566699 439037 431817 815659 427345 363526 174267 653456 46911 367805 377294 500716 684231 633031 347383 540209 198956 714217 783754 777044 139537 655735 789426 763700 353500 327516 676189 346580 439925 608783 425990 81767 483873 244494 810721 450080 778889 436517 693975 832234 369418 730623 653564 180358 61651 586760 919552 199656 446227 474413 616861 195705 64085 621875 126093 780995 548792 738618 228802 160312 561836 979732 168493 667158 345100 249747 506726 570740 836087 839032 535813 322931 898150 979486 469476 818115 858880 331110 405710 578087 1021486 233620 451950 726935 749678 774072 465502 792846 700947 766831 724019 396462 881509 801330
524623 689530 669749 503314 544294 566699 999999999 409015 651867 335393 189355 599671 611564 281437 579221 669309 190677 129016 146332 623165 336163 816890 567455 293630 440426 387981 634784 203886 442797 349930 516787 252625 294307 235643 541708 423945 277708 624839 220533 341474 319559 304051 266757 177223 184195 274454 411939 278460 193932 455085 596565 345567 531370 687703 673909 173009 575994 416278 626845 57549 470866 596577 277152 266144 683919 614706 463074 454070 400766 214585 619989 405854 71214 606718 312045 570734 298409 459721 447359 648492 279980 349198 299690 335220 245918 330647 663238 563621 554857 510136 206126 653576 306216 262969 282174 559820 277322 198843 539566 341770
508574 408637 274168 94339 227628 439037 409015 999999999 257792 467866 438650 705247 355223 659894 415617 745084 305454 280272 553835 245728 124932 418211 296571 353343 367371 381448 406283 341968 373455 384292 648334 376880 678272 251906 136070 173099 521006 520775 191783 395155 472724 560390 675022 436032 593105 657167 585513 385349 593720 474752 498074 177068 504527 428591 278343 236012 209455 444559 467684 434138 315440 343957 604702 673160 402082 368338 124850 852999 366995 614226 257902 192947 404050 208765 523526 401423 612193 588664 515605 545734 132725 461363 677616 490886 175051 175987 591554 599672 733079 288285 482203 349954 572859 667576 677572 327914 679930 408624 454881 749051
555043 268655 18255 178744 170614 431817 651867 257792 999999999 716177 634675 779672 268990 875262 389043 796038 508491 526766 798199 259182 319641 165118 232862 602435 581256 612840 323725 599229 587295 624699 746706 546971 895765 448539 126203 379225 696082 502531 444641 524128 723400 733576 918143 635896 832952 910918 717059 637173 824021 554200 491226 418731 709951 305006 22262 481911 271643 539793 423656 684038 352327 465899 801157 908051 263638 285832 299751 1103360 459856 843734 87316 292918 632758 194757 777786 562570 802068 697241 747641 712679 387978 707157 932300 635831 406166 422325 766586 653906 843216 454555 739995 420974 748299 914413 902116 471755 909925 599906 646008 983288
815048 862344 730329 537490 685074 815659 335393 467866 716177 999999999 519560 926408 796365 575530 812245 992294 465736 324682 373382 560456 486768 863072 740237 114534 202829 136232 837486 161427 200382 101923 845476 556053 579701 475106 590027 349539 612272 888381 333974 635977 22101 639442 454289 507983 422729 354503 743396 86366 472706 751829 860581 297468 220833 874740 734289 342600 513925 711958 865521 290221 696181 420576 603686 499754 855878 805726 427361 541761 670598 488410 725768 587951 402378 581211 87269 339539 627498 785861 114158 353693 364111 21169 357860 659454 411309 294283 351604 872985 889473 348801 159769 502953 641428 423894 550795 381756 528190 520447 260469 556880
355101 596744 652859 526427 490542 427345 189355 438650 634675 519560 999999999 410328 517301 245732 451395 480173 133264 227466 265097 681245 325475 795500 487097 460025 593330 551315 525181 372490 596862 518191 327628 103423 267673 190223 549566 519909 98346 470738 297580 183397 505321 133958 351686 12274 267936 415978 223896 453469 226593 283935 443579 450644 700959 585091 656691 246655 639710 248625 491092 244654 361858 710347 167879 312752 592191 515548 532358 552408 260677 241199 580026 347240 118578 647276 501338 708940 173562 270408 628568 807614 341512 531477 443025 146995 267349 435412 829519 380247 371583 627584 395267 750907 142537 367205 283406 678144 301556 35813 697447 379443
226087 591299 794370 761747 609515 363526 599671 705247 779672 926408 410328 999999999 537010 512849 410437 76450 474228 612583 648579 938637 583213 901590 552136 855169 971533 940735 501508 772485 976025 912805 84240 377712 531419 492302 756666 846753 330169 324459 650786 318421 913390 318784 693302 422449 630770 792719 191647 854824 570209 233005 318321 796207 1092339 557850 796771 612989 910670 260690 403236 654396 428889 1038505 408744 632005 590902 523652 826973 872378 339958 572950 696366 524201 528835 884229 911660 1066119 383049 140577 1032130 1185169 669790 936822 818798 266954 586486 782897 1214856 129928 122407 966579 805366 1054827 325735 721442 570061 1014180 603673 406000 1076738 667213
312292 79637 279180 344390 134200 174267 611564 355223 268990 796365 517301 537010 999999999 760205 127790 541552 425990 514431 747342 498705 310481 366024 58655 685462 721898 730170 57016 646270 727941 726346 520677 414380 782692 375927 308440 526893 544471 236100 467017 353305 796158 575568 855673 523462 767871 885963 519416 710117 739068 334009 228533 527059 859324 78906 280384 477092 492528 334715 155084 660180 156600 674470 664789 826508 74899 16935 463928 1055025 271827 755697 182064 213403 565479 433063 834221 749654 657182 482542 861100 897443 432403 794279 911244 460255 395513 522519 945172 407317 619619 635249 764284 652034 591311 862845 800667 667785 818192 482184 809794 895942
553044 839192 893513 752354 735783 653456 281437 659894 875262 575530 245732 512849 760205 999999999 683722 589254 366813 396990 204478 891471 558919 1037898 732252 563752 714971 657130 763758 476857 716691 616096 433724 346458 22751 426742 781832 702302 228910 681949 487203 412692 555361 213495 189617 242018 160329 308433 336400 540640 102958 486172 657286 624901 790207 825086 897447 434417 846102 460148 717389 299243 603782 877990 110197 123213 834909 757369 733899 359774 494811 89448 824324 591919 258467 866759 521086 849384 132150 401750 689128 915498 542823 593698 330878 326684 485014 609725 923113 541541 418559 791567 417764 933620 200529 223343 57234 841247 91684 281544 809291 156949
188013 183758 401044 430376 231093 46911 579221 415617 389043 812245 451395 410437 127790 683722 999999999 413799 388577 503936 702585 598368 334130 493813 156889 707735 768809 766058 93694 654059 774606 755190 399293 349262 706471 351615 404856 587562 458372 114937 478537 271447 808557 484650 801408 459784 715350 848667 410627 726449 677955 221326 102301 571157 905573 155230 402692 474263 584723 231822 53876 633001 116104 754195 581184 764025 182479 113516 536138 1002436 190814 692453 301915 232895 522610 534955 837460 816993 569652 366686 890307 959836 458540 813491 875038 365874 400937 563494 1003484 280530 497944 703833 755099 743129 500251 813565 729457 741959 751093 418910 864328 828776
243839 587458 809653 794601 628175 367805 669309 745084 796038 992294 480173 76450 541552 589254 413799 999999999 534042 674475 723236 971504 626220 907500 564362 917053 1028229 1000523 499888 836293 1032929 974221 159073 438739 607741 546334 784766 894023 403834 313754 706382 370923 980001 394193 769623 492398 706406 868198 265904 918659 646160 270964 314379 847782 1151980 551577 811723 671596 946525 304751 396719 724802 452135 1083631 485136 708443 587911 526841 868684 948715 378283 649153 710525 557946 598183 914401 980785 1117213 459487 210029 1096216 1240521 720806 1001945 894375 334424 638569 835040 1272241 146485 189075 1014675 875386 1094904 401579 797582 646473 1061172 680116 473130 1133079 743414
350972 505041 526744 393344 375477 377294 190677 305454 508491 465736 133264 474228 425990 366813 388577 534042 999999999 141831 321365 548782 193651 671572 386198 383371 498057 466765 445728 305720 502396 440268 399488 96752 387279 59959 417872 397259 219265 439116 181406 170243 456193 258339 431360 131356 343401 462489 311393 387470 321695 286207 410744 333928 618343 500421 530691 139009 508037 246307 436614 244772 280856 590331 300345 408475 499731 427797 402545 629489 214438 340283 460486 231368 139525 514025 469980 600687 306822 337131 564646 712465 215527 473074 488420 215689 136382 319323 740805 408039 465422 510525 376024 624982 269707 437039 394996 560488 405751 103882 603363 481640
490446 589394 544432 374496 431382 500716 129016 280272 526766 324682 227466 612583 514431 396990 503936 674475 141831 999999999 273670 496931 218047 691355 464966 242689 366856 329206 545422 164015 370625 300223 535224 235737 412676 154327 413864 306798 325742 569215 92155 311811 316111 360987 394793 218647 313204 386691 440334 245639 318954 427320 541038 231460 480581 592755 548616 44898 450529 387493 555433 157629 389208 490303 367414 394693 583395 520080 337800 576600 347695 339693 500723 301836 140797 478237 335641 481949 382909 473531 422868 581640 151137 331449 409568 348475 125346 216053 606136 549870 593080 405465 251914 539335 368299 388388 405762 456073 404115 215185 471597 470466
620198 826301 816080 647939 687767 684231 146332 553835 798199 373382 265097 648579 747342 204478 702585 723236 321365 273670 999999999 759762 481911 963218 706337 375384 527722 465644 765946 295132 528650 423258 564485 357466 206721 373669 687422 551907 320093 733597 363284 444867 352677 330441 121243 253935 50965 150902 457333 347303 102108 549033 705975 472940 591108 821590 820240 318309 711681 513391 746753 125786 600345 709850 258391 135776 820936 749093 599344 309811 515743 115656 765351 547020 182020 747685 316609 666806 285340 516182 486204 719548 423083 392261 177950 404520 392199 458954 723557 640140 578058 623769 214265 774651 325440 117381 177784 671272 158455 290556 616133 206846
728979 518638 261762 177039 369248 633031 623165 245728 259182 560456 681245 938637 498705 891471 598368 971504 548782 496931 759762 999999999 369423 342957 447770 459212 382250 433088 555713 493554 387545 459103 887243 622606 908285 497124 193513 219151 766101 712398 405129 636821 574047 805475 879435 677717 804558 836760 829653 498743 815729 705735 694665 293252 491585 551546 263846 457281 48976 679435 643356 634327 522751 215776 845089 888686 512919 515240 160452 1038378 598812 836476 328552 414574 633008 66332 638386 322885 854261 829119 557829 468216 348654 545744 852699 735833 414146 305259 524384 825020 975024 231714 635730 161843 817662 865494 902685 231382 900337 652546 419792 963769
395426 380215 337821 202925 213948 347383 336163 124932 319641 486768 325475 583213 310481 558919 334130 626220 193651 218047 481911 369423 999999999 484456 255995 377678 436371 431978 350784 335960 442045 422432 524238 254568 578780 135256 224260 270594 401557 427137 157007 270538 485925 440815 600560 324620 514463 604121 460692 400410 504403 355257 401795 239647 572341 389263 341893 175447 334357 323008 387996 374379 221531 457506 493292 588496 373923 319203 243789 790134 248483 524170 283989 102401 313128 326941 524088 499358 498181 464166 557785 634906 125115 485655 627377 366428 92703 230709 675155 482321 608214 391506 459035 471957 453962 599015 583301 436289 590378 293036 534786 663663
675711 329053 147149 331131 312755 540209 816890 418211 165118 863072 795500 901590 366024 1037898 493813 907500 671572 691355 963218 342957 484456 999999999 351794 751266 710136 750265 409897 756260 715923 767296 878782 704384 1058676 611642 282492 516346 852024 598423 607850 673032 872204 888575 1083240 797338 998066 1074345 860980 787774 988653 687055 593715 567301 829823 368077 142997 646467 374585 678517 514951 848361 487185 558209 960673 1072951 326824 380675 436734 1267832 602214 1008271 219249 449664 797565 294817 929745 665706 960183 834322 882640 810807 550190 852207 1095307 785484 571265 572991 867189 772405 977148 568715 898779 493744 903650 1079302 1066013 573954 1074424 760310 760248 1148094
326128 124697 245658 288458 78979 198956 567455 296571 232862 740237 487097 552136 58655 732252 156889 564362 386198 464966 706337 447770 255995 351794 999999999 628719 663280 672031 111989 591884 669326 668793 526988 385990 754452 332828 255407 468363 523751 271443 412987 334968 740542 557118 817522 492179 729562 841748 513644 654120 704363 335493 258687 468661 800692 134807 247580 426099 438865 329198 196603 614095 139067 618184 641266 791801 118571 72343 406148 1015429 257336 721765 146346 163260 525395 382926 780058 691762 635867 483357 803352 839238 376126 737704 866584 445775 343589 464311 886745 424278 625396 577365 712907 598396 572741 822804 769940 610600 785509 451442 751194 862860
725132 749941 616834 423919 571740 714217 293630 353343 602435 114534 460025 855169 685462 563752 707735 917053 383371 242689 375384 459212 377678 751266 628719 999999999 152397 94397 728180 89857 153552 58195 777195 478362 572274 382371 476235 242582 557202 789351 230404 551626 121097 588803 477669 449511 426316 401362 680008 39752 464583 665460 762020 184208 240984 763459 620825 249530 411303 626022 761397 264573 592142 348235 570781 510331 743447 695378 317769 600531 577137 483063 611245 479764 350241 474126 180472 292010 591784 715794 184817 354908 253318 109191 411784 590157 308571 180161 370944 790353 831010 266787 190169 423835 593376 453292 550018 308541 533695 453907 246477 576712
818372 775569 592394 408323 594758 783754 440426 367371 581256 202829 593330 971533 721898 714971 768809 1028229 498057 366856 527722 382250 436371 710136 663280 152397 999999999 68121 771351 238262 6137 110086 897533 594798 724033 482260 460502 203775 691641 863287 321930 657500 222271 725614 628052 583811 578668 544151 806173 182780 616556 765591 837561 197681 137540 795945 595942 359060 340428 727691 822449 415791 657837 218523 716487 662463 769023 734442 281741 738775 667684 635206 611566 535984 491015 416628 289806 141796 736188 835188 175595 214915 317018 183387 551482 712483 393366 205673 244199 893647 959502 154391 334449 302445 731669 602240 702318 180445 686073 581967 105309 728012
799969 788873 625361 435680 608055 777044 387981 381448 612840 136232 551315 940735 730170 657130 766058 1000523 466765 329206 465644 433088 431978 750265 672031 94397 68121 999999999 776858 184116 66862 43045 864258 563040 665118 458657 488672 234598 649038 854738 299960 631838 154897 681388 562871 541110 516590 476554 769168 118436 557206 743401 828139 204547 151604 806337 629110 329054 388479 704554 819932 358261 652326 284398 665127 599423 782317 741609 314673 670692 650078 575325 634627 533940 443558 460696 222601 209201 686008 802377 135235 260520 307767 117771 483544 677661 376087 207760 278228 870099 921193 213752 267652 366810 686370 536242 641730 245525 624085 543287 152305 663546
281281 90293 333022 400150 190010 139537 634784 406283 323725 837486 525181 501508 57016 763758 93694 499888 445728 545422 765946 555713 350784 409897 111989 728180 771351 776858 999999999 684318 777349 771094 492867 421784 786438 400284 365179 578891 542095 188543 505235 351752 836194 570569 870358 532446 783109 908129 502666 751120 750238 313796 185598 575182 908888 62969 333971 510532 549205 321137 105087 685696 165723 730059 664235 837267 89462 40578 517956 1070868 269262 765899 237444 249879 584073 490078 871393 803434 654400 460120 906275 950504 474922 836407 933922 452716 431004 569811 997493 371679 591427 689062 796963 708744 586282 879797 807049 722579 826678 491069 861151 904566
653891 715785 615124 425140 543324 655735 203886 341968 599229 161427 372490 772485 646270 476857 654059 836293 305720 164015 295132 493554 335960 756260 591884 89857 238262 184116 684318 999999999 240197 147053 693200 398095 486362 313723 474674 275225 468975 727560 179307 475817 155008 499892 404555 361684 345545 344450 594146 82381 379363 591299 699668 200989 329786 725123 619262 181627 444592 551490 706957 177975 537984 415835 481019 430906 709437 654469 339139 546285 509176 398444 595087 434546 260905 496825 188219 373559 501935 632409 259923 444610 220368 167441 359371 506190 254122 190587 460535 713686 744005 330425 144257 484357 504138 383898 466134 376876 452058 368445 335763 500295
823562 781677 598404 414437 600858 789426 442797 373455 587295 200382 596862 976025 727941 716691 774606 1032929 502396 370625 528650 387545 442045 715923 669326 153552 6137 66862 777349 240197 999999999 109397 901842 599145 725581 487078 466602 209895 695151 868904 326719 662261 220100 728980 628252 587278 579608 543361 810185 182980 618009 770576 843143 203514 131558 802022 601947 363387 345929 732616 828258 417462 663532 221769 719089 663212 775130 740468 287809 737465 672885 636573 617697 541764 493976 422306 287502 142384 738933 839520 170395 211020 322432 180705 550403 716643 398472 211370 239368 898577 963434 159105 334048 306049 734932 602179 703570 183991 687051 585783 101121 728422
779502 788006 638068 446212 608080 763700 349930 384292 624699 101923 518191 912805 726346 616096 755190 974221 440268 300223 423258 459103 422432 767296 668793 58195 110086 43045 771094 147053 109397 999999999 835097 535679 623672 436877 499186 251384 615292 840012 281499 607718 117997 646710 519841 507648 474177 434067 738157 75980 515677 720885 812967 208281 182919 803548 641933 304875 412980 681620 809012 317807 640276 322622 626914 556729 781470 737037 330576 629093 630665 533589 640774 524832 407911 481898 185349 251748 648326 773603 135361 299885 297317 86698 441519 648098 359206 208313 313545 846430 889205 247876 224717 403328 651126 493207 599716 283267 581653 512052 193362 620580
211931 583048 762419 711543 576243 353500 516787 648334 746706 845476 327628 84240 520677 433724 399293 159073 399488 535224 564485 887243 524238 878782 526988 777195 897533 864258 492867 693200 901842 835097 999999999 302783 453076 423049 711465 781629 245944 333100 578811 254214 832003 235120 611436 339656 547346 709126 107407 775389 487272 192666 320040 727258 1015754 552969 765153 538473 856415 209928 403295 571078 394726 974700 327580 551169 581723 509130 767344 793480 291779 490648 666722 475980 446205 835902 828831 996771 302553 62501 952317 1111928 602023 856387 735304 187084 518279 713480 1139909 138535 98942 900228 722146 995785 242673 638909 490753 948705 523742 325259 1002841 589441
272000 493703 564933 457089 394983 327516 252625 376880 546971 556053 103423 377712 414380 346458 349262 438739 96752 235737 357466 622606 254568 704384 385990 478362 594798 563040 421784 398095 599145 535679 302783 999999999 368787 128380 473010 487289 149761 376908 276770 89266 545094 188271 452225 110853 366634 506800 217462 480365 329112 202785 349038 427591 714644 481682 568597 235760 585010 163702 390710 310101 258577 681007 257557 415765 489232 412325 484682 653249 159336 344284 486509 254828 185468 581501 553050 695849 255808 240395 657913 809145 305291 564652 533667 120790 222383 413330 837525 317548 371057 603061 453296 710842 202360 465368 386378 652547 404978 69691 700102 482865
575325 861721 914019 771061 757333 676189 294307 678272 895765 579701 267673 531419 782692 22751 706471 607741 387279 412676 206721 908285 578780 1058676 754452 572274 724033 665118 786438 486362 725581 623672 453076 368787 999999999 447237 801241 716880 251482 704433 503510 435425 559191 235351 178218 263661 159733 300401 357039 547938 108044 508643 679837 639087 795961 847731 917969 451015 862596 482798 740115 308395 626307 890643 131915 110813 857418 779926 750162 340978 517525 91291 845573 613336 275523 884598 522499 859586 152820 422458 692827 922466 559758 598269 321787 349174 503617 623995 928734 562670 434759 804138 420949 947589 222114 213257 41612 853578 77135 303471 817022 136502
342772 454053 466792 336988 317402 346580 235643 251906 448539 475106 190223 492302 375927 426742 351615 546334 59959 154327 373669 497124 135256 611642 332828 382371 482260 458657 400284 313723 487078 436877 423049 128380 447237 999999999 359380 360254 269103 415078 160374 175411 468158 308487 486773 189587 398976 510042 344669 392534 380252 284753 386962 304334 608978 452186 470737 133286 458187 246074 402273 285425 238748 553972 358065 466588 448501 379153 356445 683158 195620 399142 401166 174171 193935 459331 489962 574121 363049 360737 566771 694198 179160 479900 535331 247947 95429 290764 726440 411922 497309 477583 403731 582479 320992 490462 454712 526523 464854 158011 586879 540302
541106 338248 141014 53036 176500 439925 541708 136070 126203 590027 549566 756666 308440 781832 404856 784766 417872 413864 687422 193513 224260 282492 255407 476235 460502 488672 365179 474674 466602 499186 711465 473010 801241 359380 999999999 256947 622244 518966 327264 469209 597197 661131 808371 548869 725151 793183 665065 511021 721952 524122 501577 292627 592323 367592 145087 369123 184115 501612 450124 569270 333158 370521 717434 803479 332074 324602 179387 988526 419810 742193 155135 235815 530665 131007 651824 456446 721771 656205 623788 606890 268663 581171 813684 575911 299968 296123 658639 638625 803425 344124 616559 343594 674880 802096 803631 368947 808293 516666 531873 879269
666005 575840 391241 204581 396220 608783 423945 173099 379225 349539 519909 846753 526893 702302 587562 894023 397259 306798 551907 219151 270594 516346 468363 242582 203775 234598 578891 275225 209895 251384 781629 487289 716880 360254 256947 999999999 614159 690227 222889 528769 360887 652350 669248 513599 599074 619406 704592 281588 617760 623618 666482 79015 337757 598402 394934 275540 170417 589367 640073 426244 483531 193750 672385 684587 569329 540486 80077 821236 518138 638340 407946 359511 447585 231927 422962 230357 686040 719720 368728 372709 182140 337192 634594 607815 265057 93459 418618 751624 857549 120983 416653 232723 662147 652772 706105 167430 699661 497719 283204 758275
325259 621886 713965 604480 540734 425990 277708 521006 696082 612272 98346 330169 544471 228910 458372 403834 219265 325742 320093 766101 401557 852024 523751 557202 691641 649038 542095 468975 695151 615292 245944 149761 251482 269103 622244 614159 999999999 453140 393131 191264 597022 39385 380646 107986 307838 467532 138585 549179 252200 257444 428378 546730 798184 604437 717579 343354 726439 231516 489668 329168 388518 805855 122878 327961 618126 539737 621790 574665 273498 260029 633316 403349 210095 727942 587962 806869 112716 196120 722821 905840 433706 625135 494171 98014 355633 531613 927265 325279 277241 723899 480007 843637 52649 403879 279898 774354 307138 116480 795672 381971
132767 274123 513907 542543 345984 81767 624839 520775 502531 888381 470738 324459 236100 681949 114937 313754 439116 569215 733597 712398 427137 598423 271443 789351 863287 854738 188543 727560 868904 840012 333100 376908 704433 415078 518966 690227 453140 999999999 559043 288732 882475 471480 821063 481041 738604 883525 372648 804115 693439 195797 28372 666767 998559 237843 515365 545939 697408 224264 83683 681277 206892 862718 573775 775997 274880 220031 643593 1020602 224766 705302 415230 330892 561161 649391 904749 920531 557543 316613 973834 1060464 547813 891733 910439 355265 480975 657735 1101978 198576 427547 808588 814711 855068 486145 837887 732658 848591 758378 443083 961799 834431
500034 537206 461859 285229 367691 483873 220533 191783 444641 333974 297580 650786 467017 487203 478537 706382 181406 92155 363284 405129 157007 607850 412987 230404 321930 299960 505235 179307 326719 281499 578811 276770 503510 160374 327264 222889 393131 559043 999999999 335576 331381 430773 484517 290928 404427 466498 492795 247963 411055 444541 531807 153710 449292 545892 466058 53358 359102 406212 531985 242383 362591 412856 450206 486583 530904 475163 246701 661296 350155 431788 427354 255373 229091 386233 367220 419308 463305 516310 414796 534503 59801 334967 487668 396894 78172 138732 566087 572151 646820 330905 304449 455121 440065 476053 497633 381281 496270 277210 426698 562280
183656 430627 541352 463234 360319 244494 341474 395155 524128 635977 183397 318421 353305 412692 271447 370923 170243 311811 444867 636821 270538 673032 334968 551626 657500 631838 351752 475817 662261 607718 254214 89266 435425 175411 469209 528769 191264 288732 335576 999999999 626292 222652 535058 193109 451084 594868 195901 557324 409141 116310 261141 478068 782851 413738 544654 303059 604098 76445 308467 398843 197859 721240 312641 494144 426862 348475 513185 735664 82518 422668 453915 235314 274734 588571 637934 747940 303973 193648 734150 869602 351446 643229 621806 112455 268374 464960 901625 238736 338279 648284 540204 741629 238359 550275 458017 696138 480052 154404 762234 557599
806439 863302 737877 544964 687156 810721 319559 472724 723400 22101 505321 913390 796158 555361 808557 980001 456193 316111 352677 574047 485925 872204 740542 121097 222271 154897 836194 155008 220100 117997 832003 545094 559191 468158 597197 360887 597022 882475 331381 626292 999999999 623463 432376 493615 401772 332456 729215 87586 452460 742394 854546 305300 242750 874747 741874 336595 527045 702490 861606 272737 692454 439184 585504 478272 856866 805126 437689 520319 663250 467915 730435 586371 387548 592810 67728 360177 609590 772812 133773 375758 364732 43171 336000 646511 407904 301074 373198 862455 874261 365842 138652 520873 625076 401867 529873 400134 506929 507420 282384 534996
340895 652145 751395 643739 576694 450080 304051 560390 733576 639442 133958 318784 575568 213495 484650 394193 258339 360987 330441 805475 440815 888575 557118 588803 725614 681388 570569 499892 728980 646710 235120 188271 235351 308487 661131 652350 39385 471480 430773 222652 623463 999999999 378938 142341 312262 474011 129503 579104 252822 276123 447854 584182 829607 633253 754973 380400 765751 254397 513133 352781 420510 843622 103445 321885 648599 570120 660883 567852 303784 257608 669604 440683 239281 767281 611018 842765 86190 192830 751071 939303 472323 653041 500187 118990 394721 569001 959485 329523 253083 761254 502444 882266 15750 404923 267798 811773 297799 155083 829169 369735
700067 935135 936094 769156 803328 778889 266757 675022 918143 454289 351686 693302 855673 189617 801408 769623 431360 394793 121243 879435 600560 1083240 817522 477669 628052 562871 870358 404555 628252 519841 611436 452225 178218 486773 808371 669248 380646 821063 484517 535058 432376 378938 999999999 342373 87960 126681 508145 445290 128848 629607 794316 590537 675117 927952 940242 439339 831134 597197 842493 245228 704811 820246 284733 67477 930009 856250 719158 201029 611416 121345 883048 660929 292840 868535 382633 769244 310997 571723 561392 807517 544317 474766 145229 475071 511977 576930 805017 705730 605672 734980 297320 888232 369476 36838 136892 781115 101975 382716 709079 102713
366333 602996 654108 524652 493767 436517 177223 436032 635896 507983 12274 422449 523462 242018 459784 492398 131356 218647 253935 677717 324620 797338 492179 449511 583811 541110 532446 361684 587278 507648 339656 110853 263661 189587 548869 513599 107986 481041 290928 193109 493615 142341 342373 999999999 257974 404759 235625 442446 218287 295180 453765 443538 690485 591998 657970 239436 635727 259514 500137 232414 368520 703400 169000 304927 598360 522051 527705 543267 269282 233477 582617 350008 106576 644777 489239 700475 176545 282598 617253 797900 336211 520044 431801 159268 263581 428255 819337 392368 382626 620266 383073 745049 150033 357177 277788 670863 294808 41401 687733 372637
620330 847301 850981 687429 715789 693975 184195 593105 832952 422729 267936 630770 767871 160329 715350 706406 343401 313204 50965 804558 514463 998066 729562 426316 578668 516590 783109 345545 579608 474177 547346 366634 159733 398976 725151 599074 307838 738604 404427 451084 401772 312262 87960 257974 999999999 162185 441404 398232 63715 549404 711505 520060 641223 840406 855112 357106 756797 515645 757321 173189 617469 759604 229230 85938 842154 768578 644121 287762 525970 71152 796192 573146 205052 790287 362939 717638 256480 502866 534965 770117 464028 441887 188044 398437 427048 505824 773493 632372 552783 673387 263130 823442 305107 99283 128108 721171 107496 297522 666976 159401
771069 963984 928248 748749 815873 832234 274454 657167 910918 354503 415978 792719 885963 308433 848667 868198 462489 386691 150902 836760 604121 1074345 841748 401362 544151 476554 908129 344450 543361 434067 709126 506800 300401 510042 793183 619406 467532 883525 466498 594868 332456 474011 126681 404759 162185 999999999 602786 364472 224592 699906 855766 543509 572541 961850 932446 430842 787797 664113 894155 229795 743312 749593 390475 192011 958370 888912 679555 201845 663959 226503 887399 679645 326069 835195 274376 685742 417660 663400 453857 706783 524526 375626 27048 554609 511649 531723 698756 789984 714349 667320 211270 823886 467185 89843 260255 709902 226715 440840 614631 221817
240098 590188 733915 657815 549977 369418 411939 585513 717059 743396 223896 191647 519416 336400 410627 265904 311393 440334 457333 829653 460692 860980 513644 680008 806173 769168 502666 594146 810185 738157 107407 217462 357039 344669 665065 704592 138585 372648 492795 195901 729215 129503 508145 235625 441404 602786 999999999 675849 382322 189360 352829 644726 920110 565320 737062 448559 794961 185043 428244 465352 374982 898338 227312 449869 587715 510691 698808 694654 258802 386887 643230 430989 342027 783265 723723 912077 204283 65448 851840 1021078 522705 755081 629116 96777 439550 630321 1046469 206771 154033 820495 616467 926278 138796 534419 392568 870009 424201 226105 911298 493309
734199 776487 651906 459101 599828 730623 278460 385349 637173 86366 453469 854824 710117 540640 726449 918659 387470 245639 347303 498743 400410 787774 654120 39752 182780 118436 751120 82381 182980 75980 775389 480365 547938 392534 511021 281588 549179 804115 247963 557324 87586 579104 445290 442446 398232 364472 675849 999999999 439913 672459 776454 220509 253152 788548 655934 259359 450733 632724 779825 243163 610440 385728 554453 480993 770034 719409 355848 562630 588138 457719 642953 501601 339832 512750 142316 324251 576517 714698 177568 374893 278024 87623 374011 588429 325589 215169 385565 795509 825043 305364 153304 462455 582680 419584 523753 346015 505718 450434 269236 545500
571454 818705 842214 687747 697169 653564 193932 593720 824021 472706 226593 570209 739068 102958 677955 646160 321695 318954 102108 815729 504403 988653 704363 464583 616556 557206 750238 379363 618009 515677 487272 329112 108044 380252 721952 617760 252200 693439 411055 409141 452460 252822 128848 218287 63715 224592 382322 439913 999999999 501152 666938 539212 688142 809206 846278 360306 768983 469299 717435 201514 585560 787070 165943 87481 813849 738505 656087 327174 487269 20747 781244 553013 191570 796406 418524 752879 193164 444970 586218 814425 469318 491000 249835 346224 421986 524384 820972 577464 489772 700527 314809 846542 244602 152218 88508 749508 86344 259467 709035 160054
71166 402153 569821 528792 383662 180358 455085 474752 554200 751829 283935 233005 334009 486172 221326 270964 286207 427320 549033 705735 355257 687055 335493 665460 765591 743401 313796 591299 770576 720885 192666 202785 508643 284753 524122 623618 257444 195797 444541 116310 742394 276123 629607 295180 549404 699906 189360 672459 501152 999999999 171732 580029 893658 376249 572532 416061 678416 39910 240685 512622 202067 812698 378048 582125 399977 324072 597929 827804 107807 512021 474085 291219 386587 651264 754162 848435 362296 148664 848805 975399 453153 758739 726952 159495 372664 567853 1009697 128639 290286 744445 655799 824705 291003 648434 537188 790555 563476 260951 869515 639113
113083 274103 503329 523166 330824 61651 596565 498074 491226 860581 443579 318321 228533 657286 102301 314379 410744 541038 705975 694665 401795 593715 258687 762020 837561 828139 185598 699668 843143 812967 320040 349038 679837 386962 501577 666482 428378 28372 531807 261141 854546 447854 794316 453765 711505 855766 352829 776454 666938 171732 999999999 641423 972508 239700 504989 518067 678239 198256 84966 652965 182998 840888 549638 749914 274184 213237 621523 994109 196400 679059 404163 306972 533062 632387 876531 896838 534021 299067 946595 1035905 521603 864077 882661 330755 453814 632152 1076909 189675 416297 785357 786353 835179 462705 810781 707468 825988 732762 415542 936581 809072
628366 584448 432872 240024 403553 586760 345567 177068 418731 297468 450644 796207 527059 624901 571157 847782 333928 231460 472940 293252 239647 567301 468661 184208 197681 204547 575182 200989 203514 208281 727258 427591 639087 304334 292627 79015 546730 666767 153710 478068 305300 584182 590537 443538 520060 543509 644726 220509 539212 580029 641423 999999999 334812 602535 436839 204103 244288 543706 624777 347250 460714 259946 598631 605582 577891 539011 138605 745156 478065 559752 432523 338391 372007 296667 362667 269912 613362 664865 338543 397042 127005 288635 559576 548307 209729 15418 435725 708668 798578 177200 344541 308773 593180 574542 627624 227624 620806 430915 295205 679265
948968 912225 719941 541018 731623 919552 531370 504527 709951 220833 700959 1092339 859324 790207 905573 1151980 618343 480581 591108 491585 572341 829823 800692 240984 137540 151604 908888 329786 131558 182919 1015754 714644 795961 608978 592323 337757 798184 998559 449292 782851 242750 829607 675117 690485 641223 572541 920110 253152 688142 893658 972508 334812 999999999 933106 723300 480404 455420 855043 959289 495503 793861 293048 807603 719871 905687 871934 412948 751618 798604 704876 745241 672679 590688 535066 298454 182631 829617 953921 122887 134566 450957 200512 573420 829052 523894 342080 132950 1020795 1071668 261184 379651 377805 833923 644503 768892 264543 747593 694068 75786 777713
341047 39237 311207 408576 202215 199656 687703 428591 305006 874740 585091 557850 78906 825086 155230 551577 500421 592755 821590 551546 389263 368077 134807 763459 795945 806337 62969 725123 802022 803548 552969 481682 847731 452186 367592 598402 604437 237843 545892 413738 874747 633253 927952 591998 840406 961850 565320 788548 809206 376249 239700 602535 933106 999999999 311396 555781 550610 384098 155252 737169 223646 737582 726360 896439 42590 73063 532168 1128017 331222 825233 223943 292191 639570 485233 913104 817564 716862 521876 938011 966517 510661 872398 987342 515558 474359 598576 1015438 428559 651177 703345 842966 709090 648977 936339 867648 733449 886637 550598 881605 964517
571636 274050 4199 196911 188947 446227 673909 278343 22262 734289 656691 796771 280384 897447 402692 811723 530691 548616 820240 263846 341893 142997 247580 620825 595942 629110 333971 619262 601947 641933 765153 568597 917969 470737 145087 394934 717579 515365 466058 544654 741874 754973 940242 657970 855112 932446 737062 655934 846278 572532 504989 436839 723300 311396 999999999 503746 280017 558932 435442 705807 370489 473943 823063 930287 269387 297068 315091 1125188 479396 865994 101240 314291 655006 201204 796888 572794 823829 716321 763634 722464 409108 724920 953723 656531 428268 440873 776869 670371 861984 466284 760446 425558 769741 936390 924370 481487 932185 621875 658297 1005534
475775 550769 499562 330326 389339 474413 173009 236012 481911 342600 246655 612989 477092 434417 474263 671596 139009 44898 318309 457281 175447 646467 426099 249530 359060 329054 510532 181627 363387 304875 538473 235760 451015 133286 369123 275540 343354 545939 53358 303059 336595 380400 439339 239436 357106 430842 448559 259359 360306 416061 518067 204103 480404 555781 503746 999999999 411686 376748 526696 202281 358498 463998 397060 437748 544669 483551 299591 621450 328812 380990 456851 263741 176065 436103 363262 464923 410504 476134 433620 573566 109127 346832 453407 353864 83193 188821 601888 541670 602444 380931 287192 508051 389162 433254 446168 431498 446014 228462 464368 513609
