NAME : synthetic_000501
TYPE : CTSP-D
DIMENSION : 100
GROUPS : 8
RELAXATION_LEVEL : 1
EDGE_WEIGHT_TYPE : EXPLICIT
EDGE_WEIGHT_FORMAT : FULL_MATRIX
EDGE_WEIGHT_SECTION
999999999 371442 371815 171180 253155 302224 454968 389846 518162 382040 465175 490299 517154 303888 375068 593644 429024 397159 286744 273124 387279 320249 548793 578346 400576 79487 421704 474624 247240 486932 548607 391106 402991 604253 420267 338363 254416 320762 185640 247874 346138 432609 135670 662516 501560 547645 194676 194017 424678 580525 603406 429419 541950 504619 665299 336892 304521 451274 237582 641097 403131 438081 383993 297239 591436 395299 134785 534966 386412 463381 151943 242880 519694 211826 668030 172977 223335 278202 484507 115137 561364 373649 714695 592915 261174 373830 244144 293304 286727 356730 471925 347228 230183 230045 491785 425736 370673 433381 330300 471796
371442 999999999 735165 302996 521903 214353 529833 696771 223213 736869 763538 689225 319781 309926 528760 795085 381064 719481 440582 450949 30770 325647 181628 608857 486822 310463 637691 793731 475857 578997 872138 631509 492976 945424 510823 581466 589044 202637 225042 599968 561587 758366 504634 344437 537311 872074 460261 561358 749039 306781 639793 319708 423058 308757 347667 220760 580145 115399 265732 578205 494897 237673 208188 359540 286572 335844 451583 430306 303162 788566 410002 568330 636781 513142 318365 526436 260519 405432 250270 432237 516799 312392 683478 936966 455783 733685 223262 394874 631813 617150 371606 404707 599989 270129 208138 500127 414240 210474 569830 512747
371815 735165 999999999 458249 431059 606159 556839 406470 840275 264387 459555 428642 874519 553432 443653 482906 754261 374268 554119 529836 746497 558933 904476 831746 665121 424704 376453 202136 475513 555635 451739 330597 664219 439964 675186 319147 316833 685791 520080 268725 525284 164732 236696 981688 768695 448795 317614 229855 380604 883763 847907 775082 874806 781683 983993 634921 267093 797818 525922 937390 517896 735211 749331 511607 909568 633229 369169 863617 642945 180783 432913 197263 546153 381385 1006763 288557 580013 453996 850411 374258 860393 623423 984043 422367 511373 237575 608265 591418 124064 473533 808116 528808 147720 583214 812953 543810 548359 800729 324293 596881
171180 302996 458249 999999999 421097 149787 309263 560360 382788 537687 635875 407273 548982 132708 258617 515353 513192 565548 427567 420196 305577 149288 454190 700569 530064 98549 347520 491946 406545 349497 714890 334211 533867 763708 552576 282054 422817 354569 80353 410002 507765 458164 257491 525650 621566 713713 158367 344279 592275 432558 728504 489008 608409 343408 528097 181438 277183 343493 72312 734373 259738 284538 408075 132437 453368 224261 305251 606557 217193 487876 310007 273627 394310 382548 548664 337933 298122 135876 497030 284858 657273 203246 821878 751090 412199 525302 295867 416523 342999 525960 540010 186986 344855 309608 355465 277805 209066 445085 270726 316745
253155 521903 431059 421097 999999999 532969 705127 176623 717662 265966 241685 708393 509535 552606 616965 802702 354403 205864 138997 113626 547596 570063 700798 400810 236973 323175 638971 605885 58665 733897 353412 600072 235315 435834 244896 553291 121949 368527 412903 166165 103974 561406 267517 856323 338546 353715 425865 208067 234935 791231 417856 398333 473377 734063 859408 567463 506173 627944 481248 510944 653282 661268 421717 550042 789921 642297 120237 458779 629392 588112 119032 415412 760825 54498 840119 152960 268528 530169 512191 138243 436690 618986 552995 430492 96254 276976 307952 191384 416714 105590 415117 600380 300558 262438 693995 676783 623828 474210 548208 724113
302224 214353 606159 149787 532969 999999999 315977 688160 234155 681080 762446 480708 517830 96196 319083 584711 531422 698452 505470 504961 203020 111300 325618 744452 589655 222742 434473 620988 505882 364907 850625 435100 594643 905461 613779 389586 556115 349909 120384 549371 605884 591432 405667 376105 666576 849715 295586 488555 726369 283321 774429 487693 603567 202994 378512 34859 400686 212038 80335 747883 280639 136704 385728 148561 303842 136440 427291 606470 109893 619788 414734 416487 422431 503171 403689 474999 339559 202021 453707 405920 676840 110132 845990 893603 501682 670327 319663 478874 488157 638281 541588 190514 494477 352111 206849 285943 200046 406790 377804 301645
454968 529833 556839 309263 705127 315977 999999999 813265 467183 743420 887818 218162 829253 223245 113255 300398 817781 806330 733063 723319 515861 205538 609187 1009831 838629 400794 213164 465968 702067 49703 940090 246277 842254 963748 860807 239238 672405 647711 367823 643626 800987 457705 470554 568631 930824 938118 291241 566260 828367 460486 1037736 785979 904863 343213 569533 311156 289758 502579 288698 1038885 51875 350655 692503 185032 509260 208193 584892 905197 240656 475699 605967 374257 110562 658194 634933 586273 605598 177968 767677 567506 963150 224937 1129362 948054 713360 723123 598950 725315 438242 804931 838811 130355 517920 617424 446569 31897 116226 719158 232930 45432
389846 696771 406470 560360 176623 688160 813265 999999999 886199 156859 75729 771847 671975 692806 712533 852775 506016 43980 298338 276010 721688 708362 876548 485177 361320 467950 705376 605553 230474 834064 176809 661335 357122 262939 358483 623491 141231 543981 568191 172729 192239 564200 343561 1026957 444174 177165 522335 250465 65593 956825 492197 560053 618153 891118 1029986 723018 569624 800516 627332 621249 762692 821167 595100 680192 959129 784590 261075 601417 776253 584921 287847 470757 850157 187428 1014437 228258 445151 648513 681888 282483 556745 763374 636567 259714 262453 180879 484574 354961 443529 112611 568097 724868 324342 438975 861646 788122 748590 646759 621505 839271
518162 223213 840275 382788 717662 234155 467183 886199 999999999 900067 957294 670425 517701 303373 513919 764802 602682 902849 654214 661506 192443 306941 161786 831029 708808 441332 637453 847065 678459 515137 1056688 647494 714864 1120100 732962 607956 764057 425823 334038 764708 770914 820206 634189 144537 760292 1056173 528533 710951 931860 83932 861958 538095 632562 137925 147251 207191 626976 110422 314471 790732 452447 119895 426955 356771 73426 262743 628186 642248 234274 847587 599855 650079 576708 698830 174774 689295 472721 418143 445440 607118 734265 254049 898032 1109542 663754 891877 438637 612537 722120 818776 587969 375036 725515 483677 27330 445445 371306 417769 596439 433778
382040 736869 264387 537687 265966 681080 743420 156859 900067 999999999 197054 665684 773859 663777 634672 735332 620169 116831 404765 379526 757487 676180 918303 632915 491689 460162 603711 466517 324197 755982 199474 557667 488613 226743 493690 528516 154723 617943 567394 137052 326193 428078 285445 1044283 584356 197115 457092 193424 117281 962040 642536 663359 738390 880699 1047095 715144 472540 828451 609488 761483 695894 817746 676215 639334 973394 754695 286857 723262 753027 445164 339257 375317 761998 241783 1045780 211867 510218 596127 771378 305141 692028 737107 785898 213520 362202 26849 547762 457082 329570 253889 681058 675478 226078 507553 873778 722315 698526 729648 529112 775658
465175 763538 459555 635875 241685 762446 887818 75729 957294 197054 999999999 840512 716524 768383 786089 918412 545845 87600 348832 329053 789278 784008 941956 493138 392838 542976 774919 661151 290347 907813 125830 730284 387783 224171 385542 694148 216615 602390 642279 245196 230515 621324 417538 1097090 463303 127435 596676 323173 79837 1029055 495458 605315 652036 965300 1100151 797290 639645 869366 702524 637186 837430 894773 650156 755917 1029959 860128 335156 634366 851518 640037 357554 540547 922569 259981 1081795 303731 507998 723957 732417 356528 578915 838793 639648 225889 317985 223695 547347 405515 508617 154617 607601 800475 391913 500854 933088 862969 824193 700500 692635 914326
490299 689225 428642 407273 708393 480708 218162 771847 670425 665684 840512 999999999 956236 385753 161679 108083 907670 753504 775118 759058 682256 374575 799295 1068529 890469 468555 69574 280704 723246 184093 864363 110597 892654 865937 909526 155309 640276 760618 484947 600293 811764 288008 442653 781908 991856 861802 295671 524625 769525 673318 1093214 892036 1010697 555460 783021 488003 203974 687509 424402 1125903 218760 550823 815293 332148 719342 407869 594808 1007178 436462 296128 635912 301522 141590 655110 842670 564050 691480 284188 903526 583225 1046755 417301 1204052 848697 744966 641161 696894 783381 336115 794097 941165 298028 448616 701460 647358 230363 299227 851873 161431 262309
517154 319781 874519 548982 509535 517830 829253 671975 517701 773859 716524 956236 999999999 606224 804647 1064319 174537 709064 374443 398215 345282 624582 390683 364898 333754 500676 895270 991454 450870 876515 841324 877299 339924 934274 349403 823497 621504 199427 472705 654336 486015 949725 642600 597039 318527 842525 681666 653762 736299 599209 393175 111942 124402 625143 600170 532660 804659 410445 543568 281109 787785 556767 140994 647154 562111 649502 512708 139658 618049 980519 449363 758507 929999 533928 530222 599602 295815 678319 72265 503297 242892 624528 389893 931670 414053 781879 273429 318853 803156 563767 118168 699365 726810 291594 511158 797966 713430 111227 812970 818928
303888 309926 553432 132708 552606 96196 223245 692806 303373 663777 768383 385753 606224 999999999 224105 488964 603969 697089 548573 543852 299216 19874 415515 807385 643759 229450 342333 543860 535011 271289 845234 346930 648155 890464 667201 305083 554595 428290 158097 539647 636407 517991 379320 436142 728541 843953 235838 470832 723430 333132 836526 566983 685014 228332 438099 103347 324191 302673 76282 823732 185137 187406 470389 54990 365703 91964 437767 686361 90955 544858 439271 357417 327512 515089 477855 468964 399025 114913 544448 417228 749970 73490 918100 877225 537518 649658 386366 530463 430964 657802 620405 94950 458883 411399 277305 192323 107209 495961 293476 214549
375068 528760 443653 258617 616965 319083 113255 712533 513919 634672 786089 161679 804647 224105 999999999 266334 770127 702811 660654 648052 521005 213374 638393 947102 771595 335094 124335 363641 620569 121956 832598 144430 774579 852988 792496 127449 572879 612676 331990 540948 716479 350787 369041 632364 868781 830513 192377 463028 723659 524118 973619 747625 867023 407096 633742 326619 176560 526217 265561 990811 78923 394027 664328 170529 566916 253771 497520 865045 279809 371169 526777 262422 144694 567291 687723 488412 553785 126529 749016 482017 912866 259871 1075109 837071 636232 613610 554106 660257 325125 712956 798529 138950 408627 564714 489919 102561 144482 698025 120292 153966
593644 795085 482906 515353 802702 584711 300398 852775 764802 735332 918412 108083 1064319 488964 266334 999999999 1014210 830842 876347 859353 787145 476518 899322 1170850 992517 575397 172734 302829 821191 256661 931016 204146 994463 922595 1010972 255444 726482 868609 592897 683982 906581 324785 535273 868964 1094818 928246 399801 610866 844402 760880 1194934 999656 1118162 643568 869835 589900 296972 788682 531126 1231710 313240 646237 923376 436420 809412 502449 692231 1114420 532759 322567 736458 388910 198879 748722 934606 654676 798350 391032 1011467 681962 1152377 514508 1308262 904890 844655 709668 804463 886938 409804 883800 1048523 398216 528601 808158 742870 319512 396386 959864 263354 340235
429024 381064 754261 513192 354403 531422 817781 506016 602682 620169 545845 907670 174537 603969 770127 1014210 999999999 545175 215430 240786 411524 623727 508860 228513 159218 439170 841560 895448 296946 860894 671345 815719 165390 766305 175344 761927 473199 184747 450181 511594 316163 851751 535641 708421 162221 672716 616133 525658 571234 686607 259408 74399 121047 683862 711676 555583 732635 492508 531093 221286 770562 608637 177123 633106 660416 667793 385097 109415 640533 881756 321566 669246 907467 388009 656458 467938 216647 649037 210911 381311 146007 641402 314704 764746 258513 631261 218838 166024 701370 395335 62086 688817 608448 206282 589068 785891 707158 203330 752724 817038
397159 719481 374268 565548 205864 698452 806330 43980 902849 116831 87600 753504 709064 697089 702811 830842 545175 999999999 334657 311366 743413 711843 900277 529141 403096 476349 688269 575192 262523 824721 153865 643419 399079 230004 401051 608131 142846 574321 579431 162824 233815 534856 335896 1044862 487547 153440 515152 240124 29583 971399 536155 597142 658713 901319 1047842 733267 553315 820530 634333 664746 756475 833023 627366 681085 976081 789053 274728 642235 782535 554227 309501 454206 837766 206422 1035890 228295 472637 645942 716340 295915 599619 768758 680541 224767 296671 142231 511899 390765 421061 154891 607186 723554 304914 467293 877767 782296 747189 679622 606931 834271
286744 440582 554119 427567 138997 505470 733063 298338 654214 404765 348832 775118 374443 548573 660654 876347 215430 334657 999999999 25563 469474 567832 609994 295422 117436 332372 705941 713682 82338 768781 471035 672366 118658 561224 134646 621184 258928 258330 393382 299578 124381 669125 356414 784469 222333 471951 480461 324521 362102 733650 318659 262558 334537 695515 787676 537583 581494 553940 472596 383677 681875 619324 301950 559790 723204 631068 193628 320228 611724 697721 140218 502041 804892 176325 755369 265757 181554 555203 384239 198136 306275 605577 440001 557938 43960 415946 217371 56839 519425 194218 276364 614535 413510 170958 633462 702430 636582 351735 614001 743966
273124 450949 529836 420196 113626 504961 723319 276010 661506 379526 329053 759058 398215 543852 648052 859353 240786 311366 25563 999999999 479262 562870 623038 314749 138304 323545 689705 691462 56793 757935 449996 655230 138746 538933 153326 604596 233365 274642 390542 274151 110672 646865 335695 793789 243540 450807 465391 300508 339155 739933 336829 286476 360066 697901 796977 537701 563663 563157 468307 407611 671878 622147 321120 552630 731339 628022 172415 345789 609815 675241 123155 482320 792575 151068 767368 241791 190510 545351 405891 178648 330684 602843 461359 535255 18613 390504 227996 79442 497578 174829 301534 606822 390147 180889 640094 692998 629197 371806 597717 735653
387279 30770 746497 305577 547596 203020 515861 721688 192443 757487 789278 682256 345282 299216 521005 787145 411524 743413 469474 479262 999999999 313757 161709 639450 517350 322458 632914 797507 502710 565329 896483 628963 523486 968263 541383 580023 611249 233399 230402 620447 589805 763235 518648 315051 568042 896345 463839 579103 772929 276024 670386 349472 451191 280836 318267 204895 581671 85109 261813 607075 483095 211522 237876 350737 256187 317479 473538 458918 284329 793155 434241 575077 624037 536992 292749 546295 288755 399787 274697 453773 546523 295075 712764 959459 483611 753475 252115 424515 640327 644059 401010 393211 613930 298699 177560 486829 401201 237379 568302 496600
320249 325647 558933 149288 570063 111300 205538 708362 306941 676180 784008 374575 624582 19874 213374 476518 623727 711843 567832 562870 313757 999999999 425029 827244 663449 246927 333820 542100 553341 254052 859229 340918 667825 902922 686862 301184 569590 447696 177897 553518 654735 517610 391124 436419 748394 857895 241589 483675 737926 331755 856374 586393 704289 223366 438255 113488 323573 312937 95926 843397 169408 188864 489242 50466 366873 78557 454529 705761 84126 543887 457387 362148 311158 531815 481712 483575 418889 112520 562286 434142 769731 64529 937904 889471 556343 661523 406204 550111 435784 675102 639864 79474 468547 431259 281479 175022 89313 514124 289738 195336
548793 181628 904476 454190 700798 325618 609187 876548 161786 918303 941956 799295 390683 415515 638393 899322 508860 900277 609994 623038 161709 425029 999999999 734416 639145 482250 757840 943172 652544 658476 1052468 760498 645605 1126822 661984 715159 770650 355832 384824 781333 733394 911280 679249 206374 671024 1052480 611619 740812 929853 227318 764824 437147 512913 298321 209497 312206 723964 113582 399103 671334 586697 260888 334126 470393 179667 400995 633211 525603 368747 940511 590815 727423 719747 694131 148396 707503 434898 527127 320814 613838 624751 385729 780094 1118484 629707 914750 395998 559930 795035 793220 480572 501547 774370 443139 171776 584118 503148 307708 703373 580444
578346 608857 831746 700569 400810 744452 1009831 485177 831029 632915 493138 1068529 364898 807385 947102 1170850 228513 529141 295422 314749 639450 827244 734416 999999999 178400 612682 999680 1003434 361862 1049180 612807 967123 176775 713731 161429 915451 517417 408974 649556 564546 310535 958809 650322 935961 79058 615171 773011 607294 547262 914934 30937 297443 246758 908285 939208 771509 876746 720945 731829 152340 960042 832261 405451 828909 888867 879285 487000 228508 854345 986463 435602 797032 1089787 452175 880863 549846 408374 834299 422408 493175 128082 852869 153592 717601 331322 651937 424791 286875 810764 379052 255708 884901 699219 395986 816992 978335 905244 426768 907925 1015024
400576 486822 665121 530064 236973 589655 838629 361320 708808 491689 392838 890469 333754 643759 771595 992517 159218 403096 117436 138304 517350 663449 639145 178400 999999999 438810 821516 829699 189807 876400 518657 788742 6567 615962 24427 737149 358443 286077 485887 403105 169281 785093 473623 828737 105237 520269 595129 436997 426865 791300 202830 228559 259201 768048 831997 619415 698372 602198 567523 273974 788119 691230 307860 660679 773357 721095 310520 241633 698713 813371 257374 619477 915068 283823 787431 378559 250412 661698 365135 315564 200820 694965 323059 615831 155864 506830 275950 113675 635881 248715 218651 716308 527600 237917 691027 807465 737497 347454 729701 846467
79487 310463 424704 98549 323175 222742 400794 467950 441332 460162 542976 468555 500676 229450 335094 575397 439170 476349 332372 323545 322458 246927 482250 612682 438810 999999999 402991 499042 308094 437621 628048 379796 442196 683316 460565 325730 333720 301290 107434 326978 409256 459992 197458 585858 534105 627101 181470 269646 504009 501892 639691 425903 543494 425175 588582 257405 303988 380109 159783 658230 349800 358722 361431 230218 514367 319667 209267 539219 308865 490818 211486 266515 477118 286499 595340 252330 222961 223156 458378 188382 579540 297056 740282 671779 314771 450910 231189 326240 324279 428358 473591 283573 292249 232915 414673 370069 306240 405991 315854 412108
421704 637691 376453 347520 638971 434473 213164 705376 637453 603711 774919 69574 895270 342333 124335 172734 841560 688269 705941 689705 632914 333820 757840 999680 821516 402991 999999999 254509 653682 193407 802983 46477 823635 808954 840419 85753 572465 698281 426717 533290 742277 251500 373650 756681 923218 800515 227360 457033 705143 648394 1024196 827983 946195 531233 758048 445672 135978 644838 371966 1058982 197220 517626 754287 287456 691197 378081 525233 942183 403683 266002 566575 234620 171138 585782 811577 495284 625880 233247 844537 513683 979667 383551 1136000 791995 675529 579786 632774 714960 275098 725323 876428 262518 383506 635592 613100 215621 268813 792532 91988 258526
474624 793731 202136 491946 605885 620988 465968 605553 847065 466517 661151 280704 991454 543860 363641 302829 895448 575192 713682 691462 797507 542100 943172 1003434 829699 499042 254509 999999999 641646 447759 651390 220319 829826 630283 843053 243940 502513 793608 568691 454792 706243 44629 360549 978382 934884 648344 333698 397843 582507 872614 1022470 902995 1012498 759277 980163 641987 220484 830420 544334 1094993 442293 730748 856060 491659 908946 603340 520334 1003897 622696 21681 579370 233523 418647 552559 1021125 453989 697772 429677 955246 518731 1015915 601951 1152598 612305 673853 439710 718059 741649 194845 663280 943124 486807 305339 703947 820717 464166 499882 903206 254610 510905
247240 475857 475513 406545 58665 505882 702067 230474 678459 324197 290347 723246 450870 535011 620569 821191 296946 262523 82338 56793 502710 553341 652544 361862 189807 308094 653682 641646 999999999 734047 406837 617229 189237 492024 201565 568049 176630 313593 387618 217498 101397 597017 290684 814637 294252 407357 433198 247221 291179 754348 381773 339690 416632 703949 817771 539728 524366 584796 461128 462137 650265 629553 365019 538187 749824 622375 129013 402495 606820 624854 96775 438873 765227 94950 794110 188911 217870 524789 454212 140238 386031 598049 511401 487277 38511 334422 257131 132897 448985 141349 357238 590761 338201 210515 655719 672584 613754 417121 561909 717604
486932 578997 555635 349497 733897 364907 49703 834064 515137 755982 907813 184093 876515 271289 121956 256661 860894 824721 768781 757935 565329 254052 658476 1049180 876400 437621 193407 447759 734047 999999999 954228 232658 879816 972905 898178 236722 694071 693071 411917 662734 831720 444085 490503 613151 970297 952115 312541 584853 845615 505497 1076681 830978 950109 388929 613934 360724 290910 552191 334324 1082157 90353 399401 739075 230244 555320 257516 613852 950005 290148 459393 638743 382182 61586 685410 681513 609061 647283 214894 815606 597353 1005831 274602 1171207 956778 747217 734582 642246 763541 441292 831706 883513 177172 529907 658916 494984 79031 164873 766736 232646 83721
548607 872138 451739 714890 353412 850625 940090 176809 1056688 199474 125830 864363 841324 845234 832598 931016 671345 153865 471035 449996 896483 859229 1052468 612807 518657 628048 802983 651390 406837 954228 999999999 756851 513582 100950 511108 727958 294593 720428 732180 305725 355490 616287 474402 1198723 587193 3453 651121 378341 124874 1124923 612755 729843 777851 1053221 1201704 885374 671998 974116 784739 759392 891696 985751 770573 826030 1129933 937093 428521 760152 932079 629721 462257 574550 961319 359711 1189121 377060 621930 787041 855262 449660 703196 917628 755684 106443 437521 223258 661347 527874 528381 277802 733181 865772 424667 615783 1031565 917959 889184 821732 728450 970904
391106 631509 330597 334211 600072 435100 246277 661335 647494 557667 730284 110597 877299 346930 144430 204146 815719 643419 672366 655230 628963 340918 760498 967123 788742 379796 46477 220319 617229 232658 756851 999999999 790606 762479 807009 54067 529767 678909 414457 489699 703755 211989 333333 771694 891423 754366 199625 414077 659880 664128 991004 805691 922978 548215 773230 449706 94072 646985 367178 1031279 222455 528348 736605 292127 704477 392943 488336 918161 415978 229438 532389 190927 215870 546429 822219 454235 601484 233412 829223 477846 951695 395409 1105677 745524 640509 533618 610895 684080 228757 684201 852939 275693 338512 610670 622310 243886 285582 776913 64329 290915
402991 492976 664219 533867 235315 594643 842254 357122 714864 488613 387783 892654 339924 648155 774579 994463 165390 399079 118658 138746 523486 667825 645605 176775 6567 442196 823635 829826 189237 879816 513582 790606 999999999 611089 19142 739148 356520 292384 490363 401480 165308 785210 474362 835025 105121 515218 597442 436452 422628 797302 200563 234981 264287 773593 838285 624528 700017 608360 571901 275831 791665 696773 314405 664672 779526 725833 311138 246589 703608 813385 258827 620540 918178 282842 793881 378122 255577 665186 371613 316613 203535 699730 322781 611090 156014 504015 281537 117794 636197 244514 224577 720247 527302 243104 697006 811136 741512 354019 731777 850376
604253 945424 439964 763708 435834 905461 963748 262939 1120100 226743 224171 865937 934274 890464 852988 922595 766305 230004 561224 538933 968263 902922 1126822 713731 615962 683316 808954 630283 492024 972905 100950 762479 611089 999999999 609448 739989 357466 804324 789844 356381 450209 599989 512101 1263616 687181 98560 681363 419789 200933 1184675 713676 822434 875030 1106164 1266507 939792 684136 1043077 835229 860016 917589 1041897 857039 865870 1193526 981434 495131 857590 979546 608763 536673 590787 973646 433298 1259703 431469 702228 821649 944775 515446 802973 963757 856484 18057 525130 242851 741389 617889 535072 371043 828330 901100 446603 697113 1094256 944119 923969 909068 742078 997771
420267 510823 675186 552576 244896 613779 860807 358483 732962 493690 385542 909526 349403 667201 792496 1010972 175344 401051 134646 153326 541383 686862 661984 161429 24427 460565 840419 843053 201565 898178 511108 807009 19142 609448 999999999 755763 365134 309712 509439 410820 168245 798426 488916 852382 93650 512856 614532 448380 423745 815523 184017 246768 268054 792472 855644 643641 716087 626176 590940 268363 810152 715654 329851 683506 797316 744967 325593 249848 722750 826376 274796 635635 936227 293965 810327 390346 274671 683626 383891 331843 198903 718867 309856 610014 169960 509889 300376 136775 649861 246161 232714 739044 539717 262190 715278 829728 760359 368160 748509 869150
338363 581466 319147 282054 553291 389586 239238 623491 607956 528516 694148 155309 823497 305083 127449 255444 761927 608131 621184 604596 580023 301184 715159 915451 737149 325730 85753 243940 568049 236722 727958 54067 739148 739989 755763 999999999 488875 624985 362402 450922 656546 226026 288551 736133 839375 725626 145796 373944 626170 629636 939667 751626 868942 515566 737822 406477 56053 601582 318786 977869 205465 489959 682875 251185 667537 359597 439523 864174 379900 248733 481532 154224 233936 500197 782661 410429 547495 190216 775887 428137 898340 359159 1053058 723483 590238 505588 556832 631596 205600 640362 798913 242876 304741 556730 582185 229913 256220 723534 11791 281252
254416 589044 316833 422817 121949 556115 672405 141231 764057 154723 216615 640276 621504 554595 572879 726482 473199 142846 258928 233365 611249 569590 770650 517417 358443 333720 572465 502513 176630 694071 294593 529767 356520 357466 365134 488875 999999999 463275 437602 48222 208666 458822 204034 907024 458587 293760 381830 115793 170291 830895 532230 511950 593203 758846 909950 590892 436535 685611 491488 632344 621689 691160 521518 539980 837442 646544 137752 579126 639725 483408 185163 339032 712013 87685 902292 87128 355857 507346 617042 157982 558547 626056 670622 348251 215133 160428 393726 307839 323145 161296 532901 583941 201918 352951 738558 647039 607649 574967 486025 698076
320762 202637 685791 354569 368527 349909 647711 543981 425823 617943 602390 760618 199427 428290 612676 868609 184747 574321 258330 274642 233399 447696 355832 408974 286077 301290 698281 793608 313593 693071 720428 678909 292384 804324 309712 624985 463275 999999999 282171 487997 382711 752392 450520 542676 335616 720949 482446 473825 603458 509254 439831 138697 257155 499756 545937 372369 605277 317445 359018 397989 603046 424184 63578 462937 488285 486253 338010 258071 457945 783255 279391 560267 743506 377343 503397 424343 109390 487462 164651 324537 328145 460021 497380 798673 284469 621377 77538 205474 607488 449074 192263 517455 538916 110525 409936 615920 534027 115567 614609 642796
185640 225042 520080 80353 412903 120384 367823 568191 334038 567394 642279 484947 472705 158097 331990 592897 450181 579431 393382 390542 230402 177897 384824 649556 485887 107434 426717 568691 387618 411917 732180 414457 490363 789844 509439 362402 437602 282171 999999999 433485 488325 533475 301675 478576 570645 731362 235352 377052 607620 394885 678582 419322 538643 323023 481281 155144 356426 278022 82276 671135 321633 253602 332351 182946 406988 237695 307172 538170 219612 563602 295086 344682 461394 382833 490667 358421 241371 205885 418580 285778 595831 212330 762944 778555 385820 558337 231388 372803 410621 518338 471643 238647 394953 253662 307307 335926 257389 366996 351062 367453
247874 599968 268725 410002 166165 549371 643626 172729 764708 137052 245196 600293 654336 539647 540948 683982 511594 162824 299578 274151 620447 553518 781333 564546 403105 326978 533290 454792 217498 662734 305725 489699 401480 356381 410820 450922 48222 487997 433485 999999999 256598 411255 173103 908664 504429 304377 352402 77981 186288 828351 579805 546344 632263 750787 911509 583825 397381 691585 480653 677055 593678 685655 548111 520651 838107 631450 151815 618805 627026 435549 208838 298817 677627 123679 908890 75419 379049 483692 645662 169019 602352 612240 717538 345131 255624 134875 415471 345590 277900 208536 570220 561731 156607 377557 738631 619478 585298 601644 448815 671457
346138 561587 525284 507765 103974 605884 800987 192239 770914 326193 230515 811764 486015 636407 716479 906581 316163 233815 124381 110672 589805 654735 733394 310535 169281 409256 742277 706243 101397 831720 355490 703755 165308 450209 168245 656546 208666 382711 488325 256598 999999999 661958 371469 904127 258170 356777 526705 308959 257829 848564 323983 374832 426170 802443 907307 639457 609931 673525 562445 435325 749125 727416 425135 639183 841190 723639 219299 409282 707753 687945 197772 519376 860843 158334 877991 255887 301095 624298 503293 234531 367140 699220 464118 448997 107209 343424 338665 179066 519138 79837 378150 691412 401240 291559 749075 771871 714508 473787 651232 817616
432609 758366 164732 458164 561406 591432 457705 564200 820206 428078 621324 288008 949725 517991 350787 324785 851751 534856 669125 646865 763235 517610 911280 958809 785093 459992 251500 44629 597017 444085 616287 211989 785210 599989 798426 226026 458822 752392 533475 411255 661958 999999999 316492 953869 890273 613315 299901 353397 543200 849209 977874 860217 969119 737552 955755 613935 194037 799100 513512 1050610 429684 705375 815087 467191 883689 582069 475831 960341 599628 30902 535074 193539 420718 508016 993527 409409 655437 405170 914652 474414 971584 578953 1107980 582129 629243 401387 676467 697377 150639 619790 899868 466872 260899 661390 793568 452902 481552 862762 235694 501854
135670 504634 236696 257491 267517 405667 470554 343561 634189 285445 417538 442653 642600 379320 369041 535273 535641 335896 356414 335695 518648 391124 679249 650322 473623 197458 373650 360549 290684 490503 474402 333333 474362 512101 488916 288551 204034 450520 301675 173103 371469 316492 999999999 778472 578721 472731 179314 96382 358629 688978 671592 547639 653829 600367 781074 438439 239268 577486 329792 735037 420580 541669 514095 353932 706409 469680 163323 644532 469343 346257 219325 148506 508083 213450 792078 122045 346834 312652 615134 158989 655746 452794 796410 498438 319013 270410 373024 381357 165881 351816 585086 391533 95359 351198 607119 446410 414871 564918 284621 498527
662516 344437 981688 525650 856323 376105 568631 1026957 144537 1044283 1097090 781908 597039 436142 632364 868964 708421 1044862 784469 793789 315051 436419 206374 935961 828737 585858 756681 978382 814637 613151 1198723 771694 835025 1263616 852382 736133 907024 542676 478576 908664 904127 953869 778472 999999999 869723 1198289 667405 855462 1074018 108603 966624 638679 718949 226453 3266 346788 759870 230635 455991 877531 563653 248879 531541 486884 72283 378992 770526 731299 356287 980302 739602 789451 673480 839898 93591 833245 603419 548939 526896 749607 829441 377010 986255 1253260 797469 1036297 567144 739308 862155 955710 684252 496031 869373 613591 171405 551933 487890 510817 724927 529471
501560 537311 768695 621566 338546 666576 930824 444174 760292 584356 463303 991856 318527 728541 868781 1094818 162221 487547 222333 243540 568042 748394 671024 79058 105237 534105 923218 934884 294252 970297 587193 891423 105121 687181 93650 839375 458587 335616 570645 504429 258170 890273 578721 869723 999999999 589227 696200 541411 508580 844034 108057 235400 213327 833335 872982 694080 801789 650758 652911 177415 881089 757016 338214 749854 820112 801051 415709 194068 776451 918488 361634 724185 1011219 387366 818678 483163 329598 755433 368009 420396 116331 774656 217823 689169 261032 601394 347001 208930 741117 333345 202106 805844 632394 317175 745248 899315 826201 365239 831632 935971
547645 872074 448795 713713 353715 849715 938118 177165 1056173 197115 127435 861802 842525 843953 830513 928246 672716 153440 471951 450807 896345 857895 1052480 615171 520269 627101 800515 648344 407357 952115 3453 754366 515218 98560 512856 725626 293760 720949 731362 304377 356777 613315 472731 1198289 589227 999999999 649285 376730 124313 1124254 615243 731003 779469 1052264 1201265 884453 669655 973849 783643 761598 889782 984915 771272 824553 1129433 935795 427989 761800 930895 626674 462145 572282 959036 359490 1188954 375943 622208 785380 856188 449100 705190 916392 758247 103668 438227 220752 661619 528790 525854 278904 734577 864150 422478 616122 1031014 916057 887549 822497 726159 969032
194676 460261 317614 158367 425865 295586 291241 522335 528533 457092 596676 295671 681666 235838 192377 399801 616133 515152 480461 465391 463839 241589 611619 773011 595129 181470 227360 333698 433198 312541 651121 199625 597442 681363 614532 145796 381830 482446 235352 352402 526705 299901 179314 667405 696200 649285 999999999 275192 537498 567325 797946 606790 723641 464070 669576 321445 123863 499888 215929 832289 241389 419326 541769 195487 595717 317172 307411 718631 325455 329524 342426 122135 335163 375400 699274 296523 401984 142378 637060 293246 752828 306118 908640 666546 452103 438673 412525 487722 195374 520693 653549 221418 236056 411077 501396 267364 243608 584582 136800 319913
194017 561358 229855 344279 208067 488555 566260 250465 710951 193424 323173 524625 653762 470832 463028 610866 525658 240124 324521 300508 579103 483675 740812 607294 436997 269646 457033 397843 247221 584853 378341 414077 436452 419789 448380 373944 115793 473825 377052 77981 308959 353397 96382 855462 541411 376730 275192 999999999 262355 770555 625373 550514 646528 687419 858197 522389 321058 645122 416153 708096 516580 625256 536365 448422 784012 562077 141787 634830 559757 380057 205883 223264 599722 155193 862014 58767 364893 408772 636544 150650 630757 544042 758158 406901 282160 181788 397663 361844 210940 274129 580829 487430 92504 365999 684318 542509 510852 589305 371516 594782
424678 749039 380604 592275 234935 726369 828367 65593 931860 117281 79837 769525 736299 723430 723659 844402 571234 29583 362102 339155 772929 737926 929853 547262 426865 504009 705143 582507 291179 845615 124874 659880 422628 200933 423745 626170 170291 603458 607620 186288 257829 543200 358629 1074018 508580 124313 537498 262355 999999999 1000075 552940 624357 683715 929132 1076991 761157 570928 849925 661491 685346 778881 861220 656160 706347 1005123 815385 303676 667001 809399 561290 339068 471971 857105 235948 1065374 254474 502079 669978 744583 324795 621721 795376 697534 196240 324813 143993 541360 418447 435204 178152 633300 747984 321747 496659 906707 804846 771564 708291 625414 857131
580525 306781 883763 432558 791231 283321 460486 956825 83932 962040 1029055 673318 599209 333132 524118 760880 686607 971399 733650 739933 276024 331755 227318 914934 791300 501892 648394 872614 754348 505497 1124923 664128 797302 1184675 815523 629636 830895 509254 394885 828351 848564 849209 688978 108603 844034 1124254 567325 770555 1000075 999999999 945865 621935 715349 117858 109794 251179 655198 194303 361038 873755 455055 148763 510857 382080 56085 271191 696887 725347 249918 875137 672620 689423 566129 769482 181182 753209 552547 444053 527032 675594 817951 270663 981280 1173439 741363 952279 519478 693426 762663 893707 671623 388454 777397 563793 100493 443409 379694 500868 618553 421925
603406 639793 847907 728504 417856 774429 1037736 492197 861958 642536 495458 1093214 393175 836526 973619 1194934 259408 536155 318659 336829 670386 856374 764824 30937 202830 639691 1024196 1022470 381773 1076681 612755 991004 200563 713676 184017 939667 532230 439831 678582 579805 323983 977874 671592 966624 108057 615243 797946 625373 552940 945865 999999999 328010 273396 939044 969869 801690 900088 751865 760835 165108 987754 862977 436292 857363 919719 909051 508411 255557 884317 1005175 458806 818932 1116652 470200 911087 568501 437634 861789 451851 515475 153295 882649 144615 718305 352809 662395 454782 313493 830633 388908 285517 913313 717622 425199 847928 1006309 933816 457131 932330 1043489
429419 319708 775082 489008 398333 487693 785979 560053 538095 663359 605315 892036 111942 566983 747625 999656 74399 597142 262558 286476 349472 586393 437147 297443 228559 425903 827983 902995 339690 830978 729843 805691 234981 822434 246768 751626 511950 138697 419322 546344 374832 860217 547639 638679 235400 731003 606790 550514 624357 621935 328010 999999999 119458 626839 641921 508850 727230 427675 497310 261630 740807 553077 111600 601051 593124 623768 408757 119382 594804 890741 344754 672288 880590 424664 584128 494846 206590 623442 137279 401244 197091 597661 364526 819756 302544 672081 195216 207231 711350 452144 53936 655820 627598 199373 526124 754150 672610 130004 741746 781477
541950 423058 874806 608409 473377 603567 904863 618153 632562 738390 652036 1010697 124402 685014 867023 1118162 121047 658713 334537 360066 451191 704289 512913 246758 259201 543494 946195 1012498 416632 950109 777851 922978 264287 875030 268054 868942 593203 257155 538643 632263 426170 969119 653829 718949 213327 779469 723641 646528 683715 715349 273396 119458 999999999 731782 722113 623086 842897 523263 616167 158872 860000 660137 219230 720048 681009 738974 505670 19259 709213 999342 441915 784076 999978 508606 654083 588916 321794 742900 192099 501235 120589 713094 267388 874617 378122 750332 313869 286874 819135 506005 70185 774608 728602 313276 623694 873067 791069 215079 859242 899562
504619 308757 781683 343408 734063 202994 343213 891118 137925 880699 965300 555460 625143 228332 407096 643568 683862 901319 695515 697901 280836 223366 298321 908285 768048 425175 531233 759277 703949 388929 1053221 548215 773593 1106164 792472 515566 758846 499756 323023 750787 802443 737552 600367 226453 833335 1052264 464070 687419 929132 117858 939044 626839 731782 999999999 227597 168138 544026 220045 271291 886711 337255 76819 515934 272543 166449 155969 630172 739017 139310 762690 615268 585287 449938 705782 293107 676945 519717 333679 553700 608785 823574 159540 991301 1093876 696494 868681 492113 662299 658906 838947 679498 273070 684348 531880 127367 325607 262946 518195 504713 305676
665299 347667 983993 528097 859408 378512 569533 1029986 147251 1047095 1100151 783021 600170 438099 633742 869835 711676 1047842 787676 796977 318267 438255 209497 939208 831997 588582 758048 980163 817771 613934 1201704 773230 838285 1266507 855644 737822 909950 545937 481281 911509 907307 955755 781074 3266 872982 1201265 669576 858197 1076991 109794 969869 641921 722113 227597 999999999 349077 761744 233827 458351 880685 564837 250899 534799 488719 74760 380459 773483 734479 357946 982143 742654 791637 674200 842911 95374 836090 606613 550775 530055 752556 832649 378677 989413 1256133 800639 1039067 570356 742540 864375 958834 687474 497551 871905 616793 174058 552986 489277 514040 726630 530241
336892 220760 634921 181438 567463 34859 311156 723018 207191 715144 797290 488003 532660 103347 326619 589900 555583 733267 537583 537701 204895 113488 312206 771509 619415 257405 445672 641987 539728 360724 885374 449706 624528 939792 643641 406477 590892 372369 155144 583825 639457 613935 438439 346788 694080 884453 321445 522389 761157 251179 801690 508850 623086 168138 349077 999999999 421525 199610 109929 770001 280505 103232 404167 158302 274750 116846 462136 626870 86129 641730 449080 443195 419972 537968 379597 509572 369017 216596 466504 440762 700330 92133 869590 927839 534824 704108 347168 509503 515584 672704 562781 191980 526230 381532 180170 282568 197490 421438 394769 292102
