NAME : synthetic_000505
TYPE : CTSP-D
DIMENSION : 100
GROUPS : 8
RELAXATION_LEVEL : 1
EDGE_WEIGHT_TYPE : EXPLICIT
EDGE_WEIGHT_FORMAT : FULL_MATRIX
EDGE_WEIGHT_SECTION
999999999 478639 354788 983648 697495 556977 843650 565643 742460 640608 435430 825531 726200 712932 355107 231784 247506 805883 904521 485084 778113 924365 503602 648981 932116 285772 224705 268099 148481 542307 690519 259100 732826 168198 490000 449769 71782 696605 644194 705387 452398 369323 831946 508244 880931 861256 654862 735064 888970 959014 688572 517128 605401 587669 823101 751399 85898 114272 265565 653093 310419 120180 471609 424670 321791 399828 793776 154616 715634 643774 716438 762619 751247 859043 254847 917602 149321 123210 1046765 859184 867197 791631 138496 245069 724994 489746 212387 210557 393120 477719 365299 807181 896638 908757 339300 290441 125838 597884 763202 564476
478639 999999999 124019 740831 597963 733796 484787 465918 875471 481274 335796 966704 258791 237849 514275 419385 647708 865805 811869 77733 939905 854916 626724 703740 741114 704105 254302 720059 626609 794720 445071 483603 934881 641069 540886 419445 532830 389928 165630 492234 364379 662915 931752 32875 917693 575872 742967 675609 951596 699466 841602 786281 380275 824143 1025254 281932 478151 592421 248637 232544 475401 588659 532316 55003 552515 82200 669109 627116 327668 172410 264666 901170 398896 886241 710576 635492 625886 448271 871081 542192 856732 539325 563212 701423 804953 703983 511044 686352 567467 173640 274736 828857 918495 888822 139340 719590 551695 548226 311306 191827
354788 124019 999999999 778058 583507 655192 556728 441392 811532 478188 292311 903296 375759 360733 425372 313191 529685 819115 804611 149431 871167 842339 554389 652058 761509 585080 131086 597815 502629 703147 470541 379484 857217 517140 479604 367175 409001 436141 289645 508916 322258 559537 877190 153560 878368 622762 684862 653398 906641 741181 772087 691336 392310 736522 949487 400182 358312 468730 138243 323404 381157 464809 467767 71517 453408 47231 666022 503186 406454 291121 373213 836691 464938 848478 587955 683167 501868 328130 890218 599634 827979 572727 441397 578707 751273 616479 398707 563165 480045 188694 210351 790715 883027 863569 16307 599588 432407 515378 420617 252567
983648 740831 778058 999999999 327563 693809 309831 424442 662840 343929 549887 710500 622678 764609 690507 761670 956673 548037 287354 815955 730473 336167 622620 521836 105717 1005112 852967 1069496 1081459 810997 308662 767134 789494 1068130 556634 540160 985949 350961 720381 280373 531290 832417 632087 719193 528373 170158 570192 354182 582331 48340 682504 831533 391921 797933 833213 628476 1042078 1072966 753535 538124 711114 1025240 572155 766519 758160 746036 251254 1057996 442634 657401 572973 679979 360215 502540 1071316 118803 1071357 870560 172556 222030 433827 205341 956714 1067064 565219 739598 831647 1162023 693758 590149 630312 479255 505104 427802 789303 1029415 1106211 425751 559691 549059
697495 597963 583507 327563 999999999 374462 404896 144458 390931 122001 298011 463781 604933 722249 372487 466401 635909 315657 222059 674662 464657 259100 295418 215759 247133 681801 616503 748861 776223 490723 214486 457844 505175 758510 232554 250740 687050 302415 653031 163945 270120 505416 399682 589448 342735 297142 269382 84042 387923 324570 392220 508746 230040 483582 569402 622865 767091 773582 510537 483213 400892 719949 249332 600861 437329 567960 96394 749613 428589 594727 554852 413805 372101 309846 751893 323103 764901 576966 350498 342871 265721 224562 648262 748385 291868 414051 521396 856676 369121 424340 387284 258114 335711 293438 589445 706157 823200 103353 569091 435351
556977 733796 655192 693809 374462 999999999 750945 362986 185840 432352 412077 269423 856173 934286 234366 370829 374957 272648 476393 794518 225524 468641 111924 176189 599341 397158 608884 473285 562886 117189 541915 312864 202079 531551 210558 329737 510100 614249 854693 509317 389846 210848 278512 742438 350913 666984 140979 341431 344826 696839 131721 139654 502354 112209 294376 879829 642524 580161 525079 733106 283803 514954 211592 707767 238074 667529 442899 528613 720256 812132 815274 205655 692213 338431 482518 697253 548816 444601 665342 705338 373595 589942 444689 483225 194018 73843 345261 633184 180677 589583 459060 301543 373684 413929 651447 419033 669401 300428 845434 650548
843650 484787 556728 309831 404896 750945 999999999 392275 795543 318696 433078 868024 317763 460725 646121 658943 895458 714883 518647 552006 869368 572494 648941 615455 364154 951724 662452 1001004 969643 859020 209303 690784 906190 967064 554545 472907 867591 154075 426101 245262 431307 816048 800906 456964 726624 150920 669425 479686 777341 261592 793138 869279 267862 863145 973875 320907 881563 949770 582201 256387 644238 917002 562350 523661 714355 515117 400957 954608 157623 365454 270820 818644 93384 694903 998229 191090 962799 752470 476683 90069 635775 188462 860292 991618 696762 769219 750313 1046138 673319 376906 481581 651332 711893 647831 571194 974382 953359 451622 251639 304370
565643 465918 441392 424442 144458 362986 392275 999999999 444627 85305 153558 530387 514706 616153 272879 338659 537919 407271 366418 540963 516607 401491 257339 259112 366477 589501 472333 649805 657209 467523 183766 343185 536633 643725 162417 116547 562799 251282 541609 165334 125829 432623 481400 461246 453246 335328 308516 212415 490285 406937 427046 477048 141086 474523 615652 536058 630925 649889 366429 389420 287790 600935 171377 463435 342359 428753 235580 633555 360866 488224 468719 470095 329269 421323 650506 380971 646984 448689 483306 359612 391177 256397 532299 645701 357732 376975 407659 737826 288523 293633 242827 364432 452844 424536 446616 613483 690416 85716 492905 322777
742460 875471 811532 662840 390931 185840 795543 444627 999999999 488897 540836 91771 959211 1055026 408059 547918 555316 131026 396504 942369 73906 369271 259985 186280 558708 570950 780461 646885 746100 247476 596988 494140 128496 713594 334769 456375 695878 680831 977820 551789 513682 392059 96850 879174 197834 682704 136494 323507 173568 678655 57298 279611 582771 206311 178495 980683 827848 764894 689321 833915 458592 699477 344635 856798 422034 817213 422035 711445 800712 928355 913312 25847 755613 199561 657528 697845 731916 628476 589426 732442 258240 614319 629983 659285 100427 256878 530368 814168 357992 716414 605198 191790 226058 289770 809970 591120 855209 362183 936318 762623
640608 481274 478188 343929 122001 432352 318696 85305 488897 999999999 211414 568927 485097 600396 358177 417856 622972 429947 330813 558623 562541 373858 332513 303764 295843 674762 527753 734659 738170 541773 110581 426692 592128 725989 242767 197178 642079 191934 531045 81000 189490 516788 510933 470856 463010 250434 356893 205454 506374 323637 479818 553677 108042 544561 665119 503865 701844 729070 423551 362265 371939 682075 253686 488388 427664 457837 188972 715498 313948 472775 435731 513394 267354 430163 735139 295703 728333 526639 419305 277726 387718 171306 614594 730196 394405 454009 491010 818626 372851 308465 297825 376704 457155 414984 485882 698725 764097 133262 452806 313708
435430 335796 292311 549887 298011 412077 433078 153558 540836 211414 999999999 631673 449180 522364 229580 227593 463013 531981 519960 405998 606993 554193 300878 368172 507254 519882 319573 567931 545701 492314 256674 258392 608576 539043 208009 84725 445606 279143 443026 270289 29984 402206 596083 338345 587869 427575 407358 362691 618693 523787 509755 491747 173483 513215 696442 473867 492254 531287 214028 330524 215726 491033 202147 323248 292048 285731 387595 527240 343419 400298 412673 566626 347967 557425 565293 482787 537431 328738 629663 431702 535671 356342 429920 558810 469270 397536 317235 624760 271321 178043 89326 499654 591451 571458 296079 542147 556651 223113 448470 241662
825531 966704 903296 710500 463781 269423 868024 530387 91771 568927 631673 999999999 1044932 1143590 497550 636905 627373 162571 430750 1033934 55248 394041 351143 271354 604907 637256 871012 712173 820310 307719 674778 581402 133793 786403 426262 547388 776004 760365 1066881 627117 604214 466937 80574 969998 199125 747649 225162 389447 154346 731260 138013 339632 666414 261759 127034 1065906 911263 841597 780697 919695 548003 775982 436343 948448 507471 908899 481424 785276 882458 1016484 998220 66805 833621 215094 723855 757256 806026 714022 617487 800341 283167 683257 708410 726480 174560 336210 614417 885242 446374 806532 696884 231429 228267 304438 901697 655886 935343 446360 1019637 850630
726200 258791 375759 622678 604933 856173 317763 514706 959211 485097 449180 1044932 999999999 142966 673430 618483 862864 914059 782031 295536 1030734 833037 744266 773792 658988 921085 506146 948776 871622 941403 397561 673923 1045219 881707 646147 527379 773336 311506 124458 452697 467759 841491 992849 226098 947587 454280 822879 688967 991472 575243 938866 940758 380430 960896 1127999 26058 734023 840441 471848 125297 647953 828759 644675 313030 728219 328836 643853 867875 187970 86567 51945 984739 267492 914701 941214 504632 869248 675351 781780 401085 868343 454034 792680 932648 871501 846560 716631 936364 719225 284891 436079 861775 940293 891101 392000 939538 808043 598691 70893 207561
712932 237849 360733 764609 722249 934286 460725 616153 1055026 600396 522364 1143590 142966 999999999 730611 650698 884420 1022538 911356 234014 1124256 960972 823242 872888 797079 941204 488361 957894 861375 1008182 524151 712616 1130473 877389 728899 605966 769526 442112 80269 579030 546108 889194 1097513 213205 1062336 595498 918818 805844 1103392 717413 1028961 1003323 492628 1032958 1217142 143505 703879 825728 484615 242455 697215 825278 724289 289402 776653 319970 770510 863442 325158 128176 191637 1080837 406798 1029616 948343 646929 861352 685950 921578 543463 987853 590209 801061 939162 973070 914653 745114 917689 781041 344748 485847 974793 1057451 1013408 375264 957056 775550 701814 211493 293452
355107 514275 425372 690507 372487 234366 646121 272879 408059 358177 229580 497550 673430 730611 999999999 140167 266303 454078 560347 569088 458037 574855 152537 294001 619024 316713 374765 379009 408067 280450 447007 96130 434592 387599 143293 173225 327303 493692 650354 437468 220307 173065 489451 527299 527523 607457 303631 392223 539294 677223 360488 273014 378269 311447 527638 698735 436407 410793 292023 558357 50539 352507 125113 482513 69642 442363 466860 379484 571779 616214 639884 431268 568013 504617 380909 653841 395950 232954 720096 627104 512401 528925 279205 376888 374511 191205 153483 487675 54790 391130 244785 452164 542197 554101 420357 340771 478143 269208 677181 466701
231784 419385 313191 761670 466401 370829 658943 338659 547918 417856 227593 636905 618483 650698 140167 999999999 246683 591906 672962 462200 596000 693914 292214 428319 704232 305058 240540 344337 321047 397112 482155 66655 567289 312004 261194 222124 224309 505621 571965 488490 236688 246360 629528 438807 663820 652200 442355 503577 677930 740638 499362 382042 400685 434748 660534 644515 306598 311373 174962 517300 89771 265404 243146 378517 143866 340173 562778 300544 554671 549174 593834 570864 571222 639517 340350 705399 311861 110663 816390 659059 641724 578127 202336 333334 513275 318105 98488 401194 190694 336090 188243 585385 676948 682750 304819 325245 357615 366179 636409 422468
247506 647708 529685 956673 635909 374957 895458 537919 555316 622972 463013 627373 862864 884420 266303 246683 999999999 646011 808269 676788 575099 814445 367302 515116 883034 58402 419791 112989 193827 323596 705550 204704 517100 159045 403466 430492 178391 741385 807769 701021 464536 164129 651062 671239 724270 870350 502119 645449 719742 943439 498225 293865 630188 370779 601856 888922 326087 220278 399824 763904 253508 156324 386590 600270 198790 565698 728294 158574 799647 790520 839870 570943 810923 709040 116538 918531 179514 202734 978828 885728 734446 792602 109151 114190 565419 301153 148622 258857 268774 582329 434807 665667 745458 776264 517513 79249 325207 533335 882849 669090
805883 865805 819115 548037 315657 272648 714883 407271 131026 429947 531981 162571 914059 1022538 454078 591906 646011 999999999 271129 937714 186605 239711 302542 168320 442513 669806 808914 745925 830010 362289 530026 548200 257197 800437 344247 452245 767939 617612 948750 479298 502519 482444 86850 864589 78317 589053 151027 235608 87859 568774 175578 393166 533742 326725 286056 933443 889098 843688 709827 789942 502973 779568 359218 855170 485756 817224 321406 796502 742866 894396 865316 139859 687695 70030 755049 596097 816195 685809 461830 643496 127908 527866 707125 755592 81540 346119 595044 902776 412767 697416 608773 68858 101936 158847 820167 691633 925170 321673 882560 729608
904521 811869 804611 287354 222059 476393 518647 366418 396504 330813 519960 430750 782031 911356 560347 672962 808269 271129 999999999 889327 457619 53943 442158 302876 183128 846231 837697 918790 968131 588571 387265 653399 524968 945980 417818 467525 886084 470704 848624 332648 491785 658165 350670 800436 241716 372609 336899 169487 295546 316876 427911 614899 433368 564395 556451 795926 978348 970774 731718 668907 597693 912793 436303 818778 616606 787246 143326 938667 595296 787281 730193 409516 522366 217687 924398 360362 955762 781871 193873 433672 148538 336153 839295 922457 308037 538405 713773 1047226 541628 639277 609163 204975 217800 140760 810947 870146 1030214 309636 734095 637852
485084 77733 149431 815955 674662 794518 552006 540963 942369 558623 405998 1033934 295536 234014 569088 462200 676788 937714 889327 999999999 1005166 932074 689840 774020 818252 731280 263336 739526 633318 848695 522336 528249 996407 651988 607680 488199 545757 465041 180325 569855 435249 708407 1001701 96967 991304 649744 811490 751595 1024044 773906 906396 838106 457999 880469 1087751 315125 470683 596142 287300 296183 526932 600914 597958 86794 601085 127063 746668 638128 394394 211273 313054 967925 469166 960115 728786 708940 634354 474297 948193 613716 932103 615557 584668 719320 874923 760150 548017 686253 623297 250450 337666 902568 992842 964722 159864 744790 541833 622230 357080 267183
778113 939905 871167 730473 464657 225524 869368 516607 73906 562541 606993 55248 1030734 1124256 458037 596000 575099 186605 457619 1005166 999999999 425474 316799 259351 625589 583517 832712 658158 768463 253814 670821 538346 80855 734130 399378 522279 726823 754461 1046520 625693 580614 416112 119238 944863 238107 755471 208112 395995 199535 748067 99081 285516 655488 207434 105171 1052469 863976 790680 745346 905473 508115 725066 407617 919057 462822 879173 493102 733340 873870 998104 985286 51450 829398 248483 670022 769330 754160 668813 648247 805754 313463 687727 658466 672819 173318 288418 568179 832363 405399 783792 667503 253369 267553 339708 868753 601836 885959 435001 1008947 832617
924365 854916 842339 336167 259100 468641 572494 401491 369271 373858 554193 394041 833037 960972 574855 693914 814445 239711 53943 932074 425474 999999999 447158 301216 233743 849453 869134 923295 980568 576821 436914 669611 496731 956725 434661 496230 902054 521536 897011 381946 525285 659867 313467 844671 198846 426539 327670 193909 251695 367997 406206 604697 478728 549036 520846 847386 1000385 985493 763375 718559 615046 925911 453141 859607 627275 827014 190621 950086 646862 836122 781286 379568 574882 178947 929750 413497 967827 801236 223460 487615 112019 389384 852112 928366 288539 534565 728114 1058734 551366 681648 642824 178891 172615 93365 847961 873032 1049580 337167 786167 684306
503602 626724 554389 622620 295418 111924 648941 257339 259985 332513 300878 351143 744266 823242 152537 292214 367302 302542 442158 689840 316799 447158 999999999 149989 536103 404081 520758 476841 538043 210201 439717 245679 308700 511934 99357 217970 468423 507918 743844 412060 278095 217169 337538 633958 377356 575919 151605 284690 387025 619495 217719 221190 394197 219521 398530 767958 586570 547417 429602 621321 202488 485029 99679 603392 186095 563336 377625 506191 610512 700555 703542 284346 585900 356188 482857 611645 524784 383272 619290 609430 371396 497264 411412 481298 222298 121914 293998 614488 110962 478740 352542 306450 393734 413441 551976 428029 624038 206133 734136 538655
648981 703740 652058 521836 215759 176189 615455 259112 186280 303764 368172 271354 773792 872888 294001 428319 515116 168320 302876 774020 259351 301216 149989 999999999 424827 548488 640875 622731 688031 292127 413008 389882 290810 661781 175977 286315 617066 495516 796749 370314 339362 358702 228044 704582 236017 512830 54015 167682 256170 528459 177705 315841 396514 276138 361359 794985 730324 697015 541508 648516 340912 634917 191268 690345 335566 651847 270698 656145 614534 745509 727458 211445 571044 211213 629610 536011 674772 526937 489607 558013 221427 439873 561233 628573 101341 235529 442123 764380 259667 538940 441911 158201 248689 263471 652694 571967 771164 175925 750066 579650
932116 741114 761509 105717 247133 599341 364154 366477 558708 295843 507254 604907 658988 797079 619024 704232 883034 442513 183128 818252 625589 233743 536103 424827 999999999 928745 822028 995991 1019616 716272 296112 701875 685947 1003397 479672 482667 927644 360889 744246 252682 484641 750249 526388 723272 423153 213251 471108 257910 477127 134285 580333 738326 369241 700582 727958 668592 996257 1014637 718724 559886 645036 963244 496446 759732 684406 734604 158539 994077 472062 681054 607498 575321 391511 396973 998964 185620 1008718 814657 129974 274478 328396 208073 892550 995385 462023 649445 765992 1100253 616004 578572 593158 373787 400376 323887 771066 953100 1056770 349946 602034 552724
285772 704105 585080 1005112 681801 397158 951724 589501 570950 674762 519882 637256 921085 941204 316713 305058 58402 669806 846231 731280 583517 849453 404081 548488 928745 999999999 472098 76204 201614 329703 759877 261517 519878 163344 449409 484424 214192 797692 864912 753581 520488 190123 667631 728107 748066 923318 530598 686413 739577 993386 513664 298157 685710 376330 600105 947142 358068 236095 456809 822301 308255 178803 433243 655983 247629 621984 772606 167811 857576 848397 898253 584461 867847 734987 86694 970464 188039 257087 1020910 940203 764802 845144 152331 89352 590576 323874 206884 252148 312742 640728 493133 694540 770652 806249 572540 24356 345811 580147 941251 727485
224705 254302 131086 852967 616503 608884 662452 472333 780461 527753 319573 871012 506146 488361 374765 240540 419791 808914 837697 263336 832712 869134 520758 640875 822028 472098 999999999 476508 373058 636678 545331 305076 807269 389574 465014 373818 282608 528210 419673 574513 346505 477855 856315 284542 875368 708945 664627 675527 896584 820562 734773 619994 461061 675127 900523 530807 229324 338183 105985 445188 325087 337998 449699 200043 383671 177425 707152 375657 519989 422016 501060 804379 569160 847903 465566 768560 373026 217932 947037 694336 837915 649676 322833 456070 734468 558566 305701 432160 428244 285550 230639 791100 884294 876510 115198 484140 303574 532446 548379 364567
268099 720059 597815 1069496 748861 473285 1001004 649805 646885 734659 567931 712173 948776 957894 379009 344337 112989 745925 918790 739526 658158 923295 476841 622731 995991 76204 476508 999999999 150806 404457 814841 311837 592981 113517 516377 540741 198332 847060 883881 812108 571712 265302 743615 746235 824198 980967 606073 757235 815758 1055860 589615 372642 737755 450755 671176 974750 327589 191384 478089 856356 363592 148948 499557 669327 311776 638048 841056 123091 898699 872567 929555 660117 914695 810935 15761 1029941 139576 273888 1091091 994630 840013 903634 157056 24544 666562 399908 250710 184752 381187 674037 531246 770033 846684 881558 584040 56340 301076 646323 973910 762081
148481 626609 502629 1081459 776223 562886 969643 657209 746100 738170 545701 820310 871622 861375 408067 321047 193827 830010 968131 633318 768463 980568 538043 688031 1019616 201614 373058 150806 999999999 517423 802016 318385 710889 38539 551274 541316 102301 818781 792228 809536 557219 354159 840938 655842 907776 972566 682215 800288 906995 1061431 689354 487599 719109 564606 795047 897046 185088 42827 404180 793304 375333 56375 532968 572869 353578 547117 872003 35273 849867 790208 859633 762696 878830 890214 135132 1026292 14316 217667 1126153 976868 909433 899059 128868 126473 748630 489786 255360 80669 429756 614303 488119 843424 927285 951477 487306 194279 150371 673233 905955 702343
542307 794720 703147 810997 490723 117189 859020 467523 247476 541773 492314 307719 941403 1008182 280450 397112 323596 362289 588571 848695 253814 576821 210201 292127 716272 329703 636678 404457 517423 999999999 649741 331629 193755 482171 307397 415675 484641 717766 927953 620432 474276 172984 343934 807360 438052 781100 251739 458392 420504 813779 191507 32266 603332 47186 281323 965928 627718 542116 566816 821110 322031 476812 303382 762352 253268 722312 560064 482168 817454 890418 903539 257741 795693 431651 416220 812959 503110 444945 779425 817429 475868 703344 414108 419012 291741 94898 342742 579198 227723 665143 523605 403206 463939 514262 696936 348168 641850 412187 936736 733957
690519 445071 470541 308662 214486 541915 209303 183766 596988 110581 256674 674778 397561 524151 447007 482155 705550 530026 387265 522336 670821 436914 439717 413008 296112 759877 545331 814841 802016 649741 999999999 503120 702307 794153 346171 275501 702243 88363 462036 55170 245600 613108 613401 427903 555063 170954 466498 297029 601719 275261 589769 660301 85721 654080 774072 413484 742356 787951 448076 281699 452044 747012 354859 464281 516395 440692 246749 782667 215483 400247 346245 621100 158859 522265 813753 227333 793466 585374 426086 180358 472258 104352 683962 807981 500779 560288 565768 881311 469261 284231 328131 472129 545599 493735 481323 783301 809501 243808 356458 258316
259100 483603 379484 767134 457844 312864 690784 343185 494140 426692 258392 581402 673923 712616 96130 66655 204704 548200 653399 528249 538346 669611 245679 389882 701875 261517 305076 311837 318385 331629 503120 999999999 505634 301654 235632 230370 232722 536709 633326 502277 260174 180167 579400 501869 622483 670140 397282 484413 632493 749999 443403 315774 426115 370340 598729 699849 341071 317643 241251 567951 56954 262142 217128 444048 78735 405311 553637 292202 597368 607656 646507 516158 606355 600127 310657 720413 307095 137626 807830 682800 608525 593526 190679 305027 467892 255679 64512 398840 137038 389430 238487 548081 637720 650212 371342 283772 382039 354865 687631 473364
732826 934881 857217 789494 505175 202079 906190 536633 128496 592128 608576 133793 1045219 1130473 434592 567289 517100 257197 524968 996407 80855 496731 308700 290810 685947 519878 807269 592981 710889 193755 702307 505634 999999999 675299 401659 524536 677232 782553 1051468 660968 584371 364684 198741 942610 315770 800972 236803 444511 279722 803697 113127 223328 677575 146757 93257 1067979 818591 735871 726338 920621 482882 670552 406430 909689 427606 869467 545482 675619 897364 1006401 1001874 117678 859190 323094 605605 819651 696582 629649 717696 848035 385097 729736 607170 609117 224348 249997 527505 771122 380058 786618 660254 320132 345072 414343 853328 536725 835099 460251 1028676 842528
168198 641069 517140 1068130 758510 531551 967064 643725 713594 725989 539043 786403 881707 877389 387599 312004 159045 800437 945980 651988 734130 956725 511934 661781 1003397 163344 389574 113517 38539 482171 794153 301654 675299 999999999 530801 528810 108565 814992 806572 799112 548625 321592 808931 669425 878440 964044 653798 779113 876202 1049618 656640 451976 712440 529351 758687 907347 216646 77873 411146 799055 358385 52951 512700 588109 329609 560455 853751 13954 851746 801676 867553 729640 877238 861686 98030 1016691 26112 215455 1107472 970744 882917 889396 111432 89005 719262 458065 237406 102685 405361 618432 486707 815971 898561 924935 502251 155743 187772 655223 913404 706843
490000 540886 479604 556634 232554 210558 554545 162417 334769 242767 208009 426262 646147 728899 143293 261194 403466 344247 417818 607680 399378 434661 99357 175977 479672 449409 465014 516377 551274 307397 346171 235632 401659 530801 999999999 123371 468353 410649 650092 323653 182827 277737 397699 545488 410642 491547 205260 249142 432063 547651 301789 315246 295935 318830 488616 669605 567522 552975 365661 522700 180430 495582 18514 522340 205211 482955 325140 522770 511297 604806 604793 360398 488487 383934 519622 532035 539219 366798 577432 520351 381131 412245 422434 516307 272396 215224 296245 630961 137140 385709 271078 327977 420814 421867 479292 473761 614993 130934 634935 441531
449769 419445 367175 540160 250740 329737 472907 116547 456375 197178 84725 547388 527379 605966 173225 222124 430492 452245 467525 488199 522279 496230 217970 286315 482667 484424 373818 540741 541316 415675 275501 230370 524536 528810 123371 999999999 446324 320791 526948 271911 60125 344116 513580 422847 511478 440233 323581 302335 539608 520810 425049 417874 205075 433549 611953 551454 516925 533413 268791 405737 177180 485132 118475 404086 241852 365534 346057 518340 405543 482645 488168 482141 395889 481987 540389 490044 531320 332170 597476 455857 465907 363222 417419 535054 386864 320851 294377 621865 204116 262358 156945 424318 517101 503637 368917 507919 574909 159065 521089 320964
71782 532830 409001 985949 687050 510100 867591 562799 695878 642079 445606 776004 773336 769526 327303 224309 178391 767939 886084 545757 726823 902054 468423 617066 927644 214192 282608 198332 102301 484641 702243 232722 677232 108565 468353 446324 999999999 717077 698245 711654 458434 312570 787826 560992 844446 873054 617602 716982 848728 964443 640633 457868 618722 530905 765958 798941 147872 87090 303535 692262 288557 55841 449847 480142 282603 452019 783334 94657 747694 693129 759782 714782 776633 824413 185820 927493 97085 116870 1037548 875994 837747 800436 71580 176095 686482 439997 175050 179338 357620 512579 386015 774687 861896 879668 394270 218675 159395 585003 805826 600774
696605 389928 436141 350961 302415 614249 154075 251282 680831 191934 279143 760365 311506 442112 493692 505621 741385 617612 470704 465041 754461 521536 507918 495516 360889 797692 528210 847060 818781 717766 88363 536709 782553 814992 410649 320791 717077 999999999 384457 142558 277379 664800 700431 368377 643424 187564 548374 385288 689972 309766 670783 725722 116423 725790 856853 326404 739624 800412 440033 200776 490410 765479 416576 417515 561407 400108 332573 802721 127256 321572 259804 705313 78007 610623 844414 247891 811513 601202 489329 166140 560350 153251 707415 837878 585972 625803 596352 896145 523206 247977 331929 560316 633887 581138 448924 820321 809942 322303 268235 198116
644194 165630 289645 720381 653031 854693 426101 541609 977820 531045 443026 1066881 124458 80269 650354 571965 807769 948750 848624 180325 1046520 897011 743844 796749 744246 864912 419673 883881 792228 927953 462036 633326 1051468 806572 650092 526948 698245 384457 999999999 516107 467267 809387 1022407 137675 990808 550230 841860 736023 1030662 674371 950743 923054 423007 952900 1138596 139330 640948 757856 408117 184372 617165 754085 645111 219656 696713 246408 706419 792620 277834 63274 158316 1003655 360180 958230 874769 604898 791509 610884 871163 502715 918695 536202 726847 865713 897337 834482 667085 851377 700779 265126 405601 902763 986988 945674 304929 881280 713823 627319 193612 219362
705387 492234 508916 280373 163945 509317 245262 165334 551789 81000 270289 627117 452697 579030 437468 488490 701021 479298 332648 569855 625693 381946 412060 370314 252682 753581 574513 812108 809536 620432 55170 502277 660968 799112 323653 271911 711654 142558 516107 999999999 253615 597632 563617 476750 501736 170062 424246 244766 549133 253631 547950 633218 116606 621392 729759 468464 762038 798257 473725 336614 448629 753800 334686 508036 507080 482096 191635 788204 269801 454635 401332 575370 208491 469019 812088 218137 800223 595235 381940 197391 417831 91586 687993 806865 454065 533828 566180 889623 453621 326404 349988 419899 491596 438762 518670 777422 826937 208890 410758 308977
452398 364379 322258 531290 270120 389846 431307 125829 513682 189490 29984 604214 467759 546108 220307 236688 464536 502519 491785 435249 580614 525285 278095 339362 484641 520488 346505 571712 557219 474276 245600 260174 584371 548625 182827 60125 458434 277379 467267 253615 999999999 393321 567378 365957 557995 415522 379503 333316 589096 507086 483928 475347 166051 493169 671370 491994 512361 544839 240613 346841 213065 501896 178577 352893 285865 315553 360998 537231 351869 422541 429266 539505 349415 527501 569889 469150 548366 341806 605500 423741 505740 342016 438364 563798 440586 379379 321439 636940 257752 203225 117561 469734 561485 541627 325909 543275 575107 193240 463189 261016
369323 662915 559537 832417 505416 210848 816048 432623 392059 516788 402206 466937 841491 889194 173065 246360 164129 482444 658165 708407 416112 659867 217169 358702 750249 190123 477855 265302 354159 172984 613108 180167 364684 321592 277737 344116 312570 664800 809387 597632 393321 999999999 487359 680129 560752 767113 340792 501702 555613 825065 335217 148719 548716 218619 454008 867091 454759 374684 421296 729062 193715 309064 264239 624151 113387 585271 592358 319413 744831 780036 809962 408555 739956 546358 273404 809341 339944 275323 836411 791759 574757 687839 242904 273461 402266 137028 174701 422672 144119 557092 406811 504748 582460 616268 551112 213359 470850 407390 848368 636229
831946 931752 877190 632087 399682 278512 800906 481400 96850 510933 596083 80574 992849 1097513 489451 629528 651062 86850 350670 1001701 119238 313467 337538 228044 526388 667631 856315 743615 840938 343934 613401 579400 198741 808931 397699 513580 787826 700431 1022407 563617 567378 487359 999999999 932560 119805 675891 192737 321257 81351 654184 154023 376136 612538 301734 207504 1012868 916821 858672 761075 868123 539757 793445 410422 917604 510285 878807 408249 806457 824728 969624 944834 88281 771668 134520 754165 682683 826807 715575 536913 730182 202743 614279 723111 755825 126813 351158 619560 909892 442373 766595 667821 154694 149209 224146 876991 687902 946873 395845 963662 804077
508244 32875 153560 719193 589448 742438 456964 461246 879174 470856 338345 969998 226098 213205 527299 438807 671239 864589 800436 96967 944863 844671 633958 704582 723272 728107 284542 746235 655842 807360 427903 501869 942610 669425 545488 422847 560992 368377 137675 476750 365957 680129 932560 999999999 914281 552784 745452 668620 949637 676993 847077 800103 367332 835376 1032185 249434 509785 622260 271420 202767 490408 616831 537921 87062 568653 108973 657267 655477 299439 139852 231977 904957 372769 882501 737095 611976 654777 473420 853110 517019 850673 519477 589213 728038 805920 715571 532295 716692 579679 167667 284471 825417 914034 881735 169344 744160 583487 544931 278521 170960
880931 917693 878368 528373 342735 350913 726624 453246 197834 463010 587869 199125 947587 1062336 527523 663820 724270 78317 241716 991304 238107 198846 377356 236017 423153 748066 875368 824198 907776 438052 555063 622483 315770 878440 410642 511478 844446 643424 990808 501736 557995 560752 119805 914281 999999999 591749 226844 258792 53974 554969 248415 469328 570001 400691 325960 965599 963554 920938 774385 825270 575642 857026 426681 910549 561951 873537 325871 874384 770360 934296 897586 199591 709217 32889 833355 590811 894001 760075 421045 649450 95175 538162 784367 833908 159185 424427 670912 980839 488130 746614 668395 88869 29454 106514 880389 769839 1001110 369516 911192 771563
861256 575872 622762 170158 297142 666984 150920 335328 682704 250434 427575 747649 454280 595498 607457 652200 870350 589053 372609 649744 755471 426539 575919 512830 213251 923318 708945 980967 972566 781100 170954 670140 800972 964044 491547 440233 873054 187564 550230 170062 415522 767113 675891 552784 591749 999999999 566263 359518 644079 124972 688413 796056 255876 777913 860642 461415 911709 958861 615130 368138 617380 917382 503444 604965 677084 587532 268020 952727 272531 487243 403963 704068 190088 561143 980564 60418 963849 756194 328847 61800 498387 79326 853470 975121 582343 697761 733559 1052024 623257 434124 497772 522569 574530 506308 635139 947092 979586 369902 393373 384314
654862 742967 684862 570192 269382 140979 669425 308516 136494 356893 407358 225162 822879 918818 303631 442355 502119 151027 336899 811490 208112 327670 151605 54015 471108 530598 664627 606073 682215 251739 466498 397282 236803 653798 205260 323581 617602 548374 841860 424246 379503 340792 192737 745452 226844 566263 999999999 216652 235683 578723 123715 278119 447529 230384 308654 844478 738097 694435 568490 697592 352989 630820 217693 726718 335130 687596 319914 649223 666330 791993 777224 162199 624247 207999 614110 588363 668570 534862 527886 611887 234603 493698 557893 613888 70927 208977 444223 756422 261756 581451 476039 163960 245126 275771 684441 553381 774412 227280 800896 626219
735064 675609 653398 354182 84042 341431 479686 212415 323507 205454 362691 389447 688967 805844 392223 503577 645449 235608 169487 751595 395995 193909 284690 167682 257910 686413 675527 757235 800288 458392 297029 484413 444511 779113 249142 302335 716982 385288 736023 244766 333316 501702 321257 668620 258792 359518 216652 999999999 304691 362157 333597 480497 313306 443818 501159 706830 809274 801987 569898 567197 428470 744685 267554 675440 450711 641108 103289 771408 511916 678160 638840 344573 453207 225908 761957 375168 788124 612385 334780 410982 182938 293838 671424 759476 223080 393138 545384 879784 377005 502143 450552 175175 251770 213223 658155 710602 860738 143270 652614 517708
888970 951596 906641 582331 387923 344826 777341 490285 173568 506374 618693 154346 991472 1103392 539294 677930 719742 87859 295546 1024044 199535 251695 387025 256170 477127 739577 896584 815758 906995 420504 601719 632493 279722 876202 432063 539608 848728 689972 1030662 549133 589096 555613 81351 949637 53974 644079 235683 304691 999999999 608883 229031 452484 612239 379880 279314 1010072 972808 922538 797671 868271 588654 857841 446923 941941 567693 904201 377256 872975 816473 975225 941961 168834 757275 82936 825725 644183 893011 769917 472697 701281 149040 588947 786209 826905 164782 418591 677266 977982 496174 782173 696290 129850 79230 158594 907822 760527 1006838 405209 957013 811307
959014 699466 741181 48340 324570 696839 261592 406937 678655 323637 523787 731260 575243 717413 677223 740638 943439 568774 316876 773906 748067 367997 619495 528459 134285 993386 820562 1055860 1061431 813779 275261 749999 803697 1049618 547651 520810 964443 309766 674371 253631 507086 825065 654184 676993 554969 124972 578723 362157 608883 999999999 694611 832818 360234 803444 851917 580689 1014827 1051230 722951 492922 694724 1005438 562262 726887 745807 707766 259153 1039088 396538 611545 525807 697050 314280 527641 1056996 70753 1051756 848309 219604 174258 459845 170911 938229 1052366 579556 738622 814414 1141769 684207 552672 601337 499961 533125 457535 752903 1017588 1080338 417766 511804 507666
688572 841602 772087 682504 392220 131721 793138 427046 57298 479818 509755 138013 938866 1028961 360488 499362 498225 175578 427911 906396 99081 406206 217719 177705 580333 513664 734773 589615 689354 191507 589769 443403 113127 656640 301789 425049 640633 670783 950743 547950 483928 335217 154023 847077 248415 688413 123715 333597 229031 694611 999999999 223453 567497 152324 189134 961131 774175 708647 646517 813831 410806 643159 309323 820202 369590 780277 435643 654629 787048 903494 894459 74164 747090 245599 600235 708278 675151 576179 621782 735036 298032 616758 574136 601987 120087 200866 476977 757057 308700 687134 568736 227398 275438 333007 769682 533880 800024 348692 919889 738498
517128 786281 691336 831533 508746 139654 869279 477048 279611 553677 491747 339632 940758 1003323 273014 382042 293865 393166 614899 838106 285516 604697 221190 315841 738326 298157 619994 372642 487599 32266 660301 315774 223328 451976 315246 417874 457868 725722 923054 633218 475347 148719 376136 800103 469328 796056 278119 480497 452484 832818 223453 999999999 610401 78173 308802 965566 602166 513188 554067 821832 311367 448101 309410 752164 238583 712337 581218 452327 822073 887341 904161 290008 803438 462279 384558 829689 473296 423357 804724 830561 505130 717755 386897 387503 321314 100078 321734 548305 222597 661891 517672 432458 494956 543953 684481 316324 614162 426253 938522 733200
605401 380275 392310 391921 230040 502354 267862 141086 582771 108042 173483 666414 380430 492628 378269 400685 630188 533742 433368 457999 655488 478728 394197 396514 369241 685710 461061 737755 719109 603332 85721 426115 677575 712440 295935 205075 618722 116423 423007 116606 166051 548716 612538 367332 570001 255876 447529 313306 612239 360234 567497 610401 999999999 613134 755663 400345 656647 703997 362729 256239 377559 664512 301008 392963 446536 365986 290079 700691 219808 364858 332355 607950 193331 537218 735923 312952 710904 501900 498272 258376 495747 189495 602977 729793 492255 510672 487461 797988 406825 211087 242422 482972 564825 522860 402106 708708 723932 220590 353553 206192
587669 824143 736522 797933 483582 112209 863145 474523 206311 544561 513215 261759 960896 1032958 311447 434748 370779 326725 564395 880469 207434 549036 219521 276138 700582 376330 675127 450755 564606 47186 654080 370340 146757 529351 318830 433549 530905 725790 952900 621392 493169 218619 301734 835376 400691 777913 230384 443818 379880 803444 152324 78173 613134 999999999 235440 985002 673252 589165 601518 839037 355891 523815 317484 793827 291608 753632 546716 529351 830022 913150 921420 214388 803786 396649 462723 806685 550292 487967 756987 817131 444832 701314 460609 465674 261034 120332 385602 626240 257191 688655 550930 372550 427473 481873 731011 394425 688474 412525 952975 754071
823101 1025254 949487 833213 569402 294376 973875 615652 178495 665119 696442 127034 1127999 1217142 527638 660534 601856 286056 556451 1087751 105171 520846 398530 361359 727958 600105 900523 671176 795047 281323 774072 598729 93257 758687 488616 611953 765958 856853 1138596 729759 671370 454008 207504 1032185 325960 860642 308654 501159 279314 851917 189134 308802 755663 235440 999999999 1150239 908692 821739 819207 1002952 576071 756800 494657 1001115 520575 960939 597898 759804 974840 1092101 1083507 156587 932349 341946 684504 874202 780788 721735 744306 910840 409603 792765 695328 688700 278442 343052 619457 852224 473175 874311 750936 354365 354959 431470 945822 615375 922878 535845 1108555 927349
751399 281932 400182 628476 622865 879829 320907 536058 980683 503865 473867 1065906 26058 143505 698735 644515 888922 933443 795926 315125 1052469 847386 767958 794985 668592 947142 530807 974750 897046 965928 413484 699849 1067979 907347 669605 551454 798941 326404 139330 468464 491994 867091 1012868 249434 965599 461415 844478 706830 1010072 580689 961131 965566 400345 985002 1150239 999999999 758291 865658 497693 147365 673609 854403 668442 336489 753852 353404 658961 893506 200645 109590 68137 1006148 277534 932710 967155 509945 894760 701280 789867 406462 885260 465379 818608 958576 892176 871057 742676 961451 744242 310705 461913 880276 957735 907210 416384 965589 832233 619548 69320 232441
