NAME : synthetic_000239
TYPE : CTSP-D
DIMENSION : 100
GROUPS : 8
RELAXATION_LEVEL : 1
EDGE_WEIGHT_TYPE : EXPLICIT
EDGE_WEIGHT_FORMAT : FULL_MATRIX
EDGE_WEIGHT_SECTION
999999999 945618 805643 943849 1129503 974822 866375 709963 807664 628485 435933 795203 823990 497061 543634 677440 871324 36070 602312 830521 752499 155900 980061 162783 876664 699493 539454 292888 1164152 712170 843037 651121 299297 490339 624236 1068368 668726 515782 1001615 199913 879865 940470 833571 332627 986838 938851 718035 381306 774169 944355 483792 779285 941455 289374 813436 999166 247276 817950 430397 646909 1186599 429721 901279 1108099 490786 240812 487723 875141 847215 134458 863905 479312 605983 897427 718417 840940 787781 508621 288095 1095235 306601 737586 410566 430489 793721 550994 435662 789154 767320 647831 712058 739324 248737 424732 371757 293521 630302 422252 952739 667587
945618 999999999 868268 33046 815193 256902 779323 983675 1132720 652918 932539 615075 917672 759687 1134430 269141 434656 925831 345539 409630 1108177 796245 754610 957685 1034813 692823 627681 765309 832015 288563 161706 294563 736785 742617 821653 834019 455663 431558 517653 748915 148965 22589 130538 653657 68758 509497 257737 802004 219302 347030 1009150 216415 457027 656346 1104319 779753 785236 565898 545280 1034721 821571 548553 57515 904763 567324 779154 767255 923519 1040376 958859 538675 1071590 1104590 255626 414830 500861 1134319 442139 796750 576282 766158 223986 864585 970949 853673 417732 517830 219205 389053 528366 637147 217596 759386 904202 822170 685748 385509 691061 395001 426078
805643 868268 999999999 840878 394912 678501 132478 190414 297758 259789 405323 258492 49413 314878 491552 718469 459671 769625 743544 467590 299286 700973 262771 947804 166583 188084 348534 526587 427500 610468 908406 732523 534192 326579 181418 311428 432919 724133 478657 693189 720701 882563 858284 568416 936976 433344 653313 424842 663651 579557 415558 664556 481606 707190 261399 265438 570730 313710 808372 294577 461159 813452 812603 325250 452668 878237 322388 75505 176292 924947 359301 478761 404267 631828 459412 384763 309937 645983 521606 526361 510782 692461 401714 434910 16289 802796 750136 656467 479303 365935 236031 815407 583776 401779 433944 818319 543074 420190 543983 466253
943849 33046 840878 999999999 782369 223905 749910 959693 1108114 629765 916007 586486 890291 740924 1116991 266461 403582 923011 347762 379845 1084596 792887 722998 961539 1007461 667246 608400 754832 799070 271187 185695 294647 726794 724188 798762 801781 433083 432653 484756 745898 120219 54980 147438 645497 98541 477268 243898 787306 200510 314235 991792 197082 424572 655153 1079205 748028 776436 536545 551170 1012966 788544 554701 42795 872516 552207 784189 748802 895086 1013725 961723 508050 1055138 1084876 223790 390275 470731 1110217 437346 785839 543275 755021 213169 848653 954862 826445 424922 520426 197841 362235 505493 611113 226917 751379 887889 807700 689786 369181 676112 362219 404427
1129503 815193 394912 782369 999999999 563313 279868 582740 656723 501671 781398 344231 416036 640876 886430 791084 402439 1094071 855053 444610 675701 997485 150367 1249070 483354 430850 595762 836635 34891 662382 919902 819400 832706 643652 543887 87481 541897 876063 297869 975007 676859 835814 864900 830038 878174 312673 701473 759596 678757 468167 804730 676602 360624 953518 618202 135426 882351 343697 996897 688637 66312 1002420 772696 125705 672979 1138031 651615 371087 515985 1230965 325503 870701 798537 563198 524974 366483 675775 805985 843438 262837 822969 730756 760021 815983 396708 940664 936179 661934 504777 518117 419809 864523 884639 771296 774835 1057409 651013 708401 420213 566292
974822 256902 678501 223905 563313 999999999 569825 825014 965361 514911 843021 420659 726939 657333 1031729 354595 218889 947699 444817 217224 950821 818923 519510 1028047 842341 527845 528684 733683 578101 267300 389188 390280 710611 644162 678102 590205 343176 512180 265880 776350 146097 278781 337814 647177 316244 270222 275600 733389 220989 103094 910139 215939 215401 702278 932587 542927 766147 364819 647315 895727 565969 652056 224646 660444 510790 863598 667327 721787 854781 1022008 322350 978838 982519 77651 288290 293738 971658 481225 760046 319384 729104 276280 782687 884074 665934 538275 600036 201291 241138 403454 470267 377581 747871 817543 754595 767231 344938 626299 148492 328024
866375 779323 132478 749910 279868 569825 999999999 320870 427909 255604 501639 167597 171794 370341 613747 663924 352809 830454 703872 370175 431695 744955 135781 996675 278386 174645 354777 575984 314242 544778 838677 683464 576790 376053 264213 205527 377696 699819 351457 729005 630361 795599 786001 591100 847882 311630 588135 488713 588241 467971 526090 588238 363101 724931 390637 144700 621769 213425 801311 422159 344567 806677 725893 242134 449890 905071 380378 153472 297922 976261 247629 593190 530722 531992 389590 280502 441338 622775 578288 394396 561232 625462 482779 536122 127997 774738 740822 577835 397292 323663 192213 755557 628611 492152 502263 834351 494537 453874 428362 409979
709963 983675 190414 959693 582740 825014 320870 999999999 151545 331585 276272 411364 168174 283774 308415 792920 611017 675271 796865 607992 126007 636223 453157 865223 169456 297652 382765 467135 614403 704936 996474 799008 484807 302163 166756 497373 528858 757485 654183 641430 841955 994920 951252 546193 1051100 602616 744828 354383 767769 732338 256308 769794 645692 681649 131139 455514 504324 467910 813246 106832 649043 817683 926364 501114 480513 830833 284665 219145 137488 839410 520711 308630 216451 768161 569446 537320 150694 682620 450773 710342 451363 784451 303451 292728 192894 837418 761130 765008 601648 456065 355390 892949 526098 285231 354196 789369 620588 400322 702823 559973
807664 1132720 297758 1108114 656723 965361 427909 151545 999999999 482144 375543 546244 256375 428534 317908 944440 748430 774920 947261 749568 55641 754695 547636 968136 175223 442181 533753 593881 684617 855785 1147950 950291 615076 447458 318281 569248 678955 905591 776391 766017 989632 1144442 1102525 684201 1200453 729934 895949 482169 917871 869682 325560 919772 776642 815865 38584 543518 626344 602928 955045 161833 721424 959273 1075556 554624 630021 953678 427867 289219 140773 940907 652608 351119 223358 911838 717963 673703 25311 831629 572973 822000 578794 935602 421246 377184 306772 985304 904901 914560 748084 606276 499509 1044477 651390 393169 477653 920632 772080 542946 837027 710435
628485 652918 259789 629765 501671 514911 255604 331585 482144 999999999 342969 171397 303582 161714 519212 468365 319774 593301 485747 301514 455349 496624 353440 748664 412359 81596 99191 335711 536157 373674 667642 478811 331036 156450 169076 445664 197435 464389 412873 476872 513547 663689 621030 336164 719990 349952 414167 271608 436236 434139 401053 438321 374905 469330 456299 374241 381210 208290 553150 385389 558115 558375 595490 493845 197384 649859 173184 333084 407453 729866 263370 471480 467734 449914 240872 258110 482234 386227 345052 496519 322581 453865 295126 384016 243520 543011 493768 433888 278589 124623 84559 567559 382986 321745 290185 578899 293155 206739 416395 228392
435933 932539 405323 916007 781398 843021 501639 276272 375543 342969 999999999 502276 410716 186281 204087 692161 661222 402022 665320 638314 321631 381752 633931 594252 445191 375213 315297 235224 815860 644827 900230 685973 262131 198861 237522 705354 501717 602595 753493 398101 811427 937874 865528 346990 993780 691478 675214 140416 715614 771365 81202 719241 717871 462067 378367 646011 258884 547758 617922 213710 845525 621298 876277 728758 366263 582151 175899 464646 413701 567553 604088 139132 206170 771592 555532 601066 357658 540726 208072 832592 222600 711239 70147 41299 397410 677114 577245 720375 601887 439899 416941 787972 287374 29070 125366 558976 547105 244590 757520 522600
795203 615075 258492 586486 344231 420659 167597 411364 546244 171397 502276 999999999 307437 329887 659103 499257 202420 760521 544878 209482 535599 657221 205787 907615 423983 129435 256047 503674 377501 377977 671088 520559 496048 326768 286042 303498 217353 549759 254472 632487 466392 630632 618417 486588 683803 196068 421258 442800 420684 323481 550044 420730 234920 609400 512633 230804 548543 56758 661773 494086 395362 667262 560715 363506 328759 793832 341390 308619 434534 890539 110289 620970 592488 373668 222957 127516 553972 475142 515108 330319 491321 458225 461658 542195 245479 621195 600749 410520 229992 177111 87689 589150 547339 484166 461055 714091 334369 373308 291668 247996
823990 917672 49413 890291 416036 726939 171794 168174 256375 303582 410716 307437 999999999 341685 475991 765757 508054 788142 788845 516714 264068 726210 293850 970007 117171 235145 388443 551516 447107 658983 956915 779134 561383 355158 203402 329935 481059 766962 522229 721204 770113 931938 907015 601379 986376 478959 701724 445785 712710 627527 411203 713658 528155 740512 218894 292699 594574 362301 847398 274972 482236 852395 861983 333482 493016 908068 348035 54217 128512 946346 406806 470449 384605 680958 508441 433244 270729 688926 543909 565627 535529 740960 415435 436740 64325 846047 789884 705672 528691 413244 284670 863110 609684 410657 452870 851542 590143 451791 591238 514358
497061 759687 314878 740924 640876 657333 370341 283774 428534 161714 186281 329887 341685 999999999 378019 535453 476060 461034 525251 452141 386846 386098 490511 633950 421544 212231 132932 211867 675764 471206 743907 535425 219803 19192 139254 574380 317758 477982 574552 379524 632218 766863 704274 265881 823306 511507 505265 118829 540718 585141 254032 543941 534612 404107 414053 507400 256495 369890 529567 291455 701414 534044 702620 611382 208006 566710 11517 388286 402408 611785 425079 321681 345956 586746 370701 418394 420287 405697 209406 657860 196174 543151 133494 227551 301442 557374 477442 543495 416236 253924 242282 634616 268917 162467 134224 514192 375949 117067 572061 340776
543634 1134430 491552 1116991 886430 1031729 613747 308415 317908 519212 204087 659103 475991 378019 999999999 896238 837813 516359 868340 820622 266181 539430 749374 705983 458122 529978 510808 424357 919033 846102 1104307 889935 453798 393689 373328 802669 695409 803289 913486 566947 1009942 1140353 1069501 543034 1196447 854624 877685 343057 916483 953351 125287 919936 887926 644933 341082 755298 436537 710711 807700 202013 952641 810591 1077825 809381 569655 736461 369272 527555 420247 677280 767364 73036 97510 963062 747562 771613 293079 743611 393155 983485 414417 914192 274071 170158 490073 876037 771756 920289 791551 629241 580912 991996 467815 233112 325985 731263 748976 448643 934348 718789
677440 269141 718469 266461 791084 354595 663924 792920 944440 468365 692161 499257 765757 535453 896238 999999999 392473 656984 90988 347474 911150 527187 686929 699397 878688 530625 412589 504426 816936 128703 208814 35690 474904 516807 626165 781004 287785 169028 525004 479953 222044 266250 174536 388448 317171 485699 92058 555168 135736 380634 771896 140374 450288 388709 921518 713588 520511 468092 297794 824433 818671 302119 224013 848520 329158 525195 540841 785729 875608 698059 468551 829265 879357 291020 277411 426497 941390 173550 536765 612189 507058 78349 622332 727992 702426 183681 258521 156252 287034 352556 484537 100084 493403 663167 574066 429241 175780 447605 416036 254734
871324 434656 459671 403582 402439 218889 352809 611017 748430 319774 661222 202420 508054 476060 837813 392473 999999999 839809 464164 47665 736205 719605 320978 955439 623516 316879 360829 598127 426324 264647 520747 422984 581179 466362 472280 405498 203023 500374 141412 684201 287431 452890 465810 539969 502120 93307 301249 570532 276343 121404 720799 274263 71102 632466 715022 346650 637769 146136 631893 687638 426424 637310 385011 475859 380940 812497 487059 503652 635962 943672 105754 791253 780228 181028 158349 74994 755651 441081 618690 236394 589754 328752 608142 702469 447240 555010 574100 259807 117738 233241 260733 462165 626816 638459 591190 721225 278292 474631 96635 210061
36070 925831 769625 923011 1094071 947699 830454 675271 774920 593301 402022 760521 788142 461034 516359 656984 839809 999999999 584436 799546 719912 130632 944528 193486 841599 663880 505005 257600 1128744 686657 827768 631801 265008 454405 588224 1032605 637582 498149 969086 177119 855866 921401 816210 302814 968796 906137 694124 345241 749865 914913 452040 754938 909698 271465 780002 963520 212162 783994 420590 613811 1151382 420365 880322 1072133 458937 247532 451675 839215 812409 165992 830463 450524 575755 870167 687921 808104 755351 486351 252166 1062405 271103 714992 375125 397953 757679 537751 421011 764359 737116 614903 677032 722276 215090 390098 335772 288846 602821 387347 922279 637414
602312 345539 743544 347762 855053 444817 703872 796865 947261 485747 665320 544878 788845 525251 868340 90988 464164 584436 999999999 417396 909765 456820 741578 613877 897813 556193 414506 458956 882619 201718 248779 56073 428531 506100 631428 837770 327637 86548 601242 409009 312856 338844 231857 338061 384545 557191 174492 525334 224513 465259 746330 229391 526392 313186 927460 768054 468105 521187 207527 816699 887056 211700 306495 903234 318094 437515 528842 814264 890915 613994 529716 798754 861179 379213 331334 488576 941805 124753 491953 691242 464153 168718 595229 698326 727278 94631 172674 244802 351599 382110 516476 138547 438774 636301 542506 342373 210510 424591 497824 297114
830521 409630 467590 379845 444610 217224 370175 607992 749568 301514 638314 209482 516714 452141 820622 347474 47665 799546 417396 999999999 733883 677768 353751 911273 633425 310645 330968 561714 469694 219061 484674 377260 543455 441010 461625 442201 162033 452721 188901 641349 260756 426542 430054 498334 478013 139832 257021 540750 236426 133146 701236 234855 116955 587229 717485 380005 600149 157099 584274 678954 471296 589688 357323 511904 341591 766411 462799 517222 643169 900036 131768 771066 767573 164244 113510 91709 755238 393622 583628 283542 554096 286404 582331 679610 454141 507797 526580 221320 70291 202072 253044 420567 587827 614424 561678 674673 230869 441106 124763 165387
752499 1108177 299286 1084596 675701 950821 431695 126007 55641 455349 321631 535599 264068 386846 266181 911150 736205 719912 909765 733883 999999999 701993 557896 913224 204904 423649 498780 543462 705115 827507 1116527 915332 565568 405979 287538 588449 652777 864828 774165 714546 967252 1119035 1072438 637271 1175337 724594 866702 432637 891428 857590 269995 893591 769057 767069 75227 556395 574675 592299 909369 108396 741306 913474 1050783 580033 591730 901512 385157 304688 167230 885904 644203 296206 170080 894166 694521 662187 36164 792092 521544 825515 528623 906192 369799 322021 305662 944175 860510 889227 727410 579971 481387 1011223 600392 340243 427023 870660 740911 499008 827264 683386
155900 796245 700973 792887 997485 818923 744955 636223 754695 496624 381752 657221 726210 386098 539430 527187 719605 130632 456820 677768 701993 999999999 850021 252133 794749 572738 401946 174700 1031718 556614 702505 502791 168443 375166 522816 941841 516600 371113 852348 47843 725306 792287 688639 179645 840443 790287 563537 283827 619359 789455 448943 624443 790187 146726 753309 870797 132674 675086 308055 593601 1051926 308859 750161 986802 341228 200664 378765 774084 769644 233508 718330 467636 579101 741532 565007 693020 738148 355902 185702 946800 190681 584408 334654 391300 687487 416706 298850 634002 613415 500979 577690 595186 117381 361750 282073 196968 474455 291368 799025 513772
980061 754610 262771 722998 150367 519510 135781 453157 547636 353440 633931 205787 293850 490511 749374 686929 320978 944528 741578 353751 557896 850021 999999999 1101983 383569 280822 449340 687312 185254 560022 838389 711874 684213 493350 396623 97828 417582 752805 267006 829081 608280 773335 783803 685491 821347 249338 601819 609230 588954 416955 661277 587750 304117 812450 509337 26663 733103 220394 867249 556302 212151 872747 705885 161796 531781 996206 501259 259331 410355 1083306 222501 728748 665409 499231 411176 264290 563641 679402 693499 283470 673460 635262 610415 669472 261108 822034 806232 574731 401905 382889 273519 769439 736225 622801 624492 918482 532316 559850 371139 445628
162783 957685 947804 961539 1249070 1028047 996675 865223 968136 748664 594252 907615 970007 633950 705983 699397 955439 193486 613877 911273 913224 252133 1101983 999999999 1029785 824829 653311 422462 1283195 760753 834124 668096 419887 624416 767518 1193973 753608 530426 1092152 275792 916118 948857 835332 422980 989127 1031526 757393 524222 814329 1012913 645517 819569 1026529 327219 972581 1122880 377457 922820 413967 806812 1302811 411274 920370 1238658 585481 180696 625778 1019557 1001764 28923 963581 642080 768621 952638 797780 935733 948725 547117 426354 1187480 437921 769175 562659 591355 934908 542382 441430 831768 843767 746378 829286 741917 368095 580851 517992 271939 692719 543433 1028197 745892
876664 1034813 166583 1007461 483354 842341 278386 169456 175223 412359 445191 423983 117171 421544 458122 878688 623516 841599 897813 633425 204904 794749 383569 1029785 999999999 349244 489806 622016 510422 774393 1072179 890713 636241 437663 284187 396042 595949 871075 629216 795592 887284 1049015 1022750 687116 1103510 589739 816905 510925 829154 742143 423810 830187 640397 825635 137439 376202 662087 478269 943538 261462 547442 948346 979072 379402 593934 984722 425561 126372 38181 1004544 520985 470761 360915 797645 624890 548949 196550 793537 609245 664449 605979 856293 467183 462128 181192 950777 887738 822409 645805 526854 400701 976781 681167 452571 513767 935686 702908 537220 704607 629138
699493 692823 188084 667246 430850 527845 174645 297652 442181 81596 375213 129435 235145 212231 529978 530625 316879 663880 556193 310645 423649 572738 280822 824829 349244 999999999 180433 407013 465661 425391 723010 544439 405369 213331 157661 369596 246749 540667 383866 555187 548101 705599 673932 416460 761074 324659 467746 330028 482048 437372 420747 483403 359886 550595 412189 299695 452866 181124 633480 370796 490101 638746 636093 414706 278472 730426 223396 258130 349860 805187 237565 491637 465606 470615 278651 245633 446206 462581 412677 458405 392933 507200 339363 414543 171942 618322 573737 476675 306040 178099 57738 628026 457395 358646 346356 660358 355078 281399 411428 279904
539454 627681 348534 608400 595762 528684 354777 382765 533753 99191 315297 256047 388443 132932 510808 412589 360829 505005 414506 330968 498780 401946 449340 653311 489806 180433 999999999 249469 629893 339575 619227 416748 240167 117305 216923 543073 186440 381434 474787 379741 499287 635400 577207 237352 691929 410896 375041 209934 408474 462316 386418 411583 425045 370189 513059 471062 293544 280141 459856 412916 650022 464950 570466 592629 104608 550775 141561 423532 479430 635448 329630 452966 476942 456449 240572 313340 529560 304275 264359 564590 238196 413592 254045 356047 332570 461297 401684 410791 287938 128902 176044 512609 291309 289157 230775 479952 246186 119333 454361 208073
292888 765309 526587 754832 836635 733683 575984 467135 593881 335711 235224 503674 551516 211867 424357 504426 598127 257600 458956 561714 543462 174700 687312 422462 622016 407013 249469 999999999 871272 492068 704894 490283 30554 201957 348118 776384 401367 385719 720844 174327 666419 766332 678164 121874 819729 657196 511803 112825 561879 685658 313058 566414 666026 226997 588833 706690 45869 529579 384276 435900 893782 387414 712657 818106 223654 363792 204221 599462 598175 400918 578193 351795 441284 656645 455234 559004 579472 336362 33032 812348 16068 541911 174560 257579 513283 454548 347532 572038 505466 366892 419561 591890 59186 209650 116455 327290 396702 130482 686367 408409
1164152 832015 427500 799070 34891 578101 314242 614403 684617 536157 815860 377501 447107 675764 919033 816936 426324 1128744 882619 469694 705115 1031718 185254 1283195 510422 465661 629893 871272 999999999 688283 940793 845854 867171 678514 578375 117188 572262 905537 314529 1008926 695987 852959 885857 863720 893958 334969 726708 794481 702146 485480 838508 699813 380636 986463 646187 170052 916970 374899 1027521 720585 37492 1033046 791004 141399 706113 1171068 686506 400935 543856 1265215 353965 904191 830500 582132 553562 394298 704165 836206 878209 269506 857647 755070 794821 850280 429761 969128 966915 684885 531535 550413 454031 888361 919082 805925 809726 1089878 680040 742896 437757 595933
712170 288563 610468 271187 662382 267300 544778 704936 855785 373674 644827 377977 658983 471206 846102 128703 264647 686657 201718 219061 827507 556614 560022 760753 774393 425391 339575 492068 688283 999999999 297941 158337 465651 454065 539970 653305 178831 252344 399840 512571 174373 295827 248608 391838 352356 357954 43384 516874 71171 267542 720851 75222 324959 435353 829777 586682 518404 342804 388470 749400 690357 393547 231737 721304 281794 597358 478705 674104 774915 754906 340356 783956 816480 192688 155188 298216 855393 214047 521739 489527 490581 81995 577521 683692 594819 295066 336914 80017 158756 250325 374440 211345 496350 616704 537448 501282 98297 405608 297118 146114
843037 161706 908406 185695 919902 389188 838677 996474 1147950 667642 900230 671088 956915 743907 1104307 208814 520747 827768 248779 484674 1116527 702505 838389 834124 1072179 723010 619227 704894 940793 297941 999999999 215441 674721 725348 830020 925997 476261 332015 629097 654693 248894 142465 55018 585259 162561 607368 255274 762364 251165 460930 980244 251721 560178 556719 1123555 864675 716215 630170 421236 1031919 935230 423485 167003 996104 537970 653489 749464 971560 1072038 838715 616033 1036722 1088154 361212 450982 574689 1145973 368548 737722 700553 708993 215955 830259 935533 892760 294022 407375 263904 442483 546506 672376 113153 687231 871196 780845 565061 375894 655856 506731 443153
651121 294563 732523 294647 819400 390280 683464 799008 950291 478811 685973 520559 779134 535425 889935 35690 422984 631801 56073 377260 915332 502791 711874 668096 890713 544439 416748 490283 845854 158337 215441 999999999 460296 516514 632435 806800 305867 138080 557211 455221 256873 289601 189115 371851 338014 516291 125154 547451 171215 415270 766357 175909 482376 361799 928548 738498 503602 492085 263551 826023 848500 267753 252799 873645 327614 492660 540127 801190 886176 667511 495489 821830 876909 326477 300902 453669 946305 154744 522987 645335 493958 114038 615886 720741 716367 147996 226684 191702 314642 367106 500632 102370 475509 656909 565716 397111 190191 442174 449882 273502
299297 736785 534192 726794 832706 710611 576790 484807 615076 331036 262131 496048 561383 219803 453798 474904 581179 265008 428531 543455 565568 168443 684213 419887 636241 405369 240167 30554 867171 465651 674721 460296 999999999 207670 358329 774896 382116 355173 706641 159985 640013 737492 648411 91328 790650 643267 484247 132959 535028 665419 340971 539631 649890 202045 608590 704373 56698 519034 356038 458658 888640 359319 684504 818779 202837 348527 213417 607996 613712 399836 566065 381412 468291 633322 435210 545052 601429 306174 63572 799089 39694 513715 198947 286154 520377 424224 317960 545667 485351 352043 413731 561766 52043 235715 140075 305669 371249 124363 667801 387254
490339 742617 326579 724188 643652 644162 376053 302163 447458 156450 198861 326768 355158 19192 393689 516807 466362 454405 506100 441010 405979 375166 493350 624416 437663 213331 117305 201957 678514 454065 725348 516514 207670 999999999 154187 578946 303270 458855 568204 366704 616255 749550 686004 249454 805949 504846 487663 116988 523840 573757 269133 527134 526246 388125 432646 511007 247239 364543 511460 310599 703398 515976 685642 617794 189004 552917 24640 400665 419301 602765 419054 335810 363885 572875 356780 410591 439359 386507 202245 652884 186604 525373 141781 239928 312708 538282 458967 526977 403033 241220 239102 615866 257790 173738 134420 498546 358348 99774 561962 325370
624236 821653 181418 798762 543887 678102 264213 166756 318281 169076 237522 286042 203402 139254 373328 626165 472280 588224 631428 461625 287538 522816 396623 767518 284187 157661 216923 348118 578375 539970 830020 632435 358329 154187 999999999 468621 365990 595461 540241 518280 682598 832072 785262 403365 888469 481949 579247 243720 604208 591499 269372 606465 517461 542228 296273 408491 391339 338770 660507 217837 608029 665226 764182 495693 317234 705893 144922 252039 268041 744280 395115 339371 308274 616119 409825 402564 316021 519412 341171 610986 332139 618779 222644 272922 169893 675513 605738 602496 446001 293328 211687 726197 406310 228324 252526 652727 454138 253276 567774 396139
1068368 834019 311428 801781 87481 590205 205527 497373 569248 445664 705354 303498 329935 574380 802669 781004 405498 1032605 837770 442201 588449 941841 97828 1193973 396042 369596 543073 776384 117188 653305 925997 806800 774896 578946 468621 999999999 514954 850357 326870 922446 690273 853587 871129 780047 899429 324524 694486 693098 678576 489948 724603 677054 377603 908523 530724 72953 822252 316886 965071 603687 152875 970569 787623 70749 628148 1091844 584689 283981 428519 1174641 313321 789405 713591 578636 506738 355521 588304 777154 780683 315678 762094 726826 688276 738636 314508 919113 904054 663429 494626 480608 368226 861223 826934 696919 707164 1015149 629109 650744 442480 542566
668726 455663 432919 433083 541897 343176 377696 528858 678955 197435 501717 217353 481059 317758 695409 287785 203023 637582 327637 162033 652777 516600 417582 753608 595949 246749 186440 401367 572262 178831 476261 305867 382116 303270 365990 514954 999999999 335574 338654 481350 318664 466258 427437 336979 522580 279053 221002 390525 238939 284706 571787 240936 273774 433429 652071 443703 438804 199128 455304 580010 582508 460828 398193 578339 179711 616067 327115 498534 596093 741254 221847 639069 655220 270089 55244 187026 679546 264097 424633 434153 394534 260495 439917 542486 417099 404691 394820 236520 104974 72816 197419 382950 425892 475564 411721 527820 117237 285287 285798 33352
515782 431558 724133 432653 876063 512180 699819 757485 905591 464389 602595 549759 766962 477982 803289 169028 500374 498149 86548 452721 864828 371113 752805 530426 871075 540667 381434 385719 905537 252344 332015 138080 355173 458855 595461 850357 335574 999999999 640994 323271 388558 425266 318069 263845 471058 591265 236598 462235 291844 519734 683781 297014 567074 226767 888624 778756 390363 534603 136181 767304 913394 141219 390878 912879 278330 356565 479972 797331 860723 529487 551895 732314 803236 441765 352997 512788 898139 78172 418693 734106 392582 241393 533138 633237 707877 80052 89702 311043 383322 376725 508225 224194 360050 573876 477842 260375 226014 369237 547189 309780
1001615 517653 478657 484756 297869 265880 351457 654183 776391 412873 753493 254472 522229 574552 913486 525004 141412 969086 601242 188901 774165 852348 267006 1092152 629216 383866 474787 720844 314529 399840 629097 557211 706641 568204 540241 326870 338654 640994 999999999 818934 382298 538491 574428 673027 580310 63898 432950 679751 399487 170956 804072 396437 74882 771354 739979 287347 762611 205736 773116 743903 306356 778522 476626 396330 511324 952532 586000 503152 649332 1079407 149590 875045 845088 268518 298391 161856 787847 582486 738466 95661 711019 455794 707999 793983 469930 693421 715478 380679 259130 354608 336775 585389 754446 733739 699514 861920 419701 593057 123345 349521
199913 748915 693189 745898 975007 776350 729005 641430 766017 476872 398101 632487 721204 379524 566947 479953 684201 177119 409009 641349 714546 47843 829081 275792 795592 555187 379741 174327 1008926 512571 654693 455221 159985 366704 518280 922446 481350 323271 818934 999999999 679973 744775 640842 147249 792753 757585 518143 287053 574256 749984 469673 579372 755092 99527 762259 850679 139932 647028 263690 606361 1027839 264843 703205 969890 309959 189475 373358 767364 772290 260898 688158 494338 600093 699178 528069 661103 750681 309351 193054 913907 190193 538167 344826 412060 679111 369570 251683 589287 575705 470798 555696 547355 115359 375723 288834 164317 432808 276044 761261 476444
879865 148965 720701 120219 676859 146097 630361 841955 989632 513547 811427 466392 770113 632218 1009942 222044 287431 855866 312856 260756 967252 725306 608280 916118 887284 548101 499287 666419 695987 174373 248894 256873 640013 616255 682598 690273 318664 388558 382298 679973 999999999 165918 195403 565036 217554 366646 161830 687589 106266 212557 885194 101322 316300 596587 960259 633771 692573 416936 519777 898209 688622 524138 97606 760971 453482 744921 640707 774957 893770 912895 390448 950321 973461 113865 272882 352146 992258 372728 695967 451664 664787 147276 745688 851145 706306 403264 478185 94382 242458 390130 491641 232069 670064 783899 708425 648508 270896 576544 259157 292087
940470 22589 882563 54980 835814 278781 795599 994920 1144442 663689 937874 630632 931938 766863 1140353 266250 452890 921401 338844 426542 1119035 792287 773335 948857 1049015 705599 635400 766332 852959 295827 142465 289601 737492 749550 832072 853587 466258 425266 538491 744775 165918 999999999 116436 653177 56578 529130 262691 806063 228152 367684 1015071 225685 477025 651096 1116490 798618 785047 582230 535591 1044096 842859 538695 69999 924336 571990 769707 774186 938778 1053932 950665 556337 1076789 1112299 274957 427110 518026 1145610 439782 798052 598105 767653 227165 869516 975925 867825 407518 510321 229919 403288 539066 650366 207168 758667 909391 826042 677034 391534 695421 415609 436009
833571 130538 858284 147438 864900 337814 786001 951252 1102525 621030 865528 618417 907015 704274 1069501 174536 465810 816210 231857 430054 1072438 688639 783803 835332 1022750 673932 577207 678164 885857 248608 55018 189115 648411 686004 785262 871129 427437 318069 574428 640842 195403 116436 999999999 560684 154180 552353 206954 729281 197829 406757 944820 198084 505264 544827 1077321 810051 692571 576611 421452 990088 880462 424338 120554 941280 500636 655543 710357 920445 1023523 838035 561542 1003105 1049700 306886 399653 520322 1101256 343757 710669 646766 681183 167253 795898 901816 842761 293053 399821 209738 389185 498615 622345 94424 664607 836599 748338 563974 331768 620965 452275 394623
332627 653657 568416 645497 830038 647177 591100 546193 684201 336164 346990 486588 601379 265881 543034 388448 539969 302814 338061 498334 637271 179645 685491 422980 687116 416460 237352 121874 863720 391838 585259 371851 91328 249454 403365 780047 336979 263845 673027 147249 565036 653177 560684 999999999 705365 611244 405785 209862 458969 612101 427304 463804 610542 139154 674110 707764 132064 499883 273389 532712 881875 277202 602881 829942 162799 314019 262909 643742 668261 407995 540971 471094 552142 569527 385877 514367 672551 217150 154858 767702 129285 432538 280131 374042 553427 333481 230259 471366 434694 323569 412044 472591 105885 319287 221922 250168 302632 150137 620147 334961
986838 68758 936976 98541 878174 316244 847882 1051100 1200453 719990 993780 683803 986376 823306 1196447 317171 502120 968796 384545 478013 1175337 840443 821347 989127 1103510 761074 691929 819729 893958 352356 162561 338014 790650 805949 888469 899429 522580 471058 580310 792753 217554 56578 154180 705365 999999999 575026 318775 861429 284694 410631 1071176 282181 521927 697712 1172304 846297 837388 634463 575163 1100651 882213 577925 124996 970135 627721 809083 830581 992267 1108927 992098 606558 1132623 1168806 322121 482805 569080 1201780 490475 851651 634587 821416 282666 925270 1031680 922357 446745 553873 286119 457721 595372 705568 248495 810528 965244 881306 717997 447808 750968 458590 492465
938851 509497 433344 477268 312673 270222 311630 602616 729934 349952 691478 196068 478959 511507 854624 485699 93307 906137 557191 139832 724594 790287 249338 1031526 589739 324659 410896 657196 334969 357954 607368 516291 643267 504846 481949 324524 279053 591265 63898 757585 366646 529130 552353 611244 575026 999999999 394315 616005 367295 167638 743573 364894 54845 712469 694358 273081 699135 144388 721286 689152 333637 726742 463648 395267 449080 894694 522929 465051 607213 1018305 87643 814560 788494 254242 242530 98230 740087 529516 674642 156519 647277 420968 644995 732132 423306 647566 662698 349919 207996 291345 275515 553678 691336 671295 635824 805204 367071 529228 122102 292493
718035 257737 653313 243898 701473 275600 588135 744828 895949 414167 675214 421258 701724 505265 877685 92058 301249 694124 174492 257021 866702 563537 601819 757393 816905 467746 375041 511803 726708 43384 255274 125154 484247 487663 579247 694486 221002 236598 432950 518143 161830 262691 206954 405785 318775 394315 999999999 544293 56971 290891 752409 62206 358251 435516 870465 628465 535189 385447 372044 786721 727662 376865 202524 762836 309611 589391 512270 717285 816964 753176 381229 814173 851143 206075 198548 339027 895066 211577 542469 520327 511542 39707 607000 713394 637615 269111 324594 74853 199974 291715 417322 168373 511411 646769 564506 492865 129321 433324 324751 187957
381306 802004 424842 787306 759596 733389 488713 354383 482169 271608 140416 442800 445785 118829 343057 555168 570532 345241 525334 540750 432637 283827 609230 524222 510925 330028 209934 112825 794481 516874 762364 547451 132959 116988 243720 693098 390525 462235 679751 287053 687589 806063 729281 209862 861429 616005 544293 999999999 588042 671463 221618 591997 633663 334574 476275 626227 151162 478269 482982 325964 819859 486664 746608 729107 235138 476453 108411 495607 486190 500682 531597 274384 343000 658944 445718 519901 468479 400641 98654 766459 97208 578900 71071 173328 412617 537137 439516 594637 494694 338711 355303 649697 171715 111641 21206 438472 418577 111266 664295 406343
774169 219302 663651 200510 678757 220989 588241 767769 917871 436236 715614 420684 712710 540718 916483 135736 276343 749865 224513 236426 891428 619359 588954 814329 829154 482048 408474 561879 702146 71171 251165 171215 535028 523840 604208 678576 238939 291844 399487 574256 106266 228152 197829 458969 284694 367295 56971 588042 999999999 246747 791282 5242 326001 492376 890716 615405 587066 379006 426464 815961 700437 431166 161998 748118 352964 645882 548466 724132 831776 810147 366474 854746 885328 155285 204277 324707 918446 268473 591888 482660 560782 58571 648504 754611 648384 318677 380481 20537 191386 311707 428532 186514 564173 687570 608619 549339 169466 476776 284867 208071
944355 347030 579557 314235 468167 103094 467971 732338 869682 434139 771365 323481 627527 585141 953351 380634 121404 914913 465259 133146 857590 789455 416955 1012913 742143 437372 462316 685658 485480 267542 460930 415270 665419 573757 591499 489948 284706 519734 170956 749984 212557 367684 406757 612101 410631 167638 290891 671463 246747 999999999 834313 242759 113020 685813 836091 440683 721967 266913 655720 807797 476671 660846 305789 560487 462600 857631 595740 620508 755775 1004077 221206 904194 898708 100002 230425 195982 877030 474624 709323 240631 679144 305251 714811 812657 567502 559796 602756 226488 180193 333626 380627 427018 707155 747318 692514 762783 320212 569197 47991 278573
483792 1009150 415558 991792 804730 910139 526090 256308 325560 401053 81202 550044 411203 254032 125287 771896 720799 452040 746330 701236 269995 448943 661277 645517 423810 420747 386418 313058 838508 720851 980244 766357 340971 269133 269372 724603 571787 683781 804072 469673 885194 1015071 944820 427304 1071176 743573 752409 221618 791282 834313 999999999 794757 773856 538820 335561 670476 332609 599185 697004 168962 870159 700255 952565 740533 444624 649455 244893 465234 388859 617802 655943 70987 130439 840419 624521 656994 304685 621791 284158 878620 301285 788970 151119 57702 410595 758153 657453 795231 669363 506874 468160 868210 362428 110090 206274 632533 623690 324389 817431 594490
779285 216415 664556 197082 676602 215939 588238 769794 919772 438321 719241 420730 713658 543941 919936 140374 274263 754938 229391 234855 893591 624443 587750 819569 830187 483403 411583 566414 699813 75222 251721 175909 539631 527134 606465 677054 240936 297014 396437 579372 101322 225685 198084 463804 282181 364894 62206 591997 5242 242759 794757 999999999 323129 497585 892469 614171 591766 378549 431576 818550 697855 436270 159013 746687 356965 651112 551753 724697 833043 815381 365250 858370 888360 150685 205309 323577 920482 273689 596360 479164 565240 62836 652243 758307 649334 323482 385682 16271 191141 313739 429648 189211 568959 691239 612603 554568 173453 480733 281275 210345
941455 457027 481606 424572 360624 215401 363101 645692 776642 374905 717871 234920 528155 534612 887926 450288 71102 909698 526392 116955 769057 790187 304117 1026529 640397 359886 425045 666026 380636 324959 560178 482376 649890 526246 517461 377603 273774 567074 74882 755092 316300 477025 505264 610542 521927 54845 358251 633663 326001 113020 773856 323129 999999999 703493 741665 327693 706356 179383 699848 728709 375864 705229 412573 448265 450767 883229 545845 516539 656639 1014701 124983 844706 825475 202862 229343 116944 785886 509974 685670 167216 657181 381746 667723 758917 470827 618691 642695 307569 187067 299545 307038 512313 696177 696277 654031 791623 347410 540890 67306 281114
289374 656346 707190 655153 953518 702278 724931 681649 815865 469330 462067 609400 740512 404107 644933 388709 632466 271465 313186 587229 767069 146726 812450 327219 825635 550595 370189 226997 986463 435353 556719 361799 202045 388125 542228 908523 433429 226767 771354 99527 596587 651096 544827 139154 697712 712469 435516 334574 492376 685813 538820 497585 703493 999999999 807880 835741 208396 615409 167852 660526 1002185 169711 612718 961216 280789 184758 400513 782584 806054 319813 650511 571897 667885 626288 474150 619212 802814 223953 254667 867003 240482 451713 400818 482333 692092 270062 152177 508812 518678 437381 540751 450824 177247 436640 342044 111130 365602 289183 702047 422410
813436 1104319 261399 1079205 618202 932587 390637 131139 38584 456299 378367 512633 218894 414053 341082 921518 715022 780002 927460 717485 75227 753309 509337 972581 137439 412189 513059 588833 646187 829777 1123555 928548 608590 432646 296273 530724 652071 888624 739979 762259 960259 1116490 1077321 674110 1172304 694358 870465 476275 890716 836091 335561 892469 741665 807880 999999999 505033 623275 569187 942953 167241 682960 947315 1047324 516688 611549 950908 414369 250722 102340 945764 618037 367918 244433 880382 689512 640148 59233 813707 569657 784422 573416 910163 418700 384163 271060 968555 891477 886798 718201 579661 469075 1021408 647096 393593 473432 914173 748018 530015 802675 683975
999166 779753 265438 748028 135426 542927 144700 455514 543518 374241 646011 230804 292699 507400 755298 713588 346650 963520 768054 380005 556395 870797 26663 1122880 376202 299695 471062 706690 170052 586682 864675 738498 704373 511007 408491 72953 443703 778756 287347 850679 633771 798618 810051 707764 846297 273081 628465 626227 615405 440683 670476 614171 327693 835741 505033 999999999 752534 246895 892540 559980 199871 898032 731375 135222 555281 1019198 517970 254312 404718 1103870 248931 737108 669559 524238 437768 290791 560440 705113 712005 296993 692626 661862 624939 680762 265405 848259 831517 601091 428541 407875 295763 796057 756414 635883 640991 942239 558666 580070 394446 471944
