NAME : synthetic_000419
TYPE : CTSP-D
DIMENSION : 100
GROUPS : 8
RELAXATION_LEVEL : 1
EDGE_WEIGHT_TYPE : EXPLICIT
EDGE_WEIGHT_FORMAT : FULL_MATRIX
EDGE_WEIGHT_SECTION
999999999 573560 472567 209895 665343 162696 120851 720599 232770 528466 56440 66711 418049 336966 229364 541979 195552 506476 167839 393875 277271 310254 729641 480640 693402 630269 587970 221517 482197 292217 78243 214556 940111 849821 380038 316473 437421 234292 478981 54990 119702 272155 500281 233612 286564 178854 569936 519466 118308 456987 204065 596894 521339 790976 772664 300285 438542 799183 405984 549376 499197 578748 910313 398506 306941 648298 428983 778136 275650 894302 14877 290191 187720 547535 582507 263242 57589 142258 563572 384610 534692 501900 257544 523202 890537 561655 135494 421177 208557 639881 580069 711370 588940 534985 131705 554466 171961 793464 160609 816417
573560 999999999 321935 778085 318115 736157 464215 593068 709571 46585 519353 509946 228388 268227 527882 670055 745007 704002 685979 237382 707481 845525 221645 428470 193039 67014 670215 363681 262936 282722 613466 653739 381285 290448 697624 286842 628584 533584 95421 532560 518506 414459 286694 763885 314214 396084 208303 418344 688973 358895 572716 212216 187909 713186 600627 487240 451935 520155 351916 197566 697275 356000 344919 847268 267677 297019 205349 217495 553660 320886 587458 337564 600070 559785 382536 312067 567756 468273 593092 543448 90705 459894 829676 146707 344504 693595 469790 458207 555191 194555 448125 390210 69509 192929 704622 631007 524686 254137 472785 637818
472567 321935 999999999 629850 200409 616749 355043 842404 685412 288723 419525 409497 405951 182552 306215 350045 668098 391293 633071 139609 710760 782767 329219 619661 299533 329503 348288 273779 59326 264781 542616 440286 555123 586543 760470 193370 744309 308350 268428 460519 365409 206652 517014 704808 373908 326167 490106 102250 558580 552176 359807 175388 446735 954078 866388 232899 137198 813634 71092 471015 385254 610223 542151 849525 261924 187858 390468 422260 609228 574459 487076 189835 596078 747810 117379 315106 500059 447904 778433 658325 370691 138261 711872 177452 493355 373057 337121 148831 341237 506322 680618 685916 276130 459183 579157 309155 336783 567836 468420 908439
209895 778085 629850 999999999 829838 73263 314359 895521 280275 732236 260095 268968 627512 527222 331411 584819 166427 526654 216928 579959 341415 240393 918676 668273 882937 831926 639182 416843 652944 495363 207944 220385 1135851 1058157 474880 506417 571079 331744 682804 260848 271359 423945 705239 212315 496294 382237 779039 650759 91649 654789 280557 776674 730899 950195 951877 412800 557642 992961 558985 758704 521181 778518 1108730 399266 510415 815605 638813 976458 428449 1098847 198107 469036 318377 712218 726487 471252 239032 345886 721724 542776 743564 619793 102224 713258 1083104 597950 313865 538156 296943 849659 768277 913260 787638 744419 82321 615772 293102 1002885 358588 994111
665343 318115 200409 829838 999999999 814426 545313 906825 866957 311799 610526 600264 496738 343015 506153 478005 860409 538005 820165 285100 885637 974031 188058 716559 176759 284051 454156 453357 183692 417888 731452 639358 391859 498938 917703 360525 880788 508006 324069 647187 563195 406004 587745 894382 513102 504984 524685 220147 756819 645366 559745 109496 496177 1025603 917688 430647 308910 837284 271501 511502 533720 668186 391458 1027086 409421 22474 475652 299222 764818 452571 680101 375666 770102 849790 137313 468587 687073 620683 882484 792768 400721 270901 910139 202886 326915 496201 531079 326406 541279 509578 754796 707620 249357 504304 777106 424798 536930 506103 637505 955545
162696 736157 616749 73263 814426 999999999 279241 824027 209429 691141 218045 227954 572198 496274 333130 613333 100467 561180 144013 551805 270361 195685 889570 599696 853446 792940 665769 382006 633540 454871 141434 245700 1102067 1010588 402776 475543 497816 335080 641662 206759 251396 410424 643744 149520 442685 341379 722269 648963 59177 589527 287718 752959 675532 877282 880909 414062 559508 925227 547116 702544 555069 713642 1072731 340023 469622 798724 585095 940494 356321 1056803 148699 444001 245875 639959 720015 425158 178519 287093 648977 470456 695191 622928 96507 683101 1051700 628685 285892 540526 301274 794995 699487 849119 751259 688601 37915 638802 285743 952635 296661 922857
120851 464215 355043 314359 545313 279241 999999999 700354 333812 418161 65226 54951 338341 217134 166299 475812 315115 455358 278206 273390 366601 428864 610387 452579 574238 517578 514945 103088 361869 181804 187573 226815 823545 747440 443565 196463 469837 173367 368821 107125 71681 163539 437321 349987 210178 71861 489371 410092 227171 412624 171450 476111 438201 785580 746074 214021 337217 752061 290866 467651 447582 525769 795234 500050 196921 527960 344257 662914 309284 784733 135725 169723 257680 544785 467626 165512 145779 132323 566755 399505 435551 398745 375494 403894 772567 498011 32354 321766 164369 552572 546843 650979 473806 452703 244648 477613 116413 695670 158985 790737
720599 593068 842404 895521 906825 824027 700354 999999999 651787 595066 701832 700116 437185 680890 858738 1132040 758976 1133370 690475 705504 602150 791484 801070 248094 779390 644190 1154693 669085 795902 612541 690246 919988 867198 621589 485814 682159 357833 866171 589483 667171 770259 793392 326082 738614 512624 646880 385013 943432 815782 300132 871755 797680 410816 121006 62862 875337 929869 183955 830098 395979 1125516 238697 819924 674477 606812 884837 451937 744469 468118 728758 724776 723992 578900 188302 940092 579459 670429 585043 190974 355347 506400 967490 877053 710533 864894 1156491 729793 925319 863584 424251 163276 247286 662400 402552 816421 1113236 815872 549868 562261 99598
232770 709571 685412 280275 866957 209429 333812 651787 999999999 670054 273863 282707 503057 524728 461886 771987 116776 731496 72421 583321 61148 150178 899071 456162 863094 773932 819404 414223 684162 457174 154533 421618 1090379 952860 195750 506564 303942 466592 623595 226687 352032 496514 539870 86905 395380 362139 637036 743841 236503 468007 432443 784550 599049 689294 712202 532544 667824 777607 623822 621048 724546 588261 1054435 166737 468947 847824 521997 926083 198241 1018121 221944 495944 110348 463562 800068 411374 188829 249827 466135 299397 646712 730507 231033 698913 1048958 790761 358265 651158 439222 715819 550526 723318 743137 609377 223722 786664 404681 886162 239033 751342
528466 46585 288723 732236 311799 691141 418161 595066 670054 999999999 473939 464445 203030 222062 482017 633478 702093 664663 644185 193724 670307 804007 243935 414059 211561 104157 636263 317302 230910 236966 570047 607327 420497 336634 666681 240474 603985 487797 49507 488396 471979 369064 278016 722185 275068 350516 215394 387981 643402 343172 526463 202628 184387 713831 607430 443068 414609 536160 312694 200563 657792 356398 386064 811023 221984 289773 179967 256157 520078 366612 542474 291529 561183 546950 360029 268161 524130 426332 580138 517513 90135 426947 785046 121295 379900 657315 423351 419714 509015 218330 443922 406367 80568 192676 659269 596419 478188 297841 432095 646354
56440 519353 419525 260095 610526 218045 65226 701832 273863 473939 999999999 10342 373243 280540 199284 514662 249892 486014 214882 337553 311393 363759 673219 457154 636986 575173 557605 165081 427094 237168 123692 218903 884140 798062 400294 260067 441943 205321 424432 51718 86263 223253 462365 285283 241530 123530 525547 471057 169787 426338 186503 540730 475818 779175 751242 261691 394002 768933 354302 504482 478455 545285 854689 440595 252037 593185 382450 722449 278685 840231 71257 234948 208917 535924 531127 211188 85214 116913 554820 379957 483611 456646 313522 466770 834285 535623 84729 377495 185952 593187 554975 675353 533214 489832 185338 522146 142107 743241 141064 795522
66711 509946 409497 268968 600264 227954 54951 700116 282707 464445 10342 999999999 366309 270255 193868 509023 260169 481656 224515 327229 319241 373954 663001 454742 626774 565493 551382 154852 416811 227575 133434 219964 874151 789271 405892 249768 444826 200092 414941 58446 81645 214014 456911 295326 234767 113939 518588 461734 179045 422494 183686 530392 468627 778747 748977 254344 385376 764891 344491 497419 474055 540714 844824 449401 242487 582896 375090 712567 281745 830832 81548 224663 215263 535728 521323 202575 93886 116006 555140 381319 475057 447858 323568 456539 824177 530198 75571 369033 182136 585663 552123 670157 523327 482718 194933 515598 137229 734837 140990 793337
418049 228388 405951 627512 496738 572198 338341 437185 503057 203030 373243 366309 999999999 246869 464903 704059 558418 714428 492564 268332 492076 647400 446379 220474 414543 295269 722248 266412 362214 190315 435479 561904 603067 450276 470547 251309 401222 472106 174465 366955 407795 376236 116313 568180 131802 268076 152303 506452 535896 149820 493585 388840 103434 548154 465138 460415 495272 434682 393789 131381 706743 212889 562994 628163 180540 474269 23158 442186 330886 516833 429414 298960 392882 353328 508121 176829 394001 285667 385859 315334 148629 530555 658082 293852 571214 728691 358223 492251 480323 222804 274768 320266 283515 116937 547027 680702 437115 385750 280649 508504
336966 268227 182552 527222 343015 496274 217134 680890 524728 222062 280540 270255 246869 999999999 260230 457898 527324 472778 481248 58691 542675 638368 393297 447092 357188 311640 475414 115774 163169 82232 395249 385857 608660 558650 581615 20821 561762 266170 177140 309982 258185 149371 363050 557283 191969 164512 365663 273288 443017 383172 304502 262039 315276 787435 711548 229028 249043 677580 150754 343935 465277 459493 582419 684074 80211 323390 237282 450447 429323 581275 351796 69617 427132 571372 298593 132885 349539 277676 601046 475826 269988 289141 592603 186856 556238 482537 213359 245416 286970 406234 517623 556541 263307 329725 461206 433868 257571 517897 295011 755141
229364 527882 306215 331411 506153 333130 166299 858738 461886 482017 199284 193868 464903 260230 999999999 315400 406654 289515 394686 295448 506012 519876 619316 610751 585519 566705 359305 198706 339596 278003 307440 135381 844308 818262 599568 243020 634973 7441 437297 250926 113262 115398 575065 451795 351512 211905 606740 319361 274180 564044 53599 468389 554624 948312 901368 81592 227129 895198 235477 584488 281789 668656 824120 626724 290680 494069 464380 695033 473064 834868 239974 190615 407968 709198 395889 290286 280009 298090 732016 565790 526236 290167 422525 424635 786158 336366 134119 207884 35233 658098 701219 785072 515314 569520 295568 325165 57793 778027 324747 946108
541979 670055 350045 584819 478005 613333 475812 1132040 771987 633478 514662 509023 704059 457898 315400 999999999 702038 75800 702150 451581 819217 808752 654429 889321 631369 679308 56342 468366 409289 519725 618935 367987 869583 934878 914891 452832 944923 309529 605053 566323 428638 341268 820371 750319 621534 502679 818440 267605 559333 831914 339551 510570 769982 1232289 1166587 265389 219022 1135144 322819 797465 76460 916944 866280 933647 526346 479956 695177 758673 785097 913875 551143 408177 723346 1001522 341606 553920 594716 607659 1027378 870947 708219 217753 686550 527377 804755 24640 443721 216099 333445 846732 969376 1012419 626130 783936 579433 56574 372928 917881 634189 1210648
195552 745007 668098 166427 860409 100467 315115 758976 116776 702093 249892 260169 558418 527324 406654 702038 999999999 653769 70924 585330 177451 115154 916600 549186 880285 805922 752872 411705 676979 472606 133146 337867 1120458 1006549 312490 507338 418017 409883 653407 218008 308756 466285 613962 49737 436390 363900 702616 712149 143985 550192 367362 789015 659668 802434 818132 484603 627595 874613 601172 684527 647345 673661 1087885 240273 486335 843060 574457 956744 293772 1062202 181024 484831 185805 571687 777386 434344 179502 277784 576861 403781 693138 691314 118089 711204 1074019 718685 330982 609400 378196 779001 646968 809865 768962 671546 125692 723614 353430 943998 278205 858520
506476 704002 391293 526654 538005 561180 455358 1133370 731496 664663 486014 481656 714428 472778 289515 75800 653769 999999999 660232 475714 781814 756781 708263 887466 682998 719535 129875 464460 449274 525658 581221 316076 927565 977576 884822 464527 924481 282731 631938 536891 400027 340639 830145 702880 620746 492151 838010 320972 509883 834000 302542 559943 787995 1229064 1171297 258033 254529 1148660 352156 816454 7881 926515 921615 889587 534155 537849 707865 809250 762375 963441 514093 415471 692114 993520 400696 554133 561652 587489 1017740 854659 733841 269596 628862 565872 863135 77109 423024 246104 300313 872577 972152 1029180 665651 802375 529106 130062 344530 955651 614159 1215763
167839 685979 633071 216928 820165 144013 278206 690475 72421 644185 214882 224515 492564 481248 394686 702150 70924 660232 999999999 539863 130111 160000 865075 478342 828831 748316 750372 367243 636531 420252 91281 349342 1064120 942069 259374 462022 355238 399027 596172 173092 287428 437831 544351 78027 374058 316753 634709 685658 164898 479564 362747 743122 592796 737466 749125 467828 606218 803900 568912 617046 653353 602895 1030224 232185 433242 801861 509439 899945 223752 1000759 155532 445481 114943 503893 745732 378523 133258 217853 510457 335134 630272 669461 187466 661450 1019608 720524 299450 588960 370448 711752 576299 739081 713649 604336 153417 718415 338198 878300 214514 789916
393875 237382 139609 579959 285100 551805 273390 705504 583321 193724 337553 327229 268332 58691 295448 451581 585330 475714 539863 999999999 600595 696742 338768 480128 302979 271410 462261 173633 108665 134363 453545 426665 557654 525733 636045 78037 610350 300550 156561 368324 309111 180215 381684 615769 238380 223110 367275 238371 497533 413001 343773 203712 319932 815814 731869 249895 234447 687217 129950 346632 468571 476551 533582 742212 128041 265175 254359 402572 483305 539499 408740 112043 485079 608255 250704 185692 407961 335760 638977 523388 258158 263136 648275 133804 503402 476004 266909 235487 325447 396933 543012 562246 219893 333494 516201 421046 301732 491271 352418 774593
277271 707481 710760 341415 885637 270361 366601 602150 61148 670307 311393 319241 492076 542675 506012 819217 177451 781814 130111 600595 999999999 189823 905209 419675 869658 773163 865100 437145 704690 470030 200691 475776 1088694 938370 135266 525750 248963 511200 625670 261115 393914 530107 516054 142644 395826 384679 617635 775264 294978 439593 480502 798335 583255 634057 663434 572929 703617 735600 652298 603171 774699 555959 1051052 142398 480498 865754 512463 924935 168352 1008908 268264 521018 115544 413997 826951 421486 226905 265042 413997 255650 638979 765345 289475 709487 1050207 838731 393771 687752 485773 697164 510289 689140 746048 592473 283277 831121 448288 869563 248769 701415
310254 845525 782767 240393 974031 195685 428864 791484 150178 804007 363759 373954 647400 638368 519876 808752 115154 756781 160000 696742 189823 999999999 1024574 605306 988302 908156 860813 523275 790422 579712 243247 441366 1224071 1097663 312905 618715 435916 522784 756102 328418 423818 581421 689386 82019 532653 474060 785018 827244 250073 618168 478531 900397 745541 818507 852989 598664 742229 924542 716142 768440 750708 738331 1189991 172141 592883 956378 665295 1059867 348055 1159022 295863 598371 256237 603524 892460 538497 288840 377723 602397 444706 787911 805960 147701 820336 1179582 824308 445748 723910 490359 863316 698305 873194 873644 756366 229520 833008 467630 1032317 373101 890565
729641 221645 329219 918676 188058 889570 610387 801070 899071 243935 673219 663001 446379 393297 619316 654429 916600 708263 865075 338768 905209 1024574 999999999 649986 36316 159623 635975 508151 282232 444867 783520 754447 226408 315341 909420 414039 847597 623006 282202 698653 647576 506492 507100 942662 510247 553126 419038 387775 836020 580539 671352 154082 407344 922051 800830 555257 461881 702418 391928 412623 703149 569217 213882 1047164 431859 178796 423232 111452 761032 264730 744403 449877 792877 780796 314953 487962 737211 650035 814098 761367 311751 438907 985881 206504 166843 674343 605582 476089 652528 379835 664515 576935 163515 410473 854419 603791 635805 333055 660207 834210
480640 428470 619661 668273 716559 599696 452579 248094 456162 414059 457154 454742 220474 447092 610751 889321 549186 887466 478342 480128 419675 605306 649986 999999999 621217 491578 914855 423072 579853 372905 460350 673992 773521 568865 340908 445394 230641 618180 392829 426116 522876 548816 145937 539217 267806 398975 251484 717573 583426 71271 623879 608035 245145 343029 294297 629599 693629 326076 597843 248136 879595 140605 728978 528746 369225 694086 240961 623940 258246 659927 486380 483059 363399 133341 726085 335403 434342 341268 166314 169852 338276 736228 664926 513783 753426 913589 481790 687356 615534 324860 100077 269810 492105 245407 586854 873655 567862 494365 320238 338766
693402 193039 299533 882937 176759 853446 574238 779390 863094 211561 636986 626774 414543 357188 585519 631369 880285 682998 828831 302979 869658 988302 36316 621217 999999999 135233 615368 471928 250255 408604 747207 720463 258948 322218 875401 377947 815536 589352 247935 662338 611955 472164 479671 906398 475049 516817 395444 363868 800024 551234 637279 124336 380468 900216 781533 522794 434027 687377 360255 387620 677662 545331 242739 1011698 395639 163762 391445 127589 726488 283114 708159 414333 757106 752798 295155 451890 700899 613943 786104 728948 283719 414513 949731 170345 201237 651893 569674 447535 618477 361646 639475 560293 131028 384507 818362 581952 600939 331707 624298 816035
630269 67014 329503 831926 284051 792940 517578 644190 773932 104157 575173 565493 295269 311640 566705 679308 805922 719535 748316 271410 773163 908156 159623 491578 135233 999999999 673892 415329 270615 338072 673651 696441 316463 258963 764630 331560 694943 571903 152524 591472 567778 451603 347836 826322 378683 451653 260316 418178 744033 422867 614105 188167 247924 764994 647121 518619 465082 556862 371211 253137 713214 410342 282012 913346 323330 264926 272270 152151 620378 269636 644452 379074 664828 621678 369852 371697 627622 530465 654964 610109 153610 463849 887397 153896 277790 702034 520400 473921 596025 229132 505090 428374 54096 250851 760419 636297 569058 239498 536195 682296
587970 670215 348288 639182 454156 665769 514945 1154693 819404 636263 557605 551382 722248 475414 359305 56342 752872 129875 750372 462261 865100 860813 635975 914855 615368 673892 999999999 498201 407336 542616 665569 421129 845656 925888 956911 472688 981627 353944 611612 609315 472284 371348 838305 800732 647865 536058 829202 256114 610948 855086 387770 498000 782188 1257744 1186847 301470 228071 1149226 332315 808780 131604 934588 845205 982347 547889 458563 711775 742948 823580 898477 597779 431806 766512 1030614 321022 580202 639308 645605 1057420 905481 714948 210575 740654 524943 780626 55242 483312 230000 380183 852471 991533 1024478 621771 795741 631307 41547 417098 913358 671899 1230524
221517 363681 273779 416843 453357 382006 103088 669085 414223 317302 165081 154852 266412 115774 198706 468366 411705 464460 367243 173633 437145 523275 508151 423072 471928 415329 498201 999999999 270075 85407 280031 301797 720463 649895 491114 95636 491218 205973 268334 194918 155792 127204 376567 442539 156685 52476 410904 345714 330246 370514 228519 377339 358791 765250 708443 206527 290947 696957 218982 388701 456595 470756 692228 576685 100052 434755 266927 559911 343161 683385 236305 84837 322307 533208 390499 92101 234685 174512 559441 410617 342389 345949 478055 301689 669694 492324 106240 279853 214408 467228 508622 586432 370883 373654 347696 457900 173218 601240 196265 753080
482197 262936 59326 652944 183692 633540 361869 795902 684162 230910 427094 416811 362214 163169 339596 409289 676979 449274 636531 108665 704690 790422 282232 579853 250255 270615 407336 270075 999999999 242693 547764 474966 508576 528303 744205 179017 718574 342776 214044 463519 383303 230581 469830 710694 346602 322023 436219 157206 576669 510810 392525 129158 394678 909497 817402 273069 194751 760055 110027 417802 443080 561208 492615 845488 236706 166107 345022 369300 591600 519586 496997 192148 589202 710210 146232 294059 503403 439720 741588 631383 314857 196960 729699 118132 448526 432356 348685 204716 373690 449059 635458 631577 217051 406562 596576 368385 362309 508612 457867 858837
292217 282722 264781 495363 417888 454871 181804 612541 457174 236966 237168 227575 190315 82232 278003 519725 472606 525658 420252 134363 470030 579712 444867 372905 408604 338072 542616 85407 242693 999999999 339476 386914 649083 566123 501682 74336 479530 284991 187488 255402 240569 186101 304907 497795 110865 113645 328743 353958 406453 312582 312074 328374 276622 715369 647132 270247 320949 624822 228815 306491 517910 401028 618362 612252 15120 397312 187243 486340 348961 603526 306456 111550 354966 493666 380691 51366 293120 207390 522592 393672 257047 366365 549526 241907 601488 544239 190418 314456 297060 382546 449689 509803 297405 291519 422489 501271 257768 516245 221273 691348
78243 613466 542616 207944 731452 141434 187573 690246 154533 570047 123692 133434 435479 395249 307440 618935 133146 581221 91281 453545 200691 243247 783520 460350 747207 673651 665569 280031 547764 339476 999999999 279302 987663 879654 311326 375510 382670 312243 521139 85286 197729 346551 502805 162930 308891 231220 583819 594380 125789 448187 279864 657234 538308 750991 745553 378338 515402 785099 477924 564599 574077 572262 955486 320385 353253 713535 449809 824118 227743 931951 67814 356038 124637 509788 654757 301956 46357 150141 522026 341630 564873 578523 222603 578310 940927 638224 208181 498317 285598 657987 560375 707688 636057 550965 126715 632409 250157 819158 156457 788237
214556 653739 440286 220385 639358 245700 226815 919988 421618 607327 218903 219964 561904 385857 135381 367987 337867 316076 349342 426665 475776 441366 754447 673992 720463 696441 421129 301797 474966 386914 279302 999999999 979081 943849 590488 366905 651874 132338 560653 260203 155298 248706 663867 387165 436408 294194 710661 443284 193896 638184 83285 603765 658789 997994 968286 209083 347603 978691 370007 688602 309782 752550 958134 575246 401174 628021 565545 828332 489577 965661 217353 317417 400369 754627 523830 385542 272053 335710 772922 596141 642886 407328 320454 557936 921285 383007 203785 327967 102020 768971 770453 877373 646174 673551 213035 396073 129866 899621 359912 1012747
940111 381285 555123 1135851 391859 1102067 823545 867198 1090379 420497 884140 874151 603067 608660 844308 869583 1120458 927565 1064120 557654 1088694 1224071 226408 773521 258948 316463 845656 720463 508576 649083 987663 979081 999999999 258306 1073136 629452 992777 848212 467979 904331 866249 730532 628276 1142147 695064 761434 522570 606796 1050643 711155 895839 380397 532682 985188 850523 781505 685925 728505 618334 525604 922874 662148 47346 1228091 634869 389929 580893 164340 932931 150519 954615 669686 981158 893783 528051 686267 941414 846365 926056 911679 454631 658220 1197628 423870 65041 888029 821993 700828 877065 455963 760143 621815 351719 529720 1068140 816650 858214 321039 852588 874936
849821 290448 586543 1058157 498938 1010588 747440 621589 952860 336634 798062 789271 450276 558650 818262 934878 1006549 977576 942069 525733 938370 1097663 315341 568865 322218 258963 925888 649895 528303 566123 879654 943849 258306 999999999 896321 577090 798310 823910 383392 804020 805625 704459 433139 1018206 570851 676989 324955 669950 967445 517454 863096 428744 355123 736509 599156 775164 723053 472730 630174 336607 971376 440117 212242 1069620 551033 485617 432657 206803 772334 109679 862920 628012 842904 674815 611360 586941 835764 729905 705211 725926 315406 717770 1100940 412741 278140 957060 756042 732451 845620 246173 534293 374307 313055 346328 981506 889689 814494 75175 728413 620776
380038 697624 760470 474880 917703 402776 443565 485814 195750 666681 400294 405892 470547 581615 599568 914891 312490 884822 259374 636045 135266 312905 909420 340908 875401 764630 956911 491114 744205 501682 311326 590488 1073136 896321 999999999 567954 128387 605610 627469 348737 486489 601713 463439 277162 406225 441042 571390 836813 421215 379939 582558 821237 546522 505718 548350 657316 775772 634720 709979 560923 877388 481512 1032170 192306 508860 896495 493139 912730 152911 977633 374494 575562 192773 301442 877833 450369 323562 319215 294874 172365 618560 834431 424384 727384 1041589 935918 474379 761895 584678 650330 418120 606844 746269 552845 411939 920459 542327 823853 295360 583488
316473 286842 193370 506417 360525 475543 196463 682159 506564 240474 260067 249768 251309 20821 243020 452832 507338 464527 462022 78037 525750 618715 414039 445394 377947 331560 472688 95636 179017 74336 375510 366905 629452 577090 567954 999999999 551955 249163 194548 290297 237568 134693 367599 537785 185183 145329 375954 279892 422210 383141 286070 281744 324926 787031 714434 216443 248410 684362 154486 354012 456933 464187 603097 666789 76170 341261 243488 471078 416186 601181 331316 53469 410236 567593 310392 122509 329955 260734 596719 466769 284596 292214 571895 207631 577057 477457 192552 243170 268788 419491 518932 564875 283662 339556 440426 431188 238131 535107 278977 758293
437421 628584 744309 571079 880788 497816 469837 357833 303942 603985 441943 444826 401222 561762 634973 944923 418017 924481 355238 610350 248963 435916 847597 230641 815536 694943 981627 491218 718574 479530 382670 651874 992777 798310 128387 551955 999999999 641754 570993 394029 526029 613420 367704 390146 371994 447310 476524 830606 504524 283168 628381 777886 460157 385431 420225 680465 782165 507617 703339 469551 916761 368735 949681 319687 483098 858757 424375 837128 163306 886418 435929 571247 258434 173167 859916 429493 380171 337542 167174 88044 543094 836131 534641 681981 967104 967463 502160 770778 626745 552897 296027 487240 684548 463872 499468 942855 580638 724191 310913 456005
234292 533584 308350 331744 508006 335080 173367 866171 466592 487797 205321 200092 472106 266170 7441 309529 409883 282731 399027 300550 511200 522784 623006 618180 589352 571903 353944 205973 342776 284991 312243 132338 848212 823910 605610 249163 641754 999999999 443288 256898 119148 120352 582383 455340 358924 219343 613710 319103 276269 571480 52174 471713 561602 955685 908809 81096 226144 902545 237823 591459 275022 676020 828344 631148 297591 496194 471483 699492 479724 839836 244648 196557 413827 716502 396416 297611 285494 305018 739268 572821 532669 288888 423756 429168 789835 330314 141239 206777 34802 664785 708659 792298 520346 576498 297645 320182 63401 784042 331666 953549
478981 95421 268428 682804 324069 641662 368821 589483 623595 49507 424432 414941 174465 177140 437297 605053 653407 631938 596172 156561 625670 756102 282202 392829 247935 152524 611612 268334 214044 187488 521139 560653 467979 383392 627469 194548 570993 443288 999999999 439176 423402 325873 265536 674197 229846 301015 222179 370150 593906 321569 480472 215225 181836 706156 606879 402456 386244 546013 282295 203897 624856 351795 434487 766992 172491 301616 152500 303774 478850 416049 493005 246735 515320 526156 352952 219183 475137 378387 559008 483603 103364 405036 735642 122210 425394 629241 374499 389444 463306 241681 433122 417698 120443 193069 609762 571035 431151 340759 385039 647424
54990 532560 460519 260848 647187 206759 107125 667171 226687 488396 51718 58446 366955 309982 250926 566323 218008 536891 173092 368324 261115 328418 698653 426116 662338 591472 609315 194918 463519 255402 85286 260203 904331 804020 348737 290297 394029 256898 439176 999999999 137758 270171 446217 247639 236378 145968 518230 517188 169460 402012 236001 571990 470386 739768 718657 312789 442792 744196 397558 497988 529373 523902 872898 392993 269475 629027 378983 741183 230827 852367 63529 272411 157201 496194 574136 220504 39886 87367 513380 335943 488617 504919 297660 493201 856810 587212 132733 426727 236595 589477 525389 656789 552612 483779 180080 573783 193591 745890 105894 762536
119702 518506 365409 271359 563195 251396 71681 770259 352032 471979 86263 81645 407795 258185 113262 428638 308756 400027 287428 309111 393914 423818 647576 522876 611955 567778 472284 155792 383303 240569 197729 155298 866249 805625 486489 237568 526029 119148 423402 137758 999999999 159534 508588 350450 281180 139721 557805 403434 193639 484133 103855 505558 506241 853269 816762 180613 319812 823739 296111 535900 392435 597411 840584 518112 255473 547787 412517 708631 363139 836928 132029 197744 294712 611293 470550 232529 167250 192813 632037 460674 497445 383393 346945 442763 812511 449456 50528 302113 100716 618802 617865 722142 521015 520886 213937 437479 55848 756808 218968 861380
272155 414459 206652 423945 406004 410424 163539 793392 496514 369064 223253 214014 376236 149371 115398 341268 466285 340639 437831 180215 530107 581421 506492 548816 472164 451603 371348 127204 230581 186101 346551 248706 730532 704459 601713 134693 613420 120352 325873 270171 159534 999999999 490983 505763 281144 166118 508903 247839 352051 493623 165421 357669 457351 891527 830676 84180 174499 810874 136693 486799 332832 586983 709457 663068 195868 391672 371771 579938 459612 719505 286091 81309 420099 660401 311340 213943 307746 283033 686617 535113 419031 235304 505286 309491 673236 365309 138524 160182 146729 554165 631711 694687 399995 472126 372733 331335 131813 666309 308136 875129
500281 286694 517014 705239 587745 643744 437321 326082 539870 278016 462365 456911 116313 363050 575065 820371 613962 830145 544351 381684 516054 689386 507100 145937 479671 347836 838305 376567 469830 304907 502805 663867 628276 433139 463439 367599 367704 582383 265536 446217 508588 490983 999999999 614946 227526 370537 108955 618525 614850 84702 600066 478268 100027 441040 350196 575083 611028 320570 508864 102698 822433 96590 584126 640862 295990 565422 127370 478013 347721 518738 509742 414744 434215 273868 614133 284782 466492 359607 307142 292817 195991 644721 722306 387608 607493 845003 460726 608337 587981 186984 167587 213736 352856 99478 623128 796764 543070 360414 347213 393111
233612 763885 704808 212315 894382 149520 349987 738614 86905 722185 285283 295326 568180 557283 451795 750319 49737 702880 78027 615769 142644 82019 942662 539217 906398 826322 800732 442539 710694 497795 162930 387165 1142147 1018206 277162 537785 390146 455340 674197 247639 350450 505763 614946 999999999 451509 392829 708120 752867 193400 546640 414220 819313 667414 775577 798915 528511 670192 862386 639172 690995 696403 668596 1108211 190651 510918 876446 585581 977969 281057 1078138 219744 518921 180809 550422 815875 456481 207858 295857 552991 385560 707324 733818 147316 738626 1097565 767245 368589 652306 424356 785845 634921 804336 791639 678599 175386 770920 397412 953665 291890 838182
286564 314214 373908 496294 513102 442685 210178 512624 395380 275068 241530 234767 131802 191969 351512 621534 436390 620746 374058 238380 395826 532653 510247 267806 475049 378683 647865 156685 346602 110865 308891 436408 695064 570851 406225 185183 371994 358924 229846 236378 281180 281144 227526 451509 999999999 143205 284076 464728 404646 213858 373315 415032 234844 610757 551819 362713 429793 545137 339625 263163 612892 318291 659120 537278 111999 491544 142624 530818 254165 626701 298221 216732 286152 384214 488449 67699 265610 159066 412551 285046 256748 476877 530815 321330 654772 645789 233221 422117 361935 353366 351940 440968 350229 248631 416335 606840 316240 510541 159619 596477
178854 396084 326167 382237 504984 341379 71861 646880 362139 350516 123530 113939 268076 164512 211905 502679 363900 492151 316753 223110 384679 474060 553126 398975 516817 451653 536058 52476 322023 113645 231220 294194 761434 676989 441042 145329 447310 219343 301015 145968 139721 166118 370537 392829 143205 999999999 418325 396154 292901 352824 230279 426497 366933 738007 689627 237485 336802 688159 270157 396497 484274 461340 731460 524250 128548 486115 273070 599288 295107 716962 193246 136766 269919 501379 442740 93706 185249 122855 525942 369459 364176 393892 436368 347351 712510 526098 90436 324342 219470 480798 489524 583612 410110 381511 308844 496592 173205 624321 145688 734369
569936 208303 490106 779039 524685 722269 489371 385013 637036 215394 525547 518588 152303 365663 606740 818440 702616 838010 634709 367275 617635 785018 419038 251484 395444 260316 829202 410904 436219 328743 583819 710661 522570 324955 571390 375954 476524 613710 222179 518230 557805 508903 108955 708120 284076 418325 999999999 592097 687503 193657 639422 416603 52148 505445 393003 592061 601681 323837 497104 22252 830577 150181 477692 745993 316226 503086 145288 377251 450058 409903 581049 428175 528781 372404 573054 325364 543761 435180 405142 401488 125270 625483 806070 335668 505342 842942 507726 602509 625105 79691 246392 195900 277778 37260 698128 788121 583794 253235 427600 431231
519466 418344 102250 650759 220147 648963 410092 943432 743841 387981 471057 461734 506452 273288 319361 267605 712149 320972 685658 238371 775264 827244 387775 717573 363868 418178 256114 345714 157206 353958 594380 443284 606796 669950 836813 279892 830606 319103 370150 517188 403434 247839 618525 752867 464728 396154 592097 999999999 589802 651152 370799 243229 548974 1054183 968218 238007 96285 915742 127522 573140 316140 712145 600761 910138 353454 217755 491631 491085 688299 646272 533143 261632 662949 843971 85573 402047 555282 518895 873989 746210 471821 51424 740763 271784 542546 288584 386334 115736 353895 606225 781217 787817 366613 561383 611062 219885 363227 657672 541689 1010405
118308 688973 558580 91649 756819 59177 227171 815782 236503 643402 169787 179045 535896 443017 274180 559333 143985 509883 164898 497533 294978 250073 836020 583426 800024 744033 610948 330246 576669 406453 125789 193896 1050643 967445 421215 422210 504524 276269 593906 169460 193639 352051 614850 193400 404646 292901 687503 589802 999999999 566577 229632 697409 639271 876465 870684 354977 500376 906551 488695 667118 503507 689836 1022375 382588 421418 741411 547167 890056 353009 1009857 106483 388412 246498 635552 661111 380527 150163 255248 647476 467174 652561 563825 153339 629796 999186 575485 230708 481419 242689 758011 683494 823976 700903 652813 21389 582936 226595 911621 269242 913556
456987 358895 552176 654789 645366 589527 412624 300132 468007 343172 426338 422494 149820 383172 564044 831914 550192 834000 479564 413001 439593 618168 580539 71271 551234 422867 855086 370514 510810 312582 448187 638184 711155 517454 379939 383141 283168 571480 321569 402012 484133 493623 84702 546640 213858 352824 193657 651152 566577 999999999 581985 536784 179123 404269 337967 576079 631447 342711 533545 186466 826163 124205 667451 560186 307340 622894 169882 558512 271807 603381 464628 423935 366348 204612 656974 279869 416443 314799 237560 208556 269272 671733 662365 442639 688384 856361 439771 626192 572067 271301 138172 260223 421635 181443 572519 813688 525153 444317 297667 382638
204065 572716 359807 280557 559745 287718 171450 871755 432443 526463 186503 183686 493585 304502 53599 339551 367362 302542 362747 343773 480502 478531 671352 623879 637279 614105 387770 228519 392525 312074 279864 83285 895839 863096 582558 286070 628381 52174 480472 236001 103855 165421 600066 414220 373315 230279 639422 370799 229632 581985 999999999 521079 587309 956472 917002 132940 277105 918413 289033 617220 295214 691578 874857 594595 325752 547658 495216 745128 465166 883070 212253 235478 389788 714862 448547 316883 259158 296659 735827 564342 565613 339296 374193 474707 838177 358450 142369 257603 18848 694521 717404 812297 563488 602173 250860 356835 57080 820483 322759 961701
596894 212216 175388 776674 109496 752959 476111 797680 784550 202628 540730 530392 388840 262039 468389 510570 789015 559943 743122 203712 798335 900397 154082 608035 124336 188167 498000 377339 129158 328374 657234 603765 380397 428744 821237 281744 777886 471713 215225 571990 505558 357669 478268 819313 415032 426497 416603 243229 697409 536784 521079 999999999 386914 916267 809460 402031 309785 732367 238184 402826 554447 558996 366779 940606 317923 87263 367381 249321 668872 403741 611771 309033 683341 741349 183707 377167 611575 535280 774159 689869 292036 292906 849449 96042 319634 531792 467081 323200 502231 406049 645301 602405 145574 395285 716698 462899 488729 423227 549624 847798
521339 187909 446735 730899 496177 675532 438201 410816 599049 184387 475818 468627 103434 315276 554624 769982 659668 787995 592796 319932 583255 745541 407344 245145 380468 247924 782188 358791 394678 276622 538308 658789 532682 355123 546522 324926 460157 561602 181836 470386 506241 457351 100027 667414 234844 366933 52148 548974 639271 179123 587309 386914 999999999 529446 425431 540710 554273 367671 449873 29914 780516 172121 489553 715156 264174 474119 93960 379459 417457 431160 532793 376824 489668 373878 534782 273721 497232 388779 407141 380376 97659 580465 760878 300606 509283 794539 456068 554391 572964 119683 260759 242491 255446 14897 650460 740946 531735 287120 382796 465663
790976 713186 954078 950195 1025603 877282 785580 121006 689294 713831 779175 778747 548154 787435 948312 1232289 802434 1229064 737466 815814 634057 818507 922051 343029 900216 764994 1257744 765250 909497 715369 750991 997994 985188 736509 505718 787031 385431 955685 706156 739768 853269 891527 441040 775577 610757 738007 505445 1054183 876465 404269 956472 916267 529446 999999999 139931 971623 1035438 277049 937785 515781 1221185 357701 937857 682650 710995 1003508 564503 864928 523473 844705 793251 825943 632073 243574 1054617 678398 737418 662746 228989 409365 625795 1075901 919650 827827 984481 1256528 816341 1029722 949934 545087 274083 363508 782392 521787 874437 1216492 901976 666154 638113 135578
772664 600627 866388 951877 917688 880909 746074 62862 712202 607430 751242 748977 465138 711548 901368 1166587 818132 1171297 749125 731869 663434 852989 800830 294297 781533 647121 1186847 708443 817402 647132 745553 968286 850523 599156 548350 714434 420225 908809 606879 718657 816762 830676 350196 798915 551819 689627 393003 968218 870684 337967 917002 809460 425431 139931 999999999 913614 960339 137883 858811 406869 1163480 256253 803184 737286 640243 896071 477561 736603 525955 707977 777500 758614 636629 249465 959608 617447 723890 634960 253629 414378 517512 994916 936131 725857 852854 1191151 774668 956903 908000 421057 200163 229671 670108 415424 872081 1145307 860601 530136 613095 44742
300285 487240 232899 412800 430647 414062 214021 875337 532544 443068 261691 254344 460415 229028 81592 265389 484603 258033 467828 249895 572929 598664 555257 629599 522794 518619 301470 206527 273069 270247 378338 209083 781505 775164 657316 216443 680465 81096 402456 312789 180613 84180 575083 528511 362713 237485 592061 238007 354977 576079 132940 402031 540710 971623 913614 999999999 145621 895046 164291 570024 250179 670998 764229 698722 280028 419928 455835 637806 522126 782777 312298 163894 469066 737840 315842 296226 346103 344137 763039 605623 498756 208877 504048 369816 721581 288659 182940 126492 115889 635245 714248 778714 465504 555436 376358 263654 131191 740891 370433 958142
