NAME : synthetic_000083
TYPE : CTSP-D
DIMENSION : 100
GROUPS : 8
RELAXATION_LEVEL : 1
EDGE_WEIGHT_TYPE : EXPLICIT
EDGE_WEIGHT_FORMAT : FULL_MATRIX
EDGE_WEIGHT_SECTION
999999999 759893 364555 405214 66166 470359 497517 614020 324077 525953 359063 292394 632769 179480 802017 777120 488016 205979 456531 723818 299478 749561 832847 123516 223534 436321 484493 630201 197272 653664 613682 326337 433554 332786 449463 278417 602436 660622 913861 333057 346439 380862 445976 725804 437219 282948 148612 652758 184319 214302 664465 317129 338746 406986 339588 595934 362585 263273 379541 644375 448872 449096 637098 461316 401397 552158 756784 193972 555463 663159 422816 710166 551622 267094 759600 769951 410210 589372 520881 649203 309201 826067 102586 281243 577189 669285 808499 348550 786589 618531 381408 683639 775477 634399 273965 540419 298201 558617 225411 77049
759893 999999999 407198 365973 797578 538004 918107 181904 505890 399408 401756 1038278 380205 674270 69956 532009 528661 580723 935650 806820 1046939 901112 119212 709709 742901 561930 552184 277517 655547 674556 842290 934080 410586 1090353 339537 1020912 348889 635704 256987 763124 478468 389055 521019 34090 681829 560088 902603 560409 772430 958167 151791 814672 1098175 731386 1081338 592613 672360 545246 410771 135152 974613 580649 433697 930509 479844 654474 217135 589465 234302 96764 586959 197208 643978 610146 106178 996552 1001066 686449 370627 516590 522044 189488 768602 573284 914487 488224 1013155 1090344 171271 258507 504661 841286 302612 538851 1028618 563266 776613 648392 909854 760355
364555 407198 999999999 41598 394202 263847 675145 297651 242108 216833 86009 654338 427678 334511 458918 617369 270002 232351 666692 730283 641381 798149 497171 347596 343425 259187 284957 369369 251101 611771 688382 607391 253349 697175 87313 614773 271172 593677 602723 387325 103636 18309 365768 373579 358515 271529 512366 413217 429746 552733 300060 519014 701981 385776 700325 390416 316388 233873 41558 282858 688087 283100 461241 665636 290201 401543 463038 235171 190953 311723 401553 412465 394136 218072 430280 862910 687307 578602 195054 388118 133789 512796 361852 181995 713025 516543 892953 709383 473796 346819 165366 726888 511772 388040 638378 467342 390224 401407 503154 383049
405214 365973 41598 999999999 435712 272267 697487 263019 257016 202898 93945 694135 409392 366385 418586 601388 275621 263700 692249 733371 682976 805052 457610 383275 381858 273467 293069 343396 290934 611333 699906 639967 249483 737960 54147 656349 246835 590504 565854 420210 130087 24353 369463 332448 380104 292693 552666 407252 463222 594331 259257 546683 743042 412284 739863 391666 344080 257805 56045 241281 716033 297283 446501 690664 294941 411349 429734 267773 150389 270826 411061 379192 403213 253699 391873 873930 718681 582769 176556 378554 166775 476143 403386 216957 730598 503676 902709 748927 437492 319529 183742 734256 482458 381567 678828 467121 425525 410216 544035 421294
66166 797578 394202 435712 999999999 461304 553578 659983 384071 533550 401273 286314 692202 245618 843312 840672 479787 264503 508923 789314 250481 813370 876412 189556 183370 424810 473136 684277 186751 719823 677082 368265 490793 311153 475324 226256 612997 726586 963217 289864 358931 411582 510054 763560 408061 345738 146203 640802 244018 162124 693166 375399 311988 370302 334378 579629 334962 323119 402920 676934 496205 434441 698677 514501 462732 528101 807996 252294 584077 700934 488537 760351 528783 258734 804319 830839 449702 655492 532639 641714 317504 874537 57860 280718 636450 732499 869745 342905 834884 671149 383185 748071 830789 624411 259361 605767 251774 535386 159368 138322
470359 538004 263847 272267 461304 999999999 897247 506245 495144 140477 349623 747449 680262 531603 605183 873005 19072 444432 876380 991231 658763 1054882 652478 518694 306634 39164 21116 606460 275560 874990 938601 781122 517047 764077 247072 628895 212343 857501 781328 265350 174123 271269 627666 511366 147449 511774 606652 182901 608458 580429 388580 724413 759352 205109 795469 135434 166329 470229 223462 405234 886000 45882 718634 877595 552044 139109 670205 441137 314572 463829 657886 621687 130977 203849 603395 1112844 865697 839122 167385 180424 182942 696712 406538 191421 949379 775941 1144992 803901 662132 580756 108664 983324 735403 164055 718377 730685 295516 138053 488978 525056
497517 918107 675145 697487 553578 897247 999999999 736209 444962 891028 605224 471929 588777 367750 923375 602942 910757 454137 64932 348618 655844 316638 928810 394950 717959 873201 916234 663246 665531 376463 197069 225481 511877 551077 751243 656162 944215 413930 938543 827080 729421 680475 397839 889774 911178 404798 470448 1072948 314053 616115 902190 181634 577125 893105 475095 1032593 837912 441272 712803 861440 118661 892474 551580 54221 442463 1010646 789992 456457 816071 839767 331298 765581 1007360 719505 858459 293289 199661 310459 870176 1055157 714309 875184 600030 714982 98632 534723 333691 479107 845103 672449 789899 277217 753687 1049662 504559 387595 794459 1014907 690995 420682
614020 181904 297651 263019 659983 506245 736209 999999999 331951 387614 259864 879400 226055 506757 197810 407419 503131 420377 754150 642646 910182 733436 220752 547801 639686 518576 524834 123511 545094 509616 665698 758404 230339 937047 263851 886211 373324 474098 307041 683229 392466 280147 339372 154340 633734 386903 749647 586904 602801 822095 213101 635950 947382 671741 920395 597762 605028 377573 318131 165618 793888 541064 278714 748881 298973 640431 167294 430473 203731 114730 405113 117090 630823 515608 146182 824797 822829 513348 353960 547022 429641 217087 640114 479241 734087 338373 843905 929280 177533 97222 439008 670483 229543 561890 873818 388068 687754 636805 789142 603151
324077 505890 242108 257016 384071 495144 444962 331951 999999999 457719 163126 556773 308693 179238 529757 462226 504447 119853 447010 498576 620958 559744 550020 228396 444678 481558 515964 315289 353635 390929 446511 428195 114125 620845 309490 601602 503019 382303 608501 531361 321285 243322 144984 473801 556816 55016 438109 654657 271837 537924 462991 312375 634532 563905 595052 627314 495578 60960 282988 425766 478351 504365 315310 443989 80513 626681 448184 132073 371770 416286 162896 406083 620716 370969 474856 621105 496819 346634 433189 630226 324221 525123 387066 348565 473653 353386 651735 603743 487184 308590 387855 488194 455885 629695 556572 251950 516034 628272 537517 289973
525953 399408 216833 202898 533550 140477 891028 387614 457719 999999999 295920 816156 583410 540845 467496 776527 129524 441816 880139 934626 756410 1007712 515456 543119 409518 170072 153085 498476 350599 810450 902492 808510 448696 844381 156579 727109 82202 787168 646960 392717 180497 214407 571689 374057 287494 488286 672040 209022 630525 672535 248851 730507 843490 342824 863963 210223 294276 450046 178226 268803 898436 185259 627306 879605 497608 258231 545580 442378 185989 330331 613881 499022 248032 282593 470393 1076663 890955 784747 33720 176653 217150 564571 485201 254149 929811 687047 1105593 872793 531704 471639 153084 937023 616434 183091 792388 666985 416857 253258 593359 565238
359063 401756 86009 93945 401273 349623 605224 259864 163126 295920 999999999 637480 352547 287162 443076 538564 356001 186205 602216 644653 651749 713754 475173 313224 389138 343436 370739 307085 292520 525762 606577 559553 168486 688601 146537 627218 340092 507907 565937 449476 183795 82456 280072 367719 437424 200974 500852 497246 386057 563328 323442 459204 696654 459017 681342 476274 388863 168927 127316 294571 628333 367254 382040 600194 204638 486801 416093 192958 221250 305302 318236 366471 479580 277699 403145 780804 635763 493169 270397 470387 203953 476326 380273 245077 636768 435448 810050 690386 436629 287768 248747 642674 453922 471825 626924 381336 446174 486900 529885 359875
292394 1038278 654338 694135 286314 747449 471929 879400 556773 816156 637480 999999999 848198 377608 1074119 952340 765999 459360 408898 795871 204713 784262 1100137 331718 456183 710631 758862 871405 472990 772439 652968 247377 670536 80380 740379 217284 893861 794664 1165273 550016 637897 669890 635394 1004391 683378 503624 144258 925954 293844 211029 952852 353593 105450 637152 48073 863132 613395 503626 671468 929733 367165 719366 837456 418785 618848 806536 1004934 449785 844451 942332 586905 962535 808259 545016 1025307 763601 289027 699839 812532 927873 599016 1081377 341220 565783 570324 853102 803907 56720 1043015 865362 667983 734153 1007541 910148 42835 701789 508720 814467 320654 277923
632769 380205 427678 409392 692202 680262 588777 226055 308693 583410 352547 848198 999999999 476934 360808 193432 681746 427722 622457 426786 928891 522037 353439 531722 730461 682845 700702 104894 634200 295090 475811 672511 204136 917978 435384 910055 585731 255540 350014 800363 531236 415303 216864 362541 786193 353585 741075 790900 554469 846519 439116 538867 934023 811151 881572 790394 741088 369540 462768 391567 671340 706674 53756 614829 233552 819200 204425 439920 413376 338224 277538 191567 810633 629105 292686 620154 719354 315296 550255 754093 556050 288911 691181 597414 562676 112326 634652 889745 262927 129220 591670 464800 167913 765154 853755 203179 793878 817401 843182 594920
179480 674270 334511 366385 245618 531603 367750 506757 179238 540845 287162 377608 476934 999999999 703792 605423 545910 102689 344882 548291 457216 581435 726667 58326 369349 506163 550078 493905 302797 474225 448412 273624 292934 443021 419655 441396 604105 481429 787706 474450 368822 344813 274691 641105 545407 126201 264263 710204 99194 380311 610362 192964 457852 532080 415907 666543 473242 129415 366217 579400 358181 525030 473305 345992 244036 642898 627335 99413 507936 580843 244622 585270 639627 352417 651529 613568 352796 410587 524915 695690 349040 704263 270936 347265 430720 499285 650347 424630 666173 487806 425733 513161 631853 687815 378665 363304 447063 647169 404876 121294
802017 69956 458918 418586 843312 605183 923375 197810 529757 467496 443076 1074119 360808 703792 999999999 493555 596388 614794 945538 785665 1093607 882157 49269 743179 799193 627958 619859 265066 709509 655279 833327 955839 426419 1129456 397622 1068334 418672 614467 187483 824567 536792 440614 525840 93884 747842 584698 941622 630333 800347 1004928 221206 832092 1138609 796049 1115912 662367 735600 574416 466712 200192 987342 647215 412638 939697 493749 723496 173736 624355 296728 149222 592768 169447 713030 667770 68124 980962 1019102 674391 438007 586493 579440 126733 817590 630754 912254 462633 995017 1124846 118221 251806 567073 825604 256336 608805 1066828 555036 836332 717543 961855 796763
777120 532009 617369 601388 840672 873005 602942 407419 462226 776527 538564 952340 193432 605423 493555 999999999 874832 580631 652089 333402 1062208 432133 469552 663480 902810 874513 893547 284623 808375 232850 438993 743329 377180 1027935 628733 1046820 776063 190967 407081 980305 720399 605960 331443 522415 975309 495032 864745 983506 663838 985456 617862 611144 1047288 997173 978942 983816 926981 521558 653813 571235 707034 898403 156524 642465 381714 1012047 319822 592683 603636 511858 367260 335366 1003581 810861 429941 539440 770950 292653 743265 946131 742408 385557 848589 781042 546773 108840 542225 986281 377341 311717 782337 395731 239907 957827 965328 250553 970363 1010400 997414 726714
488016 528661 270002 275621 479787 19072 910757 503131 504447 129524 356001 765999 681746 545910 596388 874832 999999999 457300 890785 999190 677829 1064098 644042 534268 325706 58171 23561 605764 293788 881752 949018 797347 522476 782984 246995 647959 197759 863429 774102 283242 184610 276279 635114 502724 161409 522734 624982 166243 624037 599485 378368 738836 778335 220650 814031 123367 184494 481381 229003 396902 901159 62146 721124 891845 559465 138162 665936 454371 308446 456685 666915 617853 129145 221931 596574 1123415 881845 847187 158499 161959 196878 690256 425205 208230 961616 778924 1155214 822480 656210 579784 120937 992578 732591 146512 737099 737336 313964 135746 507995 541830
205979 580723 232351 263700 264503 444432 454137 420377 119853 441816 186205 459360 427722 102689 614794 580631 457300 999999999 438837 582357 504802 630077 641111 128987 335446 422757 463928 425406 251049 488602 504255 376305 227585 517079 317040 484343 502795 486477 713003 430234 275292 242241 255066 547095 477650 90798 330405 618813 200457 420280 509610 288691 528336 474356 501266 579852 409715 59212 265374 480228 456916 443367 435115 438747 199594 564328 554284 12226 406019 485755 250883 509059 559975 284149 566483 676079 455213 434463 424413 601538 262042 626661 267960 270639 505486 471869 710495 510228 587616 415050 336365 559247 569823 595557 453595 358436 410101 567594 417773 182889
456531 935650 666692 692249 508923 876380 64932 754150 447010 880139 602216 408898 622457 344882 945538 652089 890785 438837 999999999 411531 596223 381566 954116 363480 679394 850232 894689 690002 633727 430527 260397 164340 525683 487580 746371 597837 937609 465765 972252 788948 712664 673672 420792 906082 880476 401576 415824 1054963 277282 560418 909276 151967 513819 858606 410741 1011129 806390 434449 702549 870427 56532 868473 589004 10941 456094 984364 820090 439450 818353 853470 353822 792484 981687 691566 882160 354813 135135 361682 861284 1039601 693920 905088 558209 690154 163128 577506 395165 414604 873353 696925 770578 341202 789373 1032396 442567 425572 754722 989156 640021 380883
723818 806820 730283 733371 789314 991231 348618 642646 498576 934626 644653 795871 426786 548291 785665 333402 999190 582357 411531 999999999 955571 99393 772818 600689 912294 979595 1012243 529714 833051 133039 151603 552551 486291 876235 778235 948976 961186 171351 733609 1011743 818511 726636 364582 787922 1053678 495400 755144 1140612 555904 897352 849889 447481 900488 1055720 807991 1120633 989394 536276 771800 802711 467053 1002606 373694 400600 440084 1124752 619076 591346 798189 757364 336691 616393 1118527 863533 717789 206075 546219 152166 905309 1111200 822752 697149 819140 844651 261738 323930 211838 813271 679424 550903 885290 75833 553121 1114938 821719 268821 989024 1126044 945793 652800
299478 1046939 641381 682976 250481 658763 655844 910182 620958 756410 651749 204713 928891 457216 1093607 1062208 677829 504802 596223 955571 999999999 957522 1126893 399723 352220 619716 665218 929654 408657 911130 822022 431946 732204 154544 719279 29918 838253 926107 1212357 418065 593367 659152 731906 1012989 561949 575738 202234 823342 407430 88773 937596 508967 133655 505864 232635 754502 502314 560779 646008 924070 560972 622103 929372 605188 695735 685714 1055954 492951 829091 950456 697408 1008964 689718 473889 1054745 949053 487426 841002 761237 834205 549247 1124060 280424 504423 752056 956478 989439 236093 1084464 917951 603367 900955 1074623 812084 162865 816671 378116 694795 172282 336125
749561 901112 798149 805052 813370 1054882 316638 733436 559744 1007712 713754 784262 522037 581435 882157 432133 1064098 630077 381566 99393 957522 999999999 870525 629063 950454 1040430 1075683 623605 877258 226964 137023 537005 562913 864248 852340 953998 1039304 268026 832986 1053739 880932 796207 436346 881118 1106949 548110 761597 1210986 572129 906785 937592 450759 889708 1103996 790543 1186743 1039789 589920 839659 890831 433349 1062866 469562 370844 510125 1185277 716987 637787 880262 848074 397221 712724 1179654 914122 814136 107783 515638 225609 979628 1183583 881008 795758 848786 898387 219347 421807 113106 794887 777321 643764 947355 71580 652149 1185579 814110 350694 1028032 1187241 965547 675107
832847 119212 497171 457610 876412 652478 928810 220752 550020 515456 475173 1100137 353439 726667 49269 469552 644042 641111 954116 772818 1126893 870525 999999999 768500 839273 674500 667467 265737 748255 644502 829065 972561 442570 1157588 439922 1102159 467750 602531 138574 867969 578706 478879 533326 141400 794293 605015 970045 679602 821748 1038403 270124 846260 1167628 841584 1140996 711402 780257 597797 507440 247247 997762 694089 403039 947808 507763 771981 153888 651151 341930 192354 600322 164149 761537 708938 75177 971436 1033097 668732 485561 635761 620667 88136 852880 671902 912463 448892 983620 1149866 93671 257195 611424 816554 229727 658061 1094461 553053 878595 766120 998879 823836
123516 709709 347596 383275 189556 518694 394950 547801 228396 543119 313224 331718 531722 58326 743179 663480 534268 128987 363480 600689 399723 629063 768500 999999999 326813 490126 535981 543513 270873 530796 494174 265779 342445 392886 434664 383417 611365 539010 835414 434564 365435 360222 332449 676079 517291 178474 209997 700208 89771 322078 635561 213961 406162 498204 372749 651897 443510 172475 374569 607792 367973 507260 529916 366258 298210 621408 675521 120651 530045 614693 302804 632005 619020 328355 693622 654901 349239 465963 530513 689182 339366 750535 219781 329129 466467 557066 692651 381673 711926 535780 416586 562133 683904 678981 328757 421595 404388 626439 348275 63626
223534 742901 343425 381858 183370 306634 717959 639686 444678 409518 389138 456183 730461 369349 799193 902810 325706 335446 679394 912294 352220 950454 839273 326813 999999999 267664 313786 695908 96864 823795 817751 548046 528203 462552 403452 322386 491716 821765 945874 109581 265448 361522 587839 710312 227520 426185 325290 475819 403988 274597 615161 536445 455633 186932 503272 409779 157526 390287 332556 611032 672343 271274 749863 683836 524019 350355 802526 324919 511542 650291 585946 752233 352194 134136 773552 981302 630860 767593 418538 483576 221118 855876 126352 170247 793059 794527 1018702 511135 816689 676905 258499 881573 843043 462680 422578 693027 77760 358331 184309 298518
436321 561930 259187 273467 424810 39164 873201 518576 481558 170072 343436 710631 682845 506163 627958 874513 58171 422757 850232 979595 619716 1040430 674500 490126 267664 999999999 48386 613666 240148 866091 921594 750590 511887 726044 255641 589840 246231 850420 800879 227782 161535 268979 617757 534090 119911 494342 570552 216657 579729 541691 414529 698372 721008 172782 758604 161891 128456 452510 220911 427785 858029 23934 719053 851815 542428 145161 684294 418591 333710 483966 644415 635049 139228 169227 622509 1095340 835308 827443 193261 217730 161106 714940 369467 161060 928236 775218 1128241 766978 679415 588593 94980 968855 746507 199601 681011 722271 256953 146811 449826 493362
484493 552184 284957 293069 473136 21116 916234 524834 515964 153085 370739 758862 700702 550078 619859 893547 23561 463928 894689 1012243 665218 1075683 667467 535981 313786 48386 999999999 626166 288509 896096 959087 797527 538138 773590 266909 635311 220464 878615 797305 265252 194802 292307 648738 526171 139142 532125 618919 168332 625701 588258 401927 742736 768204 199408 806818 116465 167556 490520 244535 420293 903614 43886 739326 896031 573121 118504 688174 460416 331290 479844 678744 639901 110153 217432 619668 1133270 882187 860125 181907 170130 202056 713258 417661 207579 969116 796738 1165528 815173 679050 600349 128924 1004118 754174 151295 729032 751797 297466 117152 494503 540771
630201 277517 369369 343396 684277 606460 663246 123511 315289 498476 307085 871405 104894 493905 265066 284623 605764 425406 690002 529714 929654 623605 265737 543513 695908 613666 626166 999999999 599114 397182 568523 719352 201168 936133 359407 908293 492415 358975 295438 754266 471745 354333 269813 258334 723392 367784 752729 702706 581983 843949 336179 589227 949660 754694 908564 708092 685629 372123 399138 288872 735113 637058 158565 683390 256142 743925 135285 437049 320392 233688 336429 102509 734807 582749 197753 719435 774777 410459 464830 664154 502597 217715 674502 548425 647786 216683 735653 917127 183763 27229 526878 564067 147922 677279 871859 289978 752857 741219 826834 604294
197272 655547 251101 290934 186751 275560 665531 545094 353635 350599 292520 472990 634200 302797 709509 808375 293788 251049 633727 833051 408657 877258 748255 270873 96864 240148 288509 599114 999999999 738584 747578 518736 432642 495070 318078 379991 431576 734087 851834 179295 185532 269383 498112 622412 246812 340450 331243 456801 356852 322953 534356 484830 493227 229287 521063 398755 172690 302252 245254 526083 634204 252009 654633 636842 431782 356423 706842 241731 427852 561381 501414 656675 355355 72051 681096 915498 603395 685508 353159 455723 140935 761802 134971 96528 733249 700442 951683 529621 722446 580268 198237 807162 746344 439356 445711 604374 162600 362482 255742 260338
653664 674556 611771 611333 719823 874990 376463 509616 390929 810450 525762 772439 295090 474225 655279 232850 881752 488602 430527 133039 911130 226964 644502 530796 823795 866091 896096 397182 738584 999999999 206345 542999 362091 851531 653881 900685 833263 44124 614548 917818 704561 606555 248680 655201 947287 398269 708927 1017986 503772 844277 717321 419337 873706 954558 792092 1001641 886470 436610 652969 670056 486745 889529 242644 420291 323689 1010823 491409 498909 668143 624330 237851 485833 1004058 761548 587231 327112 557163 72894 780269 987067 712996 571652 742173 739451 314297 197233 339738 798511 551645 418033 771187 173265 430351 992165 792359 144457 898696 1011478 878969 588984
613682 842290 688382 699906 677082 938601 197069 665698 446511 902492 606577 652968 475811 448412 833327 438993 949018 504255 260397 151603 822022 137023 829065 494174 817751 921594 959087 568523 747578 206345 999999999 406880 469654 733261 749919 817891 941104 249528 813239 922393 764590 688498 340806 818567 981852 427260 625101 1101167 435255 770052 858767 314166 758234 975746 662119 1072296 913033 469084 729439 813560 315614 943407 428489 249456 408908 1065528 679515 511043 790320 778196 289270 665894 1060455 788033 765548 174607 395386 161134 876297 1076368 760880 762820 713585 774570 113346 394559 206685 666984 738625 584502 830191 81650 627048 1076200 681249 279110 895474 1068074 828659 538765
326337 934080 607391 639967 368265 781122 225481 758404 428195 808510 559553 247377 672511 273624 955839 743329 797347 376305 164340 552551 431946 537005 972561 265779 548046 750590 797527 719352 518736 542999 406880 999999999 530107 327246 693090 434112 875184 570660 1013082 656753 631212 618207 456297 901964 762886 374292 257245 963581 178238 399196 881491 134357 352816 733124 255515 912360 688150 394293 637410 848390 133228 766116 650261 173527 465445 875116 854327 372406 780763 843917 395623 818959 873828 583976 897898 518475 84784 470244 794926 954066 604257 936845 422470 589954 323423 653448 558872 260720 901367 720086 681285 488389 839464 942982 279094 497227 619673 881027 485087 258500
433554 410586 253349 249483 490793 517047 511877 230339 114125 448696 168486 670536 204136 292934 426419 377180 522476 227585 525683 486291 732204 562913 442570 342445 528203 511887 538138 201168 432642 362091 469654 530107 999999999 734968 292148 711926 476402 341228 494935 603140 352045 246212 128916 380517 604208 167057 551952 655901 382990 647856 393987 405791 748606 621979 708267 640744 551887 171967 293641 351202 564029 535720 222142 520895 69664 654880 334477 239586 320687 328216 186276 293500 647482 433901 367806 639998 592765 337909 419057 625348 368808 412619 487465 404867 520961 270917 665557 716898 375265 195217 417233 493501 342760 630088 670691 218295 593897 654745 639719 403632
332786 1090353 697175 737960 311153 764077 551077 937047 620845 844381 688601 80380 917978 443021 1129456 1027935 782984 517079 487580 876235 154544 864248 1157588 392886 462552 726044 773590 936133 495070 851531 733261 327246 734968 999999999 781404 175781 924107 873002 1228250 546145 669898 713607 707479 1056307 685686 569091 187875 938037 365790 193599 997184 433243 27133 634575 84859 872313 619474 565242 710386 976972 444110 732288 909512 497627 686554 810023 1068407 506683 888125 993823 661406 1024696 812777 566003 1083227 841880 364238 779061 843789 943681 628656 1142997 360156 590737 649610 927361 882113 85791 1104191 928666 693087 814484 1074851 924052 64357 777542 504844 818519 303753 334231
449463 339537 87313 54147 475324 247072 751243 263851 309490 156579 146537 740379 435384 419655 397622 628733 246995 317040 746371 778235 719279 852340 439922 434664 403452 255641 266909 359407 318078 653881 749919 693090 292148 781404 999999999 691894 193561 630907 556604 428436 139217 74890 416023 307224 369884 346505 597778 364675 515918 631089 218337 600793 785323 409180 786631 356087 344065 311922 73389 208106 770138 278616 476370 744755 342692 385028 430638 320699 110084 248412 460688 380817 376134 270661 379248 923506 772214 628724 127303 333226 182507 468164 438856 233760 783112 535188 951576 795680 430863 333815 175992 781928 490920 338772 723424 510423 438791 382729 573689 470229
278417 1020912 614773 656349 226256 628895 656162 886211 601602 727109 627218 217284 910055 441396 1068334 1046820 647959 484343 597837 948976 29918 953998 1102159 383417 322386 589840 635311 908293 379991 900685 817891 434112 711926 175781 691894 999999999 809010 914393 1189308 388543 564998 632635 715857 987010 532285 557661 193835 793467 397133 64410 910142 503955 157271 476467 249528 724683 472424 541090 618561 897244 564904 592187 911925 606480 677401 656134 1033556 472370 801816 924551 683487 986214 660075 444673 1030356 948902 493597 831238 732237 804287 520744 1100735 253189 475516 751362 940466 989231 253810 1061093 896037 574105 896058 1053860 782174 174553 802789 348470 665187 142511 320106
602436 348889 271172 246835 612997 212343 944215 373324 503019 82202 340092 893861 585731 604105 418672 776063 197759 502795 937609 961186 838253 1039304 467750 611365 491716 246231 220464 492415 431576 833263 941104 875184 476402 924107 193561 809010 999999999 806418 603639 472225 256033 264066 603727 328144 359146 539431 749610 216913 696957 754027 197820 790178 923793 417416 941490 243729 373165 503694 237952 229414 959195 258217 633412 936365 532427 308940 519106 504757 172472 295081 651945 476135 298325 364364 432114 1113921 956404 814229 81754 175030 295579 526296 565763 335048 976582 694087 1140913 950378 496838 465185 234907 969685 595904 193300 871168 692367 497704 302084 675552 637719
660622 635704 593677 590504 726586 857501 413930 474098 382303 787168 507907 794664 255540 481429 614467 190967 863429 486477 465765 171351 926107 268026 602531 539010 821765 850420 878615 358975 734087 44124 249528 570660 341228 873002 630907 914393 806418 999999999 570606 912815 689188 587303 237531 617307 935646 395679 724352 995568 519030 856558 683805 443502 894461 945754 816367 981963 876937 432016 634437 636333 521557 874062 202348 455778 310169 994517 449105 497330 639152 588591 238875 445124 987422 753022 546537 369902 589572 104084 756307 963476 700236 528691 745710 729245 355882 154193 381101 823071 509415 380822 755445 216884 386742 969673 812712 130421 895496 994764 885954 598998
913861 256987 602723 565854 963217 781328 938543 307041 608501 646960 565937 1165273 350014 787706 187483 407081 774102 713003 972252 733609 1212357 832986 138574 835414 945874 800879 797305 295438 851834 614548 813239 1013082 494935 1228250 556604 1189308 603639 570606 999999999 984030 692576 584815 558680 275508 919970 661992 1043011 817022 877196 1124965 405864 881510 1240731 964217 1203197 846784 900449 663008 619101 378360 1020461 821441 388659 964732 551548 904799 160516 724097 467267 317505 623310 203963 894460 819553 178428 938396 1065338 652720 615904 773310 732251 90032 945965 782780 907803 419015 945098 1211818 129510 299912 731691 787358 186542 795111 1164169 551524 991249 899323 1095768 894709
333057 763124 387325 420210 289864 265350 827080 683229 531361 392717 449476 550016 800363 474450 824567 980305 283242 430234 788948 1011743 418065 1053739 867969 434564 109581 227782 265252 754266 179295 917818 922393 656753 603140 546145 428436 388543 472225 912815 984030 999999999 291536 404021 676231 732337 144627 519741 426837 409915 513258 352839 624001 645486 535467 88500 595756 339222 99364 481330 365485 628236 781758 221679 824958 793348 608232 267701 849750 420712 528845 675821 680709 799175 271962 171803 807443 1087756 739105 864682 410015 426251 253828 894869 234305 205935 901028 873383 1124754 603088 856728 732878 258786 984152 898584 401603 513426 782847 41419 276863 246432 408066
346439 478468 103636 130087 358931 174123 729421 392466 321285 180497 183795 637897 531236 368822 536792 720399 184610 275292 712664 818511 593367 880932 578706 365435 265448 161535 194802 471745 185532 704561 764590 631212 352045 669898 139217 564998 256033 689188 692576 291536 999999999 117479 456235 446354 255031 338125 493639 343563 454080 506635 350324 561235 670787 282956 685484 307977 214209 296803 74355 345745 726790 184995 564075 713076 380893 306476 559502 273515 246122 387570 484144 509007 300051 131797 516446 938914 714504 666344 174641 326972 44902 603343 315043 95208 777704 618631 970917 694381 565200 448541 66789 809362 612307 320274 615804 560797 299914 307553 440329 384922
380862 389055 18309 24353 411582 271269 680475 280147 243322 214407 82456 669890 415303 344813 440614 605960 276279 242241 673672 726636 659152 796207 478879 360222 361522 268979 292307 354333 269383 606555 688498 618207 246212 713607 74890 632635 264066 587303 584815 404021 117479 999999999 362099 355402 371309 275932 528341 414806 441043 570471 283607 527063 718706 400375 715672 395091 331341 239635 48119 265354 696339 292910 450197 672340 286843 409784 445924 245810 174706 293489 400537 395343 402072 235462 412100 862851 697450 575351 190446 388079 150221 494921 379813 199156 716010 506249 892324 724735 455986 331351 176441 725129 495789 389372 654490 462111 407609 409243 521426 397410
445976 521019 365768 369463 510054 627666 397839 339372 144984 571689 280072 635394 216864 274691 525840 331443 635114 255066 420792 364582 731906 436346 533326 332449 587839 617757 648738 269813 498112 248680 340806 456297 128916 707479 416023 715857 603727 237531 558680 676231 456235 362099 999999999 493559 699078 165871 536804 776456 341872 654172 520089 323362 724963 708244 667035 756176 639523 197814 407261 475964 465304 641113 202103 414515 75650 762670 402250 266654 449595 446554 67029 372102 756068 515491 461648 511227 506707 213349 543323 747910 464387 486570 521227 491962 396617 224620 537293 675042 453546 276144 522953 366165 383187 750860 643693 107110 660228 763525 667820 395899
725804 34090 373579 332448 763560 511366 889774 154340 473801 374057 367719 1004391 362541 641105 93884 522415 502724 547095 906082 787922 1012989 881118 141400 676079 710312 534090 526171 258334 622412 655201 818567 901964 380517 1056307 307224 987010 328144 617307 275508 732337 446354 355402 493559 999999999 653981 527782 868571 542335 739425 924216 130465 783475 1064097 702454 1047535 571329 642493 512233 377934 106311 944329 553333 416280 901121 450011 630748 214666 555756 203689 62681 559010 187384 620324 577881 109356 975072 969616 664189 344278 498858 489670 200623 734801 540957 888391 472459 992664 1056545 176381 237355 474277 820081 299731 520042 994608 539981 745106 624977 876443 726474
437219 681829 358515 380104 408061 147449 911178 633734 556816 287494 437424 683378 786193 545407 747842 975309 161409 477650 880476 1053678 561949 1106949 794293 517291 227520 119911 139142 723392 246812 947287 981852 762886 604208 685686 369884 532285 359146 935646 919970 144627 255031 371309 699078 653981 999999999 559460 552240 266277 603662 493610 534058 731099 676469 63126 730219 194975 74743 517976 324767 547681 880668 102243 818902 883489 625476 124408 800372 470863 453117 603451 717050 750673 127824 194156 741547 1152967 847156 902500 312536 285628 235913 833523 350205 209059 975740 872871 1187878 737952 797559 699154 196536 1035781 859888 259663 648927 805679 183837 133144 389832 505555
282948 560088 271529 292693 345738 511774 404798 386903 55016 488286 200974 503624 353585 126201 584698 495032 522734 90798 401576 495400 575738 548110 605015 178474 426185 494342 532125 367784 340450 398269 427260 374292 167057 569091 346505 557661 539431 395679 661992 519741 338125 275932 165871 527782 559460 999999999 388384 678557 216960 494697 512336 261949 583537 560362 541215 646101 494078 41903 310541 476594 429795 516239 354504 399350 120078 638469 501530 101783 417532 469650 161005 460171 633275 368182 529855 601202 444488 345886 466125 656931 333780 579278 355357 350542 442262 386764 633899 549854 541543 362216 403202 476731 505983 654197 504745 267845 500531 640890 502553 241399
148612 902603 512366 552666 146203 606652 470448 749647 438109 672040 500852 144258 741075 264263 941622 864745 624982 330405 415824 755144 202234 761597 970045 209997 325290 570552 618919 752729 331243 708927 625101 257245 551952 187875 597778 193835 749610 724352 1043011 426837 493639 528341 536804 868571 552240 388384 999999999 786794 205373 146089 811844 310936 197939 511013 191933 725831 479992 380685 528135 790366 390457 580552 737091 423524 507795 673430 883707 319708 703047 806130 498225 839164 674372 403250 895821 761016 329845 638774 668275 786937 454891 957018 203367 422581 563124 760492 801153 200789 918011 744082 524510 702717 893851 770119 126402 617154 386616 680886 228614 148466
652758 560409 413217 407252 640802 182901 1072948 586904 654657 209022 497246 925954 790900 710204 630333 983506 166243 618813 1054963 1140612 823342 1210986 679602 700208 475819 216657 168332 702706 456801 1017986 1101167 963581 655901 938037 364675 793467 216913 995568 817022 409915 343563 414806 776456 542335 266277 678557 786794 999999999 789956 749901 412047 903144 931450 328197 973815 72193 321096 638072 371900 446123 1066556 206592 835696 1055719 701483 155030 735931 616730 383342 511926 814752 692477 146803 385746 648086 1275763 1048061 989805 241272 44108 361630 741937 584808 374272 1120149 895646 1306112 982083 713308 675592 284557 1139851 811997 25934 895259 874053 447311 145064 651220 707924
184319 772430 429746 463222 244018 608458 314053 602801 271837 630525 386057 293844 554469 99194 800347 663838 624037 200457 277282 555904 407430 572129 821748 89771 403988 579729 625701 581983 356852 503772 435255 178238 382990 365790 515918 397133 696957 519030 877196 513258 454080 441043 341872 739425 603662 216960 205373 789956 999999999 342408 709401 132926 383981 581407 327690 741547 529387 227194 459234 678594 278704 596650 543973 280927 326947 709929 716698 195495 606448 679482 296604 676490 707764 416852 746572 586823 260537 434105 616696 778662 428947 795609 286865 418688 393009 561934 625744 336051 758154 578062 506192 508892 715019 768669 302298 414373 480407 715145 393418 107275
214302 958167 552733 594331 162124 580429 616115 822095 537924 672535 563328 211029 846519 380311 1004928 985456 599485 420280 560418 897352 88773 906785 1038403 322078 274597 541691 588258 843949 322953 844277 770052 399196 647856 193599 631089 64410 754027 856558 1124965 352839 506635 570471 654172 924216 493610 494697 146089 749901 342408 999999999 849426 456043 182875 441327 251840 682696 429439 477293 557897 835486 532031 545870 849154 568426 614206 618017 969149 408272 740788 861683 623684 921829 621149 390069 966419 907079 465798 775724 676094 758157 462858 1036441 192423 419266 709187 878668 947229 257998 996809 831637 519491 846915 989621 737203 169700 742885 311641 626697 111271 259304
664465 151791 300060 259257 693166 388580 902190 213101 462991 248851 323442 952852 439116 610362 221206 617862 378368 509610 909276 849889 937596 937592 270124 635561 615161 414529 401927 336179 534356 717321 858767 881491 393987 997184 218337 910142 197820 683805 405864 624001 350324 283607 520089 130465 534058 512336 811844 412047 709401 849426 999999999 774257 1002013 585950 998230 441321 530021 487523 291593 47631 941285 432176 491518 905767 461649 502729 332002 516026 109175 108043 580246 294548 492223 481032 236641 1024213 955600 713814 221564 368707 395164 330032 657173 445161 914940 551406 1045997 1007298 302753 310269 365709 872065 413707 389614 938057 587676 641050 496610 790021 678137
317129 814672 519014 546683 375399 724413 181634 635950 312375 730507 459204 353593 538867 192964 832092 611144 738836 288691 151967 447481 508967 450759 846260 213961 536445 698372 742736 589227 484830 419337 314166 134357 405791 433243 600793 503955 790178 443502 881510 645486 561235 527063 323362 783475 731099 261949 310936 903144 132926 456043 774257 999999999 456259 711757 372997 859181 657443 290277 553667 737981 169354 716756 515932 153497 338651 833203 723650 288587 678687 727515 261578 689933 830358 540792 772175 456829 187015 346566 712694 888206 541980 806943 419710 538507 261126 519566 496278 379608 772243 591469 618695 392148 706182 880679 375948 363546 613118 837850 519618 240092
338746 1098175 701981 743042 311988 759352 577125 947382 634532 843490 696654 105450 934023 457852 1138609 1047288 778335 528336 513819 900488 133655 889708 1167628 406162 455633 721008 768204 949660 493227 873706 758234 352816 748606 27133 785323 157271 923793 894461 1240731 535467 670787 718706 724963 1064097 676469 583537 197939 931450 383981 182875 1002013 456259 999999999 623967 111804 864886 611688 577985 713685 982967 470799 726403 926792 523805 701818 800877 1081228 517644 892855 1001507 680322 1036947 803956 563419 1093533 868292 391147 801396 843982 938326 628839 1154907 358338 589418 675594 945914 908550 112326 1115927 941534 691463 839335 1089520 918092 82029 797136 494365 809536 290819 346023
406986 731386 385776 412284 370302 205109 893105 671741 563905 342824 459017 637152 811151 532080 796049 997173 220650 474356 858606 1055720 505864 1103996 841584 498204 186932 172782 199408 754694 229287 954558 975746 733124 621979 634575 409180 476467 417416 945754 964217 88500 282956 400375 708244 702454 63126 560362 511013 328197 581407 441327 585950 711757 623967 999999999 683227 256402 70192 519853 356242 596474 854995 159228 840705 862328 636598 180960 839001 466276 499655 649651 720449 788807 186054 193011 785979 1144507 816531 905976 365500 348614 255131 876605 313121 217586 962402 892595 1180460 690667 839759 731455 233188 1033404 894691 322411 601106 815343 129731 190419 334656 479196
339588 1081338 700325 739863 334378 795469 475095 920395 595052 863963 681342 48073 881572 415907 1115912 978942 814031 501266 410741 807991 232635 790543 1140996 372749 503272 758604 806818 908564 521063 792092 662119 255515 708267 84859 786631 249528 941490 816367 1203197 595756 685484 715672 667035 1047535 730219 541215 191933 973815 327690 251840 998230 372997 111804 683227 999999999 910783 660629 543496 718156 974386 364604 767222 868655 421103 654445 853602 1042713 492074 890063 985674 615873 1001135 855445 593086 1066017 763379 283319 719233 860099 975891 646814 1120157 389159 613813 573701 881718 803436 9068 1082075 903421 715986 743706 1042708 958096 82808 728632 554389 861603 362706 321468
595934 592613 390416 391666 579629 135434 1032593 597762 627314 210223 476274 863132 790394 666543 662367 983816 123367 579852 1011129 1120633 754502 1186743 711402 651897 409779 161891 116465 708092 398755 1001641 1072296 912360 640744 872313 356087 724683 243729 981963 846784 339222 307977 395091 756176 571329 194975 646101 725831 72193 741547 682696 441321 859181 864886 256402 910783 999999999 253258 604738 348967 469963 1019712 146887 832375 1012491 680583 84159 754026 576565 395216 534318 789522 708264 75261 329502 673368 1246725 997098 968818 243933 101470 318302 767791 522807 322932 1084653 891275 1278419 918907 736761 681383 243751 1115264 826267 72441 831287 857191 377322 74402 582233 654815
