NAME : synthetic_000463
TYPE : CTSP-D
DIMENSION : 100
GROUPS : 8
RELAXATION_LEVEL : 1
EDGE_WEIGHT_TYPE : EXPLICIT
EDGE_WEIGHT_FORMAT : FULL_MATRIX
EDGE_WEIGHT_SECTION
999999999 482518 265833 347585 218928 141989 185827 465924 859205 567206 277822 504543 704701 652304 444565 397841 624507 689498 726071 461577 387697 307776 391261 485432 449831 233455 512323 658493 389867 460957 575958 278267 522483 382899 259162 807973 379461 224483 444409 161480 584210 199637 600899 624836 559465 269871 357426 673404 455542 571184 337969 528865 66159 700815 312209 312545 425763 468041 479837 669621 354489 445508 545297 389509 322294 452078 448654 667088 194749 248166 513107 765482 603645 272309 299855 447666 247952 392217 262439 400908 486289 322766 216087 97883 557027 97143 68474 151742 261268 433861 146970 524039 142923 289107 317855 503285 385423 473941 593243 363482
482518 999999999 344925 546305 444515 340717 663100 726391 423966 211684 628506 93346 327763 333647 522358 94697 143320 549514 387404 733768 453447 424612 159130 622422 226169 472826 222736 327114 405747 739878 294171 661148 785142 666158 581498 405872 691099 551079 430245 330666 378801 292584 380895 420255 423055 288313 628450 236872 574612 453669 520718 470322 419876 224358 484273 625567 163717 532537 887066 216724 408833 405890 635186 815999 802172 65332 697555 461892 667329 276222 703484 583247 150228 701984 228340 879990 512786 133730 744924 843312 214367 560451 323505 388052 576163 523425 550134 621824 735129 546454 621697 720651 485151 763593 718567 165869 694635 571413 250970 710792
265833 344925 999999999 544290 399977 197089 438703 386068 632881 337720 290198 318488 464281 631389 230490 302859 479790 766019 473442 391939 526014 91182 351762 671409 208245 427327 488313 408936 136540 397361 323143 537550 446329 321713 241544 569308 346201 215930 552876 143955 319453 136996 336679 662695 624435 59413 586009 578927 630418 308187 525569 628748 208753 563836 144394 281748 388566 250221 745601 561340 109397 540955 349735 655196 561875 352302 676200 708679 452120 89263 379394 826046 413229 383822 304297 712534 458824 333177 487831 664686 465721 216505 67694 228806 697491 355579 311297 413182 451005 603017 405444 395585 177941 478042 386833 284653 629521 275084 553193 617600
347585 546305 544290 999999999 144529 347204 374915 813502 970177 723777 623497 618045 859690 510026 763739 455451 651338 416703 905964 808970 126771 617549 389333 137892 649214 119269 422371 838032 680795 808106 772922 212394 869742 730475 606737 948302 725876 571728 198105 400338 818306 413782 830424 412855 329957 513235 93686 621972 113491 840150 25710 261197 362747 699540 640245 660013 398377 785976 392741 637259 652146 219125 875245 358788 473994 485370 151498 440515 360527 476265 857779 500228 696432 590789 325277 416328 100128 412741 472472 402773 404018 665583 476985 322111 234126 267073 375677 335537 523261 100238 348360 869526 486106 542482 647043 658318 164408 800810 493464 202786
218928 444515 399977 144529 999999999 202919 304253 680891 864955 601512 496340 504168 740361 495784 619558 349978 566970 480612 781050 677677 170783 473227 299836 276862 515874 30288 376222 712289 536514 677667 642327 222033 738821 598162 474345 834213 597293 438099 234265 256037 681245 271258 694268 435448 360821 370747 196646 568043 241379 698269 127657 317508 222305 627429 497441 528862 320646 641689 444908 575702 507641 241051 731901 381968 430391 390523 281661 473358 296655 334391 719390 560104 591239 482467 216222 445770 69765 316765 405088 416224 352617 526862 332843 178500 338099 161970 262476 258589 438196 217481 267518 731809 349580 461897 533281 534811 255446 657229 456525 266468
141989 340717 197089 347204 202919 999999999 323622 515482 727255 441087 354354 367600 580855 529992 420156 256170 482524 607815 610252 515705 337786 273624 256544 475517 334933 230594 385862 541417 333611 517842 463634 363159 576126 436239 318873 681770 445260 281620 375636 53134 489365 74848 503937 523576 469342 171135 391997 535116 435763 497924 328699 457048 82919 559014 305129 373468 292970 441666 584296 529640 305239 368769 535483 501414 462143 310762 481061 568290 329437 137404 537931 676958 465641 388970 170934 563469 263460 253960 404402 521020 360008 348642 129958 49658 511948 194424 210096 284271 399737 409040 282730 551991 192530 427999 421867 375047 440344 460274 464445 435247
185827 663100 438703 374915 304253 323622 999999999 519594 1044990 752428 327588 689745 889164 793306 577035 574714 803234 777318 907834 509614 464212 459578 556019 501071 632895 299391 662712 841001 548172 505269 757210 199551 564735 442784 337464 992871 422705 316701 534174 347306 757592 385392 775119 739691 664193 451802 336208 839264 487371 732506 378271 614372 251971 876694 444812 375690 586984 600409 331202 839346 511072 543843 658131 235786 139318 627221 413112 777185 20898 432865 592417 858924 788530 244316 462262 283654 287002 561945 101066 232785 637296 424551 397539 275204 608560 151134 127659 46213 150508 474842 41779 598792 275919 167763 307023 688903 327954 595191 744657 283748
465924 726391 386068 813502 680891 515482 519594 999999999 922966 658935 195567 683216 745669 1014984 248060 688802 853220 1123163 719765 17032 842770 301784 732728 951355 539466 698384 870350 676325 340137 27267 599061 706003 61215 83027 206886 841258 97095 242792 888908 475914 533109 494345 551241 1033130 983907 445400 815793 962641 920738 447078 803528 971583 461964 936973 242616 153786 770387 256120 841475 942901 324017 883676 223228 747631 564304 738234 904634 1078686 540429 470123 98133 1190848 765825 288928 670586 782697 713731 716644 488840 731358 846657 172183 430014 512921 1016254 552386 447564 529965 412254 898085 515539 94222 332305 422064 230565 628372 830162 216280 938190 794704
859205 423966 632881 970177 864955 727255 1044990 922966 999999999 296019 908096 363236 177708 632354 675134 516584 340733 896399 213259 936370 872953 667474 581481 1039971 424643 894043 597623 246648 594794 945494 326775 1075704 968288 894780 859512 89119 930740 841846 840341 697759 392661 660067 375884 764945 799072 600779 1052117 452968 992426 488981 944557 863578 793046 341521 721805 884394 578205 669600 1301855 417887 622817 814344 740668 1224995 1179270 485349 1121286 794349 1053495 613644 857950 900087 274304 1014543 650257 1288162 934133 557436 1111203 1247485 602489 798922 653712 776900 976037 921133 920701 1009241 1082136 965063 1005871 874160 809651 1109665 1009074 356548 1117607 712223 573405 1131259
567206 211684 337720 723777 601512 441087 752428 658935 296019 999999999 618907 118775 140185 530923 419411 278533 248144 760351 182997 670394 647138 380471 357853 816260 130308 631656 433579 117532 319371 678617 93186 799634 710702 618780 569886 241071 652117 549674 633653 406604 189057 370226 184907 629892 634688 304950 796320 391551 768737 282859 699098 679730 501222 318173 438157 599537 371217 420724 1023836 358930 341248 610662 511444 942436 885076 274341 874387 670229 761953 319653 609558 790446 126924 720881 399172 1004550 671191 329230 815879 961653 426044 517464 358229 490194 782711 635347 626854 718430 786128 739885 714176 626730 513803 813687 718957 66985 856925 463995 451005 863208
277822 628506 290198 623497 496340 354354 327588 195567 908096 618907 999999999 608658 732940 879015 292751 570518 767354 956306 726208 188181 663135 240711 597715 761300 488985 511197 733414 669578 320609 186007 584217 510589 247691 115568 49112 836299 102627 77931 715253 326590 546265 355034 565415 877704 820654 341697 621353 855780 732950 486693 615204 799315 286742 850982 190142 49456 635676 313187 655028 841992 287971 713112 344623 560075 391164 624522 709635 922169 348206 352962 265128 1028494 703053 126250 522004 600033 523381 587288 311639 548228 708188 126152 306202 340059 834242 359173 252793 335060 241741 711626 320762 271205 161849 259407 101319 571737 634606 293951 808105 599378
504543 93346 318488 618045 504168 367600 689745 683216 363236 118775 608658 999999999 243177 421180 462393 164683 171831 642817 297889 692342 534259 385409 241692 703706 152975 533745 315992 235360 349017 699384 201528 712539 739674 630598 560029 330813 659384 533589 517053 344262 289014 305446 289787 513233 516024 269702 695234 300988 655976 369696 592860 561259 438937 254463 445980 598520 252924 469460 938641 273234 359511 493560 569111 862083 826803 155607 769454 554451 696617 270193 649469 675457 99671 695807 293148 925420 573778 213610 763403 885486 307593 525111 315840 417134 665152 559900 569280 651661 744088 627351 649487 666807 480033 772381 704264 76235 758685 510591 339453 769696
704701 327763 464281 859690 740361 580855 889164 745669 177708 140185 732940 243177 999999999 612689 498098 407859 307762 860522 73548 758935 777343 492261 483905 946793 257802 770408 538625 70395 417536 768005 149471 939814 791771 717140 684673 105027 753238 668577 757839 545026 218660 509295 203316 727766 743966 438510 934309 449429 899040 318003 834711 796628 638995 351377 545400 707883 491479 493320 1163981 413358 446350 733629 568424 1082269 1020050 393072 1010820 764439 899347 456553 682551 880637 192232 842152 534418 1144211 810109 456277 949095 1100930 535872 621909 492578 629785 903746 774916 762710 856289 915270 870459 851557 698983 642178 942316 834149 207069 995797 536248 539154 1002970
652304 333647 631389 510026 495784 529992 793306 1014984 632354 530923 879015 421180 612689 999999999 839619 331743 306067 266651 683334 1019201 383316 720983 282956 507185 558715 510426 145715 635296 723147 1023525 620842 702573 1075905 943994 838362 655902 960956 802639 315504 552426 710193 525741 710637 142204 206238 572228 603334 180328 467841 787315 488207 287426 609219 291644 775617 890104 245000 852818 902599 214554 718411 291836 956926 860746 924934 291973 633161 163254 788632 545014 1009276 269748 422848 917742 359085 921596 539852 298467 891713 900862 170834 842976 585488 558910 396251 642783 717044 747106 909931 449470 753452 1025837 718626 936600 951763 497043 673348 888540 82913 712262
444565 522358 230490 763739 619558 420156 577035 248060 675134 419411 292751 462393 498098 839619 999999999 508308 634133 993534 472049 261979 755043 146587 569788 895112 310725 644768 701900 428495 116978 271417 352901 721684 294157 232844 256723 593199 272158 264861 783361 368213 285257 367040 303568 885463 852013 281435 794438 757492 855902 204278 746986 858977 406185 715788 133803 250515 604478 23616 906163 733086 124632 771337 120115 811301 670240 549241 885987 931344 595228 317249 190230 1050622 534430 418849 532753 860602 672150 547471 589881 809425 681437 166953 296287 441754 927403 541669 463502 566864 528141 829175 555179 207463 307927 548806 386203 398345 828941 49135 758200 807923
397841 94697 302859 455451 349978 256170 574714 688802 516584 278533 570518 164683 407859 331743 508308 999999999 228716 508222 460880 694259 369676 390787 80758 539103 248216 378463 194791 395995 392284 699330 346877 566531 749174 621836 525784 493108 642687 492602 355675 255159 418540 219728 424609 387153 372365 243457 535620 286253 491402 477856 430042 406828 337935 303001 447120 573952 103851 522145 792393 276248 386670 333355 626372 721794 714026 55436 606942 431952 577863 220800 678249 553739 242285 632235 133993 785830 418477 51790 659809 749706 176627 518093 265566 301229 505857 432099 466162 532365 655184 462731 533061 694944 418247 683548 654762 219000 601089 557110 251485 616360
624507 143320 479790 651338 566970 482524 803234 853220 340733 248144 767354 171831 307762 306067 634133 228716 999999999 561895 379642 861842 543671 553279 267485 706834 323953 593392 257251 337444 520783 868596 341285 787818 910328 797838 719635 352152 824958 690498 504159 473971 437058 435900 432927 429101 458598 425704 739227 145172 659915 527990 625691 523117 562574 84143 613776 761538 253050 640820 1011876 111127 530289 477720 739543 945589 942518 178702 799640 462332 806565 417160 821258 575383 124561 844411 353847 1009706 632485 250869 886923 975408 263828 691984 464486 528967 635990 660616 692430 761062 878337 633619 761630 838593 627370 906798 859302 239718 808049 682207 237136 829945
689498 549514 766019 416703 480612 607815 777318 1123163 896399 760351 956306 642817 860522 266651 993534 508222 561895 999999999 927773 1123519 313241 856485 432593 343772 756166 479315 326847 872952 883483 1125592 843234 629025 1183905 1043997 924977 914028 1051547 887539 246533 648489 923463 635732 927602 133012 141597 712185 494715 446633 324316 986055 405515 163369 669571 557422 901443 980043 404371 1010936 783314 479977 868937 244080 1113647 768389 888257 490989 485907 103555 766083 677221 1139298 83613 668292 960195 461735 820678 490993 459347 877967 814407 336686 954543 705775 616262 205002 642400 741298 733546 917738 322026 744157 1154365 796874 940467 1007312 713830 554201 1040063 324781 605048
726071 387404 473442 905964 781050 610252 907834 719765 213259 182997 726208 297889 73548 683334 472049 460880 379642 927773 999999999 733969 830007 487823 539366 999199 276755 811304 603655 69041 405955 743455 150717 972669 762048 698958 679144 125234 736512 666818 814927 570029 186820 536557 168526 795395 808131 456415 976815 522247 951646 278042 881437 857726 661508 424916 536295 696938 550254 464055 1194465 486293 438374 791434 529388 1109969 1034800 452113 1056184 833031 919416 479392 649697 950279 260913 840871 581891 1170793 850468 511016 961272 1125861 599276 609329 510566 657965 962840 802183 780346 877666 922048 922816 871815 665511 650299 948313 827413 247646 1036015 505678 608428 1039796
461577 733768 391939 808970 677677 515705 509614 17032 936370 670394 188181 692342 758935 1019201 261979 694259 861842 1123519 733969 999999999 840726 309321 736616 946860 549822 694565 874279 689777 351200 10327 611874 697671 61189 79987 203343 855077 87127 239945 887989 477376 547215 496989 565452 1035041 984696 451109 809400 969663 916897 462134 799482 970966 460010 945716 249514 149051 774385 270823 829865 950419 333748 883261 240128 736310 551243 744240 897814 1080491 530485 474800 115031 1191918 776009 276390 672817 770501 709040 721083 476402 719282 850381 176374 433799 511502 1013839 546568 440887 521213 399412 894581 506711 110557 330243 408518 217046 638633 822454 231581 942943 786213
387697 453447 526014 126771 170783 337786 464212 842770 872953 647138 663135 534259 777343 383316 755043 369676 543671 313241 830007 840726 999999999 609374 294464 169451 591125 166346 302492 764096 658891 841396 707391 329699 901892 760792 637841 859311 762710 600869 73922 387726 764725 389119 774593 289703 208037 483739 220038 501302 121726 800728 106050 150163 380810 584874 642897 692913 294786 775679 519505 519013 635294 92632 872122 482635 578726 389255 260052 320894 453390 445758 873699 394737 602692 653248 254055 541579 179035 321320 565003 525243 286647 682252 459022 330453 174495 330817 433246 420308 604906 93143 430947 887158 510539 627351 703773 584702 290273 796849 369719 329416
307776 424612 91182 617549 473227 273624 459578 301784 667474 380471 240711 385409 492261 720983 146587 390787 553279 856485 487823 309321 609374 999999999 442521 748546 251998 498760 578630 429482 89984 315697 343775 585991 360835 245193 192447 595822 274920 179240 639990 221938 313494 223416 332368 753868 714946 149111 650745 660916 709337 273626 600547 717242 263119 637321 60585 219090 479084 168469 781494 641173 52847 629102 262829 688120 569190 438231 742078 799851 475832 180414 288666 917083 473749 353124 394794 741510 526970 423289 490841 691568 556327 139956 152265 295898 782354 403807 337412 442240 441286 682664 432111 305032 183686 466049 341888 338246 688139 187583 642004 670299
391261 159130 351762 389333 299836 256544 556019 732728 581481 357853 597715 241692 483905 282956 569788 80758 267485 432593 539366 736616 294464 442521 999999999 463658 326722 325940 137663 475383 456018 740800 427631 521369 793772 661088 556100 564894 678097 520774 275800 271801 498435 243209 504905 316547 294490 293495 474239 283526 415846 554580 363644 326180 338980 328798 495079 607397 38044 585362 744627 283836 445856 253003 689321 680204 694413 96153 540029 362200 556291 263746 731115 482777 308992 644842 93765 744258 365001 28975 647485 711785 114120 560582 302819 293647 425389 407260 459229 511451 652501 387549 514334 747344 438820 680367 674340 299519 542093 617839 210480 562587
485432 622422 671409 137892 276862 475517 501071 951355 1039971 816260 761300 703706 946793 507185 895112 539103 706834 343772 999199 946860 169451 748546 463658 999999999 756119 254830 456586 933029 807215 945995 874749 317237 1007633 868330 744557 1028267 863719 709432 204495 528263 928726 537177 939378 383278 303769 635456 171185 649758 47814 958995 149514 222249 498397 741546 774273 797895 462123 916916 440765 671565 780376 231247 1008472 435083 584969 557901 142192 397650 484764 597716 994662 425121 771180 725448 420546 482505 237936 490708 594573 482467 444719 802269 603720 455264 139052 403965 512543 465008 651277 76392 478576 1006623 623275 668523 782781 753366 217119 933647 513131 271329
449831 226169 208245 649214 515874 334933 632895 539466 424643 130308 488985 152975 257802 558715 310725 248216 323953 756166 276755 549822 591125 251998 326722 756119 999999999 546077 436236 208721 200337 557522 128708 698063 593912 493798 439917 362615 525768 419371 592095 293347 174136 260590 183470 632884 620492 181219 712494 452863 709946 230920 625993 651128 384928 405104 310890 470928 351939 316876 918444 426002 216646 572397 416136 833332 762550 270396 796077 676804 643821 202638 499372 798885 226434 590721 337151 894048 584031 298532 691295 849147 421569 390647 235462 381898 743910 525632 505881 601553 658410 680922 596105 516716 385458 685707 588806 88961 768056 358449 475811 768061
233455 472826 427327 119269 30288 230594 299391 698384 894043 631656 511197 533745 770408 510426 644768 378463 593392 479315 811304 694565 166346 498760 325940 254830 546077 999999999 395770 742554 563840 694175 672597 198678 755590 615446 491519 863982 612912 455824 234835 283571 711120 300180 724237 442462 365305 399560 166418 589957 222358 727142 105532 315981 243779 652286 520982 545530 345078 667104 418906 598846 534376 244835 755983 359230 420266 417835 252071 478604 289888 363482 739861 560185 620132 490235 244505 422642 40092 343906 400440 395234 372880 547444 360521 203022 326295 165357 270693 254756 438568 200430 264970 751903 368706 461153 543079 564986 225400 681581 475039 237987
512323 222736 488313 422371 376222 385862 662712 870350 597623 433579 733414 315992 538625 145715 701900 194791 257251 326847 603655 874279 302492 578630 137663 456586 436236 395770 999999999 546968 586462 878459 516752 593756 931372 798686 692647 601520 815324 656951 252102 406845 599036 380051 602278 198022 205632 429537 515152 199601 411029 667150 397821 265956 466221 284961 632117 744418 99993 716318 806549 216623 579081 225349 820543 754227 797777 166453 562542 240907 659929 400947 867282 362926 347546 774519 215092 817062 430016 155409 758941 790998 26045 698220 440480 417106 378754 511584 578466 616815 772181 386636 621889 883657 573277 799371 807149 387713 585937 750462 81955 617330
658493 327114 408936 838032 712289 541417 841001 676325 246648 117532 669578 235360 70395 635296 428495 395995 337444 872952 69041 689777 764096 429482 475383 933029 208721 742554 546968 999999999 351556 698936 86363 903696 721862 649596 621781 167389 686165 607451 751183 501667 148328 467878 133349 741410 749867 389242 908202 482378 885592 248093 813621 796610 593649 392947 480731 642762 488259 423276 1125684 447357 381876 728154 498108 1041483 969124 390830 988000 780462 852252 411259 612294 899345 213870 781474 514585 1102476 781653 446760 896374 1057797 540888 556058 443485 589268 900129 733660 713688 810187 859106 856690 804580 628691 586541 885707 770896 180050 967148 466107 557848 970764
389867 405747 136540 680795 536514 333611 548172 340137 594794 319371 320609 349017 417536 723147 116978 392284 520783 883483 405955 351200 658891 89984 456018 807215 200337 563840 586462 351556 999999999 359312 268091 666695 393712 301059 274341 518930 336164 266034 681222 280481 226423 270597 245506 772422 742330 175937 721708 641432 765670 184340 661925 753985 339151 603348 130478 291369 489914 129872 867310 617703 37278 667407 234105 774645 659152 432390 812200 818166 563981 213648 300481 938244 426645 438475 425589 829077 595035 432797 580821 779516 566531 204522 203877 364265 828441 483970 424491 529147 530529 738002 519527 317813 272704 554921 421644 289245 763464 166112 641529 749056
460957 739878 397361 808106 677667 517842 505269 27267 945494 678617 186007 699384 768005 1023525 271417 699330 868596 1125592 743455 10327 841396 315697 740800 945995 557522 694175 878459 698936 359312 999999999 620749 694379 61738 81602 203609 864391 83858 240538 889331 480262 556674 500547 574952 1038039 987043 456405 807352 975548 916445 471983 798925 972477 460872 952525 255632 148808 778622 280568 824308 956575 341221 884908 250443 730970 544688 749604 895473 1083421 526155 479515 124977 1194407 783584 270368 676069 764534 708100 725582 470328 713410 854449 181239 438040 512659 1014254 544968 438789 517697 393072 894343 503152 120008 331160 401643 210345 646266 819547 241552 947579 782796
575958 294171 323143 772922 642327 463634 757210 599061 326775 93186 584217 201528 149471 620842 352901 346877 341285 843234 150717 611874 707391 343775 427631 874749 128708 672597 516752 86363 268091 620749 999999999 826770 647045 568116 536198 252083 603966 521324 701291 421437 96579 389224 91735 714426 713729 306117 838934 484689 827873 193943 749156 753401 511776 409883 396091 558498 446075 350332 1046901 452114 297059 679728 433490 961291 884148 352845 921221 755913 768935 330406 540525 876984 219058 695295 454208 1021656 710989 398658 810874 976250 506905 472439 360157 510449 852267 653798 629684 727412 772893 798831 721382 557334 500501 799438 685505 129751 895610 393730 539936 896479
278267 661148 537550 212394 222033 363159 199551 706003 1075704 799634 510589 712539 939814 702573 721684 566531 787818 629025 972669 697671 329699 585991 521369 317237 698063 198678 593756 903696 666695 694379 826770 999999999 755195 625673 509744 1038103 610656 481526 403601 408050 849122 437788 864539 619368 537615 528830 146187 788631 314075 845577 226066 472749 328845 849416 588387 555611 542666 745248 226292 797316 631952 420797 817869 160583 267772 610213 214425 649937 180057 498712 769888 712580 804340 442063 434686 223994 163949 537023 282569 198350 571241 587997 479078 317421 440411 182725 264638 177110 347573 309056 191789 778323 415024 360634 504054 732771 128436 748645 672137 88984
522483 785142 446329 869742 738821 576126 564735 61215 968288 710702 247691 739674 791771 1075905 294157 749174 910328 1183905 762048 61189 901892 360835 793772 1007633 593912 755590 931372 721862 393712 61738 647045 755195 999999999 141108 264510 885015 145307 301133 948926 536984 576363 555560 593962 1094306 1044814 505718 868998 1021679 977900 485959 860434 1031803 521152 993860 302379 210067 831396 298707 880899 1001409 380170 944015 246719 788193 598383 798223 956997 1139848 585633 530951 115949 1251850 820317 326610 731786 819964 769758 777510 525789 769171 907734 233317 491120 572552 1075027 606703 500442 578324 447872 955667 563734 103289 391386 454486 264936 682867 880705 256429 998897 843459
382899 666158 321713 730475 598162 436239 442784 83027 894780 618780 115568 630598 717140 943994 232844 621836 797838 1043997 698958 79987 760792 245193 661088 868330 493798 615446 798686 649596 301059 81602 568116 625673 141108 999999999 123928 816632 39728 160157 808044 398926 512899 419917 531758 956715 905449 380074 733355 900636 837803 437058 720546 891080 380044 881956 184644 71021 698999 247765 768618 882801 277693 803436 249711 674003 498106 672987 822490 1002049 463473 401302 152066 1112838 718116 223337 595003 712037 630708 646548 420264 660362 774477 105889 358719 431519 934001 469684 365517 450544 346157 815251 436282 156574 250278 359521 172530 581641 748922 216514 868757 714547
259162 581498 241544 606737 474345 318873 337464 206886 859512 569886 49112 560029 684673 838362 256723 525784 719635 924977 679144 203343 637841 192447 556100 744557 439917 491519 692647 621781 274341 203609 536198 509744 264510 123928 999999999 788262 126587 37439 686677 286805 500596 312898 519717 842152 787715 293949 611789 810247 713876 444692 596642 770180 257612 803394 144399 55240 594135 278426 668268 795749 240781 683038 322151 572864 416031 579325 701633 887038 357400 306790 260193 995507 654134 165683 483398 616693 507085 544495 335644 564916 667696 91249 260528 309906 810650 347609 246188 338240 271501 691350 324612 269143 128301 292162 149563 522637 630417 264373 766102 598706
807973 405872 569308 948302 834213 681770 992871 841258 89119 241071 836299 330813 105027 655902 593199 493108 352152 914028 125234 855077 859311 595822 564894 1028267 362615 863982 601520 167389 518930 864391 252083 1038103 885015 816632 788262 999999999 853389 772862 833764 647627 308656 611288 291158 781173 806593 542964 1026038 481535 980461 402744 922986 865365 742081 373429 647891 810063 567465 586449 1263161 445234 548935 808597 654328 1182844 1124419 470446 1099788 814303 1002712 560024 773507 925635 257999 946614 623866 1245188 903936 538629 1053826 1202591 602550 723442 596915 731023 975502 876149 866747 959354 1020297 952326 954923 789496 747204 1047342 937588 306726 1089181 628609 589287 1098743
379461 691099 346201 725876 597293 445260 422705 97095 930740 652117 102627 659384 753238 960956 272158 642687 824958 1051547 736512 87127 762710 274920 678097 863719 525768 612912 815324 686165 336164 83858 603966 610656 145307 39728 126587 853389 999999999 164016 812765 411517 550828 435351 569756 968183 914272 403360 723729 924043 834935 476246 717257 896426 383497 909097 215004 71827 716122 287383 744572 907332 310932 809446 287448 650613 469213 694860 811694 1013186 443561 421920 182124 1122046 748669 193452 608275 686241 625784 664923 392803 634800 790703 135172 377676 436138 934732 461799 355195 434111 316974 813289 419600 183843 254737 328376 138248 612915 735700 256199 887133 699147
224483 551079 215930 571728 438099 281620 316701 242792 841846 549674 77931 533589 668577 802639 264861 492602 690498 887539 666818 239945 600869 179240 520774 709432 419371 455824 656951 607451 266034 240538 521324 481526 301133 160157 37439 772862 164016 999999999 649333 250537 492033 277751 511018 805033 750326 265217 579304 777859 678134 442944 561127 732794 220398 773965 140614 92622 558780 287615 647847 764192 230494 645618 341700 552459 405576 546591 669647 849862 335977 275244 290497 958130 629102 174091 446866 598795 472356 509835 325322 547237 631878 108189 228368 272548 773895 315109 216938 313285 267197 655324 300197 300547 90908 290278 170906 499786 600227 278932 731018 570305
444409 430245 552876 198105 234265 375636 534174 888908 840341 633653 715253 517053 757839 315504 783361 355675 504159 246533 814927 887989 73922 639990 275800 204495 592095 234835 252102 751183 681222 889331 701291 403601 948926 808044 686677 833764 812765 649333 999999999 421776 766146 416694 774394 215888 134134 505355 289853 446330 159441 810835 179084 84457 429277 537057 678521 741917 266748 802909 590044 467310 660817 26753 902250 555852 651336 364921 318860 247171 524183 467935 913399 325931 575769 714085 259692 614233 251435 304475 635193 598805 240884 724117 487814 376788 151822 396202 494873 489577 672108 136793 499610 927581 558437 695335 762189 574566 358959 827228 310872 400698
161480 330666 143955 400338 256037 53134 347306 475914 697759 406604 326590 344262 545026 552426 368213 255159 473971 648489 570029 477376 387726 221938 271801 528263 293347 283571 406845 501667 280481 480262 421437 408050 536984 398926 286805 647627 411517 250537 421776 999999999 441423 38944 456596 557791 508420 121296 443999 540425 488080 446190 381761 501601 95343 553638 256772 339888 309604 389462 625655 531406 252235 413101 484469 539986 483008 310590 533500 603160 355834 91157 492355 714994 443745 377407 196764 600809 315891 263593 419299 556405 381598 306098 76975 90833 561262 232362 225030 311937 404659 461112 308151 506936 167042 433125 403162 342111 490676 409199 482261 483194
584210 378801 319453 818306 681245 489365 757592 533109 392661 189057 546265 289014 218660 710193 285257 418540 437058 923463 186820 547215 764725 313494 498435 928726 174136 711120 599036 148328 226423 556674 96579 849122 576363 512899 500596 308656 550828 492033 766146 441423 999999999 414929 19158 797025 790309 320316 876951 579629 882899 100991 795741 824050 523816 506451 356328 514183 521164 277818 1062863 547584 261550 746236 349780 973653 876869 432912 962787 839683 771406 351975 465312 961438 315522 664884 510964 1031661 747768 469810 800293 984070 586946 426097 370804 532256 917945 670078 630499 732621 754263 853917 724867 481499 488181 779360 646857 213329 929027 319976 628335 924331
199637 292584 136996 413782 271258 74848 385392 494345 660067 370226 355034 305446 509295 525741 367040 219728 435900 635732 536557 496989 389119 223416 243209 537177 260590 300180 380051 467878 270597 500547 389224 437788 555560 419917 312898 611288 435351 277751 416694 38944 414929 999999999 429314 539354 494617 99522 464065 505808 495177 427016 393640 493918 133676 516060 265711 364367 281248 387116 657970 495659 246179 405711 485584 573797 521576 275008 552018 585092 393447 63520 503668 699414 404880 412648 176620 635238 334957 232306 458221 591635 355355 322671 71154 121410 560530 266000 263839 349204 443196 467429 345875 518900 198935 471657 435681 305111 514232 410535 453285 510024
600899 380895 336679 830424 694268 503937 775119 551241 375884 184907 565415 289787 203316 710637 303568 424609 432927 927602 168526 565452 774593 332368 504905 939378 183470 724237 602278 133349 245506 574952 91735 864539 593962 531758 519717 291158 569756 511018 774394 456596 19158 429314 999999999 800292 795524 335747 890286 576423 893319 114746 807636 830929 540044 500388 375464 533325 526536 295641 1079103 543815 280525 754081 365430 990224 895001 436653 975628 842543 788772 366663 482412 964082 310172 683948 520600 1048484 761184 476134 818598 1001076 590924 445232 386827 547400 926108 686040 647899 749727 772966 864304 742118 498483 506387 798131 666015 215026 943065 337533 629191 939115
624836 420255 662695 412855 435448 523576 739691 1033130 764945 629892 877704 513233 727766 142204 885463 387153 429101 133012 795395 1035041 289703 753868 316547 383278 632884 442462 198022 741410 772422 1038039 714426 619368 1094306 956715 842152 781173 968183 805033 215888 557791 797025 539354 800292 999999999 83193 606238 502540 318419 349301 863696 394815 161585 594177 427888 802843 896361 284354 901517 802047 350426 761099 199383 1005279 771400 862556 364223 517812 45985 731602 573457 1040832 166627 535538 896920 362747 829128 464159 341114 840528 814622 211337 861913 606830 540958 260954 594579 683570 694020 870198 335963 702676 1056552 716018 895065 938610 585633 569721 933123 192142 614317
559465 423055 624435 329957 360821 469342 664193 983907 799072 634688 820654 516024 743966 206238 852013 372365 458598 141597 808131 984696 208037 714946 294490 303769 620492 365305 205632 749867 742330 987043 713729 537615 1044814 905449 787715 806593 914272 750326 134134 508420 790309 494617 795524 83193 999999999 570631 419359 367430 267732 849063 312388 81796 534501 471427 760286 842568 269150 869515 718866 395517 727435 120473 972121 688661 784225 361184 435908 113487 655175 535625 998280 207862 553165 831640 320167 746123 384675 322129 765237 732144 209009 814495 564437 481016 190771 521894 615203 618952 798305 253295 628252 1013453 660065 822466 876097 583982 486561 898484 231177 531165
269871 288313 59413 513235 370747 171135 451802 445400 600779 304950 341697 269702 438510 572228 281435 243457 425704 712185 456415 451109 483739 149111 293495 635456 181219 399560 429537 389242 175937 456405 306117 528830 505718 380074 293949 542964 403360 265217 505355 121296 320316 99522 335747 606238 570631 999999999 562795 520816 592762 327583 492900 578858 206241 509447 203782 337257 329976 299456 744316 504066 157009 491875 401517 656831 581541 293208 651211 652214 463045 37993 437777 770438 367184 426357 251434 716439 433884 274238 511146 670475 407227 275325 54266 212074 652573 350794 324673 421301 482097 564703 415412 454122 212070 509919 435232 245957 611328 327937 493836 604490
357426 628450 586009 93686 196646 391997 336208 815793 1052117 796320 621353 695234 934309 603334 794438 535620 739227 494715 976815 809400 220038 650745 474239 171185 712494 166418 515152 908202 721708 807352 838934 146187 868998 733355 611789 1026038 723729 579304 289853 443999 876951 464065 890286 502540 419359 562795 999999999 714694 172390 889921 117405 346523 388259 790103 665470 662337 486307 817424 300200 729209 690330 311890 900505 273763 413816 569528 91639 527738 318580 527580 869534 578183 777829 570228 402579 328053 129236 495945 426141 319707 496210 680133 520671 357443 298748 264246 368562 304329 486632 172965 318617 879849 500303 502105 630114 729911 70851 827672 586986 112029
673404 236872 578927 621972 568043 535116 839264 962641 452968 391551 855780 300988 449429 180328 757492 286253 145172 446633 522247 969663 501302 660916 283526 649758 452863 589957 199601 482378 641432 975548 484689 788631 1021679 900636 810247 481535 924043 777859 446330 540425 579629 505808 576423 318419 367430 520816 714694 999999999 605700 667705 597398 442839 618023 111553 720189 856825 252677 766561 1004571 36429 645614 419827 867977 949184 977285 231456 761129 343463 839016 503568 940133 447158 269699 917832 377135 1012552 625844 281365 930983 984267 219093 795312 549758 575526 556368 689759 741692 794426 934165 582712 797635 957328 704491 962240 941005 374971 785452 806370 137747 816019
455542 574612 630418 113491 241379 435763 487371 920738 992426 768737 732950 655976 899040 467841 855902 491402 659915 324316 951646 916897 121726 709337 415846 47814 709946 222358 411029 885592 765670 916445 827873 314075 977900 837803 713876 980461 834935 678134 159441 488080 882899 495177 893319 349301 267732 592762 172390 605700 999999999 914838 117795 187840 463676 695909 737172 767853 414456 877418 460262 626696 739660 186084 970412 444889 580669 510110 168581 367753 472371 554889 960769 407376 723412 703899 373770 496376 211588 442917 583813 491414 398446 768240 562749 418458 126591 379247 487638 448714 636315 29052 461670 973156 590519 655102 759651 706027 229913 895372 469767 281041
571184 453669 308187 840150 698269 497924 732506 447078 488981 282859 486693 369696 318003 787315 204278 477856 527990 986055 278042 462134 800728 273626 554580 958995 230920 727142 667150 248093 184340 471983 193943 845577 485959 437058 444692 402744 476246 442944 810835 446190 100991 427016 114746 863696 849063 327583 889921 667705 914838 999999999 819227 875070 516736 600863 302458 449034 581702 191715 1050212 637133 221505 793120 251699 958089 842252 501159 978717 907704 748242 363995 372359 1029783 409665 610326 551405 1013074 761254 527068 763355 963680 652360 361637 370193 535095 962066 663259 608473 712967 709930 886242 703570 387910 456988 733214 584530 293792 936369 230914 704585 925712
337969 520718 525569 25710 127657 328699 378271 803528 944557 699098 615204 592860 834711 488207 746986 430042 625691 405515 881437 799482 106050 600547 363644 149514 625993 105532 397821 813621 661925 798925 749156 226066 860434 720546 596642 922986 717257 561127 179084 381761 795741 393640 807636 394815 312388 492900 117405 597398 117795 819227 999999999 246922 348887 674217 625044 650432 372709 769014 414449 612315 633933 198660 859557 376781 482934 459693 176927 424124 364958 455667 845346 488732 670867 587580 300309 435530 94864 387122 477236 419812 379146 652897 458052 306154 230947 262173 370286 337256 524907 98778 349504 857425 474235 545113 642615 633799 188251 784871 469702 224059
528865 470322 628748 261197 317508 457048 614372 971583 863578 679730 799315 561259 796628 287426 858977 406828 523117 163369 857726 970966 150163 717242 326180 222249 651128 315981 265956 796610 753985 972477 753401 472749 1031803 891080 770180 865365 896426 732794 84457 501601 824050 493918 830929 161585 81796 578858 346523 442839 187840 875070 246922 999999999 513041 543362 757850 825410 308549 877893 643923 468949 735434 88500 978481 618902 727614 405857 356417 181558 603495 542071 993905 244583 608775 798333 328704 674540 328746 355080 715162 663574 262825 805675 565019 460298 113970 479146 578925 570384 754369 176057 580886 1008343 641888 777131 846632 624497 411585 903766 305237 458522
66159 419876 208753 362747 222305 82919 251971 461964 793046 501222 286742 438937 638995 609219 406185 337935 562574 669571 661508 460010 380810 263119 338980 498397 384928 243779 466221 593649 339151 460872 511776 328845 521152 380044 257612 742081 383497 220398 429277 95343 523816 133676 540044 594177 534501 206241 388259 618023 463676 516736 348887 513041 999999999 640224 278518 312832 375018 429168 539066 612294 305527 426459 513947 450716 387921 392865 479802 637941 260771 182665 497119 742219 538211 308524 251227 510203 267423 336875 325831 464473 440241 304599 153381 53487 554416 146938 130871 217302 317298 439395 213023 509658 129767 345636 345158 437162 425302 440277 545674 409964
700815 224358 563836 699540 627429 559014 876694 936973 341521 318173 850982 254463 351377 291644 715788 303001 84143 557422 424916 945716 584874 637321 328798 741546 405104 652286 284961 392947 603348 952525 409883 849416 993860 881956 803394 373429 909097 773965 537057 553638 506451 516060 500388 427888 471427 509447 790103 111553 695909 600863 674217 543362 640224 999999999 697838 845577 307253 721747 1071008 77497 613718 510305 819263 1008761 1015975 249505 844270 454523 878991 499980 903693 558569 191250 926341 419933 1072764 690365 316968 962792 1040581 298348 776108 547317 604172 657333 731474 769088 833610 957017 671187 834950 921037 709492 985444 942352 318843 860088 763536 240423 885804
312209 484273 144394 640245 497441 305129 444812 242616 721805 438157 190142 445980 545400 775617 133803 447120 613776 901443 536295 249514 642897 60585 495079 774273 310890 520982 632117 480731 130478 255632 396091 588387 302379 184644 144399 647891 215004 140614 678521 256772 356328 265711 375464 802843 760286 203782 665470 720189 737172 302458 625044 757850 278518 697838 999999999 162593 532215 157418 772909 700952 99050 669378 235431 678233 543930 495846 757109 848760 462610 231346 238183 964468 533873 309582 441167 728457 545925 477248 464095 677535 609183 79833 196212 319022 817066 409334 329745 433336 407801 711443 421833 253730 174136 430798 291176 397915 697432 162235 697585 675041
312545 625567 281748 660013 528862 373468 375690 153786 884394 599537 49456 598520 707883 890104 250515 573952 761538 980043 696938 149051 692913 219090 607397 797895 470928 545530 744418 642762 291369 148808 558498 555611 210067 71021 55240 810063 71827 92622 741917 339888 514183 364367 533325 896361 842568 337257 662337 856825 767853 449034 650432 825410 312832 845577 162593 999999999 645438 269828 704009 841097 261593 738235 295892 608953 440416 626740 751520 941359 396186 353572 216736 1050315 690282 172243 536650 649367 560142 594800 361013 597553 719677 88177 308443 365144 865548 398681 294623 381279 290446 745607 367170 223596 183524 307235 135852 556267 678310 247756 816855 644552
