NAME : synthetic_000860
TYPE : CTSP-D
DIMENSION : 100
GROUPS : 8
RELAXATION_LEVEL : 1
EDGE_WEIGHT_TYPE : EXPLICIT
EDGE_WEIGHT_FORMAT : FULL_MATRIX
EDGE_WEIGHT_SECTION
999999999 690753 208004 580107 323757 70787 572871 191723 347222 415460 183859 629795 579978 151093 599411 259454 387027 351163 536082 377965 125956 373214 615510 502383 130458 200684 629947 246196 652850 601356 555009 501765 680340 385736 615664 254171 136118 427456 588675 413824 465438 583389 139183 391533 480437 74516 163959 338166 549284 509249 689524 170342 288083 334391 391906 211607 734592 560634 589748 766283 545349 326729 619341 608424 102922 437932 189637 492192 598828 178461 670249 315865 438309 207249 626735 368272 482055 806192 389949 337259 581916 509205 474641 291788 334504 212084 682490 292459 528426 31337 600844 468203 550597 472334 254625 464943 372024 267015 494359 522796
690753 999999999 740847 113114 995014 684214 1120636 533819 846221 784164 795289 286172 134682 789343 450941 898410 803895 616666 228231 949055 705700 933821 123269 261667 817268 851439 596774 902258 579767 1051491 1108886 278965 44992 658854 494709 848969 556201 799146 1118845 300922 449084 503389 824631 518905 964529 736630 663170 828004 466161 828963 883746 676664 967729 397247 686115 639561 939674 428428 1183013 935654 841308 664216 385756 857266 694836 1105479 517314 1050238 486739 855144 788122 515362 1083636 807850 314899 953325 1032504 915249 463778 663321 125923 1114175 246334 908352 1025217 480109 178339 749547 1126791 679854 525672 786904 1068954 302088 754767 1116563 779485 955846 201986 1069741
208004 740847 999999999 642323 284717 140330 403781 356036 144943 212703 374538 596242 611839 336065 511354 172264 179914 208830 642268 214063 333318 201883 696586 615398 201926 363920 495932 190300 525614 401487 388374 621074 718413 220913 513200 439375 273850 223114 412132 440054 388007 477422 199893 572700 282959 148158 83520 540312 456926 306231 493005 377805 276164 343845 215949 102976 534264 481547 448166 569177 343211 531590 553039 408893 310783 380964 243166 325350 498671 191125 489539 493906 346717 397890 583822 542258 310595 616091 557602 171517 617822 375152 497324 460604 379498 297367 680835 88068 389421 180718 487782 268966 367720 595613 46856 381094 579561 296823 539848 351337
580107 113114 642323 999999999 888559 576889 1031052 420712 755601 705518 682186 282523 91682 676316 425613 794920 720543 537152 140353 853632 592596 839211 76082 165939 707719 738403 566193 797004 555481 972954 1018351 185631 118609 582933 469944 736165 444859 720990 1031467 208608 391244 470544 715326 417322 879459 628477 562383 718042 427639 759187 834974 563773 859891 302775 609901 543116 891760 394489 1088366 893122 775440 556921 370722 798954 581847 1000090 411479 958236 458649 747158 746218 406814 981265 694830 307817 841261 941097 881541 360979 580841 79592 1017281 165618 795430 914277 371018 212659 658739 1030877 570438 495057 714858 982161 203065 659951 1013556 672487 846130 106467 979428
323757 995014 284717 888559 999999999 311851 339881 514813 292540 427105 359768 878042 873363 327639 795266 114087 379268 489248 857719 207774 389756 221141 931447 824904 195839 302668 767412 96024 799427 448774 320825 825022 978416 490182 794936 388357 455978 428254 368272 700442 672679 758919 186274 699868 347247 262079 342782 516450 740786 500604 688394 445721 45133 607613 477071 382279 713211 766176 309992 756941 535543 595608 837735 602723 380504 114188 477715 274449 781023 145427 718946 629588 129901 373875 866929 439552 277159 819883 707158 445562 877574 232826 760730 369049 144260 518707 955886 336463 254884 323862 767381 483550 353149 795809 300892 147577 587539 99844 793567 305867
70787 684214 140330 576889 311851 999999999 523267 227857 283135 344966 251434 594537 565595 216203 548522 226821 317634 285046 549962 327616 196444 320366 620004 518790 140461 258795 568600 222629 593112 539223 506162 520917 669348 317119 561353 320746 152948 357160 536381 394188 415266 527913 145775 440281 419127 54348 94450 408851 496708 438685 618793 238072 283553 306067 322170 144160 663810 511591 550145 695546 474685 391280 574465 537641 173042 424334 167604 442664 544910 171183 600918 362251 413099 275042 588636 432369 430781 735956 431209 268015 569003 471206 455216 353562 352952 206955 657900 222605 489007 40940 543882 397440 495636 492897 186240 442981 442059 276399 483552 471919
572871 1120636 403781 1031052 339881 523267 999999999 750895 275479 355793 675788 923514 986935 638631 788904 324343 323278 510563 1043954 195707 678443 203658 1091120 1018239 480164 629152 701815 350883 737586 165433 19253 1024471 1092223 478057 769892 717120 672356 344259 33646 823073 703500 736410 470916 962571 166157 498366 487108 842700 739575 363664 495693 732831 381142 728305 452328 492313 494985 776028 104224 542474 381307 891234 851010 428299 661816 302887 646257 80746 761747 427048 570461 885111 232536 693991 903269 778566 93289 617577 954300 461063 994859 122962 874416 705447 477440 701042 1028935 372315 105532 556084 733330 381979 65130 999299 375268 246495 905948 437763 925396 52487
191723 533819 356036 420712 514813 227857 750895 999999999 500608 530072 261892 541975 442527 256098 564518 448480 515525 409380 353536 555352 171887 547602 442918 317876 319593 318056 637960 437427 651745 756456 733914 314832 531948 457080 592992 319590 83833 544757 763231 302736 439438 567562 328892 217265 638916 261479 280270 331381 524401 618245 775777 148464 477600 261333 473464 303473 827471 521749 776551 850900 650308 222485 561960 704444 162269 628849 163088 670377 575646 369891 731292 138423 629811 275823 547448 430877 658168 876012 203408 419325 441223 696817 356205 377209 508200 125469 563761 422472 715255 198845 590152 571934 721249 284681 396466 656664 318626 450469 354304 699336
347222 846221 144943 755601 292540 283135 275479 500608 999999999 135711 497931 663218 713064 458520 546235 191037 87589 246200 771283 118833 469613 100081 815829 746962 304514 473963 490836 224252 524942 256597 262888 754318 818884 225774 536149 556877 417892 135788 277798 547776 443433 500471 298652 717503 138436 279121 222720 667949 493271 210119 401070 517460 306326 452838 205030 219054 432140 525833 340155 473053 246358 673512 601053 314515 448319 352644 377374 204311 524782 269967 426406 638677 295429 520292 645632 648851 186314 531517 701317 195689 720662 280399 599888 567437 423580 433455 762384 96889 288531 322351 503610 191080 230177 730336 105545 330518 714339 348195 650044 223869
415460 784164 212703 705518 427105 344966 355793 530072 135711 999999999 587152 569159 649491 548758 433968 321095 48123 168401 745277 247754 541367 228901 772657 726495 408971 575171 361419 352480 396405 267678 348957 737182 751812 126183 417590 651997 446825 15904 345929 498363 350432 383100 405212 744617 190001 360690 258342 751745 383936 93889 281527 581494 437788 411214 99139 226651 321565 420236 441133 357147 130570 728858 495240 196461 518007 487310 380367 303001 408243 385408 293043 666776 427291 610543 548149 753283 283401 407812 718619 127273 658698 395330 541870 671442 553754 435763 677876 124686 398659 385796 382457 58774 295771 717074 167106 461756 786915 475433 599218 311220
183859 795289 374538 682186 359768 251434 675788 261892 497931 587152 999999999 784570 702925 39435 773621 353077 553190 534975 603857 493777 91534 495174 700048 566546 199673 68409 812445 324925 834357 738461 656704 559368 793820 568533 793037 70740 264759 597626 698154 552586 640191 761927 207913 372819 618440 226466 345883 170950 725485 680768 866083 123039 314803 489189 573290 394950 908619 733287 665908 942605 717708 242170 786759 782937 108690 460877 349882 598680 775936 249538 852193 318993 489577 23644 785467 187128 593492 985890 397585 519417 702179 585879 610161 118466 291197 350091 819961 462468 607447 214996 780505 642605 668672 528851 420798 505673 230457 265957 614635 631225
629795 286172 596242 282523 878042 594537 923514 541975 663218 569159 784570 999999999 190869 765045 170163 767999 600524 417083 411393 778542 694523 760846 354598 424649 734706 823755 315535 782072 295444 826163 915147 444955 241844 445469 212049 850819 519811 582092 915031 240240 220422 226836 739321 634287 758787 648313 536822 872886 198943 591591 613005 687452 862021 296679 471276 495872 667282 158795 1001526 658512 595985 739406 100897 599078 675880 977187 440829 863224 206671 756743 512225 594625 938952 803390 28958 966558 844055 632601 578977 467616 202942 943373 196277 902956 946184 434629 121374 573457 951698 607623 246238 556117 864799 450475 593297 974100 850036 866813 235212 876441
579978 134682 611839 91682 873363 565595 986935 442527 713064 649491 702925 190869 999999999 692025 337430 773238 669378 482003 224671 817641 611601 802044 165278 243367 702406 753838 480268 779215 467644 916858 975438 263827 106607 524252 381862 762112 449673 664487 984694 173162 317606 384936 709132 479041 830116 619184 536369 758665 343916 695297 757477 590347 848492 268344 551509 509624 813916 308757 1050945 812700 708541 606314 280084 726889 597718 982015 398053 917284 371439 736664 665228 455727 956828 718005 216184 872198 899375 797507 422174 528812 12447 983289 114534 819497 913377 367991 134739 616616 995373 565688 408829 652807 934730 275087 623479 990314 721303 840709 88298 936262
151093 789343 336065 676316 327639 216203 638631 256098 458520 548758 39435 765045 692025 999999999 747049 315189 514315 500911 605287 455256 85564 456348 698359 568453 160881 62112 781037 287810 803793 699299 619603 562630 785670 533099 764975 104770 246742 559052 660522 536789 613230 733229 169342 389338 579175 188249 310433 210261 697955 642262 828210 131855 283073 468578 537056 360284 870301 707344 631316 904651 679275 268962 762946 744756 94634 431913 326528 561052 747998 211769 816007 329754 456972 62061 764675 217190 555500 948736 409188 483641 691957 550915 595551 141681 271240 332328 805605 424083 572327 181595 751170 604519 630390 532048 382151 474575 267346 237063 603957 593533
599411 450941 511354 425613 795266 548522 788904 564518 546235 433968 773621 170163 337430 747049 999999999 681516 472240 307780 535909 664900 689765 646273 501371 539804 681793 800050 146075 701630 130231 676670 782750 558747 407840 320490 44432 843580 518164 444769 776592 300775 133975 58420 684309 705842 622748 598152 471236 889968 54482 439727 443600 696501 787146 303787 342668 422307 497444 43037 874739 488382 438915 781604 71346 434681 667907 883734 425693 736202 36508 692062 342097 650829 836395 795068 141804 960611 716644 464372 655261 355466 349830 824385 288979 888686 884662 441500 291451 467181 829865 572009 76076 410004 727150 556323 496334 871897 883108 802375 348204 745178
259454 898410 172264 794920 114087 226821 324343 448480 191037 321095 353077 767999 773238 315189 681516 999999999 274293 375186 776217 142773 355323 147691 842654 745457 155824 312159 654174 34417 685905 392970 305511 747736 879231 376646 680864 399806 379013 324128 345397 600118 560033 644842 146621 650336 277686 187033 237421 522222 627034 401086 592057 410469 116787 505394 364358 272491 621834 652925 330660 663551 437394 568145 724965 505532 339976 210262 384021 245961 666989 103543 614137 575263 187173 372353 755964 476636 240419 722547 649174 331574 778226 249877 659424 397768 232963 430476 849662 223224 269437 249786 653319 379001 315927 719689 186838 218685 582439 157491 696425 278380
387027 803895 179914 720543 379268 317634 323278 515525 87589 48123 553190 600524 669378 514315 472240 274293 999999999 188437 751579 201079 512783 182139 785341 730715 369477 537399 406770 306206 441417 255913 314623 740237 773340 155198 458429 616373 431714 49937 317022 512115 380313 423349 365087 732023 161068 327510 237377 720048 420814 131003 322567 555652 390787 421249 130369 214147 358941 455713 403144 396934 168378 706546 531062 236278 489949 439512 373484 264419 448214 342666 340164 653513 380273 576340 580801 714910 244952 450984 709343 140574 678010 353005 559164 633048 507201 429846 705836 95439 357726 358542 424305 104747 266708 718652 133078 414945 759011 429647 614085 275969
351163 616666 208830 537152 489248 285046 510563 409380 246200 168401 534975 417083 482003 500911 307780 375186 188437 999999999 581347 362611 468113 344568 604725 564761 398450 542909 289513 397292 317804 436025 500865 576743 585311 51243 305694 605033 332289 183838 505383 330405 197277 269697 398760 612930 349490 323696 192302 683138 253484 230994 367024 495508 484285 245983 75369 141031 419951 282762 584823 441656 255674 625402 357259 300351 444007 575955 247364 446933 291841 397663 325743 538310 529718 558405 399488 717413 427966 468276 579586 50533 490965 526535 373537 638399 588044 296890 518654 160072 534621 319980 279101 183873 455098 558647 188901 565207 701911 505306 430901 461814
536082 228231 642268 140353 857719 549962 1043954 353536 771283 745277 603857 411393 224671 605287 535909 776217 751579 581347 999999999 856241 519724 844049 107733 37769 666536 666051 667757 772223 662406 1007488 1029411 51344 250396 631149 579034 649296 401759 761161 1048874 262110 473682 573269 675226 292709 903761 596174 558895 612354 527319 811601 912893 481172 823887 335386 656654 552320 969742 499600 1089313 976926 833096 443635 489992 866158 513972 971642 399336 966977 565621 712595 833105 299857 962992 612760 434009 745872 951415 974305 239239 618005 214072 1013652 249220 709890 861600 347383 352678 676708 1029499 533867 598747 764955 1001425 78403 668759 992891 557594 801466 187738 991516
377965 949055 214063 853632 207774 327616 195707 555352 118833 247754 493777 778542 817641 455256 664900 142773 201079 362611 856241 999999999 487342 18972 909736 829005 294443 454865 607699 175177 642176 250983 178563 834215 924098 344524 654960 542386 477454 243992 210802 648429 559718 619298 285922 766927 140472 303583 297345 663828 611772 304782 486264 540689 235458 552235 323815 310516 507628 643855 234803 552278 337127 699403 718937 402212 469538 242627 456965 115049 643614 245177 527765 689410 179639 513735 761836 618299 104096 617829 758756 312410 824485 166229 703409 540099 350566 510404 874498 205488 177755 360484 622261 297414 175646 808232 194288 214002 721595 287665 749708 144890
125956 705700 333318 592596 389756 196444 678443 171887 469613 541367 91534 694523 611601 85564 689765 355323 512783 468113 519724 487342 999999999 485213 613177 482894 201716 146774 736820 333431 756879 720760 659886 477164 703266 506244 711253 156420 175271 553409 697271 461359 557241 681243 211524 312516 599588 190682 287535 215220 643083 635120 814247 56158 347081 400226 514367 332245 859973 648724 682597 891014 671122 212868 699781 733801 24142 499410 264182 598696 694005 256879 791227 248060 515972 108913 696132 272984 590673 929173 327556 459073 610989 601480 518712 209561 351754 259908 728459 418384 622113 155783 700858 593750 662588 446584 380094 537185 246254 307763 523329 630443
373214 933821 201883 839211 221141 320366 203658 547602 100081 228901 495174 760846 802044 456348 646273 147691 182139 344568 844049 18972 485213 999999999 896059 817278 295509 458519 588733 181197 623205 245492 187362 822848 908423 325842 636134 545617 468712 225319 216112 633425 541768 600495 287335 760438 130777 299188 285392 665710 593218 287250 470114 537879 246496 537350 304981 296246 492640 625469 249294 536925 320052 696566 700597 385621 466781 260638 445049 123906 624841 248103 509967 682588 198412 515593 743936 624313 110598 601730 750966 294274 809027 183044 687945 545395 362707 499044 857493 188308 193542 354464 603368 278947 177666 797172 179313 232875 721775 297297 734945 151772
615510 123269 696586 76082 931447 620004 1091120 442918 815829 772657 700048 354598 165278 698359 501371 842654 785341 604725 107733 909736 613177 896059 999999999 143748 745210 759948 642262 842206 631347 1039372 1077785 159076 152518 651742 545740 748985 479409 788286 1092985 274328 465811 546616 753359 400437 942761 669587 614855 717792 503696 829539 909835 578517 900373 364503 678465 600047 966677 470546 1144449 968619 846937 550352 445347 872252 605136 1044328 459014 1016758 534593 787871 821868 404531 1029748 710496 380812 848693 1000110 957556 346699 646765 152860 1071550 237964 809255 946925 413129 272294 719302 1086003 609232 571104 784573 1044161 184938 717462 1061133 664738 882519 175489 1039120
502383 261667 615398 165939 824904 518790 1018239 317876 746962 726495 566546 424649 243367 568453 539804 745457 730715 564761 37769 829005 482894 817278 143748 999999999 632754 629047 667434 740509 664099 986504 1003362 20485 280667 615170 582113 611609 369056 742398 1024061 254823 468859 574032 641564 257449 880793 563917 531886 574929 527429 795652 903644 443768 790424 319822 640122 527937 960324 501916 1061224 969286 818426 406703 497957 853961 477577 938965 372243 940619 568002 679595 826957 262215 931860 575256 445685 708122 925406 969606 203079 599393 233801 984882 250903 672219 826076 318828 375176 653335 1001100 501260 599658 748634 977109 41199 643509 961334 520991 766934 193457 965759
130458 817268 201926 707719 195839 140461 480164 319593 304514 408971 199673 734706 702406 160881 681793 155824 369477 398450 666536 294443 201716 295509 745210 632754 999999999 169458 687817 131824 715106 539097 461315 631877 804782 419319 691209 253309 265991 417165 500945 532518 550015 656679 9902 506225 419534 86395 211451 370371 628814 500159 690469 257624 158091 446130 416915 262367 728415 646507 480882 765768 537559 413785 711653 604915 188766 309511 305119 401601 675313 55196 691392 434513 316909 220359 728286 345642 395326 815944 511619 368980 705183 399768 593643 263854 212649 337159 797850 287155 420444 137414 670606 467005 469761 602293 243383 340705 427343 138604 618550 433902
200684 851439 363920 738403 302668 258795 629152 318056 473963 575171 68409 823755 753838 62112 800050 312159 537399 542909 666051 454865 146774 458519 759948 629047 169458 999999999 827325 281068 851428 703865 609928 622742 847751 571457 816204 88051 307253 584205 653378 597452 666076 783700 175505 441080 585841 221173 350670 214507 749957 667477 856468 188205 257565 527080 572974 401932 895984 761081 611879 932311 704813 309141 818605 771602 156735 398702 383732 554306 799412 210540 851056 385800 432344 74244 822607 178338 550878 979972 464775 521299 753866 533010 656555 96830 223587 392613 866571 451470 554872 229072 800739 632439 627266 592166 408214 445993 285320 205325 665827 586984
629947 596774 495932 566193 767412 568600 701815 637960 490836 361419 812445 315535 480268 781037 146075 654174 406770 289513 667757 607699 736820 588733 642262 667434 687817 827325 999999999 679724 35774 571505 698641 685326 553845 277703 103571 883169 577031 368072 684761 416718 207545 95658 688248 805774 538460 611193 479222 947446 140457 339154 303952 753967 767608 391282 290676 427439 355691 171749 795639 343583 328598 860242 214989 308972 713374 842128 482203 660109 110036 686388 199202 742831 786197 835298 286822 998188 640637 318489 759430 324957 492550 755739 418544 921204 875152 512592 436367 431003 757700 599723 71477 321677 637515 679171 468687 821159 952673 792601 481076 663452
246196 902258 190300 797004 96024 222629 350883 437427 224252 352480 324925 782072 779215 287810 701630 34417 306206 397292 772223 175177 333431 181197 842206 740509 131824 281068 679724 999999999 710871 425985 331824 741855 884650 402033 702729 369004 372008 356130 373476 606119 577684 666823 122122 634171 311577 177248 246882 492773 647188 434016 625304 389200 87948 512638 391189 286412 655671 671715 349280 697148 470515 545603 742762 538727 319636 203226 385542 274065 688456 77024 645406 560423 192519 343417 771114 443281 269913 755541 635760 355576 783701 268142 666132 364926 201365 429101 860126 249847 288685 240495 676251 410724 346199 713273 211063 220858 555081 123947 700471 306695
652850 579767 525614 555481 799427 593112 737586 651745 524942 396405 834357 295444 467644 803793 130231 685905 441417 317804 662406 642176 756879 623205 631347 664099 715106 851428 35774 710871 999999999 606918 734386 682492 536159 309268 85806 905093 593927 403315 720523 417048 214982 90920 715861 812838 574166 637090 505278 965792 138190 374901 333386 771865 798649 399823 323469 453587 383542 162861 831316 368401 364017 873387 194609 342752 733683 875634 499024 695655 97134 715412 227244 752086 820368 856991 266499 1020711 676169 337401 765063 355456 480038 791041 413635 944546 905097 526293 414956 462978 793153 623016 65393 357311 673289 677915 499830 855406 968250 822436 474846 699150
601356 1051491 401487 972954 448774 539223 165433 756456 256597 267678 738461 826163 916858 699299 676670 392970 255913 436025 1007488 250983 720760 245492 1039372 986504 539097 703865 571505 425985 606918 999999999 173976 995799 1018502 392664 651323 790711 673271 252461 135597 765314 612090 620584 531350 973599 121172 530485 476857 909362 632129 236968 335484 770737 482385 676206 365399 464381 330585 671013 269301 377979 242908 928082 743639 276572 700540 443507 625147 183690 645825 493341 418923 894738 370228 759446 802982 869238 174838 453671 955810 392608 926188 275515 809541 790732 592926 681719 939274 338078 263338 577817 613178 270091 109857 973793 360008 392697 962251 536612 866573 160278
555009 1108886 388374 1018351 320825 506162 19253 733914 262888 348957 656704 915147 975438 619603 782750 305511 314623 500865 1029411 178563 659886 187362 1077785 1003362 461315 609928 698641 331824 734386 173976 999999999 1009361 1080966 469755 764695 697890 655776 338010 49668 810656 694896 730891 452037 945081 160765 480494 471823 823513 732884 361719 499910 714379 361968 715578 444386 478361 501318 768925 100184 548823 381043 872711 844063 430337 643402 285923 631212 63590 756181 408078 571902 867757 214934 674855 895303 759385 77997 623387 937318 451044 983211 107090 862580 686207 458795 685738 1019494 359768 91293 538586 728457 377761 67417 983987 361072 230157 886904 418588 912903 39203
501765 278965 621074 185631 825022 520917 1024471 314832 754318 737182 559368 444955 263827 562630 558747 747736 740237 576743 51344 834215 477164 822848 159076 20485 631877 622742 685326 741855 682492 995799 1009361 999999999 299366 627388 600860 602653 369892 753083 1030920 271324 485630 592253 640828 241367 888936 564870 537570 562351 545522 807734 918559 436373 789814 332829 652045 535500 975151 520549 1065646 984772 831099 392928 517641 867710 472828 939177 378218 946423 586605 679607 843023 250804 933669 567335 465850 697308 931472 986098 188109 610296 254220 988780 269769 663346 822622 323830 395462 661399 1005298 501920 617899 760566 984325 30583 650328 962709 506588 764979 213186 971985
680340 44992 718413 118609 978416 669348 1092223 531948 818884 751812 793820 241844 106607 785670 407840 879231 773340 585311 250396 924098 703266 908423 152518 280667 804782 847751 553845 884650 536159 1018502 1080966 299366 999999999 625970 451379 849941 547603 766567 1089386 279178 412057 461061 811785 535223 934309 722538 642620 835744 424901 793494 843069 677420 952712 374788 653221 616230 898757 386641 1157203 893827 804670 675470 341847 818652 691040 1087638 501776 1023172 443835 840531 746409 525223 1063186 807486 270663 956818 1005158 872208 479108 632920 101008 1089815 221137 908597 1014619 468427 133586 722608 1101809 667582 482954 752258 1039306 319555 729987 1096579 791047 943324 186240 1041772
385736 658854 220913 582933 490182 317119 478057 457080 225774 126183 568533 445469 524252 533099 320490 376646 155198 51243 631149 344524 506244 325842 651742 615170 419319 571457 277703 402033 309268 392664 469755 627388 625970 999999999 311266 637780 378364 140653 470288 377757 225543 275367 418489 662766 313852 350408 222704 721437 267780 180521 318712 536747 489937 295819 27265 174315 370699 301419 557821 394120 204476 670786 376806 249792 482106 569313 296200 419128 299371 412022 284987 587610 518044 592125 425604 747995 399757 424542 630173 50424 533687 504406 418219 667837 598457 346913 552306 153811 510652 354401 280206 133854 419958 609574 191045 553476 743860 516173 477094 431158
615664 494709 513200 469944 794936 561353 769892 592992 536149 417590 793037 212049 381862 764975 44432 680864 458429 305694 579034 654960 711253 636134 545740 582113 691209 816204 103571 702729 85806 651323 764695 600860 451379 311266 999999999 863424 542221 427231 755985 339605 154739 36092 693116 741883 604050 609210 479785 914988 68766 414706 404991 720986 789319 334406 331154 429441 457907 80606 858555 447044 410775 812199 111418 401378 688850 879454 448356 720589 17387 698024 301793 684685 829302 814957 183286 980160 700988 420967 692277 350702 394261 811434 331218 906614 890184 468588 332796 462283 815804 587266 38675 388514 707122 597632 494327 864740 911450 807554 391299 727782
254171 848969 439375 736165 388357 320746 717120 319590 556877 651997 70740 850819 762112 104770 843580 399806 616373 605033 649296 542386 156420 545617 748985 611609 253309 88051 883169 369004 905093 790711 697890 602653 849941 637780 863424 999999999 331665 661906 741426 616529 710324 832456 260257 397727 672071 292249 415083 128258 795752 745215 932119 172527 343444 556604 641826 464671 973537 803038 698198 1008445 782359 250132 855554 848268 176460 479786 419020 642356 846296 297518 920775 354925 517445 48513 852552 117104 638870 1053231 430425 588383 760701 619853 672974 60726 295031 416263 882096 527441 641781 285158 851136 708225 715192 572484 485025 529329 204496 289560 673893 675034
136118 556201 273850 444859 455978 152948 672356 83833 417892 446825 264759 519811 449673 246742 518164 379013 431714 332289 401759 477454 175271 468712 479409 369056 265991 307253 577031 372008 593927 673271 655776 369892 547603 378364 542221 331665 999999999 461392 683478 290199 387496 513940 274339 300908 556311 194986 196670 372853 473556 535728 696799 178772 422445 224956 393340 220178 747619 476433 702818 772460 568303 293203 525177 623726 156070 569965 94915 592188 524857 310847 656920 222134 564068 283846 520950 448209 579272 800456 283771 338526 450698 624099 349460 383155 469459 85637 559395 338670 641758 132205 534970 489749 640558 341271 313283 592842 376348 403132 362615 620429
427456 799146 223114 720990 428254 357160 344259 544757 135788 15904 597626 582092 664487 559052 444769 324128 49937 183838 761161 243992 553409 225319 788286 742398 417165 584205 368072 356130 403315 252461 338010 753083 766567 140653 427231 661906 461392 999999999 333429 513976 363938 393086 413102 759602 178149 371269 271739 762995 395350 83334 273641 594221 440527 427035 113456 241284 311833 432093 431364 348613 120613 742376 506900 187764 530171 485041 395775 293773 418326 391858 290753 681666 423613 620944 560751 762105 274182 401385 733934 143157 673759 387741 557182 680237 557068 451271 691547 135526 390304 398057 391602 55298 283435 732958 176925 457760 799217 479583 614724 300682
588675 1118845 412132 1031467 368272 536381 33646 763231 277798 345929 698154 915031 984694 660522 776592 345397 317022 505383 1048874 210802 697271 216112 1092985 1024061 500945 653378 684761 373476 720523 135597 49668 1030920 1089386 470288 755985 741426 683478 333429 999999999 823035 695747 723088 491902 976539 156442 514350 494824 866167 728267 345668 469082 751067 408562 729107 443984 496557 466130 765399 134247 513548 360755 909722 840014 404468 679933 335559 652950 99477 748470 448757 547084 898631 264577 716885 894060 805685 106768 589111 966464 456702 992939 156201 873023 731590 507455 708357 1022424 373769 139137 570521 718937 367471 50351 1006325 380603 279579 927823 465118 925422 67043
413824 300922 440054 208608 700442 394188 823073 302736 547776 498363 552586 240240 173162 536789 300775 600118 512115 330405 262110 648429 461359 633425 274328 254823 532518 597452 416718 606119 417048 765314 810656 271324 279178 377757 339605 616529 290199 513976 823035 999999999 214352 326132 538851 407703 670851 448174 363459 632946 278877 556540 650784 449719 676229 96326 404344 338644 707638 259360 882711 715143 575524 500736 276466 605377 444515 808862 227400 751080 323951 564846 572201 359359 784069 570050 248506 730891 733683 714830 355560 372803 178217 813320 61126 670902 744571 205032 269485 450889 826109 397047 351729 511034 773646 262868 454191 817410 610245 670237 102387 771642
465438 449084 388007 391244 672679 415266 703500 439438 443433 350432 640191 220422 317606 613230 133975 560033 380313 197277 473682 559718 557241 541768 465811 468859 550015 666076 207545 577684 214982 612090 694896 485630 412057 225543 154739 710324 387496 363938 695747 214352 999999999 128168 552922 598596 539337 465605 340861 760249 86069 382319 444084 566254 661506 184853 251778 293675 500964 96502 781154 504631 392613 659938 165079 409349 535081 766413 293803 642809 137368 562893 359605 537111 724061 661816 202212 827271 623634 500882 551897 247750 328605 723802 229311 754894 755379 314507 327685 355657 731716 438114 151376 342836 645436 476818 379023 759444 757507 673585 293403 656129
583389 503389 477422 470544 758919 527913 736410 567562 500471 383100 761927 226836 384936 733229 58420 644842 423349 269697 573269 619298 681243 600495 546616 574032 656679 783700 95658 666823 90920 620584 730891 592253 461061 275367 36092 832456 513940 393086 723088 326132 128168 999999999 658437 723216 570397 575178 445229 886770 47273 383652 386180 692645 753497 311826 295550 394621 440507 76200 824216 433051 381581 788072 129610 376280 658588 843378 419526 686059 25389 662757 286015 663741 793368 784048 198974 948980 666463 412845 674889 314611 397182 776313 324123 874765 854782 442506 348190 426199 780921 554643 25668 355752 673986 587249 458270 828814 885463 772118 386137 693760
139183 824631 199893 715326 186274 145775 470916 328892 298652 405212 207913 739321 709132 169342 684309 146621 365087 398760 675226 285922 211524 287335 753359 641564 9902 175505 688248 122122 715861 531350 452037 640828 811785 418489 693116 260257 274339 413102 491902 538851 552922 658437 999999999 516097 412063 91447 213383 378385 631150 495932 686597 267460 149004 451790 415445 263867 724000 649380 471084 761703 533336 423484 715044 600862 198662 300063 311503 392516 677321 45357 688975 444309 307029 228285 732561 350665 386437 812552 521346 368239 712032 389978 599964 269012 207235 344555 803600 284167 410683 144888 672046 463430 461082 611297 240363 330912 436155 131583 625578 424863
391533 518905 572700 417322 699868 440281 962571 217265 717503 744617 372819 634287 479041 389338 705842 650336 732023 612930 292709 766927 312516 760438 400437 257449 506225 441080 805774 634171 812838 973599 945081 241367 535223 662766 741883 397727 300908 759602 976539 407703 598596 723216 516097 999999999 855657 465673 497518 331938 676636 830722 979371 258567 658280 414641 681609 518784 1032842 663353 980968 1052861 861445 159216 683887 912364 319474 811071 367361 881833 725327 560605 925132 78865 823118 373258 648693 475809 870607 1071221 56885 629233 472247 900204 438765 457106 660570 316058 613676 639522 919693 406498 747997 783770 935841 216817 613662 846468 268063 620278 404103 911665
480437 964529 282959 879459 347247 419127 166157 638916 138436 190001 618440 758787 830116 579175 622748 277686 161068 349490 903761 140472 599588 130777 942761 880793 419534 585841 538460 311577 574166 121172 160765 888936 934309 313852 604050 672071 556311 178149 156442 670851 539337 570397 412063 855657 999999999 409336 361000 789390 573498 204269 363582 649635 375928 578264 287605 353806 377303 610129 257285 423554 228008 807128 685017 285141 579386 364867 513832 125564 595717 375474 422237 776865 293791 639698 738055 754060 107275 493341 839750 301396 838612 226886 719297 674551 490730 570205 865997 227538 224195 457307 567720 217129 106107 865693 243702 323041 841336 427745 773117 125005
74516 736630 148158 628477 262079 54348 498366 261479 279121 360690 226466 648313 619184 188249 598152 187033 327510 323696 596174 303583 190682 299188 669587 563917 86395 221173 611193 177248 637090 530485 480494 564870 722538 350408 609210 292249 194986 371269 514350 448174 465605 575178 91447 465673 409336 999999999 131973 392603 545679 454343 639989 240423 231427 360413 351883 183757 682160 562090 516338 716408 491251 398532 626271 556533 170058 375638 221149 417697 593034 118686 630300 389480 369658 249885 641996 398590 407679 761144 462431 300180 622399 436085 509244 317798 298663 257594 712244 236009 454994 63273 590131 416271 476751 536150 194651 397956 435348 222162 536527 448366
163959 663170 83520 562383 342782 94450 487108 280270 222720 258342 345883 536822 536369 310433 471236 237421 237377 192302 558895 297345 287535 285392 614855 531886 211451 350670 479222 246882 505278 476857 471823 537570 642620 222704 479785 415083 196670 271739 494824 363459 340861 445229 213383 497518 361000 131973 999999999 501729 417881 350935 526780 324154 325199 268183 227969 51784 573167 437075 530920 603540 385979 470640 504495 447091 263607 447349 159674 408855 463947 222296 506544 418691 420641 369492 527275 525940 393988 642295 479064 173585 541676 456808 422282 446412 414578 213938 613301 142798 471703 132776 459343 307774 449664 512198 117304 453961 530776 333064 461423 434640
338166 828004 540312 718042 516450 408851 842700 331381 667949 751745 170950 872886 758665 210261 889968 522222 720048 683138 612354 663828 215220 665710 717792 574929 370371 214507 947446 492773 965792 909362 823513 562351 835744 721437 914988 128258 372853 762995 866167 632946 760249 886770 378385 331938 789390 392603 501729 999999999 846279 845628 1027637 194132 471469 590112 729216 547335 1072181 847791 826134 1104385 882157 172724 892038 946078 239361 607538 467332 766815 897615 418844 1006424 313356 645668 150127 878805 149601 762431 1143929 376852 674064 755193 747477 683734 164365 420090 449122 886740 627470 769355 369070 907623 805688 838147 533953 587041 657514 84354 417807 672530 799458
549284 466161 456926 427639 740786 496708 739575 524401 493271 383936 725485 198943 343916 697955 54482 627034 420814 253484 527319 611772 643083 593218 503696 527429 628814 749957 140457 647188 138190 632129 732884 545522 424901 267780 68766 795752 473556 395350 728267 278877 86069 47273 631150 676636 573498 545679 417881 846279 999999999 395832 418376 652308 732787 266637 290718 368562 473884 40148 823820 469721 398084 743991 111881 400275 620810 829425 379844 685144 51379 638217 322130 617931 782502 747258 173153 912608 665629 454013 627998 301490 355996 772130 278100 839634 830779 399875 318771 413096 778039 521339 72853 363390 678529 540204 441915 818006 842790 748413 340660 695001
509249 828963 306231 759187 500604 438685 363664 618245 210119 93889 680768 591591 695297 642262 439727 401086 131003 230994 811601 304782 635120 287250 829539 795652 500159 667477 339154 434016 374901 236968 361719 807734 793494 180521 414706 745215 535728 83334 345668 556540 382319 383652 495932 830722 204269 454343 350935 845628 395832 999999999 191884 674717 516346 476324 155772 316170 228518 435070 460445 265932 37404 820758 507042 105380 611702 547251 464034 329418 408918 473529 223369 753594 481487 704118 567658 845304 310597 321526 802128 202723 705446 429545 593663 763434 633689 518036 706874 218373 428155 479466 376763 47611 298935 789528 260202 514090 880487 557925 654240 328303
689524 883746 493005 834974 688394 618793 495693 775777 401070 281527 866083 613005 757477 828210 443600 592057 322567 367024 912893 486264 814247 470114 909835 903644 690469 856468 303952 625304 333386 335484 499910 918559 843069 318712 404991 932119 696799 273641 469082 650784 444084 386180 686597 979371 363582 639989 526780 1027637 418376 191884 999999999 849666 706442 588948 303956 484916 56939 457394 599479 76769 154902 988438 514777 86617 790366 725313 614352 485187 407314 665233 106898 905255 655977 889621 585115 1034680 468652 131624 944129 359476 769086 587032 673143 952864 824040 663401 734331 405099 580735 658813 368055 224068 432513 905096 448255 686253 1056885 749251 737106 474507
170342 676664 377805 563773 445721 238072 732831 148464 517460 581494 123039 687452 590347 131855 696501 410469 555652 495508 481172 540689 56158 537879 578517 443768 257624 188205 753967 389200 771865 770737 714379 436373 677420 536747 720986 172527 178772 594221 751067 449719 566254 692645 267460 258567 649635 240423 324154 194132 652308 674717 849666 999999999 402840 398819 547132 364922 897037 654527 738449 926314 710049 158722 700809 771075 71150 554915 273205 652827 703620 312815 820853 198073 572120 131979 691386 282414 644353 961197 277416 491447 588667 657319 504314 231700 402697 257093 712219 460459 677873 197255 713501 631925 715490 405872 424134 593203 207328 362400 502261 684380
288083 967729 276164 859891 45133 283553 381142 477600 306326 437788 314803 862021 848492 283073 787146 116787 390787 484285 823887 235458 347081 246496 900373 790424 158091 257565 767608 87948 798649 482385 361968 789814 952712 489937 789319 343444 422445 440527 408562 676229 661506 753497 149004 658280 375928 231427 325199 471469 732787 516346 706442 402840 999999999 585118 479108 368410 734152 756297 354769 776816 552242 551444 826439 620132 338820 152920 450965 312774 774834 112742 730808 589070 175011 328764 852233 397427 313818 837410 667156 443257 852190 276980 736968 325447 117684 489012 935545 337754 299001 291195 763373 495532 390579 760299 298922 191548 542407 56621 767066 344782
334391 397247 343845 302775 607613 306067 728305 261333 452838 411214 489189 296679 268344 468578 303787 505394 421249 245983 335386 552235 400226 537350 364503 319822 446130 527080 391282 512638 399823 676206 715578 332829 374788 295819 334406 556604 224956 427035 729107 96326 184853 311826 451790 414641 578264 360413 268183 590112 266637 476324 588948 398819 585118 999999999 321270 242319 645079 260854 786643 657722 498614 478049 302069 535170 380634 714792 144778 655586 317232 474926 520748 352262 688494 508690 296318 673149 638364 666371 369697 284182 274034 717015 154103 607317 658779 141792 351836 355993 729876 314019 335821 429586 680026 317046 358060 722037 579621 582309 197653 676654
391906 686115 215949 609901 477071 322170 452328 473464 205030 99139 573290 471276 551509 537056 342668 364358 130369 75369 656654 323815 514367 304981 678465 640122 416915 572974 290676 391189 323469 365399 444386 652045 653221 27265 331154 641826 393340 113456 443984 404344 251778 295550 415445 681609 287605 351883 227969 729216 290718 155772 303956 547132 479108 321270 999999999 182425 354282 325351 533499 380156 181788 684491 400709 231129 490285 552528 314333 394769 320012 406070 278952 605735 499273 596929 450973 750409 375315 414810 650381 55714 560932 481720 445311 669670 589665 366452 578932 141360 487340 360669 298693 108525 393687 633756 181638 534596 754457 507881 503974 405960
211607 639561 102976 543116 382279 144160 492313 303473 219054 226651 394950 495872 509624 360284 422307 272491 214147 141031 552320 310516 332245 296246 600047 527937 262367 401932 427439 286412 453587 464381 478361 535500 616230 174315 429441 464671 220178 241284 496557 338644 293675 394621 263867 518784 353806 183757 51784 547335 368562 316170 484916 364922 368410 242319 182425 999999999 533200 389306 545265 561493 349607 505627 458289 407762 308128 482440 160768 416840 413812 269778 459207 440605 449685 418480 484705 576492 400478 597135 495201 126906 515868 474754 395094 497370 462394 217339 578144 126632 487887 180278 408245 270904 449229 511936 117443 484010 572239 380248 439400 440015
