NAME : synthetic_000656
TYPE : CTSP-D
DIMENSION : 100
GROUPS : 8
RELAXATION_LEVEL : 1
EDGE_WEIGHT_TYPE : EXPLICIT
EDGE_WEIGHT_FORMAT : FULL_MATRIX
EDGE_WEIGHT_SECTION
999999999 464154 333711 108945 502865 116095 438874 307937 834253 334787 806033 65067 379177 477328 509763 250154 329514 837494 578248 310053 201109 871087 265511 95675 514602 470687 861590 575893 823469 650209 514534 94235 369772 833975 93148 589429 518657 738845 462462 809083 313092 510553 429320 678803 310668 374602 358863 793518 616967 570963 737485 502877 409745 802151 811703 534596 153323 692689 185846 605620 414956 429512 94469 489064 590258 398766 519280 726041 148889 698918 420138 153071 362046 230429 555688 350700 932430 206740 779622 137379 456384 328172 900307 411755 576857 803536 874269 140848 380736 210479 725599 475111 475233 85630 96470 386358 546245 538539 120953 649618
464154 999999999 760381 358648 911777 579850 290632 204712 760842 251485 946418 455148 789300 58723 819145 214979 486232 527170 252047 432022 629519 811361 240802 494849 123739 528471 494507 841864 544679 355849 650826 504337 209198 626783 378537 582951 328971 803455 281440 424463 755643 846704 34893 478018 738590 385121 418329 700017 624204 699051 748953 417821 557581 585301 507407 656789 373877 774698 336726 480890 157976 92757 370008 531510 895571 489708 190981 785765 563133 433750 698985 612202 199526 446244 621581 709008 1057018 570559 853144 535238 315042 142027 666949 388383 618155 702271 541189 468374 827782 572482 336531 417265 133688 386308 547734 262989 154674 683879 487533 397282
333711 760381 999999999 436014 170686 257738 623492 566891 841111 555797 655042 313158 57608 757107 275705 550733 384581 999698 796190 414040 134883 861222 524837 268982 775459 503684 1057227 366875 967987 835465 458098 370461 700961 931355 392787 615602 688196 663895 651988 1021614 50325 244983 726242 804373 23060 505418 467226 822808 622888 496535 704043 619013 405727 911355 973783 481111 485411 615995 425806 705938 663768 745839 417164 523872 336839 451707 754070 658211 199099 857544 269704 270013 692185 346314 540112 142894 773585 198237 688032 225620 628083 639717 1004297 539033 571940 836086 1046339 293170 90996 197558 950280 587720 797673 385895 311685 720025 800349 462565 410628 812141
108945 358648 436014 999999999 602468 222284 378282 224272 817094 268017 840828 127571 477530 376490 581974 148584 339783 767924 496545 304499 301322 858238 187028 173530 419336 467167 780683 637758 760149 577879 536683 152987 264995 786321 60120 577841 458428 752325 397909 723707 419286 590479 324044 626818 413001 345011 341536 770320 610488 594048 737563 464898 427043 751434 742771 554002 86130 708941 143325 566431 328134 320624 20776 482937 663470 397207 433412 737825 240952 634400 479517 253571 256203 243871 560924 432350 966014 281557 796687 220616 399809 220315 848644 378575 576857 778865 800700 186376 488243 284883 637819 440999 366576 62542 189522 288115 452531 564683 149951 585512
502865 911777 170686 602468 999999999 427480 741285 711837 867547 690090 606286 476867 125158 902584 233212 707981 485422 1091273 917668 526924 302020 877974 671987 431327 913617 574231 1161725 318203 1052872 942594 492213 540748 867236 996527 555623 669245 796372 660202 769728 1134231 205320 180586 878483 888159 193335 614723 573394 861464 666028 513918 719455 711427 476924 982774 1066147 512712 655341 616162 575079 784979 801371 905063 582996 592391 253942 538942 883372 659065 362006 952804 301025 435903 857884 476056 582447 214528 711221 341265 672618 385398 740940 798492 1069574 643349 615482 875538 1140845 444652 171088 339298 1069740 681567 959078 549185 481475 888566 935336 484959 580847 911025
116095 579850 257738 222284 427480 999999999 540749 421211 899151 441775 820285 148986 311379 593384 484331 366208 388152 940349 688638 383053 147662 931768 378042 139940 629784 532671 970479 562740 922653 755696 550733 113907 472786 922685 207354 654234 618982 777087 565947 920210 224695 472890 545060 772025 236099 460362 437094 864019 676696 604015 788637 589851 456132 893273 914322 572755 243552 729185 290647 691254 528201 541889 209842 552501 560346 462612 631619 766238 135875 799710 417949 45807 466644 297568 606725 319483 945972 208822 813427 148507 555773 442592 991303 498327 631978 875104 979237 200706 284197 212339 837940 560222 584727 199560 53997 481300 660985 569610 153673 750596
438874 290632 623492 378282 741285 540749 999999999 171229 486866 110770 660113 391788 632917 243418 593218 270348 258900 399629 176613 214370 517507 535259 195086 409047 212691 248228 437466 594050 384819 217166 377314 520817 429325 410540 350620 292383 80401 512991 28584 398165 637678 632131 276751 249812 606079 129639 171615 429921 333606 419510 459419 128268 302619 374228 373641 379035 447557 485435 253031 208556 133619 356592 373589 247342 660611 228929 154967 495261 457756 260045 473927 584741 415107 278106 335089 526761 767756 427424 562690 428723 26808 301901 470802 112877 328887 434959 439054 354889 708145 427480 328717 126999 414306 356899 535089 486484 218834 409726 526612 210746
307937 204712 566891 224272 711837 421211 171229 999999999 651014 70210 769847 278851 591280 190896 614884 99208 286102 545011 272709 232119 441129 697642 43827 311201 212112 353562 556967 640835 540385 354618 464651 375757 271896 579796 214799 434892 246646 643483 183993 501889 567845 641992 174677 418804 546016 205316 229391 596503 474102 517113 604459 286050 363660 542267 520180 474129 282687 608312 142134 377655 107057 230371 225293 361635 691947 301932 211541 626604 375063 414852 495124 460849 257482 241758 451801 505837 886975 372074 692266 345815 196864 145382 637279 222440 455825 602514 576673 274031 640504 373636 417725 272017 292028 222392 402618 326301 241189 497368 373908 366822
834253 760842 841111 817094 867547 899151 486866 651014 999999999 581926 394589 771125 815483 705044 638352 746322 511093 430420 534841 524206 803159 51625 662095 761857 651075 366554 548036 570270 371711 451622 383624 928120 916153 240500 769673 245401 432340 234839 486148 579788 879803 692713 754837 302383 835543 472410 477877 63058 223853 353787 152138 364993 449263 264496 419883 360992 899273 264750 673820 281012 614440 838214 804920 346970 653624 437438 577118 226960 772009 384051 577678 944230 901908 605864 302458 699630 431704 706394 256189 752471 460062 788497 288209 440899 272366 66462 478058 702054 930312 703859 587170 381890 892264 773021 917683 973133 635456 384274 947801 392984
334787 251485 555797 268017 690090 441775 110770 70210 581926 999999999 704816 293619 573747 223037 573098 164883 235999 503462 248826 182136 438117 628155 84753 317580 223809 286773 528755 591156 492771 315432 402608 413001 341844 521037 243971 364786 190513 574775 130063 480473 562961 604568 226429 360487 536319 138716 167807 528207 404146 453369 534404 217002 306298 484968 477862 410540 336931 540549 151138 311286 112044 292541 264231 293673 647531 240079 199059 557758 374311 367183 452157 484362 327424 214044 384243 478684 820422 357670 623769 344649 134014 214677 581561 152782 386976 534608 539497 270015 635132 358557 401498 201964 353905 250708 431244 396489 245577 435583 417018 318071
806033 946418 655042 840828 606286 820285 660113 769847 394589 704816 999999999 743155 608566 903019 384809 839339 505924 792376 790025 552064 683141 373280 757425 712299 870149 418790 902568 292722 735828 743615 309068 893866 1034317 619521 781526 382086 651206 175523 676236 915441 704032 430069 926902 610604 660368 566109 540909 429794 343570 253653 265975 542118 418107 631464 775516 296531 925956 181103 714889 528494 788897 997318 822213 414908 353535 468988 803184 191297 685605 701313 404623 857538 1020292 597188 325212 522798 126432 613053 139550 680398 639012 913418 677755 558228 333025 442261 844252 667438 727918 609371 895117 534173 1058550 780941 858984 1082820 869324 278278 926364 686609
65067 455148 313158 127571 476867 148986 391788 278851 771125 293619 743155 999999999 351719 460356 459006 241173 264718 791408 541578 247341 178556 807321 235058 46021 490410 406590 822325 520283 774274 606809 449767 158916 390740 778336 79678 525983 470220 673832 416968 773363 302095 464658 420389 625453 290395 316638 297906 731491 552829 506331 672677 445903 344689 747728 765395 469697 197141 627752 142662 548254 384819 433404 107259 425209 540261 334735 486482 660991 114918 650970 362953 193118 381119 166032 490762 305690 869469 155838 714762 93071 407108 327894 845895 354317 512206 741774 830270 76234 373525 159337 692320 417217 484533 72740 149604 415679 520037 474125 185601 601809
379177 789300 57608 477530 125158 311379 632917 591280 815483 573747 608566 351719 999999999 782172 225334 583701 383996 998361 808013 419682 178071 832672 550554 306170 796171 491379 1061591 317545 963811 840516 432014 422739 742181 919400 430477 597893 693241 628399 661499 1029620 106138 190298 755707 799238 76131 510036 470042 801079 601538 465625 674310 616638 392467 901700 972716 454504 532182 581224 452694 698455 683935 780503 457969 510969 281853 445755 769839 623940 236886 857394 238228 326204 732771 360438 517773 119030 724903 219260 649565 260317 635101 673966 992594 541510 550315 814681 1046339 321171 120508 217645 961430 585780 834169 424029 365037 764125 819311 432761 462961 813423
477328 58723 757107 376490 902584 593384 243418 190896 705044 223037 903019 460356 782172 999999999 796052 228165 458724 470907 193534 405080 629491 755810 232273 496899 66040 487394 443788 812959 486898 297360 612872 526912 261852 568067 387528 534083 274426 755757 230929 375735 756264 826662 71500 419834 735974 348683 384803 643819 575388 658908 698167 368230 524589 526580 450597 617257 403569 728846 331355 426090 116706 149731 385094 488774 870527 454297 132436 737956 563085 375104 675155 628641 250980 429934 577810 695291 1011146 562950 805445 534269 266298 173971 608432 347380 572304 645726 486896 463950 828848 564528 287078 370349 192187 395401 565717 317462 99048 645830 514033 338595
509763 819145 275705 581974 233212 484331 593218 614884 638352 573098 384809 459006 225334 796052 999999999 643238 339352 899179 766671 391725 336894 646385 583216 416335 791298 381529 981946 92404 855259 771153 275792 580734 829078 784503 523944 457120 631902 427021 619914 964824 325869 54362 789542 693234 284821 464034 422566 636745 447300 287151 488518 532320 295396 775406 875293 293393 656127 383337 501056 588947 683340 835792 561220 396396 81510 367721 746243 426148 364507 767485 121037 512825 817108 377030 366342 164858 499631 303820 440024 372386 585765 732880 856617 483354 398738 650995 950763 396418 343476 300184 911097 505866 895482 520009 532450 864030 806140 261849 618905 730856
250154 214979 550733 148584 707981 366208 270348 99208 746322 164883 839339 241173 583701 228165 643238 999999999 338430 637099 357737 288270 417818 792017 86051 282561 271499 431369 639909 681672 635693 446936 530565 300464 195649 678770 163634 523285 345614 724065 282935 580027 542938 662993 180090 517808 528449 286808 301702 693042 561111 585747 691736 381676 423557 640996 612840 543015 189861 686022 142188 475725 188287 197533 157039 442212 723283 371464 291838 707761 351933 510716 528043 400590 181958 267921 530180 514614 959904 368418 771894 325183 295767 91233 735536 310432 538046 699491 665870 263921 614629 370840 492974 365052 254271 171378 337561 243798 305234 562252 291438 463377
329514 486232 384581 339783 485422 388152 258900 286102 511093 235999 505924 264718 383996 458724 339352 338430 999999999 615459 435277 54235 306397 544822 262611 251080 451946 144544 678030 355640 583500 457671 198027 423617 533972 554498 282706 266089 311016 413642 286832 648816 409044 374876 458957 420377 370815 129982 88176 476516 289614 255186 407975 234436 88061 531114 589638 214411 425884 369446 208965 324443 344576 515294 322676 164363 412027 75332 408708 399753 264602 473797 218455 433392 520370 99696 226334 271618 629482 206827 457183 242699 256140 420023 626456 158160 247581 487944 662766 192118 474145 205205 585480 203142 576722 283604 407670 579636 467262 227702 448280 429446
837494 527170 999698 767924 1091273 940349 399629 545011 430420 503462 792376 791408 998361 470907 899179 637099 615459 999999999 284590 587975 907502 475915 580946 807300 404966 519792 118419 865379 58711 190438 628196 916122 731945 193030 747416 452157 321942 616940 375094 166586 1021172 948409 541185 205983 985052 497189 533153 375566 476132 637947 526781 381722 614824 166195 26200 615226 826331 621626 651958 310233 449819 619870 766340 503459 946434 553422 352810 601774 851614 142906 795453 984365 720388 666013 542898 882614 854218 811956 655922 823403 385346 626652 180878 461681 514315 366651 52945 751156 1088485 811304 216957 412649 653249 754091 933915 788226 372522 650339 917870 190794
578248 252047 796190 496545 917668 688638 176613 272709 534841 248826 790025 541578 808013 193534 766671 357737 435277 284590 999999999 390781 684374 586430 313281 566389 128775 403672 284258 761319 294758 103827 533861 648458 450059 376386 485404 408018 142348 626835 148455 231796 807440 807115 260671 236473 777962 305502 347534 472016 447398 567956 555573 253612 472770 334708 262217 531136 547570 609378 398940 270822 169594 342883 497998 397065 831427 399389 68231 608988 621796 181916 648525 730111 437964 449881 474673 703174 885462 598598 675296 592219 180946 342061 414909 283317 459459 471669 308934 517486 878875 598975 154186 271144 384339 492733 673962 507241 103949 564594 645525 149093
310053 432022 414040 304499 526924 383053 214370 232119 524206 182136 552064 247341 419682 405080 391725 288270 54235 587975 390781 999999999 321316 561579 210043 243169 400158 163494 643318 409865 560141 421670 242996 403938 483883 543355 250764 279653 274307 449024 242843 609938 433297 425386 404731 400306 398191 91413 56251 484206 308910 299082 433796 213325 135306 516691 561883 256891 390300 407018 166276 311196 291620 461716 289118 180535 465451 92722 359940 434091 270776 445205 270688 428846 470096 85690 256529 312407 674110 224179 494520 245152 215420 367721 613788 126369 272714 494608 633394 182372 501430 223416 542982 182211 523225 252942 395557 531031 416778 274247 424719 398853
201109 629519 134883 301322 302020 147662 517507 441129 803159 438117 683141 178556 178071 629491 336894 417818 306397 907502 684374 321316 999999999 830439 398060 135268 652262 443871 954908 417023 881284 733794 433825 250995 566316 860534 258234 563801 588432 656525 545393 913827 126793 325683 595075 721450 111979 410701 377399 775583 579499 482740 679612 534275 353992 836012 881326 456838 354151 607990 299001 629421 541983 611787 282338 464491 412696 380614 637115 647493 66477 764602 278521 177245 557416 241620 502210 172173 807656 99596 688825 95328 526002 505958 932135 447226 530996 787857 951417 168541 199429 101399 838306 502962 663056 251241 197690 586558 679039 447692 290826 717181
871087 811361 861222 858238 877974 931768 535259 697642 51625 628155 373280 807321 832672 755810 646385 792017 544822 475915 586430 561579 830439 999999999 707242 795888 702277 400928 594048 573260 417331 503071 403340 965213 964243 283920 809396 281969 482587 227813 535472 628160 901600 700567 804841 353904 856909 514651 517463 114658 255242 367412 158899 411712 478003 310961 466633 380215 941266 265000 714926 330894 663919 887965 845433 382111 655266 472634 628308 223733 802467 434891 594458 976457 949956 641446 328254 718777 397103 735161 239328 784140 508488 836395 324996 484471 300479 117129 522243 736728 949336 732462 637646 427002 942442 812443 952428 1020977 686913 399912 986172 444524
265511 240802 524837 187028 671987 378042 195086 43827 662095 84753 757425 235058 550554 232273 583216 86051 262611 580946 313281 210043 398060 707242 999999999 267518 255874 346336 597287 613830 573511 391056 449553 336369 277241 605598 172415 437280 274029 638778 212344 543625 524833 608057 208753 444895 503748 200873 217526 609825 475059 503813 605685 298386 344702 569250 555756 460896 252506 601356 99206 395017 150238 254161 185899 356669 661476 288537 253835 622355 331858 447742 464665 418151 263094 207007 445187 468219 876852 331316 686834 302733 218751 157693 665511 224570 452353 616714 614325 231696 597483 333037 460199 280303 315113 179881 360805 328062 285001 481738 336944 399034
95675 494849 268982 173530 431327 139940 409047 311201 761857 317580 712299 46021 306170 496899 416335 282561 251080 807300 566389 243169 135268 795888 267518 999999999 523298 395409 844056 480555 787086 625878 425893 181957 436633 783333 124371 516534 485359 651789 435481 797906 260804 420191 460290 634046 246420 321305 297180 725272 540657 481454 656417 450618 324835 754468 781155 446805 240458 604834 170216 551643 415164 476868 153271 414887 497311 324509 514318 639746 69935 665532 324487 185747 426906 157839 474001 260776 838731 112517 691002 47089 421955 370844 852369 359285 497564 736156 847990 60797 332963 116165 718829 420732 528954 117859 157021 461644 551662 448237 214256 616743
514602 123739 775459 419336 913617 629784 212691 212112 651075 223809 870149 490410 796171 66040 791298 271499 451946 404966 128775 400158 652262 702277 255874 523298 999999999 460917 381281 800721 421030 232389 589683 571861 327305 504787 422437 494334 226626 716692 194032 315280 778736 825464 136473 359981 755172 332021 371401 589077 535417 632142 654065 329173 509390 463166 384565 591722 455319 692894 353738 375587 112283 215673 425457 459688 862916 436755 73972 698783 586514 310691 670368 667430 316115 437617 546153 702491 974170 578348 766184 557093 231559 231800 543447 323706 537352 590145 421786 484202 851358 579527 226633 336167 255564 430246 606378 383283 35269 622225 562306 276079
470687 528471 503684 467167 574231 532671 248228 353562 366554 286773 418790 406590 491379 487394 381529 431369 144544 519792 403672 163494 443871 400928 346336 395409 460917 999999999 600447 361162 479069 392601 130522 564909 622842 428236 414222 121692 262116 292782 268890 585520 535173 429285 508216 314794 493509 148331 130437 332999 146280 171646 270455 154251 98921 410566 495342 130808 552559 255184 326230 210964 371778 578907 452298 20638 436420 71934 400221 276686 407307 386027 275823 577852 608557 240598 98852 372606 533679 344943 340539 386597 231186 498575 501371 140219 109821 344814 570688 335900 594675 342784 537826 132588 639982 416436 551628 674397 465655 162181 587288 349695
861590 494507 1057227 780683 1161725 970479 437466 556967 548036 528755 902568 822325 1061591 443788 981946 639909 678030 118419 284258 643318 954908 594048 597287 844056 381281 600447 999999999 955774 176749 221809 717617 932714 703676 311448 769032 548505 369038 727106 409838 74401 1074002 1028931 515197 299200 1040845 552115 591572 492023 576605 733464 638286 451887 690405 283539 128859 706942 829136 728369 679886 399034 452920 585928 782254 586268 1034666 623558 348149 711335 895073 215418 872577 1012703 693662 714552 636676 949275 968937 863492 767853 865916 429751 612678 293840 520106 610350 483642 80887 791728 1143659 863320 158257 480782 609395 776265 957600 757013 346166 742353 929345 251702
575893 841864 366875 637758 318203 562740 594050 640835 570270 591156 292722 520283 317545 812959 92404 681672 355640 865379 761319 409865 417023 573260 613830 480555 800721 361162 955774 999999999 817812 753329 238164 653019 873113 735647 578194 414523 621658 348521 618883 945460 416800 138545 814456 660271 374789 468754 429592 575540 397416 231765 418377 515410 291719 730887 842676 250156 716320 308261 541109 557371 697395 867978 617276 372234 84282 365193 748987 349995 436220 740366 158242 594221 860423 414113 322921 246167 407360 369579 356078 439689 582660 768634 806168 481367 353042 589870 917861 451632 435878 365800 898898 492393 928897 575218 608369 912200 811799 215148 689861 707983
823469 544679 967987 760149 1052872 922653 384819 540385 371711 492771 735828 774274 963811 486898 855259 635693 583500 58711 294758 560141 881284 417331 573511 787086 421030 479069 176749 817812 999999999 192733 581990 905351 744767 135161 735360 403402 304813 560577 362756 218899 991726 905452 555289 164837 954267 470854 504376 317024 424958 588567 469963 349155 575976 107546 52879 567897 823056 566792 637661 268108 451668 636628 756994 461721 899721 518061 361641 545695 827705 125769 754735 967339 732571 640920 494892 846799 796023 784186 598786 800153 367368 633674 133580 434061 465283 307994 108595 729421 1057634 783293 256313 380553 674342 741694 919488 801999 390862 602690 909647 174705
650209 355849 835465 577879 942594 755696 217166 354618 451622 315432 743615 606809 840516 297360 771153 446936 457671 190438 103827 421670 733794 503071 391056 625878 232389 392601 221809 753329 192733 999999999 517408 726908 552608 274725 559141 365970 147377 573239 190400 193719 852291 816003 364085 149395 819037 330620 370547 388641 401411 542253 493944 239078 476507 233011 165914 510247 635963 562928 465603 215260 260472 446655 576769 381150 828942 406911 169230 555850 674757 79061 658102 798991 540249 492994 445337 729266 829243 641783 619654 645808 208062 441038 311101 299511 424104 386277 224066 572054 921858 641580 151875 265472 487846 565998 746672 610081 205395 545296 727825 59675
514534 650826 458098 536683 492213 550733 377314 464651 383624 402608 309068 449767 432014 612872 275792 530565 198027 628196 533861 242996 433825 403340 449553 425893 589683 130522 717617 238164 581990 517408 999999999 606637 725846 508892 478517 181348 391920 226490 398911 708426 498298 328190 628258 422615 453571 265728 235449 370618 173859 57369 247641 282266 109990 499727 605150 23260 622585 179032 406617 319326 496373 694262 518935 137434 318251 162827 530367 215547 415834 502216 195028 592996 711902 293268 90914 316108 431658 344274 265224 402961 361316 606475 581231 266388 123753 384499 680473 373687 546836 341104 665190 262734 755857 478740 580823 773853 595556 33053 635360 470477
94235 504337 370461 152987 540748 113907 520817 375757 928120 413001 893866 158916 422739 526912 580734 300464 423617 916122 648458 403938 250995 965213 336369 181957 571861 564909 932714 653019 905351 726908 606637 999999999 371985 922066 170442 683469 601169 831716 542711 876477 338594 574977 470450 765126 348385 465711 451859 886775 711188 662664 831587 592812 503014 889177 890654 627081 140826 785235 270252 695607 480735 453934 150562 583241 659374 492983 586039 819160 216939 779985 500711 122207 367603 324651 649666 417153 1020285 284945 871860 215190 540121 362773 987155 502350 671042 896620 950544 233611 397193 288739 790764 565825 490532 164604 60718 374179 605288 629756 40223 730770
369772 209198 700961 264995 867236 472786 429325 271896 916153 341844 1034317 390740 742181 261852 829078 195649 533972 731945 450059 483883 566316 964243 277241 436633 327305 622842 703676 873113 744767 552608 725846 371985 999999999 814022 313536 706604 491472 914444 432343 633576 682800 844122 190845 657383 677935 475602 494734 859065 745969 780664 876244 553415 619184 773505 710955 737820 231406 878025 332210 637125 307804 119880 284247 632191 910075 565676 383381 897742 505327 627464 717340 492905 14422 459268 721605 689646 1154087 539022 962913 483373 456132 128065 861039 494333 727109 863725 748744 436556 750280 542009 545728 542297 127216 319353 427712 58205 360899 757685 342975 585932
833975 626783 931355 786321 996527 922685 410540 579796 240500 521037 619521 778336 919400 568067 784503 678770 554498 193030 376386 543355 860534 283920 605598 783333 504787 428236 311448 735647 135161 274725 508892 922066 814022 999999999 752315 328123 333164 446760 395840 352336 960893 837082 631035 160999 920323 462363 487547 191159 338606 503913 355003 332843 527034 41725 186762 491248 857966 460329 652003 232168 508223 715249 779684 408461 819461 481928 436148 433545 813848 195720 695505 968350 800808 628503 418166 800464 670134 761126 480400 788507 387225 693963 73225 424432 385837 180155 238326 723159 1022274 759613 378456 362622 760022 757710 927422 872182 479661 523986 932132 229676
93148 378537 392787 60120 555623 207354 350620 214799 769673 243971 781526 79678 430477 387528 523944 163634 282706 747416 485404 250764 258234 809396 172415 124371 422437 414222 769032 578194 735360 559141 478517 170442 313536 752315 999999999 527856 430907 696158 373035 716034 381317 534227 343663 594847 370051 300309 291978 725059 559014 535878 684555 424952 369255 719030 721780 496311 144447 652151 100383 527537 321832 353847 40696 430827 605452 343282 426140 681986 194156 610197 419964 246087 303352 185271 506116 377404 906916 226355 739884 170399 369688 248639 816932 335784 523429 734203 783163 127577 452363 229497 632452 399097 404886 7873 188580 342053 453683 506027 180899 560930
589429 582951 615602 577841 669245 654234 292383 434892 245401 364786 382086 525983 597893 534083 457120 523285 266089 452157 408018 279653 563801 281969 437280 516534 494334 121692 548505 414523 403402 365970 181348 683469 706604 328123 527856 999999999 270696 222364 303241 548269 650013 509274 568639 249493 607171 238186 236344 211858 41306 185835 169689 165924 211691 318419 430294 165246 661819 201375 434804 152417 425843 646561 564424 101735 496902 192053 424626 204462 528822 335418 368492 699474 692182 360507 91786 479060 480204 465445 271905 508287 268073 579100 400834 213113 62180 224057 504936 456659 706377 463151 517780 167005 705518 530747 672283 761145 490346 199572 704204 311859
518657 328971 688196 458428 796372 618982 80401 246646 432340 190513 651206 470220 693241 274426 631902 345614 311016 321942 142348 274307 588432 482587 274029 485359 226626 262116 369038 621658 304813 147377 391920 601169 491472 333164 430907 270696 999999999 492331 62679 337909 705651 674739 322607 172194 671926 183260 223459 372277 311224 425643 427502 111380 336554 295757 295803 388833 526427 471515 332852 151919 184389 406372 453952 254862 693761 264593 154728 474405 530816 180750 516143 663332 477615 347003 332856 582599 750722 495223 541535 502275 63403 366675 391525 153066 318987 375436 363543 429488 774879 494920 279197 129588 459923 437128 614710 549461 219906 422419 606962 131618
738845 803455 663895 752325 660202 777087 512991 643483 234839 574775 175523 673832 628399 755757 427021 724065 413642 616940 626835 449024 656525 227813 638778 651789 716692 292782 727106 348521 560577 573239 226490 831716 914444 446760 696158 222364 492331 999999999 525215 741093 708331 480405 787571 436610 663128 438844 423058 259878 181308 173912 91757 388060 329322 456851 599994 205027 838419 48583 615124 359530 645702 863255 735835 282284 429063 357363 646700 17927 641911 527473 394370 819062 900098 512717 194227 521557 258685 569892 49700 629444 489465 788865 507862 422472 187815 273176 668913 598195 748036 566629 723914 386190 923209 697213 807193 966718 712219 208893 859260 515218
462462 281440 651988 397909 769728 565947 28584 183993 486148 130063 676236 416968 661499 230929 619914 282935 286832 375094 148455 242843 545393 535472 212344 435481 194032 268890 409838 618883 362756 190400 398911 542711 432343 395840 373035 303241 62679 525215 999999999 369733 665925 659394 270776 234873 634512 157174 199211 427622 344539 439177 467672 137331 328000 358309 349257 399474 464417 499697 276864 205472 128517 352843 394285 266362 686495 254257 131485 507373 485235 237275 501007 609620 418319 306432 352136 555200 781575 455757 574872 456099 37785 306312 453723 137646 343684 431765 413316 382035 736494 455844 300178 142140 408798 379535 558853 490073 196769 430984 547073 188086
809083 424463 1021614 723707 1134231 920210 398165 501889 579788 480473 915441 773363 1029620 375735 964824 580027 648816 166586 231796 609938 913827 628160 543625 797906 315280 585520 74401 945460 218899 193719 708426 876477 633576 352336 716034 548269 337909 741093 369733 999999999 1035435 1009707 446744 304888 1004240 520053 560977 520548 580113 729841 655199 432589 670219 318749 166130 699964 767931 737489 630734 395958 395798 515036 726612 573317 1021930 600348 290536 724544 852162 214509 851724 961368 623968 676127 632529 920272 989871 825443 784393 822688 394519 547040 347453 490975 608774 513823 145802 748032 1106185 825559 88741 459189 536564 723467 904365 686086 280013 735264 871004 238272
313092 755643 50325 419286 205320 224695 637678 567845 879803 562961 704032 302095 106138 756264 325869 542938 409044 1021172 807440 433297 126793 901600 524833 260804 778736 535173 1074002 416800 991726 852291 498298 338594 682800 960893 381317 650013 705651 708331 665925 1035435 999999999 295156 721094 829297 45204 524472 488080 859136 659561 539119 745385 642675 438687 939296 995108 521476 461227 660170 425737 732959 668120 735056 401552 555623 386987 479257 762005 702049 193183 878474 314064 230600 674828 359632 577737 186942 823165 210511 733841 222105 644255 629916 1033503 559497 608989 872180 1066657 294599 72659 210736 961594 611243 784651 373996 278426 698199 805162 504726 378326 832091
510553 846704 244983 590479 180586 472890 632131 641992 692713 604568 430069 464658 190298 826662 54362 662993 374876 948409 807115 425386 325683 700567 608057 420191 825464 429285 1028931 138545 905452 816003 328190 574977 844122 837082 534227 509274 674739 480405 659394 1009707 295156 999999999 816085 742658 257620 502505 460604 690887 500560 341309 542813 577910 339505 827221 924256 346425 660549 437170 521246 638338 715921 858078 569727 444998 91864 410163 783525 479896 362336 815173 158720 497384 832680 401064 418997 159862 540818 309035 492039 374340 626261 753627 909388 524231 451585 705126 999684 407965 303478 305650 953633 550546 916792 529621 523336 876137 841918 315457 614139 777410
429320 34893 726242 324044 878483 545060 276751 174677 754837 226429 926902 420389 755707 71500 789542 180090 458957 541185 260671 404731 595075 804841 208753 460290 136473 508216 515197 814456 555289 364085 628258 470450 190845 631035 343663 568639 322607 787571 270776 446744 721094 816085 999999999 478664 704379 362758 394172 694868 609720 677712 736170 404939 532580 589876 520404 635160 341368 757298 303431 473951 143210 84695 335222 512380 866586 466206 195658 770010 528727 440542 669788 577615 179680 415174 602909 676800 1039277 537218 837184 500950 302222 109189 674386 368813 601098 697819 558126 434625 793179 539202 358192 401942 138022 351430 513267 247136 170358 661293 454383 401463
678803 478018 804373 626818 888159 772025 249812 418804 302383 360487 610604 625453 799238 419834 693234 517808 420377 205983 236473 400306 721450 353904 444895 634046 359981 314794 299200 660271 164837 149395 422615 765126 657383 160999 594847 249493 172194 436610 234873 304888 829297 742658 478664 999999999 791118 313569 344107 239355 277684 434955 352408 187209 411237 124619 182551 410290 697367 432775 494901 104323 350025 563346 620866 297936 740849 353582 287653 419896 670233 90878 590613 817361 643894 483245 338742 682039 688272 623345 480780 643498 227072 535308 222127 275859 311510 237419 257941 574914 894355 622265 291848 218593 611680 600527 773451 715585 339724 445565 773696 90641
310668 738590 23060 413001 193335 236099 606079 546016 835543 536319 660368 290395 76131 735974 284821 528449 370815 985052 777962 398191 111979 856909 503748 246420 755172 493509 1040845 374789 954267 819037 453571 348385 677935 920323 370051 607171 671926 663128 634512 1004240 45204 257620 704379 791118 999999999 489600 452059 815632 615887 494006 700479 605124 396301 899527 959072 476721 462454 614966 404619 693602 643676 723284 394187 513855 349358 439455 734903 656854 176616 842643 268875 250075 669182 328310 533724 141787 780223 179398 688733 203514 611331 617238 993114 523782 565172 828763 1031251 272061 103439 178989 932120 573751 774929 363122 289957 696973 780422 459657 388584 796844
374602 385121 505418 345011 614723 460362 129639 205316 472410 138716 566109 316638 510036 348683 464034 286808 129982 497189 305502 91413 410701 514651 200873 321305 332021 148331 552115 468754 470854 330620 265728 465711 475602 462363 300309 238186 183260 438844 157174 520053 524472 502505 362758 313569 489600 999999999 42038 425437 274842 315135 405311 129527 177414 433168 471055 272464 426881 403025 202090 231618 231982 431215 333662 156602 532717 105665 282367 422182 357138 354316 344400 506001 461259 170146 246500 400422 681976 314792 487357 330057 126270 350512 531071 37982 251737 434235 542194 261621 592818 314190 455538 100620 492504 304472 466157 528130 343603 298782 480817 307624
358863 418329 467226 341536 573394 437094 171615 229391 477877 167807 540909 297906 470042 384803 422566 301702 88176 533153 347534 56251 377399 517463 217526 297180 371401 130437 591572 429592 504376 370547 235449 451859 494734 487547 291978 236344 223459 423058 199211 560977 488080 460604 394172 344107 452059 42038 999999999 434946 269375 287793 397967 157077 139802 460547 507124 244798 425844 384342 198724 255391 268471 458817 328120 143473 492046 72623 323677 407078 326935 390605 302658 482898 480554 140965 228866 359295 659461 279813 470475 301069 167973 372525 557756 71816 239318 444767 579207 236526 555456 278921 497324 125969 520421 295182 447176 545255 384176 268295 470116 344915
793518 700017 822808 770320 861464 864019 429921 596503 63058 528207 429794 731491 801079 643819 636745 693042 476516 375566 472016 484206 775583 114658 609825 725272 589077 332999 492023 575540 317024 388641 370618 886775 859065 191159 725059 211858 372277 259878 427622 520548 859136 690887 694868 239355 815632 425437 434946 999999999 199937 349594 169126 311490 422556 209530 363277 349212 851113 280247 627527 222163 555450 778606 759079 312638 659732 401534 515166 248361 740287 321777 565538 909494 844896 567890 283334 683381 479791 677303 290303 719183 403140 731819 248279 392058 251016 14330 424826 664838 913037 675006 525239 331001 831948 728828 879596 916372 572947 376669 904640 329941
616967 624204 622888 610488 666028 676696 333606 474102 223853 404146 343570 552829 601538 575388 447300 561111 289614 476132 447398 308910 579499 255242 475059 540657 535417 146280 576605 397416 424958 401411 173859 711188 745969 338606 559014 41306 311224 181308 344539 580113 659561 500560 609720 277684 615887 274842 269375 199937 999999999 165723 130642 207215 225513 333789 455386 154233 695151 162476 468053 186305 467010 687353 596389 128377 481010 218208 465437 163389 548401 366038 367381 721514 731550 386808 84027 483576 439498 482544 230767 529369 309365 618707 409939 251796 51228 213323 529074 481619 713102 480016 553262 207892 746463 561535 697270 800149 531040 185743 733363 345822
570963 699051 496535 594048 513918 604015 419510 517113 353787 453369 253653 506331 465625 658908 287151 585747 255186 637947 567956 299082 482740 367412 503813 481454 632142 171646 733464 231765 588567 542253 57369 662664 780664 503913 535878 185835 425643 173912 439177 729841 539119 341309 677712 434955 494006 315135 287793 349594 165723 999999999 208744 314358 167228 499438 616126 42997 679954 125522 463485 334977 543019 745769 576302 172880 315566 215542 569911 164888 468536 519185 227699 645596 766640 350621 97313 353643 375049 396262 209781 456969 401392 660081 574652 311544 123655 363845 690750 430161 583277 392961 692481 298989 807231 536080 635547 829329 635746 35069 691866 491746
737485 748953 704043 737563 719455 788637 459419 604459 152138 534404 265975 672677 674310 698167 488518 691736 407975 526781 555573 433796 679612 158899 605685 656417 654065 270455 638286 418377 469963 493944 247641 831587 876244 355003 684555 169689 427502 91757 467672 655199 745385 542813 736170 352408 700479 405311 397967 169126 130642 208744 999999999 331328 332536 365542 510508 224382 822801 113191 596045 284901 593011 815164 722750 254862 501564 341366 582000 79265 656309 443097 436210 832413 861823 507278 182416 561310 335959 586817 129601 640164 434179 748785 416517 382321 161231 182752 578459 599202 791546 583898 642800 335973 873589 686627 813413 930629 646257 241754 855789 434902
502877 417821 619013 464898 711427 589851 128268 286050 364993 217002 542118 445903 616638 368230 532320 381676 234436 381722 253612 213325 534275 411712 298386 450618 329173 154251 451887 515410 349155 239078 282266 592812 553415 332843 424952 165924 111380 388060 137331 432589 642675 577910 404939 187209 605124 129527 157077 311490 207215 314358 331328 999999999 238682 304164 356104 278087 542922 363822 324904 102804 261739 484755 455662 144832 590062 172491 261071 370194 483802 241472 420834 635509 539066 297138 221626 501179 645034 436147 437683 457529 102857 425376 401850 91636 209144 318342 430067 390642 708507 435086 383623 31442 542570 429730 595286 609726 327206 312089 605836 200236
409745 557581 405727 427043 476924 456132 302619 363660 449263 306298 418107 344689 392467 524589 295396 423557 88061 614824 472770 135306 353992 478003 344702 324835 509390 98921 690405 291719 575976 476507 109990 503014 619184 527034 369255 211691 336554 329322 328000 670219 438687 339505 532580 411237 396301 177414 139802 422556 225513 167228 332536 238682 999999999 509439 589925 127056 513043 283877 296880 308294 408172 594028 409529 118585 358745 73746 457444 316307 324731 478088 182177 500081 605403 184312 150725 273687 541442 257322 371398 307705 292493 502345 600199 190367 177601 435176 664949 269416 496709 254710 615746 211042 655679 369734 481564 666012 520080 139830 529984 438704
802151 585301 911355 751434 982774 893273 374228 542267 264496 484968 631464 747728 901700 526580 775406 640996 531114 166195 334708 516691 836012 310961 569250 754468 463166 410566 283539 730887 107546 233011 499727 889177 773505 41725 719030 318419 295757 456851 358309 318749 939296 827221 589876 124619 899527 433168 460547 209530 333789 499438 365542 304164 509439 999999999 155673 483391 821755 466194 618927 206712 468386 673995 745400 391423 814107 460119 394791 442587 787466 154025 682047 938802 760366 601170 409883 783092 688876 736955 493492 761517 351687 654144 98185 395192 378427 200457 215403 694701 1002066 735602 339830 334746 718470 724619 896311 831633 437943 517121 898171 188417
811703 507407 973783 742771 1066147 914322 373641 520180 419883 477862 775516 765395 972716 450597 875293 612840 589638 26200 262217 561883 881326 466633 555756 781155 384565 495342 128859 842676 52879 165914 605150 890654 710955 186762 721780 430294 295803 599994 349257 166130 995108 924256 520404 182551 959072 471055 507124 363277 455386 616126 510508 356104 589925 155673 999999999 592588 801848 603149 626105 286497 425984 599964 740996 479258 923393 528008 330313 584520 825414 116747 770836 958381 699214 639827 520594 857144 840198 785833 639956 797204 359205 604098 184847 435612 492474 355096 75473 724972 1062500 785191 206103 386950 634806 728425 908107 767539 352768 627793 892700 164600
534596 656789 481111 554002 512712 572755 379035 474129 360992 410540 296531 469697 454504 617257 293393 543015 214411 615226 531136 256891 456838 380215 460896 446805 591722 130808 706942 250156 567897 510247 23260 627081 737820 491248 496311 165246 388833 205027 399474 699964 521476 346425 635160 410290 476721 272464 244798 349212 154233 42997 224382 278087 127056 483391 592588 999999999 640039 158154 421917 307971 501142 702879 536569 134239 331862 172557 530623 193535 438107 491766 217035 615232 723780 311309 73520 338972 417312 366787 245096 424765 361718 617095 563241 269918 105411 363178 667731 393783 569696 363652 659260 260722 764361 496773 602193 786668 596229 35418 655283 461717
