NAME : synthetic_000370
TYPE : CTSP-D
DIMENSION : 100
GROUPS : 8
RELAXATION_LEVEL : 1
EDGE_WEIGHT_TYPE : EXPLICIT
EDGE_WEIGHT_FORMAT : FULL_MATRIX
EDGE_WEIGHT_SECTION
999999999 267563 891021 727408 407910 556927 635670 438116 366435 140983 645568 908177 794284 265318 690451 859508 545627 528301 661921 399077 688940 726114 332897 920139 125696 745067 571195 759092 649569 473565 778891 719161 184045 1024645 874420 468186 894512 937941 132245 309785 1030222 153798 522782 745224 196619 992191 602884 402487 824533 804593 742386 417863 571742 951006 672858 453161 991887 795092 793653 324654 505719 850931 883665 539892 722058 540840 467887 620388 387712 645955 852205 421353 259998 706964 806631 732450 1063121 961476 623755 817712 471904 892019 948773 723872 360243 504831 904700 1000909 155321 629710 330155 421653 341533 548524 804247 505228 512002 537603 609116 1005911
267563 999999999 734469 477764 271138 353793 377845 408209 197044 363634 532890 669737 544841 50334 439611 600732 325665 455024 457332 301131 429616 469761 65345 653259 241455 624186 317968 510443 386111 215092 552832 548366 371860 766399 714366 291248 633228 698108 302068 212175 762728 260328 441378 480081 413783 724942 414238 211159 615786 585117 475639 349102 453340 691785 460352 213738 741583 583872 619865 195351 434719 590465 626906 371353 558815 396384 244291 394474 336327 384332 603976 292024 68445 594175 586017 465142 797771 704738 462833 574944 210779 631235 681648 553290 381574 368727 764239 738451 214418 552056 244306 255441 121796 367770 543035 249301 472106 275622 448688 738578
891021 734469 999999999 447190 966696 942394 519602 496463 546114 867398 261757 374421 438750 782022 462265 863893 430382 392766 303672 1012639 786652 492897 705193 670302 943840 173915 516108 886674 738199 745928 313495 187238 822741 571217 22619 943760 558031 389716 802791 582710 791295 971344 389622 584873 873534 718917 1004892 523965 224694 276726 617926 483534 323228 551775 316596 543450 482897 244770 123553 914847 411667 843008 506571 364408 175700 1051951 501507 390693 516948 754873 432040 987260 684653 214051 1041444 636586 694941 529241 273448 950343 732565 551262 692414 1133236 590193 1039436 63235 900179 930898 319868 560867 485296 809932 987248 538826 761691 441389 577300 1071410 791880
727408 477764 447190 999999999 617326 540008 109462 548016 384356 777739 440653 199557 67191 507781 38368 419310 205570 492110 193143 671606 345716 45740 419492 271734 719146 462815 159879 441429 303241 372559 137537 308746 758283 302787 425095 570316 190249 225097 704526 467028 406388 736619 474859 138640 811554 340918 595277 343318 231254 178760 171045 483188 407998 233801 166603 274316 264791 204579 332663 596585 491113 398584 162575 303062 332470 665623 266366 143128 506806 321019 126212 634684 467675 465662 598176 189397 372378 238024 315032 503530 361691 185326 301147 709620 606656 663192 505141 477324 690271 517535 470983 353400 490232 591216 117412 373276 552213 211468 667552 395842
407910 271138 966696 617326 999999999 172813 508105 678989 460164 544725 792198 816090 677241 223303 581162 539447 536979 724273 668670 56049 392272 590593 270770 691505 296620 877763 474590 418166 381911 244903 729523 780045 575361 852654 945129 77565 716016 839698 507220 483237 764098 284114 709904 556217 600864 750682 201459 463498 810001 768360 535689 620078 713885 779180 663128 423373 855520 777484 845528 87336 704521 538595 729162 616994 794690 135548 466245 588531 607313 368628 733824 21285 339352 851513 417729 516317 842963 800885 705718 458640 255645 716606 713251 316003 645821 102092 1004699 687014 258130 818974 515407 513230 161160 146602 635163 249818 743213 412684 201448 735660
556927 353793 942394 540008 172813 999999999 437837 744645 503832 685792 809670 729582 590433 320021 508769 374279 519496 767893 638805 218274 246829 504288 320183 554430 457847 883044 426864 250116 255689 201722 668396 762422 707934 730841 919951 96072 598707 749096 637520 552042 610224 449940 751329 447752 740863 605985 65917 492778 757448 709660 420750 677321 736646 660986 626585 422305 748058 726172 818842 237045 751147 375967 621414 624333 780828 132549 467026 551801 672733 238802 641642 173410 417616 863592 250726 398867 702967 686209 704235 286118 215187 600594 572370 207077 731703 144347 988668 520519 417911 852063 582146 544119 234361 53788 528234 181035 799344 365104 129422 581183
635670 377845 519602 109462 508105 437837 999999999 516202 315945 698375 457856 308955 172759 404067 73199 381421 167483 479878 227688 562241 269797 92015 316794 305795 617949 501375 67842 373888 219020 263560 230560 356174 684764 389344 497002 462675 259525 334015 626145 400763 434894 633831 461677 129061 736619 379954 495891 276045 320541 271883 145706 445930 407882 315367 207446 190018 365472 289983 398073 487548 473867 362149 249142 289183 378364 560486 197329 144580 463863 235407 231624 525644 376257 495316 524392 152149 434616 327030 331979 441907 252470 256703 336395 617088 560423 556414 572591 470855 587431 526175 411160 300108 381784 487702 169786 266076 534905 104424 566665 417728
438116 408209 496463 548016 678989 744645 516202 999999999 245012 380468 234748 657406 599130 455780 525310 878676 350936 103804 383721 704676 726991 574519 425584 813507 527718 329650 456211 830010 671129 559211 517694 365650 331020 833993 485113 696022 737738 687181 324705 196241 946724 559178 107976 644178 379484 885762 809152 268371 516407 522750 661625 72742 185004 774274 407828 363313 769580 497258 431407 599268 85298 861840 703583 247258 356952 803741 331709 404907 72311 679335 641860 699677 339790 288662 945897 665588 919368 770507 280301 901422 547885 732485 843929 950720 94001 776856 493932 984711 530750 196148 164445 225098 526629 768152 661844 591743 74024 475466 852301 931765
366435 197044 546114 384356 460164 503832 315945 245012 999999999 395181 335868 548812 448158 247218 351351 647070 185110 266696 295502 495562 488183 395311 191703 621516 399554 427606 248559 588789 433447 314382 415051 363785 373927 687121 527091 464240 568368 579131 321791 84818 748532 426062 251263 443058 427254 695741 569159 41052 458177 438846 452825 174687 256377 617485 306807 132261 642065 428659 437609 390688 248538 631697 546691 182252 371080 574829 119689 259780 175911 439959 502765 481429 139393 397147 700999 451659 748028 622296 272666 659744 302927 564484 652054 710805 258104 551650 571528 764283 384889 358899 99061 60835 300082 531441 481778 346739 295568 247529 617253 729543
140983 363634 867398 777739 544725 685792 698375 380468 395181 999999999 609369 942582 842579 376562 743208 964302 580107 481575 678603 538963 793226 784330 425549 996659 266172 707380 630983 872193 748727 578493 806131 711298 56868 1080223 853454 600799 956883 973046 73390 318163 1114865 292829 480859 817970 56189 1070328 735465 435757 837070 825792 820302 384025 544454 1009095 694392 508646 1037225 810458 784147 459468 460325 953767 939113 543330 709519 678973 511381 654359 350490 747655 897799 559233 331650 666976 932803 813536 1132707 1015652 615871 934522 574413 953551 1026407 860471 289327 643348 871291 1100765 296119 576406 325858 438483 459883 681867 867951 612294 449988 609440 746162 1092407
645568 532890 261757 440653 792198 809670 457856 234748 335868 609369 999999999 484870 470755 583086 433377 838955 304953 131010 247613 830268 717188 480059 521428 710083 713450 99535 420609 823858 661732 608368 358179 162382 562887 680536 251017 787052 613459 511665 547488 347317 843941 743040 128773 568044 612889 775368 875413 328712 323220 347276 594702 228822 79690 634129 274446 387396 603397 314308 211038 726063 150295 819398 569337 186301 144643 898517 342814 314927 261024 674964 496795 813466 472381 62565 963927 606299 785452 622395 127037 894252 595051 607179 738373 1014070 328589 878831 262069 915790 706695 82419 320288 279340 631047 845776 556947 633478 182414 467179 932550 835383
908177 669737 374421 199557 816090 729582 308955 657406 548812 942582 484870 999999999 139809 702984 237094 535209 364152 577556 275182 870659 512445 226911 614389 308399 910804 464425 355381 592827 480590 571187 140561 323292 915901 201684 356942 766723 195549 30575 869362 624726 419910 929944 563397 288939 970090 347854 780829 509377 167411 138218 321065 604557 484874 178025 253726 458934 118853 170623 300231 796038 584072 514793 145294 416336 343718 858274 440291 289166 633961 498598 89985 833107 651748 484083 750577 343691 321375 154838 382406 644019 560635 189172 326171 884789 732696 858147 437646 541042 883818 567270 621111 504698 689359 782089 214635 569864 640211 410462 854427 423370
794284 544841 438750 67191 677241 590433 172759 599130 448158 842579 470755 139809 999999999 574354 105231 427676 266081 535790 226445 732086 380033 87127 486205 242614 786176 479562 226884 467739 344152 432423 127511 325004 821808 240186 417663 626997 143159 162461 769268 529788 374504 803444 519246 158020 875331 304881 642740 407234 214598 162026 191717 537055 447797 175416 199502 341126 197689 195006 334032 660024 537003 406772 104452 352006 348638 718652 331423 197360 562404 362194 59290 693997 534674 487948 625982 213450 321425 175277 349436 524673 422193 137099 269404 750466 662572 718339 499695 464661 757077 550646 532071 413961 554538 642720 100077 430241 597287 276573 716041 368332
265318 50334 782022 507781 223303 320021 404067 455780 247218 376562 583086 702984 574354 999999999 469421 594308 367767 504933 500700 251234 423631 495956 88597 666239 215784 674023 348265 496586 384910 208315 590696 595445 391828 789417 761689 249835 654364 730694 321202 260413 770009 229861 491440 497603 429427 736384 377585 259921 657134 624386 489885 398173 503569 714385 502215 253191 769470 624945 666264 145337 484479 585614 651637 419877 606517 351606 287340 434049 384274 380800 633643 243910 116713 644278 559946 477392 813482 729075 511253 558026 207155 652835 693716 514308 424541 322546 812853 735673 183489 602275 292642 305201 86003 328676 564783 239983 520822 299942 406918 744821
690451 439611 462265 38368 581162 508769 73199 525310 351351 743208 433377 237094 105231 469421 999999999 413043 177382 475149 188937 635154 324990 49446 381150 288825 680947 463697 121654 424477 279024 336732 161290 312023 725035 337077 439854 535749 218172 263106 670134 434863 422980 698312 457497 135157 778037 360503 565503 310319 253669 202996 164090 458617 394446 266251 164161 237711 302434 224636 343967 558956 472560 392668 195907 283884 335353 632774 232346 123817 480753 296412 164425 598783 430551 463137 579392 179187 399728 272709 306483 489101 325564 213890 319038 683179 580049 629274 518185 482498 651957 507674 440370 323722 452329 559284 136658 338979 533935 173453 637072 410131
859508 600732 863893 419310 539447 374279 381421 878676 647070 964302 838955 535209 427676 594308 413043 999999999 544274 856127 600924 590032 171163 373910 539312 250432 788598 876422 428287 125284 218095 386779 550429 724993 969000 443259 842212 462751 346699 540881 900706 725381 249998 789473 837805 280714 1013542 269985 384976 614720 641530 588405 249295 806106 788538 393563 576951 517584 496190 619159 751859 580632 847791 20913 391980 668442 748378 493551 546981 524288 817315 217013 450599 544358 639050 873949 243166 234236 370528 424341 712521 128541 390033 352009 252554 422597 905147 514812 923259 147746 749222 907434 745685 653795 521241 420833 329022 354327 907611 403376 450448 221096
545627 325665 430382 205570 536979 519496 167483 350936 185110 580107 304953 364152 266081 367767 177382 544274 999999999 312884 133782 584295 412986 225595 283500 463242 559940 366217 117253 519738 357179 319071 233531 245233 556772 506216 408573 513895 394814 394357 506731 264358 595951 582491 294623 293710 610577 536120 583999 145259 290147 261863 313031 282433 245688 439065 134691 116241 457546 258350 308580 489913 306417 525752 367635 124540 262215 623017 81683 75030 303563 370114 318853 557367 294319 351444 659102 319357 576780 441282 187281 590577 305553 390219 493779 718778 402686 609386 471817 638337 537711 365902 266024 148032 382749 561236 313633 338958 367423 163006 646874 580831
528301 455024 392766 492110 724273 767893 479878 103804 266696 481575 131010 577556 535790 504933 475149 856127 312884 999999999 311433 756130 715961 524452 458223 763074 607336 226348 427841 821795 659476 572352 440875 270783 433568 763116 381734 730932 677906 606444 422459 249521 897634 638066 18324 603065 482798 833026 833605 275369 427382 440152 624709 113592 92853 708336 337590 358273 693143 411572 332438 650267 22662 837949 639326 191940 259381 841418 318590 351380 140852 670054 572539 745438 388901 185595 949510 632001 857064 701313 195150 893417 559861 672177 792878 974927 197760 817695 390629 950339 605450 102587 218461 224450 565675 797501 609008 602032 62687 459942 883590 885278
661921 457332 303672 193143 668670 638805 227688 383721 295502 678603 247613 275182 226445 500700 188937 600924 133782 311433 999999999 716947 497200 233680 417181 462839 687206 275624 213399 601573 445100 442575 134667 128790 647587 452244 281301 641613 369557 305427 606296 361568 597026 711098 295597 324029 701819 529283 701582 261116 162754 147530 352764 329376 221773 397060 27080 250020 385860 133299 180177 623541 314674 580747 328698 141418 150692 748940 213386 87932 358949 460711 261132 688799 420476 274236 751221 366689 546529 389980 123292 669305 429270 363538 491438 831514 457515 737450 350998 669578 667085 325546 353147 242265 516088 683605 309376 458029 373673 273797 767755 587927
399077 301131 1012639 671606 56049 218274 562241 704676 495562 538963 830268 870659 732086 251234 635154 590032 584295 756130 716947 999999999 446450 645605 310647 747048 279892 918124 526742 467302 437526 299673 781819 825572 574242 908702 991306 127694 772057 894542 508397 510782 817872 262149 742499 612201 595065 805668 235119 502453 860950 820235 591738 649075 751276 835219 712467 469381 911286 828381 892360 105927 735713 590039 785014 658785 839436 146652 511211 638380 633928 424008 788926 45748 367729 890477 454115 572354 898417 856876 748587 503826 310025 772635 768544 331980 664899 109894 1048954 737208 244460 852947 543008 550946 202902 182672 691058 305654 771252 465406 217867 789299
688940 429616 786652 345716 392272 246829 269797 726991 488183 793226 717188 512445 380033 423631 324990 171163 412986 715961 497200 446450 999999999 302223 368587 307610 621813 768799 296580 106753 56485 215719 483099 625866 798632 487187 764149 319847 359173 527366 730034 562924 371974 624600 697750 223625 842705 360696 282069 459202 576720 524463 191493 654293 657865 419849 477230 363754 512447 548923 666574 420918 705083 162016 388483 536499 647874 378469 398716 411967 662152 48374 422464 401115 469337 759820 254958 168802 456492 446807 594744 177873 218879 361898 325855 372623 745506 390651 841224 312812 582963 778360 585341 502504 352747 299891 299890 183802 762894 256032 355893 343724
726114 469761 492897 45740 590593 504288 92015 574519 395311 784330 480059 226911 87127 495956 49446 373910 225595 524452 233680 645605 302223 999999999 408801 239391 709965 506124 155056 396445 261898 345954 182309 352691 768022 298551 470818 539872 173129 249272 711563 479494 373539 725765 506835 93205 820624 311243 557698 354444 275955 223093 125334 507480 443134 225460 207835 276202 273897 249913 378273 575448 521982 353228 157649 333303 376327 631902 275681 173073 529157 279844 143403 607179 466260 507567 553578 143715 353243 235549 353516 458025 336001 169447 269634 668846 628177 631277 550877 435961 679368 555385 486359 370618 471106 556297 88079 343159 583350 196068 630637 360849
332897 65345 705193 419492 270770 320183 316794 425584 191703 425549 521428 614389 486205 88597 381150 539312 283500 458223 417181 310647 368587 408801 999999999 588063 301224 607715 259817 453704 323178 157401 502911 517979 430178 703955 684306 272927 569931 642127 361449 231866 697462 317311 442949 415552 474234 659643 383975 192735 571252 537196 410518 360283 443201 629120 417093 167562 681859 538899 587001 209819 439600 528364 565236 348189 530682 383194 205072 347372 353392 322379 545485 292039 104368 580857 539627 399840 733007 642904 438325 520132 151118 568118 616381 525347 412647 360070 739372 675313 270921 550104 262184 242610 109627 342697 479916 192432 483505 213273 427488 673403
920139 653259 670302 271734 691505 554430 305795 813507 621516 996659 710083 308399 242614 666239 288825 250432 463242 763074 462839 747048 307610 239391 588063 999999999 880426 722172 372958 344811 309613 472468 368138 567592 986899 193433 650480 623182 113435 306751 925714 706314 134667 889974 745612 179313 1037717 74250 586723 581808 446829 397600 177763 745674 679729 145845 435839 493009 248605 432751 573680 705058 761137 232731 165000 572482 591243 685945 503118 411976 766134 323144 238264 702702 667215 730079 489599 188847 151681 176784 585804 375219 468236 120070 30653 655973 864188 698041 732845 232705 844877 788316 716912 604475 616451 607466 154334 452415 822457 387226 659344 125782
125696 241455 943840 719146 296620 457847 617949 527718 399554 266172 713450 910804 786176 215784 680947 788598 559940 607336 687206 279892 621813 709965 301224 880426 999999999 811497 559294 679265 589895 413243 791112 763251 309310 1004832 925438 364321 870071 939343 252369 366282 980114 31786 598844 713299 321197 949621 496863 427960 848742 821619 704907 493838 635654 929872 693469 452854 982614 817535 837160 220802 584771 782520 866440 581560 769820 424935 478439 631668 467811 583202 845351 307309 266730 775952 708412 691716 1028567 944067 670937 732188 414982 868483 907395 609873 460879 388347 964893 934055 40156 709921 393452 459808 269732 441876 780373 440404 601295 514465 494949 954087
745067 624186 173915 462815 877763 883044 501375 329650 427606 707380 99535 464425 479562 674023 463697 876422 366217 226348 275624 918124 768799 506124 607715 722172 811497 999999999 475330 874396 714998 681395 355911 154892 659894 665595 168324 867525 617773 487768 646410 445216 853084 840812 226615 598170 709064 782200 948225 415813 297022 334109 627787 328268 175857 628681 299553 462777 582563 298331 165872 815139 247122 856175 569775 261680 131117 978649 417919 357184 360255 729609 494191 898942 565968 41217 1020610 642199 779419 612555 179165 943143 667899 611162 748606 1084474 423596 960929 164299 939442 803715 146012 418934 368825 716865 922071 573832 703784 269755 528489 1008549 847854
571195 317968 516108 159879 474590 426864 67842 456211 248559 630983 420609 355381 226884 348265 121654 428287 117253 427841 213399 526742 296580 155056 259817 372958 559294 475330 999999999 403259 241275 235991 255077 340319 616955 453578 493588 437709 326147 382650 558610 333358 500734 576782 409520 194783 668879 447186 488840 209027 336725 293791 207227 384822 362940 380426 199781 122381 423787 304463 392617 444276 419804 410157 312479 241732 360566 541586 130916 125584 400870 255021 286065 493434 311262 464147 545576 209564 502339 390282 298930 473810 223309 323040 403496 618126 496013 533247 564396 528501 530449 483120 344610 235995 336267 473256 236969 247183 480045 63092 556181 482649
759092 510443 886674 441429 418166 250116 373888 830010 588789 872193 823858 592827 467739 496586 424477 125284 519738 821795 601573 467302 106753 396445 453704 344811 679265 874396 403259 999999999 162871 296379 578742 729931 882261 536327 864296 340851 421108 604175 812496 660590 370896 677587 803625 309865 923699 380366 260051 561692 672399 619474 276062 757459 764562 476696 580800 467520 575813 645964 768047 465487 810520 130309 458548 643210 752232 368321 503864 517267 763929 151768 503601 421819 557228 866062 158283 254753 481080 506088 701095 71667 302898 425133 354784 311223 844517 389624 942515 270415 639361 885066 684498 606372 417627 295702 378268 261533 867835 362126 327011 341670
649569 386111 738199 303241 381911 255689 219020 671129 433447 748727 661732 480590 344152 384910 279024 218095 357179 659476 445100 437526 56485 261898 323178 309613 589895 714998 241275 162871 999999999 177345 439396 573890 751702 476801 715624 314829 343290 497953 683897 509448 392151 595141 641265 193682 797021 370607 301408 403681 532485 481050 165294 598405 601727 405854 426063 307818 492503 503658 617048 399108 648621 205740 366093 480398 595561 387978 342328 358919 606765 18043 391179 393410 421391 705162 306182 143227 461157 430647 539976 234231 177767 345033 331912 406961 691200 395034 791601 352340 551981 722240 531132 446442 320306 309439 273607 149854 706504 199550 375495 365267
473565 215092 745928 372559 244903 201722 263560 559211 314382 578493 608368 571187 432423 208315 336732 386779 319071 572352 442575 299673 215719 345954 157401 472468 413243 681395 235991 296379 177345 999999999 488449 563460 586346 617316 723677 201778 479947 594883 516920 375285 567006 419823 555254 318838 628872 539166 267210 297415 572545 528310 303053 488986 536235 542660 432769 221018 613657 540373 622632 235906 556869 377530 488391 422739 581143 306554 265565 357350 488953 172517 489313 262128 261347 661913 388769 286510 623148 562294 502717 362835 13531 479799 497974 405951 559804 297256 790114 527362 375867 652961 402470 347918 144714 242182 395298 35121 608244 172910 327889 540855
778891 552832 313495 137537 729523 668396 230560 517694 415051 806131 358179 140561 127511 590696 161290 550429 233531 440875 134667 781819 483099 182309 502911 368138 791112 355911 255077 578742 439396 488449 999999999 203302 777723 323764 291937 689834 261881 170900 733177 487970 497506 812404 426013 272376 831967 426363 726137 376932 93720 41718 305842 464027 348876 276296 113478 339107 252541 68731 206538 697834 446104 529537 214169 275781 226324 790140 313602 159698 493407 456983 139434 748187 527071 367830 735685 325439 427756 264333 246489 639992 476322 255259 393616 844429 592158 784599 373473 592167 766934 440090 482699 367648 589352 718086 226834 494819 503537 316918 797189 493311
719161 548366 187238 308746 780045 762422 356174 365650 363785 711298 162382 323292 325004 595445 312023 724993 245233 270783 128790 825572 625866 352691 517979 567592 763251 154892 340319 729931 573890 563460 203302 999999999 672012 521090 166387 759096 464432 349600 642632 409429 699071 789832 260339 445352 725044 628569 826081 338882 160974 186836 475780 332290 180810 478831 149389 356672 442068 152737 74514 727611 282946 704550 417421 181725 23801 868212 314370 215910 365747 589486 342619 800702 500751 164553 880001 491186 630214 464851 95954 797222 549986 457889 594297 957912 453752 854514 226688 784738 748278 244503 391589 303459 622795 805553 418951 581392 331296 398878 890675 693334
184045 371860 822741 758283 575361 707934 684764 331020 373927 56868 562887 915901 821808 391828 725035 969000 556772 433568 647587 574242 798632 768022 430178 986899 309310 659894 616955 882261 751702 586346 777723 672012 999999999 1061039 809569 626732 941123 946460 70641 292433 1108393 337843 434114 807626 54254 1060964 760582 414969 803382 795116 812279 341232 501003 991271 664912 494887 1014178 777893 743871 488704 412915 957417 920583 509478 668846 710646 492745 629834 307500 751995 875602 591121 330488 619152 951601 807033 1119227 996199 577434 946643 581033 937456 1017013 889471 238225 675739 824131 1102141 335536 526027 295025 411446 477193 707987 853306 620893 398656 600875 776096 1086927
1024645 766399 571217 302787 852654 730841 389344 833993 687121 1080223 680536 201684 240186 789417 337077 443259 506216 763116 452244 908702 487187 298551 703955 193433 1004832 665595 453578 536327 476801 617316 323764 521090 1061039 999999999 555100 790105 137369 181919 1007090 769473 253726 1018935 747639 298478 1114339 190661 769237 646091 368820 334260 316966 774477 671871 75173 426916 573923 88872 368951 501885 853131 766915 425978 141358 587105 542504 863378 568998 436971 800893 492810 192166 866201 764810 683903 683003 336635 127603 64938 569855 568650 610124 137741 192382 846743 901049 871781 634080 398859 972688 762813 772233 654142 754771 784564 224892 604485 825595 490864 842926 267395
874420 714366 22619 425095 945129 919951 497002 485113 527091 853454 251017 356942 417663 761689 439854 842212 408573 381734 281301 991306 764149 470818 684306 650480 925438 168324 493588 864296 715624 723677 291937 166387 809569 555100 999999999 921725 538530 373285 788125 565539 772419 952721 377681 562939 860769 700047 982392 504184 204142 255710 595923 469429 309001 533723 294029 522006 467129 223260 101129 893859 399995 821336 487183 345066 156089 1029784 480304 368209 502989 732286 412289 965655 665297 207125 1018964 614477 678011 511756 254571 928099 710325 531754 672944 1110641 578522 1017432 82395 879845 911974 313252 544339 466327 788682 964903 517716 739287 432245 554849 1048996 772551
468186 291248 943760 570316 77565 96072 462675 696022 464240 600799 787052 766723 626997 249835 535749 462751 513895 730932 641613 127694 319847 539872 272927 623182 364321 867525 437709 340851 314829 201778 689834 759096 626732 790105 921725 999999999 654612 788835 557024 500129 690627 355019 715426 497004 656500 680033 134792 460685 774321 729905 474028 632564 710679 717705 633174 405686 798267 742137 821009 144345 712487 462450 671299 605908 775480 111474 450221 557783 623720 300270 681850 81956 358841 844224 344632 453626 774045 740767 691408 381258 214406 655670 643744 265225 672758 95868 985519 610150 324698 821208 531623 511909 169928 81258 577084 197069 755987 374652 157457 661971
894512 633228 558031 190249 716016 598707 259525 737738 568368 956883 613459 195549 143159 654364 218172 346699 394814 677906 369557 772057 359173 173129 569931 113435 870071 617773 326147 421108 343290 479947 261881 464432 941123 137369 538530 654612 999999999 196206 884275 652406 236078 883425 661130 161109 993657 164528 640377 527455 335669 288029 180629 673403 590648 63172 342575 448296 154862 323706 464796 715768 678372 327020 51660 491642 487751 731159 448782 332966 697007 359922 126576 729885 635586 628513 574896 201137 182148 87728 492595 463542 472783 6780 134414 726833 796783 738018 620799 346043 837286 693655 658511 541836 617760 652494 90309 467382 739017 357802 714487 234146
937941 698108 389716 225097 839698 749096 334015 687181 579131 973046 511665 30575 162461 730694 263106 540881 394357 606444 305427 894542 527366 249272 642127 306751 939343 487768 382650 604175 497953 594883 170900 349600 946460 181919 373285 788835 196206 999999999 899811 655233 411504 958174 592480 304854 1000646 340199 799012 539607 191264 166423 335960 634782 513673 168983 284184 487990 95200 197489 322561 821538 613305 520755 148905 446673 369439 878653 470073 319414 664296 515881 107490 856411 681099 508818 761233 358689 305468 142519 411330 652991 584617 190274 322036 899989 762926 879472 452740 538341 911987 593985 651682 535232 715329 801935 227688 592353 669058 436530 872862 417016
132245 302068 802791 704526 507220 637520 626145 324705 321791 73390 547488 869362 769268 321202 670134 900706 506731 422459 606296 508397 730034 711563 361449 925714 252369 646410 558610 812496 683897 516920 733177 642632 70641 1007090 788125 557024 884275 899811 999999999 245260 1045224 282639 420029 746750 113409 999547 690600 362376 765475 753295 749911 319624 479583 936134 621699 436229 963837 738503 716015 420225 400541 889477 866040 472177 641807 642703 438161 581022 286670 683714 824425 523478 263710 606599 880961 743752 1060672 942481 546876 876522 511923 880876 955601 820386 238628 608162 809486 1035115 274341 520472 254319 365565 406553 638252 795554 551318 396899 538687 707407 1023188
309785 212175 582710 467028 483237 552042 400763 196241 84818 318163 347317 624726 529788 260413 434863 725381 264358 249521 361568 510782 562924 479494 231866 706314 366282 445216 333358 660590 509448 375285 487970 409429 292433 769473 565539 500129 652406 655233 245260 999999999 833049 395732 238176 527762 346318 780543 615746 125172 522037 508225 537049 138721 269386 700623 376482 215648 721756 494309 483902 404966 227913 710689 629579 231490 412368 607519 204213 337522 124177 514550 583208 504045 143890 409864 764034 535332 832470 704563 313970 730671 365237 648414 736843 756947 184718 580665 600017 845891 359789 350529 32239 120323 330513 573272 566260 409418 260502 329879 656786 813823
1030222 762728 791295 406388 764098 610224 434894 946724 748532 1114865 843941 419910 374504 770009 422980 249998 595951 897634 597026 817872 371974 373539 697462 134667 980114 853084 500734 370896 392151 567006 497506 699071 1108393 253726 772419 690627 236078 411504 1045224 833049 999999999 986625 880132 306040 1158082 72379 629763 709596 570914 524037 296627 878236 814386 242634 569985 617990 333781 559763 700825 790240 895500 240921 286219 706820 722575 736132 631613 546405 897837 401457 362245 772337 783474 862433 487984 301478 140781 269604 720131 375948 565193 242805 105591 672118 995138 754012 854372 153193 942871 922569 845326 734910 711433 660357 288998 541754 956851 507685 697888 29247
153798 260328 971344 736619 284114 449940 633831 559178 426062 292829 743040 929944 803444 229861 698312 789473 582491 638066 711098 262149 624600 725765 317311 889974 31786 840812 576782 677587 595141 419823 812404 789832 337843 1018935 952721 355019 883425 958174 282639 395732 986625 999999999 629350 725398 347095 958239 485470 453158 872027 843708 715651 524513 664956 943842 716555 473466 999119 840588 863519 214062 615530 784209 881471 608288 796899 408457 500832 653339 498820 587565 862708 292958 291076 805578 699648 701682 1039069 958856 698151 728282 422552 882055 916435 593820 492662 371703 993323 935789 46402 740635 423389 486598 275205 430512 794144 445293 632686 529791 479204 960182
522782 441378 389622 474859 709904 751329 461677 107976 251263 480859 128773 563397 519246 491440 457497 837805 294623 18324 295597 742499 697750 506835 442949 745612 598844 226615 409520 803625 641265 555254 426013 260339 434114 747639 377681 715426 661130 592480 420029 238176 880132 629350 999999999 585063 484216 815746 817090 258608 415188 426389 606576 105484 80181 692207 321543 340505 678464 398472 324135 636718 22855 819632 622966 174026 250199 826092 300574 333781 135222 651894 556722 731102 375821 186575 931695 613787 840615 685577 181252 875239 542703 655442 775468 958318 200857 802723 390437 932202 595896 112353 207735 207483 550829 781418 591628 584727 78126 441724 867619 867622
745224 480081 584873 138640 556217 447752 129061 644178 443058 817970 568044 288939 158020 497603 135157 280714 293710 603065 324029 612201 223625 93205 415552 179313 713299 598170 194783 309865 193682 318838 272376 445352 807626 298478 562939 497004 161109 304854 746750 527762 306040 725398 585063 999999999 858560 253486 495089 403781 365242 311985 33865 574431 526054 223901 298927 313790 301565 340805 471293 554669 598534 260024 174515 411165 468909 579134 325600 255069 592831 211470 199001 570646 489735 598259 468046 55486 317912 244678 441030 368355 311738 161048 209581 595851 689479 583261 643422 348797 679500 641225 539385 429159 457347 501223 80583 306881 659863 208994 569166 288673
196619 413783 873534 811554 600864 740863 736619 379484 427254 56189 612889 970090 875331 429427 778037 1013542 610577 482798 701819 595065 842705 820624 474234 1037717 321197 709064 668879 923699 797021 628872 831967 725044 54254 1114339 860769 656500 993657 1000646 113409 346318 1158082 347095 484216 858560 999999999 1111674 791093 468263 857410 849350 862419 393565 552732 1044286 719166 546614 1068063 832027 796565 515488 462635 1002505 973726 563567 721460 735157 545692 683808 359862 796607 929355 615415 377119 668130 987188 856608 1171217 1049536 630747 986830 624251 990070 1067719 916556 285763 699537 873363 1148429 351916 572919 349271 465562 513541 737623 905527 663024 444908 651053 802292 1136227
992191 724942 718917 340918 750682 605985 379954 885762 695741 1070328 775368 347854 304881 736384 360503 269985 536120 833026 529283 805668 360696 311243 659643 74250 949621 782200 447186 380366 370607 539166 426363 628569 1060964 190661 700047 680033 164528 340199 999547 780543 72379 958239 815746 253486 1111674 999999999 632733 655991 498694 452149 250458 818454 748283 171220 502204 567233 265637 487943 628932 769101 831767 256097 214137 643313 651976 735630 577254 482761 839368 382531 290243 760720 740425 792346 513121 259803 100961 199120 652564 398506 535754 171199 43955 689589 937688 750305 781993 208208 913513 854667 791007 678222 683737 658013 224380 517150 892968 460911 703650 78015
602884 414238 1004892 595277 201459 65917 495891 809152 569159 735465 875413 780829 642740 377585 565503 384976 583999 833605 701582 235119 282069 557698 383975 586723 496863 948225 488840 260051 301408 267210 726137 826081 760582 769237 982392 134792 640377 799012 690600 615746 629763 485470 817090 495089 791093 632733 999999999 558580 816324 767631 466135 742295 802528 701621 688595 488022 792299 785419 881359 278541 816747 390166 666652 689940 844793 109762 532693 614204 737111 283661 691913 195125 479418 929116 219026 443703 731839 728104 769289 279888 280626 642791 602077 141690 794104 136748 1052006 526567 457680 917977 646154 609947 293161 55003 574873 245063 864564 427807 74219 600519
402487 211159 523965 343318 463498 492778 276045 268371 41052 435757 328712 509377 407234 259921 310319 614720 145259 275369 261116 502453 459202 354444 192735 581808 427960 415813 209027 561692 403681 297415 376932 338882 414969 646091 504184 460685 527455 539607 362376 125172 709596 453158 258608 403781 468263 655991 558580 999999999 423783 402119 414560 195994 250781 576437 270575 97206 601485 393592 411606 399363 259475 598793 505640 160209 348272 572038 79055 220211 203132 411328 462055 484762 162414 388207 679603 414226 707317 581275 251705 633068 285156 523539 612386 699727 291611 551001 553090 728846 410491 360940 135895 51497 302341 523900 441094 327988 311549 212524 610414 691032
824533 615786 224694 231254 810001 757448 320541 516407 458177 837070 323220 167411 214598 657134 253669 641530 290147 427382 162754 860950 576720 275955 571252 446829 848742 297022 336725 672399 532485 572545 93720 160974 803382 368820 204142 774321 335669 191264 765475 522037 570914 872027 415188 365242 857410 498694 816324 423783 999999999 53283 398873 473011 335045 336495 155552 404034 285668 32597 133392 772732 437151 620617 284774 294010 179307 876880 371726 224364 505024 549976 209103 829254 582139 317582 829402 418780 485313 317810 236122 733298 559977 328890 469960 936584 599459 869706 286512 675707 827544 405057 511260 403938 664239 806241 314604 581402 489153 399703 886624 569801
804593 585117 276726 178760 768360 709660 271883 522750 438846 825792 347276 138218 162026 624386 202996 588405 261863 440152 147530 820235 524463 223093 537196 397600 821619 334109 293791 619474 481050 528310 41718 186836 795116 334260 255710 729905 288029 166423 753295 508225 524037 843708 426389 311985 849350 452149 767631 402119 53283 999999999 345637 473352 347339 294608 132157 371619 256222 35979 176791 734751 447429 567494 238098 287664 208354 830865 343189 190646 504016 498655 161956 787222 556168 350075 776662 365630 445346 278833 245146 680109 516037 281280 421700 886146 601242 824876 337865 624878 798579 429692 500586 388278 626179 759154 262103 535418 502728 356170 838548 521637
742386 475639 617926 171045 535689 420750 145706 661625 452825 820302 594702 321065 191717 489885 164090 249295 313031 624709 352764 591738 191493 125334 410518 177763 704907 627787 207227 276062 165294 303053 305842 475780 812279 316966 595923 474028 180629 335960 749911 537049 296627 715651 606576 33865 862419 250458 466135 414560 398873 345637 999999999 590976 550027 243776 328242 321620 327308 374149 503569 538696 619222 228786 200799 433254 499216 552753 337686 280271 607922 182707 231085 549348 490000 626705 434276 22733 323663 266916 467694 334571 297119 181649 206721 564081 703212 558297 676167 325630 670121 666501 550454 443206 444531 474428 109027 287995 680362 211411 540325 276778
417863 349102 483534 483188 620078 677321 445930 72742 174687 384025 228822 604557 537055 398173 458617 806106 282433 113592 329376 649075 654293 507480 360283 745674 493838 328268 384822 757459 598405 488986 464027 332290 341232 774477 469429 632564 673403 634782 319624 138721 878236 524513 105484 574431 393565 818454 742295 195994 473011 473352 590976 999999999 160431 712470 351694 290587 713677 450880 403098 543178 91160 789354 641309 188666 327946 741612 259215 340680 33732 606675 582475 641048 281466 289437 874587 594365 855458 710351 239709 828910 477403 668365 776204 883981 128145 716047 490303 913191 491919 216127 106778 152399 464377 702801 595267 521056 123499 402823 787770 862627
571742 453340 323228 407998 713885 736646 407882 185004 256377 544454 79690 484874 447797 503569 394446 788538 245688 92853 221773 751276 657865 443134 443201 679729 635654 175857 362940 764562 601727 536235 348876 180810 501003 671871 309001 710679 590648 513673 479583 269386 814386 664956 80181 526054 552732 748283 802528 250781 335045 347339 550027 160431 999999999 618660 248458 315565 600818 318758 246960 646833 102436 769610 550467 121393 172142 822139 271821 271238 193996 613919 482161 735166 392695 141810 900061 559345 768301 610632 102560 835679 523086 584745 709094 942162 274777 801678 332961 874784 628017 120521 243563 200663 552814 771211 525398 562784 155390 403808 857979 803371
951006 691785 551775 233801 779180 660986 315367 774274 617485 1009095 634129 178025 175416 714385 266251 393563 439065 708336 397060 835219 419849 225460 629120 145845 929872 628681 380426 476696 405854 542660 276296 478831 991271 75173 533723 717705 63172 168983 936134 700623 242634 943842 692207 223901 1044286 171220 701621 576437 336495 294608 243776 712470 618660 999999999 370747 501564 102909 330489 469297 778379 710591 374839 71486 527038 501354 793499 498595 372455 737691 422311 137387 793056 691385 643274 627860 264137 151465 30960 518022 514891 535308 62862 155848 784835 837836 800770 615004 372285 897609 715706 704762 587051 679678 714771 149737 530457 770333 416175 775623 248274
672858 460352 316596 166603 663128 626585 207446 407828 306807 694392 274446 253726 199502 502215 164161 576951 134691 337590 27080 712467 477230 207835 417093 435839 693469 299553 199781 580800 426063 432769 113478 149389 664912 426916 294029 633174 342575 284184 621699 376482 569985 716555 321543 298927 719166 502204 688595 270575 155552 132157 328242 351694 248458 370747 999999999 249549 362225 124068 193328 621148 340285 556661 302056 163056 172208 739310 216192 75429 380512 442056 235332 682970 427047 299734 731805 342786 519898 364259 150371 647870 419631 336578 464396 816731 479693 729035 366696 643494 672010 352598 369946 256339 513074 672464 282501 446436 399661 261716 755842 560988
453161 213738 543450 274316 423373 422305 190018 363313 132261 508646 387396 458934 341126 253191 237711 517584 116241 358273 250020 469381 363754 276202 167562 493009 452854 462777 122381 467520 307818 221018 339107 356672 494887 573923 522006 405686 448296 487990 436229 215648 617990 473466 340505 313790 546614 567233 488022 97206 404034 371619 321620 290587 315565 501564 249549 999999999 538734 371790 423017 373830 345119 501596 432569 202242 371546 516377 44901 181030 299876 316292 399128 444051 193835 441645 591249 319693 624634 509981 285747 539114 207752 445056 523356 626908 388613 500161 581721 632266 427873 433408 231134 138861 267123 459557 359333 247268 400962 115548 546192 598375
