NAME : synthetic_000973
TYPE : CTSP-D
DIMENSION : 100
GROUPS : 8
RELAXATION_LEVEL : 1
EDGE_WEIGHT_TYPE : EXPLICIT
EDGE_WEIGHT_FORMAT : FULL_MATRIX
EDGE_WEIGHT_SECTION
999999999 694216 799933 829394 298379 308934 356333 518999 406980 187572 818198 728314 107950 559883 424151 249794 674585 194621 395532 334438 630926 774290 573992 143297 410881 564855 77612 401544 560732 360325 666887 429816 317521 380823 738008 611999 693208 603469 402375 460604 417246 560246 775110 557579 302313 724947 821279 755137 277818 713886 586082 186059 648310 241947 648260 211527 300847 140913 750003 536641 263466 533288 419730 263063 746796 594452 718161 485966 405652 724000 153995 378656 214109 361748 596278 330830 479020 510775 583759 589698 750842 816451 723403 687792 470904 301181 842388 286029 703930 447211 496779 96119 607609 247509 881710 555538 854862 781607 302641 692103
694216 999999999 126540 595519 667341 386447 339866 1074787 709108 734727 865520 409868 620774 1081730 785573 650307 690397 506593 993776 364709 888486 116703 246708 562735 825676 951203 657587 498837 203438 823002 640317 387871 731931 497219 501566 82736 508544 1158946 580396 918066 684360 255216 774726 1140634 962262 859683 758658 756397 420519 738548 507944 735407 173552 789719 165812 671181 889930 706182 67352 159020 510841 265267 715539 456178 847646 101265 587963 432511 684248 410935 603504 502127 617891 414905 874736 954197 438717 265579 399379 1118036 778330 591297 875861 384527 235453 416691 676349 443294 80936 355806 285443 736912 976904 473647 695347 917784 838106 737989 932508 598752
799933 126540 999999999 552434 791963 497238 443723 1143895 762105 820522 856576 376610 733837 1144606 839894 726689 692238 618400 1073054 478842 916750 166345 370244 663041 884914 997260 769492 553524 329522 889757 639797 514332 799792 556543 472643 195923 492348 1225502 632037 977701 734707 379668 764048 1212895 1054218 867916 736596 747849 522463 736640 519375 821418 188973 871150 183963 752829 971642 822926 123288 266049 632492 314140 766705 549606 850451 221601 571493 471283 736551 379169 695788 628418 738961 489203 907679 1039208 478879 392084 412002 1180842 772948 550956 886121 363503 356480 535038 639915 533055 97368 415858 411973 849613 1018607 590854 652298 961895 818608 721977 1019359 589344
829394 595519 552434 999999999 1001902 666897 605661 891760 519805 723431 347312 186271 833972 862305 578335 611106 255570 744918 884321 677173 523543 699409 780221 700888 634219 662389 851393 427850 724038 674279 217432 829866 615665 448647 107023 577659 138563 950393 443046 707817 490681 780350 262407 967373 940945 409655 207610 256096 631140 270797 243533 725266 427304 736301 435063 654868 814981 932848 645638 569283 836318 412812 514233 600954 376907 601927 124970 351692 500827 185805 675782 910024 910378 492634 535103 887933 356981 755428 273131 893428 286473 13450 431775 218305 658221 739400 91145 575815 517336 428766 767086 919108 661693 766574 100307 625209 287781 211767 882172 160162
298379 667341 791963 1001902 999999999 342512 408196 809599 677874 483148 1068262 858663 210025 854568 709653 518321 904529 259823 681602 342460 912222 706032 459256 338368 703703 860235 223593 600242 476644 656159 883817 289598 602703 579015 898448 598145 864118 891207 634115 758496 680543 445422 1010407 839848 565363 988389 1043894 989173 370766 950282 772954 481817 697803 540103 694406 489910 594726 168407 702641 539125 171717 621477 690811 406064 1004327 570730 910385 653045 670195 855536 399982 179172 98912 511057 879168 612689 649031 412130 730887 882798 991242 990399 990430 816041 437510 276577 1037253 429988 709890 574813 392219 233808 902552 237154 1073858 848293 1091885 1006019 584243 892268
308934 386447 497238 666897 342512 999999999 65990 749225 461010 384939 785399 516654 236738 771320 521918 336552 607917 121166 647432 31852 691642 466027 289640 188452 542612 694968 272288 304815 262906 518337 576945 205696 433587 287107 561453 305002 531334 836521 366695 625754 449415 277767 713904 805506 591592 727821 735015 692347 65890 657612 451388 385022 367250 447539 365193 338401 541916 329069 441109 231302 171730 279378 472203 126166 734117 285976 585993 328285 442949 513650 246911 249864 262667 193803 665300 596752 326250 226448 393850 806274 700766 656066 735603 474095 163905 73164 710830 136099 403771 238379 218943 352377 731149 106831 745380 670236 794025 699908 571915 573130
356333 339866 443723 605661 408196 65990 999999999 761912 444821 404932 741848 451820 295204 778791 511651 339008 561735 180136 667946 71621 667624 429622 287014 222952 538627 685400 328723 267305 249233 521168 527428 242441 432601 252396 499555 257172 471583 848575 337770 625907 429269 277322 666629 822156 624709 691691 683394 645165 80759 612190 397433 405328 304007 464529 302398 349269 562515 390692 399017 181099 236957 213432 454997 125833 694992 242590 529579 274892 424334 448926 268749 305489 328445 152168 643676 622318 273991 228593 332626 814441 655606 595154 701073 409351 141806 134759 652978 122813 348210 179434 226831 409158 719265 172799 686610 658027 745670 649494 599027 518931
518999 1074787 1143895 891760 809599 749225 761912 999999999 396802 366604 670501 899511 624948 64237 323162 426025 642102 674873 130631 780944 407339 1180368 1038864 568937 269279 252248 596514 593139 1008875 254250 674427 925082 344223 587958 850732 996213 798983 87400 520475 184639 427501 1026930 690473 75714 268383 553855 761390 680893 689101 646455 699628 366841 957673 302544 961610 412819 218769 641588 1140746 923683 773423 829996 396815 636122 592631 991089 768901 685792 421709 894372 503047 893526 732603 660021 380240 201340 677264 975554 774307 77153 657472 879069 536939 874427 903027 777639 850193 641451 1049883 728065 966920 577061 277303 737276 886314 282494 741944 728088 228641 732988
406980 709108 762105 519805 677874 461010 444821 396802 999999999 239174 415481 503967 468821 386544 77854 160302 298896 445779 366512 490788 237364 821729 730936 343429 127678 244452 464378 210520 688783 155727 312028 665221 104825 212451 462669 636993 410452 471381 130112 218312 30961 721792 385808 471065 425379 318022 443675 368195 395283 326642 305601 241144 573336 228527 578150 195456 296185 543950 776425 571848 563475 449779 12958 335045 341208 638563 394923 293550 25659 498823 277924 680315 579916 306169 207265 368469 285355 673414 377874 422282 357415 506475 316602 477781 581636 517034 499035 326559 672163 353330 671050 502336 275394 501640 538440 214275 461001 404337 364270 360457
187572 734727 820522 723431 483148 384939 404932 366604 239174 999999999 654328 660117 278020 395606 241010 114008 530605 309442 263288 416366 448176 832654 674139 202339 223496 377573 259559 315640 646961 173133 534110 559170 138294 300200 646278 653064 596326 453974 280503 276445 257249 661879 623236 420616 238715 553120 677679 604840 327901 563102 484816 1975 645026 64488 647225 73332 157701 328280 798020 577651 413902 517635 250895 280553 578866 643427 602689 414506 245223 655239 138091 535752 392642 333990 412853 219512 406071 610465 515918 428840 595745 710017 549057 624405 543254 411056 719036 291479 723452 416535 601147 276221 420207 372091 758936 368023 699679 637902 198838 571727
818198 865520 856576 347312 1068262 785399 741848 670501 415481 654328 999999999 483972 866153 623384 428319 568408 182567 815499 710255 807694 263312 979953 990494 730760 472578 418319 868377 481366 937198 529121 227243 984250 517192 500451 389664 822262 364240 705392 434454 508059 401389 986136 92616 740777 810579 117100 141303 109291 728263 131544 365024 656289 692959 635581 700509 608081 678145 950597 926267 786065 928906 620339 403507 676207 80318 838508 285583 474538 413184 480637 676310 1032113 969431 592235 292875 740205 473086 947926 468924 646646 88710 340861 133684 493073 845296 855298 262854 656801 797591 575792 953335 914258 398537 859596 281623 389119 78099 138808 745590 268059
728314 409868 376610 186271 858663 516654 451820 899511 503967 660117 483972 999999999 712134 882636 576380 546745 333735 610852 864955 521368 588380 515983 597585 589181 630545 701212 735606 344571 541501 656821 281110 660127 580542 361136 96054 392064 124255 969887 392403 716854 473020 598522 391466 974395 894041 510745 360078 376954 492975 371937 200417 661710 241081 688460 248826 587119 779829 812714 461930 388630 688384 243429 502953 476168 487565 417037 198860 247229 480008 5144 581115 748772 773223 368979 588699 853652 255287 576780 145854 916961 404059 181486 530947 42647 483178 586360 267141 450871 332676 289162 589756 809997 711853 621574 285600 663458 442270 347093 842166 222577
107950 620774 733837 833972 210025 236738 295204 624948 468821 278020 866153 712134 999999999 663675 499704 308808 709064 115703 502896 256085 702337 691307 477511 137766 495210 652681 38819 413532 469947 449669 693565 325917 392868 391944 735792 540455 695539 710070 435088 554455 472897 463447 813479 665158 408820 781931 852341 792625 226819 752601 595127 276880 598332 338443 597086 279916 406252 100587 671963 467796 156623 495066 481776 236279 799596 519600 731680 482666 462232 708283 191667 270729 115092 344912 669178 438719 477071 415660 572783 694390 792271 821617 783067 670062 389170 210002 858364 261707 640482 423289 400155 116138 694624 152722 896558 639434 894662 813483 410566 709611
559883 1081730 1144606 862305 854568 771320 778791 64237 386544 395606 623384 882636 663675 999999999 309575 439914 609223 704958 186179 803169 362071 1189944 1060234 596622 260267 207101 637444 591215 1027492 259535 645093 954182 350488 588343 828134 1004893 777043 88219 514686 168233 416246 1048780 649729 118877 326933 507850 721422 641635 709163 609197 682222 396134 956764 331199 961145 432920 259859 687574 1148362 934080 808065 830578 384469 653775 547167 1001687 741370 679679 412109 877524 528078 929302 773984 667336 338200 255732 671362 997613 763456 36321 616785 849933 489774 860058 920553 804804 815546 656694 1052238 730143 990112 624043 225613 767629 850525 241190 696740 689741 281524 705476
424151 785573 839894 578335 709653 521918 511651 323162 77854 241010 428319 576380 499704 309575 999999999 196858 341603 492855 307148 552632 207268 897555 798636 385317 55968 173777 489498 287662 758367 103082 364102 723251 107230 288382 529388 712520 477351 395231 207858 141576 106758 788938 415069 398247 385932 319388 479236 400014 456071 360026 376483 242828 651160 209816 655948 219815 253185 564618 852839 646097 609400 527299 74894 395967 349416 713161 453662 371276 103492 571242 315230 729091 613788 378796 172224 320743 363119 739676 453945 345101 384020 565233 312603 551903 650739 572993 548419 390630 749703 430033 736126 516197 209271 551771 586878 148608 483916 441383 321809 418183
249794 650307 726689 611106 518321 336552 339008 426025 160302 114008 568408 546745 308808 439914 196858 999999999 429587 296264 346388 368202 394187 754505 622602 188521 207677 364044 304216 202782 588030 182554 427863 531987 97728 188606 532439 570818 482703 511710 168240 289240 167693 611672 527429 490396 348530 476617 577054 507926 272163 466373 371235 115710 545646 147372 548549 44086 246555 384444 715708 497765 412557 417048 173255 214737 497346 565109 491668 302262 156270 541835 119365 532517 420866 237711 361750 317319 293715 560952 403214 475687 502182 597728 476271 511617 480812 380794 610444 216784 630709 314349 554961 345853 402973 355926 650306 343739 606392 537195 301295 461712
674585 690397 692238 255570 904529 607917 561735 642102 298896 530605 182567 333735 709064 609223 341603 429587 999999999 647384 647782 628886 269309 806071 807996 571527 395766 407252 716036 307325 754843 443279 52970 804121 403084 327666 249655 643125 209541 697007 274500 460349 275163 803582 106557 717278 722628 177415 147500 85052 553277 51053 184298 532569 519887 527169 527202 472643 591351 799366 752977 604414 757652 439530 289899 504281 158379 658234 144904 292148 286970 329510 524913 856497 806427 414125 279552 661308 290931 765427 291208 639501 94398 243971 197269 332769 662776 679025 208666 483284 626068 393423 770998 770150 406202 687383 246113 370339 187818 107632 660074 113150
194621 506593 618400 744918 259823 121166 180136 674873 445779 309442 815499 610852 115703 704958 492855 296264 647384 999999999 562689 142341 683084 581322 381284 110474 501375 659319 151213 341324 366159 465989 624816 250261 392076 320331 643067 425677 606605 762005 381629 574625 442236 367811 753712 724337 489924 742839 784959 732327 118122 694245 513345 308987 483966 373926 482480 282576 459261 210832 559449 352427 117726 385116 458283 146249 755367 405657 650828 394349 433262 607306 182124 236259 165512 252482 652774 505432 389999 317573 476646 738282 735948 733123 747135 568333 277875 108098 777781 170378 524813 322342 304608 231212 698915 62678 814653 639972 835143 747426 478811 632448
395532 993776 1073054 884321 681602 647432 667946 130631 366512 263288 710255 864955 502896 186179 307148 346388 647782 562689 999999999 678611 451887 1094302 935775 461524 252108 309961 472437 535955 909938 210795 671191 812323 285579 526554 828941 912965 776740 209610 473623 202999 396906 923235 713489 162541 141297 593862 780970 700512 591184 662191 670101 263018 891482 204283 894569 322604 105620 513270 1058132 838290 654895 762794 370786 542940 630059 904737 759392 634006 388161 859838 401112 773219 607496 583925 418975 70710 625286 871874 729809 207224 681164 871112 580480 835167 806537 668380 855364 552123 976935 659928 861711 448291 346501 624167 893611 328488 775176 744409 98259 724234
334438 364709 478842 677173 342460 31852 71621 780944 490788 416366 807694 521368 256085 803169 552632 368202 628886 142341 678611 999999999 720124 439872 257957 218650 573986 725875 292941 328763 232426 550098 596178 178747 465114 311915 570957 284516 543202 868255 393505 657431 478450 246000 734406 836974 620798 752954 753123 712884 96715 678980 467846 416424 358516 479130 355828 370251 573149 344319 417118 213128 170807 280390 501821 156665 758183 263590 600770 344940 472268 518623 278418 233971 269177 215492 694275 627337 343592 194655 404195 838115 722285 666712 761271 479066 136489 65956 724460 164686 387199 250878 187105 372219 761789 114186 758195 700802 814008 718714 602286 589507
630926 888486 916750 523543 912222 691642 667624 407339 237364 448176 263312 588380 702337 362071 207268 394187 269309 683084 451887 720124 999999999 1004772 948286 580358 234250 155494 694511 407406 901877 292789 315701 897177 313408 418098 513768 825742 468012 446339 330421 248926 243074 940449 289737 478360 562834 146517 361887 283884 626736 256251 401222 449977 731427 412573 737725 423386 433560 771018 955009 769718 800797 623368 224804 567151 185425 833107 413008 456118 250835 583655 513360 917126 815032 519262 36034 488721 450225 894322 505304 387518 257142 512426 130190 577852 797413 751243 464340 555627 837224 542947 894143 723419 141724 738385 496537 126017 334954 332930 497919 379084
774290 116703 166345 699409 706032 466027 429622 1180368 821729 832654 979953 515983 691307 1189944 897555 754505 806071 581322 1094302 439872 1004772 999999999 250882 650687 936013 1064802 729460 612134 230277 930560 755603 416828 839498 609340 609906 185317 620424 1265437 693917 1027948 797722 263643 888692 1244488 1054007 976099 870065 870707 509730 853842 624176 833181 286995 890047 279463 772285 989477 768586 54174 256751 564395 381407 828592 552137 963624 189658 700168 548675 797144 517569 698015 530771 671000 522763 990601 1051238 554731 294107 515393 1226185 893196 696235 992396 494159 303517 481714 783104 542195 184046 469146 313873 806454 1091340 539454 799692 1031857 950335 850788 1028369 712488
573992 246708 370244 780221 459256 289640 287014 1038864 730936 674139 990494 597585 477511 1060234 798636 622602 807996 381284 935775 257957 948286 250882 999999999 474457 825104 972361 516303 541504 56183 805141 765198 170263 718011 530192 676021 213960 666674 1126153 618155 911256 714006 14331 906637 1094744 871057 956932 908010 886045 351122 858964 627133 674159 364183 737068 357253 627487 830496 540850 259022 211862 333033 377102 740758 407951 954582 184906 739794 517556 709741 596981 536316 281598 435466 429210 926287 882755 520118 64052 532322 1095383 901929 773040 968848 562082 150892 273296 848893 409084 316473 417454 77394 587284 1005896 326818 875241 944657 980229 879713 857024 739950
143297 562735 663041 700888 338368 188452 222952 568937 343429 202339 730760 589181 137766 596622 385317 188521 571527 110474 461524 218650 580358 650687 474457 999999999 391505 549740 150563 276882 451064 355516 555835 357585 282714 255341 605235 480009 562966 656296 298004 464163 343496 461799 676240 621515 403844 650172 714579 655302 142224 615492 459988 202098 506239 266608 506458 172194 356548 232884 621773 403798 224486 390021 356222 119802 665997 465312 595748 351574 333584 585021 71748 345422 239484 220592 548868 408783 345332 410482 446174 630421 655536 688301 652619 548023 351586 208721 722097 142819 566231 304924 400193 221016 589752 172606 760582 531340 757525 675742 383637 572839
410881 825676 884914 634219 703703 542612 538627 269279 127678 223496 472578 630545 495210 260267 55968 207677 395766 501375 252108 573986 234250 936013 825104 391505 999999999 158537 480839 331391 787316 58611 419606 739660 110000 329562 585024 750699 532939 344071 254440 92822 158254 814778 465433 343876 338112 360123 531119 451239 477368 411951 431104 225090 696764 179835 701247 219979 205567 551716 892708 682140 615662 571163 127612 418253 392681 749604 509589 419590 152868 625402 319873 736920 610246 414011 198218 269733 411229 764672 505531 296327 433777 621132 350889 605149 679513 588470 603265 416061 793263 471723 759794 499064 199667 562206 641509 144788 531696 493822 273250 474081
564855 951203 997260 662389 860235 694968 685400 252248 244452 377573 418319 701212 652681 207101 173777 364044 407252 659319 309961 725875 155494 1064802 972361 549740 158537 999999999 636821 452669 931721 204531 446924 894904 267251 456333 637634 880549 588178 292761 370906 116508 267101 962701 442722 322867 434572 301889 514521 435009 629209 403593 503238 379004 808441 325813 813828 378495 315163 704998 1018553 816196 774051 688890 236597 569261 340914 882767 544593 526022 268209 696214 478209 895146 767773 550440 131348 357332 518548 913450 596225 234248 409806 650436 284708 683682 824195 744069 611057 564366 910315 595693 909828 649528 43160 719737 645209 37884 490447 483394 371855 509072
77612 657587 769492 851393 223593 272288 328723 596514 464378 259559 868377 735606 38819 637444 489498 304216 716036 151213 472437 292941 694511 729460 516303 150563 480839 636821 999999999 426963 508653 432611 703281 363780 382268 405486 755142 576858 713370 680780 441543 535107 470969 502231 819253 634153 373562 780412 860850 798684 257117 758122 610492 258224 630415 317075 629443 271202 378455 83425 709501 503589 193373 523957 477311 259759 799798 556524 745982 501465 459879 731612 192226 304011 136545 366860 660619 406832 495418 454479 594325 667310 796862 838828 780447 693880 426922 248507 872109 284881 675531 447921 438955 80438 679247 191397 910744 625588 900041 821627 378474 722524
401544 498837 553524 427850 600242 304815 267305 593139 210520 315640 481366 344571 413532 591215 287662 202782 307325 341324 535955 328763 407406 612134 541504 276882 331391 452669 426963 999999999 494492 339262 283590 507146 252160 21590 338741 428078 292233 673022 81835 424187 185605 534110 413880 664279 551175 424634 443707 392371 246941 355597 184664 317213 365567 347461 369932 242558 443008 509719 566181 365933 450340 239925 216704 197023 429469 431501 319033 99738 185471 339721 248042 550779 503227 115194 387272 515893 91108 489261 200439 627414 398221 414913 433773 308876 390640 373978 445222 176069 462261 143073 490602 491907 479897 380070 483783 419961 495061 406103 502012 296087
560732 203438 329522 724038 476644 262906 249233 1008875 688783 646961 937198 541501 469947 1027492 758367 588030 754843 366159 909938 232426 901877 230277 56183 451064 787316 931721 508653 494492 999999999 770346 711352 189104 681805 484337 619867 160784 610844 1095882 572663 875082 670530 57939 852643 1067037 852594 906121 852925 832171 319881 805732 573161 647128 309144 708736 302345 596176 804346 541539 227296 155905 335415 321774 698155 373720 902798 130971 684320 465557 666857 540869 508902 304066 441403 384284 880903 859640 468484 64833 477100 1063004 848552 716861 918522 505907 107807 260611 792860 372023 267549 366368 85012 583120 964158 317258 819097 902987 925673 825018 834691 684995
360325 823002 889757 674279 656159 518337 521168 254250 155727 173133 529121 656821 449669 259535 103082 182554 443279 465989 210795 550098 292789 930560 805141 355516 58611 204531 432611 339262 770346 999999999 462969 709751 91101 333715 618302 745629 566089 336327 269143 108748 186216 794164 518140 325056 282988 417696 582178 503078 454465 462997 460212 174534 703426 123459 707361 183883 150176 500562 889430 674563 577466 575780 160169 397288 449532 742167 549309 433509 177785 651686 284005 699392 564675 408222 256763 218105 424890 743373 525333 295704 487021 661015 408964 628632 662946 558624 648741 398554 796041 474009 737090 445890 247319 527950 687569 197318 586446 544166 218738 514386
666887 640317 639797 217432 883817 576945 527428 674427 312028 534110 227243 281110 693565 645093 364102 427863 52970 624816 671191 596178 315701 755603 765198 555835 419606 446924 703281 283590 711352 462969 999999999 769044 413417 304808 199033 595176 157076 733236 264565 490723 285165 761336 141573 750009 737319 230376 160144 120847 525337 98243 138241 536043 468973 537040 476368 471733 607976 786688 702295 559254 732002 393192 304735 479672 210658 611265 97981 253821 296356 276830 514600 826609 786613 383739 322600 679602 253793 724704 242057 676516 138798 204905 250124 279816 622006 649073 187103 457382 574815 354457 731161 761447 449214 661248 226688 409410 218457 123244 676241 63387
429816 387871 514332 829866 289598 205696 242441 925082 665221 559170 984250 660127 325917 954182 723251 531987 804121 250261 812323 178747 897177 416828 170263 357585 739660 894904 363780 507146 189104 709751 769044 999999999 629704 490584 722850 328604 701578 1012247 572031 818391 654643 156223 908790 974281 731925 931584 923540 887359 270490 854618 636792 558788 455152 623639 449936 526096 709373 377060 416389 286392 171840 418203 676678 330412 936314 298827 765269 515545 647883 658261 427216 114996 268249 393020 870476 753474 515260 124296 561281 987853 898039 820528 940006 619709 181243 151276 885442 341788 441697 416636 104097 428443 932355 188198 916933 871859 987462 890474 726302 757386
317521 731931 799792 615665 602703 433587 432601 344223 104825 138294 517192 580542 392868 350488 107230 97728 403084 392076 285579 465114 313408 839498 718011 282714 110000 267251 382268 252160 681805 91101 413417 629704 999999999 244932 550296 654537 498470 427194 188341 193333 128484 707372 490514 413440 325381 414852 548391 473002 368707 431464 389065 140216 614198 124116 617947 113387 201075 457699 798335 583607 507178 486127 115340 310241 441021 651217 491601 348958 117089 575448 211449 628011 507253 317124 278885 274930 340253 656930 444236 386702 461843 602237 410809 549903 574165 478492 600448 309790 705660 383934 651480 410499 307038 452555 640099 248963 565126 508980 266916 458222
380823 497219 556543 448647 579015 287107 252396 587958 212451 300200 500451 361136 391944 588343 288382 188606 327666 320331 526554 311915 418098 609340 530192 255341 329562 456333 405486 21590 484337 333715 304808 490584 244932 999999999 358440 424542 312538 668984 88394 422331 189650 522381 434191 658194 537053 441041 464882 412713 227940 375548 205734 301713 369716 334810 373700 226894 431708 488196 564466 360116 430059 242402 219740 176661 447074 426465 340496 114393 188149 356358 227620 531734 481875 101386 396566 504058 106059 476673 216021 624624 417975 435759 449508 324470 379333 355378 466757 156387 463924 142176 477293 470782 485044 359987 505279 424588 515471 427142 489305 317672
738008 501566 472643 107023 898448 561453 499555 850732 462669 646278 389664 96054 735792 828134 529388 532439 249655 643067 828941 570957 513768 609906 676021 605235 585024 637634 755142 338741 619867 618302 199033 722850 550296 358440 999999999 477122 52217 916195 367592 666247 432086 675688 297496 926323 872491 423969 264028 284076 527889 282941 162130 648023 329793 666140 337626 575227 751368 835500 555754 464487 731623 306085 459370 500815 398163 500145 107346 253692 440813 93521 585779 803425 808206 391901 518190 825183 259936 649572 167788 861248 312156 97985 444906 117487 551714 633665 175511 475460 426031 323988 660888 825293 643873 662314 199261 599764 346265 251912 816647 136511
611999 82736 195923 577659 598145 305002 257172 996213 636993 653064 822262 392064 540455 1004893 712520 570818 643125 425677 912965 284516 825742 185317 213960 480009 750699 880549 576858 428078 160784 745629 595176 328604 654537 424542 477122 999999999 475849 1080931 509912 842639 613467 218357 733459 1061184 879723 807055 724387 714125 337797 692719 458876 653709 152655 708754 145302 590400 808775 627785 145169 76299 436767 205663 644098 373889 798020 30437 553301 370678 612576 392103 521133 440001 543082 337584 809952 872435 376002 213643 353390 1041155 733973 571719 822042 360200 161062 339255 652433 361594 113252 285566 231902 656534 907876 395401 675441 848039 801312 700351 850505 559594
693208 508544 492348 138563 864118 531334 471583 798983 410452 596326 364240 124255 695539 777043 477351 482703 209541 606605 776740 543202 468012 620424 666674 562966 532939 588178 713370 292233 610844 566089 157076 701578 498470 312538 52217 475849 999999999 865031 316815 614583 379874 665248 271700 874537 821191 386491 250133 255741 493470 248155 111513 598093 335016 614943 342785 525800 699520 794583 566342 454955 699573 290833 407171 462413 363701 496612 79834 213131 388627 120129 540151 776925 772101 354208 470724 773299 218481 635787 140321 810359 281726 126542 406707 128860 535641 604217 184277 437297 436669 292984 645773 781918 595694 629480 215553 550294 329911 230786 764995 98711
603469 1158946 1225502 950393 891207 836521 848575 87400 471381 453974 705392 969887 710070 88219 395231 511710 697007 762005 209610 868255 446339 1265437 1126153 656296 344071 292761 680780 673022 1095882 336327 733236 1012247 427194 668984 916195 1080931 865031 999999999 598109 253691 501505 1114250 735270 65701 338220 590993 807176 727770 776194 696025 769480 454199 1038405 389943 1042565 499722 304615 722861 1225165 1008900 859658 911372 469997 722849 630514 1076395 829577 763468 496785 964767 590432 979360 816408 744042 424107 279028 755055 1062880 849055 58848 702406 938048 572216 946728 989851 864985 902864 727724 1132200 810045 1054297 657814 306920 824349 937541 327932 779865 776131 307281 793685
402375 580396 632037 443046 634115 366695 337770 520475 130112 280503 434454 392403 435088 514686 207858 168240 274500 381629 473623 393505 330421 693917 618155 298004 254440 370906 441543 81835 572663 269143 264565 572031 188341 88394 367592 509912 316815 598109 999999999 346750 103980 610142 378394 593173 505313 363568 419784 357579 303997 317532 205488 282322 443339 298872 448096 212196 387609 524890 647748 447317 496549 319773 135439 247228 374029 513144 323526 165422 104656 387323 250845 604783 535404 188955 308274 461506 156966 563905 256568 550689 357588 429649 369935 361593 467372 431417 443604 231422 542116 224787 563902 497202 398119 428579 483367 338128 459587 380358 450971 294107
460604 918066 977701 707817 758496 625754 625907 184639 218312 276445 508059 716854 554455 168233 141576 289240 460349 574625 202999 657431 248926 1027948 911256 464163 92822 116508 535107 424187 875082 108748 490723 818391 193333 422331 666247 842639 614583 253691 346750 999999999 248091 900534 516416 260339 319694 391336 585759 504965 561363 468491 516568 277611 789478 218717 793996 292631 198673 598936 985028 773443 685517 663983 216419 503362 428061 840988 584562 511538 243878 711725 392716 807521 669054 505462 216049 243224 503248 849976 595508 204039 483657 695041 377580 693142 767400 667216 668968 503094 886081 564471 844185 541053 158505 636654 705863 127210 574627 550747 256191 548674
417246 684360 734707 490681 680543 449415 429269 427501 30961 257249 401389 473020 472897 416246 106758 167693 275163 442236 396906 478450 243074 797722 714006 343496 158254 267101 470969 185605 670530 186216 285165 654643 128484 189650 432086 613467 379874 501505 103980 248091 999999999 705268 365996 501878 452417 309463 421348 347623 384158 305895 274674 259224 545790 252516 550760 206693 324473 551890 751710 549766 559871 423397 32101 324330 329656 616040 365950 264894 12032 467876 281233 674816 582030 286534 215885 397256 256836 657592 347564 451836 338796 477316 310171 446976 563953 508181 472262 313764 645591 328670 656042 513178 295443 496129 511843 234940 442921 381727 392134 331818
560246 255216 379668 780350 445422 277767 277322 1026930 721792 661879 986136 598522 463447 1048780 788938 611672 803582 367811 923235 246000 940449 263643 14331 461799 814778 962701 502231 534110 57939 794164 761336 156223 707372 522381 675688 218357 665248 1114250 610142 900534 705268 999999999 902858 1082441 857672 951031 905344 882170 339865 854591 623439 661877 367060 724956 360277 615929 818027 526529 270178 211201 318714 375024 731741 397172 949228 188752 737703 512544 700824 597796 524175 268055 421151 421203 918089 869874 514888 51415 529967 1083855 897653 772960 962691 562446 143666 259761 847956 398922 323158 412039 63484 573056 996530 312965 874798 935290 976959 876608 844055 737172
775110 774726 764048 262407 1010407 713904 666629 690473 385808 623236 92616 391466 813479 649729 415069 527429 106557 753712 713489 734406 289737 888692 906637 676240 465433 442722 819253 413880 852643 518140 141573 908790 490514 434191 297496 733459 271700 735270 378394 516416 365996 902858 999999999 763733 800925 154315 72182 21565 659728 61241 279511 625211 601775 613319 609375 569496 668243 902404 834890 699966 864202 533432 375228 610824 117514 750604 192970 394580 378026 388094 627437 962772 912138 520109 311541 735025 394082 866254 380219 676561 33005 254604 176318 400554 763552 785246 184941 589835 705926 495565 872611 871044 431325 793939 211528 409002 81481 50722 736876 176239
557579 1140634 1212895 967373 839848 805506 822156 75714 471065 420616 740777 974395 665158 118877 398247 490396 717278 724337 162541 836974 478360 1244488 1094744 621515 343876 322867 634153 664279 1067037 325056 750009 974281 413440 658194 926323 1061184 874537 65701 593173 260339 501878 1082441 763733 999999999 280023 624677 834957 754641 747302 720748 774713 420585 1027638 358304 1031374 473250 265226 671498 1206104 987765 817436 899512 471487 696409 663772 1054899 844591 758192 495745 969254 558596 935632 768511 726680 452648 227841 749611 1031030 847976 106342 730730 954700 607094 948844 962309 829332 925157 703388 1118205 797130 1021456 606043 344047 786084 961062 354888 813313 802136 256359 808676
302313 962262 1054218 940945 565363 591592 624709 268383 425379 238715 810579 894041 408820 326933 385932 348530 722628 489924 141297 620798 562834 1054007 871057 403844 338112 434572 373562 551175 852594 282988 737319 731925 325381 537053 872491 879723 821191 338220 505313 319694 452417 857672 800925 280023 999999999 697126 864063 785526 544308 745082 710413 237442 882110 206442 884018 311466 132833 398239 1023324 803507 565325 755445 433306 506425 730541 867106 816982 650768 441554 889070 359125 677329 501813 571424 527805 77809 642203 807189 751486 345528 769952 927509 686526 859749 755256 598022 924385 521390 956874 654936 794528 332723 474380 547337 963817 446411 869326 825605 65112 783547
724947 859683 867916 409655 988389 727821 691691 553855 318022 553120 117100 510745 781931 507850 319388 476617 177415 742839 593862 752954 146517 976099 956932 650172 360123 301889 780412 424634 906121 417696 230376 931584 414852 441041 423969 807055 386491 590993 363568 391336 309463 951031 154315 624677 697126 999999999 225178 154838 666689 141857 352126 555049 691900 528855 698991 513428 565276 861061 923711 761503 859057 601465 305353 610735 39632 819520 316930 441461 320544 506603 590331 968350 889586 539547 175815 625573 437958 909059 461195 532155 124802 400302 22213 510071 807760 794388 338130 594100 798624 539765 912132 820358 284248 791833 365836 272099 188933 202956 632030 288633
821279 758658 736596 207610 1043894 735015 683394 761390 443675 677679 141303 360078 852341 721422 479236 577054 147500 784959 780970 753123 361887 870065 908010 714579 531119 514521 860850 443707 852925 582178 160144 923540 548391 464882 264028 724387 250133 807176 419784 585759 421348 905344 72182 834957 864063 225178 999999999 80795 684771 119226 286806 679647 585144 672186 592916 620142 731803 944266 815925 697968 891838 531210 433931 639764 187102 743893 171210 408512 433265 357432 670627 984872 946568 542616 383236 799943 409548 871795 375865 748502 104812 202269 246900 376267 769597 807533 121552 617344 686097 507017 879709 916611 503499 821022 142577 480478 82582 39868 800578 168248
755137 756397 747849 256096 989173 692347 645165 680893 368195 604840 109291 376954 792625 641635 400014 507926 85052 732327 700512 712884 283884 870707 886045 655302 451239 435009 798684 392371 832171 503078 120847 887359 473002 412713 284076 714125 255741 727770 357579 504965 347623 882170 21565 754641 785526 154838 80795 999999999 638170 41744 259015 606814 583719 596201 591281 550218 653005 881885 816999 679800 842703 513433 357875 589333 120819 730952 178095 373352 359638 373424 606995 941206 890951 498551 303663 720484 372773 845333 360756 669201 30386 247440 177051 384411 742625 763681 183654 568307 688301 474403 851578 851006 425592 772421 213321 400509 102816 49215 721724 158850
277818 420519 522463 631140 370766 65890 80759 689101 395283 327901 728263 492975 226819 709163 456071 272163 553277 118122 591184 96715 626736 509730 351122 142224 477368 629209 257117 246941 319881 454465 525337 270490 368707 227940 527889 337797 493470 776194 303997 561363 384158 339865 659728 747302 544308 666689 684771 638170 999999999 602182 405571 328168 373763 389018 373072 276699 485578 325967 479745 261616 208090 268435 406552 60295 674449 323298 542283 283738 377489 489484 190372 303851 280981 142857 600012 543648 280394 288939 360618 744391 644991 619665 673764 450414 215353 127743 668604 72617 426193 205179 282830 336982 665285 137202 704506 604358 740516 648582 519872 526577
713886 738548 736640 270797 950282 657612 612190 646455 326642 563102 131544 371937 752601 609197 360026 466373 51053 694245 662191 678980 256251 853842 858964 615492 411951 403593 758122 355597 805732 462997 98243 854618 431464 375548 282941 692719 248155 696025 317532 468491 305895 854591 61241 720748 745082 141857 119226 41744 602182 999999999 234300 565076 567170 554797 574579 508578 612715 841245 800516 654984 805556 489722 316426 552178 115633 708262 175633 343184 317908 368014 566251 905729 851883 463910 272711 680721 341914 816480 340002 637732 43461 260679 163419 374779 713828 728389 208228 531664 672897 444459 822033 809810 397145 735531 241621 368121 142061 82344 681477 149456
586082 507944 519375 243533 772954 451388 397433 699628 305601 484816 365024 200417 595127 682222 376483 371235 184298 513345 670101 467846 401222 624176 627133 459988 431104 503238 610492 184664 573161 460212 138241 636792 389065 205734 162130 458876 111513 769480 205488 516568 274674 623439 279511 774713 710413 352126 286806 259015 405571 234300 999999999 486586 339939 504034 346964 414421 590080 692749 571630 421098 613652 255430 303754 367234 339936 473993 137501 123111 282477 195303 432336 700907 678303 262859 396738 663977 125429 587538 109098 716587 276340 230483 369009 180457 484931 524417 264515 342994 446746 220213 594553 676514 516506 542772 301906 465716 354127 254828 654914 121754
186059 735407 821418 725266 481817 385022 405328 366841 241144 1975 656289 661710 276880 396134 242828 115710 532569 308987 263018 416424 449977 833181 674159 202098 225090 379004 258224 317213 647128 174534 536043 558788 140216 301713 648023 653709 598093 454199 282322 277611 259224 661877 625211 420585 237442 555049 679647 606814 328168 565076 486586 999999999 646088 64952 648267 74824 157411 326726 798644 578261 413159 518750 252861 281059 580814 643988 604557 416034 247198 656834 138231 534981 391451 335056 414640 218801 407606 610463 517466 429299 597721 711854 550967 625954 543519 410800 720949 292136 724331 417715 601087 274519 421660 371624 760849 369581 701654 639869 197958 573614
648310 173552 188973 427304 697803 367250 304007 957673 573336 645026 692959 241081 598332 956764 651160 545646 519887 483966 891482 358516 731427 286995 364183 506239 696764 808441 630415 365567 309144 703426 468973 455152 614198 369716 329793 152655 335016 1038405 443339 789478 545790 367060 601775 1027638 882110 691900 585144 583719 373763 567170 339939 646088 999999999 692005 7836 574925 792022 694679 233408 168832 527631 128690 577807 387468 677892 179778 414411 282420 547755 241517 528188 558237 627628 311036 720950 861458 289953 353662 230865 992945 606266 422064 708947 212327 274227 422970 505188 367279 106837 231566 369540 710561 830261 471900 526143 773218 664564 564520 843105 425627
241947 789719 871150 736301 540103 447539 464529 302544 228527 64488 635581 688460 338443 331199 209816 147372 527169 373926 204283 479130 412573 890047 737068 266608 179835 325813 317075 347461 708736 123459 537040 623639 124116 334810 666140 708754 614943 389943 298872 218717 252516 724956 613319 358304 206442 528855 672186 596201 389018 554797 504034 64952 692005 999999999 694693 118678 100536 380418 853914 634011 477628 563611 238383 339114 557724 700464 613041 447187 240997 683459 200784 599306 452130 382155 376624 169959 438534 673548 547013 364356 584060 722852 522416 654919 604142 475319 723918 347854 774580 461166 664584 323762 368914 436569 763644 320672 686672 632864 154563 580296
648260 165812 183963 435063 694406 365193 302398 961610 578150 647225 700509 248826 597086 961145 655948 548549 527202 482480 894569 355828 737725 279463 357253 506458 701247 813828 629443 369932 302345 707361 476368 449936 617947 373700 337626 145302 342785 1042565 448096 793996 550760 360277 609375 1031374 884018 698991 592916 591281 373072 574579 346964 648267 7836 694693 999999999 577394 794806 693080 225950 163544 524516 131982 582750 387983 685153 172677 422155 287839 552592 249286 529434 553633 624999 313292 727021 864013 295284 347489 237870 997347 613753 429852 715970 220162 269218 420007 513018 368118 99995 234796 363538 709663 835900 469437 533936 778706 672294 572219 845470 433249
211527 671181 752829 654868 489910 338401 349269 412819 195456 73332 608081 587119 279916 432920 219815 44086 472643 282576 322604 370251 423386 772285 627487 172194 219979 378495 271202 242558 596176 183883 471733 526096 113387 226894 575227 590400 525800 499722 212196 292631 206693 615929 569496 473250 311466 513428 620142 550218 276699 508578 414421 74824 574925 118678 577394 999999999 219169 349171 735569 515927 395806 446936 208220 223436 535675 582634 535684 341231 194910 582259 100460 517295 394016 264282 389725 286697 332816 564722 442703 467927 543702 641502 511955 551192 490212 375134 654518 230313 656129 345120 557233 307028 419175 344256 694383 361933 647959 580275 268306 505792
