NAME : synthetic_000559
TYPE : CTSP-D
DIMENSION : 100
GROUPS : 8
RELAXATION_LEVEL : 1
EDGE_WEIGHT_TYPE : EXPLICIT
EDGE_WEIGHT_FORMAT : FULL_MATRIX
EDGE_WEIGHT_SECTION
999999999 340367 360231 486856 514067 482851 171954 691316 874265 574220 423867 593740 90386 850437 780039 523277 430441 595723 179485 749940 808868 544714 164760 588898 875118 965939 630863 631235 148401 588274 835107 450931 401912 388582 983024 702956 360423 178808 347851 806693 758093 662486 649935 801511 243724 820379 530652 778611 661488 95263 412804 492530 620329 86427 669066 461055 182988 775350 708342 620664 222197 392395 254337 538712 740313 641687 628637 204248 740036 181706 826557 899406 784103 839889 141823 416697 694979 709062 545940 380095 765890 601499 529034 968235 281477 738871 317294 324689 726984 613562 807828 394306 521081 404285 219649 727470 286489 594115 454115 292196
340367 999999999 654698 521965 303269 773511 373446 783848 728610 436340 652392 727509 418356 907484 732132 288667 103929 842240 503983 641558 670735 733744 497193 770898 757289 942438 648471 648755 482484 756224 838360 627630 669698 420534 1000247 924506 619535 448092 581483 516221 473519 460144 915427 868496 422784 917064 570568 856456 913208 391118 219706 216213 896740 422217 448790 203892 183594 674759 848980 458948 503106 701746 420878 665998 743376 594369 835840 538386 503229 288941 734958 800291 838914 728701 417220 681635 869759 397197 651820 108977 597026 749220 618077 980453 75975 575499 381379 616310 583836 768692 901977 465098 231100 323152 391366 886747 378837 515721 384219 277340
360231 654698 999999999 451489 694076 122863 496378 510081 911369 672662 158876 390805 270936 676489 732943 719377 718662 255322 188206 772103 849376 285285 322218 325355 883122 860570 553333 553678 318084 343110 722177 253667 75881 420269 832324 375422 87995 443967 141400 1007861 957664 795820 293570 625293 550687 608215 467728 594718 312444 274771 618780 729048 260804 329618 817798 692236 471107 784080 467137 726804 151650 62541 274225 365218 647694 630153 325317 191970 891929 374778 815801 883911 624738 847026 426926 88773 417167 946283 396825 647742 845523 378311 408613 824740 615950 818399 378025 38392 789067 377423 600527 378980 762152 530693 540085 461574 350559 629681 542217 451610
486856 521965 451489 999999999 354563 509423 653259 264055 459882 259413 323237 237165 463837 389659 301960 390212 516312 468800 470681 320620 398218 305622 598255 322635 434115 479084 144730 145095 583086 294855 349689 230596 402154 107820 503374 495487 365279 662920 310113 632025 585797 388020 558503 347817 726509 395729 49355 334553 532175 417980 342739 447183 565460 541067 419052 416274 407527 333659 347828 309253 382227 513276 245632 184535 253814 180279 404501 515078 486414 318820 370323 441407 320603 397697 627264 402291 394691 616985 153021 441557 402886 267755 113061 486746 540049 377074 173225 428753 343162 290706 380497 94093 476176 211858 698861 395798 200859 184604 168998 252562
514067 303269 694076 354563 999999999 789873 621787 604085 425706 151220 620480 591665 553501 687140 461564 36382 233567 796807 613224 349214 369312 646914 675687 670996 458140 671558 432352 432515 658762 645796 588575 552602 675002 300260 748180 842794 626136 675301 572502 314142 263831 160155 883476 658876 685695 724970 391211 656169 865343 508044 103160 115515 880246 598407 157573 104626 337997 383571 700442 159085 563418 754044 419960 537076 502649 340516 750399 658662 226176 354939 444242 504867 623501 431903 638589 681520 748998 266293 507522 194497 293778 621777 467617 726581 365325 272382 318971 659478 283417 644563 709403 355196 134212 167654 653243 749902 343758 255144 186591 248934
482851 773511 122863 509423 789873 999999999 614159 504208 963300 750831 186357 388306 393213 661938 765017 817659 833206 167757 308366 824666 904395 268375 431862 297091 927005 865844 586557 586863 430114 323921 730642 284327 114899 501041 820618 289519 164286 556270 217490 1101090 1051352 877761 179410 612770 664924 579712 514633 580711 207909 397477 722153 834813 141237 448249 902785 797900 590101 832005 434108 804514 272289 105370 376126 381814 668293 679895 266287 304890 975714 489335 856214 920196 619758 891931 542449 109766 366286 1048405 419511 760364 911873 366571 441701 816298 737203 885649 470908 159994 852567 358228 574917 452718 868065 623146 656508 414232 447931 693515 625429 555651
171954 373446 496378 653259 621787 614159 999999999 863267 1013923 708614 585251 765024 237517 1021958 940049 622276 476826 745669 308582 897088 949528 710989 196122 755515 1022105 1131450 797908 798275 191266 756799 1002747 620522 550647 551137 1152784 858770 515125 87217 511046 884250 838928 779337 789863 973225 73267 992204 698516 950505 807506 262421 518894 571383 755199 166855 779300 546836 288893 924807 878421 749764 378561 513559 426036 710493 907062 799331 789706 310277 845090 337466 978860 1051083 955333 987953 76852 565940 861206 770000 717864 451793 896683 771850 700475 1137531 298301 870782 480963 465573 864581 783162 979712 562304 593989 543822 47890 895483 452478 744216 600057 436000
691316 783848 510081 264055 604085 504208 863267 999999999 543754 479124 351276 119354 641641 168119 309367 640457 780207 382380 614133 425151 501819 235883 761542 211292 486572 362609 183402 183395 749435 181201 231498 265452 437053 363602 322243 340345 428922 852966 394417 844412 803557 594356 461827 116598 934660 134358 218152 88819 419226 604856 605246 705393 489766 723298 630253 676466 653977 415162 121227 516127 519300 559037 437789 156727 196366 304153 275551 648872 684782 551088 412903 460341 115869 457912 821357 427991 204319 854719 145644 705611 551321 137644 169680 315090 796325 533021 413592 506717 490188 148395 119969 324352 732560 475113 910893 177295 429916 372844 426421 509211
874265 728610 911369 459882 425706 963300 1013923 543754 999999999 305892 777535 614599 881944 510516 237523 445292 655411 892820 910857 139325 65633 724816 1017277 722593 73054 359351 387155 386928 1000690 689492 368211 679108 860167 512223 475709 878779 824998 1050749 769994 435248 419941 277868 980762 515868 1083496 599718 448721 534622 944636 833131 514974 529224 998030 947830 302546 528746 726044 133230 664893 271224 830799 973124 681115 593670 349929 283448 801550 957359 292413 693126 135377 130344 479590 88181 1013102 859066 746567 523312 553535 619641 134986 647114 524561 453650 787257 153450 577665 888033 149597 667358 587549 539006 532699 471388 1051772 720732 612308 289602 420512 582570
574220 436340 672662 259413 151220 750831 708614 479124 305892 999999999 568817 488561 591680 544297 310344 183987 380325 726921 633100 205219 242638 565023 724330 581033 323445 520522 298715 298808 707450 552088 439167 484653 637884 252440 597752 753574 593722 748391 537331 373933 329204 129098 816324 520101 777792 591270 282373 520922 791279 543114 216939 266720 820696 651605 159714 252196 420298 238535 585792 54142 564437 735016 411648 441631 356476 193994 663317 680055 227877 395664 298947 364099 483390 293194 710756 641173 645206 376195 406358 328959 191906 521020 366892 575999 488183 164695 302436 642658 156295 544125 575863 298117 284018 170289 745996 638707 335479 110232 132952 282414
423867 652392 158876 323237 620480 186357 585251 351276 777535 568817 999999999 232086 347760 518056 584790 650724 695666 189988 291075 638687 718231 134214 440912 177928 742885 702999 405104 405428 432235 189653 564975 100506 88423 323585 673510 281620 81240 551102 76661 926899 877809 696923 268409 466756 649214 453175 328832 436427 261117 328629 563565 678183 260155 423855 723552 641662 475994 646773 316093 622010 207005 211071 232052 208162 493852 494089 204897 315503 795444 364249 673001 738594 465865 707484 526286 83261 279870 884128 242158 619121 725960 221244 259279 665864 630969 699899 305834 157776 666395 222762 444652 272039 711226 452862 632298 319335 290035 507575 447396 402798
593740 727509 390805 237165 591665 388306 765024 119354 614599 488561 232086 999999999 536600 286131 392770 627197 738796 281536 501913 484037 564360 121064 651016 108363 565855 477746 228368 228559 639721 75161 342429 150974 317711 313402 441550 270579 310465 748048 278911 862319 817702 613707 367383 234743 834902 230192 206224 204789 330059 503389 572527 681147 388868 617917 647210 648720 580081 481718 121971 533776 408064 439812 345821 61563 286759 345556 187417 534510 709823 470797 492186 548714 234736 533631 718051 308774 157678 853765 84148 661561 597886 33527 124135 434392 729793 575861 346621 388252 535430 56134 219365 263441 711107 442099 812900 161555 354878 394258 405570 450332
90386 418356 270936 463837 553501 393213 237517 641641 881944 591680 347760 536600 999999999 805527 764412 567818 501472 511685 89570 751406 816327 474736 136160 519373 875278 939078 603682 604060 120150 522333 804387 388372 316742 376864 945426 622387 278487 211573 274012 857508 807894 692146 562375 755262 302393 766238 502992 730188 575901 48840 456909 548645 531561 81657 703193 514746 245405 773862 645941 641673 141095 302013 218842 485734 712546 631516 552201 120047 776340 199952 821062 893945 741430 839228 181856 331826 624665 768806 498622 443390 782933 540380 487450 932181 365336 755352 306908 236254 738521 550126 754592 369771 579182 422541 284556 660139 272768 594829 463551 312803
850437 907484 676489 389659 687140 661938 1021958 168119 510516 544297 518056 286131 805527 999999999 281016 722812 888885 524603 781356 424764 487050 396481 927898 364862 441629 230088 260699 260451 915433 339002 142711 433554 602543 496907 158738 454677 596531 1016122 562519 879727 845328 638579 594121 51529 1094158 104891 340306 81936 547616 766918 710236 797682 628531 887089 675644 773575 795756 402514 235471 567927 686336 723519 596109 323763 190235 350600 412745 816696 716343 699717 375866 398414 69056 422895 983601 592728 320480 914654 306913 818851 558980 299243 321490 156267 929382 547858 556513 674332 504992 304273 99883 467796 820828 586644 1069212 276485 577839 434389 529449 642211
780039 732132 732943 301960 461564 765017 940049 309367 237523 310344 584790 392770 764412 281016 999999999 493770 687715 674293 772211 146038 206533 509886 899542 500836 177218 211224 179888 179553 884151 467710 145482 484299 672005 391548 291883 648306 644953 958288 594219 605631 574965 375760 759688 280194 1012988 363854 270278 297471 720571 717662 515038 577062 781476 840027 412098 561241 669843 121550 429789 316429 682261 791859 547225 383979 113331 142468 576115 816096 443014 602779 103797 156247 243117 149898 921750 668047 513541 655119 345556 629420 279532 423528 325661 269472 772872 271000 462942 716092 229563 441942 351163 395306 593657 417634 983550 485172 494987 216433 355033 509983
523277 288667 719377 390212 36382 817659 622276 640457 445292 183987 650724 627197 567818 722812 493770 999999999 210184 828837 631135 376999 391505 680606 686500 705397 481881 702964 468561 468721 669678 680561 622688 585133 702922 332683 781711 876865 653567 679557 600655 292246 241999 171745 914998 694926 684089 761281 427344 692412 897744 523551 111089 85895 910776 608634 161184 84901 343620 411537 736498 185209 585510 778668 445202 572190 537688 375307 784395 675930 222908 371504 472015 530504 659432 457183 643358 709899 784395 233836 543075 181966 311395 657112 503227 759981 354965 292012 347136 684166 307228 679844 745715 387876 100031 198337 651620 785759 370176 289985 221755 270220
430441 103929 718662 516312 233567 833206 476826 780207 655411 380325 695666 738796 501472 888885 687715 210184 999999999 884955 582950 582369 601443 761600 591682 795178 691235 898881 628244 628485 576324 776736 805628 656793 724388 425437 967338 956967 673445 549861 629759 413043 371319 379908 963154 854086 526696 910277 562393 845740 956120 468516 178728 127257 948780 514971 363322 129037 256826 616581 857790 392594 568989 770054 464891 678326 714054 556902 865907 620849 410969 344134 677280 738433 821764 665436 517982 735010 888575 293351 658474 78031 521216 763828 621674 946514 179899 502190 402538 680496 516425 784792 894845 476368 133795 305434 495295 900209 408869 473575 359580 297246
595723 842240 255322 468800 796807 167757 745669 382380 892820 726921 189988 281536 511685 524603 674293 828837 884955 999999999 438001 758875 839699 168552 577416 173981 846577 742384 505753 505988 572790 206847 613870 244814 195144 496560 682255 122746 235751 698140 262073 1095340 1047429 855980 89839 478867 803381 432863 457775 446617 71190 502326 747622 862348 107743 579243 885708 826225 664746 759593 289510 777823 373541 265861 422033 300408 567480 615968 112110 447001 954658 553758 773146 830243 492962 813741 679175 179939 210464 1062640 340515 808064 863659 251581 373655 680864 819153 839551 490030 281242 801742 235485 430600 441858 895102 630636 790831 258725 477466 649350 616134 590387
179485 503983 188206 470681 613224 308366 308582 614133 910857 633100 291075 501913 89570 781356 772211 631135 582950 438001 999999999 775991 845696 423975 150388 468339 897220 933378 602270 602647 141163 476268 795972 350940 243766 398750 928112 553560 213784 262236 225107 923057 872959 742290 481749 730137 365516 731645 503648 702846 498970 114470 521697 620357 448461 141730 756848 585210 326176 795369 602521 685277 95165 213584 230161 457638 708536 646877 490479 46969 831041 259875 838160 910310 720596 860761 241272 259128 570908 841415 477121 520854 821291 500441 473078 916675 453631 793527 334358 157107 772509 506912 721224 379228 651938 468802 353042 610027 299931 621291 501136 365554
749940 641558 772103 320620 349214 824666 897088 425151 139325 205219 638687 484037 751406 424764 146038 376999 582369 758875 775991 999999999 80840 590397 887368 590989 125268 335452 255737 255558 871004 558162 291520 540710 720952 377468 432254 752048 685677 928035 630717 459836 430287 237528 847565 418497 968240 500753 310054 431497 813045 702787 422095 462753 863027 820139 272463 453365 612993 34588 545808 191941 694013 833821 545848 458662 242685 144943 671449 822193 297687 568240 95062 159177 380375 90969 890531 719986 623494 514915 418488 534006 134216 517144 387772 409538 692408 125079 445047 749012 84774 538283 487039 401202 474313 354005 937154 602010 479580 156659 297260 461493
808868 670735 849376 398218 369312 904395 949528 501819 65633 242638 718231 564360 816327 487050 206533 391505 601443 839699 845696 80840 999999999 671230 951644 671544 92605 364093 335992 335801 935057 638661 347843 620737 799740 447222 472970 831657 763482 985551 708122 418744 396446 230335 928348 486221 1019398 569591 390027 501875 893649 767511 454834 476673 943862 882232 259531 473447 662092 87309 622901 211813 766251 911351 616125 539502 313521 225348 751772 892255 264057 627638 117803 148250 448710 79007 947912 799123 701993 492586 499327 561827 93116 597369 468496 450347 727413 102276 512252 825327 87308 618329 556506 475202 482822 406439 987773 679063 546894 224668 354982 517349
544714 733744 285285 305622 646914 268375 710989 235883 724816 565023 134214 121064 474736 396481 509886 680606 761600 168552 423975 590397 671230 999999999 574213 44672 680016 597611 338113 338360 565026 58136 463194 106123 209632 349452 554568 197262 215213 681844 201222 936806 889896 693599 257791 346312 777129 323068 290538 314655 227333 450040 609422 722878 273292 553175 724607 687972 568534 591597 182597 614581 336214 327988 320394 131856 406548 447425 104901 449653 791859 455147 606974 666131 351577 646678 655493 198324 150318 913060 171968 683592 695735 98333 205605 549227 723422 671922 359069 290216 633678 92888 315794 294204 754738 484967 758542 186235 355524 482821 462021 464580
164760 497193 322218 598255 675687 431862 196122 761542 1017277 724330 440912 651016 136160 927898 899542 686500 591682 577416 150388 887368 951644 574213 999999999 618496 1011363 1070798 736310 736688 16995 626655 934902 500178 387224 512981 1071975 696315 362306 125211 375394 971303 922578 820192 610751 876947 235116 881058 635963 850358 633723 184592 575620 657290 572740 78349 828918 625723 347748 909988 752876 773258 242952 327755 352637 604816 844549 767477 637824 130478 900917 329190 957189 1030060 865734 975340 119331 402444 720489 873426 621907 544328 916061 650438 614504 1059653 431522 888604 443060 298031 872999 657215 870376 504380 685764 554333 231537 760134 408925 730746 597923 442980
588898 770898 325355 322635 670996 297091 755515 211292 722593 581033 177928 108363 519373 364862 500836 705397 795178 173981 468339 590989 671544 44672 618496 999999999 674218 573690 335781 335989 609439 33202 442230 145327 249474 377386 523567 172869 258480 726491 245891 954478 908424 708560 259034 315964 821766 285523 301165 283804 222151 494356 638911 751363 281663 597847 740701 717067 608483 589573 141989 628934 380873 364775 361284 139780 393503 450618 82676 493401 806080 495340 600538 656583 325107 641957 700165 237234 106131 936400 177568 717156 701838 77602 215281 519588 762886 678992 393100 332412 639450 62897 279424 322769 782751 512146 803094 141708 392078 493176 484823 499039
875118 757289 883122 434115 458140 927005 1022105 486572 73054 323445 742885 565855 875278 441629 177218 481881 691235 846577 897220 125268 92605 680016 1011363 674218 999999999 286694 342567 342296 995088 641016 298935 643026 827794 499817 402655 825034 795695 1053276 742008 502318 483668 322868 933226 449967 1093094 533661 415785 470457 895280 826779 539347 567431 953024 944806 352060 562675 737267 101857 606972 299281 813180 943999 667174 550685 290476 253847 751171 943072 352888 693432 73981 59164 414647 36528 1015781 825512 690681 582941 510992 648707 184531 597512 485444 380601 811444 194836 568495 862187 174810 616748 522064 519688 574549 478630 1061910 662262 602883 281314 422472 586688
965939 942438 860570 479084 671558 865844 1131450 362609 359351 520522 702999 477746 939078 230088 211224 702964 898881 742384 933378 335452 364093 597611 1070798 573690 286694 999999999 335780 335404 1056437 543795 138748 607367 791056 580613 122443 682117 774967 1141636 731608 782812 759004 572974 817195 266957 1204712 334840 436560 298280 771923 894799 726068 787051 848710 1018080 607663 772113 871101 302268 458404 521928 839415 913894 720424 495353 226552 348859 632370 974053 625817 794831 248840 229355 249424 285675 1106204 783651 545764 849255 465225 840428 454298 499872 461615 103250 981070 454438 650489 851294 418743 510839 329736 572179 802480 624814 1176466 504054 679712 427184 562111 710559
630863 648471 553333 144730 432352 586557 797908 183402 387155 298715 405104 228368 603682 260699 179888 468561 628244 505753 602270 255737 335992 338113 736310 335781 342567 335780 999999999 378 721670 302799 204961 304598 492149 250434 360290 496716 465370 805958 415367 661043 620481 411101 593611 227396 871146 293366 100793 223904 557932 559087 449660 539912 611398 682374 447154 514383 548699 253974 298524 333288 509954 612021 384878 208119 109478 122130 415781 644663 501487 463360 270359 333757 193700 308736 770671 488341 370767 674898 168475 558249 373645 261414 145847 342966 674217 353477 317849 537307 311520 282583 277859 236641 564560 326383 843577 354096 345436 190406 268752 390347
631235 648755 553678 145095 432515 586863 798275 183395 386928 298808 405428 228559 604060 260451 179553 468721 628485 505988 602647 255558 335801 338360 736688 335989 342296 335404 378 999999999 722048 303003 204598 304922 492480 250785 359949 496873 465716 806333 415722 661058 620514 411127 593836 227197 871514 293236 101170 223753 558139 559464 449897 540104 611644 682751 447186 514591 549038 253752 298578 333332 510328 612360 385256 208389 109105 122064 415971 645037 501479 463720 270074 333444 193474 308476 771045 488666 370877 674988 168755 558507 373538 261598 146174 342619 674526 353389 318210 537661 311420 282756 277731 237014 564738 326653 843943 354160 345804 190467 268998 390676
148401 482484 318084 583086 658762 430114 191266 749435 1000690 707450 432235 639721 120150 915433 884151 669678 576324 572790 141163 871004 935057 565026 16995 609439 995088 1056437 721670 722048 999999999 616860 920809 489066 381210 497004 1058753 690866 354454 126257 365354 954729 905955 803198 608456 864586 235022 869870 621211 838252 630269 168329 558772 640886 571253 62000 811937 609193 331348 893766 742839 756325 231863 326846 337549 592723 830087 751655 630685 126215 883957 312243 941189 1014080 852890 959095 115263 396503 712052 857324 609118 528261 899202 639818 601022 1046241 417591 871755 426916 292353 856271 647051 859024 489130 669480 537424 229103 751139 392861 714365 581204 426031
588274 756224 343110 294855 645796 323921 756799 181201 689492 552088 189653 75161 522333 339002 467710 680561 776736 206847 476268 558162 638661 58136 626655 33202 641016 543795 302799 303003 616860 999999999 411189 138342 267586 355506 497364 201651 270889 731464 251553 925870 880206 679070 292231 289191 824305 265109 271009 257330 255172 494630 617313 728860 314427 602002 711610 695049 597845 556506 126670 599304 386193 386091 353106 110536 360693 418249 114050 503886 776250 485392 567339 623514 296135 608765 703927 256427 113727 910511 146780 698811 669840 45008 185398 492515 751247 647213 376166 346893 607418 34837 257685 301713 759879 489205 804566 139386 377781 462420 459281 482058
835107 838360 722177 349689 588575 730642 1002747 231498 368211 439167 564975 342429 804387 142711 145482 622688 805628 613870 795972 291520 347843 463194 934902 442230 298935 138748 204961 204598 920809 411189 999999999 468795 653188 454795 162050 564288 636358 1009152 592865 750982 719680 517827 692385 157333 1075966 238786 304473 183564 648748 760998 628298 702923 721189 884121 554568 683181 751178 265880 338572 453537 701698 776001 586380 357034 97185 249215 506212 836176 588165 668239 234213 256477 127884 280968 974255 646103 426519 796965 326490 741316 424767 366571 323421 142125 870478 416455 522786 712586 374787 379432 228914 440846 722550 515792 1048501 389290 550276 334079 454156 591456
450931 627630 253667 230596 552602 284327 620522 265452 679108 484653 100506 150974 388372 433554 484299 585133 656793 244814 350940 540710 620737 106123 500178 145327 643026 607367 304598 304922 489066 138342 468795 999999999 188049 252458 585301 300248 167620 599212 128966 850859 802773 613697 333035 382044 689028 380880 230712 353514 312747 358100 508420 622649 336095 469157 642458 587165 463225 547677 257979 536603 257261 309563 216078 112690 394614 395817 209245 383946 712501 350025 572795 638127 376594 607792 570215 183753 249625 818738 143214 578859 632743 152009 158780 576073 617815 607277 254656 244455 572217 162680 370301 197407 654960 387443 668378 277650 249626 414907 371332 359560
401912 669698 75881 402154 675002 114899 550647 437053 860167 637884 88423 317711 316742 602543 672005 702922 724388 195144 243766 720952 799740 209632 387224 249474 827794 791056 492149 492480 381210 267586 653188 188049 999999999 387050 759109 309947 51007 505340 102599 986235 936475 764172 250493 551534 609251 532678 412365 520658 259581 309874 608288 721432 227318 384446 788685 684537 487562 730527 391276 691754 180481 122838 263131 296542 582175 577075 252571 257163 861863 382213 758698 825122 552299 792117 485009 15363 342231 934030 330471 650305 802679 303693 346347 752095 638642 776096 356049 89331 744314 302039 525185 339959 754688 508249 596026 386139 333518 584758 511313 442319
388582 420534 420269 107820 300260 501041 551137 363602 512223 252440 323585 313402 376864 496907 391548 332683 425437 496560 398750 377468 447222 349452 512981 377386 499817 580613 250434 250785 497004 355506 454795 252458 387050 999999999 610393 546562 341753 566741 285559 603333 554338 377261 583502 454024 624363 497345 156906 439082 565142 328931 261811 374002 581773 449871 401744 339725 299708 398054 432605 306576 319929 482671 168904 253261 358001 255076 454018 445163 474813 214226 444210 517082 427869 463525 530227 391299 465136 566293 233467 348399 429527 339118 198015 593355 434166 401950 71409 390772 376789 360584 482431 55344 405548 135561 595892 474896 104330 222622 124420 146258
983024 1000247 832324 503374 748180 820618 1152784 322243 475709 597752 673510 441550 945426 158738 291883 781711 967338 682255 928112 432254 472970 554568 1071975 523567 402655 122443 360290 359949 1058753 497364 162050 585301 759109 610393 999999999 606625 750694 1153749 713776 889169 862008 667074 749393 208256 1225747 252768 455863 240039 702228 904266 790247 863054 785150 1026382 703094 844194 908972 401692 392748 607916 832967 880720 730494 473355 257344 410522 570200 965435 728917 821772 355273 347392 208716 396745 1119893 749737 475674 946161 451002 903354 559419 456819 458042 22748 1031379 555943 676229 828419 517022 462718 252590 591037 881728 677461 1199247 429868 701703 494814 616028 750185
702956 924506 375422 495487 842794 289519 858770 340345 878779 753574 281620 270579 622387 454677 648306 876865 956967 122746 553560 752048 831657 197262 696315 172869 825034 682117 496716 496873 690866 201651 564288 300248 309947 546562 606625 999999999 343901 815284 358188 1127202 1081256 880715 149724 415262 918832 353947 472631 384495 101373 608134 806661 920135 193117 693473 913166 885228 753338 747166 225730 800955 481884 388596 505175 311953 536129 615791 92559 565872 977883 640202 751085 800625 437312 794913 794634 294596 137779 1108577 348301 879066 868317 237053 387045 608697 908789 846428 554884 398514 805868 214816 355488 491376 951966 681995 904764 178262 548911 663625 657016 659721
360423 619535 87995 365279 626136 164286 515125 428922 824998 593722 81240 310465 278487 596531 644953 653567 673445 235751 213784 685677 763482 215213 362306 258480 795695 774967 465370 465716 354454 270889 636358 167620 51007 341753 750694 343901 999999999 475657 56515 938161 888271 718952 298070 545077 576560 533992 380078 515247 303276 266618 557964 670874 277205 350769 742613 633969 437872 697004 397321 647765 138371 148341 212351 280086 560403 543103 276807 235246 816167 331614 728059 795997 542319 759671 452722 62101 358480 884119 310237 599302 762414 301638 320841 742250 589809 735528 307238 77804 705044 303877 525219 296971 704131 459926 561423 399336 283668 545426 465491 391711
178808 448092 443967 662920 675301 556270 87217 852966 1050749 748391 551102 748048 211573 1016122 958288 679557 549861 698140 262236 928035 985551 681844 125211 726491 1053276 1141636 805958 806333 126257 731464 1009152 599212 505340 566741 1153749 815284 475657 999999999 480695 950960 904333 829311 734710 966112 110074 977790 705297 941403 756320 249584 572241 635803 697347 130135 832510 608572 337350 953816 856115 792923 345656 452635 423456 697253 915403 820386 752464 252358 900937 360001 1005308 1078134 951361 1018198 37655 520688 830615 841409 709383 517126 939216 751154 696564 1139823 374783 912564 495348 417112 902634 760181 966165 569466 660592 579578 110368 867986 463755 772534 631493 468202
347851 581483 141400 310113 572502 217490 511046 394417 769994 537331 76661 278911 274012 562519 594219 600655 629759 262073 225107 630717 708122 201222 375394 245891 742008 731608 415367 415722 365354 251553 592865 128966 102599 285559 713776 358188 56515 480695 999999999 883644 833877 662816 334325 511010 576291 507521 327081 482401 332497 252590 507329 621032 319227 351966 686788 584196 402764 642756 377516 591354 135039 203231 165107 240458 513470 488835 280840 255681 760198 292561 675161 743826 505075 705853 454316 109332 350744 832237 266613 554347 706060 275584 272796 704120 557083 679137 253611 121940 648876 281822 497552 240457 654267 405658 558376 387294 232049 489299 409519 342442
806693 516221 1007861 632025 314142 1101090 884250 844412 435248 373933 926899 862319 857508 879727 605631 292246 413043 1095340 923057 459836 418744 936806 971303 954478 502318 782812 661043 661058 954729 925870 750982 850859 986235 603333 889169 1127202 938161 950960 883644 999999999 50352 250333 1183894 866316 938120 944479 656232 873475 1161488 814332 401499 315639 1184571 892979 215406 345671 623940 488206 956096 329702 877124 1068066 733934 815357 690974 542361 1036515 967546 163384 663224 534923 561442 828074 497472 916490 991973 1018513 135263 780291 433841 329761 894890 740796 866432 591918 334762 631159 973505 376222 917987 929661 655990 290518 478254 906301 1010079 657320 472633 480231 561974
758093 473519 957664 585797 263831 1051352 838928 803557 419941 329204 877809 817702 807894 845328 574965 241999 371319 1047429 872959 430287 396446 889896 922578 908424 483668 759004 620481 620514 905955 880206 719680 802773 936475 554338 862008 1081256 888271 904333 833877 50352 999999999 209617 1135768 829849 894076 906788 611480 835742 1113952 764498 351544 268534 1135884 844290 173327 297397 575560 460321 913663 287510 826773 1017810 683685 769671 655660 503509 990231 917537 133277 613164 510204 542361 791758 475441 869560 942333 974405 114138 735170 387556 304757 850047 695492 839263 548801 306071 581176 923246 345690 873158 891805 607331 245015 428345 862094 967190 607147 430863 431715 511631
662486 460144 795820 388020 160155 877761 779337 594356 277868 129098 696923 613707 692146 638579 375760 171745 379908 855980 742290 237528 230335 693599 820192 708560 322868 572974 411101 411127 803198 679070 517827 613697 764172 377261 667074 880715 718952 829311 662816 250333 209617 999999999 945410 621245 844437 697467 408289 626433 920130 644669 261061 252836 949695 744496 37065 256628 492590 270936 705791 79931 680308 857844 528958 568874 448404 293997 791040 788915 98805 492369 327933 376442 583306 303549 792155 768004 769134 279387 532680 352474 142884 646577 493672 644491 524697 128060 420238 764504 155370 669620 682428 425363 254854 273702 812033 759884 451395 222307 253694 379496
649935 915427 293570 558503 883476 179410 789863 461827 980762 816324 268409 367383 562375 594121 759688 914998 963154 89839 481749 847565 928348 257791 610751 259034 933226 817195 593611 593836 608456 292231 692385 333035 250493 583502 749393 149724 298070 734710 334325 1183894 1135768 945410 999999999 551072 842776 497037 547543 519231 48446 559540 831155 945879 47038 623167 974902 909495 735122 847583 359349 867405 430334 284716 498372 389557 651253 705105 186284 482601 1044128 626526 859569 915187 568583 900822 719595 236820 273827 1148825 429566 887010 953323 336160 463227 749867 887781 929290 573208 326252 891351 318258 496847 529209 978818 716662 833214 319761 558425 739186 704177 671207
801511 868496 625293 347817 658876 612770 973225 116598 515868 520101 466756 234743 755262 51529 280194 694926 854086 478867 730137 418497 486221 346312 876947 315964 449967 266957 227396 227197 864586 289191 157333 382044 551534 454024 208256 415262 545077 966112 511010 866316 829849 621245 551072 999999999 1045218 83851 298609 32320 505346 717143 675915 767273 583970 836871 658219 741710 751535 399719 191778 547800 635164 672774 547202 272501 176546 328705 367592 765291 703283 653494 380503 411836 38343 427687 933846 541883 278837 894042 256729 782585 551963 248635 273212 203626 887782 538535 511452 622880 495201 254623 72237 422260 791650 549943 1020602 237464 531562 409889 494653 600013
243724 422784 550687 726509 685695 664924 73267 934660 1083496 777792 649214 834902 302393 1094158 1012988 684089 526696 803381 365516 968240 1019398 777129 235116 821766 1093094 1204712 871146 871514 235022 824305 1075966 689028 609251 624363 1225747 918832 576560 110074 576291 938120 894076 844437 842776 1045218 999999999 1062871 771695 1022167 863078 331530 583417 628602 806127 225805 842797 606205 357495 996319 946997 817730 442237 561867 498062 781157 980316 872083 852708 360209 906937 410581 1050785 1122859 1027747 1059168 124245 624611 927015 819674 789448 509274 964583 840766 772734 1210581 346810 938989 554227 522176 933987 851434 1050555 635446 649265 614512 32473 962435 525711 816037 671534 507759
820379 917064 608215 395729 724970 579712 992204 134358 599718 591270 453175 230192 766238 104891 363854 761281 910277 432863 731645 500753 569591 323068 881058 285523 533661 334840 293366 293236 869870 265109 238786 380880 532678 497345 252768 353947 533992 977790 507521 944479 906788 697467 497037 83851 1062871 999999999 348228 71046 449652 731760 733748 830210 533769 847697 734256 802799 788245 482863 145634 622282 638129 650127 568393 281730 258120 403564 320922 763089 781942 684668 464352 494663 120880 511538 947327 521328 223854 966998 277757 836641 633665 232653 303946 254969 930560 619391 547931 610942 575983 230879 15579 458710 856053 604846 1039992 177289 563840 481674 553227 643229
530652 570568 467728 49355 391211 514633 698516 218152 448721 282373 328832 206224 502992 340306 270278 427344 562393 457775 503648 310054 390027 290538 635963 301165 415785 436560 100793 101170 621211 271009 304473 230712 412365 156906 455863 472631 380078 705297 327081 656232 611480 408289 547543 298609 771695 348228 999999999 285920 517721 458297 387100 488563 558519 581584 441319 458863 456512 318204 309331 328434 412501 528308 284158 161470 210128 165277 383834 546802 505252 365913 348108 416934 271250 379920 670118 410673 363285 649683 124401 488421 406119 238660 85908 439709 589361 381792 220417 448278 344506 261759 332888 136374 516574 257073 744504 359787 246266 192477 209188 301917
778611 856456 594718 334553 656169 580711 950505 88819 534622 520922 436427 204789 730188 81936 297471 692412 845740 446617 702846 431497 501875 314655 850358 283804 470457 298280 223904 223753 838252 257330 183564 353514 520658 439082 240039 384495 515247 941403 482401 873475 835742 626433 519231 32320 1022167 71046 285920 999999999 473698 692968 668307 762648 551849 811842 663231 735977 734475 414797 160131 551373 608063 641584 524594 245545 188914 332561 335435 737281 711003 634298 399584 434830 56489 446560 909582 510801 247584 896389 232729 773098 563846 217308 252495 235837 873247 549101 493909 593024 505682 222682 56230 404448 787936 540634 998032 207275 512524 411127 487231 585339
661488 913208 312444 532175 865343 207909 807506 419226 944636 791279 261117 330059 575901 547616 720571 897744 956120 71190 498970 813045 893649 227333 633723 222151 895280 771923 557932 558139 630269 255172 648748 312747 259581 565142 702228 101373 303276 756320 332497 1161488 1113952 920130 48446 505346 863078 449652 517721 473698 999999999 569030 817895 932579 92463 640684 950579 896558 735261 811677 313587 841405 439752 312395 493168 357501 610890 671960 144578 504055 1018587 624593 821430 875449 523956 863467 739182 244820 227135 1131432 396997 879193 922045 297853 432385 703071 889404 898592 560560 341937 859809 278661 449820 510153 965256 699764 851906 272382 548462 710104 683393 661361
95263 391118 274771 417980 508044 397477 262421 604856 833131 543114 328629 503389 48840 766918 717662 523551 468516 502326 114470 702787 767511 450040 184592 494356 826779 894799 559087 559464 168329 494630 760998 358100 309874 328931 904266 608134 266618 249584 252590 814332 764498 644669 559540 717143 331530 731760 458297 692968 569030 999999999 413016 508147 532023 123288 656381 473529 211811 725438 616012 593316 129393 314403 174618 450211 668266 583841 533376 154860 729807 153327 773009 845925 701870 790773 216703 324349 600354 728982 460494 406676 734253 509509 446987 890505 344524 706656 258619 237584 689692 520747 719648 323904 539317 374249 310282 633571 224671 546178 414742 265174
412804 219706 618780 342739 103160 722153 518894 605246 514974 216939 563565 572527 456909 710236 515038 111089 178728 747622 521697 422095 454834 609422 575620 638911 539347 726068 449660 449897 558772 617313 628298 508420 608288 261811 790247 806661 557964 572241 507329 401499 351544 261061 831155 675915 583417 733748 387100 668307 817895 413016 999999999 114747 823144 497873 260694 78757 235039 455141 688728 243751 480279 676643 346358 513674 535870 380519 714298 566053 328822 261823 515275 581037 643274 509909 535604 616466 726387 327507 490048 114384 387401 599716 451790 769697 272580 363744 257947 582573 367541 621580 718252 316141 147676 131090 551000 733894 275349 298953 181268 167210
492530 216213 729048 447183 115515 834813 571383 705393 529224 266720 678183 681147 548645 797682 577062 85895 127257 862348 620357 462753 476673 722878 657290 751363 567431 787051 539912 540104 640886 728860 702923 622649 721432 374002 863054 920135 670874 635803 621032 315639 268534 252836 945879 767273 628602 830210 488563 762648 932579 508147 114747 999999999 937589 578952 236265 36914 309544 497266 794952 271068 586986 785700 458688 623465 615488 454148 827665 662913 287147 362850 557794 616365 732778 543021 601053 729959 836527 221079 597749 119607 394663 709381 558682 841562 288016 376393 372675 692246 392919 731592 814634 428914 33257 239737 596363 841857 389365 368921 279375 279174
620329 896740 260804 565460 880246 141237 755199 489766 998030 820696 260155 388868 531561 628531 781476 910776 948780 107743 448461 863027 943862 273292 572740 281663 953024 848710 611398 611644 571253 314427 721189 336095 227318 581773 785150 193117 277205 697347 319227 1184571 1135884 949695 47038 583970 806127 533769 558519 551849 92463 532023 823144 937589 999999999 589029 978058 900939 714859 864827 393070 872693 403799 245188 484334 404487 675116 719273 216453 446127 1048499 608600 879773 937538 599399 919875 683680 215105 309915 1144262 444665 873564 964540 359243 476009 784702 865760 939864 565775 295641 903026 343210 532673 528585 970711 712734 797713 357072 548465 748389 704346 660478
86427 422217 329618 541067 598407 448249 166855 723298 947830 651605 423855 617917 81657 887089 840027 608634 514971 579243 141730 820139 882232 553175 78349 597847 944806 1018080 682374 682751 62000 602002 884121 469157 384446 449871 1026382 693473 350769 130135 351966 892979 844290 744496 623167 836871 225805 847697 581584 811842 640684 123288 497873 578952 589029 999999999 752372 547383 269409 843981 726293 699586 217185 349350 297782 567359 791542 704931 626956 147297 823985 255972 892973 965940 822828 909079 102447 399778 702542 795333 580201 466283 843509 621131 568559 1012922 359033 816212 378830 298771 802139 630386 836119 447032 607491 481325 211596 739095 345609 663554 527468 369353
669066 448790 817798 419052 157573 902785 779300 630253 302546 159714 723552 647210 703193 675644 412098 161184 363322 885708 756848 272463 259531 724607 828918 740701 352060 607663 447154 447186 811937 711610 554568 642458 788685 401744 703094 913166 742613 832510 686788 215406 173327 37065 974902 658219 842797 734256 441319 663231 950579 656381 260694 236265 978058 752372 999999999 245093 495162 305401 740918 114427 698277 879494 548281 601214 485469 330718 823018 803176 74601 503275 361351 407048 620302 334805 795670 793041 803177 243084 565580 343057 168730 679906 526294 680478 516108 157936 440500 785658 189097 702986 719190 451535 233933 290541 810330 794756 470513 257690 277378 391924
461055 203892 692236 416274 104626 797900 546836 676466 528746 252196 641662 648720 514746 773575 561241 84901 129037 826225 585210 453365 473447 687972 625723 717067 562675 772113 514383 514591 609193 695049 683181 587165 684537 339725 844194 885228 633969 608572 584196 345671 297397 256628 909495 741710 606205 802799 458863 735977 896558 473529 78757 36914 900939 547383 245093 999999999 278272 487611 763620 263711 550536 749009 421774 590479 593840 433967 792824 628135 302658 326994 548308 609456 707850 536524 573260 693092 803441 256709 565681 98662 395487 676487 526927 823000 271515 375300 336351 655482 387899 698542 787242 394364 70166 206651 573815 809782 352617 349386 250065 242265
