NAME : synthetic_000110
TYPE : CTSP-D
DIMENSION : 100
GROUPS : 8
RELAXATION_LEVEL : 1
EDGE_WEIGHT_TYPE : EXPLICIT
EDGE_WEIGHT_FORMAT : FULL_MATRIX
EDGE_WEIGHT_SECTION
999999999 199532 231837 929463 874721 378894 421195 265832 547809 578114 620719 37423 640636 334194 489723 426503 227658 543415 515829 112993 603789 517767 589341 147744 188231 353650 213851 158224 717928 286104 540438 613883 215974 271386 249451 460222 910809 170213 171702 408243 55531 235432 67591 294556 231524 149608 497009 725192 338763 611685 346408 720097 553155 417910 310692 583376 653544 548967 529038 370064 361210 876260 555378 136912 718526 426553 239761 359125 524398 765736 401412 173226 466586 666220 706062 601553 426345 545281 158123 189665 608310 466081 650908 96896 60641 559346 653454 656898 586007 736515 684442 455927 383245 307666 755493 623079 281583 399431 419421 156481
199532 999999999 406759 1076940 1017858 566306 566755 159016 720376 632783 699885 162651 837023 445463 669670 559959 30902 719210 689517 309748 798915 498620 788488 284376 64915 236350 375753 198941 858818 418022 739837 796428 220374 185952 51216 492796 1053793 361538 31976 369377 240476 412159 132141 170100 340746 308915 690174 864255 521267 811083 317946 906679 480311 568983 230992 550823 853073 744424 724194 512680 560587 1026775 572900 89449 850645 510194 370306 482777 710059 891009 572941 42078 519960 860417 885984 567201 384572 717881 338832 349705 606146 411457 850110 177085 201658 696737 808422 851609 745440 918477 883973 456289 549088 495997 903629 762453 133619 578967 445161 54994
231837 406759 999999999 939508 895313 345817 483567 393832 532866 729215 745288 258460 447573 178216 461696 507482 428328 520242 502128 135360 499482 721184 420627 132114 368018 585483 310741 243476 752436 402013 380203 389681 279270 502880 457677 638461 929822 79973 386173 625473 177130 289011 285283 525863 146163 287053 415283 762265 115742 463955 564171 646279 775501 471025 397281 790001 496557 354003 333397 448035 221495 883296 736010 320917 767460 567590 372689 176071 304362 821866 413555 369187 629050 562675 655166 808298 643585 530565 73862 63717 798065 685668 480575 232719 205909 614800 667291 551079 597449 677217 525768 653572 413357 100859 774325 668393 509997 389397 606010 353206
929463 1076940 939508 999999999 64855 593795 511728 1192298 406771 583888 485059 959410 801965 1115925 478552 517260 1107142 420514 437391 882537 530223 809691 716740 1005836 1100056 1018617 715985 1079445 219601 659103 702831 959078 1137222 970157 1108443 696937 38677 887575 1045622 871854 934955 697846 980175 1021837 1070672 782473 551586 215961 910647 647270 866622 386789 951465 512410 1240059 842823 668484 808104 811483 565365 745106 56402 702146 1055960 239227 602649 707201 1103508 910986 223746 536627 1074129 643695 498564 331808 848632 875148 409038 926219 975463 751663 900389 715119 1022876 978597 380932 277439 509070 347025 335591 670919 774753 548680 879061 174172 315280 1050983 552760 731692 1061139
874721 1017858 895313 64855 999999999 549788 454817 1136110 365322 519348 420657 903813 786543 1072736 437644 457908 1047888 380992 394457 832275 510564 744898 697984 956186 1042594 955053 660895 1026468 159042 600682 679769 938050 1084482 907697 1048379 632165 36121 840309 986720 807308 882433 645335 923788 959289 1023311 726709 519523 154108 872708 630582 802719 378473 886695 456844 1185403 778447 655839 785384 787213 507929 707832 51950 637586 999336 175015 538949 648992 1062252 884930 159511 487190 1016170 578994 486022 316585 784439 810483 367426 878394 928625 687757 835571 701839 969033 925192 321124 228354 495570 298486 327445 661226 709944 496821 839457 121471 255407 988995 506403 667155 1003494
378894 566306 345817 593795 549788 999999999 191537 641394 187618 500158 476679 415006 403975 522954 118327 230684 596763 176647 156435 302265 242343 597155 315806 420132 566491 620840 204720 508091 410997 231425 267052 484182 563087 542496 610891 474051 584120 296503 534940 560477 365926 157871 442606 588832 478741 263091 131299 421467 331501 298170 515166 341418 705955 172147 675581 664521 345850 343981 333383 191572 177054 537651 557845 515713 431313 356792 251455 513249 403347 487514 88690 548267 437627 299406 329339 680795 574949 185257 336065 383106 629985 617916 365720 459326 413770 291334 322304 292176 253035 358363 374242 527637 110200 294310 429146 334439 598950 50559 466367 532250
421195 566755 483567 511728 454817 191537 999999999 681299 188769 311560 285713 449300 588635 659401 182959 41503 597257 199139 168678 392484 374809 441180 496365 516287 588328 544267 207749 575679 296997 149334 450905 675684 633969 480648 600832 310533 490937 414486 535156 437716 433754 201788 468972 532123 591528 272269 282626 304043 501067 464703 408107 402747 566848 20177 731496 503431 511141 534439 524529 54104 362740 460458 382071 544549 298280 184542 196468 659415 593918 347986 105053 562547 265104 413547 357587 518000 448431 186847 448303 501667 454412 487098 539285 516709 473951 138920 242213 411347 183431 394323 535984 377218 82298 459877 337716 201889 555061 145739 316554 549435
265832 159016 393832 1192298 1136110 641394 681299 999999999 813575 784259 845596 233372 841402 365339 754506 681609 145389 808873 781551 346431 855241 657624 809667 262338 103445 387609 476761 150756 978063 538106 765494 768818 123753 344708 174872 647088 1172231 379120 178119 528365 276997 501251 212347 323908 278292 409855 752928 984676 507149 844954 476643 980810 634856 679889 72647 709495 882095 747806 727194 628471 591238 1139810 729995 137381 975150 652282 489724 408338 691079 1019439 667229 134943 670504 918796 970171 725722 543452 811047 344366 330142 764884 569393 870712 183661 228566 817333 917584 908622 850867 999754 912281 614241 648532 493892 1018130 882228 283413 664648 599947 141556
547809 720376 532866 406771 365322 187618 188769 813575 999999999 462487 403903 581618 478470 709164 72322 223037 751277 20985 32275 484605 218059 624180 382881 605392 730570 727385 344634 687832 239546 321486 349537 603996 744244 658944 760133 492539 398808 483545 688408 626485 543509 312734 606510 709429 666171 411841 169769 251105 507703 331139 595783 214079 753718 174797 853431 683134 371892 450931 447867 233328 343513 350490 553043 682020 270364 366297 361894 697359 538119 326935 147650 708711 443021 239969 171538 696518 637133 2529 522839 570595 623693 675459 409678 635334 589905 178179 143070 240855 83054 207477 390712 562954 172170 474135 246764 187654 728177 151065 503234 693770
578114 632783 729215 583888 519348 500158 311560 784259 462487 999999999 99251 589139 900195 888625 484465 270595 657110 480038 456162 606795 674251 228493 807725 714210 680826 487289 418652 730874 391327 327899 762461 981162 785004 469495 643960 144566 548620 650398 607912 317338 616021 447940 593775 514742 798807 450359 591611 388095 777409 773224 336836 660887 368999 331720 850527 259480 818724 844135 833207 311841 661317 553870 118265 655243 353733 161734 357907 900306 895964 360245 416335 649450 114014 702390 599029 266589 314644 461607 673411 725710 174221 329374 849141 669521 638754 294276 418826 702825 407276 634757 841972 209647 390146 734580 450562 328852 553860 456856 191945 643158
620719 699885 745288 485059 420657 476679 285713 845596 403903 99251 999999999 636831 864448 913048 438439 249478 726102 423257 403709 632401 621164 327418 769821 747561 742866 574351 437602 777576 298166 347067 727870 960696 833780 547960 716243 231026 449559 669137 672896 408909 652230 456816 645616 595749 830292 481376 550027 293841 779370 728158 421003 588759 468219 304646 908790 357790 771741 816972 808141 303206 648042 456320 217374 712282 258021 195049 386222 920110 879603 261322 388586 712143 186487 642021 523622 363994 408024 403477 696616 750175 268568 425931 805858 715679 680760 226734 337509 643929 337993 558029 792660 303222 368003 737123 357063 247049 632878 428945 275071 704086
37423 162651 258460 959410 903813 415006 449300 233372 581618 589139 636831 999999999 675824 343806 524732 452151 190431 577788 549776 147818 641072 513983 625872 158722 151542 329902 243523 141742 746297 309830 577189 644485 196977 250120 212948 465666 939929 202605 135630 399129 82351 268886 30513 268225 237989 177105 534062 753239 368696 648890 337798 756369 539866 447124 282675 577767 690583 583755 563700 397173 397938 906673 558986 100897 745256 441870 262230 372304 555822 791310 434649 135816 476251 703428 741314 595771 417031 579090 185913 210427 608634 455056 687483 80608 62165 586537 684278 694152 617497 772109 721469 455028 415279 339499 785279 650892 251641 434186 422892 119098
640636 837023 447573 801965 786543 403975 588635 841402 478470 900195 864448 675824 999999999 541771 428113 629694 862475 457486 468097 528021 277632 996643 95704 579326 808295 967696 568462 690920 704172 625270 137751 173078 725251 883322 888010 876818 811382 475980 811390 944844 596591 517863 706071 920146 578410 600396 315421 716144 336211 156141 892330 416863 1095679 568478 841501 1065190 135988 93703 114313 595430 289106 750721 961812 758084 742273 760756 631745 504112 179286 796901 484020 804058 841574 303683 470970 1081927 960929 477894 503230 511277 1033913 1004969 89527 673538 638263 649792 606909 292931 560336 467311 144044 926101 511697 347914 690203 666055 916350 443736 865754 787254
334194 445463 178216 1115925 1072736 522954 659401 365339 709164 888625 913048 343806 541771 999999999 637458 681256 456532 695770 678855 281972 655089 851482 542447 186550 388171 664471 475450 246783 930628 566333 512178 428859 243535 590058 490432 785020 1107049 245745 436514 741778 283367 461069 359825 598840 107249 438446 582003 940475 227181 598534 680071 808541 883639 647624 335733 917511 622553 455107 436183 621299 382359 1059613 882031 357429 945554 728593 531111 44238 368029 999801 591755 403408 782962 716232 823667 935704 759809 706910 216458 163179 938859 798590 596545 278948 281690 792214 844970 704071 775258 843181 648774 788207 591008 245248 951950 846444 571903 567350 747597 391692
489723 669670 461696 478552 437644 118327 182959 754506 72322 484465 438439 524732 428113 637458 999999999 223246 700476 58618 45858 419461 192145 623561 332720 538336 675329 696574 295938 624491 308905 290111 294006 542532 680095 623677 711697 493345 471084 414766 637851 610814 481145 257794 550963 672816 596714 361142 112722 320196 435492 290127 574091 241036 746265 164360 791330 686344 334725 391179 386214 214238 271678 422203 563774 625600 336471 367500 324502 625198 472671 393355 104041 655096 447903 231869 216772 700957 623059 70240 454373 501035 635850 663561 367491 573990 528405 222134 214160 228953 149325 248810 357514 558384 135493 401813 318885 246942 688118 90841 497142 639616
426503 559959 507482 517260 457908 230684 41503 681609 223037 270595 249478 452151 629694 681256 223246 999999999 590034 235249 205778 408547 415345 402652 537659 530906 585865 520982 216829 583285 298876 143609 491945 714257 641535 461516 591269 271436 493866 435541 528816 405739 444112 220343 469641 513325 608705 276943 324105 304525 531962 506188 380010 436853 530694 61601 734799 463874 552590 574356 564053 60149 398823 468139 340937 544281 293545 144974 192070 683547 631451 339292 145741 558828 224723 452665 388297 478164 415544 221315 467491 521253 413215 452991 580781 523078 481760 136819 256831 450847 205345 425309 577338 340111 120529 490168 344811 202502 538748 186277 280200 546557
227658 30902 428328 1107142 1047888 596763 597257 145389 751277 657110 726102 190431 862475 456532 700476 590034 999999999 750093 720413 336356 828694 515715 815570 302883 68477 242636 406653 210045 888846 448390 767251 817826 223639 201788 34336 515956 1083796 386541 62876 385748 266076 442906 160067 178519 353752 339790 720199 894192 543493 839317 336928 937300 489519 599637 218027 565524 880956 769581 749262 543168 588036 1057127 593771 107587 880238 537608 400790 495223 732397 920167 603837 59163 544867 890356 916827 581489 400224 748782 362117 369700 624423 424685 877233 196331 225039 726767 839027 881468 776189 949278 911833 476336 579984 519621 933943 792497 138362 609753 468130 75524
543415 719210 520242 420514 380992 176647 199139 808873 20985 480038 423257 577788 457486 695770 58618 235249 750093 999999999 31683 476594 198113 637532 361897 596247 727553 733014 343678 680925 258880 326109 328706 583538 736907 663131 759867 506013 413960 473150 687278 636229 537051 309283 603281 713236 655254 410314 149393 270531 491726 310348 603885 204579 765629 183785 847235 697378 351359 430350 427498 240810 326923 364129 568675 678464 290619 379544 364834 683005 518334 347069 146662 706366 457275 222513 168147 711032 647300 20545 512688 559583 639680 686217 388883 629447 583915 198166 161648 222795 103761 202852 370509 575330 173824 458948 263674 208629 730868 144383 515154 691192
515829 689517 502128 437391 394457 156435 168678 781551 32275 456162 403709 549776 468097 678855 45858 205778 720413 31683 999999999 452375 218504 608410 372420 573307 698984 701340 313790 655559 263180 294477 335916 586890 711971 631586 729723 477066 428382 451806 657562 605146 511249 280933 574843 681756 634571 380765 154251 274427 479930 325324 572386 236074 735494 152771 821197 668986 368171 434863 430529 209303 316818 381222 541835 650265 290678 350543 333483 667797 518067 347553 116578 677358 429061 248490 199262 682890 616366 29768 491013 539052 613231 655516 403551 603122 557680 182146 169157 247767 103482 234283 389000 545541 142688 445503 274774 202179 699633 118808 485114 662330
112993 309748 135360 882537 832275 302265 392484 346431 484605 606795 632401 147818 528021 281972 419461 408547 336356 476594 452375 999999999 508866 586399 479291 124377 288246 459481 195557 206348 680590 285334 431357 503622 260823 375366 360454 507771 867915 60679 283432 490316 71950 190819 178141 403569 200267 157331 407022 689213 230770 505679 429159 636723 640840 384011 374415 654991 545991 436096 416117 348524 252460 827516 605309 236280 688449 446623 249140 294684 413281 739889 345918 279187 502313 572378 630979 673294 508408 482116 67579 118916 665608 550681 540970 162932 119377 530279 605261 562252 535512 658626 576766 519342 335872 196759 711026 589841 393400 333589 473380 262211
603789 798915 499482 530223 510564 242343 374809 855241 218059 674251 621164 641072 277632 655089 192145 415345 828694 198113 218504 508866 999999999 814139 187421 608634 791456 862956 446983 711267 428609 465846 174346 428867 760789 784838 845632 684639 536812 481599 768341 793716 579388 399080 670398 830991 645474 503251 111223 440553 429281 121850 752361 159567 933621 355820 878541 877762 156370 278527 283486 401752 277991 477191 755898 739509 468610 559239 491729 630733 384744 522004 284654 776724 639899 63876 198915 892589 807012 218241 520308 554388 827929 848699 198196 671793 627703 396203 332729 53386 294165 203911 172941 747836 317383 410967 412608 400194 840126 253857 686307 760123
517767 498620 721184 809691 744898 597155 441180 657624 624180 228493 327418 513983 996643 851482 623561 402652 515715 637532 608410 586399 814139 999999999 912147 665413 558021 298683 440902 646644 608189 371696 862212 1042367 692063 313933 493565 131662 775226 642297 481938 130233 568318 487038 506767 345647 749145 438074 714639 606628 798607 893396 182409 836150 141923 459253 729268 70103 940940 924900 910056 413297 723404 776693 113685 548353 574922 257991 372769 873676 951525 586806 531342 526946 183274 854723 781985 88070 117415 622633 652700 697937 111243 111018 962838 591157 573936 483445 617744 852389 589291 818971 968018 71096 499248 757185 666979 532692 388379 566970 130965 526191
589341 788488 420627 716740 697984 315806 496365 809667 382881 807725 769821 625872 95704 542447 332720 537659 815570 361897 372420 479291 187421 912147 999999999 548343 766044 901429 492797 659189 610295 542462 51611 243249 699413 817991 838755 789857 724106 433527 761032 866897 550403 441571 656384 857684 561319 531340 220136 622265 320404 72043 816616 336414 1016035 476189 817794 979967 80404 101722 114309 506096 228373 664222 872716 714571 647690 671498 553108 509633 213353 702650 392432 758435 752724 223118 384937 996378 882443 382278 465708 483341 945037 926200 61688 634034 595166 554198 512667 211300 464920 385257 106648 842130 421199 320151 598355 570506 857454 352646 781200 741466
147744 284376 132114 1005836 956186 420132 516287 262338 605392 714210 747561 158722 579326 186550 538336 530906 302883 596247 573307 124377 608634 665413 548343 999999999 239388 485753 315298 111637 804922 402026 505403 517105 153098 408005 334121 603454 991751 127697 268093 555304 99219 314926 178086 421878 85211 266276 513849 813575 247125 586779 493565 746050 698177 508201 271878 731119 622163 485667 465051 471150 335532 950592 699722 195655 812746 557247 361372 213586 434466 863982 469321 244447 605352 672497 745764 749293 573354 602931 88355 69080 754599 612407 609091 107302 96770 654398 728798 661554 658888 771572 652013 602953 460115 231588 834848 714193 399606 454905 564352 229536
188231 64915 368018 1100056 1042594 566491 588328 103445 730570 680826 742866 151542 808295 388171 675329 585865 68477 727553 698984 288246 791456 558021 766044 239388 999999999 301254 388148 142003 883926 442330 718954 756243 156576 247962 102669 543795 1078679 333279 76147 429839 216355 418271 124366 234901 285988 320439 685171 890078 483719 793920 376105 907883 544566 588410 172227 612179 834079 714883 694400 534784 540520 1048495 627485 52144 878952 550128 393884 427132 672332 921846 583070 31650 567096 854118 892063 628836 445571 728049 305305 307513 664054 474046 827705 135554 170917 722357 827569 844660 762333 923194 864804 512435 561900 462429 926013 787710 198397 584593 496756 39537
353650 236350 585483 1018617 955053 620840 544267 387609 727385 487289 574351 329902 967696 664471 696574 520982 242636 733014 701340 459481 862956 298683 901429 485753 301254 999999999 417327 425009 800878 407201 850003 962541 454929 84824 213144 344077 989238 519850 233494 174022 408688 467387 307703 66954 557267 370307 752125 803202 690045 906386 154308 936046 247904 554566 460067 336078 952610 880768 862074 494785 678692 975469 397040 312907 780223 416130 373052 697298 871534 808443 592533 274948 388950 917738 898840 350273 182605 725157 511718 540303 409856 193847 960625 385537 389782 646330 776442 911513 725837 934846 982965 281028 561613 655895 854414 709105 104274 613797 299323 281439
213851 375753 310741 715985 660895 204720 207749 476761 344634 418652 437602 243523 568462 475450 295938 216829 406653 343678 313790 195557 446983 440902 492797 315298 388148 417327 999999999 368031 504141 91402 441244 601571 426334 337955 416272 338520 696989 232623 343790 376578 227346 51286 265493 384123 395293 67726 335804 511513 365314 490997 324152 535922 528282 204063 524510 510962 537863 489808 473601 158162 285202 663152 434541 341528 505810 256941 68496 483586 510624 554354 197214 364937 321742 503840 511064 528723 392917 342137 259014 312614 501208 437061 549657 308976 266295 346423 440829 496826 374533 544297 567804 369960 173986 322705 541902 409573 395183 206353 314100 350457
158224 198941 243476 1079445 1026468 508091 575679 150756 687832 730874 777576 141742 690920 246783 624491 583285 210045 680925 655559 206348 711267 646644 659189 111637 142003 425009 368031 999999999 871156 444066 615476 623877 58306 357174 243765 606109 1062443 231027 192567 525702 144770 381603 140826 358287 144064 306607 612144 878874 357689 695764 466199 842750 656790 570889 168181 707626 732179 597276 576660 525836 442785 1025322 698225 112606 873840 582839 397971 285184 543527 922084 545178 156864 617900 775079 837164 725267 543011 685321 194735 179926 745184 577577 720135 61901 101737 714448 802231 764527 733448 864970 762233 591137 530825 343225 906183 777291 328043 536929 562439 146041
717928 858818 752436 219601 159042 410997 296997 978063 239546 391327 298166 746297 704172 930628 308905 298876 888846 258880 263180 680590 428609 608189 610295 804922 883926 800878 504141 871156 999999999 441803 582749 840272 929341 750848 889451 488035 194991 692868 827692 658959 727842 491489 765717 802584 875002 569254 407527 11973 741070 549993 650049 336521 749790 300322 1028416 649204 583862 686545 684915 349603 579520 174644 507133 841088 47396 385963 490164 923389 777098 93741 339416 857329 433806 423129 266544 657419 663568 241085 729940 781423 565068 691696 626779 812942 769589 162082 98259 429645 159922 293515 596070 566376 344926 705032 59243 96376 831435 363948 519215 844764
286104 418022 402013 659103 600682 231425 149334 538106 321486 327899 347067 309830 625270 566333 290111 143609 448390 326109 294477 285334 465846 371696 542462 402026 442330 407201 91402 444066 441803 999999999 491913 675597 502029 337466 451511 258090 636721 324025 386587 329332 309474 122828 326363 388092 483774 138273 358145 447793 451876 529495 286560 528854 474781 154039 592155 440788 577157 553479 539006 95320 354041 608753 351346 400748 437074 166206 48463 574962 586229 481800 186294 415528 234897 516303 492965 457887 343589 319184 349887 403285 420412 386491 595315 383000 343406 280045 391546 511246 331359 528545 605663 300935 154697 409036 485619 345493 408353 212100 241156 403070
540438 739837 380203 702831 679769 267052 450905 765494 349537 762461 727870 577189 137751 512178 294006 491945 767251 328706 335916 431357 174346 862212 51611 505403 718954 850003 441244 615476 582749 491913 999999999 258858 657511 766655 789883 740803 707554 387623 712023 815622 502851 390033 607696 806610 523384 479846 181719 594671 286421 86356 765132 331906 965017 430753 776229 930285 116760 105615 109153 458189 179251 648961 824767 667260 618018 623602 501822 481956 210508 673811 346270 710509 704607 222272 372732 946813 831236 348675 421130 441927 896972 875038 111308 588035 548287 516134 484546 209800 432450 377984 146787 792018 374082 281013 575251 536734 806830 306009 731246 693530
613883 796428 389681 959078 938050 484182 675684 768818 603996 981162 960696 644485 173078 428859 542532 714257 817826 583538 586890 503622 428867 1042367 243249 517105 756243 962541 601571 623877 840272 675597 258858 999999999 646314 878022 847358 933673 965229 444007 775346 970929 562134 555786 672764 907157 491860 615191 434231 852145 275903 314631 913302 579531 1124044 656325 755035 1112373 305629 153811 156361 669344 322223 905968 1025597 710293 874090 829255 669598 386245 91976 930349 572119 758730 906549 466038 627486 1130039 988250 602889 459162 448735 1095674 1032260 260842 621734 595231 761782 742016 454372 686995 628506 316825 971343 593849 306863 834071 789068 895388 531879 914260 742841
215974 220374 279270 1137222 1084482 563087 633969 123753 744244 785004 833780 196977 725251 243535 680095 641535 223639 736907 711971 260823 760789 692063 699413 153098 156576 454929 426334 58306 929341 502029 657511 646314 999999999 393565 257926 657739 1120439 279190 222034 568312 202276 439398 191728 388029 154840 364776 663880 937093 389305 739519 510258 895358 693525 629105 118855 751089 774229 632081 611543 584136 488625 1082980 748421 145569 932141 638843 455697 285813 570257 980377 602392 180118 671599 824664 891626 768446 585180 741739 240840 216095 793003 617700 759677 119130 160039 772748 859923 813857 790989 918819 803856 639056 588547 380130 964092 835553 353747 593218 613208 173981
271386 185952 502880 970157 907697 542496 480648 344708 658944 469495 547960 250120 883322 590058 623677 461516 201788 663131 631586 375366 784838 313933 817991 408005 247962 84824 337955 357174 750848 337466 766655 878022 393565 999999999 180625 325288 942655 435873 173399 183993 326782 387088 230486 51873 482906 287639 673709 754203 606090 824509 137294 864330 300118 489043 416908 364872 870434 796115 777370 429014 594431 924549 395661 248223 734167 373184 299202 621027 786918 766905 519922 218121 361902 840907 830385 381268 198768 656635 429025 459724 422975 226104 877491 311979 311331 592306 718346 834247 663878 865830 900918 277295 490007 571516 802054 656739 84918 538577 277584 220564
249451 51216 457677 1108443 1048379 610891 600832 174872 760133 643960 716243 212948 888010 490432 711697 591269 34336 759867 729723 360454 845632 493565 838755 334121 102669 213144 416272 243765 889451 451511 789883 847358 257926 180625 999999999 501312 1084143 412678 78062 363333 291553 455167 182461 151265 387176 350598 736274 894380 572342 860360 317617 950105 460895 604345 247092 540970 902697 795490 775280 546763 610661 1059279 575750 138484 879041 530710 404793 528849 761168 917395 613254 89727 532961 906680 927328 556541 377038 757659 390019 400119 603279 399227 900340 227019 252821 727559 843026 898095 781554 960383 933612 457610 588186 547210 935961 793277 109437 621312 453365 104787
460222 492796 638461 696937 632165 474051 310533 647088 492539 144566 231026 465666 876818 785020 493345 271436 515956 506013 477066 507771 684639 131662 789857 603454 543795 344077 338520 606109 488035 258090 740803 933673 657739 325288 501312 999999999 664284 558489 469413 178520 504238 379439 466156 370181 688657 351535 587263 487683 703501 767506 192386 704539 266722 329007 715141 193137 814839 809160 795419 285959 611907 660044 97584 522216 458653 126523 270642 801839 844275 477655 403711 512193 54464 723952 650834 208286 179307 491001 575346 624879 162814 203823 838618 546134 520136 354802 489911 721875 458624 687862 841276 78342 372205 661034 545902 407280 409448 440667 47948 507221
910809 1053793 929822 38677 36121 584120 490937 1172231 398808 548620 449559 939929 811382 1107049 471084 493866 1083796 413960 428382 867915 536812 775226 724106 991751 1078679 989238 696989 1062443 194991 636721 707554 965229 1120439 942655 1084143 664284 999999999 875447 1022681 840134 918356 681232 959908 994192 1058497 762826 550358 189767 905603 655795 836584 399568 916839 492943 1221494 807112 679388 813122 815535 544036 740463 61954 666872 1035453 209028 573113 685045 1096092 913964 188468 522610 1052224 611439 509267 340455 812616 842973 400960 913643 963697 715293 867341 725707 1005073 961198 357059 263431 519245 333580 348256 683500 741810 532608 872804 156903 291367 1024170 541239 700039 1039571
170213 361538 79973 887575 840309 296503 414486 379120 483545 650398 669137 202605 475980 245745 414766 435541 386541 473150 451806 60679 481599 642297 433527 127697 333279 519850 232623 231027 692868 324025 387623 444007 279190 435873 412678 558489 875447 999999999 337032 549243 121256 215326 232129 463266 183111 207119 386168 702172 170219 465919 488378 618422 700356 403486 397169 711360 503816 383045 362748 375560 212130 831816 656038 282439 704681 488955 293229 251080 354217 757911 353799 328080 549372 545475 619242 729642 567284 481132 39979 88555 718202 609868 495083 200526 162542 549090 612021 534674 541870 644473 534243 574294 349267 137465 718856 605492 451762 334825 526210 311274
171702 31976 386173 1045622 986720 534940 535156 178119 688408 607912 672896 135630 811390 436514 637851 528816 62876 687278 657562 283432 768341 481938 761032 268093 76147 233494 343790 192567 827692 386587 712023 775346 222034 173399 78062 469413 1022681 337032 999999999 354027 215791 380431 105319 166548 330291 277003 659323 833223 499620 782301 299962 875090 472229 537227 248188 536599 824681 719177 699064 481101 532837 995307 551902 79963 819975 482020 338752 472170 688014 860794 540985 45080 494579 829648 854109 553381 369938 685914 316487 331208 587920 399352 822584 161497 180265 665624 776708 820934 713587 886661 855598 436471 517112 472790 872205 731317 135625 547176 422096 48069
408243 369377 625473 871854 807308 560477 437716 528365 626485 317338 408909 399129 944844 741778 610814 405739 385748 636229 605146 490316 793716 130233 866897 555304 429839 174022 376578 525702 658959 329332 815622 970929 568312 183993 363333 178520 840134 549243 354027 999999999 461657 426982 388168 215975 636925 355881 687217 659657 713513 858069 61871 840396 153119 452445 600311 182952 905659 866065 849485 397053 660934 832743 223017 423331 632740 276079 313800 767326 879042 654746 510086 399107 229166 841494 793987 200157 18163 624557 553864 594854 240501 61354 921840 473000 460710 514609 649349 837310 608278 830964 934492 108208 477352 673957 715448 572773 258568 540040 140162 399361
55531 240476 177130 934955 882433 365926 433754 276997 543509 616021 652230 82351 596591 283367 481145 444112 266076 537051 511249 71950 579388 568318 550403 99219 216355 408688 227346 144770 727842 309474 502851 562134 202276 326782 291553 504238 918356 121256 215791 461657 999999999 237174 111144 348735 184429 171562 476022 735801 286358 577605 399787 704020 607769 427955 310213 634823 617758 503949 483728 385441 324196 880707 600563 164466 731990 460325 266439 306038 473552 781349 400414 208209 506534 642704 695252 653063 479800 540993 103893 134371 655923 520091 612091 93617 48459 572673 657647 632762 588748 724010 648504 504857 386276 257435 761909 634684 333741 392814 465316 191274
235432 412159 289011 697846 645335 157871 201788 501251 312734 447940 456816 268886 517863 461069 257794 220343 442906 309283 280933 190819 399080 487038 441571 314926 418271 467387 51286 381603 491489 122828 390033 555786 439398 387088 455167 379439 681232 215326 380431 426982 237174 999999999 294007 432212 389811 105421 287885 499760 329763 440003 375199 494940 578176 193280 543841 556915 486776 440340 424538 160279 236694 643758 473779 369334 497906 287094 115029 464691 465546 549087 165980 397413 357719 457161 474480 574472 443122 310207 247327 301009 542168 487206 498371 325772 281030 339486 420653 449702 352117 506489 516788 415948 149255 286904 524737 399577 441231 166967 358474 382067
67591 132141 285283 980175 923788 442606 468972 212347 606510 593775 645616 30513 706071 359825 550963 469641 160067 603281 574843 178141 670398 506767 656384 178086 124366 307703 265493 140826 765717 326363 607696 672764 191728 230486 182461 466156 959908 232129 105319 388168 111144 294007 999999999 244355 252870 198089 562937 772352 396866 679264 327674 784020 525010 467800 266622 568875 721037 613884 593789 416131 428446 927922 557603 76035 763163 450625 278146 390585 584549 808114 459137 106355 480162 732572 767701 586689 405809 603986 213672 234516 604428 442284 717995 84835 82346 605086 706091 723401 640025 798893 751928 450399 438639 368576 806004 669908 225082 460229 421994 89908
294556 170100 525863 1021837 959289 588832 532123 323908 709429 514742 595749 268225 920146 598840 672816 513325 178519 713236 681756 403569 830991 345647 857684 421878 234901 66954 384123 358287 802584 388092 806610 907157 388029 51873 151265 370181 994192 463266 166548 215975 348735 432212 244355 999999999 491738 330351 719773 805877 632956 866898 178585 913704 311106 540252 396542 390308 912348 831533 812402 480249 632137 976351 434987 246048 785599 423900 348690 632333 816805 817837 569310 208139 409315 887877 880758 405628 228317 707103 452456 478380 456409 248196 917762 320106 326698 644164 770155 880943 715432 916039 942990 316602 539793 600313 853894 708561 42823 586813 323010 214485
231524 340746 146163 1070672 1023311 478741 591528 278292 666171 798807 830292 237989 578410 107249 596714 608705 353752 655254 634571 200267 645474 749145 561319 85211 285988 557267 395293 144064 875002 483774 523384 491860 154840 482906 387176 688657 1058497 183111 330291 636925 184429 389811 252870 491738 999999999 349720 558959 884113 243078 608161 575414 790820 777339 582075 264890 814263 638905 486421 466154 548628 367547 1014886 784875 251900 885391 641141 444513 142070 417697 937795 536471 298867 690349 708757 796930 832378 654878 663777 145085 95688 839395 693040 619885 171730 176216 728334 795066 697194 724918 820290 667456 687385 530485 242401 901846 786353 465372 517913 649420 286379
149608 308915 287053 782473 726709 263091 272269 409855 411841 450359 481376 177105 600396 438446 361142 276943 339790 410314 380765 157331 503251 438074 531340 266276 320439 370307 67726 306607 569254 138273 479846 615191 364776 287639 350598 351535 762826 207119 277003 355881 171562 105421 198089 330351 349720 999999999 392245 576286 360942 536964 298221 599789 508987 270091 459269 507768 582802 516515 498828 220584 311726 729975 449115 274102 569024 291493 95159 452000 523260 616136 264237 297268 344992 562054 577150 525955 373341 409336 224735 275936 511131 417234 590336 246144 205449 409960 508004 554365 442073 609904 613307 368916 241669 320079 608314 474009 336998 270716 319284 282737
497009 690174 415283 551586 519523 131299 282626 752928 169769 591611 550027 534062 315421 582003 112722 324105 720199 149393 154251 407022 111223 714639 220136 513849 685171 752125 335804 612144 407527 358145 181719 434231 663880 673709 736274 587263 550358 386168 659323 687217 476022 287885 562937 719773 558959 392245 999999999 419287 364081 182090 644054 232421 829757 262675 780225 780033 228599 281326 278114 301512 200089 495687 664046 633492 440011 464112 381810 563122 369767 496442 183556 669270 545569 170442 241727 795519 701046 168660 425839 464959 736490 743350 257558 569283 524480 334725 309568 162242 252768 262016 254149 646787 215398 337517 407177 355718 729012 148220 585147 652828
725192 864255 762265 215961 154108 421467 304043 984676 251105 388095 293841 753239 716144 940475 320196 304525 894192 270531 274427 689213 440553 606628 622265 813575 890078 803202 511513 878874 11973 447793 594671 852145 937093 754203 894380 487683 189767 702172 833223 659657 735801 499760 772352 805877 884113 576286 419287 999999999 751828 561952 651861 347509 748376 307989 1035536 646568 595766 698428 696749 356244 590556 173129 504488 847593 38693 387707 496211 933544 788804 81955 348995 863281 433605 434820 277550 654489 663947 252618 739082 790722 561467 691468 638718 820432 777247 167761 110151 441397 171052 304050 607900 565994 353794 715618 63495 102451 835168 374137 519721 850854
338763 521267 115742 910647 872708 331501 501067 507149 507703 777409 779370 368696 336211 227181 435492 531962 543493 491726 479930 230770 429281 798607 320404 247125 483719 690045 365314 357689 741070 451876 286421 275903 389305 606090 572342 703501 905603 170219 499620 713513 286358 329763 396866 632956 243078 360942 364081 751828 999999999 372630 653603 584855 865843 485166 505292 868464 399428 243579 223213 476180 165607 854297 799829 436268 762765 616852 432860 201525 188904 819014 413474 484330 686273 489689 604891 886605 731360 505684 183270 178076 865895 774631 377725 348326 319730 619966 649063 477448 581605 621864 427014 728846 422315 42860 754374 665848 619927 380936 676427 468183
611685 811083 463955 647270 630582 298170 464703 844954 331139 773224 728158 648890 156141 598534 290127 506188 839317 310348 325324 505679 121850 893396 72043 586779 793920 906386 490997 695764 549993 529495 86356 314631 739519 824509 860360 767506 655795 465919 782301 858069 577605 440003 679264 866898 608161 536964 182090 561952 372630 999999999 811054 264934 1004125 444727 858365 959716 47684 172639 183127 481575 254127 595412 845818 741913 589286 645446 546251 568159 283975 643188 364346 783689 726961 151407 315661 975512 872792 330889 501031 524803 918280 915922 78539 665312 624179 507104 453494 139784 410945 314271 76824 824596 395359 365822 534396 517221 870199 326849 763084 766734
346408 317946 564171 866622 802719 515166 408107 476643 595783 336836 421003 337798 892330 680071 574091 380010 336928 603885 572386 429159 752361 182409 816616 493565 376105 154308 324152 466199 650049 286560 765132 913302 510258 137294 317617 192386 836584 488378 299962 61871 399787 375199 327674 178585 575414 298221 644054 651861 653603 811054 999999999 808453 212251 420996 547824 241431 858452 811797 794793 363084 606436 824670 258370 366087 627725 264154 264812 705471 821342 654673 471412 344876 235000 802559 765678 259124 80015 593719 492328 533031 288242 121523 872699 412487 399208 498750 631369 797693 585119 802358 887758 140023 439019 614462 704713 559984 219120 498660 146127 343823
720097 906679 646279 386789 378473 341418 402747 980810 214079 660887 588759 756369 416863 808541 241036 436853 937300 204579 236074 636723 159567 836150 336414 746050 907883 936046 535922 842750 336521 528854 331906 579531 895358 864330 950105 704539 399568 618422 875090 840396 704020 494940 784020 913704 790820 599789 232421 347509 584855 264934 808453 999999999 967288 388125 1010931 893246 282158 433590 440425 445370 426999 337867 759547 856986 382619 578914 565145 786270 542206 427977 344424 889585 653752 113631 69979 905932 851171 215939 658164 697205 828530 889529 328956 797625 752348 366662 257164 125160 253614 51331 284223 776230 374586 563337 302511 344077 929125 329572 716912 873625
553155 480311 775501 951465 886695 705955 566848 634856 753718 368999 468219 539866 1095679 883639 746265 530694 489519 765629 735494 640840 933621 141923 1016035 698177 544566 247904 528282 656790 749790 474781 965017 1124044 693525 300118 460895 266722 916839 700356 472229 153119 607769 578176 525010 311106 777339 508987 829757 748376 865843 1004125 212251 967288 999999999 583582 707445 124269 1051804 1018081 1001731 532433 813198 918611 251611 548321 716827 389111 463935 911525 1032160 728379 648972 516141 320660 978118 915794 129657 135880 752008 703087 741916 221938 91786 1069866 608877 602022 621500 756503 974836 724607 952884 1080079 191382 616263 826591 808466 672801 351592 681624 250504 519973
417910 568983 471025 512410 456844 172147 20177 679889 174797 331720 304646 447124 568478 647624 164360 61601 599637 183785 152771 384011 355820 459253 476189 508201 588410 554566 204063 570889 300322 154039 430753 656325 629105 489043 604345 329007 492943 403486 537227 452445 427955 193280 467800 540252 582075 270091 262675 307989 485166 444727 420996 388125 583582 999999999 728571 522057 491234 514601 504832 60038 344562 460207 401726 543650 304692 203429 199579 646556 574991 355916 85076 563288 284316 395613 345142 536785 463596 172750 438136 491193 474108 502832 519191 512641 469284 146318 239562 393140 177429 381623 516207 394591 64008 444309 338241 206765 561940 125781 333630 549794
310692 230992 397281 1240059 1185403 675581 731496 72647 853431 850527 908790 282675 841501 335733 791330 734799 218027 847235 821197 374415 878541 729268 817794 271878 172227 460067 524510 168181 1028416 592155 776229 755035 118855 416908 247092 715141 1221494 397169 248188 600311 310213 543841 266622 396542 264890 459269 780225 1035536 505292 858365 547824 1010931 707445 728571 999999999 781771 892919 748705 728238 679716 607343 1186671 799650 196515 1027921 714463 544215 379897 682551 1073870 709097 203823 736557 942398 1004847 798075 615563 850910 359286 334498 835976 641903 877856 218256 263550 869112 963703 931708 895763 1032934 922472 684636 692787 498068 1066146 933279 355933 702941 668366 207920
583376 550823 790001 842823 778447 664521 503431 709495 683134 259480 357790 577767 1065190 917511 686344 463874 565524 697378 668986 654991 877762 70103 979967 731119 612179 336078 510962 707626 649204 440788 930285 1112373 751089 364872 540970 193137 807112 711360 536599 182952 634823 556915 568875 390308 814263 507768 780033 646568 868464 959716 241431 893246 124269 522057 781771 999999999 1007159 994216 979522 478537 793141 813347 142083 606248 612889 318974 442783 940644 1021576 619077 596493 581664 240131 916537 836918 18307 166667 681706 720968 765475 98515 142519 1029961 653617 638456 534625 666962 914659 643411 873698 1033872 141030 564744 827116 708405 579556 433014 632930 199642 582228
