NAME : synthetic_000564
TYPE : CTSP-D
DIMENSION : 100
GROUPS : 8
RELAXATION_LEVEL : 1
EDGE_WEIGHT_TYPE : EXPLICIT
EDGE_WEIGHT_FORMAT : FULL_MATRIX
EDGE_WEIGHT_SECTION
999999999 276562 70596 337753 789750 611755 790731 598486 791860 884875 833044 814628 902910 558421 259074 539996 590828 702590 634023 860584 535537 561712 498524 525964 239897 250105 901785 703955 516321 647627 986485 795726 724030 648430 727384 432914 357367 472567 199910 894198 255561 652963 779480 944627 485329 497548 1005337 519855 260578 589071 623528 954052 390650 413161 121131 954329 489917 171669 1067198 731790 541784 397033 936831 88759 909897 377479 675436 259863 345179 704786 697144 605586 231048 262865 725049 653070 229938 850201 844394 636129 836762 898515 530357 958931 443703 798874 261010 821322 244903 851028 507332 404054 350502 910711 131163 190222 669800 668942 915183 327409
276562 999999999 275619 92273 777739 600393 656276 364937 531092 737342 856958 778230 686058 282654 382541 314468 353152 428592 700990 887017 303664 292137 301534 505279 37304 236714 785370 524671 250175 563699 768133 629533 469443 414314 650583 158517 527112 298758 378390 938779 523978 664188 634849 710092 248650 295110 774236 266065 321190 510351 355604 792132 146418 137342 155430 714409 506859 333685 846514 494573 350208 389196 706619 213790 743573 102850 407114 350803 390306 721535 740792 435457 173485 169607 630753 697400 59523 826401 845325 405244 859725 668557 499148 994193 254481 615401 440899 770670 453615 808622 253232 162835 472289 676982 336706 107380 404182 392504 923247 601260
70596 275619 999999999 319233 856149 677048 840972 563715 804350 933337 902073 878889 934319 556709 329255 504170 612772 703651 704272 929811 558759 567521 530957 589357 238467 304166 955979 744018 497891 704650 1017801 839640 739740 672249 786223 434015 426265 509776 270231 964234 295539 720455 827701 970058 506070 456770 1032292 534541 326042 646076 604402 999982 367454 412197 131409 977640 556473 242086 1098050 755122 576506 459415 963854 61832 954608 369779 682434 328169 411785 772936 766737 646449 273786 219093 781367 722549 240897 915851 912027 660960 905750 925465 592638 1028730 476473 838825 330375 884093 311237 914859 482821 379016 421088 936315 201351 211798 678823 661072 983513 356699
337753 92273 319233 999999999 860958 685806 714771 275642 521747 789790 943967 857672 708435 251839 473005 223221 374327 398912 792168 974112 333208 279875 352108 591130 113131 328928 846767 570603 179240 637734 787973 677564 469117 434561 724252 149278 616228 359584 463973 1027379 592192 751392 690551 720473 280238 203126 785847 279464 413267 586870 286324 838322 56373 125290 221446 720703 596369 419471 863666 508862 399500 478693 720092 260097 788955 71015 390913 442339 482379 808780 830316 488894 265748 142883 700876 787240 149408 907384 929698 428354 946614 683015 583796 1081661 313302 656624 527830 847668 537071 886667 170982 72250 563842 688625 416953 194550 392574 344988 1007983 665053
789750 777739 856149 860958 999999999 181362 351388 1083972 809940 409745 122652 71105 654324 834861 541526 1052723 655479 872771 238936 146914 639354 780438 565909 275416 780048 571073 321449 481507 930222 257005 700651 447560 749268 648436 199247 782326 534892 533081 617504 219719 797753 141112 380797 748485 657477 1055318 765674 704782 530126 288012 990397 482514 901890 790747 772258 778736 299835 626372 756424 675952 540106 403528 725292 831764 478332 819794 809841 530936 444594 105846 165039 471784 626391 928041 245783 185057 739132 65299 72778 636346 122142 705982 279095 246017 574688 502698 587528 111746 634432 100585 963629 916874 474463 728069 677180 718365 790036 929683 150494 863867
611755 600393 677048 685806 181362 999999999 328309 919764 706065 416847 260056 204209 607036 684560 370857 884818 523186 742985 191650 290257 496479 634382 417100 95233 600898 389729 369243 396603 768062 161301 670263 404512 637699 529814 176522 618294 392878 378311 448597 350084 643712 74547 344925 694780 504768 883398 726515 556170 351268 153756 836921 498403 729165 624243 590926 721803 124669 452539 738870 575192 401512 222173 673965 651021 476304 648918 681497 355328 267248 128309 174983 353304 445540 747639 209068 147196 559645 238878 245445 515806 262349 646991 102451 398326 415191 449808 427596 217693 476426 241693 798357 744581 317632 668429 504177 537517 662576 788370 322944 716490
790731 656276 840972 714771 351388 328309 999999999 869480 487939 98104 473833 292565 302970 594363 612955 854569 393554 584581 513536 496196 404670 534268 363317 337294 675075 540739 134299 171278 717967 177916 352316 98346 440609 361037 162806 590840 686907 357684 686885 569483 903783 379156 34576 397352 446325 875822 415302 474512 556956 224401 747161 177614 737551 608089 721812 427891 408028 671971 414802 358635 317677 424136 374018 795327 148647 653648 523368 580144 500420 402514 471397 227157 568025 825605 120651 461071 642992 345614 413574 354105 473048 356054 320308 584144 402961 155297 691005 254815 739492 292793 760440 748945 598635 378090 721552 645876 503521 660549 475511 985236
598486 364937 563715 275642 1083972 919764 869480 999999999 510941 923523 1179642 1068225 763924 277511 747477 59866 477889 356417 1048238 1209794 466320 337492 524953 828781 388769 596692 1003326 702941 154706 839173 829640 806212 494879 522051 921115 301888 891614 552225 739399 1268878 853543 990428 839079 740637 433048 116837 803893 396009 684294 797477 147086 951759 219412 295796 490802 728985 846742 694978 892225 566918 561545 731267 749195 512668 902894 280163 392214 715188 747110 1047105 1077738 648585 535064 345961 888561 1036529 423935 1121965 1155643 524226 1181790 718550 817870 1317826 509393 768583 803445 1050712 811642 1092077 121685 203394 836500 715549 690347 470053 406541 262765 1234185 920038
791860 531092 804350 521747 809940 706065 487939 510941 999999999 498585 929370 764936 270089 275927 768154 527059 218607 154553 889702 956074 271901 242425 342150 648623 567352 612108 602559 329494 403377 559909 323652 395056 75231 183192 611870 377524 902639 386752 810588 1027481 1010092 778558 453395 230388 312157 575157 292979 272072 688302 552329 364006 496328 504044 401439 676051 218156 704910 772982 381723 133989 327464 631228 241071 742958 453732 453143 132579 725295 694279 823352 880343 352943 585928 664627 566486 852417 564596 821109 880039 198568 929732 214789 629883 1054708 385287 340542 852489 732536 887288 773441 448878 504940 815679 207841 802537 601639 129183 248898 950400 1094310
884875 737342 933337 789790 409745 416847 98104 923523 498585 999999999 528818 343220 269212 646071 711019 913883 446094 614916 595831 547623 467151 586031 438208 433563 758525 635353 110613 222949 775822 273821 297343 117318 464143 403249 242931 658282 783827 439339 784780 620061 1001847 460577 105640 362962 514031 939953 365982 534735 654373 322257 793559 81746 808036 677319 811870 394841 503800 769332 347208 380512 390340 522183 338756 886026 69116 725655 556958 678001 598523 476404 546551 302103 659692 906934 208187 541438 728445 389639 463117 399682 527341 330405 417065 624866 482865 161277 789081 302103 837589 332960 820102 818335 696055 351251 818628 734499 537939 698213 514897 1083340
833044 856958 902073 943967 122652 260056 473833 1179642 929370 528818 999999999 185605 776801 939734 575750 1144859 767359 986273 215896 30216 747129 887310 670577 353248 854908 636091 434791 602127 1027527 371673 821954 570200 867090 764235 321022 877987 536846 634428 646553 98124 802971 192775 503434 871054 760532 1142790 887520 810167 580871 394185 1093746 598880 988429 884240 832207 901351 355123 663344 876012 795451 649013 470245 847817 885212 597782 908734 923611 574052 494474 135481 139754 586309 695704 997731 367729 181548 813189 145364 70285 751597 4396 828633 362390 138272 673324 625337 605709 226888 648668 201504 1058310 1003972 494576 850720 711420 786897 904011 1039065 90585 860381
814628 778230 878889 857672 71105 204209 292565 1068225 764936 343220 185605 999999999 594727 810903 574758 1040396 624051 837696 302832 205144 613499 754513 544683 289842 783919 584876 251301 435461 913654 229659 637166 390437 707744 611084 155402 768373 583412 516141 652252 278188 842086 187883 323987 689476 637000 1047094 703411 681195 554083 272425 967300 413893 895345 778797 786859 720242 328745 656741 690423 631369 513973 420242 665932 850056 412207 811762 774674 559424 471098 167853 232766 438429 636227 934561 198892 247081 744026 56620 121333 599990 184129 648618 288654 292353 560018 446755 628106 41539 676238 38288 949400 909749 516117 670655 708385 727576 754669 899869 185601 911511
902910 686058 934319 708435 654324 607036 302970 763924 270089 269212 776801 594727 999999999 498920 798961 770134 334906 415801 798428 799023 382400 446169 404453 584473 716874 674556 379823 226689 635739 445735 83586 208031 269065 274047 461326 560127 907536 432527 860466 872302 1077363 668575 274262 95025 437408 810152 120603 428974 726084 467126 620099 240829 707930 583575 803333 126454 653531 832531 164326 203111 361818 623037 71229 877411 207979 637668 371865 758579 699103 699305 766096 315823 673642 845452 415518 749976 699383 646349 716002 281453 776014 63845 564911 884700 459279 157409 884570 555841 928241 591653 682616 713525 815820 82938 874084 722581 357489 509337 775211 1162667
558421 282654 556709 251839 834861 684560 594363 277511 275927 646071 939734 810903 498920 999999999 607352 273417 201128 147848 837698 969376 197728 60220 269316 601206 319886 441579 727606 426184 136916 581601 571243 528774 235758 244952 659029 125954 753715 306251 627708 1033524 799704 758342 563216 491381 179808 311237 556847 130089 530655 547212 156499 675068 228603 145369 437503 486330 634771 584687 640856 296836 297002 529813 495422 495036 625991 188521 143350 567142 568735 812708 853380 378753 394166 393469 622907 815827 330167 866282 907550 246735 941359 461088 586921 1076261 272142 491353 682338 789456 706315 831457 183756 229030 679396 462249 600935 375423 149640 120070 985098 879688
259074 382541 329255 473005 541526 370857 612955 747477 768154 711019 575750 574758 798961 607352 999999999 696226 549574 727364 375018 602776 496891 584275 428176 298144 361047 165834 702962 576082 623743 445698 879223 645301 693291 593205 513368 491822 147346 386166 78187 635136 290828 401602 611142 862435 464787 670823 914550 516309 80014 390914 722694 788476 528570 482567 287932 879966 246197 87767 958803 670893 454576 188857 848735 322540 750963 474694 681325 42862 113482 450558 438684 483138 217914 468383 522742 394904 323737 604394 591337 578169 579568 812581 308400 700055 382900 665203 86207 587591 129798 612470 633853 544870 96605 829470 136273 279189 668833 727421 659694 372916
539996 314468 504170 223221 1052723 884818 854569 59866 527059 913883 1144859 1040396 770134 273417 696226 999999999 468226 374269 1006376 1175067 449906 331192 501472 792397 335752 549279 988843 691514 138314 812673 839497 796764 502643 517145 896257 272223 839105 524828 685103 1232396 794733 954168 825369 754098 411266 61335 818490 380329 635448 768354 172212 946941 168063 262029 434097 744806 806459 640899 905411 569469 541221 689871 760867 453699 897604 237732 401731 665248 701334 1011211 1038976 630236 486793 286163 865829 997058 372574 1093201 1123735 517556 1147166 728478 782481 1283129 480396 762496 749645 1024832 756303 1065716 94131 151634 786746 727269 634435 417535 413842 284549 1202377 860638
590828 353152 612772 374327 655479 523186 393554 477889 218607 446094 767359 624051 334906 201128 549574 468226 999999999 219890 695750 796093 55831 140918 125051 452490 385632 395033 526536 225123 329976 398554 415880 328817 143750 61234 469439 227684 684536 170531 593370 863896 796845 597652 362150 358101 106750 497404 421570 95818 469760 374270 353918 479882 378332 250390 481568 364868 501329 556823 493596 142510 122404 417633 353666 553332 430325 303987 158407 506712 477420 648140 697552 185704 373644 510547 430121 664701 372805 680344 728091 54072 768476 315506 435184 900644 166807 295076 634065 599165 669509 641369 374831 385789 598364 324637 588835 402684 139852 275924 803847 881724
702590 428592 703651 398912 872771 742985 584581 356417 154553 614916 986273 837696 415801 147848 727364 374269 219890 999999999 913149 1014768 251980 145065 334012 670350 465896 562755 710638 414283 257209 615882 475954 501981 152667 227315 682317 270209 870621 378620 756448 1083149 938733 817478 550635 384665 266325 424647 447532 212212 648224 593973 209453 626310 371171 291478 582263 372575 715465 714969 536153 235142 341629 622642 394273 641878 580161 336354 63032 685513 673289 868011 917154 400997 522940 539401 640471 883713 472934 894273 945099 237760 987286 365504 653551 1118518 358790 453677 806848 810227 835060 852297 300738 369158 790298 360740 736032 516248 83030 94646 1019846 1020209
634023 700990 704272 792168 238936 191650 513536 1048238 889702 595831 215896 302832 798428 837698 375018 1006376 695750 913149 999999999 238407 661860 793141 580010 243292 691988 466910 530762 587435 902989 352799 860343 594592 819122 709791 353272 753790 321303 536864 440320 260925 587233 135254 533146 886429 660157 995097 917628 714365 396182 341257 983334 675963 842012 754906 649700 913420 203521 462401 927295 761155 573482 316973 865581 694592 659066 769046 853534 381452 314291 134982 79386 537391 529937 824177 392886 56606 650262 301346 255266 695147 220189 838611 261031 327350 565900 641091 394264 336577 435274 337721 927014 858259 286391 860020 507496 616657 835475 948739 306072 644757
860584 887017 929811 974112 146914 290257 496196 1209794 956074 547623 30216 205144 799023 969376 602776 1175067 796093 1014768 238407 999999999 776429 916751 700158 383450 884808 665616 450770 628147 1057620 399568 842299 593232 894427 792149 346148 908116 559695 664242 672803 73288 825476 222832 526486 893543 790274 1172993 908507 839733 609468 423395 1123534 615827 1018629 914419 861239 924059 384586 690468 894722 822102 678134 500037 870154 913677 616717 938950 952037 601989 523182 165486 164882 614450 725416 1027326 392697 207935 843069 159564 84570 779644 28070 851754 392602 108071 703302 648813 630676 245680 672950 216674 1088478 1034177 520217 873832 738145 816516 932390 1068243 75295 881287
535537 303664 558759 333208 639354 496479 404670 466320 271901 467151 747129 613499 382400 197728 496891 449906 55831 251980 661860 776429 999999999 141212 82047 419752 334756 340382 538937 244277 313556 384573 464645 351278 197820 113493 461304 192361 633883 126824 538849 842334 741247 570956 375631 411333 55034 473022 474012 70313 416920 353060 354223 508570 343617 213011 427405 419279 463487 501802 543471 196580 99582 373000 405749 499801 458933 264584 194925 454069 429005 623495 669048 182469 317854 465272 425430 634132 319673 669076 712128 102574 748535 367413 403549 882490 114353 324907 580805 591732 615397 633743 355775 352802 549052 377640 533255 348018 178813 292231 789190 826064
561712 292137 567521 279875 780438 634382 534268 337492 242425 586031 887310 754513 446169 60220 584275 331192 140918 145065 793141 916751 141212 999999999 217326 553794 329110 419012 667428 365964 193275 525763 520923 468720 190743 185987 601767 135572 728723 257341 611608 981966 794432 708592 503038 445546 133241 365683 511197 78828 505694 493626 214693 616030 267078 159237 442548 443259 591462 569972 592878 243105 240771 491020 447650 505739 566820 210754 114981 542824 535922 762101 805176 320129 377940 422699 564820 768758 331814 810186 853203 187043 888802 412066 538667 1023129 228119 431950 662745 732158 690260 774246 239549 270475 650501 415048 591099 373482 113445 155604 930358 876378
498524 301534 530957 352108 565909 417100 363317 524953 342150 438208 670577 544683 404453 269316 428176 501472 125051 334012 580010 700158 82047 217326 999999999 338324 326293 280407 496363 223175 370268 315063 488038 328246 266923 165168 396164 230986 560527 45669 476630 764826 686097 491380 338468 449595 92327 516555 508354 139595 348957 278017 424490 490675 374533 246264 400731 462480 381455 442640 568699 244934 48675 293015 440043 475475 442043 290378 276380 385387 352519 544775 588572 136790 270463 470458 364405 553019 301888 599328 638519 150310 672157 401986 322473 806955 54829 314917 513543 525907 551067 567429 408434 386339 473676 415706 478878 319859 259652 371505 716292 771509
525964 505279 589357 591130 275416 95233 337294 828781 648623 433563 353248 289842 584473 601206 298144 792397 452490 670350 243292 383450 419752 553794 338324 999999999 505680 296473 409312 361844 678335 159742 655102 394803 577067 467448 216262 528239 350568 296472 376189 440175 582981 161783 344825 666064 421866 789543 705074 475012 266106 118816 751092 514572 635183 532988 498305 690640 71258 373843 728865 522470 330193 130415 647118 560356 484399 555720 610409 275820 187206 218844 252310 298769 350978 652752 231530 214965 464460 330120 340646 452636 355771 616578 19707 491342 329446 431200 365888 295435 415289 325516 707163 650727 264628 637060 425861 442949 592258 709054 418166 660461
239897 37304 238467 113131 780048 600898 675075 388769 567352 758525 854908 783919 716874 319886 361047 335752 385632 465896 691988 884808 334756 329110 326293 505680 999999999 225144 802370 549193 282275 574185 799359 652817 504860 446590 660947 195802 503360 319193 350963 934411 488978 662304 654990 743346 279983 310484 807156 300657 304799 519343 388652 815611 169450 174616 118861 748365 502005 306412 878203 527656 374829 385007 739298 176654 767470 137979 444063 331968 378762 719450 735242 457659 162074 152807 643470 691370 41911 830672 846324 436965 857821 701119 500953 991349 276653 641148 414702 778295 424636 815354 281504 185376 453236 710067 305673 81889 440850 429048 923728 565455
250105 236714 304166 328928 571073 389729 540739 596692 612108 635353 636091 584876 674556 441579 165834 549279 395033 562755 466910 665616 340382 419012 280407 296473 225144 999999999 652402 463365 464574 400589 757331 549634 538198 444082 482950 327635 312280 244059 198482 712163 405917 444953 530189 727879 303250 531789 784467 352961 90371 342052 560439 705820 381709 319983 202003 742137 281044 162364 838120 525185 315407 167763 716789 267110 662681 318174 518570 125838 153878 501284 512173 365189 63414 361789 477201 467950 183549 626582 633549 429727 639234 679259 296224 770896 229547 557498 244230 586076 275554 619322 479095 398170 243043 694166 199792 151245 507008 561646 709337 491392
901785 785370 955979 846767 321449 369243 134299 1003326 602559 110613 434791 251301 379823 727606 702962 988843 526536 710638 530762 450770 538937 667428 496363 409312 802370 652402 999999999 302199 852132 258046 404656 209265 562668 490943 195313 724840 756074 488008 779750 521771 991374 397768 164390 473438 580441 1010002 474211 608712 656213 315262 879415 165811 870876 741813 841498 505339 474760 770422 448042 479229 451404 517764 449227 913635 175882 786709 650677 674717 589564 402276 472160 360905 686029 954040 180329 474524 768661 291221 366470 485084 432825 440899 396175 521184 533891 262049 774769 209905 824105 234097 894712 882491 673205 461820 821547 767992 631110 789882 411600 1069666
703955 524671 744018 570603 481507 396603 171278 702941 329494 222949 602127 435461 226689 426184 576082 691514 225123 414283 587435 628147 244277 365964 223175 361844 549193 463365 302199 999999999 553700 239256 304059 107316 274333 189760 282722 435900 681072 234873 640746 700202 859292 464539 138325 304307 292267 717005 346352 311861 505855 247784 577228 268080 586311 455446 616523 328884 429340 615837 382941 195967 174509 396951 285859 691596 219093 504856 352592 536751 473579 503697 565600 98499 473053 693313 237049 543300 523143 491695 550939 183072 602269 254734 342144 725508 273274 94943 661007 403592 705814 444867 597589 596211 589354 275279 660201 536411 332663 489272 620906 944085
516321 250175 497891 179240 930222 768062 717967 154706 403377 775822 1027527 913654 635739 136916 623743 138314 329976 257209 902989 1057620 313556 193275 370268 678335 282275 464574 852132 553700 999999999 684509 707350 658641 370836 379060 766422 150127 770579 397836 627103 1117828 769659 839553 688293 625369 278467 174630 690512 243473 554461 643258 107211 808676 132115 148409 398047 618498 700149 582450 775758 433746 407406 586661 630490 439260 759317 149871 273127 587930 609659 895874 928889 495199 406313 301787 734080 888482 308720 967529 1002102 379277 1029577 596821 666676 1165554 355545 624192 688187 896007 703229 937381 46882 123909 707485 597106 586866 357091 282853 181215 1080566 843730
647627 563699 704650 637734 257005 161301 177916 839173 559909 273821 371673 229659 445735 581601 445698 812673 398554 615882 352799 399568 384573 525763 315063 159742 574185 400589 258046 239256 684509 999999999 509751 244457 495877 392594 86884 540450 510136 287845 522045 469395 735313 225755 188310 533804 407388 821823 565280 451734 398408 58596 737892 354891 671982 551939 596560 561161 230180 512416 579795 426572 284995 259718 512814 666152 325891 587580 553000 416719 332216 264863 326422 215028 440869 726872 78023 305739 536617 284700 329550 380090 372419 486359 143496 502637 332678 288536 519812 212207 568900 253088 720979 685822 423070 507932 563632 528108 533247 673291 405489 814948
986485 768133 1017801 787973 700651 670263 352316 829640 323652 297343 821954 637166 83586 571243 879223 839497 415880 475954 860343 842299 464645 520923 488038 655102 799359 757331 404656 304059 707350 509751 999999999 265804 336934 354717 514735 639108 984627 515832 941884 915224 1159300 728002 328259 99821 519564 881976 70539 508814 807265 536624 683945 246751 785303 662807 886763 126303 725184 914636 80878 279693 445262 700937 83266 960760 229103 717037 438186 839254 777637 754483 822842 396525 757121 926118 470638 809931 782450 685810 758146 362975 820789 111139 635767 922070 542864 223902 964526 596793 1008756 629558 754181 790222 892944 115872 956682 806040 425672 570539 812100 1244510
795726 629533 839640 677564 447560 404512 98346 806212 395056 117318 570200 390437 208031 528774 645301 796764 328817 501981 594592 593232 351278 468720 328246 394803 652817 549634 209265 107316 658641 244457 265804 999999999 353407 286466 253296 543146 735618 335027 714918 666495 933980 462762 66769 301249 399581 823509 324311 418126 581024 276106 676803 162801 693627 562759 714441 331236 465839 694368 335501 269975 279688 458724 278389 789312 115323 612106 442733 608668 536589 491652 558989 195674 566418 798680 207573 544573 625079 443859 511154 282517 569575 258523 376007 682328 376169 57109 727645 353072 774567 391127 703062 703494 644865 280602 741358 635285 423397 583131 573821 1017573
724030 469443 739740 469117 749268 637699 440609 494879 75231 464143 867090 707744 269065 235758 693291 502643 143750 152667 819122 894427 197820 190743 266923 577067 504860 538198 562668 274333 370836 495877 336934 353407 999999999 109775 553124 321217 827427 311534 736654 965033 937964 710907 406170 255800 240699 545367 321375 205210 613501 484323 351327 473647 457739 345460 610113 252522 631908 699540 405152 83675 253040 556366 259758 678820 427634 398856 102860 650429 619072 757268 812486 284625 513868 611440 508864 783277 499021 764257 820345 124890 867659 226094 558580 994974 310553 302951 777813 677225 813059 718763 417580 460676 740454 226508 730136 534007 88831 242812 892468 1022480
648430 414314 672249 434561 648436 529814 361037 522051 183192 403249 764235 611084 274047 244952 593205 517145 61234 227315 709791 792149 113493 185987 165168 467448 446590 444082 490943 189760 379060 392594 354717 286466 109775 999999999 455692 286885 723620 207558 641325 861820 848596 603466 327897 297891 167004 549895 360882 155178 514104 377059 390351 430142 436455 310027 540898 305972 522183 606437 432363 83369 144616 448787 292801 613205 381039 363944 164595 550453 513707 651048 704774 178345 427564 571527 413338 674722 432909 667698 720328 15463 765009 254562 449051 894451 214612 246533 678679 583048 716143 625081 425010 443175 635392 264251 640744 461445 144516 299513 794162 933802
727384 650583 786223 724252 199247 176522 162806 921115 611870 242931 321022 155402 461326 659029 513368 896257 469439 682317 353272 346148 461304 601767 396164 216262 660947 482950 195313 282722 766422 86884 514735 253296 553124 455692 999999999 624180 560803 371899 591054 418749 799231 218119 187461 554191 488236 906871 576490 530012 473337 142713 815526 323798 757804 636450 680953 583718 279806 585417 577455 477974 362231 333452 531555 749562 305883 673240 619300 488104 400819 239777 308602 283737 525661 813585 46759 299589 623196 212009 268226 444596 320877 510042 204969 442849 417362 306495 582076 130428 631485 172479 803953 771468 478622 532100 637204 613786 599289 745362 339348 876317
432914 158517 434015 149278 782326 618294 590840 301888 377524 658282 877987 768373 560127 125954 491822 272223 227684 270209 753790 908116 192361 135572 230986 528239 195802 327635 724840 435900 150127 540450 639108 543146 321217 286885 624180 999999999 639090 252605 506395 967885 673952 689543 563685 571283 144704 285717 636616 131923 417935 496638 234402 700924 151475 24253 312244 571954 550644 462719 714483 359740 273613 438217 570814 372186 651281 78296 250142 453274 465872 745959 778797 363984 275026 290498 594512 738504 204222 821469 853861 281697 880092 533766 516716 1016113 208396 517044 563247 752613 584662 793500 181346 160452 569720 539366 476547 249615 248905 241886 932433 753753
357367 527112 426265 616228 534892 392878 686907 891614 902639 783827 536846 583412 907536 753715 147346 839105 684536 870621 321303 559695 633883 728723 560527 350568 503360 312280 756074 681072 770579 510136 984627 735618 827427 723620 560803 639090 999999999 516393 161693 575953 266231 396301 691765 978259 605868 810675 1026159 658688 223263 463599 869980 864487 672258 629908 417774 998281 281839 202256 1062203 797759 580951 284882 962610 436453 832422 621213 822500 186573 211478 431935 397776 595089 365194 597376 581363 359876 467802 600184 569184 708286 541091 928001 366762 644176 519581 763864 96786 605632 121464 621599 779566 688407 91719 946269 227388 421679 809106 873755 626470 328975
472567 298758 509776 359584 533081 378311 357684 552225 386752 439339 634428 516141 432527 306251 386166 524828 170531 378620 536864 664242 126824 257341 45669 296472 319193 244059 488008 234873 397836 287845 515832 335027 311534 207558 371899 252605 516393 999999999 437525 727544 649757 452133 336177 483835 126462 535229 540625 178607 307627 245510 459328 497672 388074 264570 381685 498496 337100 405235 596709 284863 71383 247347 472809 456762 450230 303232 321632 343543 307549 506485 547938 139356 241894 468280 344028 511434 290130 569739 605319 192352 636183 435216 281375 771602 46404 329351 471955 500015 510716 540905 433307 401091 428935 450147 443740 301545 305109 412602 683562 735257
199910 378390 270231 463973 617504 448597 686885 739399 810588 784780 646553 652252 860466 627708 78187 685103 593370 756448 440320 672803 538849 611608 476630 376189 350963 198482 779750 640746 627103 522045 941884 714918 736654 641325 591054 506395 161693 437525 999999999 701244 219136 476974 683613 919648 500998 653527 973946 549292 134894 466458 730159 861283 520342 493761 257451 935540 324006 44706 1022074 721477 508008 263306 907161 275360 822586 477343 714918 106833 190393 524353 508012 545452 234020 436110 599432 465048 319005 680850 665359 626730 650483 870287 386115 767367 427307 731812 65878 665589 78708 690063 631456 536128 153983 886250 68925 271069 704083 747009 732041 303428
894198 938779 964234 1027379 219719 350084 569483 1268878 1027481 620061 98124 278188 872302 1033524 635136 1232396 863896 1083149 260925 73288 842334 981966 764826 440175 934411 712163 521771 700202 1117828 469395 915224 666495 965033 861820 418749 967885 575953 727544 701244 999999999 838671 278451 599744 966829 853932 1227921 981599 904374 649905 489990 1186682 687237 1073516 973107 903474 997345 432414 722755 966977 893569 744781 549762 943436 952172 689175 995310 1020598 638817 564817 221968 200397 683728 773425 1073574 465390 244975 892519 230874 157089 849064 97946 925017 451169 68727 765212 722023 654122 318450 693465 287994 1147294 1089297 547300 947097 768347 863404 1001067 1134508 121768 888811
255561 523978 295539 592192 797753 643712 903783 853543 1010092 1001847 802971 842086 1077363 799704 290828 794733 796845 938733 587233 825476 741247 794432 686097 582981 488978 405917 991374 859292 769659 735313 1159300 933980 937964 848596 799231 673952 266231 649757 219136 838671 999999999 657463 901672 1133538 697935 750287 1189338 741196 353761 681360 876690 1079152 645827 656584 371620 1148049 522627 244973 1239722 930457 720988 479672 1121992 341094 1041119 626678 904281 325399 403742 696466 664006 763323 424182 513096 811661 625853 470597 862860 834858 834560 807229 1084678 595273 907259 634167 950771 217302 860773 167927 880370 762460 659446 326345 1099889 208014 424338 895829 914606 892689 85502
652963 664188 720455 751392 141112 74547 379156 990428 778558 460577 192775 187883 668575 758342 401602 954168 597652 817478 135254 222832 570956 708592 491380 161783 662304 444953 397768 464539 839553 225755 728002 462762 710907 603466 218119 689543 396301 452133 476974 278451 657463 999999999 399978 758337 578535 950768 786809 630268 395409 226585 910126 540760 796355 694656 643274 786204 165487 487309 793594 646932 476046 278111 736871 699318 523989 717362 755926 393239 308975 57389 101828 426302 503707 806053 258600 82000 620636 205705 191592 589591 195586 711468 172930 330275 488161 511230 446445 214380 493488 225814 868843 811998 333417 733162 537643 595217 736962 862756 265004 724995
779480 634849 827701 690551 380797 344925 34576 839079 453395 105640 503434 323987 274262 563216 611142 825369 362150 550635 533146 526486 375631 503038 338468 344825 654990 530189 164390 138325 688293 188310 328259 66769 406170 327897 187461 563685 691765 336177 683613 599744 901672 399978 999999999 367875 418986 847935 389080 445053 551867 228243 715241 177740 711600 581557 706383 397966 416048 666584 394237 324095 291732 422499 344890 780466 140842 628173 489625 576789 499740 426704 494690 201684 554054 804423 142503 481963 624125 377795 444532 321395 502807 325277 326911 616099 380598 122779 691027 287085 738997 325760 731250 722620 602290 347359 715332 629261 469828 627356 507894 984022
944627 710092 970058 720473 748485 694780 397352 740637 230388 362962 871054 689476 95025 491381 862435 754098 358101 384665 886429 893543 411333 445546 449595 666064 743346 727879 473438 304307 625369 533804 99821 301249 255800 297891 554191 571283 978259 483835 919648 966829 1133538 758337 367875 999999999 464714 799400 65651 445156 786863 550682 593965 327644 712498 595427 838674 31944 733588 888809 151595 215713 412553 693496 24211 911096 299544 649567 352805 820946 767677 790923 856924 383187 719632 861366 508018 839245 730755 741292 810703 309152 870328 50278 646374 979685 503566 248130 948583 650735 990377 686665 671859 715984 886824 33941 927443 758954 342574 479196 870221 1219040
485329 248650 506070 280238 657477 504768 446325 433048 312157 514031 760532 637000 437408 179808 464787 411266 106750 266325 660157 790274 55034 133241 92327 421866 279983 303250 580441 292267 278467 407388 519564 399581 240699 167004 488236 144704 605868 126462 500998 853932 697935 578535 418986 464714 999999999 429588 527886 55205 384964 369465 333337 558924 294100 163296 374931 471584 458246 462112 598233 249241 130052 358640 459779 446582 509410 212897 216712 422351 406981 632946 673843 219861 273782 410634 455633 636716 266077 691584 729981 156992 762230 421505 407296 897440 94928 376462 546734 618122 578674 659694 317675 304316 524251 431165 490444 296414 204094 288764 807936 782193
497548 295110 456770 203126 1055318 883398 875822 116837 575157 939953 1142790 1047094 810152 311237 670823 61335 497404 424647 995097 1172993 473022 365683 516555 789543 310484 531789 1010002 717005 174630 821823 881976 823509 545367 549895 906871 285717 810675 535229 653527 1227921 750287 950768 847935 799400 429588 999999999 864359 405398 614796 774699 229304 977266 154424 270934 398154 791721 798211 610014 950075 607793 559187 680693 804906 409708 927683 235613 446686 642452 685411 1008093 1031950 649392 468473 237684 878921 989188 350103 1098647 1125321 548788 1145294 771406 780984 1280855 489518 792451 718880 1033816 722067 1074026 127800 138824 763681 771469 599281 391934 457149 338091 1203887 813352
1005337 774236 1032292 785847 765674 726515 415302 803893 292979 365982 887520 703411 120603 556847 914550 818490 421570 447532 917628 908507 474012 511197 508354 705074 807156 784467 474211 346352 690512 565280 70539 324311 321375 360882 576490 636616 1026159 540625 973946 981599 1189338 786809 389080 65651 527886 864359 999999999 509874 840267 587687 656985 317278 778139 660734 900884 76125 774073 944379 90085 279671 469251 741359 68517 973732 298381 714910 417674 873596 816801 815704 883282 432208 778809 926532 531452 868471 793679 752985 824630 371504 886483 106886 685509 989987 562788 276769 1000481 663422 1043289 697067 736923 781634 934485 97430 984251 820837 407839 541783 880053 1274801
519855 266065 534541 279464 704782 556170 474512 396009 272072 534735 810167 681195 428974 130089 516309 380329 95818 212212 714365 839733 70313 78828 139595 475012 300657 352961 608712 311861 243473 451734 508814 418126 205210 155178 530012 131923 658688 178607 549292 904374 741196 630268 445053 445156 55205 405398 509874 999999999 436801 417215 286161 572854 282563 154870 404985 448516 512884 509253 585275 230745 167798 413845 442976 473693 523196 208773 165683 474161 461541 684071 726526 252722 318509 417579 494952 689973 293818 736434 777479 149784 811738 405352 459977 946451 149997 388220 597118 660387 627477 702290 286227 290248 578097 412449 534836 329637 155146 234382 855009 824700
260578 321190 326042 413267 530126 351268 556956 684294 688302 654373 580871 554083 726084 530655 80014 635448 469760 648224 396182 609468 416920 505694 348957 266106 304799 90371 656213 505855 554461 398408 807265 581024 613501 514104 473337 417935 223263 307627 134894 649905 353761 395409 551867 786863 384964 614796 840267 436801 999999999 340986 650796 729591 467421 410329 253845 803582 230634 115034 887361 592489 376896 139887 773836 304440 689844 407188 601589 37388 86576 449120 449767 410756 149314 428573 476420 405136 264695 589923 586939 499154 584352 737255 271809 711739 303017 597016 164593 561503 203644 590590 567830 483875 153049 753655 165419 225044 588957 650651 659712 438294
589071 510351 646076 586870 288012 153756 224401 797477 552329 322257 394185 272425 467126 547212 390914 768354 374270 593973 341257 423395 353060 493626 278017 118816 519343 342052 315262 247784 643258 58596 536624 276106 484323 377059 142713 496638 463599 245510 466458 489990 681360 226585 228243 550682 369465 774699 587687 417215 340986 999999999 702480 401843 623272 506547 538615 576226 189737 455400 610078 421533 254858 203315 531074 607858 368824 539468 531788 360500 277635 274458 328200 199736 383114 671749 136154 300552 481107 324859 360542 363342 395532 501710 99902 529507 288280 312776 467191 260826 515943 299947 677904 637544 374553 522616 506367 471076 512510 644881 438480 761952
623528 355604 604402 286324 990397 836921 747161 147086 364006 793559 1093746 967300 620099 156499 722694 172212 353918 209453 983334 1123534 354223 214693 424490 751092 388652 560439 879415 577228 107211 737892 683945 676803 351327 390351 815526 234402 869980 459328 730159 1186682 876690 910126 715241 593965 333337 229304 656985 286161 650796 702480 999999999 816161 237284 240477 505073 581965 779815 685648 745514 426703 453477 670104 602980 546167 768007 253571 248502 685409 700242 965227 1003328 534763 504789 403354 779238 964582 413314 1022591 1063006 394782 1095480 573002 737723 1230767 421997 635381 790084 945954 807015 987956 127052 227101 803240 569362 692088 461701 264252 115709 1140762 950937
954052 792132 999982 838322 482514 498403 177614 951759 496328 81746 598880 413893 240829 675068 788476 946941 479882 626310 675963 615827 508570 616030 490675 514572 815611 705820 165811 268080 808676 354891 246751 162801 473647 430142 323798 700924 864487 497672 861283 687237 1079152 540760 177740 327644 558924 977266 317278 572854 729591 401843 816161 999999999 852140 721374 875970 359272 585033 844262 283057 392043 442036 599680 303928 950676 49668 771820 572259 754452 676599 554365 624648 358362 726286 961116 289905 621149 787783 456445 531344 429401 597095 304664 497804 686785 538967 184815 867633 372368 915869 399289 854179 861339 776230 323216 892848 797246 554367 714449 577326 1161238
390650 146418 367454 56373 901890 729165 737551 219412 504044 808036 988429 895345 707930 228603 528570 168063 378332 371171 842012 1018629 343617 267078 374533 635183 169450 381709 870876 586311 132115 671982 785303 693627 457739 436455 757804 151475 672258 388074 520342 1073516 645827 796355 711600 712498 294100 154424 778139 282563 467421 623272 237284 852140 999999999 130877 276340 710248 644171 475831 858874 505694 419995 526789 714005 310145 802519 84842 371582 497218 534416 853685 877769 510440 318967 171240 731908 835143 204835 946249 971570 432139 990949 677848 626786 1126468 341774 668452 584148 883372 593392 923114 116683 16467 618707 681686 473072 250645 376015 307638 1050084 717340
413161 137342 412197 125290 790747 624243 608089 295796 401439 677319 884240 778797 583575 145369 482567 262029 250390 291478 754906 914419 213011 159237 246264 532988 174616 319983 741813 455446 148409 551939 662807 562759 345460 310027 636450 24253 629908 264570 493761 973107 656584 694656 581557 595427 163296 270934 660734 154870 410329 506547 240477 721374 130877 999999999 292173 596188 552366 449715 738379 383584 290433 438359 594842 350408 671770 54277 273456 444969 462072 751387 782271 380959 264828 266258 608005 741390 186040 831331 861882 304456 886447 557732 522198 1022481 219262 537918 551897 764129 571653 804712 174189 141115 562879 563458 461391 232590 272663 258058 940515 735642
121131 155430 131409 221446 772258 590926 721812 490802 676051 811870 832207 786859 803333 437503 287932 434097 481568 582263 649700 861239 427405 442548 400731 498305 118861 202003 841498 616523 398047 596560 886763 714441 610113 540898 680953 312244 417774 381685 257451 903474 371620 643274 706383 838674 374931 398154 900884 404985 253845 538615 505073 875970 276340 292173 999999999 846421 477947 215518 966915 623837 446943 368768 832448 75078 829712 256699 556886 270077 338747 698665 703169 519813 155917 180711 671321 658546 111480 828414 833423 529560 835545 794059 498216 964664 346563 711023 323299 787511 323939 821178 392375 290824 384449 804921 201136 80882 552098 547854 908258 446920
954329 714409 977640 720703 778736 721803 427891 728985 218156 394841 901351 720242 126454 486330 879966 744806 364868 372575 913420 924059 419279 443259 462480 690640 748365 742137 505339 328884 618498 561161 126303 331236 252522 305972 583718 571954 998281 498496 935540 997345 1148049 786204 397966 31944 471584 791721 76125 448516 803582 576226 581965 359272 710248 596188 846421 999999999 757469 903722 166180 222701 427590 713888 56139 918097 331484 650059 345372 838159 787228 819670 885247 403849 731385 862443 537390 866836 737481 772308 841404 318235 900675 74814 670934 1010774 515762 277288 966171 681684 1007224 717852 664642 713012 907067 53617 941251 767287 336749 466553 901394 1233529
