NAME : synthetic_000119
TYPE : CTSP-D
DIMENSION : 100
GROUPS : 8
RELAXATION_LEVEL : 1
EDGE_WEIGHT_TYPE : EXPLICIT
EDGE_WEIGHT_FORMAT : FULL_MATRIX
EDGE_WEIGHT_SECTION
999999999 651980 720437 269352 483039 191624 595224 477456 587548 80387 668068 505860 94864 893761 617790 271220 470732 270824 563628 727760 443730 323557 401468 312169 783473 319884 635579 791894 765785 331715 771101 530099 833881 635459 731659 235054 427248 834115 161326 603855 428210 387888 354091 810247 257184 746959 975705 316856 437232 256188 628780 71295 839036 719095 771848 754074 326228 764147 382253 860823 783972 529175 547617 559809 828777 73884 933888 320198 197380 315819 278808 236101 320144 505252 652523 817061 254841 804214 640823 945577 663928 489816 873934 148609 800985 780538 318008 680671 611497 480628 479349 198826 405252 323997 640363 453132 351290 831394 435071 72406
651980 999999999 193071 610383 388662 497157 483325 277845 643437 632801 589121 456559 580236 332749 576800 739647 415280 669835 188967 263673 670005 686506 538892 421480 739046 448619 79599 262586 444186 343864 231486 277700 185752 544937 79713 417172 394140 182252 674746 97145 349350 316344 457663 239777 886743 308856 331154 690971 562724 573591 552536 592600 272260 678844 720539 659217 565093 127334 277088 209366 595460 148854 519165 524901 495449 684151 286160 372249 481914 446651 373280 678402 404379 458375 439069 378637 637642 251624 521353 316867 384294 327526 239238 618689 154943 219893 668219 369810 479915 671878 399403 584780 590083 795837 11649 227676 555873 180203 238969 618979
720437 193071 999999999 602897 564700 538419 363242 253918 824566 680759 453145 371625 667932 175773 455105 737007 349779 662146 157003 450722 609934 663918 699460 557666 590826 445468 272624 434033 264916 388732 404408 460285 268451 734003 193950 500802 559472 239676 781150 144521 512534 335490 608680 397667 924103 120304 388836 670662 500679 704641 425281 673800 118642 538994 572656 507812 541071 261741 345729 263371 428882 314677 417656 708134 308731 768191 341961 500324 527698 587040 459647 681306 540510 637062 295372 185687 634168 84395 387623 243434 232971 272465 338481 724686 175337 60940 646329 562853 353687 600678 574848 702602 538891 784855 196833 269480 523753 216835 380254 705362
269352 610383 602897 999999999 612654 168247 365394 352758 791958 189191 416137 285059 310900 757882 364738 134134 271886 60050 456926 777182 175619 85627 597442 450266 518077 162832 627799 822683 562169 276983 795377 609685 793459 802112 684655 295086 560489 782323 424719 530678 538726 294053 517633 823837 347268 587471 938627 86368 179965 476702 381952 291449 713717 456274 507606 496664 73670 737052 348614 810576 541734 538672 305152 731930 618572 343199 891914 419965 185005 471079 315884 81723 447616 660903 439675 643251 32315 678247 402739 845773 470189 332062 849583 394617 732841 662768 69689 779443 383473 211577 613708 426876 140649 185938 600177 382722 99907 771206 470020 320036
483039 388662 564700 612654 999999999 445120 710083 470699 261017 514953 819863 639768 388227 720658 786172 699719 585695 656117 465972 290754 754554 697546 168310 173288 972651 505161 319962 367628 766598 381110 359205 114482 506243 201862 444879 317589 56004 525157 411708 422740 77641 419268 136134 405723 738597 661527 616581 696586 677264 272244 775451 412003 659609 903592 955403 907414 612383 432971 334885 543033 878749 250028 709152 150477 828656 471403 588677 192700 427868 167522 301293 641599 169906 73356 709362 739432 624263 635923 760384 694294 676592 526378 512550 369785 528802 604192 682326 202078 716433 776063 11056 315247 678323 761453 380259 382141 620688 537252 208246 417738
191624 497157 538419 168247 445120 999999999 412528 289291 627737 142358 495956 322583 180564 708917 447984 264177 282733 211880 381717 627971 326859 252522 433818 282201 625683 132572 498038 680489 574975 155393 655252 449533 682838 633913 575899 127790 392471 677744 308952 434129 372226 202929 350506 688314 391646 556983 827933 251468 281530 324834 453916 170997 656299 557853 611978 585207 184648 618702 220231 705508 603481 398950 372639 564059 638472 254962 783310 252670 18033 303855 154423 202580 279370 492665 463897 625987 179428 620985 460663 771397 472710 298320 731465 264676 637048 599197 237679 617504 427746 356246 445885 282246 263280 325771 485946 279169 202241 671252 318314 205806
595224 483325 363242 365394 710083 412528 999999999 242810 954495 525176 111507 89952 591827 463125 94048 481189 135900 410799 296423 733273 285822 387578 778390 608847 266241 280096 543217 744975 206843 349021 713867 646244 623320 910513 528400 469250 676504 598410 720780 386571 635144 295871 680315 722511 711653 286570 751540 396831 195614 711242 70013 583519 439089 200095 248238 197340 291856 596709 376797 623895 191276 509782 69294 858398 256296 664409 704273 552697 414530 639605 451306 444320 596401 779241 86667 313855 396079 408765 51589 587241 142270 184741 692059 673560 535434 408238 374311 800939 18394 263430 716625 680709 241883 509576 478578 332207 265494 577615 504850 618326
477456 277845 253918 352758 470699 289291 242810 999999999 721578 430689 354211 188875 438425 420372 327442 486630 140906 412657 104354 503232 392343 420388 555861 389878 508836 192329 320221 526225 319323 153349 495758 403437 450797 669586 343445 280843 441277 435562 561580 186214 397758 91364 457198 512972 670546 270282 593664 426129 284908 515214 311171 439541 369681 441600 490942 438972 296708 403852 146949 463679 409026 269898 257410 620404 384891 532488 546128 330429 280675 421481 248279 429239 375163 541464 240536 343375 383210 334088 291530 494563 218460 58863 512544 507266 382398 314754 402280 559982 247189 394255 477874 498012 313013 537465 269732 89566 283639 422092 263447 473300
587548 643437 824566 791958 261017 627737 954495 721578 999999999 646917 1061509 877647 502553 976134 1023647 847682 824019 822583 725682 480639 953972 871060 194544 354443 1211012 719940 569685 555489 1025488 610409 559107 365925 735686 138669 691519 512982 280507 759920 452984 683485 325530 658823 281668 604369 813716 922543 823040 867682 893212 331466 1016652 527332 915677 1141306 1194504 1151004 810476 667283 578419 773460 1130493 510288 944995 119653 1088218 543697 804291 404680 613414 327373 514291 798369 363526 187854 962033 1000424 794866 893634 1005729 936725 933118 774421 726226 441021 773827 861817 858839 341959 962666 981344 251513 388735 885180 905706 635971 635410 824487 775893 464889 515207
80387 632801 680759 189191 514953 142358 525176 430689 646917 999999999 593029 436898 144485 850831 542304 201359 405971 191890 524074 737553 363343 244570 455705 341691 704906 257370 626187 796702 703587 296075 773647 546090 817693 682361 712219 227657 459086 814589 239593 574557 452016 345272 394993 809993 254248 696220 961864 238295 359943 317170 554865 120118 798564 641251 693631 677789 248421 751047 356438 842039 711811 522599 474266 607754 765238 154083 918244 335567 154174 352182 267961 159010 345963 546689 587084 763133 174586 763211 569106 913244 603381 435119 862940 218428 776316 741550 238246 705590 542012 400288 512839 261538 326351 258807 621377 420125 274097 809386 433456 140026
668068 589121 453145 416137 819863 495956 111507 354211 1061509 593029 999999999 184868 676488 525550 51412 512917 237743 450434 404707 842550 291008 415973 882287 712734 154737 367035 651756 851570 239896 452584 820447 757637 719247 1020756 629144 567310 784929 692224 804375 493217 744367 402951 784926 826934 751053 358745 841188 425784 236194 807101 44887 665435 512218 89875 136744 90798 346676 698211 485564 716460 132448 621125 123590 967479 265161 739950 794756 657989 500779 742990 553322 487853 701039 888343 157775 364210 443389 485731 67795 660333 220454 295911 788837 760425 628190 490741 406575 912321 110252 257635 826168 772735 277611 528950 585068 443497 320150 669924 615579 699552
505860 456559 371625 285059 639768 322583 89952 188875 877647 436898 184868 999999999 502032 499175 146551 408321 54082 335143 268324 691876 240220 319194 697452 527928 333735 190201 506731 712248 277177 267892 681471 585255 614578 841425 512504 383376 602633 593596 630954 360066 563350 220667 600219 695594 632298 321570 750749 327779 133983 624418 140084 493578 465335 264247 316970 275462 211646 577955 304935 620598 281025 457923 70061 785818 333970 574672 702882 473557 324749 558133 368463 365924 516376 706828 154695 366077 316754 431906 138914 609561 189240 131615 680835 584069 533601 424753 304024 746317 105666 229054 645557 592383 177637 443303 449951 273370 186552 575574 439345 528377
94864 580236 667932 310900 388227 180564 591827 438425 502553 144485 676488 502032 999999999 843340 628308 345731 459580 328639 513478 637605 485373 380085 312321 218042 804144 311899 556529 703670 744305 285695 684042 438439 758266 543029 659345 167782 332484 761100 128997 541958 334726 347067 259597 724477 351059 707965 897676 375100 457552 172880 634471 25205 786211 736969 790906 765579 352398 686697 322709 787052 783049 449377 553203 467680 809026 103918 857338 230994 177297 220955 210715 299891 226845 411115 638564 781797 305342 752320 640586 883298 640994 461451 794383 85523 732546 726585 370806 586395 606550 519310 384489 118291 433335 403176 568592 398492 374150 760437 353415 38744
893761 332749 175773 757882 720658 708917 463125 420372 976134 850831 525550 499175 843340 999999999 543499 890837 491206 815538 330578 555196 738230 810756 864822 729691 635780 607076 407654 516302 290676 562292 491497 610447 307894 874082 293629 676432 721947 272748 956910 314464 675729 506643 777207 468904 1089340 178191 369346 818374 633093 878275 510627 848747 61473 599174 619306 554078 691203 342513 521432 281729 456484 473940 528320 857396 298305 943091 332794 673408 699182 758340 635406 838392 712430 790988 379466 164579 789899 91653 469875 146051 320937 426754 368104 900431 224201 120643 793984 685253 448601 722071 731275 877768 675624 934217 340582 444862 670921 246660 549189 880604
617790 576800 455105 364738 786172 447984 94048 327442 1023647 542304 51412 146551 628308 543499 999999999 462427 200614 399270 389125 824476 243035 365558 841876 672653 187377 320806 635277 837988 266846 413349 806902 729118 716941 987735 622445 524139 749166 691629 755747 479870 709860 367204 745247 816206 700204 370758 843869 375346 184812 762288 33170 616659 524632 117747 170952 137288 295486 690750 451290 716861 181615 596993 79023 932369 300986 689949 796790 619196 453513 702465 512458 436564 661577 853377 165212 386487 391987 495906 73887 673209 227246 268579 785830 712652 628366 497658 355794 887423 101444 211480 792035 726506 226278 479992 571826 415349 269027 670483 584553 650576
271220 739647 737007 134134 699719 264177 481189 486630 847682 201359 512917 408321 345731 890837 462427 999999999 401954 75299 590648 891388 229793 96969 655409 528922 588796 295496 752093 941638 684226 399752 915448 713124 923931 877201 815198 388440 644920 913920 431296 662661 630583 424288 588766 946295 239240 718920 1069382 87144 286210 518518 485212 321477 847436 535248 581676 583736 200358 865492 470954 942152 643865 658117 415645 803675 737338 336816 1023006 510607 282189 543955 418533 62432 530076 738768 560885 771965 103496 812017 512103 979907 596723 465828 978387 417885 865594 796817 107426 879896 499576 268567 699038 462823 240337 61971 729150 512290 222947 903499 581740 339396
470732 415280 349779 271886 585695 282733 135900 140906 824019 405971 237743 54082 459580 491206 200614 401954 999999999 326970 230057 643638 262378 319551 644773 475172 387702 150957 461022 666995 298075 214949 636454 532162 580217 787369 475609 333368 548624 561336 588526 320248 509268 166592 547236 652665 615867 317171 719439 327213 152572 575352 192857 452869 451876 318275 370847 327934 201601 539177 250885 588878 325930 407261 123731 731768 359267 537268 671546 420248 282795 505592 316390 353591 463331 652766 181793 371399 304197 417217 187110 591880 200431 87888 644851 539950 503438 406324 302842 694298 148604 258606 591475 545368 189118 443156 407927 221864 180007 544877 385740 487854
270824 669835 662146 60050 656117 211880 410799 412657 822583 191890 450434 335143 328639 815538 399270 75299 326970 999999999 516876 831771 181824 52737 628348 489423 538798 222828 685808 879007 611880 333974 852072 659890 853214 841016 744411 339541 602665 842270 431404 590660 583969 353607 553886 881347 302048 643779 998448 46603 217953 499729 419822 306545 772230 480991 530018 525955 125421 796326 405629 870522 579528 594935 346993 769251 666272 342770 951791 464166 229649 507831 364653 39489 488419 700623 488694 697482 33578 736831 444318 905207 522800 390676 908970 408443 792890 721833 49594 828737 429124 220835 656444 446808 173468 126079 659553 442161 148848 831232 523222 330844
563628 188967 157003 456926 465972 381717 296423 104354 725682 524074 404707 268324 513478 330578 389125 590648 230057 516876 999999999 437983 490277 524546 578537 423456 557291 295646 247064 448884 300938 231930 417811 378468 350697 654981 245555 347619 448143 333423 629922 91947 401522 178901 482601 428697 769186 206880 491768 530380 381102 563733 366214 518303 275466 494564 538844 480053 400816 309819 194133 361352 428354 230166 330199 615802 362692 612601 444022 363899 370764 454351 308114 532746 406946 539200 262494 285737 487174 240587 337412 392600 217069 142537 414808 573878 278636 217579 506474 516971 294575 488577 474817 555972 412842 641803 183185 116341 387011 318848 261921 550428
727760 263673 450722 777182 290754 627971 733273 503232 480639 737553 842550 691876 637605 555196 824476 891388 643638 831771 437983 999999999 876616 861126 457184 425444 995235 630071 191625 77889 707727 502036 78792 201025 268322 352121 265188 511325 332249 298455 689489 352630 310222 504422 417999 123780 983428 569819 342453 863200 777188 556145 803272 657838 501879 932358 976776 917326 750651 213687 431734 305336 857985 242725 759333 365976 757728 733803 324841 407564 610123 434814 475211 829167 413383 331128 698003 635131 798194 491854 775375 479394 645855 560421 247042 641208 332100 462467 843509 142942 732326 886486 300488 591248 794981 952355 264265 425200 748851 319913 309700 672939
443730 670005 609934 175619 754554 326859 285822 392343 953972 363343 291008 240220 485373 738230 243035 229793 262378 181824 490277 876616 999999999 135380 760476 603786 359469 252898 705963 910343 492087 383584 880806 732159 840959 951328 734886 443937 706140 823103 600301 577994 677737 372194 674552 902028 468658 560119 981363 144953 109811 647648 270454 466627 705541 305636 351963 355556 143824 796190 448674 850790 423447 633963 216549 884632 536609 517320 933499 564512 340619 628008 453461 221265 598294 810009 372085 597599 189634 672110 303801 849532 421364 348050 904254 569710 765742 664396 132376 902086 303445 39237 757246 599837 81654 238450 661589 454498 134018 807077 584643 495623
323557 686506 663918 85627 697546 252522 387578 420388 871060 244570 415973 319194 380085 810756 365558 96969 319551 52737 524546 861126 135380 999999999 676593 533558 494754 238292 707995 905103 592450 359643 877387 695227 867533 885530 758911 379982 644984 854615 484119 603101 623994 371021 599673 904679 335893 636008 1011999 9844 191966 550332 388748 358380 770442 439532 486934 487169 123745 813696 430962 882839 547070 621439 320848 814628 643852 395398 964841 504936 269678 553311 401495 89697 531554 744586 469183 685032 76200 735425 416528 907333 508430 391497 925604 460622 802736 722495 18288 865045 405963 174592 698400 498045 145709 124227 676658 459659 140393 842121 554900 383247
401468 538892 699460 597442 168310 433818 778390 555861 194544 455705 882287 697452 312321 864822 841876 655409 644773 628348 578537 457184 760476 676593 999999999 169612 1028679 531133 477484 534647 870594 429834 527257 278673 671163 239004 602405 322704 145156 688145 286029 554940 189668 483542 98751 573858 641054 783541 784639 673295 703216 148459 837442 337440 803349 958936 1012721 972686 617307 597019 409091 707387 960626 391749 762868 163545 935205 366903 755943 226524 419879 139411 329425 604815 182202 135653 794950 862624 600408 776502 829964 852036 773064 604262 680290 260781 686365 745380 664305 350891 788123 788594 157835 204918 693092 714288 529243 475482 632144 698445 320180 329326
312169 421480 557666 450266 173288 282201 608847 389878 354443 341691 712734 527928 218042 729691 672653 528922 475172 489423 423456 425444 603786 533558 169612 999999999 859657 365516 377104 495425 707533 260227 478804 224468 581526 351975 494917 159974 117396 591215 267730 415242 117287 314487 72971 521950 569056 630313 712061 531723 538939 152117 667879 240874 668756 789897 843567 803095 459971 506962 243055 614463 791893 274512 593681 281944 772705 309134 676073 60027 266132 31610 160560 472190 17310 211205 627252 709188 458643 638879 660428 737973 608151 436211 606576 216634 575905 609048 519372 368503 618731 629351 171250 170691 532409 590354 410481 313956 472241 596070 183376 250503
783473 739046 590826 518077 972651 625683 266241 508836 1211012 704906 154737 333735 804144 635780 187377 588796 387702 538798 557291 995235 359469 494754 1028679 859657 999999999 503393 803961 1001597 346170 600668 970514 912206 859191 1173951 774307 709489 936322 830294 929344 644223 896638 554190 932347 974840 826606 484999 973802 504383 347476 945230 197907 790410 633348 69762 18508 83403 457345 843713 637849 853084 180793 775764 266093 1119392 344464 856998 928606 806513 633003 889288 699282 578168 848762 1040344 300752 471260 540198 611220 220315 777898 359867 450395 929189 889381 765845 621134 490300 1066978 264203 320390 978698 907049 378585 589440 735613 598004 432882 806721 769481 823294
319884 448619 445468 162832 505161 132572 280096 192329 719940 257370 367035 190201 311899 607076 320806 295496 150957 222828 295646 630071 252898 238292 531133 365516 503393 999999999 470414 669869 446751 130945 641518 479305 630915 704553 522127 208577 459197 619502 440777 367846 427745 132730 438292 667402 482643 443964 775955 242448 173782 441964 323987 303486 559378 434327 488625 457232 120767 575660 198580 647756 471217 387947 243466 640889 509168 386421 729164 319332 134711 393059 207294 237100 357276 564215 332696 507739 192040 523732 328694 686875 346044 181890 687840 394477 570210 506045 220037 649363 295191 271357 508609 405800 173886 348760 438631 221406 120102 608417 332205 338348
635579 79599 272624 627799 319962 498038 543217 320221 569685 626187 651756 506731 556529 407654 635277 752093 461022 685808 247064 191625 705963 707995 477484 377104 803961 470414 999999999 206007 520134 352380 175646 206287 204751 467132 125191 401852 332464 214673 639739 161112 290428 338558 403359 197116 880015 387493 341154 711471 601937 527915 613120 571695 348165 741620 785487 725767 590318 130949 281193 237378 667016 107184 572605 450446 573040 659762 301646 334913 481435 398943 359240 689886 360703 387100 506377 458095 652714 329542 584383 374990 454615 375251 238364 584994 209250 298005 689845 290406 541638 711798 330930 545817 624684 810639 76495 252034 584454 221978 203624 594905
791894 262586 434033 822683 367628 680489 744975 526225 555489 796702 851570 712248 703670 516302 837988 941638 666995 879007 448884 77889 910343 905103 534647 495425 1001597 669869 206007 999999999 697426 545738 31124 272573 214402 424204 240564 569163 407253 247836 761516 358517 382326 540084 492526 52960 1045776 554329 268434 907868 807336 630269 814487 722936 467592 941341 983089 921532 790545 176909 474204 248943 854932 284081 777406 442310 742653 801890 255407 472697 662941 506848 530674 879213 482438 409009 701388 613421 845524 462725 783830 425336 645508 580950 179454 711963 292584 435613 887173 214381 742116 917184 377544 663344 828839 1001781 266543 455847 786405 272128 363920 739879
765785 444186 264916 562169 766598 574975 206843 319323 1025488 703587 239896 277177 744305 290676 266846 684226 298075 611880 300938 707727 492087 592450 870594 707533 346170 446751 520134 697426 999999999 467722 667305 678244 528669 955412 458474 596627 746340 497106 871474 363234 700302 405247 772590 662433 909310 147026 632605 601483 401047 834242 233882 741082 287910 308808 329306 263775 488821 526638 464809 517407 170261 528595 275984 916634 65630 829554 588861 647647 572127 739120 566817 643099 692231 839706 123358 126399 593924 268175 194201 431737 103400 283831 598270 819223 433261 282284 578383 806767 188857 467583 775272 814753 447219 715390 444469 395112 463635 472010 560656 775942
331715 343864 388732 276983 381110 155393 349021 153349 610409 296075 452584 267892 285695 562292 413349 399752 214949 333974 231930 502036 383584 359643 429834 260227 600668 130945 352380 545738 467722 999999999 518400 348627 529565 582444 421872 128909 339052 523246 408233 278798 303500 62759 332346 547395 547040 422272 675018 362195 297439 368848 407714 288169 507322 530938 584281 542880 249766 467638 71673 551147 534539 261838 334602 522510 533273 382017 629802 205848 141959 290732 102878 337626 248485 444246 374078 496483 300686 472515 400605 617410 364778 185023 580671 354052 481689 448930 341847 518511 359520 400362 385574 347031 303677 458330 332879 124055 251025 516176 201261 321308
771101 231486 404408 795377 359205 655252 713867 495758 559107 773647 820447 681471 684042 491497 806902 915448 636454 852072 417811 78792 880806 877387 527257 478804 970514 641518 175646 31124 667305 518400 999999999 258611 194306 430887 211508 545990 395662 226407 745938 327396 367890 511183 480027 46775 1023867 524707 264406 880304 777392 616967 783370 702744 441423 910221 952007 890499 762091 149946 446765 230325 824247 257355 746485 443725 713125 783333 246057 453148 637826 491811 506727 853017 465214 405258 670349 584797 818641 435322 752708 406077 614602 550248 168323 695413 267326 407679 859402 221440 710992 887252 369486 647983 799365 975323 235420 426342 757536 249647 340251 720702
530099 277700 460285 609685 114482 449533 646244 403437 365925 546090 757637 585255 438439 610447 729118 713124 532162 659890 378468 201025 732159 695227 278673 224468 912206 479305 206287 272573 678244 348627 258611 999999999 392759 277527 330811 325372 138702 410928 489075 322501 109754 371325 221641 303716 786891 563461 507797 695885 643519 358367 714396 459476 549837 844609 894354 841865 595650 319020 287508 429271 802880 150100 655306 248117 737994 533201 477665 211171 431510 234335 295367 652001 212766 181028 633888 639835 626655 527772 694554 579972 594553 461817 402746 440248 414613 495950 678537 170449 650148 748572 125532 390861 652251 774956 270068 314219 599095 422785 148845 473033
833881 185752 268451 793459 506243 682838 623320 450797 735686 817693 719247 614578 758266 307894 716941 923931 580217 853214 350697 268322 840959 867533 671163 581526 859191 630915 204751 214402 528669 529565 194306 392759 999999999 615033 108804 598862 528179 35166 844393 264977 489430 499747 604033 163736 1071834 381658 145583 872452 731778 731690 688712 772238 266002 806298 840985 776241 744864 74940 462671 37797 695950 310810 670364 616920 563545 861952 100562 539507 667485 602563 555260 863041 565254 565569 561909 426531 821410 269528 652629 211776 500321 493138 70035 789478 95556 248330 849262 409622 615911 838801 517262 750555 763078 979293 196897 411684 733712 61575 407311 796865
635459 544937 734003 802112 201862 633913 910513 669586 138669 682361 1020756 841425 543029 874082 987735 877201 787369 841016 654981 352121 951328 885530 239004 351975 1173951 704553 467132 424204 955412 582444 430887 277527 615033 999999999 582956 508949 245480 641755 524664 599332 279134 621046 288435 474752 879577 840263 692634 883643 877516 387059 976493 568182 815143 1105033 1156606 1107721 808093 550486 536490 652751 1075524 427624 910905 75889 1015472 605339 676941 386829 617522 333620 498379 822330 354748 141505 906039 915909 810511 796428 960439 821470 869776 726208 599160 499019 662483 764764 871315 209928 916300 974392 196881 442610 876689 937849 539064 580301 818034 659868 406143 564282
731659 79713 193950 684655 444879 575899 528400 343445 691519 712219 629144 512504 659345 293629 622445 815198 475609 744411 245555 265188 734886 758911 602405 494917 774307 522127 125191 240564 458474 421872 211508 330811 108804 582956 999999999 496798 457291 102547 751837 157236 414528 390972 526188 204024 966031 314097 254189 763770 626177 646844 595787 672003 237766 717806 755886 692454 636412 69440 356146 129820 619610 220407 571112 571923 502226 763261 208156 448008 560873 518701 452923 754389 478040 511051 473934 373366 712625 226680 561636 249806 414680 387971 169392 696043 84060 197609 740635 391662 522635 734071 455874 660590 656300 870490 91307 303028 625642 101804 314418 698078
235054 417172 500802 295086 317589 127790 469250 280843 512982 227657 567310 383376 167782 676432 524139 388440 333368 339541 347619 511325 443937 379982 322704 159974 709489 208577 401852 569163 596627 128909 545990 325372 598862 508949 496798 999999999 265617 599187 282853 374386 244450 191532 231658 582549 479388 546528 741052 379154 380640 242417 522911 176717 618859 639960 694104 658108 300166 529498 155154 625815 658058 296518 445321 440906 662170 270292 698943 124958 110336 185612 43934 328068 154553 367448 501059 622260 307212 585193 520454 716046 493638 313593 639953 227432 567442 559105 364746 491462 481319 469399 318648 218133 372583 450388 405540 231762 312291 596919 205825 205945
427248 394140 559472 560489 56004 392471 676504 441277 280507 459086 784929 602633 332484 721947 749166 644920 548624 602665 448143 332249 706140 644984 145156 117396 936322 459197 332464 407253 746340 339052 395662 138702 528179 245480 457291 265617 999999999 544063 360986 415345 47119 382191 86006 441388 683108 649396 646345 643747 632413 224267 740223 356150 660515 866881 919396 873619 563182 453637 299708 563959 850293 248054 671261 183533 809682 417145 615476 141777 375488 112232 252926 587256 114848 105299 681627 728140 571122 634615 727425 706885 652877 494834 541127 316916 541228 603232 630072 255674 683961 728925 54127 263486 631214 706558 384664 354912 572675 553775 186225 362477
834115 182252 239676 782323 525157 677744 598410 435562 759920 814589 692224 593596 761100 272748 691629 913920 561336 842270 333423 298455 823103 854615 688145 591215 830294 619502 214673 247836 497106 523246 226407 410928 35166 641755 102547 599187 544063 999999999 851313 251729 503738 489796 617536 197946 1068275 350267 158350 859853 713548 742426 662809 774097 231158 778577 812174 747154 731382 92889 458334 28254 665198 317739 647483 640693 530519 864990 110618 546681 662901 613546 555338 853598 574625 586686 534566 392906 810926 235704 626071 181039 472480 475076 101558 795857 64460 215639 836387 438338 590329 819539 536209 758810 746228 968259 193830 402825 719168 26571 413430 799811
161326 674746 781150 424719 411708 308952 720780 561580 452984 239593 804375 630954 128997 956910 755747 431296 588526 431404 629922 689489 600301 484119 286029 267730 929344 440777 639739 761516 871474 408233 745938 489075 844393 524664 751837 282853 360986 851313 999999999 648568 379397 470636 275810 789483 360743 829178 978140 477683 581956 141906 762708 139168 898297 862881 916568 893028 474032 770583 436135 875829 911978 533876 681329 449513 936446 96689 940840 304898 306264 254754 321941 397321 282428 411658 767122 904398 413468 865351 769416 986053 768082 587954 872962 56668 829404 838203 477724 613395 735541 636066 404874 98243 554769 481495 663264 513677 497201 853641 437884 106158
603855 97145 144521 530678 422740 434129 386571 186214 683485 574557 493217 360066 541958 314464 479870 662661 320248 590660 91947 352630 577994 603101 554940 415242 644223 367846 161112 358517 363234 278798 327396 322501 264977 599332 157236 374386 415345 251729 648568 999999999 368327 239321 464471 336921 825725 240986 408912 608236 469637 564082 455988 550747 253676 583049 625724 565299 480114 218948 221630 279981 506114 173500 422107 568574 419504 644646 361754 359092 420658 444049 331254 602750 397991 495649 345545 317554 559492 223730 425542 341974 293588 232362 326383 591900 204053 193824 584854 443582 383613 578087 432640 565684 499137 716601 92011 155077 468735 240901 235981 580292
428210 349350 512534 538726 77641 372226 635144 397758 325530 452016 744367 563350 334726 675729 709860 630583 509268 583969 401522 310222 677737 623994 189668 117287 896638 427745 290428 382326 700302 303500 367890 109754 489430 279134 414528 244450 47119 503738 379397 368327 999999999 342696 115070 412499 685367 602338 611876 623412 599659 249392 699815 356991 614272 827420 879510 832455 536025 414571 258850 524556 806674 202151 632519 223260 763423 426230 579188 120078 354666 124644 225093 571319 108069 144109 637660 681058 551654 588054 685766 663606 607611 452317 506267 331148 498208 556740 608406 253756 642035 698813 82356 281164 601096 692513 339618 310412 543782 512344 139737 367741
387888 316344 335490 294053 419268 202929 295871 91364 658823 345272 402951 220667 347067 506643 367204 424288 166592 353607 178901 504422 372194 371021 483542 314487 554190 132730 338558 540084 405247 62759 511183 371325 499747 621046 390972 191532 382191 489796 470636 239321 342696 999999999 385090 535673 591021 361407 645130 375127 275042 430082 358169 348303 453437 484838 537214 492191 251806 443168 85068 518006 477442 261798 289887 565209 470834 441485 598719 257238 192568 345681 162704 363803 301342 486186 314258 434730 321666 418182 347281 570157 302493 123700 555567 416678 443243 396282 352765 537770 304835 383145 424937 409574 290562 479666 306200 88767 246354 480103 222867 381975
354091 457663 608680 517633 136134 350506 680315 457198 281668 394993 784926 600219 259597 777207 745247 588766 547236 553886 482601 417999 674552 599673 98751 72971 932347 438292 403359 492526 772590 332346 480027 221641 604033 288435 526188 231658 86006 617536 275810 464471 115070 385090 999999999 525338 606817 688562 726852 597302 611554 138271 740051 284304 715828 862585 916187 875154 530758 529117 310374 638857 861973 308837 666310 215453 837366 336750 694247 127895 335148 46662 233473 534172 83934 151929 696199 767658 524057 687629 731865 773929 674623 505533 621275 233915 609277 656970 586131 338181 689824 700850 129940 179114 604214 649453 447338 377556 543785 625259 228489 285924
810247 239777 397667 823837 405723 688314 722511 512972 604369 809993 826934 695594 724477 468904 816206 946295 652665 881347 428697 123780 902028 904679 573858 521950 974840 667402 197116 52960 662433 547395 46775 303716 163736 474752 204024 582549 441388 197946 789483 336921 412499 535673 525338 999999999 1061509 517459 218681 907991 796889 661825 791369 742599 422317 916350 956358 893748 787416 136195 475784 197197 823226 289370 758855 489641 704981 824648 203081 494038 671140 535907 542265 883920 507967 452002 674092 573053 848081 419794 759151 373516 616368 565436 126602 738356 246731 394001 886567 264853 718475 906644 416053 691732 820973 1005539 245740 448931 781509 223025 376857 761520
257184 886743 924103 347268 738597 391646 711653 670546 813716 254248 751053 632298 351059 1089340 700204 239240 615867 302048 769186 983428 468658 335893 641054 569056 826606 482643 880015 1045776 909310 547040 1023867 786891 1071834 879577 966031 479388 683108 1068275 360743 825725 685367 591021 606817 1061509 999999999 925767 1216101 326050 519998 492632 721648 328377 1040168 774281 820060 822963 420853 1005284 609941 1095835 881120 775692 648875 803736 965783 274238 1172393 576295 405704 571075 521038 267334 577309 755729 786940 986202 315858 1004546 746308 1161177 815865 664318 1117097 380565 1028652 985033 344484 937453 729877 507121 734369 437096 475331 241841 875358 670689 446651 1062502 684681 321077
746959 308856 120304 587471 661527 556983 286570 270282 922543 696220 358745 321570 707965 178191 370758 718920 317171 643779 206880 569819 560119 636008 783541 630313 484999 443964 387493 554329 147026 422272 524707 563461 381658 840263 314097 546528 649396 350267 829178 240986 602338 361407 688562 517459 925767 999999999 488965 643924 455554 769819 338526 709710 153967 439243 467323 401611 518599 381328 397535 371055 315249 414020 350597 808818 188475 802770 444227 570779 549665 661152 509714 668810 613762 734771 205547 79102 619729 127236 298291 302527 144501 262197 451310 773959 286295 136561 619625 677600 272941 543941 671096 759716 498650 759975 310999 320377 497125 325373 464296 743301
975705 331154 388836 938627 616581 827933 751540 593664 823040 961864 841188 750749 897676 369346 843869 1069382 719439 998448 491768 342453 981363 1011999 784639 712061 973802 775955 341154 268434 632605 675018 264406 507797 145583 692634 254189 741052 646345 158350 978140 408912 611876 645130 726852 218681 1216101 488965 999999999 1017074 871757 859272 814112 912645 348134 925588 956014 890400 889001 211566 607704 130575 802766 448330 803015 708125 656932 1000901 47905 674339 812419 730574 697755 1008566 696462 667759 683542 517304 966755 364444 776258 231386 620737 633370 105687 924231 217299 352670 993747 482765 742429 977416 627290 882516 904578 1124519 342182 557201 877171 175198 544629 936060
316856 690971 670662 86368 696586 251468 396831 426129 867682 238295 425784 327779 375100 818374 375346 87144 327213 46603 530380 863200 144953 9844 673295 531723 504383 242448 711471 907868 601483 362195 880304 695885 872452 883643 763770 379154 643747 859853 477683 608236 623412 375127 597302 907991 326050 643924 1017074 999999999 201245 545887 398451 353107 777684 449307 496627 497005 129869 818081 433664 888088 556841 624033 330267 812438 653122 388340 969989 504098 268821 551035 401626 81886 530033 742859 478185 693458 73247 742609 426082 914095 516988 398199 930144 455046 808355 729407 24418 865504 415221 184140 697285 493211 155020 116063 681043 463847 147614 847588 556357 377423
437232 562724 500679 179965 677264 281530 195614 284908 893212 359943 236194 133983 457552 633093 184812 286210 152572 217953 381102 777188 109811 191966 703216 538939 347476 173782 601937 807336 401047 297439 777392 643519 731778 877516 626177 380640 632413 713548 581956 469637 599659 275042 611554 796889 519998 455554 871757 201245 999999999 605480 202622 443165 598274 281976 335116 318223 111623 688288 356353 741182 362563 535511 129464 814521 451887 510376 823879 493049 290898 565987 381055 253757 530982 737576 278058 498260 207811 564424 226433 741155 321028 238656 795568 543001 655976 555766 178970 811757 213998 109862 681113 563750 46273 314346 554633 352413 85950 697355 494734 475864
256188 573591 704641 476702 272244 324834 711242 515214 331466 317170 807101 624418 172880 878275 762288 518518 575352 499729 563733 556145 647648 550332 148459 152117 945230 441964 527915 630269 834242 368848 616967 358367 731690 387059 646844 242417 224267 742426 141906 564082 249392 430082 138271 661825 492632 769819 859272 545887 605480 999999999 763108 197063 817725 876276 930576 897783 508402 656882 373425 765226 900447 426459 684102 311298 899866 218448 824778 205040 314587 129139 267564 472311 169221 269836 742762 847917 474662 787001 762263 889998 732151 553617 753588 112372 728008 757737 539930 472944 723581 679252 264788 57432 587946 575421 562576 449606 527016 747815 335202 183799
628780 552536 425281 381952 775451 453916 70013 311171 1016652 554865 44887 140084 634471 510627 33170 485212 192857 419822 366214 803272 270454 388748 837442 667879 197907 323987 613120 814487 233882 407714 783370 714396 688712 976493 595787 522911 740223 662809 762708 455988 699815 358169 740051 791369 721648 338526 814112 398451 202622 763108 999999999 623997 492474 130543 180262 135387 310798 664448 440977 687736 159940 579241 81481 922870 269505 700098 767204 613102 458192 698161 508545 456245 656161 843746 133130 353326 410385 464129 40797 641048 195644 252589 757883 718028 599255 466579 377999 870288 73153 240653 781685 729357 246362 505546 547994 400177 284048 641280 571643 658310
71295 592600 673800 291449 412003 170997 583519 439541 527332 120118 665435 493578 25205 848747 616659 321477 452869 306545 518303 657838 466627 358380 337440 240874 790410 303486 571695 722936 741082 288169 702744 459476 772238 568182 672003 176717 356150 774097 139168 550747 356991 348303 284304 742599 328377 709710 912645 353107 443165 197063 623997 999999999 792325 723787 777525 753928 336242 701331 330017 800346 774466 464730 542561 492858 805418 94398 871719 250446 170169 245025 220464 276819 248938 435960 633114 782539 284298 758100 631590 892595 637994 459496 809907 103174 743861 732995 349681 609377 598673 501232 408476 141588 417169 378524 580951 404442 358827 772679 369409 35007
839036 272260 118642 713717 659609 656299 439089 369681 915677 798564 512218 465335 786211 61473 524632 847436 451876 772230 275466 501879 705541 770442 803349 668756 633348 559378 348165 467592 287910 507322 441423 549837 266002 815143 237766 618859 660515 231158 898297 253676 614272 453437 715828 422317 1040168 153967 348134 777684 598274 817725 492474 792325 999999999 591012 616126 550350 649122 291513 463709 244899 457865 412532 501126 797144 308798 886721 306920 612761 645875 697261 577332 793341 651481 730168 359431 169179 745434 35651 452258 148580 297810 381657 330852 841735 175587 60196 753268 628999 426128 692071 670195 818077 639238 892975 279803 387911 630091 204587 487914 823753
719095 678844 538994 456274 903592 557853 200095 441600 1141306 641251 89875 264247 736969 599174 117747 535248 318275 480991 494564 932358 305636 439532 958936 789897 69762 434327 741620 941341 308808 530938 910221 844609 806298 1105033 717806 639960 866881 778577 862881 583049 827420 484838 862585 916350 774281 439243 925588 449307 281976 876276 130543 723787 591012 999999999 54302 59742 392952 787004 568722 802297 160200 709753 196346 1050040 319494 792333 879600 736778 564745 819540 629532 520030 779003 971024 244499 435200 479943 566440 157517 737909 306102 382920 876078 822024 714317 573649 433507 1000825 200033 267470 909544 838687 315814 541122 674868 530420 367847 755776 701095 756987
771848 720539 572656 507606 955403 611978 248238 490942 1194504 693631 136744 316970 790906 619306 170952 581676 370847 530018 538844 976776 351963 486934 1012721 843567 18508 488625 785487 983089 329306 584281 952007 894354 840985 1156606 755886 694104 919396 812174 916568 625724 879510 537214 916187 956358 820060 467323 956014 496627 335116 930576 180262 777525 616126 54302 999999999 65801 445620 825287 620680 835042 165574 757597 249886 1102366 329396 845233 910735 790125 618972 873313 683296 569282 832528 1023291 282275 454737 530414 593709 201975 761026 341504 432577 910974 876026 747731 603346 481878 1048816 245940 313112 961515 892941 367577 584163 717108 580182 420817 788660 751905 810604
754074 659217 507812 496664 907414 585207 197340 438972 1151004 677789 90798 275462 765579 554078 137288 583736 327934 525955 480053 917326 355556 487169 972686 803095 83403 457232 725767 921532 263775 542880 890499 841865 776241 1107721 692454 658108 873619 747154 893028 565299 832455 492191 875154 893748 822963 401611 890400 497005 318223 897783 135387 753928 550350 59742 65801 999999999 429805 761890 573956 769823 103978 702329 213850 1055698 266792 826551 845217 748005 590518 833449 643908 564431 791238 976541 220155 389502 522183 527924 147445 695420 277775 381588 846258 849854 682697 537732 479776 993329 191798 318528 913965 863027 356255 593129 656183 528537 403766 723487 701848 787807
