NAME : synthetic_000685
TYPE : CTSP-D
DIMENSION : 100
GROUPS : 8
RELAXATION_LEVEL : 1
EDGE_WEIGHT_TYPE : EXPLICIT
EDGE_WEIGHT_FORMAT : FULL_MATRIX
EDGE_WEIGHT_SECTION
999999999 268855 577175 749575 367125 582109 220115 233928 581283 609669 346428 527185 398872 524544 495626 350156 288848 625137 431015 363541 465160 199800 482526 541871 327825 535147 281677 435887 214765 251092 242316 496785 124726 597110 387048 168207 303939 332283 231022 464804 422239 397165 131301 375938 377867 443498 381183 241639 56296 480463 340332 268659 347418 226348 218194 254617 459919 368633 303005 166403 517498 412037 541193 486064 104334 456603 272088 489586 416248 619161 415302 355212 397808 390393 632434 459711 490556 333751 318785 503390 429894 347062 130443 294145 630425 362987 580816 130508 317411 360200 364432 432404 521828 299758 576835 631321 298054 405961 249595 337286
268855 999999999 511796 712557 360620 832827 49796 501870 345113 361650 95205 405471 459291 770236 374390 615626 100754 517728 676525 160267 297471 127780 216533 291256 81634 778923 295970 503294 325306 151764 372763 375584 179085 338865 118259 250495 389022 579030 49368 439144 207125 545054 399811 561599 629963 650939 333900 60505 319784 524920 346696 82092 200690 327738 446410 166457 616898 566253 536747 359825 520415 541026 776386 513589 181810 242813 534444 220789 684702 602059 642862 302518 266683 130039 372423 242210 657340 457030 387169 450598 480467 542819 394429 552302 361632 159801 311972 345588 55420 494234 633281 437552 379456 336444 810381 890289 91303 412031 511195 547811
577175 511796 999999999 202469 858765 834037 504748 694927 773924 760516 578929 138234 937214 767493 156135 750574 612541 95922 702077 370536 797709 430830 511484 449081 453097 766857 781165 979827 765041 653764 390091 155299 603534 711102 530338 693016 849916 646530 483921 121378 361404 971286 657301 952861 695389 581383 840815 563566 624233 1012709 839666 430826 712117 773324 789921 364271 1036303 944114 588923 742229 138442 377612 736208 186505 585051 722391 678509 551874 870544 124829 627624 227846 248317 471620 726710 355163 1067712 362351 856747 73996 963889 923215 610092 824323 619427 370753 603729 707610 543027 929848 810581 171599 181307 286479 755397 919290 422131 189319 777987 540051
749575 712557 202469 999999999 1053799 889211 702691 828031 973024 957153 781334 332487 1126193 828194 355556 860820 813275 239459 781348 572978 1000128 624189 708563 637578 655477 824035 973962 1167925 949149 851556 532199 354595 792009 906279 732437 880099 1036249 748044 682442 288009 561791 1146740 810625 1120071 789512 643049 1038588 762699 791005 1203587 1033528 631008 913186 958327 952672 559576 1208513 1108242 694488 915958 235851 452681 785948 278000 771810 924696 799640 749428 985841 132622 702680 419009 450706 673397 919499 552468 1236808 474236 1044900 263100 1154005 1088714 758972 967366 805201 573198 794763 879222 745169 1108580 928070 317443 373324 449844 796756 977427 623673 343628 922968 634065
367125 360620 858765 1053799 999999999 890880 355628 524488 417610 466733 339105 763477 120654 845426 731691 636452 269369 875150 758245 520735 236533 429621 511649 612511 438166 858305 86214 159767 172833 209192 601041 732905 271640 489638 412928 199065 123545 665860 377285 768349 563753 270777 426194 332779 698943 801277 55367 301770 366822 167220 27765 434069 197062 160482 340693 494786 334218 354078 652329 268288 839370 776354 874927 819111 295400 304553 582418 488743 638175 932938 762409 634790 622439 462679 523255 595911 378206 694981 101094 791345 129816 336114 464731 472688 598808 520281 550572 296923 354091 222197 611731 751836 739519 625818 910774 916948 450642 724431 457258 697566
582109 832827 834037 889211 890880 999999999 783408 368039 1162629 1188629 920964 883234 858506 68424 864061 254839 870190 924851 157311 864003 1042225 721720 1026002 1053597 867980 67183 819350 874563 718778 831405 510604 864686 705778 1171086 947445 719510 780517 253804 786294 725253 915036 744779 473818 666508 204409 252834 924682 819120 550228 929093 863645 799653 926443 730811 558500 735300 757384 638157 299654 622654 700408 456575 103755 649908 686424 1038711 314639 1043759 300833 778524 213035 725503 821909 932393 1205125 945583 752442 485027 803558 778975 888352 637180 452716 442568 1180425 863572 1135055 596798 886697 749923 295194 671452 905591 617319 103555 88322 825263 664445 441250 313418
220115 49796 504748 702691 355628 783408 999999999 452542 390073 409006 140473 408708 445156 721069 376661 565951 121129 519913 627279 177970 325940 91001 263034 330939 114846 729886 283074 489026 297022 149037 330466 377881 140243 387876 167681 220501 368133 529605 22128 422450 231765 517693 351327 528234 580361 604562 336135 62335 272089 515313 338466 80474 218933 301084 404926 144784 589010 530983 487922 321204 500353 502248 727963 489132 138597 281265 484673 269627 636306 587051 594759 285860 267219 172827 421722 268810 628213 417561 369138 439597 468696 507579 344805 506615 410422 177436 361119 303798 103482 468226 584369 415122 387208 304956 762137 840538 103199 388667 464689 500665
233928 501870 694927 828031 524488 368039 452542 999999999 809918 840887 580102 686061 503845 320983 658091 119063 519198 765030 236053 577054 678025 415175 712705 763594 555154 333997 451399 526340 351785 471833 304849 659083 349792 830364 620117 352570 419155 153606 461376 573595 634631 419286 108964 355605 175986 314200 556823 475068 190287 579942 497017 491206 564451 364029 206923 453231 454471 332543 168361 256495 595048 397653 353221 550131 333973 682521 61123 722076 191784 696447 257449 506628 579404 619245 865880 670530 465955 354556 441454 623501 535054 321774 109930 145792 862751 576531 813658 228887 551281 409639 134518 526250 692618 413216 388655 404992 520046 505862 110362 234916
581283 345113 773924 973024 417610 1162629 390073 809918 999999999 51920 250098 640623 536316 1103150 618119 928576 292516 742762 1009137 415283 181882 472195 265887 355061 350930 1112931 424470 570341 517916 340267 717692 619021 460230 97006 258238 474648 524507 910359 394468 737342 412748 686224 701290 739283 958222 994538 362505 344924 619646 557502 427900 408822 257587 511517 690856 497285 751603 756061 873289 598684 823767 882939 1114245 828788 477501 129802 853008 224718 973821 886279 982394 611093 536235 309031 118771 420762 795652 800009 507401 731073 537508 735100 711643 819363 239247 415257 211665 604663 290093 635417 930928 750713 600732 670967 1149000 1212246 396544 728532 787767 890159
609669 361650 760516 957153 466733 1188629 409006 840887 51920 999999999 268841 624939 586066 1127857 604386 958946 321689 723464 1033843 411819 232241 486203 249037 328369 355731 1137183 469425 620742 560040 375818 731286 605217 491402 55475 262593 512825 571025 935387 410731 731884 401971 734073 732876 785174 984435 1012525 411885 369560 650789 608821 475961 418009 299123 554264 730352 504640 800210 801171 896079 637727 818562 892031 1136619 826742 507068 170653 881747 208800 1009030 876001 1003703 610106 529299 306586 68434 405408 844293 810394 554607 721855 588021 779867 740051 857109 196316 411864 176275 641483 306258 682860 964471 748862 583845 677066 1170964 1240897 402460 727871 824000 909407
346428 95205 578929 781334 339105 920964 140473 580102 250098 268841 999999999 460575 451288 859553 431784 696505 79855 571967 765592 209674 218801 222857 177230 274223 125873 868701 293847 494244 351491 152745 467965 432903 237148 251036 73913 285118 397114 667375 144474 518311 237460 561864 474276 591446 717123 744949 300236 105180 392299 506236 332152 166597 148963 350478 498192 255497 633520 600475 627311 406802 602152 635644 867782 599409 248048 151436 617244 164102 756716 677840 734900 383892 330628 126507 286091 264599 676078 551891 389637 523419 467180 577370 475771 614728 298552 209389 247072 400629 41528 509337 708233 522171 428483 428340 902126 975454 162592 497682 576800 641136
527185 405471 138234 332487 763477 883234 408708 686061 640623 624939 460575 999999999 852608 815016 32528 760740 504471 112316 738858 251383 677600 350472 376144 310847 336930 816778 691557 896232 691286 554657 392763 31306 526284 574629 405031 615845 770975 668400 386742 170886 231087 906709 628322 899284 721068 636235 739310 462211 579972 923971 747078 329421 601429 697938 745317 283283 975112 894472 610406 684564 239999 439749 792067 274428 511613 597675 681791 416959 872567 261151 670800 179697 141673 344999 589290 219981 1010061 398211 774623 127887 876994 872283 588314 801023 481234 251712 465805 653858 428165 861325 812373 219986 43192 278293 815914 964269 314196 220673 753988 573968
398872 459291 937214 1126193 120654 858506 445156 503845 536316 586066 451288 852608 999999999 820488 820279 604973 376775 962626 739572 618722 354521 507012 626671 725503 539796 834228 163327 44013 184151 309155 641099 821504 334298 610116 525090 246402 95054 654506 467282 838306 666007 163940 420790 238493 679422 803510 174376 398851 381179 81749 119839 525559 315113 172887 300584 574477 219508 264262 651551 257302 902848 809056 856566 877106 354481 425180 564633 605826 583740 1000665 756175 709843 710954 571206 643530 699980 262775 732435 81685 866904 31940 251154 468395 421053 718860 618230 670243 294581 461300 125133 567651 815439 832343 684718 891688 873455 545731 788070 417257 705149
524544 770236 767493 828194 845426 68424 721069 320983 1103150 1127857 859553 815016 820488 999999999 795710 216694 811123 857756 94035 797262 987600 657064 960699 986570 803141 14678 771137 839298 672654 775142 442662 796340 648974 1108944 883897 668092 738904 192810 723158 657745 847816 716087 422807 640664 148309 187459 876696 758760 496157 893641 817917 734717 870886 684947 519979 668798 734728 613107 234540 577466 634777 390497 57391 584158 628785 980560 263700 979254 289384 715000 144615 657120 753697 867349 1142657 878064 733640 416809 761532 711555 851027 609768 396860 413089 1115204 796838 1070306 549175 824517 716837 270271 603904 837208 548946 80685 151894 759930 596500 405162 245133
495626 374390 156135 355556 731691 864061 376661 658091 618119 604386 431784 32528 820279 795710 999999999 735149 473802 143525 717759 222163 649524 317951 355360 297031 307335 797948 659382 863879 658759 523027 368123 1226 493756 555141 378248 583320 738486 644966 354738 164469 206235 874257 598270 867183 698069 619196 708067 430676 548713 891839 715098 297631 571288 665411 713807 250796 942725 862559 587175 652404 241101 425977 774550 270533 479110 570933 655447 395743 845570 274672 651203 151537 109469 318611 571334 199084 977768 379449 742200 129706 844762 840317 559119 771200 467708 222464 449268 621904 398527 828821 785469 209240 42705 253752 799320 944066 283087 206088 724172 553143
350156 615626 750574 860820 636452 254839 565951 119063 928576 958946 696505 760740 604973 216694 735149 999999999 637337 828899 148425 678847 796756 520957 823043 867890 664378 230863 566520 622856 464847 590863 368388 736039 468350 947266 733573 470634 525743 115512 573228 630247 735060 500278 228020 426595 95517 269658 671472 591794 308987 677261 609336 598560 683477 476731 304449 551637 522519 399766 166332 368486 636446 411121 258972 587885 451880 801431 83860 834576 125780 733073 201246 584625 667046 729016 982564 769709 525083 391683 548746 682899 635225 394884 221264 198370 974771 678345 926412 344364 666376 500143 73450 578999 772552 482582 292156 286159 626741 562562 188561 229451
288848 100754 612541 813275 269369 870190 121129 519198 292516 321689 79855 504471 376775 811123 473802 637337 999999999 616786 717167 255421 205088 212084 256345 350427 170648 821116 216507 420283 271800 72953 445967 474983 169935 314149 150802 207011 318377 618315 136555 538406 294962 482417 411274 511669 665782 709878 237058 60582 329135 436180 259243 182420 100265 270644 422625 262570 554170 520972 582840 330418 618454 620504 823723 609177 185498 170692 560789 243843 689660 701957 693174 401528 366892 194483 350334 326584 596570 535515 311913 551138 394670 497926 419267 542786 376364 255012 324867 327168 84884 429982 643594 534289 476720 426085 858791 920068 191225 508192 506756 604045
625137 517728 95922 239459 875150 924851 519913 765030 742762 723464 571967 112316 962626 857756 143525 828899 616786 999999999 789261 363300 788125 457781 476901 399812 448954 857692 802309 1006092 798333 666548 462549 142317 633769 671333 514471 723628 879585 728696 498052 201539 339289 1011427 717447 1000096 779074 672790 851512 574199 675837 1034833 858379 441121 713622 805460 842084 390064 1078822 993742 670641 786295 234057 469512 828287 281098 617924 706663 753768 518062 946037 207758 716322 270177 252736 454182 682760 323398 1112592 446877 883996 147557 987486 972009 673602 888107 566152 363643 557452 753986 540162 967207 885781 255180 144652 351839 848432 1009247 426435 267471 841247 625606
431015 676525 702077 781348 758245 157311 627279 236053 1009137 1033843 765592 738858 739572 94035 717759 148425 717167 789261 999999999 707362 894818 564452 868692 897229 710692 104134 682141 760859 585458 681861 357205 718460 555589 1015138 790587 577246 655139 98881 629639 587839 759003 645009 333143 573407 60150 144932 787655 664725 404192 814808 730596 642352 777803 597909 440576 578486 670107 547070 142421 491449 574216 331583 117179 523586 535163 886724 176181 886543 251996 661426 78849 575099 669329 775087 1048942 790118 673432 343010 677329 641889 770623 541118 304254 345610 1023114 706924 977790 461348 730698 641194 215764 534091 758488 467060 152752 227835 667957 523856 330179 164935
363541 160267 370536 572978 520735 864003 177970 577054 415283 411819 209674 251383 618722 797262 222163 678847 255421 363300 707362 999999999 427887 164329 178531 190333 85709 803409 455456 662733 474909 312031 359930 223290 314871 370306 161368 398287 545155 616744 156652 322118 58698 695535 489668 703499 670871 648783 492172 220197 419730 685164 506949 100907 350594 479054 570269 129119 766719 704580 565223 492496 408487 496536 791782 414930 308025 352093 594989 210598 768172 474790 657897 198766 123496 106254 394862 96272 805558 421299 544949 319181 640458 681306 467508 657632 327834 561 290651 470229 176867 646192 711548 337047 221511 278327 822767 932417 74791 316394 612646 556590
465160 297471 797709 1000128 236533 1042225 325940 678025 181882 232241 218801 677600 354521 987600 649524 796756 205088 788125 894818 427887 999999999 416937 343296 447714 344673 998760 254289 388544 354942 214876 648862 650622 340684 261914 274568 327197 348309 796554 339859 734735 449809 506576 569661 563416 839653 903088 181214 265489 492016 377534 248747 378286 118325 346631 533186 463801 570749 581944 767803 444156 817241 824647 1006258 811040 362917 92390 727775 308897 826139 895726 879882 598880 549423 334804 292922 471747 614725 739591 329664 741815 355787 561922 590742 665468 387584 427628 345167 457544 256158 456625 788886 734977 643787 630700 1041949 1082913 379314 709502 639022 796457
199800 127780 430830 624189 429621 721720 91001 415175 472195 486203 222857 350472 507012 657064 317951 520957 212084 457781 564452 164329 416937 999999999 305008 348419 146319 664758 350468 550003 340871 231574 245560 319171 176022 459025 229280 265848 422000 469411 79273 339395 222952 556889 325410 554361 522330 527630 416733 152517 256091 581899 409502 78349 308917 347746 411275 67764 626043 552388 422527 339855 414029 413471 658821 400176 161328 369594 437449 322192 605404 504292 524419 205193 211237 210965 490801 260203 662199 329305 427243 362034 533234 529515 305268 493590 459048 163781 413338 313336 182157 510942 549626 327639 336746 214052 691953 784601 105834 300746 448415 426654
482526 216533 511484 708563 511649 1026002 263034 712705 265887 249037 177230 376144 626671 960699 355360 823043 256345 476901 868692 178531 343296 305008 999999999 104800 159056 967897 470934 669103 525858 329210 532014 356187 394055 200540 106595 455962 574332 774306 251701 487843 155396 738760 613822 765810 827331 821127 468242 262932 535110 677687 506981 226696 315525 525706 661313 296419 810511 773383 726417 572686 574337 674842 959578 586647 398254 251984 740208 41170 898691 627656 825056 374629 285349 94216 220364 156383 852897 598506 566757 474362 640993 750088 603506 768819 154530 178751 112682 561004 180871 686321 845781 509755 335491 456554 991715 1089610 200772 491047 727478 725043
541871 291256 449081 637578 612511 1053597 330939 763594 355061 328369 274223 310847 725503 986570 297031 867890 350427 399812 897229 190333 447714 348419 104800 999999999 216438 992398 566887 768457 613379 422055 546578 297589 469608 274356 200433 540360 668269 807051 314722 448768 139347 830304 671497 851808 861198 833575 570756 345849 596977 779244 606333 273638 417798 614492 735837 319431 902279 857233 755258 650787 532615 668846 979423 553281 469536 356002 784091 139897 953580 571078 846127 357558 257293 161800 283246 114811 943881 599727 662335 424792 741182 833808 653685 834543 170702 190797 157708 634715 268700 778368 898040 480291 267833 454728 1009695 1122652 244351 466144 791063 744487
327825 81634 453097 655477 438166 867980 114846 555154 350930 355731 125873 336930 539796 803141 307335 664378 170648 448954 710692 85709 344673 146319 159056 216438 999999999 810668 376607 583761 406230 231004 381693 308479 254663 321779 93291 330806 470628 615716 98347 394824 126230 626337 458638 641070 668548 668999 407701 141812 382075 603798 425684 68474 264898 408980 519682 149370 698116 644740 568643 435864 479740 536754 803778 480307 253326 273272 581368 176496 742747 552728 669240 262826 204781 64842 351227 160685 738313 456096 468532 397913 560236 621311 445573 618857 312765 85350 267167 418554 91236 575685 688826 402404 307105 321370 836495 930759 46987 379141 575935 570295
535147 778923 766857 824035 858305 67183 729886 333997 1112931 1137183 868701 816778 834228 14678 797948 230863 821116 857692 104134 803409 998760 664758 967897 992398 810668 999999999 783622 853267 685498 785961 447494 798558 659706 1117735 892100 680051 752299 202972 731615 658204 853470 730486 435028 655189 160264 185726 889185 768336 507674 907586 830766 742211 881852 697823 533779 675201 749332 627662 242495 590487 633343 389419 45580 582816 639295 990787 276212 986928 303926 712143 147934 660603 757809 874733 1151302 883358 748306 418653 774873 711892 864823 624242 408060 427539 1122424 802991 1077822 561861 833362 730989 284920 604423 839618 552526 66208 153937 767165 597666 419236 249374
281677 295970 781165 973962 86214 819350 283074 451399 424470 469425 293847 691557 163327 771137 659382 566520 216507 802309 682141 455456 254289 350468 470934 566887 376607 783622 999999999 207337 104399 146582 514843 660605 186623 482866 366820 113475 105652 587879 305157 687315 502782 272524 349004 316101 623546 718920 105563 235524 284671 232539 61186 363220 173897 94332 283003 416975 342967 331767 571331 199730 756548 690174 798116 735025 209972 299411 507444 453818 580167 851421 682334 555350 549920 410004 518376 536975 386433 608769 95832 712412 185654 310642 384073 416421 576102 454966 525733 222552 300022 219824 548290 668917 670136 541603 834060 850375 382713 641475 394777 614414
435887 503294 979827 1167925 159767 874563 489026 526340 570341 620742 494244 896232 44013 839298 863879 622856 420283 1006092 760859 662733 388544 550003 669103 768457 583761 853267 207337 999999999 222183 353044 678163 865105 376482 646857 568108 287826 132887 678601 511154 879948 709978 153028 448882 233867 700789 830814 211176 442859 414799 54539 162180 569450 356210 211626 320287 617563 197014 261610 678769 287516 943465 844009 877404 916868 396126 462796 587424 647545 593050 1041824 781238 752277 754599 614757 679693 743894 238322 768644 123140 909234 33207 252006 498326 433545 758494 662241 710338 325900 504911 127021 581248 856196 876182 724993 912152 885334 589715 828875 434318 734366
214765 325306 765041 949149 172833 718778 297022 351785 517916 560040 351491 691286 184151 672654 658759 464847 271800 798333 585458 474909 354942 340871 525858 613379 406230 685498 104399 222183 999999999 199696 456949 659980 165061 567536 419273 76737 89452 493598 318273 661258 528400 220681 254028 240058 526116 632741 207208 267783 201158 265700 145268 375422 260934 12692 179019 408399 292149 249393 482337 96462 722429 625760 702216 694949 180618 389513 409587 515588 475777 821692 591289 537266 551139 451861 603725 565019 332086 548450 104344 693148 215134 226518 295197 312279 646863 474372 595512 124283 345976 171613 444296 635449 675837 503651 738039 747398 400120 608239 290504 530834
251092 151764 653764 851556 209192 831405 149037 471833 340267 375818 152745 554657 309155 775142 523027 590863 72953 666548 681861 312031 214876 231574 329210 422055 231004 785961 146582 353044 199696 999999999 442007 524237 126366 375391 223329 139138 246217 583253 169953 569805 357212 409578 362877 439186 627772 688491 187105 92590 282406 373202 194972 225507 96616 198045 357122 292520 481383 449083 553153 264302 645591 619674 792222 630902 148086 211321 518135 316506 633728 734680 665129 433824 414024 263721 411805 390858 523689 534920 240881 588460 329234 426160 378748 481575 447272 311565 395878 265723 153909 357210 590755 559161 530328 441029 827816 876157 241450 532186 448221 581820
242316 372763 390091 532199 601041 510604 330466 304849 717692 731286 467965 392763 641099 442662 368123 368388 445967 462549 357205 359930 648862 245560 532014 546578 381693 447494 514843 678163 456949 442007 999999999 368960 332948 702028 471452 403732 546227 277672 323532 268747 407266 628626 278751 592932 331444 289250 606315 385661 270292 722610 575457 315024 533497 468364 423878 235622 685320 579013 220529 400971 296443 177960 432886 256494 308295 611635 291360 556397 483541 399578 300170 220014 312133 442340 732535 436165 710287 94210 560667 319046 671995 560537 226782 437506 685450 359556 644295 362098 427601 596811 423266 222138 406889 114495 463194 585027 335282 201047 392128 198367
496785 375584 155299 354595 732905 864686 377881 659083 619021 605217 432903 31306 821504 796340 1226 736039 474983 142317 718460 223290 650622 319171 356187 297589 308479 798558 660605 865105 659980 524237 368960 999999999 494978 555931 379296 584544 739712 645762 355957 164500 207198 875469 599356 868372 698848 619729 709267 431883 549857 893062 716317 298845 572454 666633 714964 252011 943932 863738 587961 653597 240881 426367 775106 270511 480327 571984 656368 396589 846521 274018 651840 152511 110691 319642 572069 199892 978969 380038 743427 129393 845986 841499 560165 772277 468274 223592 449945 623085 399675 830038 786415 209468 42366 254574 799840 944735 284281 206471 725248 553828
124726 179085 603534 792009 271640 705778 140243 349792 460230 491402 237148 526284 334298 648974 493756 468350 169935 633769 555589 314871 340684 176022 394055 469608 254663 659706 186623 376482 165061 126366 332948 494978 999999999 483418 290562 89925 246620 456930 159564 504268 370649 383298 241490 388771 501851 564534 273383 133757 159516 411784 247780 214112 222753 171726 267451 243705 453606 390862 427127 181270 571046 510344 665883 548543 24729 333694 393503 393263 520486 667339 539257 375844 386090 309050 519415 408067 491458 427148 253344 532753 362022 367477 253092 378099 532598 314320 481552 166951 216157 335986 473725 483409 510914 355113 701498 752414 240682 455962 339658 457878
597110 338865 711102 906279 489638 1171086 387876 830364 97006 55475 251036 574629 610116 1108944 555141 947266 314149 671333 1015138 370306 261914 459025 200540 274356 321779 1117735 482866 646857 567536 375391 702028 555931 483418 999999999 230577 514363 586888 917316 386787 687259 355441 752265 723624 798708 967601 986656 435976 355472 641420 639012 496040 387058 309293 562891 732475 471082 820160 813027 875611 639632 773895 858113 1115086 784210 496875 185585 868264 161909 1003726 828116 981315 569066 484453 267425 36415 356103 864221 777866 572108 674882 614686 791107 726742 855994 142684 370403 120854 639989 284441 700261 956961 706674 533042 641337 1148920 1226437 368759 686611 820753 885108
387048 118259 530338 732437 412928 947445 167681 620117 258238 262593 73913 405031 525090 883897 378248 733573 150802 514471 790587 161368 274568 229280 106595 200433 93291 892100 366820 568108 419273 223329 471452 379296 290562 230577 999999999 349562 469178 693903 161506 482169 175423 632851 517851 659215 745571 756613 373210 157727 437401 580002 406045 156533 220871 419197 556931 242075 704691 666869 649605 467409 568047 629526 887521 571113 296828 192703 652053 103173 802616 636157 753290 353318 284778 60336 261633 197816 746885 548283 462464 480541 541093 643589 512475 667658 243784 161242 193786 457242 74965 580531 751480 493054 369878 414631 920904 1006711 139875 470504 627508 655924
168207 250495 693016 880099 199065 719510 220501 352570 474648 512825 285118 615845 246402 668092 583320 470634 207011 723628 577246 398287 327197 265848 455962 540360 330806 680051 113475 287826 76737 139138 403732 584544 89925 514363 349562 999999999 156903 481108 241636 592125 452097 297248 245743 311452 519830 607117 214872 194630 174612 325486 172562 298690 218821 82186 218138 333573 368509 317580 461100 125290 656608 577837 691982 631800 108325 344846 405182 448554 501064 754265 572834 465210 475273 378570 550775 488874 407908 497246 164871 621876 275171 294232 275138 344719 583239 397748 531729 131092 275152 248338 461939 569134 599667 438880 727945 756663 323508 541746 314107 502032
303939 389022 849916 1036249 123545 780517 368133 419155 524507 571025 397114 770975 95054 738904 738486 525743 318377 879585 655139 545155 348309 422000 574332 668269 470628 752299 105652 132887 89452 246217 546227 739712 246620 586888 469178 156903 999999999 567102 390089 748242 595758 166873 330258 215179 595128 712581 174083 328936 286671 176790 102359 448328 278857 78740 223543 489762 237462 233943 560980 166160 810841 714034 772318 783992 265012 402269 479161 558535 518213 909553 667450 622101 629794 509227 622093 631220 280821 637411 23590 778687 126490 214664 375999 352809 681749 544637 631344 201914 399870 114193 495227 723664 753160 592248 807804 801561 470819 696380 341481 612810
332283 579030 646530 748044 665860 253804 529605 153606 910359 935387 667375 668400 654506 192810 644966 115512 618315 728696 98881 616744 796554 469411 774306 807051 615716 202972 587879 678601 493598 583253 277672 645762 456930 917316 693903 481108 567102 999999999 532621 527911 669970 572507 239668 506593 54471 164594 693157 566100 307126 731823 638118 547634 679325 506186 360255 487626 605129 482249 58173 401609 527251 296684 210904 477834 436357 787843 93128 790923 241073 621738 103930 497680 587531 680365 951324 702331 613691 284493 588662 581449 686012 473110 206668 285221 928459 616286 882448 369353 632908 563145 187800 475316 684301 391362 246857 315912 573911 461225 259499 114532
231022 49368 483921 682442 377285 786294 22128 461376 394468 410731 144474 386742 467282 723158 354738 573228 136555 498052 629639 156652 339859 79273 251701 314722 98347 731615 305157 511154 318273 169953 323532 355957 159564 386787 161506 241636 390089 532621 999999999 403521 211286 538884 362260 548188 584116 601794 356907 80591 284473 537341 360360 58367 235921 322558 421987 126373 610081 550394 489224 339741 482427 492726 728313 472623 155871 290327 491191 261356 647028 567840 594545 266698 245326 159439 419848 248579 649050 408475 391222 419412 490791 527020 352660 520680 401645 156112 353216 320919 104692 489638 594140 397848 365087 291121 762138 845210 81883 371670 478027 498952
464804 439144 121378 288009 768349 725253 422450 573595 737342 731884 518311 170886 838306 657745 164469 630247 538406 201539 587839 322118 734735 339395 487843 448768 394824 658204 687315 879948 661258 569805 268747 164500 504268 687259 482169 592125 748242 527911 403521 999999999 332490 861405 538235 838830 577824 474383 755952 484057 509290 916010 747341 357198 638600 670362 673871 277686 924711 828849 469997 631014 86683 273245 630410 106431 483861 667990 557402 525361 749551 164929 515456 136906 202812 428334 708178 339248 954656 245344 756954 54050 866287 808441 490043 703868 617111 322159 591995 595176 479013 821999 689516 53878 205923 167958 652236 808865 355867 68001 657714 424067
422239 207125 361404 561791 563753 915036 231765 634631 412748 401971 237460 231087 666007 847816 206235 735060 294962 339289 759003 58698 449809 222952 155396 139347 126230 853470 502782 709978 528400 357212 407266 207198 370649 355441 175423 452097 595758 669970 211286 332490 999999999 749047 548186 759404 724285 694324 531517 267606 478424 729773 551755 157939 384622 531948 628312 183589 820533 761151 617361 549525 418949 532821 840137 432172 364955 367374 651213 193689 825974 474244 706970 224450 130377 115089 375690 37803 859942 461611 594278 319889 686433 737822 525289 716329 292129 59252 261408 528030 211626 699071 769059 355914 194638 316771 870353 985081 130093 338482 671321 605280
397165 545054 971286 1146740 270777 744779 517693 419286 686224 734073 561864 906709 163940 716087 874257 500278 482417 1011427 645009 695535 506576 556889 738760 830304 626337 730486 272524 153028 220681 409578 628626 875469 383298 752265 632851 297248 166873 572507 538884 861405 749047 999999999 365522 83072 586079 732890 326026 486446 358828 202760 258329 595789 445372 217358 217632 623507 71988 111971 583315 230801 914145 778798 758984 880859 395604 566999 479389 724365 453245 1016171 676434 745306 768100 669664 787128 785584 114275 711788 180161 898031 180592 107965 419782 303154 848603 694995 798145 268148 561661 52758 449603 829512 893455 696913 792431 747518 620753 803122 315152 645267
131301 399811 657301 810625 426194 473818 351327 108964 701290 732876 474276 628322 420790 422807 598270 228020 411274 717447 333143 489668 569661 325410 613822 671497 458638 435028 349004 448882 254028 362877 278751 599356 241490 723624 517851 245743 330258 239668 362260 538235 548186 365522 999999999 318621 274790 382731 454512 369097 82224 500418 398456 397864 455609 266647 150001 372616 414579 302282 230850 164113 574774 414347 449219 535153 226750 573659 159466 620599 284980 678025 337737 449742 509112 521549 759353 585172 435612 352191 351023 583710 452661 285248 54828 173274 761442 489124 711632 129948 447209 343915 234105 496786 628964 370853 485143 513760 427186 473026 126406 285669
375938 561599 952861 1120071 332779 666508 528234 355605 739283 785174 591446 899284 238493 640664 867183 426595 511669 1000096 573407 703499 563416 554361 765810 851808 641070 655189 316101 233867 240058 439186 592932 868372 388771 798708 659215 311452 215179 506593 548188 838830 759404 83072 318621 999999999 515535 669536 386594 506011 329608 285068 315703 602621 489427 241152 169354 618567 98892 29106 522992 214932 885149 732135 685508 848643 396271 615476 413835 755511 372088 988146 610079 730745 764281 690022 834350 796766 117374 670550 234112 878973 259139 34074 373398 228228 885464 702946 834286 246136 585578 113908 371924 802950 889881 671697 718228 666382 629450 777428 247095 587499
377867 629963 695389 789512 698943 204409 580361 175986 958222 984435 717123 721068 679422 148309 698069 95517 665782 779074 60150 670871 839653 522330 827331 861198 668548 160264 623546 700789 526116 627772 331444 698848 501851 967601 745571 519830 595128 54471 584116 577824 724285 586079 274790 515535 999999999 175990 729103 614883 347946 754707 671333 600637 723229 538522 380520 541767 612802 489611 110992 431752 573129 336833 177251 523141 482201 834429 116541 843307 212464 665310 106624 551435 641833 733282 1001880 756739 617508 333065 617373 631601 710475 482934 249088 288545 981309 670410 934959 402170 683405 581447 167570 524781 737676 444714 212676 262336 627178 511737 270982 156854
443498 650939 581383 643049 801277 252834 604562 314200 994538 1012525 744949 636235 803510 187459 619196 269658 709878 672790 144932 648783 903088 527630 821127 833575 668999 185726 718920 830814 632741 688491 289250 619729 564534 986656 756613 607117 712581 164594 601794 474383 694324 732890 382731 669536 175990 999999999 821989 652239 434517 882874 773623 601297 784797 645428 517436 524712 768308 645794 152055 546648 447623 203799 156098 397090 541176 880184 255960 844708 388131 527841 69791 488581 588702 730752 1018245 721253 777901 241021 732827 527751 835370 635815 337553 449800 974693 648422 933248 510922 706358 720042 342814 420840 661424 382344 180295 339174 623154 415849 422776 106689
381183 333900 840815 1038588 55367 924682 336135 556823 362505 411885 300236 739310 174376 876696 708067 671472 237058 851512 787655 492172 181214 416733 468242 570756 407701 889185 105563 211176 207208 187105 606315 709267 273383 435976 373210 214872 174083 693157 356907 755952 531517 326026 454512 386594 729103 821989 999999999 277939 388705 210454 71728 411469 152960 195880 382595 479258 389544 407098 675515 303590 830190 783515 903536 813064 298020 251620 613005 443038 680725 920881 786894 620460 599650 426003 469206 562009 433511 700521 153020 775505 179577 388462 488681 515782 548338 491750 500926 327936 320007 277028 651205 743173 713012 620913 939488 954592 425121 715960 497039 716814
241639 60505 563566 762699 301770 819120 62335 475068 344924 369560 105180 462211 398851 758760 430676 591794 60582 574199 664725 220197 265489 152517 262932 345849 141812 768336 235524 442859 267783 92590 385661 431883 133757 355472 157727 194630 328936 566100 80591 484057 267606 486446 369097 506011 614883 652239 277939 999999999 287139 465109 286971 133534 156644 269473 399224 206627 558388 512021 528366 309826 562506 559939 769327 551458 143066 228154 513113 259838 651796 648426 637714 347267 321882 184147 390849 302496 599286 474961 326745 499757 420269 488632 371460 511827 398855 219717 347795 299783 82836 435235 603070 477421 437750 366527 804117 871865 148882 450993 472938 546874
56296 319784 624233 791005 366822 550228 272089 190287 619646 650789 392299 579972 381179 496157 548713 308987 329135 675837 404192 419730 492016 256091 535110 596977 382075 507674 284671 414799 201158 282406 270292 549857 159516 641420 437401 174612 286671 307126 284473 509290 478424 358828 82224 329608 347946 434517 388705 287139 999999999 462766 339212 324233 376462 213679 166300 310308 417878 319893 286814 131052 556796 429562 518010 522271 144555 492497 236031 540404 365379 659460 398301 405666 452605 443863 677171 515930 445907 356598 304536 550252 412932 299200 100633 238143 681172 419175 631054 91943 365953 326650 315934 473648 575978 342102 553948 593789 353617 447938 194089 330897
480463 524920 1012709 1203587 167220 929093 515313 579942 557502 608821 506236 923971 81749 893641 891839 677261 436180 1034833 814808 685164 377534 581899 677687 779244 603798 907586 232539 54539 265700 373202 722610 893062 411784 639012 580002 325486 176790 731823 537341 916010 729773 202760 500418 285068 754707 882874 210454 465109 462766 999999999 178231 595169 362221 254257 374311 648884 237567 313333 730827 337739 981992 890804 931458 957130 432849 458224 640979 653338 647178 1079054 834174 786009 782371 629848 670453 762450 275852 814101 162210 943182 50663 304904 548916 488044 757224 684693 710559 375497 521015 181070 635769 894458 901928 764353 966275 939707 613620 867045 488748 785449
340332 346696 839666 1033528 27765 863645 338466 497017 427900 475961 332152 747078 119839 817917 715098 609336 259243 858379 730596 506949 248747 409502 506981 606333 425684 830766 61186 162180 145268 194972 575457 716317 247780 496040 406045 172562 102359 638118 360360 747341 551755 258329 398456 315703 671333 773623 71728 286971 339212 178231 999999999 417813 195713 132990 314937 475410 324464 335691 624594 240994 817248 750286 847247 796075 271158 310457 554818 485999 612806 911664 734647 614645 605677 453607 530350 584756 368559 669264 81649 771525 135442 316846 436996 447437 600430 506479 551378 269255 344103 207905 585467 729639 724233 602668 883100 890346 435645 702206 430998 670015
268659 82092 430826 631008 434069 799653 80474 491206 408822 418009 166597 329421 525559 734717 297631 598560 182420 441121 642352 100907 378286 78349 226696 273638 68474 742211 363220 569450 375422 225507 315024 298845 214112 387058 156533 298690 448328 547634 58367 357198 157939 595789 397864 602621 600637 601297 411469 133534 324233 595169 417813 999999999 282595 380078 470612 89184 666730 603695 500241 391731 438987 474493 735350 433722 207193 317972 515220 244937 680348 519968 600822 220766 188518 132764 417564 195705 705219 392403 449586 368719 548874 580412 381319 562306 380865 100351 335612 370162 125364 546973 625402 357030 306917 262834 768127 862926 29395 331986 518202 502051
347418 200690 712117 913186 197062 926443 218933 564451 257587 299123 148963 601429 315113 870886 571288 683477 100265 713622 777803 350594 118325 308917 315525 417798 264898 881852 173897 356210 260934 96616 533497 572454 222753 309293 220871 218821 278857 679325 235921 638600 384622 445372 455609 489427 723229 784797 152960 156644 376462 362221 195713 282595 999999999 255196 433437 362257 514803 503885 649739 341576 718299 710297 888611 708050 244701 128591 612493 291692 719810 802220 761739 501705 465536 275453 345031 413146 558625 625274 265766 651273 326864 482123 474145 562875 405228 350228 355821 349804 174105 392894 679570 633713 571963 522651 924242 969369 290134 607419 532923 678156
226348 327738 773324 958327 160482 730811 301084 364029 511517 554264 350478 697938 172887 684947 665411 476731 270644 805460 597909 479054 346631 347746 525706 614492 408980 697823 94332 211626 12692 198045 468364 666633 171726 562891 419197 82186 78740 506186 322558 670362 531948 217358 266647 241152 538522 645428 195880 269473 213679 254257 132990 380078 255196 999999999 188674 415406 289161 251885 495028 108246 732274 637684 714702 705255 188392 383627 421985 514468 486084 831229 603956 545489 557447 453250 598991 568348 329814 560094 92461 701664 203632 229306 307886 322107 644599 478520 593339 136844 346465 167171 455361 645171 681844 513606 750515 758898 404278 617917 301337 543484
218194 446410 789921 952672 340693 558500 404926 206923 690856 730352 498192 745317 300584 519979 713807 304449 422625 842084 440576 570269 533186 411275 661313 735837 519682 533779 283003 320287 179019 357122 423878 714964 267451 732475 556931 218138 223543 360255 421987 673871 628312 217632 150001 169354 380520 517436 382595 399224 166300 374311 314937 470612 433437 188674 999999999 470854 264583 155573 366710 92849 717279 564316 557148 679941 266356 561253 268019 658831 298138 820443 463795 571907 615330 576177 768888 666115 286695 501330 246978 715925 331049 136662 204816 133464 796535 569708 745128 101130 482056 202995 271793 636171 739803 506072 591980 578033 499270 611116 117995 427786
254617 166457 364271 559576 494786 735300 144784 453231 497285 504640 255497 283283 574477 668798 250796 551637 262570 390064 578486 129119 463801 67764 296419 319431 149370 675201 416975 617563 408399 292520 235622 252011 243705 471082 242075 333573 489762 487626 126373 277686 183589 623507 372616 618567 541767 524712 479258 206627 310308 648884 475410 89184 362257 415406 470854 999999999 692212 615439 436247 403659 356056 387468 664734 347275 228360 406675 467817 321279 644974 442380 530474 141314 145715 207306 500075 218132 727765 306802 494893 296699 600449 592806 344858 544363 450139 128663 408678 375155 214087 578066 587301 271779 271329 173803 696308 803308 102393 245890 498177 429670
