NAME : synthetic_000188
TYPE : CTSP-D
DIMENSION : 100
GROUPS : 8
RELAXATION_LEVEL : 1
EDGE_WEIGHT_TYPE : EXPLICIT
EDGE_WEIGHT_FORMAT : FULL_MATRIX
EDGE_WEIGHT_SECTION
999999999 392830 660989 996180 799934 658319 860815 197245 155509 580019 833065 683108 732605 373587 512222 663403 755459 515370 653849 344508 972275 725188 776258 740272 77874 568479 668527 848193 1140258 396800 756222 642669 916109 549517 143172 667582 941917 484465 657805 1059029 295316 496615 201374 619702 581090 114185 1089729 1020125 28850 775851 555707 928483 788037 1160674 826185 71832 754453 870835 795480 395389 648121 344475 697633 729778 1072595 834461 272808 946361 1111280 894299 61544 1159991 1061025 744475 791667 768714 142647 566259 785797 137132 182880 724161 427117 976810 674938 649858 589520 948733 566522 457720 540129 797706 582148 662982 697707 286991 848742 96152 452544 786501
392830 999999999 312335 902390 721645 847604 720559 219708 321126 707119 884516 848311 430549 415634 763266 761510 817355 565639 494007 48332 730814 938343 873464 868244 342400 662056 821452 683352 990916 496661 528019 597095 787280 683503 411600 328404 562738 554276 266687 869133 318370 650758 365931 518460 442067 314353 1000394 875275 374196 430274 237592 787762 737264 1012449 908943 417423 871233 705092 899342 659039 763509 57035 866271 468793 977546 869732 500713 660312 989517 628163 331558 1037217 982646 410531 669024 813517 350475 285352 548333 372567 445089 757305 607553 723750 912858 776191 401623 945873 763057 596442 624166 430894 479071 271861 768663 215178 539105 353849 310919 796611
660989 312335 999999999 726353 586440 904474 531762 522095 538801 741785 827867 886504 145635 493053 879289 762692 779732 581115 349286 349672 457666 1002298 854798 874529 592712 681971 854328 479617 764017 575346 298339 522610 597577 728634 712350 25791 294649 588765 168504 622044 450953 718454 551094 421960 344891 608726 817809 661809 636183 118629 110766 588096 622401 784829 873735 661242 868306 496761 882181 801415 777685 335442 904515 220625 792667 802326 659650 362619 783160 346104 601219 826372 810230 100091 506037 762896 567853 140420 304044 589483 641917 707836 704767 443016 999369 796409 275286 837428 838672 667637 647054 141716 398556 168957 747154 389435 234569 647144 310888 720937
996180 902390 726353 999999999 196516 646264 194593 1000510 845354 541099 346906 595081 594338 622645 769168 469765 381264 499487 409331 904374 386953 713698 448713 515602 923242 501905 569660 248773 190555 616250 429957 353567 130116 561417 1124726 701152 869835 534362 893909 251059 710030 607453 795040 394019 462338 1031747 98279 129182 968586 700140 706065 146288 213757 203273 416376 942541 491357 235187 463196 792268 502763 877219 603213 508510 77314 312555 775226 513631 126713 462424 966808 170921 83882 670198 233611 346642 853681 642521 431812 860088 841394 346100 665465 418972 764528 521373 502428 221144 660786 606439 507637 775527 435110 894789 414530 769632 587345 1053442 603179 281663
799934 721645 586440 196516 999999999 521137 130775 806771 648842 386250 285547 476141 473776 426560 613989 334464 277350 312277 241930 719335 377730 604363 360108 413977 726769 335587 445471 176487 354931 425064 313988 157879 142235 400227 928229 563016 781992 347217 747864 331809 513731 438533 598960 204246 280004 835671 292243 243248 772252 587607 545124 166810 54075 373279 350735 747172 394632 183054 383034 619144 366137 691972 488681 386052 273484 251362 585555 471724 313494 405856 770301 361532 267519 551101 92401 245315 657368 481091 329294 664112 647879 214290 488478 405677 641633 387529 331871 252115 513306 427855 332358 663455 244921 749553 285194 576258 502812 857025 415179 178113
658319 847604 904474 646264 521137 999999999 649876 789027 577572 164777 315414 53444 859332 436776 176044 186730 265155 324258 613562 815806 886389 97958 211150 142292 622400 227500 76970 685040 836515 352238 748909 437946 658508 175900 798964 890742 1177225 316240 1017299 850201 529321 197200 512873 523624 577811 754527 701463 746911 642846 965334 810496 685293 470825 849492 261124 586490 167852 697435 210328 274392 155886 793884 53964 790419 698719 342985 390904 953370 769612 883765 671433 806615 663804 923065 591661 299631 560868 764399 776856 548754 479671 309474 246048 910572 120604 134054 645115 469725 92127 251752 259040 1029869 527318 1021183 237527 632849 937760 751268 600348 366147
860815 720559 531762 194593 130775 649876 999999999 838505 705841 508909 410752 605917 400917 496037 733340 463197 407857 412543 228087 726990 248918 734541 490203 544751 784527 454059 574817 58506 281470 513695 235947 248079 67549 519829 979561 506562 687978 446125 699398 214575 566279 552911 664361 241122 291757 880875 287609 161037 832260 508930 514713 69194 184371 302511 478059 815449 525301 55416 512571 727392 494245 700339 618809 314375 263005 375408 673733 352930 269131 291414 823709 317263 278468 477421 71902 375355 719180 451871 240246 729379 725299 344825 595481 278017 770100 515903 319085 347110 636789 534698 444923 584833 279219 700246 415253 609371 404459 906665 434884 306965
197245 219708 522095 1000510 806771 789027 838505 999999999 211577 678676 904202 803480 622067 411175 666562 751479 829335 572052 613609 174934 899895 868098 867543 844984 180036 650151 782774 813042 1119065 468968 685635 659092 901036 650109 192129 534465 782411 548830 484525 1015530 305163 604399 277048 606921 546752 97339 1098052 999196 188765 640664 430035 907694 808100 1140354 911986 246322 854328 835851 890405 551304 743917 186653 819982 641203 1077768 897894 401890 848929 1103688 807086 144252 1152642 1074284 615980 776067 834793 229257 459976 711321 244403 320406 783073 543930 898202 827526 750945 531275 996637 697735 555401 615483 648209 565970 489663 773974 230900 736288 136308 403791 836356
155509 321126 538801 845354 648842 577572 705841 211577 999999999 470030 706541 592085 593070 225551 461345 546278 630021 378325 498623 276654 819391 657887 661996 635834 78708 446289 571879 692690 985821 265989 604143 492726 761920 440849 279940 541430 829400 350854 566866 903531 139850 393650 66039 464826 425769 196258 940074 865536 126735 648288 429165 773752 640091 1006353 708482 126410 646315 715339 683871 349206 536392 264659 608501 582317 922182 703823 193778 799480 958556 744914 122097 1007406 912486 613622 637105 639040 30247 429040 634267 52815 124525 590507 332356 825026 620062 542168 436741 811441 486475 345989 413639 679542 426907 571895 573272 149703 708274 210568 300253 649120
580019 707119 741785 541099 386250 164777 508909 678676 470030 999999999 266706 146053 694573 291488 229243 88587 191621 160672 450298 679831 735345 262490 196364 166392 528906 63147 115848 537484 726179 213929 587042 280172 528116 30626 723147 727415 1012573 157593 859866 717864 393583 85791 404088 360588 413044 661039 612305 624873 559275 800680 650363 553058 341877 741686 247487 510617 176391 552150 215683 261497 68136 656030 164309 626302 604323 278958 308951 794530 667740 724996 579231 709875 576208 758422 445105 216439 460047 602168 615697 453316 397496 196470 157540 757820 274497 72269 480398 408098 127935 124274 94819 865655 362759 863568 137620 496146 774160 665506 441600 264814
833065 884516 827867 346906 285547 315414 410752 904202 706541 266706 999999999 262045 736562 493561 467142 178140 77699 332248 482456 867936 659607 370529 105659 175279 774152 264739 243659 461349 536151 440773 587720 306522 394477 296101 974883 807355 1054382 356253 975587 578529 600963 351570 643032 406171 485744 902510 389543 463104 809925 851164 762083 422721 232731 546665 70344 766412 149726 465546 116584 524911 204163 841499 266295 652150 389459 36099 568576 757248 463760 691021 823834 496952 351762 811648 376449 71056 702580 701985 607456 699993 653673 127371 422652 688728 427383 214421 553562 154366 355310 378457 293749 925081 433698 978220 135535 693381 781435 912342 580190 111188
683108 848311 886504 595081 476141 53444 605917 803480 592085 146053 262045 999999999 833681 433533 221933 144322 213839 305832 583624 818912 845622 129527 157718 89129 642138 204559 33383 643351 785524 351813 716448 403529 611567 165524 825172 871563 1153570 303478 1005919 803115 531627 200632 526432 493771 553006 774941 648748 697917 665920 941852 796216 638688 424744 798173 208070 611532 114558 654788 157666 310401 117061 795951 18275 761764 646374 289989 411832 917359 717794 847842 691886 754286 611051 899705 550040 248603 577677 747296 743482 567314 501815 262612 260392 870623 169552 95385 621667 416323 122011 253377 239855 1008299 501088 1009622 191008 635107 907585 774204 587651 316274
732605 430549 145635 594338 473776 859332 400917 622067 593070 694573 736562 833681 999999999 489521 862678 699176 698392 537543 256892 459668 313019 956830 778378 808095 658362 631927 800495 345588 620142 562043 165214 442246 464334 687029 805270 120353 321711 553368 311219 476647 479114 687927 589333 343363 281535 699308 682522 521063 705493 114727 194205 452081 516250 640769 789629 719399 798117 360604 805360 801131 719179 440062 850991 88100 657113 707576 676157 229797 642681 202900 676655 684696 677813 77507 386458 676785 619365 166552 163857 638989 677810 624981 688921 300124 964322 739644 215919 725572 805008 642398 601019 189883 332612 310979 674418 446684 116218 735599 312770 626211
373587 415634 493053 622645 426560 436776 496037 411175 225551 291488 493561 433533 489521 999999999 386569 350213 419706 161387 315039 389090 646617 531054 465015 453832 301859 248918 406024 492046 771365 85843 444058 269094 547086 268219 505246 484728 783019 141975 585857 703213 107715 240044 172407 258036 245276 419345 716212 652215 346179 576919 388801 561701 415068 791327 505703 321463 458445 513796 489712 312410 349224 364842 451627 448116 699008 486720 194749 656407 738828 592946 347620 787348 687867 535928 424986 423782 231294 354997 475940 237563 230068 371934 213009 658497 515982 360989 285498 588458 358121 185656 211689 629836 226388 590031 365773 206290 593261 436050 183230 426817
512222 763266 879289 769168 613989 176044 733340 666562 461345 229243 467142 221933 862678 386569 999999999 302205 402305 339974 641615 725034 949553 216696 370413 307336 489986 279359 227911 757218 955218 304329 781192 493614 756170 213900 647494 870104 1167064 315327 967441 944708 453069 184758 402801 556423 589133 617265 836812 853919 501277 958247 775282 780563 570876 970515 423903 441458 331003 773514 376126 117038 270153 706824 228510 806882 830292 488430 267767 994803 895588 926266 535820 936780 800033 916481 666783 433044 438785 740305 811842 422247 346421 423189 174944 969637 162824 254999 648085 619182 112013 221616 291228 1014624 546863 971849 357378 550940 956231 607906 568564 489729
663403 761510 762692 469765 334464 186730 463197 751479 546278 88587 178140 144322 699176 350213 302205 999999999 103964 196566 445402 738122 701416 273849 116066 112143 609017 101808 112092 499344 658248 282522 575282 262092 472669 118311 806235 745938 1020532 208406 892618 664309 456725 173883 480966 356365 421734 740024 534679 563552 641658 809682 679433 499179 284647 672507 162999 594984 110228 511195 139688 348157 33050 713123 159072 624065 528613 191686 394519 773774 595476 704335 659235 635572 497839 767869 405981 131662 538767 626074 601565 533749 481781 125218 245391 726316 307171 53279 491606 321899 191686 205704 138524 878466 368438 895964 55408 556379 767967 746601 477096 188459
755459 817355 779732 381264 277350 265155 407857 829335 630021 191621 77699 213839 698392 419706 402305 103964 999999999 258423 441623 798782 654764 335470 83788 138864 696976 187059 188937 452400 571685 364065 558247 258016 404408 220269 897382 760492 1019168 280613 921684 594610 527380 275451 566169 358974 434977 825782 438207 485931 732423 812092 707390 432214 223493 584418 94634 688721 117738 460310 108993 452110 133274 772684 222541 616973 434288 87736 490992 741667 504501 673542 746753 542071 400805 771470 361742 34961 625531 649267 580938 622649 575974 73454 346063 682156 383353 147331 504456 218260 290481 300871 216648 884373 381573 924576 57836 621831 753199 835148 517596 104559
515370 565639 581115 499487 312277 324258 412543 572052 378325 160672 332248 305832 537543 161387 339974 196566 258423 999999999 302773 543773 612309 422215 307948 306276 450047 102288 274209 426875 667199 119884 442190 164481 449227 149685 653601 566802 853490 35003 701577 627114 268989 155986 317495 216474 256761 574487 586748 553676 489976 641670 490652 469551 285744 685519 345850 454204 306762 445343 333707 315804 202913 518298 323965 473493 572642 326470 275855 655044 622737 586362 498491 669524 555015 599382 341808 262776 377939 441578 472479 378758 346714 212362 184110 631160 426804 219154 322075 433996 268228 124212 65997 705629 209746 705150 205343 364288 622646 587512 283616 271552
653849 494007 349286 409331 241930 613562 228087 613609 498623 450298 482456 583624 256892 315039 641615 445402 441623 302773 999999999 499051 331578 709744 521502 552680 576162 387169 550250 199579 506054 362500 139579 185650 293881 447420 763545 327268 578279 326411 507076 406668 359809 458651 467193 89975 73049 661918 506950 386953 625001 370485 303377 296639 273716 527448 533389 616875 541887 222441 548470 601568 467446 472327 600398 178665 483789 455126 508559 353856 497038 286303 611030 545318 490903 330070 175753 420758 516268 239279 170389 529809 540902 368266 475962 344054 724282 488552 93114 489683 569020 421118 360607 443270 95815 508957 418086 387316 324247 690221 210427 373506
344508 48332 349672 904374 719335 815806 726990 174934 276654 679831 867936 818912 459668 389090 725034 738122 798782 543773 499051 999999999 752872 904966 851543 842919 294640 637539 793019 692916 1001310 467258 545239 587999 792910 655125 367035 363772 608159 529884 314456 884451 287290 619809 324701 515142 442103 267872 1002625 884101 325904 468250 265465 795100 731494 1022837 889008 369686 847142 715091 876950 618721 738282 27396 836701 490729 980362 854904 460302 689137 996064 653285 283226 1044247 983274 445876 672119 796888 305523 306132 567496 327348 401079 741286 573341 747617 876960 749973 408439 936470 729689 565914 599923 473364 474801 319635 748403 183863 571043 307329 304563 783933
972275 730814 457666 386953 377730 886389 248918 899895 819391 735345 659607 845622 313019 646617 949553 701416 654764 612309 331578 752872 999999999 975075 737796 789878 894511 675644 813479 202906 336597 690107 216667 456836 276249 741064 1069043 432916 506169 641610 617780 181962 684154 764978 794520 401061 402574 963887 448724 271332 943582 382514 494616 250247 431798 354719 726952 941761 771507 194759 760731 924227 730762 729890 859627 262259 424168 624159 839814 134584 382596 112882 924068 414353 458666 369009 295768 623039 839862 446793 188902 855177 871371 588790 794590 32021 1005105 752739 382798 584284 862270 736114 658658 448091 423391 616777 657144 691246 245134 996279 519735 555401
725188 938343 1002298 713698 604363 97958 734541 868098 657887 262490 370529 129527 956830 531054 216696 273849 335470 422215 709744 904966 975075 999999999 265677 198142 696406 324906 162199 772696 904129 445737 844048 531786 738005 273664 862599 988659 1275055 413811 1113723 929127 620100 291048 594720 619769 675365 826712 759941 821394 712299 1063162 907789 765420 552337 915659 306234 653712 222421 783890 255209 330898 245951 883836 115738 887137 759911 402574 466467 1046395 833594 976840 744141 867476 722175 1020900 679427 370388 638866 862163 871521 624873 552230 390206 331777 1000141 73046 224023 742888 520928 175321 345406 356942 1127819 624558 1117661 319288 723188 1033986 820068 697452 439775
776258 873464 854798 448713 360108 211150 490203 867543 661996 196364 105659 157718 778378 465015 370413 116066 83788 307948 521502 851543 737796 265677 999999999 69723 723714 217675 142966 535717 638899 398587 640863 336379 483472 226961 919341 836353 1099703 323042 992368 672020 572006 281220 596523 436721 510083 855183 495012 560136 755213 891519 778127 511526 306082 650137 54229 706977 44082 543162 27390 439795 128231 826192 160907 698114 494382 136898 505256 825454 567921 757306 774000 602069 457229 850534 445406 114851 653907 721765 664008 648267 593840 155631 352690 765426 321733 129665 580073 259166 260238 319122 253697 963010 456320 995458 108501 670778 835790 860916 581841 183995
740272 868244 874529 515602 413977 142292 544751 844984 635834 166392 175279 89129 808095 453832 307336 112143 138864 306276 552680 842919 789878 198142 69723 999999999 692704 206378 80455 587008 706078 379539 678774 367465 543229 195004 883345 857543 1129754 314022 1004631 733452 558180 244377 569818 464738 532588 825312 564272 623984 720884 919494 791551 570990 360636 717794 118943 669668 25732 596200 69012 385756 104739 818516 91215 731106 563173 205499 467507 871071 636115 802143 742977 670974 526497 877863 494865 173441 624892 738168 703725 617120 557427 201152 313187 816480 252148 94193 602620 328867 200303 289863 244367 989019 479043 1007998 136391 659831 872853 828141 588531 243387
77874 342400 592712 923242 726769 622400 784527 180036 78708 528906 774152 642138 658362 301859 489986 609017 696976 450047 576162 294640 894511 696406 723714 692704 999999999 511096 624636 770998 1064525 334006 678560 570199 840603 498887 203963 597865 878059 420813 601951 981634 218387 448429 132562 543529 503472 132887 1017603 944244 49086 705856 485488 852458 716917 1085051 771958 75046 705025 793681 744373 373673 596453 289653 657692 653154 999954 773319 231497 869994 1036984 817242 50325 1085805 989626 673228 715811 707985 72110 492480 708239 75612 144260 661190 382191 899231 652108 600263 511731 884019 530319 404854 480406 731319 505539 607093 639613 211740 774309 138193 374777 721567
568479 662056 681971 501905 335587 227500 454059 650151 446289 63147 264739 204559 631927 248918 279359 101808 187059 102288 387169 637539 675644 324906 217675 206378 511096 999999999 172419 479657 682837 181265 524103 219194 477801 65930 710597 667018 950493 107799 803865 665483 355046 105548 381474 297500 350466 641059 579084 577365 545661 738624 592778 501712 295189 699284 262294 501679 209610 495201 241480 290541 101848 612824 222545 563200 568958 268801 305013 732251 628450 662771 561104 672346 544188 696396 388216 203027 440110 542926 552901 436342 389022 167937 167985 697486 337388 117011 418269 391715 186753 115663 38000 804246 299823 807438 129252 455203 711014 649130 385840 236700
668527 821452 854328 569660 445471 76970 574817 782774 571879 115848 243659 33383 800495 406024 227911 112092 188937 274209 550250 793019 813479 162199 142966 80455 624636 172419 999999999 611434 759797 325807 683098 370237 582040 137974 811194 839180 1120530 273380 975134 773708 505947 178385 505959 460405 519966 757521 626434 669968 650321 908857 764837 608953 394634 772923 196063 597315 103195 623192 148514 305975 83857 769674 50538 728412 623087 269140 396047 884308 693394 814773 674666 730923 588871 866729 518073 223151 558738 715344 710178 549379 486236 232891 242543 838274 197217 62070 588754 397808 119849 229229 208364 975524 467930 978789 160967 609158 874201 758275 556833 289225
848193 683352 479617 248773 176487 685040 58506 813042 692690 537484 461349 643351 345588 492046 757218 499344 452400 426875 199579 692916 202906 772696 535717 587008 770998 479657 611434 999999999 308448 519299 181731 264445 118751 545545 961752 454160 629498 458882 647867 211623 552891 574106 655703 234037 269440 860894 338221 192026 819424 452026 469656 108963 230421 329963 527175 806782 568813 22890 559121 742586 529195 666762 657126 260262 313051 426598 676893 297544 309243 234342 807838 355602 332236 421468 93388 421186 708184 408089 183318 719961 722092 385896 610984 229760 804388 551115 285024 404751 665203 550834 466304 527738 267682 648505 454349 586730 345963 888503 409990 354590
1140258 990916 764017 190555 354931 836515 281470 1119065 985821 726179 536151 785524 620142 771365 955218 658248 571685 667199 506054 1001310 336597 904129 638899 706078 1064525 682837 759797 308448 999999999 778561 472173 508945 224367 744682 1260745 738248 842482 702124 931291 154926 846662 787915 942008 521209 572552 1162336 170263 120519 1111860 708751 771089 212571 388049 21537 604929 1092539 681736 286221 652691 971200 691298 975199 793758 545568 157259 502364 939422 470536 80476 441809 1104509 84763 201706 688068 348725 536981 998069 711744 460863 1007278 998041 533584 841762 364966 955011 710397 593424 400417 848282 781517 684345 778836 560164 931112 603309 890570 576834 1187940 715276 471056
396800 496661 575346 616250 425064 352238 513695 468968 265989 213929 440773 351813 562043 85843 304329 282522 364065 119884 362500 467258 690107 445737 398587 379539 334006 181265 325807 519299 778561 999999999 498764 269789 557009 188063 536468 565816 862834 87708 671606 726610 180150 155076 202297 290013 299473 461753 705180 662427 372043 654612 472837 575116 403036 797524 443453 334540 386859 539650 421678 241613 276365 444143 369702 512915 690393 439313 160923 713595 737899 647595 383357 785312 674001 613052 441817 374019 262123 436041 530501 261019 226959 327622 129479 705133 430203 285486 350792 551944 272348 100515 147679 710299 267538 675759 307293 283399 660878 472122 264465 389796
756222 528019 298339 429957 313988 748909 235947 685635 604143 587042 587720 716448 165214 444058 781192 575282 558247 442190 139579 545239 216667 844048 640863 678774 678560 524103 683098 181731 472173 498764 999999999 313244 300289 585588 852564 272761 468483 465962 466795 341555 470840 598132 582338 227104 199920 747588 519866 364946 727594 275865 299938 289822 360101 493445 645594 727625 665645 198425 667034 739277 599519 520947 732701 78568 494627 556584 638808 215033 485762 149140 707497 529978 513655 242247 223950 533062 625473 243363 31901 641534 662403 485282 614929 220894 861489 621066 167641 564055 707553 560579 498985 352046 234820 467296 542544 474582 194954 779722 303957 476533
642669 597095 522610 353567 157879 437946 248079 659092 492726 280172 306522 403529 442246 269094 493614 262092 258016 164481 185650 587999 456836 531786 336379 367465 570199 219194 370237 264445 508945 269789 313244 999999999 287382 284312 772565 502886 763834 198114 669137 462640 360047 309840 441476 100988 179227 682128 447406 392695 615165 555149 455972 306338 149173 528092 351395 589319 356261 281989 363496 479825 286492 560709 419597 363710 429935 283746 430712 515493 471189 445887 614584 519362 419922 514164 177412 240317 500252 395487 339958 506525 490404 185404 347917 478327 553460 308167 247532 348834 405945 287326 202387 626760 127536 671738 232453 430981 506049 702014 286302 204574
916109 787280 597577 130116 142235 658508 67549 901036 761920 528116 394477 611567 464334 547086 756170 472669 404408 449227 293881 792910 276249 738005 483472 543229 840603 477801 582040 118751 224367 557009 300289 287382 999999999 542450 1037852 572232 742613 483784 765554 191694 623083 580414 717645 297988 354976 940564 220608 105558 887765 570107 582233 28246 188117 244595 464097 868183 521808 105433 503509 759908 504982 766136 622965 378855 195795 358399 717898 394251 203477 338273 881137 252121 213485 540092 125581 370171 773822 519419 301698 782921 774349 349156 628672 307574 779100 525945 385664 308036 654768 567854 473700 645584 337685 766305 421074 671032 459361 965281 498168 300132
549517 683503 728634 561417 400227 175900 519829 650109 440849 30626 296101 165524 687029 268219 213900 118311 220269 149685 447420 655125 741064 273664 226961 195004 498887 65930 137974 545545 744682 188063 585588 284312 542450 999999999 692659 715094 1003113 140446 842613 730814 368197 55573 374845 358493 405834 631170 635084 641031 528892 791321 634822 566702 358184 760668 278094 480038 206154 561131 246044 235471 98731 631712 183710 621372 626287 307122 278329 795399 688129 726050 549209 731049 599380 749033 454146 243633 430337 588515 614920 423280 366938 219522 127191 762603 277731 101483 471728 435383 122320 94862 86879 854866 357193 846422 164950 471275 770034 635281 424956 288517
143172 411600 712350 1124726 928229 798964 979561 192129 279940 723147 974883 825172 805270 505246 647494 806235 897382 653601 763545 367035 1069043 862599 919341 883345 203963 710597 811194 961752 1260745 536468 852564 772565 1037852 692659 999999999 723591 974324 623778 674792 1170152 415411 639781 336351 739875 692341 106134 1219805 1140234 164959 830660 616457 1048197 920026 1281556 969103 213882 897616 984611 938641 531724 791235 377539 839417 816048 1201686 975379 415839 1028619 1236470 982447 157986 1285427 1192398 804421 912435 909788 275886 640154 880329 275467 326028 864068 570162 1070235 809329 793029 690185 1087586 707530 600621 681439 840135 700587 679892 839718 378832 920753 73343 555001 925151
667582 328404 25791 701152 563016 890742 506562 534465 541430 727415 807355 871563 120353 484728 870104 745938 760492 566802 327268 363772 432916 988659 836353 857543 597865 667018 839180 454160 738248 565816 272761 502886 572232 715094 723591 999999999 299038 575739 194199 596482 448008 706629 550645 402005 326284 619224 792375 636050 642229 108305 112489 562560 599759 759068 854247 665102 850766 471184 863716 794831 761696 348092 889496 194922 767209 781333 655615 340364 757417 321728 608433 800594 785020 82192 481789 742985 570061 129817 278258 591384 641392 688266 695291 418793 987372 780715 256292 814357 826628 656507 632602 145397 380072 194578 729050 391737 213596 657272 301685 699837
941917 562738 294649 869835 781992 1177225 687978 782411 829400 1012573 1054382 1153570 321711 783019 1167064 1020532 1019168 853490 578279 608159 506169 1275055 1099703 1129754 878059 950493 1120530 629498 842482 862834 468483 763834 742613 1003113 974324 299038 999999999 866142 305710 687573 745582 999294 845014 665052 600567 875927 945702 770399 918890 211893 405165 723611 828567 860105 1109527 949069 1119820 638026 1126597 1093778 1039910 601376 1171067 402581 920351 1024120 954061 371947 886888 409400 880820 920363 949407 254160 690737 996594 858963 428192 453258 880953 935792 945714 992120 477552 1278754 1060120 532227 1029755 1118348 950809 918215 153687 652861 300985 996103 681234 283590 915328 599789 943392
484465 554276 588765 534362 347217 316240 446125 548830 350854 157593 356253 303478 553368 141975 315327 208406 280613 35003 326411 529884 641610 413811 323042 314022 420813 107799 273380 458882 702124 87708 465962 198114 483784 140446 623778 575739 866142 999999999 702668 660629 249145 134726 288541 242790 275138 547084 621264 588378 459561 654765 494378 503847 320607 720477 364339 422106 317295 477752 347777 283907 209320 505077 321751 492987 607345 353009 241162 679988 657719 611792 469796 704471 589309 612524 375072 288207 348762 448488 496750 348436 313504 240381 153052 659649 412626 222946 337459 464268 252262 95109 70040 716647 231542 706423 225227 347988 642417 558728 284663 302089
657805 266687 168504 893909 747864 1017299 699398 484525 566866 859866 975587 1005919 311219 585857 967441 892618 921684 701577 507076 314456 617780 1113723 992368 1004631 601951 803865 975134 647867 931291 671606 466795 669137 765554 842613 674792 194199 305710 702668 999999999 787241 516958 823597 597369 570862 490065 580460 985960 830184 637635 242502 214346 756470 780550 951961 1016308 676120 1001254 665197 1019669 876055 903605 313519 1024175 389119 960874 952414 722964 510335 951591 504979 596286 994614 977787 248865 670724 908151 597112 273695 472250 619681 684984 851872 797537 600137 1101809 920625 424024 996719 943171 770054 766980 203735 541916 5181 883876 429924 380555 619929 418304 871925
1059029 869133 622044 251059 331809 850201 214575 1015530 903531 717864 578529 803115 476647 703213 944708 664309 594610 627114 406668 884451 181962 929127 672020 733452 981634 665483 773708 211623 154926 726610 341555 462640 191694 730814 1170152 596482 687573 660629 787241 999999999 763864 766094 867303 445214 478567 1068063 286684 121890 1030223 558860 640659 165274 379679 172761 648813 1018350 711456 189502 690800 941857 696552 859411 814320 408763 264595 542551 885767 315627 209023 289592 1017512 235062 305252 540829 285679 560045 919502 584911 324555 931488 933277 540818 809968 210041 970790 717579 484258 470002 845098 749153 658349 627243 479304 786720 612749 792934 424465 1096817 615824 490065
295316 318370 450953 710030 513731 529321 566279 305163 139850 393583 600963 531627 479114 107715 453069 456725 527380 268989 359809 287290 684154 620100 572006 558180 218387 355046 505947 552891 846662 180150 470840 360047 623083 368197 415411 448008 745582 249145 516958 763864 999999999 332754 112315 325467 286794 322183 805842 726274 266573 549695 340831 634387 508940 867293 613285 257772 563994 575522 596388 359174 454045 264683 549411 456582 787165 593357 209499 672842 821064 615038 258119 870017 779530 511457 497963 530945 156500 323774 501700 171026 198751 478410 290261 691392 596780 464529 303348 691806 444888 278692 318344 592239 287181 521544 473467 103615 591229 343554 170639 531216
496615 650758 718454 607453 438533 197200 552911 604399 393650 85791 351570 200632 687927 240044 184758 173883 275451 155986 458651 619809 764978 291048 281220 244377 448429 105548 178385 574106 787915 155076 598132 309840 580414 55573 639781 706629 999294 134726 823597 766094 332754 999999999 327677 372329 409729 581144 684053 681233 476715 788320 620214 603565 399969 804529 332990 426570 257842 591032 299217 185161 153279 597438 217940 627473 674269 361929 224416 810975 733993 742208 498673 777869 648875 746143 484847 297850 381250 578059 628463 372884 313764 270276 71759 784901 280925 153298 472060 489396 120347 54563 108065 848885 364895 827618 219506 436368 776872 583793 409702 339454
201374 365931 551094 795040 598960 512873 664361 277048 66039 404088 643032 526432 589333 172407 402801 480966 566169 317495 467193 324701 794520 594720 596523 569818 132562 381474 505959 655703 942008 202297 582338 441476 717645 374845 336351 550645 845014 288541 597369 867303 112315 327677 999999999 423727 394265 259683 888379 822320 174386 654922 440333 731161 586682 962186 643433 151201 580414 678017 618196 294140 470600 308903 542955 568849 871345 641373 135872 785157 910977 727161 181255 959568 859660 617930 594186 576229 60477 430484 613380 65329 90823 528854 267167 802535 559239 476194 415117 751458 422206 279990 349546 692801 388055 602247 509124 167812 702378 270202 282915 589007
619702 518460 421960 394019 204246 523624 241122 606921 464826 360588 406171 493771 343363 258036 556423 356365 358974 216474 89975 515142 401061 619769 436721 464738 543529 297500 460405 234037 521209 290013 227104 100988 297988 358493 739875 402005 665052 242790 570862 445214 325467 372329 423727 999999999 81839 642852 491965 400807 591164 455347 359152 308942 219997 541880 452363 574917 454936 255764 463934 523481 377786 487770 510614 268092 471147 381762 444472 438665 498217 369894 583330 547255 470045 414068 172585 340999 478093 297317 256703 488568 488101 286375 394904 417711 634800 398790 147447 433761 480458 337893 271887 526311 41100 573296 331406 376044 414221 667296 210951 301067
581090 442067 344891 462338 280004 577811 291757 546752 425769 413044 485744 553006 281535 245276 589133 421734 434977 256761 73049 442103 402574 675365 510083 532588 503472 350466 519966 269440 572552 299473 199920 179227 354976 405834 692341 326284 600567 275138 490065 478567 286794 409729 394265 81839 999999999 591566 560610 452497 552248 388924 277602 360943 300483 593778 529178 543833 524949 292313 537452 540707 439729 414910 570503 217899 538564 462376 439796 414287 558284 349055 538961 607056 541300 346849 231296 419165 443234 216371 231795 456769 468909 363517 419002 413441 683431 459709 70136 515217 524899 367517 319576 456760 53799 492613 402818 318155 367333 619077 143231 382138
114185 314353 608726 1031747 835671 754527 880875 97339 196258 661039 902510 774941 699308 419345 617265 740024 825782 574487 661918 267872 963887 826712 855183 825312 132887 641059 757521 860894 1162336 461753 747588 682128 940564 631170 106134 619224 875927 547084 580460 1068063 322183 581144 259683 642852 591566 999999999 1127876 1041849 116953 726711 511207 949813 830816 1183317 902755 178027 837318 883781 876240 500283 728350 275635 790418 710098 1108966 900073 363772 922488 1140821 876515 83125 1189850 1101712 699646 814985 835238 201280 534053 775066 208275 275062 786736 515075 964678 779998 732619 586368 1007083 662404 536827 609197 738731 602881 585615 768797 275292 814898 39497 452267 844905
1089729 1000394 817809 98279 292243 701463 287609 1098052 940074 612305 389543 648748 682522 716212 836812 534679 438207 586748 506950 1002625 448724 759941 495012 564272 1017603 579084 626434 338221 170263 705180 519866 447406 220608 635084 1219805 792375 945702 621264 985960 286684 805842 684053 888379 491965 560610 1127876 999999999 177403 1062390 785086 801729 230445 302654 172609 454813 1034597 538951 321971 504990 869166 567074 975478 654638 598302 25557 359011 862393 580911 89847 536305 1061822 109140 37783 757163 331407 405278 947497 738478 518841 953171 931526 415892 745554 480300 816303 583885 599981 241990 726198 687966 588801 859609 533064 986651 479435 867234 666134 1148904 701404 347662
1020125 875275 661809 129182 243248 746911 161037 999196 865536 624873 463104 697917 521063 652215 853919 563552 485931 553676 386953 884101 271332 821394 560136 623984 944244 577365 669968 192026 120519 662427 364946 392695 105558 641031 1140234 636050 770399 588378 830184 121890 726274 681233 822320 400807 452497 1041849 177403 999999999 991682 617799 660217 92053 283042 141480 533417 973056 601002 170797 577375 862389 596397 857754 707929 441320 152878 427475 823336 403722 121621 361365 984055 165075 189179 592924 228460 451005 878060 599387 358025 887540 879819 438448 731664 302954 867015 616626 475702 348645 749972 670979 575539 690869 439661 830394 510008 770344 493473 1067422 595435 381889
28850 374196 636183 968586 772252 642846 832260 188765 126735 559275 809925 665920 705493 346179 501277 641658 732423 489976 625001 325904 943582 712299 755213 720884 49086 545661 650321 819424 1111860 372043 727594 615165 887765 528892 164959 642229 918890 459561 637635 1030223 266573 476715 174386 591164 552248 116953 1062390 991682 999999999 750423 530116 899999 760969 1132306 804605 61127 734444 842075 774933 384239 627267 324130 680816 701662 1045097 810587 254306 918369 1083289 865989 45069 1132035 1033908 718554 763222 744947 114914 539301 757229 111219 164151 699644 408141 948232 664094 629701 560808 923728 550810 436210 516525 773671 553502 642803 674764 259341 821566 108435 423847 761377
775851 430274 118629 700140 587607 965334 508930 640664 648288 800680 851164 941852 114727 576919 958247 809682 812092 641670 370485 468250 382514 1063162 891519 919494 705856 738624 908857 452026 708751 654612 275865 555149 570107 791321 830660 108305 211893 654765 242502 558860 549695 788320 654922 455347 388924 726711 785086 617799 750423 999999999 220376 555553 630736 728581 903743 772552 910237 465009 918598 889091 828534 454019 959395 201593 759546 822283 754905 268346 738913 270234 716738 778466 782889 42288 499238 790977 676608 226143 268758 697684 745400 738750 783429 362040 1067279 848614 320355 839017 907025 740515 706331 76182 441518 240577 786753 498626 139420 764944 394382 740894
555707 237592 110766 706065 545124 810496 514713 430035 429165 650363 762083 796216 194205 388801 775282 679433 707390 490652 303377 265465 494616 907789 778127 791551 485488 592778 764837 469656 771089 472837 299938 455972 582233 634822 616457 112489 405165 494378 214346 640659 340831 620214 440333 359152 277602 511207 801729 660217 530116 220376 999999999 577890 573537 792476 802020 552624 787596 489793 805445 693872 691466 246211 814409 233999 777454 739649 549961 423794 778882 390645 496968 824873 789208 189295 475322 694222 457952 64133 316468 479413 531157 637817 601661 486534 900714 709039 214580 789752 740525 568008 556484 252481 328481 217352 669650 279529 306558 548651 210568 659685
928483 787762 588096 146288 166810 685293 69194 907694 773752 553058 422721 638688 452081 561701 780563 499179 432214 469551 296639 795100 250247 765420 511526 570990 852458 501712 608953 108963 212571 575116 289822 306338 28246 566702 1048197 562560 723611 503847 756470 165274 634387 603565 731161 308942 360943 949813 230445 92053 899999 555553 577890 999999999 214537 233504 492341 882065 549697 91556 531665 781859 531348 768554 650257 368098 205062 386642 735800 370903 201965 317011 892085 249456 227615 526906 136976 398062 786561 515818 288459 796314 790111 376139 650322 281816 805896 552434 386795 334438 680069 589449 496377 630554 347642 757041 447998 678542 441063 975374 504048 328044
788037 737264 622401 213757 54075 470825 184371 808100 640091 341877 232731 424744 516250 415068 570876 284647 223493 285744 273716 731494 431798 552337 306082 360636 716917 295189 394634 230421 388049 403036 360101 149173 188117 358184 920026 599759 828567 320607 780550 379679 508940 399969 586682 219997 300483 830816 302654 283042 760969 630736 573537 214537 999999999 404995 297056 732070 340949 237097 328960 583213 316881 704105 436809 429357 287362 199222 561537 524723 337917 458295 762146 384111 273003 593082 143728 191265 646211 510060 377506 651199 628994 162196 454345 459740 591427 337909 358961 216334 467555 394538 296591 706122 258316 782512 233790 579366 551548 850011 427221 124216
1160674 1012449 784829 203273 373279 849492 302511 1140354 1006353 741686 546665 798173 640769 791327 970515 672507 584418 685519 527448 1022837 354719 915659 650137 717794 1085051 699284 772923 329963 21537 797524 493445 528092 244595 760668 1281556 759068 860105 720477 951961 172761 867293 804529 962186 541880 593778 1183317 172609 141480 1132306 728581 792476 233504 404995 999999999 614919 1112606 693244 307750 663248 988194 705541 996719 806045 566623 162522 513352 958320 488214 84842 461003 1125208 76260 206227 708311 369330 549861 1018414 733202 481883 1027475 1017613 548201 859131 382576 967533 724384 614925 407980 863028 799028 701530 798313 580971 951748 617402 911742 596047 1208791 736564 484760
826185 908943 873735 416376 350735 261124 478059 911986 708482 247487 70344 208070 789629 505703 423903 162999 94634 345850 533389 889008 726952 306234 54229 118943 771958 262294 196063 527175 604929 443453 645594 351395 464097 278094 969103 854247 1109527 364339 1016308 648813 613285 332990 643433 452363 529178 902755 454813 533417 804605 903743 802020 492341 297056 614919 999999999 757438 93763 532426 51667 493945 179729 863206 209006 706965 456200 106263 556261 821461 531454 754444 822153 563100 417141 863458 440052 112933 701552 743800 666846 696729 644226 165992 404682 755666 366918 183061 598457 214705 314187 368483 296522 976606 475902 1019193 140624 710122 840230 909593 611429 172965
71832 417423 661242 942541 747172 586490 815449 246322 126410 510617 766412 611532 719399 321463 441458 594984 688721 454204 616875 369686 941761 653712 706977 669668 75046 501679 597315 806782 1092539 334540 727625 589319 868183 480038 213882 665102 949069 422106 676120 1018350 257772 426570 151201 574917 543833 178027 1034597 973056 61127 772552 552624 882065 732070 1112606 757438 999999999 684277 829134 725724 324474 578753 364423 625964 708103 1018317 769082 202249 925259 1060044 869881 102553 1108449 1004855 738637 745109 703210 102230 554994 758131 87077 113215 660245 356501 948448 604267 579867 559986 885665 494710 389363 474735 800973 539185 681249 630891 274427 834671 166513 424475 723928
