NAME : synthetic_000234
TYPE : CTSP-D
DIMENSION : 100
GROUPS : 8
RELAXATION_LEVEL : 1
EDGE_WEIGHT_TYPE : EXPLICIT
EDGE_WEIGHT_FORMAT : FULL_MATRIX
EDGE_WEIGHT_SECTION
999999999 399364 359229 463236 472625 220466 332424 423018 497675 666635 379656 609653 615067 696068 480762 123638 694320 560790 339360 289493 347174 628097 475786 261167 402824 555997 842988 888880 378521 420247 384594 560826 354265 407484 637852 782994 720236 516457 697921 495012 154515 365790 410464 233111 472363 549038 182208 785627 440241 100761 277568 496868 399269 139488 81224 692549 922720 480534 299202 729745 329246 499147 131686 305588 223977 612823 708671 949721 182822 236356 543284 244468 696094 321125 797977 322894 555439 384393 692755 761959 476961 667794 491515 248030 445410 844367 438319 200417 633067 626127 549520 153936 706474 716693 371797 354539 814957 554810 756256 406345
399364 999999999 529521 472306 327765 258826 567572 406945 554689 277046 421290 308969 416747 463496 388449 522333 299303 329298 336336 165015 73056 339647 159212 198396 6671 559520 443885 494711 267220 600839 448515 181373 421222 11464 285401 549221 331967 417587 312527 96802 270188 177409 587142 330194 288280 279109 462806 388286 400997 433004 521703 253708 645441 397665 333622 405388 621514 469603 384040 380905 213381 664659 374098 434548 336342 217566 391605 648487 430497 536693 154842 280854 402474 356775 586326 401771 219488 142321 347369 415101 506825 457869 570249 299716 291510 522369 674035 554445 267715 393238 397426 418324 328969 325074 612002 474738 415954 320223 403179 676438
359229 529521 999999999 189906 336566 518429 82429 751413 848660 701766 719660 827708 891396 533684 789794 396716 803183 816673 210654 365100 456522 541698 674006 522572 528190 899003 915619 908119 302364 72890 730346 708769 697943 540972 814912 1048865 742603 309168 717454 613113 446954 373605 59644 564874 371797 478239 540569 830917 763231 262854 101248 740417 750942 222616 320937 922913 1147270 214848 640701 682958 324857 147674 238490 94974 203273 674350 628046 1174515 541660 586023 604524 251371 593456 651631 1076043 133553 745504 606264 650056 944561 821679 941478 845592 566301 339492 740980 790397 527644 632664 885738 371737 205491 708634 748658 726060 708583 891257 448649 709787 750846
463236 472306 189906 999999999 184958 554931 272190 786861 907030 574397 768779 781184 877354 348814 806153 537322 701406 793820 150962 330019 406033 378975 630531 537219 468733 943687 790738 762199 205541 220276 785764 634650 752537 483217 746616 1020053 606678 127002 582162 535339 494679 295201 210447 618287 230155 329523 640614 698961 793012 387412 277108 716072 861230 329074 398063 877515 1088361 24945 696520 524236 262774 242286 331905 168057 244052 561440 461010 1114817 631539 699542 499620 253320 421388 695971 1054746 140424 690077 584802 494995 870905 871574 922926 910015 609270 205189 562779 899862 656602 496158 860780 192696 323258 566847 616317 832436 777865 769181 288534 549640 869581
472625 327765 336566 184958 999999999 485172 410133 698597 834626 389661 694086 628324 744423 226447 700189 576908 521621 657053 151343 232318 275648 205151 485509 448925 322714 857208 605878 579667 96801 388062 716109 469089 683959 337226 581418 873416 421883 90781 397292 371380 443455 161766 375971 558357 46916 145831 625799 514035 699357 430614 392563 581269 844287 369166 393122 723017 923040 170488 632702 347228 161702 423793 359375 266172 261332 379656 291835 948836 606846 694983 321976 228218 259762 621272 912528 218377 534251 459996 315483 700765 792644 785444 843296 540151 37588 410744 880367 672599 311248 720379 81706 375118 382740 431365 812459 722098 584550 112132 373767 861921
220466 258826 518429 554931 485172 999999999 517839 234976 353800 533496 214177 394631 396136 678224 273171 321548 518508 340438 405214 253032 245293 574005 275327 62301 264706 389299 675024 744982 392188 588881 233094 377185 200230 261813 435125 563433 588323 558414 570068 338325 73602 330771 576744 75896 463692 501129 209234 635266 245114 304255 462256 278754 388556 308227 206018 473775 703222 563947 147538 636975 324054 666049 286638 437543 325287 471327 638874 730103 174678 281215 413269 301824 641407 141088 580487 431023 352196 182710 602196 552855 316688 448759 359738 55384 449053 773503 419081 311994 525593 405688 566590 330443 587673 579742 355086 237555 646859 527416 660282 418041
332424 567572 82429 272190 410133 517839 999999999 744754 829794 761440 707342 854907 904158 613768 790984 345455 852321 834280 272805 403020 494911 614813 702786 531692 567121 885753 972401 972836 364358 99182 714865 748812 683521 578851 851007 1066039 804874 389547 779745 656468 444414 425770 94940 554602 441966 547977 507613 890986 758915 231712 55948 760007 708326 209839 312567 948372 1176132 297119 627054 753641 375054 173112 231259 148743 231344 729268 701877 1203500 513996 544695 657807 287121 669133 643104 1089773 195645 777615 627858 719754 981211 807157 955500 823938 560921 408934 818197 747670 479252 696324 903193 450905 188184 773284 809595 685789 686943 947167 522073 780782 703944
423018 406945 751413 786861 698597 234976 744754 999999999 149790 637237 61230 341536 244537 867523 84624 486499 559719 244462 636158 469708 430364 746583 317153 251954 413599 158762 713315 815204 611557 820801 83416 428437 89215 403404 425194 402879 687561 778832 676078 444766 304545 537493 809020 190868 669783 683522 304605 705230 25118 519802 688809 239320 339092 535486 432994 378118 579562 794399 128645 773648 542819 898696 515707 672308 560262 572801 795176 603606 274826 340017 537678 534962 808983 102129 402480 665752 359813 268180 743675 502414 100253 291564 169801 185119 661210 920913 349416 411999 658411 281062 777843 556650 702248 673554 312594 142509 687464 719830 792170 382916
497675 554689 848660 907030 834626 353800 829794 149790 999999999 786293 140604 470239 338408 1012295 205235 528580 702203 368548 758337 602860 573026 893937 465394 385930 561358 80273 852688 959457 744048 914287 121267 575004 154496 551681 560967 466229 836088 911063 825119 594541 412904 675467 903561 289236 808826 829025 337525 850372 162562 598400 774497 380761 267017 626659 528312 486571 657509 916982 210991 923432 675367 993232 610214 777982 670417 722007 944295 678374 320618 340595 687454 653772 957141 213800 449149 778231 502226 417511 893374 621889 50945 372541 29547 298618 797693 1070595 260826 422639 808186 385764 915160 645627 851658 821705 252551 144127 827697 863324 941943 311532
666635 277046 701766 574397 389661 533496 761440 637237 786293 999999999 667075 383704 546450 369435 591586 790247 163922 464485 491309 389564 319467 238163 321392 471677 271919 770955 216491 222855 399407 763791 696129 219738 673610 272458 294516 613282 54935 466951 38842 198835 546712 339131 750675 601475 344324 250193 739601 129550 623982 682332 727209 416524 914718 635376 593535 454142 596374 559970 645809 160197 390240 809186 614495 613603 547348 64773 218940 618640 706833 813261 123867 490139 259065 612520 662631 569059 304757 378895 147452 371899 735635 566072 806992 569282 371590 306322 940765 830964 84218 502170 412508 652442 68357 50491 881539 732399 194934 300315 168613 948122
379656 421290 719660 768779 694086 214177 707342 61230 140604 667075 999999999 394387 305527 874336 145404 433660 601424 300464 619349 462259 434599 758723 352185 245634 427944 179344 757186 853833 603466 787386 29411 465696 29155 419349 473384 463923 718968 770528 705816 470587 276799 535249 776081 154895 668703 691886 247803 743055 86249 478741 651494 285864 282392 499987 398886 436599 640601 778081 80522 796600 534772 865942 481715 644834 535106 602309 812732 664733 220215 279509 561159 515486 823134 73360 462503 642329 403305 290002 765098 557424 103153 352791 150750 159509 657200 941768 295870 352951 681368 340845 774712 520241 730215 706034 254493 83057 730704 724738 816522 325394
609653 308969 827708 781184 628324 394631 854907 341536 470239 383704 394387 999999999 166799 714758 266233 716171 251672 102022 643869 465272 378019 577060 153893 348564 312451 429875 388446 506928 575841 900266 421907 174823 414551 297982 98208 246969 420193 719103 418623 260627 455138 486039 886700 421855 584878 543581 579764 405116 319316 678013 804087 119036 676456 661298 571950 96475 321340 777917 418392 542669 521585 967936 637009 733573 626622 330767 590944 348724 543446 638794 338782 576381 621784 376076 290535 705356 94794 230364 523727 165350 421165 182408 497032 390922 594032 690025 689891 691612 440259 119092 689340 683963 451519 401927 647541 476446 365602 593954 552308 718741
615067 416747 891396 877354 744423 396136 904158 244537 338408 546450 305527 166799 999999999 859254 160147 702421 418347 88817 730836 548273 473869 723761 262455 372565 421979 282519 549871 672124 677274 964069 327033 329771 332318 407617 264629 168379 585426 833870 582491 398209 468074 589317 951020 392306 704803 680652 535939 571693 219419 699979 849863 163199 579110 697976 598576 150005 335080 878148 358137 703448 614849 1037325 674823 801310 688480 490040 746739 359371 502295 580522 486585 646652 773959 318879 185658 781353 243560 292714 682029 290150 295106 52733 367459 369592 707915 852109 584497 647361 596637 51999 813399 720755 614709 567499 554668 386726 528541 727950 714767 623771
696068 463496 533684 348814 226447 678224 613768 867523 1012295 369435 874336 714758 859254 999999999 851740 802946 532123 770716 375728 431713 439757 138172 599167 631416 457012 1022356 555961 481693 317593 568988 899355 540227 869062 469015 642011 959138 371713 224526 354108 461048 648920 349840 559259 753894 224616 184427 840307 458750 863337 657059 605853 703076 1054380 595564 615547 799907 963813 324844 822884 240657 371721 581406 585738 480381 487768 397233 164126 986774 818108 911709 375993 452794 116319 804349 1004911 434503 622135 605801 230515 737585 966262 891123 1025065 730766 250694 220543 1088878 894885 289192 824428 163780 601047 324314 388868 1021731 914556 543279 150809 256887 1075436
480762 388449 789794 806153 700189 273171 790984 84624 205235 591586 145404 266233 160147 851740 999999999 555949 498085 165704 655430 479570 425372 724529 271163 271030 394864 179416 647539 755968 619316 860958 167778 375333 172260 382726 355745 321386 639177 784747 630147 408324 346582 538606 848598 248967 667023 667469 380958 647766 59558 573148 735349 177894 422469 581273 478783 294965 495226 811195 202244 736278 551770 937446 559809 705604 591939 528451 765118 519459 348879 421634 502561 559496 783529 166278 325124 693621 298776 246209 708710 422971 155318 208268 231205 233358 662610 885357 430929 490867 622220 196835 776634 603356 658541 623800 396663 227118 622690 708133 752700 466632
123638 522333 396716 537322 576908 321548 345455 486499 528580 790247 433660 716171 702421 802946 555949 999999999 815525 657736 433718 410536 470797 744030 589966 371606 525942 597446 965490 1012518 486664 443338 430414 680108 405254 530205 751962 870627 843791 609462 821393 617500 266563 484087 436641 310135 582168 665075 191271 909140 507398 151126 299037 599909 365389 212523 200006 793987 1021920 557743 357856 850499 444079 518518 218147 370161 317277 736401 826390 1048500 213729 205913 666922 350990 811297 389862 880134 399637 669013 497246 813471 873119 519236 754819 515788 334171 553136 961200 404388 134080 755673 719815 649784 214506 829550 840322 345478 386253 937399 666694 877238 358668
694320 299303 803183 701406 521621 518508 852321 559719 702203 163922 601424 251672 418347 532123 498085 815525 999999999 347311 595145 453640 365574 397927 253866 457541 297319 672535 158104 258276 507555 870571 630748 142139 614473 289707 153762 459634 181979 606436 188651 202704 552915 429585 856999 573819 474725 395585 726882 153488 541711 732306 810846 321545 871584 695607 632217 304213 432478 690443 599711 319274 478773 924745 672388 710011 624857 143666 382536 454909 691327 796568 202175 567165 422945 560811 510500 670028 200144 339001 310819 208400 651465 428005 726482 540106 496461 457427 892099 829979 243275 369205 558541 715654 222808 162386 839746 676670 130513 448175 321953 909757
560790 329298 816673 793820 657053 340438 834280 244462 368548 464485 300464 102022 88817 770716 165704 657736 347311 999999999 648986 466381 388668 635547 173731 306733 334360 328314 489354 604882 592094 889544 326717 245534 322998 319896 197003 232246 506105 746829 501421 309737 408731 503466 876293 351900 616910 591846 505479 500372 221122 639357 780992 77828 582649 631600 535257 140295 364221 793749 334801 619501 531046 961263 607863 724996 613402 406079 660441 390764 469967 558790 399020 568799 686621 292758 261620 702564 159743 211748 596840 258017 319844 129233 395615 324347 620774 768728 593877 618107 510909 69084 725222 654485 532838 488839 554940 383423 465864 639151 631959 625852
339360 336336 210654 150962 151343 405214 272805 636158 758337 491309 619349 643869 730836 375728 655430 433718 595145 648986 999999999 182663 265850 348431 490905 386257 333755 793319 704970 700206 92062 275628 637149 509375 603975 347674 618985 877825 533062 177262 507907 411259 347624 167046 262131 470580 173375 277362 507416 620608 642094 284263 246863 571170 728836 222252 265156 740305 957700 158734 548543 482936 123116 331637 215900 124090 116917 464067 435974 984604 494222 571600 394948 105949 408113 546295 910549 77871 555812 438203 448316 746849 721868 777602 762335 459951 140059 560166 766606 539147 423861 716827 216988 225830 500607 538567 698601 632018 680668 257971 510294 741381
289493 165015 365100 330019 232318 253032 403020 469708 602860 389564 462259 465272 548273 431713 479570 410536 453640 466381 182663 999999999 92034 344012 311456 218153 164239 628443 585718 611972 141871 436895 483902 345892 451672 176403 450074 695792 440785 309207 417131 254161 217216 82406 423228 326929 211726 265848 410761 515353 472422 292901 358476 388582 622701 246805 210533 561343 783005 332874 400505 440281 73114 502829 225248 270204 172351 343896 421210 810171 386955 483611 271164 115964 412690 389242 727979 240085 380734 255583 403280 579983 561777 594941 611077 307880 196024 557601 657189 476991 346424 534366 313596 265112 421864 440036 590021 490346 558877 282107 466867 644526
347174 73056 456522 406033 275648 245293 494911 430364 573026 319467 434599 378019 473869 439757 425372 470797 365574 388668 265850 92034 999999999 329126 225310 192959 72223 587565 503636 541791 203475 527948 459650 253911 429613 84484 358393 614070 373216 362616 351240 163904 236525 115905 514257 320851 241703 258281 435179 439834 428496 369740 449676 311246 632624 330202 275341 474458 693281 405187 385207 397605 143990 592370 307215 361553 263887 266742 394142 720344 405935 509637 196214 207970 396210 364779 648924 329367 290846 184765 361684 488152 527838 517902 585342 294555 238203 529535 664040 517281 291648 454997 351262 350091 361759 369529 599226 477156 476196 290301 422380 659844
628097 339647 541698 378975 205151 574005 614813 746583 893937 238163 758723 577060 723761 138172 724529 744030 397927 635547 348431 344012 329126 999999999 465693 521708 332998 898449 439359 387855 266615 591495 785066 402369 756211 343608 503885 821045 250366 256036 229357 325991 555677 263268 579764 649764 175067 79066 753081 342280 740407 607702 594590 569881 959148 549366 547033 661752 827986 359330 713825 145409 299951 621259 534736 469093 443810 260111 87550 851374 727188 826622 238534 397037 68706 691267 866997 421136 484934 480494 118826 601361 846388 754389 908696 623657 208373 217456 991628 820489 154979 687763 192630 559730 204354 265217 925920 805742 423132 93054 170682 984095
475786 159212 674006 630531 485509 275327 702786 317153 465394 321392 352185 153893 262455 599167 271163 589966 253866 173731 490905 311456 225310 465693 999999999 218922 163589 450507 411858 501890 426025 746499 381587 113965 362887 148943 162158 390059 370693 575825 360145 140742 323573 336335 732920 322917 444342 418773 479200 390960 302883 535039 652799 104195 617904 513372 429120 249894 473748 628471 345875 465493 369274 814046 489023 579761 473488 257656 497846 501074 443026 546565 234086 422641 520086 307326 427322 551524 79742 93093 438819 287545 414603 300438 486873 289297 449806 614845 639111 586270 352138 234924 552068 535756 387750 356436 585954 424468 384377 465563 481569 655895
261167 198396 522572 537219 448925 62301 531692 251954 385930 471677 245634 348564 372565 631416 271030 371606 457541 306733 386257 218153 192959 521708 218922 999999999 204476 410544 613565 682682 359999 594672 268994 316826 237945 200714 380544 536223 526449 527348 508457 276053 106724 289615 581928 131913 423081 451144 271353 572979 256179 333111 477300 237806 447158 325807 228533 433246 663959 543677 192249 578326 291193 669791 302433 435888 322063 409260 583323 691139 236964 343514 352157 288530 588238 173694 558221 422618 297525 125881 544037 501939 343817 424191 395841 102642 411867 716915 476313 372439 465950 374644 529259 348652 526644 517667 413702 284200 585371 481043 601138 478107
402824 6671 528190 468733 322714 264706 567121 413599 561358 271919 427944 312451 421979 457012 394864 525942 297319 334360 333755 164239 72223 332998 163589 204476 999999999 566103 440795 490163 263457 599329 455155 181692 427828 14649 286914 553435 326817 412689 307173 94621 274999 173632 585626 336324 282888 272645 468202 384119 407611 435080 521648 259042 651583 398955 336321 408805 623953 465738 390507 374555 210688 662671 375494 433222 336028 212928 384976 650879 436039 542159 149340 280189 395803 363360 590862 399905 222290 148789 340937 416374 513487 462773 576918 305960 286607 515831 680278 559290 261526 397967 391889 419453 323262 320172 618138 481258 412923 313984 396919 682443
555997 559520 899003 943687 857208 389299 885753 158762 80273 770955 179344 429875 282519 1022356 179416 597446 672535 328314 793319 628443 587565 898449 450507 410544 566103 999999999 817617 930809 770302 966636 171417 554030 202233 554950 525037 394873 818243 937589 809484 586670 455146 695936 955376 334192 827873 837989 406352 823943 159227 655990 829998 355932 346879 679092 578207 432524 588082 951842 258905 915253 701552 1045237 661010 823659 713181 707866 942370 607805 385613 416230 680824 690961 959087 249267 374019 819871 475297 417956 887222 571867 79182 309531 106925 336294 819785 1064115 338978 497468 800893 332925 936232 699147 837955 802650 332823 211486 793881 875898 931945 391166
842988 443885 915619 790738 605878 675024 972401 713315 852688 216491 757186 388446 549871 555961 647539 965490 158104 489354 704970 585718 503636 439359 411858 613565 440795 817617 999999999 134597 613576 978936 786398 300056 771151 435520 292679 554289 189220 681193 211756 348008 706093 546935 965711 731647 560756 464380 883871 97492 694230 873376 935404 474034 1029261 832003 776883 415599 471568 775968 757595 316587 597990 1025511 809686 825776 751956 243655 392357 487576 848512 954057 316166 694042 439685 718434 606449 782341 354013 496755 326508 284682 802347 549203 877929 697947 588042 418925 1049266 985704 296014 498348 624255 850779 235101 176160 997544 833547 28238 512523 305672 1067672
888880 494711 908119 762199 579667 744982 972836 815204 959457 222855 853833 506928 672124 481693 755968 1012518 258276 604882 700206 611972 541791 387855 501890 682682 490163 930809 134597 999999999 608478 965659 883244 388143 864699 488717 408869 687245 171472 642825 195836 406808 764746 557485 953061 808638 538721 433846 953515 111197 798124 904861 942101 578743 1116391 856967 816321 544336 604635 744223 844376 245662 608042 1003260 836469 824118 766032 277264 320363 619687 919591 1026177 345600 709569 368221 807651 739403 777895 457337 576869 269103 417774 908605 675870 983206 775461 569740 309571 1139486 1048780 276603 621501 580392 873491 199615 172447 1083782 925980 147731 474134 225492 1152377
378521 267220 302364 205541 96801 392188 364358 611557 744048 399407 603466 575841 677274 317593 619316 486664 507555 592094 92062 141871 203475 266615 426025 359999 263457 770302 613576 608478 999999999 365674 624494 430561 591983 278001 542046 816009 441016 167349 415862 331339 347570 89827 352346 464218 95810 191359 529048 528627 614003 344231 335653 514719 747508 284359 298224 672106 883350 202446 539591 395181 68814 417193 271601 215653 177571 373779 353394 909913 510071 598468 306031 135695 330388 530270 851899 169932 484537 386561 359797 667663 703462 721322 751550 447467 66900 482651 783648 577779 331993 658096 177928 293566 408938 446524 715717 628069 589548 181632 422680 765164
420247 600839 72890 220276 388062 588881 99182 820801 914287 763791 787386 900266 964069 568988 860958 443338 870571 889544 275628 436895 527948 591495 746499 594672 599329 966636 978936 965659 365674 999999999 797046 779313 764955 612300 886214 1121744 802624 346632 777545 682939 516783 441351 13708 632952 427033 532804 599314 892291 833213 320958 145751 813306 804342 287805 388612 995578 1219544 244156 707874 735112 393751 79005 305715 166823 276142 739321 676220 1246766 603038 640026 670564 323886 638809 720379 1148809 201079 817549 679150 703528 1015637 888819 1014237 910124 635733 395983 782525 843763 576709 692017 958612 411779 268710 766843 809651 780939 772941 955136 498833 761434 801274
384594 448515 730346 785764 716109 233094 714865 83416 121267 696129 29411 421907 327033 899355 167778 430414 630748 326717 637149 483902 459650 785066 381587 268994 455155 171417 786398 883244 624494 797046 999999999 495107 33234 446856 502012 481974 748129 791187 734851 499368 291753 558278 786022 168197 691809 717449 241269 772465 108269 484686 659203 314586 256034 509253 409465 461438 661689 795765 90196 824837 555987 875840 491910 657867 549568 631359 840098 685405 216889 265614 589600 532510 849846 95300 477882 657269 432462 318623 793128 584260 92388 372770 127187 177763 679441 969635 267988 342046 709662 364448 797051 528897 759081 735267 229196 59862 759958 749414 844942 299635
560826 181373 708769 634650 469089 377185 748812 428437 575004 219738 465696 174823 329771 540227 375333 680108 142139 245534 509375 345892 253911 402369 113965 316826 181692 554030 300056 388143 430561 779313 495107 999999999 476821 170220 112447 419355 264505 559261 257419 99315 415076 343399 765605 431682 423661 372052 585066 277407 412626 607064 703061 198193 731364 576137 503832 261267 454547 628148 459142 374051 386926 840549 552193 613894 517670 160573 417779 480693 549402 654488 164553 461856 447325 421064 464684 578867 86229 196875 352282 237532 524063 354691 597570 397970 437330 523198 752958 689050 267253 288776 523639 597372 287958 248632 699243 538433 272222 423515 386497 768899
354265 421222 697943 752537 683959 200230 683521 89215 154496 673610 29155 414551 332318 869062 172260 405254 614473 322998 603975 451672 429613 756211 362887 237945 427828 202233 771151 864699 591983 764955 33234 476821 999999999 420069 490489 492068 726194 758528 712202 475830 258538 526686 753842 135039 660207 687735 218758 753658 113878 453943 627775 303091 262266 477228 377010 460576 667332 762574 57311 799325 523561 843684 459594 624930 516426 608864 812740 691682 191626 250851 564809 499292 821459 64953 491310 624092 418071 294928 767122 578620 123871 380285 159579 144854 647399 943197 278665 323844 684363 366127 765026 497084 735632 713851 232990 62695 744350 718873 819917 304195
407484 11464 540972 483217 337226 261813 578851 403404 551681 272458 419349 297982 407617 469015 382726 530205 289707 319896 347674 176403 84484 343608 148943 200714 14649 554950 435520 488717 278001 612300 446856 170220 420069 999999999 273946 538790 327389 427257 308490 87737 276046 188174 598603 332145 297194 284807 467148 381611 396804 442729 532843 244775 647223 408057 342730 394367 610125 480316 384144 380469 224680 676108 384414 445999 347588 211947 393408 637089 434444 540822 151482 292204 405592 355889 576225 413228 208186 137106 347444 403668 503464 448231 567736 301169 301179 523138 675345 560095 266560 383369 406054 428826 325949 319914 613818 474403 407517 326960 402260 678775
637852 285401 814912 746616 581418 435125 851007 425194 560967 294516 473384 98208 264629 642011 355745 751962 153762 197003 618985 450074 358393 503885 162158 380544 286914 525037 292679 408869 542046 886214 502012 112447 490489 273946 999999999 319981 326680 671468 327362 211448 485687 454096 872514 475878 535842 480304 634186 307065 404754 694694 803314 187561 752322 669565 589238 160159 342132 740411 485817 454680 496031 949253 645293 719941 619755 247820 508250 368353 597726 698441 270865 565462 542580 444392 368519 686716 83052 254731 438855 130211 510964 275524 586773 442954 549775 599758 768817 743504 358779 215519 634690 691534 361017 307888 722000 553153 268886 532457 462161 793086
782994 549221 1048865 1020053 873416 563433 1066039 402879 466229 613282 463923 246969 168379 959138 321386 870627 459634 232246 877825 695792 614070 821045 390059 536223 553435 394873 554289 687245 816009 1121744 481974 419355 492068 538790 319981 999999999 640795 964105 644341 507578 634632 726376 1108475 560493 830673 790265 701655 602808 378238 866502 1012442 308717 724613 861985 763953 159918 194109 1018440 523074 773376 757846 1193192 838479 956960 845604 567686 828230 212960 668705 742612 583903 800440 862184 485094 52165 933636 341728 443181 758672 269623 431916 115815 495675 537967 838461 916091 724597 812154 678613 163162 935949 884844 678420 621384 703314 541646 539646 840848 779255 769753
720236 331967 742603 606678 421883 588323 804874 687561 836088 54935 718968 420193 585426 371713 639177 843791 181979 506105 533062 440785 373216 250366 370693 526449 326817 818243 189220 171472 441016 802624 748129 264505 726194 327389 326680 640795 999999999 493757 25157 252743 601532 386414 789723 656014 378226 277812 794534 93120 673570 733680 772542 462639 968874 685501 646425 483616 607821 590724 699419 140842 437168 844715 665056 656418 595011 118064 211391 628600 761744 868183 178390 538337 256585 665615 691240 610931 347206 431917 141336 388330 785291 601563 857358 623707 407487 275508 994607 885753 110910 539275 435630 702031 47399 19654 935740 785423 172969 324365 140395 1002542
516457 417587 309168 127002 90781 558414 389547 778832 911063 466951 770528 719103 833870 224526 784747 609462 606436 746829 177262 309207 362616 256036 575825 527348 412689 937589 681193 642825 167349 346632 791187 559261 758528 427257 671468 964105 493757 999999999 470009 461903 509944 247022 336291 629243 135629 216924 681415 586822 780987 458905 384434 670671 902330 397052 441001 813780 1012739 104921 705462 401331 236161 367568 392505 261369 293964 463280 335582 1038397 665974 747281 409222 276853 294857 697263 1003003 218467 625024 547380 373986 789640 870760 875446 918099 613782 126082 435942 939543 716392 385204 810592 65816 397875 451438 505191 871446 792905 661380 169767 425995 916550
697921 312527 717454 582162 397292 570068 779745 676078 825119 38842 705816 418623 582491 354108 630147 821393 188651 501421 507907 417131 351240 229357 360145 508457 307173 809484 211756 195836 415862 777545 734851 257419 712202 308490 327362 644341 25157 470009 999999999 237008 581274 361727 764633 638728 353427 253671 775333 116961 662792 709964 747526 454741 952419 661355 623561 486001 618725 566406 683974 130623 412400 819883 641056 631276 570313 103519 196672 640135 742893 849186 157982 513752 240226 650947 694254 585775 341830 417398 125241 396777 774453 600738 845833 606716 382531 272407 978739 865303 86097 537455 412516 677726 34236 35912 919196 770840 194033 300913 134978 985503
495012 96802 613113 535339 371380 338325 656468 444766 594541 198835 470587 260627 398209 461048 408324 617500 202704 309737 411259 254161 163904 325991 140742 276053 94621 586670 348008 406808 331339 682939 499368 99315 475830 87737 211448 507578 252743 461903 237008 999999999 360413 244706 669242 403922 326582 284337 546708 297786 433763 529679 612634 244700 716141 493214 430360 353150 553545 528963 446990 329233 289495 742788 469871 518524 426469 134688 357552 579802 512839 619440 94238 369513 379370 414086 550111 482040 165850 180925 300554 336400 544493 431067 613682 371325 338871 477555 741952 643249 214352 364367 429165 513498 259817 242556 683024 533985 319951 333817 347404 750044
154515 270188 446954 494679 443455 73602 444414 304545 412904 546712 276799 455138 468074 648920 346582 266563 552915 408731 347624 217216 236525 555677 323573 106724 274999 455146 706093 764746 347570 516783 291753 415076 258538 276046 485687 634632 601532 509944 581274 360413 999999999 299237 504829 123716 427905 479342 198967 657414 316430 231931 388768 342871 405612 234701 132416 538589 769050 505580 202007 634084 282231 594377 213335 368627 258308 487736 627147 796134 171527 273343 423346 242020 624187 206022 652961 365682 402863 231186 598040 608329 379931 520545 415336 119583 409102 763448 439975 284294 527398 475290 525106 256865 595074 595170 372847 284513 677865 499058 658903 428631
365790 177409 373605 295201 161766 330771 425770 537493 675467 339131 535249 486039 589317 349840 538606 484087 429585 503466 167046 82406 115905 263268 336335 289615 173632 695936 546935 557485 89827 441351 558278 343399 526686 188174 454096 726376 386414 247022 361727 244706 299237 999999999 427730 405802 133532 184545 493108 468221 537789 355957 388785 426384 704838 302800 285146 582332 794687 292200 477420 368112 51197 498648 284307 280860 208597 303543 342888 821362 469334 565815 232110 152236 331772 463052 762651 240504 394981 300560 331156 580907 632488 632630 685320 384698 124189 478657 739103 557254 283920 568992 240359 317659 361327 388669 672080 568256 521486 199834 395266 726911
410464 587142 59644 210447 375971 576744 94940 809020 903561 750675 776081 886700 951020 559259 848598 436641 856999 876293 262131 423228 514257 579764 732920 581928 585626 955376 965711 953061 352346 13708 786022 765605 753842 598603 872514 1108475 789723 336291 764633 669242 504829 427730 999999999 621525 414544 520453 590166 879256 821249 311677 138006 799993 796473 276918 377213 982046 1205918 234613 696708 723133 380074 89862 294368 153202 262902 725927 664739 1233136 593286 631952 657078 310329 627692 708776 1135686 187413 803897 665798 691374 1001931 877687 1001120 899680 623918 383332 772006 835914 569650 679170 945355 401197 258231 754138 796647 772735 762518 941855 486998 749527 794050
233111 330194 564874 618287 558357 75896 554602 190868 289236 601475 154895 421855 392306 753894 248967 310135 573819 351900 470580 326929 320851 649764 322917 131913 336324 334192 731647 808638 464218 632952 168197 431682 135039 332145 475878 560493 656014 629243 638728 403922 123716 405802 621525 999999999 538285 577023 158619 698053 207216 328966 498662 302850 315262 346072 244340 490946 715406 628878 78292 710200 396763 711375 327240 490219 381387 538255 713889 741599 122132 223668 483346 365330 717052 88764 570855 489073 394627 234899 675808 585355 257563 444684 291821 33718 522664 848100 344580 269805 597834 411310 639966 366786 657782 646435 281814 163851 703706 603087 733051 346842
472363 288280 371797 230155 46916 463692 441966 669783 808826 344324 668703 584878 704803 224616 667023 582168 474725 616910 173375 211726 241703 175067 444342 423081 282888 827873 560756 538721 95810 427033 691809 423661 660207 297194 535842 830673 378226 135629 353427 326582 427905 133532 414544 538285 999999999 106443 616475 469818 669203 439992 419817 541930 832237 379892 391523 679056 877152 216747 610677 311731 147496 466497 367405 294905 272616 332901 262603 902851 595243 687427 275127 231211 236182 596576 870573 247038 490489 424107 278320 654400 765496 744724 818839 517929 33349 388593 867422 670535 267340 679228 109821 388447 340451 387009 799886 701247 539041 86294 338825 852082
549038 279109 478239 329523 145831 501129 547977 683522 829025 250193 691886 543581 680652 184427 667469 665075 395585 591846 277362 265848 258281 79066 418773 451144 272645 837989 464380 433846 191359 532804 717449 372052 687735 284807 480304 790265 277812 216924 253671 284337 479342 184545 520453 577023 106443 999999999 675879 370628 679028 529616 524214 521941 883957 471848 467968 633226 815272 313003 643332 205750 221015 569573 456678 400320 367244 252023 163042 839891 650673 749146 209512 319038 147277 622837 833886 352633 449248 421429 171917 589045 782551 715175 842463 552105 139104 296181 917032 741785 168370 648523 163433 482884 237325 288559 850853 735259 444458 52910 233020 907973
182208 462806 540569 640614 625799 209234 507613 304605 337525 739601 247803 579764 535939 840307 380958 191271 726882 505479 507416 410761 435179 753081 479200 271353 468202 406352 883871 953515 529048 599314 241269 585066 218758 467148 634186 701655 794534 681415 775333 546708 198967 493108 590166 158619 616475 675879 999999999 844153 327421 278499 454513 460736 221462 321635 243247 645550 866138 656405 178721 832774 468981 677786 312210 487012 397286 678519 825838 891778 36492 74467 617536 404563 821733 217074 705624 501180 552537 388686 796844 743739 328468 586924 325717 191235 594113 962237 259565 112628 725025 560965 706185 335866 790932 786814 191870 195010 855743 692205 857394 236123
785627 388286 830917 698961 514035 635266 890986 705230 850372 129550 743055 405116 571693 458750 647766 909140 153488 500372 620608 515353 439834 342280 390960 572979 384119 823943 97492 111197 528627 892291 772465 277407 753658 381611 307065 602808 93120 586822 116961 297786 657414 468221 879256 698053 469818 370628 844153 999999999 688592 807144 856611 470061 1005234 761985 715175 452359 545237 683340 733190 220246 519389 936039 740600 743099 676037 173092 295474 563810 809942 916466 244714 618592 342547 696464 654563 698408 349033 465790 229036 337831 799460 579805 873721 664788 498372 332745 1028289 940885 202807 522218 528719 779604 137927 82849 972649 814859 85959 417482 211283 1041331
440241 400997 763231 793012 699357 245114 758915 25118 162562 623982 86249 319316 219419 863337 59558 507398 541711 221122 642094 472422 428496 740407 302883 256179 407611 159227 694230 798124 614003 833213 108269 412626 113878 396804 404754 378238 673570 780987 662792 433763 316430 537789 821249 207216 669203 679028 327421 688592 999999999 535845 703009 220381 363505 549253 446544 353640 554450 799814 149966 762988 545470 910748 528925 682510 569794 559823 786695 578514 296872 364439 527312 542280 801876 119446 378707 674315 341575 260276 733690 479135 111722 266571 185130 198034 661852 910919 373054 435659 647953 256195 777879 570731 689645 659145 337323 167562 668658 716679 780909 407486
100761 433004 262854 387412 430614 304255 231712 519802 598400 682332 478741 678013 699979 657059 573148 151126 732306 639357 284263 292901 369740 607702 535039 333111 435080 655990 873376 904861 344231 320958 484686 607064 453943 442729 694694 866502 733680 458905 709964 529679 231931 355957 311677 328966 439992 529616 278499 807144 535845 999999999 177113 570700 488661 62021 106145 765621 996369 407304 398221 723677 310574 399626 72966 221754 169305 634634 692506 1023626 282627 323751 562441 210665 673435 417673 884688 248792 614358 448113 686814 822449 577074 752472 592241 339904 409466 825038 528083 270954 637361 706578 501103 64231 713740 732819 463314 455295 845913 525801 750952 490582
277568 521703 101248 277108 392563 462256 55948 688809 774497 727209 651494 804087 849863 605853 735349 299037 810846 780992 246863 358476 449676 594590 652799 477300 521648 829998 935404 942101 335653 145751 659203 703061 627775 532843 803314 1012442 772542 384434 747526 612634 388768 388785 138006 498662 419817 524214 454513 856611 703009 177113 999999999 707279 658632 154089 256760 896900 1125426 301392 571242 729692 337607 223483 175883 126542 186207 691775 682114 1152808 459730 494275 619583 243690 652231 587157 1035516 174187 728583 575930 694850 933492 751461 901383 768986 505032 386471 803222 698060 431721 665643 849794 442073 132285 743128 776163 635196 631902 909634 502980 757083 656056
496868 253708 740417 716072 581269 278754 760007 239320 380761 416524 285864 119036 163199 703076 177894 599909 321545 77828 571170 388582 311246 569881 104195 237806 259042 355932 474034 578743 514719 813306 314586 198193 303091 244775 187561 308717 462639 670671 454741 244700 342871 426384 799993 302850 541930 521941 460736 470061 220381 570700 707279 999999999 565174 559558 465477 195721 426257 716161 301659 565850 453307 884485 535580 648271 537226 354652 600985 453397 424411 520291 337354 491734 624052 259588 339398 625173 121468 134470 540514 283533 329964 206861 404944 272122 544724 715459 581269 572583 453857 146059 650806 582427 484216 446816 535185 365711 448321 567833 580604 606364
399269 645441 750942 861230 844287 388556 708326 339092 267017 914718 282392 676456 579110 1054380 422469 365389 871584 582649 728836 622701 632624 959148 617904 447158 651583 346879 1029261 1116391 747508 804342 256034 731364 262266 647223 752322 724613 968874 902330 952419 716141 405612 704838 796473 315262 832237 883957 221462 1005234 363505 488661 658632 565174 999999999 537970 464607 717143 910954 877442 272278 1025283 685226 881210 530846 704675 618455 850828 1026758 933543 237442 164938 798132 625574 1027251 310828 712423 721329 678249 539676 990679 839815 293244 621522 240140 346155 811535 1161834 39461 232201 913096 619206 925248 549886 972394 958396 33476 200020 1002015 904667 1048272 45150
139488 397665 222616 329074 369166 308227 209839 535486 626659 635376 499987 661298 697976 595564 581273 212523 695607 631600 222252 246805 330202 549366 513372 325807 398955 679092 832003 856967 284359 287805 509253 576137 477228 408057 669565 861985 685501 397052 661355 493214 234701 302800 276918 346072 379892 471848 321635 761985 549253 62021 154089 559558 537970 999999999 102747 751999 982009 348125 420224 668701 255299 366660 24349 166870 107905 590693 634889 1009376 320037 373961 517969 153268 614406 434181 883588 189238 591425 431184 632021 798874 601098 749847 623104 351222 348897 766382 577169 327529 586237 700002 439130 22887 663278 685741 511009 486032 804946 465970 696107 542991
81224 333622 320937 398063 393122 206018 312567 432994 528312 593535 398886 571950 598576 615547 478783 200006 632217 535257 265156 210533 275341 547033 429120 228533 336321 578207 776883 816321 298224 388612 409465 503832 377010 342730 589238 763953 646425 441001 623561 430360 132416 285146 377213 244340 391523 467968 243247 715175 446544 106145 256760 465477 464607 102747 999999999 659999 890698 413331 319763 650569 248023 467072 82907 251644 154196 542083 628000 917981 233674 306471 471170 165731 614958 331981 783932 259797 508552 341975 613545 716618 500746 650782 526410 248511 365040 763504 502812 279583 556121 603002 471066 124589 630567 643878 435054 390094 749105 473657 677267 476237
692549 405388 922913 877515 723017 473775 948372 378118 486571 454142 436599 96475 150005 799907 294965 793987 304213 140295 740305 561343 474458 661752 249894 433246 408805 432524 415599 544336 672106 995578 461438 261267 460576 394367 160159 159918 483616 813780 486001 353150 538589 582332 982046 490946 679056 633226 645550 452359 353640 765621 896900 195721 717143 751999 659999 999999999 230763 874047 474886 614333 618059 1063782 727819 829020 721208 407773 668381 258005 609907 699020 425477 671736 702285 432940 208497 801395 188819 321170 598996 141816 441403 135249 515258 462373 689143 758248 725800 758170 518695 100809 782291 774786 519930 464403 690606 519604 397255 684433 620978 761034
