NAME : synthetic_000952
TYPE : CTSP-D
DIMENSION : 100
GROUPS : 8
RELAXATION_LEVEL : 1
EDGE_WEIGHT_TYPE : EXPLICIT
EDGE_WEIGHT_FORMAT : FULL_MATRIX
EDGE_WEIGHT_SECTION
999999999 75437 923051 945492 900610 835110 858984 128766 942603 859687 727483 750733 871214 453412 921861 871874 178390 641504 1070804 545145 737518 658426 986948 426167 307691 657598 563417 168117 1244336 597591 707739 638477 671497 994254 582691 778234 446270 754464 421180 76173 830259 444771 933545 1130754 1110759 1051503 944564 941097 397364 856414 991580 870201 587845 578198 981311 209493 737841 299933 406676 914524 32196 863626 250331 512140 892727 855929 673289 954007 25400 864122 554888 997470 774740 1049803 890164 347680 678388 829612 312300 1110346 561766 688782 543385 801923 1207457 1089469 722477 57668 439516 121401 1052830 347074 919246 885210 272798 332492 874247 823616 1023675 987890
75437 999999999 889950 915777 840999 798609 803101 101423 868092 838314 720275 696332 804961 379322 894778 854269 185991 637495 1009421 502724 674226 590236 961648 411690 259887 582649 499020 107844 1189242 536000 645417 582567 598103 922237 509458 741291 443096 679033 367424 68187 755274 428383 858109 1066688 1062822 996402 883152 917122 333277 816770 939144 836297 534775 555998 957633 135833 726905 281685 336044 865907 52554 798280 234158 461286 817312 785804 642695 886100 88774 815134 498680 930829 743939 1002268 883807 272347 678644 827612 302566 1064147 486408 654701 542156 804390 1152863 1036725 715271 61393 404599 51565 988061 300282 889124 843986 261101 261575 852466 754871 972709 925440
923051 889950 999999999 51376 403881 99790 336316 796528 836025 157221 341858 336939 534260 735957 78959 197874 760479 404284 495179 395432 472233 572140 125358 514059 634857 910666 540773 788353 491188 491640 462266 408463 702680 739608 695854 154417 530523 865933 551022 958086 981350 493277 951856 584298 293894 368556 447533 122079 628299 111035 298607 54307 415864 357596 141261 810579 305226 626451 685963 221051 894371 512846 675397 460754 915972 628649 250359 596886 907608 229629 463461 580901 149909 249406 330335 834670 422683 376044 624232 271864 799936 235252 474875 424202 456325 349765 343741 948648 485450 846335 559983 595252 39447 117342 657707 723192 148963 585407 287552 482178
945492 915777 51376 999999999 454746 143479 387632 820407 887394 132622 326662 386631 585610 777854 41188 165952 779093 397236 541244 428654 522410 620539 74091 529264 663911 957999 585211 816176 522632 536839 511626 453814 751404 790628 742219 193171 539220 915484 585620 983710 1031287 508778 1002981 629725 324433 411952 497672 75719 665395 161175 344501 94744 457558 372038 90086 841944 291510 646735 725207 270932 917579 564206 696132 497774 966938 680001 273090 647709 929057 280962 504925 630869 171949 286018 293198 872689 409248 345684 641653 299313 845511 264009 475537 396383 489207 388536 329203 973545 511571 873589 608135 624934 27012 168692 676850 759280 120803 636664 330135 531409
900610 840999 403881 454746 999999999 344283 76532 777368 442809 528094 646440 169523 141171 533957 479153 574536 791029 662416 173440 406264 177708 293955 527324 620190 598280 607658 348133 734480 358887 305734 199873 266305 393057 336080 432335 341162 675504 525115 481896 903496 627691 603142 569639 249368 305510 176189 55905 524199 509225 305599 161245 380715 322881 521294 544813 718828 612360 667716 527851 186217 868419 122564 703135 400183 539474 242749 426627 193012 895447 177151 347526 182874 410226 266290 706157 667083 705359 728287 688237 326599 535199 390137 679341 763260 326244 233062 645494 901657 518260 789607 188301 562559 440550 287573 701634 595328 527483 210829 202713 103893
835110 798609 99790 143479 344283 999999999 270271 707433 759732 183829 326129 248200 463242 636261 149828 230273 677637 369297 464310 299400 384815 478472 214308 438101 541235 814848 441990 695381 507021 393403 371509 310347 609645 673844 598780 57391 464163 775101 453381 866794 891809 417230 869861 554389 320546 353005 394212 193861 529282 44506 276551 48801 316096 286681 224886 714644 289236 542394 586306 181694 805684 441541 590449 361980 832397 552197 171466 534694 820806 168266 363683 526670 87950 264353 362287 735248 399236 390112 543880 306952 702050 147731 423251 430547 469596 351003 326578 858088 395684 753745 517563 501219 119165 77792 574848 624524 183795 506621 279964 434791
858984 803101 336316 387632 76532 270271 999999999 733214 501040 453981 569957 109862 198108 522306 409341 500406 739318 587099 235366 344680 175693 295624 461193 555371 552782 627894 325025 695525 386184 277099 185893 220660 411202 404773 435423 264806 607893 558082 437818 867546 666876 537529 621668 318240 290814 193500 131222 454600 476587 233442 146679 308920 272426 449057 477560 686731 535832 612003 504881 129384 826925 176855 650147 349814 588399 294910 351400 264449 852029 106707 304510 258901 333939 240498 631205 650310 629444 652100 629928 305478 541666 314791 607010 686776 350118 238892 569035 864313 459206 752242 262839 515211 371541 218993 646307 567628 453996 255029 187194 177646
128766 101423 796528 820407 777368 707433 733214 999999999 853459 739301 618853 624366 755986 367959 798075 754196 96871 536195 948835 416386 618623 548117 864199 310546 180525 599479 447264 71829 1117760 477489 587821 513260 577658 892201 489286 650404 342118 681290 295852 166073 769589 327550 859781 1011652 982177 925078 822871 819104 283422 728057 864090 743352 461239 456920 859527 142552 625659 180726 307306 786099 98349 747006 132776 384842 817119 748806 547544 841420 118918 735788 430234 882448 649023 921187 782384 292498 577798 726387 201226 981613 488010 561711 441268 703788 1080674 962020 613849 153963 311767 81503 934816 219186 793955 756636 159731 237520 753601 713351 895712 867183
942603 868092 836025 887394 442809 759732 501040 853459 999999999 937631 1007602 517563 303596 489412 906056 982907 913317 993135 465425 666453 387201 352880 961320 856915 718475 349385 460898 786402 689575 469591 411974 516622 276683 145251 364275 737188 925980 221494 627763 909418 251330 848125 138522 440236 726536 576526 417052 951235 586061 728931 595657 803479 561512 829871 976826 733188 979954 835466 546656 626964 913945 324406 847376 606362 127436 207690 777510 267415 949561 606996 543605 313117 803106 700214 1105370 605464 1044677 1109860 869670 753213 388835 746960 971631 1133029 673992 636515 1005154 916512 736200 821822 381983 702288 869668 718885 861230 616359 940540 253503 633531 408013
859687 838314 157221 132622 528094 183829 453981 739301 937631 999999999 195380 420654 645094 754446 91932 46444 686743 271322 640924 385103 555406 635565 134917 434524 598907 960145 578084 745075 648350 535183 537306 456504 766156 856640 741567 200865 432022 934935 539562 905082 1053400 415251 1042408 730918 450774 520145 577583 86368 625638 223879 446877 152084 443142 282397 124014 780374 161582 560103 692024 358870 833798 623398 609594 463350 1003344 730969 214563 718306 841185 351653 487275 710339 139628 406363 179819 832409 278310 219030 548922 427749 838714 224092 357326 267062 613546 505620 198252 893233 443091 800239 698896 562660 121403 248795 587139 714003 15160 684143 440815 617184
727483 720275 341858 326662 646440 326129 569957 618853 1007602 195380 999999999 502809 739364 726009 286813 177813 549270 89323 785715 365339 621718 671185 324655 310320 514059 960718 586940 641092 827007 556245 595654 493305 793264 950774 747832 308416 281459 961515 492141 783204 1080098 296148 1094201 875188 632750 679076 700856 277365 580402 370582 602430 317100 457720 203771 308811 690428 37230 439802 652318 506106 705610 718516 486168 444417 1051926 809739 230805 823447 706125 483045 490742 827244 242419 582434 163538 774009 82959 117747 418070 612761 830945 263832 188135 125986 790587 675313 5012 768976 369199 690250 830637 485608 311445 403338 459354 653804 209099 760647 605444 745714
750733 696332 336939 386631 169523 248200 109862 624366 517563 420654 502809 999999999 236569 437386 397886 465587 629459 506630 340723 237229 136617 237902 459983 450673 443845 578555 234755 588550 493605 183763 125593 114761 366854 448273 369954 219853 506375 528995 329696 761519 644675 433637 622723 418889 377886 300782 224170 442059 374314 225912 243905 295276 163148 357143 472258 583291 471694 502519 409659 186861 718755 215839 540326 240237 584638 312346 273788 322417 743258 139275 198115 333615 285635 320844 588298 558577 553118 597207 521178 386286 476699 239177 514546 625382 456823 340819 501104 757668 350592 645821 355076 405894 364978 228199 536766 467888 424285 264483 280062 272554
871214 804961 534260 585610 141171 463242 198108 755986 303596 645094 739364 236569 999999999 459267 606281 691195 786690 741036 231756 442571 144808 217702 659263 655724 585478 485633 308739 703128 456675 283084 178194 283705 280162 212733 339286 448029 718595 392029 471931 862334 489670 641670 428536 266474 440637 298756 130145 651568 474095 429396 300249 504690 341178 586232 675443 674172 708023 676539 473340 323407 839337 21705 704125 410097 398403 101757 510097 92156 869997 304659 347156 126466 516453 405805 818720 596104 788649 832074 703220 463966 432317 475730 740765 861586 430176 359300 737671 863337 541412 753604 186046 555422 568982 416920 708489 546468 646493 77585 340661 146920
453412 379322 735957 777854 533957 636261 522306 367959 489412 754446 726009 437386 459267 999999999 773483 788248 438690 673510 684259 372118 356301 244328 843199 466706 268274 254748 202928 298697 892649 254311 337769 333944 219621 546595 132158 584769 534113 315440 235217 424747 413253 467716 492673 725609 811127 707394 562840 810227 150469 633784 668963 683950 320327 522263 848266 243920 713142 394160 80158 624219 424547 458298 389491 291829 449597 419167 541445 528881 460162 576218 272935 579264 622219 756455 871644 136857 726967 843474 432188 822161 126738 530919 612215 844604 860174 759182 721838 430134 363901 332439 645076 271411 751790 648516 410615 131630 764656 396364 708972 597236
921861 894778 78959 41188 479153 149828 409341 798075 906056 91932 286813 397886 606281 773483 999999999 124981 753090 359506 574138 416101 534463 627501 70153 501826 646216 962018 585091 797004 562788 538129 521308 455814 758794 813898 744799 191043 507921 924759 573445 962441 1041601 481628 1018550 663242 364601 447077 524353 45287 655542 177161 377555 103017 454255 345160 75952 825832 252169 622234 717623 298647 894559 584697 671798 488626 981523 698371 253587 672030 904736 302942 501015 657860 155558 324446 253921 863321 369604 304770 615218 339962 846496 249722 440540 355260 529013 426250 289503 951721 492092 853824 638499 607934 39654 191606 651463 748046 79707 653801 365748 560038
871874 854269 197874 165952 574536 230273 500406 754196 982907 46444 177813 465587 691195 788248 124981 999999999 696676 261567 686160 416870 599724 677358 148024 445711 621228 998827 616362 764082 687282 574750 580891 497370 807491 902883 780328 245754 435890 976624 568667 920266 1095306 427382 1086566 776070 489190 564039 623957 102740 655870 270152 491469 197663 481044 299649 131148 802751 149143 573819 723646 404585 847022 669506 622914 496466 1047202 776495 246804 764708 852484 398052 524081 756757 182080 447122 134291 861388 259649 179791 559757 464891 875936 260893 354015 230612 653124 547576 181546 907740 465850 818064 744911 586282 159938 294466 599129 742075 49499 729473 484073 663397
178390 185991 760479 779093 791029 677637 739318 96871 913317 686743 549270 629459 786690 438690 753090 696676 999999999 463115 964327 403579 644465 589499 816381 252269 202242 681067 482041 161397 1117887 503729 612062 524789 636718 939359 550457 622055 267928 754125 314980 239944 848456 271906 930709 1033062 969517 926925 840053 769679 329031 703278 861193 709007 468477 407937 809524 234151 560350 135519 369151 776724 158891 775399 90115 390933 887195 791348 510274 875457 156909 727823 445843 912258 610768 908316 711810 380761 500384 651375 138015 965811 563208 529924 365064 624555 1080062 958708 544267 223868 289503 177664 958891 231552 753416 734233 102871 307365 701520 752146 889572 886252
641504 637495 404284 397236 662416 369297 587099 536195 993135 271322 89323 506630 741036 673510 359506 261567 463115 999999999 813052 331826 613293 647232 404907 232687 444509 916375 553777 562859 876261 529658 584448 476770 762706 948728 709199 338952 195394 928078 438335 699175 1045365 221454 1070372 900973 686748 716572 718028 356644 524525 412274 639497 370840 433125 164364 390844 616013 112425 359539 596854 541415 620552 721083 404156 405455 1027097 802462 235789 828870 619681 511258 459279 838653 281446 632774 248908 709346 53994 190359 334972 669570 784967 272324 99333 175054 838890 719738 84558 684480 310145 609802 849937 419876 378623 446833 376482 590381 286031 753286 647855 764729
1070804 1009421 495179 541244 173440 464310 235366 948835 465425 640924 785715 340723 231756 684259 574138 686160 964327 813052 999999999 577934 336550 439933 606583 790319 770521 712632 511928 903782 230513 473524 364111 439539 511693 326425 569362 477740 843253 609332 654043 1070592 693191 772680 603498 90127 281475 136587 126288 616336 676352 420512 196759 488865 496315 682413 627243 884185 749771 841081 688295 282997 1038612 227823 876553 573569 584188 313209 579518 204626 1066436 302990 519965 152830 543506 277098 820446 820311 851819 854092 861230 312253 664048 542907 839865 894729 209983 186473 785487 1069597 690954 957888 86681 735323 534552 392417 875034 758529 636878 307111 216297 87040
545145 502724 395432 428654 406264 299400 344680 416386 666453 385103 365339 237229 442571 372118 416101 416870 403579 331826 577934 999999999 301542 316508 486122 215425 243316 596420 222750 397640 715404 198538 269303 159531 431182 637388 382494 242197 276120 597776 157352 570721 715858 199927 738799 655322 567505 525960 459927 448091 240958 314360 458239 341126 105903 167701 487756 415347 347161 271121 307013 373326 514468 425530 313467 80962 695394 486110 170619 534530 533428 324246 127489 557451 260639 506329 501663 448504 385178 480250 285989 565704 468040 166449 305963 489558 677381 555454 361736 563157 115735 456292 588544 202969 401663 341276 305588 332025 396279 437996 486003 508128
737518 674226 472233 522410 177708 384815 175693 618623 387201 555406 621718 136617 144808 356301 534463 599724 644465 613293 336550 301542 999999999 120290 596029 512489 444528 454395 175556 569698 536564 141452 33397 142060 238424 337287 260333 354667 576562 394857 329511 734525 509225 499074 487023 393314 465622 351684 211073 578675 340969 361301 319804 431754 197873 453474 608662 547720 593256 532093 352427 297113 705401 131335 560681 265311 448387 189190 391064 236583 734608 258629 202444 268253 418294 416190 719224 489509 663225 722686 558461 481115 366153 359883 604368 746673 503876 405257 619454 733979 397023 622661 316227 412915 501229 360336 564283 422018 559654 139996 361325 251421
658426 590236 572140 620539 293955 478472 295624 548117 352880 635565 671185 237902 217702 244328 627501 677358 589499 647232 439933 316508 120290 999999999 692684 504630 387618 340706 111275 490994 650819 117998 114227 181219 131336 350941 140049 439388 573380 299370 283514 646008 417948 495396 423630 483827 585891 469714 319091 670089 264793 461679 440084 526966 214500 482906 703126 457821 647248 494185 256214 413658 626897 214789 513471 253486 380910 201900 447247 295864 658870 371832 191241 341747 495954 535985 787275 380523 699986 780286 525922 601096 246046 422089 619798 797125 619441 524530 668196 647681 383953 539214 403591 363866 597403 466018 522990 329955 641924 165411 481614 352917
986948 961648 125358 74091 527324 214308 461193 864199 961320 134917 324655 459983 659263 843199 70153 148024 816381 404907 606583 486122 596029 692684 999999999 564326 714857 1028937 653610 864906 568500 606093 584650 523417 823769 863382 812329 259565 565720 988529 643448 1029105 1104639 544486 1077067 693911 372226 474374 568999 48555 725688 235028 410559 165718 523618 408941 22620 894911 293440 687035 787726 342360 960121 637906 736642 558774 1040979 753990 322334 720106 969298 354618 570545 701791 225497 341909 254317 933471 407126 317729 678366 344052 914716 319694 492236 371396 537320 445343 328104 1018047 560184 921396 676292 676854 95299 242464 715479 818108 119811 710742 392298 601297
426167 411690 514059 529264 620190 438101 555371 310546 856915 434524 310320 450673 655724 466706 501826 445711 252269 232687 790319 215425 512489 504630 564326 999999999 216123 719107 396252 331006 911477 391258 479433 372090 598141 843642 529109 385547 70061 751936 241285 476257 864155 20887 911246 869543 746022 727561 674469 517467 316729 469040 655364 464505 314699 157240 557266 383397 315258 130072 386924 562666 401518 639428 178036 252923 866787 691040 266912 747872 406998 517920 317647 772488 364322 685601 473592 483392 280462 422055 114407 738121 587415 292293 150072 406609 873075 749670 305354 463033 120719 380047 803777 198088 504121 502270 153437 367463 449275 644440 677541 722782
307691 259887 634857 663911 598280 541235 552782 180525 718475 598907 514059 443845 585478 268274 646216 621228 202242 444509 770521 243316 444528 387618 714857 216123 999999999 522666 279804 154350 937250 303183 412690 333181 443512 738057 360893 483845 276828 576023 116481 327674 679985 223744 747531 835806 804115 744554 644982 672608 133067 557666 683915 580761 280714 323458 713141 181575 511424 125926 189470 607484 276011 574833 128920 204490 703256 589343 392641 673646 299432 556911 250755 711441 492251 743347 673693 267318 494635 629980 163914 804739 394528 400322 366180 619545 900195 781819 509298 320756 155816 212977 760257 40415 636987 584362 145114 153622 612164 549905 716040 690104
657598 582649 910666 957999 607658 814848 627894 599479 349385 960145 960718 578555 485633 254748 962018 998827 681067 916375 712632 596420 454395 340706 1028937 719107 522666 999999999 382503 527659 941331 425380 454459 506480 216702 464131 218578 771451 787391 127916 481409 608544 172671 718710 289060 723155 911924 780322 613953 1003134 402599 800950 765683 863626 517878 758383 1037962 460042 943579 648367 334708 751499 633810 495934 640857 516412 255172 400422 756190 516183 670624 711629 476406 572424 821673 866931 1096263 311269 970308 1076511 686489 930545 132016 738056 861896 1083132 915717 839505 956905 619532 610873 545241 647520 525782 933998 806516 663380 377656 968216 408093 807729 631434
563417 499020 540773 585211 348133 441990 325025 447264 460898 578084 586940 234755 308739 202928 585091 616362 482041 553777 511928 222750 175556 111275 653610 396252 279804 382503 999999999 395336 705118 51416 148580 133118 209070 461414 164233 394127 465641 375044 172505 558978 493290 388200 519936 567729 610597 515308 386059 624605 166102 435282 470783 490519 135379 390204 660870 372258 566627 383153 180483 421607 531405 300306 403766 150046 475958 310699 374335 394837 561529 373338 96242 435205 440350 554861 715513 325624 607403 700250 414666 620486 261645 355554 517833 711828 670808 563798 583505 558558 275629 447468 489449 253830 559969 447821 412358 247323 586521 270159 509774 426975
168117 107844 788353 816176 734480 695381 695525 71829 786402 745075 641092 588550 703128 298697 797004 764082 161397 562859 903782 397640 569698 490994 864906 331006 154350 527659 395336 999999999 1081610 430287 540212 474921 511726 830320 422952 637991 374240 610593 259595 174387 697892 345086 789353 962825 955325 888747 777497 821508 229259 711999 831300 734381 426934 464437 862091 72755 643874 203915 242656 758366 136211 695513 164588 353667 746934 689679 543692 786277 168012 707557 391036 829417 644253 894858 804000 221232 608154 752842 233658 956978 417064 553357 472579 734819 1045163 928889 636147 169233 304931 58737 884776 194671 789342 738516 193896 170248 758829 656345 864900 820406
1244336 1189242 491188 522632 358887 507021 386184 1117760 689575 648350 827007 493605 456675 892649 562788 687282 1117887 876261 230513 715404 536564 650819 568500 911477 937250 941331 705118 1081610 999999999 660031 557986 606690 736041 546390 786536 543580 952590 839770 823264 1253720 922834 891718 828096 254939 198205 192888 333540 595430 861907 464708 257325 509908 656581 777846 591105 1072194 789789 986522 885491 349141 1212359 449000 1027903 733042 811432 543247 663095 434641 1236676 393897 690577 381125 594959 244582 815585 1025956 904061 866701 999900 224580 885663 629656 926192 915386 38419 161868 828182 1250477 831009 1138420 308252 898886 527632 429810 1020991 951196 639400 533766 234535 310023
597591 536000 491640 536839 305734 393403 277099 477489 469591 535183 556245 183763 283084 254311 538129 574750 503729 529658 473524 198538 141452 117998 606093 391258 303183 425380 51416 430287 660031 999999999 110351 83181 237498 453946 207086 347114 458993 406739 188854 597895 525770 380753 540742 534164 560500 468985 347236 578445 203510 385186 421917 442095 98567 365294 614041 413211 533738 395193 227974 370530 565418 271748 421187 138374 497607 301284 336773 372829 593994 322055 74208 408540 396367 504299 678406 375353 582612 667253 423775 569857 308704 315029 502201 681955 625116 515964 553085 596380 271352 484500 457596 272349 511924 396966 426427 291204 542984 256468 460375 390314
707739 645417 462266 511626 199873 371509 185893 587821 411974 537306 595654 125593 178194 337769 521308 580891 612062 584448 364111 269303 33397 114227 584650 479433 412690 454459 148580 540212 557986 110351 999999999 110214 241387 368466 251559 337457 543804 403886 297240 706506 520299 466192 506247 423836 476571 370129 237948 564906 312251 351300 332327 419335 164993 423521 596284 520480 568076 498907 327978 299816 675582 164423 527877 231915 466386 218636 365597 269976 704319 257606 169165 301229 398886 424676 697767 468612 634931 698595 525124 490163 358491 335666 573131 721057 524348 421418 593239 705502 363692 593867 347589 380527 489445 353513 531192 395901 542299 169767 373082 280195
638477 582567 408463 453814 266305 310347 220660 513260 516622 456504 493305 114761 283705 333944 455814 497370 524789 476770 439539 159531 142060 181219 523417 372090 333181 506480 133118 474921 606690 83181 110214 999999999 310220 478680 288992 265008 435076 479614 217478 647342 598528 357977 601402 510019 491144 413836 315660 496660 259744 302221 358662 359077 58654 314496 531763 468530 467871 403420 298357 296867 606388 267376 437258 134304 559632 328443 266621 375828 631917 246861 83888 401498 317023 432997 606060 448588 528074 600323 426339 497929 391704 240870 462953 619244 570314 455429 490568 643829 259703 531829 438651 296626 429031 314939 436926 353935 463618 279794 394614 362515
671497 598103 702680 751404 393057 609645 411202 577658 276683 766156 793264 366854 280162 219621 758794 807491 636718 762706 511693 431182 238424 131336 823769 598141 443512 216702 209070 511726 736041 237498 241387 310220 999999999 327907 88896 570660 668154 169609 360466 644348 288675 592132 313154 535976 696018 567575 404061 801423 310560 591955 549616 658065 335980 598861 834379 462319 771199 563269 270419 535407 641911 287082 572369 358790 268757 213136 573715 329876 676879 496694 303768 384491 626531 650344 915002 348305 816245 904739 598650 714149 154519 550332 725648 918749 708206 625869 790012 649711 479008 550142 456570 430029 728473 594900 587504 341489 772763 205098 591658 426980
994254 922237 739608 790628 336080 673844 404773 892201 145251 856640 950774 448273 212733 546595 813898 902883 939359 948728 326425 637388 337287 350941 863382 843642 738057 464131 461414 830320 546390 453946 368466 478680 327907 999999999 414479 660585 909864 339914 633903 970986 392603 831753 282938 295297 597300 446242 298888 859108 611613 638179 475680 713663 532058 790440 880714 786553 919958 844476 587974 521926 963798 234213 864399 591270 271675 152716 720665 144234 997720 510956 526380 177979 729128 577270 1031174 676005 997554 1044710 875314 625630 470407 686944 941543 1073655 532480 504612 948946 975619 724767 872999 240889 714792 775743 622755 873742 661828 857540 199552 510523 279623
582691 509458 695854 742219 432335 598780 435423 489286 364275 741567 747832 369954 339286 132158 744799 780328 550457 709199 569362 382494 260333 140049 812329 529109 360893 218578 164233 422952 786536 207086 251559 288992 88896 414479 999999999 553909 599055 222872 288087 556610 337217 525174 387456 603343 725890 608476 453171 785423 228060 587327 580133 647575 299558 547804 820744 373637 728928 483335 182414 551080 553041 341539 489157 304387 343004 289289 538492 401955 587985 507366 259255 454212 603171 675554 879397 264953 763157 862367 519684 740806 107039 519647 663613 871767 756215 664014 744218 561589 413023 461316 522923 351024 717741 595469 505813 252704 749672 270848 621648 482701
778234 741291 154417 193171 341162 57391 264806 650404 737188 200865 308416 219853 448029 584769 191043 245754 622055 338952 477740 242197 354667 439388 259565 385547 483845 771451 394127 637991 543580 347114 337457 265008 570660 660585 553909 999999999 415682 738175 396836 809474 855999 364758 841688 566968 364427 377688 394395 231706 473959 83719 300643 100519 264573 238112 266931 657521 273060 486643 532426 202489 748690 426442 534387 306364 802861 531043 121700 525648 764153 174785 311836 523683 69219 305674 370722 680608 374719 387413 489291 353929 655460 93318 382613 422311 505536 383926 308005 800835 338728 696361 522835 443837 167021 117893 519396 568776 205037 483806 311196 438222
446270 443096 530523 539220 675504 464163 607893 342118 925980 432022 281459 506375 718595 534113 507921 435890 267928 195394 843253 276120 576562 573380 565720 70061 276828 787391 465641 374240 952590 458993 543804 435076 668154 909864 599055 415682 999999999 821849 311099 504005 933769 78263 981275 924610 779891 772905 730519 517610 384793 499194 698864 484440 378820 177710 556036 433093 294283 170888 454072 603646 425162 701649 211586 320674 936823 757490 294051 810609 424709 561540 385015 833079 383642 720496 443894 543255 235713 384788 141687 769480 655936 324530 99190 361959 914191 790847 276464 489167 190032 417792 861169 263532 515605 533574 183024 430114 447140 710396 718055 778904
754464 679033 865933 915484 525115 775101 558082 681290 221494 934935 961515 528995 392029 315440 924759 976624 754125 928078 609332 597776 394857 299370 988529 751936 576023 127916 375044 610593 839770 406739 403886 479614 169609 339914 222872 738175 821849 999999999 510784 712500 119078 748028 179232 610579 830247 690777 522168 967953 445590 754904 686194 823125 505017 765037 999976 548791 940096 700853 388295 686320 728196 405947 701781 522703 138547 297086 743249 407128 764789 651999 470963 462785 795322 790478 1084602 407870 981867 1073707 738006 851694 193741 719924 885832 1086692 816855 751249 958168 721718 635735 636965 538142 570433 893305 755162 720881 446955 941250 315824 727815 532758
421180 367424 551022 585620 481896 453381 437818 295852 627763 539562 492141 329696 471931 235217 573445 568667 314980 438335 654043 157352 329511 283514 643448 241285 116481 481409 172505 259595 823264 188854 297240 217478 360466 633903 288087 396836 311099 510784 999999999 433572 622951 238548 672584 719665 696479 630396 528513 605018 88693 463664 571802 496798 167386 288902 644841 264109 481189 210677 160191 499486 389147 460427 232800 95488 628039 482838 325408 561329 414444 448595 134443 597309 417953 636293 641709 292896 491869 609838 242837 699101 349398 323755 380563 609574 786517 669478 487859 428817 129582 317573 644547 83497 558659 487238 240011 174918 551346 441006 605314 573730
76173 68187 958086 983710 903496 866794 867546 166073 909418 905082 783204 761519 862334 424747 962441 920266 239944 699175 1070592 570721 734525 646008 1029105 476257 327674 608544 558978 174387 1253720 597895 706506 647342 644348 970986 556610 809474 504005 712500 433572 999999999 780788 493517 890478 1125739 1129670 1061001 944451 984370 394440 884853 1004794 904454 600692 622688 1024850 188209 791030 346701 390000 932695 82040 856557 298229 527985 851030 838309 710620 941474 101101 881867 563527 987578 811915 1069232 946608 305290 738725 888773 365162 1131359 522866 722842 602582 863702 1217571 1102205 778193 18516 472692 116004 1046581 368087 957084 911948 324033 316060 919317 809448 1038804 985945
830259 755274 981350 1031287 627691 891809 666876 769589 251330 1053400 1080098 644675 489670 413253 1041601 1095306 848456 1045365 693191 715858 509225 417948 1104639 864155 679985 172671 493290 697892 922834 525770 520299 598528 288675 392603 337217 855999 933769 119078 622951 780788 999999999 861231 139965 681909 930306 786449 618382 1085086 552781 870346 788752 939567 623981 882804 1116553 631498 1058954 805762 490559 796007 806338 505911 802743 639922 125787 389599 862324 488568 843155 764006 589391 541758 913824 893980 1203676 483584 1099238 1192583 843463 953389 286606 838954 1000709 1205114 902992 847315 1076711 791995 749727 717391 615672 677921 1009547 869232 823583 542060 1059535 416884 829756 622779
444771 428383 493277 508778 603142 417230 537529 327550 848125 415251 296148 433637 641670 467716 481628 427382 271906 221454 772680 199927 499074 495396 544486 20887 223744 718710 388200 345086 891718 380753 466192 357977 592132 831753 525174 364758 78263 748028 238548 493517 861231 999999999 905272 852506 725538 708352 657668 497793 317300 448282 635849 443649 301215 136747 537696 395142 299333 146826 388410 542781 419642 625036 195595 242465 860889 679325 246026 733769 425963 498353 306755 757377 343509 665177 458914 490226 270923 409444 133893 717482 586789 271529 145071 396247 853309 729880 291223 480609 113134 395408 787453 202344 483560 481572 171998 372885 429935 632329 657649 706021
933545 858109 951856 1002981 569639 869861 621668 859781 138522 1042408 1094201 622723 428536 492673 1018550 1086566 930709 1070372 603498 738799 487023 423630 1077067 911246 747531 289060 519936 789353 828096 540742 506247 601402 313154 282938 387456 841688 981275 179232 672584 890478 139965 905272 999999999 578233 860748 711699 548969 1063318 615202 842504 726421 915533 638119 906011 1091292 728005 1069270 870734 562638 750038 907397 448049 874938 669936 44552 327635 867704 403354 944004 725474 611746 450892 904806 831687 1203792 586538 1123352 1201597 907140 886609 372884 840019 1037740 1220186 812380 772086 1091314 900081 792141 816197 520439 738454 983624 835816 892635 624285 1046653 367163 765403 543514
1130754 1066688 584298 629725 249368 554389 318240 1011652 440236 730918 875188 418889 266474 725609 663242 776070 1033062 900973 90127 655322 393314 483827 693911 869543 835806 723155 567729 962825 254939 534164 423836 510019 535976 295297 603343 566968 924610 610579 719665 1125739 681909 852506 578233 999999999 354728 220194 195510 705049 733764 510627 285694 578885 568072 767202 714863 937948 839370 913414 738377 373123 1098657 269675 946676 644212 565144 325448 666579 207799 1127910 392192 587220 151922 633150 359106 910361 862465 940502 944215 935446 386515 690456 629900 925061 984746 247244 261480 874894 1125939 766272 1015153 80555 802264 623718 482502 946943 810720 726747 332917 301918 147687
1110759 1062822 293894 324433 305510 320546 290814 982177 726536 450774 632750 377886 440637 811127 364601 489190 969517 686748 281475 567505 465622 585891 372226 746022 804115 911924 610597 955325 198205 560500 476571 491144 696018 597300 725890 364427 779891 830247 696479 1129670 930306 725538 860748 354728 999999999 151060 312962 397505 750437 281546 146480 316674 530667 602495 394746 957163 595644 834891 787487 196999 1079512 424906 879678 601690 834888 541265 486110 459374 1100163 247884 572024 419386 407736 61210 617458 935853 711416 668739 843272 32037 831715 455651 743755 717823 165322 95002 634192 1124102 680036 1013707 366322 764139 329740 246705 868946 845076 441519 514819 104517 318962
1051503 996402 368556 411952 176189 353005 193500 925078 576526 520145 679076 300782 298756 707394 447077 564039 926925 716572 136587 525960 351684 469714 474374 727561 744554 780322 515308 888747 192888 468985 370129 413836 567575 446242 608476 377688 772905 690777 630396 1061001 786449 708352 711699 220194 151060 999999999 168662 487608 669860 308517 77085 369774 463845 602153 495586 880086 642233 796706 695769 175212 1019512 285523 837117 540518 687181 396916 491036 309124 1043985 211665 497724 268328 437931 140511 697906 838675 750533 737257 811596 179911 711314 455672 755675 781007 156620 60884 679436 1057655 641692 945622 217832 706351 407948 276528 831175 760116 514542 375356 82090 168520
944564 883152 447533 497672 55905 394212 131222 822871 417052 577583 700856 224170 130145 562840 524353 623957 840053 718028 126288 459927 211073 319091 568999 674469 644982 613953 386059 777497 333540 347236 237948 315660 404061 298888 453171 394395 730519 522168 528513 944451 618382 657668 548969 195510 312962 168662 999999999 569013 550137 353960 178772 428255 373286 577165 587396 758279 666476 718674 563417 226768 912374 118019 752886 449961 522103 228811 482250 154829 940321 225979 394786 133524 463190 283188 756499 698017 760647 780774 740186 337871 552275 445711 735205 816707 304382 229323 700003 943366 570804 831624 132396 610244 485216 333166 752371 633013 576240 207124 216603 48385
941097 917122 122079 75719 524199 193861 454600 819104 951235 86368 277365 442059 651568 810227 45287 102740 769679 356644 616336 448091 578675 670089 48555 517467 672608 1003134 624605 821508 595430 578445 564906 496660 801423 859108 785423 231706 517610 967953 605018 984370 1085086 497793 1063318 705049 397505 487608 569013 999999999 688699 222398 419583 147913 492378 362899 40583 853311 245498 641174 752308 342905 914581 629982 690770 522835 1026113 743546 281190 717124 923152 348158 538623 702484 188486 361170 220554 896458 360094 278364 631681 371180 886230 281996 443681 330966 562710 463960 280682 973039 517328 877587 682023 635128 83799 236626 669172 779923 71257 698862 405833 604183
397364 333277 628299 665395 509225 529282 476587 283422 586061 625638 580402 374314 474095 150469 655542 655870 329031 524525 676352 240958 340969 264793 725688 316729 133067 402599 166102 229259 861907 203510 312251 259744 310560 611613 228060 473959 384793 445590 88693 394440 552781 317300 615202 733764 750437 669860 550137 688699 999999999 535206 617968 574467 222978 377436 728130 210288 569839 255673 72334 554876 365389 466264 261825 167673 570835 466017 411095 558321 395931 504229 178753 600481 500627 691681 730398 207811 577708 698136 292519 756091 271297 406716 461746 696863 826411 714106 576077 393251 214402 281713 655550 125167 638593 555879 277774 96387 637055 429937 654331 592170
856414 816770 111035 161175 305599 44506 233442 728057 728931 223879 370582 225912 429396 633784 177161 270152 703278 412274 420512 314360 361301 461679 235028 469040 557666 800950 435282 711999 464708 385186 351300 302221 591955 638179 587327 83719 499194 754904 463664 884853 870346 448282 842504 510627 281546 308517 353960 222398 535206 999999999 232046 75485 316205 321525 248789 727087 333717 567761 588526 137607 826404 407772 614933 369844 806097 521255 205144 497496 843096 128474 363666 487042 130951 223725 403400 738706 443224 433604 571691 270297 692256 176754 463004 474680 427048 307502 370995 876916 417369 770642 475366 517329 141141 35085 600888 631300 222283 476950 236015 393320
991580 939144 298607 344501 161245 276551 146679 864090 595657 446877 602430 243905 300249 668963 377555 491469 861193 639497 196759 458239 319804 440084 410559 655364 683915 765683 470783 831300 257325 421917 332327 358662 549616 475680 580133 300643 698864 686194 571802 1004794 788752 635849 726421 285694 146480 77085 178772 419583 617968 232046 999999999 295472 404416 526750 430936 827190 565665 729351 649879 98223 959802 282973 771134 479440 698044 401910 414742 332603 982931 137532 441871 302056 360987 105565 625680 796358 673522 662746 742582 165584 685648 379661 679427 705664 219187 97939 602729 1000529 573766 888934 266855 644906 338024 200784 763812 710759 442017 371995 42048 198395
870201 836297 54307 94744 380715 48801 308920 743352 803479 152084 317100 295276 504690 683950 103017 197663 709007 370840 488865 341126 431754 526966 165718 464505 580761 863626 490519 734381 509908 442095 419335 359077 658065 713663 647575 100519 484440 823125 496798 904454 939567 443649 915533 578885 316674 369774 428255 147913 574467 75485 295472 999999999 363637 309216 177013 756284 279880 574519 632751 206923 841323 483045 623250 406849 878533 595792 198814 572873 855056 203583 411135 561588 100886 265334 331803 781107 394830 367493 573417 298736 750770 181698 434505 411736 473530 359811 318286 895172 431963 792437 547439 541097 70458 96803 606153 669187 148825 550965 292082 466484
587845 534775 415864 457558 322881 316096 272426 461239 561512 443142 457720 163148 341178 320327 454255 481044 468477 433125 496315 105903 197873 214500 523618 314699 280714 517878 135379 426934 656581 98567 164993 58654 335980 532058 299558 264573 378820 505017 167386 600692 623981 301215 638119 568072 530667 463845 373286 492378 222978 316205 404416 363637 999999999 269007 529575 426618 435219 345402 272397 333973 555927 325346 380274 77638 595279 380431 239541 433333 580141 283076 47637 459970 306278 471013 581146 422839 485649 568769 367819 534712 395634 220191 411811 583481 619621 502113 454585 596166 201140 484739 497170 242807 431574 334501 379090 319244 451886 332539 438122 420455
578198 555998 357596 372038 521294 286681 449057 456920 829871 282397 203771 357143 586232 522263 345160 299649 407937 164364 682413 167701 453474 482906 408941 157240 323458 758383 390204 464437 777846 365294 423521 314496 598861 790440 547804 238112 177710 765037 288902 622688 882804 136747 906011 767202 602495 602153 577165 362899 377436 321525 526750 309216 269007 999999999 403136 504429 192709 278280 449064 430012 551798 567095 327872 243418 862758 642124 116417 676064 560365 390604 295187 690653 208446 543397 354434 574907 217507 321230 270067 591790 628002 148216 158054 324749 739525 616528 199651 610867 170549 518679 709482 290610 346888 355991 306573 454436 296681 593126 543539 625103
981311 957633 141261 90086 544813 224886 477560 859527 976826 124014 308811 472258 675443 848266 75952 131148 809524 390844 627243 487756 608662 703126 22620 557266 713141 1037962 660870 862091 591105 614041 596284 531763 834379 880714 820744 266931 556036 999976 644841 1024850 1116553 537696 1091292 714863 394746 495586 587396 40583 728130 248789 430936 177013 529575 403136 999999999 893785 278768 681412 791241 360630 954893 653999 730998 561879 1054774 769299 321506 737759 963256 370861 576140 720443 227550 363887 232467 935930 390796 297039 671557 366641 922339 321448 480079 350972 559875 467313 312440 1013473 557895 918158 696150 675605 107686 258568 709233 819711 108902 725525 413495 620451
209493 135833 810579 841944 718828 714644 686731 142552 733188 780374 690428 583291 674172 243920 825832 802751 234151 616013 884185 415347 547720 457821 894911 383397 181575 460042 372258 72755 1072194 413211 520480 468530 462319 786553 373637 657521 433093 548791 264109 188209 631498 395142 728005 937948 957163 880086 758279 853311 210288 727087 827190 756284 426618 504429 893785 999999999 690147 262509 201992 760587 180905 668584 229269 359391 686382 651227 572598 753390 216950 709694 385723 799369 671023 897629 851858 150446 663493 804579 295779 961238 355164 577938 529693 789896 1036660 923759 685565 190281 337332 88803 858626 218183 814946 751239 258221 127866 793552 621522 862835 799041
