NAME : synthetic_000839
TYPE : CTSP-D
DIMENSION : 100
GROUPS : 8
RELAXATION_LEVEL : 1
EDGE_WEIGHT_TYPE : EXPLICIT
EDGE_WEIGHT_FORMAT : FULL_MATRIX
EDGE_WEIGHT_SECTION
999999999 167343 624200 683774 811437 246574 694127 655963 700769 239437 110155 399626 1133862 926015 525283 882281 291355 847944 626066 377495 752918 844725 1034080 916187 692209 595241 452363 569991 102767 884542 846211 308999 845793 299032 525501 562178 748961 656997 318401 953692 376042 773356 866561 338503 656562 131027 437604 655552 610710 402347 867720 500960 1118652 276004 599924 397556 746881 913658 188369 531218 665521 336960 981120 701719 421196 341308 395328 886684 240944 545962 747865 74117 962834 811889 960216 530842 821347 336894 623161 215374 738787 936890 750049 1112731 1028219 510462 213224 379035 957841 835209 137659 141041 524887 228297 702498 400144 722636 712747 117370 787485
167343 999999999 658530 582022 897082 150596 768386 503485 562487 406452 277496 441540 1070066 892453 513558 928401 455070 882146 543023 409305 849572 834244 1002626 886528 717122 486359 468482 605245 227651 813565 888206 474602 885605 445092 648416 626074 773198 495581 474466 871264 410285 868388 878738 449157 710408 298037 570809 523436 504937 238526 943492 471431 1061868 328060 531303 529327 810332 992515 21230 367119 742980 503971 953625 744825 546399 298608 268736 880889 282013 617638 802719 136810 930322 816054 917224 629702 811098 215644 460178 207615 630149 869266 743901 1051363 954837 425895 121092 221506 871301 761765 90810 200899 601296 338463 664251 513805 588716 626994 281912 701392
624200 658530 999999999 531160 324152 534525 195035 764421 707011 632298 626130 224856 677604 410583 201323 271184 594808 225046 438423 251466 332400 280289 494514 391079 74466 529769 192594 54342 527602 512013 229895 622453 227074 485506 376520 123588 127926 833863 538076 604949 251580 338270 253288 357674 90564 640158 419610 652833 521951 714848 332478 264633 641627 348583 380425 413516 188689 383499 668602 783840 194421 662331 438379 90294 383197 387661 562512 303836 388103 155746 161922 570314 437111 217669 466941 264419 261393 551766 827926 451058 585538 535336 198864 651592 625548 431410 549143 668790 624632 490567 571596 488231 178537 422153 290255 342939 696231 477640 658573 514709
683774 582022 531160 999999999 854234 443021 725633 298403 199899 853842 763912 500075 518955 438479 348693 733614 860890 659008 94848 475187 861217 472264 534963 446144 526700 98030 431790 513489 648677 268249 690550 890556 681067 778851 822535 613380 554802 387438 835254 299760 481019 868621 580197 678361 621716 786982 810508 161445 77685 440702 851731 300221 524711 527849 153376 780550 714215 900348 574153 415321 721172 932759 505840 603878 768633 362910 317414 520404 517798 634416 679147 610221 471781 510923 430249 728465 457907 366502 402824 482774 62380 325065 432584 505742 393072 179124 477542 413566 294925 218203 551143 572410 641945 642701 280350 715301 176785 83729 787244 136281
811437 897082 324152 854234 999999999 802131 137844 1084486 1030865 720084 770491 468950 903571 639046 521778 231890 659009 283644 762213 505911 83862 500551 682752 616225 334520 853252 482264 352711 708848 798082 243461 677130 254609 564751 336187 281278 327476 1150027 594368 888717 502823 65033 397666 475744 234461 775610 430906 976344 845917 1004522 78472 583591 858410 569601 704433 455174 142678 107676 911938 1088535 156804 704646 635540 253490 420992 675001 862846 490938 616009 281944 183079 779870 650862 424370 700135 283269 493724 841160 1140906 698197 907077 807413 464785 877640 886122 751540 807257 958638 911494 787827 806282 700613 296048 583184 597518 420243 1020382 796628 800508 825801
246574 150596 534525 443021 802131 999999999 667593 423747 456666 454606 341548 333649 920682 742610 372008 805643 484432 753605 396075 297379 765208 688867 852819 737153 586679 351136 341939 483502 242975 664896 763718 510076 759962 439622 598260 522504 641391 441989 483673 725495 299971 782105 740361 400047 596826 364940 537605 409772 367808 216894 839923 325111 911712 244249 381390 497070 700620 890443 150927 332225 645422 547206 804380 623650 504860 154475 150885 736482 200717 520351 687458 176859 780520 675335 766706 555232 665939 92711 414490 114005 495479 720145 600497 901651 806951 278452 34533 176083 726850 613435 109636 175248 508586 305675 514490 461742 477015 481359 358919 556212
694127 768386 195035 725633 137844 667593 999999999 948197 897505 631501 664653 333944 829155 559089 386961 228213 577126 242081 632318 370441 138288 418980 621084 537064 223363 719473 344423 216975 591465 694067 213241 599303 220475 474079 278031 145132 235399 1012747 513159 786472 367659 143235 338349 367939 104936 672591 358387 842442 713060 867696 175285 447871 787591 440369 573975 372240 71546 224203 782346 950720 31206 632264 568767 144768 336944 537718 725095 422146 486388 150880 104427 656562 577488 343002 619494 188606 406996 704097 1003260 566206 780489 710442 363453 802889 795399 615707 674252 821728 807747 677829 677683 575557 169572 468002 480775 321599 888436 672569 695947 707686
655963 503485 764421 298403 1084486 423747 948197 999999999 116391 877748 759962 654125 786909 736842 563505 1001014 907751 929974 356964 619283 1074069 763558 831714 744479 779975 244512 611365 731778 666718 554876 956725 933727 948516 855038 972260 815211 818478 90285 903116 559968 624501 1085692 864292 790380 851174 782923 931820 137037 259493 275745 1096625 501005 801964 623433 403455 894270 953105 1147365 486567 173695 936341 970933 804105 848622 893768 450904 278290 813012 592414 827642 924112 594642 769840 793236 726375 900111 747148 332616 115003 520149 292636 608466 711499 778463 658238 333189 451246 282206 545942 509210 521927 597334 826958 715525 564024 843792 153635 382121 772987 423632
700769 562487 707011 199899 1030865 456666 897505 116391 999999999 907576 798187 629002 670996 633166 510854 926989 929384 853560 275982 597237 1028805 672121 724082 642491 712784 178176 574718 680899 694812 443175 883296 957087 874300 864709 953977 772782 745910 204998 916681 444132 602849 1038494 778892 784960 796419 821592 924731 56812 185134 356582 1035562 452049 686992 620660 330067 889753 894450 1085355 548297 278305 889044 996617 699610 786323 884660 443595 305942 720300 596798 789156 862188 633331 664697 708992 618434 871803 657519 364436 231291 536115 181551 495458 629284 662984 542397 288858 488409 349888 429716 399614 563292 620900 792032 723948 477967 832636 37476 281983 815205 314137
239437 406452 632298 853842 720084 454606 631501 877748 907576 999999999 130064 437165 1242485 1003587 608768 850163 70334 836061 779788 435140 646440 896315 1104101 989162 706645 776972 512974 583850 212791 1010790 822714 74445 825633 157438 390207 532748 759201 887890 129335 1091078 430811 668296 885480 276206 631115 112832 292335 857416 788565 637499 789376 608913 1218733 343272 740243 264910 697307 827646 427583 765707 600338 97531 1048150 688229 299283 490987 604342 929389 339585 506061 711935 285618 1037301 845677 1048387 444255 874133 547010 855951 375177 913775 1056931 802487 1218874 1152114 674718 426543 609955 1100019 966567 358560 287290 480337 228892 799715 310438 924493 864194 136527 935648
110155 277496 626130 763912 770491 341548 664653 759962 798187 130064 999999999 409383 1187485 964071 561419 869010 187396 843656 697928 396359 704536 869957 1069295 952021 698238 680398 475429 573539 118715 945168 836549 201751 837664 220640 460725 545310 753809 764771 225130 1019888 393388 725843 876736 296929 643467 23458 366126 750550 694106 511511 833214 548690 1168255 293966 665023 329544 724099 876080 298506 640243 634428 227370 1014619 694882 358682 406748 492410 908127 273505 523869 731338 165638 999686 828463 1003454 487298 846922 434059 731631 281732 821558 994901 774712 1165118 1088475 586339 310593 486454 1026288 897943 238040 192804 500094 204599 747906 350350 817857 784195 32451 857861
399626 441540 224856 500075 468950 333649 333944 654125 629002 437165 409383 999999999 810242 566444 180858 489241 415066 449493 408673 37452 437036 462427 667389 552038 292846 457267 79901 170540 304745 592199 450714 445045 449279 312195 325818 188875 349487 706419 370232 679156 33897 452524 469158 190323 268868 425626 311830 572208 458805 537056 506794 204386 784011 123751 355126 285171 369737 557075 453687 628970 312146 487825 611656 306039 269678 212252 403469 499123 164132 188120 361210 345837 600170 419099 612089 246001 439712 375072 691138 235132 562152 632841 367559 785945 728541 341942 341132 491522 692237 553755 352246 263536 179775 211454 369658 216438 630129 480342 441534 542060
1133862 1070066 677604 518955 903571 920682 829155 786909 670996 1242485 1187485 810242 999999999 270403 633780 686045 1225189 621460 529742 807762 955471 410183 229475 292144 616891 613882 731513 704151 1069338 257724 662716 1255239 651113 1121826 1054005 800928 593890 875979 1179452 226952 812322 950561 506174 995886 741054 1208113 1088934 659217 592292 958602 856747 638833 50599 901021 539485 1075287 775494 887343 1066623 929556 844645 1298062 269163 686427 1049351 793053 823177 412726 914414 832775 733024 1060995 253080 486327 211205 941959 423286 862837 900877 918505 499675 201016 478825 26274 128713 644966 953234 928728 242148 310200 1018028 999992 854065 1013597 442770 1002153 634534 451656 1216549 383287
926015 892453 410583 438479 639046 742610 559089 736842 633166 1003587 964071 566444 270403 999999999 402967 432352 979045 361860 399510 570790 687113 140306 110214 22905 347248 510238 491710 441708 849079 215502 403279 1008512 391525 872533 786862 534167 323705 825864 928972 283907 574579 683178 246721 744306 470866 982939 827121 599817 490120 834257 598192 426625 231455 670726 380032 816555 507163 633421 893476 841091 574257 1050603 67839 416042 788752 596936 680324 151946 692214 566318 464483 856683 37958 216956 61111 674760 152921 705740 839846 714109 453582 193630 212328 244132 252444 492482 771482 796024 309849 241537 826118 786399 588609 776421 228205 743859 603529 354831 994882 322635
525283 513558 201323 348693 521778 372008 386961 563505 510854 608768 561419 180858 633780 402967 999999999 455953 592758 394083 253847 174104 518203 322694 509594 391807 229233 332702 101030 170091 446114 411343 411837 622984 405834 492210 481970 265215 278784 632582 550416 498677 178808 527645 368737 371056 287805 580648 485688 455552 327161 527091 533798 63533 610376 269223 195547 462756 389820 584813 519001 586360 378260 666033 456047 288116 443626 217533 369963 367958 289267 285726 362506 458183 439052 303368 442461 382233 299330 368329 627183 318458 407995 452483 230570 610106 548198 230326 394516 481775 512332 373486 436736 384717 293936 379880 191111 391473 503196 312559 592048 367757
882281 928401 271184 733614 231890 805643 228213 1001014 926989 850163 869010 489241 686045 432352 455953 999999999 799638 76492 651048 519435 303579 303873 459765 409609 226763 757648 463755 323414 781987 618009 44480 823187 52692 693712 506027 323709 182591 1077736 736580 703071 518842 291089 186014 577962 226229 879725 585619 877258 745254 981173 172297 518225 638806 610881 598987 596846 157059 201727 939026 1041440 258292 857649 417022 183604 561768 657445 825568 280408 653245 346289 138454 833905 437331 236271 492073 413908 304725 819492 1076643 720787 777069 616027 303768 660700 684646 675514 820242 935394 727706 619166 840435 751316 371228 665738 455130 540272 909167 662493 901153 673794
291355 455070 594808 860890 659009 484432 577126 907751 929384 70334 187396 415066 1225189 979045 592758 799638 999999999 790264 782030 418982 583422 865772 1076521 963464 669228 789463 493731 549132 242615 1000927 774399 30358 778044 109345 325682 488307 719814 924055 64694 1084159 414081 605319 846564 237683 585248 174674 228533 877360 799404 678925 730064 600190 1198992 337239 738647 205656 644777 766685 476297 805662 545928 73544 1020220 644169 240860 499453 630875 896086 343135 459802 662226 325995 1011551 811062 1026469 388620 844194 575176 893868 393273 922000 1044641 773479 1200972 1140270 682540 459410 648158 1094651 958824 397104 310614 433751 219987 783548 260228 943829 864434 200598 933893
847944 882146 225046 659008 283644 753605 242081 929974 853560 836061 843656 449493 621460 361860 394083 76492 790264 999999999 577880 476474 344630 229555 399119 338975 167179 685960 413927 279313 749904 542505 41473 815511 29748 682118 515656 303334 115449 1008085 728957 628418 476626 335947 115713 560393 205131 856086 586539 804564 672933 921139 236462 454844 575536 573023 526972 592501 173296 272376 891526 976252 268278 852198 352633 148947 558262 602461 763828 210586 613095 330574 138286 795230 369929 160065 422359 414237 229096 761243 1008275 675086 701547 542115 227867 595727 613258 607622 770434 875725 652842 542863 796019 713022 356572 639088 379736 530196 834991 586937 876058 597358
626066 543023 438423 94848 762213 396075 632318 356964 275982 779788 697928 408673 529742 399510 253847 651048 782030 577880 999999999 385637 767316 407716 504301 402663 438138 114626 338386 419146 580418 272061 607320 812045 598357 695588 729249 518582 469969 440966 752777 329592 391445 775086 507499 590470 528870 720513 720134 226957 97552 439775 762380 206598 526379 445826 58678 691376 623204 811615 538315 442156 627178 854731 467166 513589 678087 291418 294699 457681 440676 539572 589241 551949 435771 436628 404306 634079 390622 333160 448875 416607 154951 328872 355444 512617 411925 117634 429810 405033 332122 219715 499457 505131 547228 562370 207110 624758 260137 86697 723256 161464
377495 409305 251466 475187 505911 297379 370441 619283 597237 435140 396359 37452 807762 570790 174104 519435 418982 476474 385637 999999999 474488 473715 674205 557592 315933 427595 79330 197369 286703 582668 479904 449262 477872 320411 356743 225309 372789 670260 378698 667610 5833 489959 489066 205736 302038 413996 335392 540525 430280 499675 542587 186084 783593 103372 334235 305746 404289 593066 420698 591701 349119 492376 619074 335841 293644 175145 366360 512844 137646 225463 393980 319816 605552 435445 613775 281453 450626 337620 654497 201930 537505 625682 378450 783961 721335 312024 306044 454110 679497 542036 321002 238547 217188 206462 365204 240375 599632 460590 428028 524946
752918 849572 332400 861217 83862 765208 138288 1074069 1028805 646440 704536 437036 955471 687113 518203 303579 583422 344630 767316 474488 999999999 546937 740205 664625 360263 850638 463713 348753 651184 830852 307146 600166 317342 493283 258214 259007 365917 1134797 519070 922962 470654 21900 453878 414560 242998 708071 354903 973140 845350 973619 162296 577067 912066 525768 708748 382271 180013 187379 865578 1064890 140196 626050 690382 279899 349218 648256 838843 543850 572085 250166 222634 726925 702499 470190 748063 222358 537126 812105 1122843 657047 916949 845401 498649 929303 928452 743738 767075 928293 944598 815665 759203 650159 257603 525214 619050 355146 1021298 809986 733643 845931
844725 834244 280289 472264 500551 688867 418980 763558 672121 896315 869957 462427 410183 140306 322694 303873 865772 229555 407716 473715 546937 999999999 214233 118098 211900 522219 395087 318396 759486 315084 270209 894484 258549 757406 653498 402733 183738 848616 812225 399198 476579 543303 120581 628454 333000 887153 699871 629718 505055 813581 463577 363758 369332 576776 369869 692657 367067 501709 838398 841877 434771 935621 158112 276631 663069 535852 654385 50638 604885 435068 324345 779597 159917 76765 201139 541753 23410 668693 856149 641062 503930 312561 95267 383915 386057 473402 713952 771474 423867 321185 759281 703684 458610 673730 201986 621043 647920 391963 901716 385896
1034080 1002626 494514 534963 682752 852819 621084 831714 724082 1104101 1069295 667389 229475 110214 509594 459765 1076521 399119 504301 674205 740205 214233 999999999 117893 425194 612489 594882 531737 955322 286585 439687 1105589 428336 968829 866404 616699 390711 921544 1024336 330228 677712 733362 286371 839994 543052 1087698 914103 694965 591818 941668 631617 535905 180386 775427 488309 906614 561700 660076 1003689 943803 640164 1147157 56445 484015 877230 706795 788942 199179 798667 649029 520272 965323 72305 282714 105664 755006 233993 815403 937779 823075 542659 245962 303208 205509 266634 601028 881637 904136 355672 324881 935838 894006 672747 878487 338379 834755 692374 452341 1100411 410015
916187 886528 391079 446144 616225 737153 537064 744479 642491 989162 952021 552038 292144 22905 391807 409609 963464 338975 402663 557592 664625 118098 117893 999999999 326602 514729 478338 423582 837703 232581 380388 992803 368635 856522 766993 514592 301751 833052 912686 304113 561232 660563 223896 728044 449703 970606 808644 607587 494989 834453 575294 418419 252161 658299 379980 798772 484645 610601 888080 844787 552566 1034732 67398 394354 770583 589851 679292 129211 680974 546812 441992 847491 48146 194572 83912 654929 131743 702955 846032 705349 464055 213986 193712 265871 275083 491803 765455 795508 329950 255286 818627 776127 569390 762622 223005 726243 613634 362420 983031 334374
692209 717122 74466 526700 334520 586679 223363 779975 712784 706645 698238 292846 616891 347248 229233 226763 669228 167179 438138 315933 360263 211900 425194 326602 999999999 539011 248717 124744 597345 470762 182604 696808 176756 559913 441601 191957 56857 854297 612264 563113 316800 361798 179289 432139 125266 712756 490611 660780 528454 755355 325092 291491 578644 416216 382717 486270 191876 373706 725908 814831 232520 736563 369560 81439 455250 435282 599054 231265 453563 224215 153583 635731 371096 144835 405694 329921 195035 594643 851768 510897 576513 487660 141438 590688 574208 450874 604083 709744 584475 455863 632218 554380 248536 494865 263000 416391 698275 464256 730648 491282
595241 486359 529769 98030 853252 351136 719473 244512 178176 776972 680398 457267 613882 510238 332702 757648 789463 685960 114626 427595 850638 522219 612489 514729 539011 999999999 398762 502770 567841 359526 713495 818522 705046 714250 783085 594932 575349 326806 769013 397208 433346 860328 620232 623374 618795 703710 760474 123094 21659 344720 859740 274072 617089 464370 159057 727575 717765 909903 477762 331318 710869 859913 578071 610610 719441 290691 219980 572256 447782 611885 686458 522529 545676 549038 510038 697059 504869 270749 334260 402275 144470 416984 467102 599610 489286 115573 385615 316094 392898 307803 460362 491540 615550 575047 321078 666603 173563 165230 702137 230701
452363 468482 192594 431790 482264 341939 344423 611365 574718 512974 475429 79901 731513 491710 101030 463755 493731 413927 338386 79330 463713 395087 594882 478338 248717 398762 999999999 142189 364481 512357 422098 523837 418700 391843 390869 204827 305039 671129 449957 599601 82898 476432 416116 270027 259893 493241 387112 518076 397617 527608 508521 131791 706197 181739 282630 362712 365382 559826 477607 606358 328546 566754 539747 281879 344922 197465 381023 435143 211428 216352 347897 391156 526327 359566 535428 298722 371912 363666 659934 262272 493147 552983 299844 707408 648689 285929 356929 481449 612989 474304 383657 311871 217415 284881 290104 292228 572296 405788 506983 465139
569991 605245 54342 513489 352711 483502 216975 731778 680899 583850 573539 170540 704151 441708 170091 323414 549132 279313 419146 197369 348753 318396 531737 423582 124744 502770 142189 999999999 473756 522315 282975 577381 280627 440189 353339 106035 180423 798004 494254 614802 197366 357695 303791 311449 121129 588012 385560 625643 496864 668486 370633 231006 670726 294282 360487 375316 226294 422017 615650 742165 208589 618037 475307 140295 347052 339248 518724 346958 333791 134389 206064 515982 470796 262142 495412 243004 297788 504787 790102 397660 570505 550757 229931 678461 643435 398933 497072 622339 632934 495892 517896 433890 152078 370137 294615 303097 672660 467060 605958 511029
102767 227651 527602 648677 708848 242975 591465 666718 694812 212791 118715 304745 1069338 849079 446114 781987 242615 749904 580418 286703 651184 759486 955322 837703 597345 567841 364481 473756 999999999 826460 746703 267408 746675 217541 429435 460610 653799 681440 250504 901318 284451 671463 773818 237466 555910 140555 346135 644902 580560 438134 764959 430753 1050699 183353 546556 305025 644816 810906 248111 563816 562787 304237 901165 602654 325510 289005 391824 799421 156897 443682 646731 90913 885106 721977 887104 428905 736259 334870 651392 166004 707260 876293 664279 1047124 969788 470243 216884 405962 907912 779243 156577 76376 422343 126010 630756 300302 712055 666457 147225 739851
884542 813565 512013 268249 798082 664896 694067 554876 443175 1010790 945168 592199 257724 215502 411343 618009 1000927 542505 272061 582668 830852 315084 286585 232581 470762 359526 512357 522315 826460 999999999 582020 1031272 570603 902797 873871 627380 470644 645161 961078 92936 587815 831503 435533 782356 592921 966653 891803 420407 337868 703564 771152 401911 257580 667564 285370 871852 657161 812458 809624 683425 701322 1074450 273643 551023 850302 543345 565602 348721 675020 656686 615370 810938 237846 382944 182532 764998 313410 605209 665216 670004 262330 57550 333499 241297 143703 387859 697899 672332 113753 52530 764498 754489 673600 783565 229318 799485 409719 195155 972984 132824
846211 888206 229895 690550 243461 763718 213241 956725 883296 822714 836549 450714 662716 403279 411837 44480 774399 41473 607320 479904 307146 270209 439687 380388 182604 713495 422098 282975 746703 582020 999999999 798808 11754 667261 490232 292048 138248 1033302 712122 668590 479551 297436 157174 548517 193286 848006 565268 833328 701246 937512 194992 473967 616623 573230 554940 573796 142269 231499 898453 997091 241386 834415 393770 144797 539067 614709 781600 252059 614846 316852 113401 796195 411360 199093 463813 392728 268800 776128 1032164 680633 734757 582711 262397 637017 654527 631035 778934 891790 692865 581029 800775 713673 342420 632504 412863 514252 865811 620262 868829 633433
308999 474602 622453 890556 677130 510076 599303 933727 957087 74445 201751 445045 1255239 1008512 622984 823187 30358 815511 812045 449262 600166 894484 1105589 992803 696808 818522 523837 577381 267408 1031272 798808 999999999 802705 137193 341954 514390 746900 948409 86687 1114515 444344 622057 873663 266076 610720 186286 246286 905368 828664 701466 749278 630546 1228872 367473 768855 227068 667680 784740 495822 828784 568153 43187 1049257 670105 262372 528793 657458 924319 372759 485400 686253 348245 1040870 839098 1056190 410708 873008 601338 917684 421125 951572 1074934 802464 1230986 1170570 712069 484241 671719 1124993 989182 420166 337246 459315 250192 813722 285352 971965 894579 210719 964134
845793 885605 227074 681067 254609 759962 220475 948516 874300 825633 837664 449279 651113 391525 405834 52692 778044 29748 598357 477872 317342 258549 428336 368635 176756 705046 418700 280627 746675 570603 11754 802705 999999999 670579 496644 294011 130310 1025506 716036 657037 477660 307986 145461 550910 195139 849404 570453 824579 692593 932078 206735 467645 605088 572164 546341 578216 150054 243167 895612 990459 248041 838638 382213 144080 543618 610314 775756 240326 613365 319580 118927 795000 399670 187721 452064 397885 257316 771067 1024720 678116 724859 571072 252040 625399 642781 623645 775628 886433 681343 569914 798516 712542 345312 633403 402920 517823 856534 610320 869986 622817
299032 445092 485506 778851 564751 439622 474079 855038 864709 157438 220640 312195 1121826 872533 492210 693712 109345 682118 695588 320411 493283 757406 968829 856522 559913 714250 391843 440189 217541 902797 667261 137193 670579 999999999 241952 379547 610486 881017 58292 988013 315143 515010 737231 128952 476994 219339 145780 810656 722144 648499 632842 505238 1094379 251077 648810 111532 540169 672064 465631 770532 442910 178328 912462 535442 144116 424205 576875 787131 268129 351546 555748 308450 904537 701951 921030 286933 736005 524935 854110 334983 840808 944679 665641 1097311 1040394 603113 420534 612602 999710 862442 371093 266269 325574 140774 681850 153463 875763 775441 246131 842667
525501 648416 376520 822535 336187 598260 278031 972260 953977 390207 460725 325818 1054005 786862 481970 506027 325682 515656 729249 356743 258214 653498 866404 766993 441601 783085 390869 353339 429435 873871 490232 341954 496644 241952 999999999 253077 477983 1016675 261700 965743 351146 280103 598343 200703 325766 460980 97917 897254 784412 815104 410298 522651 1018086 357367 673126 131194 349554 443511 667061 924332 248899 368474 811031 387160 104306 521611 706703 669677 397993 221317 377940 515168 812325 584104 843459 112114 636130 666194 996766 484257 884005 903950 575381 1028033 996773 667729 590306 773090 982754 844272 562671 449342 201287 309973 644761 136901 955855 794248 487546 848779
562178 626074 123588 613380 281278 522504 145132 815211 772782 532748 545310 188875 800928 534167 265215 323709 488307 303334 518582 225309 259007 402733 616699 514592 191957 594932 204827 106035 460610 627380 292048 514390 294011 379547 253077 999999999 235722 875952 428319 720046 222544 271632 361678 257144 98872 556243 298901 716674 590987 723244 318354 320877 765200 298987 460006 296745 185699 368363 639411 808895 125034 552422 560798 155896 264584 393969 582863 423019 344337 32335 186545 519099 560435 336622 590433 141067 384452 559930 864556 422176 671744 654201 322370 774957 745868 485944 529600 677365 738494 601774 535662 437036 56939 342220 400407 229647 767123 570760 577474 616549
748961 773198 127926 554802 327476 641391 235399 818478 745910 759201 753809 349487 593890 323705 278784 182591 719814 115449 469969 372789 365917 183738 390711 301751 56857 575349 305039 180423 653799 470644 138248 746900 130310 610486 477983 235722 999999999 895207 661648 561282 373651 364031 126763 483702 152698 768005 533885 695499 563306 805875 304919 339395 552886 472959 416967 532393 187774 350357 781722 861122 251197 786002 336632 93483 500285 489095 648405 192204 510419 267204 145335 692585 342985 108654 384104 368004 171766 646427 894465 567304 601065 480895 137835 567618 562582 493442 659469 760533 584018 461998 688671 611231 292619 550012 280641 464142 729183 487088 786242 506264
656997 495581 833863 387438 1150027 441989 1012747 90285 204998 887890 764771 706419 875979 825864 632582 1077736 924055 1008085 440966 670260 1134797 848616 921544 833052 854297 326806 671129 798004 681440 645161 1033302 948409 1025506 881017 1016675 875952 895207 999999999 925653 649130 675143 1147507 946658 827923 918582 787018 968992 226582 343562 257432 1166274 569235 891736 661819 484130 930014 1022053 1217356 476607 131943 999019 983415 893274 920064 932692 496849 310500 898428 626510 885964 994955 602284 859188 875333 816297 951590 831566 357055 40570 547810 382907 698690 793065 867939 747394 403721 464790 278328 634526 599416 529343 617133 883156 744348 647855 884622 241561 471033 774220 513862
318401 474466 538076 835254 594368 483673 513159 903116 916681 129335 225130 370232 1179452 928972 550416 736580 64694 728957 752777 378698 519070 812225 1024336 912686 612264 769013 449957 494254 250504 961078 712122 86687 716036 58292 261700 428319 661648 925653 999999999 1046295 373435 540963 788377 184666 524273 217744 164189 863176 777425 687702 665373 563412 1151638 307458 706500 141206 581239 702043 495462 811934 481981 124360 967924 583876 176479 478462 624859 840850 321586 399051 599574 339834 960632 755269 978004 324565 791070 571408 897465 383369 897072 1002862 721143 1154862 1098577 658782 462139 653764 1057952 920725 406952 308561 372961 194005 739882 198928 928745 833067 244866 900594
953692 871264 604949 299760 888717 725495 786472 559968 444132 1091078 1019888 679156 226952 283907 498677 703071 1084159 628418 329592 667610 922962 399198 330228 304113 563113 397208 599601 614802 901318 92936 668590 1114515 657037 988013 965743 720046 561282 649130 1046295 999999999 672911 923275 518495 869478 685658 1041861 981722 432907 376078 740191 859615 483969 245047 748645 355010 960784 748396 899789 865512 704346 794055 1157695 331611 643066 940034 614418 613538 428109 752984 749190 706375 879656 297512 470088 236899 857271 399950 658318 673941 741202 274089 90289 424851 219304 98273 447179 759339 713236 26065 125576 828904 827777 765815 865468 320986 888771 407810 244315 1046722 169976
376042 410285 251580 481019 502823 299971 367659 624501 602849 430811 393388 33897 812322 574579 178808 518842 414081 476626 391445 5833 470654 476579 677712 561232 316800 433346 82898 197366 284451 587815 479551 444344 477660 315143 351146 222544 373651 675143 373435 672911 999999999 486269 490591 200034 300560 410833 329559 546147 436072 503249 540180 191674 787944 101121 339983 299934 402376 590566 421924 595984 346019 487441 622495 335293 287812 179637 370804 515369 136846 221987 392652 319140 609224 437541 617877 276484 453534 341477 659193 203149 543337 630645 381328 788470 726313 317774 308043 457758 684880 547336 321656 237581 213208 202286 369864 234545 605333 466311 425142 530561
773356 868388 338270 868621 65033 782105 143235 1085692 1038494 668296 725843 452524 950561 683178 527645 291089 605319 335947 775086 489959 21900 543303 733362 660563 361798 860328 476432 357695 671463 831503 297436 622057 307986 515010 280103 271632 364031 1147507 540963 923275 486269 999999999 447040 435161 248044 729530 376799 983061 854555 989485 143296 587320 906573 543709 716639 404059 176551 166119 884210 1079345 149621 647872 684341 280718 370922 663042 853241 538227 590096 264845 219306 746549 697482 466555 744234 242560 534351 827510 1136156 674640 923687 844592 498493 924453 926443 754522 784575 944027 945246 817656 777903 669348 273754 545461 622466 376192 1030282 815757 755045 849999
866561 878738 253288 580197 397666 740361 338349 864292 778892 885480 876736 469158 506174 246721 368737 186014 846564 115713 507499 489066 453878 120581 286371 223896 179289 620232 416116 303791 773818 435533 157174 873663 145461 737231 598343 361678 126763 946658 788377 518495 490591 447040 999999999 610273 273260 891596 658619 733473 604820 887358 352114 422178 460745 591299 462721 658404 276052 386706 885554 928522 360072 912725 237888 211471 625915 585984 727732 94993 626173 392735 235431 807158 254248 71480 306935 490351 126524 733865 950961 676280 616555 430671 154220 480353 498766 556651 761573 843343 543447 441245 797400 727097 418410 673857 301194 590673 756922 502825 909104 503173
338503 449157 357674 678361 475744 400047 367939 790380 784960 276206 296929 190323 995886 744306 371056 577962 237683 560393 590470 205736 414560 628454 839994 728044 432139 623374 270027 311449 237466 782356 548517 266076 550910 128952 200703 257144 483702 827923 184666 869478 200034 435161 610273 999999999 355884 304694 141466 729132 628492 616834 536589 391474 967423 166960 539883 104795 429013 580234 467378 729470 337574 307224 783610 412192 105201 342201 517588 658403 202158 231842 439527 318306 776008 573427 793532 193063 607064 472908 805548 286324 740738 822203 536788 971134 917828 508780 390393 575818 882460 744063 362362 249087 206736 112529 558243 64651 791638 666314 328049 730363
656562 710408 90564 621716 234461 596826 104936 851174 796419 631115 643467 268868 741054 470866 287805 226229 585248 205131 528870 302038 242998 333000 543052 449703 125266 618795 259893 121129 555910 592921 193286 610720 195139 476994 325766 98872 152698 918582 524273 685658 300560 248044 273260 355884 999999999 654752 386529 741888 611514 787499 249609 350216 701833 387504 470768 389306 105591 301001 722413 863147 108402 647870 488508 61838 355703 457219 639271 344883 431225 125465 92471 610032 492915 260390 529999 217094 317999 623557 911088 503680 676039 612004 266631 714811 699296 518002 607653 741339 706350 574803 620993 527497 151498 439736 376546 325372 786231 567715 675708 602971
131027 298037 640158 786982 775610 364940 672591 782923 821592 112832 23458 425626 1208113 982939 580648 879725 174674 856086 720513 413996 708071 887153 1087698 970606 712756 703710 493241 588012 140555 966653 848006 186286 849404 219339 460980 556243 768005 787018 217744 1041861 410833 729530 891596 304694 654752 999999999 365092 773999 717348 533182 839640 569283 1188428 312307 687110 329924 733253 881742 318914 662000 642120 209083 1032831 707176 360350 429213 515789 924714 293755 533878 741717 188851 1018364 844417 1022954 492855 864198 457420 753639 304587 844744 1016096 791965 1185616 1109854 609253 333882 508748 1048455 919655 261052 215415 509680 218006 767915 355467 841306 806703 27204 880251
437604 570809 419610 810508 430906 537605 358387 931820 924731 292335 366126 311830 1088934 827121 485688 585619 228533 586539 720134 335392 354903 699871 914103 808644 490611 760474 387112 385560 346135 891803 565268 246286 570453 145780 97917 298901 533885 968992 164189 981722 329559 376799 658619 141466 386529 365092 999999999 868634 764459 753559 503112 516107 1056217 308422 666956 41546 428677 538549 590355 868708 327665 275622 857916 448169 42209 482996 658815 721836 342616 266918 451868 434993 855472 635412 880907 172569 680613 613278 946112 424832 872790 926931 614961 1063401 1021605 645206 525243 713687 996706 857555 488862 376681 242102 235748 663294 95405 930334 791975 391910 852243
655552 523436 652833 161445 976344 409772 842442 137037 56812 857416 750550 572208 659217 599817 455552 877258 877360 804564 226957 540525 973140 629718 694965 607587 660780 123094 518076 625643 644902 420407 833328 905368 824579 810656 897254 716674 695499 226582 863176 432907 546147 983061 733473 729132 741888 773999 868634 999999999 132362 331740 982448 396149 671225 565382 278612 833906 840725 1032484 510522 272817 833530 945324 667067 733241 828436 388351 260377 678703 542559 732755 809110 586609 632816 662950 589751 815016 614082 318686 244810 484253 159963 475103 582218 649138 530670 232165 442421 318485 421420 373510 517894 570249 735432 669976 432316 776303 67309 245173 768675 288205
610710 504937 521951 77685 845917 367808 713060 259493 185134 788565 694106 458805 592292 490120 327161 745254 799404 672933 97552 430280 845350 505055 591818 494989 528454 21659 397617 496864 580560 337868 701246 828664 692593 722144 784412 590987 563306 343562 777425 376078 436072 854555 604820 628492 611514 717348 764459 132362 999999999 366317 850567 270405 595430 471559 146342 732295 709317 900469 496768 352046 705336 870322 557958 601325 723159 299988 239732 554888 456879 608908 677197 537635 525350 533820 489091 696317 488130 289309 352506 414664 128077 395325 452290 577971 467840 119777 402335 337396 372133 286161 476646 504188 613478 583658 304660 670121 176154 143661 716409 209167
402347 238526 714848 440702 1004522 216894 867696 275745 356582 637499 511511 537056 958602 834257 527091 981173 678925 921139 439775 499675 973619 813581 941668 834453 755355 344720 527608 668486 438134 703564 937512 701466 932078 648499 815104 723244 805875 257432 687702 740191 503249 989485 887358 616834 787499 533182 753559 331740 366317 999999999 1035712 467598 961071 459795 454484 712729 892976 1086907 219265 128900 848008 734266 900914 805123 721489 330601 159760 863864 417279 725135 874486 353222 871499 817595 843600 768847 792435 163984 221652 330884 472035 761106 736547 944188 833650 343141 229044 46161 733863 651437 281948 382497 716017 519651 617577 678634 389035 508466 518977 575380
867720 943492 332478 851731 78472 839923 175285 1096625 1035562 789376 833214 506794 856747 598192 533798 172297 730064 236462 762380 542587 162296 463577 631617 575294 325092 859740 508521 370633 764959 771152 194992 749278 206735 632842 410298 318354 304919 1166274 665373 859615 540180 143296 352114 536589 249609 839640 503112 982448 850567 1035712 999999999 597049 810045 615548 706024 524967 144492 51392 957272 1112754 202439 778111 587589 249243 490204 705116 888755 447044 661478 326158 173373 831590 606142 389832 658789 347275 460090 871736 1159790 740500 901409 775210 441898 831193 849010 763806 847846 989583 883358 765859 852833 750761 344415 640459 584196 484635 1022365 788607 863887 810995
500960 471431 264633 300221 583591 325111 447871 501005 452049 608913 548690 204386 638833 426625 63533 518225 600190 454844 206598 186084 577067 363758 535905 418419 291491 274072 131791 231006 430753 401911 473967 630546 467645 505238 522651 320877 339395 569235 563412 483969 191674 587320 422178 391474 350216 569283 516107 396149 270405 467598 597049 999999999 620066 265658 151198 489307 452916 648121 474915 523432 437706 673726 484774 351648 473920 172875 309224 411579 275639 338530 425998 430539 463972 354230 459255 428675 340857 311706 563653 287615 361408 448527 276572 616433 543398 167950 350679 422762 494783 358680 400396 363245 343739 381834 201547 420755 446423 275958 577970 338911
1118652 1061868 641627 524711 858410 911712 787591 801964 686992 1218733 1168255 784011 50599 231455 610376 638806 1198992 575536 526379 783593 912066 369332 180386 252161 578644 617089 706197 670726 1050699 257580 616623 1228872 605088 1094379 1018086 765200 552886 891736 1151638 245047 787944 906573 460745 967423 701833 1188428 1056217 671225 595430 961071 810045 620066 999999999 879105 530617 1044022 732291 839742 1059413 938731 804052 1271479 222924 645958 1017202 779246 821041 368348 894767 797266 690031 1046459 210112 444627 175314 905972 383905 858048 914869 903409 511274 200107 442887 32838 149421 639124 943603 929357 263981 309639 1006336 982905 819199 989975 420635 971012 651252 452606 1197865 388451
276004 328060 348583 527849 569601 244249 440369 623433 620660 343272 293966 123751 901021 670726 269223 610881 337239 573023 445826 103372 525768 576776 775427 658299 416216 464370 181739 294282 183353 667564 573230 367473 572164 251077 357367 298987 472959 661819 307458 748645 101121 543709 591299 166960 387504 312307 308422 565382 471559 459795 615548 265658 879105 999999999 401423 271022 484287 664462 342420 566966 414962 410485 720668 428433 271036 177068 351322 616198 46459 289581 479889 223034 706067 538662 711635 311571 553627 308890 640417 132114 589754 713760 481515 877834 808870 352234 242111 416781 758351 623765 237320 140462 273570 117305 458680 223041 629114 527387 325354 596661
599924 531303 380425 153376 704433 381390 573975 403455 330067 740243 665023 355126 539485 380032 195547 598987 738647 526972 58678 334235 708748 369869 488309 379980 382717 159057 282630 360487 546556 285370 554940 768855 546341 648810 673126 460006 416967 484130 706500 355010 339983 716639 462721 539883 470768 687110 666956 278612 146342 454484 706024 151198 530617 401423 999999999 639366 566015 755575 528850 472257 568591 811811 446461 456923 624801 259540 300667 420433 400754 481237 532714 526106 417482 391319 393514 576651 351034 330262 488454 386397 212516 339449 308943 520267 428763 112799 413764 415999 361411 235344 479240 472776 489269 518665 168116 571560 316512 126721 691720 195509
397556 529327 413516 780550 455174 497070 372240 894270 889753 264910 329544 285171 1075287 816555 462756 596846 205656 592501 691376 305746 382271 692657 906614 798772 486270 727575 362712 375316 305025 871852 573796 227068 578216 111532 131194 296745 532393 930014 141206 960784 299934 404059 658404 104795 389306 329924 41546 833906 732295 712729 524967 489307 1044022 271022 639366 999999999 440866 562747 548843 828543 341098 260829 850238 450151 35308 446916 620161 717235 303512 265809 460723 393618 846090 630904 868914 183660 672643 573796 906647 384686 842917 908821 605218 1049999 1003971 612703 484215 673133 974982 835976 447326 335213 240011 194351 644543 73154 896296 765176 356415 827185
