NAME : synthetic_000078
TYPE : CTSP-D
DIMENSION : 100
GROUPS : 8
RELAXATION_LEVEL : 1
EDGE_WEIGHT_TYPE : EXPLICIT
EDGE_WEIGHT_FORMAT : FULL_MATRIX
EDGE_WEIGHT_SECTION
999999999 557047 256316 698219 781734 771898 329040 873291 358547 607398 406815 330814 452841 201803 397168 747447 458219 701354 538302 851702 523209 151218 448407 295760 318336 391402 250794 357488 461280 343733 509089 333066 638989 411435 580980 515234 252464 831390 158607 417540 763120 59230 772345 346445 427764 813686 305647 618586 663623 198570 377012 384888 602140 755885 488777 760887 448713 793535 727355 158302 119024 405674 444692 588329 181833 536341 491830 492769 349465 524657 260796 422451 275304 471433 448438 221438 468999 551305 100224 906014 587431 850460 436097 383075 324168 409462 662289 200146 273093 368229 568998 805008 815169 943524 559204 480500 720525 689136 908870 418588
557047 999999999 320661 787887 228945 264818 230027 357906 718446 626360 531297 488886 170729 596555 934347 289362 310516 787800 224365 737901 382034 496497 969571 743620 815281 926976 792772 210920 237398 528114 401872 510554 142261 253428 366940 47067 335417 505963 429064 193237 591311 579648 458537 375018 872395 676261 779184 812892 786202 561373 295318 447576 229338 214372 701883 521523 506180 489848 829583 419054 660904 431819 441862 823988 574343 693411 862513 115396 345686 595675 398506 357045 463113 375110 260800 716012 448550 801835 655230 901072 708887 356208 148424 434572 823653 767022 806469 555462 331007 490667 468063 401579 337268 416170 452441 401495 632924 629698 871621 150163
256316 320661 999999999 611349 535278 516247 128455 617518 419230 475597 301792 229193 196716 280053 614649 491503 356698 613030 285233 682687 308327 264168 648915 427230 495089 607107 475128 168469 319169 406542 445086 388318 384820 161737 352801 274947 167889 595879 109575 161325 566873 265783 536555 303967 560103 633305 460487 584738 591811 246198 273635 233074 347837 505262 455091 543196 311462 561141 649234 174504 346212 387249 421014 577875 256376 472501 568497 239800 284831 409161 107584 354350 316260 261893 320140 395379 441830 547752 356331 785932 508128 594143 184258 372678 503373 471813 602443 240811 41617 398262 377571 554775 558999 688395 363859 424099 552380 529874 774582 172090
698219 787887 611349 999999999 883149 773799 723350 835067 399737 163002 312379 391599 624157 505246 736977 695620 961172 4649 572611 286175 408622 813628 705565 514284 598114 728166 696153 759730 910874 996639 1054134 980274 726656 549232 444087 749064 776504 543270 598496 615103 341312 649225 518392 914441 515491 303572 552846 144067 48201 500379 882409 379588 601065 832946 221897 425695 302471 508434 41769 747120 669109 997258 1031957 201336 519633 163080 396986 674004 896155 203631 510457 964917 908080 413653 918230 586862 1053079 225379 747205 220340 110858 785144 661882 981297 604609 382638 74297 498308 570517 999099 328617 637472 744280 901672 342607 1034513 236865 208365 242715 679901
781734 228945 535278 883149 999999999 132288 458039 170466 900724 721839 683625 661419 350394 798517 1148579 210612 504149 881912 329741 756880 485276 725346 1178344 942730 1021545 1140791 1010377 439807 436414 743497 579506 726949 169196 425064 439548 267020 564183 455052 644828 383650 609927 799920 430208 591039 1064064 694479 981750 940437 893258 762685 511095 604843 285085 50821 848654 521021 643933 458402 924204 647651 880895 635884 637760 963112 778713 824624 1036110 297873 562759 716321 594958 558448 685812 502007 461381 925634 638915 947587 880921 946317 826259 197741 351352 642907 1030224 944433 918397 756403 536733 701885 555907 323490 207256 205009 543100 587490 682907 692752 906635 364448
771898 264818 516247 773799 132288 999999999 469024 101453 837380 615770 606211 597878 319669 755026 1114069 81690 572081 772165 259216 629124 393074 740873 1136247 893270 978420 1105766 982712 461672 499777 791867 658354 774040 136054 377631 337505 284873 583849 322802 622467 355140 483925 780401 299842 639125 1005719 567222 935163 843514 788244 719495 559792 533876 199579 87819 763272 393090 559898 327264 814028 655711 859308 696377 704988 871486 738272 731664 963972 281070 609646 621128 553448 620971 723199 420255 523885 888050 710187 859714 872108 821932 726817 91482 337713 699389 987326 876559 814960 713017 507409 755312 452656 191271 81372 172774 441651 661316 562871 576231 780501 359426
329040 230027 128455 723350 458039 469024 999999999 569160 546637 577809 420635 353120 180281 401596 715605 464656 237842 724612 290159 760463 374189 272058 756757 547151 607553 708757 571265 40024 192439 351452 332471 332508 333003 202371 399973 191757 116487 619097 219241 156260 630971 357005 561750 216589 682324 705814 577051 707704 707852 369434 162832 344511 340723 437707 580138 589829 420880 590040 762664 189911 437690 297179 324958 703666 376641 592862 696177 192956 190528 519720 234378 247412 268848 338104 196132 505722 342520 674426 426032 883858 624478 555754 141739 288217 615388 599598 720770 364516 161445 328772 455658 551288 526832 634457 440315 315352 634981 618008 867083 114257
873291 357906 617518 835067 170466 101453 569160 999999999 928619 682331 692994 690509 420852 852462 1212531 148855 658576 833002 354714 660758 474979 841189 1233070 988782 1075312 1204143 1082466 560270 587617 885972 740294 868454 236769 476499 413944 382408 683304 336563 723363 456307 523108 881293 331284 732809 1098132 601327 1031313 915908 853918 817123 652924 624303 292083 151193 844325 429590 643740 353026 873990 756583 959929 786293 792352 947675 836401 807980 1050942 382399 703541 696976 652129 709833 819884 507476 612217 986331 795860 938526 973495 859873 798137 51554 439092 790708 1084252 965812 881923 810627 607974 847804 524787 208369 90788 74540 515593 745668 612457 631013 814735 460490
358547 718446 419230 399737 900724 837380 546637 928619 999999999 382374 243627 240148 556043 163504 351065 781042 755647 403919 579166 634407 462671 503440 338012 114650 203595 341862 296545 586312 731652 698545 829073 686105 732564 476592 530034 671454 538730 752011 339100 527218 604514 300093 702020 667633 170987 619450 155510 283700 355179 185236 668721 304333 638004 859354 180258 646136 300583 710284 416758 469785 290220 740809 779669 241277 188834 246570 149742 612757 660261 305654 322035 736550 621494 422803 728206 190913 803624 203662 374669 620070 301369 889443 570079 719969 211157 54344 343054 188449 394531 716974 448766 785026 847338 1003104 449248 803049 522138 483502 638725 571018
607398 626360 475597 163002 721839 615770 577809 682331 382374 999999999 200590 278601 465065 435806 733343 539334 814829 162411 409685 255975 245826 703143 717562 491028 584684 724125 661591 612188 760509 875269 910273 857898 563916 393352 282300 588542 643404 415530 483808 458641 232845 566853 380197 779047 535173 237098 535443 238504 172475 420225 739649 244128 438668 671909 216423 297901 166795 376568 204713 627631 604511 862446 895248 280312 442885 154282 438817 513269 758385 84694 384035 823560 785125 254272 769696 545897 915193 283287 673324 310764 122156 633599 504477 848256 592622 387946 199695 416368 433990 872083 166153 492426 591798 751286 179790 892478 140406 101488 304404 524201
406815 531297 301792 312379 683625 606211 420635 692994 243627 200590 999999999 80381 360627 243511 575987 544314 656659 314473 354325 448993 220703 506707 575209 330778 426193 566785 482708 459007 612205 685442 746761 668788 514619 277884 287267 486647 464790 511113 288517 340601 382763 367264 459561 603015 414306 417531 376829 288967 290201 223258 575099 83810 407331 638537 170586 410208 58362 469407 348807 435985 410065 685519 720706 293354 246720 172294 358055 417076 585678 118969 198379 656125 596362 186005 616757 367044 742212 270585 474953 504425 206568 651476 388194 669217 434923 274348 300826 218804 262120 686831 208301 541742 608947 767070 207062 725880 320632 286285 503381 399182
330814 488886 229193 391599 661419 597878 353120 690509 240148 278601 80381 999999999 321308 187721 541128 544048 585868 393847 339194 521158 237897 426432 550091 302766 394783 532133 433478 392507 545559 605396 673594 588855 492840 239606 305572 442599 388046 546853 208143 295653 441668 295365 491572 526414 407886 485211 347490 355559 367108 160323 502575 72023 398917 619449 227058 455976 118254 505790 427109 355872 346182 608378 644156 350838 184272 244381 376165 378552 510221 198871 122496 582073 516547 191216 548256 321094 666060 322782 404724 584572 283978 652939 341412 591529 403761 283102 375369 154782 191877 607591 253621 559081 611346 765049 247739 651783 390508 358429 582523 347608
452841 170729 196716 624157 350394 319669 180281 420852 556043 465065 360627 321308 999999999 448148 800874 297345 380368 624394 110222 607895 228427 437464 828473 592521 671382 792872 665837 194072 314392 531524 479654 512598 190452 82924 234478 127098 293852 439283 303081 35474 469148 460947 382466 391731 715781 549378 631357 642809 619535 412310 325663 276966 162034 314918 531205 417599 336278 411330 665597 348093 540323 468144 490991 653267 428618 523314 697021 57259 363686 427866 244569 407311 448929 210860 329743 576467 505222 631199 552959 753739 540702 397908 45533 462275 680097 602646 638659 406018 189359 506948 315853 373435 363781 492082 299844 469074 490958 481497 729501 73556
201803 596555 280053 505246 798517 755026 401596 852462 163504 435806 243511 187721 448148 999999999 361546 710744 597545 508708 497969 689871 422650 341462 381502 147338 223790 352896 245957 440011 578847 536407 667677 523521 635982 378191 489298 549809 379464 733946 184499 415092 624806 146799 678026 505364 280770 660794 183421 417480 467672 35849 510736 258580 561788 762256 289671 643477 297359 693067 531606 306748 168785 577567 616498 386551 26160 342172 308559 501545 499195 351114 203740 575555 458180 373318 573307 136247 640515 349603 242326 719207 395620 819441 451717 556604 232622 217269 463976 42211 265619 553711 440639 738979 779345 926488 435300 641207 563440 528079 727521 446393
397168 934347 614649 736977 1148579 1114069 715605 1212531 351065 733343 575987 541128 800874 361546 999999999 1071997 852077 741453 858692 985085 779025 527891 73329 245823 150204 9254 146378 748227 858417 689040 892378 685252 990997 736438 846651 889278 649520 1085118 505438 766328 952077 359053 1031326 734903 229594 970345 199916 602967 689681 396184 773179 613125 922848 1115621 527197 986168 634258 1043602 746095 555441 279935 781339 818535 548593 376208 594545 356426 850922 742039 655179 560622 811557 646964 731566 845172 226252 842049 516394 321962 954866 647854 1180528 797404 758210 141732 355254 671235 402688 612180 727513 783959 1098983 1140675 1286233 781506 863086 872794 834290 979528 786739
747447 289362 491503 695620 210612 81690 464656 148855 781042 539334 544314 544048 297345 710744 1071997 999999999 599521 693847 214054 547713 326155 732405 1089783 844220 932316 1063449 945449 464303 526289 803150 691092 784756 147176 340324 265917 296797 581135 247193 592954 331671 402249 749998 219598 652741 951018 485697 887414 770191 711674 675835 575619 476760 149346 162085 695796 311642 494887 247941 735485 644179 826739 716754 729526 800471 695985 660633 902180 271701 623143 549676 513745 643987 728593 359075 549175 845824 737248 790522 847037 740245 652801 109030 325183 717176 941290 817496 738955 669329 476514 770305 378614 120710 68830 222756 368663 690771 481812 496065 698866 350824
458219 310516 356698 961172 504149 572081 237842 658576 755647 814829 656659 585868 380368 597545 852077 599521 999999999 962447 483936 985959 600668 327729 906319 732597 773339 846985 706599 202680 73246 253659 99287 240536 452362 429496 614704 307137 218249 802522 416596 370644 849357 507066 749918 123293 869817 928609 753334 941426 945144 570922 86934 582077 515809 508088 811514 796077 658702 780454 1000402 302756 577197 134245 133913 933713 571389 828414 904517 360514 110300 757546 464048 58213 228027 570046 51790 672555 138196 902665 532252 1118858 861631 663404 334836 146057 779842 809900 957374 567345 394829 206318 685584 708612 647138 707543 669826 91913 864489 850283 1099880 307702
701354 787800 613030 4649 881912 772165 724612 833002 403919 162411 314473 393847 624394 508708 741453 693847 962447 999999999 572092 281791 408172 816293 710137 518486 602465 732637 700298 760890 911894 999008 1055562 982604 725785 549753 443010 749138 778370 540243 600926 615597 338033 652526 515740 916249 520069 299598 557137 148707 52834 503615 883862 381054 600089 831668 225865 422782 303759 505565 42406 749476 672776 999111 1033732 205982 522960 166583 401621 674037 897853 204916 512426 966459 910372 413787 919367 590871 1054804 230004 750731 216153 113926 783014 662302 983221 608977 387049 78871 501502 572139 1001266 327728 635041 742220 899447 341823 1036033 233689 205625 238193 680478
538302 224365 285233 572611 329741 259216 290159 354714 579166 409685 354325 339194 110222 497969 858692 214054 483936 572092 999999999 516225 164113 540071 878357 634386 720607 850213 731395 303936 414983 641576 582876 622640 161609 127436 142709 195550 402263 329077 381617 136221 372085 537515 272301 501702 746789 455498 676672 614847 576007 462775 434181 277511 64890 284212 519015 312296 314443 301362 614358 449641 613364 577301 599019 634692 482501 497340 709394 125714 473471 391424 299696 514504 558325 172737 432494 632443 612381 618186 636976 676753 503642 321975 153317 571993 729549 619858 598893 456272 265434 617147 246669 270116 282884 428973 231550 574198 408584 405758 647426 182336
851702 737901 682687 286175 756880 629124 760463 660758 634407 255975 448993 521158 607895 689871 985085 547713 985959 281791 516225 999999999 386522 932024 964493 745298 837823 975924 917494 788131 922045 1089202 1084938 1070912 632688 558837 375174 711771 847067 327843 715175 615321 148952 815576 331282 974574 777582 62870 789027 426670 330705 672020 921861 470437 512629 706788 459388 236073 403019 307755 305562 849560 858068 1056839 1085420 482108 695244 392229 669004 640430 950195 339845 608816 1006229 998946 424261 936357 801861 1102655 499454 923850 202329 342115 609312 652975 1046019 845515 633548 359801 667710 642388 1078596 306304 452492 575037 715086 321034 1071817 132065 162884 154248 678885
523209 382034 308327 408622 485276 393074 374189 474979 462671 245826 220703 237897 228427 422650 779025 326155 600668 408172 164113 386522 999999999 570046 786467 539155 632262 770027 668206 401667 538825 710461 699314 691805 321706 172317 67993 346389 465817 313237 368187 230635 259734 504391 256032 589324 633658 331733 584428 455165 412191 391636 535339 165910 200369 436882 370353 238691 168914 273392 450383 482000 568811 671062 699078 479497 414791 340122 577029 271198 564349 231061 262422 619725 621199 51941 551821 557932 716157 466708 613014 525327 341544 431938 271728 660951 641219 495050 435612 385463 271553 696162 87503 323097 389249 548508 71517 685574 264075 253081 501576 295684
151218 496497 264168 813628 725346 740873 272058 841189 503440 703143 506707 426432 437464 341462 527891 732405 327729 816293 540071 932024 570046 999999999 586096 446854 466249 523390 384512 285579 346984 195105 365167 183034 604819 423417 616903 462206 161218 859034 219349 405563 825645 209620 799826 207515 578805 886958 456361 749190 783629 329142 256348 463332 598587 708303 616404 806773 537199 824928 846253 90694 262915 257211 295805 724321 317964 656183 641118 462160 217648 625249 323334 284012 124565 521362 329317 371892 319987 688216 206083 1010976 703377 826780 407314 234261 471482 555859 786108 328746 298580 217046 632645 809514 796462 906346 620197 336016 800067 773069 1007538 382725
448407 969571 648915 705565 1178344 1136247 756757 1233070 338012 717562 575209 550091 828473 381502 73329 1089783 906319 710137 878357 964493 786467 586096 999999999 247402 157827 72254 201705 791126 908379 753810 951262 749117 1017210 759693 854452 923668 698744 1086316 541386 794736 942414 404437 1034393 791591 190111 954270 202767 566934 657601 417239 825367 621282 941550 1143166 505180 982995 633444 1044604 710975 606105 329420 841831 879593 510791 399894 572264 313651 880594 796929 643245 584843 868196 707441 741249 896439 253592 903373 481260 381943 920157 623484 1198753 828757 818709 148931 330995 636823 423670 642113 790695 783217 1108959 1158028 1307280 782255 922103 857920 819045 948058 820326
295760 743620 427230 514284 942730 893270 547151 988782 114650 491028 330778 302766 592521 147338 245823 844220 732597 518486 634386 745298 539155 446854 247402 999999999 95639 236582 182599 584949 719526 638860 795744 628681 778294 519435 607128 696797 514868 841230 328293 560223 706554 237334 788401 631982 137305 727301 46059 394634 469424 182250 646609 373880 696772 905107 294716 740713 389132 799596 530509 432987 201356 697959 737150 348085 171003 360551 202510 646876 629562 410982 348174 705380 570302 493870 712241 87447 761459 311250 285748 734624 415607 953249 598110 675853 104250 142210 456348 188170 412613 663899 539037 861558 912175 1063191 537171 768104 629333 591168 753312 593484
318336 815281 495089 598114 1021545 978420 607553 1075312 203595 584684 426193 394783 671382 223790 150204 932316 773339 602465 720607 837823 632262 466249 157827 95639 999999999 140959 121130 643397 768473 649329 827419 641629 859710 601947 700134 769022 559602 936177 389488 637901 801967 266302 882947 664535 131467 821421 49725 470585 551864 259579 689532 466493 783911 985849 382680 836257 484522 894586 610929 470587 203682 723074 761883 419512 242835 449609 243979 724029 666190 505614 427357 740196 590671 585934 758559 102310 786121 384588 276913 817888 503921 1041246 672887 700262 8997 216253 536046 265988 486130 680314 634365 953812 1000655 1149497 632253 798834 723639 685288 839402 665499
391402 926976 607107 728166 1140791 1105766 708757 1204143 341862 724125 566785 532133 792872 352896 9254 1063449 846985 732637 850213 975924 770027 523390 72254 236582 140959 999999999 140682 741580 852682 686072 888117 682047 982934 728138 837672 881826 643623 1075986 497988 758375 942824 352461 1022233 730198 221662 961120 190667 594412 680908 387616 767747 604122 914329 1107666 518117 976960 625062 1034464 737454 549703 273756 777381 814706 540158 367768 585458 348472 843081 737026 645932 552324 806863 642968 722633 839620 217815 838282 507825 317660 946171 638813 1172012 789680 754249 132480 346312 662575 394122 604290 724149 774776 1090100 1132111 1277880 772347 858845 863561 825061 970687 779195
250794 792772 475128 696153 1010377 982712 571265 1082466 296545 661591 482708 433478 665837 245957 146378 945449 706599 700298 731395 917494 668206 384512 201705 182599 121130 140682 999999999 603101 712060 554148 749661 548722 856279 606264 734413 748373 503148 979895 365558 630766 865395 214263 923856 590559 252162 894621 150574 576889 651716 276719 627083 504536 796160 979308 475355 888505 539144 939024 713045 409079 134024 640142 677958 529049 254017 539932 363311 713773 596772 578623 431712 667215 505770 618333 698938 116153 701777 492705 180448 916434 595319 1053009 659116 617023 120416 322742 638943 282986 476480 589819 685324 981624 1014279 1155426 680585 720477 796429 759302 933742 646765
357488 210920 168469 759730 439807 461672 40024 560270 586312 612188 459007 392507 194072 440011 748227 464303 202680 760890 303936 788131 401667 285579 791126 584949 643397 741580 603101 999999999 153292 341436 299392 322698 326638 229405 422458 178215 124601 632453 256676 175919 655601 389180 576188 197775 720573 732297 613977 746633 745202 408270 134094 381783 349261 423416 619564 610037 457404 605281 799338 210281 469156 274548 299219 743208 414843 631298 735909 195048 169614 556154 274282 218139 264291 368470 158547 541304 315133 714154 452308 916491 661995 550403 150985 268209 651103 639371 758639 403458 201101 313838 485062 557275 523886 623094 469476 284173 664376 648857 898337 121927
461280 237398 319169 910874 436414 499777 192439 587617 731652 760509 612205 545559 314392 578847 858417 526289 73246 911894 414983 922045 538825 346984 908379 719526 768473 852682 712060 153292 999999999 310269 169017 294965 379139 369993 548717 234375 209660 730653 394599 308219 783274 504491 678638 162902 856618 863763 744197 899922 897540 549483 91362 534311 444336 437744 772573 727259 609081 709333 950847 302982 579524 199603 205225 896050 552951 784499 881355 290348 138840 707579 426255 122429 267196 511437 24973 666422 211153 866581 544386 1060883 814536 591192 269115 206783 775534 785403 911462 545255 353829 266375 624946 635516 574290 638399 609040 164910 802877 790486 1039893 243395
343733 528114 406542 996639 743497 791867 351452 885972 698545 875269 685442 605396 531524 536407 689040 803150 253659 999008 641576 1089202 710461 195105 753810 638860 649329 686072 554148 341436 310269 999999999 234925 18956 660772 545416 745716 508487 245100 970548 398284 507208 970194 402877 913120 153226 767858 1039178 644766 940274 969424 522850 233323 631352 690215 739650 806900 937236 708560 941205 1031032 249543 446565 124702 149269 917514 512627 842874 835369 536378 182432 801806 491331 195467 90462 666821 285671 560288 168091 881779 375032 1185770 887627 882709 490946 108082 653614 750898 973873 522066 447160 49957 783668 898699 859758 941945 769629 208004 958871 935689 1177869 462203
509089 401872 445086 1054134 579506 658354 332471 740294 829073 910273 746761 673594 479654 667677 892378 691092 99287 1055562 582876 1084938 699314 365167 951262 795744 827419 888117 749661 299392 169017 234925 999999999 228395 544116 527729 713983 402858 292017 899598 492661 469633 948630 562778 847650 163791 931921 1027757 812213 1028467 1036434 643885 171802 674554 613353 589103 897075 895110 751951 878328 1092844 363010 626037 115001 85870 1017841 641633 917512 976216 458938 168871 850716 551126 92902 246483 667738 150387 729182 71622 985647 570460 1215782 952771 749011 434123 137261 833241 883402 1047511 640931 484750 185351 783822 802649 735493 784450 768123 29365 962919 948115 1197653 406956
333066 510554 388318 980274 726949 774040 332508 868454 686105 857898 668788 588855 512598 523521 685252 784756 240536 982604 622640 1070912 691805 183034 749117 628681 641629 682047 548722 322698 294965 18956 228395 999999999 642644 526551 726849 490391 226308 951604 382199 488252 951538 392020 894167 136086 758747 1020720 635757 925386 953464 509111 216234 613891 671376 722503 791922 918349 691251 922249 1014895 233205 438348 115378 143737 903324 499459 827119 824090 517681 165015 784848 474091 182563 72774 648321 270555 551194 164240 867763 368877 1168488 871479 864796 472081 96631 646125 738741 958243 508165 429051 44127 765269 879973 841602 924845 751185 200613 940691 917699 1160251 443357
638989 142261 384820 726656 169196 136054 333003 236769 732564 563916 514619 492840 190452 635982 990997 147176 452362 725785 161609 632688 321706 604819 1017210 778294 859710 982934 856279 326638 379139 660772 544116 642644 999999999 258920 283845 152307 448072 371842 492793 225550 483772 650345 329485 509020 897168 569903 818444 775616 733246 600156 430829 435648 126563 127065 680469 404167 476015 360675 768190 519826 730202 570761 582702 796250 617419 658603 867028 146377 479415 551736 432373 497330 589527 334343 402118 766086 590157 779753 739187 810462 663149 223766 203179 571950 868501 775669 757186 593771 379808 626188 398058 260585 199009 304859 384126 543596 542087 546336 775486 223769
411435 253428 161737 549232 425064 377631 202371 476499 476592 393352 277884 239606 82924 378191 736438 340324 429496 549753 127436 558837 172317 423417 759693 519435 601947 728138 606264 229405 369993 545416 527729 526551 258920 999999999 200300 208921 300519 435673 254257 65944 428760 410143 376540 418457 639005 503581 559925 561550 541947 342482 363024 194147 192074 385878 448468 391909 255773 402212 590300 332806 486422 499539 526970 570819 360781 442137 615739 139927 392858 349767 175817 447414 457850 141476 381528 510452 543878 548407 509760 690890 461788 447000 113362 490147 610798 522033 559920 336037 138345 527794 256110 394228 409015 549917 240394 513465 435218 420950 670536 130910
580980 366940 352801 444087 439548 337505 399973 413944 530034 282300 287267 305572 234478 489298 846651 265917 614704 443010 142709 375174 67993 616903 854452 607128 700134 837672 734413 422458 548717 745716 713983 726849 283845 200300 999999999 337642 500786 250794 423765 246602 234677 565588 192271 616541 701004 315548 652371 506019 453878 457696 556332 233670 157452 389705 430624 191757 233528 212558 485389 527238 632298 696266 721664 534740 480597 394865 641667 265365 590020 284010 321009 639500 658013 116081 564209 624931 737122 524651 673166 534604 389563 369111 279962 688120 709096 561368 479499 451448 319599 727528 116454 255246 326330 486595 104389 702750 266024 264968 504727 307085
515234 47067 274947 749064 267020 284873 191757 382408 671454 588542 486647 442599 127098 549809 889278 296797 307137 749138 195550 711771 346389 462206 923668 696797 769022 881826 748373 178215 234375 508487 402858 490391 152307 208921 337642 999999999 302256 497170 383842 147147 567077 535871 446525 356764 825366 650932 732587 769881 745786 514564 278937 402845 212732 246186 657183 502269 463376 477543 790653 381668 617102 420094 434114 779728 527748 650390 815727 75337 327154 554484 351444 348266 438330 335459 255706 670078 443228 756995 614114 869239 667485 374873 101571 420399 777429 720145 765343 508629 284205 474052 433396 401899 351316 444911 417563 399047 602460 597037 841652 103553
252464 335417 167889 776504 564183 583849 116487 683304 538730 643404 464790 388046 293852 379464 649520 581135 218249 778370 402263 847067 465817 161218 698744 514868 559602 643623 503148 124601 209660 245100 292017 226308 448072 300519 500786 302256 999999999 729687 200782 266227 725504 294887 671533 138369 652162 795723 537048 740027 754692 353596 131786 400257 455547 547926 607557 692427 478649 698902 813547 94939 370127 220766 256114 727052 353303 632257 687050 309437 123930 575611 266444 199114 157521 423298 198962 457845 278095 694326 340081 953814 671208 671405 257639 205175 566514 593062 763406 350283 209501 231588 540865 666660 643061 747095 526459 267586 717862 696608 942240 230637
831390 505963 595879 543270 455052 322802 619097 336563 752011 415530 511113 546853 439283 733946 1085118 247193 802522 540243 329077 327843 313237 859034 1086316 841230 936177 1075986 979895 632453 730653 970548 899598 951604 371842 435673 250794 497170 729687 999999999 673632 463781 204549 816285 59381 830152 920172 271731 887183 652300 572810 703955 760490 475395 286978 408341 618436 118502 452881 41737 577547 768464 881983 904178 923835 695842 727347 564957 841895 443852 801620 462196 571780 838354 886563 364667 750746 867912 935607 697287 923960 529576 537623 285843 481471 899902 945008 774212 603156 697880 566004 946066 303352 132696 256147 387552 304130 894206 306865 335801 482006 510539
158607 429064 109575 598496 644828 622467 219241 723363 339100 483808 288517 208143 303081 184499 505438 592954 416596 600926 381617 715175 368187 219349 541386 328293 389488 497988 365558 256676 394599 398284 492661 382199 492793 254257 423765 383842 200782 673632 999999999 267650 615596 157936 614463 334665 464254 672324 357859 546644 571272 155070 329689 245019 445990 614367 413148 606790 317909 636231 632750 149097 237413 412931 450622 529658 158843 445152 488262 348754 324028 406499 108010 399778 310547 316943 389798 288435 473805 495936 255641 792130 489343 697776 293655 394039 397527 393320 576468 151113 116455 403625 421067 646830 661233 795066 409891 467719 583111 554967 788195 281469
417540 193237 161325 615103 383650 355140 156260 456307 527218 458641 340601 295653 35474 415092 766328 331671 370644 615597 136221 615321 230635 405563 794736 560223 637901 758375 630766 175919 308219 507208 469633 488252 225550 65944 246602 147147 266227 463781 267650 999999999 480295 425495 406005 371570 684981 558271 598465 626204 607850 379299 309730 256846 193032 349293 510891 434531 321159 434001 656204 315646 504938 450176 475080 633946 395066 506931 669914 86681 344378 415658 212052 393048 422793 205399 321333 542327 490568 610487 517625 753683 527521 433029 47839 442842 646575 574845 625661 373066 154380 484968 316824 404071 398510 527553 300890 457111 494709 482528 731773 65872
763120 591311 566873 341312 609927 483925 630971 523108 604514 232845 382763 441668 469148 624806 952077 402249 849357 338033 372085 148952 259734 825645 942414 706554 801967 942824 865395 655601 783274 970194 948630 951538 483772 428760 234677 567077 725504 204549 615596 480295 999999999 734683 192062 847216 764256 86132 752245 459562 374199 600987 789683 379083 364516 559559 448168 93577 327448 174326 374097 739183 787728 928111 954665 507614 624932 387127 671507 497443 821498 299361 507588 873308 880878 305104 798885 749554 970686 514454 844616 338377 350561 471588 514639 918907 810357 616435 404903 595769 528708 955485 194610 315605 434852 582311 205873 937144 104763 138693 296781 541689
59230 579648 265783 649225 799920 780401 357005 881293 300093 566853 367264 295365 460947 146799 359053 749998 507066 652526 537515 815576 504391 209620 404437 237334 266302 352461 214263 389180 504491 402877 562778 392020 650345 410143 565588 535871 294887 816285 157936 425495 734683 999999999 757849 399285 370731 780576 249620 564241 613029 149311 423644 355786 602217 770941 436116 739146 413459 777278 676928 204353 81257 461773 500912 532198 129663 486498 432607 505579 400020 482950 245573 474439 333003 452482 493467 166460 525238 494955 109964 860167 538815 855370 449812 439415 272778 350567 610270 152080 273790 426627 542320 799291 818457 952983 533794 534538 685595 652692 865385 435501
772345 458537 536555 518392 430208 299842 561750 331284 702020 380197 459561 491572 382466 678026 1031326 219598 749918 515740 272301 331282 256032 799826 1034393 788401 882947 1022233 923856 576188 678638 913120 847650 894167 329485 376540 192271 446525 671533 59381 614463 406005 192062 757849 999999999 773963 871304 270673 834231 618630 544089 647501 705397 419787 234329 381324 575386 98491 401709 31347 554867 709287 824254 848905 869426 659318 670746 525109 797358 389949 745636 419097 513034 784227 828619 307043 698132 812614 881770 658216 865257 528775 502030 279734 425344 844085 891824 726461 573857 641364 506626 889412 253820 123555 244007 390507 252791 841334 286285 310171 484503 454414
346445 375018 303967 914441 591039 639125 216589 732809 667633 779047 603015 526414 391731 505364 734903 652741 123293 916249 501702 974574 589324 207515 791591 631982 664535 730198 590559 197775 162902 153226 163791 136086 509020 418457 616541 356764 138369 830152 334665 371570 847216 399285 773963 999999999 768131 921022 648559 877834 893009 482815 80152 537035 545958 586467 745060 806000 615428 803028 951692 199513 464313 83410 117747 863651 479438 770596 813867 389836 29613 712955 404734 76667 105979 550550 139740 565740 139906 830370 413458 1088772 809495 730141 348700 71690 670521 721882 901770 480184 345419 117683 668602 751644 708004 788790 653623 136245 847276 828019 1075437 319626
427764 872395 560103 515491 1064064 1005719 682324 1098132 170987 535173 414306 407886 715781 280770 229594 951018 869817 520069 746789 777582 633658 578805 190111 137305 131467 221662 252162 720573 856618 767858 931921 758747 897168 639005 701004 825366 652162 920172 464254 684981 764256 370731 871304 768131 999999999 770356 123125 377113 467503 313912 783891 474332 806786 1024222 319782 811916 470713 878511 521088 569593 322358 832491 871638 321379 305733 385995 126832 771496 766343 465476 474127 841989 703067 593424 849503 207580 895964 291216 401802 730290 435651 1059624 725225 810146 131766 147834 446798 319310 542310 795466 617575 955931 1017651 1172661 618804 904073 675392 636421 757949 722757
813686 676261 633305 303572 694479 567222 705814 601327 619450 237098 417531 485211 549378 660794 970345 485697 928609 299598 455498 62870 331733 886958 954270 727301 821421 961120 894621 732297 863763 1039178 1027757 1020720 569903 503581 315548 650932 795723 271731 672324 558271 86132 780576 270673 921022 770356 999999999 772043 436519 343714 640433 866292 429431 450271 644300 450579 174192 367277 248561 329736 802727 827505 1002788 1030550 489381 664065 384973 667902 580257 896073 316703 564894 950414 949215 372470 878621 778506 1047291 502344 889830 258775 339677 549798 594672 992626 829432 623925 374101 635734 593724 1026875 255751 392964 514679 657389 269558 1015312 98223 136143 213870 621064
305647 779184 460487 552846 981750 935163 577051 1031313 155510 535443 376829 347490 631357 183421 199916 887414 753334 557137 676672 789027 584428 456361 202767 46059 49725 190667 150574 613977 744197 644766 812213 635757 818444 559925 652371 732587 537048 887183 357859 598465 752245 249620 834231 648559 123125 772043 999999999 428574 507151 219172 668241 418905 739499 945000 335463 786770 435180 845561 567162 451352 199399 711086 750171 379355 204842 402041 215867 684953 648108 456055 386800 723209 580795 538700 735634 84583 774490 343465 280078 773004 456696 996420 635013 688590 58231 173584 492507 225401 448610 672743 585077 906527 955551 1105636 583154 784073 674195 635901 793284 629064
618586 812892 584738 144067 940437 843514 707704 915908 283700 238504 288967 355559 642809 417480 602967 770191 941426 148707 614847 426670 455165 749190 566934 394634 470585 594412 576889 746633 899922 940274 1028467 925386 775616 561550 506019 769881 740027 652300 546644 626204 459562 564241 618630 877834 377113 436519 428574 999999999 96682 421790 857887 370927 655485 891961 133588 533961 306718 614132 144059 694485 569616 958267 995167 57486 436804 119497 255124 697548 863432 224121 477633 936477 855295 443446 903426 474605 1017732 86607 652155 353223 117987 868260 674039 940083 476260 255019 70908 421407 547096 949578 391577 730304 825982 986289 401933 1006038 356192 320893 382834 686823
663623 786202 591811 48201 893258 788244 707852 853918 355179 172475 290201 367108 619535 467672 689681 711674 945144 52834 576007 330705 412191 783629 657601 469424 551864 680908 651716 745202 897540 969424 1036434 953464 733246 541947 453878 745786 754692 572810 571272 607850 374199 613029 544089 893009 467503 343714 507151 96682 999999999 465129 864657 363427 609099 843560 180154 454442 289007 536417 63934 720342 629257 975288 1010738 153599 483403 127687 348788 671336 875876 192199 488277 946149 881734 411142 903673 543768 1032348 177185 708670 266025 83684 804762 655249 958611 558214 335957 30759 463487 551709 973931 337428 660538 763242 922117 350195 1015889 269521 237224 290492 671594
198570 561373 246198 500379 762685 719495 369434 817123 185236 420225 223258 160323 412310 35849 396184 675835 570922 503615 462775 672020 391636 329142 417239 182250 259579 387616 276719 408270 549483 522850 643885 509111 600156 342482 457696 514564 353596 703955 155070 379299 600987 149311 647501 482815 313912 640433 219172 421790 465129 999999999 483991 229398 526754 726411 290675 615959 274291 663332 528913 286167 187205 557175 595829 395193 23972 338026 333597 465783 475050 335779 167891 551325 441767 341615 544867 170199 619637 359098 253197 710880 389788 784436 416171 536763 268396 239579 463794 6506 230368 537284 413926 705896 744497 891089 407762 617974 543845 509468 716625 411234
377012 295318 273635 882409 511095 559792 162832 652924 668721 739649 575099 502575 325663 510736 773179 575619 86934 883862 434181 921861 535339 256348 825367 646609 689532 767747 627083 134094 91362 233323 171802 216234 430829 363024 556332 278937 131786 760490 329689 309730 789683 423644 705397 80152 783891 866292 668241 857887 864657 483991 999999999 502821 474425 506332 727177 742990 580347 735071 921058 219561 495949 143761 165474 848814 484586 746133 817585 317345 51726 679062 380262 84623 178777 500688 73077 588227 181043 817340 456281 1046522 781001 650964 281045 141712 696231 722979 875900 480411 313018 195586 617950 677139 629619 708645 602491 152833 797322 780778 1029910 252237
384888 447576 233074 379588 604843 533876 344511 624303 304333 244128 83810 72023 276966 258580 613125 476760 582077 381054 277511 470437 165910 463332 621282 373880 466493 604122 504536 381783 534311 631352 674554 613891 435648 194147 233670 402845 400257 475395 245019 256846 379083 355786 419787 537035 474332 429431 418905 370927 363427 229398 502821 999999999 334302 560948 254349 387025 78410 434488 418412 384680 412481 620285 654035 377106 253113 252569 431933 333576 517612 176422 140815 585463 541118 120212 540246 392833 674666 354260 465750 554881 280244 585295 304491 605401 475460 342757 377260 223513 191732 628036 186819 487678 543330 698778 179265 655001 338422 309962 546762 316049
602140 229338 347837 601065 285085 199579 340723 292083 638004 438668 407331 398917 162034 561788 922848 149346 515809 600089 64890 512629 200369 598587 941550 696772 783911 914329 796160 349261 444336 690215 613353 671376 126563 192074 157452 212732 455547 286978 445990 193032 364516 602217 234329 545958 806786 450271 739499 655485 609099 526754 474425 334302 999999999 236514 567418 292189 362909 265143 642490 508647 678228 618186 637062 679355 546746 540295 764703 157160 517013 431412 364448 551477 609501 221802 464020 696634 648644 665284 701106 685663 541188 257685 199426 614771 792870 676983 633767 520248 329644 662871 272540 211408 218166 366569 259066 607379 416798 420006 652093 228025
755885 214372 505262 832946 50821 87819 437707 151193 859354 671909 638537 619449 314918 762256 1115621 162085 508088 831668 284212 706788 436882 708303 1143166 905107 985849 1107666 979308 423416 437744 739650 589103 722503 127065 385878 389705 246186 547926 408341 614367 349293 559559 770941 381324 586467 1024222 644300 945000 891961 843560 726411 506332 560948 236514 999999999 802203 471107 597401 409981 873932 627526 851472 636988 641969 915579 743273 776722 992780 265621 557523 667914 558528 560141 677170 455489 462494 891384 645036 900752 855702 895667 777297 166395 321137 642238 994607 902010 868921 720054 503533 700086 506138 278042 167573 202376 493531 594650 632089 641982 856196 337302
488777 701883 455091 221897 848654 763272 580138 844325 180258 216423 170586 227058 531205 289671 527197 695796 811514 225865 519015 459388 370353 616404 505180 294716 382680 518117 475355 619564 772573 806900 897075 791922 680469 448468 430624 657183 607557 618436 413148 510891 448168 436116 575386 745060 319782 450579 335463 133588 180154 290675 727177 254349 567418 802203 999999999 504520 204802 577587 243720 560898 449229 825147 862220 124147 307147 67385 224310 587583 731207 156390 347544 804784 721732 346733 774936 365042 884915 100133 529241 441583 121259 799707 558347 806800 389836 174188 174342 289841 418779 815991 326545 674912 756929 917206 332525 874196 356071 317129 458647 568354
760887 521523 543196 425695 521021 393090 589829 429590 646136 297901 410208 455976 417599 643477 986168 311642 796077 422782 312296 236073 238691 806773 982995 740713 836257 976960 888505 610037 727259 937236 895110 918349 404167 391909 191757 502269 692427 118502 606790 434531 93577 739146 98491 806000 811916 174192 786770 533961 454442 615959 742990 387025 292189 471107 504520 999999999 352028 82958 460791 717679 799288 884561 908435 578101 639808 448925 728685 437316 778908 349179 500420 824905 849726 289888 744723 774314 922820 580546 848615 431049 419797 378058 462775 877355 844943 664818 484738 610210 508384 918212 203267 222043 341625 488875 208239 885951 190430 217692 387858 491155
