NAME : synthetic_000759
TYPE : CTSP-D
DIMENSION : 100
GROUPS : 8
RELAXATION_LEVEL : 1
EDGE_WEIGHT_TYPE : EXPLICIT
EDGE_WEIGHT_FORMAT : FULL_MATRIX
EDGE_WEIGHT_SECTION
999999999 561373 918778 910932 896538 1022266 560966 425202 543236 965031 484548 227553 101984 647386 852626 745431 763932 696523 386100 947732 715753 178381 307103 491298 1020918 752076 1042712 912233 962771 1070063 996453 840468 419182 914367 755648 887540 780473 560063 334211 900332 509981 744341 832885 58186 408904 646441 819442 827863 868212 267143 725841 1054128 800201 536898 823312 764524 633542 138758 884124 778419 77373 600886 480934 449651 559093 576574 756401 1113346 446620 602072 1057199 633294 692973 1269625 609165 955659 348610 364786 314338 890480 1015352 246415 794352 862986 833729 600731 1181352 956396 248654 678381 825965 373324 386282 916172 1051444 507926 770591 1115429 629828 941152
561373 999999999 547089 746589 423574 462274 307678 319109 282067 408087 530432 380927 488152 526981 541451 185524 270118 375687 178708 410564 247090 395062 380065 97639 465044 479502 563209 484976 477090 558451 457545 626825 490724 411181 231191 466024 498745 504230 249421 728689 496508 217476 666416 514956 211792 516607 522413 442144 382270 397610 275312 495850 240851 520455 691229 442165 103528 428484 503838 486952 531776 161737 318410 325113 151363 98107 195501 551994 295870 108942 502205 197960 135017 722426 85226 523607 316571 361598 380130 333297 477099 315189 345390 478187 500496 375981 623194 510977 318243 548066 370895 190088 254085 447443 511851 123643 289494 606154 90959 577129
918778 547089 999999999 340051 832218 611365 358445 493660 378751 471456 533736 841342 817610 359359 101692 481037 302419 900153 611621 366759 727491 748824 881056 635303 481572 1003978 231799 923519 222550 321105 383845 238183 564195 264604 652575 103233 1017853 436166 733765 323230 481652 374135 306005 899352 537233 350988 1032745 105585 789107 882928 759275 517482 471392 473558 354060 155537 450152 788851 974381 1004306 852860 393837 437989 469589 695245 454774 523259 609348 835715 635642 679639 353647 545928 567660 463002 109622 570836 882019 607701 586537 740472 731913 805666 68902 91573 322330 585192 135540 754695 343696 197919 660029 543995 853465 405604 669349 739740 338575 465379 30369
910932 746589 340051 999999999 1112505 936984 452247 534201 480539 798301 431091 918247 812636 268543 258284 752198 579357 1122237 729939 697267 974038 776642 984918 809897 815514 1226066 567509 1196038 561496 659712 720016 124299 492792 594451 916730 430537 1245200 351366 848094 18749 400952 645496 84252 912984 635849 272498 1267709 384168 1067942 972848 1005559 852997 760310 374534 89452 325385 675182 810251 1233646 1233211 834570 587485 490002 509954 895404 649303 796226 945543 990042 852725 1004976 557805 797228 902006 677157 449421 609972 1005305 612122 890072 1054027 802918 1064897 372052 300653 382324 925222 475590 832491 237502 499021 782889 618915 1135547 745074 851503 999964 672588 690036 325369
896538 423574 832218 1112505 999999999 329928 714927 742671 692944 419424 953648 672495 852430 930904 869568 360516 537944 255273 571922 510134 187395 765381 613696 434700 454820 301435 724721 96296 657666 663039 528985 988217 913969 589221 201014 730111 293277 921226 566722 1093794 917961 468469 1040650 840257 631387 919636 280330 745347 44630 650566 171421 451785 360938 940528 1074079 787471 451371 787838 168634 279837 892917 547133 739564 748291 344238 498262 316455 429439 464772 326763 302081 565894 322529 677108 458279 758838 733779 561519 794734 260582 202818 668711 103195 771291 824530 776780 535928 734849 655326 947266 635260 552216 673362 24055 558279 402936 135996 701170 438772 861124
1022266 462274 611365 936984 329928 999999999 644025 729434 632952 139914 912083 826105 950310 825977 678862 286182 382699 543216 640766 245162 377535 857223 798982 534168 144309 616939 442761 422019 398390 362800 239800 817539 894502 346772 295680 510775 614396 848954 697045 918658 864548 342137 880604 973726 654518 814095 607007 553144 305453 827183 392887 127574 237653 878395 922836 625188 412494 890700 498376 600138 993963 489041 702156 723570 492995 475888 266868 107317 667165 431810 68303 482970 329294 348598 433779 514419 756121 760553 820532 134351 150291 775886 378579 566144 636466 684588 209982 487196 775633 832092 439443 648995 693864 339975 249645 527397 339980 392619 409962 635583
560966 307678 358445 452247 714927 644025 999999999 137474 28310 531593 268617 494892 460362 219437 302656 379906 273801 679622 282178 468526 551026 390501 547918 359411 575510 781755 499101 786052 428470 546441 513422 341345 260785 399212 514083 331336 802695 210236 404307 435464 220561 301888 369011 540965 192578 208953 828295 267781 671135 542710 580734 615431 413523 235981 388209 206545 264999 430444 810433 791557 497034 169405 83609 115595 449738 218067 418615 699213 538511 416610 703288 162538 393559 779281 256653 399074 212524 560850 254194 548019 715639 381249 647884 302218 276749 70425 730257 403453 406941 240587 289471 334977 189393 738950 563351 401766 587321 586793 276614 382041
425202 319109 493660 534201 742671 729434 137474 999999999 124780 631779 213112 384795 323953 269583 429659 447898 385922 658533 213785 582664 563220 259519 451330 332585 680755 754594 633834 801116 560217 675883 629735 439647 172415 524400 548258 468524 778532 210617 319950 519729 186922 395260 450308 408589 122255 263460 808813 405187 701300 438673 589259 719376 492044 214971 456542 339362 321054 298384 812060 769180 359845 241320 55742 25659 432461 259540 479169 797183 474924 420750 782770 256220 437233 900935 303515 536383 80381 475372 117016 618189 778864 269171 661565 439290 408781 177788 839972 540134 298393 299156 420562 263486 90383 766520 682090 374959 608155 717912 327340 515972
543236 282067 378751 480539 692944 632952 28310 124780 999999999 524482 279473 469665 443482 245059 327272 363581 269865 652669 254430 466289 526709 370533 521060 331546 570191 754535 509074 762570 435714 552094 512203 369511 264788 402101 492444 345388 775673 229123 376896 463770 234116 291460 397257 521115 166022 234878 801607 284679 649395 516596 556104 609756 399847 252137 416059 229328 245088 410765 785517 764640 481279 150821 76407 106299 422600 194910 401002 691789 510223 390983 690860 149984 372757 780793 235001 413459 194838 533205 241514 533017 699637 356773 623984 320181 299511 98516 726788 416174 381817 267214 296086 307136 165899 716991 563286 374013 564125 593633 255897 403283
965031 408087 471456 798301 419424 139914 531593 631779 524482 999999999 799827 787881 884209 699319 540032 222965 260011 588188 578945 105819 405361 792194 776157 495440 57300 676065 312694 515635 260520 243809 110551 679825 789176 206859 313572 370976 679039 729747 656236 780067 750059 236581 743722 921166 573972 687508 679093 415177 384626 799062 429215 89617 167675 761224 786797 490589 333195 828673 584817 664451 927725 391583 597721 622345 480750 394096 226197 167650 660153 411666 208204 376806 292028 319577 357137 375434 669607 746089 732489 162580 277068 720759 438615 426843 498162 564430 216359 348398 725888 703134 302913 597817 609910 435098 141337 500066 384359 282037 335540 495789
484548 530432 533736 431091 953648 912083 268617 213112 279473 799827 999999999 535916 390318 186582 441682 641453 540802 868873 418697 732394 775872 373862 617868 544592 842529 962753 727963 1013910 670265 790800 775400 380845 68283 654231 756931 549848 987436 98606 507558 422391 53693 570096 358287 493707 333302 190940 1018800 477850 911653 595602 802213 882681 679233 62798 342047 388264 518736 400514 1025053 978617 407336 428208 216620 205365 644809 461416 677075 967476 670470 633604 970331 429256 641959 1033502 504698 610924 250665 653321 218380 811657 977061 429442 874287 501625 442378 243335 994824 623682 460600 213682 538351 463637 295741 977592 822803 586485 819916 826175 527524 546112
227553 380927 841342 918247 672495 826105 494892 384795 469665 787881 535916 999999999 215384 651133 796928 564936 625614 469375 235048 789211 495728 169151 91992 293805 845067 529290 919489 685015 834726 929374 836924 823702 468711 776089 545023 787181 557603 578980 131664 904136 538959 589081 834651 169727 304980 646148 596086 739788 646252 60517 503131 874432 620207 569332 838260 698005 471737 160734 656782 554600 244851 469446 433530 409743 343101 426384 567053 923545 219311 395507 853972 508216 500928 1103353 447755 853168 308423 145188 318754 692014 802965 115673 569694 777256 767780 554249 1001342 847770 87978 681603 708022 196977 306764 691439 891617 299381 550342 976630 463865 867977
101984 488152 817610 812636 852430 950310 460362 323953 443482 884209 390318 215384 999999999 547513 750702 668392 672611 673655 309545 860374 667124 93092 306565 429467 939160 741093 946444 878136 867748 977201 909076 739575 323407 821798 696602 788543 769216 461301 286439 801564 412094 657926 733645 104108 317281 546177 807091 727775 820611 270219 681064 973742 722204 439859 725694 663076 551071 64626 858520 765292 43691 510141 379628 348165 508952 491529 683443 1037313 426226 542682 989489 540538 622468 1183066 527072 856666 248650 360513 212354 821037 955226 184121 752507 762567 732122 498893 1100381 858194 198092 578621 729878 307973 290681 873405 963827 452881 721523 1021944 548931 839709
647386 526981 359359 268543 930904 825977 219437 269583 245059 699319 186582 651133 547513 999999999 261861 584746 443282 896896 475342 616073 770196 508206 720704 572913 733503 998019 571116 1004325 525612 644514 653419 196564 236463 524963 729911 394353 1019692 90748 588380 255818 142796 491948 186866 646291 380154 11890 1046232 323127 886736 706728 800060 773897 609839 123808 187269 230329 479534 542235 1029835 1008890 572165 383842 231638 246683 666616 436860 626205 863964 738268 635922 889821 367143 608434 893433 473780 448316 342742 744607 343820 746117 915291 536277 866689 339127 270577 154138 874373 465220 566309 31231 408345 527480 357616 954843 694709 615868 805397 674559 492284 367826
852626 541451 101692 258284 869568 678862 302656 429659 327272 540032 441682 796928 750702 261861 999999999 510201 331659 909366 575927 439213 746504 688937 845611 621127 557889 1013960 330518 957093 308798 416369 463518 143739 477907 336576 679870 174031 1030227 343189 699429 240117 391117 401528 211096 838236 492599 254377 1048607 127381 825420 843096 778460 595820 511261 380112 258107 101931 453964 728027 1001414 1017284 783364 380593 374414 404405 692689 444305 554036 688499 817036 639598 746928 343528 565118 665235 461888 205670 509437 852998 538509 636895 798410 683820 831667 114216 45046 252182 673731 228813 709089 244026 242566 627087 492043 891921 491893 658875 765746 437329 469419 106055
745431 185524 481037 752198 360516 286182 379906 447898 363581 222965 641453 564936 668392 584746 510201 999999999 179947 431534 359938 240423 250020 575574 555748 273123 280132 532274 426479 446892 344346 400016 283745 627899 616867 272309 171576 382444 543165 590055 433283 733473 597633 108754 681443 700046 368337 573065 554783 388044 316058 577247 281129 310336 55367 615342 716376 427002 127362 610693 493720 529130 712076 213289 426345 444587 271447 190490 44061 368923 448288 200687 335456 218965 80170 539880 147746 423328 470286 528990 534814 170697 336057 499877 324658 416641 465250 432910 437671 403375 503740 597616 283427 375581 407824 383408 335893 281161 258705 447019 123831 510901
763932 270118 302419 579357 537944 382699 273801 385922 269865 260011 540802 625614 672611 443282 331659 179947 999999999 599964 392909 196906 425122 585683 641761 366810 301839 703144 295800 626212 210017 306944 243821 455517 533883 151521 351297 207208 716237 469811 500161 560614 490462 71796 513048 728668 355545 431399 730465 208160 493863 653615 456878 341906 180967 501227 551472 254903 166594 625207 673558 702560 714611 163057 345423 372768 406920 199466 223255 427396 565862 341888 446819 133125 243916 516120 186612 257263 436745 629236 495510 312558 479880 534167 504246 236968 286614 304518 456977 242238 548088 449975 107329 429150 383629 560263 296567 392788 438209 353264 179839 332552
696523 375687 900153 1122237 255273 543216 679622 658533 652669 588188 868873 469375 673655 896896 909366 431534 599964 999999999 451450 652211 185915 598167 393750 326969 637192 104607 854848 228859 774842 815552 685440 1001999 815826 702593 277181 807163 123176 862740 395432 1104298 845276 529820 1042059 638408 536430 887111 150366 799286 253351 433416 159232 646990 463451 872548 1066130 813040 455407 610594 187832 111995 709281 535644 674652 672309 230293 473051 396883 650012 250074 270614 534960 568564 357093 887421 448527 853222 623167 336820 674048 430962 446313 500690 168077 832468 866482 749263 752670 834275 478849 919872 707233 412323 573139 264941 727858 284044 205769 859927 439949 930507
386100 178708 611621 729939 571922 640766 282178 213785 254430 578945 418697 235048 309545 475342 575927 359938 392909 451450 999999999 565978 384958 216459 270165 137732 634934 544068 685157 616164 600854 698828 614482 622974 364376 544205 396661 553033 568886 424088 123502 713923 399475 362816 645821 343238 95188 467566 600790 508330 534912 271643 405858 668031 414402 428238 658838 474736 248657 250778 616107 560294 353201 234548 243704 232162 235578 195744 373898 728646 262992 246937 680698 273168 313424 885969 224169 618570 171908 278813 226598 511922 651361 143554 479780 545983 543099 349417 795254 612793 155191 502862 472986 53000 124239 594725 669550 174824 436293 745659 244062 639225
947732 410564 366759 697267 510134 245162 468526 582664 466289 105819 732394 789211 860374 616073 439213 240423 196906 652211 565978 999999999 466326 770845 789822 505648 119810 746399 214608 606223 155194 163472 48732 580832 729274 102975 375359 267671 752429 655253 658655 679238 680726 203519 645971 908417 543751 604459 756566 316957 472037 808173 493781 159365 193677 688738 690258 398017 318342 809299 671030 737896 903152 352080 542140 569670 511847 371456 261863 251590 688352 441081 313281 327849 319793 322781 342713 269616 630886 766711 690956 249597 381705 709526 515324 325216 398670 491163 262433 242590 719100 616888 209766 593450 575244 527753 103729 519021 455479 208919 325402 390524
715753 247090 727491 974038 187395 377535 551026 563220 526709 405361 775872 495728 667124 770196 746504 250020 425122 185915 384958 466326 999999999 579017 446968 247473 456463 283208 669686 238131 590651 629707 500120 851024 732733 518425 92026 631046 293196 751159 382953 955615 743312 353579 897321 660575 448249 759438 305420 630096 153487 481013 31966 469817 278169 767505 926319 654904 298920 602665 260646 279123 708212 390098 565429 571026 158178 333414 212684 484593 302802 142705 383844 416519 182034 712392 298998 673348 549022 400140 609008 253757 314148 483062 98453 661264 702362 617056 582606 653241 471210 789515 531334 364966 489753 209873 543679 215790 54839 674251 284232 757661
178381 395062 748824 776642 765381 857223 390501 259519 370533 792194 373862 169151 93092 508206 688937 575574 585683 598167 216459 770845 579017 999999999 259010 338215 847418 672354 864971 795331 784613 891691 819577 692927 305718 736002 605195 712317 700029 428347 203977 763997 383753 567798 694846 150584 230523 505009 736874 654746 732349 229570 594404 881655 629544 413547 692697 596538 459284 40509 780130 694936 136742 422675 314525 285016 421177 400601 590356 944491 356676 451592 896516 454914 529427 1093231 435146 780337 179500 305988 164636 727998 863266 98278 666742 690613 666517 437303 1008479 780115 119928 539367 648251 216623 209255 786822 874478 363661 633044 937050 456713 772519
307103 380065 881056 984918 613696 798982 547918 451330 521060 776157 617868 91992 306565 720704 845611 555748 641761 393750 270165 789822 446968 259010 999999999 284193 833385 444976 937559 616383 851676 938172 836109 884706 551761 788693 508269 818214 473374 653658 147292 970006 616664 596457 900793 249140 355369 714779 512371 777061 591770 40082 449274 859615 609843 647093 907831 744695 479436 252705 581469 471442 333857 495217 495480 475105 306261 443822 550696 900525 149161 368666 820141 535510 484364 1095125 456899 882078 379963 57786 399501 664844 760149 188755 510556 814747 813238 611794 984847 873969 157592 750467 732554 221091 366421 630939 889803 276242 500146 985841 469132 908951
491298 97639 635303 809897 434700 534168 359411 332585 331546 495440 544592 293805 429467 572913 621127 273123 366810 326969 137732 505648 247473 338215 284193 999999999 552730 425847 660698 478857 574566 655594 551935 694116 495149 508820 267136 558659 448502 535811 163150 792617 518850 315063 727498 440682 211298 563581 477317 529767 398514 304197 268145 581145 327983 545806 747595 519913 200556 366315 481899 438442 472123 242311 347865 345517 100402 180545 273251 630070 201256 113385 566210 281898 207157 812980 180401 618046 305826 263978 363476 400837 526065 247201 342067 566608 582208 429820 707816 606414 242851 597248 465528 121605 250275 457336 605727 43101 299468 703307 188504 664959
1020918 465044 481572 815514 454820 144309 575510 680755 570191 57300 842529 845067 939160 733503 557889 280132 301839 637192 634934 119810 456463 847418 833385 552730 999999999 722200 299332 550226 261961 218658 99245 700078 834896 221370 365312 385085 723762 769002 713414 797621 791840 286984 765494 977510 627354 721805 721730 436613 423121 856359 478963 40473 224895 801532 809959 517613 388143 884201 622429 709208 982601 442174 644568 670209 537184 448186 283170 131804 716573 468403 208380 424730 349161 262823 412284 379338 721405 803027 783730 206984 293134 777101 483151 443702 517939 603974 161463 351812 782610 735293 329159 654602 662481 468531 106330 557252 432014 250411 391125 503637
752076 479502 1003978 1226066 301435 616939 781755 754594 754535 676065 962753 529290 741093 998019 1013960 532274 703144 104607 544068 746399 283208 672354 444976 425847 722200 999999999 952461 241400 873846 909061 777160 1106153 907443 801627 371584 910242 28398 961047 474530 1208186 941510 632572 1145576 694069 632352 988427 67647 903498 313761 484976 253621 728311 561114 969357 1168998 917626 559997 680117 171561 29996 773659 639929 773517 769563 332037 577134 495871 721715 315904 375131 599498 673090 459604 964906 553092 955102 714436 387307 762058 515272 503415 577183 239766 936468 971039 851669 826764 935606 552476 1021554 810289 501273 667441 303130 817017 382747 292126 952419 544541 1034317
1042712 563209 231799 567509 724721 442761 499101 633834 509074 312694 727963 919489 946444 571116 330518 426479 295800 854848 685157 214608 669686 864971 937559 660698 299332 952461 999999999 820770 86135 95008 203743 469982 744712 155089 581205 178362 960332 635644 795544 551581 674296 347475 537795 1012455 635776 561139 966690 250573 686345 949112 698840 326668 391523 672759 585858 342507 460262 905319 884781 945909 986357 450894 582408 614028 689628 494691 458108 411525 857050 620512 507712 413811 505648 335934 481588 125251 700091 924159 750531 464204 588335 823490 726347 232148 305286 490978 366558 105897 839676 561029 216748 723871 656485 742343 200939 683593 664566 106869 472251 242320
912233 484976 923519 1196038 96296 422019 786052 801116 762570 515635 1013910 685015 878136 1004325 957093 446892 626212 228859 616164 606223 238131 795331 616383 478857 550226 241400 820770 999999999 752961 759302 625271 1071946 969928 683999 279334 822026 226162 988504 592209 1177394 981390 555601 1122305 854683 684947 993325 204105 834281 135566 655208 212157 545823 452331 1005420 1154029 872106 526751 813712 80546 214813 916674 621252 803385 809149 381179 567995 403114 518071 468359 380366 388057 643514 399935 766617 530652 852704 783984 560850 842333 356758 285576 697204 139678 861408 912141 850437 624629 829076 680094 1022326 725930 589323 726002 82134 654156 441978 198960 797257 513124 952724
962771 477090 222550 561496 657666 398390 428470 560217 435714 260520 670265 834726 867748 525612 308798 344346 210017 774842 600854 155194 590651 784613 851676 574566 261961 873846 86135 752961 999999999 120548 162954 452490 681217 72255 503906 136634 882793 581900 710083 544235 616684 261702 519873 931013 554572 514858 890792 203530 617611 863589 620475 296247 313130 618233 566597 295595 374128 824802 813797 868472 908317 367181 510703 541745 604613 409252 378115 387426 771132 535890 465931 331106 422647 367821 395499 117410 623290 838032 676065 399073 536899 740207 651973 197353 274511 428674 364974 89872 755693 519651 139655 638717 577155 676516 183644 597653 588817 158355 386131 242629
1070063 558451 321105 659712 663039 362800 546441 675883 552094 243809 790800 929374 977201 644514 416369 400016 306944 815552 698828 163472 629707 891691 938172 655594 218658 909061 95008 759302 120548 999999999 134273 558325 801084 155725 538536 251391 914452 702299 801294 643408 737227 341848 626209 1035550 661190 633936 917382 321469 627366 953522 656927 240576 356217 738704 673890 414190 459343 931463 827458 899890 1018568 469697 627796 658383 670728 503591 424497 320913 844807 600145 424935 436883 480106 250187 482652 211728 735868 919107 790692 404058 511692 840835 675982 310409 386649 548992 271572 187557 853950 637341 257021 732398 686770 678903 113764 673098 617499 47714 469096 334422
996453 457545 383845 720016 528985 239800 513422 629735 512203 110551 775400 836924 909076 653419 463518 283745 243821 685440 614482 48732 500120 819577 836109 551935 99245 777160 203743 625271 162954 134273 999999999 606660 774180 130087 408321 289691 781791 696179 706142 702337 723290 252195 672912 957041 592385 641946 783900 345720 493101 855075 526327 133643 234145 730273 718266 430962 366574 858028 693185 767211 951834 400528 588299 616248 554437 420127 301484 225700 732006 483743 305982 375638 361987 274166 390987 280363 678993 811894 738757 269788 384605 758035 542581 349426 425058 533120 221203 252824 767382 652648 245116 641461 623671 545137 55074 563997 485141 175411 373316 405190
840468 626825 238183 124299 988217 817539 341345 439647 369511 679825 380845 823702 739575 196564 143739 627899 455517 1001999 622974 580832 851024 692927 884706 694116 700078 1106153 469982 1071946 452490 558325 606660 999999999 433027 478750 792675 317597 1124714 287261 743871 105578 339326 521268 67893 835866 530884 195422 1146433 264651 943660 875786 882643 738420 636404 318733 115884 201155 552417 729074 1110232 1112516 766220 466438 390374 414330 776768 529021 671927 831135 879393 731829 885240 435428 673465 805812 555264 346683 518699 900988 530995 766871 931675 708058 941262 257288 182163 273724 817449 371039 736449 167457 378296 675915 518809 1011251 635630 735006 876183 576740 567402 231241
419182 490724 564195 492792 913969 894502 260785 172415 264788 789176 68283 468711 323407 236463 477907 616867 533883 815826 364376 729274 732733 305718 551761 495149 834896 907443 744712 969928 681217 801084 774180 433027 999999999 658093 720532 568499 932703 145857 445872 483008 93850 554939 416975 426370 285139 238218 965055 497766 872979 528619 757776 874521 658475 118274 404541 412692 491110 332249 977019 924393 342312 405834 192411 172334 595526 430758 649787 956332 609913 590028 950095 413199 609457 1038572 474686 632537 193012 588679 153097 787548 949960 363889 830753 525118 472754 253738 990764 642693 394957 266129 545005 406428 244911 937737 823805 536013 778934 838983 498281 579507
914367 411181 264604 594451 589221 346772 399212 524400 402101 206859 654231 776089 821798 524963 336576 272309 151521 702593 544205 102975 518425 736002 788693 508820 221370 801627 155089 683999 72255 155725 130087 478750 658093 999999999 431939 164715 810683 571471 649302 576472 601365 193998 544385 879890 505522 513609 818965 216087 548470 802300 548304 259747 241108 606430 589232 300955 309404 775750 743467 796379 863334 314008 478407 508171 534668 349726 305865 352453 703318 465439 415056 281310 350958 380481 331807 172525 581799 772763 637908 332760 478243 685684 580637 222446 296656 410918 349706 146878 699395 523279 117248 579267 531592 608623 170136 530047 517148 201757 320480 289267
755648 231191 652575 916730 201014 295680 514083 548258 492444 313572 756931 545023 696602 729911 679870 171576 351297 277181 396661 375359 92026 605195 508269 267136 365312 371584 581205 279334 503906 538536 408321 792675 720532 431939 999999999 553475 379169 721136 422060 898095 719509 279695 843072 702986 442838 718658 387158 559124 157054 538968 118422 380201 190837 741331 875260 593134 250391 633343 322271 364777 739211 346120 541434 552017 203026 298227 129775 401350 372157 154092 311885 365581 121723 623102 257523 591640 547347 466852 610402 166037 259710 513897 153091 588162 635092 575780 496068 570331 507215 746466 454844 388694 485147 224988 451653 247932 87226 582756 237765 682395
887540 466024 103233 430537 730111 510775 331336 468524 345388 370976 549848 787181 788543 394353 174031 382444 207208 807163 553033 267671 631046 712317 818214 558659 385085 910242 178362 822026 136634 251391 289691 317597 568499 164715 553475 999999999 923022 457286 671736 412753 496214 277804 384495 862248 489196 384075 936443 72214 687254 823993 662606 422464 369695 494398 430753 164567 365068 752813 874429 909259 826655 323331 414836 446894 610038 379582 423763 515039 759906 547245 579074 282837 450748 501471 380828 68128 539971 813748 585455 483316 637752 682924 706409 60831 137952 315271 500550 74199 702859 386135 99953 597992 503334 751148 318359 589593 640699 280229 379762 131186
780473 498745 1017853 1245200 293277 614396 802695 778532 775673 679039 987436 557603 769216 1019692 1030227 543165 716237 123176 568886 752429 293196 700029 473374 448502 723762 28398 960332 226162 882793 914452 781791 1124714 932703 810683 379169 923022 999999999 984184 501576 1227226 965445 645219 1165155 722465 656279 1009972 39444 918234 309452 513374 262565 728304 569686 993092 1189306 934707 576446 708113 152161 14590 801911 658282 796364 793077 353122 595923 505544 718093 343765 392954 593913 690650 472338 962898 570495 966461 739699 415703 788028 517280 496054 604599 240656 950712 986999 872392 823735 946438 580122 1042849 823115 526868 691890 292803 820285 405426 296991 957194 561030 1048150
560063 504230 436166 351366 921226 848954 210236 210617 229123 729747 98606 578980 461301 90748 343189 590055 469811 862740 424088 655253 751159 428347 653658 535811 769002 961047 635644 988504 581900 702299 696179 287261 145857 571471 721136 457286 984184 999999999 528842 340329 52066 507939 272912 561758 330670 93465 1013045 385072 877917 636454 779527 809432 622255 37496 265170 293805 474127 460382 1007196 974244 484154 379174 188298 192383 633620 423004 628830 896829 685509 611812 910007 371848 601845 947918 463947 516484 273848 682239 264008 757484 925540 466110 849215 406786 345083 165318 917039 530526 496894 120295 454413 474104 300978 945282 741333 578829 790934 735876 485018 447888
334211 249421 733765 848094 566722 697045 404307 319950 376896 656236 507558 131664 286439 588380 699429 433283 500161 395432 123502 658655 382953 203977 147292 163150 713414 474530 795544 592209 710083 801294 706142 743871 445872 649302 422060 671736 501576 528842 999999999 832534 497514 459935 763845 280929 213008 581472 537294 629809 536180 153619 395307 742917 488567 527503 774196 598206 342314 221843 576217 495458 326282 349391 358475 341812 225324 300858 436068 793202 164812 269409 727404 389410 370192 971803 318703 736126 258253 157288 294386 563386 681616 105769 466225 667494 666436 470172 869912 728749 88622 617104 587667 73883 230766 587390 760707 174130 437704 848750 333716 761677
900332 728689 323230 18749 1093794 918658 435464 519729 463770 780067 422391 904136 801564 255818 240117 733473 560614 1104298 713923 679238 955615 763997 970006 792617 797621 1208186 551581 1177394 544235 643408 702337 105578 483008 576472 898095 412753 1227226 340329 832534 999999999 390533 626750 69498 901413 620056 259195 1249603 365733 1049235 958395 987155 835210 741565 364761 83635 306642 656790 798003 1215152 1215201 824205 569359 474771 495296 877701 631307 777503 927791 973577 834658 986623 539466 778656 886491 658911 432737 596065 989792 599637 871373 1035406 788691 1046356 354035 282249 365732 908264 458743 818112 224634 480514 766898 603787 1116829 727857 834124 981391 656969 671668 309289
509981 496508 481652 400952 917961 864548 220561 186922 234116 750059 53693 538959 412094 142796 391117 597633 490462 845276 399475 680726 743312 383753 616664 518850 791840 941510 674296 981390 616684 737227 723290 339326 93850 601365 719509 496214 965445 52066 497514 390533 999999999 522417 323800 513512 309177 145109 995597 424249 875348 597431 770621 832091 633493 30435 313607 334960 477121 414227 996015 956054 433690 384531 178420 173728 618248 421997 634508 917661 657492 602027 923780 382674 602502 980298 464540 557505 239552 648134 220961 767110 933669 428103 841735 448329 390155 190496 943137 570085 459179 172286 485228 447398 275237 941981 770252 561457 785537 772500 486761 494803
744341 217476 374135 645496 468469 342137 301888 395260 291460 236581 570096 589081 657926 491948 401528 108754 71796 529820 362816 203519 353579 567798 596457 315063 286984 632572 347475 555601 261702 341848 252195 521268 554939 193998 279695 277804 645219 507939 459935 626750 522417 999999999 576507 704926 342547 480097 658983 279455 424161 611750 385279 324782 118570 536616 613016 320117 117636 606023 601963 631465 700939 155244 362724 386368 343940 167937 152509 402221 509620 276558 402099 141774 172981 525441 141348 324309 434530 579039 496747 254503 423622 506302 432554 308743 356552 344961 447843 307034 516654 501912 177907 392366 376243 491100 307243 336216 366507 389469 127329 404224
832885 666416 306005 84252 1040650 880604 369011 450308 397257 743722 358287 834651 733645 186866 211096 681443 513048 1042059 645821 645971 897321 694846 900793 727498 765494 1145576 537795 1122305 519873 626209 672912 67893 416975 544385 843072 384495 1165155 272912 763845 69498 323800 576507 999999999 832993 551647 189884 1188387 329093 996024 888981 928627 804130 693210 299071 48336 258393 598491 729084 1157563 1153353 757066 508784 405767 425940 814291 569731 725281 896830 906238 773364 948016 480835 722581 873659 599182 414575 526567 921054 530608 825455 991589 719221 989520 323923 247868 298849 884755 438889 748675 155637 441197 698755 534707 1063954 702771 769352 925100 644520 613090 298306
58186 514956 899352 912984 840257 973726 540965 408589 521115 921166 493707 169727 104108 646291 838236 700046 728668 638408 343238 908417 660575 150584 249140 440682 977510 694069 1012455 854683 931013 1035550 957041 835866 426370 879890 702986 862248 722465 561758 280929 901413 513512 704926 832993 999999999 376680 644284 761400 805238 812578 209257 669904 1009825 755146 541832 826766 746764 591870 110533 826046 720334 103879 565890 464013 433843 504706 537031 708947 1066575 388570 550022 1006870 600122 644648 1229120 567389 930190 329246 306763 305000 841131 962533 200412 737834 841168 816640 586183 1137194 929409 198114 677502 796003 325308 358914 859661 1012111 455054 715398 1081520 587178 922914
408904 211792 537233 635849 631387 654518 192578 122255 166022 573972 333302 304980 317281 380154 492599 368337 355545 536430 95188 543751 448249 230523 355369 211298 627354 632352 635776 684947 554572 661190 592385 530884 285139 505522 442838 489196 656279 330670 213008 620056 309177 342547 551647 376680 999999999 372393 686662 437241 591458 350648 472795 663500 418771 337069 563875 393116 243228 270454 692477 646956 359668 192864 148516 138288 311582 180448 392314 733102 358146 305660 701792 224394 341049 866532 220945 556587 105025 370227 169253 533441 685928 194863 545983 474380 462814 257230 788798 554242 217676 407716 419394 147594 42308 654947 646981 253253 495698 706530 244605 563438
646441 516607 350988 272498 919636 814095 208953 263460 234878 687508 190940 646148 546177 11890 254377 573065 431399 887111 467566 604459 759438 505009 714779 563581 721805 988427 561139 993325 514858 633936 641946 195422 238218 513609 718658 384075 1009972 93465 581472 259195 145109 480097 189884 644284 372393 999999999 1036322 312663 875441 701357 789376 762207 598014 128202 193100 219822 468269 539514 1019206 999106 571588 372643 223943 240120 656861 426052 614583 852219 730373 625546 877931 355601 597138 882674 462722 438681 337736 737952 340935 734290 903465 531061 855811 329307 261643 142961 862943 455259 560924 35705 396905 519869 350782 943565 683423 606489 794382 664304 481090 360165
819442 522413 1032745 1267709 280330 607007 828295 808813 801607 679093 1018800 596086 807091 1046232 1048607 554783 730465 150366 600790 756566 305420 736874 512371 477317 721730 67647 966690 204105 890792 917382 783900 1146433 965055 818965 387158 936443 39444 1013045 537294 1249603 995597 658983 1188387 761400 686662 1036322 999999999 934496 301709 552397 273847 724083 577939 1022907 1213637 954385 595844 745674 125603 41938 840155 680245 824907 822673 380032 618661 515616 708914 381177 415048 582405 711387 486864 955475 591285 977781 772167 454657 821663 516607 482511 640950 241404 966218 1004968 897590 815137 957029 616947 1068789 836753 560080 723068 276779 820410 434408 302170 959195 580533 1062950
827863 442144 105585 384168 745347 553144 267781 405187 284679 415177 477850 739788 727775 323127 127381 388044 208160 799286 508330 316957 630096 654746 777061 529767 436613 903498 250573 834281 203530 321469 345720 264651 497766 216087 559124 72214 918234 385072 629809 365733 424249 279455 329093 805238 437241 312663 934496 999999999 701470 779936 662026 475540 385562 422194 373352 92847 346602 695100 881370 904896 764792 288263 350444 382529 591042 349261 431415 568164 730130 532744 621002 248062 448063 570914 358509 134923 479303 777004 521525 509702 671065 632080 711848 37686 83548 245462 562273 145835 653827 316193 115221 555971 447237 767388 380053 564058 645796 351935 361951 135218
868212 382270 789107 1067942 44630 305453 671135 701300 649395 384626 911653 646252 820611 886736 825420 316058 493863 253351 534912 472037 153487 732349 591770 398514 423121 313761 686345 135566 617611 627366 493101 943660 872979 548470 157054 687254 309452 877917 536180 1049235 875348 424161 996024 812578 591458 875441 301709 701470 999999999 627592 143218 423120 317715 897626 1029457 742958 407221 756151 200197 295345 861676 503054 697024 706365 311664 454915 272001 408642 443891 288449 285927 521443 278303 654040 414548 717194 694529 541410 756089 223421 193169 636543 87346 727745 780391 732632 514357 693518 624553 902930 591869 517636 633580 68236 524843 368822 99362 666654 394773 818143
267143 397610 882928 972848 650566 827183 542710 438673 516596 799062 595602 60517 270219 706728 843096 577247 653615 433416 271643 808173 481013 229570 40082 304197 856359 484976 949112 655208 863589 953522 855075 875786 528619 802300 538968 823993 513374 636454 153619 958395 597431 611750 888981 209257 350648 701357 552397 779936 627592 999999999 484686 883735 631924 627845 893991 743033 494181 219182 621196 511499 295803 502523 485471 463170 336074 454424 574759 927497 187131 395581 850486 542307 508273 1117127 470959 888890 364206 97867 377921 692854 793080 170611 547373 817575 812274 604397 1009689 881965 140433 736940 741055 226450 357129 668203 909219 301115 534710 1001078 484794 910258
725841 275312 759275 1005559 171421 392887 580734 589259 556104 429215 802213 503131 681064 800060 778460 281129 456878 159232 405858 493781 31966 594404 449274 268145 478963 253621 698840 212157 620475 656927 526327 882643 757776 548304 118422 662606 262565 779527 395307 987155 770621 385279 928627 669904 472795 789376 273847 662026 143218 484686 999999999 490398 307544 795199 957328 686746 330382 616461 229999 248372 721498 420957 593132 597820 173747 363549 242979 500203 302332 168684 394036 447905 213970 732212 329924 704398 572243 400027 631267 273886 317856 497462 73922 693128 734325 647212 600210 684071 483907 819714 562954 382660 513907 192440 568651 233544 54773 701016 315604 789428
1054128 495850 517482 852997 451785 127574 615431 719376 609756 89617 882681 874432 973742 773897 595820 310336 341906 646990 668031 159365 469817 881655 859615 581145 40473 728311 326668 545823 296247 240576 133643 738420 874521 259747 380201 422464 728304 809432 742917 835210 832091 324782 804130 1009825 663500 762207 724083 475540 423120 883735 490398 999999999 255000 841907 848863 557379 422778 918005 620321 713830 1017273 480015 683871 709217 560071 483701 309031 92715 739087 492501 185095 463616 375493 242920 446679 413559 758673 827409 821330 216514 277682 809461 488557 481606 556383 644375 127385 386025 814006 775549 369049 685858 699240 463712 126968 583410 441221 266794 424950 538736
800201 240851 471392 760310 360938 237653 413523 492044 399847 167675 679233 620207 722204 609839 511261 55367 180967 463451 414402 193677 278169 629544 609843 327983 224895 561114 391523 452331 313130 356217 234145 636404 658475 241108 190837 369695 569686 622255 488567 741565 633493 118570 693210 755146 418771 598014 577939 385562 317715 631924 307544 255000 999999999 649459 730589 435545 175678 665031 506384 555353 765866 252653 466539 486861 320692 238963 68281 315461 499092 250179 291670 250987 128397 485345 197943 402925 519165 581813 583408 136282 305451 554893 340768 410509 466268 461164 382354 380730 559026 620311 274349 430871 457313 382478 284689 334435 276484 402375 174676 500461
536898 520455 473558 374534 940528 878395 235981 214971 252137 761224 62798 569332 439859 123808 380112 615342 501227 872548 428238 688738 767505 413547 647093 545806 801532 969357 672759 1005420 618233 738704 730273 318733 118274 606430 741331 494398 993092 37496 527503 364761 30435 536616 299071 541832 337069 128202 1022907 422194 897626 627845 795199 841907 649459 999999999 286450 331144 496769 443553 1021444 983554 460255 402955 202086 200289 644818 443248 653131 928594 687052 626802 938614 398501 623297 983731 485199 553870 269719 678433 251174 783961 951319 458538 865844 444197 382531 197666 950851 567750 489612 151332 489579 476628 304059 964571 776056 588563 808859 772653 506964 485040
823312 691229 354060 89452 1074079 922836 388209 456542 416059 786797 342047 838260 725694 187269 258107 716376 551472 1066130 658838 690258 926319 692697 907831 747595 809959 1168998 585858 1154029 566597 673890 718266 115884 404541 589232 875260 430753 1189306 265170 774196 83635 313607 613016 48336 826766 563875 193100 1213637 373352 1029457 893991 957328 848863 730589 286450 999999999 298334 628258 725387 1186920 1177817 746704 536430 415965 433188 837055 595836 759960 941507 920988 799176 989946 510808 754105 921659 627405 462367 529938 930878 528070 864006 1031047 723515 1019822 370012 293398 317852 931269 486448 753575 157396 483910 711465 543666 1097564 749111 789974 956011 692624 642515 346635
764524 442165 155537 325385 787471 625188 206545 339362 229328 490589 388264 698005 663076 230329 101931 427002 254903 813040 474736 398017 654904 596538 744695 519913 517613 917626 342507 872106 295595 414190 430962 201155 412692 300955 593134 164567 934707 293805 598206 306642 334960 320117 258393 746764 393116 219822 954385 92847 742958 743033 686746 557379 435545 331144 298334 999999999 358548 636245 912534 922020 697807 280634 283621 314913 593528 344457 471055 649384 715217 542579 691998 244905 475238 663329 364562 222788 417596 751311 452500 567110 733261 585915 743060 113370 70234 166824 650118 236968 610399 224329 188546 525610 395150 810410 468634 558141 677570 444689 373885 176635
