NAME : synthetic_000742
TYPE : CTSP-D
DIMENSION : 100
GROUPS : 8
RELAXATION_LEVEL : 1
EDGE_WEIGHT_TYPE : EXPLICIT
EDGE_WEIGHT_FORMAT : FULL_MATRIX
EDGE_WEIGHT_SECTION
999999999 748756 956879 584097 370790 886629 154810 816960 803481 933662 434576 1024261 981890 571411 539159 49024 207182 845194 920406 507903 115301 904989 861294 915785 838676 271750 856335 418200 82795 832537 670458 589750 892325 902156 202692 780901 909362 685467 360207 119858 744695 747760 430091 995299 835243 283419 263856 729026 947631 498233 687094 788380 480475 388083 143305 158692 908166 719960 590112 553982 943319 757789 1113759 415274 716019 1198617 763578 490137 489228 444511 688463 449354 76717 834355 658918 844219 703908 839867 1072665 894000 649711 722442 825597 120748 785489 353016 633837 405048 379808 659187 822447 662590 795133 108468 859017 1106337 955288 1044902 601360 516351
748756 999999999 541561 170729 460670 651220 608277 271928 661892 558212 317829 642765 449416 193952 253510 791097 719690 234975 805032 246134 864057 178838 364468 834524 458797 609260 325524 355432 782333 715161 356003 186859 541410 932180 546250 91303 758611 149935 411151 630682 549961 220080 405437 715494 847053 516726 790653 52176 808146 864408 98336 200828 268983 704717 854234 640393 859146 529949 846124 805711 757981 226341 633657 528699 118323 665689 258591 288571 267736 320693 910160 402589 726428 448839 814377 813426 238876 701518 459486 859599 107360 444384 77654 865092 889557 412990 914474 349453 466792 444660 260297 429556 157761 841959 814199 586390 271757 534836 281641 289983
956879 541561 999999999 615734 856893 199341 806180 811262 287922 45358 678084 101212 145187 521447 496064 1005832 808183 765967 363126 647244 1054259 457851 177181 404328 120137 698504 862460 585732 941293 321258 298372 660041 79605 540928 792895 627283 312140 426825 628874 873733 249043 330955 535981 198167 478895 863813 833604 590940 348140 750032 622493 740859 609066 671045 990542 800020 441477 263005 662084 644161 286464 767804 158909 550198 656064 254961 800020 714149 573804 711198 665976 514771 979042 126384 574206 430196 338548 299203 263289 452063 520972 234689 529414 1072582 569014 640481 711225 702842 578084 298690 798357 294343 694711 1065312 419964 172263 370888 126315 785149 494128
584097 170729 615734 999999999 293589 678221 450313 297969 661973 620564 149737 714170 556737 109396 169973 624838 577348 297042 811313 76576 699153 344873 449026 833934 510869 476040 352448 222851 623582 714042 358503 47047 593748 910071 383104 198992 770863 191913 269329 464851 551194 289554 297568 761403 823362 346089 654077 144941 821210 762207 105860 241004 116520 594536 696816 487963 851940 526214 764925 721590 779897 232635 735276 428082 143464 784883 256319 121294 133894 149981 841654 303163 557753 501560 752795 797917 277480 704973 595675 848655 102371 455355 248198 698393 846521 267643 833548 180466 349337 431298 294917 419384 228201 674152 802419 698104 424810 640397 172924 201896
370790 460670 856893 293589 999999999 867516 299119 455518 819857 850805 179454 947643 825994 347026 360916 397475 463446 492227 964902 228004 474842 637788 709046 976618 740390 414254 490156 288408 437467 865442 564374 274901 816438 1016140 223112 460889 935143 465821 272940 261261 723089 557168 370248 966307 933314 87465 547334 424003 983059 732938 374085 438521 249572 569671 509423 353365 984079 695466 780247 735911 955693 401744 994412 464058 389007 1056350 402123 172576 283331 152112 874181 389840 317226 732541 806654 922107 529718 863196 880727 975643 390600 651891 536289 463285 923764 260723 842642 154239 375656 604885 463119 599047 456150 432778 931655 965992 717535 905490 240584 365016
886629 651220 199341 678221 867516 999999999 747537 921665 104955 154265 698549 182957 339074 571189 525189 934115 710396 885661 169839 688140 970536 611829 320262 209000 200999 615698 976245 579723 855047 124446 320042 725184 135604 342335 753757 742137 118282 511293 607421 823856 147253 431606 506502 108715 279985 854190 717697 694193 162628 591994 714000 850616 636685 547938 892748 728331 244510 174615 491177 481486 107137 869187 320052 472294 753969 423412 900357 753122 598713 737312 479843 485082 923103 210453 395061 231035 416207 102320 461749 253855 599876 223532 659897 993734 373047 620060 531989 716529 528621 262698 910898 269515 808978 992558 220625 357838 542396 322945 850847 509264
154810 608277 806180 450313 299119 747537 999999999 708695 670894 784733 304946 876928 827456 424104 387218 203378 164868 728894 797346 376485 265233 757529 706694 797496 687192 152162 753443 266282 174065 704748 516803 463424 743883 801936 78280 649278 781011 534548 207619 81389 602710 593788 275679 855634 727932 220046 248402 593737 822447 449713 555735 671146 339651 302086 246614 54817 794543 576940 517513 475890 812087 645876 962083 276285 588973 1045446 656515 372723 343076 324400 616011 295304 175722 682507 567437 730113 549496 709706 917900 782041 505655 572565 683810 275246 692908 201599 572709 279515 228106 510257 711932 512572 671397 262187 743471 953007 803416 891420 499052 362829
816960 271928 811262 297969 455518 921665 708695 999999999 926090 829552 411086 912277 708846 395777 461720 848938 854508 63160 1071875 350065 926416 388703 634161 1099502 730697 763283 56173 517528 872938 979334 616733 262730 813328 1189306 632698 183983 1026742 412218 557391 699362 813544 491698 595468 987419 1103048 538682 935302 227549 1076663 1058935 216265 71157 408057 890297 947059 754759 1122020 791606 1062654 1019449 1028029 65873 892023 725972 172241 910749 53524 336465 431184 385037 1137893 601013 770849 720740 1047235 1072864 506246 967024 694192 1121093 332829 709612 288081 917280 1135326 553123 1131328 431435 645584 701264 16274 687187 116763 887584 1075143 839361 497199 792986 216122 496406
803481 661892 287922 661973 819857 104955 670894 926090 999999999 243070 659866 286999 416115 552662 498369 849950 619311 896304 149623 660219 881817 650542 370306 173469 250063 531757 981801 532185 766413 53300 309577 708828 212420 279876 685354 753046 115319 514563 551201 749611 112559 449148 450788 204483 202954 797201 620768 699787 163623 487249 712371 856001 603781 450640 799969 646716 197498 135912 386440 376602 141332 869319 421860 394854 754789 525246 899282 722241 565984 700326 379386 430456 845093 257474 291504 159380 423062 43768 542316 199450 595533 217510 682474 906522 283277 563884 428818 673919 462098 230751 916784 242700 817915 907514 155906 454950 595081 414199 831567 476133
933662 558212 45358 620564 850805 154265 784733 829552 243070 999999999 673211 96873 186933 522158 491395 982470 778948 786576 319578 646997 1028593 486843 197886 360453 111127 671618 881817 573979 914797 275900 287285 665874 42179 496259 775466 645938 268311 435306 614120 854423 211276 342266 518533 164438 433594 853177 801045 606209 305891 709919 634847 758700 605308 636533 961911 775883 397258 227858 619825 603068 244533 783546 192167 523102 670324 292374 815621 713918 569058 707887 621685 497011 958861 119792 530662 384952 343462 253846 307690 407500 529145 212483 551850 1047950 523719 626052 667873 696572 556917 274599 817168 272397 713556 1041906 374868 214027 405052 171209 791859 486108
434576 317829 678084 149737 179454 698549 304946 411086 659866 673211 999999999 769919 647537 170459 182075 475100 443657 425759 807950 73332 549530 485224 529891 823720 562425 354381 459928 136067 476580 708222 388268 158480 639822 878363 234635 346697 774277 291905 154448 315173 557371 379873 226341 794073 792972 207626 524217 294640 823422 661611 252820 367933 70305 491641 550331 346739 835270 530090 683817 639172 791339 346318 814971 346072 284232 877803 361052 80900 104300 41513 769992 241503 408668 554368 690381 775771 350656 703611 707058 828778 228248 478827 395441 548676 797916 147303 750730 32170 256529 436576 412475 429038 366461 524655 783429 787096 553744 726399 217963 190000
1024261 642765 101212 714170 947643 182957 876928 912277 286999 96873 769919 999999999 228122 617467 588013 1072881 863402 866513 318260 742706 1116748 554500 278342 360407 207535 759226 963273 670536 1002242 304668 384115 758972 134237 501284 870053 728295 271815 526607 709926 947923 287805 431439 613471 127676 452128 949811 880418 692141 296000 771485 723410 841946 701835 713075 1046719 865937 399375 308832 673352 661842 236014 869015 139987 611080 757218 242300 901232 809654 665720 804371 662206 591856 1051712 215829 577978 402708 436690 283077 327481 413072 620740 306680 629576 1137118 550453 721947 714947 793406 649766 366989 899292 366134 795670 1132208 389320 188500 462639 173732 884513 582981
981890 449416 145187 556737 825994 339074 827456 708846 416115 186933 647537 228122 999999999 479273 472417 1030714 857474 657986 506371 603011 1086923 333669 121586 547000 181929 741385 756635 580670 978397 455954 313403 596584 205649 681253 800625 526974 454975 365756 632086 886338 350103 269851 551816 341791 614730 847484 895220 501276 492695 844849 540494 640653 577276 743126 1034981 830887 583360 354666 768670 745024 431177 672961 184273 598195 567607 230361 705078 667923 546573 674740 785054 532646 993034 179483 689107 567093 297430 434455 126772 592924 455394 292581 421013 1101265 699350 642222 823596 676048 604636 353103 694714 342795 592532 1089644 558291 141391 235998 85488 716093 481360
571411 193952 521447 109396 347026 571189 424104 395777 552662 522158 170459 617467 479273 999999999 66488 616416 526597 384182 702066 126012 686056 333737 363946 724539 411299 415336 451564 162997 597110 604670 251152 156168 492793 801741 369814 260351 661973 122153 220465 457361 442123 210146 213877 657260 715044 376651 596756 197830 712291 678251 183087 332226 101887 514902 667403 451588 742625 416970 670594 628311 671825 332468 650864 341193 227562 709616 359015 192780 82403 195468 742878 213788 559348 402395 651506 688911 185245 595725 536684 739468 86597 347790 264371 690689 741085 223920 739372 200935 273723 321947 390367 310172 308229 670629 693228 619758 389477 559773 280118 102673
539159 253510 496064 169973 360916 525189 387218 461720 498369 491395 182075 588013 472417 66488 999999999 585902 475011 450657 647983 163133 652129 375166 352434 668485 380483 360413 517365 121036 556992 549456 208532 215014 458662 740613 342164 325162 609956 147839 179603 430340 390044 213317 152057 616608 653920 375181 541540 262571 660027 613375 249574 398644 114089 451573 624999 408461 684858 363857 604150 561945 622656 397971 634864 276488 294044 701592 423869 228013 77776 216702 676529 149468 535435 372352 585538 629567 175815 541878 544122 680866 147635 302375 318946 659685 676822 186157 672927 207185 214291 268379 456574 258230 374527 642190 634687 609912 416282 548571 333948 36872
49024 791097 1005832 624838 397475 934115 203378 848938 849950 982470 475100 1072881 1030714 616416 585902 999999999 245431 879551 964937 548362 77522 949597 910040 959359 887677 318624 886491 465120 103381 878104 719426 628265 941090 941857 246680 820284 954934 731640 407488 160422 792711 795359 478899 1042816 876683 311231 292764 769722 992545 528500 726687 823236 523760 428193 140974 207012 950782 768133 625052 590486 989393 791145 1162761 463344 754176 1247630 795432 526872 534070 482436 722631 498250 82437 883369 697616 887069 751827 885859 1120941 936292 693455 771359 868242 74296 823841 399926 665676 444816 428831 708043 855095 711526 831983 59480 902133 1155342 1001712 1093896 632849 563813
207182 719690 808183 577348 463446 710396 164868 854508 619311 778948 443657 863402 857474 526597 475011 245431 999999999 868329 725399 509546 263710 849109 742203 717449 695723 118925 902200 364265 149693 642625 545985 598863 736794 696426 240624 773764 719118 619893 309910 226470 576504 658508 331258 818575 631908 384819 84106 714285 754127 297818 682713 810610 461172 183052 183329 110181 707222 554575 383494 346829 755742 789952 967087 259990 720335 1059304 803787 519031 453341 470604 482186 343837 273135 693254 452339 643950 610509 652331 962412 692321 612809 576027 790863 290807 578734 310100 429930 423601 268053 511688 856126 518892 804724 297539 659441 969210 877291 909743 651522 442723
845194 234975 765967 297042 492227 885661 728894 63160 896304 786576 425759 866513 657986 384182 450657 879551 868329 999999999 1039967 358999 956723 332287 589567 1069195 691117 771539 99181 519880 896959 949599 588718 269633 772682 1164349 654828 143700 993581 382169 564516 726206 784109 454071 592139 946679 1078656 572185 947328 198104 1043085 1058071 201128 57829 412205 891179 971156 772390 1093313 763428 1054753 1012337 992567 90903 839998 722200 156980 854904 100464 357045 430550 404820 1126198 595435 803386 681164 1033337 1046409 473601 936243 637269 1093345 311966 678878 237608 949543 1116161 561613 1123533 449435 646027 675779 46984 661114 78916 920909 1047729 785763 440625 741246 252023 486685
920406 805032 363126 811313 964902 169839 797346 1071875 149623 319578 807950 318260 506371 702066 647983 964937 725399 1039967 999999999 809703 988927 778656 488778 42177 368064 651415 1127314 678499 874937 99763 456897 858214 305244 183065 819351 896335 51644 659686 694008 877761 260478 588458 594750 194534 146951 938073 712784 844798 32943 539407 859432 1001389 752899 546263 899707 767577 81132 285101 424430 430365 82488 1016205 457029 525279 901313 556589 1046502 871423 715184 848649 381224 575077 968312 377098 321632 103056 566485 106341 626277 95720 742950 362325 820419 1016092 250697 706611 445576 821040 600066 380272 1062107 391930 962058 1020640 85514 505982 711934 480744 981157 625456
507903 246134 647244 76576 228004 688140 376485 350065 660219 646997 73332 742706 603011 126012 163133 548362 509546 358999 809703 999999999 622862 416989 489268 828911 535940 413663 401555 170619 548989 710696 369935 89369 616559 894369 307580 273632 772548 239120 207334 388499 552853 333164 255875 778142 808007 272574 588338 221361 822501 711302 179779 301426 62898 541834 622539 416264 843691 526440 723757 679593 785753 284342 776416 384061 212743 833076 302672 66951 96880 77457 805499 266209 481226 527213 720944 786648 311108 703863 653035 838756 163464 464989 323778 621862 822018 203365 791759 103899 298946 431071 349767 421255 296136 597577 792780 743993 491003 684501 179096 184610
115301 864057 1054259 699153 474842 970536 265233 926416 881817 1028593 549530 1116748 1086923 686056 652129 77522 263710 956723 988927 622862 999999999 1019751 967208 980180 937672 357538 964007 531097 115515 906199 773997 703954 986778 951645 317952 895539 982755 799047 472642 234393 832697 858819 536572 1079106 891480 388729 289641 844093 1017792 520943 801798 900293 595737 444083 105025 256149 968661 809250 625819 595145 1019098 868475 1212314 505761 830073 1299897 872915 603288 604008 558346 720774 554820 158451 933954 706380 905936 814117 915595 1181178 953267 764857 819638 940892 34402 830847 466079 659481 519728 482370 755578 932517 760338 908447 63238 921747 1208109 1068409 1147122 710339 628055
904989 178838 457851 344873 637788 611829 757529 388703 650542 486843 485224 554500 333669 333737 375166 949597 849109 332287 778656 416989 1019751 999999999 292718 814016 410989 732675 431394 493128 929863 701523 381919 365404 483241 930262 702923 220739 728291 229323 551802 789909 547074 221197 519605 651256 850156 689555 912168 224153 774433 947754 274742 326263 427261 801714 999156 782674 844504 534395 908457 872539 717376 365778 511423 626120 282268 522622 396126 465232 415766 493721 957195 510348 889958 401743 857927 809536 266117 683912 305489 848857 257742 444699 112053 1023894 910993 556433 974228 517377 583477 469937 373365 453999 277475 1003025 806377 454924 108505 413813 455999 406401
861294 364468 177181 449026 709046 320262 706694 634161 370306 197886 529891 278342 121586 363946 352434 910040 742203 589567 488778 489268 967208 292718 999999999 525697 121485 624968 685606 459188 859685 418301 196223 491438 190607 648779 679060 450199 437778 257295 510508 764876 279940 159612 431249 361006 573178 727594 783927 414150 482807 751811 447151 563698 459601 637734 917725 711438 558111 276008 686055 657951 424985 590774 287245 484637 479581 349179 623006 555250 427686 558811 714786 412456 871573 113230 616040 529184 179344 399059 221647 564148 350467 197109 354064 980959 645878 520635 745578 557643 485412 249840 621348 237174 517683 968848 523883 257550 225023 196526 614658 360119
915785 834524 404328 833934 976618 209000 797496 1099502 173469 360453 823720 360407 547000 724539 668485 959359 717449 1069195 42177 828911 980180 814016 525697 999999999 404473 649293 1155177 692236 867138 120389 483046 880638 344600 141011 823380 925768 92188 687778 704407 878442 286022 619762 606540 236229 113227 946247 700094 873026 68843 517048 885830 1029343 770879 536221 888624 765289 39126 308955 400319 410049 124508 1042782 499055 529127 928255 598360 1072714 889415 733464 864757 349986 587545 966317 413261 298236 77251 595657 133048 667588 54986 768964 390359 852546 1008195 216005 716897 416340 835388 607507 402808 1090121 415390 990942 1014133 59828 548159 749669 522655 1002347 644311
838676 458797 120137 510869 740390 200999 687192 730697 250063 111127 562425 207535 181929 411299 380483 887677 695723 691117 368064 535940 937672 410989 121485 404473 999999999 583642 784180 466207 825555 297110 178704 556564 83764 527567 672827 548511 317408 328503 508780 753973 169400 239317 415998 257012 452992 744808 726134 504764 363506 663536 530225 659561 494307 568346 876950 682572 436649 172739 586926 563109 307304 681800 275084 436173 567429 363658 713612 602847 458202 596858 606340 394859 859486 9961 509224 408322 234890 277662 307030 442680 421584 119755 461215 955196 529088 520421 642641 586157 459241 184035 719043 177602 615968 947143 402650 273689 346375 215460 682806 376183
271750 609260 698504 476040 414254 615698 152162 763283 531757 671618 354381 759226 741385 415336 360413 318624 118925 771539 651415 413663 357538 732675 624968 649293 583642 999999999 813538 255953 243196 561661 428825 502536 629685 649855 201587 668499 638421 503355 207032 233305 475664 539700 213447 724413 576523 349164 181454 607674 677780 319107 579730 714358 359715 156842 293942 116164 644687 451871 371643 328607 671799 697755 857099 148519 619462 947146 714500 433899 346665 387034 468888 225211 317081 580588 415893 580291 491636 568452 844544 631700 501928 464511 678456 378807 540981 210298 430853 340033 149792 400137 763384 406082 704215 376871 594141 856250 758692 796121 570303 326896
856335 325524 862460 352448 490156 976245 753443 56173 981801 881817 459928 963273 756635 451564 517365 886491 902200 99181 1127314 401555 964007 431394 685606 1155177 784180 813538 999999999 570345 914986 1035061 672555 315590 866487 1245433 676605 235959 1081956 467632 608551 740064 869272 545590 649591 1040605 1159190 575313 983694 282602 1131809 1111948 272438 125930 460736 942933 988903 800767 1177882 847466 1117370 1074026 1082766 119849 938947 780026 228384 953980 99051 383183 485046 431676 1193243 655610 807153 774220 1102903 1128907 561325 1022612 736158 1177044 388967 765134 335784 953386 1191420 603798 1185996 478600 698666 757318 65350 743199 168346 922912 1131117 884912 539661 840123 255683 551839
418200 355432 585732 222851 288408 579723 266282 517528 532185 573979 136067 670536 580670 162997 121036 465120 364265 519880 678499 170619 531097 493128 459188 692236 466207 255953 570345 999999999 437001 578796 287503 254852 537089 742879 223018 412570 647352 268302 58839 310848 434751 331332 90279 680072 657777 279350 436538 351756 695668 541605 324592 463587 109617 372773 506040 289635 702215 407113 553737 509423 667323 451664 733129 214068 365424 806782 471924 212655 90827 177472 637199 106012 416755 459407 555482 641869 289906 575697 660375 695103 248710 367939 427285 538790 661910 65199 621527 143363 128488 317521 515860 312702 450046 521744 650107 714267 537316 652377 345803 100437
82795 782333 941293 623582 437467 855047 174065 872938 766413 914797 476580 1002242 978397 597110 556992 103381 149693 896959 874937 548989 115515 929863 859685 867138 825555 243196 914986 437001 999999999 791268 665009 634661 872877 843533 242584 822376 867905 704818 378195 176594 717582 758257 431621 963604 780763 350363 189496 767451 903499 425221 728648 839483 513695 332055 74206 150034 856689 694344 523225 489734 903963 811738 1099688 391698 760763 1188541 819993 539925 516656 492454 620317 448658 159502 822139 598584 793533 712283 800422 1076011 841650 679420 706927 857768 141157 724258 373467 562617 449470 374353 642673 877299 647989 842258 149275 809083 1097124 971789 1036478 659305 530061
832537 715161 321258 714042 865442 124446 704748 979334 53300 275900 708222 304668 455954 604670 549456 878104 642625 949599 99763 710696 906199 701523 418301 120389 297110 561661 1035061 578796 791268 999999999 362738 760822 250359 230480 723522 806327 76831 567859 595010 784500 165791 501992 495419 203280 158777 839760 637491 753079 119015 486091 765479 909272 653511 468162 820752 677530 144503 188583 378454 374813 114157 922439 443423 430386 807970 546555 952339 772063 615864 748954 358020 475603 877436 305081 278474 111799 476316 22173 580944 147397 648590 270779 735244 932114 248680 607640 413471 721285 502487 282761 970056 295130 871215 934830 105586 482283 643325 446320 883060 526275
670458 356003 298372 358503 564374 320042 516803 616733 309577 287285 388268 384115 313403 251152 208532 719426 545985 588718 456897 369935 773997 381919 196223 483046 178704 428825 672555 287503 665009 362738 999999999 405528 252070 576187 496885 446386 414118 206634 331056 579900 197042 161132 241850 408291 491101 566237 589050 391217 464474 576863 402822 546904 322287 448578 721928 517858 505342 174952 527997 493778 421492 559752 448643 289106 445234 528786 589800 435900 284999 424657 575490 221597 686164 171991 476426 457725 121734 351150 416913 504812 286106 96854 386845 789098 537944 342472 592951 410304 291644 90478 607684 74711 509978 778644 459078 436259 364900 374621 530902 199359
589750 186859 660041 47047 274901 725184 463424 262730 708828 665874 158480 758972 596584 156168 215014 628265 598863 269633 858214 89369 703954 365404 491438 880638 556564 502536 315590 254852 634661 760822 405528 999999999 639656 955608 392259 192707 817874 234238 295754 469900 598162 331837 334911 807891 868909 336917 677696 149395 868216 796407 100779 212096 145328 627595 708543 504639 898379 573114 803603 759896 826939 196857 776647 465048 126365 823342 217561 105366 170280 145952 882226 342287 557585 547181 794651 844006 322460 751873 629597 894923 141398 502382 261514 700894 890359 292319 872036 185413 383087 478113 261541 466297 207985 675048 848697 737739 452421 680876 126400 245440
892325 541410 79605 593748 816438 135604 743883 813328 212420 42179 639822 134237 205649 492793 458662 941090 736794 772682 305244 616559 986778 483241 190607 344600 83764 629685 866487 537089 872877 250359 252070 639656 999999999 476329 735905 630611 253608 412264 575783 814175 170302 322545 479246 174118 409119 816439 758972 587930 295612 670580 613921 742237 572750 594733 919780 734389 379814 186012 582609 564560 236086 765103 233690 481181 650907 332869 796974 683328 536005 675363 588220 457640 918305 93542 495507 361452 318486 228811 330747 388485 505264 172509 540679 1006306 495375 587838 632304 662331 516297 233626 801464 232135 698170 1000505 352836 251832 408580 204447 765981 451424
902156 932180 540928 910071 1016140 342335 801936 1189306 279876 496259 878363 501284 681253 801741 740613 941857 696426 1164349 183065 894369 951645 930262 648779 141011 527567 649855 1245433 742879 843533 230480 576187 955608 476329 999999999 840125 1022505 230798 782706 744217 883160 385757 725251 653279 377128 86709 974618 663132 966375 208120 451130 973296 1120639 833342 514082 853431 762282 101935 403090 334008 357886 265509 1129561 640064 553590 1017067 739245 1158117 950213 797504 919876 257328 636958 960770 535560 245266 120760 695178 250149 803942 89032 856479 491528 958336 982192 123719 756067 328066 885317 640520 488628 1181229 503236 1085475 992763 124917 688724 873802 661564 1072155 711900
202692 546250 792895 383104 223112 753757 78280 632698 685354 775466 234635 870053 800625 369814 342164 246680 240624 654828 819351 307580 317952 702923 679060 823380 672827 201587 676605 223018 242584 723522 496885 392259 735905 840125 999999999 581209 798449 486146 168608 88215 606822 554240 257060 860218 762409 149103 324668 527789 842386 515055 487344 597243 277787 358176 316659 130955 823963 579950 573227 530086 826442 570532 945490 294326 518496 1023934 580203 297853 287436 250060 670287 278488 193743 667176 613480 759849 512811 726153 883286 812775 447096 563397 622972 320975 736599 158977 631988 206934 225139 504113 636401 503982 599703 301073 771997 931243 756413 869319 421681 323336
780901 91303 627283 198992 460889 742137 649278 183983 753046 645938 346697 728295 526974 260351 325162 820284 773764 143700 896335 273632 895539 220739 450199 925768 548511 668499 235959 412570 822376 806327 446386 192707 630611 1022505 581209 999999999 849884 239799 464051 661196 641009 310646 473996 804722 937138 528391 848584 62594 899386 938433 93878 114026 313121 775133 895723 686654 950223 620728 926514 885171 848987 147429 710842 601405 72621 734993 179044 297255 321843 338505 993784 474051 750247 538551 899143 904054 330111 792775 522028 950523 179021 535553 110600 893198 977604 463710 995149 375856 532469 534381 171244 519463 67624 867634 905038 660108 326556 611713 246811 362008
909362 758611 312140 770863 935143 118282 781011 1026742 115319 268311 774277 271815 454975 661973 609956 954934 719118 993581 51644 772548 982755 728291 437778 92188 317408 638421 1081956 647352 867905 76831 414118 817874 253608 230798 798449 849884 999999999 614598 666418 860546 220061 540890 566083 152649 182653 912205 712505 799354 50374 552816 815510 956038 717105 543671 896696 754240 129760 246122 441230 442065 43827 971983 411496 506077 856884 512402 1002565 835358 679187 814536 408355 545774 954002 326563 338986 134117 520664 72553 575405 141908 699521 318277 772028 1008802 284566 679095 469233 788815 576223 341578 1016668 352185 915989 1011635 119033 458278 660571 431016 941809 589161
685467 149935 426825 191913 465821 511293 534548 412218 514563 435306 291905 526607 365756 122153 147839 731640 619893 382169 659686 239120 799047 229323 257295 687778 328503 503355 467632 268302 704818 567859 206634 234238 412264 782706 486146 239799 614598 999999999 327092 574270 402174 97700 290412 584307 697376 498711 683055 185249 664593 730817 202988 341716 224025 578056 772763 556252 711284 381260 703939 664884 616938 357988 543372 401248 242749 595047 389068 302739 201801 313714 764061 281857 677897 318777 667263 664355 95226 555063 415396 711183 94153 297537 192540 805682 739901 333039 771730 322811 354271 294773 402456 279743 303529 787123 665562 507124 270268 448831 358445 177353
360207 411151 628874 269329 272940 607421 207619 557391 551201 614120 154448 709926 632086 220465 179603 407488 309910 564516 694008 207334 472642 551802 510508 704407 508780 207032 608551 58839 378195 595010 331056 295754 575783 744217 168608 464051 666418 327092 999999999 255347 460577 387992 101072 710777 660810 246963 384963 404375 713401 507434 373791 507383 152842 337454 447466 231247 711238 432997 530826 486089 689538 491674 779386 196915 412792 856107 509543 235331 143698 192370 618953 122347 361851 502609 543119 649170 345255 594031 715499 702709 305223 404129 484147 480908 655683 12700 597229 149026 106248 348787 557015 346274 497519 464599 658797 763435 595814 701493 372268 156387
119858 630682 873733 464851 261261 823856 81389 699362 749611 854423 315173 947923 886338 457361 430340 160422 226470 726206 877761 388499 234393 789909 764876 878442 753973 233305 740064 310848 176594 784500 579900 469900 814175 883160 88215 661196 860546 574270 255347 999999999 678045 642173 338339 931490 809318 174675 305210 609787 902517 521181 567428 669207 363503 380377 249587 125752 875796 651804 594874 554035 890919 639382 1027861 354775 596161 1108174 646133 370503 374958 324677 693727 359215 106697 748723 647757 811369 600348 788953 970749 863362 533314 641943 707820 234531 773529 246320 648024 285353 298427 580976 704403 582088 675373 213269 824646 1015508 844538 953650 484511 410978
744695 549961 249043 551194 723089 147253 602710 813544 112559 211276 557371 287805 350103 442123 390044 792711 576504 784109 260478 552853 832697 547074 279940 286022 169400 475664 869272 434751 717582 165791 197042 598162 170302 385757 606822 641009 220061 402174 460577 678045 999999999 339561 359561 253570 303561 707485 592800 587356 270288 501731 599860 743492 498290 426395 759805 586028 309219 27665 419114 397675 233991 756794 403424 329422 642233 503170 786809 616196 460286 597047 437204 338239 778428 173894 339831 265385 311348 154338 476077 309815 483076 106094 572806 854470 367308 473239 473528 573681 381748 121807 804277 132128 705628 851610 264797 420938 500480 369718 721805 370227
747760 220080 330955 289554 557168 431606 593788 491698 449148 342266 379873 431439 269851 210146 213317 795359 658508 454071 588458 333164 858819 221197 159612 619762 239317 539700 545590 331332 758257 501992 161132 331837 322545 725251 554240 310646 540890 97700 387992 642173 339561 999999999 328869 496318 642189 583510 713498 265449 589953 729676 292596 420541 310019 589728 822565 608237 646495 322958 687367 651824 538571 442559 445848 417873 328493 499960 474436 398179 281991 405450 736614 314778 747897 229383 637554 604945 48769 486876 330979 648442 191045 233752 233369 868507 695864 396151 753036 409410 390797 250388 480328 234417 377740 852589 603989 410942 219873 351952 455446 231606
430091 405437 535981 297568 370248 506502 275679 595468 450788 518533 226341 613471 551816 213877 152057 478899 331258 592139 594750 255875 536572 519605 431249 606540 415998 213447 649591 90279 431621 495419 241850 334911 479246 653279 257060 473996 566083 290412 101072 338339 359561 328869 999999999 610310 568504 348034 392649 411582 613441 466098 392304 537464 193099 301145 494155 281929 615011 332002 468820 425008 588654 529950 689529 130514 435455 770591 552296 302322 164676 267717 549627 21731 444404 410550 466139 553913 281756 493820 644849 607312 298913 306831 470539 549731 571649 113758 537169 232060 63872 249310 592443 247907 518723 537855 562714 678014 546480 616287 433669 116247
995299 715494 198167 761403 966307 108715 855634 987419 204483 164438 794073 127676 341791 657260 616608 1042816 818575 946679 194534 778142 1079106 651256 361006 236229 257012 724413 1040605 680072 963604 203280 408291 807891 174118 377128 860218 804722 152649 584307 710777 931490 253570 496318 610310 999999999 335288 956854 824047 761767 169791 687932 786747 916317 729858 654004 1000639 836953 275355 280271 581683 576686 112310 938807 263534 580769 824361 362134 970602 844191 692198 831714 557677 588710 1031281 266938 481627 286700 489634 184541 451075 290224 676355 315247 713837 1102409 436993 723334 615733 813789 635235 362802 975580 367478 872286 1101272 271645 315937 568343 299023 934257 604076
835243 847053 478895 823362 933314 279985 727932 1103048 202954 433594 792972 452128 614730 715044 653920 876683 631908 1078656 146951 808007 891480 850156 573178 113227 452992 576523 1159190 657777 780763 158777 491101 868909 409119 86709 762409 937138 182653 697376 660810 809318 303561 642189 568504 335288 999999999 894153 606109 880607 178859 410132 886959 1034543 747142 448874 796253 690751 84464 319313 292189 306890 224208 1043111 592116 472641 930808 693918 1071584 864249 711164 834477 236822 551779 890816 460427 192561 49471 610837 180363 739589 66171 770224 408536 874815 920914 103748 672808 303768 800548 558096 402888 1095086 417683 999757 929406 63658 635625 797781 602909 985633 625314
283419 516726 863813 346089 87465 854190 220046 538682 797201 853177 207626 949811 847484 376651 375181 311231 384819 572185 938073 272574 388729 689555 727594 946247 744808 349164 575313 279350 350363 839760 566237 336917 816439 974618 149103 528391 912205 498711 246963 174675 707485 583510 348034 956854 894153 999999999 467939 485500 958551 664157 437695 517048 274796 506005 422055 274861 950442 679883 720133 676514 936181 482554 1008173 421514 458254 1076767 485161 231564 301676 196160 816311 369255 232179 737737 755167 887184 550273 839695 912939 940633 434596 646869 593970 378605 875998 234281 780017 176069 338765 594187 545455 590570 530630 349071 898030 984999 761177 923544 322643 370571
263856 790653 833604 654077 547334 717697 248402 935302 620768 801045 524217 880418 895220 596756 541540 292764 84106 947328 712784 588338 289641 912168 783927 700094 726134 181454 983694 436538 189496 637491 589050 677696 758972 663132 324668 848584 712505 683055 384963 305210 592800 713498 392649 824047 606109 467939 999999999 788198 743154 235737 758754 889757 537568 170130 190423 193969 685545 573505 336303 305790 751637 870406 991981 300143 797469 1087560 885041 600769 526896 552516 432112 402218 336791 724741 418101 624240 664890 649704 1005473 669400 683339 606858 859865 321454 541628 386494 373234 505352 328810 543586 936482 552785 882112 336209 640741 999402 933330 941553 734208 507533
729026 52176 590940 144941 424003 694193 593737 227549 699787 606209 294640 692141 501276 197830 262571 769722 714285 198104 844798 221361 844093 224153 414150 873026 504764 607674 282602 351756 767451 753079 391217 149395 587930 966375 527789 62594 799354 185249 404375 609787 587356 265449 411582 761767 880607 485500 788198 999999999 849218 875844 51178 156688 255193 712692 840350 629381 896365 566122 864359 822884 800493 177349 685471 538821 66333 717844 209415 254373 261324 291388 932396 411479 701972 494832 838215 848695 278743 740302 511042 896027 116865 482767 114640 843203 918597 404614 933028 325081 470400 477759 217331 463173 119188 818691 850285 638511 321533 586728 232316 299415
947631 808146 348140 821210 983059 162628 822447 1076663 163623 305891 823422 296000 492695 712291 660027 992545 754127 1043085 32943 822501 1017792 774433 482807 68843 363506 677780 1131809 695668 903499 119015 464474 868216 295612 208120 842386 899386 50374 664593 713401 902517 270288 589953 613441 169791 178859 958551 743154 849218 999999999 572009 865706 1005906 766772 575932 929452 793880 107305 296172 457248 462730 61790 1022114 433311 548918 906986 531512 1052743 885107 728891 863811 413906 593366 994313 372874 354434 135893 570485 119982 610256 123826 749794 368554 820442 1044617 282546 726053 478464 837533 621488 391660 1066503 402415 965629 1048607 118259 484427 704039 462286 992083 638904
498233 864408 750032 762207 732938 591994 449713 1058935 487249 709919 661611 771485 844849 678251 613375 528500 297818 1058071 539407 711302 520943 947754 751811 517048 663536 319107 1111948 541605 425221 486091 576863 796407 670580 451130 515055 938433 552816 730817 507434 521181 501731 729676 466098 687932 410132 664157 235737 875844 572009 999999999 858388 1002968 651220 169983 417415 397059 494202 491949 118239 111293 595803 993106 900074 337058 901522 1001977 1013489 742485 628329 697891 202509 464465 568936 665409 218823 440005 682518 503580 967177 476237 760682 555798 922042 553947 327437 514338 138544 652053 413353 503057 1056817 516970 984787 570877 457763 922262 941707 871361 879572 576504
687094 98336 622493 105860 374085 714000 555735 216265 712371 634847 252820 723410 540494 183087 249574 726687 682713 201128 859432 179779 801798 274742 447151 885830 530225 579730 272438 324592 728648 765479 402822 100779 613921 973296 487344 93878 815510 202988 373791 567428 599860 292596 392304 786747 886959 437695 758754 51178 865706 858388 999999999 149806 221543 692631 802075 593812 907378 577189 853627 811221 819252 156972 724117 521868 44704 760661 187083 206137 233911 245570 925619 394785 657251 520394 833465 857305 298208 753919 556948 905996 117080 497336 165811 799741 919422 372706 922408 282075 448068 485766 209226 471954 126438 774457 859942 679376 370075 625946 183312 285557
788380 200828 740859 241004 438521 850616 671146 71157 856001 758700 367933 841946 640653 332226 398644 823236 810610 57829 1001389 301426 900293 326263 563698 1029343 659561 714358 125930 463587 839483 909272 546904 212096 742237 1120639 597243 114026 956038 341716 507383 669207 743492 420541 537464 916317 1034543 517048 889757 156688 1005906 1002968 149806 999999999 355385 835532 913671 714563 1052244 721849 1002025 959287 957040 45986 824316 667798 105109 846060 71279 299566 374836 347195 1075089 541512 747636 649605 983217 1003695 435428 896732 631039 1051569 264704 639235 221294 893611 1068844 504289 1070791 391663 590330 632210 60786 617945 48929 865300 1005698 772783 434266 725200 199914 434175
480475 268983 609066 116520 249572 636685 339651 408057 603781 605308 70305 701835 577276 101887 114089 523760 461172 412205 752899 62898 595737 427261 459601 770879 494307 359715 460736 109617 513695 653511 322287 145328 572750 833342 277787 313121 717105 224025 152842 363503 498290 310019 193099 729858 747142 274796 537568 255193 766772 651220 221543 355385 999999999 482279 586041 374189 784622 471428 661378 617310 732035 342184 744870 321820 259968 807520 362315 118562 38030 102622 742685 203326 462698 486063 658059 726816 280352 647526 638288 779220 169907 414961 345310 597981 759600 151209 729497 99445 238044 376623 406657 367864 344682 576189 733389 716791 489655 656103 241747 128062
388083 704717 671045 594536 569671 547938 302086 890297 450640 636533 491641 713075 743126 514902 451573 428193 183052 891179 546263 541834 444083 801714 637734 536221 568346 156842 942933 372773 332055 468162 448578 627595 594733 514082 358176 775133 543671 578056 337454 380377 426395 589728 301145 654004 448874 506005 170130 712692 575932 169983 692631 835532 482279 999999999 353520 255136 524757 408721 215711 173814 582224 824431 828385 176972 735181 925898 844297 572522 460710 528091 313949 302168 448490 567956 271430 461865 541234 479915 858729 509613 599174 451059 766228 472658 398135 344386 274015 482449 245202 390192 888559 401381 819043 480533 477671 839549 807603 783342 709599 414865
143305 854234 990542 696816 509423 892748 246614 947059 799969 961911 550331 1046719 1034981 667403 624999 140974 183329 971156 899707 622539 105025 999156 917725 888624 876950 293942 988903 506040 74206 820752 721928 708543 919780 853431 316659 895723 896696 772763 447466 249587 759805 822565 494155 1000639 796253 422055 190423 840350 929452 417415 802075 913671 586041 353520 999999999 216559 875121 737897 524604 495792 934531 885929 1149391 440805 834557 1240595 894079 614118 587691 566609 618310 509955 215639 874127 608496 813296 775847 831559 1136018 859190 750566 757480 929238 139158 731602 443484 555921 523464 434420 693065 951470 699574 916239 162425 829561 1149959 1038005 1089978 733222 596747
158692 640393 800020 487963 353365 728331 54817 754759 646716 775883 346739 865937 830887 451588 408461 207012 110181 772390 767577 416264 256149 782674 711438 765289 682572 116164 800767 289635 150034 677530 517858 504639 734389 762282 130955 686654 754240 556252 231247 125752 586028 608237 281929 836953 690751 274861 193969 629381 793880 397059 593812 714563 374189 255136 216559 999999999 760161 561268 469175 428554 787162 691139 957532 256610 628925 1044115 703119 418295 372893 369722 568074 299440 201030 678605 524196 695815 562258 683970 926686 746906 535595 565358 714527 272631 650463 227882 522427 323601 226261 501718 757335 505707 712340 266276 709860 952191 822233 891107 547663 380612
