NAME : synthetic_000369
TYPE : CTSP-D
DIMENSION : 100
GROUPS : 8
RELAXATION_LEVEL : 1
EDGE_WEIGHT_TYPE : EXPLICIT
EDGE_WEIGHT_FORMAT : FULL_MATRIX
EDGE_WEIGHT_SECTION
999999999 389559 556844 94579 726250 166799 787544 660769 759324 584935 458881 165580 748806 285763 122891 434291 782161 747329 243208 953778 459002 659191 88593 897389 933872 202356 938439 892374 653889 89943 615092 894136 959114 729229 327216 615047 491616 720173 514999 797530 460384 962702 1051307 939629 761206 772193 327257 1043057 379854 576203 939589 217243 819582 313279 371103 482737 468621 611907 705674 838567 370190 724503 628385 526532 1005685 631101 158030 1165026 490781 758069 303691 697796 345782 182252 689680 643431 277991 984634 614615 926278 714430 832688 414236 710126 622323 538496 416810 226591 997645 1121474 447346 763866 744090 817029 786678 617210 169632 887739 390033 371608
389559 999999999 178232 403511 339105 551441 501725 634288 374676 577903 433853 234149 503963 216923 345308 524379 468977 652181 405325 652788 117378 623853 340292 534879 615267 465341 585910 576474 468584 450302 545431 635322 574303 567326 402943 410168 416198 479429 326884 408460 72609 609694 723631 640272 748000 519627 476725 697596 115801 440527 578296 361344 471121 251134 282917 197711 223808 333820 447306 556248 237445 436969 610608 585264 669060 603379 233093 802195 566960 478758 365150 327005 497401 446611 490684 281949 320371 629778 348136 652866 552119 444813 428319 416706 254809 174371 211234 228770 622261 771696 80202 734144 442616 457538 415059 229147 329303 507792 521181 102595
556844 178232 999999999 555113 214821 712257 363115 626623 256750 587564 463834 409596 391382 388089 522824 586089 451087 607638 518245 496943 204200 613194 515654 357245 452217 596195 410192 416039 399934 624036 529071 502515 402358 496840 485814 341353 425080 519541 428734 265398 107638 433660 554498 485698 734384 545724 569881 522904 193262 408655 400693 480849 298503 416014 434258 159256 204404 375631 333658 415395 387243 304254 610325 623920 497466 599260 405134 624057 615894 490150 454012 254680 587552 580705 409383 110023 418484 453174 249300 511146 483509 279288 478194 282482 80241 181066 234792 406315 444823 595492 171586 713882 299487 281129 325773 76017 507507 331822 599659 258317
94579 403511 555113 999999999 742121 163897 744214 574775 778178 498644 380723 213468 696637 348526 211041 342699 831483 667985 154430 910785 491287 574246 173336 878198 896663 109111 913859 855119 592863 173717 535932 841274 955092 660990 243760 559912 419661 784220 581482 809162 469164 937960 1015272 896428 672170 834997 234226 1013927 365932 509657 919127 137994 795521 382768 443285 456553 434393 665828 658240 792908 434807 683702 542170 435275 973573 545956 194977 1142765 398915 815136 226252 725987 252101 88201 629877 629891 210769 960416 573441 876330 646743 834355 333061 671446 612294 567323 380890 289194 984791 1093264 471931 676355 706440 797835 815000 622115 255159 879670 296589 409241
726250 339105 214821 742121 999999999 889932 476003 828317 42193 795397 677163 564663 535629 495416 665031 800909 299594 792552 725198 557372 280606 814050 668064 336577 497503 796710 402031 474119 580763 779415 729842 608189 284711 669988 698982 526891 635678 421876 424438 77535 273869 419302 566604 550504 931681 428290 782056 508624 398435 607811 372786 685144 333622 506023 497635 372563 417574 312451 484060 517089 456372 436025 814869 837071 503918 802746 568328 560781 830143 364324 666007 99377 800320 779469 580645 234016 628202 430725 426111 600669 658770 154354 692915 416322 218517 202729 449581 534351 365261 563061 280813 908595 416033 294780 123440 139176 637600 253131 813853 368125
166799 551441 712257 163897 889932 999999999 906402 694174 923927 619057 521065 332361 855781 448191 269535 450036 946775 800571 289079 1072779 625532 696443 245326 1041281 1059924 199684 1077601 1018408 747479 158420 670955 999559 1114006 808835 381466 718319 566928 877396 671937 959869 620609 1101721 1178627 1058385 779777 930062 341819 1177820 526582 660762 1082431 289958 959170 471037 525268 620080 598284 775393 819418 954313 530243 846583 661690 539753 1137355 668257 323489 1306379 501799 919546 373880 864156 352533 194335 785059 791424 367937 1124146 736468 1035903 795278 990614 470237 834718 772754 704754 544771 390232 1146622 1257161 612644 789248 869820 960851 953120 776284 315846 1039968 395111 538374
787544 501725 363115 744214 476003 906402 999999999 472682 509296 480449 444605 686530 91412 716246 801704 583880 771654 382217 634516 166643 564362 456712 781127 254404 161118 731433 240407 122630 210954 872504 388294 139650 414915 249823 555888 203873 385396 869573 791669 464487 450842 257773 278185 152347 544905 888065 634035 299926 431239 296779 271720 619884 176578 752639 782694 319215 321263 731921 91343 54582 736162 65644 476059 565194 250739 460283 670609 448127 580005 827211 546462 563064 641238 725864 182150 264711 540677 278777 173044 151166 246355 396128 490198 85040 293272 541973 371213 715258 370913 377080 527138 514853 64078 216859 596529 388068 802593 340269 627056 600987
660769 634288 626623 574775 828317 694174 472682 999999999 869854 76153 215859 664943 381704 772463 744243 245125 1072755 131802 420374 589267 747898 15989 708502 720919 617741 495677 713074 587278 270467 747410 98511 468362 871521 231721 333662 310126 218326 1111204 956238 852794 638300 730209 717868 576995 114003 1147878 352427 761506 518489 220574 743126 443870 632988 817705 872479 472684 430043 963652 398220 486643 837438 457099 32688 163166 710175 31894 638508 911518 199172 1100295 360891 881284 342235 505284 291721 599803 397805 750775 410376 515070 230212 814605 249933 465493 610495 777933 424695 735401 840943 832390 705871 105834 490475 664987 948051 694750 772263 790172 301794 723863
759324 374676 256750 778178 42193 923927 509296 869854 999999999 837404 719343 596387 572005 520449 693868 842818 275195 832479 764955 582212 307637 855523 698584 353063 520900 835116 418512 499935 620723 809833 771359 639098 280887 708905 740163 567434 677840 408190 431218 69988 311628 434112 583208 576116 972757 409641 822938 521343 438576 649303 386445 724434 359770 528026 515227 414718 459742 310971 521509 548423 475850 472014 856643 879260 520591 844443 601294 562479 872264 345095 706901 94498 841354 817570 619667 273839 668624 443658 466372 629365 697945 160068 734921 452787 259613 227735 491422 562130 367929 571224 312243 949427 450638 319305 87245 181268 664628 261708 855337 396348
584935 577903 587564 498644 795397 619057 480449 76153 837404 999999999 148056 593592 392441 704902 670036 171809 1027019 191185 344233 612452 693490 77423 633968 719375 633768 420158 718464 600069 270111 671370 93796 497598 862962 259347 258041 296643 164795 1056990 895502 826024 588373 737302 740277 599341 181508 1095524 277245 777071 462701 198270 745342 368259 628955 750122 806093 429786 385440 910266 397918 502396 772565 454697 43528 99922 726297 49482 566932 926756 131419 1050246 286369 841473 267986 429409 299005 573181 324854 758784 391139 543674 253361 795325 176319 459658 580393 729110 372398 665731 840740 851010 652212 179560 488351 657417 912418 658810 699059 780269 228966 663457
458881 433853 463834 380723 677163 521065 444605 215859 719343 148056 999999999 449456 370282 557372 532746 141804 891024 288452 232419 599380 550527 210005 498170 654791 605584 323807 666778 567041 246272 547971 156214 502882 782573 289954 139699 240928 59215 913247 748226 716485 450537 688265 720976 585182 327830 953150 198101 743179 320047 153510 686942 243404 562816 602613 658214 304766 259653 767446 353708 480583 624510 401216 186669 160091 694970 184052 423182 888842 155168 909943 155407 713422 200842 326757 283773 469295 185452 710867 310993 544924 277332 698111 51807 399232 470577 591310 235539 519556 775600 821274 510103 321592 432943 583820 789235 538243 558534 699200 182523 516550
165580 234149 409596 213468 564663 332361 686530 664943 596387 593592 449456 999999999 664175 137609 116644 476253 620729 725722 297085 848799 293687 659461 106207 761634 820486 309473 808336 779756 590282 216385 598241 807028 808439 678689 348828 541333 462987 571173 369814 637606 306683 832491 934617 835217 775097 621692 387575 917293 256609 528734 804729 253226 690619 176738 238255 368227 367473 453115 613995 740138 223392 621193 634745 560917 884210 633276 27067 1030077 530708 601908 313031 532603 409343 287331 622022 505964 269856 853549 515953 833318 663133 678667 417877 603932 481616 373522 323314 81212 854368 993791 284192 770776 635333 682406 621371 463177 118816 741039 447812 206030
748806 503963 391382 696637 535629 855781 91412 381704 572005 392441 370282 664175 999999999 711091 776279 505890 823856 291952 575436 229162 582439 365754 752190 344656 241883 672622 331638 207654 126721 836351 299405 145330 503092 159093 491486 137736 311802 909336 812453 534049 463795 348506 352841 215030 453903 932257 565116 384729 416793 217841 363092 566189 262758 750546 786768 308915 298011 766853 58086 111744 741398 100221 386021 480287 334157 370160 645501 534320 497479 873607 487023 615603 570253 669263 93570 308666 487845 369125 155874 180210 155037 473267 418653 119308 333344 572350 341173 702489 462133 459565 542284 424107 126385 300607 658497 431058 782465 426137 552220 606147
285763 216923 388089 348526 495416 448191 716246 772463 520449 704902 557372 137609 711091 999999999 184889 602796 499110 817937 431163 869463 215268 765194 202983 744232 832128 446985 798275 793397 658115 306392 696668 847194 762993 753144 473514 603243 560275 436277 232976 572265 281006 821697 939700 856839 885166 487657 520490 910940 296034 611092 787630 386018 685600 45245 103813 402357 416681 327216 656147 770828 86287 650962 743994 683199 884249 740569 161610 1008589 655446 472324 435763 443436 542442 424813 685333 495997 389770 841007 555981 867067 737536 628705 533001 631259 467527 293089 385176 59720 822263 983419 226003 877572 658390 669161 528972 421956 147350 705159 579016 132917
122891 345308 522824 211041 665031 269535 801704 744243 693868 670036 532746 116644 776279 184889 999999999 533205 682793 817232 342349 964678 386413 740611 38461 876888 936990 320065 924394 896200 696383 121524 686742 920062 918270 781055 414271 650084 554980 607891 402480 740019 417761 948516 1051250 951023 850270 660611 431840 1033683 372918 628899 920090 306498 806901 202354 255745 484192 481429 510018 727403 855038 262556 736548 712718 623315 1000818 713288 131206 1145174 589592 651550 383676 622577 452055 298746 729533 621425 347396 969446 630284 947501 765669 786743 494310 719613 596477 466820 435175 132864 967465 1109979 385151 849447 751343 797986 709737 572469 47444 853065 494836 297521
434291 524379 586089 342699 800909 450036 583880 245125 842818 171809 141804 476253 505890 602796 533205 999999999 992246 360975 191889 734713 641219 248845 495344 796453 744358 253428 808446 706503 379614 516268 241930 631733 922126 403962 129509 381127 200153 996204 815779 845722 555447 829822 858377 720716 331851 1039940 110264 883313 419519 288246 828744 227412 704501 646761 706572 430249 386339 854887 493602 617283 679991 542493 213054 92636 834597 221256 449251 1029717 56589 1002411 168027 827537 97504 265407 415700 603756 215117 852381 452488 675566 393967 833286 109230 540924 602244 693093 351460 554924 917120 960946 604134 339501 574460 724925 907671 661867 568343 838866 57219 591485
782161 468977 451087 831483 299594 946775 771654 1072755 275195 1027019 891024 620729 823856 499110 682793 992246 999999999 1058686 868396 856402 354724 1060052 701967 627513 795697 914796 692754 773468 849933 804039 976615 906254 533536 945221 871918 791972 862236 161368 300847 339774 440519 707394 857115 849825 1182750 142775 944411 792559 574038 857997 659222 822807 632972 482454 439880 600089 642966 173288 769124 814962 421378 726462 1053935 1047901 794665 1044058 636718 816738 1032526 81460 834046 208756 965421 893943 856502 515263 788855 715521 696622 900041 932481 431094 892621 705672 491991 300078 656055 556543 628311 836684 388792 1163449 709842 593440 196052 394900 641022 531986 990131 424804
747329 652181 607638 667985 792552 800571 382217 131802 832479 191185 288452 725722 291952 817937 817232 360975 1058686 999999999 516346 476357 758247 120650 783881 636449 512387 600907 619303 486488 211790 836394 132273 351401 794711 132999 424508 267337 262964 1115768 979053 805547 641339 633951 604123 465192 164407 1147698 461148 654621 539093 211662 653072 531478 554093 862574 912753 468140 431629 967943 324123 384862 873557 382493 156456 289246 603283 143826 700663 803619 322494 1095322 443794 857726 454615 607450 216583 558663 472094 653047 366616 397826 139452 755380 334932 395793 575208 775010 442549 788664 752717 721500 715438 133255 413744 590550 915387 667682 839597 716635 418113 749563
243208 405325 518245 154430 725198 289079 634516 420374 764955 344233 232419 297085 575436 431163 342349 191889 868396 516346 999999999 798754 514204 420024 304220 801527 792950 97224 828334 752026 461714 327645 384987 716894 900383 519830 92751 437865 278158 848767 656356 783140 455909 851769 911589 784305 518361 896140 91070 920121 326976 373011 839707 46367 713299 472908 534159 386571 352762 715640 544618 678975 513657 579157 387756 283620 876018 391707 270941 1057366 248478 866225 88453 730010 112523 95470 499616 569829 102883 874628 472016 755344 506376 791492 182364 570423 558729 579628 301825 378048 915784 999785 483989 522021 605978 723041 816394 592313 379319 820208 153210 447708
953778 652788 496943 910785 557372 1072779 166643 589267 582212 612452 599380 848799 229162 869463 964678 734713 856402 476357 798754 999999999 701109 573888 945298 246711 64648 895887 193899 84197 355104 1038258 518678 126629 403199 357680 717735 362773 540746 973381 921461 523660 595111 195499 128601 14450 639378 984530 793318 182753 592361 446941 235613 785568 223923 903454 928539 480573 486319 845300 254261 119947 881554 229450 599595 704744 133407 583627 833925 328592 724180 921097 710418 653730 799005 890980 319562 388638 706418 206321 339179 83377 360715 438496 647372 245216 419068 666068 537108 872988 326402 245201 667506 607280 213560 262998 666938 502933 963454 351950 781382 748236
459002 117378 204200 491287 280606 625532 564362 747898 307637 693490 550527 293687 582439 215268 386413 641219 354724 758247 514204 701109 999999999 736933 392723 544721 655402 565554 603091 619875 565245 503557 656971 702807 549512 664679 518435 505644 530571 363583 230077 357149 120118 625517 754367 689897 861184 402627 589737 716640 230851 547501 587539 468929 497550 230319 235758 292251 326617 216943 524427 617565 189687 502962 725155 702622 695563 717354 302574 803333 684269 361449 480211 238934 610812 545487 583059 313092 434566 643222 430047 713885 649952 414774 545696 481462 282718 80534 323233 254494 613194 785249 42811 846118 501505 474613 327694 216144 357237 495509 636345 89099
659191 623853 613194 574246 814050 696443 456712 15989 855523 77423 210005 659461 365754 765194 740611 248845 1060052 120650 420024 573888 736933 999999999 705185 704950 602008 497431 697100 571428 254603 746357 84309 453347 855672 216252 331986 294773 208605 1100029 946673 837946 626543 714256 702486 561560 124252 1136315 354646 745787 508063 206241 727138 442026 617063 810418 864715 459975 417677 952359 382278 470858 829168 441178 36704 170305 694468 28354 633167 895809 205245 1088311 357913 867800 345346 506396 275733 585062 393578 734838 395239 500038 214499 799236 246601 449652 596065 765871 413708 729041 824958 816822 694780 112415 474540 649141 934035 680885 767842 774375 305870 714341
88593 340292 515654 173336 668064 245326 781127 708502 698584 633968 498170 106207 752190 202983 38461 495344 701967 783881 304220 945298 392723 705185 999999999 866523 919725 282183 912134 878661 668501 111352 652881 896646 914595 751286 377453 623806 522330 633911 428447 741863 412855 936342 1035068 931487 813801 686247 393514 1020197 356049 598597 909496 269045 793984 226765 283381 465860 459969 530188 704649 833959 285181 716374 676813 585734 985954 677710 113174 1135020 551788 674336 347654 630968 413671 260732 702342 610812 312723 957612 608800 925340 735998 784560 458657 700086 586983 473214 411935 145908 960339 1097231 387255 813483 732519 786993 719029 569204 82164 847203 456536 303705
897389 534879 357245 878198 336577 1041281 254404 720919 353063 719375 654791 761634 344656 744232 876888 796453 627513 636449 801527 246711 544721 704950 866523 999999999 182071 893317 65539 176872 451598 971682 630928 339575 164346 503735 739112 424568 597646 758347 741509 288143 464863 83619 230309 244887 798454 762513 823839 175009 517621 524179 43449 775277 91998 769515 780478 422083 449816 644300 323014 263907 734279 264913 720802 794786 167625 705445 753892 268497 803425 698035 719351 435947 835590 882649 429579 255716 699463 98851 344071 313522 499354 198147 692295 260179 280575 489392 502546 763447 121613 240531 521316 768762 231254 80482 432970 328783 863977 105339 830920 612577
933872 615267 452217 896663 497503 1059924 161118 617741 520900 633768 605584 820486 241883 832128 936990 744358 795697 512387 792950 64648 655402 602008 919725 182071 999999999 889479 130550 41573 367883 1016273 540310 174503 339369 386920 716081 364979 546392 915892 871713 461036 554050 134790 118864 64213 676685 925501 794915 143806 564161 456522 172114 776190 166123 864263 886163 453957 465356 790601 252414 131546 839121 214100 625025 722125 92629 609055 807247 293848 738662 861749 705329 594849 802304 883019 335401 342437 697060 148548 323574 138614 387529 374876 651315 225220 372732 615687 517848 839419 265611 217712 623754 645080 190318 202762 604899 451341 932886 287335 788078 707591
202356 465341 596195 109111 796710 199684 731433 495677 835116 420158 323807 309473 672622 446985 320065 253428 914796 600907 97224 895887 565554 497431 282183 893317 889479 999999999 922116 848452 558167 272227 471602 813831 986375 613300 185530 535078 372845 878991 679160 858612 523544 945722 1008200 881437 585132 928629 143569 1015496 402946 468632 932215 118371 806144 484164 545409 474408 443526 754102 641703 776140 532861 675523 463080 345053 971891 469171 287046 1151435 307400 904627 185676 792321 156856 22243 596128 656166 194534 968538 567723 852477 600232 873239 272368 666327 642916 636926 391198 388970 1005908 1095187 540358 592757 701877 814169 880351 668171 363680 907422 201126 489999
938439 585910 410192 913859 402031 1077601 240407 713074 418512 718464 666778 808336 331638 798275 924394 808446 692754 619303 828334 193899 603091 697100 912134 65539 130550 922116 999999999 137949 448389 1015286 627399 300317 209363 488435 760768 429606 608347 823845 804156 353166 517568 24268 164773 194754 783170 828019 844038 113549 559084 528075 41719 804971 118865 825245 838639 457745 480825 708962 321001 236287 792130 266929 715925 799261 102099 700225 799056 229468 810877 763529 743855 501389 854370 912736 422003 304111 727592 46582 360517 268261 486029 262606 707482 267549 331277 550677 534297 814636 137590 185862 577704 752508 234225 129215 497897 388189 913739 165892 846374 667737
892374 576474 416039 855119 474119 1018408 122630 587278 499935 600069 567041 779756 207654 793397 896200 706503 773468 486488 752026 84197 619875 571428 878661 176872 41573 848452 137949 999999999 332166 974898 507044 163682 339925 358151 675783 326151 507826 889269 838558 443016 516411 148892 160264 76390 650862 900757 755134 177660 523304 419298 177054 734918 140505 826135 849228 412824 423826 761173 213371 101679 802192 172939 593109 686737 128111 577189 766288 326775 702261 837450 664538 569995 762858 841840 301084 306838 655816 166849 282131 137080 357525 360134 612166 183691 337259 582862 476286 799693 275505 254450 587280 619667 148747 180759 585304 419286 892566 279672 749410 669905
653889 468584 399934 592863 580763 747479 210954 270467 620723 270111 246272 590282 126721 658115 696383 379614 849933 211790 461714 355104 565245 254603 668501 451598 367883 558167 448389 332166 999999999 743217 179528 257251 601074 99434 373944 59761 189117 914884 792329 595033 445608 467206 479553 341132 358919 944145 443317 509801 364047 92766 475906 457928 362774 700666 744286 273435 245369 767988 128650 238459 701506 186949 269206 354571 459699 253860 568635 658749 370887 889800 374269 647136 447067 556849 38019 346891 382094 488746 154971 298687 84848 549001 296108 195077 363623 572919 273220 639829 572386 585560 522777 332656 220497 394546 703632 457035 708905 519920 427019 570199
89943 450302 624036 173717 779415 158420 872504 747410 809833 671370 547971 216385 836351 306392 121524 516268 804039 836394 327645 1038258 503557 746357 111352 971682 1016273 272227 1015286 974898 743217 999999999 704123 981633 1024362 819133 414571 703480 581476 725005 520300 853171 522694 1039545 1132976 1024208 845816 778018 407218 1121743 456476 666076 1014369 305305 896653 322480 372892 563075 552078 631090 792085 924147 383188 808810 714888 608882 1085803 718156 218942 1240036 572351 771301 392600 741316 424273 255018 778800 716317 367890 1061148 699461 1012969 804316 895006 502538 793749 693511 584086 501291 252968 1068050 1199539 498607 849632 827219 891700 829055 679433 163845 955853 468957 414468
615092 545431 529071 535932 729842 670955 388294 98511 771359 93796 156214 598241 299405 696668 686742 241930 976615 132273 384987 518678 656971 84309 652881 630928 540310 471602 627399 507044 179528 704123 999999999 404582 778192 167483 292757 213517 136477 1019345 870265 754497 544887 645747 646482 505550 206223 1054791 334594 683761 429948 122065 655403 399232 541511 741707 794193 376725 335061 871476 308148 408854 756994 366053 90374 188987 632887 75741 572674 833564 214508 1005993 311523 783624 330354 477135 206287 501417 340513 666995 312750 450460 160406 717558 203011 372695 511984 683520 334348 664037 751861 757397 614558 189177 399690 571845 849734 596580 710481 696186 297674 638391
894136 635322 502515 841274 608189 999559 139650 468362 639098 497598 502882 807028 145330 847194 920062 631733 906254 351401 716894 126629 702807 453347 896646 339575 174503 813831 300317 163682 257251 981633 404582 999999999 503352 238838 630629 281418 446322 1008109 930799 588882 587806 308112 252942 117222 513553 1025473 700443 308832 556147 349622 340357 709667 286143 885089 917692 445644 439690 871300 193145 91320 871497 200031 481057 593098 258551 465213 789036 455198 615540 964021 628758 698335 703688 811434 219363 404003 631799 322963 292580 46726 244262 512419 553197 221385 432800 681620 484959 842101 437671 371297 664889 481349 203697 328829 726142 526965 924850 439999 681691 736006
959114 574303 402358 955092 284711 1114006 414915 871521 280887 862962 782573 808439 503092 762993 918270 922126 533536 794711 900383 403199 549512 855672 914595 164346 339369 986375 209363 339925 601074 1024362 778192 503352 999999999 661713 849280 566378 728337 681706 708915 211675 501758 211526 352989 403512 954728 675312 935324 276974 589386 664997 167651 868381 240659 779702 777686 513897 550336 591837 474467 428008 734493 415234 868564 931129 296386 853676 806023 284055 935669 611347 824447 375106 949479 972974 583075 330577 797578 208947 474924 475255 656111 134918 814495 406031 343938 478556 599039 793705 97503 306679 537987 925841 382474 206534 340111 345804 897382 83407 950614 630758
729229 567326 496840 660990 669988 808835 249823 231721 708905 259347 289954 678689 159093 753144 781055 403962 945221 132999 519830 357680 664679 216252 751286 503735 386920 613300 488435 358151 99434 819133 167483 238838 661713 999999999 428033 159107 242099 1013460 891625 678257 545024 503967 486267 345309 295110 1042022 485771 530482 461034 153204 521282 523413 421104 796263 841254 372806 343683 866822 192833 256687 799016 250408 242458 356443 479086 226557 655885 680378 381374 986990 436136 740625 485230 615087 89395 436308 452241 523687 248606 285263 15638 624728 341739 264723 455550 671517 368082 732168 620688 600727 622206 265066 281137 457763 793362 550922 796593 583787 457429 668586
327216 402943 485814 243760 698982 381466 555888 333662 740163 258041 139699 348828 491486 473514 414271 129509 871918 424508 92751 717735 518435 331986 377453 739112 716081 185530 760768 675783 373944 414571 292757 630629 849280 428033 999999999 355053 187353 869411 686790 750392 441104 783636 834018 703323 436536 914032 86089 847475 305427 283480 775370 110223 648835 517644 577248 339182 299492 729708 464912 597796 550487 503982 301385 212207 801729 303885 321763 988262 182228 878385 38967 716259 101960 187253 411961 521301 86182 806522 400670 670396 414826 748659 89804 497366 514523 574966 254542 426515 856486 926848 483136 437421 532708 662677 799409 561672 446160 767328 118353 464353
615047 410168 341353 559912 526891 718319 203873 310126 567434 296643 240928 541333 137736 603243 650084 381127 791972 267337 437865 362773 505644 294773 623806 424568 364979 535078 429606 326151 59761 703480 213517 281418 566378 159107 355053 999999999 181721 855277 733067 545138 385926 450214 481302 348380 406668 884824 431050 502338 307879 99621 453028 428577 333327 645224 687540 214135 187983 708302 112787 242889 644267 162677 303578 370553 454043 289245 520754 648642 381271 830813 349423 590389 437659 531544 82100 294022 350445 472540 101576 317924 144608 504479 286398 164438 308703 513330 220116 587366 546177 580346 463227 382305 195657 360805 649167 400355 660149 483833 423260 512132
491616 416198 425080 419661 635678 566928 385396 218326 677840 164795 59215 462987 311802 560275 554980 200153 862236 262964 278158 540746 530571 208605 522330 597646 546392 372845 608347 507826 189117 581476 136477 446322 728337 242099 187353 181721 999999999 894131 738085 670958 423769 629673 661917 526510 332270 931835 254215 684006 300452 96911 629142 281776 505648 605347 658233 266304 221527 746947 294496 421721 621642 342372 194586 205246 635760 187214 437775 829832 207339 885850 194114 678012 258512 373585 226959 420726 213661 652228 254680 487667 228370 648038 107089 340877 424425 564412 208114 527714 718749 762067 488873 320370 374310 527827 750715 497750 576653 644931 241689 505741
720173 479429 519541 784220 421876 877396 869573 1111204 408190 1056990 913247 571173 909336 436277 607891 996204 161368 1115768 848767 973381 363583 1100029 633911 758347 915892 878991 823845 889269 914884 725005 1019345 1008109 681706 1013460 869411 855277 894131 999999999 205520 477330 475217 840718 988473 965272 1224253 53259 932503 929076 594288 907073 793644 802402 750067 407165 352355 647693 685945 148003 852157 917372 350426 817176 1088709 1062782 925783 1080789 592170 965750 1042267 81529 830489 322642 954318 857098 927524 605295 783468 851245 768214 1007888 999502 568248 905632 795563 577913 341969 686530 495979 773607 979108 405352 1208502 805833 713684 341920 481584 562108 669897 984836 405063
514999 326884 428734 581482 424438 671937 791669 956238 431218 895502 748226 369814 812453 232976 402480 815779 300847 979053 656356 921461 230077 946673 428447 741509 871713 679160 804156 838558 792329 520300 870265 930799 708915 891625 686790 733067 738085 205520 999999999 498081 349700 824812 962885 911026 1070240 258132 743153 916461 440847 767393 782249 610265 708574 201774 147422 518938 549605 136598 754416 844129 146690 731479 930839 889102 901882 924821 392333 983616 865160 253863 647941 337387 765145 657064 811680 533491 600737 839955 660018 939787 876651 578060 733380 709839 503216 256072 537313 292349 788327 978654 271126 1058040 728187 679920 401579 420723 356959 673151 798661 232377
797530 408460 265398 809162 77535 959869 464487 852794 69988 826024 716485 637606 534049 572265 740019 845722 339774 805547 783140 523660 357149 837946 741863 288143 461036 858612 353166 443016 595033 853171 754497 588882 211675 678257 750392 545138 670958 477330 498081 999999999 340084 367625 517361 518509 951788 476971 834926 453513 456650 632871 319508 744789 304680 583455 575023 415545 459444 380352 487131 499495 533895 433953 842006 875123 454960 829009 640022 492541 871132 412365 719202 163531 852287 842190 589960 253248 683844 376123 443612 575657 668367 91556 736742 416264 246535 280012 497104 610081 297943 501790 354985 926937 409365 262741 144852 190860 713585 193111 862772 443929
460384 72609 107638 469164 273869 620609 450842 638300 311628 588373 450537 306683 463795 281006 417761 555447 440519 641339 455909 595111 120118 626543 412855 464863 554050 523544 517568 516411 445608 522694 544887 587806 501758 545024 441104 385926 423769 475217 349700 340084 999999999 541122 659427 583148 750532 509907 520055 630019 136172 431892 508312 414105 404641 310588 333520 173538 210730 327214 405943 504818 286600 387822 617386 607610 603409 608519 304921 731356 593291 462227 405184 275600 539725 505942 462975 215072 363473 560753 310389 601567 530398 372771 453167 366679 186536 140908 216137 298914 550085 703019 78639 733874 389305 388626 360721 157044 400669 435306 559022 153543
962702 609694 433660 937960 419302 1101721 257773 730209 434112 737302 688265 832491 348506 821697 948516 829822 707394 633951 851769 195499 625517 714256 936342 83619 134790 945722 24268 148892 467206 1039545 645747 308112 211526 503967 783636 450214 629673 840718 824812 367625 541122 999999999 150039 198124 798121 843747 866674 91712 583352 548239 48569 828683 143123 848362 861172 481925 504758 727837 340595 249515 814742 287655 733816 819201 88463 718050 823272 205724 831409 779186 767073 518664 876802 936458 439857 328006 751188 22892 383146 273394 502137 276394 729459 289199 354972 572026 558253 838445 131032 162002 600626 767205 255364 152537 511931 410201 937699 177095 868305 690937
1051307 723631 554498 1015272 566604 1178627 278185 717868 583208 740277 720976 934617 352841 939700 1051250 858377 857115 604123 911589 128601 754367 702486 1035068 230309 118864 1008200 164773 160264 479553 1132976 646482 252942 352989 486267 834018 481302 661917 988473 962885 517361 659427 150039 999999999 141124 766488 992769 912092 80317 679054 570131 198559 895048 256823 969922 988195 570005 583159 871848 369414 241167 941275 332948 728051 831602 62699 712076 922246 206222 850028 928266 823850 665916 918961 1001842 445142 444750 815911 145474 442393 207098 489146 426306 767617 343920 474258 707605 635921 950112 260327 119796 725519 734267 308832 282970 661845 543248 1045456 327040 903462 812404
939629 640272 485698 896428 550504 1058385 152347 576995 576116 599341 585182 835217 215030 856839 951023 720716 849825 465192 784305 14450 689897 561560 931487 244887 64213 881437 194754 76390 341132 1024208 505550 117222 403512 345309 703323 348380 526510 965272 911026 518509 583148 198124 141124 999999999 628555 977070 778986 191641 578854 432850 236327 771132 216885 891075 916642 466996 472337 836247 239813 105528 869681 215431 586937 691295 141371 570960 820215 338868 710501 913804 695971 646332 784727 876532 305755 377835 691985 210321 325015 76409 348031 434345 633096 231453 408239 655897 523010 859909 329148 256380 655950 596534 200164 256826 661265 493205 950050 349779 767240 736126
761206 748000 734384 672170 931681 779777 544905 114003 972757 181508 327830 775097 453903 885166 850270 331851 1182750 164407 518361 639378 861184 124252 813801 798454 676685 585132 783170 650862 358919 845816 206223 513553 954728 295110 436536 406668 332270 1224253 1070240 951788 750532 798121 766488 628555 999999999 1260383 442099 818624 632201 325795 816376 546225 714193 930409 985657 582945 541170 1076554 480946 549215 951023 540086 141172 240256 767337 145556 748440 967304 278135 1212047 466796 988608 428463 597203 372095 700282 506218 817346 508235 559548 299124 907920 357648 551441 713191 889571 537960 846933 915795 884566 819024 32440 572391 749197 1052760 800513 880119 875319 384917 837866
772193 519627 545724 834997 428290 930062 888065 1147878 409641 1095524 953150 621692 932257 487657 660611 1039940 142775 1147698 896140 984530 402627 1136315 686247 762513 925501 928629 828019 900757 944145 778018 1054791 1025473 675312 1042022 914032 884824 931835 53259 258132 476971 509907 843747 992769 977070 1260383 999999999 978852 930468 633301 940630 795995 849783 760626 459485 405246 680556 720190 185813 875709 934323 402128 838049 1126206 1104541 930117 1117812 642185 958907 1085000 64606 875194 330803 1000580 906825 955043 625408 828358 852978 795025 1022919 1028387 568515 947422 816643 599201 372743 723776 547376 769351 976959 443365 1243731 824822 722748 335958 501770 614974 670047 1030192 450276
327257 476725 569881 234226 782056 341819 634035 352427 822938 277245 198101 387575 565116 520490 431840 110264 944411 461148 91070 793318 589737 354646 393514 823839 794915 143569 844038 755134 443317 407218 334594 700443 935324 485771 86089 431050 254215 932503 743153 834926 520055 866674 912092 778986 442099 978852 999999999 928486 385751 350827 859594 134570 733193 562785 623850 425038 385574 796455 542716 673674 601932 584568 319901 202604 881948 326494 361207 1070683 165464 946440 116049 795656 22008 155149 481101 607361 156870 889538 483539 741869 473870 834508 147248 579067 600343 650517 340166 468316 941718 1007591 556674 449232 614171 747886 880018 645531 469795 853307 63100 528800
1043057 697596 522904 1013927 508624 1177820 299926 761506 521343 777071 743179 917293 384729 910940 1033683 883313 792559 654621 920121 182753 716640 745787 1020197 175009 143806 1015496 113549 177660 509801 1121743 683761 308832 276974 530482 847475 502338 684006 929076 916461 453513 630019 91712 80317 191641 818624 930468 928486 999999999 665316 596699 135903 899825 226992 938401 952175 560492 579536 818467 389713 275276 905648 343927 768795 864368 51417 752829 907023 150042 879860 865862 833776 607830 937103 1007467 478291 415664 821361 77903 448166 266056 531294 361959 787258 350244 443508 663721 633057 926102 182081 79694 691077 786797 314807 242479 596562 501648 1024373 260600 925199 780809
379854 115801 193262 365932 398435 526582 431239 518489 438576 462701 320047 256609 416793 296034 372918 419519 574038 539093 326976 592361 230851 508063 356049 517621 564161 402946 559084 523304 364047 456476 429948 556147 589386 461034 305427 307879 300452 594288 440847 456650 136172 583352 679054 578854 632201 633301 385751 665316 999999999 327638 559743 288150 440327 337453 380301 112059 120649 447757 363384 485286 338070 365671 494937 474387 630110 487604 243205 785179 458502 590025 270176 410837 404948 387489 389852 265001 230220 605123 263566 579737 445559 471361 318593 347855 246397 274109 96593 286011 620208 743068 190065 618481 378827 437217 494350 265820 371438 513777 423080 210486
576203 440527 408655 509657 607811 660762 296779 220574 649303 198270 153510 528734 217841 611092 628899 288246 857997 211662 373011 446941 547501 206241 598597 524179 456522 468632 528075 419298 92766 666076 122065 349622 664997 153204 283480 99621 96911 907073 767393 632871 431892 548239 570131 432850 325795 940630 350827 596699 327638 999999999 552314 372813 432938 655206 703607 260146 221268 759080 208105 329056 663468 261429 209363 271303 547375 196144 505225 744433 283606 890098 286891 662815 354324 468455 130327 379669 299853 570367 193268 391422 138256 598178 203579 264021 389922 568131 231224 585864 645784 673647 504731 305474 294722 459955 727915 475033 645861 582166 334556 538121
939589 578296 400693 919127 372786 1082431 271720 743126 386445 745342 686942 804729 363092 787630 920090 828744 659222 653072 839707 235613 587539 727138 909496 43449 172114 932215 41719 177054 475906 1014369 655403 340357 167651 521282 775370 453028 629142 793644 782249 319508 508312 48569 198559 236327 816376 795995 859594 135903 559743 552314 999999999 814403 126608 812760 823277 462665 489038 682668 347481 272753 777163 291104 744653 823552 136992 729093 796780 225667 833634 731411 756658 472047 870789 921956 451437 298765 738023 58117 377499 309372 518075 228138 725886 288992 323900 531165 542083 806884 99929 197861 564523 786067 257635 122677 463621 371470 907360 128526 864742 655905
217243 361344 480849 137994 685144 289958 619884 443870 724434 368259 243404 253226 566189 386018 306498 227412 822807 531478 46367 785568 468929 442026 269045 775277 776190 118371 804971 734918 457928 305305 399232 709667 868381 523413 110223 428577 281776 802402 610265 744789 414105 828683 895048 771132 546225 849783 134570 899825 288150 372813 814403 999999999 688526 428216 489301 356045 325466 669411 531478 666399 467971 562103 411608 316832 857021 413987 226733 1034401 283501 820033 88335 687077 156473 107783 495366 538018 79214 851458 453137 746386 509297 756488 197233 551885 525235 535412 272928 333809 887567 979509 439453 547588 587361 695989 773963 553970 340932 789198 194708 401523
819582 471121 298503 795521 333622 959170 176578 632988 359770 628955 562816 690619 262758 685600 806901 704501 632972 554093 713299 223923 497550 617063 793984 91998 166123 806144 118865 140505 362774 896653 541511 286143 240659 421104 648835 333327 505648 750067 708574 304680 404641 143123 256823 216885 714193 760626 733193 226992 440327 432938 126608 688526 999999999 714483 731518 339140 363494 624633 234865 199737 684639 175891 631665 703177 198964 616471 680845 347253 711511 697174 630064 429823 744594 796186 342971 189606 611808 165200 252221 270978 415459 226298 600589 169300 218383 452618 416787 699373 213328 303251 468967 685206 142575 42690 445585 287909 797389 163799 739305 556798
313279 251134 416014 382768 506023 471037 752639 817705 528026 750122 602613 176738 750546 45245 202354 646761 482454 862574 472908 903454 230319 810418 226765 769515 864263 484164 825245 826135 700666 322480 741707 885089 779702 796263 517644 645224 605347 407165 201774 583455 310588 848362 969922 891075 930409 459485 562785 938401 337453 655206 812760 428216 714483 999999999 61526 441637 457988 309204 695023 807195 61104 687663 789238 727793 913431 785811 202138 1031576 699723 449201 480094 446255 584682 461927 727256 525259 434320 867119 594995 903715 780674 644874 578043 667599 496105 303557 428181 95649 842873 1009570 248283 922801 693749 696035 529092 443578 158806 725299 621920 157699
371103 282917 434258 443285 497635 525268 782694 872479 515227 806093 658214 238255 786768 103813 255745 706572 439880 912753 534159 928539 235758 864715 283381 780478 886163 545409 838639 849228 744286 372892 794193 917692 777686 841254 577248 687540 658233 352355 147422 575023 333520 861172 988195 916642 985657 405246 623850 952175 380301 703607 823277 489301 731518 61526 999999999 479072 499565 267494 730217 837012 47043 718570 844560 786558 930124 840608 263550 1037961 759088 399916 539402 428196 645772 523167 769193 544280 493247 878968 630900 933795 825750 642940 635453 697911 514326 299299 474030 157171 846307 1021006 262761 977126 722109 709922 506414 451828 209754 728631 682674 181749
482737 197711 159256 456553 372563 620080 319215 472684 414718 429786 304766 368227 308915 402357 484192 430249 600089 468140 386571 480573 292251 459975 465860 422083 453957 474408 457745 412824 273435 563075 376725 445644 513897 372806 339182 214135 266304 647693 518938 415545 173538 481925 570005 466996 582945 680556 425038 560492 112059 260146 462665 356045 339140 441637 479072 999999999 45155 499818 253822 373334 434417 253627 454478 464814 523052 444201 353722 686302 457652 630057 311681 411786 440886 462391 293533 183534 283719 504239 153641 468102 357941 409481 321440 235834 175347 307985 85373 396854 531928 639191 249616 564550 267153 341957 485001 233516 483495 433680 448255 300276
