NAME : synthetic_000606
TYPE : CTSP-D
DIMENSION : 100
GROUPS : 8
RELAXATION_LEVEL : 1
EDGE_WEIGHT_TYPE : EXPLICIT
EDGE_WEIGHT_FORMAT : FULL_MATRIX
EDGE_WEIGHT_SECTION
999999999 940009 386661 347155 351648 333557 442210 573262 600993 1000619 897578 1039494 679537 240550 942343 203851 586696 840261 336527 1142404 786732 965648 185358 112559 54199 512471 234761 442781 906115 822141 523708 431352 632302 437356 664805 418287 409725 91177 506750 476089 1043269 274700 551398 786645 818116 868720 160965 540155 291211 289968 1048460 608341 818241 539546 430977 550129 176643 540706 542778 271884 740501 871001 933868 835220 835003 862545 960557 714482 765838 174405 851598 200923 676838 105144 857990 907252 330341 821888 812113 884355 714165 786022 125769 364547 520469 331124 742877 785858 914753 947918 648134 484881 1149408 949195 821177 351847 789445 344722 40206 989136
940009 999999999 673077 635754 849448 611605 811401 949887 358490 245335 154257 537254 307355 699464 439532 746077 376719 320857 653878 535925 1098653 325551 792694 888438 907521 704219 940093 776659 385862 333569 607857 563719 420433 588750 376619 535865 598878 865122 997839 622381 592067 780846 811021 692501 524560 167851 1004081 572731 659084 842331 529215 704182 1104083 423837 964329 396992 872057 844321 398901 684957 892155 791683 685588 914995 676709 263143 43104 878571 928528 793271 470770 764591 436594 918789 85501 60884 615128 589028 554237 492638 1050721 364159 876036 808525 771417 617133 223970 1000629 636085 235043 834619 463670 537414 120441 138393 690832 265738 596849 899806 406315
386661 673077 999999999 369847 177734 187207 170850 347149 433103 662083 584078 656290 514761 241406 565661 310083 430364 707048 379863 763475 558737 607933 369925 286012 389408 149825 279326 141248 536518 695616 137062 405052 280095 84332 549854 182786 80675 295760 354072 89699 657353 452301 242366 409607 432623 665961 527937 156180 298192 172684 666113 241844 580613 255350 302692 375673 450492 255992 310944 160371 426720 506332 550644 510000 454096 520378 705495 400809 461429 356018 470350 345810 603494 310822 587891 624590 281961 435405 425590 501343 489355 424264 270863 138470 194306 292968 450210 508268 529023 610011 329248 342866 770719 642903 591273 34880 456651 261512 355682 618328
347155 635754 369847 999999999 483590 184081 526746 702849 278113 754219 632649 882326 346260 158861 767877 147213 260689 494163 19185 961906 921873 749022 168454 351313 300719 515486 469728 504044 717142 475672 461397 84577 455783 346492 319850 236188 319576 306185 681974 422479 904932 148577 611723 739850 693200 537391 371916 453859 80545 432157 886599 598221 946004 320026 612350 241501 237847 622282 276994 224898 795609 849227 854391 875548 772032 632980 648183 769969 830898 175012 700724 146824 330136 377114 561753 615833 88657 723759 700556 737919 850199 595482 346478 463451 564103 77516 477355 877786 819515 704827 698641 177386 967740 673417 504323 349062 557288 113267 310417 795878
351648 849448 177734 483590 999999999 323562 96401 232287 602745 821895 753944 770706 686084 327906 696483 375627 597955 877205 487819 885698 453785 757683 420206 239658 378738 203306 148834 111392 677555 864626 267405 539111 445103 261589 713829 349868 256815 277737 198468 235387 760031 520523 203611 465578 545501 842818 511885 299379 403503 63439 782745 286788 482281 433024 132653 544280 478650 189400 485732 260236 389107 533635 620139 484234 518913 681477 882547 363252 414229 403575 595779 406329 760669 249149 764515 799668 405118 529081 530070 620982 380243 576506 227934 41745 182416 414715 625890 437486 611664 771079 298621 502917 893259 813680 768909 168204 623254 393160 336631 755713
333557 611605 187207 184081 323562 999999999 350830 528499 298419 669767 564128 743530 382862 100636 635995 169158 289283 567250 195796 835680 744188 642239 231485 277867 309988 331415 353748 325194 592472 552676 281136 220000 317124 166100 396828 87075 137434 253908 519671 239868 758151 288167 429571 563252 537428 560372 431453 278079 120433 283904 750081 415000 766944 207241 456127 240673 320892 442292 212736 77871 611685 669953 686907 691553 599236 534178 635336 586132 647176 223125 555998 201769 438350 308229 528007 575642 95483 559420 540105 591940 673715 469411 266242 295952 381346 106608 409382 695405 656012 617347 514936 186739 842198 615691 501259 170304 459575 74423 293878 674867
442210 811401 170850 526746 96401 350830 999999999 177722 601507 759369 703174 684862 681708 380353 617517 438185 599718 874215 534053 801708 395145 688184 489469 329651 464759 122130 244752 34818 603831 863531 206912 570815 394643 241987 719990 353410 248742 362839 189313 189631 670933 584926 109226 370731 461801 823331 600849 241840 449595 152828 697526 194035 419862 412175 155763 544842 556153 102457 475784 303266 300023 437275 525783 393656 424651 621713 847218 273667 328291 473407 515908 471586 774339 342114 728120 758096 441891 440057 443970 538473 323579 511425 316773 78423 86717 452451 587893 360583 519365 710189 205983 513712 809339 763667 744317 180599 570065 424770 423663 679178
573262 949887 347149 702849 232287 528499 177722 999999999 772045 861702 826770 726491 850018 552849 685503 605765 771583 1042026 709380 846738 221959 777972 652220 464641 606068 248979 343980 205981 686654 1032423 346620 748497 529914 411377 892884 528331 422328 506958 100226 346770 698642 751642 139033 379684 523235 980176 734124 380642 624677 294943 741169 255884 249995 574701 154035 716666 710290 105920 643487 478297 205195 398569 526228 296769 433788 733044 988365 186198 214941 635645 586237 637445 949528 468190 869843 893138 618942 481501 497823 599099 148702 617395 454657 241402 180267 629389 730721 215603 536499 816864 158581 689165 854415 887071 897667 358316 693819 602323 563428 751744
600993 358490 433103 278113 602745 298419 601507 772045 999999999 505067 376387 694836 84622 365595 575914 399454 18983 274506 295894 750919 967838 523151 439839 569512 562532 532259 651826 568986 517786 262541 442442 205630 323831 360804 125662 252904 353131 536782 787172 428223 731057 422356 646975 662924 554987 267895 648953 415968 311044 574151 694974 580730 983903 207823 733316 58751 515600 671174 131223 376218 793843 778044 734404 851767 676423 406383 370078 772212 832271 442350 537743 413271 196432 599366 288273 343415 270677 604753 573240 573934 904354 411598 559485 567795 598385 270105 235649 894646 690134 460874 708666 116826 755565 407981 226309 434974 337926 258805 561238 585566
1000619 245335 662083 754219 821895 669767 759369 861702 505067 999999999 130258 302207 488489 769087 226244 830362 523766 557266 773397 290607 969410 101124 886996 925302 979754 639003 941385 727030 190399 567139 555664 699738 382120 584580 569965 583244 605462 914938 929921 587215 360142 902487 726244 536034 359933 405388 1096855 522661 752260 833316 291963 605841 967941 462565 914510 519249 974288 762306 479727 729276 756440 615405 486064 756684 504958 141737 281927 749006 788701 883029 295249 856818 641302 954286 247583 203583 706807 420760 390525 302336 934193 248127 911026 780365 697589 712398 277211 861746 438977 52828 721726 578059 292197 126375 344988 689349 211330 682321 961780 174903
897578 154257 584078 632649 753944 564128 703174 826770 376387 130258 999999999 390624 358326 660998 287214 718358 395218 438920 651750 406567 960930 181245 772562 830333 872675 588360 861206 669161 232111 446840 496278 574272 309548 501935 440080 479736 518509 815058 883939 519539 443140 781225 688032 544383 373112 291505 984118 461351 636953 756728 384171 574381 964120 358794 858685 394180 858246 722855 363089 629391 751198 640212 531391 767855 525410 109995 197125 739471 786542 769860 317346 742736 512120 860083 124608 96145 591402 437652 403287 338437 917203 218881 816654 712239 652659 596087 157220 859325 481912 95391 700879 455415 409399 60606 221203 607471 133601 568344 857994 260679
1039494 537254 656290 882326 770706 743530 684862 726491 694836 302207 390624 999999999 709919 841520 118926 912430 710831 825219 900619 120256 770989 211705 975006 942273 1034116 567445 913402 660562 177736 831072 521201 852430 429031 603403 792777 661237 632403 948390 814961 566943 59358 1020424 612425 348729 226065 681491 1167401 500380 853049 804095 16087 494551 760658 562330 824501 684889 1064327 647131 615872 778180 566585 381092 230604 534512 297908 302977 577415 568801 589736 966182 188652 945271 869461 966927 513061 484856 811746 247766 240952 155163 754827 289270 927125 733839 603412 820470 466970 657889 198818 302211 568939 725783 127928 417643 605661 690319 359297 783989 1005463 130941
679537 307355 514761 346260 686084 382862 681708 850018 84622 488489 358326 709919 999999999 447116 592114 476469 94538 192509 362661 753328 1041293 522705 512520 652327 639047 606988 736392 648665 532399 182425 514357 266478 376776 439985 83387 336294 434335 618287 868539 504179 751287 483843 722167 716492 593562 191210 717990 485696 388405 658475 708147 648986 1056038 278211 816085 143225 583574 747783 206546 460599 861229 830776 774166 914186 724710 410514 310841 840590 899745 516490 567812 487403 159558 682010 250848 305487 350260 648017 614836 602344 979416 438658 642617 650555 674191 348599 243066 964144 727836 450040 779239 199134 757257 378212 169103 518041 351157 340550 640132 592183
240550 699464 241406 158861 327906 100636 380353 552849 365595 769087 660998 841520 447116 999999999 735364 72573 352820 619880 160746 935351 773973 742847 135643 207101 211683 391178 313471 361908 692647 603304 359874 227970 416935 249429 444421 187601 218961 171227 525571 314242 854226 210926 474321 642914 631608 633182 330823 363266 78681 274164 848476 482437 799780 306661 454688 312147 223628 479976 302670 81167 664539 744806 774075 750345 682726 634352 720342 638246 697752 125118 653385 107853 471395 236036 617515 667108 99556 649424 632282 688859 701308 569725 199031 311538 429424 104689 504943 738540 745846 716830 566583 248772 941931 711013 581899 213085 559469 106789 200351 775170
942343 439532 565661 767877 696483 635995 617517 685503 575914 226244 287214 118926 592114 735364 999999999 805142 591909 713626 786383 200463 763730 125198 867133 849720 933372 496180 833481 589721 60025 718449 435472 735381 319049 505040 674742 551789 532749 851748 766086 478273 160702 908060 559622 327102 162274 573721 1064078 410090 742122 723140 120069 437372 758647 448071 765431 566392 956672 595660 498679 676055 551863 393546 259859 540024 287957 189670 481449 548495 580852 859120 101752 837104 751569 875765 405238 383279 699846 211294 188607 87760 736578 172596 834644 657401 542026 708195 349048 652829 213249 209316 533768 608495 207298 323932 494600 598505 241044 672313 906906 67195
203851 746077 310083 147213 375627 169158 438185 605765 399454 830362 718358 912430 476469 72573 805142 999999999 384454 637013 140224 1004743 827701 808489 63146 206834 163086 459188 333556 422910 761209 619135 431853 229664 486209 321976 461304 254410 291499 159757 569374 385815 925995 146742 536743 714561 703799 666463 266493 435783 88409 316795 919120 551865 854823 369937 495684 351124 151919 539607 356000 150354 728651 815381 846564 816245 754899 698023 763966 702213 760868 54027 724593 35821 476810 231190 666348 717739 130973 721994 704740 760286 754440 638004 203758 365215 493497 129762 561315 798485 818419 778555 630775 284777 1011233 766068 622555 279862 622517 150679 165416 843397
586696 376719 430364 260689 597955 289283 599718 771583 18983 523766 395218 710831 94538 352820 591909 384454 999999999 279775 278274 768225 969622 540892 423561 557797 547445 533884 643026 567616 534061 266693 445621 187114 333932 360227 122114 248717 350998 524037 784299 429436 746346 404203 648188 671856 567511 282080 632007 420175 296094 567622 711198 585126 986276 213079 729127 54933 498399 671598 135320 366817 798287 787046 746418 857886 686656 423922 387603 776300 836645 426459 551820 397355 188810 587497 307086 362264 256681 616229 585124 588213 905398 426456 548080 563746 599340 255580 253467 898186 702609 479350 711940 104597 772933 426964 243662 430730 354782 246150 547082 602610
840261 320857 707048 494163 877205 567250 874215 1042026 274506 557266 438920 825219 192509 619880 713626 637013 279775 999999999 506907 844523 1230569 619680 661962 826981 794859 797737 920462 841141 654186 20688 703758 409586 553188 632451 175979 527402 626722 788651 1060953 695707 873964 610465 912975 887194 747745 153253 853517 673845 552390 847355 820249 835122 1244269 468482 1007805 332931 720104 939286 398812 643974 1045721 999278 926187 1093428 888872 523975 298255 1026061 1084193 669166 711186 640923 178560 855781 314321 353687 520442 807060 772435 742172 1169862 583578 818593 842274 865388 516449 382189 1150281 877788 533635 966762 380526 846964 431653 219561 709479 483835 516136 802390 697657
336527 653878 379863 19185 487819 195796 534053 709380 295894 773397 651750 900619 362661 160746 786383 140224 278274 506907 999999999 980672 929148 768101 155063 346375 288781 526679 468025 512256 735848 488151 475017 98241 473638 359900 333528 252065 332415 299968 685910 435246 922839 129498 621065 754552 710375 553616 355337 468444 84740 434903 904990 610709 953741 338410 615402 260256 220939 630668 296123 231095 806282 863342 870565 887191 787432 652108 665870 780509 841261 162940 718615 135607 340352 371326 580278 634453 101323 740200 717352 755770 857154 614053 342319 469119 573839 90314 496517 887064 836108 724012 709039 196424 986526 692351 521932 357812 576397 127429 300656 814719
1142404 535925 763475 961906 885698 835680 801708 846738 750919 290607 406567 120256 753328 935351 200463 1004743 768225 844523 980672 999999999 887227 230690 1066463 1048568 1133822 682877 1026463 776390 245098 853114 630731 924001 518556 705048 836670 750844 732991 1051676 934928 675064 159055 1104337 731802 468809 340303 694234 1264434 607360 939920 916560 105719 612997 875572 643687 943300 749426 1156019 766712 688292 876517 685096 495216 343904 648716 417429 344864 571776 688070 707101 1058756 293362 1036337 911632 1074160 530825 492201 896961 367286 358147 264991 873322 368096 1033457 847983 721413 904954 515947 774071 316871 311256 689184 797026 7699 416620 627768 796823 414174 869681 1107170 166904
786732 1098653 558737 921873 453785 744188 395145 221959 967838 969410 960930 770989 1041293 773973 763730 827701 969622 1230569 929148 887227 999999999 875058 873962 681172 822835 435738 552944 418998 781515 1222891 526999 963533 691185 612718 1091732 734664 628409 725513 281662 540309 728871 973597 322061 436775 610324 1152734 946552 556829 844610 515863 786934 399806 34594 763082 356134 915252 930313 302941 836916 698191 213030 392848 543688 241150 478319 857072 1139698 221690 183013 857349 675794 859396 1152954 681786 1024637 1039021 836585 553116 580271 676726 73584 742488 672172 462972 371397 847243 890923 113160 572344 931584 266666 894884 894519 1018942 1066810 574187 833745 818520 780111 830542
965648 325551 607933 749022 757683 642239 688184 777972 523151 101124 181245 211705 522705 742847 125198 808489 540892 619680 768101 230690 875058 999999999 867993 882427 949797 566292 885103 657338 93605 626994 490379 704054 334251 536105 606024 555258 560206 877269 851192 526888 267033 894997 645386 439513 264790 472699 1073543 459664 736278 775350 204011 523319 872289 439107 841474 526081 956935 681671 472192 694108 662077 515267 384956 658268 405990 117650 365881 656031 693285 862201 199266 837623 680944 910365 305506 273757 691695 323394 294802 202652 842716 183670 867709 716801 620649 698599 287506 766086 337873 90510 633069 578118 234552 206182 400868 637843 192018 665510 928022 80765
185358 792694 369925 168454 420206 231485 489469 652220 439839 886996 772562 975006 512520 135643 867133 63146 423561 661962 155063 1066463 873962 867993 999999999 222535 134875 518045 358455 476641 822524 643212 494070 252759 548096 384903 488210 315659 354415 171577 608853 447688 988970 104185 590989 776325 766919 703674 212273 498635 135711 358865 981557 611707 902105 428920 533649 395781 89557 591666 409473 211640 783760 876048 909333 872738 817234 756401 808348 757250 815086 16826 787339 30370 494318 241031 714854 767313 181204 785046 767880 823126 800439 699232 223737 414202 549190 177159 615343 849982 881444 835560 686154 329051 1072899 818585 665475 338604 680627 204709 153300 904477
112559 888438 286012 351313 239658 277867 329651 464641 569512 925302 830333 942273 652327 207101 849720 206834 557797 826981 346375 1048568 681172 882427 222535 999999999 141682 403099 138603 330698 817223 810379 422239 429663 548313 347035 651481 353794 322224 51084 404247 375565 942827 326007 438842 677651 718463 835562 272228 441957 278591 177532 951994 498376 711915 472462 327883 513957 254778 428377 490116 203575 628146 759688 826700 722747 727044 784855 912996 602079 653861 206509 755871 222782 676120 30375 804201 850240 306596 718192 710477 787266 608043 700089 15149 252051 408354 311113 679976 675530 809562 872485 535580 453224 1055742 884935 778929 252005 714353 312188 98960 899869
54199 907521 389408 300719 378738 309988 464759 606068 562532 979754 872675 1034116 639047 211683 933372 163086 547445 794859 288781 1133822 822835 949797 134875 141682 999999999 524045 275582 461479 894436 776389 525221 385284 618867 430786 620120 396659 401735 101929 545220 477251 1040965 220701 573141 796071 815808 829363 139256 538413 251491 315575 1042378 620363 853596 517220 468930 513870 123739 565531 513420 257488 764697 885234 939917 858319 842553 843643 926315 738393 791804 125861 845561 153942 628850 144422 826805 877307 293352 823829 811831 879378 749724 772815 151481 386351 538786 292740 716582 815921 918170 927315 670285 447705 1140668 922557 785367 354654 769388 310681 42724 977424
512471 704219 149825 515486 203306 331415 122130 248979 532259 639003 588360 567445 606988 391178 496180 459188 533884 797737 526679 682877 435738 566292 518045 403099 524045 999999999 348374 93686 481704 789171 97689 542399 283897 179929 655994 303833 200337 424757 295618 104780 557195 602097 115238 274556 342575 731356 663262 132114 446582 242012 579578 96319 452968 329256 275686 479539 596085 143426 401585 310069 280691 361742 425082 360856 324615 502758 741789 255526 316899 503630 394774 494788 717838 422166 622868 648793 426893 326532 326764 418569 372447 390877 388536 167712 68768 438021 483104 370130 412035 590496 185273 461723 690463 648966 648689 179472 454772 404235 486568 557324
234761 940093 279326 469728 148834 353748 244752 343980 651826 941385 861206 913402 736392 313471 833481 333556 643026 920462 468025 1026463 552944 885103 358455 138603 275582 348374 999999999 259242 809830 905423 398398 541363 559416 359390 748104 410199 343547 189020 272155 358495 905345 462556 349131 614355 687416 909689 393678 426435 391409 110403 924880 435160 584935 516257 196811 593627 392915 329901 552382 276514 526124 681070 768749 622025 667524 799694 969284 501257 547085 341987 734251 354999 782186 131301 854617 895423 409460 674886 673860 761500 480899 701720 134958 180669 331165 416417 721085 559133 759318 889336 441037 540091 1033941 919204 844070 253771 735492 407451 233614 890084
442781 776659 141248 504044 111392 325194 34818 205981 568986 727030 669161 660562 648665 361908 589721 422910 567616 841141 512256 776390 418998 657338 476641 330698 461479 93686 259242 999999999 574122 830690 173105 544729 360328 208692 688321 322602 217039 359810 223885 154814 648893 569411 114426 355701 436099 788873 599217 207834 428330 158363 672857 175959 442162 377988 189525 512696 547012 118476 442473 282892 307570 429812 509639 398700 408437 588786 812423 281035 338445 460958 488394 457139 743827 345946 693330 723468 417908 417885 419680 512222 348736 479351 317038 80930 77689 428656 553111 376632 500358 677522 210673 483330 783986 729612 709653 155313 536207 399523 421425 650492
906115 385862 536518 717142 677555 592472 603831 686654 517786 190399 232111 177736 532399 692647 60025 761209 534061 654186 735848 245098 781515 93605 822524 817223 894436 481704 809830 574122 999999999 658790 411917 681514 275995 470444 615145 506901 496790 816220 762026 451735 220651 859242 555645 346361 171207 515483 1022808 383518 695042 699509 177196 433165 778972 398590 755405 510202 912053 591939 445021 637014 568516 425787 303053 566306 314609 130574 428331 562432 599887 815234 105743 792311 691903 844157 347344 328188 651930 230583 201324 113021 749205 123326 802266 637368 533124 659878 289360 672756 254277 162861 540202 554460 251186 273556 435442 568144 181564 624706 869732 83039
822141 333569 695616 475672 864626 552676 863531 1032423 262541 567139 446840 831072 182425 603304 718449 619135 266693 20688 488151 853114 1222891 626994 643212 810379 776389 789171 905423 830690 658790 999999999 695901 391122 549019 622087 158909 515095 615513 771547 1049668 686570 879010 590652 904385 884770 748106 165744 833826 666522 535000 833734 826469 828650 1237086 460063 995618 320526 700571 930184 388936 629054 1039901 997410 927185 1089164 887734 528987 312799 1019903 1078402 650623 713103 622485 158064 839034 322328 363777 503783 806723 772284 744668 1161528 584877 802185 830147 856523 499544 382980 1143922 879046 541925 959819 365973 855716 442113 226141 697206 486281 500166 784442 704318
523708 607857 137062 461397 267405 281136 206912 346620 442442 555664 496278 521201 514357 359874 435472 431853 445621 703758 475017 630731 526999 490379 494070 422239 525221 97689 398398 173105 411917 695901 999999999 475685 188463 115202 567450 232688 143918 432753 390192 47973 520611 566396 211122 283367 296364 634011 663071 35218 401358 287995 531547 142849 541857 236192 362553 392258 578578 240913 311219 282784 354394 388821 416904 422473 323190 416390 644962 331503 392427 481559 337455 467523 632324 446114 525923 553179 373699 298694 288567 366849 466440 309240 407103 226422 166355 384707 385933 452598 393053 505523 266324 382153 638094 556789 551069 171862 363162 348130 492373 491723
431352 563719 405052 84577 539111 220000 570815 748497 205630 699738 574272 852430 266478 227970 735381 229664 187114 409586 98241 924001 963533 704054 252759 429663 385284 542399 541363 544729 681514 391122 475685 999999999 435471 364831 235459 242998 342091 386580 736985 442565 879929 217956 646377 743830 677419 456774 452516 462070 151399 492781 855281 617217 985665 296004 670586 180489 317894 661018 236704 279525 822602 856424 846563 897110 770780 586604 573264 797778 859216 259587 677104 231364 247364 456603 493579 548524 134814 714523 688338 714496 893436 563210 423609 514344 597441 126250 423085 910997 808310 652308 727630 127062 929416 610607 429278 390244 512390 146671 394191 757114
632302 420433 280095 455783 445103 317124 394643 529914 323831 382120 309548 429031 376776 416935 319049 486209 333932 553188 473638 518556 691185 334251 548096 548313 618867 283897 559416 360328 275995 549019 188463 435471 999999999 203186 446111 232813 226133 543352 578524 210110 449208 591535 391385 340201 242257 461981 746833 153251 424055 451981 434622 291443 700910 139475 549725 291005 637641 424156 208449 361726 495685 454996 416109 540250 352730 240384 458484 477772 533894 540214 244981 518055 519885 576453 339948 364958 382803 284401 255342 282139 637540 153973 533651 403359 350997 391665 201544 602367 375015 329938 424521 313536 525080 369762 375655 307326 178166 355002 595219 358814
437356 588750 84332 346492 261589 166100 241987 411377 360804 584580 501935 603403 439985 249429 505040 321976 360227 632451 359900 705048 612718 536105 384903 347035 430786 179929 359390 208692 470444 622087 115202 364831 203186 999999999 481727 123982 30492 346710 430175 77734 610850 452682 290709 397324 386153 584414 565363 113898 286472 255470 611867 253083 631490 172681 383630 305326 471586 312007 233819 177079 458309 503969 524716 532551 434539 442956 621210 433858 495335 373443 414960 357225 540515 374496 503560 540476 258577 400359 384535 448593 546615 353219 332162 221539 241324 269609 366010 550046 496634 532097 364668 282391 712053 560272 508309 105633 376588 233262 402393 553254
664805 376619 549854 319850 713829 396828 719990 892884 125662 569965 440080 792777 83387 444421 674742 461304 122114 175979 333528 836670 1091732 606024 488210 651481 620120 655994 748104 688321 615145 158909 567450 235459 446111 481727 999999999 367217 471341 612736 903068 551518 833495 443954 770244 786162 670600 236704 684855 541447 376413 679767 791186 706288 1108362 333459 845851 176636 550503 793417 256458 472234 919427 901082 851017 977264 797503 493863 373685 897694 957839 494726 647615 466226 77104 680126 328470 381904 344887 723190 690686 682659 1027396 518918 643346 681038 721347 340647 325807 1019904 805429 532586 833767 211276 840574 456809 239385 548108 433699 341761 626718 675536
418287 535865 182786 236188 349868 87075 353410 528331 252904 583244 479736 661237 336294 187601 551789 254410 248717 527402 252065 750844 734664 555258 315659 353794 396659 303833 410199 322602 506901 515095 232688 242998 232813 123982 367217 999999999 106423 335470 535956 201182 678419 361628 413202 504989 461043 500430 518311 220231 192543 323844 667208 374503 754274 121259 480523 194574 405209 432450 142185 150564 581987 615930 618528 654487 535976 447171 562304 557690 619158 308415 474974 285498 421230 384016 451109 496476 154145 488434 466420 511481 667328 383644 340909 315067 363749 164110 326799 673962 584573 530728 488647 160891 757260 532640 433981 182116 372731 126292 379019 589000
409725 598878 80675 319576 256815 137434 248742 422328 353131 605462 518509 632403 434335 218961 532749 291499 350998 626722 332415 732991 628409 560206 354415 322224 401735 200337 343547 217039 496790 615513 143918 342091 226133 30492 471341 106423 999999999 319485 434233 102903 640611 422873 307327 426856 416125 586037 535683 144320 257473 243473 640652 278716 648354 177152 383294 296148 441117 326042 230277 146939 480595 532632 555146 557120 464657 464204 629952 455696 517128 342956 443827 326772 527259 350325 513423 552514 231208 430837 414850 477794 560910 378155 307531 218575 257913 242308 377962 569755 527123 552782 385603 267238 739941 575989 512494 92031 395918 206666 374179 579745
91177 865122 295760 306185 277737 253908 362839 506958 536782 914938 815058 948390 618287 171227 851748 159757 524037 788651 299968 1051676 725513 877269 171577 51084 101929 424757 189020 359810 816220 771547 432753 386580 543352 346710 612736 335470 319485 999999999 450993 385064 952110 274931 471225 698137 726946 804221 239609 448979 236972 214374 957413 520970 755665 456273 374679 482839 206365 463745 466273 185943 662801 785075 844152 756391 745762 775867 887857 636485 690078 155672 760582 172989 633823 71609 781814 829526 269030 731128 721058 793242 652124 696748 54814 284426 437244 272323 662034 715211 824313 862145 568366 419972 1058707 868070 751204 260908 703608 277993 61924 899200
506750 997839 354072 681974 198468 519671 189313 100226 787172 929921 883939 814961 868539 525571 766086 569374 784299 1060953 685910 934928 281662 851192 608853 404247 545220 295618 272155 223885 762026 1049668 390192 736985 578524 430175 903068 535956 434233 450993 999999999 378223 790205 711550 206642 471912 604388 1012634 665747 425397 601778 252789 829210 329235 314416 601307 76372 729689 657296 170468 663471 458615 305289 497798 621742 395809 526827 796370 1034433 286389 313200 592034 665210 598110 953731 402347 915302 943369 603356 567847 580940 681321 211059 682539 396578 223965 232613 613048 775069 304371 629103 882863 253417 693898 942625 944544 933523 355525 750341 590647 502637 831218
476089 622381 89699 422479 235387 239868 189631 346770 428223 587215 519539 566943 504179 314242 478273 385815 429436 695707 435246 675064 540309 526888 447688 375565 477251 104780 358495 154814 451735 686570 47973 442565 210110 77734 551518 201182 102903 385064 378223 999999999 567657 522294 218787 328747 342948 635934 615109 68335 359210 248495 576949 175895 557748 227931 342075 374966 531546 243617 298051 236111 380808 431606 464541 454942 370067 446374 657796 356540 417998 434897 381730 421572 613058 399984 538750 569932 334088 346629 336030 412154 476133 343916 360417 193670 170202 345194 398605 473872 441020 536072 287913 357389 682362 579599 555617 124316 388104 309525 444517 532683
1043269 592067 657353 904932 760031 758151 670933 698642 731057 360142 443140 59358 751287 854226 160702 925995 746346 873964 922839 159055 728871 267033 988970 942827 1040965 557195 905345 648893 220651 879010 520611 879929 449208 610850 833495 678419 640611 952110 790205 567657 999999999 1039627 591528 318965 225252 732562 1176212 503222 870947 797369 73053 477797 716741 586204 804879 717165 1077785 625144 644551 787416 529065 336412 185202 489814 265217 350046 632791 533528 549667 979315 204227 959655 910487 966331 563918 538320 831024 231030 232788 167173 716972 320367 927696 724810 587129 840198 508417 615756 162617 357335 540136 754223 166137 473186 654692 691923 400249 803102 1010530 186741
274700 780846 452301 148577 520523 288167 584926 751642 422356 902487 781225 1020424 483843 210926 908060 146742 404203 610465 129498 1104337 973597 894997 104185 326007 220701 602097 462556 569411 859242 590652 566396 217956 591535 452682 443954 361628 422873 274931 711550 522294 1039627 999999999 683008 849674 822457 673007 243517 565831 169510 460258 1025566 692879 1001047 460654 636724 389393 113435 686317 424045 292077 874410 953846 975049 961029 887019 779676 791154 848026 907013 120835 835749 114220 435078 343021 708649 763084 208741 847090 826783 872517 900219 736559 327727 511639 639169 199971 625804 945207 943635 852835 776466 325921 1110371 821730 647140 423775 703773 236599 248926 939201
551398 811021 242366 611723 203611 429571 109226 139033 646975 726244 688032 612425 722167 474321 559622 536743 648188 912975 621065 731802 322061 645386 590989 438842 573141 115238 349131 114426 555645 904385 211122 646377 391385 290709 770244 413202 307327 471225 206642 218787 591528 683008 999999999 278633 398229 844924 709762 244070 538080 262000 626235 122606 341075 444493 213483 593643 661222 36298 516543 394281 193219 332493 433439 285313 333924 595534 849678 166687 224178 575347 458610 571187 830909 451222 731320 754142 524191 364661 375574 475342 257403 480342 425882 187095 49455 535157 592559 266063 433577 680385 97150 573014 739499 748403 761416 263505 554940 503840 532346 624606
786645 692501 409607 739850 465578 563252 370731 379684 662924 536034 544383 348729 716492 642914 327102 714561 671856 887194 754552 468809 436775 439513 776325 677651 796071 274556 614355 355701 346361 884770 283367 743830 340201 397324 786162 504989 426856 698137 471912 328747 318965 849674 278633 999999999 176344 779077 935270 286119 683685 513092 363881 180380 432856 463724 491363 625309 859308 310144 540452 564686 224815 115202 155372 223642 55385 435628 735253 222821 254162 763320 240836 750319 859328 696510 628854 631623 653669 116428 145586 239952 410858 328402 663068 436213 284053 664481 511553 326699 157196 501854 221235 634811 476441 598680 691205 443464 429631 627123 759709 394077
818116 524560 432623 693200 545501 537428 461801 523235 554987 359933 373112 226065 593562 631608 162274 703799 567511 747745 710375 340303 610324 264790 766919 718463 815808 342575 687416 436099 171207 748106 296364 677419 242257 386153 670600 461043 416125 726946 604388 342948 225252 822457 398229 176344 999999999 626419 951392 277996 653019 578034 237494 276563 608108 381601 606279 529393 855208 434105 449275 563056 397314 267203 180604 398850 152308 263249 567628 391416 428918 756697 65593 737995 746902 742477 467537 463876 615037 64545 30856 77280 578617 166444 703318 508140 383147 624743 365579 501895 135149 325674 372309 555715 347892 425173 539796 467062 269850 587103 785280 228664
868720 167851 665961 537391 842818 560372 823331 980176 267895 405388 291505 681491 191210 633182 573721 666463 282080 153253 553616 694234 1152734 472699 703674 835562 829363 731356 909689 788873 515483 165744 634011 456774 461981 584414 236704 500430 586037 804221 1012634 635934 732562 673007 844924 779077 626419 999999999 908935 600900 578142 823337 675474 752962 1162882 411866 967980 321674 774420 874781 358954 637970 956721 887148 800337 994260 773759 385090 148963 939474 994677 707446 582918 678343 282894 865630 168644 202101 538501 688598 653398 611075 1097198 459984 824991 804404 800123 537636 268032 1063981 751083 384680 886130 384590 696394 279276 87928 675794 356805 526437 829038 552091
160965 1004081 527937 371916 511885 431453 600849 734124 648953 1096855 984118 1167401 717990 330823 1064078 266493 632007 853517 355337 1264434 946552 1073543 212273 272228 139256 663262 393678 599217 1022808 833826 663071 452516 746833 565363 684855 518311 535683 239609 665747 615109 1176212 243517 709762 935270 951392 908935 999999999 674965 347847 449587 1175142 759578 978346 635941 590459 607108 134633 700439 621158 389252 900126 1024301 1078580 994426 981534 964096 1018652 873979 926085 214263 978756 241616 678590 265935 926871 979501 393212 961351 948440 1013223 874267 900158 284347 522670 676747 389421 826930 946811 1056123 1045034 806787 540505 1271133 1030701 875203 493293 888753 415776 177812 1105514
540155 572731 156180 453859 299379 278079 241840 380642 415968 522661 461351 500380 485696 363266 410090 435783 420175 673845 468444 607360 556829 459664 498635 441957 538413 132114 426435 207834 383518 666522 35218 462070 153251 113898 541447 220231 144320 448979 425397 68335 503222 565831 244070 286119 277996 600900 674965 999999999 398386 316236 510038 164962 570564 208408 397354 367709 584885 274779 285022 289378 378115 395832 410827 441268 321206 382782 609950 356251 416472 486955 314175 471089 608014 466997 490947 517972 367560 287396 273498 345318 497733 277381 426813 258005 200460 378364 351054 478905 383344 472152 293548 362422 614622 521831 517405 189959 328387 341018 507340 464358
291211 659084 298192 80545 403503 120433 449595 624677 311044 752260 636953 853049 388405 78681 742122 88409 296094 552390 84740 939920 844610 736278 135711 278591 251491 446582 391409 428330 695042 535000 401358 151399 424055 286472 376413 192543 257473 236972 601778 359210 870947 169510 538080 683685 653019 578142 347847 398386 999999999 351625 858648 533242 869393 297732 531875 263191 222033 546800 273880 146442 724898 790101 806228 807438 719434 623288 676233 698942 759393 134453 667374 106289 397555 306013 580220 632261 45561 677800 657286 703964 772527 571837 272259 384388 491365 41956 479742 803865 774307 701100 627324 196653 946143 682890 534449 274578 547325 70774 252044 776100
289968 842331 172684 432157 63439 283904 152828 294943 574151 833316 756728 804095 658475 274164 723140 316795 567622 847355 434903 916560 515863 775350 358865 177532 315575 242012 110403 158363 699509 833734 287995 492781 451981 255470 679767 323844 243473 214374 252789 248495 797369 460258 262000 513092 578034 823337 449587 316236 351625 999999999 815378 332757 544819 419952 180569 515401 415484 250867 464391 213692 450618 587678 665986 545252 565000 691783 873327 424548 476639 342141 624082 346303 722057 189305 756888 795393 357979 567591 565258 651671 442280 592175 165280 77469 234803 366903 620799 500900 654044 781530 358375 468608 924018 815442 753289 151503 629142 349063 273626 779688
1048460 529215 666113 886599 782745 750081 697526 741169 694974 291963 384171 16087 708147 848476 120069 919120 711198 820249 904990 105719 786934 204011 981557 951994 1042378 579578 924880 672857 177196 826469 531547 855281 434622 611867 791186 667208 640652 957413 829210 576949 73053 1025566 626235 363881 237494 675474 1175142 510038 858648 815378 999999999 507850 776679 566584 838006 686377 1070963 661074 618598 786037 582277 397163 246691 550570 313392 299589 568972 584313 605592 972950 196922 951731 867702 976881 507314 477705 817002 261633 253570 164796 770504 292167 936851 745602 616527 825596 465503 673845 214689 294321 583802 728453 113415 409240 600717 699992 358318 789313 1014151 123555
608341 704182 241844 598221 286788 415000 194035 255884 580730 605841 574381 494551 648986 482437 437372 551865 585126 835122 610709 612997 399806 523319 611707 498376 620363 96319 435160 175959 433165 828650 142849 617217 291443 253083 706288 374503 278716 520970 329235 175895 477797 692879 122606 180380 276563 752962 759578 164962 533242 332757 507850 999999999 410479 372966 330396 532629 691105 158860 449926 401803 213165 265733 333696 279988 232518 477956 744225 191671 251553 597642 336160 587619 772940 516572 627496 645734 509717 247641 255208 353823 347058 362021 483950 256058 109341 520840 491883 315281 325384 561072 133167 524886 620677 634241 667016 273486 442771 485381 582810 502113
818241 1104083 580613 946004 482281 766944 419862 249995 983903 967941 964120 760658 1056038 799780 758647 854823 986276 1244269 953741 875572 34594 872289 902105 711915 853596 452968 584935 442162 778972 1237086 541857 985665 700910 631490 1108362 754274 648354 755665 314416 557748 716741 1001047 341075 432856 608108 1162882 978346 570564 869393 544819 776679 410479 999999999 778009 388227 932183 959891 324698 852756 723121 213035 380358 531669 226980 471530 858962 1145510 225544 179254 885557 673268 886922 1170805 713191 1031474 1044089 860068 549225 577700 672292 104083 745295 702633 489662 390526 870817 899332 106218 562679 931482 277725 913881 882769 1021487 1076440 597465 838595 841357 810875 825089
539546 423837 255350 320026 433024 207241 412175 574701 207823 462565 358794 562330 278211 306661 448071 369937 213079 468482 338410 643687 763082 439107 428920 472462 517220 329256 516257 377988 398590 460063 236192 296004 139475 172681 333459 121259 177152 456273 601307 227931 586204 460654 444493 463724 381601 411866 635941 208408 297732 419952 566584 372966 778009 999999999 556306 162794 517831 471123 78012 270630 586041 578726 553315 644839 483647 328158 453611 564533 624480 423421 382395 398551 401792 502446 338366 380443 253817 421165 393564 419759 701488 276025 459088 393677 397010 261462 207826 687306 513518 410213 501708 175032 649737 412528 335926 268959 252913 227016 500255 478870
430977 964329 302692 612350 132653 456127 155763 154035 733316 914510 858685 824501 816085 454688 765431 495684 729127 1007805 615402 943300 356134 841474 533649 327883 468930 275686 196811 189525 755405 995618 362553 670586 549725 383630 845851 480523 383294 374679 76372 342075 804879 636724 213483 491363 606279 967980 590459 397354 531875 180569 838006 330396 388227 556306 999999999 675096 581011 181289 613536 391138 352987 533002 645319 447338 546743 777326 999283 330883 367190 516824 663709 523675 893292 326340 880388 911972 536142 576916 585595 683537 284261 666421 320225 165540 223413 545471 740425 368734 646971 865622 284191 635186 950986 919132 891580 298415 725705 525131 426324 828684
550129 396992 375673 241501 544280 240673 544842 716666 58751 519249 394180 684889 143225 312147 566392 351124 54933 332931 260256 749426 915252 526081 395781 513957 513870 479539 593627 512696 510202 320526 392258 180489 291005 305326 176636 194574 296148 482839 729689 374966 717165 389393 593643 625309 529393 321674 607108 367709 263191 515401 686377 532629 932183 162794 675096 999999999 475534 616819 85005 318542 745700 740470 706453 807001 642615 408432 413072 723417 783980 396772 518655 367943 240311 543988 320723 374476 220544 575184 545204 555617 850762 396943 503544 509621 544717 221419 242763 844836 663974 471968 658464 66748 754537 432510 271500 376690 335607 205776 510113 582711
