NAME : synthetic_000871
TYPE : CTSP-D
DIMENSION : 100
GROUPS : 8
RELAXATION_LEVEL : 1
EDGE_WEIGHT_TYPE : EXPLICIT
EDGE_WEIGHT_FORMAT : FULL_MATRIX
EDGE_WEIGHT_SECTION
999999999 678737 399268 610395 49852 555448 211875 227480 487943 483507 335301 375291 287528 119585 582491 709807 612402 671139 515725 277294 292547 600727 444329 407838 510061 397567 416525 362912 348456 572268 538885 358956 220329 223973 568508 350481 177010 539146 331650 424509 407432 661950 619656 245295 243061 384550 423747 302079 169371 372756 364292 498843 382454 252149 195340 237989 490828 223701 291573 239814 332097 725625 353707 333009 536022 27690 580659 432412 655975 406313 451227 511749 445354 393052 505294 174090 262901 392410 406366 90334 141015 484879 177654 281962 190642 203756 580587 406327 680426 492804 648855 718299 312253 472761 273774 497699 362004 122796 225945 483379
678737 999999999 681568 558192 629017 338623 467394 755330 671374 1084350 907638 1021446 902167 797523 106825 936786 107282 847273 499719 407369 969411 84560 644969 475676 859374 676782 759029 1008282 840499 119495 962534 850623 789284 496525 239924 608864 530763 1184461 937888 755176 728059 172035 839474 920589 907595 825243 255311 440826 538104 972353 1043010 922640 736843 558575 570393 885755 878130 847417 483961 862593 404242 838681 329343 891227 174536 663223 108816 726469 813443 1084920 1129963 221612 856708 754595 1175297 711648 577700 793058 978162 604561 586574 605224 808166 897722 529699 498792 838274 707595 23035 985370 107867 945128 705788 573170 703028 822950 446226 562286 744387 627829
399268 681568 999999999 898147 384492 753886 406636 223762 97652 851997 316378 481596 668054 435279 631181 1090552 578065 1038708 796021 455307 584507 637385 68309 687989 901443 4797 800024 470777 211316 627942 937878 216577 618901 499626 712012 80866 469822 864822 370198 806213 47280 760989 993556 488116 584922 167987 483893 277865 300458 751596 615818 897397 764982 581782 530361 602883 886266 607838 232864 350655 556298 1081453 482932 293665 627413 416985 630234 48545 1017773 638449 683811 459963 841693 81402 788097 243819 602880 784775 793162 336059 481537 812388 341917 358527 281563 309321 959852 26074 670030 890481 714707 1099425 101652 147820 659921 884401 625065 417922 623536 116582
610395 558192 898147 999999999 583226 221308 493047 817999 948342 753095 944662 969948 641778 701613 474012 395865 597278 302549 102158 444092 802186 493176 904928 212423 398927 894210 346756 958890 939827 463337 515838 951125 540608 410005 319836 819899 451254 894051 941436 336485 929713 399399 312725 814198 717008 960565 485924 633688 606298 670275 883617 488908 350192 358278 415203 673572 435740 620539 672207 849576 342755 281739 437156 940441 411378 582775 472633 945062 268095 928529 959984 610097 440688 934119 942352 759210 349767 403237 645592 606907 470545 151699 787882 891639 620875 589974 330455 917710 578522 581737 452920 403179 853963 876321 407497 362095 273573 513497 485165 918671
49852 629017 384492 583226 999999999 514756 162563 238601 468236 523283 362392 417609 326230 168766 533200 710544 562651 665830 485949 229034 342309 551273 423479 376056 517204 382260 417869 404953 361485 523088 556221 372488 246546 184542 523269 327938 137863 585335 365282 424805 398257 614933 616820 293690 290679 391173 373955 257885 126283 410694 414073 514895 383032 227799 170182 282200 501892 262416 251840 274483 289659 716288 304776 357318 487701 42761 531380 421577 648390 455934 500979 462767 457600 388447 554447 180867 242424 400316 440610 52287 114275 465166 211922 316292 149137 157688 580191 394539 630609 517769 600379 719252 305665 444055 276229 501374 326013 78216 241251 459510
555448 338623 753886 221308 514756 999999999 377596 724394 787349 838444 867973 930739 684912 667448 252896 600621 376976 509884 165773 311584 807379 271874 747240 187045 547771 749475 460749 918339 838854 242467 659551 850236 570520 331476 98912 673089 378465 962647 878082 454133 791908 191552 506087 791850 728974 847285 291774 476709 491390 736952 888762 623742 447229 335002 376781 693730 574126 644812 521029 788499 225838 500235 270963 858743 192435 530522 251558 802342 475796 934037 972848 401515 562481 804028 984225 667537 342364 506283 727675 519686 420616 279423 726195 829885 498730 463737 510132 776526 358316 701599 236068 608754 730634 704538 451701 509835 201489 436666 516016 752315
211875 467394 406636 493047 162563 377596 999999999 346849 465784 648448 492350 572773 454655 331291 370652 709944 406295 647124 390945 69842 502107 388862 420715 281664 545770 402890 435863 559816 461984 360527 613935 473392 351860 99669 370095 330483 92495 729729 507117 438870 436777 456082 608310 456107 443101 474166 213313 168480 115747 533698 575823 570751 402197 193392 159079 426002 543425 394324 193188 420820 156972 682403 142482 482082 326180 195874 368828 452820 622861 618139 662824 316291 505545 441444 710267 290412 217808 439950 552333 148512 140635 408496 360394 460707 128016 97334 581376 425282 469867 599859 438472 719058 362460 409097 316498 520107 219477 96713 321832 442392
227480 755330 223762 817999 238601 724394 346849 999999999 321412 634075 152697 285037 458220 221833 678185 936445 665612 898568 718669 414465 360791 691146 287400 607520 733917 224391 643456 272525 122889 671022 751569 133933 429156 409924 711759 218936 366876 641133 185659 651662 211147 787188 847095 264605 365931 157764 512885 315423 235784 538957 394200 713876 609627 465939 408477 388961 711618 402155 275706 133599 501155 952186 473352 138242 651204 252990 676710 239048 883027 419831 466272 547723 665455 184769 565727 58795 481024 616533 584187 211422 352724 703697 118445 154314 234614 269724 807685 218873 750103 692522 756809 944852 122132 349051 500879 723581 552112 304509 447346 335054
487943 671374 97652 948342 468236 787349 465784 321412 999999999 948092 405908 573411 762315 531236 635555 1165411 564742 1109045 846932 504832 682157 638355 45692 742404 982041 97229 877991 563082 297916 634259 1024258 301217 708268 563262 734598 141377 538779 962466 461483 883475 122761 770721 1066439 585693 681574 246717 503687 315129 370364 846378 712875 983099 842948 650789 602676 698337 969243 701300 276519 447360 605890 1147594 518992 383023 642467 503543 634889 98781 1086384 734705 779713 452862 925465 160944 885291 339647 673204 866530 886843 417651 557394 874256 439552 453298 348718 370801 1034943 106847 657079 980654 718542 1174392 199303 98788 740331 962959 678561 492215 709253 44569
483507 1084350 851997 753095 523283 838444 648448 634075 948092 999999999 631832 516360 197144 416856 978181 564185 1044962 594975 707622 689798 296356 999974 908424 651529 386656 851646 406478 514903 715028 965846 297689 720751 298230 590981 900066 820892 564532 150480 583904 417016 844973 1007890 537753 393261 268150 770814 848772 780409 649565 114753 324110 296483 404957 527453 515227 250782 342733 260867 774460 535554 680939 672162 763599 647173 915134 480542 976186 872739 605955 345586 341156 964381 320092 818300 246393 608453 510797 349904 110829 572620 509885 604220 517965 554866 672235 679241 491563 851112 1092772 199929 1021236 568164 752234 949626 389224 413418 653313 555820 339971 952274
335301 907638 316378 944662 362392 867973 492350 152697 405908 631832 999999999 168749 487323 273008 830843 1017634 816696 991228 848222 561360 336233 843842 384649 738442 808193 319037 730492 159502 108812 823616 804939 107910 494044 544485 860697 343094 498903 602693 57744 740039 283153 938609 936202 238817 376451 165631 665433 467160 385468 556395 336515 771836 698962 586922 529600 413765 779519 444410 426026 108709 642694 1051240 623574 22887 802985 362980 829362 308395 979744 346739 387579 698061 733301 245318 505493 203217 598202 694326 607833 348561 474118 819834 161673 77706 386229 420934 893289 300107 902058 731680 909242 1025493 230775 460916 592387 804287 687135 436770 526497 432630
375291 1021446 481596 969948 417609 930739 572773 285037 573411 516360 168749 999999999 413791 268929 935048 974946 938749 963857 881248 642203 229121 950641 549825 777493 763588 483886 704981 13164 277509 926303 736636 276517 459339 599263 940286 498588 552285 459146 111973 715780 450850 1028847 905676 162989 299147 334165 769667 590202 483776 464360 195460 709929 677966 616543 563382 345405 728582 390508 554974 159711 706831 1031083 713550 191452 897494 400540 933382 476598 958103 191603 226473 823871 684392 413452 350797 314367 621342 659219 518402 424730 512960 831148 214011 130726 491864 522839 859581 466961 1018773 651356 1008379 981941 389403 622774 580784 767635 735876 495679 505168 598178
287528 902167 668054 641778 326230 684912 454655 458220 762315 197144 487323 413791 999999999 236387 797331 564818 856069 563907 576374 500404 190635 818514 721026 500046 355383 667259 318556 407762 554020 785353 323605 561437 115567 405668 734512 630814 374527 283292 449365 330124 665825 840589 504455 258255 115361 605906 659759 583271 452504 85340 261195 296161 300712 355790 332479 73558 317551 63927 577683 381366 503788 636034 576255 498285 737433 283517 795350 693046 563542 302137 325254 770939 275390 642585 302790 424791 343960 264340 125975 375941 318843 490458 349063 410205 475277 482128 456921 669729 908984 244484 846931 571375 570900 757444 238761 365306 488638 360449 168896 763303
119585 797523 435279 701613 168766 667448 331291 221833 531236 416856 273008 268929 236387 999999999 701943 744627 728712 719809 612320 396830 179673 720037 491814 509020 535374 434857 458622 257542 322385 691780 538226 330754 221491 337606 685721 406153 291473 445448 251137 468457 430337 780669 664088 126285 151897 371646 542294 404527 274608 317699 246404 502951 427919 347706 295304 168003 507605 181597 385204 164810 447300 781813 473279 278563 655523 139709 700118 457798 709680 287465 332986 624625 461262 406296 396231 191601 352507 421337 362355 197668 246989 565297 117385 203185 292155 312523 620676 435238 798723 473205 768391 752486 336234 536846 323459 531338 469563 241532 254239 536255
582491 106825 631181 474012 533200 252896 370652 678185 635555 978181 830843 935048 797331 701943 999999999 841455 125601 753692 405802 307147 870784 22618 603670 372147 755533 626400 653872 921915 771998 12803 857267 782604 683886 392104 156121 553985 428118 1080080 856980 650326 676042 138227 742337 826504 806483 762806 165976 370362 451837 866536 945940 817060 631035 451924 465069 783057 773184 743514 416128 777780 297633 750519 229326 815884 69715 565368 1997 678215 720386 988596 1032962 188586 750892 698731 1074007 630661 470911 686901 871670 513004 483602 506338 721048 814637 446495 413445 738619 656728 119039 878782 83559 849988 641817 540525 596219 719502 340052 463399 638288 594080
709807 936786 1090552 395865 710544 600621 709944 936445 1165411 564185 1017634 974946 564818 744627 841455 999999999 956074 93473 437068 695187 755446 862821 1119720 484261 211554 1087801 293361 967673 1054662 829412 266661 1064541 524406 610368 697735 1024582 627903 713347 991981 285854 1108102 789228 103534 813778 676699 1094058 802129 877687 795056 539166 822498 276390 327811 517401 562807 629774 247267 585160 902108 909294 612352 145540 727842 1022473 773070 685935 839778 1130466 127807 859858 873551 937899 290583 1098934 805071 883854 493825 323356 490481 755626 609143 338212 858880 946219 817002 798052 130700 1103009 955098 365056 836601 9144 1016208 1118094 436134 213732 538539 673598 492436 1147549
612402 107282 578065 597278 562651 376976 406295 665612 564742 1044962 816696 938749 856069 728712 125601 956074 999999999 870306 524126 355725 904948 110844 539280 477341 855869 573297 750216 925614 744273 134881 951814 754068 746926 454372 281456 507351 481584 1134828 850206 747950 624891 249831 855271 848393 849200 725856 196368 350373 459985 931046 975108 910296 724364 529489 530667 831931 869574 797946 390718 779101 378719 871051 281555 799272 186282 600097 126650 622170 837576 1015475 1061518 120059 843230 652685 1115870 625619 551250 777488 942451 531952 537231 618454 727576 812281 448391 420493 848058 604136 92467 964006 184072 964780 607795 466349 675612 821188 435509 503003 706940 521029
671139 847273 1038708 302549 665830 509884 647124 898568 1109045 594975 991228 963857 563907 719809 753692 93473 870306 999999999 348061 625712 752814 774749 1063435 404478 213189 1035676 261269 955564 1019282 741837 302246 1029602 505498 547684 607664 969442 570387 745455 970384 251355 1059429 697364 59607 801031 670256 1055011 722936 812766 739669 552249 825006 298567 292270 458270 508349 622655 256118 574126 840297 884220 537631 77285 652070 994064 685959 645702 752061 1080513 34499 865001 883467 857755 291202 1053091 827071 843710 436200 304717 508474 707592 558571 256566 830258 922968 760561 738861 107491 1052805 866005 396022 745947 100632 969947 1056186 399768 198606 462121 620920 465649 1088559
515725 499719 796021 102158 485949 165773 390945 718669 846932 707622 848222 881248 576374 612320 405802 437068 524126 348061 999999999 342328 724858 426735 803334 111328 387660 792094 310763 869815 840006 394061 502128 851340 468540 309415 260998 717872 351842 841755 847370 302517 827568 357155 340801 728850 641101 859598 394321 532664 504469 615209 806888 468901 304188 265172 320591 599976 417473 547709 570605 755514 241071 347744 339240 843185 338643 488312 404194 842910 314610 852210 886286 523489 411603 832142 879133 659883 260252 362154 597470 507291 374901 116531 693355 797657 518825 487827 344477 815554 518138 553330 400403 445413 752186 776210 337740 349514 171472 414337 412301 817803
277294 407369 455307 444092 229034 311584 69842 414465 504832 689798 561360 642203 500404 396830 307147 695187 355725 625712 342328 999999999 563651 326456 461046 238245 546992 451236 436369 629276 527374 296390 626000 538745 391581 103358 300310 376232 125878 780206 576872 437555 489199 386863 592043 522506 500233 536279 159369 192217 179935 575608 639239 582984 404794 193409 178997 479084 550252 442908 228353 490655 101348 653944 78082 550618 258742 258751 305260 502844 598990 682264 726238 279679 516203 497467 767932 358828 218056 449474 588935 218302 181657 376920 430141 530542 187493 152981 569898 475868 411779 622700 371563 704330 421241 437788 333388 517855 174283 156434 353968 476862
292547 969411 584507 802186 342309 807379 502107 360791 682157 296356 336233 229121 190635 179673 870784 755446 904948 752814 724858 563651 999999999 889856 646966 633116 545819 585029 501139 225123 424812 860030 509657 429483 263546 489779 838927 569268 447180 280349 287549 512506 569681 939017 693581 100132 85902 482285 715217 584155 454119 235241 82115 485143 478764 473483 431470 132398 508180 184791 563768 245506 598930 823677 641498 352504 819949 306234 868901 597671 750829 127552 165766 803121 465851 539028 216929 350736 470193 449987 289282 376461 394911 654409 242671 260071 471828 491705 646325 579112 971918 422554 932842 761978 482854 701474 395879 554360 605893 407458 317585 693821
600727 84560 637385 493176 551273 271874 388862 691146 638355 999974 843842 950641 818514 720037 22618 862821 110844 774749 426735 326456 889856 999999999 607669 394599 778051 632594 676478 937494 782835 35421 879879 793330 705299 413057 174005 561115 448394 1101101 871070 672917 682714 142844 763968 844205 826334 772125 180975 380927 466994 888150 964554 839678 653653 474019 486427 803442 795782 764330 426157 792865 319691 770633 248431 828498 92138 584096 24565 683994 741345 1006997 1051572 187586 773509 706365 1093952 644593 493157 709504 893651 529778 504021 528179 736727 829279 460773 428267 760626 663093 96424 901317 81415 871325 651360 542361 618500 741981 362660 482397 660035 596312
444329 644969 68309 904928 423479 747240 420715 287400 45692 908424 384649 549825 721026 491814 603670 1119720 539280 1063435 803334 461046 646966 607669 999999999 698193 936615 65950 832400 538950 279075 601709 979658 283917 664619 517908 697243 95953 493134 926916 438489 837851 107349 737335 1020757 551926 642912 233215 466523 272736 324672 805437 681126 938372 797362 605170 556984 658132 924078 659522 232732 416816 562265 1102234 477773 361916 607129 459318 602906 91505 1040854 704830 750488 424451 880423 145468 853017 300674 627548 821242 845067 372637 511771 829210 404419 426122 303047 325401 989256 86939 631742 937133 687041 1128701 166031 84711 694943 917389 634425 446558 664644 48494
407838 475676 687989 212423 376056 187045 281664 607520 742404 651529 738442 777493 500046 509020 372147 484261 477341 404478 111328 238245 633116 394599 698193 999999999 383701 684165 285314 765757 728725 359455 488455 740065 386870 198088 255904 610755 240846 776043 739231 280585 718385 363382 381537 628812 551738 748364 318524 430391 394032 550062 715157 449784 266767 162066 214223 513758 403437 463268 465954 647515 139537 422336 249555 732927 302461 380726 370278 734424 374411 760612 797185 453816 385433 722014 801159 548748 162925 325215 540808 396107 266849 147985 585106 689653 409076 378929 371094 706920 490651 520848 389943 493216 641617 675724 264891 347413 63962 303393 331478 715074
510061 859374 901443 398927 517204 547771 545770 733917 982041 386656 808193 763588 355383 535374 755533 211554 855869 213189 387660 546992 545819 778051 936615 383701 999999999 899082 110662 756216 849739 742796 116937 859291 314193 450016 633525 840686 456307 536618 781171 109892 914944 737564 153974 602240 465829 891636 679016 713462 614919 339094 615271 94024 143581 355086 388584 418688 43945 373613 731174 699611 483239 289034 596136 813825 685937 488084 753645 938676 220152 654188 671173 814245 79994 902709 614300 683615 330183 117652 295671 565585 426435 271170 650843 735886 638145 624355 106365 911721 874247 192951 771259 218824 820998 944349 241772 38148 420387 492096 286695 968463
397567 676782 4797 894210 382260 749475 402890 224391 97229 851646 319037 483886 667259 434857 626400 1087801 573297 1035676 792094 451236 585029 632594 65950 684165 899082 999999999 797449 473001 214404 623170 936037 219834 617351 496129 707404 76401 466583 865309 372605 803588 51938 756246 990669 488883 584740 171775 479212 273359 297146 750916 616937 895484 762401 578591 527343 602345 884100 606886 228446 351966 552269 1078201 478515 296363 622705 415052 625454 53091 1014644 639858 685314 455177 839592 85535 789136 243310 599770 782491 792269 333600 478727 808896 342387 360365 278078 305595 957102 30839 665254 889068 709928 1096681 102268 144294 657504 881882 621191 414975 621582 114389
416525 759029 800024 346756 417869 460749 435863 643456 877991 406478 730492 704981 318556 458622 653872 293361 750216 261269 310763 436369 501139 676478 832400 285314 110662 797449 999999999 696275 762458 641079 203518 772503 245655 339527 540105 736665 347313 549339 709115 11588 815986 646482 205739 541992 416391 800942 570260 603913 508938 329774 577438 164495 35065 244502 279831 368993 119505 318114 622863 623170 374811 326125 486617 733863 584698 392575 651947 838856 253195 619768 643768 704965 101772 805978 607350 590529 219603 57661 300158 464143 320710 200036 569960 661745 531784 516442 164303 811567 772896 242656 675255 301922 723429 837064 142782 85185 315277 386195 204404 862797
362912 1008282 470777 958890 404953 918339 559816 272525 563082 514903 159502 13164 407762 257542 921915 967673 925614 955564 869815 629276 225123 937494 538950 765757 756216 473001 696275 999999999 268012 913180 731009 267409 450627 586867 927489 486692 539874 461468 102139 707015 440653 1015879 897530 154547 292755 325124 756521 577125 470620 460226 196162 703752 668946 604983 551592 338578 721609 382813 541999 146606 694281 1022400 700519 182021 884446 388298 920250 466599 949452 195331 232019 810781 677200 403457 355016 301334 610042 651041 514184 411721 500918 820611 200889 118229 478701 509678 851593 456500 1005611 646606 995295 974733 377899 611374 571051 759728 723780 483060 495793 587348
348456 840499 211316 939827 361485 838854 461984 122889 297916 715028 108812 277509 554020 322385 771998 1054662 744273 1019282 840006 527374 424812 782835 279075 728725 849739 214404 762458 268012 999999999 766035 860193 11416 540035 530739 819655 249395 488575 699475 165886 771005 175249 888630 967023 324733 450614 58747 609745 401908 347469 629813 436563 824097 729064 588774 531342 481579 825342 503342 357073 179803 618183 1074000 580251 86057 751930 374625 770680 199892 1004428 450956 493345 624319 778975 137003 607962 181205 603909 732971 678590 332922 475608 826581 205633 169133 341624 377125 926753 193149 832771 794940 853098 1062943 138504 358210 620404 841207 672189 426462 563227 326432
572268 119495 627942 463337 523088 242467 360527 671022 634259 965846 823616 926303 785353 691780 12803 829412 134881 741837 394061 296390 860030 35421 601709 359455 742796 623170 641079 913180 766035 999999999 844470 776702 671779 380303 146623 550260 416719 1068187 849117 637543 672511 137270 730138 816552 795282 757721 158239 364811 443490 854305 935446 804258 618233 439426 453011 771546 760396 731753 410837 769358 285172 739228 218773 808883 57103 554860 10868 675196 708593 978221 1022463 190282 738089 694639 1062735 622950 458322 674105 859227 503668 472105 494024 712292 806463 438673 405325 726193 653384 131839 866022 87442 837962 636649 539840 583607 706789 327253 452757 625988 593132
538885 962534 937878 515838 556221 659551 613935 751569 1024258 297689 804939 736636 323605 538226 857267 266661 951814 302246 502128 626000 509657 879879 979658 488455 116937 936037 203518 731009 860193 844470 999999999 868812 322604 524455 742169 884157 521706 447373 770702 207876 945803 847690 248350 581621 438965 907168 768114 777431 666923 280711 569233 43196 227451 432900 454982 395273 85494 360533 789267 696858 574238 379361 682863 813706 788166 521108 855337 971138 318004 603472 613041 901021 109901 929164 538936 706774 408638 176696 228849 607537 482516 386039 655595 729154 690859 682347 206208 945191 976303 98491 878250 270911 850150 996672 297575 154349 518060 546599 315016 1015354
358956 850623 216577 951125 372488 850236 473392 133933 301217 720751 107910 276517 561437 330754 782604 1064541 754068 1029602 851340 538745 429483 793330 283917 740065 859291 219834 772503 267409 11416 776702 868812 999999999 549089 542092 830859 257450 499871 703001 165523 781105 178914 899568 977199 329535 457128 57727 620554 412416 358849 636632 439199 832923 739186 599866 542410 488790 834614 511379 367425 185213 629599 1084559 591458 85602 762863 385230 781294 202745 1014892 452500 494367 634075 788234 140367 610110 192368 614906 742638 685726 344218 486650 837621 213687 172112 352917 388410 936785 197486 842756 802864 863804 1072800 147433 363970 630564 851023 683574 437730 572881 330887
220329 789284 618901 540608 246546 570520 351860 429156 708268 298230 494044 459339 115567 221491 683886 524406 746926 505498 468540 391581 263546 705299 664619 386870 314193 617351 245655 450627 540035 671779 322604 549089 999999999 293640 618952 570443 266355 398403 467663 256442 624474 725041 448076 296356 177677 585392 550649 494155 368842 184127 343923 284766 219178 240224 218891 133015 286234 79932 495308 385429 388969 571777 465802 500052 623041 206731 681898 650262 498826 388447 419427 666883 239856 606863 414292 384374 228774 202236 200820 298794 212105 391482 337906 421847 392681 393224 403076 624798 796778 272564 731976 532090 528616 690168 133130 312205 373272 262451 56248 703161
223973 496525 499626 410005 184542 331476 99669 409924 563262 590981 544485 599263 405668 337606 392104 610368 454372 547684 309415 103358 489779 413057 517908 198088 450016 496129 339527 586867 530739 380303 524455 542092 293640 999999999 349957 425853 47024 688045 549718 341828 526556 449278 508647 463239 418940 550581 258835 267500 200197 477579 568924 481329 306671 95186 76469 392250 450499 351460 292665 459024 110056 584333 172817 537682 334583 199298 390133 544479 523797 613418 655094 382949 414926 527468 684931 351230 120018 348426 488135 198594 94894 312767 396455 500821 218063 192523 482058 516711 503406 519354 446338 619486 445949 508683 230240 422929 142777 107763 252647 541174
568508 239924 712012 319836 523269 98912 370095 711759 734598 900066 860697 940286 734512 685721 156121 697735 281456 607664 260998 300310 838927 174005 697243 255904 633525 707404 540105 927489 819655 146623 742169 830859 618952 349957 999999999 631461 394772 1016454 877182 534650 753129 108101 601708 811899 765225 821310 230913 435151 475993 793858 918636 704504 522644 378735 409663 734246 656754 688431 481464 790655 240126 599139 239405 849130 103367 546114 154947 760476 573730 963262 1004532 320060 640923 769484 1027503 657607 391590 581114 790142 518240 444400 370488 729690 830759 478620 443099 603210 736048 259434 776706 139692 705983 701534 646186 510856 596072 247157 445924 567155 696714
350481 608864 80866 819899 327938 673089 330483 218936 141377 820892 343094 498588 630814 406153 553985 1024582 507351 969442 717872 376232 569268 561115 95953 610755 840686 76401 736665 486692 249395 550260 884157 257450 570443 425853 631461 999999999 399091 847311 391093 742208 122546 682187 926044 478071 558026 220678 404033 197015 229882 715718 610508 842752 701616 511280 462103 570120 828156 568527 152064 352486 477473 1009672 402127 321698 547916 364458 552967 129403 947399 638033 684737 387908 784562 145767 780313 218640 533282 725290 753808 276850 416144 738240 329527 369430 208983 233726 894033 104611 598486 843002 637364 1033543 112614 132225 598999 821609 547441 351105 569183 132981
177010 530763 469822 451254 137863 378465 92495 366876 538779 564532 498903 552285 374527 291473 428118 627903 481584 570387 351842 125878 447180 448394 493134 240846 456307 466583 347313 539874 488575 416719 521706 499871 266355 47024 394772 399091 999999999 654749 503144 351113 493939 492320 527952 417400 378952 510846 285242 257434 169580 450138 525450 478539 313050 112203 67771 355065 452241 317382 275784 412278 155842 611632 202316 492631 373675 152612 426177 513252 548413 569637 611957 401243 413644 492377 646118 308081 134464 348431 465131 155653 55961 345475 349684 454135 190174 170268 498018 485434 536228 507814 486260 636951 409949 490957 224162 432197 188370 62555 231813 519689
539146 1184461 864822 894051 585335 962647 729729 641133 962466 150480 602693 459146 283292 445448 1080080 713347 1134828 745455 841755 780206 280349 1101101 926916 776043 536618 865309 549339 461468 699475 1068187 447373 703001 398403 688045 1016454 847311 654749 999999999 548299 560296 849704 1123052 688170 378516 297272 757836 939085 841082 708389 226794 267160 446945 543925 638145 615621 304405 492673 337367 827231 522740 787077 822637 857056 621594 1020659 543673 1078105 877675 756233 268903 245699 1044259 468006 818429 123017 628779 624965 491884 249218 629128 598790 743428 522922 530964 728977 742633 641852 859403 1190707 350154 1130213 717054 763172 979255 511176 562381 769723 633419 449306 973489
331650 937888 370198 941436 365282 878082 507117 185659 461483 583904 57744 111973 449365 251137 856980 991981 850206 970384 847370 576872 287549 871070 438489 739231 781171 372605 709115 102139 165886 849117 770702 165523 467663 549718 877182 391093 503144 548299 999999999 719123 338887 959460 914156 193981 335790 223247 691021 499838 406521 514051 281378 739356 678851 583251 526876 376213 750403 411493 461150 91883 652247 1032925 643144 79972 825136 359073 855420 364635 960724 289724 330050 732898 704567 301488 448910 226510 592314 669660 566551 359655 472595 811233 154125 49802 410486 443941 870065 355126 933501 693622 933541 999591 280180 512740 574530 779744 691177 442365 504773 486748
424509 755176 806213 336485 424805 454133 438870 651662 883475 417016 740039 715780 330124 468457 650326 285854 747950 251355 302517 437555 512506 672917 837851 280585 109892 803588 11588 707015 771005 637543 207876 781105 256442 341828 534650 742208 351113 560296 719123 999999999 822701 640680 196466 552798 427686 809031 569403 607141 513986 341136 588913 169963 42056 246660 283889 380318 122970 329321 626853 632886 373715 315431 486287 743205 581008 400274 648410 845385 242573 631282 655342 704466 109166 813121 618816 598396 221811 68937 311086 470548 326081 190724 579319 671622 536676 520689 156081 818035 769305 250852 670389 294508 730456 841454 150784 81238 312610 391398 214350 867786
407432 728059 47280 929713 398257 791908 436777 211147 122761 844973 283153 450850 665825 430337 676042 1108102 624891 1059429 827568 489199 569681 682714 107349 718385 914944 51938 815986 440653 175249 672511 945803 178914 624474 526556 753129 122546 493939 849704 338887 822701 999999999 804721 1012691 471341 576895 126203 526453 318035 326361 748018 595280 906135 781072 605008 551809 598295 897698 607368 272051 329598 589437 1104659 521325 260267 670424 427424 675054 28000 1039626 615179 659584 506502 852506 38664 767928 241968 625148 797630 791627 352584 500893 838653 329015 332471 309521 339741 977516 21671 716748 894050 759498 1116879 95923 190984 674466 899631 656165 439069 633277 152667
661950 172035 760989 399399 614933 191552 456082 787188 770721 1007890 938609 1028847 840589 780669 138227 789228 249831 697364 357155 386863 939017 142844 737335 363382 737564 756246 646482 1015879 888630 137270 847690 899568 725041 449278 108101 682187 492320 1123052 959460 640680 804721 999999999 696555 906917 867367 884392 280331 491553 553578 901190 1017749 810641 629885 484929 512938 837909 762202 793143 538205 875620 341094 681087 316400 925409 136709 641074 138458 808704 662991 1061951 1104157 326794 747654 825128 1131356 735749 498639 688521 898078 604266 544172 470786 816036 914570 552597 517693 701618 786121 194782 884206 66672 797146 763347 676841 618733 699823 354675 539256 673910 729934
619656 839474 993556 312725 616820 506087 608310 847095 1066439 537753 936202 905676 504455 664088 742337 103534 855271 59607 340801 592043 693581 763968 1020757 381537 153974 990669 205739 897530 967023 730138 248350 977199 448076 508647 601708 926044 527952 688170 914156 196466 1012691 696555 999999999 742984 611298 1004113 698958 775604 696203 492874 765507 241333 238146 416627 463952 563720 197245 515584 800954 828755 508823 135140 624331 939591 673480 594777 740620 1034419 69674 805428 823870 834858 231621 1005022 768199 793043 393525 246490 449559 660189 512163 236817 775691 867087 717738 697708 47908 1006819 857234 339745 741199 112641 922004 1017031 346638 139232 435133 575759 409872 1047528
245295 920589 488116 814198 293690 791850 456107 264605 585693 393261 238817 162989 258255 126285 826504 813778 848393 801031 728850 522506 100132 844205 551926 628812 602240 488883 541992 154547 324733 816552 581621 329535 296356 463239 811899 478071 417400 378516 193981 552798 471341 906917 742984 999999999 143203 382153 665304 513904 389489 320102 134298 552529 515103 466755 417038 186613 568324 228636 488312 145388 573129 868094 598452 253923 781247 265990 824702 499288 795116 169078 216279 740830 523540 439927 302252 261596 468767 496494 372789 316752 371313 672396 148574 161614 404079 428640 697077 481536 920984 501304 894012 820933 386627 610105 419215 605250 592589 367704 342840 599369
243061 907595 584922 717008 290679 728974 443101 365931 681574 268150 376451 299147 115361 151897 806483 676699 849200 670256 641101 500233 85902 826334 642912 551738 465829 584740 416391 292755 450614 795282 438965 457128 177677 418940 765225 558026 378952 297272 335790 427686 576895 867367 611298 143203 999999999 505034 655948 544298 411738 180222 166617 411010 393327 394056 355725 47619 429832 99013 529972 273362 526294 740179 578291 388968 752527 250361 804560 604694 667216 211570 245604 752916 386187 550192 267702 342251 389027 366312 231406 332458 324504 568789 250171 298818 431961 446808 564397 583334 911568 358190 864886 683532 484601 688713 310227 472282 527718 346566 232027 687777
384550 825243 167987 960565 391173 847285 474166 157764 246717 770814 165631 334165 605906 371646 762806 1094058 725856 1055011 859598 536279 482285 772125 233215 748364 891636 171775 800942 325124 58747 757721 907168 57727 585392 550581 821310 220678 510846 757836 223247 809031 126203 884392 1004113 382153 505034 999999999 604127 393271 358421 683283 495281 870118 766980 615480 558747 534185 868979 553234 346940 236831 631134 1107234 582832 143308 747931 409400 761605 147938 1038746 509598 551783 605899 822749 87756 666708 211324 632242 774284 731155 356562 503784 853584 256882 227837 348787 383570 965098 146296 816053 844840 845143 1102489 121133 315640 658262 881308 689653 450005 605011 278845
423747 255311 483893 485924 373955 291774 213313 512885 503687 848772 665433 769667 659759 542294 165976 802129 196368 722936 394321 159369 715217 180975 466523 318524 679016 479212 570260 756521 609745 158239 768114 620554 550649 258835 230913 404033 285242 939085 691021 569403 526453 280331 698958 665304 655948 604127 999999999 211254 286080 734751 788027 725760 541800 338615 335292 636943 688279 601952 257940 612011 195816 736877 86753 650845 144340 409039 164404 532116 692504 829735 874928 136305 658481 545504 923373 464759 361590 591931 746890 349619 340954 466371 555755 648697 280536 247520 684806 508515 256735 773595 244083 811138 483049 416086 483921 646435 264505 309428 511453 466027
302079 440826 277865 633688 257885 476709 168480 315423 315129 780409 467160 590202 583271 404527 370362 877687 350373 812766 532664 192217 584155 380927 272736 430391 713462 273359 603913 577125 401908 364811 777431 412416 494155 267500 435151 197015 257434 841082 499838 607141 318035 491553 775604 513904 544298 393271 211254 999999999 132715 666992 645972 734389 569989 361846 325190 539584 709556 519711 46727 430547 292097 844427 205958 450452 355501 300570 369088 326410 787376 682976 730098 233741 670320 334964 800715 276035 386288 605601 693516 211954 295613 567957 382270 462477 112653 101341 749558 301327 434900 755944 452150 886814 272137 245695 480186 688375 366444 234234 474249 285165
169371 538104 300458 606298 126283 491390 115747 235784 370364 649565 385468 483776 452504 274608 451837 795056 459985 739669 504469 179935 454119 466994 324672 394032 614919 297146 508938 470620 347469 443490 666923 358849 368842 200197 475993 229882 169580 708389 406521 513986 326361 553578 696203 389489 411738 358421 286080 132715 999999999 536872 519061 624506 473996 281746 232323 407050 605371 388699 126512 325950 272714 781089 238107 373255 418694 169028 450213 344574 717967 557807 604470 351405 563319 328073 669995 182305 303470 501497 565752 79287 188509 512518 270116 363053 24068 39536 664628 316773 536297 636576 527200 804042 247729 330327 374504 594094 333270 122854 355565 353861
372756 972353 751596 670275 410694 736952 533698 538957 846378 114753 556395 464360 85340 317699 866536 539166 931046 552249 615209 575608 235241 888150 805437 550062 339094 750916 329774 460226 629813 854305 280711 636632 184127 477579 793858 715718 450138 226794 514051 341136 748018 901190 492874 320102 180222 683283 734751 666992 536872 999999999 288923 262923 320470 417787 402283 150003 296835 149055 662406 453497 570060 627593 649910 569171 804472 368076 864543 775432 557108 322805 334387 849670 262043 723691 278646 507931 402628 272213 54105 460824 395304 518941 426778 478701 559827 565705 445035 752575 980278 188676 911899 544721 653610 842678 285256 357458 546703 441183 228713 848052
364292 1043010 615818 883617 414073 888762 575823 394200 712875 324110 336515 195460 261195 246404 945940 822498 975108 825006 806888 639239 82115 964554 681126 715157 615271 616937 577438 196162 436563 935446 569233 439199 343923 568924 918636 610508 525450 267160 281378 588913 595280 1017749 765507 134298 166617 495281 788027 645972 519061 288923 999999999 548516 556547 555274 512424 211333 575928 264392 621764 265771 678514 897212 716676 356126 896813 380587 944083 622934 824664 45456 87022 870180 535402 561662 172649 395435 552240 524712 342249 443616 474251 735306 281387 267447 534981 557670 717880 607200 1044667 477257 1009805 828633 515134 742168 476757 626434 687314 482808 398622 729059
498843 922640 897397 488908 514895 623742 570751 713876 983099 296483 771836 709929 296161 502951 817060 276390 910296 298567 468901 582984 485143 839678 938372 449784 94024 895484 164495 703752 824097 804258 43196 832923 284766 481329 704504 842752 478539 446945 739356 169963 906135 810641 241333 552529 411010 870118 725760 734389 624506 262923 548516 999999999 186263 389989 411789 365937 53203 327974 746515 663393 532308 375704 640331 779870 748157 480434 815120 931251 309906 584671 597283 858374 67280 890178 530940 668021 365803 133947 214261 565981 439634 353744 620295 696750 648410 639540 195631 905134 936092 99362 839725 281827 810642 954448 254430 127697 477383 503881 273974 973662
382454 736843 764982 350192 383032 447229 402197 609627 842948 404957 698962 677966 300712 427919 631035 327811 724364 292270 304188 404794 478764 653653 797362 266767 143581 762401 35065 668946 729064 618233 227451 739186 219178 306671 522644 701616 313050 543925 678851 42056 781072 629885 238146 515103 393327 766980 541800 569989 473996 320470 556547 186263 999999999 212010 245436 346366 146539 294426 588390 592086 347128 354462 457327 701864 562311 358233 629090 803884 281962 599628 625529 675765 119868 771257 595411 556342 187131 59062 296032 429133 285706 199659 538022 631099 496890 481838 198137 776579 750045 254600 655852 336436 688645 802353 108750 120102 291175 351222 174366 827856
252149 558575 581782 358278 227799 335002 193392 465939 650789 527453 586922 616543 355790 347706 451924 517401 529489 458270 265172 193409 473483 474019 605170 162066 355086 578591 244502 604983 588774 439426 432900 599866 240224 95186 378735 511280 112203 638145 583251 246660 605008 484929 416627 466755 394056 615480 338615 361846 281746 417787 555274 389989 212010 999999999 57654 358993 356905 311047 384723 491374 154340 499825 252142 583463 387808 224510 449927 624821 436222 600685 638510 469027 323024 602043 650800 407643 24903 256243 419938 259162 113602 238150 429606 533466 302330 281114 388256 597015 568325 435118 494150 526488 519169 600694 146144 327744 134342 166940 189368 630982
195340 570393 530361 415203 170182 376781 159079 408477 602676 515227 529600 563382 332479 295304 465069 562807 530667 508349 320591 178997 431470 486427 556984 214223 388584 527343 279831 551592 531342 453011 454982 542410 218891 76469 409663 462103 67771 615621 526876 283889 551809 512938 463952 417038 355725 558747 335292 325190 232323 402283 512424 411789 245436 57654 999999999 324972 384622 281020 343036 435000 172526 553126 249143 525936 405062 167816 463083 572384 487861 557586 597206 458611 346466 547478 618418 350286 73842 280950 411784 203031 55950 295303 372981 477133 254206 236824 432497 544635 578020 444865 515256 571809 464412 557635 157898 364838 175934 112750 176273 585054
237989 885755 602883 673572 282200 693730 426002 388961 698337 250782 413765 345405 73558 168003 783057 629774 831931 622655 599976 479084 132398 803442 658132 513758 418688 602345 368993 338578 481579 771546 395273 488790 133015 392250 734246 570120 355065 304405 376213 380318 598295 837909 563720 186613 47619 534185 636943 539584 407050 150003 211333 365937 346366 358993 324972 999999999 383184 53146 529257 307937 497167 692570 556734 424788 726829 240008 781108 625787 619614 255575 286670 739889 339195 573706 293449 359063 351952 318702 197040 328296 299455 524452 277364 336674 428616 439882 516861 603213 890797 317990 838444 636683 504211 698963 266136 424741 493289 329437 188542 701654
