NAME : synthetic_000963
TYPE : CTSP-D
DIMENSION : 100
GROUPS : 8
RELAXATION_LEVEL : 1
EDGE_WEIGHT_TYPE : EXPLICIT
EDGE_WEIGHT_FORMAT : FULL_MATRIX
EDGE_WEIGHT_SECTION
999999999 891908 266140 723126 267088 554514 719106 707476 560295 502491 528770 566764 271856 833257 750958 643793 464708 152891 953761 736618 792749 770245 636288 581627 777559 457327 765587 319338 384825 385591 562075 576826 361470 829464 233829 595592 239935 674599 474913 351768 683451 422220 779476 647580 797563 164403 439469 603035 675388 439679 1001127 442787 843972 813300 213405 678203 158173 840355 619130 310280 908038 926442 911254 311187 842824 873002 577389 702023 678806 35365 985744 314319 505155 584242 185021 221017 889094 508138 758347 698327 399662 545971 818356 530663 697111 758310 627268 448134 441454 959903 323198 883493 364963 310144 481387 283483 93424 516635 278249 109855
891908 999999999 741401 517515 633937 821841 758739 419025 340347 676466 450223 403544 961730 146576 617075 715871 542445 743839 372561 275697 131488 506319 511287 420476 515553 467149 174689 623190 596409 531029 529584 371466 712108 402852 804931 459352 657104 359091 493932 619138 1021291 480007 502549 249989 316928 1022668 572688 740432 671551 961907 415683 542476 325069 636458 756623 722091 931660 357516 935974 840623 180586 470205 508184 591350 50431 563340 319840 310952 1085512 924546 335523 1070134 622753 517746 875125 711946 473506 492247 275001 727006 571921 582142 348717 664802 525774 386086 538238 551698 622662 342033 573825 125262 772131 808502 884215 842433 799400 758267 797185 867618
266140 741401 999999999 467173 269695 701087 821401 690990 459405 236386 506481 357375 512728 649286 802088 741153 486262 166000 903543 530054 622151 515496 383462 554751 521732 414347 657465 358176 425099 359271 310869 379890 476482 802470 407861 358084 166611 632128 258271 123862 872265 272444 789309 492921 744059 316302 475700 713958 753500 652146 956217 213597 791165 863173 54223 773621 408818 608500 793738 119562 806867 909450 907930 183487 697457 891893 425870 641933 885855 298546 919518 328763 241612 333586 405383 84837 878078 278781 689309 792869 174860 596293 588417 618117 440409 523019 370524 212004 181877 899690 282686 768140 115822 480292 660810 109272 227116 643902 63991 173675
723126 517515 467173 999999999 579756 983701 1023390 746170 481268 261299 628599 238010 927419 372851 933224 951830 678829 584579 843014 245181 392775 48792 88158 646371 54605 561074 557147 639464 670469 567310 161846 265012 779348 807343 784622 154372 516489 665129 276786 373126 1187083 391592 859104 378846 718473 779735 691594 948509 934792 1020787 894765 289816 753153 979696 514000 974956 842684 199509 1098153 501564 671377 906988 929244 454326 500026 953439 373106 640277 1225014 757706 825811 742631 230722 140614 816872 503020 892525 235071 653378 989195 330507 782451 192111 845753 27100 134049 96651 280207 285296 821478 537635 614189 416224 834789 989803 518530 657973 914263 488376 640534
267088 633937 269695 579756 999999999 442262 551808 454396 296359 441994 269355 368351 360546 592982 538060 471554 224798 145434 692712 518642 546053 620085 493415 322132 629756 191014 499613 88511 156414 119760 425528 364607 217974 574207 207534 428984 103551 412493 303028 244512 629227 200686 540069 398967 534431 419580 209346 445655 484440 441599 741832 296414 581418 600094 236682 503934 303410 644361 544781 384168 641024 676106 666813 131262 583990 639907 331883 436775 656043 296532 721523 525560 415549 443157 256405 186746 640891 344689 492367 523175 263681 329619 621024 348521 558059 572164 495476 309988 351004 696653 60543 617598 379377 255615 421417 366524 174211 380392 328408 282275
554514 821841 701087 983701 442262 999999999 194733 425808 541999 882861 389340 748465 355280 858288 309203 151754 312509 542468 651057 846110 799513 1016203 904174 404865 1027023 428581 647313 359702 314466 417032 845367 728588 225365 516741 321395 829589 542391 465579 716486 685715 207996 594879 410056 679862 551696 707882 294094 102850 209213 213217 676592 723999 579318 355109 657350 176197 435125 990279 118280 804014 724452 564776 527053 569260 776263 456458 641636 514067 264334 557197 707724 868805 852497 859114 378174 616368 525589 757727 561492 191585 698183 240080 967517 157783 966392 938132 912454 739437 790294 675957 461162 737988 815548 244372 109217 781635 509378 70136 751981 640550
719106 758739 821401 1023390 551808 194733 999999999 339716 547220 970176 394930 785886 546637 826862 155279 80255 355748 677066 512820 846418 767937 1048504 952838 384273 1059765 467818 588366 463298 398763 486117 904656 758735 360932 391925 487208 874371 655285 406213 778062 779768 301859 656498 276639 675089 453100 879218 354618 116191 91227 406338 527147 796906 467078 178841 785051 49527 616908 991299 243481 933735 627538 410153 366393 663160 719655 288627 655730 451615 379950 727272 574171 1031030 931718 914293 555039 737667 374640 816163 484002 34449 780020 243708 970117 203290 1010361 953895 966154 813383 875974 543018 550635 654880 930412 416502 303529 914162 659382 205193 878759 792437
707476 419025 690990 746170 454396 425808 339716 999999999 274313 763830 186665 521813 661570 495047 203385 301276 244263 599594 254311 536448 437366 761796 690592 136300 773098 276885 250099 388188 324392 339057 660340 487791 396464 122292 528774 612441 537570 81209 549524 604983 612581 446649 113395 371049 126093 868451 272685 332801 253395 603105 296710 583925 158956 237682 674843 304163 676350 676808 531909 810445 299259 221789 216966 507837 380604 213209 375979 116799 682153 730490 299564 979305 715339 663446 609563 621373 187745 578612 144462 308179 583938 205964 657531 280405 738930 653831 709744 600133 675272 269300 416166 318466 777085 496782 508981 798874 620383 372379 754886 736662
560295 340347 459405 481268 296359 541999 547220 274313 999999999 493531 155980 249450 624306 327044 452224 480402 231786 419126 447480 305289 271602 502889 419241 165310 514209 131172 206773 283887 266058 190845 386073 217371 386742 362695 466362 340389 336957 197254 277704 353809 749926 190253 387196 138169 290829 702387 256491 485667 457009 643753 501026 315842 336621 500557 458359 500099 591345 450435 660277 574500 353846 470633 480094 282547 289979 487318 108924 190799 802427 591391 460263 776852 443449 389670 535025 407277 445769 304756 231759 512783 322966 314410 428187 388802 471200 407006 437104 331413 408525 441252 237540 324005 526803 476998 580061 568319 466904 472505 522221 551871
502491 676466 236386 261299 441994 882861 970176 763830 493531 999999999 600322 278792 742448 551416 917078 891566 615237 388616 928679 414448 545419 309364 196483 636831 312713 511639 649276 523332 576783 484060 149099 315036 659843 855908 621897 219507 348878 690034 216001 197486 1070744 321839 874143 458443 779410 530864 615922 874520 890590 868112 982733 180342 822735 973232 289846 920720 642679 441218 986767 242811 790264 963492 973556 313682 643049 976519 411835 682878 1093889 534572 928694 481491 54215 165601 632682 299516 939296 195785 716148 938230 190240 729029 426232 771982 234693 357624 173221 163907 94209 915873 424145 740176 158231 687079 861398 262173 457460 818585 238833 405551
528770 450223 506481 628599 269355 389340 394930 186665 155980 600322 999999999 391532 524746 469922 317382 325526 92691 413921 425064 461051 411607 653695 559769 52983 664940 92913 282908 211696 159513 152469 516082 363816 264603 304977 375690 480887 350983 146287 393819 427850 596658 278486 283409 291876 269468 686968 123901 329693 306273 511728 473153 420652 315414 372915 488558 346843 517645 606311 507445 626043 401363 408211 402537 324416 401387 386501 262393 179578 652130 554162 458114 793087 555788 523744 453666 435127 374350 428900 237591 360664 413408 158448 584130 233932 616064 562012 574496 437293 508191 431523 229508 393278 597183 364287 437367 613593 439067 320839 570161 551381
566764 403544 357375 238010 368351 748465 785886 521813 249450 278792 391532 999999999 727917 294253 700738 713886 441261 415098 656990 173638 275276 267786 169872 412490 278673 323351 373067 414458 437588 334763 144222 37180 551211 597798 575718 90938 332125 442299 99122 234359 953531 168257 635164 181014 514753 664915 455109 710673 697787 800660 710793 145254 555274 749959 385920 737291 658234 278284 864106 443466 511721 702855 718791 260950 366747 733526 146880 425064 994852 602058 652856 681797 224602 143069 620755 353290 682977 88743 449773 751773 182611 544486 255327 608143 224540 203823 187949 151318 219178 641778 317450 461391 370404 616345 760998 448758 485338 678669 405600 510697
271856 961730 512728 927419 360546 355280 546637 661570 624306 742448 524746 727917 999999999 943069 628508 486275 434768 354025 914948 878217 891828 970725 839420 569421 979690 494787 804335 340989 367685 435159 767279 725152 266089 778679 158691 782163 411154 660409 654772 561413 430757 561058 696576 746867 777452 388199 402882 436782 534237 180927 953192 637688 817995 685220 458816 517971 114240 1004797 382348 578430 925364 856028 828244 474435 911393 770825 684352 701258 414143 256209 960798 561941 732838 787315 111003 442998 815938 694813 758777 536465 598047 460356 981487 406373 903703 931420 836878 648136 665802 930820 416511 917549 623046 164851 255011 551982 285876 347853 539998 380599
833257 146576 649286 372851 592982 858288 826862 495047 327044 551416 469922 294253 943069 999999999 698431 772964 555596 680872 504749 138097 59269 359944 374269 455593 369077 457341 249738 602928 592694 508786 402393 269401 713686 509548 784390 331911 593399 421314 392088 525448 1064343 411050 594471 196208 418048 948610 582212 789087 736329 970792 551723 439329 438359 728015 672939 785107 896389 213389 975886 737588 317126 591537 624515 522856 142061 669677 261099 378489 1121844 867593 474695 975648 499155 387709 846511 634133 588221 380849 362015 793333 474765 620673 202934 701153 382707 240228 401521 445472 509344 477177 532895 258720 662880 802076 904987 742972 744172 790493 699547 792780
750958 617075 802088 933224 538060 309203 155279 203385 452224 917078 317382 700738 628508 698431 999999999 157622 315827 677951 358161 735126 640705 952884 870551 288371 964225 405749 452356 453695 382941 445352 831433 669541 393806 237297 533361 791476 637020 280129 710957 738710 454449 595463 122147 566264 304229 915215 328744 206810 100109 518392 375215 737836 313942 62661 774203 139631 676945 877374 387802 919901 476263 259600 218998 627868 581403 147445 560134 320081 531095 765943 419157 1051353 873111 837750 610500 722756 222224 745199 342905 132694 728804 209481 857494 226532 923421 849560 887157 754491 824320 387901 519883 507378 902436 476014 414272 903698 677041 285226 863665 806511
643793 715871 741153 951830 471554 151754 80255 301276 480402 891566 325526 713886 486275 772964 157622 999999999 278645 597486 506564 783219 713723 978507 879413 321567 989708 393018 542420 383043 318740 407639 829351 688035 283555 375926 413877 801376 575032 357588 702005 700315 312489 579908 264456 612136 423176 805235 275655 50834 58234 362851 528758 719446 444624 204540 704968 34414 548464 928553 236675 853631 598636 415137 376152 583498 673983 304727 587855 405147 384932 653439 565256 954352 853863 839658 484786 657451 376539 740702 444459 54549 701560 169416 906870 123038 937950 887284 891909 735848 797359 533523 470938 619710 850205 346308 258357 834179 581499 138544 798595 714421
464708 542445 486262 678829 224798 312509 355748 244263 231786 615237 92691 441261 434768 555596 315827 278645 999999999 368533 495990 533988 498182 708544 603450 134681 719561 117980 375568 147200 80216 132375 551244 418729 172262 366548 290081 526337 321476 227006 423492 428241 520357 301268 317653 369910 347576 627148 31897 269987 275639 419986 540528 441161 391085 377088 459256 306222 435555 677852 430468 604192 490650 461740 447537 314206 493339 415872 329133 266525 570877 486728 535050 747563 576022 562182 369850 407331 424468 462542 324180 323268 424999 114025 655048 166924 663463 626258 614812 457634 521129 506708 204350 485066 587783 272706 349391 588377 380077 242473 547931 502463
152891 743839 166000 584579 145434 542468 677066 599594 419126 388616 413921 415098 354025 680872 677951 597486 368533 999999999 835145 583994 641376 630303 496627 466418 638360 331222 625874 224349 295215 262247 422749 424153 321236 718896 241894 449401 87614 555181 325651 211970 707524 269882 685092 497234 675911 283320 350259 565309 617231 486381 885023 297614 723182 740411 116478 631112 259160 690546 630533 261549 771678 821361 812234 158341 695392 784343 426781 576460 719903 187824 861437 380132 379614 444125 244069 89119 786287 361085 630519 650935 255157 468492 668240 475737 559482 609797 490681 305101 312876 837561 189115 743034 281504 315132 496219 239536 73409 489303 210168 137691
953761 372561 903543 843014 692712 651057 512820 254311 447480 928679 425064 656990 914948 504749 358161 506564 495990 835145 999999999 601946 462357 844308 810127 372149 854827 504007 287374 635411 575349 573371 801053 619828 650531 137428 782903 739596 764200 280222 714843 801277 812413 637678 242113 477542 160110 1111709 525562 549796 449185 845044 54068 757706 112684 344179 896335 495508 930225 716634 742665 1020493 192093 116686 163895 721855 362774 240063 516855 261954 888430 978634 62803 1210277 875814 797474 863616 843407 141822 733271 215787 490587 769247 455829 703429 522466 843709 724389 834100 772227 850162 35675 646601 248248 974235 750367 745856 1012813 864037 608443 967103 972783
736618 275697 530054 245181 518642 846110 846418 536448 305289 414448 461051 173638 878217 138097 735126 783219 533988 583994 601946 999999999 147856 242388 236811 462429 252881 421615 320372 547214 552985 456884 265359 159854 673391 579305 721571 195324 498623 456179 272363 407692 1054099 321490 645708 171344 487979 838515 555547 790640 755305 930140 652724 316649 518289 774115 559557 800790 818047 145387 964276 610045 426504 673550 699989 426739 255028 732988 206101 422621 1104196 771737 581808 851585 362878 249958 774965 526214 663065 253576 424650 812041 355753 619257 123727 694026 251041 122963 263998 320211 378053 578826 461710 369097 532359 751504 876803 617572 652197 776262 575779 684077
792749 131488 622151 392775 546053 799513 767937 437366 271602 545419 411607 275276 891828 59269 640705 713723 498182 641376 462357 147856 999999999 386765 380823 396437 396744 402578 195294 550997 537659 456753 398179 245326 658235 457204 733179 327886 553772 362751 369051 498618 1005356 372085 538500 147095 365234 914111 525296 729851 677318 914789 511408 417371 388651 671552 641836 725999 848996 255518 917004 716589 280799 543254 574234 484622 107251 616318 215862 320625 1063234 826599 437589 950454 491865 386262 797316 600284 537628 363922 307036 734347 449538 561601 241253 642249 398851 265631 407613 425448 494251 436945 485605 222725 645479 748150 847485 719973 702239 731909 675448 758230
770245 506319 515496 48792 620085 1016203 1048504 761796 502889 309364 653695 267786 970725 359944 952884 978507 708544 630303 844308 242388 386765 999999999 134010 668140 11341 590563 561244 676652 704460 601345 208238 290611 815677 816474 826071 191398 560402 680587 317365 419453 1220898 428041 873959 391309 726266 828429 722879 977301 959063 1060035 895098 334036 758755 997343 561889 1000538 887754 168317 1131605 550170 667437 913597 938028 496677 493404 966010 393981 652845 1260769 804940 823603 790837 279513 186346 860462 549761 901155 276335 661783 1014166 375511 809477 165920 875259 75891 121156 145068 325318 333639 821143 575840 609481 464837 874245 1026056 567265 703711 946440 537160 688711
636288 511287 383462 88158 493415 904174 952838 690592 419241 196483 559769 169872 839420 374269 870551 879413 603450 496627 810127 236811 380823 134010 999999999 582239 141754 486661 522808 555700 589967 487143 74231 202806 696151 761643 697411 79099 428406 610501 191248 285483 1105914 309658 803986 334562 675731 698211 614197 873416 865625 934880 863144 201745 713733 919791 428687 903912 754570 244752 1017449 427571 649359 864740 883322 366853 485868 901375 314635 590532 1141913 671025 799121 671379 155527 52510 728817 415751 847066 149235 610323 918922 242354 710132 229933 770037 64692 161519 27271 192057 202281 791568 453152 594362 342765 748839 906420 442415 570032 835217 409224 556037
581627 420476 554751 646371 322132 404865 384273 136300 165310 636831 52983 412490 569421 455593 288371 321567 134681 466418 372149 462429 396437 668140 582239 999999999 679465 140588 248239 263949 208543 204457 543795 381850 305686 252607 423578 503151 401849 94379 425918 471063 609304 316118 239074 291103 217317 739951 166547 333845 293389 544491 420172 456503 262877 339649 538747 338361 567278 607570 521496 674238 356157 356836 353183 371730 373284 342320 274165 131845 669187 606810 405980 845164 590354 549597 502524 485266 323866 458485 189543 349847 452916 165420 586157 247088 635759 570088 598801 473001 546199 379046 280809 352891 642236 406832 463827 662575 492042 339107 618627 603973
777559 515553 521732 54605 629756 1027023 1059765 773098 514209 312713 664940 278673 979690 369077 964225 989708 719561 638360 854827 252881 396744 11341 141754 679465 999999999 601582 572044 686885 715105 611971 215864 301767 826050 827537 835520 201382 569137 691889 326879 427194 1231599 438323 885239 402569 737268 833951 733782 988395 970346 1069961 905524 342605 769617 1008671 568601 1011782 896106 174449 1142339 554244 677488 924506 949062 505852 503231 977215 405304 664071 1271246 812178 833796 794162 284492 194239 869333 557296 912184 285667 672826 1025431 383818 820655 173301 886304 81357 131130 151232 333565 339861 831519 585895 619469 468951 884120 1036456 571724 711768 957285 542276 695124
457327 467149 414347 561074 191014 428581 467818 276885 131172 511639 92913 323351 494787 457341 405749 393018 117980 331222 504007 421615 402578 590563 486661 140588 601582 999999999 316723 156958 135384 71763 436839 300874 256624 391509 337805 409062 262256 224465 310787 335404 635783 191025 376274 264307 344697 610310 134858 387447 383140 514268 554262 333368 391960 463082 398402 418525 468734 563917 545898 533882 452895 496958 493699 231743 416759 479403 215536 245924 683120 485503 530882 707335 468942 446698 409456 344921 464415 348382 301357 434370 323062 224196 540865 284796 546056 509564 498891 350027 418612 506512 142677 433880 504280 345828 455401 522006 364993 358449 478167 468804
765587 174689 657465 557147 499613 647313 588366 250099 206773 649276 282908 373067 804335 249738 452356 542420 375568 625874 287374 320372 195294 561244 522808 248239 572044 316723 999999999 473087 436653 386272 516248 335959 547403 262429 650718 453124 543483 184939 440381 543657 846675 385038 345045 192141 170345 909154 406767 565949 499797 792308 340347 486232 197924 478965 661303 550007 785295 447834 761286 768366 149408 353237 381135 486577 131634 421033 241094 137374 910858 795969 279805 980134 595564 511506 724999 611437 344295 453629 112289 555924 504560 407868 431464 490522 556904 443296 546944 499364 576682 269423 442392 117985 711978 646341 711755 764902 672172 584226 718618 758398
319338 623190 358176 639464 88511 359702 463298 388188 283887 523332 211696 414458 340989 602928 453695 383043 147200 224349 635411 547214 550997 676652 555700 263949 686885 156958 473087 999999999 70876 94246 492048 403407 140829 510127 182596 485715 192014 357958 364759 326581 553366 248647 464754 406808 481122 480620 126198 357682 396651 386529 682119 366747 526823 516105 323900 415446 312275 681799 466721 472002 605649 607884 594660 209652 572760 562120 346754 389444 586293 343258 669790 601324 493038 507707 252507 274898 571083 406731 447059 434720 338918 244324 658335 260013 619640 616028 560912 381666 430595 642995 103282 589643 467620 204426 350740 453734 233036 295453 416454 355984
384825 596409 425099 670469 156414 314466 398763 324392 266058 576783 159513 437588 367685 592694 382941 318740 80216 295215 575349 552985 537659 704460 589967 208543 715105 135384 436653 70876 999999999 103179 530992 420949 121401 446684 216257 516133 258493 302685 402066 382782 516643 280464 395746 399430 424823 547706 55672 297943 328403 379188 620406 411283 469209 445303 393060 350133 358738 692971 427710 540512 560629 541759 526699 265458 546339 492089 347421 338898 557574 406541 613039 671783 542512 544649 294252 342988 504276 443262 396920 368957 388377 173722 669676 196587 652549 633441 597992 427084 482895 585167 153084 550252 532078 212314 325323 522920 301447 246291 484648 426402
385591 531029 359271 567310 119760 417032 486117 339057 190845 484060 152469 334763 435159 508786 445352 407639 132375 262247 573371 456884 456753 601345 487143 204457 611971 71763 386272 94246 103179 999999999 429365 319299 218228 457063 276622 412991 199349 293190 300413 295868 619821 178091 431403 312748 414773 539336 132280 393113 407828 473437 622897 312907 461834 505478 337624 436670 401170 594282 530845 478427 524262 560678 554180 182590 480619 533372 254027 317068 660098 413756 601763 640727 446485 442419 344182 284427 526619 341198 372904 454283 293944 246324 570878 289588 549518 532243 495699 329107 389857 576938 77718 503905 457089 295652 426683 464464 293392 348228 422201 399921
562075 529584 310869 161846 425528 845367 904656 660340 386073 149099 516082 144222 767279 402393 831433 829351 551244 422749 801053 265359 398179 208238 74231 543795 215864 436839 516248 492048 530992 429365 999999999 181302 632872 740777 627377 70631 356129 582154 128971 211334 1044627 251473 773261 324158 658662 626550 559297 820202 819358 867019 854802 130246 699450 883368 355053 855346 681044 305121 956898 362731 651883 846403 861290 296832 498191 873129 289392 567561 1078013 596834 795794 607407 98220 22720 656489 341523 825740 88705 593805 871181 169341 660999 287432 716462 136884 219205 70116 119148 131538 785393 388844 599641 279434 681117 842424 375609 496137 777212 340060 482727
576826 371466 379890 265012 364607 728588 758735 487791 217371 315036 363816 37180 725152 269401 669541 688035 418729 424153 619828 159854 245326 290611 202806 381850 301767 300874 335959 403407 420949 319299 181302 999999999 537288 561650 570630 124975 338847 407800 123818 256047 934829 164460 601185 143989 478066 682166 434533 686829 669874 789849 673623 172050 518339 717685 404607 710495 660431 280085 845128 471297 475237 666370 682846 266973 333087 698849 111890 389266 978434 611920 615760 706802 260922 179398 619755 368391 646914 122145 412996 724480 205549 518905 256674 585115 253929 213047 222456 180391 251870 604605 310455 425447 400770 607074 745875 475123 492460 658554 431030 526901
361470 712108 476482 779348 217974 225365 360932 396464 386742 659843 264603 551211 266089 713686 393806 283555 172262 321236 650531 673391 658235 815677 696151 305686 826050 256624 547403 140829 121401 218228 632872 537288 999999999 515280 140366 625269 317067 395029 505417 462369 412986 387858 441258 520811 511365 524461 140710 246346 314065 257791 690475 507291 552062 455307 434240 317922 287256 812209 327249 582095 661709 598232 574637 347258 662468 525405 468302 437096 445779 373604 695146 670810 631874 648439 219842 391660 558625 547352 494147 338059 478337 200883 788836 169637 759910 750317 701676 522034 568259 665398 244091 657307 590487 101631 210462 560681 298481 168161 528967 431560
829464 402852 802470 807343 574207 516741 391925 122292 362695 855908 304977 597798 778679 509548 237297 375926 366548 718896 137428 579305 457204 816474 761643 252607 827537 391509 262429 510127 446684 457063 740777 561650 515280 999999999 649621 686053 653723 170779 639913 709480 686105 547417 115296 429008 92084 989984 394775 416750 319986 708020 175348 678494 80117 240144 789603 368526 797506 710159 612587 921364 243816 108235 121937 619012 376241 161055 451402 173520 760396 852703 191083 1097757 805154 740859 730502 736159 85432 664489 154807 366190 683579 318850 693451 385138 803701 701424 783222 694107 771102 159365 533172 283068 882833 614384 609478 911220 741845 471920 866457 856346
233829 804931 407861 784622 207534 321395 487208 528774 466362 621897 375690 575718 158691 784390 533361 413877 290081 241894 782903 721571 733179 826071 697411 423578 835520 337805 650718 182596 216257 276622 627377 570630 140366 649621 999999999 635502 275693 516938 508711 430264 467879 407688 580496 588185 637522 392017 258969 371023 450148 246331 824936 497154 680451 594409 357678 448140 148189 850706 394952 496999 776883 736191 713973 330667 754527 665746 525976 554759 478009 240072 824359 548028 604604 646183 80903 327648 696885 549877 612743 468147 460289 340111 827303 307576 762085 779537 697482 509224 537728 795499 260399 765585 523386 78092 257950 472672 193263 283362 449283 320802
595592 459352 358084 154372 428984 829589 874371 612441 340389 219507 480887 90938 782163 331911 791476 801376 526337 449401 739596 195324 327886 191398 79099 503151 201382 409062 453124 485715 516133 412991 70631 124975 625269 686053 635502 999999999 374198 532659 127391 245402 1032726 237414 725822 262153 601431 673990 538113 796300 786891 868636 793039 152812 640638 840886 396888 825538 703268 250419 943835 422978 585397 790154 807447 307774 428826 823779 236797 514051 1070821 630841 731706 667181 167555 59359 672543 375145 771397 88475 536139 840392 195954 632005 230471 693157 137187 165177 97482 148765 188758 722540 384516 532194 341957 682857 835730 433503 522323 760268 394900 525091
239935 657104 166611 516489 103551 542391 655285 537570 336957 348878 350983 332125 411154 593399 637020 575032 321476 87614 764200 498623 553772 560402 428406 401849 569137 262256 543483 192014 258493 199349 356129 338847 317067 653723 275693 374198 999999999 486157 247651 154625 723512 182355 630533 409851 604180 367024 309515 549083 586896 520742 815302 226673 651627 698524 138524 607302 329185 609513 641205 282947 690695 758685 753343 71885 608944 732117 339356 503135 745035 274519 787011 446087 329016 376210 300429 85901 725304 285903 555279 626471 186990 430166 586861 452013 492589 530637 425800 236994 262306 764396 121666 659898 275950 338297 513217 266940 153633 482227 226785 214925
674599 359091 632128 665129 412493 465579 406213 81209 197254 690034 146287 442299 660409 421314 280129 357588 227006 555181 280222 456179 362751 680587 610501 94379 691889 224465 184939 357958 302685 293190 582154 407800 395029 170779 516938 532659 486157 999999999 474590 538929 662448 377454 194017 289923 123182 831643 258539 381407 316435 624038 329875 511101 169380 318172 620652 366170 661339 597495 577895 750835 268795 278691 283897 448781 316415 291251 295911 48538 727910 700338 311833 931737 640466 584514 596290 567322 250604 501953 100351 373102 514170 229046 577869 310832 658141 572908 630079 527026 603285 285351 367126 273788 712189 496634 536993 741047 584224 405057 696096 692864
474913 493932 258271 276786 303028 716486 778062 549524 277704 216001 393819 99122 654772 392088 710957 702005 423492 325651 714843 272363 369051 317365 191248 425918 326879 310787 440381 364759 402066 300413 128971 123818 505417 639913 508711 127391 247651 474590 999999999 135336 916359 122713 660878 255000 563879 566865 430679 691789 693926 744040 768906 48545 607677 764935 287577 728636 576826 365444 828382 347541 585711 747497 757798 180400 453773 762627 199625 466895 951051 510277 717838 583564 165908 143116 545194 257559 723400 42022 501096 744853 83494 534380 343479 588027 255618 284151 196451 59329 136320 703486 261980 539375 278645 558023 715489 351375 397823 648256 307525 413454
351768 619138 123862 373126 244512 685715 779768 604983 353809 197486 427850 234359 561413 525448 738710 700315 428241 211970 801277 407692 498618 419453 285483 471063 427194 335404 543657 326581 382782 295868 211334 256047 462369 709480 430264 245402 154625 538929 135336 999999999 873453 163621 709907 372094 643795 432428 425340 680635 703480 675301 854761 93858 690087 797417 153197 730575 470968 494104 789291 225042 692572 817580 820792 117488 576057 813205 306974 542368 897871 386799 812521 451857 174393 233115 450427 130755 788870 160451 585566 748700 52055 542134 473052 579142 347757 410002 278742 96784 107856 794607 229720 651244 173511 492158 664561 223934 285217 622032 178230 280622
683451 1021291 872265 1187083 629227 207996 301859 612581 749926 1070744 596658 953531 430757 1064343 454449 312489 520357 707524 812413 1054099 1005356 1220898 1105914 609304 1231599 635783 846675 553366 516643 619821 1044627 934829 412986 686105 467879 1032726 723512 662448 916359 873453 999999999 796284 572184 887694 735561 817453 500986 281211 366355 249852 828725 920109 756741 479878 823978 317676 537621 1198199 89911 964878 910918 711915 668232 759737 977167 590135 849478 710865 79562 676554 872855 989179 1044465 1059452 498454 789309 675942 958055 754086 321839 891244 443894 1175404 363320 1168905 1145264 1112805 934957 980231 841360 656568 930318 988076 392438 211461 940493 660624 277891 916683 783213
422220 480007 272444 391592 200686 594879 656498 446649 190253 321839 278486 168257 561058 411050 595463 579908 301268 269882 637678 321490 372085 428041 309658 316118 438323 191025 385038 248647 280464 178091 251473 164460 387858 547417 407688 237414 182355 377454 122713 163621 796284 999999999 554729 230420 480246 543297 307967 569105 573451 633560 691142 142470 526477 651393 278917 607010 496628 443740 707794 385153 534445 655638 660703 112547 433313 657714 160177 378993 833432 456638 649750 596760 277993 264334 455301 232212 627992 163128 422005 623530 137290 413032 420430 465342 372712 371965 317631 159135 230181 631338 149401 496615 336904 448628 598317 380314 333908 526277 334043 387827
779476 502549 789309 859104 540069 410056 276639 113395 387196 874143 283409 635164 696576 594471 122147 264456 317653 685092 242113 645708 538500 873959 803986 239074 885239 376274 345045 464754 395746 431403 773261 601185 441258 115296 580496 725822 630533 194017 660878 709907 572184 554729 999999999 482752 186179 943074 340397 308139 207244 609355 266914 693895 192059 134332 768969 254545 728313 783925 500731 908823 355107 160004 133482 607782 470072 103298 489371 223094 647303 799165 301147 1064839 826425 776636 660841 715826 119794 690872 232946 251317 691780 240452 765345 292288 852138 764542 823105 710253 784460 269499 509085 388776 880342 535315 507961 895635 697166 371723 852774 819968
647580 249989 492921 378846 398967 679862 675089 371049 138169 458443 291876 181014 746867 196208 566264 612136 369910 497234 477542 171344 147095 391309 334562 291103 402569 264307 192141 406808 399430 312748 324158 143989 520811 429008 588185 262153 409851 289923 255000 372094 887694 230420 482752 999999999 341558 773653 394067 620682 583996 778544 531097 302718 379185 607787 506709 629460 702005 316490 798140 595987 332248 530611 550943 342423 204637 575081 70534 261778 940594 681098 471876 821311 404474 319947 650901 462034 514362 263553 276153 640706 327258 449343 295067 525719 374693 283417 357569 314298 390030 461255 338536 284464 532400 606943 717575 596023 556377 610507 550276 618246
797563 316928 744059 718473 534431 551696 453100 126093 290829 779410 269468 514753 777452 418048 304229 423176 347576 675911 160110 487979 365234 726266 675731 217317 737268 344697 170345 481122 424823 414773 658662 478066 511365 92084 637522 601431 604180 123182 563879 643795 735561 480246 186179 341558 999999999 953925 378554 457388 371828 727704 212186 604861 47449 319624 736267 422402 782990 618094 656447 861451 175549 189057 212032 561988 286929 251657 369944 102126 806436 823475 188676 1050267 727545 657432 717426 683310 175109 585606 65417 423808 613760 329370 601462 405946 715740 610382 698066 619925 697635 162371 487075 203180 817149 612817 634689 853324 706874 498357 807739 813446
164403 1022668 316302 779735 419580 707882 879218 868451 702387 530864 686968 664915 388199 948610 915215 805235 627148 283320 1111709 838515 914111 828429 698211 739951 833951 610310 909154 480620 547706 539336 626550 682166 524461 989984 392017 673990 367024 831643 566865 432428 817453 543297 943074 773653 953925 999999999 602754 763029 838521 568034 1160117 525960 1000813 977500 279345 839592 280380 924353 761409 294905 1054924 1088501 1074405 431349 975086 1037190 703241 856226 801944 151946 1141084 175218 549840 649260 330022 314478 1051566 592329 911383 859664 484396 710346 903959 694004 752709 839094 683498 526456 495932 1116201 470503 1026184 374204 465075 625717 271394 248146 675132 292745 155921
439469 572688 475700 691594 209346 294094 354618 272685 256491 615922 123901 455109 402882 582212 328744 275655 31897 350259 525562 555547 525296 722879 614197 166547 733782 134858 406767 126198 55672 132280 559297 434533 140710 394775 258969 538113 309515 258539 430679 425340 500986 307967 340397 394067 378554 602754 999999999 261276 279346 390792 569349 445039 421641 390881 445772 305315 405086 698481 411122 592352 522547 487882 471788 309283 523366 436424 349750 298391 548677 460351 565597 727397 578763 571309 339046 394846 450022 470711 356008 323360 425991 120652 675492 157564 675273 644284 624325 461295 521718 537001 197220 516764 580268 240878 323580 575475 356961 224027 536264 482021
603035 740432 713958 948509 445655 102850 116191 332801 485667 874520 329693 710673 436782 789087 206810 50834 269987 565309 549796 790640 729851 977301 873416 333845 988395 387447 565949 357682 297943 393113 820202 686829 246346 416750 371023 796300 549083 381407 691789 680635 281211 569105 308139 620682 457388 763029 261276 999999999 106701 312303 574230 706011 482140 255298 675434 81192 502115 935955 199129 824084 631974 461989 424232 563209 696842 354231 590943 429761 349355 611084 607304 915330 839051 831712 439496 629556 422889 731533 473098 100010 685452 171393 913815 103763 933399 890557 884508 722175 780501 575523 451008 649529 825016 300862 207880 803738 544689 90238 769726 677773
675388 671551 753500 934792 484440 209213 91227 253395 457009 890590 306273 697787 534237 736329 100109 58234 275639 617231 449185 755305 677318 959063 865625 293389 970346 383140 499797 396651 328403 407828 819358 669874 314065 319986 450148 786891 586896 316435 693926 703480 366355 573451 207244 583996 371828 838521 279346 106701 999999999 418530 470667 715012 390664 151355 720549 50802 589650 900130 293500 868557 547318 356903 318070 588278 631349 247539 565728 362600 440446 687468 508356 982304 850372 828243 524421 671183 318339 731182 397776 57114 700405 161635 878989 144816 922326 863320 879659 731597 796569 476674 476527 571156 859480 387265 314287 850367 607681 187660 812847 739656
439679 961907 652146 1020787 441599 213217 406338 603105 643753 868112 511728 800660 180927 970792 518392 362851 419986 486381 845044 930140 914789 1060035 934880 544491 1069961 514268 792308 386529 379188 473437 867019 789849 257791 708020 246331 868636 520742 624038 744040 675301 249852 633560 609355 778544 727704 568034 390792 312303 418530 999999999 875624 737448 761726 567302 600576 389174 289094 1067365 206614 733814 892287 767901 733075 570910 913102 665738 725693 670382 239301 429808 898058 740612 849673 884755 256712 573438 727993 785894 724216 404802 702595 398490 1043926 323541 999473 1002556 937024 750451 783047 866647 484504 895990 766970 186041 104522 708314 429672 237632 689509 543726
1001127 415683 956217 894765 741832 676592 527147 296710 501026 982733 473153 710793 953192 551723 375215 528758 540528 885023 54068 652724 511408 895098 863144 420172 905524 554262 340347 682119 620406 622897 854802 673623 690475 175348 824936 793039 815302 329875 768906 854761 828725 691142 266914 531097 212186 1160117 569349 574230 470667 875624 999999999 811723 165077 352424 948214 514573 972765 764476 762796 1073450 235614 117388 163649 774153 409706 243311 570905 314304 906011 1025313 83300 1261249 929849 851043 905806 895160 152994 787304 269493 507698 823063 492888 751927 555318 895923 774805 887272 826265 904198 74583 696940 293411 1027827 789198 774750 1065486 912146 638112 1019865 1022713
442787 542476 213597 289816 296414 723999 796906 583925 315842 180342 420652 145254 637688 439329 737836 719446 441161 297614 757706 316649 417371 334036 201745 456503 342605 333368 486232 366747 411283 312907 130246 172050 507291 678494 497154 152812 226673 511101 48545 93858 920109 142470 693895 302718 604861 525960 445039 706011 715012 737448 811723 999999999 649386 793427 246947 747380 553847 400366 833293 299262 632456 786474 794949 166747 502243 796388 245138 506373 951039 478030 762481 536543 135577 149667 527072 222419 761126 66595 542985 764282 43152 554027 379228 602486 266044 316594 200333 16665 92790 747364 263637 586840 230223 551729 715646 303673 370853 657068 260347 374477
843972 325069 791165 753153 581418 579318 467078 158956 336621 822735 315414 555274 817995 438359 313942 444624 391085 723182 112684 518289 388651 758755 713733 262877 769617 391960 197924 526823 469209 461834 699450 518339 552062 80117 680451 640638 651627 169380 607677 690087 756741 526477 192059 379185 47449 1000813 421641 482140 390664 761726 165077 649386 999999999 320077 783657 440427 826622 643694 680290 908379 163892 155364 186181 609264 301469 238506 411914 149336 829455 869576 143968 1097714 770484 697388 760684 730722 150109 628210 106597 439765 659280 364902 628149 438508 751588 641194 736672 664258 742091 116181 534413 203605 863319 653166 666482 900436 753555 529261 854797 860749
813300 636458 863173 979696 600094 355109 178841 237682 500557 973232 372915 749959 685220 728015 62661 204540 377088 740411 344179 774115 671552 997343 919791 339649 1008671 463082 478965 516105 445303 505478 883368 717685 455307 240144 594409 840886 698524 318172 764935 797417 479878 651393 134332 607787 319624 977500 390881 255298 151355 567302 352424 793427 320077 999999999 835985 179413 737019 914278 421425 981278 483932 235060 189482 687729 604398 110418 606999 353123 558439 827978 406784 1114013 928298 888773 670897 784336 202679 798089 367074 166702 785917 272017 895139 286965 971001 891014 937296 810049 881017 376792 580678 520952 962454 535393 462782 965347 739684 339006 925012 869163
213405 756623 54223 514000 236682 657350 785051 674843 458359 289846 488558 385920 458816 672939 774203 704968 459256 116478 896335 559557 641836 561889 428687 538747 568601 398402 661303 323900 393060 337624 355053 404607 434240 789603 357678 396888 138524 620652 287577 153197 823978 278917 768969 506709 736267 279345 445772 675434 720549 600576 948214 246947 783657 835985 999999999 738014 354595 646639 746901 148712 810394 895361 891093 175926 711013 870633 437610 634432 835505 246541 915887 318843 292099 377645 351992 53483 862563 313478 684375 757552 205087 566232 625831 582199 487521 561994 417496 248368 229657 894615 259910 774753 166433 431559 612693 129871 173560 602329 94731 128276
678203 722091 773621 974956 503934 176197 49527 304163 500099 920720 346843 737291 517971 785107 139631 34414 306222 631112 495508 800790 725999 1000538 903912 338361 1011782 418525 550007 415446 350133 436670 855346 710495 317922 368526 448140 825538 607302 366170 728636 730575 317676 607010 254545 629460 422402 839592 305315 81192 50802 389174 514573 747380 440427 179413 738014 999999999 582040 945902 248240 886620 597833 399228 358228 614101 681607 284014 608329 412707 392952 687778 555469 988729 882196 865104 518653 690144 361645 766822 448509 20141 730548 194349 924518 155816 961694 907040 917048 763856 826523 523901 501621 621953 882072 380091 284764 867371 615754 170999 831446 748639
