NAME : synthetic_000362
TYPE : CTSP-D
DIMENSION : 100
GROUPS : 8
RELAXATION_LEVEL : 1
EDGE_WEIGHT_TYPE : EXPLICIT
EDGE_WEIGHT_FORMAT : FULL_MATRIX
EDGE_WEIGHT_SECTION
999999999 252269 794592 378020 186882 343256 673011 585882 352376 814781 480124 397309 619501 151089 590316 320832 589262 561598 488275 116931 518594 460212 864124 482197 531920 752123 469760 556812 361935 699265 479303 671627 733550 686465 600990 499266 97213 703187 450390 874605 285350 673984 319106 122482 800263 345882 695579 351894 651057 185921 652908 231783 634280 305871 233617 329853 678513 567892 467141 705261 563258 256638 796797 509674 810085 153916 69023 793531 415735 749941 476074 669713 170698 353751 785882 255402 670230 558525 680672 705031 78951 686942 443732 600001 577710 603564 366564 888510 382895 524989 692245 811980 577325 635737 231547 526817 104077 468275 635744 599849
252269 999999999 889104 532313 308408 563313 462045 807249 105199 886925 491190 290124 844974 195464 702739 566063 834221 727220 705189 221716 609914 283878 948915 516167 566167 872322 580510 345712 212293 924806 463194 808970 773072 803636 849054 493803 258260 720767 251139 969207 391081 809057 468615 148196 843658 594847 820018 408416 444355 167402 845755 89487 606143 557225 104227 510300 604720 592631 708602 905952 801405 242444 882879 359204 929495 309414 306483 868037 662718 729224 254018 905893 198250 109608 875703 505205 867521 499564 862371 716521 201802 914750 345065 398619 357644 848227 617505 951604 258120 454198 938091 919544 500475 861866 371992 771374 301493 479812 630093 818517
794592 889104 999999999 427326 978334 564540 918389 532861 910632 79939 422387 667473 562022 933232 205881 681891 711590 314082 513535 712441 281882 776546 74525 384087 341656 97576 324986 875197 744376 581936 469963 182287 201045 125248 755054 437491 704881 275547 822807 80776 516843 174811 1075380 783310 176308 857818 135020 480907 895146 726775 391931 945468 419771 814939 785889 1051839 531073 331830 654016 435700 641197 1040241 30120 722470 97273 642334 830331 71191 698099 378867 881192 653211 952448 902007 20074 824031 413737 516563 342259 292276 759227 594077 635291 860757 909660 712776 743638 139731 700351 553105 760865 53840 551677 569398 1010262 690895 690875 430872 362795 518792
378020 532313 427326 999999999 556005 177239 754204 333306 589351 461641 284797 428183 376744 525154 221868 289776 449709 194959 239618 320088 182418 546884 500165 249342 274219 375484 121801 664969 469548 447811 326553 293655 419378 311715 485363 318740 299180 420658 574117 505097 149668 295965 648092 397915 474332 458438 318612 193246 728290 366688 321934 565207 432535 410163 442178 626402 531549 310532 336351 387209 386449 632622 434553 537659 433108 235861 405886 439762 345695 509531 627145 464897 544891 583838 421705 408027 346875 430368 331700 430081 359845 444849 432653 679214 697806 458986 364567 538573 446074 429591 541892 438260 468270 393272 584254 398896 274608 279474 400885 336341
186882 308408 978334 556005 999999999 485741 770051 712408 410557 1000781 662584 545132 739432 112966 773072 423405 672613 729672 624378 293625 704574 578733 1048748 667376 717566 931488 654293 653209 489314 816282 657092 847550 920262 867211 672768 679454 283201 888505 554295 1057863 472213 850526 161147 258109 987122 363153 874597 537343 751708 337143 803233 234537 812383 345713 350171 203772 845998 753003 566757 848188 664748 136293 981592 643473 989050 340580 151145 979426 503120 930623 562292 770627 112403 416593 970293 291359 816809 728047 837454 889782 245900 801164 597033 704581 666039 687154 438708 1074889 522773 690314 768577 993449 742061 754153 63647 614567 288314 650598 817790 728973
343256 563313 564540 177239 485741 999999999 874711 244865 643740 612605 453116 546832 281685 491895 370642 118654 299187 265242 145118 343219 355550 656529 639065 422262 450721 492626 295412 773408 565741 361589 488637 399080 589910 440179 328224 486199 305059 596567 672561 635656 263685 404268 538356 415388 639821 294130 437644 338981 849250 418071 317505 568544 606950 250399 495907 501949 700770 487471 173657 364336 248870 592204 577935 665587 545443 259605 339601 591004 169774 686767 718496 347444 510892 640946 563341 263586 331493 592961 353550 606532 363678 351473 565067 797827 803415 311020 189171 689628 555614 584839 400314 562493 628494 298556 495831 240612 262746 446106 577547 257597
673011 462045 918389 754204 770051 874711 999999999 1086139 364792 876558 522686 328865 1129250 657123 807213 928307 1173631 914255 987729 580705 710391 221025 949295 569445 593838 950792 721903 117418 319008 1201914 469058 930288 732256 890965 1200171 496385 623448 656752 222643 983869 616639 926391 930612 550778 791320 1011493 916481 561681 25923 495507 1061592 544142 504396 965858 439710 970119 413811 591811 1046323 1129727 1121760 693422 898338 217599 996141 635458 739586 865937 1021639 591715 208162 1212546 660253 357004 899327 921656 1089154 402058 1054505 642922 597588 1198355 322904 77027 106616 1185681 997121 912074 319605 369346 1274954 966497 366938 1146069 833696 1113630 665514 519360 558817 1090247
585882 807249 532861 333306 712408 244865 1086139 999999999 884434 603018 606322 758287 43515 731940 401976 291229 179835 239484 102843 586134 446704 874799 601000 564335 573065 438565 402113 993066 790843 118829 653321 351622 638178 416951 223244 640201 549244 672811 897430 582140 471507 359419 733798 659685 665696 427689 399638 526480 1060263 657061 152573 813162 733859 406319 735455 683296 844293 602140 169378 156400 112250 828475 556471 870382 473629 500243 574265 584629 236901 780870 947219 137884 750430 881001 540424 445389 144481 754528 207064 687141 608430 112514 765651 1010528 1024959 180065 305151 672337 773167 759078 235468 507668 793932 59989 711254 173240 507494 603283 690029 19771
352376 105199 910632 589351 410557 643740 364792 884434 999999999 899229 495466 263150 923803 298171 736758 658132 924367 781808 781646 301504 639310 215161 965121 528094 574941 904870 618902 251340 177841 1002990 458112 850035 774985 836573 941580 490806 342620 715324 170965 989110 441353 849188 569297 238203 845115 697306 855522 438897 349201 227739 909436 179745 586167 658244 149374 613587 564603 595946 797216 972326 887391 328983 901056 297580 960537 384521 409835 881774 755220 707271 157845 990051 298769 10770 895597 607195 932855 472223 920948 708676 292949 994202 313651 307145 258676 938099 713692 958710 227595 424859 1028491 945841 464760 940876 473810 861552 387642 485214 618640 894283
814781 886925 79939 461641 1000781 612605 876558 603018 899229 999999999 404207 647117 634143 947480 242821 731112 780198 375456 575666 724509 296221 750025 72799 372046 324288 175549 348534 842285 727664 657837 446649 251610 144924 186806 823531 413458 721704 221442 798439 110030 531189 243739 1106883 791516 102125 906714 203618 483409 854269 729459 466421 949127 372566 861884 782798 1087823 477163 305998 715299 513007 709217 1053214 50377 689814 175153 660987 855852 21882 755224 314417 856300 726915 966245 890071 65361 866649 489353 478299 418362 236785 772573 669314 609821 823185 876218 782168 796546 77236 681351 518677 833812 129719 510369 642372 1036779 756003 712500 414139 317798 589908
480124 491190 422387 284797 662584 453116 522686 606322 495466 404207 999999999 245113 649559 585565 284634 551314 734391 401854 520606 369055 188201 356076 471582 47001 80865 435723 209504 461140 323700 713108 53656 407765 282064 372148 770135 34088 383398 232204 400911 498165 219599 404051 797786 419802 352654 699662 396464 135092 497536 346880 551576 561929 162449 648608 387427 798917 247739 101560 620056 619741 670144 684428 409482 311175 486056 338111 538411 387362 622537 270487 459369 742401 602349 486164 405756 628606 580022 148235 537692 230495 417392 713616 215297 455897 495953 743455 628800 463557 278349 159351 825001 463432 187962 665103 711557 683477 394390 12070 155626 605543
397309 290124 667473 428183 545132 546832 328865 758287 263150 647117 245113 999999999 801226 443075 515656 607503 846004 599123 659197 285776 415381 120546 715776 285052 325945 676154 412590 237395 85319 874840 200593 636759 516643 610217 873689 233809 323442 453905 158210 743132 287829 634287 701468 288882 586011 709809 632644 238890 303162 212819 742727 375685 323291 661167 201921 723641 314905 341146 719352 810175 793117 521401 654428 121432 728497 319437 466196 631114 698287 445096 216389 883750 454707 252900 650863 623203 769484 211306 741181 446521 318575 870688 55092 252555 270941 857827 679542 702208 35621 164845 946735 707784 210369 818124 605053 786655 359423 236708 355951 763015
619501 844974 562022 376744 739432 281685 1129250 43515 923803 634143 649559 801226 999999999 763774 440247 316196 160336 277494 143680 624447 488337 917442 628328 607376 615397 466273 444748 1035682 832870 80019 696719 382597 675186 449337 202336 683407 586734 711931 939562 607410 514158 390508 752784 697072 700291 439864 430539 569879 1103383 696792 173143 848331 775905 423082 775101 699662 886869 644013 182062 159173 102809 858399 586658 913646 497784 539320 604530 616362 250970 820819 988971 97104 781974 920578 570644 465554 158357 797782 227108 726514 645171 70621 808977 1053555 1067451 157303 320506 701749 815779 802541 200037 533890 837238 17152 735183 169157 544291 646604 731459 46678
151089 195464 933232 525154 112966 491895 657123 731940 298171 947480 585565 443075 763774 999999999 731484 455437 719237 711706 636334 223295 653171 468283 1000730 596670 647865 896342 608776 540353 381683 842978 573290 818541 854952 829602 725698 598510 228910 816189 442155 1013802 416996 820525 273653 166596 923754 435937 840284 469651 638895 244207 803714 125996 727274 407797 243434 315417 750923 681123 602871 855256 700662 107658 933256 535668 954473 292398 162142 926733 545438 848158 449327 807609 19770 303952 923247 352517 820672 635486 831761 815725 174914 829699 496517 592034 553078 733769 487956 1019103 418183 595176 819827 953861 646004 779615 176590 658148 251020 573497 738372 746670
590316 702739 205881 221868 773072 370642 807213 401976 736758 242821 284634 515656 440247 731484 999999999 489290 567981 162756 351362 513385 100281 633413 278312 238186 216983 169588 123845 743239 582897 484903 338197 123136 237574 100913 610073 311427 502595 272285 673828 284820 318375 119628 869907 586909 274897 664501 118831 297957 782127 536709 299036 752105 359087 619244 602062 847757 477013 231254 486317 363001 496761 838936 212827 595172 227013 439373 624617 221041 519548 383230 731801 537273 750908 729089 199839 623992 327275 417366 270496 287400 558868 491167 495742 740358 778011 572510 556602 320051 544587 440414 637311 222391 457470 452308 804405 534455 486341 288710 306811 393601
320832 566063 681891 289776 423405 118654 928307 291229 658132 731112 551314 607503 316196 455437 489290 999999999 268706 377045 214369 360758 471153 707348 756392 525295 558356 607321 410597 820303 610997 392924 581014 512939 706891 557095 283464 583037 317628 710399 715293 751738 343526 518548 446388 420376 757946 175952 553248 426663 903606 444674 402275 552471 709938 134840 517728 401556 796701 596027 147477 436161 245265 545123 695929 728780 658650 293165 293601 709542 97107 796536 755023 352210 472647 657259 681198 159354 409969 683811 446053 719605 365609 378066 634233 851427 847655 282917 77494 808079 609986 669860 372225 677880 716777 330770 420033 206077 272387 543034 684850 308817
589262 834221 711590 449709 672613 299187 1173631 179835 924367 780198 734391 846004 160336 719237 567981 268706 999999999 409258 220641 624142 596861 954778 780446 697193 714995 618028 544590 1071014 862367 195083 775743 529669 805548 593496 43484 768387 582000 833140 968736 761963 561792 537352 654560 687627 838164 330648 577556 632710 1148230 705461 330663 820588 876461 330468 780987 593953 980201 747823 128435 318667 71426 802162 734509 964681 653422 548508 557262 761264 174094 936816 1012454 115596 735479 922969 718468 382374 318197 879868 385187 846338 633032 175269 863605 1096691 1100358 14576 233996 850734 854258 876692 104133 687413 917325 161015 655577 62865 536820 729182 838058 196076
561598 727220 314082 194959 729672 265242 914255 239484 781808 375456 401854 599123 277494 711706 162756 377045 409258 999999999 200281 514045 221761 719661 387333 355861 352506 231586 193435 835735 651524 324855 453778 136689 398774 189927 452046 433842 490386 434631 752536 377918 340457 142863 800009 592100 428906 551302 180182 361038 888487 561219 149752 759037 508315 511842 635907 766553 623399 376361 340366 217888 337833 818199 333057 697029 281634 428151 578676 355458 384487 544405 807962 374538 731464 775857 317313 528756 178281 547204 142210 449415 551939 329894 592400 842390 869737 412813 433053 449280 622031 560920 474942 302923 587670 289687 749165 381044 461137 401904 460165 230845
488275 705189 513535 239618 624378 145118 987729 102843 781646 575666 520606 659197 143680 636334 351362 214369 220641 200281 999999999 483815 376260 774615 586016 481152 495984 426723 324835 892780 689332 221624 564976 332842 588182 390092 261054 554692 447511 613037 796085 573779 371573 339812 660441 557936 624919 374070 378765 431044 961910 554230 188149 713298 657644 343111 632631 615662 763808 528029 140547 224289 151760 735383 533217 773066 471345 397595 481640 555528 191583 716182 845314 225792 655183 778180 517418 373636 195883 667963 234143 626022 507260 214238 668955 911720 924343 227408 250153 649526 672923 669004 304747 498239 706544 160822 628684 183096 406418 516417 617982 113354
116931 221716 712441 320088 293625 343219 580705 586134 301504 724509 369055 285776 624447 223295 513385 360758 624142 514045 483815 999999999 431242 361838 778816 375840 426676 680808 389708 467697 262509 704089 364479 608201 632548 613032 643176 385990 43602 596614 360933 793176 195666 609368 435015 78149 700972 431345 625749 247191 557309 85810 626060 245125 519776 385173 157100 446631 561601 461095 496433 685156 585902 328743 711384 402328 738909 88186 183664 703876 457613 637155 396198 688671 241829 299427 701797 342253 647127 441679 645303 597220 48987 694536 329543 505286 492509 637694 422578 795852 275471 408119 728251 735447 460458 641425 344617 561473 88445 357050 524168 597079
518594 609914 281882 182418 704574 355550 710391 446704 639310 296221 188201 415381 488337 653171 100281 471153 596861 221761 376260 431242 999999999 533315 347624 141214 130795 265615 60658 643784 483057 543810 241795 222167 237070 197592 636675 217458 426077 242144 573547 362644 236175 219265 813729 501450 294236 640856 218181 202005 685095 445820 370372 663885 288108 592481 507801 798507 401895 155923 498475 437710 527681 759691 280168 496755 321341 364878 560301 274937 519163 340366 631522 584580 672189 631389 270626 588507 399065 328169 351775 253327 478567 547004 396248 642322 678520 603589 544583 370632 444357 346637 677185 309643 368679 502448 741293 554686 416323 191031 243406 442274
460212 283878 776546 546884 578733 656529 221025 874799 215161 750025 356076 120546 917442 468283 633413 707348 954778 719661 774615 361838 533315 999999999 820470 399024 435721 791092 532756 118290 99367 992069 306628 755275 613533 726191 980430 339078 403993 545193 52396 850013 403297 752555 739553 339994 680776 793182 749355 359201 196637 277791 862969 373130 401442 746740 231824 771644 358654 445705 827024 930290 904660 526315 761507 83378 842084 414435 528339 735419 800951 516031 107020 997882 475454 204541 759155 703930 889606 284137 861726 535383 382711 987308 141268 144381 150959 967066 776130 799885 101693 237831 1056773 819120 266566 934436 641678 894271 445294 349115 444050 880219
864124 948915 74525 500165 1048748 639065 949295 601000 965121 72799 471582 715776 628328 1000730 278312 756392 780446 387333 586016 778816 347624 820470 999999999 437039 390984 162436 394496 914074 795270 643289 515769 253446 217681 199524 823928 482680 773113 294135 868392 41041 583754 246295 1148217 848118 169484 932312 207341 542381 926954 788899 456362 1008325 445363 889463 845088 1125493 549472 375262 726562 495053 710583 1107314 67475 761467 138167 711136 901550 85058 771706 384375 926432 717496 1019784 956156 78631 898389 476408 550579 404708 309324 826188 656456 679851 895591 948107 781062 817876 83227 749640 590460 825785 95683 582974 634788 1081874 761838 760762 481058 390497 586182
482197 516167 384087 249342 667376 422262 569445 564335 528094 372046 47001 285052 607376 596670 238186 525295 697193 355861 481152 375840 141214 399024 437039 999999999 51352 392074 164614 506103 360316 669487 100585 361312 259933 327460 733899 77987 384988 221129 442398 461511 207509 357739 796644 433087 329978 679664 351251 130325 544237 364165 505613 582505 184925 628880 411941 793648 283024 85696 585692 573688 631724 698303 373173 357072 443612 334230 536821 354027 592035 278798 500839 701082 614198 519172 368289 612491 534124 192018 490972 222925 424776 670514 259205 502173 540915 705799 602529 435437 316969 206072 785891 422947 232290 622679 713468 647916 390592 50622 163227 562866
531920 566167 341656 274219 717566 450721 593838 573065 574941 324288 80865 325945 615397 647865 216983 558356 714995 352506 495984 426676 130795 435721 390984 51352 999999999 358634 171570 538353 404331 673298 129485 338700 208673 297207 753161 98501 434774 171420 481285 417305 253561 334219 845013 484430 278839 717532 322649 180224 569186 415376 501124 633450 161666 667112 461985 840367 271969 38518 608417 568333 647637 749638 328627 386838 407400 382540 585350 307025 619837 238867 539712 710785 665446 565791 324921 653446 529822 200423 481163 174527 475642 675828 294542 529814 573105 722781 634977 385756 359206 224923 799946 383398 240632 630013 762889 668563 438705 90075 126841 569840
752123 872322 97576 375484 931488 492626 950792 438565 904870 175549 435723 676154 466273 896342 169588 607321 618028 231586 426723 680808 265615 791092 162436 392074 358634 999999999 292743 896590 747255 484457 487468 94912 270444 68690 661509 457131 667655 337445 834072 147069 486803 88858 1017620 755278 263228 782344 56992 466676 926519 706250 295101 921072 467434 741801 771488 989237 583993 359257 567076 338148 548264 1003986 125364 745444 58155 603992 781213 162219 615037 448221 892436 556476 915920 896989 110225 755540 316399 550591 244825 354691 725360 496766 650889 888220 931382 618629 664639 236503 706768 581528 664429 71586 588552 473124 958518 600260 648125 442087 410162 423821
469760 580510 324986 121801 654293 295412 721903 402113 618902 348534 209504 412590 444748 608776 123845 410597 544590 193435 324835 389708 60658 532756 394496 164614 171570 292743 999999999 647002 472616 505188 260680 231158 297589 224304 583465 242307 380105 301356 569064 405291 194533 230312 758545 463064 353533 580230 239544 181398 696218 413872 342766 628404 333146 531934 480965 741328 442182 203253 442084 411060 476586 716051 327299 505209 350519 317369 507817 326848 460232 395998 625980 539630 628104 611682 316147 528618 371058 356621 332604 311827 435524 506656 401358 650931 681377 552014 484286 424396 438350 367952 628429 345750 396838 459679 688586 500042 366273 208869 293515 399626
556812 345712 875197 664969 653209 773408 117418 993066 251340 842285 461140 237395 1035682 540353 743239 820303 1071014 835735 892780 467697 643784 118290 914074 506103 538353 896590 647002 999999999 209407 1110359 409138 865915 701398 833264 1095838 440001 510881 629116 106984 945811 521559 862806 813968 434402 765657 897196 857337 476223 98647 382014 980028 429371 478826 852285 323238 852845 410898 543483 942980 1047539 1021881 580230 858074 152791 945696 527186 622940 829250 914896 582757 93503 1115764 543947 242869 857054 807057 1006848 365135 977568 617353 482221 1105577 247539 57701 34816 1083465 887313 886344 219904 323623 1173402 920121 337796 1052684 716854 1010125 553872 455538 527887 998509
361935 212293 744376 469548 489314 565741 319008 790843 177841 727664 323700 85319 832870 381683 582897 610997 862367 651524 689332 262509 483057 99367 795270 360316 404331 747255 472616 209407 999999999 909060 282706 701529 599717 680118 886675 315766 304810 538338 106958 821303 321489 699693 649033 243158 669463 693848 701237 292227 295170 178498 790170 300540 408531 647525 139156 677831 394316 422338 734166 856375 814560 450588 732723 154182 801078 317840 430415 711037 705489 530089 157602 910241 390980 167623 728375 604563 815866 295617 793548 531302 283954 903214 137213 243012 237995 874962 678622 784626 49847 248602 965105 782712 291446 849972 551370 801216 346523 314287 440986 797483
699265 924806 581936 447811 816282 361589 1201914 118829 1002990 657837 713108 874840 80019 842978 484903 392924 195083 324855 221624 704089 543810 992069 643289 669487 673298 484457 505188 1110359 909060 999999999 761887 409977 713890 478545 229920 746591 666595 756880 1015511 618079 588970 417947 823450 776965 732153 505509 456634 640902 1176008 775737 192652 928308 831804 493185 854108 768015 945250 699597 252892 149364 160574 936754 608641 985464 507708 618629 683208 641704 320987 868101 1065656 86856 861064 999638 592902 538222 168493 861144 239687 772224 725151 19830 880395 1126670 1142487 186444 390432 720763 890536 868570 191418 547641 901064 63530 809951 224982 624258 710989 784756 111855
479303 463194 469963 326553 657092 488637 469058 653321 458112 446649 53656 200593 696719 573290 338197 581014 775743 453778 564976 364479 241795 306628 515769 100585 129485 487468 260680 409138 282706 761887 999999999 461311 317093 424683 810332 33217 384545 258481 353109 544103 240465 457535 798398 406698 387051 721966 449321 155000 443934 330215 603359 538670 155331 670861 361128 804220 216502 140658 658544 671612 713000 668295 455453 258314 536828 346353 541157 430929 656776 274872 411398 788443 589082 448400 452707 646961 631704 104446 590555 253459 411276 761776 165361 402600 443922 785306 658368 501981 235209 107301 868387 512682 141717 712522 709090 723107 401434 51879 167696 653332
671627 808970 182287 293655 847550 399080 930288 351622 850035 251610 407765 636759 382597 818541 123136 512939 529669 136689 332842 608201 222167 755275 253446 361312 338700 94912 231158 865915 701529 409977 461311 999999999 309885 68715 573104 434263 591267 364003 794708 241602 418542 7982 928049 684525 322321 687703 48025 412170 905228 641658 217351 851677 472290 647569 710956 897776 590813 349482 473361 270965 459082 926098 204904 718240 146449 527535 696620 233803 520336 477676 852411 475995 838253 842838 188857 662449 242266 538537 174184 380714 650739 420210 618377 863482 900662 531178 569739 321069 664798 563004 582414 166361 578330 391113 871894 508720 568252 411812 417299 338307
733550 773072 201045 419378 920262 589910 732256 638178 774985 144924 282064 516643 675186 854952 237574 706891 805548 398774 588182 632548 237070 613533 217681 259933 208673 270444 297589 701398 599717 713890 317093 309885 999999999 242747 847581 284216 637137 76606 663261 254237 449210 302307 1040454 692587 70595 877748 269078 385405 710217 624049 522553 841896 227931 829522 669118 1029809 332953 180509 720762 580180 734334 957629 174983 549638 294718 581022 782658 137188 748888 178899 720419 771788 872817 765357 180981 825100 549187 336356 483521 92422 681507 722017 475303 680236 734972 810065 779014 186376 551735 378580 873640 254500 366892 686380 962534 771108 635953 293302 174196 628760
686465 803636 125248 311715 867211 440179 890965 416951 836573 186806 372148 610217 449337 829602 100913 557095 593496 189927 390092 613032 197592 726191 199524 327460 297207 68690 224304 833264 680118 478545 424683 68715 242747 999999999 636798 395300 600751 300414 768338 196307 418602 60805 957461 687148 253647 732960 27755 398154 866372 637611 285893 852706 417860 690524 702817 931411 535954 301848 530292 339441 522454 937198 143135 682997 126217 537208 717497 167803 573145 413827 826603 543528 849126 828757 127391 700983 310971 493296 242698 317406 657947 488557 586662 826802 868079 595639 618399 259468 640311 521748 649351 126601 532172 458387 895885 569466 582391 377863 361497 404432
600990 849054 755054 485363 672768 328224 1200171 223244 941580 823531 770135 873689 202336 725698 610073 283464 43484 452046 261054 643176 636675 980430 823928 733899 753161 661509 583465 1095838 886675 229920 810332 573104 847581 636798 999999999 804032 600404 874071 992525 805384 591877 580778 644296 703821 880907 320987 620976 665100 1174933 725937 373656 831026 914363 327510 800276 581435 1016710 786523 154614 359586 114412 804593 777925 993218 696762 570615 564587 804543 186441 976919 1034785 145562 741248 940639 761885 381409 360586 914662 428130 887074 649043 210169 893241 1123156 1124554 45295 237742 894172 880569 910057 96000 730867 951658 201753 651753 87762 555112 764566 876964 239279
499266 493803 437491 318740 679454 486199 496385 640201 490806 413458 34088 233809 683407 598510 311427 583037 768387 433842 554692 385990 217458 339078 482680 77987 98501 457131 242307 440001 315766 746591 33217 434263 284216 395300 804032 999999999 403354 227050 385971 511237 247721 430189 817959 432027 354313 729139 420402 162071 471536 356784 583593 567909 136464 678038 391113 821393 214600 107486 653721 651652 704217 695117 422625 288340 505696 361368 559434 397806 655427 251175 444196 776383 614719 481151 420083 656590 612109 114556 568470 222847 433603 747260 197861 431510 474730 777484 660530 468868 268398 129292 859088 480762 154576 698906 730086 717302 417236 40144 139975 639285
97213 258260 704881 299180 283201 305059 623448 549244 342620 721704 383398 323442 586734 228910 502595 317628 582000 490386 447511 43602 426077 403993 773113 384988 434774 667655 380105 510881 304810 666595 384545 591267 637137 600751 600404 403354 999999999 606000 404215 785335 190648 592961 414644 110445 704288 389538 611766 254694 599885 129280 596039 271136 538966 342748 200107 420295 588144 470683 454623 653416 545153 336456 705656 441740 725803 63773 156674 700665 414591 653546 439800 648676 248388 341001 695298 301116 616102 467732 617953 607819 62025 656490 364621 547784 535934 595650 378985 794629 315409 436874 686132 724961 489084 603615 328671 519247 45292 371606 539015 560862
703187 720767 275547 420658 888505 596567 656752 672811 715324 221442 232204 453905 711931 816189 272285 710399 833140 434631 613037 596614 242144 545193 294135 221129 171420 337445 301356 629116 538338 756880 258481 364003 76606 300414 874071 227050 606000 999999999 595805 330842 424215 356932 1016300 651193 136547 876370 327875 351313 634992 579046 568680 793630 152451 826817 617771 1010652 256524 135551 739638 629812 762724 916200 250574 478323 366879 553893 756712 213612 761276 113673 652213 809030 833341 705404 255497 817299 596318 264204 534190 17247 645474 763413 409460 606125 662331 838841 785049 257315 489400 308177 907470 328390 292743 724315 934272 794097 609989 244139 101499 665253
450390 251139 822807 574117 554295 672561 222643 897430 170965 798439 400911 158210 939562 442155 673828 715293 968736 752536 796085 360933 573547 52396 868392 442398 481285 834072 569064 106984 106958 1015511 353109 794708 663261 768338 992525 385971 404215 595805 999999999 897197 427176 792324 715437 328135 730989 790213 790846 391580 201181 275182 893395 338785 453206 745332 217093 751437 410681 493184 840441 960092 921410 491925 808559 134139 886010 422548 516975 783401 810441 568322 58468 1017196 447489 160742 805732 700088 919487 335890 894743 586322 375359 1009850 188618 151377 132364 981417 781416 849633 130803 289266 1071650 864333 318930 956652 617783 907392 447491 393240 494909 903847
874605 969207 80776 505097 1057863 635656 983869 582140 989110 110030 498165 743132 607410 1013802 284820 751738 761963 377918 573779 793176 362644 850013 41041 461511 417305 147069 405291 945811 821303 618079 544103 241602 254237 196307 805384 511237 785335 330842 897197 999999999 597557 235115 1152604 864081 209546 927283 198597 561231 961227 807294 434483 1026114 480884 885729 865818 1127510 586983 404311 714091 469029 692932 1120870 88706 793046 110404 722654 909378 117997 761937 423885 955432 694439 1033044 980355 93653 897156 452928 583730 381559 346465 839899 631989 708985 928823 980032 761891 810694 121030 776510 622475 803062 75556 617080 612964 1088921 746318 770773 507141 425253 566539
285350 391081 516843 149668 472213 263685 616639 471507 441353 531189 219599 287829 514158 416996 318375 343526 561792 340457 371573 195666 236175 403297 583754 207509 253561 486803 194533 521559 321489 588970 240465 418542 449210 418602 591877 247721 190648 424215 427176 597557 999999999 418975 592585 268560 515196 481819 432579 85857 590887 223700 471600 434420 382043 430702 296115 586809 456946 291363 437340 536675 506407 523611 516283 403834 544752 131915 333709 510231 425291 485595 478973 595923 436031 435462 506425 409075 496429 341331 480041 428057 242486 584019 301832 540378 553530 573056 420324 603981 301662 326385 660951 540048 373403 531144 513324 504201 186838 209400 369644 477159
673984 809057 174811 295965 850526 404268 926391 359419 849188 243739 404051 634287 390508 820525 119628 518548 537352 142863 339812 609368 219265 752555 246295 357739 334219 88858 230312 862806 699693 417947 457535 7982 302307 60805 580778 430189 592961 356932 792324 235115 418975 999999999 932145 685480 314376 693496 40229 410960 901383 641816 225325 852516 466410 653097 710676 902336 584924 344311 480352 278761 466716 928119 197175 714775 141697 529203 699680 225872 526900 470600 850112 483956 840222 841917 181129 667491 250203 533797 181988 373685 652206 428191 615286 859889 897570 538917 575869 313412 662583 558753 590344 160063 573500 399059 875367 516109 570467 408297 411223 346169
319106 468615 1075380 648092 161147 538356 930612 733798 569297 1106883 797786 701468 752784 273653 869907 446388 654560 800009 660441 435015 813729 739553 1148217 796644 845013 1017620 758545 813968 649033 823450 798398 928049 1040454 957461 644296 817959 414644 1016300 715437 1152604 592585 932145 999999999 412639 1104488 324020 960831 666722 912532 490294 847635 390761 953291 330269 509939 70126 995556 882030 571232 882344 664000 261836 1082312 803009 1073517 462507 259841 1085117 502612 1068119 722632 763801 270707 575807 1069697 288520 856257 876151 889006 1019322 390898 806096 752069 865630 826148 668449 433052 1182939 680763 840776 739032 1083822 892956 765303 97875 604409 406315 786062 953312 752309
122482 148196 783310 397915 258109 415388 550778 659685 238203 791516 419802 288882 697072 166596 586909 420376 687627 592100 557936 78149 501450 339994 848118 433087 484430 755278 463064 434402 243158 776965 406698 684525 692587 687148 703821 432027 110445 651193 328135 864081 268560 685480 412639 999999999 762071 466613 700738 309054 529041 79211 703685 167466 560827 424565 111166 436243 588348 516653 561318 762229 653493 265244 780868 394511 813269 165834 188989 771301 517389 681568 353902 757772 182723 238012 771902 376015 724455 471242 723389 650230 54795 766732 339607 478233 455255 701515 475649 861210 269551 432536 791661 808263 484120 713929 316625 624763 153297 407748 571947 671289
800263 843658 176308 474332 987122 639821 791320 665696 845115 102125 352654 586011 700291 923754 274897 757946 838164 428906 624919 700972 294236 680776 169484 329978 278839 263228 353533 765657 669463 732153 387051 322321 70595 253647 880907 354313 704288 136547 730989 209546 515196 314376 1104488 762071 999999999 930968 276687 454109 770002 694141 539505 912244 288118 883690 739690 1091782 384327 251102 761095 592152 766738 1026924 146509 614803 273567 647108 847803 105138 793822 215189 787775 795610 941763 835438 157854 882085 564578 400729 495675 148852 749873 741933 543625 742167 798841 841611 828077 121005 621231 444382 900153 229168 428980 710192 1028192 807837 701477 363897 237950 654571
345882 594847 857818 458438 363153 294130 1011493 427689 697306 906714 699662 709809 439864 435937 664501 175952 330648 551302 374070 431345 640856 793182 932312 679664 717532 782344 580230 897196 693848 505509 721966 687703 877748 732960 320987 729139 389538 876370 790213 927283 481819 693496 324020 466613 930968 999999999 728710 567669 988380 516029 559916 554888 861520 51117 576348 263860 938157 755872 258819 582622 344945 498849 871854 829862 832826 392970 288660 885093 190807 956329 820116 441230 448189 699152 857143 90601 562718 820671 608020 884447 415688 487324 745917 936461 920164 344473 124416 983755 704378 799876 416392 853162 849809 450638 334139 282540 350576 690124 842211 447175
695579 820018 135020 318612 874597 437644 916481 399638 855522 203618 396464 632644 430539 840284 118831 553248 577556 180182 378765 625749 218181 749355 207341 351251 322649 56992 239544 857337 701237 456634 449321 48025 269078 27755 620976 420402 611766 327875 790846 198597 432579 40229 960831 700738 276687 728710 999999999 416655 891789 653405 264226 866999 445419 687410 720010 932888 563574 328454 519298 315477 506884 947941 156957 707575 114542 548045 724267 186000 564669 441189 849000 523680 859893 847886 140914 700030 288445 519707 219007 344902 669873 467271 610356 851760 892151 579144 612271 273250 662228 547459 630289 124856 558757 438920 901526 555925 591630 401799 389138 386323
351894 408416 480907 193246 537343 338981 561681 526480 438897 483409 135092 238890 569879 469651 297957 426663 632710 361038 431044 247191 202005 359201 542381 130325 180224 466676 181398 476223 292227 640902 155000 412170 385405 398154 665100 162071 254694 351313 391580 561231 85857 410960 666722 309054 454109 567669 416655 999999999 535757 246523 503838 466056 297185 516552 305866 665314 371477 216013 511463 571319 573494 573130 475712 344667 523030 204765 406885 463577 504928 404049 447428 656825 487665 431357 467931 494519 530627 257148 503243 353236 296170 638094 239499 487295 509830 643185 503876 552261 260996 245901 729079 511358 290742 586461 583144 577386 261207 124400 288230 529552
651057 444355 895146 728290 751708 849250 25923 1060263 349201 854269 497536 303162 1103383 638895 782127 903606 1148230 888487 961910 557309 685095 196637 926954 544237 569186 926519 696218 98647 295170 1176008 443934 905228 710217 866372 1174933 471536 599885 634992 201181 961227 590887 901383 912532 529041 770002 988380 891789 535757 999999999 472354 1035756 527801 482549 942478 418160 950923 394726 567745 1021006 1103881 1096160 678181 875391 191723 972227 610920 717988 843360 996725 572365 191539 1186775 642585 340994 876166 898696 1063302 378614 1028812 621395 575150 1172468 297007 52256 94619 1160244 972729 890875 294432 344992 1249454 942959 344147 1120196 815348 1088319 641665 494073 536471 1064347
185921 167402 726775 366688 337143 418071 495507 657061 227739 729459 346880 212819 696792 244207 536709 444674 705461 561219 554230 85810 445820 277791 788899 364165 415376 706250 413872 382014 178498 775737 330215 641658 624049 637611 725937 356784 129280 579046 275182 807294 223700 641816 490294 79211 694141 516029 653405 246523 472354 999999999 683846 219668 483383 470447 78431 510839 509138 445809 577252 745808 664350 338334 722173 323773 763691 158563 254931 709842 541150 604818 310840 765354 259289 223977 714188 426401 706652 392144 697940 577195 107011 767299 261934 420475 406699 718780 507923 797020 196984 353333 809407 755210 404957 713898 394985 643062 173400 334916 496711 666678
652908 845755 391931 321934 803233 317505 1061592 152573 909436 466421 551576 742727 173143 803714 299036 402275 330663 149752 188149 626060 370372 862969 456362 505613 501124 295101 342766 980028 790170 192652 603359 217351 522553 285893 373656 583593 596039 568680 893395 434483 471600 225325 847635 703685 539505 559916 264226 503838 1035756 683846 999999999 867103 654494 530887 760983 803748 770777 523285 310094 68325 264763 906708 417767 844072 324686 537929 656173 449777 372146 681137 947561 261374 823134 904339 401887 561622 28701 696869 54575 584493 657943 203065 739018 988917 1013667 329248 435507 531476 763757 710559 369446 361425 737350 178552 812024 324896 560258 551500 604380 134871
231783 89487 945468 565207 234537 568544 544142 813162 179745 949127 561929 375685 848331 125996 752105 552471 820588 759037 713298 245125 663885 373130 1008325 582505 633450 921072 628404 429371 300540 928308 538670 851677 841896 852706 831026 567909 271136 793630 338785 1026114 434420 852516 390761 167466 912244 554888 866999 466056 527801 219668 867103 999999999 685928 522709 178631 438300 690569 662422 698923 923823 794900 153329 941470 448660 978918 331318 269645 929500 646736 808970 336310 901206 122219 187157 933237 468297 886880 582628 888808 790526 209169 916642 430777 483797 438302 834943 594633 1016462 344964 538228 923189 972443 585797 864820 296781 758299 308069 550189 706347 826137
634280 606143 419771 432535 812383 606950 504396 733859 586167 372566 162449 323291 775905 727274 359087 709938 876461 508315 657644 519776 288108 401442 445363 184925 161666 467434 333146 478826 408531 831804 155331 472290 227931 417860 914363 136464 538966 152451 453206 480884 382043 466410 953291 560827 288118 861520 445419 297185 482549 483383 654494 685928 999999999 810521 507307 957689 118523 132212 768371 720368 809276 820291 397360 329948 505130 497832 695343 362932 776686 123114 507913 871696 742660 575800 400087 791049 683122 117318 629411 139267 566597 835111 273135 454054 511566 884352 787256 409123 358689 164238 961572 470610 141176 790253 864368 829347 553671 172797 57448 730057
305871 557225 814939 410163 345713 250399 965858 406319 658244 861884 648608 661167 423082 407797 619244 134840 330468 511842 343111 385173 592481 746740 889463 628880 667112 741801 531934 852285 647525 493185 670861 647569 829522 690524 327510 678038 342748 826817 745332 885729 430702 653097 330269 424565 883690 51117 687410 516552 942478 470447 530887 522709 810521 999999999 533115 277024 887073 705494 241173 558564 334016 479066 828108 781591 793411 343320 253527 840177 172406 905838 776880 435552 421549 659576 813608 55439 535914 769669 576988 834678 372396 475895 696424 890433 875984 344831 102801 939044 656613 749137 423478 812162 798956 435269 325164 276268 302569 639046 791549 425328
233617 104227 785889 442178 350171 495907 439710 735455 149374 782798 387427 201921 775101 243434 602062 517728 780987 635907 632631 157100 507801 231824 845088 411941 461985 771488 480965 323238 139156 854108 361128 710956 669118 702817 800276 391113 200107 617771 217093 865818 296115 710676 509939 111166 739690 576348 720010 305866 418160 78431 760983 178631 507307 533115 999999999 539990 515132 488756 653069 823424 741349 319780 779217 293302 828312 236307 299882 763980 614655 630364 243817 842954 253820 145554 772245 485839 784101 404798 773844 613960 160761 845583 256534 367627 344328 794466 578058 847378 175065 361187 885061 817218 409970 792199 412237 718386 245344 375964 528603 745107
329853 510300 1051839 626402 203772 501949 970119 683296 613587 1087823 798917 723641 699662 315417 847757 401556 593953 766553 615662 446631 798507 771644 1125493 793648 840367 989237 741328 852845 677831 768015 804220 897776 1029809 931411 581435 821393 420295 1010652 751437 1127510 586809 902336 70126 436243 1091782 263860 932888 665314 950923 510839 803748 438300 957689 277024 539990 999999999 1007723 878126 517600 834676 607718 321175 1060579 830527 1044033 460839 263879 1065959 448693 1069163 763224 705090 316167 619279 1047369 242244 810572 887476 847365 1014836 406590 750167 772058 902619 867232 607576 379188 1164545 705749 854744 675357 1057004 907084 711430 142420 546258 404528 787492 953494 702237
