NAME : synthetic_000608
TYPE : CTSP-D
DIMENSION : 100
GROUPS : 8
RELAXATION_LEVEL : 1
EDGE_WEIGHT_TYPE : EXPLICIT
EDGE_WEIGHT_FORMAT : FULL_MATRIX
EDGE_WEIGHT_SECTION
999999999 607454 49779 807913 93592 439666 640134 873957 796209 786072 601413 732007 644127 615389 161441 813651 513698 591228 758542 556193 285640 350711 296357 124988 470696 207608 440269 778861 564103 772149 420879 950312 348414 964774 720437 739825 585114 621062 680020 488545 471552 914256 873871 765778 286809 232073 957206 137583 358072 581786 341797 218403 595669 581979 227828 1023774 669975 561323 476084 597649 470963 939955 460639 774435 394184 635006 665729 926013 331504 882222 952077 770767 360646 498323 283259 746107 500739 218586 80882 618195 336944 592732 373266 201111 803086 792824 414137 772382 417496 293517 493046 818171 468164 661695 537609 580176 501619 251477 403469 540947
607454 999999999 576197 489364 525981 498704 700918 676161 826543 399215 238363 793931 276652 757420 447483 464768 281739 750257 808662 573889 322782 292600 387901 555847 361591 585433 482801 839502 826283 276959 346299 488154 369758 784544 497098 274028 116189 133467 799713 415052 886619 551020 267114 161627 333043 402306 866652 552822 868185 108998 589755 400860 46903 593074 379694 427409 153031 280061 720195 463827 136921 626195 158526 360529 357279 354370 656329 786141 288552 540404 458447 367547 335454 185107 833465 728881 212609 394497 675453 793883 713563 219863 728579 440538 796645 794864 873037 186961 438646 318703 532282 212342 172037 568868 434341 82303 329309 469448 414129 288814
49779 576197 999999999 759310 95182 453711 593305 824190 750097 739277 587930 686378 598967 571606 129281 765627 467822 547877 712763 507187 253472 309498 249351 149087 469623 163749 452575 733708 527167 729715 373205 904634 345531 915197 670984 696543 546907 581991 636203 439116 449229 865928 841200 736165 266779 221346 908857 161355 350147 544021 295984 179317 567529 533115 198117 987476 647957 551929 435233 548002 439278 890706 425443 728629 391523 587369 617246 876747 309660 833632 907727 724650 353096 457709 284368 698133 484667 198195 99272 576330 303437 549360 338955 155694 755863 745765 397246 736071 425147 269426 508991 788064 445459 612034 488056 554449 454094 260869 408201 532510
807913 489364 759310 999999999 772086 927904 421008 205853 462930 102662 725954 466937 221265 512682 673856 38581 313523 523395 466507 356800 591972 492036 513681 833021 812428 653820 913999 493839 644700 255722 388787 216990 765561 306102 116353 232616 382967 356502 515947 325323 805390 108372 518539 538284 658983 718041 415840 837419 877836 391304 555541 610770 535261 351191 637983 519677 633894 760041 580739 232070 508774 145071 474104 144825 776576 180378 344463 324135 635459 74322 260718 133424 734047 389979 894037 368348 674648 680008 836511 557877 682882 289552 672335 610076 416485 421612 834478 407649 865642 633459 974471 546765 604944 249481 281698 567898 310074 817466 837042 763826
93592 525981 95182 772086 999999999 358634 655814 858925 814410 739530 508161 752744 591903 644115 98640 773672 465985 621628 778469 557755 210619 291740 260675 68810 378620 243831 357395 801371 612106 710259 383958 898034 255545 955455 694268 680562 514834 552228 708202 464999 543859 875744 793092 681718 197802 139078 961588 78456 443721 510671 366453 162181 510757 584605 152079 947889 579914 467731 515058 576450 391170 909582 386293 723638 301462 594192 670807 921744 243189 845841 895010 721279 267068 434396 373664 754282 408276 131775 174096 653160 393369 535049 427903 166835 815547 806252 492424 697372 330409 207870 414141 734491 379282 652450 515268 493092 462058 165700 314256 447377
439666 498704 453711 927904 358634 999999999 950951 1072354 1107373 859568 321226 1052670 709742 961294 387114 914741 625230 942106 1075967 832691 374015 467597 511639 315654 142369 590773 16192 1102747 954545 767001 595687 978918 167755 1179363 888389 754067 564281 600744 1022260 695200 902272 1013211 722793 599047 295240 271624 1219757 303346 797737 556509 693509 416024 457721 859469 361573 897822 448102 259563 850370 797204 422877 1072917 454107 828485 151473 753832 944616 1160463 301542 993315 954537 831752 195540 537934 720537 1029843 287619 319180 516712 978979 746657 640888 779468 458078 1097164 1090201 850679 681879 62502 319527 57597 647273 335126 895671 740942 423144 648681 193755 90866 239159
640134 700918 593305 421008 655814 950951 999999999 329188 158892 488446 886270 102032 470520 93469 581169 454531 419212 109923 125114 128889 579700 499079 439378 724457 886066 434059 942093 152095 234969 604319 379847 637838 788112 377099 309001 565242 589721 591324 103110 289613 424782 508785 855860 823162 657730 682903 326322 734219 542128 595353 298919 538017 732753 107847 590476 909899 850066 892101 212458 250690 630374 472139 586093 515176 820514 386195 77710 322021 662827 471592 678208 503044 768947 520929 591108 116929 795317 634831 626772 137961 365661 495880 338201 503334 163622 152886 474747 725230 897780 635214 1007508 853477 718560 174107 266889 751152 372164 778478 870432 884889
873957 676161 824190 205853 858925 1072354 329188 999999999 302900 308352 906656 330883 399564 419747 765745 242634 448308 438829 320297 333844 710764 610448 601029 925360 970451 688658 1059819 340853 563287 461099 487064 387273 905294 109322 185781 435579 563114 543093 398359 395202 752623 232471 724367 740742 785759 834901 211064 932113 858435 571187 565329 706920 720128 313987 745960 716128 825829 933990 532673 284038 670099 162142 629953 350131 923955 328771 257351 118358 771462 205369 441404 338312 876925 545389 894970 231469 842942 791200 884296 461045 669584 461174 648866 692115 252586 261824 798091 612233 1011625 760016 1123237 751593 768512 214979 345011 750177 424264 936706 982678 934780
796209 826543 750097 462930 814410 1107373 158892 302900 999999999 551020 1026156 66584 572976 194396 739978 500861 548951 220490 39734 276230 734649 649964 595859 882982 1037714 589078 1098135 40593 320091 687674 526275 673218 943293 301711 371346 652110 711699 706955 138510 430093 523635 525529 950262 934102 813119 840602 202242 892844 662343 718218 454414 696028 862326 250378 747903 979192 978628 1036512 343678 362836 770407 464556 725992 585627 974286 486346 172050 239215 815868 492511 722020 572898 922903 654216 722574 100602 939758 792584 778518 216246 503694 611494 471952 662076 50336 41916 585476 823636 1053227 790024 1163612 958474 862388 260134 397167 884057 505081 936859 1025563 1030761
786072 399215 739277 102662 739530 859568 488446 308352 551020 999999999 637472 547330 153098 576060 640999 68847 273703 583090 550190 402725 545558 450012 489936 796075 737204 653143 845001 578971 698903 153104 366970 172538 702098 408340 182354 132318 300554 269423 588342 328356 842989 154447 416364 436948 605635 669299 517676 799060 898248 308821 571851 577491 445882 403577 596710 428334 538849 675516 622887 262486 436758 227299 407163 42512 708288 155845 415620 426512 576929 141217 196852 32349 669180 327344 904177 452966 594629 635595 823844 621060 705317 220326 699945 585089 506872 510695 863867 305298 797066 580923 903193 444251 529133 314541 295389 479917 286189 765356 769010 681132
601413 238363 587930 725954 508161 321226 886270 906656 1026156 637472 999999999 985171 508694 927218 467477 702543 480092 915114 1003262 757483 367345 403262 492098 507794 182470 658976 305422 1033406 968540 511623 507686 719380 266738 1015780 723589 511851 344405 369570 977957 597618 983890 789339 408660 287394 323411 369355 1088793 499793 926605 336180 708777 449792 191597 780468 403665 583862 131739 61704 858735 670524 256100 864229 300514 598886 228420 579183 854119 1012758 285474 778609 684017 605881 244665 374156 870831 933026 106240 390605 680720 957652 809855 445494 833597 499633 1002136 998627 953134 393153 274668 327538 336128 331580 172631 777258 629229 158062 521551 383731 261379 82524
732007 793931 686378 466937 752744 1052670 102032 330883 66584 547330 985171 999999999 551345 128068 680780 503542 513201 154110 27020 228383 681713 600749 541209 821111 987955 524578 1043912 50097 258600 675736 480266 682067 890086 348334 365028 638346 680808 679412 76411 387577 461605 540671 934094 909619 759695 784105 263420 831198 597299 686867 390411 639045 827524 204708 691883 974809 944583 992430 277123 334271 729079 488552 684686 578805 922544 465083 140259 287043 764819 505565 727654 566231 870978 616811 656399 101683 895603 736014 712826 152976 437113 583559 405449 603260 96673 83808 521633 805158 999712 737230 1109306 937085 818610 239911 360107 847319 467342 878970 972404 985617
644127 276652 598967 221265 591903 709742 470520 399564 572976 153098 508694 551345 999999999 545015 493915 205059 132272 545180 561458 356811 393742 300513 351141 646311 591550 530593 695481 592209 646540 151670 235373 306564 550257 508152 221975 111216 164295 144103 573551 230872 761284 304120 385449 361537 452583 516665 592173 648773 793506 172514 470973 430800 320638 367894 446251 459090 427361 540034 554785 219830 288326 364963 255867 131824 558271 86660 411141 509917 423986 283669 309679 130383 517732 174481 788014 472642 453495 483969 688008 587355 607209 68909 608585 443379 537212 537371 770742 254740 647292 427944 754958 385989 383805 313366 219194 351295 160701 612301 618949 543133
615389 757420 571606 512682 644115 961294 93469 419747 194396 576060 927218 128068 545015 999999999 580091 545376 477512 26121 154665 188899 598429 528880 456001 711479 909290 408080 953798 167909 143735 684770 420747 729101 803644 458861 399160 644862 650519 656436 64631 342487 340814 602005 929749 888637 674035 689976 388922 722185 470379 655410 277707 545281 785583 177694 600092 992833 902645 927255 149726 327434 673934 565300 630512 600587 839526 463618 171102 400533 685243 564712 768077 588751 787969 573544 528336 195650 831272 642174 590786 45234 309933 562648 277663 504667 220346 207654 396843 798273 911658 653509 1018627 922118 756171 263880 331004 800728 429157 780303 885438 918020
161441 447483 129281 673856 98640 387114 581169 765745 739978 640999 467477 680780 493915 580091 999999999 675103 367394 559457 705636 474887 124776 194551 164950 160483 369693 208343 381815 730307 567499 615211 286381 800291 247449 864289 597995 584472 424312 460728 642778 370694 532250 777226 713220 607057 144119 119547 877259 166516 459579 420784 307295 63547 438248 502034 68919 862338 520235 436905 463464 482185 310640 812030 299199 625542 291456 495652 588787 832996 183928 747505 798410 623007 245809 339801 404577 673472 362316 79886 228442 594601 366178 438237 396768 78172 737076 728506 492166 610959 344934 142462 444678 659075 317922 562684 420993 425452 363782 200334 322403 419091
813651 464768 765627 38581 773672 914741 454531 242634 500861 68847 702543 503542 205059 545376 675103 999999999 310021 555135 503734 383909 587620 489053 517839 833001 795920 666871 900518 531340 675176 221150 392887 183907 754402 340334 146449 201070 362110 333223 550883 337817 831306 102505 482009 505741 651965 713061 453223 836848 898468 370446 574096 611672 511162 380226 635830 481108 606468 738810 607597 252759 493234 161978 460711 111297 763268 179524 378690 360990 626197 78614 224581 100984 722217 378018 911296 405622 655637 676706 845686 590610 703821 273965 694914 614143 454685 459652 857911 373661 852307 626716 959981 512317 587869 281529 297386 544612 312573 811265 823925 743555
513698 281739 467822 313523 465985 625230 419212 448308 548951 273703 480092 513201 132272 477512 367394 310021 999999999 471958 528921 292292 278465 179067 219193 523640 522878 400278 612327 559611 557688 275937 104885 436812 459216 556496 263343 237976 173126 183225 518141 135716 649473 412525 469656 413087 346515 404523 613152 527169 668764 177899 352415 303859 314330 311365 325813 571552 431404 497171 457011 190469 228270 456903 185334 260814 475919 133257 377332 543456 326331 385188 441932 257095 429703 105975 658751 453774 402302 366914 555916 515540 487664 100498 493098 312609 522658 519639 652081 339790 564003 320820 675285 450256 325581 297179 153097 335110 48469 504209 535069 494856
591228 750257 547877 523395 621628 942106 109923 438829 220490 583090 915114 154110 545180 26121 559457 555135 471958 999999999 180757 188435 581643 514937 439361 688704 892840 384199 934882 193863 125138 687321 410347 739038 785702 481458 408688 647085 645077 652510 89365 336338 317898 615179 928794 884351 656516 670571 414281 699530 445027 649699 255225 526300 777186 180848 581400 996295 893957 913627 123650 329945 663074 581506 620030 606106 822258 465435 186088 423794 669030 577649 776590 594483 770791 565701 502339 218096 818005 622927 565540 43635 283855 559653 251542 484706 245698 233072 372375 797154 893221 636467 999529 918996 743486 273925 328660 791306 423492 759780 867264 903897
758542 808662 712763 466507 778469 1075967 125114 320297 39734 550190 1003262 27020 561458 154665 705636 503734 528921 180757 999999999 248338 704266 621845 564345 846912 1009401 551186 1067031 30925 282280 682109 500015 680033 912801 330306 368474 645412 694775 692045 99998 405803 485683 535875 942371 921197 782458 808009 239241 856924 623056 701022 416848 663089 843137 223635 715589 978373 959954 1011717 303967 346688 747193 480053 702764 582985 944721 474894 152485 268339 786691 501550 726976 570328 893211 633303 682886 98163 914887 759934 739753 177535 464016 596247 432221 627960 75827 63452 546698 814275 1022563 759749 1132465 947447 837720 248372 376069 863701 483791 903394 995119 1005310
556193 573889 507187 356800 557755 832691 128889 333844 276230 402725 757483 228383 356811 188899 474887 383909 292292 188435 248338 999999999 459147 373859 322492 626434 761594 359888 823077 277560 296876 499438 251900 566164 667711 412829 240712 459034 464312 468461 225850 160830 448751 458254 741007 700758 537810 568660 403851 635145 532370 469596 232045 425802 604736 27191 475617 808895 722085 764054 223951 143058 501528 444166 457227 422187 698151 277337 113954 370395 539662 420393 598903 411043 646824 392618 562596 199052 667229 520976 556856 230578 339428 374118 322813 396843 264826 257544 481218 609470 777737 514367 888565 733479 590278 122340 142498 622580 244604 667079 749898 757270
285640 322782 253472 591972 210619 374015 579700 710764 734649 545558 367345 681713 393742 598429 124776 587620 278465 581643 704266 459147 999999999 101147 142431 255758 311296 292053 364041 731793 615131 502269 225187 696383 208644 815087 531960 474493 304258 341833 656733 323303 616577 690022 588470 482768 78779 126261 847345 256870 565961 300052 350135 84603 315017 485786 58739 738913 403178 348181 505921 429371 185894 734907 176056 524998 241483 411627 570655 791712 88923 663510 689433 524119 189840 227254 519831 655845 261326 90273 352743 621373 442845 331974 467666 133011 723298 716493 586875 487809 318615 55527 429512 534597 203969 523930 370807 304583 288958 227142 290923 334094
350711 292600 309498 492036 291740 467597 499079 610448 649964 450012 403262 600749 300513 528880 194551 489053 179067 514937 621845 373859 101147 999999999 96472 346128 387751 292957 456442 650503 565541 421584 128156 606328 299991 715446 430897 390106 239990 273498 583379 227870 599252 591556 545312 453196 175529 227225 752242 349057 575770 238062 309627 132755 299875 399604 146944 681867 406368 398705 455850 330568 166685 634388 134279 432335 326278 311682 482085 693718 167666 564148 603863 430409 275707 148243 544538 566461 303427 187978 405272 556743 424642 243687 442861 157568 634904 628926 581557 431549 409428 149928 521473 501838 230635 428102 273407 301249 187837 328289 380872 389141
296357 387901 249351 513681 260675 511639 439378 601029 595859 489936 492098 541209 351141 456001 164950 517839 219193 439361 564345 322492 142431 96472 999999999 325249 453480 199951 502716 591304 478058 487926 125039 655762 349301 700468 433616 452578 325275 355080 514438 205850 502930 619008 635382 547572 218980 246298 719431 331466 482170 324643 216754 106669 396327 349549 153258 764508 502296 481486 368248 317286 263030 649408 230207 479725 383747 338805 435763 670976 229785 587822 660720 475493 332131 228770 456200 521152 389001 198870 336892 479392 328213 306371 347004 96414 587303 579816 485389 516941 458626 197637 568132 595278 320316 400512 256119 397379 205401 345745 431552 469559
124988 555847 149087 833021 68810 315654 724457 925360 882982 796075 507794 821111 646311 711479 160483 833001 523640 688704 846912 626434 255758 346128 325249 999999999 359702 308016 317050 869612 675009 757918 446612 951020 243446 1022758 758477 730196 557299 595587 775716 530682 595034 935371 821878 706301 222850 153949 1030239 12625 482509 552421 433784 222525 535471 653312 200268 982014 592826 461190 580220 642209 425269 972053 426701 778094 287194 653927 739562 989727 267421 906367 945127 776434 263163 482964 405036 823084 414467 167428 201097 719466 452503 586719 487913 233608 884338 875021 538921 733668 297678 239315 368353 759343 398008 720095 580996 513977 523121 133686 286670 439590
470696 361591 469623 812428 378620 142369 886066 970451 1037714 737204 182470 987955 591550 909290 369693 795920 522878 892840 1009401 761594 311296 387751 453480 359702 999999999 577193 126196 1037836 923419 634689 513108 846967 124293 1079081 784772 624956 437563 472068 966759 612193 901917 891628 580436 456678 239471 252334 1131759 349539 819426 429461 657889 376662 318795 787346 321703 755453 306329 122015 815073 705656 303791 956514 341162 703625 78641 644761 869294 1065777 224131 874409 819702 707994 125472 426262 752221 953146 148982 290556 551548 932669 734759 522920 763910 425403 1021913 1016239 859804 542003 92219 257085 170691 505026 208140 808883 653743 283502 553364 226681 82157 100072
207608 585433 163749 653820 243831 590773 434059 688658 589078 653143 658976 524578 530593 408080 208343 666871 400278 384199 551186 359888 292053 292957 199951 308016 577193 999999999 586797 571272 368383 675953 295561 824692 455709 772576 553194 638253 524780 553419 472703 329103 326695 762183 835323 746146 343394 327812 754792 319522 282815 524377 135142 209338 589937 384192 259316 961845 689564 635808 272319 427514 455327 773963 426928 651110 499326 497298 464855 729709 374927 727160 837456 644700 452357 427857 259114 542704 552768 286652 196985 412715 157837 496205 188992 159343 597509 586941 295018 715993 552059 333501 647936 794532 494976 473727 372510 586725 371567 398448 530316 619694
440269 482801 452575 913999 357395 16192 942093 1059819 1098135 845001 305422 1043912 695481 953798 381815 900518 612327 934882 1067031 823077 364041 456442 502716 317050 126196 586797 999999999 1094003 949287 751534 584592 963519 156469 1167031 875594 738868 549199 585523 1014448 684225 900374 998761 706627 582873 285295 265005 1208683 304905 798230 541396 687386 408590 441690 849778 353742 881645 432032 243793 844536 785512 408250 1058972 440024 813682 137427 740433 934677 1148685 289750 979110 938886 817049 182914 524089 722078 1019826 271548 312138 518105 972106 743226 626600 775687 451550 1087339 1080505 849795 665810 48427 309194 65489 631136 319779 884533 729616 407063 636462 191816 77287 223256
778861 839502 733708 493839 801371 1102747 152095 340853 40593 578971 1033406 50097 592209 167909 730307 531340 559611 193863 30925 277560 731793 650503 591304 869612 1037836 571272 1094003 999999999 285077 712056 529430 706255 940179 342295 397657 675557 725670 722968 106886 435833 488418 560465 972756 952070 809789 834073 240377 879808 630369 731905 437780 688979 873868 253302 741903 1007277 990724 1041395 317452 377613 777314 501908 732894 612257 972583 505620 183394 279805 814798 526719 753945 599576 921025 663858 693237 126058 944562 785979 757559 183758 477596 627171 444726 652899 89484 79159 551917 844841 1049809 787308 1159393 978196 867466 279010 406689 894296 514336 928734 1022498 1034797
564103 826283 527167 644700 612106 954545 234969 563287 320091 698903 968540 258600 646540 143735 567499 675176 557688 125138 282280 296876 615131 565541 478058 675009 923419 368383 949287 285077 999999999 793465 480054 858901 808354 600962 528996 752694 728474 740876 182404 423884 203549 738738 1024382 969624 683952 685202 521516 686829 348887 732108 265544 547362 848142 295729 602908 1103381 962686 959533 109865 439701 725106 706583 684384 719063 848687 571697 311126 541582 704055 701057 894265 707903 798452 641596 419429 338546 866714 639660 522658 106332 229295 652014 192568 500210 355111 342221 267652 892955 911320 667229 1012071 1007930 795966 395648 427347 857914 509954 764584 887390 947323
772149 276959 729715 255722 710259 767001 604319 461099 687674 153104 511623 675736 151670 684770 615211 221150 275937 687321 682109 499438 502269 421584 487926 757918 634689 675953 751534 712056 793465 999999999 380819 212284 621810 561351 317085 40954 207864 169184 707066 382360 912862 286870 265839 286177 546982 615885 669428 758525 943402 214661 622233 554306 323268 507187 559261 309918 401059 556733 704582 357491 352936 371052 336432 110978 619137 222149 537923 579025 510413 285318 190682 122851 587405 275865 934644 587569 486621 590961 822826 728379 758450 181556 760221 574730 646481 648902 922191 152614 705278 524925 804780 291202 431985 436230 367332 359143 310699 702962 678803 565767
420879 346299 373205 388787 383958 595687 379847 487064 526275 366970 507686 480266 235373 420747 286381 392887 104885 410347 500015 251900 225187 128156 125039 446612 513108 295561 584592 529430 480054 380819 999999999 535191 428134 590323 312823 342762 254290 274243 470282 99789 552933 493969 563124 493793 302390 347951 624098 451897 564824 256652 253668 224260 368909 276446 259196 673829 484761 512272 374054 204333 253225 525686 209790 359606 453943 214173 356446 566588 295619 462866 543928 354427 403658 162295 553877 440042 415475 304209 456969 453589 386910 203235 395089 221443 508867 503390 551174 436093 537572 277129 649629 535745 338756 299984 145729 381265 80947 449761 508991 505372
950312 488154 904634 216990 898034 978918 637838 387273 673218 172538 719380 682067 306564 729101 800291 183907 436812 739038 680033 566164 696383 606328 655762 951020 846967 824692 963519 706255 858901 212284 535191 999999999 831295 460987 330355 227052 416681 378958 732821 500892 1011419 155850 400625 467575 748757 815840 592954 952910 1070489 424021 744178 737291 533922 563603 750755 340496 602055 766877 789077 430282 561668 241603 540700 176038 830392 327785 561444 499135 715032 182724 58229 180772 797118 470243 1076617 582081 698796 786522 991775 774329 877169 364435 870901 749319 624973 631399 1034672 334964 917042 725380 1017054 454746 643798 465343 467188 569953 455218 907130 890331 776746
348414 369758 345531 765561 255545 167755 788112 905294 943293 702098 266738 890086 550257 803644 247449 754402 459216 785702 912801 667711 208644 299991 349301 243446 124293 455709 156469 940179 808354 621810 428134 831295 999999999 1012006 721888 604422 414686 452839 863192 527757 779017 854375 620715 498489 130400 128706 1052231 234578 695174 407496 543600 261496 336440 694283 205802 791148 365665 217826 701296 629455 269644 910609 294967 673433 46015 589337 778819 992724 133935 832712 812008 675657 34626 376386 628703 863863 183764 169801 429274 824143 613533 481927 643614 308198 931588 924928 735853 556706 110059 153347 221658 550566 197726 728092 573249 306763 481291 117175 82320 196147
964774 784544 915197 306102 955455 1179363 377099 109322 301711 408340 1015780 348334 508152 458861 864289 340334 556496 481458 330306 412829 815087 715446 700468 1022758 1079081 772576 1167031 342295 600962 561351 590323 460987 1012006 999999999 294831 538510 671998 651275 423219 495598 799350 306347 821085 844232 890967 938151 140541 1030039 918595 680103 643917 806964 828791 389464 848077 798734 933519 1043311 588962 386048 779240 219830 738885 450748 1031595 438091 317259 62544 878081 288281 518048 439508 984121 654456 963079 263370 952210 893628 969456 494987 736400 570343 711998 789151 254749 266873 851721 713627 1118938 865313 1230734 852552 877660 303565 446026 859106 530717 1039927 1089999 1044081
720437 497098 670984 116353 694268 888389 309001 185781 371346 182354 723589 365028 221975 399160 597995 146449 263343 408688 368474 240712 531960 430897 433616 758477 784772 553194 875594 397657 528996 317085 312823 330355 721888 294831 999999999 283094 382126 365803 407158 231895 689449 218691 581636 578102 605030 657520 370203 764179 765675 389981 446842 536721 539660 234871 571226 609999 648865 749201 464570 125680 484410 221056 444173 214608 739262 144409 234347 289480 588389 181156 369223 201921 692851 359636 785855 272001 657527 615577 741864 444391 570760 278765 558636 528434 329413 332041 719900 458445 827297 579212 938628 596349 582831 135296 183243 568361 243111 758998 798357 749541
739825 274028 696543 232616 680562 754067 565242 435579 652110 132318 511851 638346 111216 644862 584472 201070 237976 647085 645412 459034 474493 390106 452578 730196 624956 638253 738868 675557 752694 40954 342762 227052 604422 538510 283094 999999999 190180 153359 668140 341616 872130 278286 298607 305723 523150 591103 641626 731318 904045 197747 582133 522786 320919 467202 530573 350732 408146 553599 663628 317451 334781 357868 313988 90364 604581 181698 499873 552637 488438 271441 214940 100086 570328 247240 896595 551734 478471 564004 788554 688313 718368 147183 719771 541110 611881 613866 881954 177405 691907 500290 793983 316722 419246 398522 326402 356090 271098 680801 664815 561099
585114 116189 546907 382967 514834 564281 589721 563114 711699 300554 344405 680808 164295 650519 424312 362110 173126 645077 694775 464312 304258 239990 325275 557299 437563 524780 549199 725670 728474 207864 254290 416681 414686 671998 382126 190180 999999999 38989 689914 308774 806263 454917 311906 241160 341304 411044 751049 556888 805434 8344 506812 367674 157534 482111 362769 441880 269207 377113 625384 348868 145235 524012 130965 266076 414454 238661 542299 671529 303247 439839 398538 270707 380454 97195 781304 613529 294084 389908 644145 688663 637318 103858 648002 397477 681023 679458 800418 191983 502013 320386 605296 281521 230210 453259 322883 187118 221586 495610 474769 381452
621062 133467 581991 356502 552228 600744 591324 543093 706955 269423 369570 679412 144103 656436 460728 333223 183225 652510 692045 468461 341833 273498 355080 595587 472068 553419 585523 722968 740876 169184 274243 378958 452839 651275 365803 153359 38989 999999999 692814 317818 827131 423127 288916 232297 380206 449869 735962 595328 832400 45482 527907 403070 178830 484521 400158 409601 283259 406103 639972 345382 183753 495120 169696 233002 451539 225430 539771 654015 342235 409994 359799 238626 418510 126631 811182 607663 326672 428161 678613 695907 660380 95853 669328 431000 674108 673272 824225 163113 538628 359139 640736 267212 265892 447094 326001 211523 231003 534583 511645 411854
680020 799713 636203 515947 708202 1022260 103110 398359 138510 588342 977957 76411 573551 64631 642778 550883 518141 89365 99998 225850 656733 583379 514438 775716 966759 472703 1014448 106886 182404 707066 470282 732821 863192 423219 407158 668140 689914 692814 999999999 385600 385708 597536 958932 924929 733176 751344 339157 786355 524203 695303 341945 606326 830088 208294 660743 1011819 947423 980478 211860 353730 723089 551963 679163 616407 898171 489305 172833 362462 742638 561238 775359 604144 846544 617796 586353 167019 884052 703407 654900 77740 371624 597671 338288 566783 173084 160215 446966 828228 971748 712061 1079463 955931 808147 274034 367241 847054 470406 842777 945217 972034
488545 415052 439116 325323 464999 695200 289613 395202 430093 328356 597618 387577 230872 342487 370694 337817 135716 336338 405803 160830 323303 227870 205850 530682 612193 329103 684225 435833 423884 382360 99789 500892 527757 495598 231895 341616 308774 317818 385600 999999999 530514 433559 600689 548686 401218 443646 524575 537171 571148 313361 244978 311799 444503 182918 352705 689395 561829 606432 326490 111527 341518 451858 297115 332543 553711 174464 258875 469022 395404 399145 519909 324347 503446 232197 576073 341433 509667 398400 512034 379944 380340 228201 379109 298317 410505 405496 542317 469474 637294 376183 749318 585014 432315 200687 50314 461807 87262 545199 608740 600754
471552 886619 449229 805390 543859 902272 424782 752623 523635 842989 983890 461605 761284 340814 532250 831306 649473 317898 485683 448751 616577 599252 502930 595034 901917 326695 900374 488418 203549 912862 552933 1011419 779017 799350 689449 872130 806263 827131 385708 530514 999999999 906673 1116041 1042281 670052 650332 724856 607632 162454 807957 299467 535446 898575 457152 586004 1218618 1005076 962336 225437 581242 765925 885853 731547 855709 823557 699336 495497 741344 701190 868764 1039655 845938 777845 711012 248443 535981 877900 611747 408257 308668 175054 749698 158403 485183 557786 544903 75057 988236 869851 659995 957996 1086668 816820 564521 551045 900292 606650 708670 850213 946368
914256 551020 865928 108372 875744 1013211 508785 232471 525529 154447 789339 540671 304120 602005 777226 102505 412525 615179 535875 458254 690022 591556 619008 935371 891628 762183 998761 560465 738738 286870 493969 155850 854375 306347 218691 278286 454917 423127 597536 433559 906673 999999999 527972 571347 753809 815341 437112 939279 984009 463167 663032 713847 597878 449930 738333 492482 685850 828904 681336 339434 590650 90154 559852 190596 861813 281581 431092 343285 727263 37927 211992 184510 821823 478296 1001797 439219 748948 779182 944257 646743 789035 372650 777318 715400 476244 483621 938485 435975 950717 728652 1057333 569871 683534 344114 390045 632451 414111 913257 922531 834980
873871 267114 841200 518539 793092 722793 855860 724367 950262 416364 408660 934094 385449 929749 713220 482009 469656 928794 942371 741007 588470 545312 635382 821878 580436 835323 706627 972756 1024382 265839 563124 400625 620715 821085 581636 298607 311906 288916 958932 600689 1116041 527972 999999999 123935 599430 667995 934037 818375 1116873 311502 816761 663726 287753 753128 646052 175377 277093 468713 926173 605211 402928 617477 416871 375454 598921 470036 794471 842673 554493 536122 347853 387782 587961 409007 1089794 849752 442461 661595 940268 971454 948657 372501 958175 699988 910452 912316 1112102 131686 668790 585736 743641 77447 428515 694350 600332 314299 515901 728422 648821 486468
765778 161627 736165 538284 681718 599047 823162 740742 934102 436948 287394 909619 361537 888637 607057 505741 413087 884351 921197 700758 482768 453196 547572 706301 456678 746146 582873 952070 969624 286177 493793 467575 498489 844232 578102 305723 241160 232297 924929 548686 1042281 571347 123935 999999999 485414 552454 944512 702104 1028961 237764 743627 562080 171143 716649 538675 298785 155783 346457 866361 575388 297625 656983 319700 394452 475516 447944 769521 857065 440001 571462 422541 405172 466217 332176 995081 833955 318875 549960 835426 927822 870651 327295 883903 602158 898747 898860 1031603 135580 544858 473875 620838 53046 309492 674067 558292 193709 461456 607994 524941 363577
286809 333043 266779 658983 197802 295240 657730 785759 813119 605635 323411 759695 452583 674035 144119 651965 346515 656516 782458 537810 78779 175529 218980 222850 239471 343394 285295 809789 683952 546982 302390 748757 130400 890967 605030 523150 341304 380206 733176 401218 670052 753809 599430 485414 999999999 70385 925605 220224 603612 335633 418433 137676 314272 564489 84148 759280 383169 293774 575719 505947 203532 803121 210727 581679 165907 479447 649428 868877 45514 729072 736929 582046 114802 279639 547814 734624 218617 68739 362893 695489 499431 387161 527083 187251 802054 795212 633820 511711 240130 25822 350775 538365 181615 601905 448114 295418 362099 159722 212712 276776
232073 402306 221346 718041 139078 271624 682903 834901 840602 669299 369355 784105 516665 689976 119547 713061 404523 670571 808009 568660 126261 227225 246298 153949 252334 327812 265005 834073 685202 615885 347951 815840 128706 938151 657520 591103 411044 449869 751344 443646 650332 815341 667995 552454 70385 999999999 964588 150518 568824 405521 422440 145221 381548 595758 93051 829089 442899 330839 579752 552105 273899 861139 280197 646951 173706 537749 682053 912618 113760 789314 805397 646758 131944 345720 505714 767437 269270 48095 311513 707356 485622 452683 516314 186554 833386 825717 607475 581973 226151 90960 329140 605489 244935 643128 492443 360576 414792 101812 202986 311212
957206 866652 908857 415840 961588 1219757 326322 211064 202242 517676 1088793 263420 592173 388922 877259 453223 613152 414281 239241 403851 847345 752242 719431 1030239 1131759 754792 1208683 240377 521516 669428 624098 592954 1052231 140541 370203 641626 751049 735962 339157 524575 724856 437112 934037 944512 925605 964588 999999999 1038853 859281 758724 620475 825250 908380 377104 872007 926148 1018843 1109821 533668 426134 841283 355011 798471 558804 1076992 512389 291688 94006 919384 413924 648726 546661 1027287 717220 914584 212335 1015418 917857 950108 416363 690866 647232 661736 799567 168588 181270 784859 818995 1161563 900693 1273668 958347 938714 324172 479382 935848 578703 1065018 1132907 1107976
137583 552822 161355 837419 78456 303346 734219 932113 892844 799060 499793 831198 648773 722185 166516 836848 527169 699530 856924 635145 256870 349057 331466 12625 349539 319522 304905 879808 686829 758525 451897 952910 234578 1030039 764179 731318 556888 595328 786355 537171 607632 939279 818375 702104 220224 150518 1038853 999999999 494990 551857 444479 227638 531509 662079 202525 979473 586740 452404 591608 648678 423338 976978 426080 780478 277822 658003 748444 997542 264271 910595 946253 779020 255364 484098 417244 832162 407628 167570 213366 730564 464708 588495 500048 241030 893737 884505 551543 731731 286174 237742 355879 755150 393280 727674 587477 509362 527752 123067 275704 430674
358072 868185 350147 877836 443721 797737 542128 858435 662343 898248 926605 597299 793506 470379 459579 898468 668764 445027 623056 532370 565961 575770 482170 482509 819426 282815 798230 630369 348887 943402 564824 1070489 695174 918595 765675 904045 805434 832400 524203 571148 162454 984009 1116873 1028961 603612 568824 859281 494990 999999999 805455 326442 481359 871697 547552 523241 1238115 968279 896129 329728 646137 737120 976394 709663 903655 741078 745609 603703 864140 641491 946729 1091057 895481 700616 708249 91088 658367 820900 538253 282866 446681 194982 768057 209997 434277 690693 678026 87421 995473 773856 599419 850862 1077262 769802 654352 603463 866909 632967 608192 757937 877805
581786 108998 544021 391304 510671 556509 595353 571187 718218 308821 336180 686867 172514 655410 420784 370446 177899 649699 701022 469596 300052 238062 324643 552421 429461 524377 541396 731905 732108 214661 256652 424021 407496 680103 389981 197747 8344 45482 695303 313361 807957 463167 311502 237764 335633 405521 758724 551857 805455 999999999 508570 364719 149722 487668 358663 444072 262019 368771 628597 355387 138277 532352 125778 274215 406835 246360 548566 679416 297120 448161 405280 278918 373209 97647 780404 620220 285809 385099 641517 693304 638498 111492 649630 395362 687830 686174 801345 193496 494274 315007 597331 279146 222242 460049 328469 179003 226298 489335 467095 373113
341797 589755 295984 555541 366453 693509 298919 565329 454414 571851 708777 390411 470973 277707 307295 574096 352415 255225 416848 232045 350135 309627 216754 433784 657889 135142 687386 437780 265544 622233 253668 744178 543600 643917 446842 582133 506812 527907 341945 244978 299467 663032 816761 743627 418433 422440 620475 444479 326442 508570 999999999 282207 604697 254471 337864 923731 714932 696412 157700 323604 474860 664055 437614 577500 583401 419350 331963 598636 439005 626404 764782 569171 533004 411840 339027 408199 605190 375955 329697 288108 136236 452914 141421 236143 462376 451799 300164 689552 647978 401760 751104 787453 537062 351224 277560 609559 312095 507215 623392 683443
218403 400860 179317 610770 162181 416024 538017 706920 696028 577491 449792 639045 430800 545281 63547 611672 303859 526300 663089 425802 84603 132755 106669 222525 376662 209338 408590 688979 547362 554306 224260 737291 261496 806964 536721 522786 367674 403070 606326 311799 535446 713847 663726 562080 137676 145221 825250 227638 481359 364719 282207 999999999 396672 452980 55694 808208 487557 426969 439870 422924 264505 749530 247030 562320 301330 432266 539616 777628 165743 684310 736221 559664 251339 279929 436210 624850 343556 97160 277373 563806 363145 376113 389917 50304 690019 682049 503421 556838 367269 124771 473347 613201 288507 507151 361914 388038 300735 241344 341922 411412
595669 46903 567529 535261 510757 457721 732753 720128 862326 445882 191597 827524 320638 785583 438248 511162 314330 777186 843137 604736 315017 299875 396327 535471 318795 589937 441690 873868 848142 323268 368909 533922 336440 828791 539660 320919 157534 178830 830088 444503 898575 597878 287753 171143 314272 381548 908380 531509 871697 149722 604697 396672 999999999 625010 369491 455145 117349 233487 740678 500442 134620 672729 167222 407358 320059 396062 691230 829050 268869 587036 502957 414287 302772 212320 832393 765636 170247 379052 666644 820714 724301 261182 741380 439553 833884 831652 881191 224346 398664 303014 489297 224102 141018 606356 467417 36065 360632 441163 375153 242827
581979 593074 533115 351191 584605 859469 107847 313987 250378 403577 780468 204708 367894 177694 502034 380226 311365 180848 223635 27191 485786 399604 349549 653312 787346 384192 849778 253302 295729 507187 276446 563603 694283 389464 234871 467202 482111 484521 208294 182918 457152 449930 753128 716649 564489 595758 377104 662079 547552 487668 254471 452980 625010 999999999 502711 815693 742303 788118 231719 149753 524382 430886 479998 425474 724403 285931 86773 345539 565819 412004 598554 413954 673136 413360 581053 171870 691286 548098 581159 221225 356284 389423 337567 423974 237846 230735 493201 621899 804326 540937 915262 748057 614166 107923 159230 643731 264384 694246 776429 781679
227828 379694 198117 637983 152079 361573 590476 745960 747903 596710 403665 691883 446251 600092 68919 635830 325813 581400 715589 475617 58739 146944 153258 200268 321703 259316 353742 741903 602908 559261 259196 750755 205802 848077 571226 530573 362769 400158 660743 352705 586004 738333 646052 538675 84148 93051 872007 202525 523241 358663 337864 55694 369491 502711 999999999 797513 451824 377016 495542 462314 243136 779339 234787 577975 245872 457841 589004 821224 118270 710524 745414 576497 196251 283579 471627 674387 297734 45881 297157 619178 415307 386502 443174 103718 740361 732730 550713 546483 311883 76186 418722 590846 249795 551278 402052 356543 330282 193106 286338 360503
1023774 427409 987476 519677 947889 897822 909899 716128 979192 428334 583862 974809 459090 992833 862338 481108 571552 996295 978373 808895 738913 681867 764508 982014 755453 961845 881645 1007277 1103381 309918 673829 340496 791148 798734 609999 350732 441880 409601 1011819 689395 1218618 492482 175377 298785 759280 829089 926148 979473 1238115 444072 923731 808208 455145 815693 797513 999999999 452410 644062 1013773 666376 557365 580984 563174 396138 771512 531879 840327 832213 715396 512387 282338 408648 757758 536223 1220285 881293 615713 817932 1085385 1036863 1059209 471186 1063778 839347 934417 938633 1223616 251446 843241 743227 919017 252289 595891 738316 676992 484544 612280 895768 822701 661840
