NAME : synthetic_000579
TYPE : CTSP-D
DIMENSION : 100
GROUPS : 8
RELAXATION_LEVEL : 1
EDGE_WEIGHT_TYPE : EXPLICIT
EDGE_WEIGHT_FORMAT : FULL_MATRIX
EDGE_WEIGHT_SECTION
999999999 963066 1087339 828439 589727 604848 533210 799820 604832 812201 82563 565218 749913 830618 949145 220336 924006 514722 1059734 503511 677871 969239 714677 876343 478302 827799 131866 701220 600621 534968 528902 556805 973122 775650 317538 382841 327975 847236 924812 172370 232405 625489 230053 680401 358740 1009473 947897 811892 349860 238115 739542 133716 196356 320704 893813 884473 559634 332758 980817 557590 823788 404180 569439 604540 865409 812031 801617 1053900 965188 888918 536623 755997 776751 333050 324714 699380 938665 263112 692374 621251 710631 514924 861176 530306 249608 706195 788210 259570 287066 43899 177049 751450 501697 652376 576948 684808 1079847 882959 536505 845407
963066 999999999 759147 138545 374381 601939 643898 879484 413315 773282 940567 855293 864555 282714 592047 792392 337362 689214 724697 493464 295193 507977 440837 834188 555323 269329 915127 376699 643875 952674 1117487 522555 279750 285377 745573 625814 647382 269316 112045 984852 825281 1055725 745273 685325 881072 97012 68980 663059 638730 860397 253708 855766 889628 802605 73904 417247 415862 979006 138374 595168 192991 576367 845147 1048895 785919 436040 521013 620735 409779 315625 988629 219669 283108 777201 686771 704348 260601 1024440 283486 357857 778268 994028 581718 460897 732883 279138 819322 908425 683967 966932 942940 212602 987047 769678 411533 299202 773230 856741 443033 864169
1087339 759147 999999999 771565 747896 489843 556478 388005 927328 303732 1015827 581615 422080 510888 184119 869721 423315 572693 36617 685483 813502 251984 459760 279314 993591 526503 966387 529621 487511 677388 844784 1027486 482183 550740 770639 989737 942607 515003 649269 983576 1114970 701224 887380 408578 770591 853824 820995 275453 785086 859473 638885 1065535 904728 1156138 722298 357669 852337 859104 895949 541720 617636 923472 571863 710881 256816 381806 330289 142910 349438 452041 707118 677025 931537 1138917 1017807 392626 498559 952657 818951 845017 406171 729435 249733 901728 997455 839443 354226 864750 856044 1119683 948329 759972 733763 458216 671396 658634 21953 291405 871523 333060
828439 138545 771565 999999999 244202 523348 552921 827839 278176 730627 809451 770003 805927 261714 592185 665746 355369 596735 735420 376484 156648 522039 382534 798654 418166 246047 786513 306333 565611 860446 1016774 390488 325695 234718 627095 487284 509864 256564 161563 858729 686745 969246 614698 622185 770907 186672 123157 626861 513183 738629 165753 718676 765071 664836 85722 414376 277445 865160 179207 506318 154130 438181 760695 960332 752105 408877 488741 642857 434101 321239 895159 121035 176255 639498 548236 644297 294041 903752 145092 219351 717592 897884 561425 322478 595293 142563 769615 789102 553309 830866 817468 77627 889717 699647 296603 193398 782420 820583 304522 821061
589727 374381 747896 244202 999999999 357813 359969 686914 183833 612083 566382 574535 654024 294688 565609 421634 408767 397734 711797 148273 121069 530296 289801 687914 256677 284934 542411 218903 395863 651417 793631 279770 428320 234872 388197 288261 285668 305448 339582 614616 474852 766253 371210 475533 539319 430409 367067 530049 269671 496400 165151 488443 521416 474612 304160 416673 104610 628704 413889 322194 246961 225522 566971 754475 647789 369458 420431 648317 476436 367602 683555 169447 267787 451223 340611 501313 390672 661706 136199 109881 567539 682455 502634 156382 369796 159744 635611 548347 309832 595823 573497 166758 672797 534048 90792 113814 752213 707314 126178 695496
604848 601939 489843 523348 357813 999999999 74689 329689 534799 267329 539166 254110 296317 342169 344498 384739 384503 111203 459585 234733 468381 374503 172340 344392 552365 349847 492359 225241 42337 356274 531155 607381 457258 318639 287932 524782 466059 360497 507668 526007 627988 454225 397630 120684 339908 689941 631504 219124 297741 391765 358858 575710 436001 675945 531922 314531 446037 443204 699705 52989 409221 463011 243662 448323 311946 241815 203297 449516 396410 364078 393159 402540 615828 661043 541995 147116 434476 520814 480942 467538 209832 402390 256356 481740 511947 505707 280994 412933 367493 634351 485972 466300 397676 179014 267147 334031 485334 361196 454926 343009
533210 643898 556478 552921 359969 74689 999999999 349332 525895 309541 465894 218041 308423 398819 417623 313883 452013 45610 527595 219701 477609 449168 233868 384615 523901 404609 418563 271745 69905 309050 476025 586164 521898 367344 215686 484904 419663 417464 556364 451318 570137 416348 332881 161309 268695 727624 667066 281966 243446 317192 393340 511035 361554 624094 571761 386244 436150 372522 731703 49243 453717 427315 209404 407536 358929 312646 277969 522812 468609 428586 344779 434417 626044 611010 494828 185829 496712 447519 491475 466807 230684 350417 329222 464750 456728 516084 309869 338556 309399 563977 411313 489170 343952 184065 273047 359718 550529 398574 440511 373445
799820 879484 388005 827839 686914 329689 349332 999999999 864390 116049 719549 236816 49920 597390 377129 605432 580671 332605 380305 561585 794075 465497 445628 108869 873021 610276 668816 521926 294726 307574 461204 933243 660963 599313 511780 832563 763900 612174 772192 662364 895207 313767 649239 211855 446062 974350 922179 226945 584376 561770 662927 818203 603955 959427 817422 489851 775406 513466 995400 371950 691469 776387 231218 324518 138659 447738 363541 452107 545999 582282 331491 708164 939567 949092 837496 186858 654301 610531 805764 796774 120386 355748 327266 809300 789679 830359 60650 547491 642368 839085 635315 781047 362696 167123 596123 650085 370175 100833 783300 56686
604832 413315 927328 278176 183833 534799 525895 864390 999999999 794114 606622 731143 828978 446926 743849 494454 561397 558258 890969 306217 134504 700609 472186 870365 144777 434019 597402 397997 570401 795086 917489 115752 562051 391757 496036 229091 277650 452852 428097 677494 426926 912731 427388 654478 656756 429489 375050 713842 366403 583275 305715 480063 595907 392373 362495 585494 89746 731554 388995 494136 367397 201864 724944 898694 830950 546183 602468 821221 635477 520564 823883 283688 172695 366813 291959 680618 525121 742759 139368 83620 744220 818726 684574 79444 356343 135789 815081 639999 372166 597425 641168 221493 807614 706554 272065 271824 932612 889399 90507 875958
812201 773282 303732 730627 612083 267329 309541 116049 794114 999999999 735734 278847 128897 490570 263306 603322 466657 308164 288275 501044 711579 349903 349149 77119 819583 504161 685128 428266 243031 373892 544540 872842 546663 498138 504763 790492 728283 504385 664293 692395 877669 407765 635620 149336 475761 869120 819106 112687 552981 576659 568016 811484 621226 933589 713847 375729 707144 558892 893380 317416 588746 729780 269530 414797 53297 338174 253121 345010 430081 470330 404388 613085 853513 920529 803794 123845 541470 654002 722078 721341 105184 426225 211398 746171 765757 746231 59667 573855 617926 848337 660109 689545 430223 161764 522202 561475 289526 95285 718406 91013
82563 940567 1015827 809451 566382 539166 465894 719549 606622 735734 999999999 484141 669629 787122 883453 162114 874817 443649 989222 463712 664493 908876 660508 798289 492182 785661 50846 654664 531430 452417 452509 573793 928486 734603 251729 397336 330637 804415 893617 99239 282519 543954 195323 607590 276708 993820 931154 740753 308769 159229 706784 175449 115652 372289 869345 829422 550880 252220 969758 494374 790016 405090 488696 523067 789022 755979 739343 988589 911186 841480 454413 727556 775329 380210 345988 625468 895273 190803 679618 611851 633121 432952 795094 528887 264943 695764 709721 177057 256600 125553 95445 731849 419666 574974 541551 652906 1007541 804233 530420 766025
565218 855293 581615 770003 574535 254110 218041 236816 731143 278847 484141 999999999 187171 594540 503356 381864 623139 177003 563461 429126 693798 567721 424050 326453 706339 602984 433626 478869 213158 109455 290787 777170 700319 572736 297035 648733 573046 612583 761752 425693 679384 200443 435274 210882 209303 941813 882240 332316 396867 328039 608383 594116 368889 751168 784495 542020 642175 281566 948323 263686 662933 601926 11539 194249 329636 476339 411658 601428 618067 608789 146045 650578 841947 744126 641557 210696 681340 377886 707992 678656 175555 161518 423588 663550 582844 732452 237617 310784 441520 605436 398599 707162 161384 129112 489854 577193 568129 328119 642483 286864
749913 864555 422080 805927 654024 296317 308423 49920 828978 128897 669629 187171 999999999 584338 391072 556303 577261 288311 411022 524260 764051 474718 426019 147591 832152 596465 618896 499638 258706 262407 422893 894266 657793 581426 463325 788952 719089 599996 759342 612841 847239 280722 601184 184091 396314 958246 904329 229094 539347 511874 640303 769195 554034 912525 800333 487255 739569 465176 976496 334941 674227 734003 181378 289210 166154 438879 356863 473745 548994 575331 288480 685391 910783 902637 792139 161707 648335 562176 776261 763625 88535 312114 331627 771561 742746 800976 70127 497707 595871 789220 585528 755769 318232 124385 563435 623882 405483 144513 746248 101289
830618 282714 510888 261714 294688 342169 398819 597390 446926 490570 787122 594540 584338 999999999 330499 626120 115163 443895 474554 327397 318398 264566 170491 552272 549429 15671 750589 135097 381683 698393 872545 558963 142766 60181 553656 580958 566045 18689 175037 806884 757685 792941 600572 409002 660270 378715 330995 380646 481012 672182 141235 752162 709749 766607 225887 153220 391638 763456 406403 350125 107718 515882 583674 788499 504243 154152 238674 386784 188849 73944 735312 170818 422074 743910 629256 426059 108197 826237 320298 363838 499482 744363 304008 446206 644711 337639 537055 710306 545020 846501 764122 252177 739286 496488 261019 182048 521156 574753 417158 581469
949145 592047 184119 592185 565609 344498 417623 377129 743849 263306 883453 503356 391072 330499 999999999 728870 255454 444148 147541 513281 629391 95542 280322 288760 814368 346170 836153 346807 354439 610229 789413 845378 325704 367431 632428 816007 774001 336390 480308 865015 952933 663774 736509 298679 663369 688479 650363 171899 626819 733428 455187 912687 778257 987815 548588 178375 670199 760985 726059 392002 438081 749100 492182 668227 243666 197842 155924 105236 192847 277772 644700 494023 748839 969332 848079 293324 334113 848358 634912 661293 338101 663341 88463 720445 834559 655540 322945 748500 698720 977836 826450 577027 664403 374422 491901 474577 191882 309888 690158 336389
220336 792392 869721 665746 421634 384739 313883 605432 494454 603322 162114 381864 556303 626120 728870 999999999 712724 298853 841333 305992 529317 749742 498709 671540 406602 625120 125151 493039 382237 385439 450457 488805 767017 574610 99441 321852 242601 643602 738656 192985 299321 496107 72781 465475 205077 852039 788698 594449 153761 93019 551712 213022 102172 376824 719853 667923 425060 247189 833259 337259 633773 303923 383203 477068 655992 594730 581492 833579 749475 679550 400297 575701 653825 373768 291107 486041 734161 248463 544910 483127 505619 385141 640982 415029 216972 563672 585698 150185 122313 250105 152111 588388 371799 447796 386012 498898 863019 680474 409334 645959
924006 337362 423315 355369 408767 384503 452013 580671 561397 466657 874817 623139 577261 115163 255454 712724 999999999 494297 388265 425797 431364 171357 220546 516746 664259 127401 835114 223772 418143 731318 910754 673926 80532 174009 632182 693277 674314 108781 226345 885250 865480 814405 694706 419833 720408 433382 397820 354094 574792 748974 255791 853643 789216 878185 299440 90929 506706 824326 473029 406718 206254 627505 611743 812901 468168 146806 221139 288893 78812 41283 768375 281554 525184 855903 739754 430795 78999 895201 432220 478567 499708 780746 259009 561230 750658 448121 520339 781625 642160 942862 842919 359779 777520 510045 367522 296917 436589 539317 532066 554468
514722 689214 572693 596735 397734 111203 45610 332605 558258 308164 443649 177003 288311 443895 444148 298853 494297 999999999 545622 253569 516801 482501 277735 380248 546544 449898 394817 317345 89771 264199 430421 612368 565371 412939 199419 500648 431296 462517 601974 420941 570248 373120 327459 166628 228778 772468 711677 297315 251868 289878 438161 503801 334975 629513 616934 425727 468731 332000 775717 94848 499260 446449 169241 363650 359826 352844 311759 549266 507598 472027 299669 478817 664986 618061 505067 187766 540860 410658 530991 502754 218587 304926 355839 493898 460334 555450 299715 305320 312268 547842 382343 531827 298371 165528 312919 403365 565145 392039 471069 362824
1059734 724697 36617 735420 711797 459585 527595 380305 890969 288275 989222 563461 411022 474554 147541 841333 388265 545622 999999999 651240 776907 216933 424078 272961 958160 490180 940106 493378 459213 661884 832257 991454 448722 514146 742537 955383 909203 478860 614455 959493 1082902 691510 857193 383319 748084 819706 786074 248574 753429 833766 602272 1035165 879034 1122887 686888 321340 816283 838546 861176 510981 581430 888971 553380 700214 244870 345292 295077 113673 315323 416323 692661 640461 895012 1105416 984229 368884 464111 931177 782339 808590 387991 714393 215275 865861 965153 802826 341838 840852 824645 1091426 923566 723416 718126 437959 635828 622095 48693 287403 835635 327048
503511 493464 685483 376484 148273 234733 219701 561585 306217 501044 463712 429126 524260 327397 513281 305992 425797 253569 651240 999999999 269328 503069 238123 578154 319376 324293 431062 202305 266878 503316 646548 372686 470109 272200 252176 304288 261830 343802 433093 495242 447348 618592 273626 355382 395225 562141 498772 436722 155095 367377 246500 427907 398659 475111 419829 401208 216472 488693 553048 189659 327838 238401 422112 606519 543182 335847 357776 609214 476509 388592 535303 274047 415526 456170 334997 381826 435274 530993 284369 249533 441206 534230 435966 247724 329722 308016 515269 414995 217667 519173 452728 302588 524651 401009 81969 195214 685735 595530 221989 577634
677871 295193 813502 156648 121069 468381 477609 794075 134504 711579 664493 693798 764051 318398 629391 529317 431364 516801 776907 269328 999999999 578186 371062 785611 265049 304644 645659 291997 508242 772285 914237 250221 428147 266752 504999 330693 355181 322591 295770 721201 530102 886779 472167 582282 658743 331666 270703 620787 381685 609127 178180 564367 630829 509702 235918 463216 121201 745985 305360 437322 233436 282261 685938 875219 742879 432198 497453 700059 507160 391104 804561 150712 148464 484516 391594 607281 391458 774025 15718 63054 676350 803523 578171 166313 440303 38766 740285 662715 411426 678028 681276 89037 793852 646806 204631 156406 820551 806032 147949 798073
969239 507977 251984 522039 530296 374503 449168 465497 700609 349903 908876 567721 474718 264566 95542 749742 171357 482501 216933 503069 578186 999999999 265205 382193 785335 279846 863797 314933 394068 676643 857649 807720 234666 311462 657419 797965 764426 266333 397530 900449 949890 739887 748139 357327 709115 603350 569144 247232 632766 765697 400275 920009 809486 976455 470398 115188 634033 810131 644253 415005 369021 730715 556263 742599 335889 167511 171207 122311 100338 201034 712345 434559 686548 956340 836013 357881 247537 892803 581719 617039 412854 729195 146148 686677 831733 600433 408858 787134 704312 994597 860173 516601 728895 441226 467087 428801 265337 403738 656461 428020
714677 440837 459760 382534 289801 172340 233868 445628 472186 349149 660508 424050 426019 170491 280322 498709 220546 277735 424078 238123 371062 265205 999999999 419692 534304 179241 618841 80060 211256 528187 703456 568441 288095 155854 413920 537136 499852 188594 340423 666008 684686 622668 488706 244668 500974 533055 478353 250867 370856 529580 218886 657102 570615 712662 374728 169845 393607 604879 550556 187062 248811 469993 413194 618046 374869 99082 130653 372217 250793 194850 565163 264006 507541 693132 572293 264622 263158 674665 379813 392158 338575 574716 212851 442131 566549 403091 387111 561169 441628 737033 623915 340869 570000 329217 211825 216052 463132 441064 411991 439046
876343 834188 279314 798654 687914 344392 384615 108869 870365 77119 798289 326453 147591 552272 288760 671540 516746 380248 272961 578154 785611 382193 419692 999999999 896689 566489 747476 499487 319211 409623 568994 949853 595221 564663 573947 866993 804022 564910 723748 749192 950492 422597 707048 225720 531621 930709 882776 172233 627786 639099 637888 881578 682972 1008089 777437 426560 783696 607798 957706 394209 653585 806587 318694 433072 48651 398261 313653 352048 471292 525092 436069 682684 926221 995466 879367 199795 593880 704314 795761 796902 166122 459679 257745 823094 839695 819737 89330 631741 691664 913648 719023 760556 465633 224312 598335 634031 261323 22645 795233 54089
478302 555323 993591 418166 256677 552365 523901 873021 144777 819583 492182 706339 832152 549429 814368 406602 664259 546544 958160 319376 265049 785335 534304 896689 999999999 538626 491696 471089 580934 752443 851598 82768 677324 490297 434862 95628 165995 558785 559880 573363 284615 870242 334375 672310 593502 574266 519480 755072 312401 499430 412840 348083 502675 247911 500365 672598 158748 653124 533089 503947 486200 106948 702195 853925 862467 621654 663336 901595 733032 622989 776720 401829 312974 222382 155114 698710 639666 648090 274138 202839 753492 767422 744646 104188 229579 276187 830436 556747 290787 465661 541388 353980 755141 707776 322500 367389 995965 913527 132333 893529
827799 269329 526503 246047 284934 349847 404609 610276 434019 504161 785661 602984 596465 15671 346170 625120 127401 449898 490180 324293 304644 279846 179241 566489 538626 999999999 749854 137194 389895 706099 879328 546583 147513 53019 554494 572111 559069 20671 163064 807331 750729 801888 597849 419970 664161 364960 316443 394670 478625 673120 128392 747272 710106 758046 211207 168841 380457 767060 391714 355668 92082 507464 592206 797110 518558 168675 252836 402003 202553 86596 742941 156230 406717 735147 621285 437543 111382 828396 306186 351168 511152 751552 319136 435106 638506 323170 550044 712204 541612 842929 764536 237144 746240 506874 255508 171589 536810 588937 406296 595116
131866 915127 966387 786513 542411 492359 418563 668816 597402 685128 50846 433626 618896 750589 836153 125151 835114 394817 940106 431062 645659 863797 618841 747476 491696 749854 999999999 616974 483166 404693 416220 574251 890997 699561 206556 398876 326626 768187 863437 81696 308509 499483 173603 557945 226914 972145 909048 691554 277802 108496 676447 202209 64863 397108 843022 786917 535802 211169 950835 448830 758757 398101 438061 478762 738422 713137 693647 941361 869046 802742 408376 699565 762966 402150 352930 575485 858505 164726 661050 595803 582374 387657 747719 518519 271238 678473 658885 128797 234279 173508 57273 708934 374234 524250 510743 623339 957867 753389 517189 715191
701220 376699 529621 306333 218903 225241 271745 521926 397997 428266 654664 478869 499638 135097 346807 493039 223772 317345 493378 202305 291997 314933 80060 499487 471089 137194 616974 999999999 267206 578163 747767 498644 274029 95614 418686 484256 456434 153414 284756 672062 646065 679229 471499 316111 527406 465416 408123 330919 351526 537154 141005 630197 575007 665398 307058 204976 323513 630081 478336 222502 184067 417147 468614 672798 454873 150838 205988 430565 275814 187705 614575 186239 427483 644398 525328 337976 241954 691357 300312 316435 411379 621552 287528 374455 529749 323378 464285 575303 418409 719316 629328 261292 615468 395996 152747 136270 534627 520741 344135 517664
600621 643875 487511 565611 395863 42337 69905 294726 570401 243031 531430 213158 258706 381683 354439 382237 418143 89771 459213 266878 508242 394068 211256 319211 580934 389895 483166 267206 999999999 317086 493893 638976 492717 360066 283324 547840 485324 399843 548770 510710 639479 412824 402779 93712 315195 732153 673807 212488 311429 379189 401191 580910 424162 691964 574061 343878 481123 417040 742040 77377 451048 488051 202498 407386 291033 273046 224212 459596 424485 399967 354117 444838 656071 678280 560926 119416 471385 498765 521063 505222 174340 364433 266092 514602 525404 545840 249522 394920 378561 632275 472011 508090 360372 138574 305601 375913 481154 334440 488592 312613
534968 952674 677388 860446 651417 356274 309050 307574 795086 373892 452417 109455 262407 698393 610229 385439 731318 264199 661884 503316 772285 676643 528187 409623 752443 706099 404693 578163 317086 999999999 181348 828172 807875 673167 320995 684360 605393 716666 862606 376871 683119 118137 449951 320233 183333 1036629 975874 438508 440346 310849 702323 587949 343494 762261 880749 651065 708234 215501 1039563 357527 761615 645757 120993 103685 421347 584613 521050 706475 727452 715828 37105 742975 918822 758826 667361 318994 787911 311093 787097 750512 275973 53179 531971 722831 599744 811039 324855 275897 470499 577740 359129 794079 56393 236161 571800 667056 662439 406725 704851 362979
528902 1117487 844784 1016774 793631 531155 476025 461204 917489 544540 452509 290787 422893 872545 789413 450457 910754 430421 832257 646548 914237 857649 703456 568994 851598 879328 416220 747767 493893 181348 999999999 932072 986418 843355 421912 771301 691414 891030 1032354 356533 722897 154968 522830 501569 260845 1197604 1135583 617514 551359 358844 864499 617906 371635 809811 1044466 831699 835437 208053 1195673 525267 929128 745606 302323 139242 588145 764323 702221 883646 908585 893833 145304 902860 1056578 812046 741055 499800 965202 266843 929616 884287 452406 130114 712592 840757 664111 952526 490743 304698 560815 572572 359817 946531 133539 416600 721869 824729 828370 561950 827335 517874
556805 522555 1027486 390488 279770 607381 586164 933243 115752 872842 573793 777170 894266 558963 845378 488805 673926 612368 991454 372686 250221 807720 568441 949853 82768 546583 574251 498644 638976 828172 932072 999999999 677156 502302 513266 176459 248761 565837 543238 655936 352038 946230 416785 728053 673013 528641 478672 801010 387984 581489 418240 424909 585350 300311 475686 693086 175189 734913 481976 561599 482662 186494 772402 930402 913259 648993 699014 927003 746708 632855 853553 398597 258054 275213 232098 754492 640069 730850 254939 195756 813016 845122 781136 127660 309876 249527 887898 638855 371663 541757 624138 337022 833053 770084 359286 380191 1031473 967676 157087 950320
973122 279750 482183 325695 428320 457258 521898 660963 562051 546663 928486 700319 657793 142766 325704 767017 80532 565371 448722 470109 428147 234666 288095 595221 677324 147513 890997 274029 492717 807875 986418 677156 999999999 200529 691496 716532 706108 127165 175559 945096 897722 893116 743070 499046 788806 372475 345042 434224 623364 809527 264916 894622 848277 902826 256219 171116 518589 892650 418000 475059 194716 652797 688994 891169 546761 225023 301535 341917 134341 93344 844974 278575 501251 879535 767196 510651 37721 960072 426062 481990 580000 856634 337805 573157 785936 438218 600696 845154 687757 989250 902456 347246 852965 589232 402984 314570 497414 617722 545485 633975
775650 285377 550740 234718 234872 318639 367344 599313 391757 498138 734603 572736 581426 60181 367431 574610 174009 412939 514146 272200 266752 311462 155854 564663 490297 53019 699561 95614 360066 673167 843355 502302 200529 999999999 506420 520786 506353 73460 189443 758460 698015 772826 545825 400517 621430 377204 323048 392589 426918 625052 88901 694298 661180 706428 218952 196649 333076 723575 396114 318102 92957 455708 562298 766905 517778 175786 254052 433463 244441 132779 709688 126737 381613 683731 569158 420307 164306 782135 270357 308242 494284 716959 328143 387480 585556 289618 539970 665610 489185 790360 715649 209708 710974 484305 202498 123138 559310 586744 358174 588983
317538 745573 770639 627095 388197 287932 215686 511780 496036 504763 251729 297035 463325 553656 632428 99441 632182 199419 742537 252176 504999 657419 413920 573947 434862 554494 206556 418686 283324 320995 421912 513266 691496 506420 999999999 363453 284402 571780 680950 253602 384472 437542 138744 366046 161097 813416 749930 495269 129634 118650 496302 307827 157052 454182 671865 581004 415969 240993 801367 242666 574619 327934 296649 420407 557245 507053 487635 737435 663343 601392 342854 526010 641340 447176 347990 386747 660490 279200 520691 468099 408456 332666 544226 418895 285922 542029 489078 162859 149545 349048 211006 551604 320304 351085 334047 446780 763753 583565 406236 550181
382841 625814 989737 487284 288261 524782 484904 832563 229091 790492 397336 648733 788952 580958 816007 321852 693277 500648 955383 304288 330693 797965 537136 866993 95628 572111 398876 484256 547840 684360 771301 176459 716532 520786 363453 999999999 80067 592739 616851 480554 200187 800958 249076 641284 517153 653980 596418 737477 252396 414775 452982 253522 414027 186368 565313 689197 211393 568980 616783 473319 532706 67261 645839 783635 836614 630979 661221 909230 756506 652547 706009 450795 401387 163058 62918 667231 678906 557783 342436 267970 715338 694724 740131 165364 133959 349550 794760 471570 214371 371244 450057 416755 681995 665556 331513 401963 990003 882203 183538 858329
327975 647382 942607 509864 285668 466059 419663 763900 277650 728283 330637 573046 719089 566045 774001 242601 674314 431296 909203 261830 355181 764426 499852 804022 165995 559069 326626 456434 485324 605393 691414 248761 706108 506353 284402 80067 999999999 579685 624531 408150 191663 721645 169868 579026 437128 686064 625785 682806 179774 335617 448946 209199 336905 213866 581931 660063 234589 489782 654517 413486 532148 76210 570646 704159 776059 596970 618129 870926 732098 634655 626514 454769 448929 196379 75956 604477 669037 482098 368905 295880 648455 614950 694393 202332 85516 380762 728791 392648 134926 323965 375506 434900 602173 596813 306818 395004 941414 818234 209904 792323
847236 269316 515003 256564 305448 360497 417464 612174 452852 504385 804415 612583 599996 18689 336390 643602 108781 462517 478860 343802 322591 266333 188594 564910 558785 20671 768187 153414 399843 716666 891030 565837 127165 73460 571780 592739 579685 999999999 160063 824905 771347 810763 617229 425738 678936 365814 319856 393777 497834 690341 147626 767477 727736 778695 215322 158108 400483 782103 395536 368792 102784 528125 601685 806460 516697 166725 251739 388067 185371 68833 753605 173070 420747 755780 641956 442376 91490 844689 323599 370252 515606 762767 314350 455155 659015 339923 551727 728702 561285 862686 782130 252632 757742 513590 275826 191981 525944 587451 426453 595153
924812 112045 649269 161563 339582 507668 556364 772192 428097 664293 893617 761752 759342 175037 480308 738656 226345 601974 614455 433093 295770 397530 340423 723748 559880 163064 863437 284756 548770 862606 1032354 543238 175559 189443 680950 616851 624531 160063 999999999 928245 811237 961578 699439 582884 805773 208989 171812 553283 585794 798533 187000 827852 831448 800742 82262 305204 406613 906554 246723 507134 106460 559766 751216 955986 675344 326249 411369 512397 300630 203581 899131 170175 336715 776003 674248 600606 151492 959646 288895 357085 674208 906304 470152 458080 709164 294199 711770 842883 639306 933549 885656 206959 900206 669284 352693 240755 662857 746343 434713 754966
172370 984852 983576 858729 614616 526007 451318 662364 677494 692395 99239 425693 612841 806884 865015 192985 885250 420941 959493 495242 721201 900449 666008 749192 573363 807331 81696 672062 510710 376871 356533 655936 945096 758460 253602 480554 408150 824905 928245 999999999 380970 458250 251233 576354 217574 1045015 981682 711788 346185 136447 741734 273749 97281 470574 912063 831045 613731 165068 1025736 487491 822592 479077 432046 437174 745417 756840 729272 970051 913682 854902 373390 767357 841695 477536 433996 590981 913965 91822 736720 673084 587609 350272 776763 598378 352257 754872 659869 118903 310413 216080 42811 781372 337522 530706 576434 689759 973418 752694 595992 712265
232405 825281 1114970 686745 474852 627988 570137 895207 426926 877669 282519 679384 847239 757685 952933 299321 865480 570248 1082902 447348 530102 949890 684686 950492 284615 750729 308509 646065 639479 683119 722897 352038 897722 698015 384472 200187 191663 771347 811237 380970 999999999 790317 246067 731217 500398 853991 796603 847103 330362 375095 639317 107222 352574 89823 763395 848258 409675 515359 815784 575149 721812 251517 679908 770521 928336 783020 797312 1052545 921870 826016 695243 642617 597453 100670 138510 754996 860604 471123 542212 467693 787568 677978 870219 365497 118454 549727 868807 421967 260986 204306 365774 614917 664432 731671 497989 585831 1111949 962062 382279 931145
625489 1055725 701224 969246 766253 454225 416348 313767 912731 407765 543954 200443 280722 792941 663774 496107 814405 373120 691510 618592 886779 739887 622668 422597 870242 801888 499483 679229 412824 118137 154968 946230 893116 772826 437542 800958 721645 810763 961578 458250 790317 999999999 563113 394851 291118 1142142 1082376 493741 558330 415303 808465 691599 442532 871885 984921 729673 825543 293466 1147905 463236 863294 763471 210615 21091 446712 668109 596903 752149 801544 803092 95876 850329 1033982 869771 781998 386671 876291 379008 901396 866821 327105 112588 593760 840818 712301 925543 350588 372700 586732 669163 448596 904946 126157 304833 684670 776063 683765 413481 822592 369911
230053 745273 887380 614698 371210 397630 332881 649239 427388 635620 195323 435274 601184 600572 736509 72781 694706 327459 857193 273626 472167 748139 488706 707048 334375 597849 173603 471499 402779 449951 522830 416785 743070 545825 138744 249076 169868 617229 699439 251233 246067 563113 999999999 491789 273448 799690 736794 614353 119973 165766 512965 178276 169676 316073 674028 658416 362607 319960 777439 346464 596712 232987 435196 544587 687192 587129 584394 839798 738139 659195 467261 532562 590465 310239 220068 514447 708639 316475 487525 422322 542897 453414 650164 348027 149891 504870 624011 222789 61398 248646 213842 537072 440246 486429 348642 458705 882379 717832 344797 685949
680401 685325 408578 622185 475533 120684 161309 211855 654478 149336 607590 210882 184091 409002 298679 465475 419833 166628 383319 355382 582282 357327 244668 225720 672310 419970 557945 316111 93712 320233 501569 728053 499046 400517 366046 641284 579026 425738 582884 576354 731217 394851 491789 999999999 367556 777705 722523 135567 404507 450895 456473 669210 496151 785172 619313 334929 566085 462989 793930 168722 493472 580978 199368 394206 197684 274173 202587 400954 408556 410483 356474 501495 728123 771736 654603 26448 484036 552232 594073 585413 95563 372364 214933 602391 618035 618703 160630 457904 470649 714170 540247 571736 371695 90213 384760 439980 399952 241500 575457 222334
358740 881072 770591 770907 539319 339908 268695 446062 656756 475761 276708 209303 396314 660270 663369 205077 720408 228778 748084 395225 658743 709115 500974 531621 593502 664161 226914 527406 315195 183333 260845 673013 788806 621430 161097 517153 437128 678936 805773 217574 500398 291118 273448 367556 999999999 955300 892277 502774 290520 127713 627722 404624 163239 580924 807228 654284 575427 103926 948207 313934 699835 486892 215032 271994 528584 581052 539343 767244 736307 695736 195415 662374 798599 578654 493374 379437 762022 184998 674306 625677 370713 180163 576435 579912 421719 696560 442296 101502 303658 400240 189300 697776 166897 314465 474320 582887 759498 535217 566710 495075
1009473 97012 853824 186672 430409 689941 727624 974350 429489 869120 993820 941813 958246 378715 688479 852039 433382 772468 819706 562141 331666 603350 533055 930709 574266 364960 972145 465416 732153 1036629 1197604 528641 372475 377204 813416 653980 686064 365814 208989 1045015 853991 1142142 799690 777705 955300 999999999 63531 759329 699749 925293 334308 895180 951632 821580 158558 514174 451478 1050716 61671 679545 284248 611839 931947 1134500 882510 532461 617307 714350 504424 412526 1072098 294745 272678 796014 716504 797421 355822 1090394 317408 390288 871399 1076284 678687 489362 770690 305769 914373 975613 738381 1009509 1003890 263679 1068726 860674 481367 373260 868321 953239 476640 960075
947897 68980 820995 123157 367067 631504 667066 922179 375050 819106 931154 882240 904329 330995 650363 788698 397820 711677 786074 498772 270703 569144 478353 882776 519480 316443 909048 408123 673807 975874 1135583 478672 345042 323048 749930 596418 625785 319856 171812 981682 796603 1082376 736794 722523 892277 63531 999999999 710749 636296 861766 273917 834984 888183 767341 105348 473432 391328 987408 75840 619321 230736 552190 872525 1074363 834945 485091 569167 684127 472425 372629 1011143 233067 228482 741791 658606 742967 323189 1026863 256894 330622 816900 1014918 634206 431229 710737 246987 862608 912095 675449 948696 940501 200310 1007186 804079 418160 310896 834407 905178 417074 910116
811892 663059 275453 626861 530049 219124 281966 226945 713842 112687 740753 332316 229094 380646 171899 594449 354094 297315 248574 436722 620787 247232 250867 172233 755072 394670 691554 330919 212488 438508 617514 801010 434224 392589 495269 737477 682806 393777 553283 711788 847103 493741 614353 135567 502774 759329 710749 999999999 516860 585220 467344 792624 630487 894149 605401 263182 629948 596789 785575 272035 481361 673426 321280 497395 125245 227089 142047 269391 320332 357805 472833 511847 758398 878633 758725 124611 428790 687163 630085 637060 166883 491654 102574 673359 730999 653611 167121 593427 586482 844314 675372 590821 492966 203205 443111 466775 268670 194509 644309 202134
349860 638730 785086 513183 269671 297741 243446 584376 366403 552981 308769 396867 539347 481012 626819 153761 574792 251868 753429 155095 381685 632766 370856 627786 312401 478625 277802 351526 311429 440346 551359 387984 623364 426918 129634 252396 179774 497834 585794 346185 330362 558330 119973 404507 290520 699749 636296 516860 999999999 227509 398797 287330 251888 380674 566110 540130 287122 367732 683067 244838 481543 206242 393674 542419 602190 469726 472521 728602 619203 539223 465615 421987 513985 367682 253205 429264 589155 392644 397396 340920 469791 457695 542277 289407 214376 417627 550519 281226 71951 368200 304509 436120 445864 417376 233176 345540 781741 641165 276674 613930
238115 860397 859473 738629 496400 391765 317192 561770 583275 576659 159229 328039 511874 672182 733428 93019 748974 289878 833766 367377 609127 765697 529580 639099 499430 673120 108496 537154 379189 310849 358844 581489 809527 625052 118650 414775 335617 690341 798533 136447 375095 415303 165766 450895 127713 925293 861766 585220 227509 999999999 613111 277257 45269 457955 786951 694722 510337 154206 910211 351699 692347 396075 331807 395438 629954 620532 594690 838645 777337 718952 320558 641321 738856 457544 382248 467824 778827 165307 624831 566590 473894 302893 644985 504067 305596 644804 550620 57404 212177 277525 94779 662120 289343 415759 449300 562582 850570 645226 496431 607369
739542 253708 638885 165753 165151 358858 393340 662927 305715 568016 706784 608383 640303 141235 455187 551712 255791 438161 602272 246500 178180 400275 218886 637888 412840 128392 676447 141005 401191 702323 864499 418240 264916 88901 496302 452982 448946 147626 187000 741734 639317 808465 512965 456473 627722 334308 273917 467344 398797 613111 999999999 647016 645138 639335 180165 285545 254130 726456 340858 345428 84464 390672 598726 800473 592289 260605 333756 522338 329977 214866 737804 45244 295636 615696 505737 478742 227198 775465 181467 222777 551920 742203 411269 308807 531759 200832 605170 658879 453210 749832 699228 124466 734829 534174 165710 54948 647011 659475 280740 657903
133716 855766 1065535 718676 488443 575710 511035 818203 480063 811484 175449 594116 769195 752162 912687 213022 853643 503801 1035165 427907 564367 920009 657102 881578 348083 747272 202209 630197 580910 587949 617906 424909 894622 694298 307827 253522 209199 767477 827852 273749 107222 691599 178276 669210 404624 895180 834984 792624 287330 277257 647016 999999999 250115 196882 789224 825438 443744 411177 862738 524224 731329 283697 595828 671422 863522 756160 759271 1015234 903043 816033 597478 657685 652736 205143 193204 691399 858601 363996 578100 504913 716264 579013 827005 408789 124737 589675 796898 320109 215704 117726 259358 643165 565443 658899 491871 592157 1060635 891384 418693 857832
196356 889628 904728 765071 521416 436001 361554 603955 595907 621226 115652 368889 554034 709749 778257 102172 789216 334975 879034 398659 630829 809486 570615 682972 502675 710106 64863 575007 424162 343494 371635 585350 848277 661180 157052 414027 336905 727736 831448 97281 352574 442532 169676 496151 163239 951632 888183 630487 251888 45269 645138 250115 999999999 438465 816581 736822 527231 163582 934142 394934 725659 402605 373239 422127 674523 662704 638634 883487 819338 758398 349574 671501 755989 440413 375587 512994 816946 146941 646458 585234 518111 330044 689801 516463 295866 665484 594277 70045 224131 237198 54472 687985 316501 460068 480118 593518 895787 688707 511349 650388
320704 802605 1156138 664836 474612 675945 624094 959427 392373 933589 372289 751168 912525 766607 987815 376824 878185 629513 1122887 475111 509702 976455 712662 1008089 247911 758046 397108 665398 691964 762261 809811 300311 902826 706428 454182 186368 213866 778695 800742 470574 89823 871885 316073 785172 580924 821580 767341 894149 380674 457955 639335 196882 438465 999999999 745610 870133 394129 601882 778669 623014 718713 250759 750810 852439 982849 808953 831966 1084314 939706 837671 776320 636283 555954 25567 140443 809923 865218 560414 519986 446690 848084 760034 908195 343692 169779 523589 929226 507100 317358 289829 454366 597704 746547 793747 513335 588265 1154646 1020981 366030 992295
893813 73904 722298 85722 304160 531922 571761 817422 362495 713847 869345 784495 800333 225887 548588 719853 299440 616934 686888 419829 235918 470398 374728 777437 500365 211207 843022 307058 574061 880749 1044466 475686 256219 218952 671865 565313 581931 215322 82262 912063 763395 984921 674028 619313 807228 158558 105348 605401 566110 786951 180165 789224 816581 745610 999999999 370737 354015 905102 180519 523252 126116 512777 774497 977691 729629 379882 463845 588007 376315 271122 916536 145868 256591 720433 625097 639258 229124 950822 226228 298921 713234 921538 529538 402052 667397 226722 757714 834724 612847 898967 870037 148573 914387 702117 337870 225339 734897 799834 381779 804860
884473 417247 357669 414376 416673 314531 386244 489851 585494 375729 829422 542020 487255 153220 178375 667923 90929 425727 321340 401208 463216 115188 169845 426560 672598 168841 786917 204976 343878 651065 831699 693086 171116 196649 581004 689197 660063 158108 305204 831045 848258 729673 658416 334929 654284 514174 473432 263182 540130 694722 285545 825438 736822 870133 370737 999999999 519905 757717 549252 344703 260266 622113 530524 729102 377929 74219 133114 236848 82690 101666 687942 321036 574575 849289 729914 343971 167348 833544 467006 501907 411225 701601 168936 572947 730905 486088 429584 722665 610418 906834 789436 403613 699192 424840 357689 313727 368074 449169 542822 463643
