NAME : synthetic_000381
TYPE : CTSP-D
DIMENSION : 100
GROUPS : 8
RELAXATION_LEVEL : 1
EDGE_WEIGHT_TYPE : EXPLICIT
EDGE_WEIGHT_FORMAT : FULL_MATRIX
EDGE_WEIGHT_SECTION
999999999 893372 623036 175917 142698 396400 463010 741466 1027470 246616 269424 290498 680046 370068 653166 447047 433565 794453 565492 643864 421879 549466 485268 279805 968637 522653 899432 388762 1028305 770309 942448 474329 404707 424379 424397 806035 498181 581477 510874 852439 593810 878423 588059 358106 385116 460073 402720 414393 570085 817350 591988 549907 620386 937843 464401 739230 895982 315396 838018 449490 445339 342525 730615 122046 961354 327309 882757 326074 575635 348542 427035 675229 407820 301605 451860 930003 436536 327276 783206 357496 512936 481667 329354 691778 758057 685650 197100 640778 194967 1051884 611909 440974 794641 459614 440326 383227 614736 361109 971827 389638
893372 999999999 270430 725768 889243 890131 635993 202393 337526 795621 672203 618113 275151 796569 529929 528851 901076 304932 399025 309790 763275 374212 435703 933228 383327 742476 64214 577432 350958 543553 309378 455728 568653 721433 933446 87500 1014871 370892 813254 109075 721879 316090 738124 810968 872619 790138 815096 549441 487972 497564 401278 575479 396375 136147 608875 291777 251078 639092 151577 495229 459093 555275 533791 775881 171283 701536 25084 690568 322686 874553 921626 588023 620139 920741 753340 36838 766858 940565 122600 810631 688198 737634 971757 404022 317803 775106 860337 353475 756801 595030 554892 587535 308270 703787 877370 656407 791543 656627 586911 838707
623036 270430 999999999 457020 625218 660531 426962 167305 476046 542191 412625 350220 161703 565217 401409 291182 678045 290261 203814 148782 544088 138738 191263 682624 471794 541778 282951 334669 483128 471984 404295 214624 323113 494994 699087 183013 794299 167148 614244 242128 554451 362100 567416 570232 634882 571124 590235 303244 304364 460214 229080 387275 245852 335073 398624 231702 339908 380347 248548 248880 198595 287468 443906 505516 365636 452177 259993 446072 62859 630641 688552 464769 391235 673733 541943 306993 551215 696311 168280 576541 486628 525838 725863 306336 281160 632219 597720 213202 490910 648423 405098 358016 303651 486483 657367 423719 623893 417709 603750 603110
175917 725768 457020 999999999 180003 346527 316132 567009 888074 169089 106869 167261 504472 281491 491746 337027 381136 659407 389823 498904 315838 402640 309629 285060 794522 497418 728118 219390 890642 609816 804789 298412 303455 396137 480903 639036 477576 441992 415136 693224 467216 744215 465594 373620 424200 456874 318968 305576 464225 651795 417064 469648 445985 763938 310748 600266 752619 229908 663542 323702 271444 170652 569591 94022 786675 286614 716765 186994 415276 394494 478524 521598 252311 291776 340765 762575 331018 320423 612388 276797 469746 457356 338997 519327 582766 565060 264031 465177 177095 886851 453387 356366 619295 423492 376929 236787 503516 212133 809387 413719
142698 889243 625218 180003 999999999 255385 367565 716230 1067165 131104 219090 343408 647688 242024 567117 513050 292337 839250 522327 677811 299040 581588 457712 138496 906791 638483 885051 331331 1069992 680088 984232 441032 476386 537118 563755 804040 356301 621792 379463 865281 475858 924048 467669 485944 520291 583627 270670 480843 640363 734484 541756 637527 566356 913119 376294 779832 931163 394682 811378 502808 430167 338929 642006 200813 932234 431336 882411 237530 588832 484704 565505 578303 326408 159047 330107 926033 312578 185265 771516 226919 620433 597244 190381 627985 706351 561933 333610 594579 300005 965007 523001 524300 742754 569534 300923 294082 487554 277241 881487 520846
396400 890131 660531 346527 255385 999999999 259247 692697 1134977 177573 290706 499920 618397 95315 437112 659210 37231 926646 491197 759675 131639 670700 469372 137823 798394 843903 867786 326586 1141079 528365 1059098 446257 634261 742662 806539 814708 139093 719053 150849 897469 276991 1008186 262811 713236 756814 801861 76747 631374 780751 594376 493134 803069 505974 875146 284126 864230 997513 572291 776870 632842 469980 423234 497375 417421 884971 633135 890449 221183 647057 723395 806654 421269 271514 108929 152235 924940 133503 98960 767576 85383 814845 803884 125973 538798 633055 339890 576472 545637 516448 804164 392903 692427 665656 769715 49428 237126 261292 243495 717090 751625
463010 635993 426962 316132 367565 259247 999999999 435990 901776 237030 209839 395669 361808 172790 200654 513262 265950 710512 238425 548408 128508 472100 241497 338943 553640 749723 610352 134204 909432 312558 831257 218139 504195 657705 785884 564532 378888 522293 187412 653215 164418 787148 169194 666607 724691 731025 182565 493917 616052 367980 235603 662216 246856 615936 28362 648828 766627 475269 518043 474563 263004 270732 274491 410153 625843 556464 638154 136937 428412 699227 781654 212748 68835 317440 117721 669962 130933 329041 514051 190129 707709 714758 361698 283206 375277 263089 579109 287109 481872 597442 155865 565769 408862 674467 241605 80405 220750 104315 514170 707905
741466 202393 167305 567009 716230 692697 435990 999999999 510428 611715 497166 493096 74307 600496 332077 457186 701825 389768 203118 295976 564072 305985 259402 745398 305907 708950 175328 391180 521545 364146 459121 275199 486703 661252 862785 146837 814624 330398 611105 248389 520388 439074 536414 732773 797956 737921 616863 466935 467676 332708 200413 552579 193998 197379 409459 345178 392280 535525 96557 413507 296144 399398 346937 631958 219934 612331 208680 502233 229320 791544 852631 392569 425847 730668 552729 234829 566895 748741 86985 615415 653738 693101 780582 209154 140762 577737 745255 151170 634927 492301 354005 524627 150618 653599 677590 462852 590351 465931 457762 766983
1027470 337526 476046 888074 1067165 1134977 901776 510428 999999999 1004530 871098 737611 570473 1039792 839812 586864 1153613 233672 669042 389362 1020131 485579 666877 1145180 716086 690965 399334 808392 15369 871697 85560 690399 631634 717662 918596 363739 1269896 447368 1088413 262074 1017537 152428 1032095 823403 871323 762098 1065834 618167 480628 831145 684659 543381 690237 461545 873417 288699 137858 720639 486719 578202 666228 734593 856968 905761 491011 748772 318584 917174 489717 887217 905191 901659 867114 1139642 1017644 326782 1027213 1163972 424191 1050301 648259 705217 1191962 719400 644296 1084092 929949 648413 850273 928359 856273 616214 640582 686760 1133266 898965 1087955 891513 924164 836614
246616 795621 542191 169089 131104 177573 237030 611715 1004530 999999999 133749 327142 540164 125075 437254 491755 212714 785068 411442 618752 175298 524961 359967 140895 782176 666503 784715 220537 1009020 549332 924613 340071 463315 565157 635395 713321 309455 570519 266076 784284 349170 868836 342435 537272 583128 624508 160217 462298 616509 604695 426262 631807 448323 806135 247362 723425 866813 396716 704492 470086 343647 271850 511504 242659 822554 455628 791508 113272 515924 550786 634645 447210 201201 136355 205494 832002 189920 162828 674730 115096 638319 626394 188276 504569 587389 439309 407704 480144 339989 834317 392790 519708 623316 592534 210671 166518 368163 153014 750551 576247
269424 672203 412625 106869 219090 290706 209839 497166 871098 133749 999999999 214798 429098 207665 386667 368656 320404 651374 305580 485003 227468 391360 238749 274090 701409 569749 666278 119860 875461 504593 790946 221978 345359 471634 579870 587992 429171 437317 327239 654566 364749 735095 364534 465458 520476 539485 244178 341369 490238 548861 328004 513778 354776 694159 203880 589690 733461 292078 592465 342480 214551 138283 464493 200723 713720 364506 666421 88832 383265 493088 576447 414907 145447 269889 248102 708897 241968 295686 553346 209103 534847 531645 321966 423322 494224 463526 369294 379387 274563 783772 347376 404897 530864 494120 309795 131604 406115 106699 705052 506471
290498 618113 350220 167261 343408 499920 395669 493096 737611 327142 214798 999999999 445655 421822 523738 170003 531881 505259 362143 353543 440993 259989 269382 451767 763827 357209 633007 264921 738830 637158 652861 271416 136774 262334 407691 530842 635800 291013 539982 567042 559724 589670 562898 279801 342824 335502 458685 138330 297347 663208 397397 304725 428798 681217 379076 449069 605521 79779 586919 161580 217405 134326 597681 168471 709134 162149 604844 301360 295507 324508 400996 569283 327089 456905 459303 654010 455084 485259 517438 421803 320290 320528 505332 510073 548208 658705 252347 432506 141971 892407 495460 192706 582465 281454 523188 330297 609986 307124 824237 320543
680046 275151 161703 504472 647688 618397 361808 74307 570473 540164 429098 445655 999999999 526297 269586 433672 627580 427156 129639 307784 489808 294028 194844 672581 324632 693148 249502 319816 580690 319140 513032 207878 457717 636188 830564 211349 740554 328016 538199 309572 451313 485680 466889 699429 765026 714465 542557 438465 464318 300366 126352 544855 122580 266123 335190 375723 445787 496025 164368 387782 237371 340738 295954 574454 284623 576870 279507 429728 215225 755521 821157 332052 352037 657372 478723 308425 492733 675091 155225 541307 638763 673419 707030 154940 120396 513691 697553 79557 586025 488713 286742 502123 146820 632576 603413 389139 521621 392885 442077 735606
370068 796569 565217 281491 242024 95315 172790 600496 1039792 125075 207665 421822 526297 999999999 364178 574879 116713 832576 398103 665782 60159 577897 374059 172493 723357 773570 775794 231456 1045967 465615 964171 350961 552923 673728 757582 720296 231694 626693 141102 802343 236472 913748 226879 654878 703554 737521 37547 548437 693825 527832 402071 721109 416842 785755 195072 770139 902387 497569 686479 545887 375329 333848 431189 363878 797035 564842 796386 129402 552288 672211 756288 358988 176835 147936 90865 831633 71796 156721 673970 18550 740897 734513 189322 455899 547910 319923 531521 455291 457711 748035 318886 612562 581640 698364 102599 141915 245924 148501 661967 694686
653166 529929 401409 491746 567117 437112 200654 332077 839812 437254 386667 523738 269586 364178 999999999 593261 432521 688080 205674 547451 309006 499242 278099 535475 361283 851933 488322 274665 850181 118078 782240 264770 598937 771976 930749 478111 531512 545314 314930 578272 199374 752163 216893 803526 866330 850013 363069 583709 667170 167441 173772 732703 156019 473322 191218 632002 715020 597627 388080 547825 325874 389511 77852 583424 474202 683714 539302 331599 431677 846139 924473 63540 245605 512000 284976 558547 304227 519918 418995 382552 802904 822559 552190 126545 221067 245697 744196 193999 637903 399395 45395 656783 246032 780545 405726 273902 265878 293603 318699 844163
447047 528851 291182 337027 513050 659210 513262 457186 586864 491755 368656 170003 433672 574879 593261 999999999 688982 353386 397612 226694 584377 157422 315197 620566 756838 263112 559095 379759 586289 694444 501309 329367 44986 204072 409302 446670 797182 160828 679500 455160 675336 435412 681929 282972 346198 281305 610288 32779 127362 704084 434582 149254 463686 619883 490861 304091 461795 134024 539059 46870 268717 246779 658182 328258 652527 174587 510649 447678 228374 345908 398359 648768 449260 624373 597750 561673 597196 652406 452272 577530 211150 240173 673685 543006 551572 771040 347892 451190 263511 917121 575919 68474 580408 198985 677457 463007 733949 443192 860576 313410
433565 901076 678045 381136 292337 37231 265950 701825 1153613 212714 320404 531881 627580 116713 432521 688982 999999999 948564 502255 781948 137822 694526 486841 171079 793066 878189 876301 346364 1160108 517785 1078905 463422 665263 777173 843465 827541 116283 743382 130586 912621 260879 1029341 245440 749340 793432 837218 87810 661737 809259 585225 501507 833937 512235 880562 292412 886124 1016522 605319 783563 661269 490937 450025 488699 453716 888915 667683 902385 245967 667548 760153 843497 411459 286978 142654 151710 935387 135493 128412 778774 111543 848274 838347 151191 539688 635221 315395 613508 552965 552335 789289 389414 724009 666811 803737 26902 254709 237032 264102 702083 787904
794453 304932 290261 659407 839250 926646 710512 389768 233672 785068 651374 505259 427156 832576 688080 353386 948564 999999999 494071 167122 820106 260275 469214 924561 666529 486122 364091 602619 233886 746125 148228 492764 398241 496705 704683 269273 1064253 217467 897582 196116 844307 84810 856950 600227 652542 549849 861606 384540 252980 721449 518212 325839 532131 438467 682494 62441 114411 487030 411846 344972 457755 513243 722751 672979 474523 517965 279879 705885 282736 664933 691596 751619 666645 921256 821850 320728 828919 946762 320113 841283 437456 493190 973331 581883 530032 922327 698148 495185 616674 870763 694607 385927 539245 468995 930271 695201 913431 684462 845038 617500
565492 399025 203814 389823 522327 491197 238425 203118 669042 411442 305580 362143 129639 398103 205674 397612 502255 494071 999999999 344869 364551 293655 92789 542988 408080 660080 378338 191891 677596 297428 602657 94128 409774 588059 765356 326109 616632 339683 421492 415983 351467 564528 364994 634621 699650 667154 416075 392693 462689 308326 37155 531326 67779 394846 210724 435195 536535 425935 293404 351048 145124 238823 262487 467908 411288 511443 400173 300336 226847 684773 757420 267328 222767 527747 356146 433743 368720 545631 276573 412686 608758 633942 577502 149434 193557 428564 606793 75403 495169 531672 202852 463919 229864 591888 478879 259736 421359 263264 467634 673584
643864 309790 148782 498904 677811 759675 548408 295976 389362 618752 485003 353543 307784 665782 547451 226694 781948 167122 344869 999999999 654680 96267 307134 758681 599575 435414 349222 436499 392447 620763 307014 330311 269924 411974 624386 234885 897476 66300 734584 228721 688920 250144 700539 504235 564518 480423 695218 252308 181871 607864 373850 269972 393021 417256 520752 104900 253839 351233 354127 202496 291642 347192 592413 521828 452394 401244 289405 538814 120921 568594 612396 610420 501642 754775 657577 340227 663911 780068 258029 674299 380481 428412 806933 455108 424512 771799 571886 361804 478357 787573 547720 279881 443093 394033 764004 529240 756823 517885 747846 530244
421879 763275 544088 315838 299040 131639 128508 564072 1020131 175298 227468 440993 489808 60159 309006 584377 137822 820106 364551 654680 999999999 570995 353643 231446 669744 797105 738688 218805 1027072 407253 946945 330010 566602 699082 796311 690137 252346 620723 100028 776294 177242 899427 168629 688387 740035 766200 55100 560100 698520 470596 363828 732723 375299 744226 154619 757791 883631 519208 646540 551655 363163 338402 373662 403743 753580 591619 764720 139633 537648 710125 794215 300272 153671 205786 31158 797565 15254 211285 641010 78320 761257 759107 243352 407292 501415 264168 573894 415602 492847 688754 264091 627488 534070 721425 114475 126260 193289 142213 602493 728885
549466 374212 138738 402640 581588 670700 472100 305985 485579 524961 391360 259989 294028 577897 499242 157422 694526 260275 293655 96267 570995 999999999 235916 664293 610302 403044 401990 352237 488500 585942 402893 257395 194870 358979 566614 290370 809253 50198 655378 309869 621165 344495 631337 440202 503619 433880 608769 175440 172382 583731 327476 250827 351976 462499 445395 199199 350037 266777 383400 121022 209638 253114 553590 427572 495306 327556 357352 449523 78888 502632 555552 560238 419912 661233 576392 408116 581151 686965 295025 585393 347918 387495 713236 424208 414394 709171 488824 329028 390081 782732 492460 221793 439519 348609 677754 444784 686903 431429 733586 470778
485268 435703 191263 309629 457712 469372 241497 259402 666877 359967 238749 269382 194844 374059 278099 315197 486841 469214 92789 307134 353643 235916 999999999 498359 497926 575129 427570 144626 673591 381309 593316 23678 322770 499213 673027 353624 603113 285541 428372 429498 385349 546807 395824 542509 607379 578092 399036 306724 394639 398436 128624 455675 159951 456771 213687 407397 530079 333750 355485 269747 52496 149101 344021 381727 477992 419552 431660 257517 186915 592113 665246 334674 200274 487260 353235 472153 361389 508576 315380 385675 525296 547175 538947 241600 282154 473636 515285 164457 403470 624118 263050 379348 317647 505069 466401 232459 451671 227129 558686 581740
279805 933228 682624 285060 138496 137823 338943 745398 1145180 140895 274090 451767 672581 172493 535475 620566 171079 924561 542988 758681 231446 664293 498359 999999999 892521 769802 919721 355910 1149544 638107 1064961 477626 588355 667933 702245 851977 218393 709012 283912 924614 401603 1008590 389504 622472 658438 718345 184506 589717 747117 700073 553789 754618 572844 937306 357093 863164 1007517 513537 836220 602976 484218 411493 603569 331187 951704 560043 929931 243305 656803 623024 703992 531420 323132 28984 260609 969384 240589 48032 811621 153943 748093 728739 54543 620434 708960 473687 472073 607909 432207 920197 490087 641232 743887 698813 187218 285907 395535 279746 833921 658156
968637 383327 471794 794522 906791 798394 553640 305907 716086 782176 701409 763827 324632 723357 361283 756838 793066 666529 408080 599575 669744 610302 497926 892521 999999999 1013132 319295 581654 730291 288233 692670 502182 782195 960170 1154999 397258 887879 636302 671348 483804 545462 694613 563178 1023773 1089388 1038086 724133 762852 773566 218133 377895 858381 348542 254795 537228 633547 632910 818979 254926 711488 547915 646456 308204 875575 228288 900928 405960 670105 532216 1079103 1145689 386096 581251 870373 646243 389386 665417 879861 350035 741482 958139 995518 912319 279016 215905 550458 1012926 333647 901021 212292 405745 825103 181404 955212 766194 615754 600804 630136 220746 1060177
522653 742476 541778 497418 638483 843903 749723 708950 690965 666503 569749 357209 693148 773570 851933 263112 878189 486122 660080 435414 797105 403044 575129 769802 1013132 999999999 784600 616308 684668 956042 612040 587172 253048 101939 231627 670297 973910 383043 896570 649123 914136 546333 918292 178025 197875 80259 810971 268417 254547 967129 697153 167180 726544 852294 730870 464712 599009 278050 782563 309976 526072 479854 919121 438854 887090 211096 720521 657666 480921 226064 218091 905035 681919 782157 816266 770257 811438 810900 689456 771348 55410 41263 824198 806095 812378 1012449 340505 714199 338501 1179265 831315 196173 839869 75764 872584 687258 966550 664281 1123636 168209
899432 64214 282951 728118 885051 867786 610352 175328 399334 784715 666278 633007 249502 775794 488322 559095 876301 364091 378338 349222 738688 401990 427570 919721 319295 784600 999999999 564477 413089 491886 373529 445571 596560 756818 967266 114404 988382 405913 782058 170333 684134 379561 700875 842061 905044 828041 791791 576934 530499 442197 374874 618583 365402 74381 584166 345303 315160 661299 100686 522108 457466 557751 485209 784800 110542 728682 87927 676420 341248 904620 955846 543894 601103 905483 726455 75588 741096 923855 116375 790743 729703 777097 955613 361783 270287 731520 880303 323644 773860 531188 516822 620930 255895 741595 851793 638053 752889 640649 524914 871764
388762 577432 334669 219390 331331 326586 134204 391180 808392 220537 119860 264921 319816 231456 274665 379759 346364 602619 191891 436499 218805 352237 144626 355910 581654 616308 564477 999999999 814516 392523 732780 122614 369991 525672 664179 497034 462446 402048 305435 574099 298205 683021 303398 540943 601263 600213 259069 359828 486031 432481 210521 528923 236031 585912 114665 540203 670940 343846 484183 342224 144893 136686 352201 309343 603109 426888 574645 113304 321184 578230 658971 311125 70078 343506 225008 613518 228956 364236 455712 242053 573701 581909 394894 303464 375939 396165 469907 263261 365290 667518 239343 431568 412504 541286 327654 92793 354389 83157 590674 582173
1028305 350958 483128 890642 1069992 1141079 909432 521545 15369 1009020 875461 738830 580690 1045967 850181 586289 1160108 233886 677596 392447 1027072 488500 673591 1149544 730291 684668 413089 814516 999999999 883468 86010 697163 630933 713382 913029 375057 1276383 449252 1096280 273173 1026741 150930 1041174 819372 866503 756517 1072365 617830 478072 843553 693832 538980 699950 475874 881069 290556 143593 720220 499609 578845 671838 738571 868303 906755 505568 746643 331638 922762 495018 882962 899595 912211 873865 1144370 1024999 340919 1034333 1168894 435582 1056268 642723 699708 1196674 730332 656158 1094128 928104 658314 849795 942579 866066 614053 652976 682046 1139975 905407 1097128 897585 937779 831884
770309 543553 471984 609816 680088 528365 312558 364146 871697 549332 504593 637158 319140 465615 118078 694444 517785 746125 297428 620763 407253 585942 381309 638107 288233 956042 491886 392523 883468 999999999 823213 371466 704058 880018 1044799 508840 605143 628632 390880 610819 261325 801765 278656 916503 979972 958659 458588 687797 757434 70320 261023 828403 234250 459503 306605 694688 756422 709166 392767 648089 431893 503521 40322 701470 451311 795459 557696 446898 512607 960831 1038144 107260 362490 612986 379772 566581 399798 617728 448307 484165 905436 928481 649214 165836 227469 263496 861606 259411 754619 285001 158522 759964 236033 886375 490990 389049 313017 409773 201921 956815
942448 309378 404295 804789 984232 1059098 831257 459121 85560 924613 790946 652861 513032 964171 782240 501309 1078905 148228 602657 307014 946945 402893 593316 1064961 692670 612040 373529 732780 86010 823213 999999999 616968 546074 634698 837754 315733 1195115 363266 1018521 215212 953489 67609 967438 740016 789113 681430 991285 532641 395845 787819 621129 460808 629452 442544 802919 204596 67246 635104 450055 493040 589276 653698 805432 820844 475326 663590 286877 839960 412178 804112 824417 845013 793421 1060219 945899 307967 954633 1084988 375756 974072 567651 624469 1112489 665654 597446 1024194 844607 588798 764733 904120 795462 531082 598044 604524 1059246 824251 1023673 815680 892232 754276
474329 455728 214624 298412 441032 446257 218139 275199 690399 340071 221978 271416 207878 350961 264770 329367 463422 492764 94128 330311 330010 257395 23678 477626 502182 587172 445571 122614 697163 371466 616968 999999999 334215 508663 677596 374576 579680 307260 404852 452001 363837 570468 373949 547736 612157 587216 375612 318952 413378 392508 127008 472048 158260 472213 190442 430896 553669 339240 370570 284720 61104 144898 333327 374229 492274 425449 452360 235849 210326 595581 670202 319401 176718 465927 329568 492018 337717 486847 334663 362798 538248 558128 517439 238933 287283 453295 513226 168920 401813 621019 246757 392098 323370 516068 442868 209219 429601 204541 553357 587461
404707 568653 323113 303455 476386 634261 504195 486703 631634 463315 345359 136774 457717 552923 598937 44986 665263 398241 409774 269924 566602 194870 322770 588355 782195 253048 596560 369991 630933 704058 546074 334215 999999999 179614 376216 485238 771129 203717 663587 497794 667896 480022 673388 247172 311783 258658 589098 19871 165982 717967 446929 168824 477018 655437 483427 349051 506778 90001 571661 74668 273134 233836 666731 287365 687369 132907 551113 428039 260432 308420 365942 652078 438130 593679 581956 602057 579978 622023 487531 554304 205696 224450 642028 557705 573381 765054 303208 468322 219020 935849 578443 61633 603677 182345 655155 448491 723929 427331 876289 280325
424379 721433 494994 396137 537118 742662 657705 661252 717662 565157 471634 262334 636188 673728 771976 204072 777173 496705 588059 411974 699082 358979 499213 667933 960170 101939 756818 525672 713382 880018 634698 508663 179614 999999999 212727 642943 872145 351184 798863 637334 821927 567247 825228 106649 156115 79149 711207 198218 245609 896382 625176 174430 655585 820279 640276 463345 611087 182563 742205 248707 448132 390624 841988 337124 853677 109529 701366 560085 432277 169580 200523 822373 589275 680219 719188 752200 713601 708962 653535 671014 91330 61261 722350 736617 752680 920793 250917 647845 237143 1115428 748325 137212 782558 37377 772059 592293 872124 568795 1055273 121069
424397 933446 699087 480903 563755 806539 785884 862785 918596 635395 579870 407691 830564 757582 930749 409302 843465 704683 765356 624386 796311 566614 673027 702245 1154999 231627 967266 664179 913029 1044799 837754 677596 376216 212727 999999999 853872 919653 562676 894914 850055 944557 770989 944331 131350 65809 156513 794324 396048 456795 1070084 801637 378886 832915 1029108 774172 674588 818969 339448 947577 450207 620534 541404 1005236 393714 1061829 254731 913669 666285 636280 86785 13539 974004 717725 721810 821658 964569 811538 748793 861570 749954 270339 213384 753197 914607 942737 1043396 230717 831707 305379 1297028 900745 346400 974746 236078 845023 710810 984125 685935 1230949 95988
806035 87500 183013 639036 804040 814708 564532 146837 363739 713321 587992 530842 211349 720296 478111 446670 827541 269273 326109 234885 690137 290370 353624 851977 397258 670297 114404 497034 375057 508840 315733 374576 485238 642943 853872 999999999 942435 291829 745995 102001 662641 303461 678144 729539 792067 713772 740684 465795 416377 472087 333634 504495 333739 183507 536803 240007 249934 553407 142808 411206 374008 468732 493260 688398 219318 617881 78433 610338 235594 792548 842335 539131 543462 840493 682253 123981 694705 861142 60558 733668 615356 662705 891925 355986 282085 723501 774146 290837 669915 602718 497817 507473 282572 627317 804590 579035 732965 577666 581882 758564
498181 1014871 794299 477576 356301 139093 378888 814624 1269896 309455 429171 635800 740554 231694 531512 797182 116283 1064253 616632 897476 252346 809253 603113 218393 887879 973910 988382 462446 1276383 605143 1195115 579680 771129 872145 919653 942435 999999999 857797 216858 1028384 343830 1145281 326506 835129 874149 927748 204077 768887 919401 674569 614229 939925 623278 989818 406073 1001814 1132796 706164 894229 771572 606829 562327 580120 539985 996585 762819 1016766 359824 783603 839289 921024 502076 403157 197874 261946 1048830 248025 171039 892833 223985 947319 933386 172101 645074 741621 372427 689080 664739 640797 864038 490600 828506 771854 900688 137872 370977 300338 379913 777289 872060
581477 370892 167148 441992 621792 719053 522293 330398 447368 570519 437317 291013 328016 626693 545314 160828 743382 217467 339683 66300 620723 50198 285541 709012 636302 383043 405913 402048 449252 628632 363266 307260 203717 351184 562676 291829 857797 999999999 705506 294336 670885 302257 681199 440488 501748 422262 657939 186013 137506 623073 372457 222467 395623 470978 495564 158719 314509 285191 399674 136606 259807 299126 597349 459476 505203 335409 351642 497974 116152 504489 550960 606893 469947 706873 626406 402666 630999 732975 306538 633838 327651 372251 758679 465171 448035 758311 505608 370023 412825 815569 540086 216655 470760 335868 726932 494477 736845 480749 769858 467817
510874 813254 614244 415136 379463 150849 187412 611105 1088413 266076 327239 539982 538199 141102 314930 679500 130586 897582 421492 734584 100028 655378 428372 283912 671348 896570 782058 305435 1096280 390880 1018521 404852 663587 798863 894914 745995 216858 705506 999999999 837475 131043 974532 115083 788149 839263 866213 108846 656291 790602 459525 412748 828415 417317 778586 215686 835748 953698 618561 685478 644997 445784 432751 364129 501615 783531 691570 817410 238911 615141 808950 893073 286160 236008 255159 81756 845887 85288 249366 692926 153540 860057 858762 276759 431141 528116 189846 670829 459949 592229 659091 274900 724786 557194 820850 105116 216724 111638 236462 571881 828560
852439 109075 242128 693224 865281 897469 653215 248389 262074 784284 654566 567042 309572 802343 578272 455160 912621 196116 415983 228721 776294 309869 429498 924614 483804 649123 170333 574099 273173 610819 215212 452001 497794 637334 850055 102001 1028384 294336 837475 999999999 759457 210858 774541 732224 791528 702038 825081 479635 396504 573211 427726 482123 430769 244238 625078 188482 150998 575882 235643 427742 440723 526404 595146 731765 279876 629745 83993 686606 278040 796800 837750 639828 626173 915291 770613 126048 781913 937428 162559 814645 596003 647796 967311 457327 383903 823139 797749 388355 699912 693394 596193 507915 383080 616458 890626 660432 829900 656529 677985 756959
593810 721879 554451 467216 475858 276991 164418 520388 1017537 349170 364749 559724 451313 236472 199374 675336 260879 844307 351467 688920 177242 621165 385349 401603 545462 914136 684134 298205 1026741 261325 953489 363837 667896 821927 944557 662641 343830 670885 131043 759457 999999999 915951 17837 827975 884620 894803 217189 657099 773520 330790 332909 823724 328968 672323 184611 784347 887000 639414 584748 635241 416710 434887 237258 560085 673574 719911 729065 280276 568064 857772 940958 159522 232653 373928 146085 752256 164676 372773 605858 253750 871906 879143 402220 323820 419900 99288 731053 371805 639308 528415 167343 729380 445395 838883 234679 233936 70455 258731 441212 869210
878423 316090 362100 744215 924048 1008186 787148 439074 152428 868836 735095 589670 485680 913748 752163 435412 1029341 84810 564528 250144 899427 344495 546807 1008590 694613 546333 379561 683021 150930 801765 67609 570468 480022 567247 770989 303461 1145281 302257 974532 210858 915951 999999999 929215 672466 721853 614802 942076 467041 328336 771441 586000 393520 597199 452176 758945 145428 70326 569378 444304 428979 538453 597131 781174 757133 486862 596344 291685 787865 361952 736611 757685 815502 745770 1004905 900032 322495 907793 1030209 360760 922896 501122 557836 1057047 640302 579583 990662 777555 558187 698923 903680 761995 463789 584254 537297 1010518 775278 985661 765370 885323 686981
588059 738124 567416 465594 467669 262811 169194 536414 1032095 342435 364534 562898 466889 226879 216893 681929 245440 856950 364994 700539 168629 631337 395824 389504 563178 918292 700875 303398 1041174 278656 967438 373949 673388 825228 944331 678144 326506 681199 115083 774541 17837 929215 999999999 828993 884936 897457 205552 663018 781895 348257 347457 830635 344405 689626 191195 796726 901074 642665 601642 642453 425610 439875 254982 557898 691083 722329 745059 278659 579626 857561 940980 177307 236374 361551 137605 768700 155317 359428 621647 243704 876761 882882 388432 340962 437202 99501 729002 387341 638958 544008 184065 734958 462924 842880 219492 234843 56485 259392 456797 870169
358106 810968 570232 373620 485944 713236 666607 732773 823403 537272 465458 279801 699429 654878 803526 282972 749340 600227 634621 504235 688387 440202 542509 622472 1023773 178025 842061 540943 819372 916503 740016 547736 247172 106649 131350 729539 835129 440488 788149 732224 827975 672466 828993 999999999 65620 104355 692261 267040 347574 940199 671046 280721 702268 902223 653024 563859 714388 208760 818760 321710 490044 414106 877191 295988 934397 123451 792094 553692 507596 64999 122828 848632 597901 638529 711845 843128 703446 666700 734379 649305 191231 141605 675800 783977 811388 927219 166176 700503 197419 1166245 774960 224374 843431 141332 747851 594222 871573 569603 1100899 41303
385116 872619 634882 424200 520291 756814 724691 797956 871323 583128 520476 342824 765026 703554 866330 346198 793432 652542 699650 564518 740035 503619 607379 658438 1089388 197875 905044 601263 866503 979972 789113 612157 311783 156115 65809 792067 874149 501748 839263 791528 884620 721853 884936 65620 999999999 117670 740640 331648 401705 1004664 735973 328333 767236 966014 712185 619358 766949 273718 883429 386097 554890 476838 940503 340474 998447 188928 853294 607804 572151 37377 58172 910342 656251 676455 764581 904282 755206 704054 798284 696826 226486 170572 710633 848935 876978 983688 188024 765900 247262 1231318 836897 285093 909048 184602 793612 650689 925980 625894 1165477 35058
460073 790138 571124 456874 583627 801861 731025 737921 762098 624508 539485 335502 714465 737521 850013 281305 837218 549849 667154 480423 766200 433880 578092 718345 1038086 80259 828041 600213 756517 958659 681430 587216 258658 79149 156513 713772 927748 422262 866213 702038 894803 614802 897457 104355 117670 999999999 775068 277091 305885 975469 704262 224262 734703 893001 714545 522480 663901 256398 817234 326705 526841 466403 920488 388059 926880 175352 769292 628301 508645 146284 143093 899703 662325 732839 787587 819804 780960 761333 727162 733570 113844 56966 772250 815758 831367 993922 270419 726951 287002 1194506 825632 213334 860990 86459 833773 663401 943119 639466 1134415 88371
402720 815096 590235 318968 270670 76747 182565 616863 1065834 160217 244178 458685 542557 37547 363069 610288 87810 861606 416075 695218 55100 608769 399036 184506 724133 810971 791791 259069 1072365 458588 991285 375612 589098 711207 794324 740684 204077 657939 108846 825081 217189 942076 205552 692261 740640 775068 999999999 584249 728242 523093 416978 757025 429372 798499 207757 799176 928785 534751 700403 580436 403857 367706 426028 400697 808227 602357 815920 163167 580182 709114 793159 351344 199205 157193 78904 849682 59067 159221 692636 45400 778046 771966 190641 462387 556405 294016 567649 469241 495031 738071 318389 648978 589140 735723 68992 167033 217780 177466 651390 732008
414393 549441 303244 305576 480843 631374 493917 466935 618167 462298 341369 138330 438465 548437 583709 32779 661737 384540 392693 252308 560100 175440 306724 589717 762852 268417 576934 359828 617830 687797 532641 318952 19871 198218 396048 465795 768887 186013 656291 479635 657099 467041 663018 267040 331648 277091 584249 999999999 159556 700663 429839 172835 459723 635635 472497 333946 491895 102500 551792 54891 257855 224641 650736 295481 667530 152128 532078 422306 240561 328206 385741 637582 428614 594082 574562 582989 573227 622244 467725 550468 219496 241254 643051 540153 554491 753754 319849 450212 232144 917575 564147 73471 584578 199222 650896 440421 714167 419834 858618 300140
570085 487972 304364 464225 640363 780751 616052 467676 480628 616509 490238 297347 464318 693825 667170 127362 809259 252980 462689 181871 698520 172382 394639 747117 773566 254547 530499 486031 478072 757434 395845 413378 165982 245609 456795 416377 919401 137506 790602 396504 773520 328336 781895 347574 401705 305885 728242 159556 999999999 756112 497627 88129 523208 599099 591451 217860 366908 254690 533894 147990 357099 360744 724335 453346 634266 268909 466168 565076 249764 412432 444080 726800 556092 750206 709264 516127 710555 778035 438830 697739 200278 251294 799951 596481 584612 865809 450787 501346 380725 952570 656852 136530 608003 221151 796315 574207 835898 556330 905341 366671
817350 497564 460214 651795 734484 594376 367980 332708 831145 604695 548861 663208 300366 527832 167441 704084 585225 721449 308326 607864 470596 583731 398436 700073 218133 967129 442197 432481 843553 70320 787819 392508 717967 896382 1070084 472087 674569 623073 459525 573211 330790 771441 348257 940199 1004664 975469 523093 700663 756112 999999999 271207 831433 240954 403118 358326 673557 721854 731571 346013 657261 450635 531922 97078 741344 391666 817651 513753 498425 507271 987700 1062707 173787 411343 675700 444197 517674 464063 681775 412303 546349 914986 941883 713605 161208 191956 332655 896523 255259 787377 235059 212163 771197 190578 899880 558358 440910 383335 459922 161061 979784
591988 401278 229080 417064 541756 493134 235603 200413 684659 426262 328004 397397 126352 402071 173772 434582 501507 518212 37155 373850 363828 327476 128624 553789 377895 697153 374874 210521 693832 261023 621129 127008 446929 625176 801637 333634 614229 372457 412748 427726 332909 586000 347457 671046 735973 704262 416978 429839 497627 271207 999999999 567409 31401 384405 209294 460643 554425 462303 284468 387966 181118 271721 226786 497845 397916 547975 404728 313553 258085 720678 793811 236573 230826 536950 352374 434762 366489 553283 280247 417631 645732 671091 585547 112976 166377 404711 640155 54131 528808 495503 176409 501002 203028 629039 477189 268134 403306 274934 430697 710149
549907 575479 387275 469648 637527 803069 662216 552579 543381 631807 513778 304725 544855 721109 732703 149254 833937 325839 531326 269972 732723 250827 455675 754618 858381 167180 618583 528923 538980 828403 460808 472048 168824 174430 378886 504495 939925 222467 828415 482123 823724 393520 830635 280721 328333 224262 757025 172835 88129 831433 567409 999999999 594632 687218 639464 299133 440087 242855 621116 188818 412652 395853 793801 441058 722357 227889 553407 595134 329661 343997 365771 790322 598494 761034 746659 603086 745733 789526 526480 722846 114046 167988 808642 670667 665219 918780 406147 576183 355209 1033558 718540 113508 690080 143818 823494 612079 882953 591993 983504 293470
620386 396375 245852 445985 566356 505974 246856 193998 690237 448323 354776 428798 122580 416842 156019 463686 512235 532131 67779 393021 375299 351976 159951 572844 348542 726544 365402 236031 699950 234250 629452 158260 477018 655585 832915 333739 623278 395623 417317 430769 328968 597199 344405 702268 767236 734703 429372 459723 523208 240954 31401 594632 999999999 369209 222105 476007 562399 493543 271329 416952 212437 302813 201753 527847 380330 579143 401743 335140 280142 752043 825049 219549 249916 554945 361519 428623 376758 570141 277698 433035 674785 700960 602603 81710 140019 394748 671261 43073 559993 464169 166162 530479 176515 658944 487272 287002 399351 295845 399902 741302
937843 136147 335073 763938 913119 875146 615936 197379 461545 806135 694159 681217 266123 785755 473322 619883 880562 438467 394846 417256 744226 462499 456771 937306 254795 852294 74381 585912 475874 459503 442544 472213 655437 820279 1029108 183507 989818 470978 778586 244238 672323 452176 689626 902223 966014 893001 798499 635635 599099 403118 384405 687218 369209 999999999 591293 418957 386467 715398 101811 580769 492646 595372 458614 826565 36315 786291 160857 695133 396278 963838 1017999 523941 614978 921126 729162 135498 745118 937688 167913 801664 797144 843178 969939 348980 252426 710417 931478 330655 823025 466937 506718 683550 229193 806708 855193 652279 739132 657640 468200 933275
464401 608875 398624 310748 376294 284126 28362 409459 873417 247362 203880 379076 335190 195072 191218 490861 292412 682494 210724 520752 154619 445395 213687 357093 537228 730870 584166 114665 881069 306605 802919 190442 483427 640276 774172 536803 406073 495564 215686 625078 184611 758945 191195 653024 712185 714545 207757 472497 591451 358326 209294 639464 222105 591293 999999999 620878 738269 458273 492748 451264 236851 251054 267444 404502 602043 540722 610725 140461 400579 687735 769519 211702 58440 336856 145609 643034 158062 350010 486763 211717 687831 696571 382636 263353 353390 281794 571636 261516 471678 590372 148132 544860 387646 655915 268496 82692 244467 103327 508504 694318
739230 291777 231702 600266 779832 864230 648828 345178 288699 723425 589690 449069 375723 770139 632002 304091 886124 62441 435195 104900 757791 199199 407397 863164 633547 464712 345303 540203 290556 694688 204596 430896 349051 463345 674588 240007 1001814 158719 835748 188482 784347 145428 796726 563859 619358 522480 799176 333946 217860 673557 460643 299133 476007 418957 620878 999999999 158014 436154 379099 290761 395331 451703 669753 617375 455268 473767 267563 643512 220670 628853 661821 695504 604381 859524 759738 313890 766673 884897 283636 778872 413036 466827 911651 529436 483582 863754 651561 440436 565530 833281 636792 343755 495762 438702 867852 632805 853185 622022 802822 584354
