NAME : synthetic_000334
TYPE : CTSP-D
DIMENSION : 100
GROUPS : 8
RELAXATION_LEVEL : 1
EDGE_WEIGHT_TYPE : EXPLICIT
EDGE_WEIGHT_FORMAT : FULL_MATRIX
EDGE_WEIGHT_SECTION
999999999 577996 687316 547047 536590 166448 251955 91606 231413 1063052 850396 855722 295293 191725 513650 392347 862210 384387 128541 204551 127286 372534 640519 361070 423089 399186 957882 886393 465474 298611 685509 1001789 667002 251242 883641 882742 666258 725153 194889 681727 690861 447486 389072 301525 593754 785893 327752 945071 673926 342893 675310 417026 333687 404310 446213 291401 318315 569981 849781 517893 466343 540950 719417 449361 367094 568572 41871 697429 777539 592502 460935 602218 707098 578686 191298 624038 255732 497943 456235 488497 286423 299463 248619 802630 382552 262782 578125 506985 350678 522242 340726 223798 877722 276197 692530 470521 1012796 218955 559178 334769
577996 999999999 812361 206437 476434 478461 817751 646893 431591 632408 404525 964963 563709 450817 904727 665717 920729 908692 597018 776933 486572 945337 889853 272864 856856 802674 648121 1035860 252931 787552 458651 590019 664515 340383 844432 1020032 302117 554807 497684 680337 141270 277174 216582 339811 152359 286050 889326 623561 447638 240881 276863 225041 251416 218515 157602 509586 873773 417980 923856 866434 785723 402917 186053 149279 702971 836225 567591 186153 663563 792219 807141 229719 659585 100999 768821 772872 366722 225990 601766 786719 831611 672619 630033 313250 223982 447261 118584 84962 293709 146144 276439 384933 1026083 812235 597119 166142 616657 732288 787261 259182
687316 812361 999999999 951793 338735 555250 686359 641309 525318 806784 721634 172452 395887 801180 374622 298366 178610 605558 562737 699774 595235 772323 171746 831299 435945 393897 594127 227000 922126 522956 445658 745544 181643 747050 259812 214655 598403 374103 838243 174109 806779 538648 641042 555076 688235 770070 696573 602531 447415 670199 633774 606510 662664 828025 676589 418918 671513 410928 163359 308728 281021 416763 793308 807238 342987 195624 724860 758869 305634 114783 311981 620283 226068 725796 760453 63596 571423 929363 248417 251798 632570 406408 445590 761886 802380 872315 709751 736477 567932 666750 807322 588921 217184 608555 289186 855167 730666 565339 156041 640133
547047 206437 951793 999999999 632077 506482 798996 632264 484030 834295 608928 1114924 636269 372624 971794 752350 1080372 919845 609178 750968 496703 917063 1000572 185978 906166 859833 853601 1178734 89978 811390 649370 794496 824674 298813 1020826 1165311 503846 741669 404750 841313 336232 420224 310861 413124 353212 486145 874694 829342 637489 290810 481203 346877 300434 148856 280155 586168 864254 589032 1080236 945849 869296 568183 383310 144886 774288 938717 522723 389581 846146 911062 883732 426527 829147 301733 724340 903928 417910 51788 718081 876862 828794 728578 677565 514283 175183 335325 318022 238987 387006 322735 207194 420142 1168909 814476 772490 98224 821951 742533 897928 320546
536590 476434 338735 632077 999999999 370763 660009 537093 310447 590769 435370 488732 284782 573936 536292 303822 448667 661491 449022 647118 412325 781000 444273 542393 534232 473619 436440 559740 617216 539130 176502 525245 192604 486137 398724 543645 276075 189406 621964 209284 469730 211880 329529 284836 349630 451369 705011 429021 169250 373397 308850 286968 368885 525706 351971 257317 681129 81841 449686 478269 401656 79005 459729 491171 366687 408031 561099 425193 249906 341255 434173 283879 203439 387361 683857 307197 320725 617332 186522 388640 633499 384209 380326 449066 503043 631357 371148 404533 272778 330296 521550 350165 549989 607383 163871 539562 524956 532347 349829 346209
166448 478461 555250 506482 370763 999999999 350650 189335 67322 904529 698462 727297 162981 247680 469657 280557 723464 430374 120242 318661 42825 480718 541752 333930 399756 355260 792201 768687 441982 311443 519846 842144 510968 223390 730068 761861 512261 558906 282995 526458 570360 294430 266623 153912 460065 646361 417230 779902 508430 239375 525246 280934 228507 358027 327883 138259 399442 404005 713657 452344 383159 375172 592005 378838 281535 471892 190817 565972 614298 474506 390146 455231 547492 455359 334456 494054 114520 465170 311105 397857 355314 226317 172797 660117 331337 321609 451036 397649 206927 391587 308817 93716 759444 334721 528683 414071 851533 253982 447760 219309
251955 817751 686359 798996 660009 350650 999999999 171158 413188 1235986 1041205 833463 375395 437419 387375 404710 863586 163997 232402 52628 332957 130082 580417 613019 288663 303661 1096415 839798 717068 166123 831133 1171710 731411 502248 926244 842794 854731 844400 426416 742386 919182 641070 613962 504486 810701 996209 76094 1088771 821512 577395 871005 631457 567154 655511 674512 407208 71738 716782 845522 423280 411224 691310 942289 697238 347202 515132 279594 916586 866742 573824 387587 803372 782222 804475 116103 625363 464293 749854 515597 440217 67048 294327 281302 1009047 633009 500904 800948 741246 557545 741868 592480 438712 832810 82688 789940 721087 1176744 129985 533229 562920
91606 646893 641309 632264 537093 189335 171158 999999999 255754 1091651 887689 804907 267325 283231 431615 342952 819077 293210 88682 131518 164851 298671 575936 446697 337782 320079 969440 828512 552934 209448 698500 1028655 644314 333875 855143 826785 701363 726238 285049 657785 750917 483765 445685 341799 645727 834294 244743 958963 687762 406935 714578 466369 396829 486863 505633 280482 232396 582269 804668 442393 399161 554629 775727 526543 305805 504484 129710 751199 766212 539136 388923 644299 689223 636675 147966 577733 299114 584182 426989 423849 197032 238190 195868 848718 463634 354230 634024 571202 394281 575728 425106 271330 820257 185218 683703 551635 1036724 128997 502852 393599
231413 431591 525318 484030 310447 67322 413188 255754 999999999 837225 632008 697697 154327 279330 488437 273887 687083 480385 180817 383683 104246 543155 532322 324952 429193 378704 726470 745219 428913 356890 454102 774822 462624 225592 682450 736579 445621 496741 321816 478701 513904 228663 215536 94566 399699 583064 477127 713737 442515 200535 459423 222389 189740 339021 276409 110556 458066 338707 679146 462188 387077 309584 532891 347782 290329 465370 251838 505615 557467 455388 399928 390438 495230 399034 401616 466626 67454 447307 277070 397197 412529 246849 199817 595933 311719 347772 393278 348310 146949 333199 299610 67639 735728 390421 471337 387858 784271 308336 433439 175380
1063052 632408 806784 834295 590769 904529 1235986 1091651 837225 999999999 230573 863610 867905 1016492 1112800 893047 784609 1251707 1009621 1214896 937748 1361948 967701 880942 1122530 1062375 225169 948644 884494 1127969 414381 65558 632436 900777 638122 925862 399360 443223 1068982 635698 498306 616125 700826 761969 513859 348176 1288123 209013 421638 760150 397946 659821 764728 833012 662616 829629 1265187 522250 803356 1049422 979947 545816 451170 764575 956877 957544 1073664 446260 502976 872832 1014518 473119 581767 555598 1238636 815685 808017 858366 771679 961632 1217334 973721 963978 320027 827713 1040871 544822 640863 715390 578654 874737 840709 941450 1191705 526470 794563 76798 1113144 897681 752642
850396 404525 721634 608928 435370 698462 1041205 887689 632008 230573 999999999 820839 687373 790378 971621 735122 751416 1076246 810216 1015118 728110 1169876 862487 650500 964580 903814 283246 904813 655310 949731 277983 185593 540106 673968 625087 883672 186588 351914 842615 549074 276257 404372 476259 549408 283728 129388 1099113 256006 278676 534526 175321 438126 539853 602440 434472 642672 1077542 355574 764744 913373 837006 371409 229878 534083 795030 836851 857385 219353 450101 760792 869287 249841 502077 325050 1032251 712982 594822 630336 621690 823726 1030034 799779 781131 101130 597280 811865 314289 410311 499775 350108 644673 626607 896205 1005334 434072 564809 213654 924293 777021 529479
855722 964963 172452 1114924 488732 727297 833463 804907 697697 863610 820839 999999999 566966 973548 481909 463899 82259 732724 729522 852455 766948 906593 261615 1000926 562313 531547 639677 85307 1089387 667496 558750 808286 303430 918806 233352 63116 725080 470438 1010237 289035 944616 697042 805307 724907 832085 888603 833956 654614 563706 837756 761110 768171 830656 995470 836791 591312 809671 551237 60608 424122 422291 562754 925664 971166 500885 319419 894060 891874 372726 265910 446982 759467 324422 873601 916370 233405 742869 1094910 420685 393482 774978 567251 610558 876274 970274 1044766 856803 892838 734781 818835 977243 761001 77841 752701 394327 1019421 787011 719068 303783 807919
295293 563709 395887 636269 284782 162981 375395 267325 154327 867905 687373 566966 999999999 410601 341809 120269 568194 388882 179831 365075 200604 496587 380908 479124 296775 240016 721071 606070 583179 262454 457818 802871 377214 376613 590395 599686 504906 469501 444258 390963 624280 314696 349347 228333 501253 665212 421207 713774 448810 347997 527702 340662 337654 492752 406159 54200 397770 345734 556755 309906 233200 322475 634520 497013 140198 312468 330813 603452 500391 311568 248175 470487 421977 513193 408245 333605 218513 600933 161624 242885 349957 115597 96204 672416 465447 484529 503667 478762 270112 444430 453757 221618 596885 324098 419550 539138 805621 247637 285094 320017
191725 450817 801180 372624 573936 247680 437419 283231 279330 1016492 790378 973548 410601 999999999 689626 526693 965940 576064 294906 386721 211658 548603 786964 192411 604908 573238 951003 1016310 285569 486688 686808 960570 739931 116875 959486 1009274 619757 749010 52642 756279 582050 417902 315901 291240 510984 702177 513445 933614 674110 256342 618547 359209 252031 244613 356842 382268 506504 580642 957426 684167 621990 551186 618924 305141 519433 716179 158127 604277 823820 722164 623640 543403 769086 481301 353202 740737 253236 321354 554363 639636 477250 456622 401512 723814 230213 76408 486287 397842 319825 441148 179234 225071 1007045 467837 737790 311880 977739 408590 694872 266033
513650 904727 374622 971794 536292 469657 387375 431615 488437 1112800 971621 481909 341809 689626 999999999 245367 531886 256654 394882 421779 490198 433752 220852 803548 99501 116479 923400 469516 911280 232565 704748 1047757 498102 692344 634433 476809 804199 671985 705600 501364 956056 644943 691132 569839 830763 975965 367426 925161 700250 687697 833100 680437 677104 824978 747407 395571 345469 616409 509752 67219 134653 603523 960776 836007 201830 179143 555349 927936 644802 266049 103138 788002 554059 848651 492384 330017 555530 933015 349966 151193 321475 243755 296951 977990 797848 765723 837598 819777 611596 779961 778381 551704 463927 305404 593406 876208 1041141 308655 229277 660597
392347 665717 298366 752350 303822 280557 404710 342952 273887 893047 735122 463899 120269 526693 245367 999999999 476233 366995 265624 409875 315105 509033 261282 598833 230436 169797 722335 495047 702025 254653 478999 827494 328431 496872 522907 490663 562299 465470 557190 338549 711160 400503 456576 340322 585692 732259 431081 719514 472607 462183 589993 440675 452216 610733 509745 166361 405851 380138 461725 200836 120029 364003 715412 611060 65266 192243 431434 682577 468804 200285 143411 542916 381135 604978 466292 234784 336207 718624 123151 124514 361058 111823 147259 735386 583472 601628 593417 581125 375963 536542 573496 341434 486195 335060 398651 654602 825116 276874 168973 433181
862210 920729 178610 1080372 448667 723464 863586 819077 687083 784609 751416 82259 568194 965940 531886 476233 999999999 775200 739195 878071 764656 945509 312144 977532 604320 567100 560052 164968 1060929 699173 497231 730404 256721 902468 151226 141926 667049 404745 1005633 240566 890538 660230 774019 703737 782481 825591 870793 575811 503398 811158 703018 734033 804877 967749 800463 585421 845962 503194 24568 469852 454800 518099 868741 938322 521530 359139 898807 835516 301344 289806 483378 707659 265832 826347 939044 241786 726272 1063713 412426 425426 808385 584952 623219 811702 943477 1034669 809148 852310 707843 775242 954665 747306 158598 784854 334427 986756 708207 743675 330658 781938
384387 908692 605558 919845 661491 430374 163997 293210 480385 1251707 1076246 732724 388882 576064 256654 366995 775200 999999999 314235 213429 427743 177198 471566 735858 170945 213992 1088728 725548 843524 127088 837933 1186280 688693 621323 860157 731988 893424 831931 573465 696559 993602 694107 694842 574870 876123 1050115 116775 1085094 830181 669547 915189 702037 658721 772142 756078 435504 100214 730539 754578 308726 325602 709218 1010170 804057 301780 416177 419642 981191 832921 490893 293584 854685 743407 879015 280099 550437 542539 873271 489729 354351 103174 278184 296620 1058933 747385 645350 872511 827077 626544 812263 713129 524072 719688 108253 765398 834307 1186428 178306 449797 649518
128541 597018 562737 609178 449022 120242 232402 88682 180817 1009621 810216 729522 179831 294906 394882 265624 739195 314235 999999999 205455 113639 362339 512028 428190 310894 278651 882513 758393 537024 202439 612350 946069 557036 313243 769517 755121 623629 637978 311983 570782 690585 408789 386710 272989 579421 763880 297214 872550 601854 356615 639049 400687 345897 460577 447910 192020 279205 496321 725824 393136 338414 469180 711839 489937 238595 440081 169450 685382 677648 465206 334635 571000 601215 575574 234900 499211 234761 564361 340720 360114 235230 171136 120246 776647 435122 370876 571098 517143 326067 511497 404344 212389 749792 215226 595031 521215 953062 136087 431183 338358
204551 776933 699774 750968 647118 318661 52628 131518 383683 1214896 1015118 852455 365075 386721 421779 409875 878071 213429 205455 999999999 296314 168763 604501 565076 322285 328896 1083054 863605 668039 191917 814856 1151196 731824 455765 932740 865327 828549 834065 374340 743692 882393 612343 577192 472177 776964 964842 127318 1074196 804730 537696 843091 597553 527714 608860 637058 390810 124343 699371 861012 451819 431095 672876 907209 652829 357144 536888 229530 882534 863057 589397 410731 773783 780863 768190 70930 637572 430169 701387 513885 459373 111700 298057 275454 978777 586998 449066 765521 702174 524925 707137 545129 402787 856244 118831 783914 675011 1157691 134446 549634 524964
127286 486572 595235 496703 412325 42825 332957 164851 104246 937748 728110 766948 200604 211658 490198 315105 764656 427743 113639 296314 999999999 462231 575342 318031 414320 374284 830669 806566 426949 314849 558316 875995 553748 204013 772774 800290 542737 599892 243655 569209 586524 323865 281212 179089 480997 670312 403068 817788 546694 245691 553744 301744 235198 347896 341582 180184 387202 442949 754474 477890 412190 413827 610895 376332 309709 504685 148783 586383 656734 511733 416302 482080 590296 472064 304562 533557 134969 452854 352570 428764 345408 249837 194753 685375 322115 287047 469213 408602 230694 410881 293600 106479 797411 326989 571013 407770 886388 249462 483548 230004
372534 945337 772323 917063 781000 480718 130082 298671 543155 1361948 1169876 906593 496587 548603 433752 509033 945509 177198 362339 168763 462231 999999999 646443 731539 344604 378640 1216487 902039 832727 255043 954279 1297357 837354 623674 1021761 907981 983554 962247 529935 847024 1048721 770762 743423 634566 940751 1126212 77952 1209955 945068 705604 1000376 761472 695499 776483 803775 532320 103216 841080 925670 483791 491427 816379 1072207 821459 446704 588031 394345 1046621 977086 657688 462142 933158 890121 934127 197530 714385 594235 866938 626452 520756 148878 403906 400690 1138902 755052 605553 930787 869847 687623 871809 712245 568302 896018 175209 903451 842965 1301384 249186 616409 691947
640519 889853 171746 1000572 444273 541752 580417 575936 532322 967701 862487 261615 380908 786964 220852 261282 312144 471566 512028 604501 575342 646443 999999999 856058 301841 276787 760459 259418 956627 414667 584692 904922 335276 757047 425536 262789 719233 527065 815370 332486 908476 613222 694573 588163 784385 894408 575162 767080 583864 710123 752759 669415 700897 863791 740786 422225 551347 524822 289516 162851 177054 522238 902348 856651 273433 71947 681423 867921 472236 103122 193771 725433 386886 814414 671574 152261 591253 970467 288149 152346 519185 341154 392643 890167 836784 862310 800115 808087 615134 749468 830882 599907 252398 498310 442209 902348 892477 474650 103113 680160
361070 272864 831299 185978 542393 333930 613019 446697 324952 880942 650500 1000926 479124 192411 803548 598833 977532 735858 428190 565076 318031 731539 856058 999999999 731811 689092 851645 1056701 108944 630570 608803 830833 729836 115017 941112 1045778 501080 688739 232259 746794 411790 342519 219069 276224 367262 546427 688730 830708 595989 169009 490404 266954 173787 55044 228546 434007 678441 521592 973728 783784 710886 495159 453429 123719 611725 790012 337355 445198 781395 774452 721365 419551 745826 326566 540026 777336 265079 137551 586290 721980 643496 559974 506725 571129 53232 174925 336275 240466 270914 306879 25392 257506 1046993 629755 699603 120229 852702 559470 755689 196676
423089 856856 435945 906166 534232 399756 288663 337782 429193 1122530 964580 562313 296775 604908 99501 230436 604320 170945 310894 322285 414320 344604 301841 731811 999999999 60782 945692 558441 840528 133804 708978 1057010 531863 618311 692562 563725 788959 689732 617085 538055 921005 610756 640581 517405 797585 955738 274098 944616 702824 629614 815046 636197 618772 757783 699447 350510 250910 610254 583638 139347 159241 593173 930374 775376 169721 245242 464325 898799 678295 321689 125122 762970 587586 809880 392885 382679 496527 864762 350873 186753 223455 184257 229829 960641 731069 680268 800442 772222 563652 741152 707058 487824 552154 206342 617073 812850 1053692 211822 280954 604425
399186 802674 393897 859833 473619 355260 303661 320079 378704 1062375 903814 531547 240016 573238 116479 169797 567100 213992 278651 328896 374284 378640 276787 689092 60782 999999999 887352 536199 797242 137938 648602 996840 477386 577107 646481 539162 728468 630996 589932 484433 863363 552550 587021 464263 739434 895747 303727 885795 642339 579117 754777 580544 568368 712217 645084 294134 278995 549482 547609 124492 112876 532410 871813 726301 109123 212231 441016 839993 623050 279160 84566 703426 532729 752996 397339 337160 446147 819924 290907 142150 243486 131857 182594 900380 685229 649387 743157 717832 509013 684192 664038 439914 529164 221786 559642 765200 993852 203658 237878 553028
957882 648121 594127 853601 436440 792201 1096415 969440 726470 225169 283246 639677 721071 951003 923400 722335 560052 1088728 882513 1083054 830669 1216487 760459 851645 945692 887352 999999999 724481 882806 970393 272382 176760 428735 842270 412967 701609 353764 256868 1003146 429001 540957 533110 643342 669209 501762 407214 1139938 27253 283990 703003 372717 596198 704468 812511 623098 692370 1115710 388304 579245 857762 794594 417031 498395 751243 787566 758406 976260 478304 288628 670902 830009 435143 374490 552456 1117165 610467 713956 864852 599230 773171 1068340 815690 816177 380901 800150 990479 536923 626634 632245 548116 839332 746933 717470 1042093 330164 790893 149831 968394 699910 687172
886393 1035860 227000 1178734 559740 768687 839798 828512 745219 948644 904813 85307 606070 1016310 469516 495047 164968 725548 758393 863605 806566 902039 259418 1056701 558441 536199 724481 999999999 1148739 674084 640222 893526 380575 969319 315727 23104 804520 553699 1050118 367210 1021499 764241 868023 780646 906687 970071 832528 739677 644656 896835 840494 833114 889158 1054616 902888 636213 809132 626239 145288 419245 433688 635770 1004121 1034219 522764 327177 926078 970097 457617 295208 452987 835558 406029 946668 930146 279619 794852 1156310 471005 406647 778181 590649 638194 958424 1028824 1089316 930166 961542 794792 889814 1032482 810466 9830 757603 475884 1082164 872088 732780 327227 866715
465474 252931 922126 89978 617216 441982 717068 552934 428913 884494 655310 1089387 583179 285569 911280 702025 1060929 843524 537024 668039 426949 832727 956627 108944 840528 797242 882806 1148739 999999999 739349 658991 840130 808526 223781 1013439 1136734 529131 746170 315543 825420 392634 408008 287761 370264 382524 538969 793047 859896 646537 251928 511534 331214 259636 94127 274684 536079 783706 584900 1058783 889981 815918 561013 438497 133820 717819 891965 438774 438643 845530 871815 827570 448266 819028 334011 638503 870599 366042 38698 680980 825911 749959 667554 614721 566046 120350 245418 347944 256191 354610 336811 133473 362229 1138963 736922 767333 92051 865367 667717 855191 282023
298611 787552 522956 811390 539130 311443 166123 209448 356890 1127969 949731 667496 262454 486688 232565 254653 699173 127088 202439 191917 314849 255043 414667 630570 133804 137938 970393 674084 739349 999999999 715128 1062667 582575 515583 768139 676802 766530 714276 493471 592065 868523 567336 572272 450937 750072 923092 177247 965583 706957 550474 788129 577277 539569 662661 633274 308441 151896 606016 680638 259932 245451 583967 884167 689359 191693 349009 338602 854882 723395 409432 221503 727669 635719 754249 261504 463100 420831 766792 374326 274595 109789 155036 169533 931846 636962 560302 747281 704942 501942 687033 606779 404790 666996 85682 651702 722381 1063805 80592 368517 528892
685509 458651 445658 649370 176502 519846 831133 698500 454102 414381 277983 558750 457818 686808 704748 478999 497231 837933 612350 814856 558316 954279 584692 608803 708978 648602 272382 640222 658991 715128 999999999 348834 265244 582861 394852 620303 172364 98347 738232 275886 399866 272065 391462 399894 307770 329898 879012 260543 12885 448496 207735 343132 448124 577513 385552 424393 855461 116283 506753 643686 570526 144683 373661 525270 542575 561353 704276 341454 209871 483387 604314 229502 234359 357888 846421 435009 443766 648682 358624 554484 807691 560380 553962 318585 560610 732131 340190 410538 367055 326739 592946 476497 631139 781731 164440 570410 348679 705132 501229 428629
1001789 590019 745544 794496 525245 842144 1171710 1028655 774822 65558 185593 808286 802871 960570 1047757 827494 730404 1186280 946069 1151196 875995 1297357 904922 830833 1057010 996840 176760 893526 840130 1062667 348834 999999999 569696 845551 586277 870911 341273 379236 1013165 573506 460797 555789 644670 701273 463786 311460 1223329 156213 356151 704433 343098 602430 708544 784370 609152 765059 1200309 457150 748378 984572 914744 481034 413967 716946 891320 893506 1013355 404916 443404 809275 949258 417636 519910 508001 1175899 752754 747354 815692 706170 896617 1152457 908340 898987 282766 777644 987551 496072 591982 655658 525946 823435 780202 886079 1126780 463072 749203 35356 1048438 833547 695587
667002 664515 181643 824674 192604 510968 731411 644314 462624 632436 540106 303430 377214 739931 498102 328431 256721 688693 557036 731824 553748 837354 335276 729836 531863 477386 428735 380575 808526 582575 265244 569696 999999999 663901 219826 362190 424446 193469 784215 16959 641392 404483 520815 461738 528916 592779 759411 433454 267900 561548 460335 479266 556113 716238 544549 376009 734143 248213 259381 431532 374692 261628 623551 683594 391013 329715 698512 589523 147050 242278 410209 456040 56066 571288 781909 183304 490411 809575 218485 350523 689487 437109 457179 583135 692832 803618 554298 595591 458922 518783 707965 515567 371136 663467 108183 732009 557345 602042 271645 533187
251242 340383 747050 298813 486137 223390 502248 333875 225592 900777 673968 918806 376613 116875 692344 496872 902468 621323 313243 455765 204013 623674 757047 115017 618311 577107 842270 969319 223781 515583 582861 845551 663901 999999999 880956 959957 505476 651580 168713 680684 467689 311094 201521 202493 394111 585443 577474 823915 570022 141355 502926 246793 138357 153264 240039 336127 566190 481989 896450 675585 605016 453227 503398 201066 504239 689077 232610 487935 733878 680887 613304 427981 687080 364932 436568 689973 176300 252013 498925 618016 530069 449551 395461 606962 131425 149278 369573 282384 218290 324403 91806 158993 959753 515677 648967 219294 863485 444590 658889 155157
883641 844432 259812 1020826 398724 730068 926244 855143 682450 638122 625087 233352 590395 959486 634433 522907 151226 860157 769517 932740 772774 1021761 425536 941112 692562 646481 412967 315727 1013439 768139 394852 586277 219826 880956 999999999 292626 567052 296739 1004009 203850 794712 605469 726746 678464 697800 712056 944685 430421 403650 772109 602051 682230 767588 923179 742463 593932 919365 431803 173320 568409 534628 453333 767356 884311 579158 455383 916303 735794 185182 371470 567568 620082 195286 745620 987503 309936 708988 1010899 428871 506164 877668 634696 662806 695044 901134 1022375 727944 784716 671190 703137 920227 734831 309673 852533 248514 932260 562298 799640 411726 744874
882742 1020032 214655 1165311 543645 761861 842794 826785 736579 925862 883672 63116 599686 1009274 476809 490663 141926 731988 755121 865327 800290 907981 262789 1045778 563725 539162 701609 23104 1136734 676802 620303 870911 362190 959957 292626 999999999 785489 532922 1043942 348441 1003510 749551 854836 769576 889519 950200 837582 716918 624963 884810 821493 819195 877309 1042643 888627 628208 813927 608821 122549 424378 434516 619052 985518 1020997 521018 328440 922077 951582 435829 290383 455340 817826 385968 930059 931215 270040 784930 1143657 461114 406884 781946 588641 635097 938238 1017027 1081793 913447 946438 782415 873915 1021714 801310 18765 760890 455879 1069057 849333 733659 324236 854762
666258 302117 598403 503846 276075 512261 854731 701363 445621 399360 186588 725080 504906 619757 804199 562299 667049 893424 623629 828549 542737 983554 719233 501080 788959 728468 353764 804520 529131 766530 172364 341273 424446 505476 567052 785489 999999999 270318 672390 437339 227794 218939 304067 364751 150740 175325 913204 331327 164490 364129 36038 261168 367793 459745 273659 458430 891867 194597 675275 749610 670618 201662 201827 397532 619346 684024 675156 169179 381915 616112 701097 81759 401790 202468 846392 576993 410550 512048 456300 660507 844483 618840 597310 174035 448761 649722 185852 272940 316651 195027 490647 442844 795185 819994 332632 437305 358049 738641 625898 354369
725153 554807 374103 741669 189406 558906 844400 726238 496741 443223 351914 470438 469501 749010 671985 465470 404745 831931 637978 834065 599892 962247 527065 688739 689732 630996 256868 553699 746170 714276 98347 379236 193469 651580 296739 532922 270318 999999999 798995 200009 498030 346608 469694 457918 404957 421092 885247 254889 107959 523597 305346 421834 521780 661449 471499 446008 860786 169614 416019 607588 540910 198441 470890 613152 530698 514334 748420 439110 111606 430182 576066 326697 150497 454441 872635 374828 498563 738190 342363 520921 813676 559932 563213 406970 642755 800215 436708 502755 433294 419207 671136 529951 544943 787366 85296 659450 369883 715374 454459 500788
194889 497684 838243 404750 621964 282995 426416 285049 321816 1068982 842615 1010237 444258 52642 705600 557190 1005633 573465 311983 374340 243655 529935 815370 232259 617085 589932 1003146 1050118 315543 493471 738232 1013165 784215 168713 1004009 1043942 672390 798995 999999999 800384 630934 470044 368496 341093 562616 753228 501632 985902 725570 308853 671039 411844 304642 286393 408726 420339 497217 631142 996301 704900 646634 601598 668657 350196 544563 743955 155358 654802 871834 755127 645637 595925 815023 531936 332514 776921 301491 352979 593271 665915 472171 479569 425194 775174 274788 75636 537373 447788 371490 493110 222629 271927 1040989 465556 785660 352473 1030378 413589 726096 318653
681727 680337 174109 841313 209284 526458 742386 657785 478701 635698 549074 289035 390963 756279 501364 338549 240566 696559 570782 743692 569209 847024 332486 746794 538055 484433 429001 367210 825420 592065 275886 573506 16959 680684 203850 348441 437339 200009 800384 999999999 655582 421157 537698 478569 543937 604505 769114 434769 279139 578505 473298 496051 573072 733163 561171 391019 743811 263481 243805 434503 380076 277559 637077 700360 400377 330589 713559 603153 143706 242299 415478 470596 54536 586705 794543 181505 507041 826380 231241 355189 699494 448072 469533 594293 709775 820185 569652 611843 475880 534722 724917 532042 357853 673561 115333 748769 560185 613282 273513 550145
690861 141270 806779 336232 469730 570360 919182 750917 513904 498306 276257 944616 624280 582050 956056 711160 890538 993602 690585 882393 586524 1048721 908476 411790 921005 863363 540957 1021499 392634 868523 399866 460797 641392 467689 794712 1003510 227794 498030 630934 655582 999999999 311338 305312 419387 125761 150194 987456 514848 391380 348063 193521 291629 357174 358257 245457 570884 969787 396163 897332 910108 828803 390816 47137 288228 757712 863157 685778 63359 609636 806704 854564 186510 624714 115032 881945 776775 455851 363298 626598 824875 925279 738645 703037 178614 361104 584817 121321 186090 367155 181520 413051 480471 1011954 903859 556826 307362 489858 822023 808984 357649
447486 277174 538648 420224 211880 294430 641070 483765 228663 616125 404372 697042 314696 417902 644943 400503 660230 694107 408789 612343 323865 770762 613222 342519 610756 552550 533110 764241 408008 567336 272065 555789 404483 311094 605469 749551 218939 346608 470044 421157 311338 999999999 123592 145989 186884 357181 702824 515990 259197 177350 230839 76986 176316 318765 140248 262355 682638 179176 660511 600427 519083 153572 319824 279708 446417 561442 457615 288930 439672 515078 543874 162539 411403 204969 627880 496628 191960 406160 325520 516879 636012 429991 398659 368407 298180 460286 192939 198105 100641 137405 324543 224584 754419 612554 359684 328009 568841 530346 510971 156564
389072 216582 641042 310861 329529 266623 613962 445685 215536 700826 476259 805307 349347 315901 691132 456576 774019 694842 386710 577192 281212 743423 694573 219069 640581 587021 643342 868023 287761 572272 391462 644670 520815 201521 726746 854836 304067 469694 368496 537698 305312 123592 999999999 123261 205397 398638 682818 624184 378592 60234 302988 48331 63909 196436 61315 295611 665689 302767 772576 656018 576293 276859 330894 166197 489368 635750 388705 308358 563130 602263 595545 227734 531881 191030 579066 593197 152547 289897 408977 579885 621908 456431 413454 417176 174895 347676 189252 132785 80653 133563 201795 175306 858201 601285 482451 214230 662116 520156 591497 54776
301525 339811 555076 413124 284836 153912 504486 341799 94566 761969 549408 724907 228333 291240 569839 340322 703737 574870 272989 472177 179089 634566 588163 276224 517405 464263 669209 780646 370264 450937 399894 701273 461738 202493 678464 769576 364751 457918 341093 478569 419387 145989 123261 999999999 306435 492666 570132 653959 387472 122319 374761 128054 112804 276542 183159 175591 551588 290320 698981 537361 458834 260695 439038 270795 368507 525612 312208 412394 534036 501606 476107 303029 484699 304483 483649 501513 46081 382396 311008 464707 506451 333342 290300 506927 249920 346524 298920 255653 53088 238961 252351 79056 770923 484652 448442 315019 713491 402691 485979 92903
593754 152359 688235 353212 349630 460065 810701 645727 399699 513859 283728 832085 501253 510984 830763 585692 782481 876123 579421 776964 480997 940751 784385 367262 797585 739434 501762 906687 382524 750072 307770 463786 528916 394111 697800 889519 150740 404957 562616 543937 125761 186884 205397 306435 999999999 193469 876512 478210 297186 258851 129242 179425 265866 320735 154484 448404 857730 280850 787487 784403 703113 271565 134102 254337 633113 737970 594100 105963 514987 683112 729068 78287 518045 51790 782755 655390 346847 363166 501247 699115 812203 616256 582810 213287 314036 528656 35235 128599 253354 71872 360953 374675 897030 789858 452865 290486 486545 707622 684291 260165
785893 286050 770070 486145 451369 646361 996209 834294 583064 348176 129388 888603 665212 702177 975965 732259 825591 1050115 763880 964842 670312 1126212 894408 546427 955738 895747 407214 970071 538969 923092 329898 311460 592779 585443 712056 950200 175325 421092 753228 604505 150194 357181 398638 492666 193469 999999999 1059470 380237 325543 452165 143373 369244 459310 495273 347287 615417 1039581 369919 836021 922834 843181 376109 103072 425355 786925 859219 787265 101486 529220 791296 872839 195434 564252 221875 973759 751173 535389 511369 630007 834103 993099 780597 753726 28704 493854 714746 215891 307730 440015 265297 543932 564714 960956 969725 494333 450799 341493 887497 801198 453409
327752 889326 696573 874694 705011 417230 76094 244743 477127 1288123 1099113 833956 421207 513445 367426 431081 870793 116775 297214 127318 403068 77952 575162 688730 274098 303727 1139938 832528 793047 177247 879012 1223329 759411 577474 944685 837582 913204 885247 501632 769114 987456 702824 682818 570132 876512 1059470 999999999 1133758 870007 648550 931172 697901 638149 730717 743756 458868 25360 766515 851329 413323 416115 742316 1009052 771278 368837 514718 355678 982474 899188 582146 387878 865361 812171 872503 180795 638018 531654 825695 548682 445491 71599 326281 325052 1071227 707935 576383 868256 811619 623186 808706 667994 507609 826197 97883 825797 795998 1226704 175222 540908 632839
945071 623561 602531 829342 429021 779902 1088771 958963 713737 209013 256006 654614 713774 933614 925161 719514 575811 1085094 872550 1074196 817788 1209955 767080 830708 944616 885795 27253 739677 859896 965583 260543 156213 433454 823915 430421 716918 331327 254889 985902 434769 514848 515990 624184 653959 478210 380237 1133758 999999999 271603 684063 349002 577405 685835 790783 602233 683390 1109713 376825 594393 859995 795173 405028 471999 728818 784625 762508 962511 452357 297056 675686 830454 412960 380267 528610 1106849 616186 699048 841376 596375 774461 1062192 810644 809323 353821 778938 971695 513296 603842 615706 526144 818869 732112 732455 1036008 331944 767908 132416 961367 703520 668989
673926 447638 447415 637489 169250 508430 821512 687762 442515 421638 278676 563706 448810 674110 700250 472607 503398 830181 601854 804730 546694 945068 583864 595989 702824 642339 283990 644656 646537 706957 12885 356151 267900 570022 403650 624963 164490 107959 725570 279139 391380 259197 378592 387472 297186 325543 870007 271603 999999999 435611 200190 330262 435242 564842 372945 414534 846559 105536 512405 639708 565848 133426 366220 512847 535844 559009 692403 333660 219033 482122 599401 218900 239342 347007 835710 434942 431465 636439 352998 550342 798760 552380 545000 315245 547858 719290 329290 398586 354331 314788 580094 464239 635503 772854 169551 558104 357020 695887 498991 415761
342893 240881 670199 290810 373397 239375 577395 406935 200535 760150 534526 837756 347997 256342 687697 462183 811158 669547 356615 537696 245691 705604 710123 169009 629614 579117 703003 896835 251928 550474 448496 704433 561548 141355 772109 884810 364129 523597 308853 578505 348063 177350 60234 122319 258851 452165 648550 684063 435611 999999999 362205 106852 10926 157835 105345 296526 632893 354964 808231 657849 580081 327744 378121 149078 487552 647911 338396 358410 613498 622200 596167 287072 576824 237156 534107 618967 133109 261209 430163 586662 590829 447294 399946 471996 132565 287648 238445 164623 103331 187419 148826 145728 887055 571713 531057 192703 722155 492315 607707 30250
675310 276863 633774 481203 308850 525246 871005 714578 459423 397946 175321 761110 527702 618547 833100 589993 703018 915189 639049 843091 553744 1000376 752759 490404 815046 754777 372717 840494 511534 788129 207735 343098 460335 502926 602051 821493 36038 305346 671039 473298 193521 230839 302988 374761 129242 143373 931172 349002 200190 362205 999999999 263277 366864 446569 266175 479688 910315 227952 711298 779561 700052 232853 166031 381993 645745 716276 682065 133771 416870 649648 729962 75280 437813 179747 858193 611511 419929 492388 486644 690764 863196 642447 618625 145603 437507 644479 164295 256244 324634 183754 481630 451515 831150 839077 368615 419484 362961 757298 658535 355364
417026 225041 606510 346877 286968 280934 631457 466369 222389 659821 438126 768171 340662 359209 680437 440675 734033 702037 400687 597553 301744 761472 669415 266954 636197 580544 596198 833114 331214 577277 343132 602430 479266 246793 682230 819195 261168 421834 411844 496051 291629 76986 48331 128054 179425 369244 697901 577405 330262 106852 263277 999999999 108485 241797 71437 286471 679546 255722 733495 641403 560684 230523 311151 204364 478927 613385 420591 285172 516455 574362 582257 188295 487884 177000 604535 561194 167422 330366 381701 561946 634497 452221 413372 385604 221504 394319 170895 140589 75527 110912 250052 195650 823284 612692 436670 252796 618772 530689 566381 93284
333687 251416 662664 300434 368885 228507 567154 396829 189740 764728 539853 830656 337654 252031 677104 452216 804877 658721 345897 527714 235198 695499 700897 173787 618772 568368 704468 889158 259636 539569 448124 708544 556113 138357 767588 877309 367793 521780 304642 573072 357174 176316 63909 112804 265866 459310 638149 685835 435242 10926 366864 108485 999999999 165515 113340 286391 622392 352745 801682 647540 569923 325165 386586 159359 477094 638386 329989 366329 610420 613486 585805 291623 572314 245616 524807 610984 122297 269947 421756 576716 580222 436535 389083 478762 139723 286026 246377 174469 97251 194184 152682 134841 879388 561030 527527 202449 725828 481547 598594 22960
404310 218515 828025 148856 525706 358027 655511 486863 339021 833012 602440 995470 492752 244613 824978 610733 967749 772142 460577 608860 347896 776483 863791 55044 757783 712217 812511 1054616 94127 662661 577513 784370 716238 153264 923179 1042643 459745 661449 286393 733163 358257 318765 196436 276542 320735 495273 730717 790783 564842 157835 446569 241797 165515 999999999 192313 444454 719248 497264 965308 801137 725900 472320 400646 70202 629113 799763 383654 393828 758109 778146 738819 377989 728302 277478 587395 776492 274554 108301 587009 734964 682537 581381 529723 520532 27308 229930 288414 192400 260712 264720 65822 273556 1044841 667469 678408 67631 807252 594452 762055 187903
446213 157602 676589 280155 351971 327883 674512 505633 276409 662616 434472 836791 406159 356842 747407 509745 800463 756078 447910 637058 341582 803775 740786 228546 699447 645084 623098 902888 274684 633274 385552 609152 544549 240039 742463 888627 273659 471499 408726 561171 245457 140248 61315 183159 154484 347287 743756 602233 372945 105345 266175 71437 113340 192313 999999999 352068 726786 311545 800734 710142 629759 289143 273381 142351 545598 684395 443322 253080 571488 645787 650392 192880 549651 132492 636977 632096 213862 268699 453133 631834 683129 515191 473380 367749 177437 378445 133111 72779 136107 84434 217052 236148 893059 662574 494843 189892 628996 581470 637733 112192
291401 509586 418918 586168 257317 138259 407208 280482 110556 829629 642672 591312 54200 382268 395571 166361 585421 435504 192020 390810 180184 532320 422225 434007 350510 294134 692370 636213 536079 308441 424393 765059 376009 336127 593932 628208 458430 446008 420339 391019 570884 262355 295611 175591 448404 615417 458868 683390 414534 296526 479688 286471 286391 444454 352068 999999999 436397 309597 575967 361772 283556 284211 581987 445588 193766 356112 322540 551286 488236 345082 300569 420191 415771 459373 426644 358816 170052 552280 172995 290795 388620 167867 138964 623586 417211 453753 450073 424631 216084 390661 408774 177874 626796 363432 404444 488575 769585 283685 322914 267982
