NAME : synthetic_000747
TYPE : CTSP-D
DIMENSION : 100
GROUPS : 8
RELAXATION_LEVEL : 1
EDGE_WEIGHT_TYPE : EXPLICIT
EDGE_WEIGHT_FORMAT : FULL_MATRIX
EDGE_WEIGHT_SECTION
999999999 535064 207798 506930 293455 257169 435088 547793 543636 69052 647644 639412 539286 66531 464036 309955 558127 363257 742870 823521 586558 451693 529771 591133 599622 579529 71143 548086 280436 158627 568887 328464 298104 293158 449367 196947 313324 25860 264630 559154 766648 327347 112235 705937 675365 443150 420426 243358 132599 641823 380322 238201 536266 636132 561276 692120 554570 433999 638766 697435 363641 129701 311186 496863 276715 393036 566316 435348 380450 282999 476829 436152 455321 375673 519934 611606 581933 725630 708323 712124 378379 778806 182247 408546 439812 587204 365027 291017 281215 477484 360413 332036 427285 273328 86206 109594 355598 493523 417115 728016
535064 999999999 586813 457680 750890 446269 643083 166434 93110 524355 282355 868665 1011143 593755 975109 407729 679696 359460 830870 820784 613289 823398 144325 779706 76908 1035729 471351 433223 550174 380302 760788 282324 428693 771573 265541 467163 774412 520848 763011 227933 744834 744882 607595 181956 648831 784603 326359 765363 623526 121935 201465 762499 379179 526795 383902 161181 568057 697153 1109307 214367 620488 421358 680023 573148 776376 146926 1040579 819373 573381 625664 264054 150084 592421 566727 125868 981559 333969 797539 708734 641963 189945 754876 642436 729762 125326 584259 833357 601177 770087 810841 818025 453691 133179 369798 562600 445529 817111 60175 298333 614601
207798 586813 999999999 688862 469879 449297 642574 537558 561251 142907 770795 845354 681684 179774 573455 492307 763929 532326 949499 1025320 784997 644158 630069 798891 661580 729690 249706 721471 487031 246006 776666 313677 195245 194572 404530 393878 190111 188203 416576 681204 965437 516349 302805 728908 870906 244368 350531 367547 120427 667945 391572 358778 699396 817401 722781 724114 749884 641210 775583 783774 571414 293557 513111 696797 425192 441802 704967 625682 194623 75300 616090 535886 659346 580784 615043 796331 729204 931293 907952 903260 483472 977658 374636 612066 467074 782037 526119 498735 438872 676399 528505 523980 456706 225715 124021 285741 521998 563684 361658 913284
506930 457680 688862 999999999 518431 251113 255910 603304 541105 553363 298953 437480 730225 569048 759026 197849 234390 162180 373253 379928 155615 487577 325001 343856 456212 732985 444943 60973 282992 456419 329247 546633 651832 798560 627157 312737 820140 515301 575412 263804 306916 475428 487656 611993 205620 933177 656366 617442 639505 567484 509994 620672 100420 129329 116757 581301 110484 324369 813038 439151 283069 395523 398120 134312 586302 439127 758118 494682 797751 759657 194044 318826 182172 215887 338084 611979 181940 340250 260385 221467 314914 318500 465400 386081 488580 128244 585901 321898 567270 449576 562960 179294 481915 584125 586904 405968 566609 400472 632118 224569
293455 750890 469879 518431 999999999 322673 309086 806329 785236 357246 765211 422757 261665 291931 243403 380850 436067 449096 589732 706985 515402 183664 695123 412407 799392 293365 317001 577070 240690 425080 394740 606142 591548 439739 728889 285723 473389 319281 79776 690055 672330 64342 181304 932250 606844 660281 708078 146059 353186 869768 641363 154593 593553 627594 617984 911859 504779 262310 361329 861188 246980 345273 125789 433652 83715 629066 290807 162555 660592 537622 593731 617278 372239 306910 693062 326561 665707 585668 614905 658668 564883 683087 116987 198933 684775 534195 82475 196651 59328 230185 69730 360240 672255 563419 353258 323603 67124 697264 701395 694834
257169 446269 449297 251113 322673 999999999 233720 536234 498019 308835 446416 467739 574122 318130 563228 62554 330317 130211 516350 578265 336211 377595 373983 394786 485278 593718 199981 296850 104525 243242 372470 390547 453493 547580 501356 61672 569694 267787 358375 368151 516468 303951 242212 627657 421675 692689 506944 386741 389655 568045 390225 388115 294826 379791 320381 604028 300616 268689 669690 538702 186099 160442 234715 249649 370977 349524 603636 373112 583792 522890 272465 302653 222002 155081 373443 538304 355886 493476 459468 455849 256334 528697 236471 287508 408403 332863 402758 154938 357203 369664 384100 75199 397131 394689 339636 163846 384767 388574 489540 470857
435088 643083 642574 255910 309086 233720 999999999 756270 709252 500443 548858 235019 482208 478416 531729 243269 131769 283643 309273 406867 208075 233820 536805 162536 664363 480169 401568 316266 156872 470823 139948 624230 680528 690775 733470 264774 719707 454586 382275 497192 365248 251767 361970 817365 298195 875754 740655 439989 554713 763395 620072 446193 352273 336646 371714 789775 205036 68654 560179 678288 73892 380616 184606 136062 389820 571091 508991 243398 800343 717866 407203 493001 75441 80327 543652 358772 433908 295503 307006 351233 461015 376404 307504 135366 629221 230973 358774 148648 366663 193681 334639 193059 618939 625342 520810 375322 340129 582943 723014 390985
547793 166434 537558 603304 806329 536234 756270 999999999 74066 516489 448271 989093 1067340 594876 1009623 513134 812056 480239 974652 975971 757666 908485 308339 904643 223440 1098959 497486 586917 639553 390818 884238 228999 350809 731634 143410 539406 727011 527614 802156 392752 900378 813096 641444 203353 802068 696413 209444 790494 604359 154519 167740 785749 534633 684874 542372 209916 711875 802191 1167376 360663 720992 461209 758014 706709 815199 186730 1096095 900850 472050 557709 415109 284485 716025 676595 288719 1072270 497087 942670 860670 799861 298620 910890 690917 823246 127867 731504 887487 686993 813828 905468 875833 563228 139150 312651 549571 483533 873424 209899 187006 775792
543636 93110 561251 541105 785236 498019 709252 74066 999999999 521181 374287 939417 1046895 596414 998683 468035 756509 428253 913984 909618 696406 874606 236652 852721 150833 1075447 486702 520895 602463 385030 832953 247613 385252 752605 194625 508914 751294 525876 788280 320717 833794 786359 628838 168045 736577 738762 260092 782785 615089 106893 171452 778850 467657 616807 473933 163740 650787 758995 1146348 289874 679472 443792 726663 650334 801535 156243 1076033 868561 518975 590092 349718 223969 664183 630705 217533 1036317 426142 881314 795887 731980 248240 844068 672216 785299 103842 668837 867348 651780 797971 867299 854007 516779 116420 336293 556986 467289 852254 141832 234002 706107
69052 524355 142907 553363 357246 308835 500443 516489 521181 999999999 666371 707915 595286 80544 509309 355596 621052 401658 806749 882921 643387 519788 537793 658043 593520 637943 109019 589983 344436 145892 635688 289879 236862 263074 406125 251855 276800 46084 320420 576697 823843 394492 177790 687240 730321 384131 370043 288801 102084 623530 352022 282118 572798 682577 597128 676344 609239 501917 693736 701518 429987 159698 380226 554697 331595 378295 621407 503047 311447 218060 501327 442563 516479 437883 525705 678542 611030 788395 766078 764370 385942 836051 249361 477557 418602 641601 425086 358322 339182 546412 422437 383939 406515 222517 39780 147400 417103 489035 370266 776873
647644 282355 770795 298953 765211 446416 548858 448271 374287 666371 999999999 734318 1003212 714004 1007955 385410 529506 316830 635615 589591 432980 772840 154894 640512 234049 1013213 576507 245612 526833 527740 627106 514850 656987 929435 537057 497055 941527 644059 804787 89873 515378 735919 676973 368791 433511 998793 590690 830160 767402 346517 444014 830595 198658 301987 184090 336209 395419 615697 1092508 151867 560055 517944 659541 433207 817390 365420 1032179 776623 810587 826860 175447 238868 478348 492986 174796 907525 117134 599999 494104 408643 287570 523268 682346 670673 382700 397321 842122 576190 803246 741087 821405 406786 384085 588653 705849 538838 823326 253873 562323 368141
639412 868665 845354 437480 422757 467739 235019 989093 939417 707915 734318 999999999 465198 669993 570595 477290 205012 511220 214800 356124 309919 251161 751695 93809 882320 436607 619078 488762 380067 699057 109101 858090 906326 856864 968388 492389 889231 662035 502057 699642 360591 359327 546076 1037592 357353 1064597 974317 568791 743616 986822 855076 577346 537372 461080 550229 1008513 340709 208033 506503 876626 288114 606890 335276 304535 503828 804912 483025 273263 1016541 919583 618695 719205 276249 315308 761245 246693 617405 231432 323093 412359 691840 366423 477957 235969 862667 346283 428037 352072 479578 195027 407294 426580 852653 854634 721341 598249 415320 808591 957268 466705
539286 1011143 681684 730225 261665 574122 482208 1067340 1046895 595286 1003212 465198 999999999 519436 145320 627418 578836 693473 675892 813501 681634 251625 947964 506649 1057210 55370 573862 791146 479225 682529 498862 862527 831965 587107 985067 544269 621637 564191 275112 934528 801452 270433 431655 1192830 762820 822007 959579 314310 561490 1130670 901608 322942 818107 818709 840659 1171789 686141 415524 100207 1110637 447846 606135 344429 618251 263697 890730 29533 239113 876221 738186 837933 874458 557109 515748 947521 239292 895971 685600 751400 819416 823662 809921 376455 346960 946366 709553 179871 428240 258232 304951 193226 597633 933831 812608 581246 583930 194657 956544 955203 865486
66531 593755 179774 569048 291931 318130 478416 594876 596414 80544 714004 669993 519436 999999999 429306 373296 605361 428510 787660 874821 641339 464390 594503 629155 660293 563831 137541 611895 328473 213699 607380 369577 313398 229519 486588 256814 251999 73363 246175 625379 820519 336641 124259 761043 731551 397975 450289 209529 76355 697063 429087 202478 601561 697911 626678 748712 611395 469238 616998 761438 405201 196096 335626 551053 256516 449488 544896 445998 368660 251389 543360 500354 505842 425367 584140 617682 648260 772449 761768 770328 442706 832596 195291 435064 493060 644131 353687 330674 266576 497197 353500 392113 480741 302932 62325 176101 347523 554589 450800 788349
464036 975109 573455 759026 243403 563228 531729 1009623 998683 509309 1007955 570595 145320 429306 999999999 622857 646836 691349 770986 902302 739384 327827 931769 594112 1029286 200426 512758 818453 484037 618847 581936 792450 740731 455828 912708 520371 489547 486547 212174 931373 879889 284499 369847 1153974 827254 689702 879338 221179 456422 1090358 841902 227324 836602 862817 860878 1136088 735171 472379 214372 1099601 480165 555710 361110 664362 198808 843455 154980 308447 765487 622338 835455 849528 601951 544513 928193 370374 909109 775277 825642 881874 794773 889541 334799 401332 895496 762460 174080 438713 207502 386893 197853 603633 882831 731700 487771 531864 193259 924783 878740 922713
309955 407729 492307 197849 380850 62554 243269 513134 468035 355596 385410 477290 627418 373296 622857 999999999 317380 68580 498893 546741 303268 418551 322073 396620 439642 644007 247094 238659 149043 268428 375212 392765 474191 602614 495008 121246 623266 317557 419863 309303 480849 357107 303969 586930 382639 736658 508760 449259 442338 529508 379475 450665 233149 327156 258696 561610 263245 291019 721263 483246 212805 198783 284104 223708 432325 327840 656835 416647 612686 564135 212884 259506 211689 163463 323681 574135 293347 472885 425945 411493 220460 493035 298650 322495 385960 294091 459523 200907 417849 403190 439908 50913 375675 410680 389087 208200 441127 348375 488677 421413
558127 679696 763929 234390 436067 330317 131769 812056 756509 621052 529506 205012 578836 605361 646836 317380 999999999 332959 186748 275098 110883 327970 555036 111372 686441 566909 517568 283895 277809 573558 100879 710144 783729 821224 810164 374720 849630 575862 511454 498014 236353 375677 491773 842361 183996 1000907 826092 570670 681697 794609 693237 577104 333388 262226 345456 812367 136071 175891 645079 673046 204881 488348 314039 106549 518302 633701 603158 343358 912296 839111 421923 532943 108323 183284 566230 410155 412747 167503 179704 240754 513732 247028 439112 246003 689104 145585 477610 278813 494643 274260 453517 268295 680304 723724 644317 487120 459828 620357 805681 288838
363257 359460 532326 162180 449096 130211 283643 480239 428253 401658 316830 511220 693473 428510 691349 68580 332959 999999999 504576 534492 295189 478006 260494 424809 383394 708387 296087 189155 214248 295211 404801 390365 489981 656235 480820 185303 674903 367507 488311 241596 464170 423605 368531 534588 363252 775948 503296 516578 493976 479836 363114 517712 173053 287055 198194 507720 250950 339519 786275 417604 266952 241967 349277 229630 500813 300806 722805 477737 635590 601427 144957 209376 236127 208414 264357 629030 226787 475394 413183 383484 181649 476092 366681 379130 356235 278151 527280 265523 486427 457763 507331 99153 347349 422748 437578 256176 508756 299309 480637 385046
742870 830870 949499 373253 589732 516350 309273 974652 913984 806749 635615 214800 675892 787660 770986 498893 186748 504576 999999999 141803 217663 443456 695677 178877 825630 650165 704065 403514 462543 759445 195087 890379 969274 998135 985379 561458 1027762 761304 668694 626421 161968 525877 670620 980269 204829 1184711 1005440 732151 863972 938865 867690 739546 458396 334726 461686 948769 263199 331316 721127 786727 382825 674986 477443 276493 673446 803218 695230 463707 1098993 1024758 566941 690750 294585 369647 709959 461336 526466 35736 148524 245875 680154 164147 612732 390825 856113 247418 614450 457647 649017 384294 591521 451541 848348 908215 828924 673862 598918 773691 983881 300439
823521 820784 1025320 379928 706985 578265 406867 975971 909618 882921 589591 356124 813501 874821 902302 546741 275098 534492 141803 999999999 243509 574736 678539 308721 802491 789782 775849 389057 546518 814991 320415 924396 1020136 1094481 1007041 631478 1122136 839060 784045 600510 75990 644666 764833 952047 174861 1266279 1035642 844666 950827 918295 889921 851336 441971 295188 437290 919659 284689 444681 861773 740748 479700 738465 587696 328820 790167 818456 833779 593857 1159114 1099774 560863 693167 368980 449480 695494 602810 493976 127942 121411 181705 694399 66637 714036 510627 866239 256342 740215 552955 766121 515987 716636 505957 860223 954907 909434 741641 723619 767820 1011743 223464
586558 613289 784997 155615 515402 336211 208075 757666 696406 643387 432980 309919 681634 641339 739384 303268 110883 295189 217663 243509 999999999 430022 479296 218439 609960 672942 535298 190839 317499 571483 210892 685349 777020 866092 774158 391552 891888 600510 585781 413177 180462 459612 538731 765290 93005 1027480 798464 639725 716438 722290 656390 645062 244681 151970 251615 734166 45816 268495 751849 580977 269837 495840 389771 90469 594247 589044 706961 443369 915626 858937 349500 473443 145109 222240 493045 520833 318565 185026 123342 143338 465197 192677 496940 339505 640618 36526 566791 335405 571792 379447 542641 262925 633296 712332 671713 500021 548188 556028 775597 184265
451693 823398 644158 487577 183664 377595 233820 908485 874606 519788 772840 251161 251625 464390 327827 418551 327970 478006 443456 574736 430022 999999999 738443 266304 858193 246355 455016 548421 273277 555226 254696 732900 744429 623252 853353 369457 657001 477047 259099 712211 555405 128102 343247 1004195 511766 843198 843277 326102 531250 945296 752481 335234 580518 568741 601538 979625 435616 165677 326360 892459 213624 464766 152500 369056 258681 722989 277104 22370 829979 714626 617388 677339 309258 279896 741467 165723 660865 447502 503180 568161 633636 564558 270957 102251 781539 458266 176893 222915 235335 59163 156587 378865 769717 705923 523001 448150 164716 765041 832145 613874
529771 144325 630069 325001 695123 373983 536805 308339 236652 537793 154894 751695 947964 594503 931769 322073 555036 260494 695677 678539 479296 738443 999999999 660034 131462 965935 459661 293683 471080 393754 642675 361019 504790 798743 384053 411418 807742 521949 721604 84488 602549 677593 578277 287417 508116 851348 436206 736438 639873 243195 289150 735358 238865 383757 241255 257351 435088 597056 1042828 169607 527153 402490 605954 449346 734780 210923 977460 737786 657709 681809 133230 95342 477607 466281 20498 888628 189649 661562 568593 498761 152091 612342 597708 639528 229006 448260 776146 522971 724275 717538 757937 359642 229711 437474 577567 425567 758401 102121 407891 470378
591133 779706 798891 343856 412407 394786 162536 904643 852721 658043 640512 93809 506649 629155 594112 396620 111372 424809 178877 308721 218439 266304 660034 999999999 791011 486660 562198 394966 317860 633352 22636 784458 843039 830453 891098 427232 861281 611975 491818 606474 295910 348245 507887 946592 274770 1026988 900975 556268 704716 896839 776069 563977 443630 370314 456422 917187 247339 160911 561796 783001 228337 543054 305202 211516 496029 722235 528167 285917 961337 873987 526856 630939 188690 239731 670119 312990 523596 181217 249763 331363 606325 303847 445085 213705 779270 254463 435627 300167 471537 207372 412652 345726 769683 787738 675751 537245 420041 719807 882547 384018
599622 76908 661580 456212 799392 485278 664363 223440 150833 593520 234049 882320 1057210 660293 1029286 439642 686441 383394 825630 802491 609960 858193 131462 791011 999999999 1078778 533538 422474 586825 448169 773399 359101 505585 844418 338127 513727 848249 587005 817241 202069 726656 788283 665312 155956 634774 861456 400637 824006 693844 115993 278307 821722 367493 507396 367075 126196 566064 722664 1154057 140353 649827 480772 719918 580626 830589 219982 1086735 855966 650045 701854 264533 182854 607402 591520 121167 1012136 308680 791230 695655 621289 234820 735944 694825 761319 202229 578322 881556 638605 822676 840844 864933 481544 209994 446262 632328 504898 864613 106265 372920 588386
579529 1035729 729690 732985 293365 593718 480169 1098959 1075447 637943 1013213 436607 55370 563831 200426 644007 566909 708387 650165 789782 672942 246355 965935 486660 1078778 999999999 609678 793928 494974 718086 481157 898928 874795 640615 1021667 568786 675250 604840 317827 947855 782568 290895 469746 1217676 750450 875447 998699 362266 609285 1156232 934563 371216 824103 814490 845810 1195617 681113 411978 80073 1125947 453808 638351 359981 615283 307323 919706 52973 238342 924311 787920 851666 895957 555604 521576 966611 199228 903445 662401 734784 807459 846874 790442 410151 346928 976240 702639 215021 443193 298859 293495 223635 610782 963808 852518 625998 616907 226798 979930 993183 855444
71143 471351 249706 444943 317001 199981 401568 497486 486702 109019 576507 619078 573862 137541 512758 247094 517568 296087 704065 775849 535298 455016 459661 562198 533538 609678 999999999 483105 244726 108667 539619 289255 291495 360832 412001 144422 378826 71422 304794 488017 715746 338324 144029 645651 621624 492716 392390 296206 198022 581600 330054 292558 468604 574243 493371 630244 500548 411123 674053 627885 334257 58565 305825 447179 317778 332873 602022 441303 399147 323928 405988 366639 411443 334418 450320 619315 511971 684308 658252 655356 308831 727965 200076 397111 383146 532837 395128 267057 317375 472365 386479 275005 370492 251191 142155 39935 382926 427274 384629 668088
548086 433223 721471 60973 577070 296850 316266 586917 520895 589983 245612 488762 791146 611895 818453 238659 283895 189155 403514 389057 190839 548421 293683 394966 422474 793928 483105 999999999 339495 482559 381942 554105 668966 841068 624592 358246 861149 554310 632114 223071 313490 535356 537446 576775 215729 964973 659328 672028 680077 536568 509424 674867 54982 104531 61665 545256 150544 384835 873985 390943 343803 430492 457902 190302 643277 434338 819066 555637 818373 790282 171821 304858 241914 276402 309220 670946 129082 368884 275521 215499 312108 324109 519574 447011 479161 157063 645692 380421 624792 509813 622900 229488 473898 599853 625160 443419 626406 379065 633789 203381
280436 550174 487031 282992 240690 104525 156872 639553 602463 344436 526833 380067 479225 328473 484037 149043 277809 214248 462543 546518 317499 273277 471080 317860 586825 494974 244726 339495 999999999 318995 295241 482551 526844 549478 597762 112569 576217 298830 292644 455481 494170 209616 221234 731198 409792 723100 597774 335372 404658 672049 489814 339107 353091 401348 377710 707035 293350 173733 572379 631632 91956 226937 135181 227283 303785 453022 508558 269495 643676 562316 358829 404950 177700 97112 472313 433864 425168 445293 435124 453890 360364 506118 184822 183696 511868 325676 315454 51928 285599 265918 294571 120183 500404 474613 366586 219611 296568 492018 582505 480453
158627 380302 246006 456419 425080 243242 470823 390818 385030 145892 527740 699057 682529 213699 618847 268428 573558 295211 759445 814991 571483 555226 393754 633352 448169 718086 108667 482559 318995 999999999 610771 181170 210436 404990 303867 206826 414682 141469 412746 437879 749203 443148 252137 548033 650462 485107 288104 399867 247496 483962 223079 395351 456345 582238 479048 535131 531634 492213 782721 556005 410943 92943 403519 489178 425608 235837 710683 542988 344259 309868 370097 298415 465240 395707 380927 720640 483259 735958 694343 676273 242847 761377 308095 488621 281224 562234 503706 352309 425862 567228 494691 310283 268719 155703 185302 107090 491292 343300 278202 680202
568887 760788 776666 329247 394740 372470 139948 884238 832953 635688 627106 109101 498862 607380 581936 375212 100879 404801 195087 320415 210892 254696 642675 22636 773399 481157 539619 381942 295241 610771 999999999 762336 820426 809879 869386 404611 840524 589627 473869 590746 302593 330811 486449 928781 273756 1005285 878848 537808 683044 878432 754569 545377 429435 362736 443114 899594 236452 140024 557400 768223 205866 520429 285230 195710 478446 701377 521204 273495 938751 851790 509633 611695 168785 217466 652370 313415 510022 194129 253631 330787 586133 311170 424282 195808 758586 246213 420943 277994 453997 196427 397679 324300 748901 765211 653620 514611 404909 700801 860544 382215
328464 282324 313677 546633 606142 390547 624230 228999 247613 289879 514850 858090 862527 369577 792450 392765 710144 390365 890379 924396 685349 732900 361019 784458 359101 898928 289255 554105 482551 181170 762336 999999999 147147 505833 122751 371239 503763 306092 590603 432024 852962 623658 431038 415246 751657 502433 116518 571507 375402 354400 80963 565961 513267 658628 530536 410817 641313 655604 962640 491672 572740 268250 580495 613948 603177 150626 890423 721649 297309 344937 400539 280138 603845 544973 342208 898610 511097 862962 803262 765858 247616 864711 489160 660517 157735 668191 684275 522194 604960 740964 675695 442284 149147 89078 321441 286307 672180 273302 100053 757370
298104 428693 195245 651832 591548 453493 680528 350809 385252 236862 656987 906326 831965 313398 740731 474191 783729 489981 969274 1020136 777020 744429 504790 843039 505585 874795 291495 668966 526844 210436 820426 147147 999999999 388662 212093 415839 379988 272268 557254 571678 952245 623340 410325 549367 852106 356046 155373 522664 290091 491587 227359 515301 634068 772270 653827 548755 735587 698555 930094 638819 618634 300120 596971 697189 568333 296425 857858 729546 154174 206901 529144 419083 675409 606061 486608 907086 642664 945179 898911 873297 378568 964316 479161 688432 303492 765099 661583 555974 575992 763773 658095 518661 295664 70104 253122 308169 653035 420081 168249 871379
293158 771573 194572 798560 439739 547580 690775 731634 752605 263074 929435 856864 587107 229519 455828 602614 821224 656235 998135 1094481 866092 623252 798743 830453 844418 640615 360832 841068 549478 404990 809879 505833 388662 999999999 599036 486146 34900 289717 365753 839734 1043648 499978 329656 920613 957416 234902 543977 300425 163241 858815 581634 290855 829126 927370 854018 914360 838143 669863 669571 959661 616913 417691 525804 775624 368672 624868 604869 601802 344569 200006 763666 703404 726848 646391 785741 751906 872002 986215 984597 997892 647562 1055593 385780 622536 655618 870880 467921 542466 390047 668651 478983 621273 644639 419146 223737 400703 471061 742804 555997 1017280
449367 265541 404530 627157 728889 501356 733470 143410 194625 406125 537057 968388 985067 486588 912708 495008 810164 480820 985379 1007041 774158 853353 384053 891098 338127 1021667 412001 624592 597762 303867 869386 122751 212093 599036 999999999 488230 591744 426231 712608 465268 933396 745786 553466 346526 832407 553058 66401 691545 483891 294362 117796 685671 577783 728015 591150 351080 728917 769267 1085144 478379 686314 389547 700853 709709 725082 190423 1012881 842651 328777 418010 458389 325620 706429 653363 363611 1019058 559190 956105 887330 839899 313110 944731 611905 778216 155207 753245 806975 639656 727313 859340 798446 545713 156113 186831 434506 408356 794927 283191 44299 824571
196947 467163 393878 312737 285723 61672 264774 539406 508914 251855 497055 492389 544269 256814 520371 121246 374720 185303 561458 631478 391552 369457 411418 427232 513727 568786 144422 358246 112569 206826 404611 371239 415839 486146 488230 999999999 508617 209203 311065 415226 571999 278237 183295 649046 479112 635928 485881 333116 329068 587447 383596 333695 354361 441269 379899 627572 358120 286275 642163 579396 204351 115844 218642 302935 324102 354947 573751 361445 538034 468307 321708 331570 267705 192552 408271 534190 412079 540776 514236 515185 279495 584205 187198 289990 413066 390664 367829 151428 312899 371308 351451 135383 401049 362263 280775 112408 350951 412283 471289 531662
313324 774412 190111 820140 473389 569694 719707 727011 751294 276800 941527 889231 621637 251999 489547 623266 849630 674903 1027762 1122136 891888 657001 807742 861281 848249 675250 378826 861149 576217 414682 840524 503763 379988 34900 591744 508617 999999999 307403 399990 851682 1070167 533146 357878 919006 982729 200495 534565 334935 181079 857927 581237 325345 847360 949249 872035 913975 862941 700508 703513 966469 645815 434450 557146 801447 403119 628292 639178 635641 323150 182561 778063 712530 753855 673293 794079 786598 887731 1015210 1011199 1022192 657494 1082165 416242 654436 656269 895687 502633 571156 424305 701830 513503 643987 645645 415772 238536 418752 505605 748087 548158 1040263
25860 520848 188203 515301 319281 267787 454586 527614 525876 46084 644059 662035 564191 73363 486547 317557 575862 367507 761304 839060 600510 477047 521949 611975 587005 604840 71422 554310 298830 141469 589627 306092 272268 289717 426231 209203 307403 999999999 289285 554980 780879 353024 138089 689477 688304 427273 395898 265466 126684 625417 360606 259871 540002 644630 564741 676533 567286 455878 663518 688439 383959 128090 335496 511351 301202 377219 591067 460859 356254 263485 475286 427525 471841 392848 511276 637285 582488 743289 722859 723619 369982 793069 207984 432288 422209 599791 390503 312240 306304 502110 386119 342977 409778 248510 71864 111350 381249 481252 393216 737773
264630 763011 416576 575412 79776 358375 382275 802156 788280 320420 804787 502057 275112 246175 212174 419863 511454 488311 668694 784045 585781 259099 721604 491818 817241 317827 304794 632114 292644 412746 473869 590603 557254 365753 712608 311065 399990 289285 999999999 725313 747159 144094 160766 942193 678098 591428 685050 67112 296710 878692 634838 76142 643365 690242 668415 924041 571876 339675 374239 890192 315945 344595 197718 501225 13367 632569 301789 237204 610477 479863 630438 637986 441154 370666 717376 389187 711365 663859 689195 728496 582883 758132 123954 278157 685561 602309 109709 256179 24338 308555 115243 407502 672904 537793 308445 320993 107852 712627 681463 762188
559154 227933 681204 263804 690055 368151 497192 392752 320717 576697 89873 699642 934528 625379 931373 309303 498014 241596 626421 600510 413177 712211 84488 606474 202069 947855 488017 223071 455481 437879 590746 432024 571678 839734 465268 415226 851682 554980 725313 999999999 524639 665043 592561 354374 432989 910422 514835 747555 677874 317786 364963 747563 168546 305359 165544 322582 370852 561408 1026337 181201 498617 429496 590109 395108 738141 285113 963785 714041 725702 737937 96671 152618 431651 433626 104527 854707 107374 591609 493965 419518 198446 534000 601950 610923 310107 380064 768768 506291 725149 685293 748919 337208 309595 502682 616221 450807 750298 185915 486754 388476
766648 744834 965437 306916 672330 516468 365248 900378 833794 823843 515378 360591 801452 820519 879889 480849 236353 464170 161968 75990 180462 555405 602549 295910 726656 782568 715746 313490 494170 749203 302593 852962 952245 1043648 933396 571999 1070167 780879 747159 524639 999999999 612000 714832 876570 101341 1207922 963267 805193 895953 842422 816571 811297 366138 219284 361300 844220 217612 411869 857481 666881 435412 675659 549472 269801 754288 744313 823616 572893 1093434 1039309 485309 617963 317169 397357 619513 604304 418251 133162 59135 106752 620447 12231 668458 481086 791445 187203 712788 506218 730758 498174 688796 442669 785617 886159 851983 680312 695305 692019 939022 152811
327347 744882 516349 475428 64342 303951 251767 813096 786359 394492 735919 359327 270433 336641 284499 357107 375677 423605 525877 644666 459612 128102 677593 348245 788283 290895 338324 535356 209616 443148 330811 623658 623340 499978 745786 278237 533146 353024 144094 665043 612000 999999999 216928 926837 549905 716410 730350 210003 403158 865542 651446 218327 556486 578541 580153 904723 452214 200500 365852 840352 195774 356750 77606 381126 147793 631279 299903 109368 703351 586559 568376 605429 318912 260203 677387 284262 631777 522450 555149 602900 555988 622552 145179 135096 688582 480490 110608 159767 123294 168686 87545 329195 676298 589103 395854 337433 91334 689045 721345 641215
112235 607595 302805 487656 181304 242212 361970 641444 628838 177790 676973 546076 431655 124259 369847 303969 491773 368531 670620 764833 538731 343247 578277 507887 665312 469746 144029 537446 221234 252137 486449 431038 410325 329656 553466 183295 357878 138089 160766 592561 714832 216928 999999999 785014 630921 519705 528954 158869 197725 721209 474077 157214 536978 613203 562533 768033 513452 347247 531688 747879 288097 186481 211389 448462 173762 473699 459416 325877 486747 375424 501656 490027 397711 317516 571876 500784 595238 657432 655716 674008 433283 726703 72317 310864 525720 546008 254746 213342 173948 373606 248842 308636 513055 383109 180098 162428 244335 559598 523737 697789
705937 181956 728908 611993 932250 627657 817365 203353 168045 687240 368791 1037592 1192830 761043 1153974 586930 842361 534588 980269 952047 765290 1004195 287417 946592 155956 1217676 645651 576775 731198 548033 928781 415246 549367 920613 346526 649046 919006 689477 942193 354374 876570 926837 785014 999999999 786997 898982 412734 941484 782389 64119 339419 938116 521873 657921 519902 32601 721647 874000 1291137 231633 799099 598564 861760 736465 955542 313073 1222243 1000615 675297 755568 420438 327439 762166 742974 276474 1161038 458685 945648 848053 770367 371555 885409 822725 909420 268676 733223 1014724 782437 950064 989961 999655 631256 280725 503532 723679 622587 998635 239181 389622 734202
675365 648831 870906 205620 606844 421675 298195 802068 736577 730321 433511 357353 762820 731551 827254 382639 183996 363252 204829 174861 93005 511766 508116 274770 634774 750450 621624 215729 409792 650462 273756 751657 852106 957416 832407 479112 982729 688304 678098 432989 101341 549905 630921 786997 999999999 1114336 861941 732555 806159 749933 715448 737952 269710 131526 267711 754940 121082 354919 828215 585251 362271 579314 481489 182521 686366 643628 787139 526674 994463 944179 387111 518691 238011 315086 524314 586978 328790 169158 61105 57151 519616 113055 589911 426057 691439 88913 655757 428407 663705 458224 631581 346952 685374 785645 759870 585215 637401 594756 837738 109507
443150 784603 244368 933177 660281 692689 875754 696413 738762 384131 998793 1064597 822007 397975 689702 736658 1000907 775948 1184711 1266279 1027480 843198 851348 1026988 861456 875447 492716 964973 723100 485107 1005285 502433 356046 234902 553058 635928 200495 427273 591428 910422 1207922 716410 519705 898982 1114336 999999999 487602 528867 322284 843883 583149 519212 941202 1061592 964101 901117 993258 866728 903838 993260 802884 537924 729342 938569 596051 648663 839672 822608 227088 175240 852539 760340 898452 818794 834453 980434 966656 1168372 1150044 1147425 712142 1220125 586640 828659 659498 1025551 697420 728536 615694 883792 706405 767628 651464 416958 357007 529645 698756 773081 509476 1157633
420426 326359 350531 656366 708078 506944 740655 209444 260092 370043 590690 974317 959579 450289 879338 508760 826092 503296 1005440 1035642 798464 843277 436206 900975 400637 998699 392390 659328 597774 288104 878848 116518 155373 543977 66401 485881 534565 395898 685050 514835 963267 730350 528954 412734 861941 487602 999999999 658587 439008 360733 152091 652079 615304 763643 630569 417478 753955 771169 1059170 540409 688415 379108 691356 728948 697068 231720 986724 831081 262610 357525 498258 369049 720088 661470 416026 1008738 603841 977544 914897 873301 347777 974866 591703 774027 208608 779979 783698 636132 701368 853796 776981 558511 206606 147759 394390 395137 772878 337738 28431 861543
243358 765363 367547 617442 146059 386741 439989 790494 782785 288801 830160 568791 314310 209529 221179 449259 570670 516578 732151 844666 639725 326102 736438 556268 824006 362266 296206 672028 335372 399867 537808 571507 522664 300425 691545 333116 334935 265466 67112 747555 805193 210003 158869 941484 732555 528867 658587 999999999 247234 877500 622797 9655 678686 736533 704074 925324 622835 401670 409695 905974 370807 344039 256971 553055 68343 629002 338269 304139 562160 426316 654772 648806 494619 420598 730415 452014 742601 726128 746754 781389 592140 816387 152525 342636 679105 654045 168554 305470 90796 375594 178568 443721 666466 510861 269768 319857 170676 718164 657630 812574
132599 623526 120427 639505 353186 389655 554713 604359 615089 102084 767402 743616 561490 76355 456422 442338 681697 493976 863972 950827 716438 531250 639873 704716 693844 609285 198022 680077 404658 247496 683044 375402 290091 163241 483891 329068 181079 126684 296710 677874 895953 403158 197725 782389 806159 322284 439008 247234 999999999 719141 444117 238549 666618 768724 691393 772981 685678 544462 655936 803429 481422 254491 408507 626293 305039 476839 585036 511928 315031 184466 600611 544647 581859 501450 627769 679614 708762 848803 837302 843952 487992 908056 266434 508027 513997 718381 406386 406815 319346 567215 409601 464368 502243 297083 62328 237954 402896 589966 444326 860508
641823 121935 667945 567484 869768 568045 763395 154519 106893 623530 346517 986822 1130670 697063 1090358 529508 794609 479836 938865 918295 722290 945296 243195 896839 115993 1156232 581600 536568 672049 483962 878432 354400 491587 858815 294362 587447 857927 625417 878692 317786 842422 865542 721209 64119 749933 843883 360733 877500 719141 999999999 277199 874095 481632 623139 482257 57249 677829 818403 1229229 226834 742196 534802 801480 688222 892033 248961 1160045 941156 622225 696851 373874 270890 710718 687724 229407 1103451 424620 904754 810697 737196 311722 851776 759627 851662 205171 691450 952228 722976 886806 932674 937451 575058 217078 443162 660156 558791 936301 181218 336118 704329
380322 201465 391572 509994 641363 390225 620072 167740 171452 352022 444014 855076 901608 429087 841902 379475 693237 363114 867690 889921 656390 752481 289150 776069 278307 934563 330054 509424 489814 223079 754569 80963 227359 581634 117796 383596 581237 360606 634838 364963 816571 651446 474077 339419 715448 583149 152091 622797 444117 277199 999999999 618109 464168 613396 478894 332828 611183 658911 1001761 412049 576216 296235 600511 592216 647832 80099 930183 743342 374678 425567 346385 217166 590295 539769 269520 917631 451882 838333 769961 724271 197316 827984 525235 672419 76811 635695 721909 534262 646934 754272 711038 430349 68320 169390 386822 317810 708326 196091 125175 710783
238201 762499 358778 620672 154593 388115 446193 785749 778850 282118 830595 577346 322942 202478 227324 450665 577104 517712 739546 851336 645062 335234 735358 563977 821722 371216 292558 674867 339107 395351 545377 565961 515301 290855 685671 333695 325345 259871 76142 747563 811297 218327 157214 938116 737952 519212 652079 9655 238549 874095 618109 999999999 680771 740422 706197 922234 627621 408815 417922 904940 376539 341341 263724 558046 77846 625431 346661 313313 553365 417123 655163 647214 499958 425378 729080 461655 743995 733217 752774 786466 590379 822536 155331 350436 675107 658957 178208 310353 100022 384398 188159 446198 662481 504404 262262 317156 180281 715772 651438 817170
536266 379179 699396 100420 593553 294826 352273 534633 467657 572798 198658 537372 818107 601561 836602 233149 333388 173053 458396 441971 244681 580518 238865 443630 367493 824103 468604 54982 353091 456345 429435 513267 634068 829126 577783 354361 847360 540002 643365 168546 366138 556486 536978 521873 269710 941202 615304 678686 666618 481632 464168 680771 999999999 151140 25556 490407 202927 420006 903952 339677 370657 413337 478937 234731 655103 387383 846541 586023 785485 766003 120628 254798 280370 302719 254672 710223 81971 423825 329900 265488 267592 376457 526447 478350 429786 211581 665761 398171 638028 545581 643679 235902 425164 564312 609465 428670 646573 325886 589149 246801
636132 526795 817401 129329 627594 379791 336646 684874 616807 682577 301987 461080 818709 697911 862817 327156 262226 287055 334726 295188 151970 568741 383757 370314 507396 814490 574243 104531 401348 582238 362736 658628 772270 927370 728015 441269 949249 644630 690242 305359 219284 578541 613203 657921 131526 1061592 763643 736533 768724 623139 613396 740422 151140 999999999 142926 625675 133514 403366 894154 453731 382771 524375 503272 200628 700348 537612 845229 579664 920742 887644 271768 405926 262553 320737 401116 670595 199260 299001 192253 115192 416143 228760 585991 472011 580877 116654 688738 434098 679884 522265 665017 306663 576123 703432 716228 535200 669585 475425 737968 99156
561276 383902 722781 116757 617984 320381 371714 542372 473933 597128 184090 550229 840659 626678 860878 258696 345456 198194 461686 437290 251615 601538 241255 456422 367075 845810 493371 61665 377710 479048 443114 530536 653827 854018 591150 379899 872035 564741 668415 165544 361300 580153 562533 519902 267711 964101 630569 704074 691393 482257 478894 706197 25556 142926 999999999 488046 212112 439853 925742 329532 392905 437818 502562 250097 680103 401079 868975 607559 805849 788868 132776 266330 298698 324956 258312 728645 67420 426654 328583 258117 283600 371149 551790 499518 441228 217048 689672 422270 662878 565332 667457 261048 437229 583909 633985 453443 670459 332701 604051 234602
692120 161181 724114 581301 911859 604028 789775 209916 163740 676344 336209 1008513 1171789 748712 1136088 561610 812367 507720 948769 919659 734166 979625 257351 917187 126196 1195617 630244 545256 707035 535131 899594 410817 548755 914360 351080 627572 913975 676533 924041 322582 844220 904723 768033 32601 754940 901117 417478 925324 772981 57249 332828 922234 490407 625675 488046 999999999 690719 847237 1269686 200271 773189 581601 838547 706685 937404 299315 1201251 976530 679253 753832 390561 302291 733498 716114 247306 1135395 426476 914072 816012 737967 348759 853022 803614 884021 259312 701879 994311 758501 931248 964186 978768 605071 270831 499722 713451 605728 977956 215731 393112 701648
