NAME : synthetic_000412
TYPE : CTSP-D
DIMENSION : 100
GROUPS : 8
RELAXATION_LEVEL : 1
EDGE_WEIGHT_TYPE : EXPLICIT
EDGE_WEIGHT_FORMAT : FULL_MATRIX
EDGE_WEIGHT_SECTION
999999999 377563 326785 600697 945625 666395 518509 512553 878555 765061 253225 629413 152081 933939 546488 606519 625520 183000 105657 640652 555212 629514 30412 606627 667667 102084 478088 523618 898068 114450 143504 287080 846381 767158 704846 463559 708798 782957 62001 346137 841062 466518 240374 329327 694112 625367 805734 648722 328114 373161 599723 489662 903498 859421 312759 799398 739091 195377 268033 501891 118139 48232 328055 251201 582949 776812 819869 630999 191328 329038 322632 528449 141825 994760 507744 610300 112863 507249 780288 391718 770940 193122 421505 33795 654893 370046 879195 393493 507466 349932 585418 531401 711593 825258 213440 777146 884199 783058 111321 397966
377563 999999999 630975 898885 1286652 704397 825523 871043 1205781 959516 618258 1003179 378187 1260371 567845 938357 790194 556496 419738 816186 896404 978946 362223 973253 735889 287577 723294 664613 1205256 318190 517555 622841 1134782 1103305 810545 818867 949380 1146547 325115 49433 962732 444536 168288 681966 987030 979349 846851 773148 357197 698437 863118 663150 1235529 1133401 586945 1150049 1103455 571886 112919 646173 478235 419991 526574 181441 925619 1116540 953642 852270 528885 674908 192380 902399 519327 1328087 802820 952130 313404 503124 1102376 708305 1128240 551516 711127 388069 998659 435206 1163013 584889 852013 409625 603962 775627 939227 1122521 169036 1114206 1202340 1134740 484820 775457
326785 630975 999999999 276738 657237 506242 197378 275948 574900 464173 164243 563448 252990 629637 441051 308581 361525 307894 231015 365234 272933 360236 357101 389020 479972 419238 172980 308964 580422 319242 231269 450411 521664 473406 476544 516093 388558 543258 384516 585850 582008 439868 462947 436943 369482 366581 614808 415072 360253 520840 275309 253709 604597 532784 62431 527841 503837 285649 521355 292288 345324 324467 173901 453774 641178 487752 554172 324129 138881 104785 484328 480484 271274 697157 181811 665411 439334 443116 471891 547407 514372 163002 95177 348271 373980 328775 553733 188317 577493 332136 467663 219559 396465 502928 468809 484500 573126 513834 308181 320542
600697 898885 276738 999999999 416844 563911 83360 244952 318028 313287 384800 597811 524831 369637 566082 123428 329890 541270 507690 309628 158379 212963 630680 314866 514604 695478 202373 378316 306407 594056 486508 661576 245684 242105 460105 652481 188252 386819 659885 851976 492782 619472 730801 624333 93479 236315 614724 410955 587956 711783 102234 329576 352856 262954 312257 325916 362956 514653 792173 376962 599528 592474 386278 718385 757387 262766 458892 208128 409528 290467 736590 552743 520521 443085 96346 775609 713560 598142 213928 738313 338749 418859 188164 619330 195938 531208 278794 348721 712710 545419 575218 172439 217565 226289 741504 253567 306368 318148 563644 434312
945625 1286652 657237 416844 999999999 956895 471700 438968 111994 616590 694694 617727 908698 92678 977960 348680 713633 825600 872295 686250 391982 317136 972644 376201 902147 1047257 619212 787888 200010 970265 807898 895394 295671 183903 829235 790782 502767 231042 1007626 1242427 803996 1036290 1119289 834484 358803 325277 974828 793391 999385 909273 499052 743367 73586 348860 707812 156202 264115 798981 1175507 789299 903884 922487 796943 1110923 843257 170206 771945 583770 763466 618200 1139308 641557 828647 68349 502518 849091 1053535 1013658 205311 931152 203321 752594 588165 954511 290849 946517 306362 764675 834710 959371 983160 585430 537728 268214 1121306 172742 152076 173549 874433 624861
666395 704397 506242 563911 956895 999999999 553578 738320 846617 380821 657547 1065795 514345 886746 137376 678926 243334 762229 573979 271637 686137 765025 689068 842811 58553 698008 390345 202612 788509 568623 670448 909074 688239 800015 151263 1014923 460518 948752 689346 658474 285113 259862 588782 916626 599414 783904 145637 165518 372867 991208 465826 260554 885116 654304 454863 888777 921012 749245 649340 215657 756258 698652 364390 562388 1142236 822015 289911 373145 576614 610519 515892 986278 710318 963532 515847 1167402 740683 201276 754456 1015801 902308 623272 481152 700051 756092 305250 698618 321054 1074761 330269 100496 396180 428902 700938 631853 810950 816612 881777 725357 826785
518509 825523 197378 83360 471700 553578 999999999 199818 381783 360627 302208 553490 448892 435693 535770 133677 336744 459000 427337 323147 132836 213163 548363 292536 509750 614285 166824 356392 383052 516456 403149 582266 328315 289216 469102 585455 247461 401093 578153 779419 525884 574259 657235 548050 176542 230641 623178 413857 527834 635686 135796 301706 413671 346203 239295 359404 369764 432578 717189 350358 516251 509395 325527 646258 695867 306771 492969 234153 327192 207781 669414 497781 437305 505829 37906 715618 631337 559775 277534 662405 359997 335535 116756 536547 210659 477624 361833 298776 646678 488969 550296 160181 270114 306900 665400 300747 376855 348316 480314 366774
512553 871043 275948 244952 438968 738320 199818 999999999 390096 554763 259366 355022 501647 443647 699976 150063 534097 387244 451306 522175 91268 123534 538133 113133 699161 614636 348815 536317 440117 553276 371570 471358 430474 272525 665894 419546 432873 276080 574292 830367 725269 713463 708293 419276 308003 114003 818771 608804 635054 502902 331598 478760 407341 469014 337900 287977 233835 360403 758209 526046 464917 485872 447792 704695 516218 276383 692148 433558 342444 198275 747012 308458 390092 494252 233022 533154 617424 711467 309097 527945 258661 322050 259521 518542 156781 604156 466287 446803 477301 608080 720789 356079 460606 395771 702405 280470 409273 271284 435769 210114
878555 1205781 574900 318028 111994 846617 381783 390096 999999999 504828 633376 630862 827887 55387 871792 272112 603283 774630 798024 575493 325229 267519 906804 355158 791447 978858 518955 681456 101996 892735 746024 859947 187102 117709 717592 778613 390987 257591 940243 1160257 692794 934838 1037616 804139 251159 283562 862848 682586 905535 884101 393004 638965 38661 242208 620943 156755 275328 747419 1096188 683942 848623 859818 703371 1027457 846642 118300 660550 473764 691159 549607 1050970 637006 770992 125060 409047 855943 989093 909749 104625 907703 210572 686058 498264 890625 233398 849145 202612 666556 828174 863433 875560 481715 425836 157059 1043202 110771 47790 169517 816817 592218
765061 959516 464173 313287 616590 380821 360627 554763 504828 999999999 621288 909551 639310 534987 457562 433080 172731 771726 659588 144179 471345 520420 794745 627419 322275 838917 292596 298066 428588 712001 694154 911377 326269 493395 232587 942045 129962 672685 812954 910094 190980 562087 805431 889252 291626 545331 362704 222506 603865 975954 224866 297536 543008 283053 455866 589135 658091 748663 871884 314667 806563 775382 451954 784539 1055577 516103 157495 140387 596466 534900 770760 858205 734908 609363 336664 1075798 870376 515739 431766 1002840 619149 626843 378787 792920 496059 527174 328880 385759 1003831 551512 443944 244999 96372 348672 833663 502298 466527 587698 769562 724520
253225 618258 164243 384800 694694 657547 302208 259366 633376 621288 999999999 441418 266994 688536 575221 363855 525767 157014 202756 529037 308148 377720 278861 355587 636651 355300 334749 466964 663216 304765 113247 290132 624888 519193 639312 357486 532722 530802 314927 580232 746068 546654 460897 272745 476184 372504 773828 577883 435982 357212 415588 414069 655971 647465 203684 546677 487156 131110 505468 448635 218049 227809 299362 461263 484700 527287 717925 480986 106014 94430 514121 347543 138947 746097 304989 509983 358921 563695 539250 383905 517724 67868 242561 259891 404918 431555 659673 336705 417821 425610 606643 376807 546102 598506 449258 528687 643482 530207 184284 187990
629413 1003179 563448 597811 617727 1065795 553490 355022 630862 909551 441418 999999999 699966 670333 1003592 487081 881365 447190 627103 872308 439646 413393 641437 298463 1033479 715838 687595 864164 715446 720058 503275 410774 741728 530018 1011113 225613 786024 386756 678140 974941 1079341 986645 867946 340335 648207 387664 1160782 951861 876936 374552 686592 806468 627653 790107 621488 476908 357964 434412 896632 850141 525453 584264 729786 875168 230211 518949 1046458 787641 546525 458917 938640 100969 489507 685903 584324 232550 695467 999704 593572 385943 422931 502216 588686 615363 448640 871530 775208 751717 243303 866707 1031060 704268 814867 702618 842745 531126 668666 462325 519208 253435
152081 378187 252990 524831 908698 514345 448892 501647 827887 639310 266994 699966 999999999 882621 395323 560238 488409 284808 76461 506780 519548 603706 175337 609241 516683 201187 366712 378771 830848 73404 202572 418265 765785 725206 557923 569827 600307 777517 181323 333774 698342 323172 210605 445616 615319 605916 654189 503724 189808 504644 501120 351036 857383 770107 213347 774232 735482 283483 268430 357044 252021 187538 188864 203841 695801 738689 679150 512598 163593 303379 248084 601645 230658 949938 428490 722978 237331 359240 724811 526170 755239 200504 336743 185798 621772 220122 795931 255969 621429 202063 433954 421046 597386 750477 216702 736146 825591 759325 227928 449608
933939 1260371 629637 369637 92678 886746 435693 443647 55387 534987 688536 670333 882621 999999999 917269 327496 643748 829061 853276 615117 380401 320521 962178 403009 830731 1034242 569087 727001 109768 947755 801255 912337 209695 171218 753925 825953 427658 288753 995630 1214692 719731 983622 1092159 855553 297610 335311 896100 721820 957587 934595 439865 686292 42692 260344 674977 193455 312481 801891 1150983 730429 903485 915109 755725 1081756 889786 168825 688337 515343 746504 604983 1104376 681962 825995 76930 462039 898036 1044449 957001 158165 957864 247415 741423 551895 945958 287291 899985 216451 717335 874129 914813 919587 529972 461450 187528 1098129 163252 70136 208513 871836 643689
546488 567845 441051 566082 977960 137376 535770 699976 871792 457562 575221 1003592 395323 917269 999999999 668341 291626 660697 461571 322851 663088 748151 566894 810358 170521 568962 369658 190347 827821 442725 569401 804432 732592 808143 255754 927856 506511 936792 563582 521542 405186 123936 452159 819579 620645 763547 282402 237553 238314 888935 479041 236685 909290 707574 382105 889890 904312 651050 512160 189177 644449 582594 276103 425612 1056112 828826 402720 407236 483057 544903 378628 917108 607002 993944 498374 1082200 612664 66151 772658 912372 895224 531091 441617 580278 745986 177197 748962 254773 985609 200025 39946 393929 480756 738175 495978 819571 848061 880515 616228 755522
606519 938357 308581 123428 348680 678926 133677 150063 272112 433080 363855 487081 560238 327496 668341 999999999 450416 511006 526710 431626 61627 89576 634894 195066 631947 706747 298697 486000 301476 622934 475549 611575 281272 164974 581727 569588 304722 270256 668162 893871 615491 707680 770773 564099 161761 113045 736546 530733 656479 649324 225032 432910 298596 318954 360438 226371 242491 483636 827614 481467 581110 588699 455286 762244 663933 179315 581519 331312 419249 277747 791593 453498 502520 390864 170240 679793 717344 693399 175394 674863 226883 414299 244925 619110 77807 609448 317164 432077 627079 619671 681551 282818 336723 247866 773843 175974 279636 214813 548081 358540
625520 790194 361525 329890 713633 243334 336744 534097 603283 172731 525767 881365 488409 643748 291626 450416 999999999 662909 520405 31234 467960 539198 653957 628890 188908 689593 197802 126052 547049 558996 577298 808930 448133 559657 132413 872461 219718 716660 667594 740854 221701 390402 639900 798443 356857 560451 286969 81516 433386 881859 228460 137389 641783 418536 333679 650457 692351 643093 706258 144033 683737 642871 299848 617900 994302 581963 196387 130101 476718 453306 600115 814105 619172 720602 301402 1017154 724613 346239 511795 908291 667852 514902 299064 655875 525502 355999 461335 232957 934430 380907 284079 178049 190853 458705 671015 570362 573636 644558 647812 664015
183000 556496 307894 541270 825600 762229 459000 387244 774630 771726 157014 447190 284808 829061 660697 511006 662909 999999999 208709 669965 452044 510586 194357 462445 750390 270085 480784 587024 812378 283493 91829 147964 779267 657981 766556 286906 688202 638920 231425 527763 884608 604864 423135 161244 631963 500375 890000 706014 474517 229068 571394 539773 793946 803517 329581 672253 594866 27370 449448 566735 84521 137087 398441 432693 411440 663258 858314 631440 189063 251341 501146 346255 54569 881487 461823 438704 255297 634965 685353 253591 636061 148008 395087 168427 541964 495233 814372 451199 336766 481454 696502 526764 700141 751520 395794 666562 788915 655120 72046 228166
105657 419738 231015 507690 872295 573979 427337 451306 798024 659588 202756 627103 76461 853276 461571 526710 520405 208709 999999999 535149 480396 560679 135157 554610 570820 188756 373936 421202 809967 102558 126574 345147 752650 690518 603111 493366 605970 726936 156297 379546 737025 397107 258716 369781 600495 560106 710005 545969 265843 431051 499047 385130 825303 762552 209422 731903 683984 207030 306930 399576 183037 126137 224786 258509 619409 702199 715264 526177 109506 255892 313753 528022 154382 917498 412738 646571 213059 430136 697064 453296 708726 134889 323668 135495 582236 290118 784552 289135 545124 274403 499164 427651 607590 733748 251271 701042 799916 716292 155204 379046
640652 816186 365234 309628 686250 271637 323147 522175 575493 144179 529037 872308 506780 615117 322851 431626 31234 669965 535149 999999999 452565 520907 669518 613819 215954 707828 196122 153950 517431 578233 586067 814868 418031 535135 150554 871352 189644 695624 684556 766791 217366 420758 663993 801695 330930 542849 305100 107143 459988 886045 207462 157516 614065 387676 342370 626917 672583 649292 730429 170570 694392 656034 317923 642486 991780 557592 188938 104669 485787 452860 626868 807794 627806 691895 289200 1014154 741788 377183 485501 912633 646002 522133 296244 670350 505566 383085 430686 250823 933428 407578 315136 168251 160029 429446 693916 545679 544982 621556 658087 660361
555212 896404 272933 158379 391982 686137 132836 91268 325229 471345 308148 439646 519548 380401 663088 61627 467960 452044 480396 452565 999999999 88512 582923 161270 642586 656359 297425 487716 361585 579047 420884 550182 342634 211960 600356 510098 346433 276855 617132 853076 647592 691827 729920 502474 216736 100580 754843 546043 629676 587755 252420 431992 348492 379053 329779 255232 241741 424693 784665 480516 523973 534899 431994 723020 607414 222114 613982 357665 371484 226579 756994 398848 445966 439548 170343 624146 664768 682523 233326 613336 242737 362156 225504 566033 102266 588548 378538 417483 568278 596383 679685 292751 375887 309482 730054 221949 336942 240959 491742 297467
629514 978946 360236 212963 317136 765025 213163 123534 267519 520420 377720 413393 603706 320521 748151 89576 539198 510586 560679 520907 88512 999999999 656120 115085 719198 731406 379959 569424 325078 660892 490860 592488 331729 149815 670812 522720 391156 189250 691494 936445 704343 779777 813455 537614 239199 26060 825659 619147 718002 619025 314582 514858 283830 377673 417912 171226 156606 483655 866680 563508 587460 605450 520498 807510 605671 152850 670325 420884 451200 304844 843494 392963 511671 370965 251017 619117 736638 769409 194194 643252 154386 436899 313359 637606 37733 676999 366444 504951 576637 684894 763377 369044 424087 293818 811549 157269 289697 155797 557500 325960
30412 362223 357101 630680 972644 689068 548363 538133 906804 794745 278861 641437 175337 962178 566894 634894 653957 194357 135157 669518 582923 656120 999999999 630192 692002 78510 508262 550492 927390 127488 167105 283941 876361 794877 731237 467583 739150 806920 37966 333800 868644 482537 235043 331632 724119 651361 829477 675658 343457 368719 630135 517720 931362 889665 343012 825518 762951 210035 255489 528742 120093 58004 355634 248853 584044 804191 847845 661024 221184 357199 323176 540541 159361 1022417 537927 611307 83048 525356 809000 385682 796123 220823 451869 26296 682097 389859 909256 421527 508670 368674 606143 561646 741813 855013 202913 804770 913005 809067 122598 415680
606627 973253 389020 314866 376201 842811 292536 113133 355158 627419 355587 298463 609241 403009 810358 195066 628890 462445 554610 613819 161270 115085 630192 999999999 801105 708118 452501 642149 427512 657137 463329 519824 444435 242843 761303 423456 499651 177157 667390 934093 807184 826399 813079 458284 352782 89229 915610 706393 747631 533896 412648 585207 362143 491861 451025 220073 133045 437254 860353 633158 544804 575260 560864 810931 496798 237137 773401 518448 447469 307237 856102 284594 475361 438985 329147 508719 706307 823565 300084 556396 176397 421756 368802 608683 150268 717286 478520 558359 473640 721154 829939 452676 531179 405773 804225 246648 385874 202783 519686 249610
667667 735889 479972 514604 902147 58553 509750 699161 791447 322275 636651 1033479 516683 830731 170521 631947 188908 750390 570820 215954 642586 719198 692002 801105 999999999 707425 350381 171057 731579 575949 659151 898142 630950 748034 94089 993807 403743 900839 695482 688777 236158 294057 610970 901232 545764 738938 139805 108927 392725 978443 414917 227693 830018 596307 432967 837983 874421 735607 673640 188165 750900 696730 352558 585244 1120151 770228 237198 318996 562354 582785 544890 957128 699964 907414 472405 1144779 748731 236671 700696 1003621 853353 607669 445496 700937 708520 319676 640778 301221 1054442 345898 140834 350401 371597 644425 651771 758830 760600 831535 718469 799417
102084 287577 419238 695478 1047257 698008 614285 614636 978858 838917 355300 715838 201187 1034242 568962 706747 689593 270085 188756 707828 656359 731406 78510 708118 707425 999999999 559330 578452 995763 132557 244792 342223 940820 868213 755439 533937 792603 884661 40767 263111 898233 471928 179562 396960 788557 727423 841631 702877 334336 423184 687319 552214 1004344 951292 396816 901424 840744 287348 185743 556817 190658 135961 389982 199143 645601 878198 879737 709300 288690 429873 276830 615172 237714 1095829 601048 672592 45370 520459 879760 436971 873001 294672 512396 102636 756447 393123 972970 457079 570833 369076 608852 613506 792507 921130 138566 878301 983401 885106 199313 493712
478088 723294 172980 202373 619212 390345 166824 348815 518955 292596 334749 687595 366712 569087 369658 298697 197802 480784 373936 196122 297425 379959 508262 452501 350381 559330 999999999 190316 494875 439954 401629 623115 414700 442835 324088 675467 233776 567760 529807 674788 413393 417105 558134 606819 274902 396859 473344 264316 392874 691927 140399 134903 554549 410156 165546 521165 536540 458619 622810 183550 514010 484834 197319 541992 796664 462598 384175 154078 303992 256744 549443 617346 442536 643791 129081 819409 586885 397175 415639 718644 525578 334694 101290 504228 376390 331284 441066 148970 737515 347365 383480 54372 233654 407458 576960 454396 503212 511313 476987 466221
523618 664613 308964 378316 787888 202612 356392 536317 681456 298066 466964 864164 378771 727001 190347 486000 126052 587024 421202 153950 487716 569424 550492 642149 171057 578452 190316 999999999 638677 446210 497002 734969 545009 619819 182148 823568 322219 756109 560018 615328 319783 271131 516542 734199 430303 586905 306865 125170 307563 813306 288850 57950 718992 523326 263594 703736 726011 570598 582692 21758 595259 546825 196507 493884 949560 640871 302102 220685 397987 411771 474167 786499 538526 803640 318490 974054 616053 233709 582631 838927 712181 441668 278550 555624 563781 230000 563193 136088 884449 255080 196903 205936 300160 548942 549544 631164 657896 695145 561094 628420
898068 1205256 580422 306407 200010 788509 383052 440117 101996 428588 663216 715446 830848 109768 827821 301476 547049 812378 809967 517431 361585 325078 927390 427512 731579 995763 494875 638677 999999999 899301 773146 910424 102363 185844 651704 847210 328000 354200 958710 1158241 611298 901900 1037202 859375 220436 346050 790878 623024 887560 942445 358277 602415 131439 150713 618636 251891 366706 785010 1098504 644177 881162 884471 688460 1024614 924109 196798 580290 421498 707286 573475 1040733 712106 802163 181123 402644 935271 1010398 871364 131317 967112 303794 709081 494474 913575 287670 825322 106724 643744 899883 842153 827319 450432 360176 89747 1047548 184322 54295 262134 847373 649072
114450 318190 319242 594056 970265 568623 516456 553276 892735 712001 304765 720058 73404 947755 442725 622934 558996 283493 102558 578233 579047 660892 127488 657137 575949 132557 439954 446210 899301 999999999 217048 400353 836465 787548 622883 569736 673619 829121 120944 277164 765952 355116 156217 438422 685379 661160 711234 570445 215988 486766 573628 421666 921197 842004 284366 832059 786279 289186 205791 424624 230596 160436 260573 157404 692029 800059 747836 585946 210862 356721 218976 619838 233465 1013643 497869 719397 172782 398835 790494 505824 810089 236992 406499 146097 681216 265602 867057 327538 616682 243166 482334 494308 670789 820168 151044 798277 892251 816666 216287 476314
143504 517555 231269 486508 807898 670448 403149 371570 746024 694154 113247 503275 202572 801255 569401 475549 577298 91829 126574 586067 420884 490860 167105 463329 659151 244792 401629 497002 773146 217048 999999999 239024 730149 632262 677434 368491 618778 639903 204079 482883 798805 517097 368625 250599 579412 485151 798850 617279 390179 320897 503707 451164 769026 749211 243801 659349 595967 82835 405944 476466 114700 114592 306890 373463 495533 640512 773420 554670 100610 199775 435367 403384 41906 859290 399770 522516 245930 545151 650812 345353 629174 69098 323796 146979 518151 405896 764322 360955 422079 393353 604962 450410 627665 705585 350008 641821 755085 642773 77823 260454
287080 622841 450411 661576 895394 909074 582266 471358 859947 911377 290132 410774 418265 912337 804432 611575 808930 147964 345147 814868 550182 592488 283941 519824 898142 342223 623115 734969 910424 400353 239024 999999999 889553 742279 914268 199638 820889 687374 312915 603827 1030512 741409 517274 71077 748270 577073 1037808 853605 606727 86668 703584 687389 874082 919407 476448 739232 644906 165859 527508 714698 169793 239943 545903 532498 303566 743597 1003623 771038 336986 379891 607100 318215 198758 956392 590669 330456 309894 775239 779969 108163 695896 294748 532692 259409 627624 635195 925294 599163 229287 619385 840996 666702 835586 858510 480259 749381 880622 721871 190371 270533
846381 1134782 521664 245684 295671 688239 328315 430474 187102 326269 624888 741728 765785 209695 732592 281272 448133 779267 752650 418031 342634 331729 876361 444435 630950 940820 414700 545009 102363 836465 730149 889553 999999999 223790 549935 848820 228426 410538 905477 1086881 510037 811818 967742 844526 152309 356350 688516 522732 806585 930229 274648 512415 223148 56624 552453 310852 413057 752156 1030765 552018 841920 837643 611482 953399 936994 242306 478681 325355 655199 531639 964067 724431 762636 283163 339925 950791 959243 778592 153560 955903 356322 663293 430233 864847 294752 741015 35906 561846 904975 759340 730289 366265 259363 39844 981725 227572 143597 316470 806621 639781
767158 1103305 473406 242105 183903 800015 289216 272525 117709 493395 519193 530018 725206 171218 808143 164974 559657 657981 690518 535135 211960 149815 794877 242843 748034 868213 442835 619819 185844 787548 632262 742279 223790 999999999 683830 665126 367002 188596 829064 1058845 684326 859170 935747 686843 206227 166521 835396 641044 816981 767369 334498 571681 136780 278535 524020 95829 189366 630845 992451 618988 732978 746522 614740 927149 738714 22800 650650 430482 582283 438345 955505 527147 655890 227618 321544 749571 876651 839740 70614 791213 133734 574116 405151 777847 116081 766077 253204 585334 716345 778023 816620 414292 402971 184141 938529 11593 143176 96391 701768 474967
704846 810545 476544 460105 829235 151263 469102 665894 717592 232587 639312 1011113 557923 753925 255754 581727 132413 766556 603111 150554 600356 670812 731237 761303 94089 755439 324088 182148 651704 622883 677434 914268 549935 683830 999999999 992158 326702 846163 739156 762417 152225 376025 676085 910041 478347 692378 154851 61472 458635 990975 357991 226955 756252 511890 438958 776439 823041 749039 740641 203630 777220 728876 378583 651409 1116019 706419 146978 254408 577622 574120 618271 941268 719151 830045 433542 1139570 794464 320959 631673 1016926 796399 619828 424738 737132 656035 381812 557091 317477 1053772 408436 231077 309888 292477 566523 713775 694175 684040 771456 742835 788261
463559 818867 516093 652481 790782 1014923 585455 419546 778613 942045 357486 225613 569827 825953 927856 569588 872461 286906 493366 871352 510098 522720 467583 423456 993807 533937 675467 823568 847210 569736 368491 199638 848820 665126 992158 999999999 832866 565457 500719 797036 1088074 884669 702413 137019 725732 501160 1130276 930729 758554 149505 719617 769477 784569 888539 560998 637778 527626 286405 719552 805665 347547 415429 654155 714645 128281 660519 1057810 806273 444982 419166 785711 153661 339760 856632 605675 154687 505519 909703 716832 160432 587597 396869 575202 441545 560415 771987 884447 694188 62108 760913 960952 707863 854914 812913 669496 669624 808276 621088 354002 218755
708798 949380 388558 188252 502767 460518 247461 432873 390987 129962 532722 786024 600307 427658 506511 304722 219718 688202 605970 189644 346433 391156 739150 499651 403743 792603 233776 322219 328000 673619 618778 820889 228426 367002 326702 832866 999999999 543534 762218 900295 318925 592639 786988 791785 162599 416293 472871 295060 604589 879325 117306 297617 429639 201318 396554 462302 528245 663331 852525 331870 733336 711674 424103 769188 941871 389798 284954 102264 526903 441008 768402 739737 657521 504097 231282 960922 818999 555482 308795 906177 490361 549797 294995 733361 366194 533327 242537 364620 893988 554392 502555 179408 35996 240761 808488 376422 357631 459994 696245 614137
782957 1146547 543258 386819 231042 948752 401093 276080 257591 672685 530802 386756 777517 288753 936792 270256 716660 638920 726936 695624 276855 189250 806920 177157 900839 884661 567760 756109 354200 829121 639903 687374 410538 188596 846163 565457 543534 999999999 843974 1106271 862445 968682 984334 622294 381090 177547 1000332 797774 903155 691524 488394 702465 246432 466149 602912 102357 44125 614013 1033649 751096 721676 752262 707946 980741 612529 168494 828446 592283 618387 474179 1021908 413857 652512 299155 438692 618075 883405 958655 258934 711849 54958 595889 502319 785637 192708 864827 437670 694122 606520 871848 951170 552905 578923 371381 977701 183341 301700 94178 696831 420586
62001 325115 384516 659885 1007626 689346 578153 574292 940243 812954 314927 678140 181323 995630 563582 668162 667594 231425 156297 684556 617132 691494 37966 667390 695482 40767 529807 560018 958710 120944 204079 312915 905477 829064 739156 500719 762218 843974 999999999 297975 879424 472912 204387 364120 753168 687236 831518 685025 333881 396098 655133 530533 965353 917226 365698 861304 800045 247742 219815 538279 154445 95845 367862 220573 615077 838786 859776 681270 251448 390848 296795 577317 197327 1056674 566127 642236 57423 518580 841666 411575 832554 255098 478524 63064 716887 386513 937969 434637 539916 363822 603229 583693 763413 885045 168782 839076 945479 844939 160006 453615
346137 49433 585850 851976 1242427 658474 779419 830367 1160257 910094 580232 974941 333774 1214692 521542 893871 740854 527763 379546 766791 853076 936445 333800 934093 688777 263111 674788 615328 1158241 277164 482883 603827 1086881 1058845 762417 797036 900295 1106271 297975 999999999 914546 398788 123181 660041 939609 937549 801657 724402 308017 682239 814764 613721 1190407 1084940 540443 1107341 1063442 541483 78324 596826 452384 390679 477858 133651 907375 1072453 905098 803004 487923 633297 144193 873989 487707 1282962 756070 934189 294342 457341 1056599 693773 1086684 512911 664514 360027 955335 386081 1114879 535739 832997 360408 558186 726933 889956 1075068 133078 1069822 1156075 1092218 455734 742470
841062 962732 582008 492782 803996 285113 525884 725269 692794 190980 746068 1079341 698342 719731 405186 615491 221701 884608 737025 217366 647592 704343 868644 807184 236158 898233 413393 319783 611298 765952 798805 1030512 510037 684326 152225 1088074 318925 862445 879424 914546 999999999 527102 826694 1018799 481491 728510 203718 196021 609967 1102802 395223 352101 730565 461660 555328 780031 846382 864702 891646 341436 904287 861157 513044 802345 1207557 707048 34088 291753 698199 670056 770427 1019695 840696 792336 495635 1229528 935672 471055 622593 1129319 809263 736601 512899 872349 682329 532661 507369 447893 1150175 559235 376992 381343 283570 535839 863317 693269 652666 778386 868635 875579
466518 444536 439868 619472 1036290 259862 574259 713463 934838 562087 546654 986645 323172 983622 123936 707680 390402 604864 397107 420758 691827 779777 482537 826399 294057 471928 417105 271131 901900 355116 517097 741409 811818 859170 376025 884669 592639 968682 472912 398788 527102 999999999 337350 766092 686413 791714 402998 349903 139201 827709 544672 299633 970990 793158 377467 933655 932640 599907 394161 260851 574634 507890 266095 310350 1012303 878380 522664 490555 444835 536866 257149 894178 550296 1059199 539108 1039148 516929 58589 832273 849341 932034 492206 466420 499647 783488 115148 831902 275627 939157 123779 159442 453678 571288 812399 383543 870756 916153 922485 551043 733725
240374 168288 462947 730801 1119289 588782 657235 708293 1037616 805431 460897 867946 210605 1092159 452159 770773 639900 423135 258716 663993 729920 813455 235043 813079 610970 179562 558134 516542 1037202 156217 368625 517274 967742 935747 676085 702413 786988 984334 204387 123181 826694 337350 999999999 566669 819351 814820 734327 632475 218391 600333 697276 507898 1067544 967710 418731 984279 941700 433660 66457 496702 354889 287802 362908 27076 818871 949293 814084 691916 366019 510787 100807 767117 378441 1160103 634669 846095 221251 393243 934135 615250 964031 393174 542932 260921 832175 294275 996430 424119 743562 267649 491264 611155 778754 954848 49257 946709 1034053 969206 351684 629074
329327 681966 436943 624333 834484 916626 548050 419276 804139 889252 272745 340335 445616 855553 819579 564099 798443 161244 369781 801695 502474 537614 331632 458284 901232 396960 606819 734199 859375 438422 250599 71077 844526 686843 910041 137019 791785 622294 364120 660041 1018799 766092 566669 999999999 707663 520581 1040063 848775 635419 87644 674959 683549 816418 877382 471367 678328 580424 168534 582621 714800 211998 281097 552296 579698 253772 686770 990525 749683 340013 354355 651959 247143 215806 896725 560503 281141 368708 795605 728253 114427 633377 293681 511545 305794 573722 656086 880411 600108 178331 642630 854665 646642 809072 811951 532888 693368 827105 661014 222237 211923
694112 987030 369482 93479 358803 599414 176542 308003 251159 291626 476184 648207 615319 297610 620645 161761 356857 631963 600495 330930 216736 239199 724119 352782 545764 788557 274902 430303 220436 685379 579412 748270 152309 206227 478347 725732 162599 381090 753168 939609 481491 686413 819351 707663 999999999 265172 629285 437685 667255 794597 142265 388683 288833 171687 402068 300664 367165 605110 881591 433056 692007 685889 468072 805963 824079 228980 447540 226800 502985 382184 820511 614654 612860 373837 187914 840542 806975 659415 155042 820831 327773 512029 278880 712807 209681 605973 185333 423871 784512 622260 624648 232810 198250 135498 831726 216234 229743 297713 656329 510214
625367 979349 366581 236315 325277 783904 230641 114003 283562 545331 372504 387664 605916 335311 763547 113045 560451 500375 560106 542849 100580 26060 651361 89229 738938 727423 396859 586905 346050 661160 485151 577073 356350 166521 692378 501160 416293 177547 687236 937549 728510 791714 814820 520581 265172 999999999 847217 639956 725985 600848 337329 531678 297163 402956 425669 174200 141210 473714 866785 580277 578742 599585 530408 809723 581843 166525 694526 443721 450648 304441 847847 369104 504095 381909 268531 594888 731074 783027 215983 624716 149324 433677 325725 632122 61598 687319 390829 517827 554256 694315 779767 388541 448966 318113 811337 172790 308538 157710 549766 308658
805734 846851 614808 614724 974828 145637 623178 818771 862848 362704 773828 1160782 654189 896100 282402 736546 286969 890000 710005 305100 754843 825659 829477 915610 139805 841631 473344 306865 790878 711234 798850 1037808 688516 835396 154851 1130276 472871 1000332 831518 801657 203718 402998 734327 1040063 629285 847217 999999999 209974 518456 1117830 512534 361105 901404 645578 570371 928851 977680 874952 794557 325511 890527 835738 492352 707880 1255939 858093 224446 408089 701727 716038 659962 1087882 839720 971209 587203 1280219 883782 344593 780919 1143097 950146 746714 572352 839161 810661 449832 691470 439987 1191253 475208 244092 463393 437418 708788 777491 845510 826880 924377 858220 932131
648722 773148 415072 410955 793391 165518 413857 608804 682586 222506 577883 951861 503724 721820 237553 530733 81516 706014 545969 107143 546043 619147 675658 706393 108927 702877 264316 125170 623024 570445 617279 853605 522732 641044 61472 930729 295060 797774 685025 724402 196021 349903 632475 848775 437685 639956 209974 999999999 417460 929931 309826 166242 721170 489456 377878 731970 772968 688216 697906 146926 718267 671319 321183 608615 1054698 663382 181615 210936 517231 512853 580906 880937 659066 798520 377552 1078308 740908 298987 592442 955936 749199 559013 364449 680632 606282 339516 533488 258473 992327 365888 221570 253779 263424 535631 668099 651713 651687 726065 683566 727318
328114 357197 360253 587956 999385 372867 527834 635054 905535 603865 435982 876936 189808 957587 238314 656479 433386 474517 265843 459988 629676 718002 343457 747631 392725 334336 392874 307563 887560 215988 390179 606727 806585 816981 458635 758554 604589 903155 333881 308017 609967 139201 218391 635419 667255 725985 518456 417460 999999999 693318 532012 310335 939328 797447 300321 881594 864051 472209 282126 289527 438449 370579 202473 193071 885072 834044 598801 504271 330424 444513 166895 781051 420225 1030527 497238 912185 379011 186203 801002 714203 872374 375312 412040 361001 727944 78134 831411 244739 810928 52485 278152 440398 590576 800331 259418 828487 893636 868644 416833 623747
373161 698437 520840 711783 909273 991208 635686 502902 884101 975954 357212 374552 504644 934595 888935 649324 881859 229068 431051 886045 587755 619025 368719 533896 978443 423184 691927 813306 942445 486766 320897 86668 930229 767369 990975 149505 879325 691524 396098 682239 1102802 827709 600333 87644 794597 600848 1117830 929931 693318 999999999 762436 764078 894745 963905 552053 753589 650958 242887 607094 793438 256326 326330 627155 616460 228966 766169 1074976 836165 416107 441133 691751 293930 282030 972833 648049 254735 387998 860905 811156 26900 706709 371643 597753 344728 655667 720862 966132 678136 159188 705431 925115 732765 896391 897149 561724 773425 908713 736396 276720 293390
599723 863118 275309 102234 499052 465826 135796 331598 393004 224866 415588 686592 501120 439865 479041 225032 228460 571394 499047 207462 252420 314582 630135 412648 414917 687319 140399 288850 358277 573628 503707 703584 274648 334498 357991 719617 117306 488394 655133 814764 395223 544672 697276 674959 142265 337329 512534 309826 532012 762436 999999999 246432 430313 270434 290825 423133 465157 546346 761442 290940 618399 599709 337675 681713 831386 356329 361694 106396 414187 323702 689786 633372 541839 516088 114821 851309 711248 517150 293843 789305 439393 434617 180458 622798 298139 467558 300667 287294 781121 485191 484407 92255 135373 269535 714378 345562 371713 416636 581406 501301
489662 663150 253709 329576 743367 260554 301706 478760 638965 297536 414069 806468 351036 686292 236685 432910 137389 539773 385130 157516 431992 514858 517720 585207 227693 552214 134903 57950 602415 421666 451164 687389 512415 571681 226955 769477 297617 702465 530533 613721 352101 299633 507898 683549 388683 531678 361105 166242 310335 764078 246432 999999999 675905 495819 212207 653287 671443 522088 574352 48653 553454 509060 162671 487084 894873 592243 330211 195743 351015 355439 476522 729436 492987 762446 263909 919115 587451 270800 538173 789995 659645 392876 220638 520573 510699 236585 533330 96194 830653 258873 248709 158005 280980 512843 536764 583137 618064 644077 518338 571961
903498 1235529 604597 352856 73586 885116 413671 407341 38661 543008 655971 627653 857383 42692 909290 298596 641783 793946 825303 614065 348492 283830 931362 362143 830018 1004344 554549 718992 131439 921197 769026 874082 223148 136780 756252 784569 429639 246432 965353 1190407 730565 970990 1067544 816418 288833 297163 901404 721170 939328 894745 430313 675905 999999999 277278 652240 150800 269789 766889 1125377 721175 869523 883251 736958 1057965 847375 131026 698449 512180 717632 574516 1083066 639928 792592 92560 442235 855497 1013260 946617 138955 917793 204728 710553 530402 914506 252154 884022 236046 701576 832293 897867 913440 518370 464462 194731 1071961 127547 80100 165991 838474 604736
859421 1133401 532784 262954 348860 654304 346203 469014 242208 283053 647465 790107 770107 260344 707574 318954 418536 803517 762552 387676 379053 377673 889665 491861 596307 951292 410156 523326 150713 842004 749211 919407 56624 278535 511890 888539 201318 466149 917226 1084940 461660 793158 967710 877382 171687 402956 645578 489456 797447 963905 270434 495819 277278 999999999 557790 367028 467316 776711 1031827 532317 862452 853756 607326 952039 980547 297700 431228 302745 669297 553263 958138 768545 783473 331046 351912 995208 972087 756757 207959 989930 411707 681224 438898 879650 341596 728973 45952 553566 945816 748686 702497 358646 227683 94795 984410 282890 197220 372235 826491 676250
312759 586945 62431 312257 707812 454863 239295 337900 620943 455866 203684 621488 213347 674977 382105 360438 333679 329581 209422 342370 329779 417912 343012 451025 432967 396816 165546 263594 618636 284366 243801 476448 552453 524020 438958 560998 396554 602912 365698 540443 555328 377467 418731 471367 402068 425669 570371 377878 300321 552053 290825 212207 652240 557790 999999999 583259 564132 310711 479930 245000 352654 319707 111639 407100 687787 539580 529654 319224 143418 163098 431496 535896 285619 744616 216000 712750 422447 381634 516813 578075 572296 181741 124208 338683 429266 266442 582763 133874 621494 270356 410265 218643 398850 537350 429661 535328 615652 569799 316074 374692
799398 1150049 527841 325916 156202 888777 359404 287977 156755 589135 546677 476908 774232 193455 889890 226371 650457 672253 731903 626917 255232 171226 825518 220073 837983 901424 521165 703736 251891 832059 659349 739232 310852 95829 776439 637778 462302 102357 861304 1107341 780031 933655 984279 678328 300664 174200 928851 731970 881594 753589 423133 653287 150800 367028 583259 999999999 119324 645921 1037850 701337 751796 773767 681165 977912 697033 73316 746317 522313 622418 476050 1012111 490913 677868 219459 394856 704844 905269 917875 162754 775730 54186 607318 470989 806321 154014 835774 336678 658168 683805 845707 900555 497850 498226 272335 982759 87699 199703 17367 723434 468707
