NAME : synthetic_000189
TYPE : CTSP-D
DIMENSION : 100
GROUPS : 8
RELAXATION_LEVEL : 1
EDGE_WEIGHT_TYPE : EXPLICIT
EDGE_WEIGHT_FORMAT : FULL_MATRIX
EDGE_WEIGHT_SECTION
999999999 1016708 800162 624798 709827 330160 778381 500082 906706 859228 853515 314500 333807 660316 661280 823473 153445 520723 1082616 844074 1014862 845511 212849 575775 104425 284583 527704 955757 796752 953717 484528 65031 920950 741133 861011 1011807 699033 277820 945403 1014723 660439 907446 33787 329594 461180 865365 919489 803525 911144 816753 643183 204532 865690 529962 540379 618757 737392 1081673 222164 891465 1022011 697673 604237 444563 735343 387559 703730 1196146 908744 836164 760308 350170 842264 491259 727981 568448 906573 924499 1109042 666887 188183 373596 346951 921034 739684 899376 558004 246567 637403 1155676 902848 474444 783564 452720 699949 346814 934153 778623 348254 693847
1016708 999999999 912800 725666 571152 718765 543554 593794 156810 162188 783070 875694 1009540 514390 927189 363314 967802 496024 245994 279411 400651 420597 806493 486604 912832 838878 546362 61912 223411 629241 613028 974345 588999 481850 870677 115426 664154 834996 869461 154490 601816 129504 997311 698721 800021 875066 786094 817995 329681 524637 779010 1078183 709931 505473 496167 453599 462229 79890 980866 881005 161642 397860 701293 588126 916268 649709 760111 198886 527378 464658 409373 883948 178157 762630 537556 793985 236296 93650 98204 887935 1135483 727787 749730 112376 729653 846920 467525 1145971 380512 156999 273015 559883 394905 668503 448540 705050 691689 296820 679903 633897
800162 912800 999999999 1127636 350233 575631 369295 887100 757177 787255 158227 486783 501053 992531 148191 549486 648739 697842 779085 634051 598828 496378 685964 550081 760986 910286 862381 865446 815041 364519 480672 736416 375951 435854 88086 995033 259776 899142 174993 793526 338171 897337 813994 762379 352624 89142 206870 99057 597435 391745 192288 665892 233732 790372 595926 547946 457700 922489 589194 111738 793106 553134 279348 774952 68591 785293 168291 978524 422927 452854 509101 450033 780120 339269 380425 1128628 679236 842130 951700 133444 744559 496140 882318 897316 185369 141963 764917 697169 697842 956922 1025435 592580 1012329 454730 973118 566136 296881 909334 760867 1119337
624798 725666 1127636 999999999 842471 577071 881069 241875 714647 634324 1088971 747446 858624 213801 1040785 789988 697663 444869 919826 744650 970174 852127 525283 606444 548245 340222 275111 685230 540277 1066177 647301 631551 1019229 802436 1144612 652044 900545 347323 1199400 819006 822166 597368 591462 389309 806845 1149993 1135207 1075192 846552 899587 935422 804273 1053824 353296 550379 629595 783038 805552 759305 1170612 828772 676920 849861 352700 1085588 349391 968360 922327 972361 874670 762591 783272 621276 802150 833269 84124 777515 665515 820207 1021443 810864 652768 294673 614461 975427 1156631 391922 861603 505568 881462 479783 537461 336546 675204 278080 580607 1089968 431788 383377 107336
709827 571152 350233 842471 999999999 392448 69937 602858 414344 437924 255560 435090 536912 677149 358176 213570 589484 397613 481020 292408 340269 182410 524502 236045 631468 706192 567487 520140 465866 251001 239355 647232 213021 89411 329082 646969 93212 696222 364121 468765 52497 547407 708934 533509 299478 334266 293840 264719 283572 110411 211327 665006 211411 489727 292437 217763 109279 591089 563118 348813 470484 204923 151230 501840 345885 533243 189504 664862 200489 150529 161994 420689 430248 256747 34956 861798 346024 495164 621433 317997 741278 336318 650441 547849 165123 325741 454738 722192 364350 636847 677034 319295 675520 258081 647076 376616 253537 565676 524487 813633
330160 718765 575631 577071 392448 999999999 458101 353539 592831 556894 580560 188816 322643 499480 469858 493586 249587 246143 757287 518584 684890 515975 132054 249416 241506 336597 348964 656854 511770 642609 156720 273679 605440 413377 612618 735599 402549 325611 685078 695957 347453 625122 323268 191465 232819 617719 640870 546059 581472 494463 388179 359849 573837 304148 223752 291707 408280 775992 265908 641888 702554 369830 319801 244653 523954 228431 436879 885022 586394 508683 430154 217056 540652 236752 405848 563524 582304 625115 805020 455995 417637 79759 308385 636056 460658 638828 308495 427974 342558 846168 664902 158896 580401 138319 510044 16686 634327 531130 194292 595727
778381 543554 369295 881069 69937 458101 999999999 644759 388344 424138 247995 504890 604799 705501 401937 180271 659303 438564 428309 265391 275534 131093 590008 278525 698361 764439 606323 497216 465648 191965 302837 716118 149646 82469 331514 628532 136164 754754 349033 427860 122203 535499 776787 590115 367623 336273 270862 274931 234718 40838 260805 734727 186488 527959 336388 251498 104991 554866 632958 346060 428358 216251 215002 549074 377344 585162 224751 619404 130792 91307 148043 489910 419009 325108 53274 905652 310377 475082 584534 360661 811143 404790 704645 533762 188120 316781 489697 791533 387795 594228 676793 372172 690164 325897 669889 441987 209142 574516 579861 844903
500082 593794 887100 241875 602858 353539 644759 999999999 538261 465196 847414 536579 660750 162143 805432 571231 525527 206214 744001 539524 761924 628325 338080 367442 402152 255836 49174 540813 376742 832917 406432 483549 786696 568327 902782 554051 658839 254780 957818 650355 580857 467147 471280 187740 575357 908166 894565 833362 637919 665944 695128 641448 813860 120625 310435 393923 550195 670562 575306 928738 659687 449038 608659 113595 846853 131432 726761 791196 743325 646341 535471 568722 449330 566735 595513 261416 583255 514237 691983 784051 668227 423712 167263 483586 733561 914880 164934 706092 287442 748925 415778 295722 285522 437303 200922 353841 852724 308765 174054 242446
906706 156810 757177 714647 414344 592831 388344 538261 999999999 81420 630937 736671 867677 502033 770600 208264 842033 395426 206864 123135 289234 269524 693935 348956 804960 762431 489088 109686 174736 489878 472216 858903 446668 325062 717627 243838 507369 756811 721296 113335 445487 171052 890740 605375 650838 722148 638285 663226 190104 371767 622463 948062 559662 430758 369701 311519 305436 188976 848075 729270 122248 247468 545850 504320 759588 564343 603373 292227 384889 313111 252581 741546 93383 612150 380803 771354 92191 92853 219533 731233 1010029 591433 676690 162523 573435 696316 387000 1014856 275890 253983 338381 435800 415682 526399 441823 577898 547867 293805 587417 638150
859228 162188 787255 634324 437924 556894 424138 465196 81420 999999999 671541 714102 848504 421279 785742 250921 806161 340161 285667 167518 365076 318787 647751 325612 755943 697520 416147 100404 94051 548016 452410 815025 502734 351476 755605 210232 530646 692576 767726 186702 460991 111486 841081 547448 643339 760391 685849 697047 256138 414467 638042 916112 604340 363149 334014 294551 329564 222462 818678 769893 196305 246874 555400 441191 782829 502320 626798 338922 441903 360033 278487 723231 17086 607353 406840 692505 162773 68862 250005 747963 973989 565910 610125 110073 601922 739201 321289 983852 221843 297570 267887 398000 335112 508151 360577 543046 601076 212565 528962 556817
853515 783070 158227 1088971 255560 580560 247995 847414 630937 671541 999999999 542274 591833 931265 269237 423545 709895 645712 630404 509494 445743 362478 705391 486316 796806 915095 815532 740570 712781 206329 452539 788488 220433 326526 89211 873575 188886 904347 110438 654065 267057 783006 861589 751940 392544 93042 67638 68723 458193 259186 211181 750168 78202 739005 539957 472455 349562 784830 660883 98468 652645 456932 260812 740701 203652 763106 149810 832247 271987 318440 395879 511729 666822 363362 276564 1101638 546871 720131 813063 235055 830297 506397 872543 780773 119990 70240 706619 791846 619906 813279 924215 554105 930405 444881 902519 567673 139188 818379 746531 1066062
314500 875694 486783 747446 435090 188816 504890 536579 736671 714102 542274 999999999 137160 686984 352349 597232 167631 430183 875244 643191 767905 599076 230335 389351 278662 458871 536068 814328 682079 661886 264466 250109 635045 489542 546540 905691 402661 447810 631410 829667 382689 794123 327222 358956 151002 550877 609100 489884 684129 545500 331115 230061 561392 492909 384593 425160 493199 924895 128158 576991 834895 494043 305341 431411 423319 406891 393178 1026008 634340 578650 530515 39962 698965 187380 460844 722266 707900 782950 955029 354059 306395 149025 460363 803379 432323 585578 495446 289721 513497 989707 848391 328468 768779 211229 698854 194590 633293 714315 367355 776715
333807 1009540 501053 858624 536912 322643 604799 660750 867677 848504 591833 137160 999999999 815496 353674 717099 186508 566589 996685 769330 876352 711139 333348 522983 340738 546636 664616 948469 818752 741335 396592 280327 721079 602357 575350 1042111 486336 536222 664913 957021 484933 930495 357899 476755 237447 578805 659355 530320 802052 645566 388122 165365 626702 626138 521087 556929 609127 1056465 113983 604836 961764 622333 392262 560257 432744 529476 451445 1154761 729726 685874 650750 126152 833650 280247 566496 824849 833619 917265 1086816 370820 243507 285626 565290 939485 496746 621818 630885 200015 650445 1119424 985177 465617 902848 341509 830999 330008 702089 851112 487799 897016
660316 514390 992531 213801 677149 499480 705501 162143 502033 421279 931265 686984 815496 999999999 927338 593444 686785 295560 706459 540253 764933 659042 498811 446241 563764 400968 150996 472042 327344 882283 519474 645548 834664 623904 996340 448701 747417 402356 1040867 605340 666296 385312 630688 348650 707193 1001716 970349 927656 642625 718444 804177 803124 886655 206098 396816 459388 602709 594220 734518 1019841 615112 492208 713995 255638 959844 290443 826423 712323 783439 686188 574709 716535 408681 692144 662173 279684 568396 451821 610263 901586 830310 562149 318453 402465 825135 1000893 227632 868059 318231 670975 286124 406478 141834 560308 66160 496866 913816 218623 333758 142410
661280 927189 148191 1040785 358176 469858 401937 805432 770600 785742 269237 352349 353674 927338 999999999 571611 508398 632978 829925 649900 665008 532637 566440 504327 630587 795468 787381 873916 796433 460534 408101 598706 458351 447271 228721 995951 267761 784248 318884 826213 325682 891002 677361 661105 237198 231345 331987 200742 636246 434992 148209 518867 328466 721408 539757 513784 465575 949260 445794 256445 827535 540017 232469 691837 79601 692234 178695 1020551 491657 492976 518302 313640 775807 238817 392855 1032714 704156 847242 979608 41468 597101 390832 777789 893813 222823 279796 703070 549022 657544 993932 1000458 520860 966695 368860 917081 463345 402499 875497 662522 1044803
823473 363314 549486 789988 213570 493586 180271 571231 208264 250921 423545 597232 717099 593444 571611 999999999 729549 377654 279679 85949 198885 69910 616191 252086 730102 744596 525829 317524 308176 302394 344678 767002 255597 125631 509643 450037 304650 736532 517191 255504 252980 362022 814544 571031 485182 514218 435039 455017 88276 164631 424856 822921 354148 450755 300267 209523 111399 377955 719852 521999 257623 132444 357237 498031 554693 548077 399369 452903 197163 109186 66718 593044 248585 443308 178772 829170 132597 296587 408159 531205 893189 466395 670188 358520 366813 489967 406395 885979 285625 423722 513791 359345 549975 389818 546591 477016 351151 427512 556355 735851
153445 967802 648739 697663 589484 249587 659303 525527 842033 806161 709895 167631 186508 686785 508398 729549 999999999 483949 1000842 763179 911813 741445 188245 495778 158080 370495 540265 905910 757459 824703 384967 94554 795505 633258 712172 980085 566291 360766 798019 943759 537978 870760 173482 338136 318255 716371 776729 656902 817781 699188 498724 117641 728020 519962 473336 536808 633240 1025578 72534 742574 950076 612907 469434 441459 583221 396747 560789 1134259 789970 726175 663744 200087 789812 352623 611870 655328 827582 874175 1054584 515306 168062 263434 403495 882425 599503 752407 536768 185222 589483 1095596 894877 408278 792733 341968 713848 264179 799076 763518 353393 748776
520723 496024 697842 444869 397613 246143 438564 206214 395426 340161 645712 430183 566589 295560 632978 377654 483949 999999999 588827 362072 574413 429175 311824 161644 416810 373983 170080 435255 276940 627248 224926 480054 581325 362741 705666 496972 458395 367125 756102 507622 378667 389197 501454 210085 420076 711058 690500 636472 452819 460350 508721 599429 608955 93493 105803 188193 345248 562356 510380 730405 515895 249062 418820 120453 664286 174129 532899 678857 539717 443637 334710 452127 323091 400664 389373 467202 416009 404164 589108 606358 648638 287916 294367 401945 534885 714204 70673 667818 119683 637686 418932 113829 344486 269612 285435 236958 646558 285036 192392 422580
1082616 245994 779085 919826 481020 757287 428309 744001 206864 285667 630404 875244 996685 706459 829925 279679 1000842 588827 999999999 238788 191065 299184 870751 508000 984170 961234 694866 252780 379683 443435 617165 1030004 413617 399967 719395 361292 564111 954965 697083 103182 526650 343120 1069950 798013 764583 722894 615570 680088 197918 395309 688538 1098594 552411 633725 543045 465585 389513 196722 995930 722583 93523 388096 630811 703171 799377 761607 651763 203531 358430 337052 345938 872315 299427 722496 446600 977912 176230 262238 214840 788543 1166698 739824 877434 328408 611165 684627 589074 1162768 471944 192074 508696 608444 609872 665730 644610 741212 513446 492989 780828 839886
844074 279411 634051 744650 292408 518584 265391 539524 123135 167518 509494 643191 769330 540253 649900 85949 763179 362072 238788 999999999 225526 151580 632578 269231 746240 735870 491814 231851 234672 380810 381394 791219 335278 202998 595519 364088 385116 728765 602511 188085 326267 277649 831897 567318 544110 600111 520059 540321 102372 250509 502066 863098 439760 421631 305571 226950 184378 300812 761007 607945 192487 150503 428620 480925 636919 536177 480868 386937 274669 193723 131906 643590 167200 503713 258443 790733 64792 210643 331479 610114 929718 503827 655917 273397 450355 575802 376153 928206 253347 354010 433788 370361 481957 432167 488111 502563 433687 357709 550977 681952
1014862 400651 598828 970174 340269 684890 275534 761924 289234 365076 445743 767905 876352 764933 665008 198885 911813 574413 191065 225526 999999999 170398 810804 449710 924260 943326 714967 382399 449398 252825 531075 956420 225958 279019 533911 511998 408814 935327 506955 247791 391639 459096 1007759 769915 639022 537103 426218 499987 124209 236373 532114 997417 367569 642503 499084 407662 278813 373625 894405 535078 242295 331321 490117 694843 625756 746201 486776 394361 176267 190480 256103 757475 371656 596171 309856 1015586 202665 376992 396970 623639 1071115 649064 868050 448809 442376 496504 597326 1057352 474490 382241 627492 557224 697719 569900 711073 668208 323467 573407 755194 906122
845511 420597 496378 852127 182410 515975 131093 628325 269524 318787 362478 599076 711139 659042 532637 69910 741445 429175 299184 151580 170398 999999999 643433 288682 756355 787899 584316 379167 378085 232485 361201 786562 185728 109544 450197 513206 265516 779292 451926 297653 230233 429225 839192 612737 474821 454541 369109 399543 103657 104829 389614 828080 290183 507740 342213 248911 108482 426112 724957 460508 297783 180171 333261 548452 507894 594996 355838 488317 127455 44091 94989 590254 317338 432048 148602 888190 184504 360488 455364 491457 901231 478672 717360 424843 318462 426972 464429 888768 346563 463324 583181 395478 619312 399510 613892 499291 282315 497182 599273 801330
212849 806493 685964 525283 524502 132054 590008 338080 693935 647751 705391 230335 333348 498811 566440 616191 188245 311824 870751 632578 810804 643433 999999999 365752 114024 230240 352049 745183 588764 774557 287806 168230 737494 543163 730863 807552 531820 219058 807262 801893 479228 700824 199350 150354 333736 735790 767437 666326 703060 626069 505423 305404 702997 335334 327926 408858 536766 870037 238457 760743 809207 487943 445146 254394 628984 208550 558665 983800 717879 638401 554852 269255 630865 349098 537601 494106 694570 713744 897744 559351 342372 199151 232775 713739 586144 760762 356549 371832 426228 943516 711627 262308 605321 269069 525813 148026 765059 582270 165187 566819
575775 486604 550081 606444 236045 249416 278525 367442 348956 325612 486316 389351 522983 446241 504327 252086 495778 161644 508000 269231 449710 288682 365752 999999999 479770 499689 331443 425487 305772 469094 126904 522090 424170 206470 550127 524211 301181 490913 596467 448045 220163 413038 564910 324269 324429 555500 529355 481568 337822 303115 367646 599511 447442 253774 57897 43107 191842 536155 499148 573646 454303 122191 276485 270849 523979 310481 382357 640451 387134 294564 194974 397619 310993 292948 228272 627602 332894 394315 566103 472662 663240 242643 432104 420345 378932 555481 220324 666044 153293 602874 499375 107528 464531 182805 423165 233500 485459 371639 311289 579754
104425 912832 760986 548245 631468 241506 698361 402152 804960 755943 796806 278662 340738 563764 630587 730102 158080 416810 984170 746240 924260 756355 114024 479770 999999999 214060 426906 852018 692500 879747 398216 84008 844297 654795 813934 907398 631044 204863 894496 913892 584309 803057 85912 226309 410776 818614 860925 752385 817054 735361 590468 256279 801011 426049 441138 522877 649191 978403 228548 844251 921363 601961 539954 340900 699634 284997 647736 1093467 827399 750105 668463 318161 738944 434189 646574 500820 807948 820839 1005570 629874 268229 297841 258729 816687 679417 848006 453613 313940 534110 1052802 799978 375880 683234 373636 600337 258056 866061 674830 244762 608183
284583 838878 910286 340222 706192 336597 764439 255836 762431 697520 915095 458871 546636 400968 795468 744596 370495 373983 961234 735870 943326 787899 230240 499689 214060 999999999 297640 782543 616578 955692 469549 294885 914014 702440 949216 807697 732478 11221 1020905 875721 668280 715754 251314 175584 560456 954315 973514 882539 824117 795369 724597 469308 902470 334751 445870 539038 690244 912918 438260 978467 884461 612433 655077 258294 855713 199950 773189 1032942 883640 793687 693341 498353 680732 571116 711242 287301 789769 753856 936423 786515 471002 414917 89771 731585 795125 974809 376356 523611 489295 990801 671200 395120 536756 470215 452038 348215 957412 562949 188653 412694
527704 546362 862381 275111 567487 348964 606323 49174 489088 416147 815532 536068 664616 150996 787381 525829 540265 170080 694866 491814 714967 584316 352049 331443 426906 297640 999999999 492709 328152 792744 382837 505955 746130 528418 873992 510106 627767 295506 925952 601197 548481 420538 500414 203799 561847 879384 860568 804650 590838 625860 671312 657411 778883 78378 275845 354838 509567 622675 585353 899223 610523 406013 583101 104664 824997 144212 699563 743290 701210 603847 492359 565970 400236 549774 558206 303876 534669 465814 644495 763986 689306 413775 207962 436799 703693 883787 119892 723425 240860 701014 378653 269934 256355 418563 174351 346946 815051 265339 187279 257805
955757 61912 865446 685230 520140 656854 497216 540813 109686 100404 740570 814328 948469 472042 873916 317524 905910 435255 252780 231851 382399 379167 745183 425487 852018 782543 492709 999999999 165966 597040 552110 912920 554694 431380 827111 134834 613350 778334 830810 150943 548234 91463 936695 639336 740799 831656 747729 772144 296044 481386 725732 1016279 669330 448212 434295 393244 410866 130393 919033 838924 160125 340146 646084 529801 865984 591355 709608 250765 492841 422793 358196 823023 116256 703946 487272 750396 198678 31740 154727 835173 1073612 666249 693808 75898 681108 806001 409097 1084078 319030 208514 256258 497971 361994 607715 407151 643141 656440 253479 620593 597819
796752 223411 815041 540277 465866 511770 465648 376742 174736 94051 712781 682079 818752 327344 796433 308176 757459 276940 379683 234672 449398 378085 588764 305772 692500 616578 328152 165966 999999999 610564 430010 756994 563731 386389 792789 224117 555313 612395 814448 279970 479197 113389 776259 475767 630200 797821 734760 730266 333227 463521 651594 870963 651149 282373 297707 285251 363399 296351 777368 809937 289657 261944 563967 364717 802844 426299 649454 416556 505078 415324 317823 696060 81527 598122 438677 598825 247466 137852 320142 760991 923741 533156 527869 125177 630754 782169 244146 939281 169501 374350 211567 355474 248638 485687 267313 499553 657421 124125 456893 463781
953717 629241 364519 1066177 251001 642609 191965 832917 489878 548016 206329 661886 741335 882283 460534 302394 824703 627248 443435 380810 252825 232485 774557 469094 879747 955692 792744 597040 610564 999999999 490355 889938 47721 264591 289645 731767 259262 945895 254284 485651 295553 656567 955053 781773 513734 292094 174895 270132 301058 166976 357169 886850 133385 714469 526973 439087 283215 616344 788846 286491 482244 390732 356592 739943 404880 777033 297275 646946 106141 197816 307738 639744 547961 474679 244782 1094280 398506 582696 642169 421617 965841 582435 896609 650570 249360 247067 674307 937549 564731 633114 814467 564133 850678 506333 841011 626993 71707 729266 771723 1023646
484528 613028 480672 647301 239355 156720 302837 406432 472216 452410 452539 264466 396592 519474 408101 344678 384967 224926 617165 381394 531075 361201 287806 126904 398216 469549 382837 552110 430010 490355 999999999 425379 451428 256955 499560 650395 265432 459282 561512 566310 198803 538983 479359 300670 203370 504904 507218 430366 432945 338331 288846 481781 433556 313906 138970 160739 252913 660571 379618 526717 571845 231109 202674 294667 442203 311070 321992 761826 430080 352212 279220 270925 437879 177954 250084 652375 446172 521038 690778 382258 549679 122662 420648 546729 334200 516720 295221 546835 268295 725303 615541 113349 563526 55977 509735 140236 488063 484009 294295 640546
65031 974345 736416 631551 647232 273679 716118 483549 858903 815025 788488 250109 280327 645548 598706 767002 94554 480054 1030004 791219 956420 786562 168230 522090 84008 294885 505955 912920 756994 889938 425379 999999999 857709 681100 796438 975446 634610 286291 880588 965220 597402 869008 79333 302932 396185 800822 854459 738655 855008 754830 578199 174563 800881 499176 490154 564773 678195 1037049 166530 826895 972225 643265 539544 415428 672033 362464 638701 1149836 846694 775844 703004 286418 798208 426269 666205 582186 854426 881413 1065016 603293 184972 311545 342736 881962 674702 834523 523248 230156 593890 1109885 875064 423884 762154 391098 680067 290137 869597 747597 320648 692183
920950 588999 375951 1019229 213021 605440 149646 786696 446668 502734 220433 635045 721079 834664 458351 255597 795505 581325 413617 335278 225958 185728 737494 424170 844297 914014 746130 554694 563731 47721 451428 857709 999999999 218612 308079 689526 235010 904357 284984 448588 260608 611949 921058 739508 489321 311202 202439 278182 259528 121134 343265 862258 142606 667919 481968 393138 236592 579804 762784 309316 445788 343322 331296 694925 409304 733162 287090 616813 61855 150182 260056 615040 502213 448917 202914 1048105 356023 539316 606450 418112 940568 548136 853326 606400 239264 271065 627450 915019 517236 600699 768522 521014 803190 470701 793290 589559 102943 681984 728999 976093
741133 481850 435854 802436 89411 413377 82469 568327 325062 351476 326526 489542 602357 623904 447271 125631 633258 362741 399967 202998 279019 109544 543163 206470 654795 702440 528418 431380 386389 264591 256955 681100 218612 999999999 406852 559398 182307 693207 430091 381107 127669 461956 736312 526969 366839 411820 352940 346133 202263 97626 299865 718657 268455 450082 263987 174548 23044 502083 615568 423552 383248 133782 232115 476719 434696 516716 278378 578409 181330 95310 73372 480898 344779 324247 55893 829692 257425 406951 532505 407267 792104 371336 637895 461549 250627 396183 410552 779227 305869 549335 597922 307361 607896 291752 587566 396775 289938 492974 515253 763822
861011 870677 88086 1144612 329082 612618 331514 902782 717627 755605 89211 546540 575350 996340 228721 509643 712172 705666 719395 595519 533911 450197 730863 550127 813934 949216 873992 827111 792789 289645 499560 796438 308079 406852 999999999 959469 249117 938224 90275 743015 330488 866898 872414 792983 403261 5393 122132 69420 546979 346111 225464 738633 166985 799127 600842 541118 429699 873653 656622 30457 741681 533644 298199 793093 151326 809925 178066 921397 360970 406107 478115 512093 750177 381969 354199 1151934 634700 805958 901996 204752 818139 534888 913827 865276 171206 53892 769598 773793 690592 902488 1004343 607179 1003722 482778 971345 601343 219170 894754 789459 1128091
1011807 115426 995033 652044 646969 735599 628532 554051 243838 210232 873575 905691 1042111 448701 995951 450037 980085 496972 361292 364088 511998 513206 807552 524211 907398 807697 510106 134834 224117 731767 650395 975446 689526 559398 959469 999999999 739976 805275 965087 268747 671181 111635 989367 684939 847190 964096 882113 903114 430719 614498 848274 1094305 803167 484736 521102 498074 538017 179395 1001343 972018 276351 456576 765318 570383 992465 630831 836246 279746 627672 556590 486044 918708 220502 812832 615136 725997 333506 153511 181907 958192 1145537 756683 717954 104119 809990 939603 453828 1162674 393609 242843 176917 579588 315515 706344 382989 723556 791251 245293 665965 553625
699033 664154 259776 900545 93212 402549 136164 658839 507369 530646 188886 402661 486336 747417 267761 304650 566291 458395 564111 385116 408814 265516 531820 301181 631044 732478 627767 613350 555313 259262 265432 634610 235010 182307 249117 739976 999999999 721942 299118 558578 81405 639653 702584 565966 254830 254476 241806 181159 368918 172840 124640 628042 171301 551863 352952 292573 202492 682604 529608 272509 559810 293379 97333 551815 252683 574923 96314 752876 246504 227390 255182 380798 522620 215418 126673 912769 437232 588339 712794 226935 706798 333904 686080 640443 78279 256111 521083 680080 442488 726192 765672 365222 756515 264400 722359 388406 235380 650662 559709 880133
277820 834996 899142 347323 696222 325611 754754 254780 756811 692576 904347 447810 536222 402356 784248 736532 360766 367125 954965 728765 935327 779292 219058 490913 204863 11221 295506 778334 612395 945895 459282 286291 904357 693207 938224 805275 721942 999999999 1010056 870057 658051 712436 244772 166655 549252 943319 962889 871597 816442 785884 713556 460546 892036 330241 437428 530502 681196 908672 428183 967496 878747 604278 644250 252498 844520 193382 762275 1028560 874345 784694 684828 487268 675744 559988 701536 296050 783079 749466 932400 775313 463570 403846 87694 728167 784370 963942 371298 515467 483099 986455 670494 385972 537118 459478 452305 337317 947231 560826 180265 417804
945403 869461 174993 1199400 364121 685078 349033 957818 721296 767726 110438 631410 664913 1040867 318884 517191 798019 756102 697083 602511 506955 451926 807262 596467 894496 1020905 925952 830810 814448 254284 561512 880588 284984 430091 90275 965087 299118 1010056 999999999 732839 377471 879068 955624 859859 485250 87546 83398 142217 540365 353336 304046 827674 163619 849363 650332 581677 453075 864158 744115 63257 730337 562491 365866 850866 240889 872435 248660 900596 344569 408867 496625 598046 764238 460502 382824 1211676 633738 812385 891138 294728 907344 609182 980640 875702 227411 46541 816713 863683 728147 885471 1025225 664239 1036917 551209 1011087 672800 183637 923064 854956 1176146
1014723 154490 793526 819006 468765 695957 427860 650355 113335 186702 654065 829667 957021 605340 826213 255504 943759 507622 103182 188085 247791 297653 801893 448045 913892 875721 601197 150943 279970 485651 566310 965220 448588 381107 743015 268747 558578 870057 732839 999999999 508113 240364 999786 717701 732060 747042 649636 695959 196356 401847 680082 1046764 578095 543985 475069 407786 365661 131326 945420 750289 9790 335627 612023 617559 805196 677437 651738 199089 388273 340758 315468 831128 201664 691448 433851 878785 125286 159060 159002 785508 1111285 687925 790023 226013 615861 714310 500320 1112648 388405 168231 407194 541336 506735 618439 542813 680508 551428 390529 699885 737558
660439 601816 338171 822166 52497 347453 122203 580857 445487 460991 267057 382689 484933 666296 325682 252980 537978 378667 526650 326267 391639 230233 479228 220163 584309 668280 548481 548234 479197 295553 198803 597402 260608 127669 330488 671181 81405 658051 377471 508113 999999999 567972 660484 497940 247497 335842 314579 262533 328732 162839 177512 612558 236847 472003 272944 211365 142625 626956 510756 353548 510505 217962 104464 475716 323887 502362 170702 705883 252227 201315 194397 368219 451731 204688 82190 836852 383688 521665 657558 287179 688947 287558 616709 569886 159640 335663 440346 669699 361399 676312 688346 289908 675658 210785 640955 332067 289272 571167 490225 799638
907446 129504 897337 597368 547407 625122 535499 467147 171052 111486 783006 794123 930495 385312 891002 362022 870760 389197 343120 277649 459096 429225 700824 413038 803057 715754 420538 91463 113389 656567 538983 869008 611949 461956 866898 111635 639653 712436 879068 240364 567972 999999999 886121 583418 736585 871703 797057 807904 359831 525877 744042 984352 715744 385605 409530 388006 439772 209084 890640 881341 249827 351022 659298 470235 891106 531506 735521 328310 550677 470973 389297 807078 117221 702800 516993 664751 262636 83504 226921 854003 1036873 645105 626165 17163 711970 850686 351085 1052671 282693 286497 169375 468471 270866 594909 319669 612823 711237 167343 564446 507820
33787 997311 813994 591462 708934 323268 776787 471280 890740 841081 861589 327222 357899 630688 677361 814544 173482 501454 1069950 831897 1007759 839192 199350 564910 85912 251314 500414 936695 776259 955053 479359 79333 921058 736312 872414 989367 702584 244772 955624 999786 660484 886121 999999999 305155 470440 876882 926966 813481 901763 814533 652289 235850 870789 505999 526954 608006 731545 1063509 244694 902864 1007267 687080 609048 420297 750113 362062 711820 1178916 906621 831567 752326 364390 824058 498364 725664 534714 893738 905616 1090501 681116 221968 372927 315693 900009 746287 909385 535667 279907 619313 1138155 876963 461567 755657 450948 671693 339943 937960 754161 324018 661483
329594 698721 762379 389309 533509 191465 590115 187740 605375 547448 751940 358956 476755 348650 661105 571031 338136 210085 798013 567318 769915 612737 150354 324269 226309 175584 203799 639336 475767 781773 300670 302932 739508 526969 792983 684939 565966 166655 859859 717701 497940 583418 305155 999999999 424235 798222 807769 724781 652197 620353 571941 454630 733976 200858 271212 364068 514661 768311 387875 821355 725980 438616 495259 115146 713289 59660 615141 886290 708228 618107 518388 394147 530375 425830 537042 372095 623896 608986 794010 646119 485605 270309 120888 597848 632596 814397 232355 520088 329487 844724 573673 219609 459463 310217 378148 197971 786083 449143 18986 420271
461180 800021 352624 806845 299478 232819 367623 575357 650838 643339 392544 151002 237447 707193 237198 485182 318255 420076 764583 544110 639022 474821 333736 324429 410776 560456 561847 740799 630200 513734 203370 396185 489321 366839 403261 847190 254830 549252 485250 732060 247497 736585 470440 424235 999999999 407903 458950 343066 568164 408437 182025 373216 410466 501878 342266 349385 375244 839349 275605 433624 736021 403434 158030 462237 295439 457512 242935 931040 493883 448568 419804 126012 630077 42861 329187 796169 607156 710722 870058 226068 452108 154415 540591 743087 281336 438964 490609 426075 471420 897688 818889 306410 763459 151381 704871 226982 482770 687311 426247 817001
865365 875066 89142 1149993 334266 617719 336273 908166 722148 760391 93042 550877 578805 1001716 231345 514218 716371 711058 722894 600111 537103 454541 735790 555500 818614 954315 879384 831656 797821 292094 504904 800822 311202 411820 5393 964096 254476 943319 87546 747042 335842 871703 876882 798222 407903 999999999 123291 74804 551072 350557 230423 742248 170517 804519 606232 546439 434682 877738 660582 26253 745661 538781 303491 798462 153495 815242 183359 925017 364495 410454 482996 516306 755015 386849 359265 1157276 639039 810585 906033 208079 821701 539932 919062 870032 176584 53421 774982 777087 695892 906270 1009380 612559 1008984 488012 976684 606478 221378 899931 794727 1133482
919489 786094 206870 1135207 293840 640870 270862 894565 638285 685849 67638 609100 659355 970349 331987 435039 776729 690500 615570 520059 426218 369109 767437 529355 860925 973514 860568 747729 734760 174895 507218 854459 202439 352940 122132 882113 241806 962889 83398 649636 314579 797057 926966 807769 458950 123291 999999999 132167 456967 272018 278220 817803 84508 783118 584843 511179 375722 780961 728308 113053 647221 486384 322309 790285 261672 815913 216022 818965 261422 326336 417220 578968 682750 428612 308739 1151401 550451 729593 808056 299784 897933 568287 927861 793402 181605 73331 748572 859370 655037 803138 944967 604385 960822 503835 938063 627453 103225 845308 801456 1107410
803525 817995 99057 1075192 264719 546059 274931 833362 663226 697047 68723 489884 530320 927656 200742 455017 656902 636472 680088 540321 499987 399543 666326 481568 752385 882539 804650 772144 730266 270132 430366 738655 278182 346133 69420 903114 181159 871597 142217 695959 262533 807904 813481 724781 343066 74804 132167 999999999 499669 294718 161924 690903 137252 729912 531805 473696 368636 825457 604602 96608 695321 469633 229597 723717 135705 740946 109677 879810 323962 355733 418618 457226 690805 318605 291969 1082730 583289 749773 854450 167626 770903 469082 845662 807043 102893 95905 700705 730154 623511 858614 941613 537763 937251 414721 903458 534381 205985 829784 720960 1058967
911144 329681 597435 846552 283572 581472 234718 637919 190104 256138 458193 684129 802052 642625 636246 88276 817781 452819 197918 102372 124209 103657 703060 337822 817054 824117 590838 296044 333227 301058 432945 855008 259528 202263 546979 430719 368918 816442 540365 196356 328732 359831 901763 652197 568164 551072 456967 499669 999999999 206130 492692 910566 382913 518746 383231 294846 193048 326675 807436 554976 195678 216174 432926 573031 611014 625759 459469 384693 197784 145287 154299 678804 259715 525810 248963 891404 97989 282840 355162 595090 981202 554562 747065 352331 421596 519637 473479 973268 350544 360259 523695 444352 581682 477684 590239 564934 362056 457163 636837 784306
816753 524637 391745 899587 110411 494463 40838 665944 371767 414467 259186 545500 645566 718444 434992 164631 699188 460350 395309 250509 236373 104829 626069 303115 735361 795369 625860 481386 463521 166976 338331 754830 121134 97626 346111 614498 172840 785884 353336 401847 162839 525877 814533 620353 408437 350557 272018 294718 206130 999999999 296992 775397 189873 547556 360877 272163 116607 530831 673528 357572 401610 226265 255271 573813 405414 612552 256537 589814 92090 61109 147949 530724 410916 365938 88869 927316 288985 461128 559966 393550 851680 443314 733113 522872 216292 325339 507666 832334 400253 566330 673136 401210 695137 364038 679737 478188 197008 576754 609369 859115
643183 779010 192288 935422 211327 388179 260805 695128 622463 638042 211181 331115 388122 804177 148209 424856 498724 508721 688538 502066 532114 389614 505423 367646 590468 724597 671312 725732 651594 357169 288846 578199 343265 299865 225464 848274 124640 713556 304046 680082 177512 744042 652289 571941 182025 230423 278220 161924 492692 296992 999999999 541986 238581 600454 409198 372149 317689 801930 450454 255325 681735 393070 91211 582771 156511 593309 63634 875758 365046 352009 370322 300800 628382 156835 246231 936621 557184 699155 832368 109974 622058 309812 692382 746485 108939 257587 577011 587170 519393 848126 857886 401379 832177 262900 788039 377541 314074 735614 569744 928734
204532 1078183 665892 804273 665006 359849 734727 641448 948062 916112 750168 230061 165365 803124 518867 822921 117641 599429 1098594 863098 997417 828080 305404 599511 256279 469308 657411 1016279 870963 886850 481781 174563 862258 718657 738633 1094305 628042 460546 827674 1046764 612558 984352 235850 454630 373216 742248 817803 690903 910566 775397 541986 999999999 779190 637520 582165 639005 721347 1133615 103203 768388 1052641 712661 531060 559057 597739 513601 605602 1239918 863772 808534 756358 247264 900025 413373 690899 756569 927847 984551 1163029 534731 80135 359273 512450 995586 648769 783860 653695 68405 702140 1202037 1012097 518460 910318 433239 831205 373177 853281 880395 470294 860570
865690 709931 233732 1053824 211411 573837 186488 813860 559662 604340 78202 561392 626702 886655 328466 354148 728020 608955 552411 439760 367569 290183 702997 447442 801011 902470 778883 669330 651149 133385 433556 800881 142606 268455 166985 803167 171301 892036 163619 578095 236847 715744 870789 733976 410466 170517 84508 137252 382913 189873 238581 779190 999999999 701136 503587 427850 291264 709150 685074 172195 576392 401877 261741 711185 271512 739182 175411 754515 193988 246585 333387 534750 600686 375639 224630 1071945 473666 650088 737066 290447 859081 504680 853249 712624 130438 136992 665830 825630 570830 736052 861732 526286 876323 435635 853798 559626 76214 761001 726730 1024221
529962 505473 790372 353296 489727 304148 527959 120625 430758 363149 739005 492909 626138 206098 721408 450755 519962 93493 633725 421631 642503 507740 335334 253774 426049 334751 78378 448212 282373 714469 313906 499176 667919 450082 799127 484736 551863 330241 849363 543985 472003 385605 505999 200858 501878 804519 783118 729912 518746 547556 600454 637520 701136 999999999 199059 276467 431333 578496 556961 823898 552995 328680 511105 85793 755409 146201 626009 698320 623473 526269 415107 519369 346482 486084 479975 381077 468243 419228 602511 696164 677673 360056 246977 400699 628375 807606 45496 705122 168403 656222 376358 200654 276985 354248 206479 298954 736729 248815 181981 329319
540379 496167 595926 550379 292437 223752 336388 310435 369701 334014 539957 384593 521087 396816 539757 300267 473336 105803 543045 305571 499084 342213 327926 57897 441138 445870 275845 434295 297707 526973 138970 490154 481968 263987 600842 521102 352952 437428 650332 475069 272944 409530 526954 271212 342266 606232 584843 531805 383231 360877 409198 582165 503587 199059 999999999 93332 248672 552254 484817 625230 482114 167867 318317 212982 565583 253878 429615 661684 444174 350606 247499 398520 318058 316165 285901 570076 366817 402597 581347 510582 641389 235581 375938 418924 429821 608560 169240 649846 130975 622585 476883 66278 427281 192268 378927 209392 542983 345052 257220 527303
618757 453599 547946 629595 217763 291707 251498 393923 311519 294551 472455 425160 556929 459388 513784 209523 536808 188193 465585 226950 407662 248911 408858 43107 522877 539038 354838 393244 285251 439087 160739 564773 393138 174548 541118 498074 292573 530502 581677 407786 211365 388006 608006 364068 349385 546439 511179 473696 294846 272163 372149 639005 427850 276467 93332 999999999 157402 499841 537926 563112 413777 79085 282200 303418 527014 346863 379668 601799 352637 257952 154329 430966 280893 314820 204339 655220 290979 362594 530071 479938 703896 280581 469075 393956 370848 542376 238686 705079 150097 564876 486678 149827 464551 215423 430518 275633 460396 363558 350392 596372
