NAME : synthetic_000965
TYPE : CTSP-D
DIMENSION : 100
GROUPS : 8
RELAXATION_LEVEL : 1
EDGE_WEIGHT_TYPE : EXPLICIT
EDGE_WEIGHT_FORMAT : FULL_MATRIX
EDGE_WEIGHT_SECTION
999999999 304660 465104 645313 628105 147526 183313 49337 184939 639071 602435 558270 661818 749826 454662 568968 377153 238673 643167 443374 278409 637874 190775 172095 460017 28319 597016 15108 114004 571147 792109 290350 200868 713963 773250 495847 390300 219070 177658 158394 782284 443266 195476 613835 556523 363090 506090 602140 706066 658620 648578 390866 376834 695961 408542 277160 601666 668641 236001 410201 887414 408224 248173 343277 324454 753819 329090 466960 146687 307376 336469 107826 501281 603563 287756 513192 127934 755569 523278 536223 587884 320136 320814 536587 685603 777360 629420 90615 552406 439573 336177 173664 170303 730869 485022 479584 834787 211716 136762 425855
304660 999999999 677486 482072 635420 450450 267307 264182 433357 848467 762388 835704 894846 926769 750205 575723 552408 446571 545755 691893 575789 494604 310351 273783 448299 276783 616763 291009 230322 656906 643687 434686 165163 680649 748646 778676 129032 499850 337852 162986 762647 727691 338618 464692 614621 431348 728122 496514 930395 692625 710332 621928 663114 814098 709068 581747 794782 667922 494627 705841 1066920 341766 386233 502207 550714 784822 592812 699726 327660 24076 615966 412161 612963 838984 560204 581461 258731 814229 816103 627603 455826 32497 54608 717314 907980 908058 862095 364889 657893 179562 605789 131776 450605 832825 491526 783434 1026315 176850 364862 157635
465104 677486 999999999 703160 440858 434102 648298 509922 569579 175270 175969 262375 219616 290153 314308 416228 135644 236837 607070 101754 308627 670146 650951 636721 417013 476556 406790 477799 461922 285989 779088 249691 512449 551779 576780 254014 799066 525414 341332 524174 575353 242769 648548 664636 328359 311495 53545 597187 252916 414112 363609 81255 242185 305650 342557 387192 139486 474720 577041 301338 424050 483837 293786 187055 140659 478217 176943 56915 357780 693167 218654 427565 220055 167604 572161 299636 593026 437319 326124 264438 626879 672686 657818 98422 230569 355817 187602 374716 244007 851653 188152 568507 513267 355198 393928 419760 369762 502417 567341 831923
645313 482072 703160 999999999 352921 771396 717149 636345 827043 816290 669073 953348 897988 817111 941324 328271 577950 584663 141308 778123 809255 42546 755949 718239 286218 622502 364576 640301 531769 488031 161631 502865 454457 313955 372868 922312 571934 861886 520226 508346 390032 886297 779539 38711 424874 403792 753354 117498 908571 425242 479120 700941 841518 635382 930017 858424 747791 356809 881108 905273 934858 252658 492857 536572 653321 479450 741122 753722 541775 504425 789725 731134 507870 859455 931469 428112 684350 541997 985791 482840 76299 449888 427772 674677 886921 724336 871683 636382 519630 599887 761299 528371 814680 622616 312507 1019516 923148 439125 767076 578009
628105 635420 440858 352921 999999999 699761 773949 646257 804358 503118 346289 702837 592697 475271 739105 61429 357768 445889 216371 537197 662051 310717 800257 768677 188264 617930 36028 631453 541167 163215 364910 359171 513512 111272 151043 692026 759325 804053 452389 561942 156859 671417 814074 322696 112539 265878 479843 237023 591352 72962 127584 474338 648291 285980 750097 732464 435967 41289 841808 714559 584908 294934 386910 344429 458680 151048 550865 497656 483341 659065 604708 668975 220955 566868 869835 147221 723652 197042 763192 177077 291338 611293 587592 377465 571818 371998 572198 571685 204473 803530 570672 603224 768126 269789 149223 837107 578707 494567 764767 779923
147526 450450 434102 771396 699761 999999999 269755 186742 136037 595938 596690 457168 598589 723758 333138 645156 387764 259644 751370 381601 165325 759214 252533 256033 553224 175841 665662 160071 252851 611011 910144 341071 343537 796790 849953 391023 526198 104612 260573 305152 856610 339207 239041 737561 611324 437688 462742 714749 647786 716746 694420 353022 274968 709083 279051 136952 573173 741050 148629 290373 853987 524052 315353 371868 303399 807850 265514 417969 233711 451404 249659 41528 534182 541460 170577 567309 228762 796519 403748 576409 708368 467202 468320 522385 629835 778765 568180 136888 583500 572747 263611 320570 79422 750919 568851 340270 795210 351805 151473 561487
183313 267307 648298 717149 773949 269755 999999999 141866 190000 821909 783822 722494 841701 932939 602864 712860 557887 420556 747833 622247 431881 720117 43126 13739 592481 175739 746152 171283 233752 738702 875209 462461 273404 847336 911107 657370 289403 271210 344357 219019 922116 604881 71921 692277 716330 517800 688534 701660 887107 813800 811522 573280 539034 872271 548316 404006 784970 812765 248508 559880 1070705 514525 415696 520695 507640 909896 505898 648488 315799 255209 505432 247992 673334 783445 317517 674633 56091 919465 673441 704371 674145 296497 310600 719310 867019 956339 809605 273586 724177 326877 510462 189577 229849 904508 625517 603335 1018031 291831 128639 321665
49337 264182 509922 636345 646257 186742 141866 999999999 191836 684530 642088 607583 709406 792364 502677 586028 416098 279246 645020 491503 326503 632130 157217 132244 471478 33945 616586 34409 109929 600254 787439 321808 183154 727024 788337 545047 343153 242385 204627 132962 798225 492439 168051 606716 581271 384362 552177 601943 753075 681254 675195 437140 425985 730956 455309 320726 645248 686144 249215 458284 930721 408731 276260 378978 369521 777078 377860 513871 175122 264662 385806 150080 533118 651190 308061 538703 85826 782855 571629 565628 583103 282516 285863 578272 732398 814547 676902 137540 584119 391766 385278 136659 192396 763973 500157 524102 879158 197371 131036 378683
184939 433357 569579 827043 804358 136037 190000 191836 999999999 731931 729641 580665 732784 859484 445869 746712 515141 380509 828101 517025 293155 821282 156129 177681 642537 205068 771855 187611 295921 730819 976025 452619 374961 894547 951956 513885 477138 84478 352424 324234 960142 463824 132155 796584 724505 538542 598778 786987 782529 828892 812236 488658 402605 838363 386033 241879 708836 845371 61311 406463 990022 593055 418038 493177 436568 922425 401418 553975 321794 427010 382846 146203 656067 676067 128854 680488 175816 916875 515814 695828 771637 457604 465670 656365 764933 911015 702796 234216 706452 516504 398868 319853 60002 878432 664993 427617 931189 388797 68504 510324
639071 848467 175270 816290 503118 595938 821909 684530 731931 999999999 157413 276829 91951 144328 394137 499030 297027 411879 701448 217888 452037 778930 822843 810084 538279 651329 475345 652056 636513 340952 865017 415205 683334 605704 611445 309403 971752 679409 514767 697855 605149 328120 818946 779078 400396 455622 134214 702463 92534 453452 392164 248944 359438 266592 442347 526370 68638 527064 732440 400288 259254 624049 462446 348558 315024 486232 330586 177982 532431 865002 357060 594351 308454 93494 718113 388903 766975 425533 373106 336732 741624 841882 825818 144697 70631 266000 81938 548488 302376 1024276 334844 742662 673671 315998 504978 498451 199282 672186 735774 1004115
602435 762388 175969 669073 346289 596690 783822 642088 729641 157413 999999999 397100 248466 165966 481078 345898 226046 363761 548782 270911 483002 630297 792931 773551 400498 608154 319576 613163 572400 185496 709549 333485 600657 448296 455519 409159 890058 693023 448501 625978 449959 409424 794628 632821 246866 340639 181401 553319 245208 296237 235402 252694 416960 132786 515355 561823 92936 369656 743201 473378 304926 497364 383696 267842 293329 335060 350683 220859 472837 781547 394493 584241 168211 231749 743504 241700 727732 280707 480159 186234 595951 750730 731953 77742 225531 182576 231592 515721 149686 941677 363347 672491 676042 183938 362600 587938 270626 586527 718739 920018
558270 835704 262375 953348 702837 457168 722494 607583 580665 276829 397100 999999999 214292 417092 148312 678293 375557 404889 865815 175252 291902 922969 709219 709015 668419 580286 669026 573311 605420 545216 1038798 463035 680471 813476 835549 66792 941588 507973 509926 672776 832976 117974 696146 914637 590457 551039 225182 852453 264884 672302 618019 252894 183464 526682 210076 340982 312115 735857 560167 177775 502316 718487 492066 417860 309788 727792 244020 206143 511885 845739 222330 474511 482320 183540 524570 561869 674798 677510 101439 525957 877290 839799 830541 335492 259049 541590 201077 477072 502799 992815 229965 709202 521192 578087 650479 236425 435711 676435 608613 976779
661818 894846 219616 897988 592697 598589 841701 709406 732784 91951 248466 214292 999999999 209612 350340 585709 353722 449641 787173 219689 442548 861673 837953 829186 616147 677400 563973 675727 674400 429826 952783 469277 730242 696512 703265 261692 1014379 672086 557252 738656 697061 293176 830911 860280 487796 523807 167195 785789 52760 544702 483700 275562 338863 357242 405827 510589 156779 617720 725593 366010 288864 695157 513129 405683 346656 578056 336956 197164 570836 909724 350044 603369 391161 58273 702831 473135 788370 516672 315413 423091 822601 891162 876786 223427 45047 347442 32884 571868 390099 1066955 335582 781731 673148 405816 585571 448348 222462 720894 745108 1047821
749826 926769 290153 817111 475271 723758 932939 792364 859484 144328 165966 417092 209612 999999999 538449 489009 381382 513425 688685 355560 588529 776692 938260 921917 560059 758516 455507 761666 730525 329654 838650 494711 763973 563147 553044 453301 1053879 812455 606360 786754 543301 472260 937168 782427 392738 506569 264201 699822 171814 411815 349883 370832 500993 194387 586337 664724 150690 488875 864816 544152 140506 660852 544699 427683 428142 416176 461669 310493 628604 945504 494039 717686 331111 234417 854945 397311 877096 346220 515485 340378 746617 915837 897349 214809 166120 147445 216219 660498 302840 1105743 468791 832986 802684 231059 519579 642497 107075 750388 857028 1084316
454662 750205 314308 941324 739105 333138 602864 502677 445869 394137 481078 148312 350340 538449 999999999 703563 384571 360254 873025 212792 176253 916036 584425 589150 666378 479896 703468 469672 523033 594685 1046239 438460 607227 850028 882640 88795 844828 368549 450266 588959 882866 71833 568278 903110 628079 540455 299899 851699 402848 722381 675625 264861 99967 613828 62746 204081 410767 776293 419209 44515 638428 693571 453352 412795 291621 791593 200487 261603 443548 756837 152347 358189 521570 307164 378984 592223 559845 751526 70666 568700 867254 759218 753601 407819 393081 646786 330089 385383 554014 894227 180139 619354 387976 664745 658273 106972 572392 607030 481839 880376
568968 575723 416228 328271 61429 645156 712860 586028 746712 499030 345898 678293 585709 489009 703563 999999999 319171 394930 202887 508094 616017 287684 739521 707708 127648 558114 43719 571925 480358 161302 367545 306387 452116 153262 205393 662212 700461 749057 394326 500523 213502 637837 753674 294365 99036 208507 459567 210857 589843 120206 158156 440449 609947 308817 710401 684230 430596 100142 785550 676499 607589 236824 330625 299131 417344 209160 510515 472150 425116 599257 564211 613249 198731 554518 815604 116746 662826 246539 732260 162621 259667 552177 528633 364529 569157 400671 562620 515115 196851 745360 530720 541808 711953 302074 87797 798629 594892 433181 705719 721785
377153 552408 135644 577950 357768 387764 557887 416098 515141 297027 226046 375557 353722 381382 384571 319171 999999999 138958 493529 200313 310810 547438 567894 547738 292918 382175 321784 387521 349144 231748 667137 118195 387562 467638 505492 349013 677169 489731 224990 406298 507769 320140 570723 539243 250201 178376 189186 477550 382685 351896 316956 124869 291053 323460 392395 385989 242639 396615 536389 357539 521625 350042 166246 52066 102253 434309 193164 178370 247671 569626 246989 368991 153035 303137 547783 210709 501797 413077 416794 199491 501817 545028 528799 167152 359872 400722 322306 292196 198851 729518 212905 452236 465530 363510 277422 479898 476157 375730 497672 708875
238673 446571 236837 584663 445889 259644 420556 279246 380509 411879 363761 404889 449641 513425 360254 394930 138958 999999999 531170 246989 229052 562238 429248 410031 323149 245326 410828 249532 225401 351763 700944 90129 283600 548158 596910 357840 564744 363993 109139 289017 602324 313544 431770 547000 352532 196742 284442 503265 487938 458034 434824 175373 260517 461092 345359 291003 367708 487008 407055 321937 652350 334248 93121 112880 104163 548351 165337 253393 121379 460598 207961 235497 275840 393040 426916 308703 364514 537626 412264 317013 512288 445274 433013 299064 466063 539678 416777 153349 326004 617317 183768 332443 334368 499087 327475 434879 602512 276557 359382 598277
643167 545755 607070 141308 216371 751370 747833 645020 828101 701448 548782 865815 787173 688685 873025 202887 493529 531170 999999999 691808 760221 98973 782517 746330 208474 624641 233183 641392 535369 363870 173631 442504 474668 174250 236661 842539 653428 849586 491057 529527 253606 812122 802692 119089 301923 335887 653894 49402 792556 287240 343889 618377 775089 501961 870417 818885 632898 216374 876650 840984 801194 236303 446431 460287 581411 338142 673573 661059 517786 569595 725412 713739 396960 753689 919027 314363 706847 401234 909922 364717 101311 515728 491797 564656 771729 588188 763140 614577 399633 688904 694123 559785 805831 485599 216109 960220 793383 456618 774904 665808
443374 691893 101754 778123 537197 381601 622247 491503 517025 217888 270911 175252 219689 355560 212792 508094 200313 246989 691808 999999999 234183 747745 618283 609660 493208 460137 502373 457532 465281 385966 865121 292498 530271 648448 676207 154831 806458 461847 355950 531475 675336 141109 611528 739411 424800 376302 94125 677491 266975 514170 464893 78983 148449 403068 244495 309309 211715 572431 515024 202467 477093 545135 326507 243338 144184 579893 117453 50110 364279 704749 139221 384229 316557 161576 500451 392801 569250 538742 226294 362480 702047 691852 679955 195797 248409 444143 188050 354134 344409 858773 118182 572372 458037 453514 476038 318755 415897 523543 526128 840742
278409 575789 308627 809255 662051 165325 431881 326503 293155 452037 483002 291902 442548 588529 176253 616017 310810 229052 760221 234183 999999999 788943 417375 418289 552117 303746 626154 293421 351387 542114 929712 318283 438567 768706 812210 225966 668604 229619 295455 415993 815706 173928 404364 772251 559015 425276 324442 731855 493482 662241 627257 230408 109963 607746 134339 78867 441068 702276 283114 131802 711150 556825 317229 317684 209267 744878 132336 278099 282356 581635 94978 184402 463544 387160 266464 517437 386273 719729 245222 510281 738520 586181 581869 405398 477206 664292 413757 212255 507070 717976 120829 444420 233153 654617 554452 217047 649341 440373 316798 704155
637874 494604 670146 42546 310717 759214 720117 632130 821282 778930 630297 922969 861673 776692 916036 287684 547438 562238 98973 747745 788943 999999999 757769 720397 254555 616231 323128 633808 525362 448148 155639 478098 452511 272343 332413 893921 591074 852251 504117 507179 349538 859325 780376 30308 385072 376220 719613 77065 871021 382905 437205 671330 816527 593870 907078 840910 710339 314263 873852 881002 893401 235816 471738 507907 626313 437060 715563 721676 527302 517610 765174 719570 470827 824327 921975 390163 684621 499452 958541 444173 50974 462926 440005 638248 849547 682369 835892 623111 480664 621758 735899 530590 805925 580481 277256 996826 882490 436169 763162 599375
190775 310351 650951 755949 800257 252533 43126 157217 156129 822843 792931 709219 837953 938260 584425 739521 567894 429248 782517 618283 417375 757769 999999999 38011 621397 189528 771463 181183 259183 757428 913143 478343 307972 876917 939773 643323 329628 239723 361756 253014 950315 591259 29140 730282 738133 540581 688828 736968 884642 837404 832323 573917 526255 886211 527893 382562 789052 839631 211902 542335 1074718 547851 433386 533589 510721 933366 501044 647360 331954 298332 496023 236761 689741 779855 280870 695735 77001 940028 655086 722767 711153 339366 353102 726086 865118 968119 806273 277978 740805 365029 503898 227585 202494 920230 652724 578186 1020411 325899 102904 361087
172095 273783 636721 718239 768677 256033 13739 132244 177681 810084 773551 709015 829186 921917 589150 707708 547738 410031 746330 609660 418289 720397 38011 999999999 588198 165908 740502 160518 227756 730882 875691 453710 271662 843395 906792 643837 300525 258297 335915 216890 917612 591366 64970 692795 709460 511177 676577 700498 874775 807559 804355 561341 525563 863165 534577 390274 773686 807715 236732 546185 1059455 512255 407412 511207 496081 903627 493161 636302 306969 262630 492215 234504 664831 770942 305655 667524 46722 912245 659732 696443 673999 302331 315611 708530 854765 946715 797140 262035 715751 338861 497530 189952 216486 895877 620552 589693 1006481 289830 115367 333152
460017 448299 417013 286218 188264 553224 592481 471478 642537 538279 400498 668419 616147 560059 666378 127648 292918 323149 208474 493208 552117 254555 621397 588198 999999999 445955 168554 461077 363049 238197 380368 234094 326815 255699 318628 640290 573659 654542 293674 376909 329777 607258 637388 247645 181473 127420 467557 185692 630789 244877 269951 417068 567801 401028 662204 612340 470689 223719 686265 633386 689970 113184 241273 254837 375001 336551 466295 467585 322802 471764 517619 517715 232806 575167 723088 163778 544404 368825 705963 220411 209920 425230 401865 394297 608553 496760 588646 417969 257660 619263 486815 416740 613608 406200 45751 752051 667069 307774 596072 595745
28319 276783 476556 622502 617930 175841 175739 33945 205068 651329 608154 580286 677400 758516 479896 558114 382175 245326 624641 460137 303746 616231 189528 165908 445955 999999999 587667 18005 90881 568097 770964 288856 174614 700969 761395 518660 364999 244920 172472 130516 770913 466236 198373 591664 550434 354547 519274 582694 720624 651210 643802 404386 399958 697517 434905 304965 611559 658110 258796 435390 896961 388844 244042 345331 336308 746850 347572 481437 142446 280001 358045 136076 500247 619237 312972 507587 119663 751294 548039 533374 566570 291909 292495 544369 699817 780807 644818 106093 551298 414854 355826 145536 195588 730897 472990 506991 845606 186389 150798 400535
597016 616763 406790 364576 36028 665662 746152 616586 771855 475345 319576 669026 563973 455507 703468 43719 321784 410828 233183 502373 626154 323128 771463 740502 168554 587667 999999999 600808 512760 134397 389975 324745 489275 146589 186472 657170 742181 770072 420513 536349 191501 635990 784589 332074 78766 234032 446844 247217 564730 76875 116394 438782 612396 270806 714139 696777 407571 76349 808423 678694 570299 279439 353950 308588 422653 168511 514861 463476 451552 640163 568705 635397 186735 536273 835523 111357 695119 202913 728179 144314 298537 593771 570367 346328 544710 360824 542532 538635 174123 787528 534683 578573 734726 260831 125795 801229 560404 470477 733491 763979
15108 291009 477799 640301 631453 160071 171283 34409 187611 652056 613163 573311 675727 761666 469672 571925 387521 249532 641392 457532 293421 633808 181183 160518 461077 18005 600808 999999999 108567 578117 788440 297874 192567 715719 775679 510936 375371 227007 183213 147818 784990 458360 187757 609347 562007 367215 519322 599714 719715 663455 654739 404160 391932 705029 423316 291134 613890 671801 240903 425220 899564 405809 254401 352412 337211 758899 343588 480546 152581 293251 351453 121154 509158 617487 294984 518903 115468 761995 538338 543276 584071 307144 308454 548062 699157 787228 643279 104010 560268 424555 350892 160524 177619 739282 487286 493859 847349 204395 135034 410926
114004 230322 461922 531769 541167 252851 233752 109929 295921 636513 572400 605420 674400 730525 523033 480358 349144 225401 535369 465281 351387 525362 259183 227756 363049 90881 512760 108567 999999999 508052 680164 240215 91147 618748 680948 548481 341203 332748 124188 67356 691297 497719 274350 500794 483079 284331 509816 492736 713322 580048 578763 399040 433616 648538 485698 369439 589167 580457 349352 478998 870739 299171 190578 304562 327770 676145 362933 477474 104143 240756 385832 211342 446467 617314 401676 441869 182485 686753 587558 474268 475754 236495 230689 516091 691463 736542 641516 139306 496568 393583 375556 107394 284262 677450 393559 564869 823977 99105 239643 375471
571147 656906 285989 488031 163215 611011 738702 600254 730819 340952 185496 545216 429826 329654 594685 161302 231748 351763 363870 385966 542114 448148 757428 730882 238197 568097 134397 578117 508052 999999999 524260 281080 508610 270553 290851 539880 785751 714916 395679 546862 289429 524643 765866 452938 63171 229147 320451 371104 430477 128211 85209 331901 510170 163324 613183 617724 273268 191852 758799 574890 453936 347439 324063 239147 332872 202789 419197 342762 425739 678726 471989 586972 78718 403793 775787 77043 684222 186061 611875 35057 416983 639039 617427 214985 410350 259325 408997 498109 42442 834781 437564 592572 686102 175927 194486 696872 436304 491366 703024 811822
792109 643687 779088 161631 364910 910144 875209 787439 976025 865017 709549 1038798 952783 838650 1046239 367545 667137 700944 173631 865121 929712 155639 913143 875691 380368 770964 389975 788440 680164 524260 999999999 613398 608148 280817 316422 1016137 731945 1004966 652238 662814 332318 985685 935910 182933 464991 507531 824897 198008 954700 427165 488774 791971 948007 646208 1042467 985700 796941 350234 1027920 1013712 940474 386289 613589 633650 754628 449573 846480 833596 676955 666056 897979 871100 565594 922010 1074698 482924 840200 520854 1083548 529892 204419 611517 589354 732072 934602 724148 930102 773468 562833 757966 867017 685790 959253 621202 389718 1132335 940209 591763 918473 736551
290350 434686 249691 502865 359171 341071 462461 321808 452619 415205 333485 463035 469277 494711 438460 306387 118195 90129 442504 292498 318283 478098 478343 453710 234094 288856 324745 297874 240215 281080 613398 999999999 270241 459375 509866 424070 560243 445599 118508 292537 515998 384833 485532 464661 272053 106994 302700 416360 500181 376931 360323 213792 338690 410203 429628 381115 360105 400440 485343 402905 635215 257460 50210 67556 153963 469862 238358 283656 146743 452322 287107 312085 211397 416640 510779 227983 407014 466323 484511 246078 428948 426868 410613 282890 477435 496669 437282 218540 262470 612441 258462 339016 411753 442182 237351 519501 592226 257869 422092 591537
200868 165163 512449 454457 513512 343537 273404 183154 374961 683334 600657 680471 730242 763973 607227 452116 387562 283600 474668 530271 438567 452511 307972 271662 326815 174614 489275 192567 91147 508610 608148 270241 999999999 578245 643613 626529 290064 419519 174462 55039 655593 577099 328991 426101 473395 279526 563328 428999 765332 561784 570334 458527 514743 660442 572809 460074 630115 550304 431560 563692 904368 241336 221316 337794 387653 657046 436458 535870 168589 182102 465061 302089 457397 674718 487506 436086 232987 677186 669830 477132 404680 161677 150242 553123 742888 752659 697548 228092 504657 342204 451074 89936 370184 683309 364453 653688 862413 19070 313030 321344
713963 680649 551779 313955 111272 796790 847336 727024 894547 605704 448296 813476 696512 563147 850028 153262 467638 548158 174250 648448 768706 272343 876917 843395 255699 700969 146589 715719 618748 270553 280817 459375 578245 999999999 68346 803279 798098 900266 542560 630165 83634 782566 893084 293276 223688 359134 589831 214302 691529 153283 215793 585369 758560 369061 860004 837412 539904 78970 935405 824940 660160 342020 481548 451267 567739 171249 660412 608629 572886 704708 714243 763952 332082 673679 967356 257820 799916 240768 874463 287522 271712 653381 629193 485526 672950 443697 677589 665083 312704 838184 680380 667866 862012 341048 229574 947424 662313 559203 850492 814657
773250 748646 576780 372868 151043 849953 911107 788337 951956 611445 455519 835549 703265 553044 882640 205393 505492 596910 236661 676207 812210 332413 939773 906792 318628 761395 186472 775679 680948 290851 316422 509866 643613 68346 999999999 830505 866408 954055 599533 694903 17181 813562 955200 355392 255622 413899 610434 279597 693164 163255 220545 618037 794319 359525 896772 883210 548407 110125 990914 860165 638264 409206 535926 494874 607234 139922 698535 633593 630234 772695 752288 818485 361081 685797 1020231 295214 862809 212948 902387 314145 336412 721531 697351 502071 676013 423011 687070 720495 333080 906528 718033 733419 917300 323751 288412 982699 647117 624547 909994 883002
495847 778676 254014 922312 692026 391023 657370 545047 513885 309403 409159 66792 261692 453301 88795 662212 349013 357840 842539 154831 225966 893921 643323 643837 640290 518660 657170 510936 548481 539880 1016137 424070 626529 803279 830505 999999999 881714 441326 459154 615729 829300 52706 629877 883684 579629 518522 228756 825736 314127 668060 617295 224167 119171 541531 147395 274317 332288 727196 493639 112172 550094 681441 448215 386025 270337 730784 192971 197627 458433 787785 162735 409420 471362 220146 459192 547372 610412 685722 72210 517121 846818 784196 775996 340063 304732 567405 242256 416968 497998 932545 176236 650635 454441 592914 626431 189256 483933 623649 542389 917050
390300 129032 799066 571934 759325 526198 289403 343153 477138 971752 890058 941588 1014379 1053879 844828 700461 677169 564744 653428 806458 668604 591074 329628 300525 573659 364999 742181 375371 341203 785751 731945 560243 290064 798098 866408 881714 999999999 554266 457774 275777 881018 829669 358488 560766 742714 560365 848592 604074 1051743 818490 838036 739602 763769 943130 798445 662445 919808 790408 537035 800335 1194205 464456 511018 627778 668223 909576 701979 817927 443738 108557 719591 492339 741891 957708 605767 710120 305685 941153 913025 756591 557976 148480 171832 843130 1029559 1037055 981519 464782 786923 52596 713165 234161 508319 961678 617641 866103 1152458 303555 411163 35555
219070 499850 525414 861886 804053 104612 271210 242385 84478 679409 693023 507973 672086 812455 368549 749057 489731 363993 849586 461847 229619 852251 239723 258297 654542 244920 770072 227007 332748 714916 1004966 445599 419519 900266 954055 441326 554266 999999999 360920 373711 960877 393146 216527 829329 715913 541153 548776 811392 723100 821346 798585 444268 335587 808918 307304 167010 662795 845338 53508 331262 938638 618828 418730 475862 401114 912314 350787 502855 332509 496065 323627 136838 637732 616771 69737 671906 248997 900140 437542 680422 801719 521511 526895 617298 706757 875566 643375 236573 686676 595651 344670 378044 49991 851857 671743 344062 877736 430776 143615 588194
177658 337852 341332 520226 452389 260573 344357 204627 352424 514767 448501 509926 557252 606360 450266 394326 224990 109139 491057 355950 295455 504117 361756 335915 293674 172472 420513 183213 124188 395679 652238 118508 174462 542560 599533 459154 457774 360920 999999999 183089 607801 411865 370620 484573 378926 186558 390946 455529 593974 481023 471556 284229 353140 528705 425030 338475 465721 493262 393242 408706 746611 268429 71634 180798 213222 576162 266646 361882 31087 352476 301366 224140 328978 501171 429677 335718 289193 578916 508155 361014 453152 336137 324016 392023 571787 614859 524452 124384 379852 510367 282938 228200 320212 560167 313024 511671 700316 167769 313337 490823
158394 162986 524174 508346 561942 305152 219019 132962 324234 697855 625978 672776 738656 786754 588959 500523 406298 289017 529527 531475 415993 507179 253014 216890 376909 130516 536349 147818 67356 546862 662814 292537 55039 630165 694903 615729 275777 373711 183089 999999999 706505 564849 273959 480540 515593 318371 573145 483991 776489 607366 612399 463836 500515 694138 550055 429020 648229 599551 382158 544766 927232 295517 242346 359108 392454 703130 430191 542150 167971 173638 453041 264398 490844 681933 440467 476597 177957 719944 654070 514272 459557 170300 166455 573379 754422 784543 705789 203866 539615 328328 442906 46647 323883 719797 412727 627441 882411 72941 260642 309570
782284 762647 575353 390032 156859 856610 922116 798225 960142 605149 449959 832976 697061 543301 882866 213502 507769 602324 253606 675336 815706 349538 950315 917612 329777 770913 191501 784990 691297 289429 332318 515998 655593 83634 17181 829300 881018 960877 607801 706505 999999999 813404 965385 372413 257570 421691 607794 296204 685787 161242 216048 618607 795524 350484 898175 887369 542896 115572 998352 861152 626004 422527 543334 498873 609776 128197 700537 632046 638612 786679 754202 825657 361446 680904 1026692 298282 873396 200916 901304 314175 353144 735771 711608 498652 668988 411368 681538 728063 331360 921470 719872 745471 924691 313189 298068 983606 636167 636523 919046 897924
443266 727691 242769 886297 671417 339207 604881 492439 463824 328120 409424 117974 293176 472260 71833 637837 320140 313544 812122 141109 173928 859325 591259 591366 607258 466236 635990 458360 497719 524643 985685 384833 577099 782566 813562 52706 829669 393146 411865 564849 813404 999999999 578209 847815 559803 483113 228438 792947 345914 652600 604922 197478 66484 542138 114420 226471 340698 708010 445952 73111 578032 642070 405402 352464 233052 720525 148365 189771 409601 736428 112099 356899 452578 245134 414945 525044 557749 679836 99677 499426 811373 733821 726113 335988 333838 576604 269660 365061 483646 880376 129885 599114 404129 593003 596412 178517 512759 574820 490664 865041
195476 338618 648548 779539 814074 239041 71921 168051 132155 818946 794628 696146 830911 937168 568278 753674 570723 431770 802692 611528 404364 780376 29140 64970 637388 198373 784589 187757 274350 765866 935910 485532 328991 893084 955200 629877 358488 216527 370620 273959 965385 578209 999999999 753204 748785 552350 684750 757676 878388 849211 842124 570373 513942 891110 510612 365141 787332 853813 185531 526867 1072597 567255 442023 538512 509051 944974 494079 642425 340211 327004 486044 227680 696675 773009 254221 705960 96005 949536 638849 731033 733257 367292 380519 726310 859265 971422 799555 278921 747797 393281 495781 251484 182568 926333 667411 557816 1017241 346478 87576 389727
613835 464692 664636 38711 322696 737561 692277 606716 796584 779078 632821 914637 860280 782427 903110 294365 539243 547000 119089 739411 772251 30308 730282 692795 247645 591664 332074 609347 500794 452938 182933 464661 426101 293276 355392 883684 560766 829329 484573 480540 372413 847815 753204 999999999 389776 365174 714943 85683 871439 395495 447569 662238 803347 602620 892306 822378 710647 329706 849822 867254 901819 216344 455498 497899 614811 454548 702835 715083 506804 487629 751633 697576 470625 821352 899003 391460 657598 514819 947281 446634 37809 432943 410107 637070 849699 692700 833787 601990 483629 591533 723043 502875 782566 591648 274709 981879 888746 410114 737686 569124
556523 614621 328359 424874 112539 611324 716330 581271 724505 400396 246866 590457 487796 392738 628079 99036 250201 352532 301923 424800 559015 385072 738133 709460 181473 550434 78766 562007 483079 63171 464991 272053 473395 223688 255622 579629 742714 715913 378926 515593 257570 559803 748785 389776 999999999 198809 368078 308015 490943 105503 96946 363226 538780 220976 641162 631875 332104 148232 757011 604738 515684 293437 308683 244209 352261 197972 443032 385134 409839 637126 496743 583848 108418 458480 779444 44092 663176 204378 650912 65763 353879 594807 572449 268348 470373 316112 465485 490298 98024 790559 462456 560165 683534 224919 136287 727304 499288 455372 691326 767322
363090 431348 311495 403792 265878 437688 517800 384362 538542 455622 340639 551039 523807 506569 540455 208507 178376 196742 335887 376302 425276 376220 540581 511177 127420 354547 234032 367215 284331 229147 507531 106994 279526 359134 413899 518522 560365 541153 186558 318371 421691 483113 552350 365174 198809 999999999 364467 311455 546286 296901 294944 298152 441392 382858 534936 487267 392118 306836 577069 506641 644452 172354 122423 133214 250093 392796 340036 356737 217562 452401 390768 404994 182148 476920 608263 158425 465082 402865 582395 197705 328429 415952 395654 312229 523455 476735 493834 306619 226626 610516 360490 363745 503497 403887 132167 624805 610764 262462 499477 587991
506090 728122 53545 753354 479843 462742 688534 552177 598778 134214 181401 225182 167195 264201 299899 459567 189186 284442 653894 94125 324442 719613 688828 676577 467557 519274 446844 519322 509816 320451 824897 302700 563328 589831 610434 228756 848592 548776 390946 573145 607794 228438 684750 714943 368078 364467 999999999 645885 203507 447179 392992 115259 242546 314181 336867 401170 117761 511729 601413 294486 391252 536817 345979 240569 183657 504033 198253 46348 405817 743334 230284 460267 261181 114127 590785 342884 633866 457107 300453 302790 677146 724069 709601 111698 181762 350490 134806 415477 278009 901188 204615 616874 540962 365311 442662 406843 333125 553785 601594 881763
602140 496514 597187 117498 237023 714749 701660 601943 786987 702463 553319 852453 785789 699822 851699 210857 477550 503265 49402 677491 731855 77065 736968 700498 185692 582694 247217 599714 492736 371104 198008 416360 428999 214302 279597 825736 604074 811392 455529 483991 296204 792947 757676 85683 308015 311455 645885 999999999 794443 309812 362244 602140 752815 518003 845906 787759 633844 244740 836781 818088 817432 193933 415581 440527 560552 370553 651397 649635 481094 520329 702202 676352 394697 749316 881020 313574 661714 429589 891641 367256 57668 466404 442496 562391 773058 607456 760375 577872 403662 639769 671878 513034 766748 506158 203291 935791 805747 411232 732367 616636
706066 930395 252916 908571 591352 647786 887107 753075 782529 92534 245208 264884 52760 171814 402848 589843 382685 487938 792556 266975 493482 871021 884642 874775 630789 720624 564730 719715 713322 430477 954700 500181 765332 691529 693164 314127 1051743 723100 593974 776489 685787 345914 878388 871439 490943 546286 203507 794443 999999999 538463 476352 316603 390848 338933 458569 562441 160792 613416 776596 418767 237437 715651 545911 434690 386661 563299 384399 239206 609306 946054 400266 651199 400830 106506 754826 480879 833238 498499 366282 428021 834020 925309 910071 236892 22895 316191 79800 615709 392992 1104338 384265 820353 723067 384836 597463 500040 170846 755107 793103 1084733
658620 692625 414112 425242 72962 716746 813800 681254 828892 453452 296237 672302 544702 411815 722381 120206 351896 458034 287240 514170 662241 382905 837404 807559 244877 651210 76875 663455 580048 128211 427165 376931 561784 153283 163255 668060 818490 821346 481023 607366 161242 652600 849211 395495 105503 296901 447179 309812 538463 999999999 62576 458723 636420 219104 739315 735980 388549 77061 862175 701639 515905 356266 411798 349256 454131 96104 543197 470820 512076 715911 596549 688953 201948 524371 884946 149442 761671 126595 740074 154383 364299 670032 646723 339086 520105 301335 526885 594702 170134 864102 562122 650489 788637 198449 201104 823898 513090 543166 794190 840570
648578 710332 363609 479120 127584 694420 811522 675195 812236 392164 235402 618019 483700 349883 675625 158156 316956 434824 343889 464893 627257 437205 832323 804355 269951 643802 116394 654739 578763 85209 488774 360323 570334 215793 220545 617295 838036 798585 471556 612399 216048 604922 842124 447569 96946 294944 392992 362244 476352 62576 999999999 414736 593238 158572 696240 702933 328139 139319 841756 657378 457328 383133 400435 322781 417997 117847 503661 419671 502184 733021 556170 669353 163923 465252 860067 136913 757912 107989 689491 118515 414598 689842 667202 282959 458231 245231 466748 578632 122280 885358 521784 657065 768765 144456 224251 778895 452047 552290 782104 862022
390866 621928 81255 700941 474338 353022 573280 437140 488658 248944 252694 252894 275562 370832 264861 440449 124869 175373 618377 78983 230408 671330 573917 561341 417068 404386 438782 404160 399040 331901 791971 213792 458527 585369 618037 224167 739602 444268 284229 463836 618607 197478 570373 662238 363226 298152 115259 602140 316603 458723 414736 999999999 178508 378066 281504 309268 220180 511433 495809 243004 503072 466280 249416 164965 71385 532055 98081 78447 295866 635921 145159 347502 257162 218276 491860 327680 518615 498567 292504 304534 625031 620158 607236 175260 295535 434508 242693 300262 292463 792130 112115 506423 432112 425858 402269 365174 446870 450657 488058 773341
376834 663114 242185 841518 648291 274968 539034 425985 402605 359438 416960 183464 338863 500993 99967 609947 291053 260517 775089 148449 109963 816527 526255 525563 567801 399958 612396 391932 433616 510170 948007 338690 514743 758560 794319 119171 763769 335587 353140 500515 795524 66484 513942 803347 538780 441392 242546 752815 390848 636420 593238 178508 999999999 547775 103021 171783 359910 686492 388943 66567 616012 593608 353562 315503 194223 710551 101528 197951 348535 671375 52583 291062 434505 285811 363987 501070 491497 675797 155388 482046 767594 670033 662979 340173 376194 592409 311890 299493 470960 814333 80991 533909 342645 597371 561191 188865 552317 513307 426369 799178
695961 814098 305650 635382 285980 709083 872271 730956 838363 266592 132786 526682 357242 194387 613828 308817 323460 461092 501961 403068 607746 593870 886211 863165 401028 697517 270806 705029 648538 163324 646208 410203 660442 369061 359525 541531 943130 808918 528705 694138 350484 542138 891110 602620 220976 382858 314181 518003 338933 219104 158572 378066 547775 999999999 647220 686536 215290 295975 857318 605437 299541 510763 458514 352687 408209 225171 475826 353152 556531 835254 522359 692162 203346 353312 863049 240021 816568 159780 612189 187778 568411 797812 776803 207708 324100 96022 347650 614231 156232 993009 490062 740590 787664 51481 356622 720655 294002 644130 820474 970319
408542 709068 342557 930017 750097 279051 548316 455309 386033 442347 515355 210076 405827 586337 62746 710401 392395 345359 870417 244495 134339 907078 527893 534577 662204 434905 714139 423316 485698 613183 1042467 429628 572809 860004 896772 147395 798445 307304 425030 550055 898175 114420 510612 892306 641162 534936 336867 845906 458569 739315 696240 281504 103021 647220 999999999 145475 452010 788611 357358 42519 692057 679197 437680 413458 293169 813507 199889 294600 414415 714211 146313 307537 537375 359277 316246 602922 507506 778058 130242 584932 857381 720111 716094 439573 447357 687128 383446 346493 573965 846893 179708 577440 329048 697350 658401 89886 626556 574325 425020 833983
277160 581747 387192 858424 732464 136952 404006 320726 241879 526370 561823 340982 510589 664724 204081 684230 385989 291003 818885 309309 78867 840910 382562 390274 612340 304965 696777 291134 369439 617724 985700 381115 460074 837412 883210 274317 662445 167010 338475 429020 887369 226471 365141 822378 631875 487267 401170 787759 562441 735980 702933 309268 171783 686536 145475 999999999 518365 773097 219532 164855 784832 606035 372539 388499 285630 820267 211190 354858 319522 584380 170893 170646 539021 456953 192559 589563 365368 796887 274290 585310 790068 596166 595035 484191 547359 742960 483228 233509 583591 709434 199101 450352 183950 733254 618464 203658 722056 465019 279662 697822
