NAME : synthetic_000002
TYPE : CTSP-D
DIMENSION : 100
GROUPS : 8
RELAXATION_LEVEL : 1
EDGE_WEIGHT_TYPE : EXPLICIT
EDGE_WEIGHT_FORMAT : FULL_MATRIX
EDGE_WEIGHT_SECTION
999999999 654786 815290 863973 683432 301507 690851 1022142 738358 426611 729050 514547 177716 608943 472207 603468 652110 794223 862149 270967 267530 548682 486488 871944 246826 508548 296531 322591 914120 731922 893161 391622 969509 423341 773163 379769 517881 730326 483608 516933 686921 746340 180232 664972 376668 115415 409150 391363 373086 928398 117857 393531 776073 46206 430450 809184 403309 367810 381667 904144 746322 368109 460912 669366 730698 163456 498860 635075 554621 102514 140662 438582 748472 903522 802526 717343 978461 606672 232192 961857 934176 701627 715416 816669 515972 475974 491546 433088 719658 791069 653534 906046 764051 857797 431824 461779 912747 1043802 923560 1012396
654786 999999999 364736 585674 46563 700775 564362 536457 380439 279437 947394 508040 557077 195251 183995 987721 558279 370397 594958 435138 452690 156798 1068725 970446 516172 333577 374768 669529 723546 937645 414118 281528 466870 494904 409136 317277 278540 523208 395759 632167 790853 217001 474863 115938 293907 712818 382429 992678 341035 400833 748457 355758 239509 666964 314103 903355 1001737 845520 375243 888331 287364 962769 801185 714255 274553 771650 1021678 453994 201041 592213 552238 913681 371113 811630 795337 186882 439959 792279 787524 421193 528842 219419 366784 956788 421665 260340 1069503 256555 582996 713488 938140 472517 403249 521897 284191 864692 449220 1091816 676305 543713
815290 364736 999999999 249229 322730 713722 331219 208709 102961 584611 779599 402565 790621 231921 457632 902907 351717 31048 261671 544639 712672 500823 1097945 735976 776370 678110 528128 670022 398829 765238 78017 447244 154862 457598 93735 441801 624099 256725 353091 518598 602087 149138 662990 252758 461630 823432 412204 1047807 443468 130211 869395 422061 134078 806501 385397 679818 1053178 848614 435302 613266 83317 1016693 741358 518656 99669 871843 1014625 262807 282427 721907 678901 898016 84695 515066 544589 177865 177286 648930 851553 165494 164398 152492 118190 745882 339318 588616 1095171 401812 332795 447750 808470 110555 96605 173084 389923 820034 100451 816582 336130 203652
863973 585674 249229 999999999 549874 676447 196223 291926 205544 749774 604521 359044 889691 407998 626453 774952 235909 228883 13937 605417 836520 697316 1033452 519802 894265 862954 619080 631226 149901 588156 262330 567182 300057 445845 177419 541331 812765 134888 385721 426576 430850 386062 748784 469815 578255 838051 465921 1004341 529824 332651 886009 494862 378625 842318 476880 474344 1006813 786908 499064 379328 304971 974692 648063 356214 314574 874212 931177 229684 439119 762114 723690 818306 214766 273873 331862 406747 357025 506395 831508 357185 161504 367568 221583 544114 349307 767436 1028446 527018 175588 235650 657498 197731 182651 78818 499024 728004 238840 576810 90674 265474
683432 46563 322730 549874 999999999 711104 540989 490457 345857 321873 937391 498630 593745 175429 218127 988742 537929 330310 559692 452654 491519 202641 1084630 951759 555641 380054 396749 677746 690485 926960 369343 301020 420775 493927 372579 331903 324987 495007 389631 624999 776622 173899 504541 83168 314504 735830 385941 1011272 353440 354479 773146 363302 194813 693105 319661 885662 1019940 856395 382911 863512 247858 981006 803557 698172 236170 793985 1032779 432079 193644 616068 575012 922843 335163 783267 773104 145741 393401 783878 805484 374638 486203 182307 333956 941180 411614 305373 1084976 270411 557979 688453 932998 429224 367241 483737 293218 869710 404724 1068006 640533 498155
301507 700775 713722 676447 711104 999999999 482328 900512 616455 576675 427555 323995 446340 572297 552212 328707 441725 685712 670511 277445 489039 657061 386496 575310 501752 695552 349461 45416 685556 430486 788376 425712 863790 256125 643429 384512 682184 544437 364704 262149 400330 701134 347767 659394 416534 209739 331170 335235 359796 842107 250560 348123 725919 257811 392608 515618 339945 145380 328567 625721 668030 304374 161747 401334 656286 218892 321731 471045 529015 228296 230004 213407 632122 644774 531045 682120 890680 311145 157655 877628 787761 649872 597116 517401 374418 627304 384720 444348 507359 542258 354854 777327 635504 695355 417967 184970 796897 748279 714103 883647
690851 564362 331219 196223 540989 482328 999999999 459649 235023 655384 448834 176322 740856 369129 545200 591358 40728 300708 189031 449401 705417 636922 837579 416788 756843 780561 479841 437401 225463 434235 383320 453029 445361 267538 237755 415813 736760 79170 242647 230459 270997 415513 598069 458397 460414 653275 320842 808303 396838 452777 701044 357687 422717 664633 355267 355097 810676 590690 355511 324364 340227 778760 453777 187825 340261 685544 736881 111154 375853 588348 553255 623153 253680 259419 232392 421180 491434 326548 638621 485101 331793 375869 231654 418217 200619 684354 832702 422078 29262 150630 484349 342524 234666 232683 386365 534051 375414 527481 235242 436886
1022142 536457 208709 291926 490457 900512 459649 999999999 288191 782486 894147 578742 998924 437070 657052 1051001 492200 227927 305281 751190 918884 685890 1278514 809717 983028 865340 736736 855638 418117 878075 133496 655579 69942 646905 257768 650424 810357 381195 550523 679223 718169 326388 871672 437319 670061 1025156 615847 1235716 651489 138419 1071807 628613 299399 1011715 593280 766130 1240136 1028271 640917 662574 286883 1204885 906079 639601 303668 1071333 1186663 431124 489354 927230 884554 1070742 275496 553063 623540 360311 116513 785306 1045196 130892 131282 349567 309975 835980 529963 780850 1274839 610124 448650 527568 941132 123263 266110 229016 598611 986351 109416 849517 341728 28142
738358 380439 102961 205544 345857 616455 235023 288191 999999999 556641 680754 300973 731395 205493 430550 799988 251674 72270 214540 467897 663617 494164 998864 647843 725144 663734 462054 572178 344880 666799 172525 392193 247340 360957 37177 377245 612161 166553 262342 415665 504133 191128 597102 264770 405325 737221 329732 951424 373525 232706 784040 346341 192178 725710 315634 588655 956378 749002 356845 535779 110171 920415 638882 420500 115109 783143 913426 159850 243376 641504 599318 796832 18969 445389 458198 206107 278348 547189 758137 267685 198897 164148 23281 652927 242994 569542 995821 348196 240896 364159 706737 168122 28236 149360 328067 717803 181211 741110 296029 275418
426611 279437 584611 749774 321873 576675 655384 782486 556641 999999999 928325 526653 292295 355514 127234 900417 632465 578202 755018 306630 181815 133842 893237 1003877 241474 130745 234799 561152 861518 923232 650888 206907 715940 466959 592788 251896 105637 646727 420011 620290 807001 457658 256388 348376 203814 512895 356545 804931 277984 655861 537182 315834 486536 452080 303361 933883 815816 707743 327378 964466 501374 777946 716591 747515 484942 572272 874452 551456 313298 396663 367815 782226 555826 914380 860308 423487 700496 773028 612079 681740 743107 434108 535703 971675 460902 51709 896345 233311 681698 801272 890112 694501 584461 705514 269813 760208 682028 1153153 834771 783853
729050 947394 779599 604521 937391 427555 448834 894147 680754 928325 999999999 439389 865931 763789 858754 234109 429169 748856 592002 629246 889264 966458 577531 187572 914241 1057942 696458 411748 517918 17306 831238 732205 889532 467621 686441 684191 1030250 526177 552484 317549 178095 846954 748221 861577 730472 631365 585408 602572 656201 901311 665495 623223 859603 685023 652215 165923 597706 411843 607676 319459 779395 583704 270927 261030 776185 623336 453986 529782 746506 650715 642315 383667 699693 403948 288286 844815 938596 157304 542393 933131 762890 800737 673654 118595 526100 972847 568536 726067 451512 372717 99578 784854 683002 666132 688165 301599 820657 349826 583866 868702
514547 508040 402565 359044 498630 323995 176322 578742 300973 526653 439389 999999999 571760 326840 434975 510440 137817 372715 354943 280849 547113 538841 700042 480524 593748 656706 322431 278665 400303 429633 473175 319913 546493 91362 323984 275194 619834 224462 115258 128340 288521 426412 429657 424839 323117 479664 170850 658238 250686 532767 527593 211526 444887 488540 226697 410800 662200 449783 202875 441658 373006 627655 339931 221607 365040 515198 612463 147718 307117 412053 377393 495877 318267 408664 336038 417757 579227 285271 475249 568046 463820 376481 284405 455997 87042 563798 696586 301567 205118 292172 437140 455508 316698 371727 262706 417814 477874 626509 410314 560856
177716 557077 790621 889691 593745 446340 740856 998924 731395 292295 865931 571760 999999999 564253 375802 766338 706307 775111 890658 291636 111311 425079 662833 989931 70319 346542 271420 454706 965792 866315 865793 343380 938926 483997 768294 354291 366199 763113 505956 610968 795644 693491 142793 596060 329026 290980 425068 566488 361190 888229 294604 394866 723892 219952 417273 923237 578691 536832 391150 997887 712824 544455 607791 762063 696174 341165 675851 662611 510486 218056 224075 609881 737391 979107 892565 661018 936821 728804 407226 918878 930143 656297 708180 941156 545521 334897 668225 388824 770070 862980 800295 892472 759125 867751 403638 621996 891002 1157378 961264 993938
608943 195251 231921 407998 175429 572297 369129 437070 205493 355514 763789 326840 564253 999999999 228333 827476 363579 223021 415504 346644 481816 289340 956060 776828 545994 458490 313173 534249 537323 752971 303583 223158 375073 334475 240071 229318 406684 330809 223877 454636 601379 138014 444096 98014 238174 636560 241445 891598 239698 324554 679299 232433 167300 607515 188009 710435 898935 716699 250489 693223 150298 860583 645818 522744 133496 690708 891833 258782 54727 524227 480853 778213 202119 618452 600181 112240 373761 611711 686958 356252 387649 93264 186854 765753 240056 364962 955169 178415 388120 518504 763570 340302 232299 354620 177841 716501 331635 896567 497205 434787
472207 183995 457632 626453 218127 552212 545200 657052 430550 127234 858754 434975 375802 228333 999999999 861102 526257 450969 632301 275582 275938 108706 903143 915441 340798 237953 206546 527595 743342 851732 524842 130346 591283 391140 466408 177438 191656 529112 321729 542825 722410 334182 291986 227557 136787 536568 273505 822329 205554 532849 569674 235695 363720 486738 208950 845767 832058 693175 252103 862188 374475 793217 673621 656028 357975 596109 867010 437542 187796 415541 377796 764904 429171 804484 760270 300131 578706 701517 619683 560089 615880 307859 410019 889490 359728 141558 904791 133860 570072 694080 832369 567374 458199 579735 172652 727997 555496 1056726 712826 657679
603468 987721 902907 774952 988742 328707 591358 1051001 799988 900417 234109 510440 766338 827476 861102 999999999 559853 872020 764209 595007 817066 969008 346920 421366 825995 1022317 667827 339277 717253 248996 966319 730948 1033544 495000 815202 685072 1006023 669946 603599 385691 355942 936470 676335 923524 724540 491449 605377 384738 657609 1031768 513168 634739 955327 557262 674146 395620 377899 239060 615872 547389 882401 371023 187713 419977 875117 464610 223441 640178 796012 550505 557718 181589 818523 619607 496286 926082 1074872 268669 381603 1066072 922636 886073 787075 352514 592153 950044 337464 739336 603926 562538 137873 932719 809655 823412 706246 144909 963259 576989 774049 1028129
652110 558279 351717 235909 537929 441725 40728 492200 251674 632465 429169 137817 706307 363579 526257 559853 999999999 320762 229175 414673 674488 621503 798957 414159 724452 759329 448583 396755 262501 415392 408894 427833 474015 229173 259765 388475 717155 111580 214704 191836 253368 423197 563645 456413 434259 612982 290233 768434 367985 476820 660712 328430 433135 625233 329991 349318 770944 551396 324692 336666 351665 738788 416867 169905 349788 644911 699660 106790 364398 549658 515210 585346 270632 283043 238108 425620 517512 298582 597924 510068 366242 380441 244729 408887 172743 663631 794233 399558 68000 168807 457751 372900 255492 267733 362663 497264 403760 535943 275657 470318
794223 370397 31048 228883 330310 685712 300708 227927 72270 578202 748856 372715 775111 223021 450969 872020 320762 999999999 240676 523281 700175 500519 1069286 707224 763313 676067 510013 641781 377344 734553 102985 432165 179524 429684 64022 423857 622648 226946 326937 487910 571450 159605 645221 255970 446238 799335 388757 1020204 423914 160451 845610 400692 149817 784179 365651 650418 1025416 819709 413148 586763 83132 989124 711070 487969 97221 846931 985032 232016 270726 699638 656849 868424 54449 490207 516064 184585 206551 617886 824993 195500 165159 152712 88845 716156 311365 584904 1066400 386926 302943 419669 777426 118193 66067 155863 372535 789899 118524 790744 317701 219617
862149 594958 261671 13937 559692 670511 189031 305281 214540 755018 592002 354943 890658 415504 632301 764209 229175 240676 999999999 605200 839060 704674 1025341 506026 896321 869213 620486 625381 137170 575580 276058 570492 313968 442657 187700 543654 819366 131939 385767 418899 418864 397069 749378 479205 581317 834421 466270 997320 531488 346474 882372 496030 390251 839837 479232 460880 999642 779370 499694 365397 315716 967791 639278 344996 324915 869832 922286 229156 445333 760108 722068 809792 224546 260057 318343 417145 370962 495569 826034 371101 175109 377421 229707 530702 348576 773491 1020232 530862 167122 222410 645914 211659 192531 92346 502171 719071 252748 563033 81773 278689
270967 435138 544639 605417 452654 277445 449401 751190 467897 306630 629246 280849 291636 346644 275582 595007 414673 523281 605200 999999999 272099 379626 633613 725069 313969 432614 72866 256490 674590 625712 622589 153793 699118 195827 503103 122110 411890 475352 219776 337096 526867 484565 149022 416086 142438 290308 140885 558620 106972 659897 332656 122619 513411 262964 161499 655981 567336 417596 111090 714682 477453 528390 410131 481844 462226 345792 591777 376047 294164 178658 135232 489486 477660 689271 608636 458087 710059 477638 352893 693890 664775 437279 444856 684597 256957 355410 634487 183024 478640 572856 585022 635301 493950 591957 169753 457064 641804 885787 672879 741481
267530 452690 712672 836520 491519 489039 705417 918884 663617 181815 889264 547113 111311 481816 275938 817066 674488 700175 839060 272099 999999999 315324 751878 995790 65089 241518 225913 487289 926592 887499 785399 271775 856146 466677 700794 295506 256337 716724 463487 608633 798004 604211 142355 501726 259390 370826 384617 658151 310060 801747 384617 348296 634398 302411 359860 927084 669900 599440 349988 985677 632072 633862 645653 753827 615273 426720 751961 616094 430248 271576 259348 674294 667320 954845 879564 570806 849186 742916 482125 830851 860288 571141 640820 952908 505158 223587 756376 315426 734093 838424 833660 818356 691793 806233 338439 672340 812930 1157740 913794 916187
548682 156798 500823 697316 202641 657061 636922 685890 494164 133842 966458 538841 425079 289340 108706 969008 621503 500519 704674 379626 315324 999999999 998851 1018365 375274 179472 308261 634099 823679 959164 558829 238868 617100 499016 527581 286135 124472 612343 424235 649880 827166 360336 371180 249837 244496 624922 381056 914782 314259 552919 653977 343932 386504 569322 314927 948987 925029 796180 360631 958164 418668 886477 781692 758608 403506 684769 968507 526829 264022 504935 470437 868798 489148 894582 858111 327120 594095 809164 715292 575263 664463 348651 476127 994540 460229 104746 1001059 240447 660145 787225 941031 611133 520263 642477 278699 834792 592523 1155657 786296 690854
486488 1068725 1097945 1033452 1084630 386496 837579 1278514 998864 893237 577531 700042 662833 956060 903143 346920 798957 1069286 1025341 633613 751878 998851 999999999 764881 732747 990084 697402 428665 1010333 591009 1171349 787367 1245801 641278 1023755 752806 992677 908599 751116 607195 662897 1086914 637197 1039612 775550 382453 714700 98758 731513 1227097 368662 726844 1112085 449473 771979 731323 86013 250267 707745 877493 1054386 118407 388904 704392 1042752 325191 123691 847435 910363 496660 528577 217873 1015218 934101 809428 1066932 1275198 562285 283663 1262624 1160120 1035790 980451 695922 759031 944718 10620 814270 858221 855392 478200 1155370 1016250 1064022 793229 312566 1177696 923777 1054409 1259916
871944 970446 735976 519802 951759 575310 416788 809717 647843 1003877 187572 480524 989931 776828 915441 421366 414159 707224 506026 725069 995790 1018365 764881 999999999 1029927 1134540 784004 549425 399748 173903 772774 798504 819113 538606 643251 752185 1099597 481617 594225 388290 198404 832217 860287 870530 800232 784798 647788 786749 725899 844457 823438 688325 838478 830604 707147 69994 782473 586846 676549 161143 755793 766492 433848 259768 756655 785389 641428 520765 772630 783625 767216 566739 665780 267327 191639 837682 874328 265286 708025 872478 680935 792361 647161 68989 558599 1043124 755958 782085 407082 289474 286681 715065 642274 592825 743218 479509 754773 173216 474280 782393
246826 516172 776370 894265 555641 501752 756843 983028 725144 241474 914241 593748 70319 545994 340798 825995 724452 763313 896321 313969 65089 375274 732747 1029927 999999999 280133 277734 505787 979809 913622 849532 332957 920629 509765 762306 353075 304225 772079 516628 645702 833450 669194 169791 566806 319928 358470 436508 636620 365178 866590 364256 402145 699400 287653 417496 962085 648788 600160 401853 1028191 696155 614346 661893 794100 679364 410161 743378 671248 493989 275491 273497 673983 729391 1002401 922243 635827 914123 772389 473892 895810 922512 635757 702210 984043 557734 278855 738034 377346 785789 885897 852979 881435 753252 866348 398302 681181 876718 1194743 969831 979977
508548 333577 678110 862954 380054 695552 780561 865340 663734 130745 1057942 656706 346542 458490 237953 1022317 759329 676067 869213 432614 241518 179472 990084 1134540 280133 999999999 362322 683503 981290 1053118 737830 336795 796571 597673 698561 382414 55147 766978 548603 750954 937740 539562 357973 428812 334341 607691 486997 897781 408683 732251 624868 446335 565944 541367 432037 1064546 909320 820681 458097 1092991 595314 872658 840680 877848 579702 665197 982003 674379 423885 498971 476374 895709 660537 1039958 989331 506148 772941 903086 714570 754126 840846 525622 644214 1102386 588939 96552 994119 359913 806154 927975 1017540 788634 690763 813030 397551 880282 771211 1283063 950081 870092
296531 374768 528128 619080 396749 349461 479841 736736 462054 234799 696458 322431 271420 313173 206546 667827 448583 510013 620486 72866 225913 308261 697402 784004 277734 362322 999999999 329343 702144 692183 605083 96759 680301 246699 498655 86332 339685 494763 238897 396044 585645 450061 135301 369946 82501 339081 159040 618611 89771 635399 377064 124712 479933 299310 146551 714366 627951 487947 124354 763099 454705 589008 482666 534595 438583 397363 660892 393927 258597 219710 178267 560574 469195 729192 657087 420825 685196 542866 414444 668149 660938 406255 438776 746676 280110 282961 698827 136582 508640 612852 655516 625886 489456 596424 138482 529859 627674 940960 692770 729628
322591 669529 670022 631226 677746 45416 437401 855638 572178 561152 411748 278665 454706 534249 527595 339277 396755 641781 625381 256490 487289 634099 428665 549425 505787 683503 329343 999999999 642451 412954 744303 399000 819511 212694 598763 355703 666768 499069 322814 219703 367946 661126 344946 623237 390955 241399 294350 380096 329789 798762 285075 314533 685367 281348 358194 487365 384547 182812 294927 590968 625867 349332 158803 362808 614451 257709 357623 425846 492659 239024 232343 245266 588029 605413 494024 643067 847132 284139 201581 834291 742467 609742 553078 494353 330747 610898 426443 414088 462665 500949 347289 732421 590903 649951 385531 200788 752368 721574 669735 838608
914120 723546 398829 149901 690485 685556 225463 418117 344880 861518 517918 400303 965792 537323 743342 717253 262501 377344 137170 674590 926592 823679 1010333 399748 979809 981290 702144 642451 999999999 500715 409888 666333 439383 491637 321844 633203 933659 214792 463320 423507 361322 531987 823006 608657 675341 870007 543324 995415 616617 478827 917274 578348 526496 886142 570262 367255 995992 774355 577962 245780 450202 967578 621903 306202 458286 897600 898677 312458 560353 811767 777687 792463 357052 135537 229797 550329 498683 454210 843190 500884 296225 509024 356858 436812 422076 884815 1004023 630787 196208 155975 587815 341995 325665 228238 598054 698026 383672 433161 76455 390124
731922 937645 765238 588156 926960 430486 434235 878075 666799 923232 17306 429633 866315 752971 851732 248996 415392 734553 575580 625712 887499 959164 591009 173903 913622 1053118 692183 412954 500715 999999999 816205 725840 874018 460782 671950 677874 1024674 511245 543338 309511 163253 834371 746895 850634 724441 635794 578247 614138 649974 886427 670774 616448 846637 688245 644573 149226 609521 420361 601220 302726 766157 594731 276031 246585 763189 629322 467615 516814 736652 651963 642427 394671 685721 386668 271047 832724 923396 150529 548969 918094 746803 788493 660047 105027 516078 967290 582121 718718 436332 355919 112843 769265 668633 650256 680634 310703 805274 338907 566841 852544
893161 414118 78017 262330 369343 788376 383320 133496 172525 650888 831238 473175 865793 303583 524842 966319 408894 102985 276058 622589 785399 558829 1171349 772774 849532 737830 605083 744303 409888 816205 999999999 522552 76942 532455 151383 518760 683140 305114 429810 584692 653143 198681 739678 309038 537118 901241 490115 1123031 521045 71682 947282 500031 174621 884516 463069 720745 1128176 921525 513319 639912 153392 1091966 809644 570715 170174 949363 1085592 329218 355916 799922 756907 969028 156274 536039 581418 231716 108668 707468 927970 101893 130559 216991 191260 788659 414166 651223 1168334 477098 379953 483383 866474 72271 157576 183921 466691 888997 36276 839068 339428 133003
391622 281528 447244 567182 301020 425712 453029 655579 392193 206907 732205 319913 343380 223158 130346 730948 427833 432165 570492 153793 271775 238868 787367 798504 332957 336795 96759 399000 666333 725840 522552 999999999 596185 265407 429359 48037 301396 452783 213879 418646 602655 357649 221347 273593 15140 435244 150773 711343 76169 547624 473748 110540 387846 395941 97890 728533 720307 568646 124642 757893 369887 681339 543391 541127 353329 493091 743906 353896 168593 316376 274585 639048 396573 710675 653509 327261 596914 575334 506022 579402 589731 316291 369284 768566 255333 244659 788276 45457 480294 596449 702947 549916 420314 534553 68545 598837 547639 946338 647218 650628
969509 466870 154862 300057 420775 863790 445361 69942 247340 715940 889532 546493 938926 375073 591283 1033544 474015 179524 313968 699118 856146 617100 1245801 819113 920629 796571 680301 819511 439383 874018 76942 596185 999999999 608143 222663 594041 741528 366232 506460 654747 711837 258663 814523 369345 610901 978182 567039 1198702 597032 68925 1024215 576620 230915 961241 539201 770882 1203702 995745 590076 678714 226316 1167674 880740 630733 242858 1026255 1158357 400810 428453 876644 833585 1041901 231930 571344 629402 292767 60832 771625 1004371 68943 143289 285182 267028 839911 489972 712976 1242620 550792 438649 531700 929708 105026 229796 226763 541822 960478 70285 872466 364644 83412
423341 494904 457598 445845 493927 256125 267538 646905 360957 466959 467621 91362 483997 334475 391140 495000 229173 429684 442657 195827 466677 499016 641278 538606 509765 597673 246699 212694 491637 460782 532455 265407 608143 999999999 389183 217623 565880 310988 112985 153519 340718 453612 343002 429166 264898 392516 118118 590590 190073 586101 440460 155666 476368 398113 186334 468744 595735 393519 140833 519096 413907 559543 311479 288065 402997 431356 564601 223499 301015 320830 286051 448946 376282 495120 413002 438453 634576 310424 398555 621628 539049 402175 341223 504716 118323 508698 638897 258894 296424 379102 445602 524130 380991 451418 221614 382446 541898 694261 500724 631247
773163 409136 93735 177419 372579 643429 237755 257768 37177 592788 686441 323984 768294 240071 466408 815202 259765 64022 187700 503103 700794 527581 1023755 643251 762306 698561 498655 598763 321844 671950 151383 429359 222663 389183 999999999 414069 646596 163046 294467 433349 508735 210148 633588 293199 442468 769627 364132 978655 409893 217279 816675 382019 206136 759682 352151 586416 983297 773568 392013 524224 128375 947747 658624 425420 137220 814593 935699 178286 279694 675668 633727 819238 38528 429530 452173 229446 259716 558007 787430 251056 162374 190320 60174 652256 272261 604803 1020434 385373 239097 356013 717384 135562 9206 114896 365098 738167 153941 728725 268017 243149
379769 317277 441801 541331 331903 384512 415813 650424 377245 251896 684191 275194 354291 229318 177438 685072 388475 423857 543654 122110 295506 286135 752806 752185 353075 382414 86332 355703 633203 677874 518760 48037 594041 217623 414069 999999999 348544 421678 173788 371005 555812 367079 221369 294148 48083 411366 104664 679870 28199 549759 452429 63938 396593 378619 64451 682194 688353 528681 76790 715189 368639 649456 497388 495655 352605 467571 704635 321374 175335 296028 252915 597860 383782 671488 610256 339069 599660 527358 473944 582772 576102 321859 354001 721364 215843 291546 753259 61493 443744 556380 655181 540050 404891 514407 52378 554537 541397 901611 618350 643457
517881 278540 624099 812765 324987 682184 736760 810357 612161 105637 1030250 619834 366199 406684 191656 1006023 717155 622648 819366 411890 256337 124472 992677 1099597 304225 55147 339685 666768 933659 1024674 683140 301396 741528 565880 646596 348544 999999999 719949 509244 719386 904046 484744 355841 374102 300986 610764 452129 902576 375824 677125 631844 411916 510975 547168 393485 1029660 913760 812320 425193 1052374 541495 876355 821984 841431 526023 669485 977707 629171 374331 497272 470621 886966 608413 996095 949626 451427 717798 874223 713332 698983 787195 471661 593057 1069886 548643 57408 996161 319586 761721 885327 994235 734568 638937 761282 358044 865829 716668 1244933 900532 815278
730326 523208 256725 134888 495007 544437 79170 381195 166553 646727 526177 224462 763113 330809 529112 669946 111580 226946 131939 475352 716724 612343 908599 481617 772079 766978 494763 499069 214792 511245 305114 452783 366232 310988 163046 421678 719949 999999999 257159 302334 348088 354926 621072 411852 462338 703167 338045 875080 407038 375184 751126 370070 358368 707904 357902 423622 878076 659980 372090 371678 275839 845057 528209 265627 278481 739643 810754 100843 348329 628225 590372 696053 184239 288477 291646 365173 412875 405696 698363 406996 254663 320540 168330 489217 218402 670451 904101 416323 76079 198245 563481 263388 161222 156277 384308 608624 296349 577192 198175 358940
483608 395759 353091 385721 389631 364704 242647 550523 262342 420011 552484 115258 505956 223877 321729 603599 214704 326937 385767 219776 463487 424235 751116 594225 516628 548603 238897 322814 463320 543338 429810 213879 506460 112985 294467 173788 509244 257159 999999999 236408 403681 340637 363983 320359 219713 475168 80892 696262 154198 479297 522217 115236 363604 467011 116663 524770 702106 504988 115134 544504 303332 665083 422656 334546 291665 520833 677162 156846 196176 383819 343047 561738 275567 497740 440761 325720 528545 396676 498493 514722 452549 289194 240716 571161 42107 454115 749121 189672 270983 382883 543422 429791 285647 374223 151277 495001 442874 735732 455310 537362
516933 632167 518598 426576 624999 262149 230459 679223 415665 620290 317549 128340 610968 454636 542825 385691 191836 487910 418899 337096 608633 649880 607195 388290 645702 750954 396044 219703 423507 309511 584692 418646 654747 153519 433349 371005 719386 302334 236408 999999999 189911 553670 476017 552546 418400 454823 269417 579238 343564 648219 500742 308416 571166 482066 335112 318968 581184 360485 294244 389149 496948 550126 226857 152959 490081 476826 508560 255986 432168 418928 394292 393723 433962 389163 285909 545858 692670 160697 419725 682950 556103 504166 401881 351568 214592 662216 602415 409462 252132 281700 308963 557575 427179 458487 371230 307166 584770 549342 455079 658630
686921 790853 602087 430850 776622 400330 270997 718169 504133 807001 178095 288521 795644 601379 722410 355942 253368 571450 418864 526867 798004 827166 662897 198404 833450 937740 585645 367946 361322 163253 653143 602655 711837 340718 508735 555812 904046 348088 403681 189911 999999999 675033 663667 698029 603740 608758 451927 662475 529117 723244 650828 492173 686090 647818 513487 129119 660884 445728 479670 227423 604939 637613 285759 83636 602647 617858 545796 356901 590355 594276 574714 447573 523018 271243 146539 675169 760547 101530 546850 755036 587107 630443 498039 167481 371202 847258 655612 588597 273493 207244 228635 607325 505487 489517 549764 352583 642777 361753 419914 693179
746340 217001 149138 386062 173899 701134 415513 326388 191128 457658 846954 426412 693491 138014 334182 936470 423197 159605 397069 484565 604211 360336 1086914 832217 669194 539562 450061 661126 531987 834371 198681 357649 258663 453612 210148 367079 484744 354926 340637 553670 675033 999999999 578958 110954 372786 774251 373511 1025442 377658 198668 817211 368705 30408 745482 324979 770293 1032399 843913 386103 726112 81904 994325 760622 592325 76488 827977 1017332 318132 191787 662241 618867 902228 176266 636480 645037 34172 245093 702449 821808 226673 312306 51466 186601 831776 344967 454483 1085560 314048 426246 553158 859639 255552 206683 315274 315823 834792 233019 931594 475954 330535
180232 474863 662990 748784 504541 347767 598069 871672 597102 256388 748221 429657 142793 444096 291986 676335 563645 645221 749378 149022 142355 371180 637197 860287 169791 357973 135301 344946 823006 746895 739678 221347 814523 343002 633588 221369 355841 621072 363983 476017 663667 578958 999999999 490940 206225 256566 283195 548555 223777 768059 282954 254894 609179 198154 281468 792340 559428 464245 249724 859821 588488 521583 503392 625036 572186 316080 624057 520805 389387 141556 119944 539358 604443 837703 754059 548289 817590 603908 357671 800245 795934 537343 573821 815075 403117 307672 640507 265682 627280 721391 691375 761188 624384 729655 273067 531935 762726 1024962 819133 864825
664972 115938 252758 469815 83168 659394 458397 437319 264770 348376 861577 424839 596060 98014 227557 923524 456413 255970 479205 416086 501726 249837 1039612 870530 566806 428812 369946 623237 608657 850634 309038 273593 369345 429166 293199 294148 374102 411852 320359 552546 698029 110954 490940 999999999 288421 705324 328889 971031 311038 307686 745603 312801 138636 669224 267705 804946 978992 804583 332011 780498 172857 940286 740585 618564 159304 761718 980551 350133 130582 588466 545870 868253 255189 700153 690673 77336 352158 709718 765259 333425 417119 103833 251820 861527 338002 343637 1039261 234721 475017 605445 861437 362365 287327 406151 247958 809759 342704 985122 560465 441332
376668 293907 461630 578255 314504 416534 460414 670061 405325 203814 730472 323117 329026 238174 136787 724540 434259 446238 581317 142438 259390 244496 775550 800232 319928 334341 82501 390955 675341 724441 537118 15140 610901 264898 442468 48083 300986 462338 219713 418400 603740 372786 206225 288421 999999999 421424 152735 698771 74842 562588 459559 112020 402979 381375 105357 730239 707843 558784 124256 762587 384588 668875 537196 543721 368058 479481 733669 362911 183567 302210 260661 629686 410038 717278 657834 342397 611913 573914 493705 594425 603186 331337 382339 769103 261528 243849 776588 60117 487966 602595 699240 563863 433394 546867 79266 591243 561987 949592 657532 664913
115415 712818 823432 838051 735830 209739 653275 1025156 737221 512895 631365 479664 290980 636560 536568 491449 612982 799335 834421 290308 370826 624922 382453 784798 358470 607691 339081 241399 870007 635794 901241 435244 978182 392516 769627 411366 610764 703167 475168 454823 608758 774251 256566 705324 421424 999999999 411384 292072 397175 944006 47959 406985 802752 71031 449549 725349 303085 253891 391115 832364 762008 265596 360567 602803 747510 59847 384972 614844 584438 121033 160824 323561 749697 843738 734829 748274 994107 520884 116811 978655 926301 726181 715196 725959 500435 564034 386429 470791 680903 735859 550384 904937 760815 842397 460060 352161 916791 957866 888512 1012484
409150 382429 412204 465921 385941 331170 320842 615847 329732 356545 585408 170850 425068 241445 273505 605377 290233 388757 466270 140885 384617 381056 714700 647788 436508 486997 159040 294350 543324 578247 490115 150773 567039 118118 364132 104664 452129 338045 80892 269417 451927 373511 283195 328889 152735 411384 999999999 651940 79899 533100 457195 40756 399958 396084 69189 577808 658894 476031 34686 611863 351810 620818 418774 390991 337924 461092 651773 237623 198309 311788 269622 539409 340704 572130 506562 352330 583116 428124 448824 567970 525051 323010 307002 618074 121269 395431 713746 140788 349608 456188 562938 497775 355048 451076 103657 483770 506848 797043 536200 604724
391363 992678 1047807 1004341 1011272 335235 808303 1235716 951424 804931 602572 658238 566488 891598 822329 384738 768434 1020204 997320 558620 658151 914782 98758 786749 636620 897781 618611 380096 995415 614138 1123031 711343 1198702 590590 978655 679870 902576 875080 696262 579238 662475 1025442 548555 971031 698771 292072 651940 999999999 660446 1175365 273645 659808 1051787 356416 704841 745604 12775 221078 641290 884986 998746 31197 377923 693041 986183 233093 174142 805746 843586 410055 444938 220195 966871 930959 807882 1003485 1224335 560982 205956 1210837 1121920 974908 931812 718632 708866 856103 106138 741259 831164 843242 503565 1112510 970710 1028229 723200 311820 1132054 952357 1033370 1218677
373086 341035 443468 529824 353440 359796 396838 651489 373525 277984 656201 250686 361190 239698 205554 657609 367985 423914 531488 106972 310060 314259 731513 725899 365178 408683 89771 329789 616617 649974 521045 76169 597032 190073 409893 28199 375824 407038 154198 343564 529117 377658 223777 311038 74842 397175 79899 660446 999999999 555368 439612 39716 406608 368625 58282 655906 668637 504491 49463 691740 373236 629830 469900 470177 357634 452148 680695 306264 187269 284842 241407 572912 381360 650634 586462 351131 605461 499448 454531 588978 572262 330703 350248 694305 196227 318688 731704 84557 425170 535021 626990 538629 400688 506687 63253 527905 542147 876563 604659 643341
928398 400833 130211 332651 354479 842107 452777 138419 232706 655861 901311 532767 888229 324554 532849 1031768 476820 160451 346474 659897 801747 552919 1227097 844457 866590 732251 635399 798762 478827 886427 71682 547624 68925 586101 217279 549759 677125 375184 479297 648219 723244 198668 768059 307686 562588 944006 533100 1175365 555368 999999999 989140 538431 169345 922850 498564 792305 1181000 978110 553276 711039 182461 1144206 871492 640495 197759 994174 1144701 392242 379031 838426 795068 1028098 214771 606524 653094 232739 50172 775240 977341 35529 190078 231941 248368 860107 468081 650522 1224465 502629 450481 555062 934555 137116 222305 254736 497391 950231 95499 909424 406862 151826
117857 748457 869395 886009 773146 250560 701044 1071807 784040 537182 665495 527593 294604 679299 569674 513168 660712 845610 882372 332656 384617 653977 368662 823438 364256 624868 377064 285075 917274 670774 947282 473748 1024215 440460 816675 452429 631844 751126 522217 500742 650828 817211 282954 745603 459559 47959 457195 273645 439612 989140 999999999 451265 845978 85112 493146 765337 285522 274113 435897 875575 806928 250269 394755 647560 792247 50295 386584 662686 626621 157373 199737 338771 796313 889244 779090 790622 1039278 560874 131598 1023652 973743 769654 761910 763278 547992 587597 373808 510883 728607 782135 581282 951885 807831 890169 502070 378405 963275 996646 936286 1059391
393531 355758 422061 494862 363302 348123 357687 628613 346341 315834 623223 211526 394866 232433 235695 634739 328430 400692 496030 122619 348296 343932 726844 688325 402145 446335 124712 314533 578348 616448 500031 110540 576620 155666 382019 63938 411916 370070 115236 308416 492173 368705 254894 312801 112020 406985 40756 659808 39716 538431 451265 999999999 396585 384829 45153 618337 667398 493500 19610 652227 356008 628881 447294 431731 341112 459593 669847 269229 183869 300269 257062 559545 355553 610980 547047 344658 588602 466074 454731 572709 544168 319714 323184 658027 157097 355086 726461 105417 386146 495324 597774 513227 372832 474968 71765 509024 519216 837794 568058 619121
776073 239509 134078 378625 194813 725919 422717 299399 192178 486536 859603 444887 723892 167300 363720 955327 433135 149817 390251 513411 634398 386504 1112085 838478 699400 565944 479933 685367 526496 846637 174621 387846 230915 476368 206136 396593 510975 358368 363604 571166 686090 30408 609179 138636 402979 802752 399958 1051787 406608 169345 845978 396585 999999999 774773 353248 777798 1058586 868027 413686 727762 82694 1020641 781318 602910 83463 856115 1040759 329834 221452 691360 647955 925301 175574 635343 649782 63706 215131 717349 848666 196627 293583 77037 191330 840470 365409 482144 1110567 344097 431514 556296 875368 235567 203951 305163 345114 856304 209911 932949 467481 304882
46206 666964 806501 842318 693105 257811 664633 1011715 725710 452080 685023 488540 219952 607515 486738 557262 625233 784179 839837 262964 302411 569322 449473 830604 287653 541367 299310 281348 886142 688245 884516 395941 961241 398113 759682 378619 547168 707904 467011 482066 647818 745482 198154 669224 381375 71031 396084 356416 368625 922850 85112 384829 774773 999999999 424421 768677 367965 321798 371207 867212 740398 331554 416076 633628 725189 124315 455947 614856 553893 84596 127802 392943 736775 870327 766698 717684 973015 565366 187585 956851 919381 699233 703056 774361 496915 502543 453981 435076 693114 759167 608363 893808 750661 840006 429674 415656 902540 1002907 898750 1000808
430450 314103 385397 476880 319661 392608 355267 593280 315634 303361 652215 226697 417273 188009 208950 674146 329991 365651 479232 161499 359860 314927 771979 707147 417496 432037 146551 358194 570262 644573 463069 97890 539201 186334 352151 64451 393485 357902 116663 335112 513487 324979 281468 267705 105357 449549 69189 704841 58282 498564 493146 45153 353248 424421 999999999 637351 712476 537979 64319 661164 316188 673934 487235 448241 300829 502998 714262 257973 138763 340157 296729 603410 323205 612789 557296 300238 548710 494937 499637 532452 514476 276635 292353 680541 157682 337906 771573 75111 382689 498668 631761 480389 342950 450650 36315 550890 483920 851593 554163 585060
809184 903355 679818 474344 885662 515618 355097 766130 588655 933883 165923 410800 923237 710435 845767 395620 349318 650418 460880 655981 927084 948987 731323 69994 962085 1064546 714366 487365 367255 149226 720745 728533 770882 468744 586416 682194 1029660 423622 524770 318968 129119 770293 792340 804946 730239 725349 577808 745604 655906 792305 765337 618337 777798 768677 637351 999999999 742235 538638 606559 153536 695255 723644 381665 190660 695319 729049 609065 456108 704786 719024 701259 525649 606931 243506 142642 774439 824444 204509 653689 821524 635796 729161 586608 70144 489571 973162 722907 712326 347993 239297 257779 666102 584838 544131 673454 434735 704827 234981 438507 739352
