NAME : synthetic_000527
TYPE : CTSP-D
DIMENSION : 100
GROUPS : 8
RELAXATION_LEVEL : 1
EDGE_WEIGHT_TYPE : EXPLICIT
EDGE_WEIGHT_FORMAT : FULL_MATRIX
EDGE_WEIGHT_SECTION
999999999 965675 281671 344468 135727 863358 733806 453945 762818 715028 595671 926294 419262 171602 608693 244925 125173 643296 429453 192052 517904 382188 654330 438353 325973 223561 977638 242509 190295 422482 893735 927083 479958 875409 522429 777374 177185 513598 703920 963827 362407 507669 73804 866538 404664 831973 597917 443458 649062 328018 633021 893493 215076 884094 187195 224259 417223 597337 614792 730135 584619 256748 1076522 851363 358457 157168 917206 870770 298203 382317 608056 742241 1088987 577013 960544 222700 787343 344307 426581 881319 794107 954093 513041 257649 993369 798695 766654 878032 857588 679154 623631 857825 830345 504860 699544 34536 396631 77361 589507 188253
965675 999999999 709202 621612 848454 476193 236199 533957 400958 269121 395834 395697 832872 794185 888923 724202 872736 720346 695467 823807 786524 672186 390147 704158 639851 807497 78755 929014 803531 543282 80623 229914 665610 370267 625475 576364 995068 625767 389271 484893 961777 525475 894120 422552 1006595 334891 623982 783412 436531 711370 367487 211325 966082 342369 1019890 874011 809570 477348 531254 263823 788455 872913 349607 178988 694062 1016211 86996 326194 715315 597227 723017 299460 379795 842802 623641 1076315 543657 622668 763132 363590 207822 27722 679048 718754 610534 544709 496851 274749 133229 470645 567892 118314 221704 1014996 266683 936532 1062510 898380 553741 799522
281671 709202 999999999 118055 217872 716538 473123 178468 593142 482878 322104 752733 265111 131471 647269 136669 168100 414547 189091 246231 323840 119145 464601 203648 110757 260379 732902 386763 96618 184166 643774 648368 416514 593949 262049 668823 287611 252504 524174 686424 319486 352403 208624 703633 548217 550362 515349 453717 481016 77978 422092 616241 265756 698233 312541 177116 446232 439430 487793 502036 581393 354493 877321 621569 298062 307116 672816 589175 39222 112051 381876 533400 895171 600344 696236 369603 517750 147179 425384 599772 523533 701422 271208 163543 726011 529156 630485 674541 591533 400076 514831 595533 554419 624924 450593 262132 410433 205272 471304 202715
344468 621612 118055 999999999 237553 598484 389407 133136 475516 378636 259842 635897 370135 172873 566600 112981 256334 474017 264443 234733 410006 189509 348118 280720 19102 233888 636923 371477 193085 78527 550972 593572 317068 565098 305116 553183 393284 295903 407002 674799 437023 235518 272513 585923 513408 513982 406382 375596 363026 176524 309283 557554 378129 582622 417933 292802 375721 321530 371948 396126 490496 326090 764790 517302 214292 407649 576413 551671 148862 72960 445375 421225 781621 516839 709161 475041 527914 37407 345948 569535 452382 610767 332856 121765 733782 538973 512828 562050 513749 392301 401050 513418 493113 575202 356285 316473 528483 277149 356932 197682
135727 848454 217872 237553 999999999 727675 621755 363389 627701 590753 497248 790984 434727 86878 505161 125989 145554 625488 399919 63229 518171 335722 521835 412650 218474 94955 854974 177330 161964 310907 773951 831076 347615 796393 479599 643438 275154 470094 569847 897762 421999 373311 94531 730933 346863 747788 465160 325303 514368 287157 504538 795098 294017 749717 293195 257664 303790 462309 479154 604437 467114 161613 942904 724804 223569 268299 794884 785997 248942 292222 591494 611891 954768 467394 913688 340438 734445 227385 304504 801407 688703 835033 484499 130080 942832 745833 631085 745757 747542 611133 488789 745107 730612 435853 581856 101289 480988 113312 454033 53139
863358 476193 716538 598484 727675 999999999 464846 612933 134029 343562 560365 106164 951229 722409 501028 641114 826830 960996 820331 674257 958572 758604 265462 835385 607265 644881 412538 711357 779341 542781 415160 662716 398081 762717 804476 133383 973369 799014 204155 898715 1034788 368394 811080 53818 708738 706745 289556 489671 236296 766473 326828 627120 968548 135296 996437 888769 523827 278012 248646 323427 416681 659835 279855 309715 506171 978914 390588 720581 745443 630766 946255 253407 275325 469959 1013738 1051159 874223 572165 486154 759650 532551 448479 854285 618521 1014289 880569 98126 201449 509126 744083 246426 482689 590670 673944 413928 828854 1126945 824870 274702 675756
733806 236199 473123 389407 621755 464846 999999999 297934 341805 125475 163438 431534 609403 562252 750199 496071 637459 535512 469686 603396 576133 439444 254270 480031 408076 590753 268782 719895 567814 312045 176649 246949 496317 305660 411519 514877 758890 409957 290460 443343 732516 341990 661393 420966 819010 246759 491830 609745 309927 476410 199656 205925 730378 364541 783721 638326 630314 328919 400387 142656 649962 665329 479829 200293 492737 780054 212229 267542 479258 361233 530123 213104 505786 699582 549870 840196 412178 394389 584990 304147 86107 230161 466079 493818 552811 417762 436626 305582 126380 293757 443534 124020 147473 844492 63324 705780 833286 664712 413942 575133
453945 533957 178468 133136 363389 612933 297934 999999999 480653 327489 143650 628233 342517 287687 675001 243381 346179 376276 207609 366961 347039 152948 347777 222488 150476 367020 562859 504592 274943 99253 472020 473176 412074 433680 205706 596206 461282 198070 409535 541666 447326 289129 380144 589101 644496 384399 478656 490295 381127 180613 290845 439674 432574 567356 486058 340574 495430 354563 421099 348890 590129 458953 731816 462483 331995 483409 503673 422643 181358 72102 353041 393979 752683 623586 579247 542376 398466 161349 460603 438449 345083 527826 248196 254770 602529 409315 540663 532031 413662 259980 458478 418725 376990 701773 283410 430273 546817 379825 414281 328290
762818 400958 593142 475516 627701 134029 341805 480653 999999999 217105 426979 163877 820726 611802 500352 529915 714234 827113 688251 579602 825359 628189 132969 703113 485988 552613 352872 638087 661998 414911 328215 558453 328168 645464 670552 180234 859483 665155 71148 782807 909036 256116 705178 110575 665636 587659 245669 437232 114986 638824 192876 520353 850812 126522 883209 767991 469389 165496 168595 199218 403372 583342 321784 222297 414412 867773 314436 605025 619986 502230 812233 129182 329811 458941 891458 939033 745943 452237 426072 643177 416204 374371 720572 509935 894521 752744 99210 152419 404691 613016 189660 380265 476845 650114 286498 728694 1003047 717389 196931 574724
715028 269121 482878 378636 590753 343562 125475 327489 217105 999999999 230719 323011 665429 545980 642236 470242 634970 630439 526055 560610 649887 480067 136432 538928 395091 542253 264511 660677 570256 301582 189483 359272 401764 430923 487269 389484 769216 483622 165494 568597 774794 256768 646364 302984 739064 372210 378825 518933 191023 505825 98857 318935 748384 256871 794082 658148 543488 219513 285307 22812 541151 604415 405052 138898 425157 785543 204914 392036 498713 374188 619996 90160 426999 593108 674430 851300 530668 371492 497131 429202 205251 250782 540614 460801 678111 537079 311166 209230 213679 402300 327119 195902 267418 752783 70395 683921 874074 653306 302587 539861
595671 395834 322104 259842 497248 560365 163438 143650 426979 230719 999999999 552483 447236 426875 731373 372649 489792 401818 307128 491603 421300 276617 304075 318100 278862 485922 432220 622236 418592 193069 340080 333869 464005 317173 257416 575236 602713 254353 360202 441224 569078 314253 521982 526130 746152 261284 498615 562939 352294 315963 238373 298548 571392 486999 627330 479406 575679 345827 420767 253525 637092 571864 629208 350262 418688 625925 375252 297192 322766 213695 389805 314598 653078 679167 509048 683107 339532 276584 534637 320208 201594 392303 311353 377844 524132 348496 506590 439193 271503 195894 463449 278656 234796 789945 168842 570702 669850 522531 423652 456800
926294 395697 752733 635897 790984 106164 431534 628233 163877 323011 552483 999999999 970671 775563 605021 693680 877691 953363 834768 741769 966407 779274 288182 848907 647255 714105 325356 792787 824388 571529 345382 600128 479179 713473 806436 238640 1022579 802063 229071 846063 1065673 419991 869041 66877 803422 660956 379691 579598 278749 794230 337779 567772 1012773 67017 1046425 928699 613216 329197 321280 300511 517830 739279 176453 248267 575264 1031342 314367 669695 777823 657288 942284 238570 176155 571995 969535 1102418 843261 614240 572825 709390 486881 368253 858678 673811 966076 848450 187206 131408 450590 722558 330056 423140 540157 774163 391110 892096 1161200 881262 349392 738098
419262 832872 265111 370135 434727 951229 609403 342517 820726 665429 447236 970671 999999999 357132 909268 396567 304348 245004 140255 483648 106049 192631 687845 129387 369237 505896 877212 611608 273550 410126 785053 699873 681104 594475 213242 920031 292858 210657 749634 636759 142877 602088 371348 930167 781589 573984 776252 716189 716019 193829 633033 680019 240731 909829 308032 195017 706064 682006 739307 687578 846210 593019 1070367 795073 562899 328040 821621 609472 226776 322125 211311 736118 1092376 863516 590435 343913 443927 405146 688486 602545 626139 833418 166443 424988 628764 453911 873032 872831 701101 396182 770431 714726 631556 868670 612662 421341 237663 355026 726032 442793
171602 794185 131471 172873 86878 722409 562252 287687 611802 545980 426875 775563 357132 999999999 561265 81887 105324 539377 313510 126611 435377 248860 495089 326525 154383 149503 807360 260949 85207 250923 722682 759981 367902 717387 392811 651931 252028 383320 548594 815041 363507 356204 100480 719249 427748 670697 480819 372199 496834 200516 467727 725372 255399 728668 274455 196684 356746 447616 477746 561925 510557 236436 917868 683409 239281 256595 746868 709236 162094 215592 505597 578598 932164 519046 827691 328754 648963 174492 347225 722740 623627 782854 397891 104318 857293 660364 628831 716943 686287 528275 494830 686269 661629 511865 528268 144178 435037 108059 455537 86051
608693 888923 647269 566600 505161 501028 750199 675001 500352 642236 731373 605021 909268 561265 999999999 512768 649703 1040417 827405 443633 969542 751912 506634 843355 559012 414726 850306 372222 645951 576007 810334 996635 267719 1036685 870355 367851 776299 861368 499673 1168709 923455 419241 597431 540587 265800 976908 265391 193566 454896 724230 551298 955641 799029 608423 791452 756683 204541 423232 359109 637817 101151 352408 780723 712143 353121 763362 805624 1006469 686487 637056 1011971 589932 775972 52216 1238787 831324 1063142 529478 222276 1037702 836303 864207 899359 484562 1255374 1073167 423776 651556 855875 918249 321041 837650 897220 190676 687351 579774 986148 616979 339718 476916
244925 724202 136669 112981 125989 641114 496071 243381 529915 470242 372649 693680 396567 81887 512768 999999999 185732 547913 324297 124278 460439 251176 413865 339342 94181 129726 733408 264689 146828 184918 650707 706161 297055 676893 387907 573643 332418 378319 466862 783626 426243 274379 178624 637431 417554 626501 406094 319626 414947 214643 388693 669800 331667 647028 355334 262810 310331 365806 397612 485213 451812 224839 836777 606445 170808 338271 673066 664335 175576 175045 516107 498817 850765 467027 810199 410179 629222 101775 292082 681518 562747 711498 404061 28898 836875 640481 548104 636345 621701 498666 416525 619615 605180 489971 457526 213717 505190 188685 376201 84995
125173 872736 168100 256334 145554 826830 637459 346179 714234 634970 489792 877691 304348 105324 649703 185732 999999999 519923 304294 206071 398245 258654 594508 313350 240215 235614 892007 314317 71566 333956 804678 816151 471374 756579 397530 757227 146805 388774 649678 841012 276678 459576 67010 822459 484972 715441 585397 466021 599280 204334 562660 784287 152746 829108 169607 115102 446846 550984 582889 652353 606756 306397 1016187 773611 342757 153856 831563 754285 177510 277261 484780 674420 1031471 610549 835436 224831 662795 267760 443042 762795 690915 863552 388044 209559 868423 674126 733736 814210 757894 557811 600139 760772 722516 578085 610132 118760 337355 51464 560830 176181
643296 720346 414547 474017 625488 960996 535512 376276 827113 630439 401818 953363 245004 539377 1040417 547913 519923 999999999 226116 660428 139935 296778 699662 212862 482857 674754 780827 799736 468659 473396 693514 538621 784239 406757 171471 963832 536018 179965 758587 413799 377708 664969 584055 927881 962762 406770 854908 849527 742415 339339 635366 530799 484498 887303 552348 425772 848227 724057 794129 653063 961201 769040 1015174 735738 688246 570880 734171 434595 378690 403513 35290 716226 1041295 990275 348117 588822 225347 510987 819920 415473 517928 728625 143856 571921 387669 232925 901135 835701 588856 250121 833029 609679 499956 1037866 563833 638289 456423 571130 789261 616938
429453 695467 189091 264443 399919 820331 469686 207609 688251 526055 307128 834768 140255 313510 827405 324297 304294 226116 999999999 434433 146245 75532 555347 16325 269313 449458 737931 573633 246218 286849 645720 575404 581454 484231 98753 798155 356011 91689 617124 548711 267584 483313 364952 796650 736999 455276 666080 634431 587284 113227 498074 552129 310917 772916 377373 230340 630110 557311 619491 548343 754462 543350 930740 654900 474435 387702 681906 492664 152611 202547 192932 598645 953049 778704 531798 425713 362978 301742 605270 491663 489978 695080 85061 349600 565703 374109 746170 734114 564685 280412 653764 577164 499953 813820 472471 420139 367839 354088 609116 390971
192052 823807 246231 234733 63229 674257 603396 366961 579602 560610 491603 741769 483648 126611 443633 124278 206071 660428 434433 999999999 561073 365226 480612 448332 216657 32088 824976 141672 210631 299563 747269 823301 287928 799829 506423 585440 338383 496822 524995 907816 480929 329118 157752 680250 302861 748485 405871 262139 468109 321400 469895 785905 356427 703499 356344 314955 241193 415225 425712 572507 403906 110073 898004 691065 168089 331145 765523 785988 281838 299311 627345 573693 908537 404915 933433 403005 752694 215154 241304 804263 675164 808727 517377 113816 960607 763988 576910 703850 729773 622938 432403 725098 720977 385263 558737 157786 542923 176512 399658 43518
517904 786524 323840 410006 518171 958572 576133 347039 825359 649887 421300 966407 106049 435377 969542 460439 398245 139935 146245 561073 999999999 220497 693114 129935 413855 579879 838133 695312 356629 431949 747077 631792 727055 514443 164706 941991 398750 167013 754532 542779 238807 628702 464520 932087 863124 501782 812280 776086 728138 245993 633185 616642 346721 902782 414081 295286 769834 700576 764328 672617 898963 671137 1050449 770946 617439 433875 785792 534755 284868 348699 107586 728237 1074372 921585 487384 449178 350057 447148 747275 522870 578823 790349 110207 487323 526438 359295 887701 859112 653321 327002 799264 670151 574691 945375 590142 516830 322622 449658 754631 518463
382188 672186 119145 189509 335722 758604 439444 152948 628189 480067 276617 779274 192631 248860 751912 251176 258654 296778 75532 365226 220497 999999999 495366 91625 193854 378274 707779 505908 192564 218529 615906 576265 506566 502177 144216 729988 339044 134816 557127 582381 295515 413183 312950 737786 666612 465378 593278 559014 523547 54320 441496 548677 301212 719299 362586 211333 555055 490544 550098 501641 679071 472903 884688 613804 398912 366962 649763 503950 87475 131417 264990 546526 905629 703174 581704 415821 405790 226677 529815 508849 472276 668907 152963 275634 613008 417179 681047 684952 545293 300582 583059 554489 491474 741146 432883 368237 395709 305006 538441 321727
654330 390147 464601 348118 521835 265462 254270 347777 132969 136432 304075 288182 687845 495089 506634 413865 594508 699662 555347 480612 693114 495366 999999999 570262 360104 457084 366687 560855 538284 283713 309730 495129 276261 557590 540004 272571 737681 534288 61822 694839 778136 152596 592030 242502 619722 497753 242505 394007 55657 507178 65815 454559 725798 235015 761864 640830 421349 87201 148879 131275 405486 504436 422931 224689 325800 748344 313140 521146 489781 370318 683302 97591 437150 458092 791211 818386 635075 328149 375041 556744 338423 367834 589194 397173 798671 642817 202585 223923 349874 496455 190840 331051 400666 624849 191554 621017 873171 602547 166999 468825
438353 704158 203648 280720 412650 835385 480031 222488 703113 538928 318100 848907 129387 326525 843355 339342 313350 212862 16325 448332 129935 91625 570262 999999999 285467 463868 747848 587046 257262 302882 655680 579506 597746 484853 97165 814027 358740 91321 632008 545457 261100 499425 375074 811304 751062 457738 682369 650309 602674 126934 512562 557176 312395 786791 379516 234619 645763 573070 635514 561302 770656 557504 943322 666825 490444 391070 692242 494746 166558 218815 179169 612396 965850 794731 524406 426579 357972 318005 621184 492434 497987 704311 74695 364886 558949 368986 761688 747308 572845 281596 669904 585918 506145 828557 484397 430075 360738 363627 625257 404925
325973 639851 110757 19102 218474 607265 408076 150476 485988 395091 278862 647255 369237 154383 559012 94181 240215 482857 269313 216657 413855 193854 360104 285467 999999999 216872 654341 354299 178855 96569 568805 612627 313933 583253 315380 558124 379039 306037 418194 691998 430160 241772 254323 596160 498445 532453 407223 366958 372661 175481 323502 576643 365704 594986 403556 282074 365545 329580 377052 412205 485240 309844 778577 533549 205945 392402 593826 570222 144662 86544 453474 435463 794972 509798 724334 460539 543057 36549 337473 587766 471428 628760 340638 104418 749470 554173 520164 575995 532592 408687 404559 532070 512211 562224 374202 297716 520003 259426 360832 179043
223561 807497 260379 233888 94955 644881 590753 367020 552613 542253 485922 714105 505896 149503 414726 129726 235614 674754 449458 32088 579879 378274 457084 463868 216872 999999999 806076 137631 234635 292894 730113 815330 256462 797558 517137 554371 369949 507538 499606 908686 508857 304807 189446 652009 288486 744958 374451 231058 442197 337221 449656 777308 386914 677192 388148 342297 211258 389078 396595 553229 372604 95168 872104 670606 139087 363126 747031 782008 297513 302089 642242 551358 882044 374938 939243 435054 758108 209958 209636 801688 664692 791637 531132 112506 965353 769324 547299 679509 717042 625466 402037 711269 712325 365546 543883 189439 572899 208008 370179 63467
977638 78755 732902 636923 854974 412538 268782 562859 352872 264511 432220 325356 877212 807360 850306 733408 892007 780827 737931 824976 838133 707779 366687 747848 654341 806076 999999999 921216 824716 558540 92223 307769 642166 445595 674771 521359 1020441 674150 353842 562932 1001294 512137 907831 358745 986279 406846 588049 759501 406588 742987 357286 286751 994791 277284 1045366 903011 787669 452533 497960 252900 751184 864722 270945 142295 684803 1039447 60515 401095 742957 621177 781064 270216 301108 806339 700629 1102319 613749 633360 741474 439243 262974 57122 729058 724930 688384 615490 444122 213035 193376 530783 531118 171172 288773 986937 282380 947084 1102058 913726 522612 804296
242509 929014 386763 371477 177330 711357 719895 504592 638087 660677 622236 792787 611608 260949 372222 264689 314317 799736 573633 141672 695312 505908 560855 587046 354299 137631 921216 999999999 339292 429216 850070 949489 314014 934964 647815 603191 417634 638220 594589 1046249 588467 409916 250693 727550 170749 882010 424047 234116 535954 460406 564299 910922 449072 764601 429405 429313 201498 483190 471862 669187 364920 56531 959763 782110 236436 399644 863589 918863 421196 438939 766211 657953 966299 346680 1074764 463988 893871 347184 228624 939018 796481 911448 657338 249883 1101563 905140 613606 776611 845566 762607 465292 838017 845994 265442 669675 218165 635288 270040 443564 184726
190295 803531 96618 193085 161964 779341 567814 274943 661998 570256 418592 824388 273550 85207 645951 146828 71566 468659 246218 210631 356629 192564 538284 257262 178855 234635 824716 339292 999999999 268687 736577 744598 443551 686422 334841 718349 200249 325750 595429 773546 281164 410970 120442 771499 508510 644541 552799 455887 547609 138860 502189 712729 189225 773293 224857 116075 441413 501596 540217 588373 592866 319551 957425 709139 316172 215325 764386 683385 107951 206833 434051 614157 973788 603126 773369 281957 598325 210246 430221 692520 619896 794955 331213 174794 805256 609708 688731 754810 687386 488992 561514 690778 651018 595201 542431 175802 358373 112934 520177 171168
422482 543282 184166 78527 310907 542781 312045 99253 414911 301582 193069 571529 410126 250923 576007 184918 333956 473396 286849 299563 431949 218529 283713 302882 96569 292894 558540 429216 268687 999999999 472446 523753 312875 507222 302024 511737 468042 293835 344596 624418 494434 196787 350877 525373 557812 453157 383234 392780 306694 223963 238111 486543 449527 515377 492855 361242 399613 272044 332642 319757 490901 379349 693156 440456 236909 483961 498040 489748 206418 88157 448675 349243 711108 524497 672362 550070 492762 84654 363213 510900 377916 532268 340377 186326 693601 503337 462910 490383 437153 350668 367367 435945 421683 609177 277763 393890 589701 355675 322757 266786
893735 80623 643774 550972 773951 415160 176649 472020 328215 189483 340080 345382 785053 722682 810334 650707 804678 693514 645720 747269 747077 615906 309730 655680 568805 730113 92223 850070 736577 472446 999999999 255594 585010 379824 583346 506500 931016 582550 311143 506458 909155 445258 822996 362510 926036 334367 545092 702808 356849 651768 287378 225847 904399 285727 955924 812492 728950 396918 451967 183333 709632 793849 335220 107134 614639 950738 41350 335021 652660 531809 692428 220406 364218 763723 637681 1012743 536053 549690 682513 374507 176536 61529 637727 643953 629649 538776 426001 216673 115017 444115 489355 88679 212187 934552 194731 863891 1009930 828120 473986 724267
927083 229914 648368 593572 831076 662716 246949 473176 558453 359272 333869 600128 699873 759981 996635 706161 816151 538621 575404 823301 631792 576265 495129 579506 612627 815330 307769 949489 744598 523753 255594 999999999 742918 147049 486921 738285 915119 490357 521023 255173 839472 587999 853279 611794 1059823 131917 736286 855368 550192 625508 445382 41030 876967 538496 938811 787593 874785 574150 643555 369125 896124 896888 578301 354362 730981 942028 291171 107436 641759 545042 549354 432741 608342 946238 394183 991935 334585 608308 829972 139259 161124 251226 534643 709989 380657 333152 657476 469820 154174 305357 685951 180073 104055 1089721 309348 903281 937324 852460 658883 789840
479958 665610 416514 317068 347615 398081 496317 412074 328168 401764 464005 479179 681104 367902 267719 297055 471374 784239 581454 287928 727055 506566 276261 597746 313933 256462 642166 314014 443551 312875 585010 742918 999999999 772465 612875 298522 615405 604278 294432 902865 723137 155671 439163 413647 344546 713130 117994 117817 237414 488385 304177 701962 623185 454252 635870 559625 145682 189653 159768 402861 178104 261775 648309 499876 128670 613395 589382 744110 454368 382457 757810 371953 653565 215517 971068 686191 795725 279916 99946 773911 581801 643848 646714 268770 987793 805679 300063 473597 610928 650710 151659 596155 640915 351049 435365 445712 801450 455931 131333 300464
875409 370267 593949 565098 796393 762717 305660 433680 645464 430923 317173 713473 594475 717387 1036685 676893 756579 406757 484231 799829 514443 502177 557590 484853 583253 797558 445595 934964 686422 507222 379824 147049 772465 999999999 387977 820401 837395 393539 596120 137685 737017 617825 802572 715095 1063202 60194 787770 876858 612995 555329 498072 159002 794451 648534 859768 709605 891301 625461 699591 446720 938904 886335 712680 465430 735778 867257 419260 44843 579072 504191 422289 516285 742264 984855 257932 909599 191192 587793 849188 8741 230226 388476 428364 686571 252645 188450 741682 582132 265955 203984 743248 293430 173358 1106229 366570 855776 831106 798495 709784 761869
522429 625475 262049 305116 479599 804476 411519 205706 670552 487269 257416 806436 213242 392811 870355 387907 397530 171471 98753 506423 164706 144216 540004 97165 315380 517137 674771 647815 334841 302024 583346 486921 612875 387977 999999999 798513 454718 9604 600504 450032 352799 494828 455155 775114 805431 362631 684197 680509 579340 196200 477676 466789 409170 741947 475935 329003 680686 557411 625848 510064 790038 612266 886155 606421 519261 486453 621707 399091 231672 233405 147359 567871 910326 819900 438552 523610 265806 341592 650804 395636 417715 628072 54560 409736 470942 277061 739003 696282 492626 185419 663873 508176 419210 875582 426125 510552 450425 445906 619804 463124
777374 576364 668823 553183 643438 133383 514877 596206 180234 389484 575236 238640 920031 651931 367851 573643 757227 963832 798155 585440 941991 729988 272571 814027 558124 554371 521359 603191 718349 511737 506500 738285 298522 820401 798513 999999999 903651 791814 224860 958067 987712 318186 732414 177075 583990 761630 181187 373361 223101 728465 338180 699848 905305 253103 925427 832321 407651 241643 181236 374249 286108 555051 413237 399603 420116 904994 489370 781148 701952 598684 944764 306454 408133 338245 1061116 977899 907547 521648 374671 818610 593001 549171 844093 548022 1066608 915191 81036 309263 584749 768848 157151 560473 654413 543423 455704 742962 1074450 748033 198399 593961
177185 995068 287611 393284 275154 973369 758890 461282 859483 769216 602713 1022579 292858 252028 776299 332418 146805 536018 356011 338383 398750 339044 737681 358740 379039 369949 1020441 417634 200249 468042 931016 915119 615405 837395 454718 903651 999999999 447659 793999 904195 197948 605680 180672 968207 581795 803519 730606 600362 744655 290115 702437 886752 52502 972656 24930 128050 577890 697001 729693 787752 742236 424709 1157603 908096 487223 35301 960400 841868 280109 399285 501401 814406 1173779 740894 875641 82095 715822 409581 579585 844475 803673 988153 428132 356327 912269 726669 880501 955031 874160 633625 746638 879965 828092 681569 738183 199579 219551 161945 707561 316031
513598 625767 252504 295903 470094 799014 409957 198070 665155 483622 254353 802063 210657 383320 861368 378319 388774 179965 91689 496822 167013 134816 534288 91321 306037 507538 674150 638220 325750 293835 582550 490357 604278 393539 9604 791814 447659 999999999 594957 457611 349118 487178 446106 770115 795838 367012 676314 671367 573089 187027 472295 469549 402527 737782 469061 321561 671406 550558 618638 506397 781328 602665 883443 603955 510099 479180 620661 403760 222287 224348 155053 563539 907426 810968 447618 517174 274269 332452 641671 401113 418139 627940 57030 400186 479812 285553 732818 692756 493111 190356 656452 508221 421050 866072 423183 501500 447288 436991 612317 453526
703920 389271 524174 407002 569847 204155 290460 409535 71148 165494 360202 229071 749634 548594 499673 466862 649678 758587 617124 524995 754532 557127 61822 632008 418194 499606 353842 594589 595429 344596 311143 521023 294432 596120 600504 224860 793999 594957 999999999 733803 838973 196570 643870 180938 638355 537089 235129 409644 58638 568355 123262 481421 783710 180367 817968 699781 439666 111635 144126 152274 399365 538752 373218 213183 363902 803489 306319 557514 550221 431609 742987 91634 385068 454000 836465 874175 685459 385225 394346 594543 370431 364575 650143 448402 841748 692732 148978 182023 370159 549561 178696 348217 432408 633586 230845 670147 933518 655257 169309 516709
963827 484893 686424 674799 897762 898715 443343 541666 782807 568597 441224 846063 636759 815041 1168709 783626 841012 413799 548711 907816 542779 582381 694839 545457 691998 908686 562932 1046249 773546 624418 506458 255173 902865 137685 450032 958067 904195 457611 733803 999999999 778539 749471 892915 850379 1182212 197109 923019 1004116 750141 636698 634667 280641 857374 781988 924852 779030 1016735 761287 835795 584262 1071909 1000151 833426 597827 858111 936324 544076 178183 665749 608634 438709 653655 863437 1116681 145513 970484 193033 701112 975860 139630 366927 506381 478234 796388 125935 183505 879261 714683 395735 286772 879494 423294 308073 1230452 504091 947569 865390 886472 845208 867849
362407 961777 319486 437023 421999 1034788 732516 447326 909036 774794 569078 1065673 142877 363507 923455 426243 276678 377708 267584 480929 238807 295515 778136 261100 430160 508857 1001294 588467 281164 494434 909155 839472 723137 737017 352799 987712 197948 349118 838973 778539 999999999 671886 337805 1019586 758128 715148 829231 735674 798666 271729 729538 818039 149458 1008167 203742 166932 719305 758515 806941 796073 873750 583073 1178569 909263 596774 231320 943978 751109 289362 408501 346339 837742 1198775 882260 725792 223070 585527 466427 710669 745035 757233 960352 308672 454825 765097 595292 949837 977597 831768 537456 832708 843489 767196 853513 728357 375872 100805 318429 789688 446588
507669 525475 352403 235518 373311 368394 341990 289129 256116 256768 314253 419991 602088 356204 419241 274379 459576 664969 483313 329118 628702 413183 152596 499425 241772 304807 512137 409916 410970 196787 445258 587999 155671 617825 494828 318186 605680 487178 196570 749471 671886 999999999 449075 363053 482740 558252 190741 267782 141557 410284 158022 547116 600162 376464 629038 521312 289359 91433 137219 262176 323201 353390 569755 372260 173832 612625 455490 588759 384374 281791 642170 248547 581470 367243 823274 684347 651397 205729 243533 619060 426986 505937 535983 253836 838048 660876 278754 374811 459644 506241 170580 446702 485586 502613 282259 473777 761342 461311 125979 320178
73804 894120 208624 272513 94531 811080 661393 380144 705178 646364 521982 869041 371348 100480 597431 178624 67010 584055 364952 157752 464520 312950 592030 375074 254323 189446 907831 250693 120442 350877 822996 853279 439163 802572 455155 732414 180672 446106 643870 892915 337805 449075 999999999 811024 420755 758625 555947 419694 590549 259298 567051 819711 202207 824227 198746 180956 397542 539964 563686 662152 561564 248308 1014942 783605 312639 174515 847337 797401 227333 308546 549050 677414 1028485 560864 893707 247124 718737 274882 399034 808392 720743 883061 449571 195486 925692 730123 715707 814877 784719 607475 576449 785391 756611 515746 628483 55397 389719 19743 539729 138814
866538 422552 703633 585923 730933 53818 420966 589101 110575 302984 526130 66877 930167 719249 540587 637431 822459 927881 796650 680250 932087 737786 242502 811304 596160 652009 358745 727550 771499 525373 362510 611794 413647 715095 775114 177075 968207 770115 180938 850379 1019586 363053 811024 999999999 736545 659966 312871 512904 223894 749229 299006 576815 960509 81585 991756 878223 546586 271633 256988 281782 451985 674440 242777 257876 512947 975663 337163 672458 730560 612532 914627 213479 243022 506439 967839 1047281 832305 562123 506491 711755 485346 394832 826089 616460 967251 838275 120434 147817 458724 705211 263752 431997 542368 707877 373205 832196 1113611 823854 284791 678301
404664 1006595 548217 513408 346863 708738 819010 644496 665636 739064 746152 803422 781589 427748 265800 417554 484972 962762 736999 302861 863124 666612 619722 751062 498445 288486 986279 170749 508510 557812 926036 1059823 344546 1063202 805431 583990 581795 795838 638355 1182212 758128 482740 420755 736545 999999999 1007245 424284 229019 581865 624137 640213 1019737 616464 788932 591272 600014 198871 533859 498534 742789 304233 193735 978259 844056 329388 560647 932607 1042331 584509 584980 929928 716186 979542 263338 1222569 620213 1041315 483160 244848 1066354 901152 985839 819335 397024 1246890 1052381 616447 815103 940610 904437 477286 928890 955827 103283 762381 384368 800987 439885 471023 346166
831973 334891 550362 513982 747788 706745 246759 384399 587659 372210 261284 660956 573984 670697 976908 626501 715441 406770 455276 748485 501782 465378 497753 457738 532453 744958 406846 882010 644541 453157 334367 131917 713130 60194 362631 761630 803519 367012 537089 197109 715148 558252 758625 659966 1007245 999999999 727581 818347 553095 517266 437962 127804 762565 595350 826512 675469 833342 565270 639429 388578 878959 832498 669359 413871 679033 832216 374902 38845 538283 455886 417538 458514 698519 925126 308611 877900 209511 535000 790873 60809 174713 350187 407760 634844 307560 210000 683278 529969 219355 177803 683093 246162 122766 1048515 307026 810984 811631 755588 649591 711466
597917 623982 515349 406382 465160 289556 491830 478656 245669 378825 498615 379691 776252 480819 265391 406094 585397 854908 666080 405871 812280 593278 242505 682369 407223 374451 588049 424047 552799 383234 545092 736286 117994 787770 684197 181187 730606 676314 235129 923019 829231 190741 555947 312871 424284 727581 999999999 200466 189698 582427 292282 695478 736070 365666 751566 668498 234469 163075 93929 373209 164541 374611 554000 448240 243610 729780 541448 754434 551451 463588 831360 324699 555829 218889 1006216 802666 837920 371125 196901 787911 577503 599577 723604 378831 1018508 847037 193743 397864 592377 693303 57038 573346 639292 404452 428517 563643 911124 572329 78111 417133
443458 783412 453717 375596 325303 489671 609745 490295 437232 518933 562939 579598 716189 372199 193566 319626 466021 849527 634431 262139 776086 559014 394007 650309 366958 231058 759501 234116 455887 392780 702808 855368 117817 876858 680509 373361 600362 671367 409644 1004116 735674 267782 419694 512904 229019 818347 200466 999999999 353700 530673 420847 814564 617877 561477 617782 568774 34328 307202 269604 520499 141957 193321 752765 617211 161304 591643 707074 850806 492932 447201 820420 489311 755593 147600 1063433 662465 884933 338917 29771 878866 694518 761660 707596 291249 1082770 895352 394202 586141 726623 741446 250406 712571 752479 234888 549879 411426 803335 438614 242011 290301
649062 436531 481016 363026 514368 236296 309927 381127 114986 191023 352294 278749 716019 496834 454896 414947 599280 742415 587284 468109 728138 523547 55657 602674 372661 442197 406588 535954 547609 306694 356849 550192 237414 612995 579340 223101 744655 573089 58638 750141 798666 141557 590549 223894 581865 553095 189698 353700 999999999 530214 117497 509721 736619 235524 768329 654710 383008 53287 95802 183842 353829 480136 429948 264567 305777 752793 356231 576737 509303 394788 724472 137528 440638 407323 845057 824092 686788 338336 337342 612222 393986 412990 626786 395180 853150 694782 159807 240656 403677 546616 136318 384007 456246 580570 247178 615082 891413 602576 117216 461278
328018 711370 77978 176524 287157 766473 476410 180613 638824 505825 315963 794230 193829 200516 724230 214643 204334 339339 113227 321400 245993 54320 507178 126934 175481 337221 742987 460406 138860 223963 651768 625508 488385 555329 196200 728465 290115 187027 568355 636698 271729 410284 259298 749229 624137 517266 582427 530673 530214 999999999 457809 596691 255729 736445 314200 164067 523872 492955 547347 526595 656368 430616 908009 642255 373441 316524 684042 555962 39708 136949 305996 566258 927732 676835 634607 368796 459578 211317 502096 561878 515276 706564 197375 241336 666396 470952 684637 706457 587040 354461 577405 594589 538040 702337 464005 314661 369232 250920 533160 277991
633021 367487 422092 309283 504538 326828 199656 290845 192876 98857 238373 337779 633033 467727 551298 388693 562660 635366 498074 469895 633185 441496 65815 512562 323502 449656 357286 564299 502189 238111 287378 445382 304177 498072 477676 338180 702437 472295 123262 634667 729538 158022 567051 299006 640213 437962 292282 420847 117497 457809 999999999 404413 686697 278656 727011 599207 444904 129276 201808 104920 450743 507871 455627 221170 328106 715680 299293 463213 443906 321205 619750 111970 473084 501113 727630 784030 569790 295043 398598 497700 285554 348269 527818 375885 736091 577653 268216 252821 307311 430710 245353 291984 347125 655165 136417 600780 826323 575783 214315 452467
893493 211325 616241 557554 795098 627120 205925 439674 520353 318935 298548 567772 680019 725372 955641 669800 784287 530799 552129 785905 616642 548677 454559 557176 576643 777308 286751 910922 712729 486543 225847 41030 701962 159002 466789 699848 886752 469549 481421 280641 818039 547116 819711 576815 1019737 127804 695478 814564 509721 596691 404413 999999999 849858 505033 910685 759723 834148 533243 602856 329306 855155 858016 555067 320455 691118 912916 263587 114889 611266 511180 539010 393809 584849 905224 414464 964457 336947 571186 789257 152508 120163 229633 516299 672870 404404 336903 619189 436798 118093 289781 645342 145057 64983 1048992 268333 869056 916785 819459 618016 753072
215076 966082 265756 378129 294017 968548 730378 432574 850812 748384 571392 1012773 240731 255399 799029 331667 152746 484498 310917 356427 346721 301212 725798 312395 365704 386914 994791 449072 189225 449527 904399 876967 623185 794451 409170 905305 52502 402527 783710 857374 149458 600162 202207 960509 616464 762565 736070 617877 736619 255729 686697 849858 999999999 960602 68279 92071 597608 690820 728425 767720 759014 450447 1142295 886896 494518 87798 935172 800630 251838 374950 450036 798385 1159569 761306 825559 115336 667861 398619 595399 801716 770997 960388 379942 357766 862551 678595 877625 939470 842689 590467 748191 849817 792525 714385 713391 232104 187513 182495 707658 328741
884094 342369 698233 582622 749717 135296 364541 567356 126522 256871 486999 67017 909829 728668 608423 647028 829108 887303 772916 703499 902782 719299 235015 786791 594986 677192 277284 764601 773293 515377 285727 538496 454252 648534 741947 253103 972656 737782 180367 781988 1008167 376464 824227 81585 788932 595350 365666 561477 235524 736445 278656 505033 960602 999999999 996802 874974 594131 288274 294492 234245 515731 709798 195465 184598 539669 982964 257954 605023 721742 599738 876683 174614 205115 571017 903960 1053251 776361 563160 551473 644646 420965 314658 794546 628765 901179 781604 184867 69054 387282 655623 311646 360026 475179 768142 324451 850238 1104689 835529 322919 696597
187195 1019890 312541 417933 293195 996437 783721 486058 883209 794082 627330 1046425 308032 274455 791452 355334 169607 552348 377373 356344 414081 362586 761864 379516 403556 388148 1045366 429405 224857 492855 955924 938811 635870 859768 475935 925427 24930 469061 817968 924852 203742 629038 198746 991756 591272 826512 751566 617782 768329 314200 727011 910685 68279 996802 999999999 151286 594530 720410 752193 812584 759735 439244 1182070 932966 508009 31181 985329 864787 304825 424206 517997 838980 1198137 757031 893836 57220 735760 433842 597638 866914 828191 1013029 447866 378760 930824 746532 903241 979545 898802 655881 768526 904710 852238 691944 763112 212443 213440 180684 729794 335822
224259 874011 177116 292802 257664 888769 638326 340574 767991 658148 479406 928699 195017 196684 756683 262810 115102 425772 230340 314955 295286 211333 640830 234619 282074 342297 903011 429313 116075 361242 812492 787593 559625 709605 329003 832321 128050 321561 699781 779030 166932 521312 180956 878223 600014 675469 668498 568774 654710 164067 599207 759723 92071 874974 151286 999999999 552436 610783 653098 677801 707169 419275 1054382 796386 432140 157909 843483 713820 160234 284114 390536 710485 1072286 715329 757026 204878 592585 316644 543908 716634 679277 868360 306648 290866 792489 603605 799976 851623 750772 505985 675861 757774 701730 692496 621888 227816 242689 163122 633942 279768
