NAME : synthetic_000310
TYPE : CTSP-D
DIMENSION : 100
GROUPS : 8
RELAXATION_LEVEL : 1
EDGE_WEIGHT_TYPE : EXPLICIT
EDGE_WEIGHT_FORMAT : FULL_MATRIX
EDGE_WEIGHT_SECTION
999999999 100095 370743 187591 458300 573487 524011 802755 589509 852450 758721 317893 583208 499580 469373 186962 757782 436574 139033 713771 750933 142644 241372 606317 349882 540318 783719 383561 317929 602332 323144 280779 674747 644497 564852 215437 313035 542452 288587 273673 362019 270366 58585 242709 375534 551466 281860 172297 784055 423198 157191 814572 315813 732127 436436 614302 436633 557852 332681 313996 328128 695193 334840 215054 808590 579550 581311 447630 452759 138941 341168 119139 94811 681111 679146 201969 381935 344516 728630 742980 198436 623769 163349 237407 140914 388045 734448 389440 714947 205552 409944 273620 452753 361642 419212 181579 725284 728469 381078 563017
100095 999999999 464635 124887 535256 673513 579609 868067 646712 945996 853770 412795 653460 588921 529323 87273 838678 490204 237493 780911 789685 221538 295356 695383 449299 528337 829681 283895 401147 701378 422748 362185 772616 702241 648973 262525 413104 628330 191017 283185 376473 326209 75671 342430 394264 629729 335675 185070 789244 505135 249239 897850 407003 763070 463718 696841 410500 656428 431647 410510 253269 768435 240526 132916 902590 675969 650498 547723 504650 235040 383509 102071 163697 720446 773152 295922 475074 348495 794288 784484 269839 644116 189883 149675 238006 474006 727283 482725 799034 291309 502224 280415 491036 449570 475029 226223 812531 764350 478574 652811
370743 464635 999999999 553991 172633 285185 324662 511726 363908 481771 389241 53697 298295 399295 270548 544659 412427 284178 271670 423719 572722 250874 441367 241499 189850 596253 571937 744770 353958 347218 109132 136665 315875 404810 218796 447768 138420 456879 632192 387436 402772 246716 393178 196215 394597 515344 459865 369950 730198 121917 215397 460417 297940 588059 393187 270640 566745 323037 200949 242579 610976 381983 704504 585546 438089 377506 301818 181443 300025 287645 299713 476107 308216 512449 308619 168993 14000 427161 443083 554894 225394 542974 461822 608144 280482 363679 733350 301128 361074 323260 42892 394390 358708 60204 266407 302690 362637 565351 54173 197356
187591 124887 553991 999999999 645244 726812 700775 985836 767502 1034110 938482 500466 768244 597742 648825 132622 945371 611704 294890 897641 914353 328714 265019 792251 499586 644413 953528 249301 405274 743206 492984 468194 848492 822946 752311 229081 477157 627767 215850 407454 500741 446120 193331 399718 518861 613570 299441 309951 909992 610775 343849 1002034 428340 887943 588598 801873 521532 695876 479323 447624 328015 881430 174398 49204 989762 704549 765904 605924 626679 284907 507103 81078 275025 845028 860693 386926 565849 471380 911801 908901 382307 768352 152432 76110 290447 479446 843876 506006 902337 310884 594435 404395 615467 548595 595805 347965 911851 889169 558361 748650
458300 535256 172633 645244 999999999 416200 159823 355529 191668 458466 388930 204112 133512 569969 116441 601330 304487 152252 400409 265341 401497 316594 588044 198207 362440 493761 399353 793878 520565 487088 279713 178181 364910 232537 128661 587706 308317 627326 669780 358114 331808 227232 459588 352769 315444 687574 612298 387647 579094 51047 308246 366323 466633 421252 283332 167503 500665 473248 372836 412468 612433 237803 771544 666687 422164 532895 134863 340015 161817 418638 228839 575680 372225 343635 307484 275285 161058 369113 283017 383033 265421 394559 584893 684920 411356 535514 598061 473757 270723 472821 145638 365808 233214 126353 142710 322546 294460 396053 222451 170430
573487 673513 285185 726812 416200 999999999 575100 659728 593608 405718 310145 309292 499361 260340 531268 760418 492839 557075 437984 588939 800752 497095 518020 322303 227340 880886 780441 955391 368216 74026 258932 417138 193968 617944 368713 542457 261994 301701 860139 665925 687729 529090 615294 331596 679781 379653 513358 630622 995277 377054 447629 505330 319073 830825 675333 401519 849967 85628 247504 283071 867110 528123 897004 769220 364460 146027 506788 126913 570699 444375 584851 646180 545250 751229 278295 403904 287032 710652 609345 779412 491565 810138 593045 795515 439805 320057 1009615 254691 433118 422791 283829 672426 635991 342933 541602 568498 402027 801558 236940 301066
524011 579609 324662 700775 159823 575100 999999999 295873 67424 551307 502651 344217 128733 723885 59563 628298 338832 89516 504451 217186 251906 385376 697994 316536 511092 377241 266072 803565 654853 646535 425345 275889 504209 122863 241074 690990 452179 781496 674973 335257 270409 254875 507470 482114 248432 838333 727563 403439 421379 205493 397993 406218 604983 263441 185749 249785 420193 633053 518650 553736 587967 232563 798829 711878 523180 692495 119958 498709 76740 523011 202109 642611 429653 188382 429302 379903 314892 314279 225436 236746 327825 240286 672447 725182 516192 679280 449251 622104 332782 589941 303558 342119 128181 269277 105067 353406 372587 241435 377356 304749
802755 868067 511726 985836 355529 659728 295873 999999999 229738 429940 439037 553751 222639 878310 339583 921745 191035 383578 755811 90244 258537 660328 943153 337531 694019 617834 193528 1099399 865528 732647 620279 529529 507250 177475 306150 943235 649661 932541 970836 630929 560989 542091 793942 704114 538398 1002266 966304 697180 526741 402335 660196 229898 808857 323402 468059 262188 693516 738849 708706 752956 881271 134638 1092883 1000967 425803 802190 222970 637356 372445 774093 497621 921776 711062 269934 406832 630159 498050 604996 74125 236575 604472 416442 938460 1015896 766822 869049 604979 801096 240025 827098 473034 637698 415090 478428 395866 642885 284802 284667 550003 364242
589509 646712 363908 767502 191668 593608 67424 229738 999999999 521495 483934 390561 104641 761559 120553 695713 294141 156876 563871 155474 210482 449710 756877 308051 553364 417805 210382 870261 705505 666677 469352 333660 500987 55534 237053 751409 497337 818860 741592 401289 332507 321400 574266 534065 310093 879156 785121 470857 418511 241998 459372 360487 653598 237608 242522 231377 474388 657794 562860 600696 652042 182419 866197 779091 497698 719012 95350 529306 143991 582470 269306 708358 495475 157743 417118 438090 352634 376554 161255 191450 392287 251313 735729 792530 575506 725090 462205 664762 298481 646489 336735 408015 187164 313250 171747 420489 342398 208125 414106 305766
852450 945996 481771 1034110 458466 405718 551307 429940 521495 999999999 100512 534605 423628 666050 546965 1024332 246070 596178 743822 411775 667445 728306 881538 262290 574710 928114 614434 1223787 748843 457151 547936 594382 214166 506667 330434 897903 569836 705389 1106843 815271 788215 678175 873463 647982 770361 783802 887105 831106 924758 463621 696898 200860 692367 723379 726230 303999 954904 488829 596202 642672 1065671 353158 1186164 1067026 45100 541459 432859 471005 598676 757305 687134 954923 786719 650971 173439 650754 470971 826935 425169 643577 691913 771920 928868 1089855 750687 715103 981456 644506 223522 769266 443859 822956 669700 500489 593113 762874 179357 685094 476946 299533
758721 853770 389241 938482 388930 310145 502651 439037 483934 100512 999999999 441097 380571 570055 488713 933741 248106 535075 646592 400393 653282 638645 781306 191548 474307 874221 608684 1133734 648386 366550 449614 508639 116361 479564 266464 798029 470768 611519 1019151 739420 720678 599240 782350 549210 704328 689670 786627 747326 898929 385843 604574 228220 591859 703292 667126 253845 889567 394694 495834 542216 984970 336380 1093251 972573 55986 450064 390031 370531 540101 659617 616646 858781 696667 626722 83695 557879 379326 757228 417138 629442 605602 734670 830280 995903 653109 615453 945837 544593 203992 669516 353538 747046 612554 413659 529254 678851 156285 666520 380239 220781
317893 412795 53697 500466 204112 309292 344217 553751 390561 534605 441097 999999999 335575 385519 286732 493929 463286 290951 218665 464559 595619 202996 392802 294878 168866 582256 600661 694123 316490 364466 82314 109876 363025 435475 268407 397437 108022 443010 583517 356635 383231 221417 342367 150366 377868 495552 413398 328237 735435 153697 163902 512755 263215 605396 386590 320304 541732 334232 174679 210202 568764 426756 652171 532446 490697 383243 337991 192300 308122 234990 285375 422442 259018 532447 361260 116889 66371 402993 483330 579189 184978 548665 408946 555278 227770 335236 730597 278672 413127 275141 95681 363158 359114 77900 271678 262824 415921 585503 74583 250766
583208 653460 298295 768244 133512 499361 128733 222639 104641 423628 380571 335575 999999999 685337 141042 712945 213282 192326 533280 132414 301962 440565 721544 203678 486497 505854 283456 898690 651016 573142 407332 307240 396951 118584 134741 720904 436496 741776 771601 440168 388371 331064 578352 485316 367593 806349 745722 491288 523090 182151 437992 280594 595874 338026 311427 127106 545566 568197 498929 540796 697327 117221 884383 786164 397130 630595 9459 447219 188534 551601 302908 701834 493287 258201 312525 407525 285315 431124 149603 280221 385938 354133 716022 802626 544342 661419 565322 596709 204050 606270 263740 447568 253559 258616 197541 431703 244464 305533 342688 204335
499580 588921 399295 597742 569969 260340 723885 878310 761559 666050 570055 385519 685337 999999999 668827 672884 731119 676414 367654 797561 971382 491050 341777 548496 217312 948158 966525 845564 192568 219109 303425 484241 453699 798825 572681 375302 280957 57652 778311 691587 744790 583561 555144 293113 744769 124821 320021 621418 1120521 520294 439163 753453 184031 987171 766221 616596 882411 178868 216444 202253 826579 743673 771468 646002 624692 141312 690601 241009 693464 362515 659503 525666 516645 911736 530779 414075 409607 753210 817994 952986 515131 934023 446382 673349 362195 118297 1110700 117990 671136 297700 425030 696081 743503 455492 657196 577389 647283 964616 347574 515517
469373 529323 270548 648825 116441 531268 59563 339583 120553 546965 488713 286732 141042 668827 999999999 582293 353317 51567 445355 254890 310868 329187 638816 297970 454588 385699 325299 762986 595712 601235 368426 216384 477100 175160 222316 632255 394749 726478 635044 299995 248355 203126 455945 422851 228209 781849 668155 358037 464554 155513 339562 420278 546293 318845 179364 243140 409739 584990 461398 495535 556705 256604 753567 662096 515105 643164 134657 447949 51741 463932 162914 588355 375664 246033 410889 320502 261705 290601 266484 296148 271806 278869 615271 676541 457073 621274 481652 565218 337061 530418 253250 307301 123846 213355 57603 303543 371775 299035 324079 278569
186962 87273 544659 132622 601330 760418 628298 921745 695713 1024332 933741 493929 712945 672884 582293 999999999 905815 539071 324765 836736 821704 296163 365589 770218 536541 521742 867356 200194 483179 788651 508297 434106 855666 751019 719836 330735 499543 710535 105431 307869 398643 381936 151566 429581 419010 707930 404450 224863 792608 575407 330080 966836 492227 788823 492594 766096 395378 743669 518920 497410 196052 829451 171485 106900 981442 762693 709150 634405 551845 322089 427089 160201 237650 753790 852247 377287 554419 363644 848773 818872 338092 662753 253347 106748 325180 556818 720732 568532 869108 375298 580710 303179 527882 524997 525924 281289 885328 794247 561719 728457
757782 838678 412427 945371 304487 492839 338832 191035 294141 246070 248106 463286 213282 731119 353317 905815 999999999 404865 680732 166497 421568 618246 853312 185205 571928 711524 368794 1097744 751512 563041 512090 477574 323843 268643 195524 860179 540360 781960 972704 649124 601425 529002 763039 607609 580800 855903 869907 690440 681420 334625 602903 67427 692945 478650 523885 144242 758340 576135 589944 637133 906553 113269 1075899 969187 236528 638493 220883 495289 401777 697662 512490 872717 675122 408455 223417 563529 398577 643908 179155 397737 569196 537491 870636 988184 690378 741372 743666 670193 60126 735182 369654 656667 466002 400069 408313 626520 96414 440062 435945 224829
436574 490204 284178 611704 152252 557075 89516 383578 156876 596178 535075 290951 192326 676414 51567 539071 404865 999999999 426350 301547 323637 300103 619712 343639 459730 341848 348383 716274 589002 624935 373217 204623 517109 212366 268833 610493 397556 733939 587934 250468 196814 166455 418372 416140 176816 785416 651098 314219 446202 180831 317592 471843 542643 320868 132242 292937 359267 605219 464184 494520 506375 307077 709816 622395 563366 661290 185665 465137 18137 444720 114437 554724 341905 255225 455782 305217 277434 239044 311698 312102 242689 258967 587888 635669 438175 620394 452556 568479 388203 515690 274182 257642 81142 224364 20188 264054 422129 306868 338348 320882
139033 237493 271670 294890 400409 437984 504451 755811 563871 743822 646592 218665 533280 367654 445355 324765 680732 426350 999999999 665573 749984 146480 193617 513133 212120 613683 770522 517487 200535 463888 198404 230446 553889 615706 485267 188167 182454 414467 427479 344128 416130 277360 189930 106572 422990 433802 225042 259809 829348 355783 110069 731331 184281 743485 467232 536923 529086 419031 194164 175581 460120 635569 460473 333869 699066 440813 533585 313822 444280 18599 359277 214001 153153 681434 570998 126453 284875 412575 682822 737980 193827 653880 190292 359423 11829 262781 796208 253795 631596 96848 314239 347000 466263 282687 406588 229808 634298 732564 266910 468983
713771 780911 423719 897641 265341 588939 217186 90244 155474 411775 400393 464559 132414 797561 254890 836736 166497 301547 665573 999999999 255874 571208 853143 268451 608142 565790 208413 1017551 777676 662682 532635 439471 451513 112921 225414 853037 562001 852662 889364 551433 486999 455652 706378 614860 464762 920750 876596 612837 515173 312501 570184 225313 721443 312154 397995 187421 629289 665122 622162 665739 805140 65105 1008135 913819 398362 728456 132982 556706 292174 683861 415973 832676 622667 243067 353834 539921 410190 530992 20549 231967 515734 378177 848355 929325 676592 783417 580378 716415 196615 737297 385982 558449 342333 388754 312121 556644 244640 273583 463797 288730
750933 789685 572722 914353 401497 800752 251906 258537 210482 667445 653282 595619 301962 971382 310868 821704 421568 323637 749984 255874 999999999 620579 943332 499153 761227 404710 72483 971635 906579 874318 676120 525245 691504 183886 435871 933620 703395 1028787 844893 513836 424505 483026 723881 733681 403264 1087961 974649 604945 268223 451150 641103 475924 856888 67127 329117 416679 508698 867190 769620 805471 731349 317568 984838 916976 653997 928792 294180 739778 305749 768357 410036 866060 656522 69822 598983 627953 561915 463648 242459 23925 563918 191778 907569 925682 761807 930844 351042 872532 451025 838588 546957 518617 299311 519658 343418 570791 499023 33510 623809 505557
142644 221538 250874 328714 316594 497095 385376 660328 449710 728306 638645 202996 440565 491050 329187 296163 618246 300103 146480 571208 620579 999999999 329777 474596 296401 468814 648486 495503 342835 540510 238471 140862 565753 504239 427514 315495 240923 542801 381318 202232 269781 138202 146609 198722 276544 571443 365345 135885 684010 283987 52936 676658 315745 607977 323274 475732 391830 501752 286309 288956 370203 552855 461459 350948 685611 537352 438681 371251 317125 162194 217645 261472 58574 551018 556624 93197 259703 268309 586207 610799 57560 511230 287799 370372 157409 397927 649747 373146 577639 243328 285145 206098 327898 228978 281694 86881 591102 600440 275365 432494
241372 295356 441367 265019 588044 518020 697994 943153 756877 881538 781306 392802 721544 341777 638816 365589 853312 619712 193617 853143 943332 329777 999999999 676150 307470 778665 964059 514033 156068 516441 343675 423217 675469 808155 660123 35974 317315 365833 467475 508623 591140 466572 297615 245733 601328 348565 40852 410674 1011381 540902 302352 898296 198965 935406 652748 711994 677952 468049 285758 240726 548625 818903 434804 314222 836494 463125 722515 415023 637583 175118 547268 205784 313490 874596 714366 318790 455327 579615 871045 931522 382968 840944 114167 340966 181841 225446 969541 269618 800258 118140 483888 509658 656557 465245 600028 402549 796150 925450 420235 632708
606317 695383 241499 792251 198207 322303 316536 337531 308051 262290 191548 294878 203678 548496 297970 770218 185205 343639 513133 268451 499153 474596 676150 999999999 387703 683668 468213 968196 567913 395517 332635 336624 193498 316313 75992 685679 359935 600687 848649 553174 529924 415993 621111 431060 513191 673291 690299 570421 726527 201577 449128 222402 509238 540284 475786 83139 698418 401588 406248 453758 803566 206189 935803 821160 224375 464865 212813 310651 349084 528926 426849 715745 533137 460890 113199 405333 228507 567266 288596 476221 433918 553933 703166 842467 521805 556198 764610 484988 127033 558506 199238 560853 421678 245815 337718 502534 121195 506330 255999 44151
349882 449299 189850 499586 362440 227340 511092 694019 553364 574710 474307 168866 486497 217312 454588 536541 571928 459730 212120 608142 761227 296401 307470 387703 999999999 736281 761778 729345 180642 252699 86552 267642 368155 594637 390623 326436 64102 274568 638268 488674 533444 370519 395827 107510 531738 327289 312656 432066 903232 311582 243603 608454 121983 773433 549700 439987 679636 209506 21824 68339 658125 561101 669730 541888 529753 240966 490536 109344 476965 217400 444040 418874 335241 699464 410168 208772 201960 545748 628020 743902 308907 716833 369175 568220 213114 175301 894348 111400 514704 200444 222937 493968 526191 241834 440346 378580 502914 752507 144387 347121
540318 528337 596253 644413 493761 880886 377241 617834 417805 928114 874221 582256 505854 948158 385699 521742 711524 341848 613683 565790 404710 468814 778665 683668 736281 999999999 472956 619783 811635 943164 656475 473076 858611 452870 607975 755248 672674 1002893 505191 271025 203370 365772 489912 657432 204890 1038006 818044 368386 276456 516033 515866 778187 781821 346277 210704 624940 130740 915970 733017 747823 371257 600217 656561 628348 898628 965292 496920 773458 334768 627699 297303 626967 467411 358169 796517 534563 593855 201176 565259 414989 434364 213052 700287 627129 623873 864400 199466 831126 709823 709841 599130 269353 262102 537955 351479 383879 749749 371242 647385 662646
783719 829681 571937 953528 399353 780441 266072 193528 210382 614434 608684 600661 283456 966525 325299 867356 368794 348383 770522 208413 72483 648486 964059 468213 761778 472956 999999999 1024690 915885 854440 678691 541543 656953 167714 411843 956892 706960 1023393 896913 560533 474693 513469 761128 744359 452640 1085958 993408 646523 336730 450297 663752 418354 863818 139437 377550 385095 571834 851234 772037 810637 788243 273126 1033353 959291 604503 913826 277203 730074 331500 789082 446438 900883 688907 119528 560909 645782 560082 515811 191690 57984 591052 260110 936264 969584 782263 934571 422913 873053 404740 855380 541949 565906 339743 523104 366982 606555 452663 104789 620462 480526
383561 283895 744770 249301 793878 955391 803565 1099399 870261 1223787 1133734 694123 898690 845564 762986 200194 1097744 716274 517487 1017551 971635 495503 514033 968196 729345 619783 1024690 999999999 653013 979368 706605 631585 1055680 924533 915398 478163 696353 876851 128764 469706 550255 569298 351759 623797 572571 862371 547312 407869 895905 771156 530267 1160198 671826 929998 647616 960297 489614 933199 710633 684641 248744 1015876 88832 200267 1181104 947035 894091 830395 726955 512208 601917 320447 437192 906966 1052035 577460 754414 508911 1027965 972299 534539 796402 401698 173194 516259 727390 807873 749466 1063625 553351 780484 463351 691604 723767 705525 471342 1081826 941575 761654 926934
317929 401147 353958 405274 520565 368216 654853 865528 705505 748843 648386 316490 651016 192568 595712 483179 751512 589002 200535 777676 906579 342835 156068 567913 180642 811635 915885 653013 999999999 361385 245267 384452 537579 751701 566461 186681 215891 227376 588501 543695 611350 461327 375713 173089 616042 234718 145443 460050 1015210 469936 297153 789041 58699 909760 652450 616933 729613 313082 161669 114414 645824 734617 579208 453451 704280 307234 653872 277866 607083 189723 542921 333338 353434 840932 588421 289404 367535 611055 797002 891513 381654 834132 254452 480803 191821 74415 989557 114968 694803 112442 392742 546861 642415 394374 568826 428600 683556 893633 317919 526741
602332 701378 347218 743206 487088 74026 646535 732647 666677 457151 366550 364466 573142 219109 601235 788651 563041 624935 463888 662682 874318 540510 516441 395517 252699 943164 854440 979368 361385 999999999 303369 474093 253134 691712 442736 544317 299991 250441 890853 718999 746946 585874 648406 360207 740311 328790 506001 675908 1065716 446179 489102 572051 320307 903625 740034 475268 905992 48400 269734 295733 907974 601563 916088 787792 418524 84422 580499 172779 639122 467520 646074 663889 584577 824165 344671 448201 350762 767448 683061 853080 541369 879925 602220 814666 463887 302136 1077295 246838 503705 433332 350772 725175 702834 406530 608807 616705 470624 874736 295870 375045
323144 422748 109132 492984 279713 258932 425345 620279 469352 547936 449614 82314 407332 303425 368426 508297 512090 373217 198404 532635 676120 238471 343675 332635 86552 656475 678691 706605 245267 303369 999999999 184379 355534 512243 322685 354763 29382 360845 605074 417772 454876 291471 359737 100606 451585 413480 358034 373051 817187 228666 188709 554964 188845 687243 465617 373847 607072 267369 93553 133468 608224 489506 655497 530517 502958 310516 410705 132780 390424 210399 361605 412274 286545 613716 376413 145441 122476 470488 552084 659189 238676 630603 380943 555366 204095 255883 810185 196810 457604 226518 147557 423648 440403 156480 353878 313367 452476 666774 76638 289453
280779 362185 136665 468194 178181 417138 275889 529529 333660 594382 508639 109876 307240 484241 216384 434106 477574 204623 230446 439471 525245 140862 423217 336624 267642 473076 541543 631585 384452 474093 184379 999999999 447375 385260 286802 418428 203571 540945 512609 250893 273368 112008 286871 211831 268381 586889 451878 239106 638563 143135 130758 535799 339213 525484 282076 334872 432852 444067 268116 293353 478894 415900 601492 491738 552830 492236 306559 302159 222732 249039 177244 397597 198555 458191 425364 104434 140277 293692 455814 511702 97557 453794 408949 511222 242009 418470 626709 371306 436852 314058 159280 257794 261628 95148 184437 170696 451303 510496 180217 295757
674747 772616 315875 848492 364910 193968 504209 507250 500987 214166 116361 363025 396951 453699 477100 855666 323843 517109 553889 451513 691504 565753 675469 193498 368155 858611 656953 1055680 537579 253134 355534 447375 999999999 509436 264819 694344 373140 495579 946535 691836 687324 549044 704354 451930 673709 573611 678258 685042 919125 346770 525948 322829 482225 733733 648019 274911 856871 278902 389948 434917 925803 386642 1009170 885405 171421 335611 405993 260987 525787 565310 580910 767808 622035 654385 100716 478672 308893 719673 470610 668328 540637 743869 731894 909837 559223 501300 953457 431122 268098 566964 288132 699227 597869 353657 507210 617171 227757 699549 294066 199600
644497 702241 404810 822946 232537 617944 122863 177475 55534 506667 479564 435475 118584 798825 175160 751019 268643 212366 615706 112921 183886 504239 808155 316313 594637 452870 167714 924533 751701 691712 512243 385260 509436 999999999 251989 803608 540780 855725 795807 455122 383535 376828 629738 581563 360932 918299 835563 526186 419921 283582 512441 332314 698609 225036 290862 234699 518987 686277 605353 644811 703938 155578 921369 834625 487119 748462 111312 562855 199182 634299 324324 763431 550623 147205 419481 489512 392760 427531 113805 161784 446923 268933 789560 848035 627263 768048 475651 705798 283709 696501 374264 461724 237627 357621 227252 476019 330323 190122 452851 321671
564852 648973 218796 752311 128661 368713 241074 306150 237053 330434 266464 268407 134741 572681 222316 719836 195524 268833 485267 225414 435871 427514 660123 75992 390623 607975 411843 915398 566461 442736 322685 286802 264819 251989 999999999 665788 351704 627467 793170 486732 458015 353702 573667 414950 440558 696334 678413 512130 654474 144433 408846 249724 508609 472675 400727 51914 625551 441650 406642 452439 740382 171736 888151 777904 295434 504787 143270 331683 273640 502275 356791 678502 485356 392775 189191 368473 204817 496503 245940 413679 381745 479554 675115 797835 494982 564723 689821 495816 150200 542040 176593 494427 346130 204915 263932 445445 167273 440247 248548 69703
215437 262525 447768 229081 587706 542457 690990 943235 751409 897903 798029 397437 720904 375302 632255 330735 860179 610493 188167 853037 933620 315495 35974 685679 326436 755248 956892 478163 186681 544317 354763 418428 694344 803608 665788 999999999 329848 400856 432077 486519 571279 453478 269887 254807 582503 384528 73762 386863 992797 541907 293196 907132 224612 923255 636643 717698 651573 495933 304612 261625 515602 821209 399321 278280 852807 493756 721405 435245 628164 169647 532954 170648 293611 864465 728997 314619 461602 557606 870502 922594 370548 825143 78382 305059 176820 258074 947915 298066 808372 128838 490594 487121 643378 467240 591099 383725 806342 914699 430712 641882
313035 413104 138420 477157 308317 261994 452179 649661 497337 569836 470768 108022 436496 280957 394749 499543 540360 397556 182454 562001 703395 240923 317315 359935 64102 672674 706960 696353 215891 299991 29382 203571 373140 540780 351704 329848 999999999 337976 598345 427917 470078 306918 353327 78847 467999 387981 330366 376693 839927 257286 189150 582337 159521 713354 485643 402740 618395 260865 66760 104342 608178 518835 642384 516236 524767 299228 439789 135223 414986 192616 379958 396143 284943 640451 399498 149874 151824 483405 581436 686730 247974 653796 359741 541609 186799 227764 830279 170999 485437 201112 176894 433458 462739 184128 377980 320035 479207 693508 104426 317073
542452 628330 456879 627767 627326 301701 781496 932541 818860 705389 611519 443010 741776 57652 726478 710535 781960 733939 414467 852662 1028787 542801 365833 600687 274568 1002893 1023393 876851 227376 250441 360845 540945 495579 855725 627467 400856 337976 999999999 815826 744226 799551 639026 599167 346247 800036 78475 338941 671217 1177786 577759 491512 801848 230303 1044801 822759 670504 934601 216848 272869 255376 870471 797954 799953 676622 665236 166770 747165 296003 751020 407749 715648 559042 565571 969301 577139 468381 467115 806879 873136 1010303 569118 991390 475384 703818 408102 154571 1167076 171774 721864 337746 482218 748511 800678 513144 714685 629488 696268 1022166 405002 568950
288587 191017 632192 215850 669780 860139 674973 970836 741592 1106843 1019151 583517 771601 778311 635044 105431 972704 587934 427479 889364 844893 381318 467475 848649 638268 505191 896913 128764 588501 890853 605074 512609 946535 795807 793170 432077 598345 815826 999999999 340943 422249 443708 245349 530879 444442 812101 505413 282294 781460 649528 421371 1035898 597452 804852 519540 836874 374493 846434 621259 601402 138709 888822 151892 173373 1064905 866934 766804 733555 598412 425858 473521 261802 324501 779613 936563 468499 640893 381462 899573 845002 415055 672547 353881 156130 428595 662210 698889 673544 940250 480704 665734 334599 562944 606432 577510 347766 960179 815240 653917 808317
273673 283185 387436 407454 358114 665925 335257 630929 401289 815271 739420 356635 440168 691587 299995 307869 649124 250468 344128 551433 513836 202232 508623 553174 488674 271025 560533 469706 543695 718999 417772 250893 691836 455122 486732 486519 427917 744226 340943 999999999 93300 142850 229066 398475 111930 773622 547636 102591 511546 353589 252721 714901 517968 482302 184731 523222 191220 684994 481653 489364 257461 556531 472870 404943 777314 727033 434324 546243 259293 357481 137263 372610 196401 446027 655949 280155 390154 71087 560592 511204 179954 360947 436446 412281 353961 600150 461400 573606 624696 439617 405790 7695 222740 339487 242734 115432 652006 486526 429882 518921
362019 376473 402772 500741 331808 687729 270409 560989 332507 788215 720678 383231 388371 744790 248355 398643 601425 196814 416130 486999 424505 269781 591140 529924 533444 203370 474693 550255 611350 746946 454876 273368 687324 383535 458015 571279 470078 799551 422249 93300 999999999 163416 320667 454340 22713 835517 629082 194287 422182 340731 314405 668521 579505 390234 97372 487327 169711 717433 529793 544571 320697 500879 560334 497510 753294 764832 381237 575454 199998 431281 106523 464832 277836 357959 638762 331289 402235 44049 493754 423367 231550 267648 525361 504007 426853 662069 380245 627779 584557 512936 411756 96552 145910 347259 196130 188875 617049 396162 451533 500992
270366 326209 246716 446120 227232 529090 254875 542091 321400 678175 599240 221417 331064 583561 203126 381936 529002 166455 277360 455652 483026 138202 466572 415993 370519 365772 513469 569298 461327 585874 291471 112008 549044 376828 353702 453478 306918 639026 443708 142850 163416 999999999 252974 296613 161340 678564 500946 161517 554379 214583 167919 592479 424139 469818 191373 394734 320878 555023 367677 385323 387594 447800 553408 459023 638996 601589 327213 413619 182414 294733 82190 388286 175590 413337 515582 173501 248480 181693 468488 473901 83752 376603 424552 473833 288990 506188 530435 467426 497896 372443 263115 150199 190037 196807 149812 101006 520811 462393 292150 379679
58585 75671 393178 193331 459588 615294 507470 793942 574266 873463 782350 342367 578352 555144 455945 151566 763039 418372 189930 706378 723881 146609 297615 621111 395827 489912 761128 351759 375713 648406 359737 286871 704354 629738 573667 269887 353327 599167 245349 229066 320667 252974 999999999 288391 336308 609645 338343 126558 740500 429679 178549 822355 371121 700625 401962 621335 381954 605123 380016 365385 271477 693050 314853 207834 830376 630026 575534 488542 433384 192802 314843 144487 88325 654270 701075 225788 403081 298529 720041 717559 194179 586559 210390 225333 193717 445031 686169 443223 723653 263271 429643 227868 424572 375362 402537 154798 737682 699710 410585 578832
242709 342430 196215 399718 352769 331596 482114 704114 534065 647982 549210 150366 485316 293113 422851 429581 607609 416140 106572 614860 733681 198722 245733 431060 107510 657432 744359 623797 173089 360207 100606 211831 451930 581563 414950 254807 78847 346247 530879 398475 454340 296613 288391 999999999 456075 382011 263744 332007 846871 303167 146303 652891 128360 736778 485553 466738 589365 316747 92059 90944 552441 576719 566876 439902 602949 344377 487383 207281 434195 114812 376383 318640 231128 667867 476885 123401 210212 460637 633544 718849 223139 663907 281089 465682 109452 209732 827038 175139 554602 127667 238437 402997 471719 226714 395981 284515 551578 720551 175948 387394
375534 394264 394597 518861 315444 679781 248432 538398 310093 770361 704328 377868 367593 744769 228209 419010 580800 176816 422990 464762 403264 276544 601328 513191 531738 204890 452640 572571 616042 740311 451585 268381 673709 360932 440558 582503 467999 800036 444442 111930 22713 161340 336308 456075 999999999 837921 638746 210595 410300 326946 318915 647992 582370 370398 75109 468590 185242 711963 529009 545697 343394 479441 581722 516867 735984 760605 360312 569620 179064 438666 95254 480749 288925 336315 622844 332693 393321 66600 471348 401697 234685 250415 538797 523955 433952 664818 373683 628325 564977 519824 401410 115989 123308 337853 177412 198879 598187 375310 444490 485319
551466 629729 515344 613570 687574 379653 838333 1002266 879156 783802 689670 495552 806349 124821 781849 707930 855903 785416 433802 920750 1087961 571443 348565 673291 327289 1038006 1085958 862371 234718 328790 413480 586889 573611 918299 696334 384528 387981 78475 812101 773622 835517 678564 609645 382011 837921 999999999 315557 693590 1225449 637187 522419 877603 256212 1100691 866340 740851 961739 295117 321265 294110 878351 867638 781690 662773 743530 244861 811279 364976 802915 424051 757691 551128 586946 1026683 653870 505382 526531 839078 941127 1070238 603969 1040339 462197 689449 425740 173669 1208904 216982 795903 346741 544046 777276 848414 569055 765741 658192 771627 1079713 465526 640035
281860 335675 459865 299441 612298 513358 727563 966304 785121 887105 786627 413398 745722 320021 668155 404450 869907 651098 225042 876596 974649 365345 40852 690299 312656 818044 993408 547312 145443 506001 358034 451878 678258 835563 678413 73762 330366 338941 505413 547636 629082 500946 338343 263744 638746 315557 999999999 450404 1048408 564104 334930 912701 196465 968479 688618 730101 718302 457845 291442 244476 588907 840149 466134 348539 842216 447607 747112 417291 669080 206948 582219 244302 351904 906285 722480 347660 473865 618530 894869 962264 417198 876460 151538 374845 213220 207589 1008108 260312 815633 139507 501821 548841 690613 487879 631243 440263 809254 957542 434562 647385
172297 185070 369950 309951 387647 630622 403439 697180 470857 831106 747326 328237 491288 621418 358037 224863 690440 314219 259809 612837 604945 135885 410674 570421 432066 368386 646523 407869 460050 675908 373051 239106 685042 526186 512130 386863 376693 671217 282294 102591 194287 161517 126558 332007 210595 693590 450404 999999999 614134 369562 188478 753626 441428 578091 278729 554944 270984 637556 421353 420656 241036 608365 395715 312779 790379 673028 486968 505663 327032 270546 202640 270545 106660 535887 663853 227740 376195 172708 624451 600225 144557 461007 334310 323578 268228 521860 562192 504195 658286 351440 397710 101780 307014 334243 301318 68479 679377 579350 402622 531584
784055 789244 730198 909992 579094 995277 421379 526741 418511 924758 898929 735435 523090 1120521 464554 792608 681420 446202 829348 515173 268223 684010 1011381 726527 903232 276456 336730 895905 1015210 1065716 817187 638563 919125 419921 654474 992797 839927 1177786 781460 511546 422182 554379 740500 846871 410300 1225449 1048408 614134 999999999 619962 721568 739582 975231 204427 363006 649133 407172 1049175 905806 931677 647602 571603 932573 898188 906817 1106517 513845 910570 430174 845854 472412 883206 699199 273834 835190 725984 722951 442224 504685 290355 636353 187241 947336 898980 840675 1056009 109022 1009597 703027 925627 717146 512641 377258 670540 464617 609154 750047 243528 784363 721917
423198 505135 121917 610775 51047 377054 205493 402335 241998 463621 385843 153697 182151 520294 155513 575407 334625 180831 355783 312501 451150 283987 540902 201577 311582 516033 450297 771156 469936 446179 228666 143135 346770 283582 144433 541907 257286 577759 649528 353589 340731 214583 429679 303167 326946 637187 564104 369562 619962 999999999 269267 392724 415745 468607 305816 191750 510403 429489 321812 361470 602057 279794 743905 634866 424481 487926 184334 293351 193788 373741 234529 538775 341441 391920 302444 232684 110771 374313 330804 433092 237315 433785 542663 654313 366421 484475 632872 422942 294031 424799 98183 361222 261131 76470 166832 302162 310756 444631 172777 165411
157191 249239 215397 343849 308246 447629 397993 660196 459372 696898 604574 163902 437992 439163 339562 330080 602903 317592 110069 570184 641103 52936 302352 449128 243603 515866 663752 530267 297153 489102 188709 130758 525948 512441 408846 293196 189150 491512 421371 252721 314405 167919 178549 146303 318915 522419 334930 188478 721568 269267 999999999 658488 266235 633555 358766 458925 443267 449700 233373 236922 419703 546030 489270 372103 653393 484569 437238 321177 335385 127985 250068 269816 98344 572267 523940 47276 225926 316716 586404 629640 85262 544493 278476 393850 121840 348750 692524 321182 558676 204526 253412 257022 356240 204746 298057 138243 568186 623108 232588 405866
814572 897850 460417 1002034 366323 505330 406218 229898 360487 200860 228220 512755 280594 753453 420278 966836 67427 471843 731331 225313 475924 676658 898296 222402 608454 778187 418354 1160198 789041 572051 554964 535799 322829 332314 249724 907132 582337 801848 1035898 714901 668521 592479 822355 652891 647992 877603 912701 753626 739582 392724 658488 999999999 730345 535640 591313 201023 825765 590427 627547 675239 972206 178419 1136217 1027378 202391 651206 288266 523876 469018 747743 578606 927994 734153 468355 227428 617510 446876 710872 234900 452385 629232 601134 921617 1047020 740526 773359 805467 701505 99981 780484 417559 722475 533429 454123 474870 688869 106795 496688 478328 265591
315813 407003 297940 428340 466633 319073 604983 808857 653598 692367 591859 263215 595874 184031 546293 492227 692945 542643 184281 721443 856888 315745 198965 509238 121983 781821 863818 671826 58699 320307 188845 339213 482225 698609 508609 224612 159521 230303 597452 517968 579505 424139 371121 128360 582370 256212 196465 441428 975231 415745 266235 730345 999999999 862578 613752 558874 707060 272024 103020 56171 642548 677388 602627 474917 647658 276208 599024 221540 560600 178506 504458 351742 335447 792183 530616 250641 311321 582937 740921 841177 348011 792126 282870 502200 178344 82582 954461 77738 636147 118486 335830 521815 599890 340998 522556 402610 624888 845084 260103 468147
732127 763070 588059 887943 421252 830825 263441 323402 237608 723379 703292 605396 338026 987171 318845 788823 478650 320868 743485 312154 67127 607977 935406 540284 773433 346277 139437 929998 909760 903625 687243 525484 733733 225036 472675 923255 713354 1044801 804852 482302 390234 469818 700625 736778 370398 1100691 968479 578091 204427 468607 633555 535640 862578 999999999 299363 459460 456936 893206 780067 813136 686170 370784 948172 887240 707522 953648 329405 761234 302753 761532 392013 844421 638938 79996 644516 625282 578330 426338 300808 87029 552819 136619 891948 894216 755294 939064 283992 884006 503639 835079 566368 486339 280434 531995 341056 550610 551271 39101 640786 542073
436436 463718 393187 588598 283332 675333 185749 468059 242522 726230 667126 386590 311427 766221 179364 492594 523885 132242 467232 397995 329117 323274 652748 475786 549700 210704 377550 647616 652450 740034 465617 282076 648019 290862 400727 636643 485643 822759 519540 184731 97372 191373 401962 485553 75109 866340 688618 278729 363006 305816 358766 591313 613752 299363 999999999 422276 234527 715884 549899 572251 416388 418259 656433 588811 694437 768389 303336 573566 127623 484098 109535 546196 345538 261604 588022 363598 389281 139854 403084 326924 273674 188521 598494 596839 478691 695221 344659 652353 513662 563112 391888 189518 57895 333521 140814 255415 550217 301923 446047 452898
614302 696841 270640 801873 167503 401519 249785 262188 231377 303999 253845 320304 127106 616596 243140 766096 144242 292937 536923 187421 416679 475732 711994 83139 439987 624940 385095 960297 616933 475268 373847 334872 274911 234699 51914 717698 402740 670504 836874 523222 487327 394734 621335 466738 468590 740851 730101 554944 649133 191750 458925 201023 558874 459460 422276 999999999 652178 478259 456529 502719 779000 127956 935252 826568 273753 541632 136546 375898 294794 554000 389871 728727 533145 380587 186075 419294 256671 527511 207830 393602 428293 481151 726637 846062 546701 613266 692342 543667 103379 593898 228319 530893 365708 255829 291255 489262 129777 424808 299101 102204
